33
Ano,Mes,1,2,3,4,5,6,7,8,9,10,11,12,13,14,15,16,17,18,19,20,21,22,23,24,25,26,27,28,29,30,31
1970;05; 0; 0; 0; 13; 0; 0; 19; 24; 0; 0; 0; 0; 0; 0; 0; 0; 0; 0; 0; 0; 39; 21; 10; 0; 0; 0; 0; 0; 0; 0; 0
1970;06; 0; 0; 0; 0; 0; 0; 0; 0; 0; 0; 0; 0; 0; 0; 0; 0; 0; 0; 0; 0; 0; 0; 7; 112; 1; 0; 2; 80; 167; 0; 9999
1970;07; 0; 0; 0; 0; 0; 0; 0; 0; 0; 27; 0; 20; 100; 0; 0; 0; 0; 0; 0; 0; 0; 0; 0; 0; 0; 0; 0; 0; 0; 0; 0
1970;08; 0; 0; 0; 0; 0; 0; 0; 0; 0; 0; 0; 0; 0; 0; 0; 0; 0; 0; 0; 0; 0; 0; 0; 0; 0; 0; 4; 0; 15; 15; 22
1970;09; 0; 0; 2; 0; 0; 0; 0; 262; 0; 0; 7; 0; 0; 108; 44; 0; 0; 49; 0; 0; 16; 61; 0; 0; 0; 0; 0; 0; 63; 0; 9999
1970;10; 0; 0; 232; 109; 0; 0; 0; 0; 0; 0; 0; 0; 0; 0; 62; 0; 0; 0; 0; 0; 70; 86; 0; 0; 0; 0; 0; 90; 0; 0; 0
1970;11; 0; 0; 0; 0; 0; 0; 341; 72; 0; 0; 0; 0; 0; 71; 0; 0; 0; 0; 0; 0; 0; 0; 0; 0; 0; 0; 16; 318; 35; 0; 9999
1970;12; 348; 77; 0; 0; 0; 0; 0; 0; 5; 0; 284; 192; 204; 100; 29; 0; 0; 33; 0; 0; 54; 24; 20; 0; 20; 0; 0; 0; 0; 300; 9
1971;01; 0; 0; 230; 162; 20; 227; 108; 0; 125; 149; 11; 0; 210; 33; 456; 0; 0; 0; 0; 22; 45; 0; 0; 0; 0; 0; 0; 0; 42; 0; 92
1971;02; 0; 0; 0; 0; 0; 0; 97; 0; 0; 63; 390; 20; 0; 90; 140; 126; 107; 0; 0; 71; 0; 0; 0; 51; 16; 0; 76; 280; 9999; 9999; 9999
1971;03; 0; 72; 227; 0; 129; 343; 9; 0; 0; 0; 0; 148; 114; 0; 0; 0; 0; 0; 62; 0; 19; 0; 337; 0; 0; 0; 0; 19; 31; 0; 0
1971;04; 0; 0; 0; 0; 0; 0; 0; 0; 16; 0; 0; 0; 0; 91; 0; 0; 370; 0; 0; 0; 551; 37; 68; 0; 0; 0; 0; 0; 0; 0; 9999
1971;05; 0; 0; 448; 0; 46; 20; 0; 0; 34; 0; 0; 0; 0; 0; 0; 0; 0; 0; 0; 0; 0; 0; 0; 0; 63; 100; 13; 0; 0; 0; 0
1971;06; 0; 0; 0; 0; 0; 0; 0; 0; 0; 13; 0; 98; 400; 15; 0; 73; 0; 0; 400; 0; 0; 0; 0; 0; 0; 0; 0; 0; 0; 0; 9999
1971;07; 0; 0; 0; 0; 163; 0; 0; 0; 0; 0; 0; 0; 0; 0; 0; 0; 0; 0; 0; 0; 0; 0; 0; 0; 0; 0; 0; 0; 0; 170; 0
1971;08; 0; 0; 0; 0; 0; 0; 0; 0; 0; 0; 0; 0; 0; 0; 0; 0; 0; 0; 0; 0; 0; 0; 0; 0; 0; 0; 0; 0; 0; 0; 0
1971;09; 0; 0; 0; 0; 36; 0; 12; 130; 0; 0; 0; 183; 0; 0; 0; 0; 0; 0; 0; 0; 0; 0; 0; 0; 7; 240; 0; 0; 24; 25; 9999
1971;10; 66; 0; 11; 0; 0; 0; 51; 211; 0; 0; 0; 0; 6; 0; 0; 0; 13; 0; 0; 0; 0; 0; 0; 11; 0; 0; 0; 0; 0; 0; 0
1971;11; 661; 714; 0; 5; 0; 0; 0; 0; 16; 51; 0; 338; 3; 0; 0; 0; 36; 0; 246; 0; 0; 0; 0; 0; 7; 0; 0; 119; 119; 0; 9999
1971;12; 116; 12; 32; 672; 12; 0; 0; 100; 176; 313; 92; 46; 78; 169; 176; 0; 0; 161; 0; 243; 0; 0; 0; 96; 0; 398; 517; 30; 36; 74; 12
1972;01; 0; 0; 14; 0; 0; 3; 44; 0; 0; 52; 0; 15; 0; 9; 144; 7; 46; 0; 0; 6; 0; 0; 446; 465; 163; 374; 116; 14; 172; 458; 0
1972;02; 224; 0; 58; 296; 434; 0; 249; 31; 160; 40; 126; 24; 249; 102; 95; 0; 290; 147; 55; 90; 84; 212; 0; 0; 6; 76; 0; 83; 0; 9999; 9999
1972;03; 0; 0; 0; 0; 22; 103; 0; 0; 35; 51; 0; 43; 0; 0; 0; 0; 0; 11; 265; 79; 32; 8; 0; 0; 0; 2; 0; 0; 0; 0; 0
1972;04; 0; 0; 0; 89; 0; 0; 0; 0; 0; 0; 0; 0; 0; 0; 131; 0; 0; 0; 0; 0; 0; 0; 0; 0; 0; 0; 6; 25; 0; 0; 9999
1972;05; 0; 0; 0; 0; 0; 0; 0; 0; 0; 0; 0; 0; 0; 0; 0; 0; 0; 0; 0; 0; 0; 0; 244; 247; 295; 0; 0; 0; 0; 0; 0
1972;06; 0; 0; 0; 0; 0; 0; 0; 0; 0; 0; 0; 0; 0; 0; 0; 0; 0; 0; 0; 0; 0; 0; 0; 0; 0; 0; 0; 0; 0; 0; 9999
1972;07; 0; 0; 0; 0; 0; 0; 0; 211; 0; 126; 47; 0; 177; 0; 30; 152; 147; 0; 0; 0; 0; 0; 0; 0; 0; 0; 38; 0; 0; 0; 0
1972;08; 0; 0; 0; 0; 83; 0; 0; 0; 0; 0; 0; 0; 24; 0; 0; 0; 0; 0; 0; 0; 0; 0; 0; 0; 0; 0; 0; 0; 0; 64; 0
1972;09; 0; 0; 0; 0; 104; 0; 0; 0; 0; 0; 143; 83; 41; 49; 0; 0; 0; 0; 0; 0; 0; 0; 0; 214; 124; 0; 0; 0; 122; 98; 9999
1972;10; 431; 195; 315; 87; 212; 2; 0; 0; 0; 272; 379; 0; 0; 0; 57; 0; 0; 0; 0; 0; 0; 0; 0; 0; 0; 0; 0; 0; 0; 58; 34
1972;11; 0; 283; 0; 0; 294; 0; 144; 46; 340; 96; 0; 0; 81; 156; 0; 132; 0; 0; 0; 0; 23; 64; 0; 0; 160; 86; 84; 0; 0; 0; 9999
1972;12; 303; 0; 8; 0; 0; 0; 0; 0; 134; 0; 0; 22; 144; 0; 0; 0; 0; 0; 0; 0; 0; 203; 249; 219; 31; 456; 9; 0; 0; 39; 91
1973;01; 172; 24; 0; 0; 0; 0; 0; 0; 1; 1; 0; 83; 0; 61; 6; 10; 304; 3; 2; 8; 69; 4; 543; 100; 0; 43; 28; 2; 0; 2; 34
1973;02; 0; 90; 0; 0; 649; 392; 0; 0; 0; 0; 0; 0; 6; 361; 41; 138; 41; 66; 17; 0; 64; 0; 0; 0; 0; 0; 0; 0; 9999; 9999; 9999
1973;03; 215; 0; 0; 0; 0; 15; 0; 27; 11; 57; 78; 0; 0; 0; 0; 0; 0; 0; 17; 0; 0; 16; 114; 0; 0; 52; 0; 0; 0; 244; 53
1973;04; 88; 156; 1; 0; 1; 0; 0; 2; 57; 3; 0; 338; 44; 0; 1; 1; 0; 21; 83; 0; 15; 2; 0; 0; 2; 0; 0; 1; 0; 2; 9999
1973;05; 0; 0; 539; 0; 0; 0; 0; 0; 0; 38; 0; 0; 0; 0; 0; 0; 0; 0; 0; 6; 0; 372; 0; 0; 485; 0; 0; 0; 0; 0; 0
1973;06; 0; 0; 0; 0; 0; 0; 0; 0; 0; 0; 0; 0; 0; 0; 0; 0; 0; 51; 0; 0; 0; 0; 0; 0; 0; 3; 82; 0; 9; 0; 9999
1973;07; 0; 0; 54; 0; 0; 0; 0; 0; 0; 0; 0; 0; 0; 0; 0; 0; 0; 0; 0; 6; 0; 25; 0; 0; 0; 0; 6; 49; 0; 0; 0
1973;08; 0; 0; 0; 0; 0; 0; 0; 0; 0; 0; 0; 0; 0; 0; 0; 0; 0; 0; 0; 0; 0; 0; 0; 0; 0; 0; 0; 24; 0; 0; 0
1973;09; 0; 0; 0; 0; 0; 0; 0; 0; 0; 0; 0; 0; 0; 0; 0; 0; 0; 0; 0; 0; 0; 0; 0; 0; 0; 188; 0; 0; 0; 0; 9999
1973;10; 0; 0; 0; 0; 0; 0; 397; 0; 79; 0; 36; 106; 89; 0; 0; 0; 0; 0; 152; 0; 0; 0; 0; 15; 149; 0; 10; 0; 0; 0; 0
1973;11; 47; 145; 0; 0; 0; 0; 0; 0; 0; 0; 0; 76; 269; 0; 0; 0; 18; 102; 45; 0; 0; 0; 0; 152; 5; 0; 0; 67; 0; 0; 9999
1973;12; 0; 0; 15; 56; 0; 38; 442; 9; 0; 0; 0; 692; 1353; 70; 0; 73; 15; 52; 0; 0; 144; 4; 8; 222; 38; 154; 8; 51; 0; 51; 82
1974;01; 52; 600; 68; 124; 4; 0; 25; 89; 116; 0; 83; 5; 38; 92; 6; 124; 390; 0; 24; 0; 193; 61; 59; 16; 63; 0; 34; 0; 31; 0; 6
1974;02; 270; 75; 143; 0; 3; 0; 0; 0; 0; 0; 0; 0; 0; 235; 25; 0; 0; 0; 0; 0; 0; 0; 63; 22; 0; 165; 0; 0; 9999; 9999; 9999
1974;03; 0; 0; 15; 0; 165; 63; 360; 112; 217; 140; 97; 65; 4; 0; 96; 42; 318; 630; 672; 120; 19; 17; 15; 257; 0; 0; 0; 0; 0; 0; 0
1974;04; 0; 190; 0; 84; 0; 0; 0; 128; 198; 7; 0; 30; 39; 62; 7; 0; 0; 0; 0; 0; 0; 0; 0; 12; 14; 145; 0; 0; 0; 0; 9999
1974;05; 0; 0; 0; 0; 0; 0; 0; 0; 0; 0; 0; 0; 168; 0; 0; 0; 0; 0; 0; 0; 0; 0; 0; 0; 0; 0; 29; 0; 0; 0; 0
1974;06; 0; 0; 0; 64; 123; 0; 0; 0; 0; 0; 0; 0; 0; 0; 0; 0; 0; 0; 0; 0; 0; 317; 200; 0; 0; 0; 0; 3; 0; 0; 9999
1974;07; 0; 0; 0; 0; 0; 0; 0; 0; 0; 0; 0; 0; 0; 0; 0; 0; 0; 0; 0; 0; 0; 0; 0; 0; 0; 0; 0; 0; 0; 0; 0
1974;08; 0; 0; 0; 0; 0; 0; 0; 0; 0; 0; 0; 0; 21; 0; 14; 0; 0; 0; 0; 0; 0; 0; 0; 0; 0; 0; 0; 0; 0; 0; 0
1974;09; 0; 0; 0; 0; 0; 0; 0; 0; 0; 0; 0; 0; 0; 0; 0; 0; 0; 0; 0; 0; 0; 0; 0; 0; 0; 0; 295; 0; 355; 28; 9999
1974;10; 0; 0; 0; 0; 251; 0; 0; 0; 1; 6; 0; 0; 0; 0; 0; 0; 333; 0; 0; 19; 0; 0; 0; 534; 188; 520; 2; 41; 0; 154; 0
1974;11; 0; 0; 0; 0; 232; 0; 0; 0; 0; 0; 0; 0; 155; 0; 0; 0; 0; 0; 0; 0; 33; 7; 0; 0; 0; 0; 0; 116; 0; 11; 9999
1974;12; 0; 20; 174; 0; 398; 0; 23; 0; 0; 0; 0; 0; 422; 67; 44; 367; 98; 235; 0; 313; 35; 169; 54; 226; 0; 0; 21; 0; 0; 0; 29
1975;01; 467; 0; 0; 0; 0; 0; 18; 0; 0; 0; 17; 5; 0; 0; 0; 0; 0; 0; 0; 282; 0; 0; 17; 5; 12; 121; 0; 0; 37; 0; 0
1975;02; 16; 6; 0; 38; 9; 168; 743; 174; 0; 97; 46; 0; 0; 0; 0; 0; 0; 0; 0; 327; 241; 58; 13; 39; 16; 0; 0; 288; 9999; 9999; 9999
1975;03; 37; 0; 0; 0; 0; 0; 0; 0; 0; 0; 0; 0; 0; 0; 0; 134; 603; 0; 0; 0; 0; 0; 0; 0; 0; 10; 0; 0; 56; 85; 149
1975;04; 24; 47; 76; 0; 0; 0; 0; 0; 513; 7; 363; 0; 0; 0; 0; 0; 0; 0; 0; 0; 0; 0; 0; 0; 0; 0; 0; 0; 0; 0; 9999
1975;05; 75; 0; 0; 0; 0; 0; 0; 0; 0; 0; 0; 0; 0; 0; 0; 0; 0; 0; 0; 0; 0; 0; 0; 0; 0; 0; 0; 0; 0; 0; 0
1975;06; 0; 0; 0; 0; 0; 0; 0; 0; 0; 0; 0; 0; 0; 0; 0; 0; 0; 0; 0; 0; 0; 0; 0; 0; 0; 0; 0; 0; 0; 0; 9999
1975;07; 0; 0; 0; 94; 158; 0; 0; 0; 0; 0; 0; 0; 0; 0; 0; 0; 61; 0; 0; 0; 0; 0; 0; 0; 0; 0; 0; 0; 0; 0; 0
1975;08; 0; 0; 0; 0; 0; 0; 0; 0; 0; 0; 0; 0; 0; 0; 0; 0; 0; 0; 0; 0; 0; 0; 0; 0; 0; 0; 0; 0; 0; 0; 0
1975;09; 0; 0; 0; 0; 0; 0; 0; 0; 0; 0; 0; 0; 0; 0; 0; 0; 0; 0; 0; 0; 0; 0; 0; 0; 0; 0; 0; 0; 0; 17; 9999
1975;10; 0; 0; 64; 0; 0; 0; 0; 0; 23; 0; 0; 47; 0; 0; 4; 0; 83; 114; 267; 19; 0; 0; 0; 0; 0; 8; 0; 0; 0; 0; 200
1975;11; 0; 50; 0; 0; 0; 47; 102; 0; 0; 25; 0; 27; 0; 0; 0; 0; 22; 49; 0; 96; 115; 33; 46; 0; 102; 30; 116; 148; 50; 11; 9999
1975;12; 46; 38; 0; 21; 47; 0; 0; 0; 0; 0; 0; 0; 0; 48; 121; 0; 0; 3; 2; 0; 0; 317; 6; 26; 68; 25; 0; 172; 0; 317; 44
1976;01; 356; 65; 9; 38; 44; 17; 481; 148; 58; 0; 0; 473; 158; 0; 0; 41; 0; 0; 0; 0; 104; 40; 0; 0; 0; 14; 255; 42; 44; 42; 0
1976;02; 95; 104; 437; 132; 0; 305; 355; 105; 486; 0; 0; 0; 0; 0; 104; 10; 22; 13; 12; 265; 0; 0; 41; 439; 0; 13; 18; 30; 4; 9999; 9999
1976;03; 7; 250; 130; 0; 0; 0; 0; 0; 46; 9; 0; 16; 3; 74; 0; 151; 20; 0; 0; 171; 79; 0; 0; 1243; 0; 63; 185; 0; 0; 0; 0
1976;04; 0; 0; 0; 0; 0; 0; 0; 0; 59; 55; 40; 7; 7; 1; 206; 0; 0; 0; 0; 0; 0; 0; 0; 0; 0; 0; 0; 0; 0; 2; 9999
1976;05; 0; 0; 0; 0; 0; 0; 0; 0; 9; 0; 0; 0; 0; 0; 0; 0; 0; 35; 0; 437; 55; 0; 0; 0; 0; 0; 0; 0; 181; 64; 0
1976;06; 3; 0; 0; 0; 0; 49; 5; 0; 0; 0; 0; 0; 0; 0; 0; 0; 0; 0; 0; 0; 0; 0; 0; 0; 0; 0; 0; 0; 2; 0; 9999
1976;07; 0; 0; 14; 1; 0; 0; 0; 0; 0; 177; 1; 0; 0; 0; 35; 0; 0; 0; 0; 0; 0; 0; 0; 0; 0; 0; 0; 0; 0; 0; 0
1976;08; 0; 0; 0; 0; 0; 48; 0; 0; 0; 16; 3; 33; 4; 99; 26; 0; 0; 26; 2; 34; 0; 0; 0; 0; 0; 0; 0; 0; 0; 0; 0
1976;09; 0; 0; 0; 0; 204; 66; 7; 0; 0; 0; 0; 0; 15; 251; 24; 510; 0; 84; 0; 0; 0; 0; 5; 0; 0; 119; 334; 0; 0; 0; 9999
1976;10; 0; 0; 0; 0; 0; 186; 0; 0; 678; 0; 0; 0; 0; 0; 0; 0; 0; 107; 224; 232; 6; 0; 0; 0; 0; 555; 0; 0; 0; 0; 0
1976;11; 0; 115; 0; 8; 102; 244; 0; 0; 0; 0; 0; 0; 188; 0; 0; 110; 57; 0; 238; 0; 198; 0; 0; 0; 0; 52; 471; 0; 0; 0; 9999
1976;12; 46; 33; 0; 0; 0; 390; 0; 22; 0; 19; 40; 179; 204; 19; 48; 64; 197; 0; 321; 0; 89; 0; 59; 288; 0; 0; 0; 467; 0; 0; 4
1977;01; 0; 0; 73; 0; 122; 102; 10; 109; 42; 0; 0; 0; 0; 10; 0; 0; 51; 35; 38; 167; 25; 0; 59; 422; 1; 172; 23; 2; 0; 7; 444
1977;02; 18; 39; 6; 95; 72; 0; 0; 0; 0; 0; 0; 114; 7; 0; 0; 0; 156; 0; 0; 10; 0; 0; 25; 19; 30; 205; 123; 0; 9999; 9999; 9999
1977;03; 0; 0; 89; 0; 49; 0; 132; 32; 12; 0; 0; 36; 0; 196; 7; 0; 0; 35; 8; 0; 0; 6; 198; 2; 0; 0; 0; 0; 268; 0; 136
1977;04; 87; 44; 0; 45; 9; 0; 0; 0; 0; 454; 14; 0; 0; 0; 0; 0; 0; 0; 172; 192; 3; 0; 0; 0; 0; 0; 0; 0; 0; 0; 9999
1977;05; 0; 0; 78; 0; 0; 0; 0; 0; 21; 4; 6; 0; 0; 0; 0; 24; 52; 0; 0; 0; 0; 0; 0; 0; 0; 0; 0; 0; 0; 0; 0
1977;06; 5; 0; 0; 116; 1; 0; 0; 0; 0; 0; 0; 0; 0; 0; 29; 171; 0; 0; 0; 0; 0; 91; 18; 0; 0; 0; 0; 0; 0; 0; 9999
1977;07; 0; 0; 0; 0; 0; 0; 0; 0; 0; 0; 0; 0; 0; 0; 0; 0; 0; 0; 60; 0; 0; 0; 0; 0; 0; 0; 0; 0; 0; 0; 0
1977;08; 0; 0; 0; 0; 0; 0; 0; 0; 0; 0; 0; 0; 0; 0; 0; 0; 0; 0; 0; 0; 0; 0; 0; 0; 0; 0; 0; 0; 0; 72; 65
1977;09; 245; 317; 11; 0; 0; 0; 24; 48; 0; 0; 0; 0; 0; 0; 0; 0; 0; 2; 14; 0; 11; 0; 0; 127; 0; 0; 0; 0; 0; 5; 9999
1977;10; 0; 203; 0; 17; 0; 0; 0; 0; 0; 0; 0; 0; 0; 0; 4; 0; 164; 71; 31; 0; 0; 0; 0; 0; 0; 4; 228; 61; 159; 0; 61
1977;11; 61; 261; 0; 0; 117; 0; 0; 0; 0; 0; 9; 0; 6; 266; 11; 89; 407; 133; 81; 90; 0; 0; 62; 0; 455; 0; 160; 186; 55; 72; 9999
1977;12; 328; 278; 6; 20; 57; 108; 0; 478; 0; 527; 103; 0; 0; 0; 0; 0; 15; 0; 456; 243; 111; 71; 207; 886; 77; 0; 0; 0; 0; 0; 0
1978;01; 0; 97; 45; 516; 22; 70; 6; 16; 16; 166; 143; 150; 46; 212; 177; 13; 131; 35; 0; 0; 0; 277; 0; 19; 0; 0; 0; 0; 0; 0; 0
1978;02; 0; 0; 0; 0; 0; 0; 272; 0; 0; 0; 0; 0; 0; 0; 0; 0; 6; 0; 0; 0; 360; 19; 161; 0; 0; 100; 27; 0; 9999; 9999; 9999
1978;03; 20; 210; 345; 6; 29; 0; 0; 3; 961; 584; 80; 0; 0; 0; 0; 0; 0; 0; 0; 0; 0; 0; 0; 0; 0; 0; 0; 0; 68; 87; 0
1978;04; 112; 0; 656; 18; 0; 0; 0; 0; 0; 0; 0; 0; 0; 0; 0; 0; 0; 0; 0; 0; 0; 0; 25; 0; 0; 0; 0; 0; 0; 0; 9999
1978;05; 0; 0; 0; 0; 0; 0; 0; 0; 0; 0; 0; 0; 0; 0; 0; 0; 391; 25; 56; 0; 60; 321; 136; 0; 0; 4; 6; 118; 12; 206; 10
1978;06; 0; 0; 0; 0; 0; 0; 0; 0; 170; 0; 0; 0; 0; 0; 0; 0; 0; 0; 0; 0; 0; 0; 0; 0; 0; 0; 0; 0; 0; 0; 9999
1978;07; 0; 0; 0; 0; 0; 0; 0; 0; 0; 0; 0; 0; 0; 0; 0; 26; 53; 42; 2; 65; 92; 10; 0; 0; 17; 0; 0; 0; 0; 0; 0
1978;08; 0; 0; 0; 0; 0; 0; 0; 0; 0; 0; 0; 0; 0; 0; 0; 0; 0; 0; 0; 0; 0; 0; 0; 0; 0; 0; 0; 0; 0; 0; 0
1978;09; 0; 0; 88; 0; 0; 11; 132; 144; 0; 0; 0; 0; 0; 0; 110; 0; 32; 0; 0; 0; 0; 0; 0; 0; 0; 0; 0; 0; 0; 0; 9999
1978;10; 0; 0; 0; 0; 0; 0; 0; 0; 0; 0; 65; 0; 0; 0; 0; 0; 0; 0; 370; 0; 0; 0; 0; 0; 0; 0; 87; 89; 36; 0; 0
1978;11; 663; 0; 0; 210; 141; 31; 0; 0; 0; 6; 450; 12; 27; 0; 0; 0; 70; 0; 0; 0; 0; 25; 0; 792; 20; 0; 22; 414; 66; 0; 9999
1978;12; 25; 0; 0; 0; 0; 0; 0; 138; 333; 33; 200; 174; 166; 13; 0; 21; 0; 62; 0; 0; 0; 0; 515; 0; 46; 180; 824; 195; 148; 0; 55
1979;01; 45; 47; 36; 138; 82; 180; 8; 26; 0; 0; 3; 52; 65; 6; 0; 0; 0; 0; 0; 0; 102; 578; 0; 0; 10; 31; 0; 0; 119; 148; 0
1979;02; 0; 0; 0; 0; 9; 0; 0; 0; 15; 32; 151; 52; 0; 127; 37; 0; 22; 0; 0; 0; 0; 0; 311; 93; 0; 0; 25; 0; 9999; 9999; 9999
1979;03; 0; 0; 240; 0; 0; 0; 0; 4; 0; 0; 0; 102; 692; 232; 90; 0; 0; 0; 0; 0; 0; 0; 11; 10; 5; 4; 0; 0; 0; 0; 0
1979;04; 0; 0; 93; 77; 182; 10; 1; 0; 0; 0; 0; 0; 0; 0; 8; 0; 0; 0; 0; 0; 0; 0; 0; 0; 0; 0; 0; 0; 0; 0; 9999
1979;05; 0; 0; 0; 0; 265; 0; 0; 32; 71; 1; 0; 0; 0; 0; 0; 0; 0; 0; 0; 0; 0; 0; 0; 0; 0; 0; 0; 0; 19; 10; 0
1979;06; 0; 0; 0; 0; 0; 0; 0; 0; 0; 0; 0; 0; 0; 0; 0; 0; 0; 0; 0; 0; 0; 0; 0; 0; 0; 0; 0; 0; 0; 0; 9999
1979;07; 0; 0; 0; 0; 10; 0; 0; 0; 0; 0; 0; 0; 0; 0; 0; 0; 0; 0; 3; 68; 0; 0; 39; 252; 160; 0; 0; 0; 0; 0; 0
1979;08; 0; 0; 0; 0; 0; 0; 0; 0; 0; 0; 0; 0; 0; 0; 0; 0; 0; 21; 488; 0; 0; 0; 0; 0; 0; 0; 23; 0; 0; 0; 0
1979;09; 0; 6; 5; 0; 0; 0; 0; 0; 13; 151; 171; 71; 0; 90; 0; 141; 4; 12; 0; 0; 0; 0; 46; 64; 0; 0; 0; 0; 0; 0; 9999
1979;10; 0; 0; 0; 0; 0; 0; 0; 5; 0; 0; 0; 0; 5; 14; 586; 0; 0; 0; 0; 0; 0; 0; 0; 0; 0; 0; 207; 0; 67; 2; 16
1979;11; 206; 0; 378; 5; 61; 0; 0; 12; 273; 631; 7; 0; 0; 0; 0; 0; 0; 0; 946; 0; 0; 0; 24; 62; 56; 152; 0; 0; 0; 0; 9999
1979;12; 0; 160; 2; 6; 46; 0; 0; 0; 0; 11; 0; 20; 244; 174; 0; 121; 13; 0; 0; 0; 364; 637; 344; 355; 352; 208; 378; 25; 63; 0; 313
1980;01; 30; 0; 0; 0; 0; 0; 12; 110; 18; 441; 0; 235; 5; 0; 0; 0; 19; 1894; 221; 29; 173; 0; 79; 0; 467; 64; 155; 0; 84; 25; 75
1980;02; 45; 0; 136; 0; 0; 0; 0; 0; 0; 0; 0; 138; 300; 55; 240; 0; 0; 0; 0; 0; 0; 0; 0; 594; 308; 302; 422; 107; 16; 9999; 9999
1980;03; 41; 0; 50; 0; 8; 70; 28; 0; 0; 0; 0; 0; 0; 48; 303; 49; 58; 5; 0; 0; 0; 0; 0; 0; 0; 0; 0; 0; 0; 0; 0
1980;04; 168; 0; 338; 35; 245; 0; 0; 248; 68; 0; 0; 51; 0; 16; 322; 95; 0; 0; 0; 0; 0; 0; 0; 0; 0; 0; 0; 0; 0; 0; 9999
1980;05; 0; 90; 17; 0; 0; 0; 0; 0; 0; 0; 0; 0; 0; 0; 0; 0; 0; 0; 0; 0; 0; 233; 0; 0; 0; 0; 0; 0; 0; 0; 0
1980;06; 0; 0; 0; 0; 0; 0; 0; 0; 0; 0; 0; 0; 0; 50; 0; 0; 0; 0; 0; 0; 0; 0; 0; 0; 98; 127; 274; 0; 0; 0; 9999
1980;07; 0; 0; 3; 3; 0; 0; 0; 0; 0; 0; 0; 0; 0; 0; 0; 0; 0; 0; 0; 0; 0; 0; 0; 0; 0; 0; 0; 0; 0; 0; 0
1980;08; 0; 0; 0; 0; 0; 0; 5; 0; 0; 0; 0; 0; 0; 0; 0; 0; 0; 0; 0; 0; 0; 0; 43; 0; 0; 9; 0; 0; 0; 0; 0
1980;09; 0; 0; 0; 0; 0; 0; 0; 0; 15; 80; 0; 0; 3; 0; 6; 29; 0; 9; 209; 35; 21; 6; 0; 0; 0; 0; 0; 191; 0; 0; 9999
1980;10; 0; 0; 0; 0; 0; 0; 0; 48; 104; 0; 42; 224; 2; 0; 0; 0; 0; 0; 0; 0; 0; 0; 0; 0; 0; 89; 0; 0; 0; 68; 115
1980;11; 0; 0; 0; 76; 289; 0; 138; 122; 23; 0; 5; 0; 0; 0; 0; 0; 0; 0; 0; 0; 0; 41; 356; 439; 0; 6; 0; 0; 0; 25; 9999
1980;12; 53; 290; 0; 0; 191; 113; 8; 133; 14; 25; 0; 5; 241; 488; 0; 0; 0; 0; 0; 36; 22; 64; 186; 0; 38; 6; 435; 296; 79; 0; 0
1981;01; 0; 0; 0; 17; 11; 0; 0; 42; 0; 0; 190; 141; 328; 20; 374; 0; 2; 7; 0; 0; 34; 151; 0; 6; 12; 22; 0; 0; 3; 0; 0
1981;02; 54; 0; 0; 0; 6; 0; 130; 0; 0; 290; 60; 0; 96; 0; 0; 0; 0; 0; 0; 0; 285; 122; 0; 3; 2; 0; 16; 0; 9999; 9999; 9999
1981;03; 0; 0; 0; 0; 0; 0; 3; 0; 149; 0; 6; 243; 2; 0; 0; 72; 191; 168; 159; 41; 62; 205; 21; 43; 0; 175; 15; 10; 183; 0; 0
1981;04; 0; 0; 0; 0; 17; 54; 0; 0; 0; 16; 0; 0; 0; 0; 0; 262; 111; 0; 0; 0; 0; 0; 2; 184; 0; 0; 0; 226; 0; 0; 9999
1981;05; 0; 0; 0; 0; 0; 0; 0; 0; 0; 0; 0; 0; 0; 0; 0; 0; 0; 0; 0; 0; 0; 0; 0; 0; 0; 0; 0; 0; 0; 0; 0
1981;06; 0; 0; 0; 12; 0; 0; 558; 0; 0; 0; 0; 0; 0; 0; 0; 19; 146; 6; 0; 0; 0; 0; 0; 0; 0; 0; 0; 0; 0; 0; 9999
1981;07; 0; 0; 0; 0; 0; 0; 0; 0; 0; 0; 0; 0; 0; 0; 0; 0; 0; 0; 0; 0; 0; 0; 0; 0; 0; 0; 0; 0; 0; 0; 0
1981;08; 0; 0; 0; 0; 0; 0; 0; 0; 0; 0; 0; 0; 0; 0; 0; 0; 0; 74; 0; 0; 0; 0; 0; 0; 0; 0; 0; 0; 0; 0; 0
1981;09; 0; 0; 0; 79; 0; 0; 0; 0; 0; 0; 0; 0; 0; 0; 0; 0; 0; 0; 0; 0; 0; 0; 0; 0; 0; 0; 0; 0; 0; 0; 9999
1981;10; 0; 0; 0; 0; 73; 22; 190; 39; 0; 0; 0; 179; 553; 0; 0; 77; 0; 0; 0; 137; 0; 0; 0; 0; 0; 0; 510; 495; 0; 282; 0
1981;11; 0; 0; 609; 76; 0; 0; 0; 35; 0; 552; 48; 100; 0; 304; 0; 0; 0; 16; 121; 524; 23; 0; 0; 0; 0; 0; 0; 0; 0; 132; 9999
1981;12; 122; 632; 0; 0; 979; 12; 52; 73; 22; 112; 0; 364; 0; 0; 5; 0; 306; 860; 324; 30; 0; 78; 0; 90; 0; 0; 23; 555; 9999; 0; 9999
1982;01; 178; 4; 326; 64; 0; 0; 0; 152; 103; 169; 223; 152; 50; 0; 0; 0; 0; 0; 0; 7; 179; 0; 133; 381; 58; 0; 29; 76; 578; 54; 158
1982;02; 58; 58; 248; 0; 17; 217; 236; 0; 0; 20; 0; 0; 0; 0; 0; 0; 99; 0; 0; 0; 0; 0; 0; 210; 135; 44; 0; 0; 9999; 9999; 9999
1982;03; 2; 26; 0; 0; 32; 9; 78; 0; 103; 366; 47; 337; 107; 324; 439; 0; 44; 0; 12; 0; 0; 59; 73; 38; 3; 0; 0; 4; 0; 0; 0
1982;04; 0; 0; 0; 0; 0; 29; 0; 0; 0; 0; 0; 0; 137; 235; 94; 0; 0; 0; 0; 0; 0; 0; 0; 0; 0; 0; 0; 0; 0; 0; 9999
1982;05; 0; 0; 0; 0; 0; 0; 0; 0; 0; 0; 0; 0; 0; 0; 0; 0; 0; 0; 243; 0; 0; 0; 0; 243; 360; 0; 0; 0; 0; 0; 0
1982;06; 0; 0; 0; 0; 191; 54; 0; 0; 0; 0; 0; 0; 14; 0; 0; 13; 0; 0; 0; 0; 0; 0; 0; 0; 0; 23; 0; 0; 0; 0; 9999
1982;07; 0; 0; 0; 0; 0; 0; 0; 0; 0; 0; 0; 0; 0; 30; 0; 0; 20; 0; 7; 0; 0; 0; 0; 0; 0; 0; 0; 9999; 9999; 9999; 9999
1982;08; 0; 0; 0; 0; 20; 0; 0; 0; 0; 7; 23; 0; 0; 0; 0; 0; 0; 0; 0; 0; 0; 0; 0; 10; 0; 0; 0; 0; 0; 135; 0
1982;09; 0; 0; 0; 0; 0; 11; 0; 0; 0; 0; 0; 0; 0; 8; 0; 0; 0; 0; 76; 0; 0; 0; 0; 0; 20; 0; 0; 202; 0; 0; 9999
1982;10; 0; 0; 4; 0; 0; 0; 144; 251; 90; 10; 373; 0; 46; 98; 0; 0; 373; 0; 199; 0; 50; 0; 0; 0; 0; 153; 0; 17; 0; 0; 31
1982;11; 0; 0; 0; 0; 182; 0; 68; 44; 0; 88; 267; 1007; 0; 102; 0; 23; 197; 5; 0; 13; 85; 232; 0; 79; 0; 0; 0; 0; 0; 0; 9999
1982;12; 237; 0; 323; 0; 0; 21; 135; 5; 134; 5; 5; 44; 0; 37; 0; 21; 133; 555; 6; 38; 0; 136; 285; 394; 0; 0; 0; 14; 94; 368; 360
1983;01; 0; 4; 0; 63; 71; 342; 50; 525; 14; 0; 81; 0; 40; 164; 110; 318; 483; 178; 186; 104; 30; 0; 0; 0; 0; 0; 0; 0; 0; 14; 25
1983;02; 234; 428; 22; 0; 0; 0; 0; 123; 0; 29; 0; 29; 0; 23; 13; 0; 0; 0; 0; 7; 0; 8; 261; 0; 0; 373; 0; 0; 9999; 9999; 9999
1983;03; 3; 112; 5; 213; 102; 12; 126; 450; 0; 0; 0; 0; 235; 2; 28; 0; 0; 0; 176; 15; 0; 0; 0; 0; 0; 75; 7; 40; 0; 0; 0
1983;04; 0; 0; 0; 0; 0; 154; 30; 9; 0; 0; 20; 93; 0; 0; 0; 32; 0; 0; 0; 51; 25; 20; 0; 0; 64; 177; 5; 0; 0; 0; 9999
1983;05; 0; 0; 0; 0; 0; 0; 0; 0; 0; 0; 0; 0; 0; 121; 0; 0; 0; 30; 0; 14; 37; 0; 42; 508; 0; 0; 0; 0; 6; 0; 110
1983;06; 10; 51; 0; 0; 0; 2; 239; 0; 0; 34; 0; 0; 0; 5; 0; 0; 0; 0; 0; 0; 0; 0; 0; 0; 0; 0; 0; 0; 0; 0; 9999
1983;07; 0; 0; 0; 0; 0; 0; 0; 0; 0; 0; 0; 0; 0; 0; 0; 0; 0; 39; 289; 160; 0; 0; 0; 0; 0; 0; 0; 0; 0; 0; 0
1983;08; 0; 0; 0; 0; 0; 0; 0; 0; 0; 0; 0; 0; 0; 0; 0; 0; 0; 0; 0; 0; 0; 0; 0; 0; 0; 0; 0; 0; 0; 0; 0
1983;09; 0; 0; 0; 0; 0; 177; 12; 333; 0; 0; 0; 0; 0; 0; 0; 3; 0; 0; 125; 55; 0; 0; 0; 61; 0; 292; 0; 0; 0; 0; 9999
1983;10; 0; 0; 0; 8; 0; 0; 33; 7; 0; 0; 0; 0; 68; 10; 0; 0; 0; 114; 0; 0; 358; 15; 387; 99; 0; 133; 23; 0; 0; 0; 0
1983;11; 26; 0; 245; 0; 0; 0; 0; 0; 0; 3; 69; 128; 111; 4; 150; 63; 0; 0; 0; 61; 249; 295; 10; 0; 0; 0; 0; 0; 2; 5; 9999
1983;12; 446; 34; 93; 0; 0; 0; 0; 52; 116; 2; 447; 123; 0; 87; 13; 3; 0; 115; 15; 35; 143; 90; 29; 285; 591; 42; 93; 24; 0; 130; 4
1984;01; 0; 43; 0; 0; 0; 0; 0; 230; 22; 0; 0; 0; 0; 45; 0; 30; 0; 3; 0; 13; 0; 0; 16; 393; 57; 66; 525; 334; 52; 0; 0
1984;02; 0; 0; 195; 110; 29; 0; 105; 34; 100; 0; 0; 1041; 5; 0; 195; 48; 0; 0; 40; 99; 0; 17; 0; 11; 16; 0; 133; 0; 0; 9999; 9999
1984;03; 0; 229; 0; 75; 0; 287; 41; 0; 197; 0; 0; 0; 0; 0; 0; 0; 76; 0; 0; 0; 63; 13; 0; 29; 0; 0; 0; 14; 0; 0; 6
1984;04; 0; 15; 49; 3; 0; 0; 0; 51; 16; 18; 0; 0; 0; 0; 0; 0; 26; 0; 1; 0; 0; 0; 0; 0; 0; 0; 0; 0; 470; 33; 9999
1984;05; 30; 70; 20; 0; 0; 0; 0; 0; 0; 0; 0; 0; 34; 4; 0; 74; 0; 42; 0; 0; 0; 0; 0; 0; 0; 0; 0; 0; 0; 0; 0
1984;06; 0; 0; 0; 0; 0; 0; 0; 0; 0; 0; 0; 0; 0; 0; 0; 0; 0; 0; 0; 0; 0; 0; 0; 0; 0; 0; 0; 0; 0; 0; 9999
1984;07; 0; 0; 0; 0; 0; 0; 0; 0; 0; 0; 0; 0; 0; 0; 0; 0; 0; 0; 0; 0; 0; 0; 0; 0; 0; 0; 0; 0; 15; 0; 0
1984;08; 0; 0; 125; 10; 0; 0; 0; 0; 0; 0; 0; 0; 0; 0; 0; 0; 0; 0; 0; 0; 30; 51; 124; 0; 112; 8; 0; 0; 0; 45; 30
1984;09; 0; 0; 0; 0; 0; 0; 3; 5; 50; 0; 0; 0; 0; 0; 0; 0; 50; 0; 0; 0; 2; 0; 0; 0; 0; 51; 179; 0; 0; 0; 9999
1984;10; 0; 0; 0; 0; 0; 0; 0; 0; 0; 393; 0; 0; 0; 0; 79; 3; 0; 163; 0; 26; 0; 0; 0; 577; 32; 25; 0; 0; 0; 0; 0
1984;11; 0; 0; 0; 0; 0; 0; 0; 0; 0; 50; 0; 162; 27; 0; 0; 0; 62; 315; 0; 0; 166; 46; 0; 0; 0; 3; 85; 270; 21; 123; 9999
1984;12; 5; 527; 200; 0; 0; 280; 45; 0; 191; 0; 38; 0; 193; 135; 346; 45; 291; 40; 0; 0; 0; 0; 0; 0; 0; 205; 71; 0; 695; 0; 93
1985;01; 213; 352; 0; 0; 0; 0; 10; 246; 151; 0; 0; 0; 0; 0; 13; 60; 5; 55; 0; 0; 115; 110; 185; 50; 161; 195; 0; 0; 0; 0; 23
1985;02; 29; 0; 25; 21; 161; 0; 0; 0; 77; 0; 20; 0; 16; 0; 0; 0; 0; 47; 0; 0; 0; 262; 207; 120; 0; 95; 760; 8; 9999; 9999; 9999
1985;03; 406; 211; 380; 395; 47; 136; 3; 3; 0; 5; 27; 26; 0; 0; 60; 151; 198; 55; 0; 0; 0; 0; 0; 0; 0; 0; 0; 110; 0; 370; 5
1985;04; 160; 0; 0; 10; 318; 30; 0; 0; 0; 0; 135; 0; 0; 11; 0; 0; 16; 153; 0; 0; 0; 0; 0; 0; 0; 0; 0; 0; 0; 0; 9999
1985;05; 58; 0; 0; 0; 0; 0; 0; 0; 0; 0; 0; 0; 0; 0; 0; 0; 0; 0; 0; 0; 0; 268; 0; 0; 0; 0; 0; 0; 0; 0; 0
1985;06; 0; 0; 0; 177; 0; 0; 0; 0; 0; 0; 0; 0; 0; 0; 0; 0; 0; 0; 0; 0; 0; 0; 0; 0; 0; 0; 0; 0; 0; 0; 9999
1985;07; 0; 0; 0; 0; 0; 100; 0; 0; 0; 0; 0; 0; 0; 0; 0; 0; 0; 0; 0; 0; 0; 0; 0; 0; 0; 0; 0; 0; 0; 0; 0
1985;08; 0; 0; 0; 0; 0; 0; 0; 0; 0; 0; 0; 0; 0; 0; 0; 0; 0; 0; 0; 0; 0; 0; 0; 0; 0; 0; 0; 0; 0; 0; 0
1985;09; 7; 48; 0; 0; 0; 0; 0; 0; 0; 0; 0; 0; 0; 0; 0; 0; 0; 0; 0; 0; 0; 0; 0; 6; 0; 0; 0; 0; 0; 25; 9999
1985;10; 0; 0; 0; 0; 0; 0; 0; 0; 0; 30; 0; 0; 0; 0; 0; 0; 53; 0; 0; 0; 7; 0; 0; 0; 0; 0; 0; 0; 145; 0; 0
1985;11; 0; 175; 33; 525; 11; 0; 0; 0; 0; 0; 0; 10; 0; 0; 0; 0; 0; 0; 0; 5; 0; 0; 0; 10; 360; 290; 10; 0; 0; 0; 9999
1985;12; 0; 0; 7; 0; 0; 0; 0; 0; 0; 0; 0; 0; 0; 0; 7; 56; 0; 0; 91; 0; 0; 74; 123; 0; 23; 3; 555; 0; 0; 4; 0
1986;01; 0; 203; 0; 0; 17; 0; 90; 11; 0; 5; 5; 365; 94; 0; 371; 92; 0; 0; 0; 0; 9; 0; 0; 5; 0; 0; 0; 0; 0; 0; 0
1986;02; 120; 0; 243; 34; 147; 116; 5; 0; 43; 4; 168; 11; 0; 230; 203; 27; 104; 77; 9; 12; 127; 0; 0; 0; 0; 0; 0; 0; 9999; 9999; 9999
1986;03; 111; 14; 34; 385; 21; 189; 24; 0; 0; 151; 0; 54; 0; 0; 0; 5; 0; 0; 195; 0; 0; 0; 270; 0; 0; 316; 0; 0; 0; 133; 0
1986;04; 0; 0; 0; 0; 0; 0; 0; 0; 0; 0; 0; 0; 0; 0; 214; 0; 0; 0; 0; 100; 0; 99; 0; 0; 0; 0; 0; 0; 0; 0; 9999
1986;05; 0; 0; 0; 0; 0; 0; 0; 41; 80; 0; 0; 0; 267; 125; 0; 0; 0; 60; 367; 0; 0; 0; 0; 0; 0; 0; 0; 0; 0; 0; 25
1986;06; 0; 0; 0; 0; 0; 0; 0; 0; 0; 0; 0; 0; 0; 0; 0; 0; 0; 0; 0; 0; 0; 0; 0; 0; 0; 0; 0; 0; 0; 0; 9999
1986;07; 0; 0; 0; 10; 170; 0; 40; 0; 0; 0; 0; 0; 0; 0; 0; 0; 0; 0; 0; 0; 0; 0; 80; 0; 0; 0; 0; 0; 0; 0; 170
1986;08; 0; 0; 0; 0; 0; 0; 0; 0; 0; 0; 0; 0; 0; 89; 0; 102; 35; 0; 0; 0; 0; 36; 0; 316; 0; 0; 0; 0; 0; 0; 0
1986;09; 0; 0; 4; 0; 0; 0; 153; 0; 0; 0; 0; 0; 0; 0; 0; 0; 0; 0; 0; 0; 0; 0; 0; 0; 5; 10; 0; 0; 15; 0; 9999
1986;10; 0; 0; 0; 0; 0; 0; 0; 0; 0; 38; 4; 0; 0; 0; 0; 0; 0; 182; 0; 0; 65; 133; 38; 0; 0; 0; 0; 0; 0; 0; 0
1986;11; 0; 0; 0; 0; 0; 0; 0; 0; 0; 118; 0; 3; 0; 0; 0; 0; 0; 0; 35; 0; 0; 0; 0; 0; 0; 38; 0; 152; 420; 400; 9999
1986;12; 131; 375; 100; 300; 0; 0; 0; 80; 3; 37; 0; 0; 0; 210; 113; 0; 0; 322; 58; 0; 0; 20; 17; 0; 274; 20; 115; 10; 0; 5; 0
1987;01; 5; 100; 0; 10; 0; 42; 0; 0; 0; 0; 85; 0; 123; 0; 0; 71; 8; 0; 0; 0; 0; 0; 30; 46; 160; 106; 560; 103; 530; 32; 12
1987;02; 12; 71; 122; 451; 22; 0; 0; 0; 107; 0; 0; 278; 100; 328; 10; 0; 0; 90; 128; 13; 0; 0; 0; 0; 93; 93; 5; 0; 9999; 9999; 9999
1987;03; 17; 0; 5; 0; 0; 0; 153; 506; 330; 230; 0; 0; 0; 0; 0; 0; 0; 0; 0; 0; 0; 0; 0; 0; 0; 0; 0; 0; 0; 0; 0
1987;04; 0; 0; 24; 235; 0; 0; 0; 0; 0; 0; 0; 0; 0; 0; 16; 0; 0; 0; 0; 36; 27; 0; 0; 0; 0; 0; 0; 0; 0; 158; 9999
1987;05; 0; 0; 0; 0; 0; 0; 0; 0; 160; 0; 0; 0; 0; 0; 0; 121; 0; 0; 0; 0; 140; 0; 0; 0; 0; 0; 0; 0; 0; 0; 0
1987;06; 0; 0; 0; 0; 0; 0; 0; 0; 0; 0; 0; 0; 0; 0; 0; 0; 0; 0; 0; 0; 0; 0; 0; 0; 0; 0; 0; 0; 0; 0; 9999
1987;07; 0; 0; 0; 0; 0; 0; 0; 0; 40; 13; 0; 0; 0; 0; 0; 0; 0; 0; 0; 0; 0; 0; 0; 0; 0; 0; 0; 0; 0; 30; 0
1987;08; 0; 0; 0; 0; 0; 0; 70; 0; 0; 0; 0; 0; 0; 0; 0; 0; 0; 0; 0; 0; 0; 0; 0; 0; 0; 7; 0; 0; 0; 0; 0
1987;09; 0; 0; 0; 0; 0; 0; 0; 65; 23; 0; 40; 0; 0; 0; 0; 0; 0; 0; 11; 0; 66; 40; 230; 496; 0; 0; 0; 75; 0; 0; 9999
1987;10; 0; 168; 0; 0; 0; 180; 0; 0; 0; 0; 0; 0; 0; 0; 0; 0; 0; 0; 0; 0; 0; 0; 0; 180; 153; 83; 0; 0; 0; 0; 0
1987;11; 0; 0; 0; 0; 0; 220; 175; 200; 0; 0; 0; 0; 0; 275; 391; 121; 0; 0; 0; 0; 0; 0; 0; 0; 210; 120; 402; 9; 0; 0; 9999
1987;12; 0; 0; 5; 74; 145; 290; 0; 0; 0; 0; 43; 5; 510; 14; 38; 0; 132; 115; 30; 0; 0; 0; 0; 0; 0; 0; 175; 26; 0; 0; 0
1988;01; 38; 0; 0; 0; 0; 55; 86; 266; 253; 0; 0; 0; 0; 41; 390; 26; 0; 0; 0; 70; 137; 76; 0; 115; 10; 0; 0; 0; 0; 522; 20
1988;02; 0; 0; 0; 0; 10; 231; 770; 155; 322; 420; 47; 0; 38; 0; 0; 0; 190; 0; 0; 380; 0; 7; 43; 0; 153; 175; 40; 0; 0; 9999; 9999
1988;03; 11; 282; 376; 8; 13; 123; 20; 0; 386; 37; 0; 0; 0; 0; 341; 7; 252; 60; 320; 0; 0; 0; 0; 0; 0; 97; 243; 0; 0; 0; 0
1988;04; 0; 23; 190; 0; 0; 0; 0; 0; 646; 0; 72; 0; 0; 57; 0; 360; 8; 0; 288; 8; 0; 0; 0; 0; 0; 0; 0; 0; 0; 0; 9999
1988;05; 0; 0; 0; 0; 0; 0; 0; 0; 0; 0; 0; 0; 0; 0; 0; 0; 0; 0; 0; 0; 0; 0; 0; 0; 8; 38; 0; 0; 0; 8; 70
1988;06; 0; 0; 0; 46; 0; 0; 0; 0; 0; 0; 0; 0; 0; 0; 0; 0; 0; 0; 0; 0; 0; 0; 0; 0; 0; 0; 0; 0; 0; 0; 9999
1988;07; 0; 0; 0; 0; 0; 0; 0; 0; 0; 0; 0; 0; 0; 0; 0; 0; 0; 0; 0; 0; 0; 0; 0; 0; 0; 0; 0; 0; 0; 0; 0
1988;08; 0; 0; 0; 0; 0; 0; 0; 0; 0; 0; 0; 0; 0; 0; 0; 0; 0; 0; 0; 0; 0; 0; 0; 0; 0; 0; 0; 0; 0; 0; 0
1988;09; 0; 0; 0; 0; 0; 0; 0; 0; 0; 0; 0; 0; 0; 0; 0; 0; 4; 0; 0; 0; 0; 0; 0; 0; 0; 0; 0; 0; 0; 0; 9999
1988;10; 0; 0; 0; 120; 0; 0; 6; 0; 0; 0; 0; 7; 0; 0; 0; 0; 0; 0; 12; 267; 175; 0; 30; 273; 0; 0; 175; 0; 0; 0; 0
1988;11; 10; 0; 0; 0; 0; 0; 0; 0; 0; 0; 0; 0; 20; 0; 0; 0; 0; 0; 0; 75; 15; 0; 175; 0; 0; 0; 0; 0; 0; 0; 9999
1988;12; 63; 0; 0; 0; 0; 0; 0; 15; 0; 0; 0; 72; 0; 96; 262; 76; 0; 0; 0; 0; 48; 67; 62; 740; 72; 656; 0; 0; 0; 0; 0
1989;01; 376; 6; 130; 86; 120; 118; 0; 170; 435; 36; 242; 0; 96; 0; 0; 145; 28; 0; 0; 0; 0; 0; 365; 0; 105; 0; 146; 0; 100; 122; 0
1989;02; 0; 0; 418; 75; 46; 0; 0; 36; 400; 118; 642; 46; 89; 0; 0; 192; 230; 20; 10; 5; 0; 0; 10; 29; 0; 0; 0; 0; 9999; 9999; 9999
1989;03; 32; 0; 0; 0; 0; 0; 0; 0; 0; 0; 0; 0; 268; 1221; 188; 16; 217; 63; 25; 337; 375; 0; 0; 5; 0; 0; 18; 0; 0; 0; 0
1989;04; 0; 0; 0; 0; 0; 0; 0; 0; 0; 0; 115; 53; 0; 36; 0; 0; 0; 0; 0; 152; 0; 0; 0; 0; 0; 0; 0; 0; 0; 93; 9999
1989;05; 0; 27; 0; 27; 0; 31; 0; 0; 0; 0; 0; 0; 0; 0; 0; 0; 0; 0; 0; 0; 0; 0; 0; 0; 0; 0; 0; 0; 0; 0; 0
1989;06; 0; 0; 0; 0; 0; 0; 0; 98; 0; 155; 0; 0; 0; 0; 0; 0; 0; 0; 0; 0; 0; 0; 0; 0; 78; 0; 0; 0; 155; 0; 9999
1989;07; 0; 0; 0; 0; 0; 0; 0; 0; 0; 0; 0; 0; 0; 0; 0; 0; 0; 0; 0; 0; 0; 0; 0; 0; 0; 0; 0; 0; 40; 130; 214
1989;08; 0; 0; 0; 0; 0; 0; 0; 0; 0; 0; 0; 0; 0; 0; 0; 0; 0; 0; 0; 0; 0; 0; 0; 0; 0; 53; 0; 60; 0; 0; 0
1989;09; 61; 85; 0; 0; 13; 0; 0; 57; 142; 0; 0; 0; 39; 86; 0; 0; 0; 0; 0; 0; 0; 0; 0; 0; 0; 0; 9; 0; 0; 0; 9999
1989;10; 0; 0; 0; 192; 0; 0; 0; 0; 0; 0; 0; 23; 0; 0; 0; 7; 0; 0; 0; 0; 0; 0; 0; 0; 0; 135; 371; 0; 0; 0; 0
1989;11; 0; 0; 0; 90; 136; 0; 0; 0; 0; 88; 14; 18; 246; 0; 0; 0; 0; 0; 189; 0; 0; 0; 0; 0; 0; 0; 0; 15; 0; 0; 9999
1989;12; 0; 12; 0; 0; 0; 0; 0; 25; 280; 476; 226; 127; 113; 236; 0; 8; 0; 12; 1046; 90; 0; 0; 0; 0; 0; 0; 510; 68; 195; 372; 68
1990;01; 204; 360; 75; 315; 253; 225; 78; 0; 75; 510; 240; 25; 7; 0; 0; 0; 0; 97; 14; 0; 5; 0; 0; 0; 16; 0; 0; 17; 0; 32; 110
1990;02; 0; 0; 0; 0; 0; 0; 25; 0; 0; 0; 0; 0; 110; 0; 0; 0; 0; 0; 0; 0; 0; 0; 245; 0; 76; 542; 0; 0; 9999; 9999; 9999
1990;03; 95; 0; 0; 0; 0; 0; 0; 0; 394; 0; 0; 0; 0; 0; 0; 0; 0; 5; 0; 50; 53; 18; 24; 33; 151; 0; 114; 5; 235; 0; 0
1990;04; 0; 10; 0; 0; 0; 0; 0; 12; 5; 20; 0; 0; 0; 0; 0; 0; 746; 211; 305; 161; 3; 0; 0; 0; 0; 0; 0; 0; 0; 0; 9999
1990;05; 0; 10; 120; 0; 0; 0; 0; 0; 0; 0; 75; 66; 0; 0; 0; 0; 0; 105; 0; 0; 0; 0; 0; 0; 0; 0; 0; 0; 0; 0; 0
1990;06; 0; 0; 0; 0; 0; 0; 0; 0; 0; 0; 0; 0; 0; 0; 150; 0; 9999; 9999; 0; 146; 47; 0; 0; 0; 0; 0; 0; 0; 0; 0; 9999
1990;07; 0; 0; 0; 0; 0; 0; 0; 0; 0; 18; 36; 0; 0; 0; 0; 0; 0; 0; 0; 0; 0; 0; 0; 0; 0; 0; 0; 5; 0; 0; 0
1990;08; 0; 0; 0; 0; 0; 0; 0; 0; 0; 0; 0; 0; 0; 0; 0; 0; 155; 38; 0; 220; 10; 0; 0; 0; 18; 0; 0; 203; 18; 0; 58
1990;09; 0; 92; 0; 0; 0; 0; 0; 0; 0; 0; 0; 0; 23; 30; 0; 0; 0; 0; 0; 0; 0; 0; 112; 0; 0; 0; 0; 0; 144; 176; 9999
1990;10; 116; 20; 0; 0; 35; 0; 0; 0; 0; 0; 0; 0; 106; 0; 0; 103; 39; 231; 56; 7; 0; 0; 0; 0; 0; 0; 0; 0; 0; 192; 0
1990;11; 0; 0; 0; 0; 16; 0; 3; 157; 0; 0; 0; 0; 0; 0; 0; 0; 3; 12; 0; 0; 27; 7; 8; 100; 36; 0; 112; 6; 0; 0; 9999
1990;12; 0; 0; 0; 0; 0; 0; 0; 80; 43; 138; 263; 16; 0; 93; 32; 9; 0; 0; 23; 0; 0; 0; 0; 0; 0; 575; 0; 0; 0; 5; 0
1991;01; 0; 0; 0; 315; 12; 14; 0; 0; 272; 0; 0; 473; 0; 124; 140; 30; 0; 0; 0; 0; 45; 64; 0; 0; 214; 208; 922; 755; 67; 26; 67
1991;02; 130; 98; 15; 176; 25; 8; 42; 7; 0; 205; 20; 107; 31; 21; 41; 0; 0; 75; 44; 0; 0; 0; 0; 0; 0; 0; 0; 0; 9999; 9999; 9999
1991;03; 38; 18; 0; 311; 372; 120; 0; 0; 7; 0; 36; 32; 31; 11; 546; 0; 0; 0; 0; 0; 22; 115; 0; 0; 5; 10; 191; 30; 137; 168; 107
1991;04; 0; 0; 0; 0; 0; 0; 0; 104; 0; 0; 0; 0; 0; 31; 0; 165; 0; 0; 30; 132; 0; 0; 0; 0; 144; 45; 0; 0; 0; 0; 9999
1991;05; 0; 0; 0; 0; 0; 0; 0; 58; 0; 0; 0; 0; 0; 0; 10; 121; 0; 0; 0; 5; 0; 0; 0; 0; 0; 0; 0; 0; 0; 0; 0
1991;06; 0; 0; 0; 0; 0; 0; 0; 0; 0; 0; 0; 0; 0; 0; 0; 0; 0; 0; 0; 5; 0; 110; 15; 0; 0; 0; 0; 0; 0; 0; 9999
1991;07; 0; 0; 0; 0; 0; 0; 0; 0; 0; 0; 0; 5; 0; 0; 0; 0; 0; 0; 0; 0; 0; 0; 0; 0; 0; 0; 0; 0; 0; 0; 0
1991;08; 0; 0; 0; 0; 0; 0; 0; 0; 0; 0; 0; 0; 0; 0; 0; 0; 0; 0; 0; 0; 0; 0; 0; 0; 0; 0; 0; 0; 0; 0; 0
1991;09; 0; 0; 0; 0; 0; 0; 0; 0; 0; 0; 0; 0; 0; 0; 0; 0; 0; 0; 68; 0; 0; 0; 0; 15; 0; 0; 0; 0; 312; 66; 9999
1991;10; 61; 32; 220; 0; 0; 0; 84; 0; 0; 10; 0; 0; 0; 0; 0; 0; 0; 162; 0; 0; 0; 0; 0; 0; 37; 0; 0; 0; 0; 0; 0
1991;11; 0; 20; 0; 0; 0; 0; 0; 0; 0; 0; 0; 0; 0; 565; 35; 0; 0; 0; 0; 0; 0; 0; 0; 0; 0; 4; 0; 0; 0; 222; 9999
1991;12; 180; 5; 0; 0; 0; 0; 381; 26; 0; 0; 179; 213; 9; 5; 0; 0; 10; 16; 76; 11; 0; 10; 0; 0; 0; 60; 0; 90; 6; 0; 0
1992;01; 5; 60; 170; 0; 10; 0; 0; 0; 17; 382; 0; 15; 0; 60; 86; 0; 177; 136; 139; 330; 815; 11; 458; 0; 0; 0; 0; 0; 0; 165; 436
1992;02; 278; 837; 65; 358; 105; 38; 0; 0; 0; 80; 0; 22; 38; 37; 0; 0; 0; 0; 0; 0; 0; 0; 0; 0; 5; 37; 0; 0; 5; 9999; 9999
1992;03; 33; 113; 5; 0; 0; 0; 0; 0; 0; 105; 0; 0; 62; 0; 30; 335; 20; 0; 0; 0; 0; 0; 25; 22; 235; 4; 0; 15; 307; 253; 720
1992;04; 0; 0; 0; 0; 0; 0; 141; 0; 12; 0; 0; 0; 190; 78; 0; 0; 0; 0; 0; 19; 75; 0; 0; 297; 0; 0; 0; 0; 5; 0; 9999
1992;05; 0; 265; 0; 63; 0; 0; 0; 0; 0; 0; 0; 0; 0; 25; 0; 0; 0; 0; 0; 0; 0; 0; 332; 0; 0; 0; 0; 0; 0; 0; 0
1992;06; 0; 0; 0; 0; 0; 0; 0; 0; 0; 0; 0; 0; 0; 0; 0; 0; 0; 0; 0; 0; 0; 0; 0; 0; 0; 0; 0; 0; 0; 0; 9999
1992;07; 0; 0; 0; 0; 0; 0; 29; 0; 0; 0; 0; 0; 53; 0; 0; 0; 0; 0; 0; 0; 0; 0; 0; 0; 0; 0; 0; 0; 0; 0; 0
1992;08; 0; 0; 0; 0; 0; 0; 0; 0; 0; 0; 0; 0; 0; 0; 0; 0; 0; 0; 5; 0; 0; 13; 0; 18; 0; 0; 0; 0; 0; 0; 0
1992;09; 66; 6; 0; 40; 5; 315; 0; 100; 0; 0; 233; 0; 37; 15; 113; 0; 0; 158; 358; 0; 0; 0; 0; 0; 0; 70; 0; 0; 0; 0; 9999
1992;10; 0; 34; 80; 0; 0; 0; 0; 123; 14; 0; 0; 111; 57; 0; 0; 0; 222; 0; 7; 0; 0; 260; 0; 12; 0; 4; 91; 0; 243; 0; 115
1992;11; 347; 0; 0; 64; 0; 74; 0; 0; 0; 0; 0; 0; 0; 0; 0; 30; 0; 23; 0; 191; 0; 0; 0; 0; 288; 210; 241; 217; 83; 0; 9999
1992;12; 0; 0; 0; 50; 8; 0; 0; 0; 5; 100; 287; 23; 0; 0; 0; 0; 0; 325; 13; 67; 48; 0; 0; 0; 0; 0; 367; 0; 0; 0; 0
1993;01; 0; 0; 0; 0; 100; 0; 0; 0; 157; 250; 273; 89; 36; 11; 0; 0; 0; 48; 11; 0; 0; 333; 0; 0; 142; 226; 0; 0; 0; 75; 0
1993;02; 275; 48; 0; 181; 17; 522; 103; 11; 196; 145; 11; 73; 44; 30; 7; 460; 168; 83; 155; 318; 106; 73; 36; 215; 0; 46; 0; 0; 9999; 9999; 9999
1993;03; 0; 10; 109; 0; 51; 0; 0; 0; 0; 0; 0; 0; 85; 0; 0; 0; 0; 5; 0; 26; 0; 55; 6; 0; 49; 0; 13; 26; 60; 20; 260
1993;04; 43; 135; 175; 0; 0; 0; 0; 0; 211; 0; 0; 640; 0; 0; 0; 0; 0; 0; 0; 0; 0; 0; 0; 0; 0; 0; 0; 0; 0; 0; 9999
1993;05; 0; 24; 0; 0; 11; 104; 0; 0; 0; 0; 0; 0; 0; 0; 276; 0; 0; 0; 0; 0; 0; 0; 0; 0; 0; 0; 0; 0; 0; 0; 9
1993;06; 127; 0; 0; 0; 25; 0; 0; 0; 0; 0; 0; 0; 0; 0; 0; 0; 0; 10; 0; 0; 0; 0; 0; 0; 0; 0; 0; 0; 0; 0; 9999
1993;07; 0; 0; 0; 0; 0; 0; 0; 0; 0; 0; 0; 0; 0; 0; 0; 0; 0; 0; 0; 0; 0; 0; 0; 0; 0; 0; 0; 0; 0; 0; 0
1993;08; 0; 0; 0; 0; 0; 0; 0; 0; 0; 0; 0; 0; 0; 0; 0; 0; 0; 0; 0; 0; 0; 0; 23; 107; 0; 0; 0; 0; 0; 0; 0
1993;09; 0; 0; 0; 0; 0; 0; 0; 47; 0; 0; 0; 48; 0; 0; 181; 135; 100; 0; 0; 0; 0; 35; 0; 0; 45; 0; 313; 0; 0; 0; 9999
1993;10; 0; 225; 0; 0; 153; 0; 0; 0; 0; 0; 0; 0; 0; 0; 0; 0; 0; 0; 0; 0; 0; 0; 6; 0; 11; 265; 0; 0; 9; 0; 0
1993;11; 0; 65; 0; 10; 0; 0; 0; 0; 0; 217; 0; 0; 0; 0; 0; 0; 0; 215; 0; 0; 0; 0; 28; 0; 27; 0; 116; 30; 0; 0; 9999
1993;12; 0; 0; 0; 0; 0; 74; 0; 0; 12; 0; 197; 519; 205; 0; 17; 11; 120; 8; 690; 350; 0; 0; 0; 593; 415; 14; 23; 0; 250; 38; 0
1994;01; 200; 178; 70; 0; 0; 0; 58; 105; 134; 298; 0; 0; 200; 0; 432; 16; 127; 0; 0; 0; 18; 48; 118; 23; 236; 136; 895; 26; 30; 199; 38
1994;02; 0; 0; 0; 0; 0; 51; 0; 10; 24; 0; 21; 0; 22; 462; 0; 6; 0; 0; 0; 181; 0; 0; 716; 230; 0; 60; 0; 0; 9999; 9999; 9999
1994;03; 0; 41; 93; 103; 0; 100; 0; 0; 0; 0; 0; 0; 0; 0; 0; 0; 0; 0; 0; 476; 74; 0; 0; 0; 97; 0; 23; 0; 0; 36; 315
1994;04; 0; 0; 0; 0; 0; 0; 68; 0; 0; 0; 0; 0; 0; 0; 0; 0; 0; 0; 270; 0; 0; 131; 0; 0; 0; 0; 0; 0; 0; 0; 9999
1994;05; 0; 0; 0; 0; 0; 0; 0; 0; 0; 0; 0; 0; 6; 67; 0; 0; 0; 0; 0; 7; 3; 0; 0; 0; 0; 0; 0; 0; 0; 0; 0
1994;06; 0; 0; 0; 0; 0; 0; 0; 0; 0; 0; 0; 0; 0; 0; 0; 0; 0; 0; 0; 0; 0; 0; 20; 0; 80; 0; 0; 0; 0; 0; 9999
1994;07; 0; 0; 0; 0; 0; 0; 0; 8; 0; 0; 0; 0; 0; 0; 0; 0; 0; 0; 0; 0; 0; 0; 80; 0; 0; 0; 0; 0; 0; 0; 0
1994;08; 0; 0; 0; 0; 0; 0; 0; 0; 0; 0; 0; 0; 0; 0; 0; 0; 0; 0; 0; 0; 0; 0; 0; 0; 0; 0; 0; 0; 0; 0; 0
1994;09; 0; 0; 0; 0; 0; 0; 0; 0; 0; 0; 0; 0; 0; 0; 0; 50; 0; 0; 0; 0; 0; 0; 0; 0; 0; 0; 0; 0; 0; 0; 9999
1994;10; 0; 0; 0; 0; 0; 0; 0; 0; 0; 0; 0; 0; 0; 0; 0; 0; 0; 5; 6; 0; 0; 0; 20; 0; 206; 39; 185; 60; 0; 67; 0
1994;11; 0; 0; 0; 0; 63; 4; 0; 0; 0; 0; 0; 0; 0; 94; 291; 33; 0; 158; 166; 58; 0; 0; 0; 0; 0; 0; 3; 16; 9; 14; 9999
1994;12; 31; 0; 0; 0; 0; 8; 76; 26; 10; 22; 78; 0; 0; 0; 71; 240; 107; 47; 295; 20; 150; 308; 425; 0; 0; 219; 0; 0; 94; 0; 56
1995;01; 93; 10; 22; 35; 237; 0; 405; 0; 13; 61; 0; 58; 0; 81; 5; 0; 0; 0; 0; 0; 0; 110; 0; 0; 0; 0; 0; 0; 466; 0; 146
1995;02; 119; 262; 405; 510; 290; 94; 146; 818; 208; 27; 55; 74; 64; 39; 225; 118; 395; 0; 0; 373; 130; 312; 0; 0; 0; 0; 0; 78; 9999; 9999; 9999
1995;03; 0; 0; 25; 82; 0; 0; 22; 26; 30; 0; 35; 0; 64; 219; 0; 0; 0; 0; 0; 0; 0; 0; 0; 47; 191; 0; 0; 0; 71; 0; 0
1995;04; 427; 120; 0; 0; 0; 0; 0; 256; 84; 0; 0; 0; 0; 0; 0; 0; 0; 0; 0; 231; 137; 0; 0; 0; 0; 0; 0; 0; 0; 0; 9999
1995;05; 0; 0; 0; 0; 0; 23; 157; 0; 0; 0; 0; 0; 0; 0; 0; 0; 0; 0; 0; 0; 0; 0; 0; 0; 0; 0; 0; 0; 0; 0; 0
1995;06; 0; 0; 0; 0; 0; 0; 0; 0; 0; 0; 0; 0; 0; 0; 0; 0; 0; 74; 0; 0; 0; 0; 0; 0; 0; 154; 0; 0; 0; 0; 9999
1995;07; 0; 0; 0; 0; 0; 0; 0; 0; 121; 0; 0; 0; 0; 0; 0; 0; 0; 0; 0; 0; 0; 0; 0; 0; 0; 0; 0; 0; 0; 0; 0
1995;08; 0; 0; 0; 0; 0; 0; 0; 0; 0; 0; 0; 0; 0; 0; 0; 0; 0; 0; 0; 0; 0; 0; 0; 0; 0; 0; 0; 0; 0; 0; 0
1995;09; 0; 0; 0; 0; 0; 0; 0; 0; 0; 0; 0; 0; 0; 0; 0; 0; 0; 0; 43; 0; 0; 0; 0; 0; 39; 0; 29; 5; 0; 0; 9999
1995;10; 0; 0; 0; 0; 0; 0; 23; 81; 0; 0; 0; 0; 0; 166; 25; 0; 107; 100; 10; 0; 130; 0; 0; 0; 0; 0; 0; 0; 0; 15; 0
1995;11; 0; 0; 0; 80; 280; 0; 0; 0; 0; 0; 0; 230; 8; 0; 15; 0; 0; 120; 63; 0; 0; 0; 0; 273; 33; 0; 0; 121; 0; 0; 9999
1995;12; 0; 0; 16; 393; 25; 0; 0; 3; 0; 0; 153; 86; 107; 353; 0; 0; 0; 51; 0; 0; 10; 266; 0; 0; 52; 28; 53; 175; 0; 32; 0
1996;01; 44; 368; 82; 240; 7; 7; 271; 0; 157; 125; 0; 0; 53; 182; 0; 113; 0; 0; 93; 16; 116; 80; 0; 0; 0; 0; 128; 6; 0; 0; 0
1996;02; 95; 0; 48; 0; 124; 48; 5; 0; 93; 0; 0; 0; 427; 65; 0; 0; 0; 0; 0; 0; 0; 206; 193; 0; 18; 0; 278; 0; 0; 9999; 9999
1996;03; 36; 0; 0; 14; 38; 0; 0; 145; 62; 64; 0; 0; 0; 0; 92; 0; 263; 13; 0; 130; 0; 187; 0; 0; 0; 0; 0; 0; 0; 0; 0
1996;04; 0; 0; 0; 0; 0; 0; 0; 0; 0; 0; 5; 113; 88; 0; 0; 0; 681; 27; 0; 0; 0; 0; 0; 0; 0; 0; 0; 0; 0; 0; 9999
1996;05; 0; 0; 0; 0; 0; 0; 0; 0; 0; 261; 10; 0; 0; 0; 0; 67; 0; 266; 0; 0; 93; 11; 0; 0; 0; 12; 0; 0; 0; 0; 0
1996;06; 0; 0; 0; 0; 0; 0; 0; 0; 0; 0; 0; 0; 0; 0; 0; 0; 0; 0; 0; 0; 0; 0; 0; 0; 0; 0; 0; 0; 120; 0; 9999
1996;07; 0; 0; 7; 25; 0; 0; 0; 0; 0; 0; 0; 0; 0; 0; 0; 0; 0; 0; 0; 0; 0; 0; 0; 0; 0; 0; 0; 0; 0; 0; 0
1996;08; 0; 0; 0; 0; 0; 0; 0; 0; 0; 0; 27; 0; 0; 0; 0; 91; 0; 0; 0; 0; 0; 0; 0; 0; 0; 0; 0; 0; 0; 0; 0
1996;09; 120; 0; 0; 270; 0; 258; 0; 65; 32; 309; 5; 0; 0; 0; 0; 0; 0; 0; 0; 0; 0; 0; 0; 0; 75; 0; 0; 0; 0; 0; 9999
1996;10; 0; 0; 62; 0; 0; 0; 30; 0; 0; 4; 126; 0; 87; 0; 0; 0; 0; 0; 0; 0; 68; 0; 0; 0; 0; 92; 10; 0; 35; 0; 0
1996;11; 105; 718; 10; 0; 151; 0; 0; 0; 163; 0; 0; 0; 0; 68; 40; 146; 0; 0; 116; 0; 223; 372; 0; 0; 0; 0; 0; 0; 0; 0; 9999
1996;12; 0; 310; 246; 0; 0; 0; 0; 48; 0; 0; 58; 0; 0; 0; 0; 0; 54; 12; 0; 0; 362; 0; 100; 84; 0; 0; 195; 0; 467; 348; 718
1997;01; 95; 994; 425; 0; 0; 0; 0; 12; 100; 0; 0; 21; 0; 21; 0; 312; 0; 118; 12; 0; 241; 214; 97; 0; 20; 72; 0; 127; 0; 227; 0
1997;02; 28; 0; 0; 0; 20; 0; 0; 0; 39; 0; 0; 0; 0; 0; 0; 84; 0; 236; 0; 0; 0; 0; 0; 0; 0; 0; 0; 125; 9999; 9999; 9999
1997;03; 0; 0; 0; 32; 0; 0; 0; 0; 4; 0; 0; 0; 0; 22; 73; 0; 76; 0; 0; 0; 0; 0; 0; 0; 0; 0; 7; 0; 0; 0; 455
1997;04; 403; 0; 0; 0; 0; 353; 0; 0; 0; 0; 0; 0; 0; 0; 0; 0; 176; 0; 0; 0; 55; 28; 0; 0; 0; 0; 0; 0; 0; 0; 9999
1997;05; 0; 0; 0; 0; 0; 0; 0; 0; 0; 0; 0; 0; 0; 0; 54; 134; 145; 0; 0; 0; 0; 0; 157; 0; 87; 0; 0; 18; 16; 0; 0
1997;06; 0; 0; 0; 0; 0; 620; 0; 0; 0; 0; 0; 93; 0; 0; 270; 220; 0; 0; 0; 0; 0; 0; 0; 0; 0; 0; 0; 0; 0; 0; 9999
1997;07; 0; 0; 0; 0; 0; 0; 0; 0; 0; 0; 0; 0; 0; 0; 0; 0; 0; 0; 0; 0; 12; 0; 0; 0; 0; 0; 0; 0; 0; 0; 0
1997;08; 0; 0; 0; 0; 0; 0; 0; 0; 0; 0; 0; 0; 0; 0; 0; 0; 0; 0; 0; 0; 0; 0; 0; 0; 0; 0; 0; 0; 0; 0; 0
1997;09; 0; 0; 0; 0; 0; 0; 0; 0; 0; 0; 0; 0; 0; 0; 0; 0; 0; 0; 0; 0; 61; 0; 0; 0; 151; 0; 200; 0; 0; 0; 9999
1997;10; 0; 0; 0; 0; 0; 0; 69; 0; 0; 0; 0; 0; 0; 0; 0; 20; 150; 0; 0; 82; 401; 159; 0; 0; 0; 0; 212; 0; 0; 0; 0
1997;11; 28; 0; 0; 0; 0; 265; 0; 0; 0; 0; 0; 0; 0; 131; 8; 0; 205; 75; 10; 220; 0; 0; 270; 0; 285; 43; 106; 562; 272; 0; 9999
1997;12; 81; 372; 30; 380; 48; 0; 41; 0; 76; 92; 0; 0; 0; 18; 230; 9; 0; 0; 0; 0; 0; 6; 0; 0; 0; 0; 0; 0; 100; 0; 176
