33
Ano,Mes,1,2,3,4,5,6,7,8,9,10,11,12,13,14,15,16,17,18,19,20,21,22,23,24,25,26,27,28,29,30,31
1954;10; 0; 0; 0; 0; 0; 0; 0; 45; 0; 25; 100; 0; 45; 0; 0; 320; 0; 0; 0; 0; 0; 160; 0; 0; 0; 0; 0; 50; 0; 0; 0
1954;11; 0; 0; 0; 0; 0; 280; 0; 0; 0; 0; 7; 340; 0; 200; 350; 0; 50; 0; 50; 600; 0; 150; 235; 0; 0; 0; 0; 436; 0; 0; 9999
1954;12; 0; 0; 0; 0; 0; 0; 0; 0; 0; 0; 0; 460; 260; 0; 150; 0; 0; 280; 100; 0; 100; 160; 0; 0; 200; 0; 0; 0; 130; 0; 0
1955;01; 930; 50; 100; 200; 100; 0; 0; 200; 0; 0; 0; 230; 200; 100; 200; 300; 480; 0; 0; 0; 0; 5; 0; 300; 0; 0; 0; 0; 0; 0; 0
1955;02; 370; 0; 0; 0; 0; 0; 0; 0; 7; 5; 0; 0; 0; 0; 0; 0; 0; 0; 0; 215; 0; 0; 0; 0; 0; 0; 865; 0; 9999; 9999; 9999
1955;03; 0; 120; 0; 50; 0; 20; 0; 300; 0; 0; 0; 0; 0; 115; 215; 0; 0; 0; 0; 0; 0; 150; 0; 40; 0; 0; 45; 0; 0; 0; 0
1955;04; 0; 0; 380; 0; 0; 0; 0; 0; 0; 0; 0; 350; 70; 185; 100; 0; 0; 0; 0; 0; 0; 0; 0; 0; 0; 0; 150; 0; 0; 0; 9999
1955;05; 0; 0; 0; 0; 0; 0; 0; 0; 0; 0; 0; 0; 0; 0; 0; 0; 0; 0; 0; 25; 20; 0; 0; 30; 0; 0; 0; 0; 0; 0; 50
1955;06; 0; 0; 0; 0; 0; 0; 0; 25; 110; 0; 0; 0; 30; 0; 0; 0; 0; 0; 0; 0; 0; 0; 0; 0; 0; 0; 0; 0; 0; 0; 9999
1955;07; 0; 0; 0; 0; 0; 0; 0; 0; 0; 0; 0; 0; 0; 0; 0; 0; 0; 0; 0; 0; 0; 0; 0; 0; 0; 0; 0; 0; 0; 0; 0
1955;08; 0; 0; 0; 0; 0; 0; 0; 0; 0; 0; 0; 0; 0; 0; 0; 0; 0; 0; 0; 0; 0; 0; 0; 10; 0; 0; 0; 0; 0; 0; 0
1955;09; 0; 0; 0; 0; 0; 0; 0; 0; 0; 0; 0; 0; 0; 0; 0; 0; 0; 0; 0; 0; 0; 0; 0; 0; 0; 0; 0; 0; 0; 0; 9999
1955;10; 0; 0; 0; 0; 0; 0; 35; 0; 0; 0; 0; 160; 20; 15; 0; 370; 65; 0; 0; 70; 0; 0; 0; 0; 0; 0; 0; 0; 430; 65; 0
1955;11; 0; 0; 350; 0; 0; 100; 0; 0; 35; 10; 330; 0; 0; 0; 0; 0; 0; 0; 0; 0; 240; 160; 0; 0; 0; 0; 0; 0; 0; 0; 9999
1955;12; 200; 432; 190; 10; 0; 0; 0; 0; 0; 0; 0; 0; 835; 0; 225; 38; 0; 310; 380; 20; 0; 0; 0; 0; 0; 167; 0; 15; 130; 150; 360
1956;01; 320; 280; 200; 45; 0; 0; 0; 0; 0; 0; 0; 0; 0; 0; 0; 0; 0; 60; 0; 7; 0; 20; 0; 0; 38; 6; 0; 0; 0; 0; 46
1956;02; 75; 0; 0; 0; 0; 0; 0; 0; 0; 55; 46; 50; 0; 0; 0; 0; 0; 340; 122; 200; 620; 170; 189; 101; 0; 130; 106; 35; 162; 9999; 9999
1956;03; 68; 20; 0; 0; 0; 70; 0; 0; 0; 0; 0; 0; 0; 0; 30; 90; 0; 0; 0; 0; 0; 0; 0; 0; 40; 0; 0; 0; 0; 0; 0
1956;04; 0; 0; 0; 0; 0; 20; 260; 15; 140; 0; 0; 0; 0; 0; 0; 0; 0; 0; 0; 198; 0; 0; 0; 0; 10; 0; 0; 0; 110; 0; 9999
1956;05; 0; 300; 0; 0; 18; 0; 257; 0; 0; 0; 0; 0; 0; 0; 0; 0; 0; 0; 0; 0; 110; 0; 0; 0; 0; 200; 54; 0; 0; 0; 163
1956;06; 0; 0; 0; 0; 0; 0; 0; 0; 0; 0; 0; 208; 35; 10; 26; 0; 0; 0; 0; 0; 0; 0; 0; 0; 0; 0; 0; 0; 0; 0; 9999
1956;07; 0; 0; 0; 0; 0; 0; 20; 0; 0; 0; 0; 0; 0; 0; 0; 0; 0; 0; 0; 40; 0; 0; 0; 0; 0; 0; 0; 0; 0; 0; 210
1956;08; 234; 0; 148; 0; 0; 0; 10; 0; 0; 0; 0; 0; 0; 0; 0; 0; 0; 0; 0; 0; 0; 0; 0; 0; 0; 0; 245; 0; 0; 0; 0
1956;09; 0; 0; 0; 0; 0; 0; 0; 0; 0; 145; 189; 0; 0; 0; 0; 0; 0; 0; 0; 0; 0; 0; 0; 0; 0; 0; 0; 34; 0; 0; 9999
1956;10; 0; 0; 0; 0; 0; 0; 0; 0; 0; 0; 0; 0; 0; 0; 0; 10; 0; 0; 0; 0; 0; 0; 257; 0; 0; 0; 276; 230; 314; 0; 0
1956;11; 0; 0; 0; 0; 500; 0; 0; 0; 0; 70; 0; 0; 0; 0; 0; 0; 0; 0; 0; 0; 198; 146; 271; 0; 0; 34; 0; 0; 0; 0; 9999
1956;12; 0; 0; 0; 50; 350; 700; 335; 200; 0; 0; 0; 0; 56; 320; 0; 0; 0; 0; 0; 434; 0; 0; 0; 0; 1000; 50; 0; 0; 0; 0; 0
1957;01; 0; 0; 0; 0; 50; 0; 0; 0; 0; 320; 13; 0; 920; 150; 347; 180; 340; 63; 230; 0; 0; 25; 110; 0; 100; 0; 323; 0; 0; 210; 0
1957;02; 0; 75; 81; 0; 65; 0; 155; 120; 600; 470; 320; 0; 0; 600; 181; 0; 0; 0; 0; 0; 0; 0; 0; 0; 100; 0; 450; 0; 9999; 9999; 9999
1957;03; 0; 0; 0; 0; 0; 0; 0; 0; 0; 0; 0; 80; 0; 0; 0; 0; 0; 82; 0; 342; 221; 0; 0; 0; 0; 0; 0; 0; 0; 700; 0
1957;04; 0; 0; 0; 0; 0; 0; 0; 0; 180; 250; 95; 0; 0; 0; 298; 0; 0; 0; 0; 0; 0; 0; 0; 0; 0; 0; 40; 0; 300; 0; 9999
1957;05; 0; 0; 0; 0; 0; 31; 0; 0; 305; 0; 0; 0; 0; 0; 0; 80; 0; 0; 0; 0; 0; 0; 0; 0; 0; 0; 0; 0; 0; 0; 0
1957;06; 0; 0; 0; 0; 0; 0; 0; 260; 0; 0; 0; 0; 0; 0; 0; 0; 0; 0; 0; 0; 0; 0; 0; 0; 0; 0; 0; 0; 0; 0; 9999
1957;07; 0; 0; 0; 0; 298; 244; 0; 0; 0; 0; 0; 0; 0; 0; 0; 0; 0; 40; 0; 0; 0; 0; 0; 0; 0; 0; 0; 0; 0; 0; 0
1957;08; 0; 0; 0; 0; 0; 0; 0; 0; 0; 0; 0; 0; 0; 0; 0; 0; 106; 0; 46; 0; 0; 0; 0; 0; 0; 0; 0; 0; 0; 24; 0
1957;09; 0; 0; 823; 54; 0; 0; 0; 168; 0; 0; 84; 180; 0; 0; 0; 0; 0; 0; 0; 0; 0; 0; 100; 80; 0; 0; 0; 0; 0; 340; 9999
1957;10; 0; 0; 0; 0; 0; 0; 0; 0; 0; 0; 0; 0; 0; 0; 0; 0; 0; 0; 0; 0; 248; 0; 38; 0; 0; 0; 0; 301; 80; 140; 0
1957;11; 0; 0; 0; 0; 0; 0; 0; 209; 301; 0; 0; 0; 0; 0; 324; 0; 0; 0; 0; 140; 80; 313; 0; 0; 0; 0; 0; 0; 0; 0; 9999
1957;12; 10; 0; 0; 100; 0; 200; 300; 0; 0; 0; 100; 50; 0; 150; 0; 0; 80; 0; 0; 0; 0; 80; 0; 0; 0; 0; 50; 0; 0; 0; 0
1958;01; 0; 0; 0; 0; 0; 0; 0; 0; 0; 230; 150; 0; 0; 300; 200; 150; 40; 0; 0; 250; 200; 228; 804; 301; 0; 0; 0; 0; 0; 0; 0
1958;02; 0; 0; 0; 0; 0; 0; 180; 0; 0; 0; 0; 0; 0; 0; 0; 0; 0; 0; 0; 0; 0; 0; 0; 0; 207; 916; 0; 0; 9999; 9999; 9999
1958;03; 0; 0; 628; 0; 80; 106; 0; 0; 0; 0; 0; 0; 0; 0; 303; 0; 998; 0; 0; 0; 603; 0; 0; 0; 0; 0; 0; 0; 0; 0; 0
1958;04; 0; 0; 0; 0; 0; 0; 0; 0; 135; 0; 0; 0; 0; 0; 0; 0; 0; 0; 0; 0; 0; 0; 0; 0; 0; 0; 0; 0; 0; 0; 9999
1958;05; 0; 0; 0; 0; 40; 443; 4; 100; 0; 0; 0; 0; 0; 0; 0; 0; 0; 0; 0; 0; 0; 242; 224; 0; 0; 0; 0; 20; 0; 0; 0
1958;06; 0; 0; 0; 0; 0; 0; 0; 0; 0; 0; 0; 0; 0; 108; 201; 0; 0; 0; 0; 0; 0; 0; 0; 0; 0; 0; 0; 0; 0; 0; 9999
1958;07; 0; 0; 0; 0; 0; 0; 0; 0; 0; 0; 40; 0; 0; 0; 34; 0; 40; 100; 0; 0; 0; 0; 10; 0; 0; 0; 0; 0; 0; 0; 0
1958;08; 0; 0; 0; 0; 0; 0; 0; 0; 0; 0; 0; 0; 0; 0; 0; 0; 0; 0; 0; 0; 0; 0; 0; 0; 0; 0; 0; 0; 0; 200; 0
1958;09; 0; 0; 0; 0; 0; 0; 0; 0; 70; 0; 0; 0; 152; 358; 0; 0; 0; 0; 0; 0; 0; 0; 0; 70; 0; 0; 0; 0; 0; 100; 9999
1958;10; 0; 0; 0; 0; 0; 0; 352; 0; 151; 0; 0; 0; 0; 0; 0; 66; 202; 81; 0; 0; 0; 0; 0; 0; 0; 0; 210; 100; 0; 0; 0
1958;11; 0; 0; 0; 171; 200; 0; 0; 0; 0; 0; 0; 0; 0; 0; 0; 0; 0; 0; 0; 0; 0; 0; 0; 0; 220; 0; 0; 0; 160; 0; 9999
1958;12; 0; 0; 0; 0; 0; 0; 0; 0; 206; 9999; 101; 9999; 9999; 153; 128; 61; 0; 123; 0; 0; 20; 0; 0; 0; 0; 0; 0; 0; 0; 0; 0
1959;01; 101; 0; 100; 240; 100; 320; 240; 0; 0; 200; 540; 120; 60; 128; 0; 0; 0; 787; 183; 0; 0; 711; 213; 384; 519; 0; 0; 0; 0; 0; 0
1959;02; 316; 461; 0; 0; 0; 0; 0; 0; 0; 0; 0; 0; 131; 0; 0; 0; 0; 0; 0; 0; 0; 0; 0; 0; 10; 30; 9999; 123; 9999; 9999; 9999
1959;03; 0; 0; 0; 0; 0; 110; 0; 210; 180; 0; 0; 0; 0; 0; 0; 20; 0; 0; 306; 100; 120; 401; 203; 102; 154; 103; 0; 231; 313; 64; 0
1959;04; 0; 10; 9999; 9999; 9999; 9999; 200; 0; 0; 0; 0; 0; 0; 0; 0; 0; 0; 0; 0; 0; 0; 0; 161; 24; 0; 0; 0; 0; 0; 0; 9999
1959;05; 0; 0; 0; 0; 0; 0; 0; 0; 0; 0; 0; 0; 0; 0; 0; 0; 0; 0; 0; 0; 0; 0; 0; 0; 0; 0; 0; 0; 0; 0; 0
1959;06; 0; 0; 0; 0; 0; 61; 0; 0; 0; 0; 0; 0; 0; 0; 0; 0; 0; 0; 0; 0; 0; 0; 0; 0; 0; 0; 0; 0; 0; 0; 9999
1959;07; 0; 0; 0; 0; 0; 0; 0; 0; 0; 0; 0; 0; 0; 0; 0; 0; 0; 0; 0; 0; 0; 0; 0; 0; 0; 0; 0; 0; 0; 0; 0
1959;08; 100; 0; 0; 0; 0; 0; 0; 17; 0; 97; 0; 0; 0; 0; 0; 203; 0; 0; 0; 0; 0; 0; 0; 0; 0; 0; 0; 0; 0; 0; 0
1959;09; 0; 0; 0; 0; 0; 0; 0; 0; 0; 0; 0; 35; 0; 0; 0; 0; 0; 0; 0; 0; 0; 0; 0; 0; 0; 10; 0; 0; 0; 0; 9999
1959;10; 0; 0; 0; 0; 0; 0; 38; 0; 11; 0; 0; 271; 0; 176; 0; 0; 0; 0; 169; 0; 37; 0; 0; 0; 0; 0; 0; 98; 0; 0; 903
1959;11; 0; 124; 9999; 0; 0; 27; 60; 0; 0; 63; 0; 0; 0; 0; 121; 0; 0; 0; 283; 64; 498; 288; 0; 0; 0; 301; 0; 65; 0; 0; 9999
1959;12; 0; 0; 81; 0; 0; 0; 63; 0; 0; 596; 0; 0; 0; 0; 163; 0; 0; 0; 80; 0; 0; 100; 105; 320; 0; 0; 0; 0; 20; 0; 280
1960;01; 101; 0; 0; 0; 0; 100; 0; 0; 183; 283; 89; 0; 0; 0; 81; 93; 308; 0; 84; 305; 543; 123; 114; 325; 548; 0; 0; 0; 0; 55; 84
1960;02; 101; 148; 302; 0; 0; 192; 438; 81; 303; 0; 0; 0; 0; 228; 21; 239; 0; 20; 18; 35; 64; 131; 156; 98; 143; 200; 121; 109; 85; 9999; 9999
1960;03; 65; 109; 0; 0; 85; 0; 0; 0; 0; 0; 63; 0; 0; 0; 108; 0; 0; 0; 0; 0; 0; 223; 299; 132; 0; 0; 0; 0; 0; 0; 20
1960;04; 22; 0; 0; 0; 0; 0; 0; 0; 0; 0; 0; 0; 0; 0; 0; 0; 0; 0; 0; 0; 0; 0; 0; 0; 0; 0; 0; 0; 0; 0; 9999
1960;05; 260; 0; 0; 0; 0; 0; 0; 0; 90; 0; 0; 0; 0; 0; 96; 21; 0; 0; 0; 40; 0; 0; 0; 0; 0; 0; 0; 0; 0; 0; 0
1960;06; 0; 0; 0; 0; 0; 0; 0; 0; 0; 0; 0; 0; 64; 0; 261; 0; 0; 0; 0; 0; 0; 0; 0; 83; 0; 196; 0; 0; 0; 0; 9999
1960;07; 0; 0; 0; 0; 0; 0; 0; 0; 0; 0; 0; 0; 0; 0; 0; 0; 0; 0; 0; 0; 0; 0; 0; 0; 0; 0; 0; 0; 0; 0; 0
1960;08; 0; 0; 0; 0; 0; 0; 0; 0; 0; 0; 0; 0; 0; 0; 0; 20; 0; 0; 0; 0; 0; 0; 0; 0; 0; 0; 0; 0; 0; 0; 0
1960;09; 23; 64; 0; 0; 0; 0; 0; 0; 0; 0; 0; 0; 0; 0; 0; 0; 0; 0; 0; 0; 0; 0; 0; 0; 0; 0; 0; 0; 0; 60; 9999
1960;10; 0; 0; 0; 0; 43; 0; 0; 0; 0; 0; 0; 0; 0; 0; 0; 0; 82; 43; 0; 0; 258; 46; 49; 282; 48; 8; 3; 0; 0; 18; 23
1960;11; 0; 103; 0; 0; 71; 0; 0; 208; 35; 58; 93; 101; 0; 60; 258; 164; 81; 95; 0; 121; 85; 83; 0; 221; 20; 718; 41; 0; 34; 0; 9999
1960;12; 0; 66; 0; 0; 0; 12; 10; 0; 0; 0; 23; 158; 100; 63; 295; 94; 83; 362; 395; 156; 143; 63; 106; 128; 93; 0; 0; 0; 128; 116; 201
1961;01; 101; 83; 175; 183; 0; 242; 0; 83; 131; 11; 43; 58; 0; 0; 0; 0; 0; 11; 0; 94; 201; 303; 91; 131; 172; 723; 124; 104; 123; 15; 108
1961;02; 0; 0; 0; 0; 108; 0; 0; 261; 0; 83; 303; 425; 208; 114; 109; 298; 134; 41; 103; 246; 41; 103; 201; 0; 0; 49; 81; 4; 9999; 9999; 9999
1961;03; 103; 166; 0; 0; 0; 873; 269; 145; 0; 0; 0; 0; 0; 0; 0; 0; 0; 99; 103; 405; 609; 84; 0; 0; 0; 0; 0; 0; 0; 0; 0
1961;04; 0; 0; 0; 93; 256; 0; 0; 0; 0; 0; 0; 0; 0; 0; 0; 0; 0; 0; 0; 0; 78; 0; 0; 0; 9999; 64; 89; 0; 0; 0; 9999
1961;05; 0; 0; 0; 124; 0; 0; 0; 28; 0; 0; 0; 0; 0; 0; 0; 0; 0; 0; 0; 0; 0; 0; 0; 0; 0; 0; 0; 0; 0; 0; 0
1961;06; 0; 41; 0; 0; 63; 0; 0; 0; 0; 0; 0; 0; 0; 0; 0; 0; 0; 0; 0; 0; 0; 0; 0; 0; 0; 0; 0; 0; 0; 0; 9999
1961;07; 0; 0; 0; 0; 0; 0; 0; 0; 0; 0; 0; 0; 0; 0; 0; 0; 0; 0; 0; 0; 0; 0; 0; 0; 0; 0; 0; 0; 0; 0; 0
1961;08; 0; 0; 0; 0; 0; 0; 10; 0; 0; 0; 0; 0; 0; 0; 0; 0; 0; 0; 0; 0; 0; 0; 0; 0; 0; 0; 0; 0; 0; 0; 0
1961;09; 0; 0; 0; 0; 0; 0; 0; 0; 0; 0; 0; 0; 0; 0; 0; 0; 0; 0; 0; 0; 0; 0; 0; 0; 0; 0; 0; 0; 0; 0; 9999
1961;10; 9999; 0; 373; 0; 0; 0; 0; 0; 0; 0; 0; 93; 0; 0; 60; 34; 508; 14; 21; 0; 0; 0; 0; 121; 83; 54; 31; 148; 163; 0; 114
1961;11; 0; 0; 0; 23; 40; 0; 300; 0; 0; 168; 308; 106; 0; 0; 0; 0; 0; 0; 0; 0; 0; 0; 0; 0; 225; 0; 0; 0; 0; 0; 9999
1961;12; 0; 43; 0; 0; 124; 0; 0; 0; 0; 54; 21; 0; 0; 41; 151; 32; 205; 210; 21; 155; 302; 0; 0; 0; 0; 65; 232; 60; 0; 0; 0
1962;01; 0; 0; 0; 94; 0; 0; 0; 154; 125; 253; 0; 0; 0; 0; 152; 101; 591; 34; 152; 0; 123; 68; 0; 0; 103; 52; 202; 0; 0; 0; 0
1962;02; 0; 60; 0; 151; 107; 51; 21; 151; 47; 128; 155; 103; 84; 0; 0; 0; 0; 0; 0; 103; 205; 123; 84; 68; 28; 0; 0; 0; 9999; 9999; 9999
1962;03; 0; 555; 0; 0; 0; 0; 0; 113; 85; 63; 52; 231; 253; 453; 121; 108; 53; 519; 103; 58; 0; 0; 0; 3; 0; 0; 0; 0; 0; 0; 0
1962;04; 0; 0; 0; 0; 0; 0; 0; 0; 0; 0; 0; 0; 0; 0; 0; 0; 0; 0; 0; 0; 0; 0; 0; 0; 0; 0; 0; 0; 0; 0; 9999
1962;05; 0; 0; 0; 0; 0; 0; 0; 0; 0; 0; 0; 0; 0; 0; 0; 0; 0; 0; 0; 0; 0; 0; 0; 0; 0; 0; 0; 0; 0; 0; 0
1962;06; 0; 0; 0; 0; 115; 0; 0; 0; 0; 0; 0; 0; 0; 0; 0; 0; 0; 0; 0; 0; 0; 0; 0; 0; 0; 0; 0; 0; 0; 0; 9999
1962;07; 0; 0; 0; 0; 0; 0; 0; 0; 0; 0; 0; 0; 0; 0; 0; 0; 0; 0; 0; 0; 0; 0; 0; 0; 0; 0; 0; 0; 0; 0; 0
1962;08; 0; 0; 0; 0; 0; 0; 0; 0; 0; 0; 0; 0; 0; 0; 0; 29; 0; 0; 0; 0; 0; 81; 11; 0; 0; 0; 0; 0; 0; 0; 0
1962;09; 0; 0; 0; 81; 5; 21; 0; 0; 68; 0; 23; 0; 0; 0; 0; 0; 0; 0; 0; 0; 0; 0; 98; 0; 0; 0; 0; 0; 0; 0; 9999
1962;10; 0; 96; 291; 362; 63; 0; 0; 310; 132; 328; 54; 0; 0; 0; 261; 0; 291; 0; 0; 0; 0; 0; 29; 76; 0; 0; 159; 328; 69; 0; 0
1962;11; 0; 0; 0; 0; 0; 265; 216; 0; 0; 0; 0; 0; 0; 0; 0; 0; 0; 0; 166; 183; 41; 0; 0; 0; 43; 0; 0; 0; 21; 43; 9999
1962;12; 51; 23; 78; 35; 521; 34; 65; 15; 63; 198; 0; 545; 13; 65; 143; 81; 418; 331; 184; 128; 101; 0; 31; 12; 0; 135; 212; 138; 723; 155; 102
1963;01; 61; 156; 0; 0; 103; 0; 0; 0; 0; 73; 0; 0; 107; 81; 323; 68; 105; 0; 0; 60; 0; 251; 0; 103; 265; 116; 148; 103; 54; 0; 81
1963;02; 123; 0; 0; 481; 107; 456; 0; 0; 0; 0; 104; 46; 389; 0; 0; 0; 21; 0; 289; 123; 61; 35; 28; 60; 0; 0; 0; 0; 9999; 9999; 9999
1963;03; 0; 0; 0; 0; 0; 0; 0; 0; 0; 0; 0; 0; 0; 0; 0; 0; 31; 0; 0; 0; 0; 0; 0; 0; 21; 73; 0; 0; 0; 0; 0
1963;04; 0; 0; 0; 0; 0; 0; 0; 0; 0; 0; 0; 0; 0; 0; 0; 28; 0; 0; 0; 0; 0; 0; 0; 0; 0; 0; 0; 0; 0; 0; 9999
1963;05; 0; 0; 0; 0; 0; 0; 0; 0; 0; 0; 0; 0; 0; 0; 0; 0; 86; 0; 0; 0; 0; 0; 0; 0; 0; 0; 0; 0; 0; 0; 0
1963;06; 0; 0; 0; 0; 0; 0; 0; 0; 0; 0; 0; 0; 0; 0; 0; 0; 0; 0; 0; 0; 0; 0; 0; 0; 0; 0; 0; 0; 0; 0; 9999
1963;07; 0; 0; 0; 0; 0; 0; 0; 0; 0; 0; 0; 0; 0; 0; 0; 0; 0; 0; 0; 0; 0; 0; 0; 0; 0; 0; 0; 0; 0; 0; 0
1963;08; 0; 0; 0; 0; 0; 0; 0; 0; 0; 0; 0; 0; 0; 0; 0; 0; 0; 0; 0; 0; 0; 0; 0; 0; 0; 0; 0; 0; 0; 0; 0
1963;09; 0; 0; 0; 0; 0; 0; 0; 0; 0; 0; 0; 0; 0; 0; 0; 0; 0; 0; 0; 0; 0; 0; 101; 0; 0; 0; 0; 0; 0; 0; 9999
1963;10; 0; 0; 0; 0; 0; 24; 0; 0; 0; 0; 0; 0; 81; 0; 0; 0; 181; 153; 16; 0; 0; 0; 128; 0; 0; 35; 0; 0; 0; 0; 0
1963;11; 9999; 9999; 9999; 101; 0; 0; 0; 0; 119; 63; 0; 0; 0; 229; 186; 0; 60; 0; 0; 91; 0; 0; 158; 60; 0; 0; 0; 0; 0; 0; 9999
1963;12; 0; 0; 0; 9; 0; 0; 0; 0; 0; 0; 0; 49; 194; 0; 0; 0; 0; 0; 137; 0; 0; 0; 0; 0; 0; 0; 81; 0; 0; 0; 0
1964;01; 0; 84; 0; 0; 0; 43; 0; 0; 0; 119; 0; 0; 218; 232; 0; 0; 213; 108; 267; 113; 0; 0; 163; 91; 43; 69; 61; 104; 0; 0; 0
1964;02; 245; 31; 0; 45; 0; 23; 201; 228; 64; 28; 16; 89; 113; 354; 83; 156; 31; 318; 261; 173; 214; 0; 186; 109; 93; 0; 0; 523; 262; 9999; 9999
1964;03; 129; 308; 106; 0; 413; 159; 113; 0; 0; 0; 0; 0; 0; 0; 21; 0; 0; 0; 0; 18; 0; 0; 0; 0; 0; 0; 0; 84; 61; 289; 304
1964;04; 105; 98; 153; 0; 0; 0; 0; 0; 0; 0; 0; 0; 0; 0; 0; 0; 45; 0; 0; 0; 0; 0; 0; 0; 0; 0; 0; 0; 81; 26; 9999
1964;05; 63; 0; 0; 91; 0; 0; 0; 0; 0; 0; 0; 0; 0; 51; 0; 0; 0; 0; 0; 62; 14; 23; 0; 0; 0; 0; 0; 0; 0; 0; 0
1964;06; 0; 0; 0; 0; 0; 0; 0; 0; 0; 0; 0; 0; 0; 0; 0; 0; 0; 0; 0; 0; 0; 0; 0; 0; 0; 0; 0; 0; 0; 0; 9999
1964;07; 151; 13; 86; 0; 0; 0; 0; 0; 0; 0; 0; 0; 0; 0; 13; 64; 0; 0; 0; 0; 0; 0; 0; 0; 24; 150; 0; 0; 0; 0; 0
1964;08; 0; 0; 0; 0; 0; 0; 0; 0; 0; 0; 0; 0; 0; 0; 0; 0; 0; 0; 0; 0; 0; 0; 0; 0; 0; 0; 0; 0; 0; 0; 0
1964;09; 0; 0; 0; 0; 0; 0; 0; 0; 0; 0; 0; 0; 0; 0; 0; 0; 0; 0; 0; 0; 0; 0; 0; 11; 232; 0; 0; 331; 0; 195; 9999
1964;10; 41; 64; 101; 24; 0; 232; 0; 0; 0; 0; 0; 0; 0; 0; 0; 0; 0; 59; 307; 51; 0; 23; 0; 0; 83; 401; 0; 32; 68; 24; 0
1964;11; 0; 0; 0; 0; 234; 14; 0; 0; 0; 0; 0; 0; 0; 106; 129; 164; 81; 276; 124; 63; 464; 0; 0; 0; 0; 0; 0; 0; 46; 294; 9999
1964;12; 145; 163; 341; 0; 0; 0; 0; 21; 0; 78; 0; 0; 413; 41; 203; 0; 43; 26; 83; 105; 278; 81; 124; 31; 278; 80; 129; 67; 298; 0; 0
1965;01; 43; 68; 151; 83; 421; 0; 23; 116; 83; 261; 63; 14; 48; 143; 127; 351; 63; 108; 213; 24; 14; 0; 0; 0; 51; 46; 604; 296; 245; 128; 0
1965;02; 151; 205; 146; 228; 294; 125; 0; 0; 0; 23; 114; 63; 284; 216; 43; 81; 0; 0; 63; 209; 253; 148; 63; 24; 13; 81; 0; 0; 9999; 9999; 9999
1965;03; 0; 0; 0; 0; 83; 42; 13; 158; 0; 0; 0; 31; 84; 48; 128; 474; 0; 0; 53; 121; 68; 179; 151; 60; 0; 0; 0; 0; 0; 0; 0
1965;04; 0; 0; 0; 0; 0; 0; 0; 0; 241; 0; 0; 0; 0; 0; 0; 0; 0; 0; 0; 0; 213; 0; 0; 0; 0; 0; 0; 0; 13; 186; 9999
1965;05; 0; 0; 0; 0; 0; 0; 0; 101; 42; 0; 0; 0; 0; 0; 0; 103; 168; 0; 0; 0; 0; 0; 0; 0; 0; 0; 0; 0; 0; 0; 0
1965;06; 0; 0; 0; 0; 0; 0; 0; 0; 0; 0; 0; 0; 21; 0; 0; 0; 0; 0; 0; 0; 0; 0; 162; 15; 123; 0; 0; 0; 0; 0; 9999
1965;07; 0; 0; 156; 18; 63; 13; 35; 21; 63; 78; 0; 0; 0; 0; 0; 0; 0; 0; 0; 0; 0; 0; 0; 0; 0; 0; 0; 0; 0; 60; 154
1965;08; 0; 0; 0; 0; 0; 0; 0; 0; 0; 0; 0; 0; 0; 0; 0; 0; 0; 0; 0; 0; 10; 0; 0; 0; 0; 0; 0; 0; 0; 0; 0
1965;09; 0; 0; 0; 0; 0; 0; 0; 0; 0; 0; 0; 0; 0; 0; 0; 0; 0; 0; 0; 0; 0; 0; 0; 63; 0; 0; 111; 201; 32; 205; 9999
1965;10; 105; 435; 0; 0; 0; 0; 0; 0; 0; 0; 0; 395; 43; 0; 0; 0; 0; 0; 0; 0; 163; 0; 0; 0; 0; 265; 0; 0; 143; 41; 0
1965;11; 0; 0; 0; 0; 0; 0; 19; 24; 94; 0; 0; 31; 61; 47; 58; 0; 0; 0; 151; 285; 41; 0; 0; 0; 0; 0; 128; 103; 0; 0; 9999
1965;12; 0; 0; 193; 106; 0; 0; 261; 324; 138; 0; 0; 0; 0; 0; 0; 0; 0; 0; 0; 21; 0; 0; 27; 143; 60; 124; 0; 367; 281; 108; 0
1966;01; 134; 259; 424; 48; 26; 181; 45; 134; 289; 301; 47; 272; 169; 253; 0; 0; 48; 215; 0; 0; 0; 0; 0; 60; 0; 0; 0; 393; 128; 304; 46
1966;02; 123; 368; 0; 71; 0; 43; 84; 35; 5; 131; 84; 33; 101; 168; 0; 0; 31; 0; 0; 0; 0; 213; 48; 324; 161; 63; 253; 0; 9999; 9999; 9999
1966;03; 81; 45; 359; 123; 89; 451; 548; 266; 0; 0; 0; 0; 0; 0; 0; 0; 0; 0; 0; 0; 153; 0; 63; 3; 0; 0; 114; 49; 0; 45; 0
1966;04; 0; 114; 0; 183; 148; 103; 89; 151; 0; 0; 0; 0; 0; 0; 0; 0; 0; 0; 0; 0; 0; 0; 0; 0; 0; 118; 0; 0; 0; 0; 9999
1966;05; 9999; 0; 0; 0; 0; 0; 0; 0; 69; 0; 0; 68; 23; 108; 63; 0; 0; 0; 0; 0; 38; 181; 84; 0; 0; 0; 0; 0; 0; 0; 0
1966;06; 0; 0; 0; 0; 0; 0; 0; 0; 0; 0; 0; 0; 0; 0; 0; 0; 0; 0; 0; 0; 0; 0; 0; 0; 0; 0; 0; 0; 0; 0; 9999
1966;07; 0; 0; 0; 0; 0; 0; 0; 49; 0; 0; 0; 0; 0; 0; 0; 0; 0; 5; 0; 0; 0; 0; 0; 0; 0; 0; 0; 0; 0; 0; 61
1966;08; 0; 0; 0; 0; 0; 0; 0; 0; 0; 0; 0; 0; 0; 0; 0; 0; 0; 0; 0; 0; 0; 0; 0; 0; 0; 0; 0; 0; 0; 0; 0
1966;09; 0; 0; 0; 0; 12; 0; 0; 0; 0; 0; 0; 0; 0; 0; 0; 0; 0; 0; 0; 0; 0; 204; 60; 0; 0; 0; 0; 108; 64; 0; 9999
1966;10; 0; 0; 0; 0; 0; 318; 103; 0; 74; 0; 156; 0; 0; 0; 0; 103; 0; 0; 0; 334; 0; 0; 0; 61; 0; 0; 65; 309; 756; 150; 0
1966;11; 0; 103; 21; 0; 0; 167; 0; 0; 0; 144; 161; 189; 173; 89; 0; 0; 21; 0; 0; 43; 0; 0; 0; 0; 0; 0; 28; 0; 0; 0; 9999
1966;12; 0; 0; 0; 31; 0; 0; 0; 0; 0; 0; 0; 0; 0; 0; 0; 0; 0; 0; 183; 141; 304; 118; 409; 338; 0; 0; 0; 0; 0; 0; 0
1967;01; 0; 0; 64; 0; 81; 153; 0; 0; 71; 32; 0; 0; 181; 42; 0; 0; 103; 0; 235; 0; 180; 208; 0; 13; 0; 65; 454; 131; 83; 0; 143
1967;02; 128; 312; 151; 401; 624; 103; 81; 0; 121; 83; 143; 81; 69; 186; 74; 13; 263; 303; 51; 312; 64; 123; 38; 81; 21; 0; 0; 283; 9999; 9999; 9999
1967;03; 0; 0; 143; 0; 0; 0; 103; 151; 63; 273; 126; 184; 61; 103; 55; 146; 21; 104; 0; 0; 139; 61; 38; 24; 63; 109; 121; 63; 90; 0; 0
1967;04; 0; 0; 0; 0; 0; 0; 0; 0; 0; 0; 95; 0; 0; 0; 0; 0; 0; 0; 109; 36; 157; 0; 0; 0; 0; 63; 0; 0; 0; 0; 9999
1967;05; 0; 64; 0; 0; 0; 0; 0; 0; 0; 0; 0; 0; 0; 0; 0; 0; 0; 0; 0; 0; 0; 0; 0; 0; 0; 0; 0; 0; 0; 0; 0
1967;06; 13; 0; 0; 0; 0; 0; 0; 64; 0; 0; 0; 0; 0; 0; 0; 0; 0; 0; 0; 0; 0; 0; 0; 0; 0; 0; 0; 0; 0; 0; 9999
1967;07; 0; 0; 0; 0; 0; 0; 0; 0; 0; 0; 0; 0; 0; 0; 0; 0; 0; 0; 0; 0; 0; 23; 0; 0; 0; 0; 0; 0; 0; 0; 0
1967;08; 0; 0; 0; 0; 0; 0; 0; 0; 0; 0; 0; 0; 0; 0; 0; 0; 0; 0; 0; 0; 0; 0; 0; 0; 0; 0; 0; 0; 0; 0; 0
1967;09; 0; 0; 0; 0; 0; 0; 0; 64; 0; 13; 0; 103; 0; 0; 0; 0; 0; 0; 0; 0; 0; 0; 0; 0; 0; 0; 0; 0; 0; 0; 9999
1967;10; 104; 0; 0; 0; 0; 0; 126; 34; 0; 0; 0; 51; 0; 0; 13; 0; 38; 0; 67; 0; 0; 0; 893; 131; 216; 139; 0; 0; 0; 0; 103
1967;11; 103; 0; 0; 31; 0; 0; 34; 13; 0; 0; 0; 64; 185; 83; 108; 313; 0; 0; 0; 0; 0; 183; 149; 117; 381; 35; 0; 64; 0; 0; 9999
1967;12; 0; 0; 0; 0; 124; 34; 19; 106; 34; 121; 0; 53; 74; 0; 0; 0; 131; 109; 253; 0; 325; 0; 189; 0; 359; 114; 69; 419; 232; 168; 101
1968;01; 0; 0; 67; 0; 31; 73; 0; 0; 0; 0; 0; 153; 196; 0; 0; 0; 0; 0; 0; 0; 69; 0; 88; 0; 0; 0; 0; 0; 0; 0; 0
1968;02; 0; 0; 0; 21; 69; 0; 0; 0; 0; 0; 0; 143; 121; 0; 0; 0; 0; 0; 0; 163; 38; 16; 0; 0; 0; 0; 139; 64; 0; 9999; 9999
1968;03; 0; 0; 31; 0; 21; 0; 0; 351; 0; 0; 0; 0; 169; 0; 381; 0; 21; 289; 0; 0; 0; 0; 0; 0; 0; 0; 0; 0; 0; 0; 21
1968;04; 0; 0; 0; 0; 0; 0; 0; 0; 0; 0; 0; 0; 0; 0; 0; 0; 0; 0; 0; 231; 0; 0; 0; 0; 0; 0; 0; 0; 0; 0; 9999
1968;05; 0; 0; 0; 0; 0; 0; 0; 0; 0; 0; 0; 0; 0; 0; 0; 0; 0; 0; 0; 0; 0; 0; 0; 0; 0; 0; 0; 0; 0; 0; 0
1968;06; 0; 0; 0; 0; 0; 0; 0; 0; 0; 0; 0; 0; 0; 0; 0; 0; 0; 0; 0; 0; 0; 0; 0; 0; 0; 0; 0; 0; 0; 0; 9999
1968;07; 0; 0; 0; 0; 0; 0; 0; 0; 0; 0; 0; 0; 0; 0; 0; 0; 0; 0; 0; 0; 0; 0; 0; 0; 0; 0; 0; 0; 0; 0; 0
1968;08; 0; 0; 0; 0; 0; 0; 34; 0; 103; 0; 0; 0; 0; 0; 0; 0; 0; 0; 0; 0; 0; 0; 0; 0; 31; 0; 0; 0; 0; 0; 101
1968;09; 0; 0; 0; 0; 0; 0; 0; 0; 0; 0; 0; 0; 0; 0; 0; 0; 0; 0; 0; 0; 0; 0; 0; 0; 0; 0; 0; 0; 0; 64; 9999
1968;10; 0; 0; 0; 0; 0; 0; 0; 0; 0; 0; 0; 0; 0; 0; 0; 353; 184; 0; 0; 0; 0; 243; 0; 0; 0; 148; 0; 0; 64; 0; 0
1968;11; 0; 0; 0; 0; 0; 0; 0; 0; 0; 0; 0; 0; 0; 0; 0; 0; 259; 0; 336; 0; 0; 0; 0; 0; 0; 0; 0; 280; 123; 439; 9999
1968;12; 236; 0; 0; 0; 0; 0; 0; 0; 0; 0; 0; 0; 0; 0; 257; 0; 0; 0; 0; 0; 0; 0; 0; 0; 0; 0; 184; 131; 148; 251; 9999
1969;01; 0; 0; 293; 0; 0; 0; 0; 0; 0; 0; 0; 131; 0; 0; 0; 109; 0; 0; 0; 0; 39; 14; 293; 0; 0; 0; 0; 0; 0; 0; 0
1969;02; 0; 189; 38; 0; 0; 121; 56; 0; 0; 0; 0; 0; 0; 325; 101; 283; 156; 103; 0; 0; 0; 60; 0; 0; 0; 80; 0; 100; 9999; 9999; 9999
1969;03; 0; 129; 193; 31; 0; 0; 0; 0; 0; 0; 0; 0; 124; 0; 0; 0; 0; 0; 0; 0; 63; 0; 0; 0; 104; 0; 0; 0; 146; 0; 283
1969;04; 0; 0; 31; 0; 0; 0; 0; 146; 0; 109; 63; 44; 0; 0; 0; 0; 0; 0; 0; 0; 0; 0; 0; 0; 0; 0; 0; 0; 41; 0; 9999
1969;05; 0; 0; 253; 69; 0; 0; 0; 0; 0; 0; 0; 0; 0; 0; 0; 0; 0; 0; 0; 0; 0; 0; 0; 0; 0; 0; 0; 0; 69; 0; 0
1969;06; 0; 289; 0; 0; 0; 0; 0; 0; 0; 0; 0; 0; 0; 0; 0; 0; 0; 0; 0; 0; 0; 0; 0; 0; 0; 0; 0; 0; 0; 0; 9999
1969;07; 0; 0; 0; 0; 0; 0; 0; 0; 0; 0; 0; 0; 0; 0; 0; 0; 0; 0; 0; 0; 0; 0; 0; 0; 0; 0; 0; 0; 0; 0; 9999
1969;08; 9999; 69; 0; 0; 0; 93; 0; 0; 0; 0; 0; 0; 0; 0; 0; 0; 0; 0; 0; 0; 0; 0; 0; 0; 0; 0; 0; 0; 0; 0; 0
1969;09; 0; 0; 0; 0; 0; 0; 0; 0; 0; 0; 0; 0; 0; 0; 0; 0; 0; 0; 0; 0; 0; 0; 0; 0; 0; 0; 0; 304; 121; 0; 9999
1969;10; 0; 0; 0; 0; 0; 0; 0; 0; 153; 0; 0; 0; 0; 0; 0; 0; 64; 0; 0; 303; 0; 0; 0; 289; 0; 0; 0; 21; 0; 389; 0
1969;11; 73; 0; 45; 0; 0; 0; 39; 15; 313; 94; 150; 101; 63; 124; 0; 253; 129; 24; 122; 0; 0; 0; 0; 0; 0; 0; 139; 31; 154; 0; 9999
1969;12; 276; 0; 0; 0; 0; 145; 0; 0; 239; 123; 261; 0; 0; 0; 0; 0; 131; 0; 60; 0; 0; 0; 183; 0; 0; 0; 0; 0; 36; 132; 359
1970;01; 0; 0; 323; 0; 0; 0; 121; 0; 0; 0; 0; 93; 0; 0; 0; 101; 186; 234; 52; 91; 0; 39; 0; 0; 0; 0; 303; 0; 46; 234; 121
1970;02; 139; 29; 108; 53; 161; 76; 189; 0; 151; 235; 141; 219; 296; 125; 246; 191; 223; 284; 219; 181; 165; 309; 705; 67; 0; 0; 0; 0; 9999; 9999; 9999
1970;03; 0; 61; 23; 0; 0; 0; 0; 0; 0; 21; 27; 121; 0; 0; 0; 81; 223; 0; 0; 0; 0; 0; 0; 0; 0; 0; 0; 159; 0; 0; 0
1970;04; 0; 0; 0; 0; 95; 0; 0; 0; 0; 0; 0; 0; 0; 0; 0; 0; 0; 103; 0; 0; 0; 0; 0; 0; 0; 0; 0; 0; 114; 0; 9999
1970;05; 0; 83; 0; 0; 0; 0; 0; 91; 0; 0; 0; 0; 0; 0; 0; 0; 0; 0; 0; 9999; 48; 0; 92; 0; 0; 0; 0; 0; 0; 0; 0
1970;06; 0; 0; 0; 0; 0; 0; 0; 0; 0; 0; 0; 1; 0; 0; 0; 0; 0; 0; 0; 0; 0; 0; 0; 225; 17; 0; 0; 0; 237; 0; 9999
1970;07; 0; 0; 4; 0; 0; 0; 0; 0; 0; 0; 116; 0; 68; 77; 0; 0; 0; 0; 0; 0; 0; 0; 0; 0; 0; 2; 3; 0; 0; 0; 0
1970;08; 0; 0; 0; 0; 0; 0; 0; 0; 0; 0; 0; 0; 0; 0; 0; 0; 0; 0; 0; 0; 0; 0; 0; 0; 0; 7; 0; 0; 0; 18; 131
1970;09; 7; 0; 0; 32; 0; 0; 92; 1; 0; 5; 32; 0; 0; 0; 0; 69; 0; 0; 0; 0; 0; 0; 42; 0; 0; 74; 0; 0; 480; 16; 9999
1970;10; 0; 97; 315; 5; 6; 0; 0; 0; 0; 0; 0; 2; 285; 0; 0; 0; 0; 0; 0; 63; 0; 111; 47; 0; 169; 77; 0; 0; 2; 124; 0
1970;11; 0; 0; 156; 0; 244; 0; 73; 105; 310; 15; 0; 46; 0; 27; 25; 0; 0; 0; 0; 0; 0; 264; 0; 0; 0; 0; 0; 0; 207; 70; 9999
1970;12; 96; 10; 0; 0; 0; 0; 0; 0; 3; 184; 5; 3; 98; 63; 0; 64; 50; 60; 1; 0; 126; 0; 0; 0; 442; 43; 0; 0; 1; 6; 219
1971;01; 0; 13; 11; 35; 62; 20; 2; 3; 0; 0; 30; 0; 34; 351; 111; 0; 0; 22; 33; 24; 0; 53; 0; 0; 0; 0; 0; 0; 10; 0; 3
1971;02; 0; 0; 0; 0; 0; 0; 183; 9; 133; 0; 48; 0; 0; 0; 84; 2; 0; 0; 0; 0; 126; 29; 0; 0; 948; 2; 230; 286; 9999; 9999; 9999
1971;03; 0; 0; 0; 0; 0; 266; 199; 1; 2; 42; 12; 17; 183; 0; 0; 0; 0; 0; 10; 0; 444; 155; 14; 183; 0; 159; 26; 44; 337; 57; 0
1971;04; 0; 0; 0; 0; 0; 0; 0; 0; 85; 48; 0; 0; 0; 0; 0; 0; 46; 0; 0; 0; 65; 0; 0; 100; 0; 0; 0; 0; 0; 0; 9999
1971;05; 0; 0; 66; 20; 0; 0; 0; 0; 0; 0; 0; 0; 0; 0; 0; 0; 0; 0; 0; 0; 0; 0; 0; 0; 8; 22; 108; 0; 0; 0; 0
1971;06; 0; 0; 0; 0; 0; 0; 0; 0; 6; 0; 0; 74; 192; 26; 3; 207; 13; 0; 109; 51; 0; 0; 0; 0; 0; 0; 0; 0; 0; 0; 9999
1971;07; 0; 0; 0; 0; 15; 0; 0; 0; 0; 0; 0; 0; 0; 0; 0; 0; 0; 0; 0; 0; 0; 0; 0; 0; 0; 0; 0; 0; 0; 235; 23
1971;08; 0; 0; 0; 0; 0; 0; 0; 0; 0; 0; 0; 0; 0; 0; 0; 0; 0; 0; 0; 0; 9999; 9999; 9999; 9999; 9999; 9999; 9999; 9999; 9999; 9999; 9999
1971;09; 0; 0; 118; 0; 0; 0; 43; 0; 205; 0; 0; 579; 0; 0; 0; 0; 0; 0; 0; 0; 0; 0; 0; 0; 162; 0; 47; 0; 23; 0; 9999
1971;10; 359; 0; 0; 0; 0; 63; 663; 328; 0; 0; 0; 286; 1; 0; 0; 18; 219; 0; 0; 0; 0; 0; 0; 0; 0; 11; 0; 53; 227; 0; 0
1971;11; 5; 347; 0; 277; 75; 0; 0; 0; 0; 0; 0; 0; 5; 0; 0; 0; 0; 24; 211; 1; 17; 0; 48; 13; 17; 30; 0; 611; 0; 125; 9999
1971;12; 350; 0; 0; 856; 87; 0; 0; 301; 432; 177; 3; 572; 91; 49; 302; 0; 38; 0; 99; 127; 24; 15; 313; 284; 172; 37; 993; 116; 1; 0; 0
1972;01; 0; 11; 0; 73; 0; 0; 31; 125; 0; 250; 21; 0; 0; 0; 0; 0; 0; 0; 0; 46; 0; 131; 205; 374; 178; 47; 340; 49; 0; 137; 0
1972;02; 177; 17; 253; 0; 54; 34; 281; 1; 231; 15; 2; 16; 105; 73; 566; 45; 236; 25; 34; 190; 177; 215; 436; 12; 9; 34; 63; 359; 0; 9999; 9999
1972;03; 0; 4; 0; 0; 0; 9; 0; 81; 193; 8; 0; 659; 0; 15; 0; 281; 49; 32; 0; 5; 25; 3; 13; 194; 0; 243; 63; 122; 0; 0; 0
1972;04; 32; 0; 2; 122; 0; 89; 344; 199; 0; 0; 0; 0; 0; 0; 0; 106; 0; 0; 0; 0; 0; 0; 0; 0; 0; 0; 0; 155; 0; 0; 9999
1972;05; 0; 0; 17; 0; 0; 0; 0; 0; 0; 0; 0; 0; 0; 0; 0; 0; 0; 0; 0; 0; 0; 0; 142; 8; 197; 0; 0; 0; 0; 0; 0
1972;06; 0; 0; 0; 0; 0; 0; 0; 0; 0; 0; 0; 0; 0; 0; 0; 0; 0; 0; 1; 1; 0; 0; 0; 0; 0; 0; 0; 0; 0; 0; 9999
1972;07; 0; 0; 0; 0; 0; 0; 0; 318; 0; 7; 288; 0; 525; 0; 0; 62; 0; 0; 0; 0; 0; 0; 0; 0; 0; 0; 36; 0; 0; 0; 0
1972;08; 0; 0; 0; 6; 128; 0; 341; 0; 0; 0; 0; 0; 9; 0; 0; 0; 0; 0; 0; 0; 0; 0; 0; 0; 0; 0; 0; 0; 0; 21; 0
1972;09; 10; 15; 0; 76; 2; 0; 0; 0; 0; 0; 59; 85; 0; 65; 0; 0; 0; 0; 0; 0; 0; 0; 0; 0; 228; 81; 0; 221; 126; 26; 9999
1972;10; 23; 116; 37; 177; 508; 14; 295; 0; 0; 206; 361; 0; 0; 0; 288; 0; 0; 0; 27; 0; 0; 0; 0; 0; 0; 0; 178; 0; 0; 15; 0
1972;11; 25; 65; 474; 507; 122; 0; 0; 55; 75; 0; 3; 4; 0; 47; 131; 0; 0; 303; 32; 117; 0; 628; 26; 16; 211; 302; 84; 0; 0; 0; 9999
1972;12; 10; 7; 136; 0; 0; 0; 25; 0; 0; 0; 3; 7; 159; 0; 0; 0; 0; 0; 76; 0; 0; 118; 260; 196; 72; 52; 19; 63; 696; 1; 0
1973;01; 283; 541; 61; 0; 0; 0; 0; 0; 73; 0; 0; 0; 4; 153; 0; 1; 327; 75; 200; 4; 221; 48; 140; 16; 103; 62; 0; 50; 4; 43; 2
1973;02; 73; 0; 0; 305; 47; 316; 27; 1; 0; 0; 0; 0; 14; 0; 297; 12; 20; 0; 2; 0; 120; 9; 0; 0; 0; 135; 234; 0; 9999; 9999; 9999
1973;03; 0; 79; 6; 250; 16; 0; 0; 0; 181; 557; 325; 70; 0; 0; 0; 0; 6; 80; 152; 0; 1; 3; 67; 0; 0; 2; 4; 0; 0; 299; 98
1973;04; 288; 135; 42; 0; 0; 0; 4; 4; 91; 101; 267; 331; 302; 41; 0; 0; 0; 0; 0; 73; 6; 174; 0; 0; 0; 0; 0; 0; 0; 15; 9999
1973;05; 0; 0; 0; 0; 23; 225; 0; 0; 0; 92; 0; 40; 0; 0; 0; 0; 0; 0; 0; 0; 0; 45; 0; 30; 208; 15; 0; 0; 0; 0; 0
1973;06; 0; 0; 0; 0; 0; 0; 0; 0; 0; 0; 0; 0; 0; 0; 0; 0; 0; 0; 110; 0; 0; 0; 0; 0; 0; 0; 61; 159; 120; 0; 9999
1973;07; 0; 0; 0; 0; 0; 0; 0; 0; 0; 0; 0; 0; 0; 0; 0; 0; 0; 0; 0; 0; 0; 11; 0; 0; 0; 0; 0; 41; 27; 0; 0
1973;08; 0; 0; 0; 0; 0; 10; 0; 0; 0; 0; 0; 0; 0; 0; 0; 0; 0; 0; 0; 0; 0; 0; 0; 0; 0; 0; 0; 0; 0; 0; 0
1973;09; 0; 246; 1; 0; 0; 0; 45; 0; 0; 0; 0; 0; 0; 0; 0; 0; 0; 0; 0; 0; 0; 0; 0; 0; 0; 182; 0; 0; 0; 0; 9999
1973;10; 0; 0; 0; 0; 0; 0; 141; 0; 8; 33; 0; 0; 251; 0; 0; 0; 0; 0; 152; 0; 0; 0; 0; 0; 0; 53; 4; 42; 0; 0; 144
1973;11; 225; 452; 57; 0; 0; 0; 0; 0; 0; 3; 0; 131; 45; 95; 0; 0; 304; 260; 111; 6; 0; 0; 6; 0; 45; 98; 0; 2; 0; 0; 9999
1973;12; 76; 55; 0; 147; 182; 220; 34; 188; 177; 0; 0; 0; 0; 50; 0; 17; 39; 61; 118; 0; 65; 103; 0; 208; 124; 70; 3; 59; 2; 200; 230
1974;01; 30; 40; 3; 106; 2; 0; 0; 137; 4; 1; 64; 84; 284; 5; 160; 326; 27; 0; 149; 0; 0; 0; 14; 66; 49; 70; 153; 0; 136; 0; 76
1974;02; 0; 16; 80; 73; 27; 0; 0; 0; 0; 0; 4; 68; 7; 139; 0; 0; 0; 7; 3; 15; 125; 14; 0; 130; 0; 0; 0; 0; 9999; 9999; 9999
1974;03; 0; 0; 8; 22; 45; 84; 220; 10; 64; 47; 128; 475; 78; 104; 539; 16; 2; 298; 391; 252; 19; 3; 0; 25; 30; 20; 0; 0; 0; 0; 0
1974;04; 7; 105; 0; 0; 0; 0; 247; 0; 0; 81; 36; 70; 429; 109; 9; 0; 0; 0; 0; 0; 0; 0; 0; 0; 203; 65; 0; 0; 0; 0; 9999
1974;05; 202; 0; 0; 0; 0; 0; 0; 0; 0; 0; 0; 0; 16; 18; 0; 0; 92; 0; 0; 0; 1; 0; 0; 0; 0; 5; 35; 3; 0; 0; 0
1974;06; 0; 0; 0; 5; 95; 0; 0; 0; 0; 0; 0; 0; 0; 0; 0; 0; 0; 0; 0; 0; 0; 180; 2; 0; 0; 16; 41; 0; 0; 0; 9999
1974;07; 0; 0; 0; 0; 0; 0; 0; 0; 0; 0; 0; 0; 0; 0; 0; 0; 0; 0; 0; 0; 0; 0; 0; 0; 0; 0; 0; 0; 0; 0; 0
1974;08; 0; 0; 0; 0; 0; 0; 0; 0; 0; 0; 0; 0; 38; 0; 0; 33; 0; 0; 0; 0; 0; 0; 0; 0; 0; 0; 0; 0; 0; 0; 0
1974;09; 0; 0; 0; 0; 0; 0; 0; 0; 0; 0; 0; 0; 0; 0; 0; 0; 0; 0; 0; 85; 6; 0; 0; 0; 9; 0; 0; 0; 0; 1; 9999
1974;10; 36; 0; 0; 28; 198; 0; 0; 0; 0; 6; 0; 0; 0; 0; 0; 0; 32; 0; 37; 24; 0; 0; 0; 0; 33; 94; 0; 602; 24; 150; 21
1974;11; 0; 0; 0; 0; 0; 0; 0; 0; 0; 0; 0; 0; 3; 32; 0; 0; 0; 0; 0; 0; 45; 137; 31; 0; 0; 0; 0; 375; 102; 174; 9999
1974;12; 0; 0; 76; 525; 340; 411; 60; 0; 0; 0; 0; 174; 309; 157; 127; 0; 13; 244; 73; 79; 102; 241; 0; 103; 209; 0; 15; 158; 156; 261; 31
1975;01; 253; 613; 2; 0; 0; 30; 0; 397; 3; 0; 4; 0; 0; 2; 92; 0; 0; 0; 15; 6; 265; 0; 0; 121; 68; 29; 0; 0; 0; 7; 74
1975;02; 5; 16; 147; 211; 1; 262; 235; 275; 34; 110; 0; 6; 161; 0; 0; 0; 92; 0; 0; 3; 0; 0; 417; 1; 0; 50; 0; 191; 9999; 9999; 9999
1975;03; 95; 0; 0; 0; 0; 0; 0; 0; 30; 9; 0; 0; 0; 0; 0; 0; 158; 2; 0; 0; 34; 0; 0; 0; 225; 0; 0; 0; 0; 0; 64
1975;04; 517; 0; 699; 0; 0; 0; 0; 0; 0; 110; 131; 11; 0; 0; 0; 111; 0; 0; 0; 0; 0; 0; 0; 0; 0; 0; 0; 0; 0; 0; 9999
1975;05; 23; 0; 0; 16; 0; 0; 0; 37; 0; 0; 0; 0; 0; 0; 0; 0; 0; 0; 0; 0; 0; 0; 0; 0; 0; 0; 0; 0; 0; 0; 0
1975;06; 0; 0; 0; 0; 2; 0; 0; 0; 0; 0; 0; 0; 0; 0; 0; 0; 0; 0; 0; 0; 0; 0; 0; 0; 0; 0; 0; 0; 78; 15; 9999
1975;07; 0; 0; 0; 121; 0; 34; 0; 0; 0; 0; 0; 0; 0; 0; 0; 0; 0; 5; 0; 0; 0; 0; 0; 0; 0; 0; 0; 0; 0; 0; 0
1975;08; 0; 0; 0; 0; 0; 0; 0; 0; 0; 0; 0; 0; 0; 0; 0; 0; 0; 0; 0; 0; 0; 0; 0; 0; 0; 0; 0; 0; 0; 0; 0
1975;09; 0; 0; 0; 0; 0; 0; 0; 0; 0; 0; 0; 0; 0; 0; 0; 0; 0; 0; 0; 0; 0; 0; 0; 6; 0; 159; 2; 128; 0; 23; 9999
1975;10; 125; 0; 0; 0; 0; 40; 139; 100; 0; 0; 0; 164; 7; 0; 118; 0; 0; 2; 338; 23; 0; 0; 0; 0; 0; 2; 0; 0; 0; 0; 83
1975;11; 0; 120; 0; 0; 0; 0; 274; 0; 0; 121; 4; 315; 7; 0; 0; 110; 59; 442; 314; 159; 513; 0; 145; 41; 400; 243; 263; 729; 204; 159; 9999
1975;12; 46; 185; 0; 0; 0; 0; 0; 6; 68; 19; 0; 25; 72; 8; 64; 0; 8; 27; 152; 0; 0; 0; 59; 102; 433; 243; 12; 146; 18; 0; 0
1976;01; 0; 51; 147; 44; 193; 0; 529; 15; 0; 23; 0; 9; 0; 0; 0; 6; 0; 0; 0; 0; 2; 3; 0; 204; 0; 0; 3; 167; 2; 0; 0
1976;02; 66; 294; 186; 99; 0; 193; 471; 215; 69; 0; 33; 0; 0; 0; 0; 48; 83; 138; 83; 114; 7; 18; 128; 55; 49; 28; 59; 17; 46; 9999; 9999
1976;03; 7; 42; 468; 0; 0; 0; 0; 31; 71; 0; 13; 11; 4; 4; 8; 704; 0; 0; 19; 572; 0; 6; 31; 39; 0; 162; 420; 157; 0; 0; 0
1976;04; 0; 0; 0; 0; 0; 0; 0; 0; 0; 0; 13; 390; 252; 540; 6; 0; 0; 0; 0; 0; 0; 0; 0; 0; 0; 0; 0; 0; 0; 0; 9999
1976;05; 0; 0; 0; 0; 254; 0; 0; 0; 0; 156; 0; 0; 0; 0; 0; 10; 83; 2; 0; 58; 11; 0; 0; 0; 0; 0; 0; 0; 420; 71; 0
1976;06; 0; 0; 0; 0; 0; 161; 0; 0; 6; 0; 0; 0; 0; 0; 0; 0; 0; 0; 0; 0; 0; 0; 0; 0; 0; 0; 0; 0; 0; 0; 9999
1976;07; 0; 0; 499; 280; 0; 0; 0; 0; 0; 61; 0; 0; 0; 0; 0; 0; 0; 0; 0; 0; 0; 0; 0; 0; 0; 0; 0; 0; 0; 0; 0
1976;08; 0; 0; 0; 0; 0; 58; 0; 0; 0; 143; 1; 0; 5; 447; 28; 0; 0; 0; 19; 255; 45; 0; 0; 0; 0; 0; 0; 0; 0; 0; 0
1976;09; 0; 0; 0; 0; 0; 76; 35; 0; 1; 0; 0; 0; 32; 598; 317; 300; 0; 0; 0; 0; 63; 0; 150; 0; 0; 0; 243; 94; 2; 0; 9999
1976;10; 0; 0; 180; 0; 0; 15; 0; 0; 77; 134; 0; 0; 0; 0; 0; 0; 0; 132; 25; 446; 94; 0; 0; 0; 742; 22; 0; 0; 0; 20; 304
1976;11; 61; 0; 0; 0; 64; 187; 0; 0; 0; 74; 271; 88; 6; 1; 0; 85; 27; 34; 136; 176; 44; 413; 0; 0; 0; 59; 0; 5; 0; 0; 9999
1976;12; 0; 193; 283; 0; 0; 0; 0; 0; 119; 273; 0; 15; 81; 110; 23; 65; 174; 39; 0; 397; 100; 32; 6; 265; 154; 178; 221; 566; 9; 0; 32
1977;01; 9; 9; 3; 28; 31; 81; 406; 279; 0; 0; 5; 0; 33; 0; 0; 0; 48; 17; 513; 437; 37; 0; 179; 133; 162; 9; 46; 93; 63; 332; 292
1977;02; 56; 0; 1; 0; 42; 0; 0; 0; 22; 0; 0; 0; 0; 0; 0; 0; 0; 0; 0; 0; 0; 0; 0; 0; 13; 327; 32; 6; 9999; 9999; 9999
1977;03; 0; 0; 0; 0; 0; 0; 437; 0; 193; 0; 37; 0; 0; 0; 0; 0; 17; 0; 471; 0; 99; 68; 0; 26; 0; 0; 6; 31; 225; 43; 9
1977;04; 139; 0; 0; 94; 138; 0; 0; 0; 318; 511; 0; 0; 0; 0; 0; 0; 0; 0; 34; 204; 8; 2; 0; 0; 0; 0; 0; 0; 0; 0; 9999
1977;05; 0; 3; 106; 0; 0; 0; 0; 0; 0; 0; 0; 0; 0; 0; 0; 0; 46; 0; 0; 0; 0; 0; 0; 0; 0; 0; 0; 0; 0; 0; 0
1977;06; 0; 309; 0; 15; 189; 120; 0; 0; 0; 0; 0; 0; 0; 0; 98; 0; 0; 0; 0; 0; 0; 0; 0; 0; 49; 0; 0; 0; 0; 0; 9999
1977;07; 0; 0; 0; 0; 0; 0; 0; 0; 0; 0; 0; 0; 0; 0; 0; 0; 0; 0; 9; 0; 0; 0; 0; 0; 0; 0; 0; 0; 0; 0; 0
1977;08; 0; 0; 0; 0; 0; 0; 0; 0; 0; 0; 0; 0; 0; 0; 0; 0; 0; 0; 0; 0; 0; 0; 0; 0; 0; 0; 0; 0; 76; 238; 118
1977;09; 71; 205; 45; 0; 0; 0; 183; 0; 0; 0; 0; 0; 0; 0; 0; 0; 0; 41; 0; 0; 327; 0; 0; 124; 43; 0; 0; 0; 0; 0; 9999
1977;10; 0; 826; 122; 0; 0; 242; 0; 0; 0; 0; 0; 0; 0; 14; 0; 0; 0; 28; 16; 4; 0; 0; 0; 0; 0; 0; 127; 509; 51; 0; 0
1977;11; 0; 125; 0; 0; 482; 514; 0; 0; 0; 0; 0; 0; 1213; 31; 354; 150; 113; 161; 92; 72; 5; 9; 0; 32; 110; 16; 498; 308; 308; 492; 9999
1977;12; 72; 302; 91; 177; 101; 87; 0; 0; 0; 184; 194; 60; 0; 0; 71; 0; 0; 0; 206; 146; 140; 209; 251; 208; 1; 0; 0; 0; 0; 0; 0
1978;01; 5; 534; 316; 344; 97; 5; 529; 177; 33; 0; 49; 39; 64; 525; 64; 90; 86; 0; 0; 86; 0; 326; 3; 0; 0; 0; 0; 392; 0; 0; 0
1978;02; 0; 0; 0; 0; 157; 0; 0; 0; 0; 0; 0; 352; 3; 83; 0; 4; 0; 0; 0; 0; 152; 130; 3; 0; 0; 2; 0; 15; 9999; 9999; 9999
1978;03; 31; 0; 45; 46; 0; 0; 0; 161; 42; 366; 186; 0; 0; 0; 0; 0; 0; 0; 0; 0; 0; 0; 0; 0; 0; 0; 0; 0; 2; 0; 39
1978;04; 0; 140; 200; 36; 0; 0; 0; 0; 0; 0; 14; 0; 0; 0; 0; 39; 10; 74; 0; 0; 6; 24; 115; 0; 0; 24; 0; 0; 0; 0; 9999
1978;05; 2; 0; 0; 0; 0; 0; 0; 0; 0; 0; 0; 0; 0; 0; 46; 0; 198; 230; 81; 0; 120; 50; 197; 0; 0; 0; 0; 82; 0; 645; 64
1978;06; 0; 0; 0; 14; 0; 0; 0; 0; 208; 0; 0; 0; 0; 0; 0; 0; 0; 0; 0; 0; 0; 0; 0; 0; 0; 0; 0; 0; 0; 0; 9999
1978;07; 0; 0; 0; 0; 0; 0; 0; 0; 3; 0; 0; 0; 0; 0; 0; 288; 0; 64; 0; 122; 0; 47; 0; 0; 0; 0; 0; 0; 0; 0; 0
1978;08; 0; 0; 0; 0; 0; 0; 0; 0; 0; 0; 0; 0; 0; 0; 0; 0; 0; 0; 0; 0; 0; 0; 0; 0; 0; 0; 0; 0; 0; 0; 0
1978;09; 0; 0; 0; 0; 0; 59; 0; 57; 0; 0; 0; 0; 0; 0; 0; 0; 184; 35; 0; 0; 0; 0; 0; 0; 0; 0; 0; 0; 0; 0; 9999
1978;10; 0; 0; 0; 0; 0; 0; 0; 0; 0; 21; 77; 0; 0; 0; 1; 0; 0; 0; 511; 41; 0; 0; 0; 0; 0; 0; 0; 337; 3; 0; 12
1978;11; 527; 0; 73; 402; 90; 141; 0; 0; 0; 0; 579; 73; 267; 0; 0; 9; 161; 9; 0; 58; 33; 0; 0; 71; 37; 0; 31; 122; 125; 0; 9999
1978;12; 0; 0; 16; 24; 15; 0; 9; 17; 780; 80; 633; 56; 44; 19; 29; 265; 198; 25; 0; 0; 0; 0; 188; 60; 0; 21; 693; 35; 67; 0; 82
1979;01; 46; 1; 87; 32; 78; 46; 3; 0; 6; 0; 0; 188; 71; 3; 0; 0; 0; 0; 0; 396; 399; 196; 16; 19; 102; 0; 0; 103; 122; 172; 0
1979;02; 124; 0; 0; 160; 37; 297; 0; 0; 12; 8; 67; 21; 329; 306; 130; 0; 0; 159; 2; 0; 0; 0; 180; 0; 0; 0; 0; 0; 9999; 9999; 9999
1979;03; 0; 0; 0; 0; 0; 17; 66; 0; 0; 15; 0; 546; 240; 81; 95; 0; 0; 409; 9; 5; 0; 19; 200; 7; 0; 0; 0; 0; 0; 0; 0
1979;04; 0; 0; 0; 302; 300; 8; 52; 0; 0; 0; 0; 0; 0; 0; 0; 0; 0; 0; 0; 0; 0; 0; 0; 0; 0; 0; 0; 0; 170; 135; 9999
1979;05; 154; 82; 0; 27; 202; 0; 0; 102; 0; 0; 0; 0; 0; 0; 0; 0; 0; 0; 0; 0; 0; 0; 0; 0; 0; 0; 0; 0; 0; 615; 8
1979;06; 0; 0; 0; 0; 0; 0; 0; 0; 0; 0; 0; 0; 0; 0; 0; 0; 0; 0; 0; 0; 0; 0; 0; 0; 0; 0; 0; 0; 0; 0; 9999
1979;07; 0; 0; 0; 0; 0; 0; 0; 0; 0; 0; 7; 0; 0; 0; 0; 0; 0; 0; 0; 261; 1; 0; 6; 79; 16; 0; 32; 0; 0; 0; 0
1979;08; 0; 0; 0; 0; 0; 0; 0; 0; 0; 0; 0; 0; 0; 0; 0; 0; 0; 0; 206; 26; 0; 0; 0; 0; 0; 0; 165; 0; 0; 0; 0
1979;09; 0; 0; 7; 125; 85; 0; 0; 0; 0; 0; 48; 19; 0; 49; 311; 69; 0; 3; 0; 0; 0; 0; 280; 3; 0; 0; 0; 0; 0; 0; 9999
1979;10; 19; 48; 0; 160; 0; 0; 0; 0; 289; 0; 0; 249; 373; 61; 206; 37; 0; 0; 0; 0; 0; 0; 0; 0; 0; 0; 0; 0; 188; 0; 32
1979;11; 146; 19; 622; 46; 42; 0; 0; 67; 450; 27; 95; 0; 0; 82; 0; 0; 0; 0; 4; 0; 0; 9; 57; 286; 0; 50; 0; 0; 0; 0; 9999
1979;12; 0; 0; 277; 605; 367; 0; 0; 0; 122; 1; 63; 159; 307; 45; 2; 12; 2; 19; 9; 42; 0; 31; 309; 91; 214; 97; 410; 127; 0; 76; 303
1980;01; 287; 0; 0; 0; 0; 0; 0; 192; 180; 44; 203; 187; 0; 0; 0; 0; 35; 285; 50; 8; 12; 0; 0; 1; 400; 55; 36; 66; 9; 0; 0
1980;02; 90; 141; 1; 0; 2; 0; 0; 424; 115; 19; 44; 0; 3; 104; 0; 0; 97; 20; 94; 34; 0; 0; 12; 147; 207; 73; 403; 109; 6; 9999; 9999
1980;03; 0; 0; 0; 0; 0; 0; 4; 0; 0; 0; 0; 455; 203; 234; 65; 274; 681; 1; 1; 4; 0; 0; 0; 0; 0; 0; 0; 0; 0; 0; 114
1980;04; 0; 26; 121; 113; 326; 100; 0; 0; 0; 28; 207; 114; 8; 106; 109; 1; 40; 0; 0; 0; 0; 0; 0; 0; 0; 0; 0; 0; 0; 0; 9999
1980;05; 0; 16; 69; 28; 1; 0; 0; 0; 0; 0; 0; 19; 0; 0; 0; 0; 5; 0; 0; 0; 0; 0; 0; 0; 0; 0; 0; 0; 0; 0; 0
1980;06; 0; 0; 9; 6; 0; 0; 0; 0; 0; 0; 0; 0; 0; 43; 0; 0; 0; 0; 0; 0; 0; 0; 0; 0; 19; 778; 141; 0; 0; 0; 9999
1980;07; 0; 0; 0; 0; 0; 0; 0; 0; 0; 0; 0; 0; 0; 0; 0; 0; 0; 0; 0; 0; 0; 0; 0; 0; 0; 0; 0; 0; 0; 0; 6
1980;08; 0; 0; 0; 0; 0; 0; 0; 0; 0; 0; 0; 0; 22; 55; 0; 0; 0; 17; 0; 0; 0; 0; 0; 0; 0; 0; 42; 0; 0; 0; 0
1980;09; 0; 0; 0; 0; 0; 0; 0; 0; 0; 0; 0; 0; 257; 0; 0; 13; 4; 39; 65; 0; 508; 70; 0; 0; 0; 0; 0; 147; 20; 0; 9999
1980;10; 0; 0; 0; 0; 0; 0; 0; 92; 155; 0; 9; 211; 19; 0; 0; 5; 7; 0; 0; 0; 0; 0; 0; 58; 0; 48; 5; 0; 0; 0; 220
1980;11; 3; 0; 3; 17; 207; 0; 0; 519; 343; 634; 186; 120; 0; 0; 0; 0; 0; 0; 47; 453; 0; 0; 765; 368; 8; 17; 0; 0; 10; 28; 9999
1980;12; 839; 679; 390; 7; 30; 43; 20; 114; 0; 0; 0; 33; 126; 28; 0; 0; 0; 1; 0; 0; 8; 47; 119; 0; 336; 151; 192; 149; 29; 2; 22
1981;01; 19; 1; 9; 70; 321; 0; 179; 79; 89; 0; 135; 670; 245; 147; 483; 96; 2; 29; 0; 0; 7; 16; 0; 30; 11; 183; 0; 38; 0; 17; 8
1981;02; 117; 5; 120; 0; 0; 0; 90; 200; 11; 235; 8; 5; 12; 177; 0; 0; 0; 0; 0; 10; 0; 0; 0; 0; 0; 0; 22; 0; 9999; 9999; 9999
1981;03; 0; 0; 30; 0; 97; 15; 26; 95; 4; 2; 0; 0; 0; 0; 1; 0; 380; 95; 0; 20; 61; 15; 0; 0; 0; 0; 39; 150; 205; 7; 0
1981;04; 0; 0; 0; 224; 17; 0; 0; 0; 0; 0; 0; 0; 0; 0; 0; 180; 0; 0; 0; 0; 0; 0; 0; 667; 0; 0; 0; 65; 0; 1; 9999
1981;05; 0; 0; 0; 0; 0; 0; 0; 0; 0; 0; 0; 0; 0; 0; 0; 0; 0; 0; 0; 0; 0; 0; 0; 0; 0; 0; 0; 0; 0; 0; 0
1981;06; 0; 0; 0; 0; 0; 0; 400; 0; 0; 0; 0; 0; 0; 0; 0; 47; 80; 24; 0; 0; 0; 0; 0; 0; 0; 0; 0; 0; 0; 0; 9999
1981;07; 0; 0; 0; 0; 0; 0; 0; 0; 0; 0; 0; 0; 0; 0; 0; 0; 0; 0; 0; 0; 0; 0; 0; 0; 2; 0; 0; 0; 0; 0; 0
1981;08; 0; 0; 0; 0; 0; 0; 0; 0; 0; 0; 0; 0; 0; 0; 0; 0; 0; 0; 0; 0; 0; 0; 0; 0; 0; 0; 0; 0; 0; 0; 0
1981;09; 0; 0; 0; 0; 0; 0; 0; 0; 0; 0; 0; 0; 0; 0; 0; 0; 0; 0; 0; 0; 0; 0; 116; 0; 0; 257; 33; 0; 0; 0; 9999
1981;10; 0; 0; 247; 87; 0; 0; 167; 41; 0; 0; 8; 439; 128; 0; 0; 411; 0; 0; 0; 1041; 26; 0; 0; 0; 0; 41; 225; 0; 29; 535; 0
1981;11; 0; 16; 10; 83; 206; 0; 0; 237; 0; 557; 167; 0; 106; 15; 31; 0; 0; 0; 63; 236; 10; 0; 0; 0; 0; 92; 0; 0; 107; 9; 9999
1981;12; 289; 254; 615; 304; 210; 74; 89; 57; 93; 477; 0; 106; 117; 0; 75; 0; 199; 37; 207; 4; 0; 0; 72; 61; 0; 0; 157; 210; 18; 0; 0
1982;01; 31; 44; 249; 7; 0; 0; 0; 0; 0; 571; 33; 737; 547; 0; 0; 0; 22; 389; 0; 0; 10; 9999; 183; 143; 7; 13; 6; 93; 243; 63; 19
1982;02; 90; 93; 48; 6; 65; 340; 57; 45; 10; 0; 0; 0; 0; 0; 0; 60; 9; 0; 0; 0; 0; 84; 192; 112; 95; 0; 37; 131; 9999; 9999; 9999
1982;03; 6; 230; 0; 283; 0; 0; 0; 62; 538; 552; 349; 45; 249; 87; 0; 183; 203; 5; 32; 0; 39; 357; 596; 0; 0; 0; 0; 0; 6; 0; 64
1982;04; 3; 59; 0; 0; 0; 0; 0; 0; 0; 0; 23; 144; 0; 30; 91; 0; 0; 0; 0; 0; 0; 0; 0; 0; 0; 0; 0; 0; 0; 0; 9999
1982;05; 2; 0; 0; 0; 0; 0; 0; 0; 0; 0; 0; 0; 0; 0; 0; 0; 35; 0; 0; 0; 0; 0; 0; 161; 102; 404; 2; 0; 0; 0; 93
1982;06; 0; 0; 0; 0; 129; 0; 0; 0; 0; 0; 0; 0; 74; 10; 0; 0; 50; 0; 0; 0; 0; 4; 0; 217; 4; 0; 27; 0; 0; 3; 9999
1982;07; 0; 0; 0; 0; 0; 0; 0; 0; 0; 0; 0; 0; 0; 48; 0; 0; 0; 0; 327; 0; 0; 0; 0; 0; 0; 0; 0; 0; 0; 0; 10
1982;08; 0; 0; 0; 0; 23; 0; 19; 0; 0; 0; 0; 32; 0; 0; 0; 0; 0; 0; 0; 0; 0; 0; 0; 0; 0; 0; 0; 499; 257; 0; 0
1982;09; 0; 0; 0; 0; 0; 0; 0; 0; 0; 0; 0; 0; 0; 0; 0; 0; 0; 0; 248; 0; 0; 0; 9999; 0; 0; 0; 0; 394; 0; 0; 9999
1982;10; 0; 0; 200; 33; 0; 0; 215; 15; 0; 0; 251; 0; 102; 39; 0; 0; 0; 0; 216; 0; 118; 629; 0; 0; 0; 0; 67; 71; 61; 11; 1
1982;11; 0; 0; 35; 0; 5; 3; 53; 0; 0; 71; 0; 160; 0; 0; 428; 30; 12; 65; 0; 0; 168; 4; 0; 22; 0; 0; 0; 0; 8; 0; 9999
1982;12; 18; 255; 3; 145; 0; 43; 214; 132; 48; 744; 198; 80; 31; 114; 0; 78; 558; 58; 191; 24; 403; 37; 15; 495; 2; 0; 3; 195; 185; 24; 32
1983;01; 11; 79; 4; 18; 214; 312; 192; 275; 64; 59; 0; 1; 126; 237; 76; 144; 208; 207; 192; 102; 5; 114; 0; 215; 0; 0; 81; 4; 4; 13; 90
1983;02; 358; 758; 550; 8; 0; 43; 0; 321; 200; 128; 60; 149; 15; 100; 14; 0; 0; 80; 378; 0; 0; 0; 0; 0; 0; 111; 21; 513; 9999; 9999; 9999
1983;03; 6; 356; 9; 344; 23; 42; 0; 21; 0; 0; 0; 0; 0; 0; 32; 4; 0; 0; 326; 222; 94; 100; 25; 2; 2; 0; 1; 73; 0; 0; 0
1983;04; 86; 40; 15; 0; 0; 3; 260; 11; 0; 0; 200; 257; 34; 0; 0; 0; 0; 0; 0; 0; 0; 22; 0; 0; 151; 86; 0; 0; 0; 0; 9999
1983;05; 0; 0; 0; 0; 0; 0; 0; 111; 0; 0; 0; 0; 0; 63; 0; 0; 0; 0; 0; 0; 109; 0; 34; 163; 43; 0; 0; 2; 358; 0; 704
1983;06; 24; 208; 3; 66; 39; 0; 116; 0; 0; 0; 0; 0; 0; 0; 0; 0; 0; 0; 0; 0; 0; 0; 0; 0; 0; 0; 0; 0; 0; 0; 9999
1983;07; 0; 0; 0; 0; 0; 0; 0; 0; 0; 0; 0; 0; 0; 0; 0; 0; 0; 0; 205; 122; 39; 0; 0; 0; 0; 0; 0; 0; 0; 0; 0
1983;08; 0; 0; 0; 0; 0; 0; 0; 0; 0; 0; 0; 0; 0; 0; 0; 0; 0; 0; 0; 0; 0; 0; 0; 0; 0; 0; 0; 0; 0; 0; 0
1983;09; 0; 0; 0; 0; 0; 180; 315; 225; 11; 0; 105; 0; 0; 0; 0; 59; 13; 0; 334; 93; 0; 0; 0; 722; 0; 0; 0; 0; 0; 0; 9999
1983;10; 0; 40; 0; 0; 0; 87; 43; 427; 0; 0; 96; 96; 373; 67; 0; 0; 0; 631; 431; 44; 0; 219; 457; 132; 0; 0; 0; 0; 0; 0; 0
1983;11; 247; 4; 7; 0; 3; 0; 0; 0; 0; 381; 57; 407; 290; 7; 23; 69; 0; 0; 254; 80; 186; 0; 37; 0; 0; 0; 0; 0; 15; 45; 9999
1983;12; 0; 235; 6; 0; 0; 0; 0; 0; 157; 175; 47; 76; 31; 169; 277; 213; 174; 178; 0; 0; 368; 12; 104; 210; 67; 0; 12; 117; 252; 6; 0
1984;01; 0; 214; 212; 53; 0; 0; 1; 1; 355; 2; 41; 0; 0; 0; 0; 0; 0; 0; 0; 0; 127; 5; 97; 545; 397; 334; 314; 67; 0; 0; 0
1984;02; 47; 0; 0; 0; 0; 0; 0; 0; 62; 0; 0; 0; 0; 0; 5; 0; 26; 0; 3; 8; 0; 0; 0; 0; 0; 0; 0; 0; 0; 9999; 9999
1984;03; 0; 137; 3; 159; 52; 5; 79; 245; 6; 0; 0; 0; 0; 0; 0; 0; 0; 0; 0; 0; 0; 264; 0; 0; 0; 76; 0; 0; 0; 0; 99
1984;04; 0; 0; 13; 27; 19; 0; 0; 439; 222; 0; 0; 0; 0; 0; 0; 106; 116; 0; 0; 66; 8; 0; 0; 0; 0; 0; 21; 161; 275; 52; 9999
1984;05; 0; 63; 169; 0; 0; 0; 0; 6; 0; 0; 0; 0; 0; 0; 12; 0; 0; 365; 0; 0; 0; 0; 0; 0; 0; 0; 0; 0; 0; 0; 0
1984;06; 0; 0; 0; 0; 0; 0; 0; 0; 0; 0; 0; 0; 0; 0; 0; 0; 0; 0; 0; 0; 0; 0; 0; 0; 0; 0; 0; 0; 0; 0; 9999
1984;07; 0; 0; 0; 0; 0; 0; 0; 0; 0; 0; 0; 0; 0; 0; 0; 0; 0; 0; 0; 0; 0; 0; 0; 0; 0; 0; 0; 0; 8; 0; 0
1984;08; 0; 0; 8; 57; 0; 0; 0; 5; 0; 0; 0; 0; 0; 0; 0; 0; 0; 0; 0; 0; 108; 0; 119; 44; 23; 0; 0; 0; 67; 0; 0
1984;09; 6; 0; 0; 0; 0; 0; 112; 39; 128; 0; 0; 0; 0; 0; 0; 0; 73; 0; 0; 0; 254; 91; 0; 0; 0; 0; 163; 0; 0; 0; 9999
1984;10; 0; 0; 0; 0; 0; 0; 0; 0; 223; 0; 0; 0; 0; 41; 98; 272; 453; 86; 0; 96; 0; 0; 105; 0; 0; 0; 0; 0; 0; 0; 0
1984;11; 0; 0; 0; 0; 0; 0; 7; 0; 0; 0; 91; 453; 11; 0; 0; 0; 825; 9; 7; 0; 252; 0; 62; 0; 0; 261; 256; 135; 0; 4; 9999
1984;12; 0; 716; 83; 12; 18; 177; 23; 122; 0; 118; 0; 0; 150; 383; 505; 45; 34; 318; 0; 0; 0; 0; 0; 0; 77; 63; 308; 0; 303; 20; 14
1985;01; 8; 21; 0; 43; 105; 37; 3; 720; 816; 0; 0; 0; 0; 85; 0; 0; 320; 79; 25; 0; 83; 143; 48; 71; 87; 1173; 443; 37; 0; 505; 47
1985;02; 315; 0; 85; 0; 0; 0; 0; 0; 302; 193; 44; 105; 23; 37; 16; 0; 0; 0; 0; 0; 0; 2; 23; 357; 211; 150; 63; 0; 9999; 9999; 9999
1985;03; 269; 303; 203; 0; 55; 16; 29; 23; 0; 75; 91; 0; 0; 0; 0; 637; 22; 351; 5; 0; 3; 0; 0; 0; 0; 226; 2; 161; 0; 119; 0
1985;04; 0; 0; 0; 0; 0; 132; 0; 0; 0; 32; 0; 0; 136; 67; 197; 18; 39; 107; 0; 0; 0; 0; 0; 0; 0; 0; 0; 0; 0; 0; 9999
1985;05; 0; 0; 0; 0; 0; 0; 0; 0; 0; 0; 14; 0; 0; 0; 0; 0; 0; 0; 0; 0; 0; 163; 0; 0; 0; 0; 0; 0; 0; 0; 9999
1985;06; 0; 0; 0; 5; 0; 0; 0; 0; 0; 0; 0; 0; 0; 0; 0; 0; 0; 0; 0; 0; 0; 0; 0; 0; 0; 0; 0; 0; 0; 0; 9999
1985;07; 0; 0; 0; 0; 0; 0; 0; 0; 0; 0; 0; 0; 0; 0; 0; 0; 0; 0; 0; 0; 0; 0; 0; 0; 0; 0; 0; 0; 0; 0; 0
1985;08; 0; 0; 0; 0; 0; 0; 0; 0; 0; 0; 0; 0; 0; 0; 0; 0; 0; 0; 0; 0; 0; 0; 0; 0; 0; 0; 0; 0; 0; 0; 0
1985;09; 196; 0; 0; 0; 0; 0; 188; 0; 0; 0; 0; 0; 0; 0; 0; 0; 0; 0; 0; 0; 0; 0; 0; 0; 98; 0; 0; 0; 0; 0; 9999
1985;10; 0; 0; 0; 0; 0; 0; 0; 0; 0; 0; 106; 0; 0; 0; 0; 0; 0; 64; 0; 0; 11; 0; 0; 0; 0; 0; 193; 0; 511; 0; 0
1985;11; 475; 335; 53; 453; 164; 0; 0; 0; 0; 0; 0; 0; 0; 0; 0; 0; 0; 0; 0; 67; 257; 11; 13; 15; 125; 676; 200; 12; 0; 0; 9999
1985;12; 0; 0; 300; 268; 0; 0; 0; 0; 0; 0; 0; 0; 114; 0; 67; 103; 115; 51; 9; 7; 0; 95; 0; 309; 220; 52; 0; 57; 0; 35; 127
1986;01; 0; 0; 117; 0; 67; 776; 3; 36; 19; 107; 0; 159; 160; 111; 22; 142; 1; 129; 3; 0; 63; 63; 1; 113; 0; 0; 47; 0; 0; 0; 58
1986;02; 0; 2; 25; 17; 0; 0; 18; 73; 0; 0; 0; 102; 69; 97; 34; 7; 71; 97; 195; 139; 7; 0; 0; 0; 0; 0; 1; 157; 9999; 9999; 9999
1986;03; 108; 35; 0; 21; 167; 113; 196; 155; 3; 0; 0; 0; 0; 0; 0; 0; 0; 0; 36; 0; 45; 0; 6; 0; 15; 22; 0; 336; 0; 322; 0
1986;04; 0; 0; 0; 0; 0; 0; 0; 0; 73; 0; 38; 0; 0; 0; 115; 72; 0; 0; 0; 0; 0; 0; 0; 0; 0; 11; 2; 0; 0; 0; 9999
1986;05; 0; 0; 0; 0; 0; 0; 0; 79; 205; 150; 11; 0; 339; 113; 0; 0; 0; 27; 0; 0; 0; 0; 0; 0; 0; 0; 0; 0; 0; 0; 49
1986;06; 0; 0; 0; 0; 0; 0; 0; 0; 0; 0; 0; 0; 0; 0; 0; 0; 0; 0; 0; 0; 0; 0; 0; 0; 0; 0; 0; 0; 0; 0; 9999
1986;07; 0; 0; 15; 12; 0; 0; 0; 0; 0; 0; 0; 0; 0; 0; 0; 0; 0; 0; 0; 0; 3; 0; 329; 205; 0; 0; 0; 0; 0; 0; 0
1986;08; 25; 0; 0; 0; 0; 0; 0; 0; 0; 0; 0; 0; 0; 1; 11; 89; 42; 0; 0; 0; 207; 0; 186; 11; 0; 219; 0; 0; 0; 0; 0
1986;09; 0; 0; 19; 0; 0; 0; 7; 0; 0; 0; 0; 0; 0; 0; 0; 0; 0; 0; 0; 0; 0; 0; 0; 0; 0; 3; 0; 0; 327; 0; 9999
1986;10; 0; 0; 0; 0; 0; 0; 0; 0; 19; 0; 0; 7; 0; 0; 0; 0; 0; 0; 19; 0; 199; 761; 181; 0; 0; 0; 9; 0; 0; 0; 0
1986;11; 5; 0; 32; 328; 2; 59; 69; 0; 0; 13; 807; 111; 0; 0; 0; 0; 12; 0; 0; 17; 13; 0; 0; 0; 0; 0; 0; 18; 0; 651; 9999
1986;12; 975; 51; 178; 0; 0; 0; 12; 225; 102; 8; 0; 9; 0; 0; 197; 97; 271; 7; 0; 0; 19; 153; 522; 0; 277; 185; 39; 234; 198; 81; 35
1987;01; 0; 137; 125; 0; 143; 0; 0; 29; 0; 0; 0; 49; 0; 2; 0; 203; 0; 503; 0; 303; 5; 0; 241; 402; 45; 164; 45; 81; 45; 4; 7
1987;02; 0; 75; 95; 12; 0; 0; 339; 0; 15; 927; 0; 0; 327; 81; 217; 316; 3; 144; 0; 13; 0; 0; 0; 0; 91; 19; 93; 57; 9999; 9999; 9999
1987;03; 95; 0; 0; 0; 0; 0; 0; 91; 497; 195; 0; 0; 5; 0; 185; 0; 475; 151; 1; 202; 0; 0; 0; 0; 0; 0; 0; 0; 0; 0; 0
1987;04; 102; 79; 95; 0; 0; 0; 0; 0; 0; 0; 0; 33; 12; 0; 0; 0; 0; 0; 0; 0; 289; 195; 105; 0; 0; 0; 0; 0; 0; 150; 9999
1987;05; 0; 0; 0; 0; 0; 0; 0; 10; 120; 1; 0; 0; 0; 0; 0; 543; 0; 381; 0; 0; 0; 143; 0; 19; 0; 0; 0; 0; 0; 0; 0
1987;06; 0; 0; 0; 0; 0; 0; 32; 0; 0; 0; 0; 0; 0; 0; 0; 102; 5; 0; 0; 0; 0; 0; 41; 0; 0; 0; 0; 0; 0; 0; 9999
1987;07; 0; 0; 0; 0; 0; 0; 0; 0; 0; 143; 0; 0; 0; 0; 0; 0; 0; 0; 0; 0; 0; 0; 0; 0; 0; 0; 0; 0; 0; 0; 29
1987;08; 0; 0; 0; 0; 0; 0; 92; 1; 0; 0; 0; 0; 0; 0; 0; 0; 0; 0; 0; 0; 0; 0; 0; 0; 0; 0; 0; 0; 0; 0; 0
1987;09; 0; 0; 0; 0; 0; 0; 19; 32; 41; 0; 49; 0; 0; 0; 0; 0; 0; 0; 117; 0; 0; 0; 175; 301; 77; 0; 0; 26; 0; 0; 9999
1987;10; 0; 126; 0; 0; 0; 288; 0; 0; 0; 0; 0; 0; 0; 0; 0; 0; 0; 0; 0; 0; 0; 0; 0; 605; 904; 0; 0; 0; 359; 0; 98
1987;11; 0; 0; 0; 0; 0; 424; 0; 153; 0; 0; 0; 0; 0; 441; 297; 227; 0; 0; 0; 0; 333; 0; 11; 0; 313; 0; 13; 11; 0; 44; 9999
1987;12; 7; 0; 0; 113; 37; 304; 149; 0; 0; 0; 428; 239; 0; 287; 0; 0; 0; 0; 121; 709; 68; 0; 0; 0; 0; 0; 0; 0; 182; 0; 0
1988;01; 184; 20; 0; 0; 68; 85; 298; 3; 83; 0; 58; 49; 0; 0; 0; 0; 121; 0; 0; 0; 296; 25; 55; 3; 0; 0; 67; 0; 68; 0; 22
1988;02; 77; 321; 17; 206; 379; 319; 104; 173; 208; 0; 7; 85; 0; 0; 183; 49; 97; 21; 87; 149; 44; 0; 0; 179; 0; 34; 115; 0; 0; 9999; 9999
1988;03; 203; 27; 104; 179; 0; 56; 0; 152; 0; 0; 0; 0; 0; 0; 0; 0; 65; 325; 165; 0; 29; 0; 0; 0; 0; 0; 125; 2; 0; 0; 71
1988;04; 0; 0; 0; 73; 0; 0; 0; 55; 0; 0; 0; 0; 55; 276; 0; 0; 166; 0; 213; 72; 233; 0; 0; 23; 0; 0; 0; 0; 15; 0; 9999
1988;05; 0; 0; 0; 0; 0; 42; 0; 0; 0; 0; 0; 0; 0; 0; 0; 0; 0; 215; 0; 0; 0; 0; 0; 0; 0; 0; 60; 0; 0; 133; 59
1988;06; 2; 0; 0; 261; 2; 0; 0; 0; 0; 0; 0; 0; 0; 0; 0; 0; 22; 0; 0; 0; 0; 0; 0; 0; 0; 0; 0; 0; 0; 0; 9999
1988;07; 0; 0; 0; 0; 0; 0; 0; 0; 0; 44; 0; 0; 0; 0; 0; 0; 0; 0; 0; 0; 0; 0; 0; 0; 0; 0; 0; 0; 0; 0; 0
1988;08; 0; 0; 0; 0; 0; 0; 0; 0; 0; 0; 0; 0; 0; 0; 0; 0; 0; 0; 0; 0; 0; 0; 0; 0; 0; 0; 0; 0; 0; 0; 0
1988;09; 0; 0; 0; 0; 0; 0; 0; 0; 0; 0; 0; 0; 0; 0; 0; 0; 0; 2; 6; 0; 0; 0; 0; 0; 0; 0; 0; 0; 30; 26; 9999
1988;10; 0; 0; 0; 8; 371; 1; 533; 0; 0; 0; 0; 29; 229; 0; 0; 0; 0; 14; 0; 95; 106; 0; 0; 290; 0; 149; 272; 0; 0; 0; 113
1988;11; 17; 639; 0; 55; 0; 0; 7; 59; 0; 0; 0; 0; 0; 0; 119; 0; 0; 0; 0; 0; 95; 218; 109; 0; 0; 0; 142; 0; 0; 30; 9999
1988;12; 337; 51; 0; 0; 0; 0; 0; 0; 0; 0; 120; 0; 0; 36; 11; 21; 0; 0; 25; 225; 98; 374; 67; 593; 11; 87; 10; 129; 179; 0; 0
1989;01; 0; 0; 388; 135; 19; 183; 120; 195; 64; 21; 450; 282; 75; 0; 150; 36; 65; 25; 0; 141; 0; 28; 0; 234; 376; 0; 65; 83; 0; 0; 0
1989;02; 0; 0; 0; 357; 173; 339; 157; 37; 21; 0; 234; 43; 1; 0; 338; 55; 256; 8; 27; 0; 119; 0; 0; 9; 264; 215; 0; 19; 9999; 9999; 9999
1989;03; 19; 239; 71; 0; 0; 62; 13; 0; 96; 0; 0; 0; 0; 598; 21; 11; 2; 211; 0; 0; 0; 0; 0; 71; 0; 133; 11; 10; 7; 0; 0
1989;04; 0; 0; 0; 0; 4; 0; 0; 55; 132; 0; 0; 0; 0; 0; 0; 603; 0; 0; 0; 0; 0; 0; 0; 0; 0; 0; 0; 0; 0; 0; 9999
1989;05; 0; 559; 467; 76; 0; 0; 0; 0; 0; 0; 0; 0; 0; 0; 0; 0; 0; 0; 0; 0; 0; 0; 0; 0; 0; 0; 0; 0; 0; 0; 0
1989;06; 0; 0; 0; 0; 0; 0; 0; 130; 49; 403; 8; 13; 0; 0; 0; 4; 0; 0; 0; 0; 0; 0; 0; 0; 37; 0; 0; 0; 49; 0; 9999
1989;07; 0; 0; 0; 0; 0; 0; 5; 0; 0; 0; 0; 0; 0; 0; 0; 0; 0; 0; 0; 0; 0; 0; 0; 0; 0; 0; 0; 0; 36; 15; 302
1989;08; 0; 0; 0; 0; 18; 0; 0; 0; 0; 0; 0; 0; 0; 0; 0; 0; 0; 0; 0; 0; 0; 0; 85; 0; 0; 85; 0; 71; 0; 0; 0
1989;09; 0; 149; 0; 0; 178; 107; 0; 0; 128; 173; 0; 0; 0; 0; 0; 0; 0; 0; 0; 56; 0; 0; 0; 0; 0; 0; 27; 0; 0; 67; 9999
1989;10; 0; 0; 0; 74; 0; 0; 0; 0; 0; 0; 0; 223; 0; 0; 0; 113; 0; 0; 0; 0; 0; 0; 0; 0; 0; 0; 30; 116; 0; 0; 0
1989;11; 0; 0; 141; 0; 0; 0; 0; 0; 240; 9; 111; 71; 214; 0; 0; 0; 0; 57; 0; 305; 179; 0; 41; 0; 339; 0; 55; 0; 0; 72; 9999
1989;12; 566; 0; 0; 0; 0; 271; 0; 0; 0; 367; 65; 1175; 109; 1334; 75; 21; 0; 0; 0; 564; 0; 0; 0; 0; 0; 0; 28; 16; 0; 249; 37
1990;01; 324; 803; 235; 54; 51; 15; 338; 0; 0; 0; 237; 0; 6; 437; 147; 1; 0; 4; 0; 0; 0; 0; 45; 0; 0; 0; 0; 104; 0; 0; 0
1990;02; 0; 0; 0; 0; 0; 12; 15; 15; 58; 0; 0; 0; 325; 3; 137; 0; 0; 0; 0; 0; 19; 0; 23; 4; 220; 359; 12; 135; 9999; 9999; 9999
1990;03; 443; 0; 0; 0; 0; 127; 46; 23; 254; 2; 0; 0; 0; 0; 2; 0; 113; 97; 69; 0; 377; 39; 65; 28; 127; 0; 303; 35; 385; 0; 0
1990;04; 0; 0; 0; 0; 0; 41; 21; 251; 51; 0; 0; 0; 0; 0; 0; 0; 118; 330; 1; 20; 0; 0; 0; 0; 0; 0; 0; 0; 0; 0; 9999
1990;05; 0; 0; 94; 0; 0; 204; 0; 0; 0; 0; 61; 56; 0; 0; 0; 67; 0; 290; 0; 0; 0; 0; 0; 0; 0; 0; 0; 0; 0; 0; 0
1990;06; 0; 0; 0; 0; 0; 0; 0; 0; 0; 0; 0; 0; 0; 0; 0; 0; 0; 0; 0; 0; 7; 0; 0; 0; 0; 0; 0; 0; 0; 0; 9999
1990;07; 0; 0; 0; 0; 0; 56; 33; 0; 0; 0; 106; 0; 0; 0; 0; 0; 0; 0; 0; 0; 0; 0; 0; 0; 0; 0; 0; 6; 0; 0; 0
1990;08; 0; 0; 0; 0; 0; 0; 0; 0; 0; 0; 0; 0; 0; 0; 0; 0; 96; 170; 0; 171; 180; 0; 0; 7; 0; 0; 0; 65; 6; 0; 0
1990;09; 0; 75; 0; 0; 0; 0; 0; 0; 0; 0; 0; 0; 56; 155; 11; 0; 0; 0; 0; 0; 0; 0; 0; 0; 0; 0; 0; 0; 0; 0; 9999
1990;10; 79; 76; 7; 0; 190; 0; 0; 0; 0; 0; 0; 0; 407; 0; 0; 0; 540; 564; 79; 0; 0; 0; 0; 0; 0; 0; 0; 0; 0; 0; 0
1990;11; 28; 0; 211; 19; 183; 228; 0; 11; 0; 0; 0; 0; 0; 30; 0; 0; 16; 0; 0; 3; 272; 0; 0; 656; 0; 0; 0; 0; 11; 0; 9999
1990;12; 0; 0; 0; 0; 0; 0; 0; 66; 0; 0; 406; 172; 0; 41; 34; 0; 443; 0; 0; 422; 0; 0; 0; 0; 28; 83; 0; 0; 0; 0; 0
1991;01; 0; 0; 0; 265; 0; 0; 166; 0; 0; 87; 0; 488; 0; 115; 0; 221; 59; 0; 0; 35; 110; 211; 0; 92; 0; 173; 1722; 0; 615; 91; 0
1991;02; 0; 177; 0; 0; 76; 72; 0; 84; 93; 185; 0; 363; 7; 17; 26; 0; 0; 305; 526; 0; 0; 0; 0; 0; 0; 0; 0; 12; 9999; 9999; 9999
1991;03; 0; 443; 0; 0; 1038; 32; 176; 27; 0; 0; 0; 0; 37; 239; 35; 282; 0; 0; 0; 0; 0; 33; 504; 0; 0; 309; 0; 0; 0; 0; 618
1991;04; 0; 0; 0; 261; 257; 0; 0; 269; 0; 76; 0; 0; 0; 71; 0; 107; 144; 0; 0; 0; 0; 0; 0; 0; 105; 587; 120; 0; 0; 0; 9999
1991;05; 0; 0; 0; 0; 0; 0; 0; 18; 0; 0; 0; 0; 0; 0; 4; 66; 0; 0; 0; 0; 0; 0; 14; 0; 0; 0; 0; 0; 0; 0; 0
1991;06; 0; 0; 0; 0; 0; 0; 0; 0; 0; 0; 0; 0; 0; 0; 0; 0; 0; 0; 0; 0; 0; 0; 0; 0; 0; 0; 0; 0; 0; 0; 9999
1991;07; 0; 0; 28; 0; 0; 0; 0; 0; 0; 0; 8; 0; 28; 28; 0; 0; 53; 0; 0; 0; 0; 0; 0; 0; 0; 0; 0; 0; 0; 0; 0
1991;08; 0; 0; 0; 0; 0; 0; 0; 0; 0; 0; 0; 0; 0; 0; 0; 0; 0; 0; 0; 0; 0; 0; 0; 0; 0; 0; 0; 0; 0; 0; 0
1991;09; 0; 0; 0; 16; 0; 0; 0; 0; 0; 0; 0; 0; 0; 0; 0; 0; 0; 0; 0; 47; 0; 0; 0; 0; 0; 0; 0; 0; 134; 37; 9999
1991;10; 350; 0; 415; 0; 0; 0; 232; 0; 0; 0; 0; 0; 0; 0; 0; 0; 0; 83; 0; 0; 0; 0; 0; 0; 0; 0; 0; 0; 0; 0; 0
1991;11; 0; 202; 73; 0; 0; 0; 0; 0; 527; 512; 0; 164; 123; 69; 105; 0; 0; 0; 2; 0; 0; 0; 0; 0; 0; 0; 0; 0; 99; 0; 9999
1991;12; 0; 0; 0; 0; 0; 163; 165; 0; 323; 79; 349; 0; 13; 0; 35; 225; 0; 0; 51; 109; 239; 0; 61; 0; 0; 0; 145; 84; 202; 41; 48
1992;01; 62; 0; 21; 195; 0; 0; 0; 0; 0; 0; 0; 0; 171; 677; 312; 0; 1021; 163; 25; 103; 91; 307; 818; 887; 0; 0; 0; 0; 0; 223; 87
1992;02; 50; 184; 0; 842; 175; 0; 167; 302; 0; 2; 151; 0; 0; 0; 0; 0; 0; 0; 0; 0; 0; 100; 0; 22; 0; 72; 0; 0; 0; 9999; 9999
1992;03; 379; 0; 41; 0; 0; 0; 165; 0; 0; 31; 331; 111; 45; 0; 0; 0; 274; 6; 0; 0; 0; 196; 0; 0; 409; 46; 555; 228; 47; 89; 0
1992;04; 0; 9; 0; 0; 0; 0; 0; 0; 0; 0; 0; 0; 0; 209; 0; 39; 209; 0; 0; 0; 103; 67; 29; 0; 1; 403; 388; 113; 0; 0; 9999
1992;05; 0; 0; 0; 111; 19; 0; 0; 0; 0; 0; 0; 0; 0; 0; 0; 0; 0; 0; 0; 0; 0; 0; 128; 0; 0; 0; 0; 0; 0; 0; 0
1992;06; 0; 0; 0; 0; 0; 0; 0; 0; 0; 0; 0; 0; 0; 0; 0; 0; 0; 0; 0; 0; 0; 0; 0; 0; 0; 0; 0; 0; 0; 0; 9999
1992;07; 0; 0; 0; 0; 0; 0; 0; 0; 0; 275; 0; 0; 0; 0; 0; 0; 0; 0; 0; 0; 0; 0; 0; 0; 0; 0; 0; 0; 0; 0; 0
1992;08; 0; 0; 0; 0; 0; 0; 0; 0; 0; 0; 0; 0; 0; 0; 0; 0; 0; 0; 0; 21; 0; 0; 0; 15; 0; 0; 0; 0; 0; 0; 0
1992;09; 0; 0; 0; 33; 0; 102; 0; 0; 0; 0; 0; 62; 48; 0; 171; 29; 0; 0; 582; 613; 0; 0; 0; 0; 28; 135; 43; 238; 0; 0; 9999
1992;10; 0; 379; 138; 0; 0; 105; 0; 32; 229; 0; 0; 352; 0; 43; 0; 488; 0; 37; 0; 0; 0; 0; 0; 258; 0; 0; 0; 343; 529; 0; 0
1992;11; 0; 142; 0; 181; 0; 193; 285; 0; 0; 0; 0; 0; 0; 17; 0; 0; 19; 12; 0; 0; 71; 0; 0; 0; 34; 107; 0; 0; 0; 0; 9999
1992;12; 13; 151; 0; 0; 203; 0; 75; 21; 0; 29; 181; 661; 0; 0; 0; 53; 0; 195; 27; 0; 0; 107; 0; 0; 0; 0; 257; 0; 5; 0; 0
1993;01; 0; 0; 0; 0; 349; 20; 0; 219; 105; 0; 339; 41; 0; 19; 0; 0; 0; 0; 0; 0; 219; 0; 0; 106; 134; 5; 119; 2; 54; 0; 0
1993;02; 0; 0; 207; 14; 989; 491; 454; 302; 749; 19; 4; 51; 0; 0; 243; 47; 73; 42; 164; 61; 3; 9; 221; 17; 2; 1; 303; 6; 9999; 9999; 9999
1993;03; 4; 0; 159; 63; 0; 0; 0; 0; 0; 0; 0; 0; 0; 0; 0; 0; 53; 32; 2; 91; 0; 41; 0; 31; 220; 0; 0; 0; 0; 156; 110
1993;04; 6; 261; 0; 0; 0; 173; 0; 0; 390; 0; 0; 0; 0; 0; 0; 0; 56; 0; 0; 0; 0; 0; 0; 0; 0; 0; 0; 0; 0; 0; 9999
1993;05; 0; 0; 0; 0; 181; 79; 0; 0; 0; 0; 0; 0; 0; 0; 109; 0; 0; 0; 0; 0; 0; 0; 0; 0; 0; 0; 0; 0; 0; 0; 381
1993;06; 223; 0; 0; 0; 99; 27; 0; 0; 0; 0; 0; 0; 0; 99; 0; 0; 0; 0; 215; 0; 0; 0; 0; 0; 0; 0; 0; 0; 0; 0; 9999
1993;07; 0; 0; 0; 0; 0; 0; 0; 0; 0; 0; 0; 0; 0; 0; 0; 0; 0; 0; 0; 0; 0; 0; 0; 0; 0; 0; 0; 0; 0; 0; 0
1993;08; 0; 0; 0; 0; 0; 0; 0; 0; 0; 0; 0; 0; 0; 57; 91; 0; 0; 0; 0; 235; 0; 0; 0; 65; 0; 0; 0; 0; 0; 0; 0
1993;09; 0; 0; 0; 0; 0; 0; 0; 215; 0; 0; 0; 16; 0; 0; 66; 76; 0; 0; 0; 0; 25; 122; 0; 357; 0; 38; 458; 33; 0; 0; 9999
1993;10; 0; 0; 0; 0; 135; 0; 0; 0; 0; 0; 0; 0; 0; 0; 0; 2; 63; 25; 0; 4; 75; 0; 0; 114; 75; 0; 0; 497; 0; 0; 0
1993;11; 0; 0; 285; 0; 0; 0; 61; 511; 411; 0; 0; 0; 0; 0; 6; 0; 0; 11; 0; 33; 0; 0; 1215; 0; 0; 0; 0; 40; 0; 0; 9999
1993;12; 0; 0; 129; 0; 191; 0; 0; 59; 0; 125; 115; 0; 0; 35; 43; 40; 141; 145; 10; 255; 543; 0; 0; 204; 30; 129; 26; 107; 387; 221; 31
1994;01; 395; 35; 27; 263; 7; 15; 30; 357; 175; 415; 0; 0; 0; 3; 307; 111; 0; 0; 17; 87; 57; 0; 38; 15; 93; 3; 225; 17; 0; 0; 15
1994;02; 0; 0; 27; 0; 0; 2; 3; 234; 0; 4; 48; 0; 0; 113; 0; 57; 23; 0; 5; 0; 0; 0; 0; 0; 0; 0; 209; 51; 9999; 9999; 9999
1994;03; 1; 211; 359; 0; 0; 14; 52; 1; 80; 141; 95; 229; 4; 3; 11; 0; 300; 0; 0; 90; 22; 5; 0; 102; 9; 0; 23; 26; 0; 0; 0
1994;04; 34; 5; 0; 0; 0; 0; 87; 1; 0; 0; 0; 0; 0; 0; 0; 0; 0; 0; 187; 35; 0; 22; 0; 0; 0; 0; 3; 0; 0; 0; 9999
1994;05; 0; 0; 0; 0; 0; 0; 0; 0; 0; 0; 0; 0; 0; 3; 263; 1; 0; 0; 0; 100; 0; 0; 0; 0; 0; 1; 0; 27; 0; 0; 0
1994;06; 0; 0; 0; 0; 0; 0; 0; 0; 0; 0; 0; 0; 0; 0; 0; 0; 0; 0; 0; 0; 0; 87; 0; 0; 45; 14; 0; 0; 0; 0; 9999
1994;07; 0; 0; 0; 0; 0; 0; 0; 0; 0; 0; 0; 0; 0; 0; 0; 0; 0; 0; 0; 0; 0; 0; 61; 30; 0; 0; 0; 0; 0; 0; 0
1994;08; 0; 0; 0; 0; 0; 0; 0; 0; 0; 0; 0; 0; 0; 0; 0; 0; 0; 0; 0; 0; 0; 0; 0; 0; 0; 0; 0; 0; 0; 0; 0
1994;09; 0; 0; 0; 0; 0; 0; 0; 0; 0; 0; 0; 0; 0; 0; 0; 0; 0; 0; 0; 0; 0; 0; 0; 0; 0; 0; 0; 7; 0; 0; 9999
1994;10; 0; 0; 0; 0; 0; 37; 23; 0; 0; 0; 0; 0; 0; 0; 0; 27; 5; 0; 0; 0; 56; 22; 189; 0; 100; 1; 260; 33; 430; 97; 0
1994;11; 0; 0; 21; 0; 0; 1; 0; 0; 97; 2; 0; 0; 0; 89; 0; 422; 0; 441; 519; 179; 0; 0; 0; 0; 0; 0; 0; 20; 435; 0; 9999
1994;12; 0; 0; 0; 45; 0; 5; 91; 155; 0; 0; 11; 13; 0; 0; 41; 220; 11; 205; 69; 1; 0; 48; 998; 119; 0; 0; 45; 9; 0; 0; 0
1995;01; 50; 42; 15; 725; 5; 0; 0; 765; 8; 0; 75; 8; 3; 15; 12; 0; 0; 0; 18; 84; 48; 3; 21; 0; 0; 0; 1247; 78; 20; 19; 97
1995;02; 46; 321; 98; 1220; 25; 0; 489; 612; 112; 11; 14; 228; 123; 8; 131; 452; 448; 153; 163; 100; 267; 116; 0; 0; 0; 0; 0; 0; 9999; 9999; 9999
1995;03; 0; 0; 0; 25; 5; 7; 0; 0; 1; 0; 0; 0; 153; 0; 0; 0; 0; 0; 0; 81; 177; 41; 0; 5; 151; 0; 0; 0; 0; 0; 297
1995;04; 951; 67; 0; 0; 0; 0; 0; 0; 405; 31; 12; 163; 2; 0; 0; 0; 0; 0; 0; 2; 0; 0; 0; 0; 0; 0; 297; 28; 19; 0; 9999
1995;05; 0; 0; 0; 0; 0; 291; 550; 0; 0; 345; 0; 0; 0; 0; 0; 7; 0; 0; 0; 0; 0; 0; 0; 0; 0; 0; 0; 0; 0; 0; 0
1995;06; 0; 0; 0; 0; 0; 0; 0; 0; 0; 0; 0; 0; 0; 0; 0; 0; 0; 0; 0; 0; 8; 0; 0; 0; 0; 131; 0; 0; 0; 0; 9999
1995;07; 0; 0; 0; 0; 0; 0; 0; 0; 0; 17; 37; 0; 0; 0; 0; 0; 0; 0; 0; 0; 0; 0; 0; 0; 0; 0; 0; 0; 0; 0; 0
1995;08; 0; 0; 0; 0; 0; 0; 0; 0; 0; 0; 0; 0; 0; 0; 0; 0; 0; 0; 0; 0; 0; 0; 0; 0; 0; 0; 0; 0; 0; 0; 0
1995;09; 0; 0; 0; 0; 0; 0; 0; 0; 0; 0; 0; 0; 0; 0; 0; 0; 0; 0; 100; 0; 22; 0; 0; 0; 77; 0; 34; 0; 1; 120; 9999
1995;10; 0; 50; 0; 0; 0; 0; 0; 0; 0; 0; 0; 0; 49; 44; 255; 12; 70; 15; 16; 1; 155; 0; 0; 0; 0; 0; 0; 0; 0; 12; 155
1995;11; 0; 167; 203; 116; 16; 0; 0; 14; 0; 0; 0; 178; 136; 0; 77; 43; 0; 0; 145; 0; 0; 0; 0; 58; 68; 0; 0; 535; 0; 2; 9999
1995;12; 0; 140; 0; 20; 17; 0; 0; 0; 0; 0; 0; 235; 943; 435; 0; 0; 0; 108; 113; 0; 0; 309; 6; 203; 5; 370; 55; 291; 248; 136; 10
1996;01; 0; 230; 229; 310; 37; 315; 220; 0; 230; 12; 0; 0; 37; 34; 0; 0; 0; 0; 0; 0; 0; 0; 0; 0; 0; 0; 0; 17; 0; 0; 70
1996;02; 0; 38; 36; 562; 2; 0; 33; 3; 10; 274; 0; 158; 13; 480; 0; 0; 0; 20; 0; 91; 115; 3; 64; 243; 0; 0; 163; 10; 0; 9999; 9999
1996;03; 0; 137; 0; 0; 0; 175; 107; 409; 55; 352; 0; 109; 0; 2; 20; 15; 0; 13; 345; 0; 160; 330; 132; 0; 0; 2; 119; 206; 2; 0; 59
1996;04; 0; 22; 0; 0; 0; 0; 0; 0; 150; 0; 0; 375; 116; 0; 0; 80; 55; 3; 0; 0; 0; 0; 0; 0; 0; 0; 0; 0; 0; 0; 9999
1996;05; 0; 0; 0; 0; 0; 0; 0; 0; 0; 47; 200; 0; 0; 14; 1; 38; 105; 0; 206; 0; 0; 0; 35; 0; 0; 0; 0; 0; 0; 0; 0
1996;06; 0; 0; 0; 0; 0; 0; 0; 0; 0; 0; 0; 0; 0; 0; 0; 0; 0; 0; 0; 0; 0; 0; 0; 0; 0; 0; 0; 35; 204; 0; 9999
1996;07; 0; 0; 0; 2; 0; 0; 0; 0; 0; 0; 0; 0; 0; 0; 0; 0; 0; 0; 0; 0; 0; 0; 0; 0; 0; 0; 0; 0; 0; 0; 0
1996;08; 0; 0; 0; 0; 0; 0; 0; 0; 0; 0; 70; 0; 0; 0; 227; 37; 0; 0; 0; 0; 0; 0; 0; 0; 0; 0; 0; 0; 0; 0; 0
1996;09; 0; 24; 0; 577; 30; 182; 43; 0; 0; 15; 52; 132; 0; 10; 0; 0; 0; 32; 0; 0; 0; 0; 0; 0; 0; 0; 0; 0; 0; 8; 9999
1996;10; 0; 0; 58; 0; 0; 0; 0; 0; 105; 132; 65; 0; 0; 53; 32; 0; 0; 0; 0; 0; 608; 0; 0; 259; 50; 253; 6; 249; 0; 0; 78
1996;11; 214; 22; 805; 142; 0; 0; 0; 0; 0; 0; 0; 0; 0; 0; 95; 78; 250; 32; 195; 443; 300; 243; 53; 0; 0; 0; 0; 0; 0; 0; 9999
1996;12; 0; 139; 85; 41; 0; 52; 0; 55; 0; 0; 77; 0; 209; 411; 22; 0; 66; 195; 0; 0; 93; 0; 248; 275; 0; 0; 0; 0; 167; 98; 2
1997;01; 9; 791; 777; 380; 3; 5; 45; 30; 319; 3; 0; 130; 519; 309; 0; 53; 0; 138; 5; 63; 5; 0; 31; 70; 308; 101; 65; 185; 25; 41; 153
1997;02; 30; 171; 143; 142; 0; 0; 0; 0; 0; 0; 0; 0; 398; 113; 0; 40; 25; 65; 125; 0; 504; 20; 0; 0; 155; 0; 0; 0; 9999; 9999; 9999
1997;03; 205; 555; 155; 60; 75; 121; 0; 0; 0; 44; 0; 0; 0; 10; 0; 41; 8; 20; 0; 3; 0; 0; 0; 0; 0; 0; 0; 0; 0; 0; 58
1997;04; 94; 0; 0; 0; 0; 0; 19; 0; 0; 0; 0; 0; 0; 0; 0; 0; 3; 16; 0; 0; 213; 0; 0; 145; 0; 0; 3; 0; 0; 0; 9999
1997;05; 0; 0; 0; 0; 0; 0; 0; 0; 0; 0; 0; 0; 0; 0; 0; 0; 35; 32; 0; 0; 0; 0; 143; 0; 503; 55; 0; 0; 205; 0; 0
1997;06; 0; 0; 0; 97; 3; 351; 0; 0; 0; 0; 0; 80; 20; 0; 113; 311; 0; 1; 0; 0; 0; 0; 0; 0; 0; 0; 0; 0; 0; 0; 9999
1997;07; 0; 0; 0; 0; 0; 0; 0; 0; 0; 0; 0; 0; 0; 0; 0; 0; 0; 0; 0; 0; 0; 0; 0; 0; 0; 0; 0; 0; 0; 0; 0
1997;08; 0; 0; 0; 0; 0; 0; 0; 0; 0; 0; 0; 0; 0; 0; 0; 0; 0; 0; 0; 0; 0; 0; 0; 0; 0; 0; 0; 0; 0; 0; 0
1997;09; 0; 0; 0; 0; 0; 0; 0; 0; 0; 0; 0; 0; 0; 3; 2; 0; 0; 0; 0; 0; 353; 5; 0; 0; 5; 3; 5; 0; 0; 0; 9999
1997;10; 0; 65; 0; 0; 0; 7; 609; 55; 0; 0; 0; 0; 0; 0; 0; 0; 0; 0; 65; 0; 379; 106; 0; 0; 0; 105; 208; 0; 0; 0; 0
1997;11; 0; 0; 0; 0; 0; 0; 115; 0; 0; 0; 0; 146; 0; 0; 312; 35; 29; 33; 177; 1; 0; 146; 0; 0; 408; 6; 0; 249; 20; 111; 9999
1997;12; 162; 209; 23; 81; 32; 0; 0; 265; 6; 8; 100; 7; 17; 98; 52; 26; 412; 0; 28; 223; 8; 0; 0; 0; 0; 268; 2; 0; 0; 0; 0
