33
Ano,Mes,1,2,3,4,5,6,7,8,9,10,11,12,13,14,15,16,17,18,19,20,21,22,23,24,25,26,27,28,29,30,31
1946;11; 0; 0; 0; 0; 0; 0; 0; 45; 0; 0; 0; 0; 0; 0; 300; 0; 0; 0; 0; 902; 135; 0; 0; 250; 210; 0; 0; 55; 15; 0; 9999
1946;12; 0; 0; 0; 0; 0; 144; 281; 338; 0; 68; 0; 0; 0; 0; 0; 360; 0; 30; 0; 51; 92; 73; 0; 222; 0; 0; 62; 0; 0; 0; 0
1947;01; 0; 0; 0; 0; 0; 0; 0; 0; 163; 0; 0; 225; 0; 164; 0; 23; 0; 0; 450; 313; 374; 22; 0; 0; 0; 0; 0; 0; 532; 87; 0
1947;02; 0; 60; 0; 0; 0; 119; 0; 0; 0; 0; 0; 0; 117; 77; 22; 138; 80; 0; 0; 218; 46; 63; 0; 140; 0; 53; 269; 73; 9999; 9999; 9999
1947;03; 242; 0; 51; 0; 413; 147; 3; 29; 28; 206; 5; 3; 0; 0; 446; 56; 5; 0; 2; 0; 0; 0; 770; 145; 0; 190; 0; 0; 0; 0; 0
1947;04; 0; 0; 0; 0; 0; 0; 0; 0; 0; 0; 0; 7; 0; 0; 0; 0; 0; 0; 0; 0; 0; 0; 0; 0; 6; 0; 0; 0; 0; 36; 9999
1947;05; 0; 303; 210; 0; 0; 0; 0; 0; 0; 0; 39; 0; 60; 0; 0; 0; 0; 0; 0; 3; 0; 79; 0; 0; 0; 0; 0; 0; 0; 0; 0
1947;06; 0; 0; 0; 0; 0; 0; 0; 0; 0; 0; 0; 0; 0; 0; 0; 0; 0; 0; 0; 0; 0; 195; 0; 0; 0; 0; 0; 0; 0; 0; 9999
1947;07; 0; 0; 0; 170; 9; 0; 0; 23; 0; 0; 0; 0; 0; 0; 0; 0; 0; 0; 0; 0; 0; 0; 0; 0; 0; 0; 0; 32; 0; 0; 0
1947;08; 32; 0; 0; 0; 0; 0; 0; 0; 0; 0; 0; 0; 0; 0; 0; 0; 0; 0; 0; 0; 0; 0; 0; 0; 0; 0; 0; 47; 160; 75; 57
1947;09; 0; 0; 68; 0; 0; 0; 0; 115; 112; 61; 0; 0; 0; 0; 0; 0; 118; 62; 0; 0; 0; 0; 30; 0; 0; 0; 0; 0; 0; 0; 9999
1947;10; 195; 0; 0; 0; 0; 0; 415; 63; 0; 0; 0; 0; 0; 44; 0; 0; 0; 294; 0; 0; 0; 281; 318; 11; 0; 0; 0; 0; 0; 0; 10
1947;11; 160; 0; 33; 0; 0; 0; 0; 0; 0; 0; 0; 69; 0; 0; 0; 0; 54; 0; 0; 0; 0; 0; 17; 93; 45; 0; 0; 0; 0; 0; 9999
1947;12; 0; 14; 0; 0; 0; 110; 345; 0; 40; 285; 118; 78; 107; 124; 0; 60; 0; 0; 0; 0; 402; 0; 35; 0; 27; 0; 0; 0; 0; 0; 0
1948;01; 0; 0; 0; 0; 0; 0; 0; 0; 0; 150; 46; 17; 10; 0; 34; 15; 40; 50; 59; 133; 27; 38; 35; 45; 40; 0; 195; 70; 114; 38; 75
1948;02; 132; 530; 45; 0; 0; 264; 0; 131; 32; 394; 42; 0; 515; 90; 60; 0; 0; 0; 262; 232; 0; 0; 0; 10; 0; 0; 0; 285; 0; 9999; 9999
1948;03; 0; 0; 0; 0; 0; 0; 0; 25; 12; 97; 110; 40; 0; 60; 0; 0; 0; 110; 0; 0; 0; 10; 0; 0; 0; 0; 0; 0; 0; 0; 0
1948;04; 0; 0; 0; 0; 0; 0; 0; 0; 24; 0; 0; 0; 0; 0; 0; 0; 0; 0; 0; 0; 0; 0; 0; 0; 0; 0; 0; 0; 0; 0; 9999
1948;05; 0; 0; 0; 0; 0; 0; 0; 0; 0; 0; 0; 0; 0; 0; 0; 0; 140; 0; 0; 0; 0; 147; 0; 0; 0; 0; 0; 189; 0; 0; 0
1948;06; 0; 0; 0; 0; 0; 0; 0; 0; 0; 0; 0; 0; 0; 0; 0; 0; 0; 0; 0; 0; 0; 0; 0; 0; 0; 0; 0; 0; 0; 0; 9999
1948;07; 0; 0; 0; 0; 0; 0; 0; 0; 0; 0; 0; 0; 0; 0; 0; 0; 0; 0; 46; 0; 0; 0; 66; 123; 11; 0; 27; 0; 0; 0; 0
1948;08; 0; 0; 0; 0; 0; 0; 0; 0; 0; 0; 27; 0; 0; 0; 0; 0; 0; 0; 0; 0; 0; 0; 0; 0; 0; 0; 0; 0; 0; 0; 0
1948;09; 0; 0; 0; 0; 0; 0; 0; 0; 0; 0; 0; 0; 0; 0; 0; 0; 0; 0; 0; 0; 0; 0; 0; 0; 0; 30; 60; 0; 0; 0; 9999
1948;10; 0; 0; 0; 230; 0; 0; 0; 0; 0; 0; 0; 90; 0; 0; 209; 15; 0; 0; 0; 0; 0; 0; 0; 0; 0; 0; 244; 0; 58; 238; 0
1948;11; 0; 15; 270; 0; 150; 252; 0; 0; 40; 0; 0; 0; 10; 0; 0; 155; 143; 210; 364; 150; 220; 0; 0; 0; 0; 0; 42; 0; 0; 0; 9999
1948;12; 0; 223; 30; 0; 0; 0; 0; 0; 160; 0; 0; 0; 0; 0; 10; 230; 130; 170; 0; 0; 0; 0; 0; 0; 0; 0; 0; 0; 0; 110; 11
1949;01; 0; 0; 0; 0; 0; 0; 0; 0; 0; 200; 10; 380; 50; 30; 0; 0; 5; 60; 172; 0; 0; 0; 0; 105; 0; 0; 0; 0; 79; 0; 50
1949;02; 450; 0; 0; 0; 0; 243; 0; 20; 180; 0; 0; 0; 0; 0; 62; 0; 23; 0; 0; 0; 352; 23; 30; 50; 0; 300; 0; 0; 9999; 9999; 9999
1949;03; 302; 0; 0; 0; 0; 65; 0; 0; 100; 230; 0; 0; 0; 0; 0; 0; 0; 0; 0; 0; 0; 0; 0; 20; 0; 0; 0; 0; 25; 34; 135
1949;04; 0; 36; 0; 0; 0; 0; 175; 0; 0; 0; 0; 0; 0; 0; 0; 0; 0; 0; 0; 0; 0; 0; 0; 0; 0; 0; 0; 0; 0; 0; 9999
1949;05; 0; 0; 0; 0; 308; 0; 50; 118; 0; 100; 9; 0; 0; 0; 0; 0; 0; 0; 0; 0; 0; 0; 0; 0; 0; 0; 0; 0; 0; 0; 0
1949;06; 0; 0; 0; 0; 0; 0; 0; 0; 0; 0; 0; 0; 0; 0; 0; 0; 0; 0; 0; 0; 0; 0; 0; 0; 0; 0; 0; 0; 0; 0; 9999
1949;07; 0; 0; 0; 0; 0; 0; 0; 0; 0; 0; 0; 0; 0; 0; 0; 0; 0; 0; 0; 0; 0; 0; 0; 0; 0; 0; 0; 0; 0; 0; 0
1949;08; 0; 0; 0; 0; 0; 0; 0; 0; 0; 0; 0; 0; 0; 0; 0; 0; 0; 0; 0; 0; 0; 0; 0; 0; 0; 0; 0; 0; 0; 0; 0
1949;09; 0; 0; 0; 0; 0; 0; 0; 0; 0; 0; 20; 0; 0; 0; 0; 29; 0; 0; 0; 0; 0; 0; 0; 0; 0; 0; 0; 0; 0; 0; 9999
1949;10; 0; 0; 0; 73; 0; 20; 50; 0; 0; 0; 0; 0; 0; 0; 0; 50; 0; 0; 20; 116; 0; 0; 0; 0; 0; 0; 175; 95; 0; 0; 0
1949;11; 0; 0; 0; 0; 55; 0; 0; 0; 40; 82; 0; 0; 0; 0; 0; 0; 0; 0; 0; 0; 165; 0; 30; 0; 0; 0; 185; 0; 0; 70; 9999
1949;12; 120; 280; 0; 130; 0; 40; 175; 0; 70; 0; 0; 225; 198; 61; 340; 134; 0; 80; 0; 0; 0; 0; 255; 11; 0; 363; 0; 0; 0; 0; 0
1950;01; 0; 107; 0; 64; 35; 0; 0; 0; 0; 418; 20; 70; 0; 0; 0; 20; 40; 115; 94; 230; 0; 85; 153; 1435; 150; 250; 280; 0; 190; 0; 0
1950;02; 0; 330; 0; 0; 0; 0; 200; 30; 160; 0; 0; 60; 70; 0; 65; 0; 30; 20; 50; 50; 30; 0; 0; 85; 17; 0; 0; 0; 9999; 9999; 9999
1950;03; 0; 0; 0; 0; 0; 37; 390; 0; 0; 0; 0; 0; 0; 300; 135; 35; 290; 0; 280; 84; 0; 0; 0; 0; 0; 0; 20; 0; 0; 0; 335
1950;04; 0; 48; 0; 0; 0; 0; 0; 0; 0; 0; 0; 0; 0; 0; 0; 0; 0; 0; 0; 0; 0; 0; 0; 0; 0; 0; 0; 0; 0; 0; 9999
1950;05; 9999; 9999; 9999; 9999; 9999; 9999; 9999; 9999; 9999; 9999; 9999; 9999; 9999; 9999; 9999; 9999; 9999; 9999; 9999; 9999; 9999; 9999; 9999; 9999; 9999; 9999; 9999; 9999; 9999; 9999; 9999
1950;06; 0; 0; 0; 0; 0; 0; 100; 40; 0; 0; 0; 0; 0; 0; 0; 0; 0; 0; 0; 0; 0; 0; 0; 0; 0; 0; 0; 0; 0; 0; 9999
1950;07; 0; 0; 0; 0; 0; 0; 0; 0; 0; 0; 0; 0; 0; 0; 0; 0; 0; 0; 0; 0; 0; 0; 0; 0; 0; 0; 0; 0; 0; 0; 0
1950;08; 0; 0; 0; 0; 0; 0; 0; 0; 0; 0; 0; 0; 0; 0; 0; 0; 0; 0; 0; 0; 0; 0; 0; 0; 0; 0; 0; 0; 0; 0; 0
1950;09; 0; 0; 0; 0; 0; 0; 0; 0; 0; 0; 0; 0; 0; 116; 0; 0; 0; 0; 0; 0; 0; 0; 0; 0; 100; 0; 0; 0; 0; 0; 9999
1950;10; 10; 0; 0; 0; 8; 460; 0; 335; 0; 130; 66; 0; 0; 0; 0; 0; 0; 12; 120; 10; 0; 0; 0; 230; 0; 0; 0; 0; 210; 0; 340
1950;11; 0; 0; 0; 0; 0; 0; 0; 50; 200; 80; 0; 0; 286; 0; 0; 0; 430; 63; 0; 0; 60; 0; 0; 0; 0; 45; 220; 110; 230; 0; 9999
1950;12; 0; 0; 0; 189; 340; 0; 365; 63; 0; 94; 0; 0; 0; 422; 370; 0; 0; 0; 0; 0; 104; 219; 0; 0; 0; 0; 0; 0; 182; 514; 52
1951;01; 0; 0; 102; 138; 85; 78; 0; 0; 192; 98; 40; 101; 100; 178; 80; 245; 73; 0; 139; 440; 608; 283; 15; 39; 68; 107; 0; 0; 0; 303; 0
1951;02; 0; 18; 435; 0; 175; 389; 59; 164; 0; 0; 0; 0; 32; 25; 180; 64; 0; 575; 14; 260; 58; 16; 0; 0; 50; 0; 0; 0; 9999; 9999; 9999
1951;03; 0; 0; 0; 0; 0; 27; 342; 80; 75; 0; 0; 0; 0; 116; 0; 176; 0; 0; 0; 0; 0; 0; 0; 170; 0; 0; 0; 0; 0; 0; 0
1951;04; 96; 0; 0; 0; 13; 0; 0; 0; 0; 0; 0; 0; 0; 0; 0; 0; 0; 0; 0; 0; 0; 0; 0; 0; 0; 0; 0; 0; 0; 0; 9999
1951;05; 0; 0; 0; 0; 0; 0; 0; 0; 0; 0; 0; 0; 0; 0; 0; 0; 0; 80; 0; 0; 0; 0; 0; 0; 0; 0; 0; 0; 284; 0; 0
1951;06; 0; 0; 0; 0; 0; 142; 0; 0; 0; 0; 0; 0; 0; 0; 0; 0; 0; 0; 0; 0; 0; 0; 0; 0; 0; 0; 0; 0; 82; 0; 9999
1951;07; 0; 0; 0; 0; 0; 0; 0; 0; 0; 0; 0; 0; 0; 0; 0; 0; 0; 0; 0; 0; 0; 0; 0; 0; 0; 0; 0; 0; 0; 0; 0
1951;08; 0; 0; 0; 0; 0; 0; 0; 0; 0; 0; 5; 0; 0; 0; 0; 0; 0; 0; 0; 0; 0; 10; 0; 0; 0; 0; 0; 0; 0; 0; 0
1951;09; 0; 0; 0; 0; 0; 0; 0; 0; 0; 0; 0; 0; 0; 0; 0; 0; 0; 0; 0; 0; 0; 0; 0; 0; 3; 0; 0; 0; 0; 0; 9999
1951;10; 0; 0; 0; 0; 160; 0; 0; 0; 0; 40; 0; 0; 0; 160; 240; 0; 0; 530; 250; 0; 0; 0; 0; 0; 90; 0; 0; 96; 0; 0; 0
1951;11; 0; 0; 0; 0; 0; 0; 0; 0; 0; 0; 0; 0; 0; 78; 35; 0; 0; 0; 0; 10; 35; 0; 40; 0; 852; 73; 150; 0; 0; 0; 9999
1951;12; 0; 110; 0; 0; 10; 0; 0; 210; 22; 122; 0; 0; 0; 0; 0; 0; 0; 0; 0; 120; 0; 0; 0; 0; 0; 0; 0; 0; 0; 364; 16
1952;01; 107; 0; 0; 0; 0; 0; 0; 16; 67; 0; 0; 0; 222; 28; 100; 183; 147; 321; 35; 0; 0; 0; 0; 290; 134; 71; 0; 0; 92; 0; 0
1952;02; 40; 0; 0; 0; 190; 94; 232; 25; 10; 129; 285; 40; 22; 15; 0; 0; 0; 0; 45; 15; 156; 708; 0; 178; 38; 0; 0; 0; 0; 9999; 9999
1952;03; 0; 137; 138; 250; 0; 0; 0; 0; 323; 502; 22; 0; 331; 105; 266; 121; 0; 0; 0; 0; 0; 0; 0; 0; 0; 0; 0; 15; 0; 0; 325
1952;04; 0; 0; 0; 0; 0; 0; 275; 0; 0; 0; 0; 0; 0; 0; 0; 0; 0; 0; 0; 0; 0; 0; 0; 0; 0; 0; 0; 0; 0; 0; 9999
1952;05; 0; 0; 0; 0; 0; 0; 0; 0; 0; 0; 0; 0; 0; 0; 0; 0; 0; 0; 0; 0; 0; 0; 0; 0; 0; 0; 0; 0; 0; 0; 0
1952;06; 0; 0; 0; 0; 0; 0; 0; 0; 0; 0; 0; 0; 265; 0; 0; 0; 0; 315; 0; 0; 0; 0; 0; 0; 0; 0; 0; 0; 0; 0; 9999
1952;07; 0; 0; 0; 0; 0; 0; 0; 0; 0; 0; 0; 0; 0; 0; 0; 0; 0; 0; 0; 0; 0; 0; 0; 0; 0; 0; 0; 0; 0; 0; 0
1952;08; 0; 0; 0; 0; 0; 0; 0; 0; 0; 0; 0; 0; 0; 0; 0; 0; 0; 0; 0; 0; 0; 0; 0; 0; 0; 0; 0; 0; 0; 0; 0
1952;09; 0; 0; 0; 20; 30; 0; 0; 0; 0; 0; 0; 0; 80; 0; 0; 0; 0; 0; 90; 0; 0; 0; 0; 0; 0; 0; 0; 0; 0; 0; 9999
1952;10; 0; 0; 0; 0; 0; 0; 0; 85; 0; 0; 30; 240; 40; 0; 0; 0; 0; 250; 220; 280; 0; 80; 0; 0; 510; 40; 0; 0; 0; 0; 20
1952;11; 0; 0; 0; 140; 130; 0; 0; 0; 0; 170; 10; 0; 0; 0; 0; 0; 0; 160; 10; 0; 0; 0; 0; 0; 0; 0; 330; 0; 0; 0; 9999
1952;12; 10; 0; 0; 0; 0; 0; 60; 80; 0; 290; 0; 0; 160; 0; 0; 0; 0; 0; 0; 50; 100; 0; 0; 0; 0; 0; 0; 0; 0; 0; 0
1953;01; 43; 182; 31; 0; 7; 0; 0; 224; 32; 0; 0; 0; 0; 12; 0; 0; 0; 0; 0; 0; 0; 0; 0; 65; 30; 70; 270; 0; 550; 320; 140
1953;02; 0; 0; 0; 0; 0; 0; 0; 0; 0; 0; 0; 40; 0; 180; 0; 0; 0; 0; 255; 259; 0; 0; 0; 0; 0; 0; 213; 40; 9999; 9999; 9999
1953;03; 120; 50; 0; 0; 0; 0; 0; 0; 0; 0; 0; 0; 0; 0; 0; 210; 0; 15; 0; 15; 30; 0; 10; 0; 70; 0; 120; 0; 15; 0; 0
1953;04; 0; 80; 0; 0; 0; 10; 0; 215; 0; 0; 0; 0; 0; 40; 0; 5; 27; 0; 0; 0; 0; 317; 0; 0; 0; 0; 0; 0; 0; 0; 9999
1953;05; 0; 0; 0; 0; 0; 0; 0; 0; 0; 0; 0; 0; 0; 0; 0; 0; 0; 0; 0; 0; 0; 0; 0; 0; 85; 0; 0; 0; 0; 0; 0
1953;06; 0; 0; 0; 0; 0; 0; 0; 0; 0; 369; 0; 0; 0; 0; 0; 0; 0; 0; 0; 0; 0; 0; 0; 0; 0; 0; 0; 0; 0; 0; 9999
1953;07; 0; 0; 0; 0; 0; 0; 0; 0; 0; 85; 65; 0; 0; 0; 0; 0; 0; 0; 0; 0; 0; 0; 0; 0; 0; 0; 0; 0; 0; 0; 0
1953;08; 0; 0; 0; 0; 0; 0; 0; 0; 0; 0; 0; 0; 0; 0; 0; 0; 0; 0; 0; 10; 0; 0; 0; 10; 0; 0; 0; 0; 0; 0; 0
1953;09; 0; 0; 0; 0; 0; 0; 40; 0; 0; 60; 0; 0; 0; 0; 370; 100; 0; 0; 0; 0; 90; 0; 0; 140; 0; 0; 0; 0; 0; 0; 9999
1953;10; 0; 0; 0; 0; 0; 168; 0; 0; 0; 0; 0; 0; 0; 0; 0; 281; 53; 64; 51; 0; 40; 10; 0; 0; 0; 0; 0; 35; 0; 0; 47
1953;11; 0; 36; 0; 0; 0; 0; 275; 126; 0; 535; 0; 0; 21; 22; 84; 0; 0; 0; 0; 2; 0; 0; 0; 0; 0; 0; 0; 0; 0; 224; 9999
1953;12; 0; 21; 56; 32; 6; 0; 0; 0; 0; 0; 0; 0; 443; 0; 0; 61; 0; 53; 0; 0; 0; 0; 0; 52; 0; 0; 0; 105; 490; 0; 0
1954;01; 0; 0; 0; 224; 332; 0; 0; 0; 0; 140; 0; 0; 0; 0; 0; 0; 0; 0; 10; 0; 0; 70; 0; 314; 0; 0; 0; 0; 35; 0; 0
1954;02; 41; 0; 35; 0; 0; 0; 324; 642; 0; 38; 0; 0; 0; 0; 0; 0; 98; 0; 65; 0; 0; 0; 0; 0; 0; 0; 0; 0; 9999; 9999; 9999
1954;03; 0; 71; 0; 0; 0; 436; 0; 0; 0; 253; 0; 205; 83; 0; 0; 0; 0; 50; 0; 0; 0; 0; 0; 0; 0; 362; 0; 0; 292; 23; 17
1954;04; 0; 0; 0; 0; 0; 0; 0; 0; 0; 0; 0; 0; 0; 0; 0; 0; 0; 0; 0; 0; 0; 0; 0; 0; 0; 0; 0; 90; 0; 50; 9999
1954;05; 0; 0; 0; 0; 0; 0; 250; 60; 242; 90; 70; 0; 0; 40; 0; 0; 160; 50; 154; 0; 130; 83; 0; 0; 0; 0; 0; 0; 0; 0; 0
1954;06; 0; 0; 0; 20; 0; 400; 52; 0; 0; 0; 0; 0; 0; 0; 0; 0; 0; 0; 0; 0; 0; 0; 24; 0; 0; 0; 0; 0; 0; 0; 9999
1954;07; 0; 0; 0; 0; 0; 0; 0; 0; 0; 0; 0; 0; 0; 0; 0; 0; 0; 0; 0; 0; 0; 0; 0; 0; 0; 0; 0; 0; 0; 0; 0
1954;08; 0; 0; 0; 0; 0; 0; 0; 0; 0; 0; 0; 0; 0; 0; 0; 0; 0; 0; 0; 0; 0; 0; 0; 0; 0; 0; 0; 0; 0; 0; 0
1954;09; 0; 0; 0; 0; 0; 0; 0; 0; 0; 0; 0; 0; 0; 0; 0; 0; 0; 0; 0; 0; 0; 0; 0; 0; 0; 0; 53; 405; 10; 0; 9999
1954;10; 0; 20; 0; 0; 0; 0; 0; 0; 0; 0; 0; 0; 0; 0; 0; 0; 0; 0; 0; 0; 0; 35; 0; 0; 0; 0; 0; 145; 40; 0; 300
1954;11; 0; 0; 0; 0; 0; 0; 0; 0; 0; 25; 0; 0; 0; 20; 825; 0; 0; 0; 243; 0; 35; 10; 0; 0; 0; 0; 0; 0; 820; 0; 9999
1954;12; 0; 0; 0; 0; 600; 102; 0; 0; 0; 0; 0; 105; 60; 53; 0; 40; 300; 0; 175; 0; 83; 297; 136; 0; 0; 0; 0; 0; 23; 0; 0
1955;01; 0; 0; 503; 40; 140; 20; 0; 0; 0; 0; 280; 0; 0; 100; 0; 126; 83; 162; 54; 0; 0; 0; 0; 745; 0; 0; 0; 0; 0; 0; 0
1955;02; 42; 30; 0; 0; 0; 80; 0; 0; 0; 0; 0; 0; 195; 945; 0; 0; 0; 0; 0; 0; 0; 304; 0; 20; 0; 0; 53; 142; 9999; 9999; 9999
1955;03; 0; 85; 135; 0; 0; 0; 35; 0; 80; 0; 0; 110; 0; 0; 0; 463; 0; 0; 0; 0; 0; 0; 30; 26; 0; 0; 0; 202; 305; 175; 0
1955;04; 782; 0; 0; 0; 15; 0; 0; 0; 0; 0; 0; 0; 0; 0; 0; 502; 0; 0; 0; 0; 0; 0; 0; 0; 0; 0; 0; 24; 36; 0; 9999
1955;05; 0; 0; 0; 0; 0; 0; 0; 0; 0; 0; 0; 0; 0; 0; 0; 0; 0; 0; 0; 0; 0; 0; 0; 157; 0; 0; 0; 0; 0; 0; 83
1955;06; 245; 0; 0; 0; 0; 0; 0; 0; 172; 0; 0; 0; 0; 0; 0; 0; 0; 0; 0; 0; 0; 0; 0; 0; 0; 0; 0; 0; 0; 0; 9999
1955;07; 0; 0; 0; 0; 0; 0; 0; 0; 0; 0; 0; 0; 0; 0; 0; 0; 0; 0; 0; 0; 0; 0; 0; 0; 0; 0; 0; 0; 0; 0; 0
1955;08; 0; 0; 0; 0; 0; 0; 0; 0; 0; 0; 0; 0; 0; 0; 0; 0; 0; 0; 0; 0; 0; 0; 0; 0; 0; 0; 0; 0; 62; 0; 0
1955;09; 0; 0; 0; 0; 0; 0; 0; 0; 0; 0; 0; 0; 0; 0; 0; 0; 0; 0; 0; 0; 0; 0; 0; 0; 0; 0; 0; 0; 0; 0; 9999
1955;10; 0; 0; 0; 0; 0; 0; 0; 0; 452; 0; 0; 0; 232; 68; 0; 0; 0; 0; 81; 0; 0; 0; 0; 0; 0; 0; 0; 287; 75; 0; 0
1955;11; 124; 195; 385; 0; 0; 0; 0; 0; 0; 305; 0; 0; 0; 0; 0; 0; 0; 0; 0; 0; 0; 235; 0; 0; 0; 0; 0; 0; 0; 0; 9999
1955;12; 20; 45; 125; 86; 0; 0; 63; 458; 0; 0; 0; 0; 301; 72; 15; 20; 0; 0; 226; 0; 0; 0; 20; 0; 706; 230; 248; 180; 437; 503; 0
1956;01; 0; 0; 155; 13; 45; 75; 0; 0; 0; 74; 0; 0; 0; 0; 0; 0; 0; 55; 0; 0; 0; 715; 0; 0; 0; 125; 36; 0; 98; 65; 0
1956;02; 0; 123; 0; 0; 0; 0; 0; 0; 6; 243; 92; 30; 0; 100; 80; 218; 75; 65; 0; 0; 300; 0; 56; 155; 160; 0; 0; 0; 97; 9999; 9999
1956;03; 10; 50; 0; 0; 0; 0; 0; 0; 0; 0; 40; 0; 10; 0; 0; 0; 0; 45; 404; 0; 0; 45; 135; 0; 0; 0; 0; 50; 0; 0; 20
1956;04; 42; 0; 0; 0; 0; 0; 75; 0; 0; 0; 0; 0; 0; 0; 0; 0; 0; 0; 0; 175; 0; 0; 372; 0; 93; 0; 0; 172; 205; 0; 9999
1956;05; 93; 256; 0; 0; 0; 152; 56; 456; 82; 0; 0; 0; 0; 0; 0; 0; 0; 0; 0; 0; 45; 0; 0; 0; 0; 473; 154; 0; 30; 0; 0
1956;06; 365; 0; 202; 0; 0; 0; 0; 0; 12; 50; 100; 50; 82; 56; 123; 0; 0; 0; 0; 0; 0; 0; 0; 0; 0; 0; 0; 285; 0; 0; 9999
1956;07; 0; 0; 0; 0; 0; 0; 0; 0; 0; 0; 0; 0; 0; 42; 0; 0; 0; 0; 0; 0; 102; 0; 85; 32; 0; 0; 0; 100; 0; 23; 30
1956;08; 50; 0; 105; 23; 0; 0; 0; 0; 0; 0; 0; 0; 0; 0; 0; 0; 0; 0; 0; 0; 0; 0; 0; 0; 0; 0; 0; 0; 0; 0; 0
1956;09; 0; 0; 0; 0; 0; 0; 0; 0; 0; 116; 454; 0; 0; 10; 0; 0; 0; 0; 0; 0; 0; 0; 0; 0; 0; 0; 0; 0; 0; 0; 9999
1956;10; 0; 0; 0; 0; 0; 0; 0; 0; 0; 0; 50; 0; 0; 0; 0; 0; 195; 0; 0; 0; 0; 0; 30; 0; 0; 0; 0; 150; 13; 86; 0
1956;11; 0; 0; 0; 0; 0; 0; 0; 0; 0; 40; 0; 85; 0; 0; 0; 23; 0; 0; 0; 0; 0; 50; 155; 0; 0; 106; 0; 0; 0; 0; 9999
1956;12; 0; 0; 0; 0; 224; 0; 104; 0; 0; 0; 0; 0; 45; 20; 0; 280; 0; 0; 0; 0; 0; 0; 0; 326; 0; 5; 0; 0; 0; 0; 5
1957;01; 0; 0; 0; 0; 320; 0; 0; 0; 43; 100; 302; 0; 200; 135; 87; 370; 65; 252; 0; 160; 0; 0; 0; 40; 500; 242; 0; 98; 127; 0; 0
1957;02; 30; 123; 136; 0; 0; 125; 685; 156; 35; 103; 80; 14; 0; 30; 15; 330; 50; 0; 52; 123; 0; 0; 12; 0; 0; 223; 152; 0; 9999; 9999; 9999
1957;03; 130; 112; 0; 0; 0; 0; 0; 0; 50; 55; 40; 50; 0; 0; 0; 0; 55; 0; 0; 0; 160; 280; 300; 0; 0; 20; 0; 0; 155; 305; 0
1957;04; 170; 165; 0; 0; 62; 602; 0; 0; 140; 0; 0; 0; 0; 0; 12; 10; 0; 0; 0; 0; 0; 0; 0; 0; 0; 0; 193; 0; 0; 145; 9999
1957;05; 25; 0; 0; 0; 0; 0; 140; 50; 0; 0; 0; 0; 0; 0; 0; 504; 0; 0; 0; 0; 0; 0; 0; 0; 0; 0; 0; 0; 0; 0; 0
1957;06; 0; 0; 0; 0; 0; 0; 0; 8; 0; 0; 20; 0; 0; 0; 0; 0; 0; 0; 0; 0; 0; 0; 0; 0; 0; 0; 0; 0; 0; 0; 9999
1957;07; 0; 0; 0; 229; 303; 0; 0; 0; 0; 0; 0; 0; 0; 0; 0; 0; 62; 96; 162; 21; 0; 0; 0; 0; 0; 0; 0; 0; 0; 0; 0
1957;08; 0; 0; 0; 0; 0; 0; 0; 0; 0; 0; 0; 0; 0; 114; 0; 0; 312; 90; 145; 0; 0; 0; 0; 0; 0; 0; 0; 0; 0; 0; 0
1957;09; 0; 0; 0; 208; 0; 0; 0; 0; 118; 0; 0; 0; 0; 0; 0; 0; 32; 0; 0; 0; 0; 0; 225; 66; 0; 0; 0; 0; 0; 0; 9999
1957;10; 0; 0; 0; 0; 0; 0; 0; 0; 0; 0; 0; 0; 0; 0; 0; 0; 0; 0; 0; 0; 0; 0; 0; 30; 0; 0; 443; 69; 0; 152; 0
1957;11; 0; 0; 0; 0; 202; 67; 0; 12; 30; 0; 0; 0; 0; 0; 0; 0; 128; 0; 95; 0; 0; 220; 0; 0; 69; 0; 0; 0; 0; 0; 9999
1957;12; 0; 213; 568; 162; 15; 0; 134; 168; 0; 0; 100; 13; 100; 69; 194; 15; 100; 162; 0; 450; 0; 0; 85; 0; 0; 0; 0; 0; 0; 0; 0
1958;01; 0; 0; 0; 0; 0; 0; 0; 0; 0; 0; 0; 0; 48; 0; 40; 302; 280; 7; 155; 6; 600; 89; 115; 13; 185; 309; 335; 30; 0; 0; 0
1958;02; 0; 53; 0; 800; 37; 0; 100; 0; 0; 0; 0; 0; 50; 0; 0; 0; 0; 0; 116; 72; 0; 0; 0; 20; 148; 8; 152; 496; 9999; 9999; 9999
1958;03; 0; 54; 0; 155; 0; 0; 50; 82; 30; 0; 0; 0; 0; 0; 155; 100; 200; 155; 20; 0; 0; 0; 0; 0; 0; 0; 0; 0; 0; 0; 400
1958;04; 102; 0; 0; 0; 0; 0; 0; 0; 20; 30; 23; 0; 435; 0; 0; 0; 0; 12; 105; 0; 0; 0; 0; 0; 0; 0; 0; 0; 0; 0; 9999
1958;05; 0; 0; 135; 0; 150; 0; 0; 0; 0; 0; 0; 0; 0; 0; 0; 0; 0; 0; 0; 0; 0; 150; 404; 200; 386; 0; 0; 40; 0; 0; 0
1958;06; 0; 0; 0; 0; 0; 0; 0; 0; 0; 0; 0; 0; 0; 0; 255; 264; 0; 0; 0; 0; 0; 0; 0; 0; 0; 0; 0; 0; 0; 0; 9999
1958;07; 0; 0; 0; 0; 0; 0; 0; 0; 0; 0; 485; 0; 0; 0; 0; 66; 0; 0; 0; 0; 0; 0; 0; 0; 32; 0; 0; 0; 0; 0; 0
1958;08; 0; 0; 0; 0; 0; 0; 0; 0; 0; 0; 0; 0; 0; 0; 0; 0; 0; 0; 0; 0; 0; 0; 0; 0; 0; 0; 0; 0; 0; 0; 130
1958;09; 0; 0; 0; 0; 0; 0; 0; 0; 0; 0; 0; 0; 0; 126; 321; 0; 0; 0; 0; 0; 0; 0; 0; 23; 0; 0; 0; 0; 0; 0; 9999
1958;10; 0; 0; 0; 0; 0; 0; 0; 0; 0; 0; 0; 68; 0; 0; 0; 0; 0; 0; 0; 0; 0; 0; 0; 200; 0; 0; 63; 30; 0; 32; 0
1958;11; 0; 76; 0; 100; 62; 0; 0; 0; 0; 20; 85; 25; 0; 0; 0; 0; 0; 0; 113; 0; 0; 0; 100; 0; 0; 0; 0; 0; 0; 0; 9999
1958;12; 17; 0; 0; 0; 0; 0; 0; 0; 165; 96; 0; 62; 222; 474; 10; 205; 53; 276; 0; 0; 126; 70; 0; 0; 0; 40; 0; 0; 0; 0; 0
1959;01; 0; 0; 0; 110; 175; 22; 53; 0; 0; 0; 0; 200; 43; 24; 20; 0; 0; 600; 473; 270; 0; 0; 35; 0; 112; 0; 0; 0; 23; 0; 0
1959;02; 0; 134; 113; 0; 70; 0; 40; 0; 0; 0; 0; 0; 30; 0; 0; 400; 0; 60; 0; 20; 0; 0; 0; 378; 606; 0; 0; 0; 9999; 9999; 9999
1959;03; 0; 0; 0; 0; 0; 0; 0; 0; 505; 40; 0; 156; 0; 0; 0; 0; 165; 125; 358; 0; 85; 124; 0; 106; 0; 0; 0; 0; 20; 0; 94
1959;04; 0; 0; 0; 0; 0; 30; 0; 0; 0; 0; 0; 0; 0; 0; 0; 0; 0; 0; 0; 0; 0; 0; 200; 0; 0; 0; 85; 0; 0; 0; 9999
1959;05; 0; 0; 0; 0; 0; 0; 0; 0; 0; 0; 0; 0; 0; 0; 0; 0; 0; 0; 42; 20; 0; 0; 0; 0; 0; 0; 0; 0; 0; 0; 0
1959;06; 0; 0; 0; 0; 0; 210; 0; 0; 0; 0; 0; 0; 0; 0; 0; 0; 0; 0; 0; 0; 0; 0; 0; 0; 0; 0; 0; 0; 0; 0; 9999
1959;07; 0; 0; 0; 0; 0; 0; 0; 0; 0; 0; 0; 0; 0; 0; 0; 0; 0; 0; 0; 0; 0; 0; 0; 0; 0; 0; 0; 0; 0; 0; 0
1959;08; 165; 0; 0; 0; 0; 0; 0; 0; 75; 0; 0; 0; 0; 95; 0; 0; 0; 0; 0; 0; 0; 0; 0; 0; 0; 0; 0; 0; 0; 0; 0
1959;09; 0; 0; 0; 0; 0; 0; 0; 0; 0; 0; 0; 0; 0; 0; 0; 0; 0; 0; 0; 0; 0; 0; 0; 0; 0; 50; 0; 0; 0; 0; 9999
1959;10; 0; 0; 0; 0; 0; 0; 0; 70; 0; 0; 0; 0; 111; 210; 69; 58; 0; 390; 0; 0; 280; 91; 17; 0; 0; 0; 0; 0; 30; 0; 0
1959;11; 0; 0; 0; 0; 0; 0; 37; 240; 0; 170; 320; 170; 34; 0; 0; 0; 0; 0; 180; 0; 0; 0; 40; 20; 23; 0; 420; 0; 0; 0; 9999
1959;12; 0; 0; 0; 308; 0; 0; 60; 112; 175; 57; 0; 0; 0; 0; 0; 0; 0; 0; 0; 406; 8; 68; 115; 26; 0; 0; 0; 0; 0; 0; 0
1960;01; 0; 0; 31; 76; 0; 37; 76; 54; 170; 56; 390; 11; 120; 20; 0; 0; 76; 10; 295; 340; 95; 50; 0; 120; 30; 0; 0; 0; 0; 0; 0
1960;02; 20; 20; 280; 127; 20; 0; 0; 0; 0; 390; 65; 134; 0; 0; 0; 15; 79; 210; 205; 35; 280; 26; 90; 20; 0; 120; 0; 100; 350; 9999; 9999
1960;03; 0; 0; 0; 0; 0; 0; 0; 0; 0; 0; 0; 0; 0; 120; 78; 0; 0; 0; 0; 65; 0; 272; 233; 0; 0; 0; 0; 0; 0; 0; 0
1960;04; 32; 0; 0; 0; 220; 0; 0; 74; 125; 160; 0; 0; 0; 0; 0; 0; 0; 0; 0; 120; 0; 0; 0; 0; 0; 0; 0; 0; 0; 0; 9999
1960;05; 26; 0; 0; 0; 0; 0; 0; 0; 0; 60; 0; 0; 0; 0; 60; 0; 0; 0; 0; 76; 160; 0; 0; 0; 0; 0; 0; 0; 0; 0; 0
1960;06; 0; 0; 0; 0; 0; 0; 0; 0; 0; 0; 0; 0; 0; 0; 425; 110; 0; 0; 0; 0; 0; 0; 0; 185; 0; 0; 35; 0; 0; 0; 9999
1960;07; 0; 0; 0; 0; 0; 0; 0; 0; 0; 0; 0; 0; 0; 0; 0; 0; 0; 0; 0; 0; 0; 0; 0; 0; 0; 0; 0; 0; 0; 0; 0
1960;08; 0; 0; 0; 0; 0; 0; 0; 0; 0; 0; 0; 0; 0; 0; 0; 120; 0; 0; 0; 0; 0; 0; 0; 0; 0; 0; 0; 0; 0; 0; 0
1960;09; 0; 0; 0; 0; 0; 0; 0; 0; 0; 0; 0; 0; 0; 0; 0; 0; 0; 0; 0; 0; 0; 0; 0; 0; 0; 0; 0; 0; 0; 0; 9999
1960;10; 90; 140; 0; 0; 0; 0; 0; 0; 0; 0; 0; 0; 0; 0; 0; 0; 15; 160; 0; 10; 140; 0; 40; 0; 20; 207; 14; 0; 0; 140; 154
1960;11; 45; 0; 0; 0; 0; 26; 0; 24; 0; 13; 220; 0; 28; 210; 220; 0; 0; 0; 0; 120; 0; 0; 16; 90; 235; 0; 150; 0; 0; 0; 9999
1960;12; 0; 0; 0; 0; 0; 0; 40; 0; 0; 0; 0; 0; 0; 0; 0; 76; 0; 144; 32; 0; 172; 110; 174; 0; 0; 98; 13; 140; 0; 145; 0
1961;01; 0; 164; 120; 185; 115; 0; 32; 0; 504; 0; 44; 435; 0; 0; 0; 0; 0; 0; 0; 0; 480; 57; 0; 0; 12; 0; 0; 0; 27; 335; 0
1961;02; 0; 0; 500; 0; 332; 206; 0; 210; 10; 180; 0; 0; 337; 100; 0; 0; 1275; 0; 281; 0; 25; 20; 35; 440; 376; 10; 130; 30; 9999; 9999; 9999
1961;03; 90; 129; 0; 15; 51; 225; 247; 0; 36; 0; 0; 0; 90; 255; 0; 0; 0; 350; 0; 0; 0; 0; 0; 0; 0; 0; 0; 0; 0; 0; 0
1961;04; 0; 0; 56; 100; 565; 184; 23; 0; 0; 0; 0; 0; 0; 0; 0; 0; 0; 0; 0; 0; 26; 0; 214; 0; 110; 0; 0; 0; 0; 0; 9999
1961;05; 0; 0; 15; 42; 392; 0; 0; 0; 0; 0; 0; 0; 0; 0; 0; 0; 0; 0; 0; 0; 0; 0; 0; 77; 0; 0; 0; 0; 0; 0; 0
1961;06; 0; 0; 0; 0; 0; 0; 0; 0; 0; 0; 0; 0; 0; 0; 0; 0; 0; 0; 0; 0; 0; 0; 0; 0; 0; 0; 0; 0; 0; 0; 9999
1961;07; 0; 0; 0; 0; 0; 0; 0; 0; 0; 0; 0; 0; 0; 0; 0; 0; 0; 0; 0; 0; 0; 0; 0; 0; 0; 0; 0; 0; 0; 0; 0
1961;08; 0; 0; 0; 0; 0; 0; 0; 0; 0; 0; 0; 0; 0; 0; 0; 0; 0; 0; 0; 0; 0; 0; 0; 0; 0; 0; 47; 0; 12; 0; 33
1961;09; 0; 0; 0; 0; 0; 0; 0; 0; 0; 0; 0; 0; 0; 0; 0; 0; 0; 0; 0; 0; 0; 0; 0; 0; 0; 0; 0; 0; 0; 0; 9999
1961;10; 0; 0; 0; 0; 0; 0; 0; 0; 0; 10; 5; 13; 0; 0; 0; 12; 66; 0; 0; 90; 0; 0; 0; 0; 15; 20; 60; 0; 0; 160; 170
1961;11; 30; 0; 23; 0; 138; 0; 0; 0; 0; 0; 0; 384; 277; 88; 33; 0; 0; 0; 0; 0; 0; 0; 0; 50; 0; 321; 0; 0; 0; 0; 9999
1961;12; 0; 0; 254; 0; 0; 0; 0; 0; 0; 0; 159; 0; 71; 55; 30; 405; 326; 30; 13; 0; 20; 0; 0; 40; 422; 95; 196; 31; 0; 0; 17
1962;01; 0; 0; 0; 46; 0; 0; 0; 137; 53; 244; 0; 0; 0; 0; 360; 61; 0; 111; 260; 0; 300; 204; 17; 42; 272; 12; 0; 336; 0; 0; 0
1962;02; 0; 0; 0; 0; 360; 542; 0; 133; 38; 0; 7; 10; 0; 0; 0; 37; 0; 0; 57; 4; 6; 10; 91; 320; 217; 0; 0; 0; 9999; 9999; 9999
1962;03; 370; 142; 16; 210; 0; 0; 0; 0; 0; 0; 223; 0; 333; 70; 473; 16; 0; 240; 37; 0; 0; 0; 0; 0; 0; 0; 0; 0; 0; 0; 0
1962;04; 34; 0; 25; 10; 0; 0; 0; 0; 0; 0; 0; 0; 0; 0; 0; 0; 0; 0; 0; 0; 0; 10; 0; 0; 0; 0; 0; 0; 106; 58; 9999
1962;05; 0; 0; 205; 0; 0; 0; 0; 0; 0; 0; 0; 0; 0; 0; 0; 0; 0; 0; 0; 0; 0; 0; 0; 0; 0; 0; 0; 0; 40; 0; 0
1962;06; 0; 0; 207; 74; 0; 70; 300; 10; 250; 0; 0; 0; 0; 0; 0; 0; 0; 0; 0; 0; 0; 0; 0; 0; 0; 0; 0; 0; 0; 0; 9999
1962;07; 0; 0; 0; 0; 0; 0; 0; 0; 0; 0; 0; 0; 0; 0; 0; 0; 0; 0; 0; 0; 0; 0; 0; 0; 0; 0; 0; 0; 0; 0; 0
1962;08; 0; 0; 0; 0; 0; 0; 0; 0; 0; 0; 0; 10; 0; 0; 37; 210; 42; 0; 0; 0; 0; 0; 126; 0; 0; 0; 0; 0; 0; 0; 0
1962;09; 0; 0; 0; 0; 123; 0; 0; 0; 395; 0; 0; 0; 0; 0; 0; 0; 0; 0; 0; 0; 0; 0; 0; 0; 0; 0; 0; 0; 0; 0; 9999
1962;10; 48; 51; 70; 115; 72; 0; 0; 127; 290; 501; 105; 20; 0; 0; 0; 0; 0; 85; 42; 0; 0; 0; 0; 172; 0; 90; 0; 0; 13; 290; 108
1962;11; 0; 0; 0; 0; 0; 0; 0; 0; 105; 0; 0; 0; 0; 0; 0; 0; 0; 0; 0; 12; 80; 14; 0; 0; 0; 0; 12; 0; 0; 32; 9999
1962;12; 0; 182; 0; 0; 407; 109; 0; 0; 12; 0; 5; 0; 35; 0; 0; 0; 106; 126; 175; 27; 64; 0; 270; 42; 0; 0; 658; 78; 0; 303; 282
1963;01; 192; 450; 12; 128; 0; 0; 0; 0; 26; 10; 0; 710; 0; 0; 20; 76; 66; 72; 0; 136; 0; 30; 63; 0; 68; 0; 34; 146; 0; 0; 0
1963;02; 0; 0; 292; 0; 108; 20; 210; 0; 0; 0; 0; 0; 0; 16; 0; 0; 23; 0; 0; 110; 512; 426; 0; 0; 146; 0; 0; 0; 9999; 9999; 9999
1963;03; 0; 0; 96; 0; 0; 0; 55; 0; 0; 0; 0; 0; 0; 0; 0; 0; 0; 0; 0; 0; 0; 0; 0; 182; 0; 47; 0; 0; 0; 0; 0
1963;04; 0; 0; 0; 0; 0; 0; 0; 0; 0; 0; 0; 0; 0; 0; 0; 176; 35; 0; 0; 0; 0; 0; 0; 0; 0; 0; 0; 0; 0; 0; 9999
1963;05; 0; 0; 0; 0; 0; 0; 0; 0; 0; 0; 0; 0; 0; 0; 0; 0; 0; 0; 0; 0; 0; 0; 0; 0; 0; 0; 0; 0; 0; 0; 0
1963;06; 0; 0; 0; 0; 0; 0; 0; 0; 0; 0; 0; 0; 0; 0; 0; 0; 0; 0; 0; 0; 0; 0; 0; 0; 0; 0; 0; 0; 0; 0; 9999
1963;07; 0; 0; 0; 0; 0; 0; 0; 0; 0; 0; 0; 0; 0; 0; 0; 0; 0; 0; 0; 0; 0; 0; 0; 0; 0; 0; 0; 0; 0; 0; 0
1963;08; 0; 0; 0; 0; 0; 0; 0; 0; 0; 0; 0; 0; 0; 0; 0; 0; 0; 0; 0; 0; 0; 0; 0; 0; 0; 0; 0; 0; 0; 0; 0
1963;09; 0; 0; 0; 0; 0; 0; 0; 0; 0; 0; 0; 0; 0; 0; 0; 0; 0; 0; 0; 0; 0; 135; 27; 0; 0; 0; 0; 0; 0; 80; 9999
1963;10; 14; 0; 0; 0; 0; 0; 240; 0; 0; 0; 0; 0; 0; 0; 63; 0; 0; 60; 0; 0; 0; 0; 70; 83; 0; 0; 0; 0; 0; 0; 0
1963;11; 0; 0; 503; 0; 0; 0; 0; 0; 33; 10; 0; 0; 0; 0; 0; 20; 42; 16; 0; 33; 146; 0; 0; 0; 0; 0; 0; 0; 0; 0; 9999
1963;12; 0; 25; 0; 65; 62; 0; 0; 0; 0; 0; 0; 0; 0; 0; 17; 0; 0; 52; 0; 402; 0; 0; 0; 0; 0; 0; 0; 0; 0; 0; 0
1964;01; 149; 0; 0; 0; 178; 0; 17; 0; 26; 45; 0; 0; 230; 62; 526; 245; 0; 50; 56; 0; 0; 0; 0; 45; 135; 123; 12; 0; 0; 0; 0
1964;02; 0; 0; 0; 17; 72; 0; 0; 78; 0; 18; 74; 17; 97; 10; 52; 132; 304; 278; 39; 172; 97; 0; 0; 164; 0; 0; 0; 0; 0; 9999; 9999
1964;03; 0; 0; 48; 0; 0; 273; 64; 0; 0; 0; 0; 0; 34; 0; 0; 67; 0; 0; 14; 330; 0; 0; 0; 0; 0; 0; 76; 65; 82; 223; 29
1964;04; 24; 82; 28; 0; 0; 0; 0; 0; 0; 0; 0; 0; 0; 0; 0; 0; 0; 0; 0; 0; 0; 0; 0; 0; 0; 0; 0; 0; 0; 0; 9999
1964;05; 220; 0; 0; 0; 168; 20; 0; 0; 0; 0; 0; 0; 0; 0; 0; 0; 0; 0; 0; 0; 0; 0; 0; 0; 0; 0; 0; 0; 0; 0; 0
1964;06; 0; 0; 0; 0; 0; 0; 0; 0; 0; 0; 0; 0; 0; 0; 0; 0; 0; 0; 0; 0; 0; 0; 0; 0; 0; 0; 0; 0; 0; 0; 9999
1964;07; 0; 0; 0; 242; 0; 0; 0; 0; 0; 0; 0; 0; 0; 0; 0; 0; 32; 0; 0; 76; 0; 0; 0; 0; 65; 34; 0; 0; 0; 0; 0
1964;08; 0; 0; 0; 0; 0; 0; 0; 0; 0; 0; 0; 0; 0; 0; 0; 0; 0; 0; 0; 15; 12; 0; 0; 0; 0; 0; 0; 0; 0; 0; 0
1964;09; 0; 0; 0; 0; 0; 0; 0; 0; 0; 0; 0; 0; 0; 0; 0; 0; 0; 0; 0; 0; 0; 0; 0; 10; 135; 0; 184; 32; 0; 0; 9999
1964;10; 112; 0; 132; 0; 0; 0; 153; 0; 0; 0; 0; 0; 0; 0; 0; 0; 0; 0; 0; 205; 0; 0; 0; 0; 0; 238; 74; 0; 0; 305; 355
1964;11; 0; 0; 0; 0; 0; 461; 0; 0; 0; 0; 0; 0; 0; 0; 385; 35; 0; 0; 0; 0; 0; 179; 0; 0; 0; 0; 0; 0; 0; 0; 9999
1964;12; 132; 349; 174; 218; 0; 0; 0; 0; 0; 0; 0; 0; 215; 346; 47; 0; 93; 105; 0; 229; 0; 453; 46; 278; 24; 27; 325; 0; 84; 43; 0
1965;01; 0; 0; 593; 0; 159; 67; 0; 14; 20; 0; 67; 0; 0; 0; 191; 91; 476; 204; 76; 31; 0; 19; 0; 218; 17; 3; 92; 197; 329; 123; 0
1965;02; 22; 167; 1000; 1153; 289; 117; 32; 0; 0; 0; 247; 64; 84; 6; 212; 0; 0; 175; 0; 0; 68; 51; 78; 144; 15; 46; 81; 211; 9999; 9999; 9999
1965;03; 384; 0; 243; 35; 18; 0; 113; 24; 45; 48; 0; 0; 0; 0; 0; 209; 0; 0; 0; 84; 6; 356; 31; 0; 0; 141; 0; 0; 0; 0; 0
1965;04; 0; 0; 0; 0; 0; 0; 0; 0; 47; 56; 0; 0; 0; 0; 0; 0; 0; 0; 365; 0; 0; 0; 0; 0; 0; 0; 0; 0; 217; 0; 9999
1965;05; 0; 0; 0; 0; 0; 0; 0; 0; 0; 0; 0; 0; 0; 0; 35; 62; 0; 0; 82; 0; 0; 0; 0; 0; 0; 0; 0; 0; 0; 0; 0
1965;06; 0; 0; 0; 0; 0; 0; 0; 0; 0; 0; 0; 0; 0; 0; 0; 0; 0; 0; 0; 0; 0; 0; 0; 79; 0; 0; 0; 0; 0; 0; 9999
1965;07; 0; 0; 0; 0; 172; 36; 62; 242; 0; 14; 64; 0; 0; 0; 0; 0; 0; 0; 0; 0; 0; 0; 0; 0; 0; 0; 0; 0; 0; 0; 158
1965;08; 0; 0; 0; 0; 0; 0; 0; 0; 0; 0; 0; 0; 0; 0; 6; 101; 0; 0; 0; 0; 0; 0; 0; 0; 0; 0; 0; 0; 0; 0; 0
1965;09; 0; 0; 0; 0; 0; 0; 0; 0; 0; 0; 0; 0; 0; 0; 0; 0; 0; 0; 0; 0; 0; 0; 0; 0; 238; 26; 247; 179; 11; 5; 9999
1965;10; 5; 0; 0; 0; 0; 0; 0; 5; 16; 0; 59; 0; 0; 21; 219; 0; 0; 64; 21; 7; 0; 0; 104; 0; 23; 0; 0; 0; 95; 62; 0
1965;11; 0; 0; 0; 0; 0; 70; 0; 0; 29; 40; 0; 75; 67; 0; 24; 0; 12; 0; 0; 0; 68; 0; 0; 0; 0; 0; 181; 86; 17; 8; 9999
1965;12; 225; 0; 168; 99; 114; 12; 104; 294; 0; 286; 198; 49; 126; 23; 49; 0; 0; 0; 0; 0; 0; 0; 0; 60; 0; 67; 497; 0; 20; 26; 0
1966;01; 0; 461; 77; 0; 0; 0; 0; 0; 231; 31; 0; 0; 0; 0; 0; 0; 0; 0; 0; 42; 0; 0; 0; 0; 0; 65; 0; 0; 481; 13; 42
1966;02; 87; 376; 27; 32; 30; 76; 35; 796; 83; 118; 225; 94; 6; 0; 0; 0; 0; 0; 0; 0; 0; 217; 20; 7; 0; 0; 0; 21; 9999; 9999; 9999
1966;03; 0; 23; 0; 216; 0; 164; 110; 108; 16; 0; 0; 0; 0; 0; 0; 0; 0; 0; 0; 0; 0; 0; 46; 0; 10; 86; 0; 0; 0; 0; 0
1966;04; 0; 0; 0; 0; 0; 136; 0; 0; 0; 0; 0; 0; 0; 0; 0; 0; 0; 0; 0; 0; 0; 0; 0; 0; 0; 127; 0; 0; 0; 0; 9999
1966;05; 0; 0; 0; 0; 0; 60; 0; 0; 0; 0; 0; 16; 0; 0; 0; 0; 0; 0; 0; 0; 42; 51; 340; 0; 0; 0; 0; 0; 0; 0; 0
1966;06; 0; 0; 0; 0; 0; 0; 0; 0; 0; 0; 0; 0; 0; 0; 0; 0; 0; 0; 0; 0; 0; 0; 0; 0; 0; 0; 0; 0; 0; 0; 9999
1966;07; 0; 0; 0; 0; 0; 0; 0; 0; 0; 0; 0; 0; 0; 0; 0; 0; 0; 0; 0; 0; 0; 0; 0; 0; 0; 0; 0; 0; 0; 0; 28
1966;08; 105; 14; 0; 0; 0; 0; 0; 0; 0; 0; 0; 0; 0; 0; 0; 0; 0; 0; 0; 0; 0; 0; 0; 0; 0; 0; 0; 0; 0; 336; 5
1966;09; 14; 112; 40; 0; 0; 0; 0; 0; 0; 0; 0; 0; 0; 0; 0; 0; 0; 0; 0; 0; 17; 0; 0; 0; 0; 0; 0; 3; 0; 0; 9999
1966;10; 0; 0; 0; 11; 0; 0; 0; 202; 275; 0; 0; 0; 79; 0; 0; 0; 0; 0; 28; 0; 0; 0; 334; 16; 0; 0; 0; 525; 0; 114; 42
1966;11; 0; 13; 0; 0; 0; 225; 0; 0; 0; 25; 0; 0; 48; 0; 258; 217; 322; 0; 156; 0; 0; 0; 0; 0; 0; 0; 0; 168; 0; 0; 9999
1966;12; 0; 0; 0; 0; 0; 0; 0; 46; 10; 167; 0; 0; 293; 206; 0; 125; 20; 0; 0; 251; 355; 970; 79; 40; 0; 0; 0; 0; 0; 0; 0
1967;01; 0; 0; 175; 47; 0; 128; 65; 0; 0; 143; 73; 85; 99; 173; 151; 265; 0; 0; 303; 365; 0; 279; 0; 122; 0; 0; 29; 0; 0; 12; 38
1967;02; 0; 0; 0; 0; 358; 143; 13; 0; 203; 128; 0; 0; 0; 0; 74; 0; 0; 12; 262; 0; 606; 18; 0; 0; 0; 61; 0; 14; 9999; 9999; 9999
1967;03; 0; 10; 119; 67; 0; 485; 207; 145; 6; 248; 32; 176; 5; 0; 386; 0; 0; 0; 26; 0; 0; 0; 0; 21; 160; 15; 0; 107; 0; 0; 0
1967;04; 0; 0; 0; 0; 0; 0; 0; 0; 0; 0; 0; 22; 0; 0; 0; 0; 0; 0; 0; 0; 0; 0; 0; 28; 0; 0; 0; 0; 0; 0; 9999
1967;05; 0; 0; 0; 0; 0; 0; 0; 0; 0; 0; 0; 0; 0; 0; 0; 0; 0; 0; 0; 0; 0; 0; 0; 0; 0; 0; 0; 0; 0; 0; 0
1967;06; 0; 0; 0; 0; 48; 0; 107; 305; 0; 0; 0; 181; 16; 0; 0; 0; 0; 0; 0; 0; 0; 0; 0; 0; 0; 0; 0; 0; 0; 0; 9999
1967;07; 0; 0; 0; 0; 0; 0; 0; 0; 0; 0; 0; 0; 0; 0; 0; 0; 0; 0; 0; 0; 0; 0; 0; 0; 0; 0; 0; 0; 0; 0; 0
1967;08; 0; 0; 0; 0; 0; 0; 0; 0; 0; 0; 0; 0; 0; 0; 0; 0; 0; 0; 0; 0; 0; 0; 0; 0; 0; 0; 0; 0; 0; 0; 0
1967;09; 0; 0; 0; 0; 0; 0; 52; 0; 0; 0; 0; 0; 132; 178; 0; 0; 19; 0; 0; 0; 0; 0; 0; 0; 0; 0; 0; 0; 0; 0; 9999
1967;10; 0; 23; 0; 0; 0; 62; 0; 0; 0; 0; 0; 0; 166; 0; 0; 0; 0; 0; 12; 15; 10; 93; 0; 313; 23; 565; 207; 0; 0; 0; 0
1967;11; 0; 0; 0; 0; 0; 0; 0; 0; 0; 0; 0; 18; 23; 0; 29; 77; 246; 0; 0; 0; 0; 0; 4; 0; 185; 31; 456; 0; 0; 0; 9999
1967;12; 0; 0; 0; 328; 0; 0; 0; 0; 10; 18; 484; 0; 0; 0; 0; 0; 16; 927; 413; 0; 235; 27; 0; 24; 168; 19; 46; 369; 29; 10; 10
1968;01; 0; 0; 75; 11; 15; 0; 0; 0; 0; 531; 272; 89; 57; 189; 56; 59; 38; 35; 0; 0; 0; 0; 0; 0; 151; 0; 0; 0; 0; 0; 67
1968;02; 0; 0; 0; 0; 0; 0; 0; 0; 0; 0; 0; 0; 0; 18; 47; 32; 7; 167; 0; 0; 0; 263; 0; 5; 103; 0; 0; 0; 0; 9999; 9999
1968;03; 0; 0; 0; 0; 0; 0; 75; 95; 0; 0; 0; 0; 0; 96; 101; 22; 65; 0; 0; 0; 0; 0; 41; 0; 0; 0; 0; 0; 0; 0; 0
1968;04; 0; 0; 0; 0; 0; 0; 0; 0; 0; 0; 0; 0; 0; 0; 0; 0; 0; 0; 0; 150; 0; 0; 0; 0; 0; 0; 0; 0; 19; 0; 9999
1968;05; 0; 0; 0; 0; 0; 0; 0; 0; 0; 0; 0; 0; 0; 0; 0; 0; 0; 0; 0; 0; 0; 0; 0; 0; 0; 0; 0; 0; 0; 0; 0
1968;06; 0; 0; 0; 0; 0; 0; 0; 0; 0; 0; 0; 0; 0; 0; 0; 0; 0; 0; 0; 0; 106; 0; 0; 0; 0; 0; 0; 0; 0; 0; 9999
1968;07; 0; 0; 0; 0; 0; 0; 0; 0; 0; 0; 0; 0; 0; 0; 0; 0; 0; 0; 0; 0; 0; 0; 0; 0; 0; 0; 0; 0; 0; 0; 0
1968;08; 0; 0; 0; 0; 0; 0; 0; 7; 127; 85; 0; 0; 0; 0; 0; 0; 0; 0; 0; 0; 0; 0; 0; 0; 0; 0; 0; 0; 0; 0; 102
1968;09; 0; 0; 10; 59; 0; 0; 0; 0; 0; 0; 0; 0; 0; 0; 0; 0; 0; 0; 0; 11; 183; 0; 0; 0; 0; 0; 0; 0; 0; 0; 9999
1968;10; 6; 0; 0; 0; 0; 0; 0; 0; 0; 0; 0; 0; 0; 0; 0; 31; 234; 298; 386; 0; 0; 0; 214; 433; 8; 0; 0; 10; 0; 0; 0
1968;11; 0; 0; 0; 0; 0; 0; 0; 0; 0; 0; 171; 0; 0; 3; 4; 0; 33; 22; 0; 0; 0; 0; 0; 0; 0; 0; 84; 226; 0; 2; 9999
1968;12; 0; 332; 184; 33; 0; 0; 0; 0; 0; 0; 0; 0; 0; 0; 0; 0; 0; 0; 0; 0; 61; 0; 27; 0; 43; 0; 0; 130; 134; 107; 0
1969;01; 0; 0; 0; 0; 0; 0; 136; 0; 0; 0; 840; 0; 116; 0; 0; 56; 95; 0; 0; 0; 389; 16; 177; 78; 26; 0; 0; 0; 125; 229; 32
1969;02; 59; 17; 32; 0; 0; 404; 0; 47; 248; 5; 57; 0; 10; 626; 0; 0; 30; 0; 383; 65; 154; 0; 21; 0; 0; 0; 56; 0; 9999; 9999; 9999
1969;03; 0; 34; 39; 37; 0; 39; 0; 0; 0; 0; 59; 0; 598; 0; 0; 0; 0; 0; 0; 0; 0; 67; 0; 0; 0; 0; 0; 0; 0; 42; 0
1969;04; 0; 0; 0; 0; 21; 0; 0; 0; 251; 0; 0; 177; 0; 33; 0; 0; 0; 0; 0; 0; 0; 0; 0; 0; 0; 0; 0; 0; 36; 0; 9999
1969;05; 0; 0; 0; 63; 0; 0; 0; 0; 0; 0; 0; 0; 0; 0; 0; 0; 0; 0; 0; 0; 0; 0; 0; 0; 0; 0; 0; 0; 0; 0; 0
1969;06; 0; 0; 68; 0; 0; 0; 0; 0; 0; 0; 0; 0; 0; 0; 0; 0; 0; 0; 0; 0; 157; 54; 0; 0; 0; 0; 0; 0; 0; 0; 9999
1969;07; 0; 0; 0; 0; 0; 0; 0; 0; 0; 5; 0; 0; 24; 0; 0; 0; 0; 0; 0; 0; 0; 0; 0; 0; 0; 0; 0; 0; 0; 0; 0
1969;08; 0; 0; 0; 0; 0; 0; 0; 0; 0; 0; 0; 0; 0; 0; 0; 0; 0; 0; 0; 0; 0; 0; 0; 0; 0; 0; 0; 0; 0; 0; 0
1969;09; 0; 0; 0; 0; 58; 0; 0; 0; 0; 0; 0; 0; 0; 0; 0; 0; 0; 0; 0; 335; 56; 0; 0; 0; 0; 0; 0; 0; 35; 226; 9999
1969;10; 244; 0; 0; 138; 219; 109; 0; 0; 0; 0; 12; 0; 0; 0; 0; 0; 66; 62; 0; 0; 0; 0; 10; 0; 0; 0; 0; 0; 0; 0; 239
1969;11; 474; 0; 0; 0; 0; 0; 59; 42; 274; 5; 0; 0; 561; 50; 0; 71; 0; 16; 105; 132; 21; 315; 0; 0; 0; 0; 0; 0; 264; 5; 9999
1969;12; 59; 0; 0; 0; 29; 0; 0; 0; 0; 43; 115; 6; 11; 18; 387; 0; 0; 0; 0; 0; 0; 0; 161; 0; 361; 0; 0; 0; 0; 0; 295
1970;01; 17; 0; 262; 0; 0; 0; 0; 15; 7; 61; 0; 0; 0; 0; 54; 396; 141; 84; 0; 17; 274; 0; 0; 0; 0; 0; 0; 0; 0; 0; 5
1970;02; 0; 0; 0; 0; 53; 154; 11; 15; 0; 38; 46; 19; 169; 10; 140; 385; 171; 48; 0; 0; 61; 46; 10; 187; 62; 0; 0; 0; 9999; 9999; 9999
1970;03; 0; 0; 64; 49; 4; 0; 0; 0; 0; 0; 0; 39; 11; 499; 0; 0; 198; 4; 38; 24; 0; 0; 0; 0; 0; 0; 0; 62; 0; 0; 0
1970;04; 43; 0; 0; 390; 0; 68; 171; 0; 0; 0; 0; 7; 0; 0; 0; 0; 0; 0; 8; 0; 0; 0; 0; 0; 0; 0; 0; 46; 0; 0; 9999
1970;05; 0; 0; 0; 0; 0; 0; 161; 43; 0; 0; 0; 0; 0; 0; 0; 0; 0; 0; 0; 0; 0; 62; 0; 0; 0; 0; 0; 0; 0; 0; 0
1970;06; 0; 0; 0; 0; 0; 0; 0; 0; 0; 0; 0; 0; 0; 0; 0; 0; 0; 0; 0; 0; 0; 0; 17; 344; 2; 0; 0; 0; 42; 0; 9999
1970;07; 0; 0; 0; 0; 0; 0; 0; 0; 0; 161; 35; 33; 163; 11; 0; 0; 0; 0; 0; 0; 0; 0; 0; 0; 0; 0; 0; 0; 0; 0; 0
1970;08; 0; 0; 0; 0; 0; 0; 0; 0; 0; 0; 0; 0; 0; 0; 0; 0; 0; 0; 0; 0; 0; 0; 0; 0; 0; 0; 162; 0; 0; 0; 41
1970;09; 13; 0; 0; 0; 0; 0; 136; 0; 0; 0; 0; 0; 156; 50; 45; 3; 0; 0; 0; 68; 10; 92; 0; 0; 0; 0; 0; 0; 20; 0; 9999
1970;10; 0; 288; 353; 275; 0; 0; 0; 0; 51; 0; 0; 0; 0; 0; 0; 0; 0; 0; 0; 148; 0; 1275; 0; 0; 0; 0; 0; 0; 443; 0; 0
1970;11; 0; 0; 0; 0; 0; 0; 110; 0; 33; 0; 0; 0; 0; 9; 48; 0; 0; 0; 0; 0; 0; 16; 0; 0; 0; 0; 0; 86; 52; 77; 9999
1970;12; 150; 0; 0; 0; 0; 0; 0; 0; 240; 259; 372; 25; 0; 35; 0; 0; 0; 0; 170; 5; 27; 0; 0; 12; 0; 0; 0; 0; 0; 71; 13
1971;01; 0; 22; 19; 41; 8; 184; 162; 92; 0; 345; 7; 3; 127; 107; 254; 0; 0; 0; 0; 0; 0; 26; 19; 0; 0; 0; 0; 0; 0; 0; 220
1971;02; 0; 0; 104; 0; 0; 0; 0; 0; 78; 25; 49; 0; 0; 128; 26; 0; 4; 0; 230; 0; 0; 163; 0; 0; 446; 14; 286; 119; 9999; 9999; 9999
1971;03; 256; 0; 0; 18; 12; 0; 83; 0; 0; 12; 0; 34; 38; 0; 0; 0; 0; 0; 0; 0; 0; 0; 4; 11; 0; 15; 1; 35; 81; 0; 0
1971;04; 0; 0; 0; 0; 0; 0; 0; 0; 117; 89; 0; 0; 0; 0; 0; 8; 63; 0; 0; 0; 139; 6; 10; 0; 0; 0; 0; 0; 0; 0; 9999
1971;05; 0; 0; 133; 11; 222; 0; 0; 0; 0; 0; 0; 0; 0; 0; 0; 0; 0; 0; 0; 0; 0; 0; 0; 0; 0; 226; 183; 0; 0; 0; 0
1971;06; 0; 0; 0; 0; 0; 0; 0; 0; 6; 0; 0; 109; 230; 23; 0; 116; 0; 0; 133; 81; 0; 0; 21; 0; 0; 0; 0; 0; 0; 0; 9999
1971;07; 0; 0; 0; 0; 307; 0; 0; 0; 0; 0; 0; 0; 0; 0; 0; 0; 0; 0; 0; 0; 0; 0; 0; 0; 0; 0; 0; 0; 0; 251; 0
1971;08; 0; 0; 0; 0; 0; 0; 0; 0; 0; 0; 0; 0; 0; 0; 0; 0; 0; 0; 0; 0; 0; 0; 0; 0; 0; 0; 0; 0; 0; 0; 0
1971;09; 0; 0; 0; 0; 0; 0; 10; 21; 115; 0; 0; 340; 0; 0; 0; 0; 0; 0; 0; 0; 0; 0; 0; 0; 0; 0; 95; 0; 161; 93; 9999
1971;10; 270; 0; 0; 0; 0; 0; 155; 136; 0; 0; 55; 3; 0; 0; 0; 0; 42; 0; 0; 0; 0; 0; 0; 0; 62; 0; 0; 0; 0; 0; 0
1971;11; 164; 662; 0; 31; 0; 0; 0; 0; 0; 0; 0; 0; 0; 0; 0; 0; 7; 0; 171; 0; 0; 0; 0; 0; 0; 0; 0; 0; 0; 20; 9999
1971;12; 180; 14; 0; 382; 74; 0; 0; 48; 116; 183; 80; 0; 496; 8; 244; 0; 0; 0; 9; 194; 0; 120; 14; 215; 11; 0; 151; 0; 0; 0; 0
1972;01; 0; 0; 0; 0; 0; 0; 0; 372; 0; 245; 0; 0; 50; 0; 64; 0; 42; 0; 0; 0; 0; 145; 288; 294; 4; 15; 294; 82; 2; 189; 10
1972;02; 0; 23; 13; 73; 73; 0; 0; 327; 4; 0; 0; 47; 101; 34; 105; 0; 4; 0; 0; 382; 175; 247; 33; 46; 16; 893; 4; 22; 0; 9999; 9999
1972;03; 0; 0; 0; 0; 24; 23; 12; 0; 0; 54; 9; 147; 0; 0; 0; 0; 50; 28; 328; 69; 0; 0; 0; 0; 0; 0; 0; 18; 0; 0; 12
1972;04; 0; 35; 0; 47; 0; 0; 0; 674; 0; 0; 0; 0; 0; 0; 0; 0; 0; 0; 0; 0; 0; 0; 0; 0; 0; 0; 0; 0; 0; 0; 9999
1972;05; 0; 0; 0; 0; 0; 0; 0; 21; 0; 0; 0; 0; 0; 0; 0; 0; 0; 0; 0; 0; 0; 0; 426; 80; 345; 0; 0; 0; 0; 0; 0
1972;06; 0; 0; 0; 0; 0; 0; 0; 0; 0; 0; 0; 0; 0; 0; 0; 0; 0; 0; 0; 0; 0; 0; 0; 0; 0; 0; 0; 0; 0; 0; 9999
1972;07; 0; 0; 0; 0; 0; 0; 0; 182; 0; 101; 120; 4; 65; 0; 29; 71; 24; 0; 0; 0; 0; 0; 0; 0; 0; 0; 5; 0; 0; 0; 0
1972;08; 0; 0; 0; 60; 183; 0; 4; 0; 0; 0; 0; 0; 11; 0; 0; 0; 0; 0; 0; 0; 0; 0; 25; 26; 0; 0; 0; 0; 0; 160; 0
1972;09; 0; 0; 0; 0; 62; 0; 0; 0; 0; 0; 133; 0; 0; 130; 0; 0; 0; 0; 0; 0; 0; 0; 0; 116; 0; 0; 0; 0; 135; 234; 9999
1972;10; 324; 678; 150; 422; 500; 0; 0; 0; 0; 141; 367; 12; 0; 0; 0; 180; 0; 0; 0; 0; 0; 0; 0; 0; 0; 0; 0; 18; 2; 276; 44
1972;11; 451; 25; 125; 0; 0; 0; 0; 0; 311; 48; 109; 135; 69; 19; 0; 126; 0; 0; 0; 0; 8; 0; 0; 0; 4; 148; 2; 0; 0; 0; 9999
1972;12; 0; 0; 0; 19; 0; 0; 0; 0; 200; 83; 0; 100; 10; 0; 0; 0; 0; 0; 0; 0; 0; 96; 252; 10; 9; 64; 0; 0; 100; 72; 65
1973;01; 90; 215; 0; 0; 0; 0; 0; 0; 0; 16; 44; 0; 0; 498; 0; 50; 83; 0; 0; 216; 115; 3; 86; 110; 4; 205; 0; 0; 0; 0; 0
1973;02; 0; 0; 0; 0; 562; 5; 0; 0; 0; 0; 0; 0; 0; 102; 46; 67; 147; 0; 36; 237; 0; 0; 0; 76; 0; 0; 0; 0; 9999; 9999; 9999
1973;03; 147; 0; 0; 0; 25; 0; 0; 43; 21; 171; 21; 0; 0; 0; 0; 0; 0; 194; 0; 291; 0; 274; 0; 0; 0; 0; 0; 0; 0; 76; 168
1973;04; 0; 0; 0; 0; 5; 0; 0; 0; 33; 227; 0; 166; 7; 0; 192; 0; 0; 0; 2; 0; 337; 0; 0; 0; 0; 0; 0; 0; 0; 0; 9999
1973;05; 0; 0; 155; 42; 0; 0; 0; 0; 0; 174; 8; 0; 0; 0; 0; 0; 0; 0; 0; 0; 0; 242; 4; 0; 34; 0; 0; 0; 0; 0; 0
1973;06; 0; 0; 0; 0; 0; 0; 0; 0; 0; 21; 0; 0; 0; 0; 0; 0; 0; 18; 20; 0; 0; 0; 0; 0; 5; 7; 17; 0; 2; 0; 9999
1973;07; 0; 0; 18; 0; 0; 0; 0; 0; 0; 0; 0; 0; 0; 0; 0; 0; 0; 0; 0; 0; 0; 0; 0; 0; 0; 0; 0; 73; 0; 0; 0
1973;08; 0; 0; 0; 0; 0; 0; 0; 0; 0; 0; 0; 0; 0; 0; 0; 0; 0; 0; 0; 0; 0; 0; 0; 0; 0; 0; 0; 11; 0; 0; 0
1973;09; 0; 42; 0; 0; 0; 0; 4; 0; 6; 7; 0; 0; 0; 0; 0; 0; 0; 0; 0; 0; 0; 0; 0; 0; 0; 72; 13; 0; 0; 0; 9999
1973;10; 0; 0; 0; 0; 0; 0; 665; 0; 50; 0; 0; 0; 0; 0; 0; 0; 0; 0; 260; 0; 0; 0; 0; 0; 0; 10; 96; 0; 0; 0; 10
1973;11; 127; 61; 0; 0; 0; 0; 0; 0; 0; 0; 0; 200; 136; 56; 0; 0; 129; 328; 67; 0; 0; 0; 0; 0; 84; 0; 0; 23; 0; 0; 9999
1973;12; 0; 0; 0; 48; 32; 66; 21; 52; 0; 0; 0; 591; 31; 0; 0; 49; 50; 0; 0; 0; 119; 194; 0; 34; 9; 0; 172; 90; 0; 125; 325
1974;01; 243; 85; 0; 136; 0; 0; 0; 60; 561; 5; 64; 146; 6; 235; 680; 402; 359; 51; 0; 0; 0; 0; 0; 3; 0; 3; 0; 0; 558; 0; 60
1974;02; 68; 315; 54; 0; 28; 0; 0; 0; 0; 0; 84; 0; 0; 28; 0; 0; 0; 0; 0; 0; 48; 0; 22; 36; 0; 79; 0; 0; 9999; 9999; 9999
1974;03; 0; 0; 0; 141; 0; 0; 689; 3; 0; 71; 27; 134; 2; 3; 32; 140; 113; 312; 756; 236; 12; 10; 0; 61; 0; 0; 0; 0; 0; 0; 0
1974;04; 0; 62; 0; 5; 0; 0; 0; 0; 0; 73; 440; 0; 0; 100; 0; 0; 0; 0; 0; 0; 0; 0; 0; 41; 5; 0; 0; 0; 0; 0; 9999
1974;05; 0; 0; 0; 0; 0; 0; 0; 0; 0; 0; 0; 0; 92; 13; 0; 0; 4; 0; 0; 0; 0; 0; 0; 0; 0; 0; 73; 4; 0; 0; 0
1974;06; 0; 0; 0; 23; 11; 0; 0; 0; 0; 0; 0; 0; 0; 0; 0; 0; 0; 0; 0; 9999; 35; 228; 0; 0; 0; 0; 228; 0; 0; 0; 9999
1974;07; 0; 0; 0; 0; 0; 0; 0; 0; 0; 0; 0; 0; 0; 0; 0; 0; 0; 0; 0; 0; 0; 0; 0; 0; 0; 0; 0; 0; 0; 0; 0
1974;08; 0; 0; 0; 0; 0; 0; 0; 0; 0; 0; 0; 0; 30; 0; 0; 1; 0; 0; 0; 0; 0; 0; 0; 0; 0; 0; 0; 0; 0; 0; 0
1974;09; 0; 0; 0; 0; 0; 0; 0; 0; 0; 0; 0; 0; 0; 0; 0; 0; 0; 0; 0; 0; 0; 0; 0; 0; 0; 0; 305; 0; 319; 29; 9999
1974;10; 7; 13; 0; 0; 280; 0; 0; 0; 7; 0; 0; 0; 0; 0; 0; 0; 187; 0; 10; 13; 0; 0; 0; 110; 195; 59; 0; 199; 0; 156; 0
1974;11; 0; 0; 0; 0; 0; 105; 15; 0; 0; 0; 0; 81; 89; 0; 0; 0; 0; 0; 0; 0; 135; 17; 0; 0; 0; 0; 0; 345; 105; 44; 9999
1974;12; 0; 23; 8; 89; 290; 98; 170; 0; 0; 0; 0; 1; 36; 37; 305; 333; 155; 79; 217; 2; 16; 103; 64; 285; 310; 103; 133; 168; 96; 16; 103
1975;01; 505; 365; 0; 0; 0; 0; 0; 0; 0; 62; 148; 31; 21; 50; 0; 0; 0; 0; 20; 0; 0; 0; 0; 0; 0; 0; 39; 0; 87; 12; 273
1975;02; 133; 21; 20; 10; 306; 128; 4; 223; 103; 167; 14; 0; 0; 0; 0; 0; 11; 151; 0; 10; 0; 4; 80; 2; 18; 3; 4; 0; 9999; 9999; 9999
1975;03; 365; 0; 0; 0; 0; 0; 88; 0; 5; 0; 0; 0; 24; 0; 0; 0; 18; 0; 0; 7; 0; 0; 195; 670; 0; 0; 0; 0; 0; 68; 310
1975;04; 11; 0; 2; 0; 0; 0; 0; 0; 96; 167; 439; 58; 0; 0; 26; 0; 0; 0; 0; 0; 0; 0; 0; 0; 0; 0; 0; 0; 0; 0; 9999
1975;05; 30; 0; 0; 0; 0; 0; 0; 0; 0; 0; 0; 0; 0; 0; 0; 0; 0; 0; 0; 0; 0; 0; 0; 0; 0; 0; 0; 0; 0; 0; 0
1975;06; 0; 0; 0; 0; 0; 0; 0; 0; 0; 0; 0; 0; 0; 0; 0; 0; 0; 0; 0; 0; 0; 0; 0; 0; 0; 0; 0; 0; 0; 0; 9999
