33
Ano,Mes,1,2,3,4,5,6,7,8,9,10,11,12,13,14,15,16,17,18,19,20,21,22,23,24,25,26,27,28,29,30,31
1959;06; 0; 0; 0; 0; 144; 0; 0; 0; 0; 0; 0; 0; 0; 0; 0; 0; 0; 0; 0; 0; 0; 0; 0; 0; 0; 0; 0; 0; 0; 0; 9999
1959;07; 0; 0; 0; 0; 0; 0; 0; 0; 0; 0; 0; 0; 0; 0; 0; 0; 0; 0; 0; 0; 0; 0; 0; 0; 0; 0; 0; 0; 0; 0; 0
1959;08; 205; 0; 0; 0; 0; 0; 5; 0; 99; 0; 0; 18; 0; 0; 0; 0; 0; 0; 0; 0; 0; 0; 0; 0; 0; 0; 0; 0; 0; 0; 0
1959;09; 0; 54; 0; 0; 0; 0; 0; 0; 0; 0; 0; 0; 0; 0; 0; 0; 0; 0; 0; 0; 0; 0; 0; 0; 87; 0; 0; 0; 0; 0; 9999
1959;10; 0; 0; 0; 0; 0; 0; 0; 0; 0; 46; 25; 302; 68; 10; 50; 0; 124; 0; 0; 480; 190; 0; 0; 0; 0; 0; 0; 0; 0; 0; 0
1959;11; 0; 0; 0; 0; 0; 44; 186; 0; 155; 112; 588; 157; 0; 0; 0; 0; 0; 170; 3; 0; 0; 267; 0; 0; 0; 24; 0; 0; 32; 0; 9999
1959;12; 0; 0; 395; 0; 0; 30; 0; 146; 74; 0; 0; 0; 0; 0; 0; 0; 53; 0; 0; 253; 145; 0; 66; 0; 0; 0; 0; 0; 0; 0; 229
1960;01; 0; 0; 0; 0; 0; 67; 91; 275; 90; 430; 540; 70; 0; 0; 264; 420; 0; 60; 16; 20; 18; 0; 0; 90; 18; 0; 0; 0; 0; 0; 0
1960;02; 0; 667; 126; 0; 0; 0; 220; 4; 155; 90; 0; 60; 0; 0; 25; 63; 0; 0; 21; 550; 25; 43; 26; 124; 40; 35; 295; 172; 83; 9999; 9999
1960;03; 295; 45; 0; 0; 0; 0; 0; 0; 0; 0; 0; 220; 0; 0; 0; 0; 0; 0; 0; 60; 60; 10; 0; 0; 0; 0; 0; 0; 0; 0; 185
1960;04; 0; 0; 0; 152; 202; 0; 10; 0; 0; 150; 0; 0; 0; 0; 0; 0; 25; 0; 440; 0; 0; 0; 0; 0; 0; 0; 0; 10; 0; 110; 9999
1960;05; 0; 0; 0; 0; 0; 0; 0; 0; 117; 0; 0; 0; 0; 68; 0; 0; 0; 0; 86; 115; 0; 0; 0; 0; 0; 0; 0; 0; 0; 0; 0
1960;06; 0; 0; 0; 0; 0; 0; 0; 0; 0; 0; 0; 0; 0; 320; 70; 0; 0; 0; 0; 0; 0; 0; 210; 0; 0; 130; 0; 0; 0; 0; 9999
1960;07; 0; 0; 0; 0; 0; 0; 0; 0; 0; 0; 0; 0; 0; 0; 0; 0; 0; 0; 0; 0; 0; 0; 0; 0; 0; 0; 0; 0; 0; 0; 0
1960;08; 0; 0; 0; 0; 0; 0; 0; 0; 0; 0; 0; 0; 0; 0; 120; 0; 0; 0; 0; 0; 0; 0; 0; 0; 0; 0; 0; 0; 0; 0; 0
1960;09; 42; 0; 0; 0; 0; 0; 0; 0; 0; 0; 0; 0; 0; 0; 0; 0; 0; 0; 0; 0; 0; 0; 0; 0; 0; 0; 0; 0; 0; 95; 9999
1960;10; 320; 0; 0; 0; 0; 0; 131; 0; 0; 0; 0; 0; 0; 0; 0; 20; 54; 0; 227; 30; 0; 70; 0; 0; 50; 352; 33; 0; 0; 125; 33
1960;11; 0; 0; 0; 113; 0; 0; 48; 0; 21; 192; 15; 0; 0; 58; 18; 0; 0; 0; 80; 46; 0; 0; 0; 0; 355; 0; 0; 0; 0; 0; 9999
1960;12; 0; 0; 0; 0; 0; 13; 0; 0; 0; 0; 0; 85; 0; 0; 64; 109; 300; 0; 0; 47; 36; 32; 42; 0; 124; 0; 0; 0; 275; 190; 134
1961;01; 135; 150; 2; 114; 250; 277; 48; 170; 3; 45; 20; 26; 0; 0; 143; 0; 140; 0; 57; 167; 228; 52; 0; 0; 0; 0; 0; 110; 40; 20; 0
1961;02; 0; 0; 0; 104; 110; 0; 16; 56; 44; 0; 0; 47; 0; 0; 21; 540; 0; 0; 418; 22; 66; 67; 273; 164; 0; 413; 45; 173; 9999; 9999; 9999
1961;03; 0; 0; 7; 235; 292; 42; 107; 0; 0; 0; 0; 0; 145; 160; 0; 0; 60; 65; 0; 12; 0; 0; 0; 0; 0; 0; 0; 0; 0; 0; 0
1961;04; 0; 30; 58; 294; 260; 10; 0; 0; 0; 0; 0; 5; 0; 0; 0; 0; 0; 0; 470; 24; 0; 100; 0; 20; 56; 0; 0; 0; 0; 0; 9999
1961;05; 0; 45; 63; 62; 0; 0; 0; 0; 0; 0; 0; 0; 0; 0; 0; 0; 0; 0; 0; 0; 0; 0; 0; 0; 0; 0; 0; 0; 0; 0; 0
1961;06; 0; 0; 0; 0; 0; 0; 0; 0; 0; 0; 0; 0; 0; 0; 0; 0; 0; 0; 0; 0; 0; 0; 0; 0; 0; 0; 0; 0; 0; 0; 9999
1961;07; 0; 0; 0; 0; 0; 0; 0; 0; 0; 0; 0; 0; 0; 0; 0; 0; 0; 0; 0; 0; 0; 0; 0; 0; 0; 0; 0; 0; 0; 0; 0
1961;08; 0; 0; 0; 0; 0; 0; 0; 0; 0; 0; 0; 0; 0; 0; 0; 0; 0; 0; 0; 0; 0; 10; 0; 0; 71; 0; 0; 0; 0; 30; 0
1961;09; 0; 0; 0; 0; 0; 0; 0; 0; 0; 0; 0; 0; 0; 0; 0; 0; 0; 0; 0; 0; 0; 0; 0; 0; 0; 0; 0; 277; 0; 0; 9999
1961;10; 0; 0; 0; 0; 0; 0; 0; 0; 0; 24; 0; 0; 0; 0; 47; 0; 0; 0; 62; 0; 0; 0; 0; 0; 3; 210; 0; 0; 23; 102; 0
1961;11; 30; 0; 20; 0; 0; 45; 0; 0; 0; 413; 565; 121; 67; 211; 0; 0; 0; 0; 0; 0; 0; 30; 55; 0; 105; 0; 0; 0; 0; 0; 9999
1961;12; 138; 146; 40; 0; 0; 0; 240; 0; 0; 0; 0; 40; 140; 51; 43; 103; 370; 305; 0; 0; 12; 60; 150; 132; 380; 282; 104; 50; 50; 0; 0
1962;01; 0; 0; 54; 0; 0; 0; 220; 203; 218; 0; 0; 0; 0; 55; 5; 3; 0; 102; 118; 80; 12; 13; 0; 0; 0; 210; 0; 0; 0; 0; 0
1962;02; 0; 0; 11; 84; 37; 0; 0; 110; 0; 50; 160; 0; 0; 25; 0; 0; 0; 10; 0; 0; 97; 195; 0; 358; 0; 0; 0; 460; 9999; 9999; 9999
1962;03; 108; 3; 93; 48; 0; 0; 0; 0; 0; 170; 10; 153; 120; 21; 100; 0; 62; 25; 10; 0; 0; 0; 0; 25; 0; 0; 0; 0; 0; 0; 0
1962;04; 0; 0; 0; 0; 0; 0; 0; 0; 58; 0; 0; 0; 0; 0; 0; 0; 0; 0; 0; 0; 0; 0; 0; 0; 0; 0; 0; 30; 30; 0; 9999
1962;05; 0; 36; 0; 0; 0; 0; 0; 0; 0; 0; 0; 0; 0; 0; 0; 0; 0; 0; 0; 0; 0; 0; 0; 0; 0; 0; 0; 0; 0; 0; 0
1962;06; 0; 0; 355; 155; 0; 14; 140; 180; 0; 0; 0; 0; 0; 0; 0; 0; 0; 0; 0; 0; 0; 0; 0; 0; 0; 0; 0; 0; 0; 0; 9999
1962;07; 0; 0; 0; 0; 0; 0; 0; 0; 15; 0; 0; 0; 0; 0; 0; 0; 0; 0; 51; 0; 0; 0; 0; 0; 0; 0; 0; 0; 0; 0; 0
1962;08; 0; 0; 0; 0; 0; 0; 0; 0; 0; 0; 5; 0; 0; 0; 70; 42; 0; 0; 0; 0; 0; 164; 0; 0; 0; 0; 0; 0; 0; 0; 0
1962;09; 0; 23; 0; 30; 0; 0; 0; 0; 0; 0; 0; 0; 0; 0; 0; 0; 0; 0; 0; 0; 0; 0; 0; 0; 0; 0; 0; 80; 105; 0; 9999
1962;10; 66; 63; 310; 0; 0; 0; 0; 235; 105; 42; 20; 0; 0; 0; 0; 0; 40; 25; 100; 0; 0; 0; 0; 0; 42; 0; 0; 50; 395; 60; 0
1962;11; 0; 0; 0; 0; 0; 0; 105; 75; 0; 0; 0; 0; 0; 0; 0; 0; 0; 0; 73; 477; 0; 0; 0; 0; 0; 0; 0; 0; 85; 0; 9999
1962;12; 0; 0; 10; 0; 81; 0; 0; 0; 0; 770; 33; 11; 0; 0; 0; 60; 20; 70; 954; 125; 110; 390; 3; 0; 0; 150; 0; 58; 588; 315; 150
1963;01; 235; 100; 90; 15; 20; 0; 0; 65; 0; 0; 474; 0; 0; 0; 295; 92; 176; 190; 0; 128; 0; 140; 0; 70; 25; 140; 0; 0; 70; 0; 25
1963;02; 255; 0; 240; 0; 247; 140; 0; 0; 0; 0; 0; 0; 195; 0; 0; 400; 0; 0; 103; 142; 222; 120; 0; 0; 0; 152; 0; 0; 9999; 9999; 9999
1963;03; 0; 0; 700; 0; 0; 0; 0; 0; 0; 0; 0; 0; 0; 0; 0; 0; 0; 200; 0; 27; 28; 100; 0; 0; 0; 30; 0; 0; 0; 0; 0
1963;04; 0; 0; 0; 0; 0; 0; 0; 0; 22; 0; 0; 0; 0; 0; 184; 0; 0; 0; 0; 0; 0; 0; 0; 0; 0; 0; 0; 0; 0; 0; 9999
1963;05; 0; 0; 0; 0; 0; 0; 0; 0; 0; 0; 0; 0; 0; 0; 0; 0; 0; 0; 0; 0; 0; 0; 0; 0; 0; 0; 0; 0; 0; 0; 0
1963;06; 0; 0; 0; 0; 0; 0; 0; 0; 0; 0; 0; 0; 0; 0; 0; 0; 0; 0; 0; 0; 0; 0; 0; 0; 0; 0; 0; 0; 0; 0; 9999
1963;07; 0; 0; 0; 0; 0; 0; 0; 0; 0; 0; 0; 0; 0; 0; 0; 0; 0; 0; 0; 0; 0; 0; 0; 0; 0; 0; 0; 0; 0; 0; 0
1963;08; 0; 0; 0; 0; 0; 0; 0; 0; 0; 0; 0; 0; 0; 0; 0; 0; 0; 2; 0; 0; 0; 0; 0; 0; 0; 0; 0; 0; 0; 0; 0
1963;09; 0; 0; 0; 0; 0; 0; 0; 0; 0; 0; 0; 0; 0; 0; 0; 0; 0; 0; 0; 0; 0; 140; 0; 0; 0; 0; 0; 0; 0; 0; 9999
1963;10; 0; 0; 0; 0; 0; 0; 39; 0; 0; 0; 0; 0; 0; 0; 0; 0; 0; 102; 81; 0; 4; 3; 8; 0; 0; 0; 0; 0; 0; 0; 0
1963;11; 0; 234; 0; 0; 0; 0; 0; 60; 200; 0; 0; 0; 0; 102; 0; 268; 79; 11; 0; 102; 0; 0; 0; 0; 0; 0; 0; 196; 0; 222; 9999
1963;12; 0; 0; 0; 165; 182; 0; 0; 0; 0; 0; 0; 0; 0; 578; 0; 0; 0; 0; 101; 210; 0; 0; 0; 0; 0; 0; 0; 0; 0; 0; 0
1964;01; 0; 0; 290; 0; 0; 0; 0; 210; 0; 0; 300; 220; 0; 0; 105; 0; 35; 0; 20; 0; 66; 446; 430; 0; 0; 0; 0; 0; 0; 0; 0
1964;02; 0; 0; 42; 0; 0; 0; 72; 0; 0; 30; 335; 120; 20; 330; 420; 270; 210; 193; 110; 74; 0; 0; 100; 75; 0; 0; 35; 0; 0; 9999; 9999
1964;03; 0; 140; 0; 0; 20; 0; 0; 0; 0; 0; 0; 0; 0; 0; 43; 0; 0; 0; 0; 0; 0; 0; 0; 0; 0; 0; 0; 230; 330; 0; 0
1964;04; 0; 100; 20; 0; 0; 0; 0; 0; 0; 0; 0; 0; 0; 0; 0; 0; 0; 0; 0; 0; 0; 0; 0; 0; 0; 0; 0; 0; 0; 0; 9999
1964;05; 195; 0; 0; 130; 10; 0; 0; 0; 0; 0; 0; 0; 0; 0; 0; 0; 0; 0; 0; 0; 0; 0; 0; 0; 0; 0; 0; 0; 0; 0; 0
1964;06; 0; 0; 0; 0; 0; 0; 0; 0; 0; 0; 15; 0; 55; 0; 0; 0; 0; 0; 0; 0; 0; 0; 0; 15; 0; 0; 0; 0; 0; 0; 9999
1964;07; 200; 0; 0; 0; 0; 0; 0; 0; 0; 0; 0; 0; 0; 0; 0; 76; 0; 0; 75; 0; 0; 0; 0; 170; 0; 0; 0; 0; 0; 0; 0
1964;08; 0; 0; 0; 0; 0; 0; 0; 0; 0; 0; 0; 0; 0; 0; 0; 0; 0; 0; 130; 18; 0; 0; 0; 0; 0; 0; 0; 0; 0; 0; 0
1964;09; 0; 0; 0; 0; 0; 0; 0; 0; 0; 0; 0; 0; 0; 0; 0; 0; 0; 0; 0; 0; 0; 0; 0; 0; 63; 0; 0; 180; 0; 120; 9999
1964;10; 0; 143; 0; 0; 115; 260; 0; 0; 0; 0; 0; 0; 0; 0; 0; 0; 0; 0; 112; 26; 0; 0; 0; 0; 0; 165; 0; 50; 443; 28; 0
1964;11; 0; 0; 0; 437; 387; 0; 0; 0; 0; 0; 0; 0; 0; 0; 80; 60; 0; 0; 0; 0; 0; 0; 0; 0; 0; 0; 0; 0; 0; 272; 9999
1964;12; 96; 147; 250; 115; 0; 0; 0; 0; 22; 0; 0; 4; 61; 68; 62; 98; 228; 66; 71; 0; 0; 762; 979; 180; 24; 296; 18; 0; 33; 48; 0
1965;01; 0; 0; 290; 154; 0; 0; 0; 40; 0; 10; 0; 0; 342; 254; 25; 0; 150; 0; 0; 0; 0; 0; 390; 0; 0; 0; 340; 770; 210; 0; 695
1965;02; 0; 0; 50; 172; 0; 110; 0; 0; 0; 0; 270; 80; 0; 92; 0; 0; 320; 0; 0; 0; 360; 106; 0; 0; 0; 0; 410; 150; 9999; 9999; 9999
1965;03; 0; 220; 0; 0; 20; 0; 0; 184; 160; 0; 0; 0; 0; 65; 0; 0; 0; 0; 140; 0; 0; 112; 20; 25; 240; 0; 0; 0; 0; 0; 0
1965;04; 0; 0; 0; 0; 0; 0; 60; 0; 0; 0; 100; 0; 0; 0; 0; 0; 0; 0; 20; 0; 0; 0; 0; 0; 0; 0; 0; 160; 0; 0; 9999
1965;05; 0; 0; 0; 0; 0; 0; 0; 0; 0; 0; 150; 162; 0; 130; 0; 190; 0; 96; 0; 0; 0; 0; 0; 0; 0; 0; 0; 0; 0; 0; 0
1965;06; 0; 0; 0; 0; 0; 0; 0; 85; 0; 0; 0; 0; 0; 0; 0; 0; 0; 0; 0; 0; 0; 0; 0; 20; 0; 0; 0; 0; 0; 0; 9999
1965;07; 0; 0; 0; 510; 25; 150; 0; 52; 96; 0; 0; 0; 0; 0; 0; 0; 0; 0; 0; 0; 0; 0; 0; 0; 0; 0; 0; 0; 0; 0; 0
1965;08; 0; 97; 0; 0; 0; 0; 0; 0; 0; 0; 0; 0; 0; 0; 150; 0; 0; 0; 0; 0; 0; 0; 0; 0; 0; 0; 0; 0; 0; 0; 0
1965;09; 0; 0; 0; 0; 0; 0; 0; 0; 0; 0; 0; 0; 0; 0; 0; 0; 0; 0; 0; 0; 0; 0; 0; 62; 0; 235; 292; 15; 40; 50; 9999
1965;10; 15; 0; 0; 0; 0; 0; 35; 0; 0; 90; 0; 0; 0; 0; 0; 100; 0; 0; 0; 0; 0; 0; 0; 0; 0; 120; 0; 100; 20; 0; 0
1965;11; 0; 0; 0; 0; 0; 300; 0; 530; 0; 0; 40; 390; 0; 0; 0; 0; 0; 0; 0; 0; 0; 0; 0; 0; 0; 75; 0; 22; 0; 140; 9999
1965;12; 0; 570; 0; 300; 0; 84; 240; 305; 165; 310; 155; 116; 0; 0; 0; 67; 0; 0; 0; 0; 0; 0; 0; 0; 0; 180; 20; 380; 0; 100; 140
1966;01; 121; 366; 92; 8; 416; 0; 0; 45; 132; 53; 2; 0; 0; 0; 0; 0; 0; 0; 0; 0; 0; 0; 0; 0; 0; 320; 0; 15; 153; 6; 178
1966;02; 232; 46; 0; 0; 52; 47; 269; 565; 153; 194; 337; 13; 5; 3; 0; 0; 0; 0; 212; 0; 19; 58; 7; 120; 2; 0; 0; 41; 9999; 9999; 9999
1966;03; 0; 25; 0; 427; 81; 485; 97; 19; 45; 10; 0; 0; 0; 0; 0; 0; 0; 0; 0; 0; 0; 0; 0; 0; 0; 249; 6; 0; 0; 0; 0
1966;04; 98; 219; 11; 0; 0; 0; 0; 0; 0; 0; 0; 0; 0; 0; 0; 0; 0; 0; 0; 0; 0; 0; 0; 0; 0; 405; 0; 0; 0; 0; 9999
1966;05; 0; 0; 0; 16; 0; 273; 134; 0; 0; 1; 0; 25; 8; 1; 0; 0; 0; 0; 0; 0; 95; 113; 322; 0; 0; 0; 0; 0; 0; 0; 0
1966;06; 0; 0; 0; 0; 0; 0; 0; 0; 0; 0; 0; 0; 0; 0; 0; 0; 0; 0; 0; 0; 0; 0; 0; 0; 0; 0; 0; 0; 0; 0; 9999
1966;07; 0; 0; 0; 0; 0; 0; 0; 6; 0; 0; 0; 0; 0; 0; 0; 0; 0; 0; 0; 0; 0; 0; 0; 6; 14; 0; 0; 0; 0; 0; 20
1966;08; 180; 12; 0; 0; 0; 0; 0; 0; 0; 0; 0; 0; 0; 0; 0; 0; 0; 0; 0; 0; 0; 0; 0; 0; 0; 0; 0; 0; 0; 206; 12
1966;09; 18; 233; 0; 0; 0; 0; 0; 0; 0; 0; 0; 0; 0; 0; 0; 0; 0; 0; 0; 0; 17; 0; 0; 0; 0; 0; 0; 20; 12; 38; 9999
1966;10; 0; 0; 0; 0; 0; 0; 0; 100; 270; 0; 0; 29; 0; 0; 0; 0; 0; 97; 0; 0; 0; 0; 408; 12; 0; 0; 0; 570; 5; 142; 41
1966;11; 15; 12; 0; 0; 0; 184; 28; 0; 0; 121; 9; 3; 23; 0; 17; 128; 142; 217; 0; 0; 0; 0; 0; 0; 0; 0; 0; 25; 0; 0; 9999
1966;12; 0; 0; 0; 43; 0; 0; 67; 68; 0; 0; 0; 0; 189; 410; 0; 424; 112; 53; 866; 97; 624; 79; 120; 28; 0; 0; 0; 22; 0; 0; 0
1967;01; 0; 120; 0; 110; 35; 20; 0; 50; 0; 980; 160; 0; 70; 0; 120; 0; 0; 220; 350; 140; 310; 0; 336; 0; 147; 195; 0; 0; 86; 90; 0
1967;02; 65; 0; 286; 365; 360; 0; 0; 220; 284; 0; 0; 215; 0; 0; 60; 0; 110; 435; 50; 70; 0; 0; 0; 0; 0; 0; 0; 0; 9999; 9999; 9999
1967;03; 174; 60; 0; 0; 260; 0; 170; 195; 460; 0; 45; 0; 186; 312; 0; 0; 20; 0; 0; 0; 0; 0; 558; 0; 242; 0; 10; 0; 0; 0; 0
1967;04; 0; 0; 0; 0; 0; 0; 0; 0; 0; 0; 0; 0; 0; 0; 247; 0; 0; 0; 0; 0; 0; 0; 0; 0; 0; 0; 0; 0; 0; 0; 9999
1967;05; 0; 0; 0; 0; 0; 0; 0; 0; 0; 0; 0; 0; 0; 0; 0; 0; 0; 0; 0; 0; 0; 0; 0; 0; 0; 0; 0; 0; 0; 0; 0
1967;06; 0; 0; 0; 0; 0; 130; 220; 0; 0; 0; 185; 20; 0; 0; 0; 0; 0; 0; 0; 0; 0; 0; 0; 0; 0; 0; 0; 0; 0; 0; 9999
1967;07; 0; 0; 0; 0; 0; 0; 0; 0; 0; 0; 0; 0; 0; 0; 0; 0; 0; 0; 0; 0; 0; 20; 0; 0; 0; 0; 0; 0; 0; 0; 0
1967;08; 0; 0; 0; 0; 0; 0; 0; 0; 0; 0; 0; 0; 0; 0; 0; 0; 0; 0; 0; 0; 0; 0; 0; 0; 0; 0; 0; 0; 0; 0; 0
1967;09; 0; 0; 0; 0; 0; 0; 0; 0; 0; 0; 0; 270; 145; 0; 0; 0; 0; 0; 0; 0; 0; 0; 0; 0; 0; 0; 0; 0; 0; 0; 9999
1967;10; 0; 0; 0; 30; 0; 0; 0; 0; 0; 0; 83; 80; 0; 0; 0; 0; 0; 80; 0; 0; 93; 0; 130; 90; 660; 120; 0; 0; 0; 0; 0
1967;11; 0; 0; 110; 0; 0; 0; 0; 0; 0; 0; 570; 0; 0; 0; 5; 4; 370; 0; 0; 0; 0; 280; 120; 0; 200; 585; 0; 0; 0; 0; 9999
1967;12; 0; 0; 20; 0; 0; 0; 0; 0; 310; 0; 0; 0; 0; 20; 0; 0; 380; 140; 0; 56; 0; 20; 0; 0; 0; 0; 0; 120; 0; 25; 0
1968;01; 0; 0; 0; 0; 0; 0; 0; 0; 120; 166; 176; 0; 50; 0; 130; 66; 58; 30; 0; 0; 32; 130; 0; 0; 0; 0; 0; 0; 0; 0; 0
1968;02; 0; 0; 0; 0; 0; 0; 0; 0; 0; 0; 0; 15; 137; 95; 18; 130; 0; 0; 0; 510; 0; 0; 0; 78; 0; 0; 0; 0; 0; 9999; 9999
1968;03; 0; 0; 0; 0; 174; 0; 112; 0; 25; 0; 0; 0; 18; 154; 176; 0; 0; 0; 0; 0; 16; 0; 64; 0; 0; 0; 0; 0; 0; 0; 0
1968;04; 0; 0; 0; 0; 0; 0; 0; 0; 0; 0; 0; 0; 0; 0; 0; 0; 0; 0; 0; 150; 0; 0; 0; 0; 0; 0; 0; 0; 0; 0; 9999
1968;05; 0; 0; 0; 0; 0; 0; 28; 0; 0; 0; 0; 0; 0; 0; 0; 0; 0; 0; 0; 0; 0; 0; 0; 0; 0; 0; 0; 0; 0; 0; 0
1968;06; 0; 0; 0; 0; 0; 0; 0; 32; 0; 0; 0; 0; 0; 0; 0; 0; 0; 0; 0; 182; 0; 0; 0; 0; 0; 0; 0; 0; 0; 0; 9999
1968;07; 0; 0; 0; 0; 0; 0; 0; 20; 0; 0; 0; 0; 0; 0; 0; 0; 0; 0; 0; 0; 0; 0; 0; 0; 0; 0; 0; 0; 0; 0; 0
1968;08; 0; 0; 0; 42; 0; 0; 25; 218; 66; 0; 0; 0; 0; 0; 0; 0; 0; 0; 0; 0; 0; 0; 0; 0; 0; 0; 0; 0; 0; 0; 38
1968;09; 0; 0; 27; 0; 112; 0; 0; 0; 0; 0; 0; 0; 0; 0; 0; 0; 0; 0; 0; 5; 235; 0; 0; 0; 0; 0; 0; 0; 0; 0; 9999
1968;10; 0; 0; 0; 0; 0; 0; 0; 0; 0; 0; 0; 0; 0; 0; 0; 326; 225; 0; 0; 0; 148; 350; 20; 0; 0; 0; 472; 0; 0; 0; 0
1968;11; 3; 0; 0; 0; 0; 0; 73; 0; 0; 0; 0; 0; 0; 3; 0; 0; 133; 93; 0; 0; 0; 0; 0; 0; 0; 0; 148; 168; 0; 0; 9999
1968;12; 43; 340; 168; 378; 0; 0; 0; 0; 0; 85; 0; 0; 0; 0; 0; 0; 6; 0; 0; 2; 10; 60; 0; 5; 13; 0; 57; 135; 185; 0; 4
1969;01; 0; 0; 0; 123; 0; 0; 104; 0; 0; 0; 0; 0; 0; 0; 106; 0; 0; 0; 0; 0; 164; 62; 168; 0; 0; 0; 0; 0; 0; 68; 0
1969;02; 0; 0; 0; 0; 0; 0; 65; 214; 0; 0; 0; 0; 206; 0; 0; 36; 0; 0; 408; 0; 0; 0; 0; 0; 0; 0; 0; 324; 9999; 9999; 9999
1969;03; 0; 0; 68; 384; 0; 0; 0; 0; 0; 0; 0; 0; 0; 0; 0; 180; 0; 0; 0; 0; 0; 0; 0; 0; 0; 0; 0; 0; 0; 0; 0
1969;04; 0; 0; 0; 0; 0; 0; 0; 212; 0; 0; 0; 0; 0; 0; 0; 0; 0; 0; 0; 0; 64; 0; 0; 0; 0; 0; 0; 0; 0; 0; 9999
1969;05; 0; 0; 0; 0; 0; 0; 0; 0; 0; 0; 0; 0; 0; 0; 0; 0; 0; 132; 0; 0; 0; 0; 0; 0; 0; 0; 0; 0; 0; 0; 0
1969;06; 0; 0; 160; 0; 0; 0; 0; 0; 0; 0; 0; 0; 0; 0; 0; 0; 0; 0; 0; 0; 0; 0; 0; 0; 0; 0; 0; 0; 0; 68; 9999
1969;07; 0; 0; 0; 0; 0; 0; 0; 0; 0; 0; 0; 32; 0; 0; 0; 0; 0; 0; 0; 0; 0; 0; 0; 0; 0; 0; 0; 0; 0; 0; 0
1969;08; 0; 41; 0; 0; 0; 0; 0; 0; 0; 0; 0; 0; 0; 0; 0; 0; 0; 0; 0; 0; 0; 0; 0; 0; 0; 0; 0; 0; 0; 0; 0
1969;09; 0; 0; 0; 33; 0; 0; 0; 0; 0; 0; 0; 0; 0; 0; 0; 0; 0; 125; 30; 26; 0; 0; 0; 0; 0; 0; 0; 25; 336; 300; 9999
1969;10; 0; 0; 258; 230; 0; 26; 0; 0; 0; 0; 0; 0; 0; 0; 0; 0; 70; 0; 0; 0; 0; 83; 0; 0; 0; 0; 0; 252; 0; 520; 32
1969;11; 0; 0; 0; 0; 0; 0; 286; 0; 28; 0; 0; 554; 63; 120; 328; 15; 0; 0; 51; 20; 0; 0; 0; 0; 0; 0; 0; 46; 0; 0; 9999
1969;12; 0; 0; 0; 0; 0; 0; 0; 0; 0; 0; 184; 70; 34; 197; 0; 0; 0; 0; 0; 0; 0; 0; 0; 190; 0; 0; 0; 0; 0; 115; 32
1970;01; 0; 640; 0; 0; 0; 0; 0; 0; 120; 0; 0; 0; 0; 60; 362; 60; 0; 82; 6; 0; 0; 0; 0; 0; 0; 0; 0; 0; 26; 0; 64
1970;02; 0; 0; 0; 6; 392; 20; 40; 176; 98; 326; 0; 0; 40; 124; 340; 446; 410; 0; 0; 34; 75; 120; 0; 0; 50; 0; 130; 0; 9999; 9999; 9999
1970;03; 40; 0; 0; 34; 0; 0; 0; 0; 0; 38; 0; 0; 606; 0; 0; 215; 36; 0; 133; 0; 0; 30; 0; 0; 0; 0; 0; 0; 0; 0; 0
1970;04; 0; 64; 0; 460; 0; 0; 0; 0; 0; 0; 0; 0; 0; 0; 0; 0; 0; 0; 0; 0; 0; 0; 0; 0; 0; 0; 4; 8; 0; 0; 9999
1970;05; 0; 0; 0; 0; 0; 159; 62; 0; 0; 0; 0; 0; 0; 0; 0; 0; 0; 0; 0; 77; 0; 0; 0; 0; 0; 0; 0; 0; 0; 0; 0
1970;06; 0; 0; 0; 0; 0; 0; 0; 0; 0; 0; 10; 0; 0; 0; 0; 0; 0; 0; 0; 0; 0; 60; 233; 0; 0; 91; 0; 14; 0; 0; 9999
1970;07; 0; 0; 0; 0; 0; 0; 0; 0; 53; 0; 26; 128; 0; 0; 0; 0; 0; 0; 0; 0; 0; 0; 0; 0; 0; 0; 0; 0; 0; 0; 0
1970;08; 0; 0; 0; 0; 0; 0; 0; 0; 0; 0; 0; 0; 0; 0; 0; 0; 0; 0; 0; 0; 0; 0; 0; 0; 117; 198; 48; 0; 0; 87; 6
1970;09; 0; 0; 0; 0; 0; 123; 0; 0; 0; 0; 0; 83; 63; 13; 0; 0; 0; 0; 74; 64; 76; 0; 0; 0; 0; 0; 0; 0; 0; 0; 9999
1970;10; 380; 320; 532; 0; 0; 0; 0; 34; 0; 0; 0; 77; 0; 0; 0; 0; 0; 0; 0; 0; 11; 0; 0; 0; 0; 0; 0; 310; 12; 0; 0
1970;11; 0; 0; 0; 0; 0; 23; 80; 0; 0; 0; 0; 0; 355; 0; 0; 0; 0; 0; 0; 0; 0; 0; 0; 0; 0; 0; 0; 28; 44; 136; 9999
1970;12; 0; 0; 0; 0; 0; 0; 0; 0; 202; 144; 0; 0; 0; 0; 0; 0; 525; 24; 50; 0; 0; 0; 0; 20; 0; 33; 10; 122; 35; 0; 0
1971;01; 10; 50; 0; 5; 470; 41; 92; 0; 44; 0; 0; 25; 0; 0; 0; 0; 0; 0; 63; 7; 17; 0; 0; 0; 0; 0; 0; 23; 0; 19; 41
1971;02; 0; 98; 0; 0; 0; 95; 0; 0; 15; 21; 0; 166; 60; 0; 0; 7; 5; 48; 512; 0; 88; 0; 0; 47; 79; 0; 58; 0; 9999; 9999; 9999
1971;03; 0; 0; 0; 0; 0; 72; 0; 47; 0; 110; 195; 54; 0; 0; 0; 0; 0; 0; 0; 467; 0; 0; 124; 0; 0; 0; 0; 112; 0; 0; 0
1971;04; 0; 0; 0; 116; 0; 0; 0; 0; 0; 0; 0; 0; 8; 0; 0; 68; 0; 0; 0; 60; 167; 0; 0; 0; 0; 0; 0; 0; 0; 0; 9999
1971;05; 0; 544; 61; 81; 40; 0; 0; 0; 0; 0; 0; 0; 0; 0; 0; 0; 0; 0; 0; 0; 0; 0; 0; 0; 177; 58; 0; 0; 0; 0; 0
1971;06; 0; 0; 0; 0; 0; 0; 0; 11; 0; 0; 222; 258; 2; 10; 185; 0; 57; 228; 116; 0; 0; 42; 0; 0; 0; 0; 0; 0; 0; 0; 9999
1971;07; 0; 2; 0; 0; 375; 0; 0; 0; 0; 0; 0; 0; 0; 0; 0; 0; 0; 0; 0; 0; 0; 0; 0; 0; 0; 0; 0; 0; 0; 128; 0
1971;08; 0; 0; 0; 0; 0; 0; 0; 0; 0; 0; 0; 0; 0; 0; 0; 0; 0; 0; 0; 0; 0; 0; 0; 0; 0; 0; 0; 0; 0; 0; 0
1971;09; 0; 0; 0; 0; 0; 0; 19; 11; 41; 0; 0; 460; 0; 0; 0; 0; 0; 0; 0; 0; 0; 0; 0; 0; 234; 0; 259; 0; 16; 0; 9999
1971;10; 74; 0; 0; 0; 28; 0; 17; 65; 0; 0; 9; 31; 0; 0; 0; 0; 0; 0; 0; 0; 0; 0; 0; 0; 36; 86; 0; 0; 4; 0; 0
1971;11; 191; 966; 0; 25; 0; 0; 0; 0; 0; 54; 0; 0; 0; 0; 0; 0; 0; 31; 87; 0; 0; 0; 0; 0; 232; 0; 0; 0; 0; 0; 9999
1971;12; 132; 0; 0; 742; 0; 0; 0; 543; 0; 120; 0; 0; 0; 126; 90; 0; 0; 0; 0; 6; 134; 518; 30; 790; 57; 0; 128; 0; 7; 0; 0
1972;01; 37; 0; 203; 0; 19; 0; 0; 125; 0; 109; 5; 12; 0; 28; 84; 0; 0; 0; 0; 0; 0; 73; 356; 658; 0; 45; 66; 34; 0; 208; 26
1972;02; 0; 0; 157; 15; 339; 0; 252; 61; 656; 36; 0; 140; 169; 62; 172; 0; 22; 0; 0; 623; 297; 223; 368; 30; 75; 482; 14; 48; 0; 9999; 9999
1972;03; 0; 0; 0; 0; 173; 115; 0; 0; 0; 104; 9; 207; 0; 0; 0; 0; 0; 157; 64; 0; 15; 0; 0; 0; 0; 25; 0; 0; 15; 0; 0
1972;04; 0; 0; 25; 86; 0; 0; 0; 0; 0; 0; 0; 0; 0; 0; 24; 0; 0; 0; 0; 0; 0; 0; 0; 0; 0; 134; 0; 0; 0; 0; 9999
1972;05; 0; 0; 0; 0; 0; 0; 0; 81; 0; 0; 0; 0; 0; 0; 0; 0; 0; 0; 0; 0; 0; 0; 314; 240; 257; 0; 0; 0; 0; 0; 0
1972;06; 0; 0; 0; 0; 0; 0; 0; 0; 0; 0; 0; 0; 0; 0; 0; 0; 0; 0; 31; 0; 0; 0; 0; 0; 0; 0; 0; 0; 0; 0; 9999
1972;07; 0; 0; 0; 0; 0; 0; 0; 232; 0; 187; 43; 0; 286; 0; 36; 292; 100; 0; 0; 0; 0; 0; 0; 0; 0; 0; 103; 0; 0; 0; 0
1972;08; 0; 0; 0; 34; 81; 0; 114; 0; 0; 0; 0; 0; 13; 0; 0; 0; 0; 0; 0; 0; 0; 0; 16; 141; 0; 0; 0; 0; 0; 44; 0
1972;09; 5; 0; 0; 0; 0; 0; 0; 0; 0; 0; 137; 69; 0; 21; 0; 0; 0; 0; 0; 0; 0; 0; 19; 116; 7; 50; 0; 173; 235; 4; 9999
1972;10; 76; 200; 530; 221; 262; 0; 0; 0; 0; 40; 262; 0; 0; 0; 166; 0; 0; 0; 0; 0; 0; 0; 0; 0; 0; 0; 0; 40; 13; 48; 28
1972;11; 603; 24; 81; 0; 0; 0; 0; 73; 202; 10; 93; 37; 0; 7; 0; 277; 0; 12; 20; 0; 3; 0; 0; 0; 9; 123; 2; 0; 0; 0; 9999
1972;12; 206; 0; 0; 73; 0; 0; 0; 0; 0; 0; 0; 642; 0; 0; 0; 0; 0; 0; 0; 0; 0; 83; 316; 0; 0; 13; 0; 19; 0; 18; 5
1973;01; 60; 193; 0; 0; 0; 141; 69; 0; 24; 129; 0; 0; 118; 94; 0; 416; 0; 0; 0; 54; 95; 46; 43; 39; 9; 338; 28; 0; 0; 0; 0
1973;02; 153; 14; 0; 0; 846; 133; 0; 0; 0; 0; 222; 0; 0; 332; 1; 153; 237; 0; 0; 0; 0; 0; 0; 0; 0; 0; 0; 0; 9999; 9999; 9999
1973;03; 0; 0; 0; 36; 8; 0; 0; 32; 13; 200; 0; 0; 0; 0; 0; 0; 0; 14; 0; 28; 0; 54; 0; 0; 0; 0; 0; 0; 0; 147; 92
1973;04; 0; 0; 0; 14; 0; 0; 0; 0; 387; 39; 49; 228; 50; 0; 0; 0; 0; 0; 91; 0; 275; 0; 13; 0; 0; 0; 0; 0; 0; 0; 9999
1973;05; 0; 0; 419; 28; 0; 0; 0; 0; 0; 173; 0; 61; 0; 0; 0; 0; 0; 0; 0; 0; 0; 364; 0; 0; 152; 0; 0; 0; 0; 0; 0
1973;06; 0; 0; 0; 0; 0; 0; 0; 0; 0; 14; 0; 0; 0; 0; 0; 0; 0; 26; 23; 0; 0; 0; 0; 0; 4; 0; 23; 0; 0; 0; 9999
1973;07; 0; 2; 150; 0; 0; 0; 0; 0; 0; 0; 0; 0; 0; 0; 0; 0; 0; 0; 0; 0; 0; 3; 0; 0; 0; 0; 0; 53; 0; 0; 0
1973;08; 0; 0; 0; 0; 0; 0; 0; 0; 0; 0; 0; 0; 0; 0; 0; 0; 0; 0; 0; 0; 0; 0; 0; 0; 0; 10; 0; 12; 0; 0; 0
1973;09; 0; 52; 0; 1; 0; 0; 3; 0; 0; 4; 0; 1; 1; 0; 1; 0; 0; 0; 0; 0; 1; 1; 0; 1; 0; 27; 16; 0; 1; 0; 9999
1973;10; 0; 4; 0; 0; 0; 1; 419; 13; 30; 60; 1; 137; 425; 0; 2; 0; 0; 1; 586; 0; 0; 1; 0; 35; 0; 0; 34; 0; 0; 0; 387
1973;11; 256; 40; 0; 0; 0; 0; 0; 0; 0; 4; 0; 83; 108; 35; 0; 0; 0; 256; 38; 0; 0; 0; 0; 0; 44; 0; 0; 4; 0; 0; 9999
1973;12; 0; 0; 56; 12; 0; 0; 386; 11; 0; 0; 0; 0; 145; 4; 0; 8; 13; 247; 14; 4; 112; 308; 0; 17; 10; 65; 6; 0; 62; 324; 226
1974;01; 265; 840; 13; 0; 0; 0; 34; 0; 383; 3; 31; 33; 67; 134; 6; 122; 11; 0; 0; 0; 0; 0; 0; 343; 0; 0; 0; 95; 383; 120; 193
1974;02; 5; 50; 58; 0; 300; 0; 0; 0; 0; 0; 13; 0; 0; 256; 64; 85; 0; 0; 0; 0; 0; 0; 440; 112; 79; 65; 0; 0; 9999; 9999; 9999
1974;03; 0; 0; 0; 51; 92; 12; 180; 38; 114; 111; 62; 5; 0; 35; 0; 51; 6; 488; 512; 299; 15; 30; 0; 13; 0; 0; 36; 0; 0; 0; 0
1974;04; 10; 0; 0; 24; 0; 0; 0; 0; 0; 0; 41; 0; 0; 0; 0; 0; 0; 0; 0; 0; 0; 0; 0; 97; 85; 16; 0; 0; 0; 0; 9999
1974;05; 8; 0; 0; 0; 0; 0; 0; 0; 0; 0; 0; 0; 46; 0; 0; 0; 0; 0; 18; 20; 0; 0; 0; 0; 0; 0; 140; 0; 0; 0; 0
1974;06; 0; 0; 12; 80; 231; 0; 0; 0; 0; 0; 0; 17; 43; 0; 0; 0; 0; 0; 0; 0; 0; 254; 0; 0; 0; 0; 18; 0; 0; 0; 9999
1974;07; 0; 0; 0; 0; 0; 0; 0; 0; 0; 0; 0; 0; 0; 0; 0; 0; 0; 0; 0; 0; 0; 0; 0; 0; 0; 0; 0; 0; 0; 0; 0
1974;08; 0; 0; 0; 0; 0; 0; 0; 0; 0; 0; 0; 0; 13; 0; 0; 9; 0; 0; 0; 0; 0; 0; 0; 0; 0; 0; 0; 0; 0; 0; 0
1974;09; 0; 0; 0; 0; 0; 0; 0; 0; 0; 0; 0; 0; 0; 0; 0; 0; 0; 0; 0; 0; 0; 0; 0; 0; 0; 0; 243; 0; 373; 6; 9999
1974;10; 2; 63; 0; 0; 283; 0; 0; 0; 3; 6; 0; 0; 0; 0; 0; 0; 269; 1; 17; 209; 1; 0; 0; 10; 123; 4; 1; 60; 0; 298; 0
1974;11; 0; 0; 0; 0; 0; 120; 0; 0; 0; 0; 0; 0; 161; 0; 0; 0; 0; 0; 0; 0; 148; 25; 18; 0; 0; 0; 0; 312; 10; 0; 9999
1974;12; 15; 9; 51; 0; 20; 24; 0; 0; 0; 0; 0; 0; 55; 50; 78; 583; 103; 44; 135; 11; 288; 313; 149; 25; 219; 0; 51; 172; 3; 45; 180
1975;01; 616; 148; 0; 0; 0; 0; 103; 0; 0; 0; 105; 315; 106; 31; 0; 0; 0; 0; 0; 0; 0; 0; 0; 0; 112; 2; 3; 0; 39; 8; 0
1975;02; 376; 0; 377; 63; 350; 262; 107; 70; 0; 300; 0; 0; 0; 0; 0; 0; 0; 0; 0; 0; 93; 23; 308; 3; 15; 50; 9; 48; 9999; 9999; 9999
1975;03; 0; 0; 60; 12; 0; 0; 83; 0; 57; 0; 0; 0; 0; 0; 0; 0; 0; 0; 0; 10; 0; 0; 138; 344; 10; 0; 0; 0; 0; 30; 97
1975;04; 0; 3; 0; 0; 0; 0; 0; 0; 0; 150; 296; 24; 0; 0; 98; 20; 0; 0; 0; 0; 0; 0; 0; 0; 0; 0; 0; 0; 0; 0; 9999
1975;05; 45; 0; 0; 0; 0; 0; 0; 0; 0; 0; 0; 0; 0; 0; 0; 0; 0; 0; 0; 0; 0; 0; 0; 0; 0; 0; 0; 0; 0; 0; 0
1975;06; 0; 0; 0; 0; 0; 0; 0; 0; 0; 0; 0; 0; 0; 0; 0; 0; 0; 0; 0; 0; 0; 0; 0; 0; 0; 0; 0; 0; 0; 0; 9999
1975;07; 0; 0; 0; 147; 15; 0; 0; 0; 0; 0; 0; 0; 0; 0; 0; 0; 8; 26; 0; 0; 0; 0; 0; 0; 0; 0; 0; 0; 0; 0; 0
1975;08; 0; 0; 0; 0; 0; 0; 0; 0; 0; 0; 0; 0; 0; 0; 0; 0; 0; 0; 0; 0; 0; 0; 0; 0; 0; 0; 0; 0; 0; 0; 0
1975;09; 0; 0; 0; 0; 0; 0; 0; 0; 0; 0; 0; 0; 0; 0; 0; 0; 0; 0; 0; 0; 0; 0; 0; 0; 88; 0; 1054; 20; 0; 25; 9999
1975;10; 18; 0; 2; 320; 0; 25; 0; 348; 0; 0; 0; 22; 0; 0; 0; 0; 103; 265; 338; 0; 0; 0; 0; 0; 0; 0; 0; 0; 0; 16; 0
1975;11; 0; 30; 0; 0; 0; 22; 201; 0; 0; 11; 0; 3; 0; 0; 0; 0; 88; 546; 126; 158; 160; 0; 101; 95; 317; 53; 149; 61; 46; 579; 9999
1975;12; 65; 11; 74; 55; 0; 0; 0; 0; 0; 131; 2; 37; 0; 351; 37; 0; 0; 4; 8; 0; 0; 115; 0; 4; 251; 131; 0; 3; 0; 0; 0
1976;01; 32; 4; 11; 149; 10; 35; 55; 124; 0; 0; 0; 12; 0; 0; 0; 228; 0; 0; 0; 0; 187; 42; 0; 0; 0; 0; 115; 0; 134; 0; 0
1976;02; 0; 161; 940; 0; 0; 246; 513; 415; 422; 23; 0; 0; 0; 0; 0; 442; 13; 41; 65; 0; 31; 28; 94; 108; 0; 0; 39; 33; 10; 9999; 9999
1976;03; 15; 8; 325; 0; 0; 0; 0; 0; 31; 0; 72; 122; 8; 10; 7; 177; 0; 6; 0; 396; 22; 500; 0; 0; 0; 19; 30; 0; 0; 0; 0
1976;04; 0; 0; 0; 0; 0; 0; 0; 0; 0; 15; 515; 138; 7; 0; 105; 0; 0; 0; 0; 0; 0; 0; 174; 0; 0; 0; 0; 0; 0; 0; 9999
1976;05; 0; 0; 0; 0; 0; 0; 0; 0; 33; 13; 14; 15; 0; 0; 0; 0; 0; 100; 33; 88; 0; 725; 0; 0; 0; 0; 0; 29; 463; 35; 0
1976;06; 0; 0; 0; 0; 53; 56; 0; 0; 0; 0; 0; 0; 0; 0; 0; 0; 0; 0; 0; 0; 0; 0; 0; 0; 0; 0; 0; 0; 0; 0; 9999
1976;07; 0; 0; 123; 0; 0; 0; 0; 0; 10; 56; 0; 0; 0; 0; 0; 0; 0; 0; 0; 0; 0; 0; 0; 0; 0; 0; 0; 0; 0; 0; 0
1976;08; 0; 0; 0; 0; 0; 6; 0; 0; 0; 136; 0; 0; 3; 534; 0; 0; 0; 13; 0; 299; 0; 0; 0; 0; 0; 0; 0; 0; 0; 0; 0
1976;09; 0; 0; 0; 0; 74; 164; 31; 0; 0; 0; 0; 0; 4; 56; 6; 558; 0; 0; 0; 0; 0; 0; 0; 0; 0; 28; 177; 3; 0; 0; 9999
1976;10; 0; 0; 0; 0; 76; 204; 0; 0; 317; 115; 0; 0; 0; 0; 0; 0; 0; 135; 230; 18; 0; 0; 0; 0; 469; 135; 0; 0; 13; 6; 34
1976;11; 118; 124; 0; 0; 57; 275; 0; 0; 0; 0; 0; 0; 50; 0; 0; 92; 5; 0; 0; 440; 140; 12; 0; 0; 0; 85; 100; 0; 5; 0; 9999
1976;12; 66; 36; 0; 0; 6; 0; 10; 0; 90; 19; 44; 0; 0; 6; 266; 76; 100; 0; 0; 0; 47; 0; 0; 192; 0; 17; 483; 430; 0; 0; 193
1977;01; 0; 0; 0; 3; 160; 10; 355; 30; 118; 0; 0; 15; 46; 0; 81; 0; 49; 88; 185; 581; 0; 0; 57; 7; 21; 54; 16; 14; 0; 0; 0
1977;02; 132; 123; 0; 22; 0; 0; 0; 0; 0; 0; 0; 0; 0; 0; 0; 0; 0; 0; 0; 0; 0; 0; 12; 21; 0; 42; 20; 0; 9999; 9999; 9999
1977;03; 0; 25; 705; 10; 11; 0; 42; 0; 0; 0; 5; 0; 0; 0; 0; 0; 0; 0; 4; 0; 560; 0; 64; 0; 0; 0; 0; 0; 495; 0; 645
1977;04; 35; 0; 0; 31; 6; 0; 0; 0; 7; 243; 27; 0; 0; 0; 0; 0; 0; 0; 157; 34; 30; 0; 0; 0; 0; 0; 0; 0; 0; 0; 9999
1977;05; 0; 30; 15; 0; 0; 0; 0; 0; 2; 2; 0; 0; 0; 0; 0; 0; 0; 0; 0; 0; 0; 0; 0; 0; 0; 0; 0; 0; 0; 0; 0
1977;06; 195; 0; 0; 0; 194; 0; 0; 0; 0; 0; 0; 0; 0; 0; 16; 76; 5; 0; 0; 0; 0; 82; 0; 0; 0; 0; 0; 0; 0; 0; 9999
1977;07; 0; 0; 0; 0; 0; 0; 0; 0; 0; 0; 0; 0; 0; 0; 0; 0; 0; 0; 0; 0; 0; 0; 8; 0; 0; 0; 0; 0; 0; 0; 0
1977;08; 0; 0; 0; 0; 0; 0; 0; 0; 0; 0; 0; 0; 0; 0; 0; 0; 0; 0; 0; 0; 0; 0; 0; 0; 0; 0; 0; 0; 0; 96; 268
1977;09; 310; 166; 4; 0; 0; 0; 234; 41; 0; 0; 0; 0; 0; 0; 0; 0; 0; 160; 0; 117; 0; 0; 0; 85; 0; 0; 0; 0; 0; 0; 9999
1977;10; 35; 0; 0; 0; 0; 0; 0; 0; 0; 0; 0; 0; 0; 0; 155; 0; 476; 0; 0; 0; 0; 0; 17; 23; 0; 0; 145; 95; 15; 0; 25
1977;11; 0; 160; 0; 0; 0; 0; 0; 0; 0; 52; 0; 347; 0; 27; 18; 124; 212; 0; 60; 15; 50; 0; 94; 0; 46; 5; 0; 141; 0; 0; 9999
1977;12; 15; 1010; 356; 74; 0; 29; 0; 19; 61; 83; 178; 0; 0; 0; 0; 0; 0; 0; 64; 84; 65; 21; 844; 97; 3; 0; 0; 0; 0; 0; 34
1978;01; 0; 103; 8; 0; 70; 49; 0; 0; 110; 521; 354; 128; 190; 128; 38; 52; 27; 103; 0; 0; 0; 61; 0; 0; 0; 0; 0; 22; 0; 0; 0
1978;02; 0; 0; 0; 0; 0; 153; 75; 0; 16; 0; 0; 20; 0; 0; 0; 0; 0; 88; 0; 0; 31; 0; 264; 0; 0; 0; 205; 0; 9999; 9999; 9999
1978;03; 0; 17; 112; 0; 0; 0; 0; 0; 442; 676; 84; 8; 0; 0; 0; 0; 0; 0; 0; 0; 0; 80; 0; 28; 0; 0; 17; 0; 125; 156; 0
1978;04; 22; 0; 0; 11; 0; 0; 0; 0; 0; 0; 0; 0; 0; 0; 0; 0; 0; 0; 0; 0; 0; 6; 0; 0; 0; 0; 0; 0; 0; 0; 9999
1978;05; 0; 0; 0; 0; 0; 0; 0; 0; 0; 0; 0; 0; 0; 0; 0; 0; 328; 327; 87; 0; 100; 11; 68; 0; 0; 22; 0; 17; 21; 452; 3
1978;06; 0; 0; 0; 2; 0; 0; 0; 0; 122; 15; 0; 0; 0; 0; 0; 0; 0; 0; 0; 0; 0; 0; 0; 0; 0; 0; 0; 0; 0; 0; 9999
1978;07; 0; 0; 0; 0; 0; 0; 0; 0; 0; 0; 0; 0; 0; 0; 0; 65; 0; 115; 0; 10; 247; 73; 0; 0; 54; 0; 0; 0; 0; 0; 0
1978;08; 0; 0; 0; 0; 0; 0; 0; 0; 0; 0; 0; 0; 0; 0; 0; 0; 0; 0; 0; 0; 0; 0; 0; 0; 0; 0; 0; 0; 0; 0; 0
1978;09; 4; 7; 0; 0; 0; 100; 0; 385; 0; 0; 0; 0; 0; 0; 138; 0; 23; 0; 0; 0; 0; 0; 0; 0; 0; 0; 0; 0; 0; 0; 9999
1978;10; 0; 0; 0; 0; 0; 0; 0; 0; 0; 15; 91; 0; 0; 11; 0; 0; 0; 0; 666; 0; 0; 0; 0; 0; 0; 0; 0; 213; 163; 70; 0
1978;11; 103; 0; 0; 63; 304; 7; 0; 0; 0; 45; 648; 241; 0; 0; 0; 0; 0; 0; 0; 0; 42; 0; 0; 548; 0; 0; 21; 304; 0; 0; 9999
1978;12; 0; 0; 30; 0; 0; 0; 40; 459; 911; 27; 10; 0; 0; 0; 2; 7; 20; 528; 0; 0; 0; 0; 38; 0; 0; 404; 1065; 156; 146; 0; 0
1979;01; 0; 0; 56; 306; 34; 0; 0; 0; 0; 0; 9; 198; 171; 0; 0; 0; 0; 0; 0; 0; 4; 19; 0; 0; 0; 38; 0; 102; 300; 442; 0
1979;02; 0; 0; 0; 0; 0; 0; 0; 0; 0; 0; 202; 100; 125; 30; 0; 0; 0; 60; 0; 0; 0; 0; 200; 25; 0; 0; 0; 0; 9999; 9999; 9999
1979;03; 0; 0; 93; 0; 0; 0; 0; 25; 0; 5; 0; 16; 556; 0; 83; 0; 0; 0; 0; 0; 0; 0; 61; 64; 0; 0; 0; 0; 0; 0; 0
1979;04; 0; 0; 20; 60; 232; 112; 0; 0; 0; 0; 0; 0; 0; 0; 0; 0; 0; 0; 0; 0; 0; 0; 0; 0; 0; 0; 0; 0; 0; 348; 9999
1979;05; 4; 0; 0; 0; 334; 0; 48; 12; 90; 20; 0; 0; 0; 0; 0; 0; 0; 0; 0; 0; 0; 0; 0; 0; 0; 0; 0; 0; 23; 122; 0
1979;06; 0; 0; 0; 0; 0; 0; 0; 0; 0; 0; 0; 0; 0; 0; 0; 0; 0; 0; 0; 0; 0; 0; 0; 0; 0; 0; 0; 0; 0; 0; 9999
1979;07; 0; 0; 0; 35; 0; 0; 0; 0; 0; 0; 0; 0; 0; 0; 0; 4; 0; 0; 0; 165; 0; 0; 4; 60; 11; 81; 0; 0; 0; 0; 0
1979;08; 0; 0; 0; 0; 0; 0; 0; 0; 0; 0; 0; 0; 0; 0; 0; 0; 0; 71; 306; 0; 0; 0; 0; 0; 0; 10; 93; 0; 0; 57; 0
1979;09; 0; 0; 94; 0; 0; 0; 0; 0; 0; 64; 185; 57; 0; 242; 226; 89; 0; 0; 0; 0; 0; 0; 0; 133; 0; 0; 0; 0; 0; 0; 9999
1979;10; 0; 0; 0; 0; 0; 0; 0; 376; 0; 0; 0; 0; 0; 10; 363; 0; 0; 0; 0; 0; 0; 0; 0; 0; 0; 12; 390; 0; 0; 0; 0
1979;11; 0; 0; 111; 120; 0; 0; 0; 145; 534; 364; 26; 0; 0; 0; 267; 0; 0; 0; 140; 0; 0; 0; 35; 92; 5; 164; 0; 0; 0; 0; 9999
1979;12; 0; 30; 4; 0; 170; 0; 0; 0; 0; 46; 0; 0; 166; 394; 0; 812; 80; 0; 55; 186; 125; 192; 41; 677; 326; 46; 271; 584; 0; 57; 84
1980;01; 0; 0; 0; 0; 0; 28; 21; 331; 53; 88; 315; 85; 0; 0; 0; 0; 117; 200; 140; 0; 20; 5; 88; 128; 290; 12; 0; 0; 0; 0; 174
1980;02; 0; 0; 0; 0; 0; 26; 0; 0; 0; 85; 100; 243; 560; 32; 3; 0; 36; 55; 180; 0; 0; 0; 14; 238; 28; 104; 257; 49; 38; 9999; 9999
1980;03; 30; 0; 0; 8; 0; 0; 0; 0; 0; 0; 0; 212; 128; 798; 0; 130; 167; 0; 0; 0; 0; 0; 0; 0; 0; 0; 0; 0; 0; 0; 0
1980;04; 0; 0; 265; 20; 135; 37; 0; 0; 0; 16; 118; 10; 87; 311; 517; 20; 0; 0; 0; 0; 0; 0; 0; 0; 0; 0; 0; 0; 0; 0; 9999
1980;05; 0; 132; 0; 0; 0; 0; 0; 0; 0; 0; 10; 0; 0; 0; 0; 0; 0; 0; 0; 0; 0; 235; 0; 0; 0; 0; 0; 0; 0; 0; 0
1980;06; 0; 0; 10; 0; 0; 0; 0; 0; 0; 0; 0; 0; 0; 60; 0; 0; 0; 0; 0; 0; 0; 0; 0; 0; 27; 280; 254; 0; 0; 0; 9999
1980;07; 0; 0; 0; 0; 0; 0; 0; 0; 0; 0; 0; 0; 0; 0; 0; 0; 0; 0; 0; 0; 0; 0; 0; 0; 0; 0; 0; 0; 0; 0; 0
1980;08; 0; 0; 0; 0; 0; 0; 103; 0; 0; 0; 0; 0; 0; 0; 0; 0; 0; 0; 0; 0; 0; 0; 0; 0; 0; 7; 0; 0; 0; 0; 0
1980;09; 0; 0; 0; 0; 0; 0; 0; 0; 0; 127; 0; 0; 112; 24; 0; 58; 0; 21; 103; 0; 144; 94; 0; 0; 0; 0; 0; 275; 0; 0; 9999
1980;10; 0; 0; 0; 0; 0; 0; 0; 0; 0; 0; 270; 315; 0; 0; 0; 0; 0; 0; 0; 0; 0; 0; 0; 60; 0; 0; 0; 0; 222; 0; 0
1980;11; 0; 0; 0; 306; 290; 0; 282; 28; 140; 0; 0; 0; 0; 0; 0; 0; 0; 0; 0; 38; 0; 0; 226; 65; 38; 0; 0; 0; 0; 430; 9999
1980;12; 273; 68; 0; 16; 33; 67; 204; 0; 0; 0; 0; 117; 48; 6; 0; 0; 0; 0; 0; 0; 0; 86; 60; 7; 391; 0; 73; 242; 0; 0; 19
1981;01; 0; 0; 98; 0; 33; 0; 182; 232; 502; 222; 132; 325; 24; 56; 230; 209; 18; 16; 0; 403; 165; 148; 3; 0; 626; 0; 146; 0; 0; 0; 0
1981;02; 0; 0; 0; 0; 0; 0; 0; 0; 0; 0; 0; 61; 0; 9; 0; 0; 0; 0; 0; 0; 30; 20; 0; 0; 0; 0; 504; 0; 9999; 9999; 9999
1981;03; 0; 0; 0; 0; 19; 0; 5; 0; 0; 0; 0; 0; 0; 0; 0; 42; 6; 51; 273; 0; 0; 0; 0; 0; 0; 0; 103; 259; 500; 0; 0
1981;04; 0; 0; 0; 0; 0; 0; 0; 0; 0; 0; 0; 0; 0; 0; 0; 133; 0; 0; 0; 0; 0; 0; 0; 234; 0; 0; 0; 105; 0; 0; 9999
1981;05; 0; 0; 0; 0; 0; 0; 0; 0; 0; 0; 0; 0; 0; 0; 0; 0; 0; 0; 137; 0; 0; 0; 0; 0; 0; 65; 0; 0; 10; 0; 0
1981;06; 0; 0; 0; 0; 0; 5; 810; 0; 0; 0; 0; 0; 0; 0; 0; 14; 238; 0; 0; 0; 5; 0; 0; 0; 0; 0; 0; 0; 0; 0; 9999
1981;07; 0; 0; 0; 0; 0; 0; 0; 0; 0; 0; 0; 0; 0; 0; 0; 0; 0; 0; 0; 0; 0; 0; 0; 0; 0; 0; 0; 0; 0; 0; 0
1981;08; 0; 0; 0; 0; 0; 0; 0; 0; 0; 0; 0; 0; 0; 0; 0; 0; 0; 30; 0; 0; 0; 0; 0; 0; 0; 0; 0; 0; 0; 0; 0
1981;09; 0; 0; 0; 27; 0; 0; 0; 0; 0; 0; 0; 0; 0; 0; 0; 0; 0; 0; 0; 0; 0; 0; 0; 0; 0; 34; 8; 0; 0; 0; 9999
1981;10; 0; 0; 0; 0; 13; 40; 61; 35; 0; 0; 0; 18; 143; 0; 0; 416; 0; 0; 191; 0; 0; 0; 0; 0; 0; 0; 398; 122; 0; 136; 0
1981;11; 0; 0; 6; 343; 8; 0; 14; 0; 49; 267; 0; 0; 58; 0; 0; 0; 0; 0; 191; 47; 22; 0; 0; 0; 0; 89; 0; 0; 0; 26; 9999
1981;12; 33; 123; 0; 0; 19; 0; 300; 104; 382; 7; 0; 54; 105; 0; 0; 0; 119; 132; 0; 0; 0; 590; 48; 0; 0; 0; 0; 473; 0; 0; 0
1982;01; 0; 0; 34; 0; 0; 0; 83; 273; 0; 230; 134; 147; 0; 0; 0; 0; 0; 0; 0; 0; 0; 0; 122; 124; 0; 0; 128; 56; 62; 142; 24
1982;02; 28; 46; 73; 124; 0; 250; 3; 0; 37; 0; 5; 0; 0; 0; 0; 5; 326; 0; 0; 0; 0; 0; 274; 34; 524; 162; 83; 224; 9999; 9999; 9999
1982;03; 27; 34; 0; 0; 0; 0; 0; 0; 97; 98; 155; 480; 893; 246; 126; 372; 137; 104; 0; 0; 0; 123; 140; 0; 38; 0; 0; 22; 0; 0; 0
1982;04; 0; 0; 0; 0; 0; 0; 0; 0; 0; 0; 0; 0; 11; 45; 62; 0; 0; 0; 0; 0; 0; 0; 0; 0; 0; 0; 0; 0; 0; 0; 9999
1982;05; 0; 0; 0; 0; 0; 0; 0; 0; 0; 0; 0; 0; 0; 0; 0; 60; 0; 0; 15; 2; 0; 0; 0; 112; 621; 0; 0; 0; 0; 0; 0
1982;06; 0; 0; 0; 0; 0; 18; 0; 0; 0; 0; 0; 0; 73; 0; 0; 0; 17; 0; 0; 0; 14; 7; 0; 3; 0; 0; 0; 0; 170; 0; 9999
1982;07; 43; 0; 0; 0; 0; 0; 0; 0; 0; 0; 0; 0; 0; 47; 0; 0; 160; 0; 58; 0; 0; 0; 0; 0; 0; 0; 0; 0; 0; 34; 0
1982;08; 0; 0; 0; 0; 180; 0; 0; 0; 0; 0; 21; 0; 0; 0; 0; 0; 0; 0; 12; 0; 0; 0; 0; 0; 0; 0; 0; 35; 0; 0; 0
1982;09; 0; 0; 0; 0; 0; 0; 0; 0; 0; 0; 0; 0; 0; 26; 0; 0; 0; 0; 0; 0; 0; 0; 18; 69; 0; 21; 34; 277; 0; 0; 9999
1982;10; 0; 0; 82; 0; 0; 612; 373; 62; 246; 0; 86; 0; 0; 146; 0; 0; 0; 184; 0; 78; 64; 0; 0; 0; 0; 0; 12; 0; 0; 64; 0
1982;11; 0; 0; 0; 0; 0; 424; 0; 0; 0; 0; 0; 390; 0; 0; 0; 200; 0; 0; 0; 0; 0; 312; 0; 38; 0; 0; 0; 0; 272; 86; 9999
1982;12; 9; 67; 269; 0; 0; 0; 56; 40; 0; 0; 4; 0; 0; 0; 0; 150; 229; 45; 0; 332; 0; 277; 100; 203; 0; 0; 0; 0; 123; 190; 286
1983;01; 0; 327; 558; 0; 75; 170; 230; 180; 29; 8; 350; 227; 1081; 61; 300; 308; 175; 378; 190; 10; 45; 0; 190; 0; 0; 50; 11; 28; 0; 88; 112
1983;02; 17; 718; 22; 9; 0; 0; 74; 303; 0; 152; 76; 12; 110; 23; 127; 0; 0; 0; 0; 95; 0; 0; 615; 207; 0; 395; 23; 92; 9999; 9999; 9999
1983;03; 0; 12; 0; 10; 332; 532; 284; 142; 40; 0; 0; 0; 300; 242; 0; 0; 0; 0; 142; 8; 0; 0; 0; 0; 0; 0; 0; 15; 0; 0; 0
1983;04; 0; 0; 0; 0; 0; 149; 30; 0; 0; 0; 19; 85; 13; 0; 0; 0; 0; 0; 0; 6; 11; 60; 0; 2; 835; 531; 3; 0; 0; 0; 9999
1983;05; 0; 0; 0; 0; 0; 0; 0; 0; 5; 0; 0; 10; 0; 0; 0; 0; 8; 16; 0; 5; 321; 0; 256; 290; 0; 0; 0; 0; 85; 238; 390
1983;06; 16; 104; 3; 0; 0; 0; 0; 0; 0; 4; 0; 0; 0; 4; 0; 0; 0; 0; 0; 0; 0; 0; 0; 0; 0; 0; 0; 0; 0; 0; 9999
1983;07; 0; 0; 0; 0; 0; 0; 0; 0; 0; 0; 0; 0; 0; 0; 0; 0; 0; 99; 306; 142; 10; 0; 0; 0; 0; 0; 0; 0; 0; 0; 0
1983;08; 0; 20; 0; 0; 0; 0; 0; 0; 0; 0; 0; 0; 0; 0; 0; 0; 0; 0; 0; 0; 0; 0; 0; 0; 0; 0; 0; 0; 0; 0; 0
1983;09; 0; 0; 0; 0; 0; 130; 290; 350; 57; 5; 0; 15; 3; 0; 10; 0; 16; 85; 311; 150; 0; 0; 0; 110; 0; 15; 0; 0; 0; 0; 9999
1983;10; 0; 65; 0; 17; 28; 0; 135; 0; 0; 0; 0; 0; 79; 25; 143; 0; 0; 253; 0; 0; 0; 69; 373; 217; 0; 0; 8; 0; 0; 0; 0
1983;11; 125; 45; 169; 10; 190; 0; 0; 0; 0; 0; 29; 115; 127; 0; 30; 8; 0; 0; 0; 131; 0; 275; 6; 0; 0; 0; 0; 0; 7; 0; 9999
1983;12; 0; 0; 0; 0; 0; 0; 382; 0; 0; 67; 14; 27; 0; 44; 3; 5; 18; 475; 0; 84; 0; 181; 463; 24; 131; 0; 255; 121; 32; 333; 0
1984;01; 300; 2; 0; 0; 0; 0; 0; 6; 0; 0; 0; 0; 0; 0; 0; 0; 0; 15; 41; 0; 53; 0; 50; 53; 55; 74; 458; 660; 5; 0; 0
1984;02; 0; 0; 0; 0; 0; 20; 4; 27; 51; 22; 18; 260; 0; 0; 741; 0; 0; 0; 157; 88; 0; 0; 22; 0; 0; 0; 0; 0; 0; 9999; 9999
1984;03; 0; 138; 43; 0; 0; 20; 223; 246; 3; 0; 0; 0; 0; 0; 0; 0; 0; 195; 2; 0; 0; 0; 0; 0; 0; 0; 0; 0; 57; 0; 832
1984;04; 0; 0; 100; 0; 5; 0; 0; 226; 25; 6; 0; 0; 0; 0; 0; 0; 160; 0; 0; 0; 4; 0; 0; 0; 127; 0; 5; 0; 150; 19; 9999
1984;05; 19; 331; 45; 0; 0; 0; 0; 0; 0; 0; 59; 11; 30; 5; 0; 0; 0; 0; 0; 0; 0; 0; 0; 0; 0; 0; 0; 0; 0; 0; 0
1984;06; 0; 0; 0; 0; 0; 0; 0; 0; 0; 0; 0; 0; 0; 0; 0; 0; 0; 0; 0; 0; 0; 0; 0; 0; 0; 0; 0; 0; 0; 0; 9999
1984;07; 0; 0; 0; 0; 0; 0; 0; 0; 0; 0; 0; 0; 0; 0; 0; 0; 0; 0; 0; 0; 0; 0; 0; 0; 0; 0; 0; 0; 13; 0; 0
1984;08; 0; 0; 253; 195; 0; 0; 0; 0; 0; 0; 0; 0; 0; 0; 0; 0; 0; 0; 0; 43; 110; 38; 145; 0; 36; 7; 0; 0; 0; 0; 0
1984;09; 0; 0; 0; 0; 0; 0; 0; 19; 0; 0; 0; 0; 0; 0; 0; 87; 0; 0; 0; 63; 0; 0; 0; 0; 0; 0; 447; 0; 0; 0; 9999
1984;10; 0; 0; 0; 0; 0; 0; 0; 0; 0; 289; 0; 0; 0; 0; 0; 0; 0; 647; 291; 0; 0; 0; 0; 0; 0; 0; 0; 0; 0; 0; 0
1984;11; 4; 0; 0; 0; 0; 5; 0; 0; 0; 56; 0; 155; 30; 0; 0; 0; 132; 386; 0; 0; 317; 0; 0; 0; 0; 6; 74; 0; 0; 0; 9999
1984;12; 8; 367; 0; 0; 0; 13; 5; 0; 38; 0; 0; 0; 0; 148; 44; 0; 19; 29; 0; 0; 0; 0; 0; 0; 0; 0; 4; 2; 783; 47; 0
1985;01; 113; 0; 0; 0; 0; 0; 0; 57; 342; 0; 0; 0; 0; 147; 0; 0; 35; 24; 0; 0; 25; 163; 89; 243; 168; 226; 0; 0; 0; 0; 0
1985;02; 2; 0; 0; 9; 0; 0; 0; 0; 25; 449; 492; 28; 0; 0; 84; 68; 0; 0; 0; 0; 0; 43; 584; 0; 110; 128; 557; 21; 9999; 9999; 9999
1985;03; 109; 70; 64; 89; 2; 17; 60; 154; 0; 0; 127; 0; 0; 0; 0; 348; 92; 13; 0; 0; 0; 0; 0; 0; 0; 0; 0; 0; 0; 11; 0
1985;04; 0; 0; 0; 570; 18; 115; 10; 0; 0; 0; 70; 0; 0; 0; 0; 12; 153; 140; 0; 0; 0; 0; 0; 0; 0; 0; 0; 0; 0; 90; 9999
1985;05; 57; 0; 0; 0; 0; 0; 0; 0; 0; 0; 0; 0; 0; 0; 0; 0; 0; 0; 0; 0; 0; 250; 0; 0; 0; 0; 0; 0; 0; 0; 0
1985;06; 0; 0; 27; 81; 0; 0; 0; 0; 0; 0; 0; 0; 0; 0; 0; 0; 0; 0; 0; 0; 0; 0; 0; 0; 0; 0; 0; 0; 0; 0; 9999
1985;07; 0; 0; 0; 0; 0; 37; 10; 0; 0; 0; 0; 0; 0; 0; 0; 0; 0; 0; 0; 0; 0; 0; 0; 0; 0; 0; 0; 0; 0; 0; 0
1985;08; 0; 0; 0; 0; 0; 0; 0; 0; 0; 0; 0; 0; 0; 0; 0; 0; 0; 0; 0; 0; 0; 0; 0; 0; 0; 0; 0; 0; 0; 0; 4
1985;09; 10; 0; 0; 3; 0; 0; 0; 0; 0; 0; 0; 0; 0; 0; 0; 0; 0; 0; 0; 0; 0; 0; 0; 0; 0; 0; 0; 0; 52; 11; 9999
1985;10; 0; 0; 0; 0; 0; 0; 0; 0; 0; 7; 0; 0; 0; 0; 0; 0; 0; 0; 41; 0; 0; 0; 0; 0; 27; 0; 0; 0; 7; 28; 0
1985;11; 178; 298; 74; 270; 18; 0; 0; 0; 0; 0; 0; 15; 0; 0; 0; 0; 0; 0; 0; 0; 0; 21; 0; 34; 140; 70; 37; 15; 0; 0; 9999
1985;12; 0; 79; 24; 169; 0; 0; 0; 0; 0; 0; 0; 0; 0; 0; 405; 0; 475; 9; 0; 0; 185; 30; 232; 8; 65; 24; 0; 0; 0; 97; 0
1986;01; 0; 17; 0; 0; 45; 80; 0; 25; 0; 100; 200; 317; 0; 39; 0; 0; 0; 0; 0; 0; 0; 50; 0; 0; 0; 0; 110; 0; 0; 0; 0
1986;02; 0; 0; 88; 26; 0; 0; 0; 30; 2; 90; 4; 17; 116; 51; 125; 135; 128; 73; 0; 0; 121; 0; 0; 0; 40; 100; 123; 0; 9999; 9999; 9999
1986;03; 5; 4; 14; 408; 106; 3; 265; 0; 488; 85; 0; 0; 0; 0; 0; 0; 0; 0; 7; 0; 0; 20; 355; 0; 0; 3; 0; 0; 0; 160; 0
1986;04; 0; 0; 0; 0; 0; 0; 0; 0; 0; 0; 0; 0; 0; 0; 177; 20; 0; 0; 0; 0; 46; 73; 2; 0; 0; 0; 18; 0; 0; 0; 9999
1986;05; 0; 0; 0; 0; 0; 0; 0; 211; 348; 0; 200; 0; 130; 137; 0; 0; 0; 5; 14; 0; 4; 0; 0; 0; 0; 0; 0; 0; 0; 0; 30
1986;06; 0; 0; 0; 0; 0; 0; 0; 0; 0; 0; 0; 0; 0; 0; 0; 0; 0; 0; 0; 0; 0; 0; 0; 0; 0; 0; 0; 0; 0; 0; 9999
1986;07; 0; 0; 0; 23; 25; 0; 0; 0; 0; 0; 0; 0; 0; 0; 0; 0; 0; 0; 0; 0; 2; 0; 316; 35; 0; 0; 0; 0; 0; 0; 27
1986;08; 0; 0; 0; 0; 0; 0; 0; 0; 0; 0; 0; 42; 0; 20; 52; 107; 46; 0; 0; 0; 0; 34; 213; 53; 97; 25; 0; 0; 0; 0; 0
1986;09; 0; 0; 0; 0; 4; 0; 0; 0; 0; 0; 0; 0; 0; 0; 0; 0; 0; 0; 0; 0; 0; 0; 0; 0; 11; 127; 0; 0; 10; 0; 9999
1986;10; 0; 0; 0; 0; 0; 0; 0; 0; 0; 100; 0; 0; 0; 0; 0; 0; 0; 0; 190; 0; 50; 415; 0; 0; 0; 0; 0; 0; 0; 0; 0
1986;11; 0; 0; 0; 61; 0; 15; 52; 0; 0; 0; 160; 130; 0; 0; 0; 0; 0; 0; 0; 0; 0; 5; 0; 0; 0; 0; 0; 165; 326; 142; 9999
1986;12; 147; 643; 0; 0; 228; 0; 110; 82; 127; 52; 30; 196; 0; 28; 20; 0; 100; 0; 0; 73; 0; 0; 7; 0; 110; 12; 0; 37; 31; 178; 79
1987;01; 0; 14; 0; 466; 32; 12; 0; 0; 0; 0; 0; 0; 133; 0; 0; 330; 0; 19; 0; 0; 0; 0; 6; 76; 124; 351; 315; 205; 66; 93; 100
1987;02; 86; 185; 413; 270; 46; 430; 94; 0; 0; 165; 0; 0; 103; 76; 52; 121; 5; 210; 0; 48; 0; 0; 0; 0; 125; 0; 18; 136; 9999; 9999; 9999
1987;03; 45; 700; 0; 0; 0; 0; 467; 110; 144; 347; 5; 0; 0; 0; 0; 0; 0; 0; 728; 0; 0; 0; 0; 0; 0; 0; 0; 0; 0; 0; 0
1987;04; 0; 0; 222; 684; 0; 6; 0; 49; 30; 0; 157; 0; 0; 0; 0; 0; 0; 0; 0; 0; 445; 106; 0; 0; 0; 0; 0; 0; 7; 23; 9999
1987;05; 0; 0; 0; 0; 19; 193; 0; 0; 120; 0; 0; 568; 0; 0; 0; 168; 0; 0; 0; 0; 0; 249; 0; 0; 124; 0; 0; 0; 0; 0; 0
1987;06; 0; 0; 0; 0; 0; 0; 5; 0; 0; 0; 0; 0; 0; 12; 0; 12; 0; 0; 0; 0; 0; 0; 100; 0; 0; 0; 0; 0; 0; 0; 9999
1987;07; 0; 0; 0; 0; 0; 0; 0; 0; 90; 0; 0; 0; 0; 0; 0; 0; 0; 0; 0; 0; 0; 0; 0; 0; 0; 0; 0; 0; 8; 0; 0
1987;08; 0; 0; 0; 0; 0; 2; 83; 0; 0; 0; 0; 0; 0; 0; 0; 0; 0; 0; 0; 0; 0; 0; 0; 0; 0; 0; 0; 0; 0; 0; 0
1987;09; 0; 0; 0; 0; 0; 0; 48; 61; 10; 0; 315; 37; 0; 0; 0; 0; 0; 5; 34; 0; 0; 100; 214; 196; 0; 0; 0; 88; 0; 0; 9999
1987;10; 3; 459; 0; 0; 0; 160; 0; 0; 0; 0; 0; 0; 0; 0; 0; 0; 0; 0; 0; 14; 2; 0; 0; 29; 357; 0; 0; 0; 0; 0; 0
1987;11; 0; 0; 0; 0; 0; 111; 716; 0; 0; 0; 0; 0; 0; 80; 196; 131; 0; 0; 0; 0; 12; 42; 0; 0; 116; 0; 108; 0; 0; 0; 9999
1987;12; 0; 0; 0; 0; 224; 72; 0; 0; 0; 0; 0; 285; 94; 49; 0; 0; 47; 5; 332; 0; 0; 42; 0; 0; 0; 0; 0; 0; 0; 62; 0
1988;01; 88; 0; 0; 0; 0; 393; 140; 174; 400; 0; 55; 45; 0; 0; 94; 123; 0; 0; 0; 76; 96; 0; 0; 485; 0; 0; 0; 0; 156; 293; 0
1988;02; 9; 18; 0; 0; 0; 36; 615; 13; 522; 30; 18; 0; 0; 0; 0; 0; 157; 3; 23; 22; 23; 0; 51; 475; 0; 210; 75; 58; 0; 9999; 9999
1988;03; 0; 68; 8; 70; 150; 111; 0; 9; 0; 15; 0; 0; 0; 0; 0; 0; 300; 487; 98; 0; 0; 0; 0; 0; 0; 0; 0; 0; 0; 0; 0
1988;04; 185; 142; 0; 0; 0; 0; 0; 248; 150; 0; 0; 68; 90; 33; 0; 118; 5; 0; 15; 16; 0; 0; 0; 0; 0; 0; 0; 0; 0; 0; 9999
1988;05; 0; 0; 3; 200; 5; 0; 0; 0; 0; 0; 0; 0; 0; 0; 67; 0; 0; 153; 0; 0; 0; 0; 0; 3; 54; 0; 0; 0; 0; 214; 106
1988;06; 0; 0; 0; 15; 0; 0; 0; 0; 0; 0; 0; 0; 0; 0; 0; 0; 0; 0; 0; 0; 0; 0; 0; 0; 0; 0; 0; 0; 0; 0; 9999
1988;07; 0; 0; 0; 0; 0; 0; 0; 0; 0; 0; 0; 0; 0; 0; 0; 0; 0; 0; 0; 0; 0; 0; 0; 0; 0; 0; 0; 0; 0; 0; 0
1988;08; 0; 0; 0; 0; 0; 0; 0; 0; 0; 0; 0; 0; 0; 0; 0; 0; 0; 0; 0; 0; 0; 0; 0; 0; 0; 0; 0; 0; 0; 0; 0
1988;09; 0; 0; 0; 0; 0; 0; 0; 0; 0; 0; 0; 0; 0; 0; 0; 0; 0; 0; 0; 0; 0; 0; 0; 0; 0; 0; 0; 0; 0; 0; 9999
1988;10; 0; 0; 0; 0; 0; 35; 24; 0; 0; 0; 0; 35; 0; 0; 0; 0; 0; 0; 0; 203; 477; 0; 0; 384; 0; 336; 10; 0; 0; 0; 0
1988;11; 114; 0; 0; 0; 0; 0; 0; 173; 0; 0; 0; 0; 0; 20; 0; 0; 0; 0; 0; 418; 145; 0; 0; 0; 0; 0; 173; 0; 0; 0; 9999
1988;12; 42; 52; 0; 0; 0; 0; 0; 0; 0; 0; 0; 261; 0; 91; 66; 0; 0; 0; 0; 0; 32; 688; 3; 232; 58; 346; 126; 0; 14; 0; 8
1989;01; 7; 63; 35; 525; 791; 25; 11; 0; 438; 196; 26; 47; 7; 0; 337; 346; 4; 147; 63; 0; 0; 0; 10; 0; 26; 0; 0; 92; 0; 47; 0
1989;02; 0; 0; 0; 198; 17; 0; 0; 187; 90; 96; 644; 230; 90; 0; 344; 375; 410; 43; 0; 169; 0; 0; 0; 76; 187; 0; 0; 0; 9999; 9999; 9999
1989;03; 0; 0; 3; 0; 0; 0; 0; 0; 0; 0; 0; 0; 0; 35; 258; 105; 22; 0; 0; 825; 409; 117; 6; 0; 200; 0; 0; 3; 0; 0; 0
1989;04; 0; 0; 124; 0; 0; 0; 0; 0; 0; 0; 0; 0; 20; 3; 0; 0; 0; 0; 7; 0; 0; 0; 0; 0; 0; 0; 0; 0; 0; 32; 9999
1989;05; 0; 55; 0; 73; 55; 55; 0; 0; 0; 0; 0; 0; 0; 0; 0; 0; 0; 0; 0; 0; 0; 0; 0; 0; 0; 0; 0; 0; 0; 0; 0
1989;06; 0; 0; 0; 0; 0; 0; 0; 500; 0; 40; 40; 0; 0; 0; 0; 30; 60; 0; 0; 0; 0; 0; 0; 0; 45; 0; 0; 0; 83; 0; 9999
1989;07; 0; 0; 0; 0; 0; 0; 0; 0; 0; 0; 0; 0; 0; 0; 0; 0; 0; 0; 0; 0; 0; 0; 0; 0; 0; 0; 0; 30; 95; 0; 200
1989;08; 2; 0; 0; 0; 0; 0; 0; 0; 0; 0; 0; 0; 0; 0; 0; 0; 0; 0; 0; 0; 12; 100; 34; 0; 0; 0; 0; 72; 0; 0; 0
1989;09; 24; 0; 0; 0; 5; 50; 0; 90; 6; 0; 0; 0; 12; 43; 0; 0; 0; 0; 0; 0; 0; 0; 0; 0; 20; 0; 8; 25; 0; 0; 9999
1989;10; 0; 0; 0; 200; 0; 0; 0; 0; 0; 0; 0; 118; 5; 0; 0; 8; 0; 0; 0; 0; 0; 0; 0; 0; 0; 0; 314; 0; 0; 0; 0
1989;11; 0; 0; 0; 100; 45; 0; 0; 0; 46; 23; 0; 129; 0; 0; 0; 0; 0; 142; 0; 6; 7; 197; 33; 0; 28; 0; 0; 28; 444; 27; 9999
1989;12; 0; 0; 0; 0; 0; 0; 0; 0; 155; 49; 142; 385; 538; 172; 3; 13; 0; 0; 72; 31; 0; 0; 0; 0; 0; 3; 13; 75; 300; 305; 94
1990;01; 55; 105; 62; 115; 90; 118; 80; 34; 4; 420; 224; 0; 54; 0; 0; 0; 64; 0; 0; 0; 0; 12; 5; 0; 0; 0; 0; 5; 0; 0; 0
1990;02; 0; 11; 0; 0; 0; 11; 0; 0; 0; 0; 325; 0; 47; 167; 30; 0; 0; 0; 0; 0; 0; 17; 352; 0; 31; 0; 0; 0; 9999; 9999; 9999
1990;03; 377; 0; 0; 0; 0; 0; 0; 25; 10; 0; 0; 0; 0; 0; 50; 0; 72; 0; 492; 356; 500; 42; 516; 98; 105; 0; 38; 65; 76; 51; 0
1990;04; 0; 0; 0; 0; 0; 0; 0; 0; 46; 0; 0; 0; 0; 0; 0; 2; 318; 592; 72; 91; 0; 0; 0; 0; 0; 0; 0; 0; 0; 27; 9999
1990;05; 0; 37; 172; 0; 0; 0; 0; 0; 0; 0; 49; 103; 0; 0; 3; 0; 0; 7; 0; 0; 0; 0; 0; 0; 0; 0; 0; 0; 0; 0; 0
1990;06; 0; 0; 0; 0; 0; 0; 0; 0; 0; 0; 0; 0; 0; 0; 40; 0; 0; 0; 0; 0; 44; 2; 0; 0; 0; 0; 0; 0; 0; 0; 9999
1990;07; 0; 0; 0; 0; 0; 0; 10; 0; 0; 66; 36; 0; 0; 0; 0; 0; 2; 4; 0; 185; 0; 0; 0; 0; 0; 0; 0; 17; 0; 0; 0
1990;08; 0; 0; 0; 0; 0; 0; 0; 0; 0; 0; 0; 0; 0; 0; 0; 0; 85; 86; 0; 111; 548; 0; 0; 0; 75; 0; 0; 207; 0; 0; 11
1990;09; 0; 70; 0; 0; 0; 0; 0; 7; 0; 0; 0; 0; 120; 64; 0; 0; 0; 0; 0; 0; 0; 0; 60; 36; 0; 0; 0; 0; 33; 100; 9999
1990;10; 100; 91; 0; 0; 0; 0; 0; 0; 0; 0; 0; 0; 42; 0; 0; 3; 0; 3; 300; 58; 0; 0; 0; 0; 0; 0; 0; 0; 0; 0; 0
1990;11; 0; 0; 0; 0; 290; 385; 2; 42; 0; 0; 0; 0; 0; 0; 0; 0; 0; 0; 0; 0; 125; 8; 23; 523; 0; 48; 0; 0; 0; 0; 9999
1990;12; 0; 0; 0; 0; 0; 0; 0; 140; 211; 46; 297; 200; 99; 46; 37; 97; 62; 0; 111; 6; 0; 0; 0; 0; 7; 85; 0; 0; 0; 0; 0
1991;01; 0; 0; 0; 455; 254; 0; 0; 0; 46; 0; 20; 386; 54; 358; 430; 55; 0; 0; 0; 0; 169; 0; 0; 0; 200; 94; 218; 31; 315; 248; 16
1991;02; 45; 230; 153; 0; 29; 0; 42; 0; 413; 548; 189; 0; 27; 0; 13; 0; 0; 78; 0; 0; 0; 0; 0; 0; 0; 0; 20; 0; 9999; 9999; 9999
1991;03; 0; 35; 17; 252; 295; 110; 10; 0; 0; 0; 0; 0; 69; 0; 685; 0; 0; 26; 0; 0; 0; 23; 0; 0; 0; 153; 68; 298; 77; 328; 168
1991;04; 0; 0; 0; 0; 0; 0; 0; 300; 0; 0; 0; 0; 163; 58; 0; 0; 0; 0; 121; 300; 0; 0; 0; 0; 392; 53; 2; 0; 0; 0; 9999
1991;05; 0; 0; 0; 0; 0; 0; 0; 7; 0; 0; 0; 0; 0; 0; 33; 22; 0; 0; 0; 0; 4; 0; 0; 0; 0; 0; 0; 0; 0; 0; 0
1991;06; 0; 0; 0; 0; 0; 0; 0; 0; 0; 0; 0; 0; 0; 0; 0; 0; 0; 0; 0; 3; 0; 90; 5; 11; 0; 0; 0; 0; 2; 0; 9999
1991;07; 0; 0; 0; 0; 0; 0; 0; 0; 0; 0; 0; 38; 73; 3; 5; 0; 0; 0; 0; 0; 0; 0; 0; 0; 0; 0; 0; 0; 0; 0; 0
1991;08; 0; 0; 0; 0; 0; 0; 0; 0; 0; 0; 0; 0; 0; 0; 0; 0; 0; 0; 0; 0; 0; 0; 0; 0; 0; 0; 0; 0; 0; 0; 0
1991;09; 0; 0; 0; 0; 0; 0; 0; 0; 0; 0; 0; 0; 0; 0; 0; 0; 0; 0; 57; 65; 0; 0; 0; 0; 0; 2; 0; 2; 117; 330; 9999
1991;10; 100; 6; 557; 0; 0; 5; 338; 18; 4; 3; 0; 0; 0; 0; 0; 0; 0; 124; 7; 0; 12; 0; 0; 0; 0; 0; 0; 0; 0; 0; 0
1991;11; 0; 0; 0; 0; 0; 0; 6; 0; 12; 5; 0; 113; 0; 0; 433; 0; 0; 0; 0; 0; 0; 0; 0; 0; 3; 0; 0; 0; 0; 0; 9999
1991;12; 176; 75; 0; 0; 0; 0; 85; 35; 135; 0; 78; 136; 6; 13; 152; 12; 4; 7; 141; 28; 0; 0; 0; 230; 0; 207; 83; 197; 113; 0; 0
1992;01; 0; 466; 113; 0; 379; 0; 0; 0; 0; 281; 0; 70; 17; 0; 0; 128; 80; 38; 0; 0; 0; 192; 93; 0; 120; 0; 0; 0; 0; 187; 31
1992;02; 130; 120; 796; 372; 266; 22; 0; 0; 0; 0; 0; 0; 0; 8; 0; 0; 0; 0; 43; 0; 0; 0; 0; 0; 142; 772; 0; 24; 28; 9999; 9999
1992;03; 0; 135; 0; 4; 253; 0; 0; 0; 0; 0; 189; 10; 0; 0; 0; 0; 106; 0; 0; 0; 0; 0; 0; 0; 48; 0; 0; 0; 0; 108; 235
1992;04; 23; 0; 0; 0; 0; 0; 82; 0; 0; 0; 0; 0; 126; 151; 0; 0; 0; 0; 0; 156; 214; 0; 0; 237; 0; 20; 0; 0; 0; 27; 9999
1992;05; 0; 230; 0; 220; 55; 76; 2; 0; 0; 0; 0; 0; 13; 156; 0; 0; 0; 0; 0; 100; 0; 0; 333; 0; 0; 0; 0; 0; 0; 0; 0
1992;06; 0; 0; 0; 0; 0; 0; 0; 0; 0; 0; 0; 0; 0; 0; 0; 0; 0; 0; 0; 0; 0; 0; 0; 0; 0; 0; 0; 0; 0; 0; 9999
1992;07; 0; 0; 0; 0; 0; 0; 12; 103; 0; 0; 0; 0; 0; 0; 0; 0; 0; 0; 0; 0; 0; 0; 0; 0; 0; 0; 0; 0; 7; 0; 0
1992;08; 0; 0; 0; 0; 0; 0; 0; 0; 0; 0; 0; 0; 0; 0; 0; 0; 0; 0; 0; 0; 0; 112; 100; 17; 0; 0; 0; 0; 2; 0; 0
1992;09; 16; 28; 10; 28; 13; 183; 2; 0; 0; 0; 35; 39; 431; 0; 31; 7; 0; 238; 154; 0; 0; 0; 0; 0; 5; 164; 0; 3; 0; 0; 9999
1992;10; 0; 37; 97; 0; 0; 0; 7; 3; 3; 0; 0; 138; 27; 1; 0; 0; 904; 0; 58; 0; 0; 362; 0; 0; 0; 0; 28; 0; 217; 0; 5
1992;11; 0; 20; 0; 132; 10; 4; 0; 0; 0; 10; 241; 0; 0; 0; 0; 16; 5; 3; 0; 0; 0; 22; 14; 0; 553; 266; 0; 0; 0; 0; 9999
1992;12; 367; 0; 0; 0; 0; 0; 0; 307; 0; 0; 287; 263; 0; 0; 0; 0; 0; 31; 0; 0; 85; 0; 0; 0; 0; 0; 87; 0; 0; 0; 0
1993;01; 0; 0; 0; 0; 7; 0; 0; 0; 45; 300; 3; 210; 23; 0; 0; 0; 0; 0; 53; 0; 0; 0; 0; 97; 0; 0; 0; 6; 0; 0; 0
1993;02; 524; 0; 0; 80; 3; 300; 41; 175; 173; 160; 125; 0; 40; 0; 0; 0; 92; 32; 90; 244; 63; 3; 66; 24; 0; 5; 0; 58; 9999; 9999; 9999
1993;03; 15; 0; 105; 0; 84; 0; 0; 0; 0; 0; 0; 0; 0; 0; 0; 0; 0; 0; 378; 61; 247; 7; 0; 14; 0; 0; 156; 0; 654; 0; 200
1993;04; 327; 322; 0; 0; 0; 0; 0; 6; 485; 0; 0; 0; 0; 0; 0; 0; 0; 0; 0; 0; 0; 0; 30; 47; 0; 0; 0; 0; 0; 0; 9999
1993;05; 0; 0; 15; 0; 0; 70; 0; 0; 0; 0; 0; 0; 0; 0; 100; 0; 0; 0; 0; 0; 0; 0; 0; 0; 0; 0; 0; 0; 0; 0; 230
1993;06; 163; 0; 4; 0; 584; 382; 0; 0; 0; 0; 2; 0; 0; 0; 0; 0; 0; 2; 0; 0; 0; 0; 0; 0; 0; 0; 0; 0; 0; 0; 9999
1993;07; 0; 0; 0; 0; 0; 0; 0; 0; 0; 0; 0; 0; 0; 0; 7; 0; 0; 0; 0; 0; 0; 0; 0; 0; 0; 0; 0; 0; 0; 0; 0
1993;08; 0; 0; 0; 0; 0; 0; 0; 0; 0; 0; 0; 0; 0; 0; 0; 35; 0; 0; 0; 162; 0; 0; 64; 79; 20; 0; 0; 0; 0; 0; 0
1993;09; 0; 0; 0; 0; 0; 0; 0; 139; 0; 0; 0; 0; 0; 0; 107; 90; 0; 0; 19; 0; 0; 289; 36; 0; 171; 0; 71; 2; 0; 0; 9999
1993;10; 0; 0; 0; 0; 23; 0; 0; 0; 0; 0; 0; 0; 0; 0; 47; 9; 0; 0; 31; 0; 185; 0; 0; 0; 3; 27; 78; 0; 0; 0; 0
1993;11; 0; 38; 0; 0; 0; 0; 0; 177; 0; 0; 0; 0; 0; 0; 0; 0; 22; 384; 0; 0; 0; 0; 96; 0; 0; 6; 48; 0; 0; 0; 9999
1993;12; 0; 0; 0; 0; 92; 0; 0; 6; 38; 5; 31; 22; 0; 0; 4; 17; 18; 28; 0; 270; 184; 0; 0; 94; 171; 169; 129; 2; 65; 4; 0
1994;01; 49; 71; 86; 155; 0; 0; 14; 51; 244; 186; 0; 0; 64; 2; 14; 21; 0; 0; 212; 2; 165; 92; 52; 0; 16; 0; 182; 133; 12; 0; 0
1994;02; 44; 0; 0; 0; 0; 124; 14; 308; 0; 5; 0; 0; 34; 182; 48; 0; 23; 153; 0; 43; 0; 157; 500; 0; 78; 65; 37; 0; 9999; 9999; 9999
1994;03; 0; 390; 66; 0; 0; 0; 0; 0; 0; 21; 38; 0; 29; 0; 0; 0; 0; 0; 0; 100; 400; 0; 0; 8; 228; 8; 0; 0; 0; 0; 0
1994;04; 2; 222; 0; 0; 0; 0; 462; 0; 0; 0; 0; 0; 0; 0; 28; 0; 0; 0; 183; 0; 0; 74; 231; 0; 0; 0; 0; 0; 0; 0; 9999
1994;05; 0; 0; 0; 0; 0; 0; 0; 0; 0; 0; 0; 0; 0; 27; 0; 0; 0; 0; 0; 0; 10; 0; 0; 0; 19; 0; 21; 212; 0; 0; 0
1994;06; 0; 0; 0; 0; 0; 0; 0; 0; 0; 0; 0; 0; 0; 0; 0; 0; 0; 0; 0; 0; 0; 3; 18; 0; 100; 18; 0; 0; 0; 0; 9999
1994;07; 0; 0; 0; 0; 0; 0; 0; 0; 76; 0; 0; 0; 0; 0; 0; 0; 0; 0; 0; 0; 0; 0; 171; 0; 0; 0; 0; 0; 0; 0; 0
1994;08; 0; 0; 0; 0; 0; 0; 0; 0; 0; 0; 0; 0; 0; 0; 0; 0; 0; 0; 0; 0; 0; 0; 0; 0; 0; 0; 0; 0; 0; 0; 0
1994;09; 0; 0; 0; 0; 0; 0; 0; 0; 0; 0; 0; 0; 0; 0; 0; 7; 0; 0; 0; 0; 0; 0; 0; 0; 0; 0; 0; 0; 0; 2; 9999
1994;10; 0; 0; 0; 0; 0; 0; 0; 0; 0; 0; 0; 0; 0; 0; 0; 0; 0; 242; 2; 0; 0; 29; 0; 0; 432; 2; 183; 645; 25; 6; 0
1994;11; 0; 0; 0; 0; 129; 14; 0; 0; 0; 20; 0; 51; 0; 137; 0; 0; 0; 0; 107; 0; 0; 0; 0; 0; 0; 0; 80; 136; 196; 0; 9999
1994;12; 0; 0; 0; 0; 26; 35; 86; 30; 0; 0; 0; 15; 0; 0; 95; 0; 106; 8; 281; 0; 0; 451; 35; 388; 0; 49; 212; 235; 4; 0; 283
1995;01; 196; 154; 79; 39; 161; 0; 96; 0; 0; 0; 0; 0; 0; 120; 0; 0; 0; 0; 0; 0; 0; 367; 5; 0; 0; 0; 0; 450; 141; 0; 0
1995;02; 292; 300; 210; 37; 400; 183; 610; 412; 894; 0; 54; 46; 3; 198; 211; 14; 0; 76; 0; 688; 20; 0; 0; 0; 0; 0; 0; 25; 9999; 9999; 9999
1995;03; 6; 0; 0; 0; 10; 186; 0; 0; 0; 190; 627; 0; 79; 42; 0; 0; 0; 0; 0; 0; 0; 90; 0; 50; 63; 0; 0; 0; 0; 0; 11
1995;04; 517; 0; 0; 0; 0; 0; 152; 0; 185; 21; 3; 70; 0; 0; 0; 0; 0; 0; 0; 0; 38; 0; 0; 0; 5; 0; 0; 0; 0; 0; 9999
1995;05; 0; 0; 0; 0; 0; 10; 79; 0; 0; 157; 165; 0; 0; 0; 0; 0; 0; 0; 5; 0; 0; 0; 0; 0; 0; 0; 0; 0; 0; 0; 0
1995;06; 0; 0; 0; 0; 0; 0; 0; 0; 0; 0; 0; 0; 0; 0; 0; 0; 0; 100; 22; 0; 0; 0; 59; 0; 0; 38; 0; 0; 0; 2; 9999
1995;07; 0; 0; 0; 0; 0; 0; 0; 0; 133; 110; 0; 0; 0; 0; 0; 0; 0; 0; 0; 0; 0; 0; 0; 0; 0; 0; 0; 0; 0; 0; 0
1995;08; 0; 0; 0; 0; 0; 0; 0; 0; 0; 0; 0; 0; 0; 0; 0; 0; 0; 0; 0; 0; 0; 0; 0; 0; 0; 0; 0; 0; 0; 0; 0
1995;09; 0; 0; 0; 0; 0; 0; 0; 0; 0; 0; 0; 0; 0; 0; 0; 0; 0; 0; 20; 1; 0; 0; 0; 0; 21; 0; 19; 160; 73; 0; 9999
1995;10; 0; 0; 0; 0; 0; 0; 0; 70; 2; 0; 0; 0; 0; 145; 8; 0; 25; 33; 0; 0; 73; 0; 0; 0; 0; 0; 0; 0; 0; 110; 0
1995;11; 0; 0; 0; 84; 0; 0; 0; 0; 0; 0; 0; 242; 0; 0; 371; 0; 0; 0; 0; 0; 0; 0; 0; 88; 21; 0; 0; 158; 0; 0; 9999
1995;12; 0; 0; 0; 53; 0; 0; 0; 5; 0; 0; 0; 125; 346; 188; 0; 0; 0; 25; 288; 0; 2; 467; 185; 0; 0; 100; 75; 38; 445; 61; 0
1996;01; 0; 110; 343; 7; 4; 135; 0; 106; 58; 90; 0; 6; 0; 130; 0; 0; 61; 155; 15; 0; 96; 446; 5; 97; 0; 0; 40; 7; 0; 0; 0
1996;02; 10; 0; 0; 13; 86; 75; 100; 0; 0; 0; 0; 120; 0; 0; 0; 0; 0; 0; 0; 0; 0; 37; 0; 0; 510; 52; 405; 8; 0; 9999; 9999
1996;03; 142; 41; 0; 12; 0; 0; 0; 475; 242; 156; 0; 71; 17; 0; 140; 0; 310; 2; 0; 112; 0; 0; 0; 0; 0; 0; 0; 0; 0; 0; 0
1996;04; 147; 15; 0; 0; 0; 0; 0; 0; 0; 0; 62; 14; 0; 0; 15; 0; 450; 0; 0; 0; 0; 0; 0; 0; 0; 0; 0; 0; 0; 0; 9999
1996;05; 0; 0; 0; 0; 0; 0; 0; 0; 0; 354; 6; 0; 0; 37; 10; 65; 3; 276; 6; 2; 0; 5; 0; 21; 0; 39; 0; 0; 0; 0; 0
1996;06; 0; 0; 0; 0; 38; 0; 0; 0; 0; 0; 0; 0; 0; 0; 0; 0; 0; 0; 0; 0; 0; 0; 0; 0; 0; 0; 0; 13; 91; 0; 9999
1996;07; 0; 0; 0; 0; 0; 0; 0; 0; 0; 0; 0; 0; 0; 0; 0; 0; 0; 0; 0; 0; 0; 0; 0; 0; 0; 0; 0; 0; 24; 0; 0
1996;08; 0; 0; 0; 0; 0; 0; 0; 0; 0; 0; 98; 0; 0; 0; 64; 0; 0; 0; 0; 0; 0; 0; 0; 0; 0; 0; 0; 0; 0; 3; 8
1996;09; 40; 25; 0; 337; 10; 205; 0; 38; 170; 287; 176; 0; 0; 0; 0; 0; 14; 0; 0; 0; 0; 0; 0; 0; 0; 6; 0; 0; 0; 11; 9999
1996;10; 0; 0; 0; 0; 0; 0; 6; 0; 0; 0; 18; 0; 315; 0; 0; 0; 0; 0; 0; 216; 28; 0; 0; 0; 0; 0; 0; 0; 249; 0; 0
1996;11; 220; 27; 255; 228; 0; 0; 0; 32; 0; 0; 0; 0; 11; 0; 331; 236; 397; 241; 0; 10; 345; 22; 0; 0; 0; 0; 0; 5; 0; 0; 9999
1996;12; 0; 57; 2; 33; 6; 70; 0; 0; 0; 0; 437; 11; 118; 0; 0; 0; 1; 344; 0; 0; 0; 0; 14; 146; 0; 0; 0; 20; 32; 380; 90
1997;01; 6; 169; 370; 0; 0; 3; 14; 80; 28; 100; 24; 92; 44; 0; 0; 30; 16; 63; 514; 305; 450; 105; 21; 70; 31; 200; 507; 30; 113; 0; 73
1997;02; 0; 0; 34; 58; 0; 0; 0; 0; 89; 0; 223; 0; 0; 32; 30; 300; 0; 406; 0; 0; 0; 0; 0; 0; 0; 0; 0; 0; 9999; 9999; 9999
1997;03; 0; 0; 20; 60; 14; 0; 95; 0; 68; 0; 0; 0; 0; 17; 592; 0; 59; 0; 0; 0; 0; 0; 0; 0; 0; 0; 0; 0; 0; 0; 140
1997;04; 143; 0; 0; 0; 0; 0; 0; 0; 0; 0; 0; 0; 0; 0; 0; 0; 159; 0; 0; 156; 82; 0; 0; 0; 0; 0; 0; 0; 0; 0; 9999
1997;05; 0; 0; 0; 0; 0; 0; 0; 0; 0; 0; 0; 0; 0; 0; 43; 63; 691; 0; 0; 0; 0; 4; 239; 0; 103; 0; 0; 114; 49; 0; 0
1997;06; 0; 0; 0; 53; 74; 930; 0; 0; 0; 0; 0; 306; 21; 0; 200; 99; 0; 11; 17; 0; 7; 0; 0; 0; 0; 0; 0; 0; 0; 0; 9999
1997;07; 0; 0; 0; 0; 0; 0; 0; 0; 0; 0; 0; 0; 0; 0; 0; 0; 0; 0; 0; 0; 10; 44; 0; 0; 0; 0; 0; 0; 0; 0; 0
1997;08; 0; 0; 0; 0; 0; 0; 0; 0; 0; 0; 0; 0; 0; 0; 0; 0; 0; 0; 0; 0; 0; 0; 0; 0; 0; 0; 0; 0; 0; 0; 0
1997;09; 0; 0; 0; 0; 0; 0; 0; 0; 0; 0; 0; 0; 0; 0; 0; 0; 0; 0; 16; 0; 436; 0; 0; 0; 0; 0; 0; 0; 0; 0; 9999
1997;10; 0; 0; 0; 0; 0; 0; 66; 0; 0; 0; 0; 0; 0; 0; 0; 115; 115; 0; 0; 0; 865; 0; 0; 0; 0; 8; 172; 0; 0; 0; 0
1997;11; 57; 0; 0; 0; 0; 273; 0; 0; 0; 0; 0; 5; 10; 71; 0; 0; 490; 573; 2; 0; 9; 175; 0; 0; 0; 0; 10; 617; 90; 0; 9999
1997;12; 175; 174; 0; 0; 131; 0; 234; 0; 0; 0; 0; 0; 0; 0; 166; 0; 0; 0; 0; 0; 0; 0; 0; 0; 0; 0; 0; 0; 113; 0; 0
