33
Ano,Mes,1,2,3,4,5,6,7,8,9,10,11,12,13,14,15,16,17,18,19,20,21,22,23,24,25,26,27,28,29,30,31
1936;01; 150; 20; 0; 120; 0; 73; 10; 0; 0; 0; 0; 0; 472; 0; 0; 0; 23; 0; 54; 0; 0; 0; 0; 0; 0; 0; 0; 0; 0; 0; 22
1936;02; 0; 0; 71; 0; 210; 214; 140; 50; 0; 0; 0; 0; 0; 0; 0; 0; 42; 0; 295; 1; 0; 50; 210; 0; 146; 30; 210; 280; 70; 9999; 9999
1936;03; 0; 80; 51; 101; 2; 467; 0; 151; 34; 0; 0; 0; 27; 62; 175; 0; 0; 10; 10; 0; 0; 0; 0; 10; 0; 0; 20; 10; 0; 0; 0
1936;04; 0; 0; 0; 0; 0; 0; 0; 0; 0; 1; 0; 73; 76; 0; 0; 0; 0; 0; 0; 145; 72; 128; 0; 0; 0; 0; 0; 0; 0; 0; 9999
1936;05; 551; 6; 42; 0; 0; 0; 0; 0; 0; 0; 0; 0; 0; 0; 0; 0; 0; 0; 0; 0; 0; 0; 0; 0; 0; 0; 0; 0; 0; 0; 0
1936;06; 0; 0; 0; 0; 0; 0; 0; 0; 0; 0; 0; 0; 0; 0; 0; 0; 0; 0; 0; 0; 0; 0; 0; 0; 0; 0; 0; 0; 0; 0; 9999
1936;07; 0; 0; 0; 0; 0; 0; 0; 0; 0; 0; 0; 0; 0; 0; 0; 0; 0; 0; 0; 0; 0; 0; 0; 0; 0; 0; 0; 0; 0; 0; 0
1936;08; 0; 0; 0; 0; 0; 182; 0; 0; 0; 0; 0; 0; 89; 0; 0; 0; 82; 0; 0; 0; 14; 0; 284; 0; 0; 101; 100; 249; 148; 19; 0
1936;09; 0; 0; 0; 0; 0; 0; 0; 0; 0; 0; 0; 0; 0; 0; 0; 0; 0; 0; 0; 0; 0; 0; 0; 0; 0; 0; 0; 0; 0; 0; 9999
1936;10; 0; 0; 0; 0; 0; 0; 0; 0; 0; 40; 0; 0; 0; 0; 0; 0; 0; 0; 110; 0; 0; 0; 0; 0; 0; 0; 0; 0; 0; 0; 0
1936;11; 90; 30; 90; 0; 360; 10; 0; 0; 40; 0; 0; 0; 0; 0; 80; 140; 0; 0; 0; 0; 0; 0; 0; 0; 90; 0; 210; 280; 0; 0; 9999
1936;12; 70; 280; 0; 600; 70; 0; 140; 0; 0; 280; 0; 140; 280; 0; 0; 844; 0; 0; 0; 210; 0; 0; 140; 0; 0; 980; 563; 1120; 420; 140; 0
1937;01; 0; 281; 420; 0; 0; 560; 0; 420; 980; 215; 283; 210; 490; 70; 70; 320; 350; 70; 140; 880; 0; 0; 0; 0; 0; 212; 0; 0; 0; 0; 0
1937;02; 0; 702; 0; 0; 591; 0; 283; 910; 140; 351; 0; 1262; 490; 912; 70; 0; 0; 140; 0; 491; 0; 770; 0; 340; 0; 0; 0; 490; 9999; 9999; 9999
1937;03; 0; 980; 0; 0; 142; 0; 0; 563; 0; 0; 0; 0; 0; 630; 140; 210; 0; 0; 0; 0; 0; 0; 0; 0; 0; 0; 0; 0; 0; 0; 0
1937;04; 0; 0; 21; 112; 35; 77; 133; 14; 0; 0; 0; 28; 21; 0; 7; 49; 0; 0; 0; 0; 0; 0; 0; 0; 0; 0; 0; 0; 0; 0; 9999
1937;05; 0; 0; 0; 0; 70; 0; 0; 0; 0; 0; 0; 0; 0; 0; 0; 492; 0; 0; 0; 0; 0; 0; 0; 0; 0; 0; 0; 0; 0; 0; 0
1937;06; 0; 0; 0; 0; 0; 0; 0; 0; 0; 0; 0; 0; 0; 0; 0; 0; 0; 0; 0; 0; 0; 0; 0; 0; 70; 0; 0; 0; 0; 0; 9999
1937;07; 0; 0; 0; 0; 0; 0; 0; 0; 0; 0; 0; 0; 0; 0; 0; 0; 0; 0; 0; 0; 0; 0; 0; 0; 0; 0; 0; 0; 0; 0; 0
1937;08; 0; 0; 0; 0; 0; 0; 0; 0; 0; 0; 0; 0; 0; 0; 0; 0; 0; 0; 0; 0; 0; 70; 50; 110; 140; 0; 0; 0; 140; 0; 0
1937;09; 0; 0; 0; 0; 0; 0; 0; 0; 0; 0; 0; 0; 0; 0; 0; 0; 0; 0; 0; 0; 0; 0; 0; 0; 0; 0; 0; 0; 0; 0; 9999
1937;10; 0; 140; 0; 70; 70; 0; 140; 210; 140; 110; 50; 140; 0; 0; 210; 0; 0; 70; 0; 100; 0; 0; 0; 0; 210; 210; 0; 0; 0; 0; 30
1937;11; 82; 40; 0; 0; 0; 0; 0; 14; 0; 0; 0; 0; 0; 0; 0; 11; 109; 14; 0; 0; 0; 0; 10; 0; 0; 0; 0; 0; 0; 20; 9999
1937;12; 34; 0; 70; 10; 380; 280; 120; 33; 20; 0; 110; 0; 0; 0; 0; 60; 78; 503; 0; 50; 0; 0; 0; 0; 63; 0; 23; 0; 260; 820; 0
1938;01; 0; 10; 54; 35; 55; 41; 0; 0; 0; 0; 0; 32; 2; 46; 21; 0; 65; 25; 44; 4; 0; 0; 0; 0; 0; 14; 0; 0; 0; 0; 0
1938;02; 15; 0; 120; 0; 0; 38; 50; 420; 163; 10; 15; 640; 50; 0; 0; 370; 60; 133; 208; 0; 0; 150; 30; 0; 20; 0; 0; 0; 9999; 9999; 9999
1938;03; 508; 0; 0; 420; 0; 30; 0; 0; 0; 0; 0; 0; 580; 0; 0; 77; 0; 0; 0; 0; 0; 0; 0; 0; 0; 0; 0; 0; 0; 0; 70
1938;04; 0; 0; 0; 290; 0; 40; 3; 0; 210; 220; 40; 0; 0; 0; 0; 0; 0; 0; 0; 0; 0; 0; 0; 0; 0; 0; 0; 0; 0; 0; 9999
1938;05; 0; 0; 0; 0; 0; 0; 0; 0; 0; 0; 0; 0; 0; 0; 0; 350; 74; 470; 490; 0; 70; 0; 0; 0; 110; 0; 0; 0; 0; 0; 0
1938;06; 0; 0; 0; 0; 0; 0; 0; 0; 0; 0; 0; 0; 0; 0; 0; 0; 0; 0; 0; 0; 0; 0; 0; 0; 0; 0; 0; 0; 0; 0; 9999
1938;07; 0; 0; 0; 0; 0; 0; 0; 0; 0; 0; 0; 0; 0; 0; 0; 0; 0; 0; 0; 0; 0; 0; 0; 0; 0; 0; 0; 0; 0; 0; 0
1938;08; 50; 20; 0; 0; 0; 0; 0; 0; 0; 0; 0; 0; 0; 0; 0; 0; 0; 0; 0; 0; 0; 0; 0; 0; 0; 0; 0; 0; 0; 0; 0
1938;09; 0; 0; 0; 0; 0; 0; 0; 115; 60; 0; 0; 0; 0; 100; 80; 0; 0; 0; 0; 0; 0; 0; 0; 0; 0; 10; 0; 0; 0; 0; 9999
1938;10; 0; 55; 210; 0; 0; 0; 0; 0; 0; 0; 0; 30; 130; 492; 25; 0; 425; 0; 220; 70; 15; 20; 0; 222; 20; 90; 40; 0; 0; 10; 240
1938;11; 10; 0; 0; 140; 0; 0; 280; 30; 450; 120; 0; 0; 0; 0; 0; 90; 70; 0; 0; 0; 160; 120; 70; 70; 0; 0; 215; 125; 30; 190; 9999
1938;12; 260; 0; 0; 0; 0; 0; 220; 190; 150; 0; 0; 0; 0; 110; 280; 190; 90; 30; 70; 65; 25; 130; 80; 170; 960; 55; 50; 0; 0; 0; 155
1939;01; 225; 0; 4; 10; 0; 80; 0; 0; 60; 93; 120; 0; 0; 0; 50; 80; 0; 0; 0; 0; 110; 0; 535; 290; 35; 0; 0; 0; 80; 200; 0
1939;02; 50; 0; 0; 40; 70; 0; 10; 165; 1; 760; 290; 0; 0; 0; 0; 0; 0; 0; 0; 0; 60; 0; 40; 0; 0; 0; 2; 2; 9999; 9999; 9999
1939;03; 270; 2; 0; 0; 0; 0; 0; 0; 0; 0; 0; 0; 150; 0; 0; 200; 0; 0; 0; 55; 145; 3; 3; 50; 60; 0; 20; 0; 50; 100; 10
1939;04; 0; 0; 0; 0; 410; 50; 0; 0; 0; 0; 0; 0; 0; 0; 0; 0; 0; 0; 0; 0; 0; 0; 0; 0; 0; 0; 35; 75; 0; 0; 9999
1939;05; 0; 0; 0; 0; 10; 0; 0; 0; 650; 25; 0; 85; 10; 0; 0; 0; 0; 0; 0; 0; 0; 0; 0; 0; 0; 0; 0; 0; 300; 395; 35
1939;06; 0; 0; 0; 0; 215; 0; 0; 0; 0; 160; 0; 0; 0; 0; 0; 203; 1; 0; 0; 0; 0; 0; 0; 0; 0; 0; 0; 160; 0; 1; 9999
1939;07; 0; 0; 0; 0; 0; 0; 0; 0; 0; 0; 0; 0; 0; 0; 0; 0; 0; 0; 0; 40; 0; 30; 30; 0; 181; 0; 0; 0; 15; 0; 0
1939;08; 0; 0; 0; 0; 0; 0; 0; 0; 0; 0; 0; 0; 0; 0; 0; 0; 0; 0; 0; 0; 0; 0; 0; 0; 0; 0; 0; 0; 0; 0; 0
1939;09; 0; 40; 50; 0; 0; 0; 0; 0; 0; 0; 0; 0; 10; 0; 0; 0; 0; 125; 241; 0; 0; 0; 0; 0; 0; 0; 0; 0; 0; 0; 9999
1939;10; 171; 44; 0; 0; 255; 0; 0; 0; 0; 0; 0; 0; 0; 0; 0; 0; 0; 0; 0; 0; 0; 3; 52; 87; 0; 0; 0; 0; 0; 0; 0
1939;11; 140; 90; 0; 0; 0; 80; 50; 140; 310; 0; 0; 0; 0; 40; 0; 0; 90; 120; 130; 190; 10; 160; 45; 0; 0; 510; 120; 10; 0; 0; 9999
1939;12; 40; 442; 40; 158; 0; 228; 120; 30; 0; 155; 5; 485; 160; 0; 0; 40; 0; 308; 222; 35; 0; 98; 279; 0; 0; 61; 46; 12; 118; 0; 0
1940;01; 520; 90; 0; 10; 0; 100; 90; 310; 50; 200; 150; 239; 5; 0; 0; 0; 0; 0; 72; 48; 0; 730; 0; 0; 38; 0; 138; 0; 0; 0; 47
1940;02; 184; 393; 85; 0; 0; 0; 240; 96; 0; 22; 0; 158; 2; 153; 95; 360; 375; 50; 53; 0; 0; 323; 12; 2; 0; 0; 0; 0; 0; 9999; 9999
1940;03; 0; 0; 0; 0; 0; 0; 0; 158; 77; 45; 186; 4; 0; 654; 205; 0; 0; 0; 0; 0; 0; 0; 0; 0; 0; 0; 0; 0; 0; 1; 0
1940;04; 0; 0; 0; 0; 0; 0; 0; 0; 0; 0; 0; 0; 0; 0; 0; 0; 0; 0; 0; 0; 0; 0; 0; 0; 0; 110; 0; 50; 0; 0; 9999
1940;05; 0; 0; 220; 130; 0; 0; 0; 0; 0; 0; 0; 0; 0; 0; 0; 0; 0; 0; 0; 0; 0; 0; 0; 0; 0; 0; 0; 0; 0; 0; 0
1940;06; 0; 0; 0; 0; 0; 0; 0; 0; 0; 0; 0; 0; 0; 0; 0; 0; 0; 0; 0; 0; 0; 0; 0; 0; 0; 0; 0; 0; 0; 0; 9999
1940;07; 0; 0; 0; 0; 0; 0; 0; 0; 0; 0; 0; 0; 0; 0; 0; 0; 0; 0; 0; 0; 0; 0; 0; 0; 0; 0; 0; 0; 0; 0; 0
1940;08; 0; 0; 0; 0; 0; 0; 0; 0; 0; 0; 0; 0; 0; 0; 0; 0; 0; 0; 0; 0; 0; 0; 0; 0; 0; 0; 110; 0; 0; 0; 0
1940;09; 0; 0; 0; 0; 0; 0; 0; 0; 0; 0; 0; 0; 3; 0; 0; 0; 0; 0; 0; 0; 0; 0; 0; 6; 5; 0; 0; 0; 0; 0; 9999
1940;10; 0; 0; 0; 0; 0; 0; 0; 0; 0; 0; 10; 45; 0; 0; 0; 0; 0; 20; 50; 220; 50; 0; 0; 0; 0; 0; 0; 0; 20; 110; 0
1940;11; 0; 0; 0; 0; 370; 0; 0; 0; 170; 0; 200; 550; 40; 350; 130; 140; 0; 0; 0; 0; 0; 0; 0; 0; 0; 0; 380; 70; 60; 0; 9999
1940;12; 0; 0; 0; 0; 0; 0; 0; 0; 0; 50; 0; 100; 290; 0; 0; 0; 0; 0; 0; 0; 0; 0; 0; 0; 0; 0; 170; 0; 0; 100; 0
1941;01; 90; 190; 0; 10; 0; 0; 0; 0; 0; 90; 90; 0; 90; 60; 310; 0; 60; 0; 0; 0; 10; 20; 200; 100; 0; 0; 0; 0; 0; 0; 0
1941;02; 0; 0; 0; 0; 0; 260; 0; 0; 0; 0; 0; 0; 0; 0; 0; 100; 20; 0; 0; 0; 0; 0; 0; 0; 0; 10; 20; 0; 9999; 9999; 9999
1941;03; 0; 0; 0; 60; 220; 0; 0; 0; 0; 0; 0; 0; 50; 40; 0; 20; 0; 0; 0; 0; 0; 100; 70; 420; 260; 0; 0; 0; 0; 0; 0
1941;04; 60; 20; 0; 0; 0; 0; 0; 610; 10; 40; 0; 0; 0; 0; 0; 0; 0; 0; 0; 0; 0; 0; 0; 0; 0; 0; 0; 0; 0; 0; 9999
1941;05; 0; 0; 0; 0; 0; 0; 0; 0; 0; 0; 0; 0; 0; 0; 0; 0; 0; 0; 0; 0; 0; 0; 0; 0; 0; 0; 0; 70; 0; 0; 0
1941;06; 0; 0; 0; 0; 0; 0; 0; 0; 0; 0; 0; 0; 0; 0; 0; 0; 0; 0; 0; 0; 0; 0; 0; 0; 0; 60; 0; 0; 0; 0; 9999
1941;07; 0; 0; 0; 0; 0; 0; 0; 0; 0; 0; 0; 0; 0; 0; 0; 0; 0; 0; 30; 0; 0; 0; 0; 0; 0; 0; 0; 0; 0; 0; 0
1941;08; 0; 0; 0; 0; 0; 0; 0; 0; 0; 0; 0; 0; 0; 0; 40; 40; 0; 0; 0; 0; 0; 0; 0; 0; 0; 0; 0; 0; 0; 0; 0
1941;09; 0; 0; 60; 220; 0; 200; 300; 0; 0; 0; 2; 4; 5; 200; 300; 0; 0; 0; 65; 0; 0; 90; 0; 0; 10; 102; 40; 62; 20; 8; 9999
1941;10; 0; 0; 15; 0; 0; 0; 0; 40; 170; 0; 0; 0; 0; 0; 0; 90; 165; 0; 0; 0; 0; 0; 0; 0; 0; 0; 0; 0; 0; 0; 0
1941;11; 400; 0; 0; 0; 130; 90; 67; 0; 0; 0; 0; 0; 433; 0; 0; 0; 205; 105; 0; 0; 0; 0; 0; 93; 286; 0; 0; 0; 0; 105; 9999
1941;12; 0; 65; 0; 0; 0; 0; 0; 0; 5; 6; 82; 0; 18; 0; 7; 270; 466; 0; 75; 0; 0; 0; 0; 0; 0; 65; 50; 0; 183; 5; 0
1942;01; 122; 123; 0; 0; 0; 0; 0; 0; 0; 200; 0; 0; 0; 0; 0; 325; 0; 0; 0; 0; 235; 0; 0; 0; 0; 0; 0; 70; 305; 146; 0
1942;02; 110; 0; 960; 160; 0; 0; 367; 0; 60; 0; 481; 921; 0; 55; 5; 65; 312; 163; 503; 605; 100; 5; 0; 0; 0; 0; 4; 50; 9999; 9999; 9999
1942;03; 14; 47; 0; 56; 52; 113; 0; 60; 0; 363; 3; 0; 384; 65; 408; 0; 0; 0; 0; 0; 30; 0; 0; 0; 0; 0; 22; 0; 0; 0; 37
1942;04; 146; 0; 0; 0; 475; 0; 0; 2; 0; 0; 0; 0; 0; 271; 79; 0; 0; 0; 0; 30; 8; 0; 0; 0; 0; 0; 0; 0; 0; 0; 9999
1942;05; 0; 0; 0; 0; 0; 96; 181; 52; 0; 0; 0; 0; 0; 0; 0; 0; 0; 0; 0; 0; 0; 0; 0; 0; 0; 0; 0; 0; 0; 0; 0
1942;06; 0; 0; 0; 0; 0; 0; 77; 0; 22; 2; 0; 0; 0; 0; 0; 0; 0; 0; 0; 0; 0; 0; 0; 0; 0; 0; 0; 0; 0; 0; 9999
1942;07; 0; 0; 0; 7; 10; 0; 0; 0; 0; 82; 0; 0; 0; 0; 0; 0; 0; 0; 0; 0; 0; 0; 0; 0; 0; 0; 0; 0; 0; 0; 0
1942;08; 0; 0; 0; 0; 0; 0; 0; 0; 0; 0; 0; 0; 0; 0; 0; 0; 0; 0; 0; 0; 0; 0; 0; 0; 0; 0; 0; 0; 0; 0; 0
1942;09; 0; 0; 0; 0; 0; 0; 0; 0; 0; 0; 0; 0; 0; 0; 0; 0; 18; 0; 17; 0; 0; 36; 0; 89; 0; 0; 0; 0; 0; 0; 9999
1942;10; 0; 0; 0; 0; 160; 0; 0; 0; 0; 0; 0; 0; 0; 20; 0; 0; 0; 0; 0; 0; 0; 0; 0; 0; 0; 42; 0; 496; 460; 0; 0
1942;11; 0; 204; 0; 0; 0; 0; 0; 0; 0; 14; 0; 0; 80; 204; 484; 3; 0; 0; 0; 164; 0; 0; 0; 0; 0; 142; 183; 24; 0; 0; 9999
1942;12; 84; 0; 28; 0; 0; 0; 0; 0; 0; 198; 120; 9; 9; 196; 0; 456; 224; 0; 0; 0; 26; 89; 182; 99; 273; 0; 305; 0; 0; 0; 0
1943;01; 0; 94; 42; 52; 67; 10; 3; 336; 0; 0; 316; 0; 0; 125; 408; 99; 0; 0; 269; 287; 44; 14; 223; 0; 137; 0; 0; 80; 0; 1452; 729
1943;02; 0; 91; 0; 0; 0; 0; 0; 0; 0; 0; 3; 286; 36; 5; 112; 86; 141; 186; 61; 0; 161; 28; 61; 0; 62; 0; 0; 0; 9999; 9999; 9999
1943;03; 0; 5; 0; 0; 5; 4; 0; 291; 0; 76; 0; 502; 0; 0; 272; 0; 0; 0; 0; 0; 8; 0; 39; 0; 0; 7; 56; 0; 35; 59; 0
1943;04; 13; 0; 0; 0; 0; 0; 0; 0; 0; 0; 0; 0; 0; 0; 0; 192; 145; 0; 0; 0; 0; 0; 0; 0; 0; 0; 0; 0; 0; 0; 9999
1943;05; 0; 0; 0; 0; 0; 0; 0; 0; 0; 0; 0; 0; 0; 0; 0; 0; 0; 0; 0; 0; 0; 0; 0; 0; 0; 0; 0; 0; 0; 0; 0
1943;06; 0; 0; 0; 0; 0; 0; 0; 240; 0; 0; 0; 0; 0; 0; 0; 0; 0; 0; 0; 0; 0; 0; 0; 0; 0; 30; 0; 0; 0; 0; 9999
1943;07; 0; 0; 0; 0; 0; 0; 0; 0; 0; 0; 0; 0; 0; 0; 0; 0; 0; 0; 0; 0; 0; 0; 0; 0; 0; 0; 0; 0; 0; 0; 0
1943;08; 0; 0; 0; 0; 0; 0; 0; 0; 0; 0; 0; 0; 0; 0; 0; 0; 0; 0; 0; 0; 0; 0; 0; 0; 0; 0; 0; 0; 0; 0; 0
1943;09; 0; 0; 0; 0; 0; 0; 0; 0; 0; 0; 0; 29; 0; 27; 4; 0; 0; 0; 0; 0; 0; 24; 0; 20; 0; 0; 0; 0; 0; 0; 9999
1943;10; 0; 0; 150; 0; 100; 0; 0; 0; 0; 0; 0; 200; 0; 50; 400; 50; 0; 0; 0; 0; 0; 0; 380; 50; 0; 0; 0; 870; 110; 0; 0
1943;11; 0; 70; 45; 56; 20; 0; 202; 3; 2; 0; 80; 30; 0; 0; 0; 0; 0; 280; 92; 0; 0; 0; 0; 40; 0; 0; 0; 0; 0; 0; 9999
1943;12; 140; 300; 50; 0; 0; 0; 3; 360; 0; 0; 0; 80; 2; 260; 13; 0; 0; 0; 0; 0; 0; 0; 0; 0; 0; 370; 110; 0; 170; 80; 140
1944;01; 0; 0; 0; 0; 300; 0; 0; 2; 0; 0; 0; 98; 23; 0; 0; 148; 0; 97; 0; 0; 0; 0; 0; 230; 305; 245; 5; 0; 0; 0; 360
1944;02; 0; 81; 0; 7; 0; 0; 0; 0; 0; 0; 0; 0; 0; 0; 462; 212; 488; 175; 7; 3; 222; 4; 248; 418; 234; 0; 0; 0; 0; 9999; 9999
1944;03; 0; 77; 387; 0; 30; 120; 0; 0; 0; 117; 0; 0; 0; 0; 67; 76; 18; 25; 6; 0; 0; 0; 0; 0; 0; 0; 74; 0; 0; 0; 0
1944;04; 40; 10; 0; 0; 0; 0; 0; 0; 0; 0; 0; 0; 0; 0; 710; 26; 232; 0; 24; 0; 0; 110; 0; 0; 0; 0; 0; 0; 0; 0; 9999
1944;05; 0; 0; 0; 0; 0; 0; 0; 0; 0; 0; 104; 0; 0; 0; 0; 0; 0; 0; 0; 0; 0; 0; 0; 0; 0; 0; 0; 0; 0; 0; 0
1944;06; 0; 0; 0; 0; 0; 0; 0; 0; 0; 0; 0; 0; 0; 0; 0; 0; 0; 0; 0; 0; 0; 0; 0; 0; 0; 0; 0; 0; 0; 0; 9999
1944;07; 0; 0; 0; 0; 0; 0; 0; 0; 0; 0; 0; 0; 0; 0; 0; 0; 0; 0; 0; 0; 0; 0; 0; 0; 0; 0; 0; 0; 0; 0; 0
1944;08; 0; 0; 0; 0; 0; 0; 0; 0; 0; 0; 0; 0; 0; 0; 0; 0; 0; 0; 0; 0; 0; 0; 0; 0; 0; 0; 0; 0; 0; 0; 0
1944;09; 0; 0; 0; 0; 0; 0; 0; 0; 0; 0; 0; 0; 0; 0; 0; 0; 0; 0; 0; 0; 0; 0; 0; 0; 0; 0; 0; 0; 0; 0; 9999
1944;10; 0; 0; 0; 0; 0; 0; 0; 0; 50; 0; 145; 0; 0; 350; 0; 0; 4; 0; 0; 0; 0; 0; 0; 0; 0; 40; 160; 0; 0; 40; 0
1944;11; 0; 0; 42; 0; 23; 0; 0; 182; 88; 0; 0; 0; 145; 250; 64; 0; 0; 0; 0; 0; 385; 0; 47; 350; 0; 160; 0; 0; 0; 0; 9999
1944;12; 72; 30; 40; 10; 0; 0; 0; 0; 0; 30; 0; 0; 0; 0; 0; 0; 0; 0; 340; 0; 0; 0; 0; 22; 0; 0; 0; 0; 0; 0; 0
1945;01; 0; 0; 88; 8; 10; 10; 140; 3; 0; 0; 0; 0; 0; 0; 0; 177; 160; 120; 0; 90; 10; 215; 0; 0; 0; 6; 15; 370; 60; 103; 330
1945;02; 657; 484; 563; 0; 0; 30; 40; 18; 73; 0; 245; 0; 30; 12; 0; 0; 0; 0; 150; 30; 335; 114; 45; 0; 15; 0; 0; 130; 9999; 9999; 9999
1945;03; 11; 40; 325; 146; 0; 0; 0; 0; 63; 80; 0; 0; 0; 0; 0; 0; 0; 0; 0; 0; 285; 0; 0; 0; 335; 45; 0; 0; 0; 0; 0
1945;04; 2; 3; 0; 0; 180; 0; 0; 0; 0; 0; 0; 0; 10; 0; 0; 0; 0; 0; 0; 247; 0; 0; 0; 0; 0; 0; 0; 11; 2; 80; 9999
1945;05; 0; 0; 0; 0; 0; 0; 0; 0; 0; 0; 0; 0; 0; 0; 0; 0; 0; 0; 0; 0; 0; 0; 0; 0; 0; 0; 0; 0; 0; 0; 0
1945;06; 0; 0; 0; 0; 0; 20; 0; 0; 0; 0; 0; 0; 0; 0; 0; 0; 0; 0; 362; 0; 171; 72; 0; 60; 100; 3; 0; 0; 0; 0; 9999
1945;07; 0; 0; 0; 0; 180; 30; 80; 0; 0; 0; 0; 0; 0; 0; 0; 0; 0; 0; 0; 0; 0; 0; 0; 0; 0; 0; 0; 0; 0; 0; 0
1945;08; 0; 0; 0; 0; 0; 0; 0; 0; 0; 0; 0; 0; 0; 0; 0; 0; 0; 0; 0; 0; 0; 0; 0; 0; 0; 0; 0; 0; 0; 0; 0
1945;09; 0; 0; 0; 0; 0; 0; 0; 0; 0; 0; 0; 0; 0; 0; 0; 125; 130; 0; 0; 0; 0; 0; 0; 0; 0; 0; 0; 0; 0; 0; 9999
1945;10; 0; 0; 390; 140; 4; 6; 0; 0; 122; 220; 0; 0; 0; 0; 0; 0; 0; 0; 0; 0; 0; 0; 0; 0; 0; 0; 0; 120; 155; 35; 5
1945;11; 0; 0; 4; 0; 2; 4; 0; 0; 460; 94; 0; 100; 50; 166; 0; 0; 0; 0; 0; 0; 72; 93; 0; 0; 10; 0; 0; 210; 92; 0; 9999
1945;12; 0; 0; 0; 0; 300; 50; 0; 0; 0; 52; 0; 50; 170; 360; 140; 0; 75; 39; 85; 0; 0; 0; 0; 0; 0; 39; 55; 3; 115; 0; 45
1946;01; 160; 10; 0; 50; 92; 30; 163; 30; 60; 0; 10; 55; 0; 0; 150; 0; 15; 0; 0; 220; 100; 30; 20; 30; 20; 80; 20; 400; 150; 0; 0
1946;02; 0; 0; 0; 0; 0; 0; 0; 100; 10; 0; 0; 60; 0; 0; 40; 270; 5; 60; 0; 90; 110; 40; 40; 60; 0; 0; 0; 0; 9999; 9999; 9999
1946;03; 70; 46; 80; 0; 80; 22; 100; 0; 0; 145; 100; 12; 15; 340; 90; 30; 0; 0; 0; 0; 80; 0; 0; 0; 30; 0; 0; 0; 0; 0; 0
1946;04; 20; 25; 0; 0; 0; 0; 0; 30; 0; 0; 0; 0; 0; 0; 0; 0; 0; 0; 0; 0; 0; 0; 0; 0; 0; 0; 0; 0; 0; 0; 9999
1946;05; 0; 0; 0; 0; 0; 0; 0; 0; 0; 0; 0; 0; 0; 0; 0; 0; 0; 0; 0; 0; 115; 0; 0; 0; 0; 0; 0; 0; 0; 0; 0
1946;06; 40; 50; 15; 0; 0; 0; 0; 0; 0; 0; 0; 0; 0; 0; 0; 30; 0; 0; 0; 0; 0; 0; 0; 0; 0; 0; 0; 0; 0; 0; 9999
1946;07; 0; 0; 0; 0; 0; 0; 0; 0; 13; 0; 0; 130; 110; 0; 0; 150; 20; 0; 0; 0; 0; 0; 0; 80; 0; 0; 0; 0; 0; 0; 0
1946;08; 0; 0; 0; 0; 0; 0; 0; 0; 0; 0; 0; 0; 0; 0; 0; 0; 0; 0; 0; 0; 0; 0; 0; 0; 0; 0; 0; 0; 0; 0; 0
1946;09; 0; 0; 0; 0; 0; 0; 0; 0; 0; 0; 0; 0; 0; 0; 0; 0; 0; 0; 0; 0; 0; 0; 0; 40; 0; 0; 0; 0; 250; 0; 9999
1946;10; 0; 0; 0; 0; 0; 0; 85; 204; 0; 0; 0; 0; 90; 0; 0; 460; 0; 150; 190; 0; 120; 10; 0; 0; 0; 0; 0; 0; 0; 0; 0
1946;11; 0; 255; 0; 0; 0; 0; 70; 0; 250; 0; 0; 0; 0; 0; 0; 0; 0; 0; 0; 150; 10; 0; 0; 0; 0; 140; 0; 0; 0; 230; 9999
1946;12; 0; 0; 0; 0; 30; 120; 0; 40; 203; 0; 0; 0; 0; 0; 0; 0; 12; 230; 0; 100; 0; 100; 0; 0; 190; 197; 97; 0; 0; 0; 0
1947;01; 238; 106; 256; 287; 188; 37; 0; 0; 0; 0; 0; 0; 81; 168; 128; 19; 0; 742; 0; 0; 0; 0; 0; 0; 0; 0; 0; 0; 0; 279; 65
1947;02; 0; 0; 0; 0; 0; 279; 0; 0; 0; 0; 147; 0; 257; 0; 55; 312; 0; 709; 803; 0; 0; 0; 0; 0; 69; 222; 146; 218; 9999; 9999; 9999
1947;03; 229; 0; 0; 11; 81; 335; 223; 35; 187; 0; 64; 105; 0; 0; 0; 270; 0; 204; 47; 0; 0; 0; 0; 7; 50; 125; 58; 0; 0; 0; 0
1947;04; 0; 0; 0; 0; 0; 0; 0; 2; 0; 0; 0; 0; 0; 0; 0; 0; 0; 0; 0; 0; 7; 0; 0; 0; 0; 0; 0; 0; 0; 0; 9999
1947;05; 0; 0; 0; 181; 0; 0; 0; 0; 0; 0; 20; 0; 0; 0; 0; 0; 0; 0; 80; 0; 0; 0; 0; 0; 0; 0; 0; 0; 0; 0; 0
1947;06; 0; 0; 0; 0; 0; 0; 0; 0; 0; 0; 0; 0; 0; 0; 0; 0; 0; 0; 0; 0; 0; 0; 54; 0; 0; 0; 0; 0; 0; 0; 9999
1947;07; 0; 0; 0; 0; 0; 0; 0; 0; 145; 0; 0; 0; 0; 0; 0; 0; 0; 0; 0; 0; 0; 0; 0; 0; 0; 0; 0; 44; 0; 0; 0
1947;08; 77; 0; 0; 0; 0; 0; 0; 0; 0; 0; 0; 0; 0; 0; 0; 0; 0; 0; 0; 0; 0; 0; 0; 0; 0; 0; 0; 192; 270; 44; 0
1947;09; 0; 0; 0; 25; 0; 0; 0; 0; 382; 0; 0; 0; 0; 0; 0; 0; 0; 294; 141; 0; 0; 0; 0; 0; 247; 48; 0; 0; 0; 0; 9999
1947;10; 0; 140; 0; 3; 0; 0; 0; 188; 384; 0; 0; 0; 0; 0; 48; 0; 0; 0; 0; 0; 0; 140; 0; 310; 226; 0; 0; 0; 0; 0; 0
1947;11; 0; 0; 314; 31; 0; 0; 0; 0; 308; 0; 0; 18; 0; 0; 0; 0; 0; 0; 0; 0; 0; 0; 0; 0; 70; 40; 145; 68; 0; 0; 9999
1947;12; 0; 0; 0; 0; 0; 0; 0; 0; 42; 0; 364; 155; 153; 200; 0; 11; 202; 0; 0; 0; 250; 19; 0; 0; 3; 50; 0; 0; 50; 0; 0
1948;01; 0; 0; 0; 0; 0; 0; 0; 0; 0; 0; 102; 510; 0; 174; 72; 137; 0; 62; 82; 67; 74; 19; 0; 0; 56; 0; 0; 0; 0; 0; 0
1948;02; 46; 8; 125; 50; 0; 90; 35; 0; 100; 50; 250; 95; 0; 180; 380; 0; 0; 0; 0; 12; 36; 50; 0; 96; 0; 0; 0; 55; 0; 9999; 9999
1948;03; 0; 0; 0; 0; 0; 38; 0; 0; 0; 0; 83; 785; 0; 5; 20; 88; 6; 7; 8; 0; 0; 0; 0; 0; 175; 0; 0; 0; 0; 0; 0
1948;04; 0; 0; 0; 0; 0; 0; 0; 0; 0; 0; 0; 0; 0; 0; 0; 0; 0; 0; 0; 0; 0; 0; 0; 0; 0; 0; 0; 0; 0; 0; 9999
1948;05; 0; 0; 0; 0; 0; 0; 0; 0; 0; 0; 0; 0; 0; 0; 0; 0; 0; 317; 0; 157; 0; 0; 0; 0; 0; 0; 0; 165; 0; 0; 0
1948;06; 0; 0; 0; 0; 0; 0; 0; 0; 0; 0; 0; 0; 0; 0; 0; 0; 0; 0; 0; 0; 0; 0; 0; 0; 0; 0; 0; 0; 0; 0; 9999
1948;07; 0; 0; 0; 0; 0; 0; 0; 0; 0; 0; 0; 0; 0; 0; 0; 0; 0; 0; 0; 0; 0; 0; 0; 160; 0; 100; 100; 2; 2; 2; 3
1948;08; 0; 0; 0; 0; 0; 0; 0; 2; 0; 0; 0; 65; 0; 0; 0; 0; 0; 0; 0; 0; 0; 0; 0; 0; 0; 0; 0; 0; 0; 0; 0
1948;09; 0; 0; 0; 0; 0; 0; 0; 0; 0; 0; 0; 0; 0; 0; 0; 0; 0; 0; 0; 0; 0; 0; 0; 0; 0; 0; 0; 10; 0; 0; 9999
1948;10; 0; 0; 0; 190; 60; 60; 20; 0; 0; 0; 80; 30; 170; 0; 30; 0; 0; 0; 0; 0; 0; 0; 0; 0; 0; 0; 0; 40; 30; 220; 0
1948;11; 0; 370; 180; 50; 0; 220; 0; 220; 320; 0; 30; 0; 0; 0; 0; 450; 650; 50; 70; 0; 30; 0; 0; 0; 0; 0; 50; 0; 0; 0; 9999
1948;12; 0; 450; 0; 0; 0; 0; 0; 0; 1; 0; 0; 0; 0; 0; 0; 0; 190; 170; 0; 200; 0; 0; 0; 0; 0; 0; 0; 0; 0; 160; 130
1949;01; 0; 0; 0; 0; 0; 0; 0; 0; 1120; 0; 80; 170; 0; 0; 0; 0; 250; 140; 50; 0; 0; 0; 0; 0; 0; 0; 0; 0; 210; 0; 0
1949;02; 0; 0; 0; 80; 0; 0; 330; 90; 360; 0; 0; 0; 0; 0; 0; 60; 100; 120; 0; 0; 190; 80; 0; 0; 0; 0; 0; 0; 9999; 9999; 9999
1949;03; 4; 0; 0; 300; 0; 0; 130; 30; 10; 0; 0; 0; 0; 0; 0; 0; 0; 0; 0; 0; 0; 0; 0; 0; 730; 0; 0; 200; 0; 160; 0
1949;04; 0; 490; 0; 180; 0; 0; 0; 0; 0; 0; 0; 0; 0; 0; 0; 0; 0; 0; 0; 0; 0; 0; 220; 100; 60; 0; 0; 0; 0; 0; 9999
1949;05; 0; 0; 0; 0; 190; 0; 240; 0; 0; 0; 100; 180; 0; 0; 0; 0; 0; 0; 0; 0; 0; 0; 0; 0; 0; 0; 0; 0; 0; 0; 0
1949;06; 0; 0; 0; 0; 0; 50; 0; 0; 0; 0; 0; 0; 0; 10; 170; 30; 0; 0; 0; 0; 0; 0; 0; 0; 0; 0; 0; 0; 0; 0; 9999
1949;07; 0; 0; 0; 0; 0; 0; 0; 0; 0; 0; 0; 0; 0; 0; 0; 0; 0; 0; 0; 0; 0; 0; 0; 0; 0; 0; 0; 0; 0; 0; 0
1949;08; 0; 0; 0; 0; 0; 0; 0; 0; 0; 0; 0; 0; 0; 0; 0; 0; 0; 0; 0; 0; 0; 0; 0; 0; 0; 0; 0; 0; 0; 0; 0
1949;09; 0; 0; 0; 0; 0; 0; 0; 0; 0; 0; 0; 0; 0; 0; 0; 0; 0; 0; 0; 0; 0; 0; 0; 0; 0; 0; 0; 0; 0; 0; 9999
1949;10; 0; 0; 190; 65; 0; 50; 40; 0; 0; 0; 40; 70; 0; 0; 0; 0; 10; 0; 0; 170; 0; 145; 0; 0; 0; 0; 0; 10; 90; 0; 0
1949;11; 0; 0; 0; 0; 0; 380; 0; 0; 160; 0; 0; 0; 0; 0; 0; 0; 0; 95; 0; 0; 260; 120; 0; 0; 30; 0; 0; 0; 0; 120; 9999
1949;12; 330; 390; 0; 0; 0; 0; 600; 210; 0; 0; 0; 0; 0; 260; 280; 640; 0; 0; 0; 0; 0; 0; 0; 0; 660; 0; 0; 0; 0; 0; 0
1950;01; 0; 0; 150; 300; 235; 145; 0; 0; 0; 0; 130; 0; 175; 0; 0; 25; 45; 280; 445; 22; 0; 110; 0; 670; 45; 350; 7; 0; 24; 0; 0
1950;02; 120; 0; 515; 0; 0; 35; 85; 115; 655; 130; 220; 210; 150; 230; 410; 0; 195; 0; 75; 75; 85; 25; 35; 20; 0; 0; 0; 0; 9999; 9999; 9999
1950;03; 0; 0; 0; 0; 0; 15; 0; 15; 0; 0; 0; 0; 0; 0; 0; 25; 225; 0; 265; 0; 0; 0; 0; 290; 0; 0; 30; 25; 0; 0; 0
1950;04; 0; 195; 0; 0; 35; 0; 0; 0; 0; 0; 0; 0; 200; 0; 0; 25; 0; 0; 0; 35; 0; 0; 0; 0; 0; 23; 235; 0; 0; 0; 9999
1950;05; 0; 0; 0; 195; 0; 245; 0; 0; 0; 0; 0; 0; 0; 0; 0; 0; 0; 0; 0; 0; 0; 0; 0; 0; 0; 0; 0; 0; 0; 0; 0
1950;06; 0; 0; 0; 0; 0; 0; 0; 0; 0; 0; 0; 0; 0; 0; 0; 0; 0; 0; 0; 0; 0; 0; 0; 0; 0; 0; 0; 0; 0; 0; 9999
1950;07; 0; 0; 0; 0; 0; 0; 0; 0; 0; 0; 0; 0; 0; 0; 0; 0; 0; 0; 0; 0; 0; 0; 0; 0; 0; 0; 0; 0; 0; 0; 0
1950;08; 0; 0; 0; 0; 0; 0; 0; 0; 0; 0; 0; 0; 0; 0; 0; 0; 0; 0; 0; 0; 0; 0; 0; 0; 0; 0; 0; 0; 0; 0; 0
1950;09; 0; 0; 0; 0; 0; 0; 0; 0; 0; 0; 0; 0; 0; 0; 0; 0; 0; 0; 0; 0; 5; 0; 0; 0; 40; 0; 0; 0; 0; 0; 9999
1950;10; 3; 0; 0; 40; 345; 0; 0; 0; 0; 25; 0; 180; 0; 65; 3; 0; 0; 295; 110; 35; 0; 0; 0; 30; 0; 0; 0; 0; 80; 230; 0
1950;11; 0; 0; 0; 0; 0; 0; 201; 104; 76; 0; 300; 185; 0; 9; 0; 95; 45; 40; 0; 40; 35; 210; 0; 0; 260; 35; 65; 625; 0; 0; 9999
1950;12; 0; 0; 0; 0; 110; 20; 0; 0; 0; 202; 0; 0; 255; 550; 150; 0; 0; 0; 0; 0; 5; 5; 0; 0; 0; 0; 0; 230; 272; 4; 210
1951;01; 0; 45; 20; 60; 60; 175; 0; 0; 4; 87; 0; 306; 0; 390; 300; 0; 10; 115; 463; 223; 0; 0; 2; 43; 602; 120; 25; 95; 0; 972; 0
1951;02; 0; 183; 0; 0; 83; 230; 293; 475; 0; 0; 0; 0; 0; 0; 0; 0; 0; 0; 0; 0; 390; 542; 0; 0; 170; 0; 0; 0; 9999; 9999; 9999
1951;03; 0; 0; 0; 55; 135; 103; 220; 140; 180; 0; 0; 0; 0; 110; 0; 500; 0; 0; 114; 204; 0; 0; 25; 0; 0; 0; 0; 0; 0; 0; 0
1951;04; 75; 200; 0; 0; 0; 92; 0; 0; 0; 0; 0; 0; 45; 0; 192; 0; 0; 0; 0; 0; 0; 0; 0; 0; 0; 0; 0; 0; 0; 0; 9999
1951;05; 0; 0; 0; 0; 0; 0; 0; 0; 0; 0; 0; 0; 0; 0; 0; 0; 0; 80; 0; 0; 0; 0; 0; 0; 0; 0; 0; 0; 145; 0; 0
1951;06; 0; 0; 0; 0; 0; 54; 0; 0; 0; 0; 0; 0; 0; 0; 0; 0; 0; 0; 0; 0; 0; 0; 0; 0; 0; 25; 0; 76; 0; 0; 9999
1951;07; 0; 0; 0; 0; 0; 0; 0; 0; 0; 0; 0; 0; 0; 0; 0; 0; 0; 0; 0; 0; 0; 0; 0; 0; 0; 0; 0; 0; 0; 0; 0
1951;08; 0; 0; 0; 0; 102; 0; 0; 0; 0; 0; 0; 0; 0; 0; 0; 0; 0; 0; 0; 0; 215; 73; 0; 0; 0; 0; 0; 0; 0; 0; 0
1951;09; 0; 0; 0; 0; 0; 0; 0; 0; 0; 0; 0; 0; 0; 0; 0; 0; 0; 0; 0; 0; 0; 0; 0; 0; 0; 0; 0; 0; 0; 0; 9999
1951;10; 0; 0; 0; 0; 85; 0; 0; 0; 0; 0; 0; 0; 0; 55; 0; 0; 0; 310; 185; 0; 0; 0; 0; 45; 0; 0; 50; 120; 0; 0; 0
1951;11; 0; 0; 0; 0; 0; 0; 0; 0; 0; 0; 0; 0; 0; 64; 0; 0; 0; 71; 0; 0; 0; 0; 590; 330; 225; 0; 386; 70; 0; 0; 9999
1951;12; 0; 297; 0; 0; 26; 105; 265; 0; 0; 5; 0; 0; 0; 0; 0; 0; 0; 0; 0; 0; 285; 0; 0; 0; 0; 0; 0; 0; 0; 0; 125
1952;01; 0; 0; 0; 0; 115; 0; 0; 120; 0; 0; 0; 0; 60; 0; 0; 220; 25; 0; 0; 0; 0; 40; 220; 100; 230; 0; 0; 0; 0; 320; 0
1952;02; 0; 0; 340; 130; 120; 112; 0; 0; 0; 0; 54; 234; 0; 0; 0; 0; 240; 42; 92; 62; 100; 0; 0; 470; 120; 0; 0; 0; 0; 9999; 9999
1952;03; 0; 250; 0; 52; 0; 0; 115; 0; 445; 457; 285; 0; 0; 340; 0; 230; 0; 0; 0; 0; 0; 0; 185; 50; 103; 0; 0; 0; 155; 0; 0
1952;04; 0; 0; 0; 0; 0; 0; 0; 0; 0; 0; 0; 0; 0; 0; 0; 0; 0; 0; 0; 0; 0; 0; 0; 0; 0; 0; 0; 0; 0; 0; 9999
1952;05; 0; 0; 0; 0; 0; 0; 0; 0; 0; 0; 0; 0; 0; 0; 0; 0; 0; 0; 0; 0; 0; 0; 0; 0; 0; 0; 0; 0; 0; 0; 0
1952;06; 0; 0; 0; 0; 0; 0; 0; 0; 165; 0; 0; 0; 64; 0; 0; 175; 270; 0; 0; 0; 0; 0; 0; 0; 0; 0; 0; 0; 0; 0; 9999
1952;07; 0; 0; 0; 0; 0; 0; 0; 0; 0; 0; 0; 0; 0; 0; 0; 0; 0; 0; 0; 0; 0; 0; 0; 0; 0; 0; 0; 0; 0; 0; 0
1952;08; 0; 0; 0; 0; 0; 0; 0; 0; 0; 0; 0; 0; 0; 0; 0; 0; 0; 0; 0; 0; 0; 0; 0; 0; 0; 0; 0; 0; 0; 0; 0
1952;09; 0; 0; 0; 0; 0; 32; 0; 0; 0; 0; 0; 0; 0; 0; 0; 0; 0; 0; 54; 0; 0; 0; 0; 0; 0; 0; 0; 0; 0; 0; 9999
1952;10; 0; 0; 0; 0; 0; 0; 0; 147; 0; 0; 124; 0; 325; 0; 0; 0; 404; 562; 396; 0; 385; 0; 0; 64; 0; 0; 0; 0; 0; 0; 0
1952;11; 0; 0; 32; 0; 0; 0; 255; 252; 0; 92; 0; 0; 0; 0; 0; 0; 0; 260; 0; 342; 262; 0; 0; 0; 104; 0; 0; 174; 0; 0; 9999
1952;12; 42; 0; 0; 0; 0; 64; 0; 0; 0; 0; 0; 74; 0; 0; 0; 0; 0; 0; 0; 0; 0; 0; 0; 0; 0; 120; 0; 0; 104; 0; 0
1953;01; 275; 0; 182; 74; 0; 0; 420; 0; 0; 0; 0; 92; 0; 0; 0; 0; 0; 0; 0; 0; 0; 0; 85; 0; 0; 0; 0; 85; 0; 0; 0
1953;02; 0; 135; 0; 0; 0; 0; 0; 0; 0; 0; 95; 65; 453; 0; 0; 0; 0; 0; 0; 195; 0; 0; 0; 75; 0; 0; 0; 0; 9999; 9999; 9999
1953;03; 0; 0; 0; 0; 0; 0; 0; 0; 0; 0; 137; 0; 0; 0; 0; 190; 0; 0; 183; 0; 0; 80; 0; 86; 842; 0; 0; 0; 0; 0; 0
1953;04; 0; 0; 0; 0; 20; 40; 0; 0; 0; 0; 0; 0; 0; 0; 0; 0; 0; 0; 0; 70; 0; 0; 0; 0; 0; 0; 0; 0; 0; 0; 9999
1953;05; 0; 0; 0; 0; 0; 0; 0; 0; 0; 0; 0; 0; 0; 0; 0; 0; 0; 0; 0; 0; 0; 0; 0; 0; 0; 0; 0; 0; 0; 0; 0
1953;06; 0; 0; 0; 0; 0; 300; 0; 0; 0; 60; 0; 0; 0; 0; 0; 0; 0; 0; 0; 0; 0; 0; 0; 0; 0; 0; 0; 0; 0; 0; 9999
1953;07; 0; 0; 0; 0; 0; 0; 0; 0; 0; 70; 50; 0; 0; 0; 0; 0; 0; 0; 0; 0; 0; 0; 0; 0; 0; 0; 0; 0; 0; 0; 0
1953;08; 0; 0; 0; 0; 0; 0; 0; 0; 0; 0; 0; 0; 0; 0; 0; 0; 0; 0; 0; 0; 0; 0; 0; 0; 0; 0; 0; 0; 0; 0; 0
1953;09; 0; 0; 0; 0; 0; 0; 30; 0; 0; 0; 80; 0; 0; 0; 0; 40; 0; 0; 0; 0; 0; 60; 0; 0; 0; 0; 0; 0; 0; 0; 9999
1953;10; 0; 0; 0; 0; 0; 40; 0; 0; 0; 0; 0; 0; 0; 0; 0; 50; 80; 0; 40; 0; 0; 0; 0; 0; 0; 0; 0; 0; 0; 20; 10
1953;11; 10; 90; 0; 0; 0; 50; 70; 60; 0; 0; 0; 70; 40; 0; 0; 0; 0; 0; 0; 0; 0; 0; 0; 0; 0; 0; 0; 0; 50; 70; 9999
1953;12; 0; 0; 30; 20; 30; 0; 0; 0; 0; 0; 0; 30; 50; 0; 0; 30; 0; 0; 0; 0; 40; 0; 0; 0; 0; 0; 0; 0; 0; 0; 0
1954;01; 0; 200; 170; 160; 110; 20; 0; 0; 0; 0; 0; 0; 0; 0; 0; 0; 30; 40; 0; 300; 50; 30; 40; 0; 0; 0; 0; 0; 0; 0; 0
1954;02; 0; 0; 0; 0; 0; 240; 384; 0; 0; 222; 164; 0; 0; 0; 0; 64; 0; 0; 0; 0; 0; 0; 0; 0; 0; 134; 0; 0; 9999; 9999; 9999
1954;03; 0; 0; 0; 0; 0; 0; 0; 0; 0; 0; 137; 0; 68; 0; 0; 0; 0; 0; 0; 0; 0; 0; 0; 0; 0; 0; 0; 210; 132; 138; 0
1954;04; 0; 0; 0; 0; 0; 0; 0; 0; 0; 0; 0; 0; 0; 0; 0; 0; 0; 0; 0; 0; 0; 0; 0; 0; 0; 0; 144; 0; 0; 0; 9999
1954;05; 0; 0; 0; 0; 0; 183; 0; 370; 0; 567; 0; 677; 0; 0; 0; 0; 0; 93; 0; 0; 214; 0; 0; 0; 0; 0; 0; 0; 0; 0; 0
1954;06; 0; 0; 0; 0; 540; 0; 0; 0; 0; 0; 0; 0; 0; 0; 0; 0; 0; 0; 0; 0; 0; 0; 0; 0; 0; 0; 0; 0; 0; 0; 9999
1954;07; 0; 0; 0; 0; 0; 0; 0; 0; 0; 0; 0; 0; 0; 0; 0; 0; 0; 0; 0; 0; 0; 0; 0; 0; 0; 0; 0; 0; 0; 0; 0
1954;08; 0; 0; 0; 0; 0; 0; 0; 0; 0; 0; 0; 0; 0; 0; 0; 0; 0; 0; 0; 0; 0; 0; 0; 0; 0; 0; 0; 0; 0; 0; 0
1954;09; 0; 0; 0; 0; 0; 0; 0; 0; 0; 0; 0; 0; 0; 0; 0; 0; 0; 0; 0; 0; 0; 0; 0; 0; 0; 0; 0; 402; 0; 0; 9999
1954;10; 0; 0; 0; 0; 0; 0; 0; 0; 0; 0; 0; 0; 0; 0; 0; 0; 0; 0; 0; 0; 0; 0; 0; 0; 0; 0; 254; 0; 0; 0; 0
1954;11; 0; 0; 0; 0; 0; 0; 0; 0; 0; 0; 0; 0; 0; 0; 0; 0; 0; 0; 0; 0; 0; 0; 0; 279; 0; 0; 0; 0; 0; 0; 9999
1954;12; 0; 0; 362; 152; 0; 155; 374; 0; 0; 0; 0; 335; 322; 0; 0; 0; 0; 0; 132; 0; 0; 0; 294; 0; 0; 0; 0; 0; 0; 0; 0
1955;01; 0; 0; 0; 0; 0; 0; 0; 507; 0; 0; 0; 0; 303; 0; 487; 372; 425; 0; 0; 0; 0; 0; 0; 0; 0; 0; 0; 0; 0; 0; 0
1955;02; 0; 0; 0; 0; 0; 0; 0; 0; 0; 0; 120; 40; 0; 0; 0; 0; 0; 0; 0; 0; 82; 64; 0; 0; 0; 0; 365; 0; 9999; 9999; 9999
1955;03; 675; 0; 102; 0; 0; 0; 0; 9999; 0; 0; 0; 0; 0; 0; 9999; 0; 0; 0; 0; 0; 0; 0; 0; 0; 0; 0; 0; 0; 0; 0; 0
1955;04; 0; 0; 0; 0; 0; 0; 0; 0; 0; 234; 0; 0; 0; 584; 0; 0; 0; 0; 0; 0; 0; 0; 0; 0; 0; 0; 0; 0; 0; 0; 9999
1955;05; 0; 0; 0; 0; 0; 0; 0; 0; 0; 0; 0; 0; 0; 0; 0; 0; 0; 0; 182; 164; 0; 0; 0; 0; 0; 0; 0; 0; 0; 0; 262
1955;06; 186; 0; 0; 0; 105; 0; 0; 203; 0; 0; 0; 103; 0; 0; 0; 0; 0; 0; 0; 0; 0; 0; 0; 0; 0; 0; 0; 0; 0; 0; 9999
1955;07; 0; 0; 0; 0; 0; 0; 0; 0; 0; 0; 0; 0; 0; 0; 0; 0; 0; 0; 0; 0; 0; 0; 0; 0; 0; 0; 0; 0; 0; 0; 0
1955;08; 0; 0; 0; 0; 0; 0; 0; 0; 0; 0; 0; 0; 0; 0; 0; 0; 0; 0; 0; 0; 0; 0; 0; 0; 0; 0; 304; 105; 0; 0; 0
1955;09; 0; 0; 0; 0; 0; 0; 0; 0; 0; 0; 0; 0; 0; 0; 0; 0; 0; 0; 0; 0; 0; 0; 0; 0; 0; 0; 0; 0; 0; 0; 9999
1955;10; 0; 0; 0; 0; 0; 0; 105; 0; 0; 0; 0; 204; 0; 0; 0; 0; 232; 0; 0; 0; 0; 0; 0; 0; 0; 0; 0; 585; 0; 0; 0
1955;11; 303; 312; 0; 0; 0; 75; 0; 0; 454; 0; 0; 0; 0; 94; 0; 0; 0; 105; 0; 0; 94; 0; 0; 0; 0; 0; 0; 0; 0; 0; 9999
1955;12; 160; 220; 120; 154; 0; 172; 74; 0; 0; 0; 0; 64; 102; 0; 72; 100; 104; 0; 0; 0; 0; 0; 0; 0; 0; 212; 0; 0; 124; 210; 0
1956;01; 120; 334; 0; 0; 0; 0; 0; 0; 0; 0; 0; 0; 0; 0; 0; 0; 0; 125; 0; 0; 62; 0; 0; 0; 0; 103; 74; 0; 0; 0; 0
1956;02; 0; 0; 0; 0; 0; 0; 0; 0; 334; 102; 202; 204; 127; 0; 0; 0; 0; 220; 165; 0; 0; 0; 441; 0; 0; 296; 0; 0; 0; 9999; 9999
1956;03; 192; 0; 0; 0; 0; 0; 0; 0; 0; 0; 272; 0; 0; 0; 0; 0; 0; 364; 0; 0; 0; 0; 0; 346; 0; 0; 0; 0; 64; 0; 0
1956;04; 0; 0; 0; 0; 0; 64; 234; 0; 92; 0; 0; 0; 0; 0; 0; 0; 0; 0; 84; 0; 0; 0; 0; 0; 36; 0; 0; 262; 0; 0; 9999
1956;05; 340; 0; 0; 0; 0; 220; 0; 114; 0; 0; 0; 0; 0; 0; 0; 0; 0; 0; 0; 0; 64; 0; 0; 0; 332; 0; 0; 0; 0; 0; 362
1956;06; 0; 0; 0; 0; 0; 0; 0; 64; 108; 0; 242; 0; 0; 0; 124; 0; 0; 0; 0; 0; 0; 0; 0; 0; 0; 0; 42; 0; 0; 0; 9999
1956;07; 0; 0; 0; 0; 0; 24; 0; 0; 0; 0; 0; 0; 0; 40; 0; 0; 0; 0; 0; 188; 0; 82; 168; 0; 0; 0; 0; 202; 0; 234; 202
1956;08; 0; 60; 180; 0; 0; 0; 220; 0; 0; 0; 0; 0; 0; 0; 0; 0; 0; 0; 0; 0; 0; 0; 0; 0; 0; 0; 0; 0; 0; 0; 0
1956;09; 0; 0; 0; 0; 0; 0; 0; 0; 345; 280; 0; 0; 294; 0; 0; 0; 0; 0; 0; 0; 0; 0; 0; 0; 0; 0; 0; 264; 0; 0; 9999
1956;10; 0; 0; 0; 0; 0; 0; 0; 0; 0; 164; 102; 0; 0; 0; 0; 0; 0; 0; 0; 0; 0; 62; 0; 0; 0; 0; 164; 0; 702; 0; 0
1956;11; 0; 0; 0; 0; 0; 0; 0; 0; 0; 0; 0; 0; 0; 0; 0; 0; 0; 0; 0; 0; 124; 95; 0; 0; 245; 0; 0; 0; 0; 0; 9999
1956;12; 73; 175; 0; 0; 0; 246; 225; 0; 0; 0; 0; 42; 532; 0; 0; 0; 0; 0; 220; 0; 0; 0; 0; 68; 0; 0; 0; 0; 0; 0; 0
1957;01; 0; 0; 0; 0; 0; 0; 0; 172; 336; 262; 0; 0; 0; 386; 684; 122; 254; 0; 0; 0; 0; 0; 0; 0; 0; 0; 0; 0; 124; 140; 0
1957;02; 0; 0; 300; 0; 167; 0; 0; 0; 0; 365; 0; 0; 0; 352; 0; 0; 0; 0; 0; 0; 0; 0; 0; 0; 0; 292; 0; 0; 9999; 9999; 9999
1957;03; 0; 0; 0; 0; 0; 0; 300; 0; 0; 0; 364; 0; 0; 0; 0; 0; 0; 0; 145; 0; 242; 0; 0; 0; 25; 185; 0; 0; 143; 104; 80
1957;04; 0; 0; 0; 0; 0; 0; 0; 0; 0; 0; 0; 0; 0; 0; 0; 0; 0; 0; 0; 0; 0; 0; 0; 0; 0; 0; 144; 0; 0; 0; 9999
1957;05; 45; 0; 0; 0; 0; 0; 1; 0; 0; 270; 1; 0; 0; 3; 2; 1; 0; 0; 0; 0; 0; 0; 0; 0; 0; 0; 0; 0; 0; 0; 0
1957;06; 0; 0; 0; 0; 0; 0; 124; 0; 0; 0; 0; 0; 0; 0; 0; 0; 0; 0; 0; 0; 0; 0; 0; 0; 0; 0; 0; 0; 0; 0; 9999
1957;07; 0; 0; 0; 0; 0; 0; 0; 0; 0; 0; 0; 0; 0; 0; 0; 0; 0; 0; 0; 0; 0; 0; 0; 0; 0; 0; 0; 0; 0; 0; 0
1957;08; 0; 0; 0; 0; 0; 0; 0; 0; 0; 0; 0; 0; 335; 0; 0; 172; 210; 160; 0; 0; 0; 0; 0; 0; 0; 0; 0; 0; 0; 0; 0
1957;09; 0; 60; 402; 0; 0; 0; 0; 302; 0; 0; 0; 62; 0; 0; 0; 0; 0; 0; 0; 0; 0; 104; 162; 0; 0; 0; 0; 0; 0; 42; 9999
1957;10; 0; 0; 0; 0; 0; 0; 0; 0; 0; 0; 0; 0; 53; 0; 268; 0; 60; 0; 0; 0; 0; 0; 0; 0; 0; 0; 0; 226; 73; 107; 63
1957;11; 0; 0; 64; 0; 0; 0; 160; 42; 0; 0; 0; 0; 43; 0; 0; 54; 102; 54; 82; 0; 42; 0; 0; 0; 0; 0; 0; 0; 112; 225; 9999
1957;12; 294; 0; 0; 0; 75; 0; 0; 0; 0; 155; 135; 137; 227; 670; 104; 35; 0; 0; 0; 0; 0; 50; 0; 0; 155; 0; 0; 0; 0; 0; 0
1958;01; 0; 0; 0; 0; 0; 0; 0; 0; 0; 0; 0; 64; 0; 52; 292; 0; 0; 164; 0; 184; 0; 0; 193; 54; 0; 0; 224; 92; 235; 0; 0
1958;02; 0; 0; 0; 0; 0; 225; 54; 0; 0; 0; 0; 0; 0; 0; 0; 0; 0; 0; 0; 0; 144; 52; 162; 0; 275; 72; 465; 265; 9999; 9999; 9999
1958;03; 95; 425; 115; 0; 0; 105; 0; 0; 0; 0; 0; 0; 0; 0; 0; 502; 164; 0; 0; 0; 0; 0; 0; 0; 0; 0; 0; 0; 0; 140; 300
1958;04; 0; 0; 0; 0; 0; 0; 0; 164; 54; 0; 0; 0; 0; 0; 0; 0; 0; 155; 0; 0; 0; 0; 0; 0; 0; 0; 0; 0; 0; 0; 9999
1958;05; 0; 0; 110; 0; 160; 0; 0; 0; 0; 80; 0; 0; 0; 0; 0; 0; 0; 0; 0; 0; 0; 370; 130; 30; 65; 0; 0; 155; 0; 0; 0
1958;06; 0; 0; 0; 0; 0; 0; 0; 0; 0; 0; 0; 0; 105; 462; 0; 0; 0; 102; 0; 0; 0; 0; 0; 0; 0; 0; 0; 0; 0; 0; 9999
1958;07; 0; 0; 0; 0; 0; 0; 0; 0; 0; 0; 0; 0; 0; 0; 0; 62; 0; 64; 0; 0; 0; 0; 0; 0; 0; 0; 0; 0; 0; 0; 0
1958;08; 0; 0; 0; 5; 0; 0; 0; 0; 0; 0; 0; 0; 0; 0; 0; 0; 0; 0; 0; 0; 0; 0; 0; 0; 0; 0; 0; 0; 65; 0; 0
1958;09; 0; 0; 0; 0; 0; 0; 0; 0; 3; 0; 0; 0; 132; 54; 235; 0; 0; 0; 0; 0; 0; 0; 0; 62; 0; 0; 0; 0; 0; 0; 9999
1958;10; 0; 0; 0; 0; 0; 0; 0; 0; 267; 0; 0; 0; 0; 0; 0; 0; 0; 0; 0; 0; 0; 0; 0; 103; 0; 0; 238; 0; 1302; 15; 88
1958;11; 18; 0; 0; 0; 137; 0; 0; 0; 0; 0; 0; 148; 0; 0; 0; 0; 0; 0; 140; 0; 0; 0; 0; 0; 440; 0; 0; 0; 0; 0; 9999
1958;12; 0; 0; 0; 0; 0; 0; 0; 0; 0; 0; 0; 175; 154; 226; 0; 0; 264; 32; 444; 398; 726; 143; 124; 98; 0; 0; 0; 0; 0; 0; 0
1959;01; 0; 0; 0; 0; 264; 0; 0; 0; 65; 45; 0; 154; 98; 112; 39; 0; 123; 0; 1256; 0; 0; 54; 293; 0; 0; 0; 0; 0; 0; 0; 0
1959;02; 0; 197; 9; 217; 0; 0; 0; 0; 0; 0; 0; 0; 0; 0; 0; 385; 302; 0; 108; 0; 0; 0; 0; 0; 0; 0; 1082; 0; 9999; 9999; 9999
1959;03; 0; 0; 0; 0; 0; 0; 0; 0; 0; 0; 0; 0; 0; 20; 0; 0; 92; 346; 407; 392; 270; 4; 0; 0; 0; 0; 0; 0; 0; 0; 0
1959;04; 0; 0; 3; 0; 123; 0; 0; 0; 0; 0; 0; 0; 0; 0; 0; 0; 0; 0; 0; 0; 0; 152; 0; 23; 0; 5; 0; 0; 0; 0; 9999
1959;05; 0; 0; 0; 0; 0; 0; 0; 0; 0; 0; 0; 0; 0; 0; 0; 0; 0; 122; 162; 25; 0; 0; 0; 0; 0; 0; 0; 0; 66; 0; 0
1959;06; 0; 0; 0; 0; 0; 288; 14; 0; 0; 0; 0; 0; 0; 0; 0; 0; 0; 0; 0; 0; 0; 0; 0; 0; 0; 0; 0; 0; 0; 0; 9999
1959;07; 0; 0; 0; 0; 0; 0; 0; 0; 0; 0; 0; 0; 0; 0; 0; 0; 0; 0; 0; 0; 0; 0; 0; 0; 0; 0; 0; 0; 0; 0; 105
1959;08; 0; 85; 0; 0; 0; 0; 30; 0; 0; 0; 0; 223; 106; 209; 0; 0; 0; 0; 0; 0; 0; 0; 0; 0; 0; 0; 0; 0; 0; 0; 0
1959;09; 0; 0; 0; 0; 0; 0; 0; 0; 0; 0; 0; 0; 0; 0; 0; 0; 0; 0; 0; 0; 0; 0; 0; 0; 0; 0; 52; 0; 0; 0; 9999
1959;10; 0; 0; 0; 0; 0; 0; 0; 0; 0; 0; 0; 0; 319; 102; 0; 0; 230; 164; 0; 0; 0; 0; 149; 0; 0; 0; 0; 0; 0; 0; 0
1959;11; 0; 0; 0; 0; 0; 0; 0; 0; 0; 224; 242; 0; 0; 125; 62; 0; 0; 0; 42; 0; 0; 0; 0; 82; 161; 2; 0; 0; 0; 0; 9999
1959;12; 0; 0; 510; 246; 154; 162; 325; 132; 185; 0; 0; 105; 0; 0; 0; 0; 37; 589; 64; 0; 52; 93; 198; 58; 0; 0; 0; 11; 0; 0; 121
1960;01; 0; 0; 0; 0; 444; 76; 411; 226; 80; 412; 121; 27; 0; 0; 0; 0; 236; 11; 40; 126; 87; 315; 24; 0; 0; 0; 0; 0; 0; 41; 191
1960;02; 516; 398; 0; 0; 0; 0; 124; 0; 0; 43; 0; 0; 0; 0; 98; 0; 0; 0; 0; 563; 160; 15; 0; 122; 83; 0; 114; 464; 0; 9999; 9999
1960;03; 0; 128; 25; 0; 0; 0; 0; 0; 0; 0; 0; 0; 0; 0; 0; 42; 0; 0; 20; 32; 120; 238; 105; 8; 0; 0; 0; 0; 0; 0; 0
1960;04; 33; 0; 0; 0; 0; 0; 133; 10; 33; 0; 0; 0; 0; 0; 0; 0; 0; 0; 86; 0; 0; 0; 0; 0; 0; 0; 0; 0; 0; 317; 9999
1960;05; 0; 0; 0; 0; 0; 0; 0; 21; 0; 0; 0; 0; 0; 5; 265; 0; 0; 0; 0; 61; 0; 0; 0; 0; 0; 0; 0; 0; 0; 0; 0
1960;06; 0; 0; 0; 0; 0; 0; 0; 0; 0; 0; 0; 0; 0; 273; 0; 0; 13; 0; 0; 0; 0; 0; 258; 0; 0; 0; 65; 0; 0; 0; 9999
1960;07; 0; 0; 0; 0; 0; 0; 0; 0; 0; 0; 0; 0; 0; 0; 0; 0; 0; 0; 0; 0; 0; 0; 0; 0; 0; 0; 0; 0; 0; 0; 0
1960;08; 0; 0; 0; 0; 0; 0; 0; 0; 0; 0; 0; 0; 0; 0; 0; 155; 16; 0; 0; 0; 0; 0; 0; 0; 0; 0; 0; 0; 0; 0; 0
1960;09; 10; 0; 0; 0; 0; 0; 0; 0; 0; 0; 0; 0; 0; 0; 0; 0; 0; 0; 0; 0; 0; 0; 0; 0; 0; 0; 0; 0; 0; 135; 9999
1960;10; 0; 0; 0; 0; 0; 0; 45; 0; 0; 0; 0; 0; 0; 25; 0; 0; 225; 0; 0; 125; 63; 0; 55; 0; 0; 32; 192; 0; 0; 0; 61
1960;11; 97; 0; 0; 0; 3; 0; 0; 220; 0; 0; 52; 256; 117; 316; 69; 12; 0; 0; 0; 336; 119; 26; 0; 0; 356; 0; 0; 75; 0; 0; 9999
1960;12; 0; 0; 0; 0; 0; 0; 0; 0; 0; 0; 0; 5; 0; 0; 31; 2; 366; 358; 21; 586; 111; 20; 8; 0; 309; 0; 50; 0; 491; 0; 28
1961;01; 28; 19; 72; 107; 35; 107; 51; 301; 28; 10; 31; 41; 4; 100; 10; 20; 0; 155; 0; 370; 0; 0; 0; 70; 20; 110; 0; 30; 0; 0; 47
1961;02; 0; 0; 212; 16; 0; 0; 0; 222; 0; 31; 411; 554; 47; 0; 0; 62; 42; 19; 237; 0; 0; 146; 115; 6; 5; 53; 0; 28; 9999; 9999; 9999
1961;03; 19; 0; 0; 0; 288; 69; 32; 1010; 52; 20; 0; 5; 0; 128; 108; 0; 273; 124; 176; 158; 0; 0; 0; 0; 0; 0; 0; 0; 0; 0; 0
1961;04; 0; 0; 16; 350; 65; 0; 0; 33; 0; 0; 0; 0; 0; 0; 0; 0; 0; 0; 0; 2; 0; 23; 0; 0; 267; 0; 0; 0; 0; 0; 9999
1961;05; 0; 260; 121; 160; 0; 0; 0; 1; 2; 0; 0; 0; 0; 0; 0; 0; 0; 0; 0; 0; 0; 0; 392; 0; 0; 0; 0; 0; 0; 0; 0
1961;06; 0; 0; 0; 0; 0; 0; 0; 0; 0; 0; 0; 0; 0; 0; 0; 0; 0; 0; 0; 0; 0; 0; 0; 0; 0; 0; 0; 0; 0; 0; 9999
1961;07; 0; 0; 0; 0; 0; 0; 0; 0; 0; 0; 0; 0; 0; 0; 0; 0; 0; 0; 0; 0; 0; 0; 0; 0; 0; 0; 0; 0; 0; 0; 0
1961;08; 0; 0; 0; 0; 0; 0; 0; 0; 0; 0; 0; 0; 0; 0; 0; 0; 0; 0; 0; 0; 0; 0; 0; 0; 70; 59; 0; 0; 0; 0; 0
1961;09; 0; 0; 0; 0; 0; 0; 0; 0; 0; 0; 0; 0; 0; 0; 0; 0; 0; 0; 0; 0; 0; 0; 0; 0; 0; 0; 0; 42; 0; 0; 9999
1961;10; 0; 0; 0; 0; 0; 0; 0; 0; 0; 12; 44; 128; 44; 0; 245; 0; 0; 0; 71; 0; 0; 0; 0; 0; 32; 0; 0; 0; 71; 127; 0
1961;11; 0; 60; 271; 0; 0; 4; 0; 0; 0; 74; 162; 111; 71; 25; 0; 0; 0; 0; 0; 0; 71; 194; 0; 241; 0; 0; 0; 0; 0; 0; 9999
1961;12; 181; 5; 82; 0; 0; 0; 172; 41; 0; 0; 0; 35; 122; 72; 20; 154; 183; 145; 77; 0; 45; 24; 62; 423; 25; 7; 135; 0; 0; 0; 0
1962;01; 0; 122; 0; 0; 0; 0; 167; 0; 65; 0; 0; 0; 0; 85; 0; 58; 8; 198; 2; 11; 85; 120; 0; 0; 74; 0; 189; 0; 0; 0; 0
1962;02; 0; 0; 442; 439; 200; 87; 0; 64; 4; 282; 0; 0; 0; 0; 43; 0; 0; 36; 245; 0; 279; 63; 528; 15; 0; 0; 0; 57; 9999; 9999; 9999
1962;03; 23; 224; 0; 33; 228; 0; 0; 0; 0; 120; 243; 518; 41; 324; 0; 0; 71; 95; 71; 0; 0; 0; 29; 376; 0; 0; 0; 0; 0; 0; 0
1962;04; 0; 0; 45; 0; 44; 0; 0; 0; 24; 0; 0; 0; 0; 0; 11; 0; 0; 0; 0; 0; 0; 0; 0; 0; 0; 0; 0; 18; 52; 0; 9999
1962;05; 0; 113; 0; 0; 0; 0; 0; 0; 0; 0; 0; 0; 0; 0; 0; 0; 0; 0; 0; 0; 0; 0; 0; 0; 0; 0; 0; 0; 8; 0; 0
1962;06; 0; 375; 155; 0; 43; 44; 73; 24; 0; 0; 0; 0; 0; 0; 0; 0; 0; 0; 0; 0; 0; 0; 0; 0; 0; 0; 0; 0; 0; 0; 9999
1962;07; 0; 0; 0; 0; 1; 0; 0; 0; 22; 20; 0; 0; 0; 0; 0; 0; 0; 15; 0; 0; 0; 0; 0; 1; 0; 0; 0; 0; 0; 22; 0
1962;08; 0; 0; 0; 0; 0; 0; 0; 0; 0; 0; 63; 0; 0; 0; 0; 3; 0; 0; 0; 0; 0; 154; 58; 0; 0; 0; 0; 0; 0; 1; 0
1962;09; 0; 0; 0; 0; 0; 65; 0; 380; 0; 0; 0; 0; 0; 0; 0; 0; 0; 0; 0; 0; 0; 30; 0; 0; 0; 0; 0; 15; 53; 187; 9999
1962;10; 211; 111; 212; 34; 0; 0; 0; 49; 4; 14; 132; 0; 0; 0; 0; 0; 195; 250; 113; 0; 0; 0; 0; 0; 6; 0; 0; 0; 177; 15; 2
1962;11; 0; 0; 0; 0; 0; 0; 0; 120; 0; 0; 0; 0; 0; 0; 0; 0; 441; 196; 128; 24; 72; 0; 0; 0; 0; 0; 0; 50; 35; 12; 9999
1962;12; 48; 0; 106; 0; 472; 0; 0; 12; 660; 82; 808; 88; 0; 0; 0; 36; 20; 134; 257; 0; 0; 22; 0; 0; 72; 231; 346; 7; 478; 442; 460
1963;01; 330; 124; 0; 0; 0; 65; 241; 40; 0; 30; 0; 0; 0; 0; 34; 345; 32; 40; 81; 0; 0; 53; 0; 0; 223; 98; 143; 20; 0; 0; 35
1963;02; 0; 33; 79; 248; 375; 71; 10; 0; 0; 94; 0; 0; 0; 153; 15; 0; 111; 25; 503; 305; 0; 0; 58; 192; 0; 0; 0; 0; 9999; 9999; 9999
1963;03; 0; 0; 27; 0; 3; 0; 0; 0; 0; 62; 0; 0; 0; 0; 0; 0; 0; 0; 0; 0; 0; 0; 28; 0; 0; 0; 15; 0; 0; 0; 0
1963;04; 0; 0; 0; 0; 18; 0; 47; 0; 0; 0; 0; 0; 0; 0; 339; 3; 0; 0; 0; 0; 0; 0; 0; 0; 0; 0; 0; 0; 0; 0; 9999
1963;05; 0; 0; 0; 0; 0; 0; 0; 0; 0; 0; 0; 0; 0; 0; 0; 0; 135; 0; 0; 0; 0; 0; 0; 0; 0; 0; 0; 0; 0; 0; 0
1963;06; 0; 0; 0; 0; 0; 0; 0; 0; 0; 0; 0; 0; 0; 0; 0; 0; 0; 0; 0; 0; 0; 0; 0; 0; 0; 0; 0; 0; 0; 0; 9999
1963;07; 0; 0; 0; 0; 0; 0; 0; 0; 0; 0; 0; 0; 0; 0; 0; 0; 0; 0; 0; 0; 0; 0; 0; 0; 0; 0; 0; 0; 0; 0; 0
1963;08; 0; 0; 0; 0; 0; 0; 0; 0; 0; 0; 0; 0; 0; 0; 0; 40; 77; 0; 0; 0; 0; 0; 0; 0; 0; 0; 0; 0; 0; 0; 0
1963;09; 0; 0; 0; 0; 0; 0; 0; 0; 0; 0; 0; 0; 0; 0; 0; 0; 0; 0; 0; 0; 27; 0; 0; 0; 0; 0; 0; 0; 0; 0; 9999
1963;10; 0; 0; 0; 0; 0; 88; 0; 0; 0; 14; 63; 11; 0; 0; 0; 0; 21; 53; 0; 0; 484; 84; 0; 0; 846; 0; 115; 0; 0; 0; 0
1963;11; 642; 0; 0; 0; 0; 0; 0; 34; 42; 0; 0; 0; 289; 0; 274; 0; 221; 0; 43; 10; 0; 0; 0; 0; 0; 57; 0; 0; 0; 84; 9999
1963;12; 60; 0; 24; 11; 156; 0; 0; 0; 0; 0; 0; 161; 12; 0; 0; 0; 0; 69; 226; 0; 0; 0; 0; 0; 0; 0; 0; 0; 0; 110; 127
1964;01; 0; 0; 0; 0; 0; 0; 0; 0; 250; 0; 0; 0; 0; 0; 0; 0; 50; 0; 0; 67; 0; 0; 210; 738; 60; 125; 70; 0; 130; 0; 69
1964;02; 0; 56; 0; 0; 0; 0; 0; 25; 0; 604; 140; 105; 215; 193; 370; 117; 253; 112; 31; 0; 71; 0; 0; 185; 0; 91; 0; 390; 0; 9999; 9999
1964;03; 0; 0; 0; 0; 0; 0; 0; 0; 0; 0; 0; 0; 0; 0; 0; 130; 0; 0; 0; 0; 0; 0; 0; 0; 0; 0; 0; 2; 151; 180; 0
1964;04; 0; 0; 0; 13; 72; 0; 0; 0; 0; 0; 0; 0; 23; 0; 0; 0; 0; 0; 0; 0; 31; 0; 0; 0; 0; 0; 10; 0; 0; 389; 9999
1964;05; 79; 0; 0; 66; 112; 0; 0; 0; 0; 0; 0; 0; 23; 0; 0; 0; 0; 0; 0; 0; 0; 583; 0; 0; 0; 0; 0; 0; 0; 0; 0
1964;06; 0; 0; 0; 0; 0; 0; 0; 0; 0; 0; 0; 0; 0; 0; 310; 0; 45; 0; 0; 0; 0; 0; 0; 0; 0; 37; 0; 0; 0; 0; 9999
1964;07; 70; 14; 57; 0; 0; 0; 0; 15; 0; 0; 0; 0; 0; 0; 0; 21; 0; 0; 10; 0; 0; 0; 0; 240; 22; 0; 0; 0; 0; 0; 0
1964;08; 0; 0; 0; 0; 0; 0; 0; 0; 0; 0; 10; 3; 0; 0; 0; 0; 0; 0; 54; 3; 0; 0; 0; 0; 0; 0; 0; 0; 0; 0; 0
1964;09; 0; 0; 2; 0; 0; 0; 0; 0; 0; 0; 0; 0; 0; 0; 0; 0; 0; 0; 0; 0; 0; 0; 10; 220; 0; 192; 75; 212; 156; 140; 9999
1964;10; 0; 0; 105; 0; 0; 0; 320; 192; 0; 0; 0; 0; 0; 0; 0; 0; 0; 0; 0; 155; 25; 3; 0; 0; 0; 0; 583; 430; 24; 313; 23
1964;11; 62; 0; 0; 0; 0; 400; 0; 0; 0; 0; 0; 0; 0; 8; 0; 128; 16; 0; 193; 165; 86; 84; 0; 0; 0; 0; 0; 0; 0; 801; 9999
1964;12; 0; 172; 31; 211; 0; 0; 0; 0; 144; 0; 118; 16; 88; 22; 28; 217; 245; 535; 258; 0; 139; 230; 87; 539; 82; 172; 5; 0; 100; 63; 0
1965;01; 0; 0; 0; 242; 0; 0; 0; 0; 183; 0; 10; 0; 0; 0; 30; 0; 55; 288; 29; 215; 0; 0; 0; 15; 15; 80; 0; 54; 20; 174; 105
1965;02; 0; 57; 327; 8; 108; 8; 34; 380; 0; 167; 0; 0; 0; 100; 140; 0; 0; 10; 390; 0; 60; 97; 547; 170; 7; 0; 690; 359; 9999; 9999; 9999
1965;03; 18; 175; 95; 0; 35; 0; 3; 6; 149; 0; 0; 0; 0; 9; 187; 20; 124; 0; 0; 0; 12; 221; 110; 242; 328; 0; 0; 0; 0; 0; 0
1965;04; 0; 0; 0; 0; 52; 0; 0; 0; 85; 20; 0; 0; 0; 0; 0; 0; 0; 0; 45; 157; 0; 0; 0; 0; 0; 0; 0; 0; 195; 37; 9999
1965;05; 0; 0; 0; 0; 0; 0; 0; 0; 0; 0; 0; 20; 65; 116; 243; 0; 0; 367; 0; 0; 0; 0; 0; 0; 0; 0; 0; 0; 0; 0; 0
1965;06; 0; 0; 0; 0; 0; 0; 0; 23; 0; 0; 43; 0; 3; 0; 0; 0; 0; 0; 0; 0; 0; 0; 70; 0; 0; 0; 0; 0; 0; 0; 9999
1965;07; 0; 0; 0; 0; 215; 25; 17; 383; 122; 87; 30; 0; 0; 0; 0; 0; 0; 0; 0; 0; 0; 0; 0; 0; 0; 0; 0; 0; 0; 120; 263
1965;08; 0; 0; 0; 0; 0; 0; 0; 10; 0; 0; 0; 0; 0; 0; 0; 0; 0; 0; 0; 0; 0; 0; 0; 0; 0; 0; 0; 0; 0; 0; 0
1965;09; 0; 0; 0; 0; 0; 0; 0; 0; 0; 0; 0; 0; 0; 0; 0; 0; 0; 0; 0; 0; 0; 0; 0; 0; 0; 0; 150; 387; 10; 640; 9999
1965;10; 520; 0; 0; 0; 0; 0; 0; 14; 0; 3; 5; 0; 0; 135; 0; 0; 0; 111; 33; 0; 11; 0; 120; 0; 15; 0; 0; 0; 260; 35; 0
1965;11; 0; 0; 0; 0; 269; 195; 0; 200; 50; 0; 0; 0; 50; 80; 37; 0; 0; 0; 0; 623; 0; 0; 0; 0; 67; 226; 25; 65; 15; 0; 9999
1965;12; 0; 125; 240; 13; 115; 322; 141; 80; 80; 255; 0; 0; 10; 37; 0; 0; 0; 20; 145; 0; 0; 0; 0; 0; 0; 0; 12; 388; 300; 0; 29
1966;01; 190; 685; 15; 0; 0; 0; 0; 0; 0; 50; 60; 0; 0; 0; 0; 68; 0; 0; 0; 0; 0; 0; 0; 0; 0; 15; 35; 0; 0; 0; 62
1966;02; 340; 228; 14; 0; 0; 188; 10; 0; 142; 152; 97; 80; 6; 0; 0; 0; 0; 0; 0; 0; 0; 66; 18; 100; 0; 0; 200; 0; 9999; 9999; 9999
1966;03; 0; 0; 0; 50; 286; 300; 263; 3; 33; 0; 20; 0; 0; 0; 402; 0; 0; 0; 0; 10; 0; 120; 0; 0; 0; 0; 130; 0; 0; 0; 0
1966;04; 26; 27; 111; 0; 25; 90; 13; 0; 0; 0; 0; 0; 0; 0; 0; 0; 0; 0; 0; 0; 0; 0; 0; 0; 76; 14; 5; 0; 0; 0; 9999
1966;05; 0; 0; 0; 0; 427; 0; 0; 0; 0; 0; 0; 110; 0; 0; 0; 0; 0; 0; 0; 0; 55; 53; 0; 0; 0; 0; 0; 0; 0; 0; 0
1966;06; 0; 0; 0; 0; 0; 0; 0; 0; 0; 0; 0; 0; 0; 0; 0; 0; 0; 0; 0; 0; 0; 0; 0; 0; 0; 0; 0; 0; 0; 0; 9999
1966;07; 0; 0; 0; 0; 0; 0; 0; 0; 0; 0; 0; 0; 0; 0; 0; 0; 0; 0; 0; 0; 0; 0; 10; 10; 0; 0; 0; 0; 0; 0; 0
1966;08; 112; 0; 0; 0; 0; 0; 0; 0; 0; 0; 0; 0; 0; 0; 0; 0; 0; 0; 0; 0; 0; 0; 0; 0; 0; 0; 0; 0; 0; 0; 0
1966;09; 1; 194; 210; 0; 0; 0; 0; 0; 0; 0; 0; 0; 0; 0; 0; 0; 0; 0; 42; 65; 0; 0; 0; 0; 0; 0; 0; 20; 410; 0; 9999
1966;10; 0; 0; 0; 0; 0; 0; 95; 35; 0; 0; 0; 13; 0; 0; 0; 0; 95; 4; 0; 0; 0; 10; 330; 10; 0; 0; 490; 33; 4; 0; 53
1966;11; 0; 270; 0; 0; 0; 0; 0; 0; 0; 710; 0; 0; 184; 13; 10; 853; 325; 223; 0; 0; 0; 0; 0; 0; 0; 0; 0; 0; 0; 0; 9999
1966;12; 0; 0; 0; 0; 0; 0; 220; 0; 454; 0; 0; 0; 292; 0; 0; 453; 0; 0; 111; 290; 338; 457; 590; 62; 0; 0; 273; 35; 0; 0; 0
1967;01; 0; 0; 0; 71; 315; 300; 115; 0; 0; 21; 78; 239; 30; 154; 225; 242; 29; 20; 54; 95; 158; 370; 314; 125; 21; 45; 52; 0; 0; 0; 81
1967;02; 42; 0; 90; 12; 75; 164; 0; 24; 0; 23; 0; 0; 0; 83; 80; 350; 42; 5; 0; 13; 295; 70; 22; 0; 0; 215; 0; 0; 9999; 9999; 9999
1967;03; 71; 0; 0; 0; 87; 0; 362; 188; 126; 40; 0; 128; 204; 32; 0; 0; 97; 20; 12; 0; 25; 0; 0; 0; 43; 63; 0; 0; 612; 0; 0
1967;04; 0; 0; 0; 0; 0; 0; 0; 0; 0; 0; 0; 0; 0; 0; 28; 0; 0; 0; 0; 0; 20; 0; 0; 0; 0; 0; 20; 0; 0; 0; 9999
1967;05; 0; 3; 13; 0; 0; 0; 0; 0; 0; 0; 0; 0; 0; 0; 0; 0; 0; 0; 0; 0; 0; 0; 0; 0; 0; 0; 0; 0; 0; 0; 0
1967;06; 0; 0; 25; 0; 6; 143; 35; 0; 0; 0; 2; 400; 24; 0; 4; 0; 0; 0; 0; 0; 0; 0; 0; 0; 0; 0; 0; 0; 0; 0; 9999
1967;07; 0; 0; 0; 0; 0; 0; 0; 0; 0; 0; 0; 0; 0; 0; 0; 0; 0; 0; 0; 0; 0; 23; 0; 0; 0; 0; 0; 0; 0; 0; 0
1967;08; 0; 0; 0; 0; 0; 0; 0; 0; 0; 0; 0; 0; 0; 0; 0; 0; 0; 0; 0; 0; 0; 0; 0; 0; 0; 0; 0; 0; 0; 0; 0
1967;09; 0; 0; 0; 0; 0; 0; 17; 0; 142; 0; 0; 0; 434; 0; 0; 0; 0; 0; 0; 25; 0; 0; 0; 0; 0; 0; 0; 0; 0; 0; 9999
1967;10; 172; 0; 0; 0; 0; 0; 0; 0; 0; 0; 0; 0; 0; 0; 0; 39; 292; 0; 32; 230; 0; 50; 0; 0; 83; 350; 518; 0; 0; 0; 0
1967;11; 0; 0; 278; 0; 0; 0; 0; 0; 0; 0; 0; 25; 115; 0; 92; 226; 27; 0; 0; 0; 461; 0; 311; 90; 70; 64; 0; 20; 0; 0; 9999
1967;12; 212; 0; 0; 0; 0; 0; 60; 64; 120; 65; 0; 0; 0; 122; 20; 125; 310; 11; 16; 0; 0; 54; 0; 0; 222; 125; 0; 35; 80; 300; 0
1968;01; 0; 140; 80; 0; 0; 0; 0; 0; 10; 275; 40; 360; 0; 230; 175; 0; 310; 0; 168; 0; 300; 240; 120; 0; 0; 0; 0; 0; 0; 0; 0
1968;02; 0; 0; 0; 0; 0; 0; 0; 30; 0; 18; 0; 0; 290; 30; 280; 50; 0; 0; 0; 0; 255; 0; 0; 210; 0; 0; 0; 0; 0; 9999; 9999
1968;03; 0; 0; 0; 0; 0; 47; 215; 190; 0; 0; 82; 130; 0; 4; 0; 55; 0; 0; 0; 0; 0; 0; 0; 0; 0; 0; 0; 1; 0; 0; 0
1968;04; 0; 0; 0; 0; 0; 0; 0; 0; 0; 0; 0; 0; 0; 0; 0; 0; 0; 0; 190; 0; 0; 0; 0; 0; 0; 0; 0; 0; 0; 0; 9999
1968;05; 0; 0; 0; 0; 0; 0; 0; 0; 17; 0; 0; 0; 0; 0; 18; 0; 0; 0; 0; 0; 0; 0; 0; 0; 0; 0; 0; 0; 0; 0; 0
1968;06; 0; 0; 0; 0; 0; 0; 3; 0; 0; 0; 0; 0; 0; 0; 0; 0; 0; 0; 0; 137; 0; 0; 0; 30; 0; 0; 0; 0; 0; 0; 9999
1968;07; 0; 0; 0; 0; 0; 0; 0; 0; 20; 0; 0; 0; 0; 0; 0; 0; 0; 0; 0; 0; 69; 0; 0; 0; 0; 0; 0; 0; 0; 0; 0
1968;08; 0; 0; 0; 0; 0; 0; 23; 141; 43; 0; 0; 0; 0; 0; 0; 0; 0; 0; 0; 0; 0; 0; 0; 0; 0; 0; 0; 0; 0; 130; 0
1968;09; 0; 0; 39; 94; 0; 0; 0; 0; 0; 0; 0; 0; 0; 0; 0; 0; 0; 0; 0; 41; 0; 0; 0; 0; 0; 0; 0; 0; 5; 383; 9999
1968;10; 0; 0; 0; 0; 0; 0; 0; 0; 0; 0; 0; 0; 0; 0; 0; 0; 495; 204; 124; 0; 0; 0; 44; 49; 0; 0; 0; 44; 0; 0; 0
1968;11; 0; 0; 91; 0; 0; 2; 0; 0; 0; 0; 16; 0; 0; 0; 0; 0; 0; 34; 5; 0; 0; 0; 0; 0; 0; 0; 442; 37; 45; 0; 9999
1968;12; 65; 194; 85; 89; 0; 0; 0; 147; 68; 0; 0; 0; 0; 0; 0; 49; 0; 0; 0; 0; 0; 0; 22; 0; 0; 0; 67; 267; 0; 33; 0
1969;01; 0; 0; 0; 0; 0; 0; 92; 71; 0; 0; 93; 0; 25; 0; 34; 0; 43; 0; 0; 15; 0; 159; 41; 409; 15; 0; 0; 65; 0; 0; 0
1969;02; 0; 0; 0; 21; 18; 0; 0; 0; 110; 41; 0; 0; 0; 0; 0; 0; 0; 81; 0; 123; 68; 11; 0; 44; 0; 0; 59; 74; 9999; 9999; 9999
1969;03; 203; 0; 77; 9; 111; 45; 0; 0; 0; 0; 73; 0; 0; 0; 22; 0; 0; 0; 0; 0; 0; 54; 0; 0; 0; 0; 0; 0; 116; 0; 0
1969;04; 0; 136; 0; 76; 164; 41; 0; 0; 30; 0; 0; 43; 0; 52; 0; 0; 0; 0; 0; 0; 0; 0; 0; 0; 0; 0; 0; 0; 97; 0; 9999
1969;05; 0; 0; 0; 0; 0; 0; 0; 0; 0; 0; 0; 0; 0; 0; 0; 0; 0; 0; 0; 0; 0; 0; 0; 0; 0; 0; 0; 0; 0; 0; 157
1969;06; 0; 130; 0; 0; 0; 0; 0; 0; 0; 0; 0; 0; 0; 0; 0; 0; 0; 0; 0; 0; 0; 0; 0; 0; 0; 0; 0; 0; 0; 0; 9999
1969;07; 0; 0; 0; 0; 0; 0; 0; 0; 0; 0; 0; 0; 0; 45; 0; 0; 0; 0; 0; 0; 0; 0; 0; 0; 0; 0; 0; 0; 0; 0; 0
1969;08; 0; 0; 107; 0; 0; 0; 0; 0; 0; 0; 0; 0; 0; 0; 0; 0; 0; 0; 0; 0; 0; 0; 0; 0; 0; 0; 0; 0; 0; 0; 0
1969;09; 0; 0; 0; 0; 25; 0; 0; 0; 0; 0; 0; 0; 0; 0; 0; 0; 0; 0; 0; 0; 51; 0; 0; 0; 0; 0; 0; 0; 0; 404; 9999
1969;10; 273; 2; 18; 215; 306; 0; 62; 0; 0; 65; 0; 0; 0; 0; 0; 0; 0; 0; 0; 46; 0; 0; 100; 0; 0; 0; 6; 0; 0; 118; 30
1969;11; 0; 0; 0; 33; 0; 0; 6; 245; 0; 70; 0; 0; 205; 595; 0; 0; 149; 21; 239; 258; 49; 0; 0; 0; 0; 0; 0; 0; 105; 0; 9999
1969;12; 120; 22; 0; 0; 0; 0; 359; 0; 0; 0; 0; 26; 25; 0; 0; 0; 0; 0; 0; 0; 0; 0; 342; 68; 42; 0; 0; 0; 0; 0; 275
1970;01; 0; 65; 0; 270; 0; 0; 0; 0; 595; 0; 0; 0; 0; 0; 206; 1306; 204; 0; 209; 202; 57; 12; 0; 0; 0; 0; 0; 0; 0; 0; 185
1970;02; 0; 144; 0; 0; 0; 138; 0; 78; 2; 0; 39; 44; 5; 0; 257; 276; 17; 495; 225; 172; 0; 201; 71; 27; 229; 3; 0; 39; 9999; 9999; 9999
1970;03; 6; 0; 0; 0; 36; 0; 0; 0; 0; 256; 2; 32; 322; 352; 0; 0; 121; 2; 0; 52; 0; 0; 0; 1; 0; 181; 0; 0; 0; 0; 0
1970;04; 0; 106; 82; 105; 0; 5; 0; 0; 0; 0; 0; 0; 0; 0; 0; 0; 0; 0; 0; 0; 0; 0; 0; 0; 0; 0; 0; 0; 0; 16; 9999
1970;05; 0; 0; 65; 0; 0; 0; 0; 139; 0; 0; 0; 1; 0; 0; 0; 0; 0; 0; 0; 0; 71; 0; 0; 0; 0; 0; 0; 0; 0; 0; 0
1970;06; 0; 0; 0; 0; 0; 0; 0; 0; 0; 0; 0; 0; 0; 0; 0; 0; 0; 0; 0; 0; 0; 0; 24; 414; 8; 0; 0; 0; 13; 0; 9999
1970;07; 0; 1; 0; 0; 0; 0; 0; 0; 0; 0; 20; 0; 20; 25; 0; 0; 0; 0; 0; 0; 0; 0; 0; 0; 10; 0; 0; 0; 0; 0; 0
1970;08; 0; 0; 0; 0; 0; 0; 0; 0; 0; 0; 0; 0; 0; 0; 0; 0; 0; 0; 0; 0; 0; 0; 0; 0; 0; 51; 295; 162; 30; 0; 155
1970;09; 0; 0; 0; 0; 0; 0; 139; 0; 0; 134; 0; 0; 55; 23; 0; 124; 0; 0; 0; 20; 0; 12; 0; 0; 0; 0; 0; 0; 208; 0; 9999
1970;10; 156; 128; 0; 260; 36; 0; 0; 0; 19; 0; 0; 0; 220; 0; 0; 0; 0; 0; 0; 0; 0; 0; 99; 0; 54; 0; 0; 0; 0; 0; 0
1970;11; 0; 0; 0; 0; 0; 0; 0; 390; 588; 0; 0; 8; 0; 0; 22; 0; 0; 0; 0; 0; 0; 161; 0; 0; 0; 0; 0; 0; 0; 60; 9999
1970;12; 300; 10; 0; 0; 0; 0; 0; 0; 0; 171; 17; 6; 9; 230; 0; 0; 26; 0; 0; 42; 516; 0; 0; 0; 0; 46; 0; 0; 0; 10; 183
1971;01; 0; 208; 0; 17; 115; 1; 78; 0; 0; 110; 0; 0; 0; 174; 0; 0; 0; 0; 0; 0; 0; 255; 0; 0; 0; 0; 0; 0; 10; 0; 0
1971;02; 34; 0; 44; 42; 0; 0; 331; 0; 31; 0; 69; 0; 57; 96; 0; 6; 0; 0; 0; 47; 66; 166; 0; 0; 130; 454; 1; 0; 9999; 9999; 9999
1971;03; 0; 0; 0; 0; 0; 500; 71; 0; 43; 194; 73; 82; 20; 0; 0; 0; 0; 0; 0; 0; 0; 71; 7; 16; 125; 0; 0; 0; 104; 0; 0
1971;04; 19; 73; 0; 0; 0; 0; 0; 0; 0; 139; 0; 0; 0; 0; 0; 0; 0; 0; 0; 0; 0; 746; 177; 71; 0; 0; 0; 0; 0; 0; 9999
1971;05; 0; 0; 363; 7; 148; 0; 0; 0; 74; 0; 0; 0; 0; 0; 0; 0; 0; 0; 0; 0; 0; 0; 0; 0; 0; 138; 2; 0; 0; 0; 0
1971;06; 0; 0; 0; 0; 0; 0; 0; 0; 13; 0; 0; 195; 69; 55; 0; 204; 40; 190; 100; 98; 10; 0; 0; 0; 0; 0; 0; 0; 0; 0; 9999
1971;07; 0; 0; 0; 25; 0; 0; 0; 0; 0; 0; 0; 0; 0; 0; 0; 0; 0; 0; 0; 0; 0; 0; 0; 0; 0; 0; 0; 0; 0; 207; 0
1971;08; 0; 0; 0; 0; 0; 0; 0; 0; 0; 0; 0; 0; 0; 0; 0; 0; 0; 0; 0; 0; 0; 0; 0; 0; 0; 0; 0; 0; 0; 0; 0
1971;09; 0; 0; 46; 0; 0; 0; 42; 0; 0; 0; 0; 227; 0; 0; 0; 0; 0; 0; 0; 0; 0; 0; 0; 31; 190; 5; 0; 0; 76; 0; 9999
1971;10; 126; 0; 0; 0; 0; 0; 175; 151; 0; 0; 170; 367; 0; 0; 0; 66; 0; 0; 0; 0; 0; 0; 0; 0; 236; 90; 0; 0; 159; 0; 0
1971;11; 0; 420; 0; 0; 0; 0; 0; 0; 0; 0; 0; 0; 30; 0; 0; 0; 0; 0; 143; 0; 0; 0; 0; 0; 0; 0; 34; 0; 0; 0; 9999
1971;12; 154; 0; 96; 545; 24; 0; 0; 445; 284; 9; 0; 0; 0; 546; 2; 0; 0; 0; 126; 2; 0; 185; 0; 0; 0; 0; 720; 38; 18; 0; 0
1972;01; 0; 142; 48; 24; 0; 0; 134; 3; 0; 330; 5; 0; 0; 0; 0; 0; 0; 0; 204; 189; 168; 110; 421; 3; 18; 152; 4; 184; 0; 84; 0
1972;02; 398; 0; 95; 231; 81; 0; 177; 0; 271; 0; 194; 6; 0; 191; 111; 71; 19; 0; 169; 600; 196; 0; 255; 243; 159; 0; 0; 110; 0; 9999; 9999
1972;03; 0; 0; 0; 0; 0; 245; 157; 0; 0; 0; 3; 113; 0; 0; 4; 0; 32; 0; 70; 0; 0; 0; 0; 0; 0; 280; 105; 0; 0; 0; 9999
