33
Ano,Mes,1,2,3,4,5,6,7,8,9,10,11,12,13,14,15,16,17,18,19,20,21,22,23,24,25,26,27,28,29,30,31
1942;01; 0; 317; 0; 0; 0; 0; 0; 0; 24; 127; 0; 0; 0; 0; 0; 54; 41; 69; 0; 173; 9; 0; 0; 0; 0; 34; 49; 0; 0; 23; 229
1942;02; 35; 23; 139; 103; 0; 0; 0; 0; 0; 31; 27; 0; 79; 77; 123; 1; 0; 0; 359; 281; 0; 37; 191; 0; 0; 0; 0; 44; 9999; 9999; 9999
1942;03; 244; 59; 69; 83; 850; 83; 0; 166; 0; 232; 9; 71; 31; 177; 28; 0; 0; 0; 0; 0; 0; 115; 0; 0; 29; 0; 0; 27; 0; 0; 0
1942;04; 158; 0; 0; 0; 507; 133; 126; 81; 0; 0; 0; 0; 0; 0; 0; 0; 0; 0; 0; 0; 0; 0; 0; 0; 0; 0; 0; 0; 0; 0; 9999
1942;05; 0; 0; 0; 0; 415; 187; 0; 0; 0; 0; 0; 0; 0; 0; 0; 0; 0; 0; 0; 0; 0; 0; 0; 0; 0; 0; 0; 0; 0; 0; 0
1942;06; 0; 0; 0; 0; 0; 0; 149; 0; 16; 5; 0; 0; 0; 0; 0; 0; 0; 0; 18; 0; 0; 0; 0; 0; 0; 0; 0; 0; 0; 0; 9999
1942;07; 0; 0; 0; 0; 0; 0; 0; 0; 0; 39; 0; 0; 0; 0; 0; 0; 0; 0; 0; 0; 0; 0; 0; 0; 0; 0; 0; 0; 0; 0; 0
1942;08; 0; 0; 0; 0; 0; 0; 0; 0; 0; 0; 0; 0; 0; 0; 0; 0; 0; 0; 0; 0; 0; 0; 0; 0; 0; 0; 0; 0; 0; 0; 0
1942;09; 0; 0; 0; 0; 31; 0; 0; 0; 0; 0; 0; 0; 0; 0; 0; 0; 76; 0; 121; 0; 0; 0; 0; 0; 138; 0; 0; 0; 0; 0; 9999
1942;10; 0; 0; 0; 0; 0; 0; 0; 0; 0; 0; 0; 0; 0; 0; 0; 0; 0; 0; 0; 0; 0; 0; 0; 0; 0; 41; 16; 95; 416; 0; 0
1942;11; 0; 138; 0; 0; 0; 0; 0; 0; 0; 0; 0; 0; 95; 117; 0; 0; 0; 0; 0; 151; 0; 0; 0; 0; 386; 428; 54; 336; 0; 0; 9999
1942;12; 0; 0; 0; 0; 0; 0; 0; 0; 0; 17; 164; 25; 33; 292; 14; 0; 0; 21; 0; 61; 298; 606; 416; 142; 0; 0; 466; 0; 0; 0; 0
1943;01; 0; 14; 0; 165; 82; 54; 35; 414; 0; 21; 0; 0; 0; 0; 212; 0; 0; 67; 609; 59; 0; 41; 32; 0; 168; 32; 102; 0; 0; 337; 76
1943;02; 19; 61; 0; 0; 0; 0; 0; 0; 16; 47; 0; 73; 0; 81; 357; 59; 16; 143; 47; 0; 298; 0; 0; 0; 5; 0; 0; 0; 9999; 9999; 9999
1943;03; 0; 0; 0; 14; 0; 216; 54; 383; 256; 37; 31; 726; 382; 69; 241; 0; 0; 0; 0; 0; 42; 0; 294; 0; 0; 0; 0; 0; 0; 4; 0
1943;04; 0; 0; 0; 0; 0; 0; 0; 0; 0; 0; 0; 0; 0; 27; 116; 97; 148; 0; 0; 0; 0; 0; 0; 0; 0; 0; 0; 0; 0; 0; 9999
1943;05; 0; 85; 0; 0; 0; 0; 0; 0; 0; 12; 0; 0; 0; 0; 0; 0; 0; 0; 0; 0; 0; 0; 0; 0; 0; 0; 0; 0; 0; 0; 0
1943;06; 0; 0; 0; 0; 0; 91; 0; 294; 0; 0; 0; 0; 0; 0; 0; 0; 0; 32; 0; 0; 0; 0; 0; 0; 0; 0; 0; 0; 0; 0; 9999
1943;07; 0; 0; 0; 0; 0; 0; 0; 0; 0; 0; 0; 0; 0; 0; 0; 0; 0; 0; 0; 0; 0; 0; 0; 0; 0; 0; 0; 0; 0; 0; 0
1943;08; 0; 0; 0; 0; 0; 3; 0; 0; 0; 0; 0; 0; 0; 0; 0; 0; 0; 0; 0; 0; 0; 0; 0; 0; 0; 0; 0; 0; 0; 0; 0
1943;09; 0; 0; 0; 0; 0; 0; 0; 0; 0; 0; 18; 71; 9; 148; 0; 0; 0; 0; 145; 47; 0; 2; 0; 176; 208; 0; 0; 0; 0; 0; 9999
1943;10; 0; 0; 1; 142; 12; 0; 0; 0; 0; 0; 176; 623; 0; 179; 13; 0; 0; 0; 0; 0; 0; 0; 63; 0; 1; 0; 112; 201; 0; 0; 0
1943;11; 0; 11; 52; 127; 21; 64; 0; 0; 0; 0; 43; 0; 0; 0; 0; 53; 0; 312; 158; 0; 0; 0; 0; 36; 0; 0; 0; 0; 0; 0; 9999
1943;12; 312; 636; 22; 0; 0; 0; 83; 144; 0; 0; 0; 0; 299; 0; 0; 0; 0; 0; 0; 0; 0; 0; 0; 0; 0; 304; 7; 0; 206; 41; 38
1944;01; 0; 58; 0; 0; 102; 132; 46; 232; 0; 0; 0; 305; 275; 42; 0; 0; 0; 182; 0; 0; 0; 0; 0; 152; 78; 90; 0; 0; 0; 132; 0
1944;02; 0; 0; 532; 12; 0; 0; 0; 0; 0; 0; 0; 0; 0; 0; 149; 202; 166; 242; 73; 24; 0; 69; 0; 4; 0; 24; 47; 146; 0; 9999; 9999
1944;03; 29; 11; 294; 24; 387; 0; 0; 0; 0; 0; 0; 0; 55; 22; 164; 270; 0; 142; 115; 0; 0; 0; 0; 0; 0; 0; 0; 0; 0; 0; 0
1944;04; 237; 0; 0; 0; 0; 0; 0; 0; 0; 0; 0; 0; 0; 0; 202; 0; 498; 0; 0; 0; 507; 0; 0; 0; 0; 0; 0; 0; 0; 0; 9999
1944;05; 0; 0; 0; 0; 0; 0; 0; 0; 0; 0; 0; 0; 0; 0; 0; 0; 0; 0; 0; 0; 0; 0; 0; 0; 0; 0; 0; 0; 0; 0; 0
1944;06; 0; 0; 0; 0; 16; 0; 0; 0; 0; 0; 0; 0; 0; 0; 0; 0; 0; 0; 0; 0; 0; 0; 0; 0; 0; 0; 0; 0; 0; 0; 9999
1944;07; 0; 0; 0; 0; 0; 0; 18; 0; 0; 0; 0; 0; 0; 0; 0; 0; 0; 0; 0; 0; 0; 0; 0; 0; 0; 0; 0; 0; 0; 0; 0
1944;08; 0; 0; 0; 0; 0; 0; 0; 0; 0; 0; 0; 0; 0; 0; 0; 0; 0; 0; 0; 0; 0; 0; 0; 0; 0; 0; 0; 0; 0; 0; 0
1944;09; 0; 0; 8; 0; 0; 0; 32; 0; 0; 0; 0; 0; 0; 0; 0; 0; 0; 0; 0; 0; 0; 0; 0; 0; 0; 0; 1; 0; 0; 0; 9999
1944;10; 0; 0; 0; 0; 0; 0; 0; 0; 0; 7; 0; 0; 361; 0; 0; 10; 0; 0; 0; 1; 0; 0; 0; 3; 252; 63; 7; 72; 23; 0; 0
1944;11; 105; 5; 2; 0; 51; 0; 562; 50; 0; 0; 0; 26; 186; 196; 88; 0; 1; 0; 0; 223; 0; 193; 167; 0; 75; 0; 0; 0; 0; 0; 9999
1944;12; 241; 28; 6; 0; 0; 0; 0; 0; 48; 8; 0; 0; 0; 0; 0; 0; 0; 16; 0; 0; 0; 1; 0; 13; 1; 0; 0; 0; 0; 0; 0
1945;01; 0; 0; 14; 64; 11; 3; 100; 0; 0; 0; 0; 24; 0; 0; 16; 0; 16; 0; 64; 220; 0; 0; 0; 0; 30; 0; 17; 222; 272; 189; 497
1945;02; 101; 3; 0; 0; 116; 66; 58; 0; 1; 227; 269; 25; 0; 0; 445; 1; 200; 134; 2; 430; 9; 0; 0; 0; 0; 0; 254; 71; 9999; 9999; 9999
1945;03; 143; 97; 3; 0; 0; 0; 12; 14; 185; 0; 0; 0; 0; 142; 45; 0; 0; 41; 1; 593; 0; 21; 81; 0; 310; 0; 0; 0; 0; 0; 0
1945;04; 113; 0; 0; 145; 28; 0; 0; 0; 0; 0; 0; 0; 0; 0; 0; 0; 0; 0; 8; 0; 0; 0; 0; 0; 0; 0; 4; 0; 10; 0; 9999
1945;05; 0; 0; 0; 0; 0; 0; 0; 0; 0; 0; 0; 0; 0; 0; 0; 5; 0; 0; 0; 0; 0; 0; 0; 0; 0; 0; 0; 0; 0; 0; 0
1945;06; 0; 0; 0; 1; 12; 5; 0; 0; 0; 0; 0; 0; 0; 0; 0; 0; 0; 0; 266; 0; 0; 0; 0; 19; 0; 0; 0; 0; 0; 0; 9999
1945;07; 0; 0; 0; 180; 10; 62; 0; 0; 0; 0; 0; 0; 0; 0; 0; 0; 0; 0; 0; 0; 0; 0; 0; 0; 0; 0; 0; 0; 0; 0; 0
1945;08; 0; 0; 0; 0; 0; 0; 0; 0; 0; 0; 0; 0; 0; 0; 0; 0; 0; 0; 0; 23; 0; 0; 1; 0; 0; 0; 0; 0; 0; 13; 0
1945;09; 8; 0; 0; 0; 0; 0; 0; 0; 0; 0; 0; 0; 0; 0; 0; 229; 9; 0; 0; 0; 0; 0; 0; 0; 0; 0; 1; 8; 0; 0; 9999
1945;10; 28; 47; 93; 166; 11; 36; 24; 0; 0; 0; 0; 0; 0; 0; 0; 0; 33; 0; 0; 0; 0; 0; 0; 2; 21; 0; 309; 89; 0; 0; 96
1945;11; 62; 41; 0; 2; 180; 0; 0; 312; 16; 0; 192; 177; 219; 0; 0; 0; 38; 0; 0; 8; 494; 0; 0; 27; 28; 1; 195; 6; 0; 0; 9999
1945;12; 0; 0; 0; 0; 200; 1; 0; 0; 0; 61; 45; 214; 156; 49; 18; 228; 421; 0; 0; 0; 0; 0; 0; 0; 40; 19; 169; 104; 92; 0; 0
1946;01; 0; 0; 33; 18; 0; 51; 8; 0; 0; 81; 161; 0; 0; 72; 0; 0; 0; 2; 0; 362; 0; 0; 5; 68; 5; 401; 320; 127; 0; 0; 0
1946;02; 0; 59; 0; 0; 0; 0; 0; 0; 139; 0; 54; 0; 0; 0; 201; 1; 102; 0; 8; 0; 158; 175; 190; 3; 0; 0; 0; 0; 9999; 9999; 9999
1946;03; 82; 44; 115; 3; 84; 104; 0; 22; 851; 385; 372; 290; 0; 157; 36; 5; 0; 0; 0; 137; 0; 0; 0; 21; 0; 0; 0; 0; 0; 0; 144
1946;04; 274; 0; 0; 10; 0; 0; 24; 0; 0; 0; 0; 0; 0; 0; 0; 0; 40; 10; 0; 0; 0; 0; 0; 0; 0; 0; 0; 0; 0; 0; 9999
1946;05; 0; 0; 0; 0; 0; 0; 0; 0; 0; 0; 30; 0; 0; 0; 0; 0; 0; 0; 0; 0; 0; 0; 0; 0; 0; 0; 0; 0; 0; 0; 19
1946;06; 179; 12; 0; 0; 0; 0; 0; 0; 0; 0; 0; 0; 0; 0; 33; 0; 0; 0; 0; 0; 0; 0; 0; 0; 0; 0; 0; 0; 0; 0; 9999
1946;07; 0; 0; 0; 0; 0; 0; 0; 50; 0; 0; 52; 0; 86; 0; 45; 60; 0; 0; 0; 0; 0; 0; 0; 0; 0; 0; 0; 0; 0; 0; 0
1946;08; 0; 0; 0; 0; 0; 0; 0; 0; 0; 0; 0; 0; 0; 0; 0; 0; 0; 0; 0; 0; 0; 0; 0; 0; 0; 0; 0; 0; 0; 0; 0
1946;09; 0; 0; 0; 0; 0; 45; 0; 0; 0; 0; 0; 0; 0; 0; 4; 0; 0; 0; 0; 0; 0; 0; 83; 24; 2; 1; 0; 69; 0; 0; 9999
1946;10; 0; 0; 0; 0; 0; 0; 386; 6; 0; 0; 0; 20; 17; 0; 155; 62; 100; 0; 164; 0; 86; 0; 0; 0; 0; 0; 0; 0; 0; 0; 203
1946;11; 286; 0; 0; 0; 0; 22; 222; 12; 0; 0; 0; 0; 0; 0; 44; 0; 0; 0; 4; 0; 0; 0; 0; 114; 235; 0; 0; 0; 234; 0; 9999
1946;12; 0; 0; 0; 0; 0; 587; 67; 213; 2; 30; 30; 0; 0; 0; 1; 321; 0; 0; 4; 29; 132; 207; 5; 135; 0; 1; 35; 0; 0; 105; 50
1947;01; 313; 168; 3; 102; 0; 0; 0; 109; 24; 13; 0; 2; 31; 336; 12; 92; 271; 0; 0; 2; 0; 20; 25; 310; 1; 12; 23; 22; 0; 12; 0
1947;02; 0; 0; 0; 0; 2; 53; 0; 0; 0; 9; 0; 40; 627; 61; 561; 4; 297; 4; 0; 0; 87; 17; 16; 98; 44; 159; 100; 17; 9999; 9999; 9999
1947;03; 53; 222; 0; 98; 588; 18; 4; 5; 1; 36; 0; 0; 0; 21; 446; 60; 263; 0; 0; 0; 0; 0; 38; 480; 55; 26; 0; 0; 0; 0; 0
1947;04; 0; 0; 0; 0; 0; 0; 0; 0; 0; 0; 0; 0; 0; 0; 0; 0; 0; 0; 0; 0; 0; 0; 0; 0; 0; 0; 0; 0; 0; 1; 9999
1947;05; 0; 5; 361; 0; 0; 0; 0; 0; 0; 0; 1; 0; 0; 0; 0; 0; 0; 0; 94; 0; 0; 0; 8; 0; 0; 0; 0; 0; 0; 0; 0
1947;06; 0; 0; 0; 0; 0; 0; 0; 0; 0; 0; 0; 0; 0; 0; 0; 0; 0; 0; 23; 0; 0; 151; 0; 0; 8; 0; 0; 0; 0; 0; 9999
1947;07; 0; 0; 0; 33; 5; 0; 2; 82; 30; 0; 0; 0; 0; 0; 0; 0; 0; 0; 0; 0; 0; 0; 0; 0; 0; 0; 44; 0; 0; 0; 54
1947;08; 18; 0; 0; 0; 0; 0; 0; 0; 0; 0; 0; 0; 0; 0; 0; 0; 0; 0; 0; 0; 0; 0; 0; 0; 1; 0; 72; 101; 49; 18; 66
1947;09; 0; 0; 12; 6; 0; 0; 0; 198; 132; 54; 18; 0; 0; 0; 0; 0; 99; 161; 0; 0; 0; 0; 33; 37; 40; 0; 0; 0; 0; 0; 9999
1947;10; 0; 0; 0; 110; 0; 0; 0; 168; 208; 0; 0; 0; 0; 2; 22; 0; 0; 0; 0; 0; 0; 73; 933; 0; 0; 0; 0; 0; 0; 0; 25
1947;11; 0; 188; 38; 0; 0; 0; 0; 41; 0; 0; 0; 123; 0; 0; 0; 0; 0; 0; 0; 0; 0; 1; 0; 88; 267; 416; 0; 0; 0; 0; 9999
1947;12; 53; 325; 0; 0; 0; 0; 174; 12; 48; 300; 113; 70; 36; 0; 102; 711; 766; 0; 93; 265; 425; 0; 0; 61; 44; 58; 0; 0; 8; 0; 0
1948;01; 0; 0; 0; 0; 0; 0; 0; 0; 0; 66; 272; 344; 21; 81; 209; 49; 135; 6; 193; 0; 143; 56; 0; 1; 26; 0; 0; 14; 1; 161; 79
1948;02; 42; 71; 195; 0; 177; 123; 34; 144; 178; 338; 34; 0; 60; 634; 180; 16; 3; 0; 60; 702; 12; 0; 1; 0; 0; 35; 132; 81; 79; 9999; 9999
1948;03; 7; 0; 0; 0; 3; 0; 0; 0; 0; 280; 283; 78; 35; 275; 102; 1; 0; 37; 0; 0; 0; 5; 0; 71; 198; 0; 0; 0; 0; 0; 0
1948;04; 0; 0; 0; 0; 0; 0; 0; 1; 0; 0; 0; 0; 0; 0; 0; 0; 0; 0; 0; 0; 0; 0; 0; 0; 0; 0; 0; 0; 0; 0; 9999
1948;05; 0; 0; 0; 0; 0; 0; 0; 0; 0; 0; 0; 0; 0; 0; 0; 0; 44; 0; 257; 0; 21; 0; 0; 0; 0; 0; 0; 211; 1; 0; 0
1948;06; 0; 0; 0; 0; 0; 0; 0; 0; 0; 0; 0; 0; 0; 0; 0; 0; 0; 0; 0; 0; 0; 0; 0; 0; 0; 0; 0; 0; 0; 0; 9999
1948;07; 0; 0; 0; 0; 0; 0; 0; 0; 0; 0; 0; 0; 0; 0; 0; 0; 0; 0; 4; 0; 0; 0; 20; 176; 5; 24; 98; 14; 0; 55; 0
1948;08; 0; 37; 0; 0; 0; 0; 0; 0; 0; 0; 1; 0; 0; 0; 0; 0; 0; 0; 0; 0; 0; 0; 0; 0; 0; 0; 36; 0; 0; 0; 0
1948;09; 0; 0; 0; 0; 0; 0; 0; 0; 0; 0; 25; 0; 0; 0; 0; 0; 0; 0; 0; 0; 0; 0; 0; 0; 0; 1; 55; 0; 0; 0; 9999
1948;10; 0; 0; 0; 346; 7; 67; 0; 0; 0; 0; 0; 93; 0; 67; 0; 0; 0; 0; 0; 0; 0; 0; 0; 0; 0; 11; 70; 216; 0; 0; 0
1948;11; 268; 112; 0; 75; 199; 0; 5; 176; 0; 22; 0; 0; 0; 0; 15; 918; 0; 16; 0; 1; 38; 32; 0; 0; 0; 146; 0; 0; 0; 0; 9999
1948;12; 8; 0; 0; 0; 1; 0; 33; 357; 83; 0; 0; 0; 0; 0; 303; 139; 467; 109; 0; 0; 0; 0; 0; 0; 0; 0; 0; 23; 182; 0; 0
1949;01; 0; 0; 0; 0; 0; 0; 0; 15; 113; 15; 64; 70; 284; 0; 0; 6; 330; 136; 0; 0; 0; 0; 29; 368; 0; 0; 0; 2; 153; 153; 0
1949;02; 0; 11; 67; 18; 60; 25; 155; 132; 0; 0; 0; 0; 2; 0; 4; 28; 0; 0; 73; 240; 22; 4; 153; 0; 4; 2; 0; 311; 9999; 9999; 9999
1949;03; 0; 0; 21; 62; 58; 0; 6; 468; 81; 0; 0; 0; 0; 0; 0; 0; 0; 0; 61; 0; 0; 0; 0; 0; 0; 1; 1; 0; 47; 93; 42
1949;04; 683; 51; 0; 0; 0; 0; 0; 0; 0; 0; 0; 0; 0; 0; 0; 0; 0; 0; 0; 0; 0; 157; 0; 228; 0; 0; 0; 0; 0; 0; 9999
1949;05; 0; 0; 0; 153; 0; 142; 128; 0; 0; 0; 70; 0; 0; 0; 0; 0; 0; 0; 0; 0; 0; 0; 0; 0; 0; 0; 0; 0; 0; 0; 0
1949;06; 0; 0; 0; 0; 0; 0; 0; 0; 0; 10; 0; 0; 0; 45; 53; 0; 0; 0; 0; 0; 0; 0; 0; 0; 0; 0; 0; 0; 0; 0; 9999
1949;07; 0; 0; 0; 0; 0; 0; 0; 0; 0; 0; 0; 0; 0; 0; 0; 0; 0; 0; 0; 0; 0; 0; 0; 0; 0; 0; 0; 0; 0; 0; 0
1949;08; 0; 0; 0; 0; 0; 0; 0; 0; 0; 0; 0; 0; 0; 0; 0; 0; 0; 0; 0; 0; 0; 0; 0; 0; 0; 0; 0; 0; 0; 0; 0
1949;09; 0; 0; 0; 0; 0; 0; 0; 0; 0; 0; 3; 0; 0; 0; 0; 51; 0; 0; 0; 0; 0; 0; 0; 0; 0; 0; 0; 0; 0; 0; 9999
1949;10; 0; 0; 0; 33; 0; 0; 60; 0; 0; 0; 0; 0; 0; 0; 67; 1; 0; 0; 0; 126; 0; 0; 0; 0; 0; 0; 0; 6; 0; 0; 0
1949;11; 0; 0; 0; 0; 43; 1; 0; 1; 347; 41; 0; 0; 0; 0; 0; 0; 0; 0; 8; 181; 416; 163; 0; 59; 0; 0; 0; 0; 7; 28; 9999
1949;12; 91; 782; 78; 0; 0; 0; 41; 186; 238; 0; 0; 198; 0; 142; 186; 381; 22; 0; 0; 0; 0; 49; 190; 76; 6; 140; 0; 0; 0; 0; 0
1950;01; 10; 57; 0; 279; 0; 2; 0; 0; 0; 1; 221; 21; 30; 0; 0; 110; 45; 437; 230; 216; 32; 163; 3; 1146; 304; 351; 25; 3; 35; 0; 2
1950;02; 93; 0; 14; 145; 0; 53; 282; 2; 189; 137; 25; 252; 22; 0; 23; 0; 0; 16; 82; 18; 58; 0; 0; 29; 26; 0; 0; 80; 9999; 9999; 9999
1950;03; 0; 5; 0; 1; 8; 58; 0; 32; 103; 0; 0; 28; 0; 63; 394; 69; 360; 36; 1; 16; 0; 0; 0; 6; 0; 0; 360; 0; 0; 1; 2
1950;04; 0; 28; 0; 0; 0; 0; 0; 0; 0; 0; 0; 0; 80; 0; 33; 0; 1; 95; 25; 0; 0; 0; 0; 0; 0; 0; 24; 0; 0; 0; 9999
1950;05; 0; 0; 1; 0; 0; 10; 0; 0; 0; 0; 0; 0; 0; 0; 0; 0; 0; 0; 0; 0; 0; 0; 0; 0; 0; 0; 0; 0; 0; 0; 0
1950;06; 0; 0; 0; 0; 0; 0; 0; 0; 0; 0; 0; 0; 0; 0; 0; 0; 1; 0; 0; 0; 0; 0; 0; 0; 0; 0; 0; 0; 0; 3; 9999
1950;07; 103; 0; 0; 0; 0; 0; 0; 0; 0; 0; 0; 0; 0; 0; 0; 0; 0; 0; 0; 0; 0; 0; 0; 0; 0; 0; 0; 0; 0; 0; 0
1950;08; 0; 0; 0; 0; 0; 0; 0; 0; 0; 0; 0; 0; 0; 0; 0; 0; 0; 0; 0; 0; 0; 0; 0; 0; 0; 0; 0; 0; 0; 0; 0
1950;09; 0; 0; 0; 0; 0; 0; 0; 0; 0; 0; 0; 0; 0; 0; 0; 0; 0; 0; 0; 0; 0; 0; 0; 0; 0; 0; 0; 0; 0; 0; 9999
1950;10; 3; 0; 0; 0; 509; 0; 0; 186; 0; 19; 0; 163; 0; 0; 0; 0; 21; 158; 83; 99; 0; 0; 0; 0; 1; 0; 0; 0; 91; 0; 0
1950;11; 0; 0; 0; 0; 0; 0; 81; 0; 61; 0; 2; 145; 0; 0; 0; 634; 44; 0; 0; 0; 236; 489; 0; 0; 21; 63; 40; 421; 0; 44; 9999
1950;12; 0; 0; 0; 32; 82; 0; 88; 0; 53; 7; 0; 0; 103; 12; 133; 0; 0; 0; 0; 81; 0; 0; 1; 0; 0; 0; 0; 10; 21; 36; 318
1951;01; 0; 2; 83; 173; 103; 75; 3; 0; 12; 174; 50; 149; 80; 185; 10; 1; 191; 78; 56; 212; 106; 0; 0; 36; 305; 303; 53; 25; 0; 2; 0
1951;02; 0; 185; 755; 0; 15; 8; 254; 135; 0; 77; 0; 0; 2; 33; 33; 150; 0; 11; 38; 57; 25; 152; 0; 0; 7; 0; 0; 169; 9999; 9999; 9999
1951;03; 0; 0; 0; 5; 96; 54; 96; 239; 10; 0; 0; 42; 0; 73; 25; 2; 3; 0; 136; 0; 0; 0; 52; 0; 0; 0; 0; 0; 0; 0; 0
1951;04; 173; 53; 0; 0; 0; 488; 0; 0; 0; 0; 0; 0; 0; 0; 76; 0; 0; 0; 0; 0; 0; 0; 0; 0; 0; 0; 0; 0; 0; 0; 9999
1951;05; 0; 0; 0; 0; 0; 0; 0; 0; 0; 0; 0; 0; 0; 0; 0; 0; 0; 40; 0; 0; 0; 0; 0; 0; 0; 0; 0; 0; 63; 0; 0
1951;06; 0; 0; 0; 0; 0; 75; 0; 0; 0; 0; 0; 0; 0; 0; 0; 0; 0; 0; 0; 0; 0; 0; 0; 0; 0; 0; 1; 78; 0; 0; 9999
1951;07; 0; 0; 0; 0; 0; 0; 0; 0; 0; 0; 0; 0; 0; 0; 0; 0; 0; 0; 0; 0; 0; 0; 0; 0; 0; 0; 0; 0; 0; 0; 0
1951;08; 0; 0; 0; 0; 0; 0; 0; 0; 0; 0; 0; 0; 0; 0; 0; 0; 0; 0; 0; 0; 258; 53; 0; 0; 0; 0; 0; 0; 0; 0; 0
1951;09; 0; 0; 0; 0; 0; 0; 0; 0; 0; 0; 0; 0; 0; 0; 0; 0; 0; 0; 0; 0; 0; 0; 0; 0; 0; 0; 0; 0; 0; 0; 9999
1951;10; 0; 0; 0; 0; 67; 0; 0; 0; 0; 16; 0; 0; 0; 300; 140; 0; 0; 350; 136; 0; 0; 0; 0; 0; 21; 0; 1; 83; 0; 0; 0
1951;11; 170; 0; 0; 0; 0; 0; 0; 0; 0; 0; 0; 0; 0; 0; 0; 0; 0; 0; 90; 0; 28; 0; 22; 328; 154; 0; 15; 73; 30; 0; 9999
1951;12; 0; 147; 0; 0; 0; 534; 212; 1; 0; 56; 0; 0; 0; 0; 0; 0; 0; 0; 0; 0; 132; 0; 29; 0; 0; 0; 0; 140; 101; 0; 285
1952;01; 7; 0; 0; 13; 30; 169; 169; 0; 231; 0; 0; 1; 2; 168; 26; 12; 0; 0; 0; 153; 0; 135; 199; 135; 78; 0; 0; 100; 37; 0; 0
1952;02; 0; 38; 26; 0; 163; 400; 0; 0; 35; 36; 159; 56; 180; 28; 0; 1; 0; 254; 27; 269; 150; 10; 0; 56; 131; 0; 0; 1; 121; 9999; 9999
1952;03; 6; 92; 0; 0; 0; 0; 56; 211; 691; 45; 78; 0; 0; 434; 80; 22; 0; 151; 264; 0; 0; 4; 98; 9; 20; 0; 0; 0; 64; 0; 176
1952;04; 0; 0; 0; 0; 0; 0; 0; 0; 0; 215; 3; 0; 0; 0; 0; 0; 0; 0; 0; 0; 0; 0; 0; 0; 0; 0; 0; 0; 0; 0; 9999
1952;05; 0; 0; 0; 0; 0; 0; 0; 0; 0; 0; 0; 0; 0; 0; 0; 0; 0; 0; 0; 0; 0; 0; 0; 0; 0; 0; 0; 0; 0; 0; 0
1952;06; 0; 0; 0; 0; 0; 0; 0; 1; 129; 54; 25; 0; 0; 0; 0; 39; 152; 15; 0; 0; 0; 0; 0; 0; 0; 0; 0; 0; 0; 0; 9999
1952;07; 0; 0; 0; 0; 0; 0; 0; 0; 0; 0; 0; 0; 0; 0; 0; 0; 0; 0; 0; 0; 0; 0; 0; 0; 0; 0; 0; 0; 0; 0; 0
1952;08; 0; 0; 0; 0; 0; 0; 0; 0; 0; 0; 0; 0; 0; 0; 0; 0; 0; 0; 0; 0; 0; 0; 1; 0; 0; 0; 0; 0; 0; 0; 0
1952;09; 0; 0; 0; 20; 20; 0; 0; 0; 0; 0; 0; 0; 0; 0; 0; 0; 31; 35; 44; 0; 0; 0; 0; 0; 0; 0; 0; 0; 0; 0; 9999
1952;10; 0; 0; 0; 0; 26; 40; 0; 210; 0; 0; 223; 92; 98; 0; 0; 0; 541; 249; 145; 0; 32; 0; 0; 749; 0; 15; 39; 0; 0; 0; 0
1952;11; 26; 1; 0; 0; 0; 0; 169; 93; 0; 125; 0; 1; 0; 0; 0; 0; 181; 8; 133; 38; 0; 0; 0; 0; 0; 0; 101; 11; 0; 180; 9999
1952;12; 0; 0; 0; 0; 23; 0; 0; 0; 0; 0; 88; 39; 0; 0; 0; 0; 0; 0; 3; 33; 0; 0; 0; 0; 0; 121; 0; 0; 0; 0; 537
1953;01; 92; 94; 18; 1; 433; 191; 272; 55; 0; 0; 0; 0; 5; 7; 0; 0; 0; 0; 0; 0; 1; 0; 0; 16; 0; 0; 66; 444; 18; 168; 0
1953;02; 0; 204; 0; 0; 0; 0; 0; 0; 0; 152; 76; 190; 112; 159; 0; 0; 0; 90; 337; 0; 0; 26; 0; 15; 0; 345; 0; 16; 9999; 9999; 9999
1953;03; 252; 0; 0; 0; 0; 0; 0; 0; 0; 0; 0; 7; 22; 0; 70; 30; 12; 0; 0; 29; 529; 46; 9; 16; 44; 0; 0; 215; 69; 0; 0
1953;04; 101; 0; 0; 0; 0; 189; 0; 0; 0; 0; 0; 0; 0; 0; 0; 0; 0; 0; 0; 0; 57; 0; 0; 0; 0; 0; 0; 0; 0; 0; 9999
1953;05; 0; 2; 0; 1; 0; 0; 0; 0; 0; 0; 0; 0; 0; 0; 0; 0; 0; 0; 0; 0; 0; 33; 123; 0; 49; 0; 0; 0; 0; 0; 150
1953;06; 0; 0; 0; 0; 0; 0; 0; 0; 252; 0; 0; 0; 0; 0; 0; 0; 0; 0; 0; 0; 0; 0; 0; 0; 0; 0; 0; 0; 0; 0; 9999
1953;07; 0; 0; 0; 0; 0; 0; 0; 0; 128; 6; 0; 0; 0; 0; 0; 0; 0; 0; 35; 0; 0; 0; 0; 0; 0; 0; 0; 0; 0; 0; 0
1953;08; 0; 0; 0; 0; 0; 0; 0; 0; 0; 0; 0; 0; 0; 0; 0; 0; 0; 0; 0; 0; 0; 0; 145; 0; 0; 0; 0; 0; 0; 0; 0
1953;09; 0; 0; 0; 0; 0; 2; 0; 0; 79; 0; 1; 0; 0; 0; 31; 0; 0; 0; 0; 1; 0; 411; 58; 1; 0; 0; 0; 0; 0; 0; 9999
1953;10; 0; 0; 122; 75; 98; 1; 0; 0; 0; 0; 0; 0; 0; 0; 0; 3; 0; 6; 0; 10; 0; 0; 0; 0; 0; 0; 0; 0; 19; 92; 4
1953;11; 1; 223; 0; 0; 0; 21; 86; 0; 0; 0; 2; 312; 0; 0; 0; 0; 0; 0; 2; 0; 0; 56; 0; 0; 0; 0; 0; 0; 92; 32; 9999
1953;12; 176; 107; 276; 766; 0; 73; 0; 0; 0; 0; 393; 68; 6; 0; 0; 0; 0; 0; 0; 0; 0; 49; 0; 0; 0; 36; 84; 177; 14; 0; 0
1954;01; 0; 114; 205; 716; 242; 0; 0; 0; 13; 0; 0; 0; 0; 0; 0; 0; 0; 502; 0; 0; 4; 180; 0; 0; 0; 0; 0; 0; 0; 0; 56
1954;02; 228; 9; 0; 90; 158; 361; 294; 31; 0; 9; 0; 0; 32; 8; 1; 48; 202; 20; 0; 0; 0; 0; 0; 0; 0; 0; 0; 0; 9999; 9999; 9999
1954;03; 32; 0; 0; 0; 0; 0; 1; 42; 124; 1; 11; 0; 0; 0; 0; 0; 0; 16; 0; 0; 0; 0; 0; 0; 0; 0; 5; 130; 225; 223; 56
1954;04; 0; 0; 0; 0; 0; 0; 0; 0; 0; 0; 0; 0; 0; 0; 0; 0; 0; 0; 0; 0; 0; 0; 0; 0; 0; 0; 59; 0; 40; 0; 9999
1954;05; 0; 0; 0; 0; 0; 788; 0; 392; 222; 126; 0; 33; 152; 0; 0; 0; 112; 89; 0; 28; 285; 0; 0; 0; 0; 0; 0; 0; 0; 0; 0
1954;06; 0; 0; 28; 0; 510; 89; 3; 0; 0; 0; 0; 0; 0; 0; 0; 0; 0; 0; 5; 13; 0; 13; 0; 0; 0; 0; 0; 0; 0; 0; 9999
1954;07; 0; 0; 0; 0; 0; 0; 0; 0; 0; 0; 0; 0; 0; 0; 0; 0; 0; 0; 0; 0; 0; 0; 0; 0; 0; 0; 0; 5; 0; 0; 0
1954;08; 0; 0; 0; 0; 0; 0; 0; 0; 0; 0; 0; 0; 0; 0; 0; 0; 0; 0; 0; 0; 0; 0; 0; 0; 0; 0; 0; 0; 0; 0; 0
1954;09; 0; 0; 0; 0; 0; 0; 0; 0; 0; 0; 0; 0; 0; 0; 0; 0; 0; 0; 81; 0; 0; 0; 0; 0; 0; 1; 206; 15; 15; 0; 9999
1954;10; 0; 0; 0; 0; 0; 0; 0; 0; 41; 0; 0; 0; 0; 0; 10; 0; 0; 106; 0; 14; 19; 0; 0; 0; 0; 86; 0; 58; 0; 0; 0
1954;11; 0; 0; 0; 0; 0; 0; 0; 0; 0; 9; 0; 0; 216; 167; 23; 0; 0; 0; 0; 24; 0; 39; 0; 0; 0; 0; 0; 0; 0; 0; 9999
1954;12; 0; 0; 212; 12; 0; 0; 50; 0; 0; 438; 0; 125; 76; 0; 51; 539; 0; 0; 20; 0; 110; 72; 12; 0; 0; 0; 0; 0; 0; 0; 0
1955;01; 0; 668; 1; 4; 108; 0; 0; 0; 0; 240; 0; 0; 739; 113; 4; 238; 119; 0; 0; 0; 0; 150; 23; 0; 0; 0; 0; 0; 0; 0; 0
1955;02; 2; 64; 0; 0; 0; 0; 0; 0; 14; 0; 0; 41; 130; 0; 0; 0; 0; 0; 0; 163; 2; 0; 0; 0; 0; 0; 146; 0; 9999; 9999; 9999
1955;03; 42; 75; 0; 0; 0; 0; 17; 56; 12; 266; 0; 0; 0; 0; 632; 0; 0; 0; 0; 0; 0; 56; 0; 0; 0; 0; 450; 64; 103; 0; 0
1955;04; 0; 0; 0; 1; 33; 0; 0; 0; 9999; 21; 141; 320; 12; 0; 325; 1; 0; 0; 0; 0; 0; 0; 0; 0; 0; 0; 0; 32; 0; 0; 9999
1955;05; 0; 0; 0; 0; 0; 0; 0; 0; 0; 0; 0; 0; 0; 0; 0; 0; 0; 0; 126; 29; 0; 0; 46; 0; 0; 0; 0; 0; 0; 66; 32
1955;06; 0; 0; 0; 0; 0; 0; 0; 29; 0; 0; 0; 0; 52; 0; 0; 0; 0; 0; 0; 0; 0; 0; 0; 0; 0; 0; 0; 0; 0; 0; 9999
1955;07; 0; 0; 0; 0; 0; 0; 0; 0; 0; 0; 0; 0; 0; 0; 0; 0; 0; 0; 0; 0; 0; 0; 0; 0; 0; 0; 0; 0; 0; 0; 0
1955;08; 0; 0; 0; 0; 0; 0; 0; 0; 0; 0; 0; 0; 0; 0; 0; 0; 0; 0; 0; 0; 0; 0; 0; 0; 0; 28; 11; 8; 3; 0; 0
1955;09; 0; 0; 0; 0; 0; 0; 0; 0; 0; 0; 0; 0; 0; 0; 0; 0; 0; 0; 0; 0; 0; 0; 0; 0; 0; 0; 0; 0; 0; 0; 9999
1955;10; 0; 0; 37; 0; 0; 71; 78; 1; 0; 0; 0; 297; 406; 0; 0; 0; 100; 0; 0; 0; 0; 0; 0; 0; 0; 3; 334; 29; 0; 0; 0
1955;11; 230; 205; 0; 0; 0; 0; 0; 0; 40; 0; 0; 0; 0; 0; 0; 0; 0; 65; 15; 0; 0; 1; 0; 0; 0; 0; 0; 0; 0; 0; 9999
1955;12; 68; 186; 112; 0; 0; 0; 11; 0; 0; 0; 0; 103; 124; 19; 0; 0; 6; 107; 37; 0; 0; 0; 0; 0; 88; 346; 66; 210; 140; 20; 284
1956;01; 14; 319; 46; 0; 0; 0; 0; 0; 68; 0; 0; 0; 0; 0; 0; 0; 48; 92; 0; 0; 0; 0; 0; 0; 0; 66; 83; 0; 0; 0; 0
1956;02; 28; 15; 0; 0; 0; 0; 0; 234; 352; 0; 0; 299; 99; 56; 0; 0; 0; 0; 0; 0; 0; 41; 278; 0; 512; 520; 428; 254; 0; 9999; 9999
1956;03; 242; 0; 0; 0; 0; 0; 0; 0; 0; 58; 0; 0; 0; 0; 0; 0; 0; 0; 0; 0; 0; 0; 60; 33; 68; 0; 0; 0; 0; 0; 101
1956;04; 2; 0; 0; 0; 0; 203; 83; 2; 0; 0; 0; 0; 0; 0; 0; 0; 0; 0; 122; 0; 0; 15; 0; 0; 43; 246; 153; 0; 0; 0; 9999
1956;05; 273; 0; 0; 136; 46; 11; 28; 57; 0; 0; 0; 0; 0; 0; 0; 0; 0; 0; 0; 33; 0; 0; 0; 0; 484; 14; 0; 0; 0; 0; 146
1956;06; 190; 37; 0; 0; 0; 0; 0; 78; 40; 35; 61; 2; 6; 26; 10; 0; 0; 0; 0; 0; 0; 0; 0; 0; 0; 0; 111; 0; 0; 0; 9999
1956;07; 0; 0; 0; 0; 0; 43; 0; 0; 0; 0; 0; 0; 0; 1; 0; 0; 0; 0; 0; 35; 0; 73; 86; 0; 0; 0; 186; 0; 0; 182; 412
1956;08; 1; 18; 202; 0; 0; 0; 1; 0; 0; 0; 0; 0; 0; 0; 0; 0; 0; 0; 0; 0; 0; 0; 0; 0; 0; 0; 0; 0; 0; 0; 0
1956;09; 0; 0; 0; 0; 0; 0; 0; 0; 121; 281; 0; 22; 16; 0; 0; 0; 0; 0; 0; 0; 0; 0; 0; 0; 0; 0; 0; 43; 254; 0; 9999
1956;10; 0; 0; 0; 0; 0; 0; 0; 0; 0; 151; 26; 0; 0; 0; 0; 0; 15; 0; 0; 0; 0; 22; 37; 0; 0; 0; 271; 19; 601; 5; 0
1956;11; 0; 0; 0; 0; 0; 0; 0; 0; 8; 0; 0; 0; 96; 0; 0; 0; 0; 0; 0; 0; 32; 35; 0; 0; 111; 0; 0; 0; 0; 0; 9999
1956;12; 0; 0; 0; 199; 26; 401; 110; 0; 0; 0; 0; 0; 49; 263; 256; 0; 0; 0; 0; 124; 10; 0; 0; 163; 150; 91; 1; 23; 0; 0; 0
1957;01; 251; 0; 0; 0; 0; 0; 0; 0; 59; 76; 195; 0; 137; 0; 80; 140; 234; 87; 0; 0; 0; 51; 0; 33; 354; 220; 0; 263; 32; 760; 1
1957;02; 183; 83; 219; 285; 0; 0; 388; 145; 5; 171; 203; 4; 0; 0; 235; 190; 195; 0; 0; 0; 0; 0; 0; 0; 426; 125; 0; 0; 9999; 9999; 9999
1957;03; 3; 0; 0; 0; 0; 0; 28; 5; 2; 255; 218; 4; 0; 0; 0; 0; 0; 0; 0; 0; 300; 180; 46; 0; 0; 5; 40; 0; 51; 278; 1
1957;04; 80; 146; 0; 0; 42; 114; 0; 0; 0; 57; 19; 0; 0; 0; 0; 13; 0; 0; 0; 0; 0; 0; 0; 0; 0; 0; 228; 0; 0; 178; 9999
1957;05; 257; 0; 0; 0; 0; 0; 23; 0; 0; 148; 0; 0; 0; 8; 0; 78; 0; 0; 0; 0; 0; 0; 0; 0; 0; 0; 0; 0; 0; 0; 0
1957;06; 0; 0; 0; 0; 0; 0; 0; 114; 0; 0; 3; 0; 0; 0; 0; 0; 0; 0; 0; 0; 0; 0; 0; 0; 0; 0; 0; 0; 0; 0; 9999
1957;07; 0; 0; 1; 135; 218; 1; 0; 0; 0; 0; 0; 0; 0; 0; 0; 0; 169; 429; 149; 34; 0; 0; 0; 0; 0; 0; 0; 0; 0; 0; 0
1957;08; 0; 0; 0; 0; 0; 0; 0; 0; 0; 0; 0; 0; 0; 156; 0; 0; 442; 0; 220; 0; 0; 0; 0; 0; 0; 0; 0; 0; 0; 0; 4
1957;09; 0; 0; 54; 254; 0; 0; 0; 161; 296; 0; 0; 0; 34; 54; 0; 22; 14; 0; 0; 0; 5; 86; 304; 61; 2; 0; 0; 0; 0; 0; 9999
1957;10; 0; 0; 0; 0; 0; 0; 0; 0; 0; 0; 0; 0; 20; 0; 0; 0; 0; 0; 0; 0; 0; 0; 32; 0; 0; 74; 108; 5; 0; 134; 0
1957;11; 0; 0; 0; 0; 151; 0; 0; 118; 143; 0; 0; 0; 0; 0; 0; 0; 93; 100; 600; 855; 300; 141; 0; 0; 0; 0; 0; 0; 0; 0; 9999
1957;12; 245; 186; 70; 0; 20; 2; 0; 11; 0; 0; 279; 18; 214; 241; 534; 130; 10; 212; 0; 0; 142; 32; 26; 0; 0; 18; 0; 0; 0; 0; 0
1958;01; 0; 0; 15; 0; 0; 0; 0; 0; 101; 0; 0; 45; 0; 0; 256; 0; 37; 171; 267; 11; 0; 166; 73; 47; 0; 182; 169; 187; 2; 0; 0
1958;02; 0; 0; 0; 32; 33; 60; 132; 75; 0; 0; 0; 0; 0; 0; 0; 0; 0; 34; 90; 12; 71; 32; 0; 0; 52; 17; 256; 564; 9999; 9999; 9999
1958;03; 11; 12; 0; 13; 0; 0; 67; 0; 0; 0; 0; 0; 0; 0; 0; 200; 54; 450; 11; 0; 0; 0; 0; 0; 0; 0; 0; 0; 0; 0; 333
1958;04; 90; 10; 0; 0; 0; 0; 33; 0; 43; 32; 710; 24; 319; 0; 0; 0; 0; 60; 0; 0; 0; 0; 0; 0; 0; 0; 0; 0; 0; 0; 9999
1958;05; 0; 0; 138; 193; 0; 0; 0; 0; 0; 26; 0; 24; 0; 0; 0; 0; 0; 0; 0; 0; 0; 366; 447; 70; 96; 39; 0; 90; 0; 0; 0
1958;06; 0; 0; 0; 0; 0; 0; 0; 0; 0; 0; 0; 0; 13; 425; 150; 0; 0; 0; 0; 0; 0; 0; 0; 0; 0; 0; 0; 0; 0; 0; 9999
1958;07; 0; 0; 0; 0; 0; 0; 0; 0; 0; 0; 71; 0; 0; 0; 0; 72; 2; 1; 0; 0; 0; 0; 0; 22; 2; 0; 0; 0; 0; 0; 0
1958;08; 0; 0; 0; 0; 0; 0; 0; 0; 0; 0; 0; 0; 0; 0; 0; 0; 0; 0; 0; 0; 0; 0; 0; 0; 0; 0; 0; 0; 0; 61; 0
1958;09; 44; 0; 0; 0; 0; 0; 0; 0; 20; 2; 0; 0; 127; 115; 141; 0; 0; 0; 0; 0; 0; 0; 0; 0; 48; 0; 0; 0; 0; 0; 9999
1958;10; 0; 0; 0; 0; 0; 0; 82; 0; 58; 0; 414; 0; 0; 0; 0; 0; 0; 125; 0; 0; 0; 8; 6; 24; 39; 185; 150; 274; 2; 1; 0
1958;11; 0; 0; 0; 64; 72; 0; 0; 0; 0; 188; 0; 0; 10; 16; 0; 0; 0; 109; 10; 0; 0; 0; 0; 0; 137; 0; 14; 0; 0; 12; 9999
1958;12; 4; 0; 0; 0; 0; 0; 0; 85; 58; 0; 36; 21; 0; 390; 76; 227; 27; 0; 224; 14; 0; 254; 0; 0; 18; 0; 0; 23; 0; 0; 0
1959;01; 0; 0; 0; 0; 232; 262; 654; 477; 156; 78; 30; 320; 54; 86; 19; 0; 35; 284; 855; 1; 0; 0; 85; 34; 0; 135; 0; 0; 0; 0; 0
1959;02; 134; 129; 50; 11; 34; 0; 98; 116; 99; 0; 0; 0; 376; 0; 421; 10; 63; 475; 0; 304; 0; 0; 0; 140; 4; 130; 0; 332; 9999; 9999; 9999
1959;03; 2; 0; 0; 0; 200; 0; 0; 78; 109; 130; 4; 0; 23; 315; 0; 0; 0; 15; 180; 110; 79; 125; 25; 17; 200; 0; 0; 0; 26; 0; 10
1959;04; 55; 0; 0; 0; 0; 82; 0; 0; 0; 0; 0; 0; 0; 0; 0; 0; 0; 0; 0; 0; 0; 0; 214; 0; 0; 0; 56; 0; 0; 0; 9999
1959;05; 0; 0; 0; 0; 0; 0; 0; 0; 0; 0; 0; 0; 0; 0; 0; 0; 0; 0; 175; 7; 25; 0; 0; 0; 0; 0; 0; 0; 0; 37; 0
1959;06; 30; 0; 0; 0; 0; 162; 5; 0; 0; 0; 0; 0; 0; 0; 0; 0; 0; 0; 0; 0; 0; 0; 0; 0; 0; 0; 0; 0; 0; 0; 9999
1959;07; 0; 0; 0; 0; 0; 0; 0; 0; 0; 0; 0; 0; 0; 0; 0; 0; 0; 0; 0; 0; 0; 0; 0; 0; 0; 0; 0; 0; 0; 0; 0
1959;08; 155; 0; 0; 0; 0; 0; 25; 14; 71; 5; 0; 50; 96; 0; 2; 0; 0; 0; 0; 0; 0; 0; 0; 0; 0; 0; 0; 0; 0; 0; 0
1959;09; 0; 28; 0; 0; 0; 0; 0; 0; 0; 0; 0; 0; 0; 0; 0; 0; 0; 0; 0; 0; 0; 0; 0; 0; 0; 152; 0; 0; 0; 0; 9999
1959;10; 0; 0; 0; 0; 0; 0; 0; 0; 0; 0; 0; 72; 139; 145; 10; 0; 17; 0; 0; 0; 192; 44; 0; 0; 0; 0; 0; 0; 6; 0; 0
1959;11; 32; 0; 0; 0; 0; 0; 0; 187; 0; 0; 183; 0; 78; 0; 0; 0; 0; 0; 24; 89; 0; 0; 0; 117; 3; 100; 19; 0; 1; 0; 9999
1959;12; 0; 0; 0; 225; 81; 300; 0; 84; 93; 192; 0; 0; 0; 80; 0; 0; 0; 60; 0; 0; 0; 30; 0; 6; 0; 3; 0; 0; 0; 0; 0
1960;01; 0; 0; 0; 0; 0; 0; 51; 86; 106; 167; 110; 125; 15; 0; 8; 47; 0; 69; 173; 300; 183; 241; 337; 644; 15; 16; 0; 0; 39; 0; 18
1960;02; 0; 500; 20; 22; 0; 0; 0; 480; 0; 120; 0; 0; 0; 0; 0; 55; 57; 0; 0; 23; 349; 150; 132; 49; 17; 46; 15; 144; 294; 9999; 9999
1960;03; 135; 241; 0; 0; 0; 0; 0; 0; 0; 0; 0; 0; 0; 90; 0; 0; 0; 0; 0; 60; 26; 266; 83; 0; 0; 0; 0; 0; 0; 0; 111
1960;04; 97; 5; 0; 0; 2; 14; 0; 1; 6; 0; 40; 0; 0; 0; 0; 0; 0; 0; 28; 60; 0; 0; 0; 0; 0; 0; 0; 0; 19; 65; 9999
1960;05; 0; 0; 0; 0; 0; 0; 0; 0; 0; 29; 0; 0; 0; 0; 8; 117; 0; 0; 0; 0; 85; 1; 0; 0; 0; 0; 0; 0; 0; 0; 0
1960;06; 0; 0; 0; 0; 0; 0; 0; 0; 0; 0; 0; 0; 0; 0; 144; 15; 0; 0; 0; 0; 0; 0; 182; 0; 0; 0; 165; 0; 0; 0; 9999
1960;07; 0; 0; 0; 0; 0; 0; 0; 0; 0; 0; 0; 0; 0; 0; 0; 0; 0; 0; 0; 0; 0; 0; 0; 0; 0; 0; 0; 0; 0; 0; 0
1960;08; 0; 0; 0; 0; 0; 0; 0; 0; 0; 0; 0; 0; 0; 0; 0; 146; 13; 0; 11; 0; 0; 0; 0; 0; 0; 0; 0; 0; 0; 0; 0
1960;09; 0; 17; 0; 0; 0; 0; 0; 0; 0; 0; 0; 0; 0; 0; 0; 0; 0; 0; 0; 0; 0; 0; 0; 0; 0; 0; 0; 0; 0; 0; 9999
1960;10; 140; 295; 0; 0; 0; 0; 0; 0; 0; 0; 0; 0; 0; 22; 0; 0; 142; 6; 0; 632; 176; 0; 0; 0; 15; 15; 116; 0; 0; 0; 25
1960;11; 49; 0; 0; 0; 157; 62; 0; 128; 0; 179; 89; 46; 238; 203; 47; 0; 0; 0; 0; 392; 585; 0; 0; 0; 0; 536; 5; 30; 0; 0; 9999
1960;12; 0; 0; 0; 0; 0; 0; 108; 0; 0; 0; 0; 0; 66; 0; 0; 128; 0; 226; 227; 5; 86; 232; 46; 0; 0; 9; 0; 0; 0; 74; 0
1961;01; 171; 110; 126; 87; 163; 0; 370; 296; 49; 64; 235; 439; 37; 36; 16; 0; 0; 101; 0; 20; 128; 16; 0; 0; 6; 0; 0; 16; 0; 235; 0
1961;02; 0; 0; 12; 0; 355; 6; 0; 0; 0; 519; 128; 0; 186; 574; 0; 0; 459; 6; 8; 0; 103; 125; 94; 294; 74; 0; 0; 35; 9999; 9999; 9999
1961;03; 0; 1; 0; 0; 0; 196; 331; 16; 106; 0; 0; 0; 0; 14; 78; 23; 0; 44; 9; 66; 16; 0; 0; 0; 0; 0; 4; 0; 0; 0; 0
1961;04; 0; 0; 0; 21; 428; 75; 31; 0; 0; 0; 0; 0; 0; 0; 0; 0; 0; 0; 0; 25; 11; 160; 0; 0; 0; 27; 38; 0; 0; 0; 9999
1961;05; 0; 0; 231; 47; 456; 0; 0; 0; 0; 0; 0; 0; 0; 0; 0; 0; 0; 0; 0; 0; 0; 0; 12; 0; 0; 0; 0; 0; 0; 0; 0
1961;06; 0; 0; 0; 0; 0; 0; 0; 0; 0; 0; 0; 0; 0; 0; 0; 0; 0; 0; 0; 0; 0; 0; 0; 0; 0; 0; 0; 0; 0; 0; 9999
1961;07; 0; 0; 0; 0; 0; 0; 0; 0; 0; 0; 0; 0; 0; 0; 0; 0; 0; 0; 0; 0; 0; 0; 0; 0; 0; 0; 0; 0; 0; 0; 0
1961;08; 0; 0; 0; 0; 0; 0; 0; 0; 0; 0; 0; 0; 0; 0; 0; 0; 0; 0; 0; 0; 0; 0; 0; 0; 0; 40; 50; 0; 0; 0; 0
1961;09; 0; 0; 0; 0; 0; 0; 0; 0; 0; 0; 0; 0; 0; 0; 0; 0; 0; 0; 0; 0; 0; 0; 0; 0; 0; 23; 0; 0; 0; 0; 9999
1961;10; 0; 0; 0; 0; 0; 0; 0; 0; 0; 0; 34; 20; 28; 0; 0; 188; 0; 0; 0; 61; 0; 0; 0; 0; 0; 15; 141; 15; 6; 70; 148
1961;11; 1; 249; 0; 114; 152; 0; 0; 0; 0; 0; 236; 78; 3; 15; 71; 0; 0; 0; 0; 8; 24; 29; 65; 66; 228; 0; 0; 0; 0; 0; 9999
1961;12; 0; 219; 29; 0; 0; 0; 0; 200; 27; 0; 0; 0; 45; 76; 15; 236; 30; 183; 170; 54; 0; 0; 0; 421; 99; 110; 77; 94; 33; 0; 0
1962;01; 0; 0; 0; 87; 0; 0; 40; 33; 134; 262; 0; 0; 0; 0; 15; 452; 115; 23; 125; 146; 126; 123; 5; 64; 35; 0; 195; 0; 0; 0; 0
1962;02; 0; 0; 0; 0; 290; 43; 375; 0; 360; 66; 11; 3; 0; 0; 0; 0; 0; 0; 39; 207; 58; 43; 163; 195; 294; 0; 0; 0; 9999; 9999; 9999
1962;03; 52; 0; 218; 0; 144; 0; 0; 0; 0; 24; 193; 32; 1000; 167; 195; 339; 3; 95; 38; 0; 0; 0; 0; 0; 327; 0; 0; 0; 0; 0; 0
1962;04; 0; 0; 0; 14; 0; 0; 0; 0; 0; 150; 0; 0; 0; 0; 0; 61; 0; 0; 0; 0; 0; 0; 0; 0; 0; 0; 0; 0; 16; 89; 9999
1962;05; 0; 0; 11; 0; 0; 0; 0; 0; 0; 0; 0; 0; 0; 0; 0; 0; 0; 0; 0; 0; 0; 0; 0; 0; 0; 0; 0; 0; 9; 99; 0
1962;06; 0; 0; 255; 164; 0; 84; 193; 200; 0; 0; 0; 0; 0; 0; 0; 0; 0; 0; 0; 0; 0; 0; 0; 0; 0; 0; 0; 0; 0; 0; 9999
1962;07; 0; 0; 0; 0; 0; 0; 0; 0; 0; 0; 0; 0; 0; 0; 0; 0; 0; 0; 0; 41; 0; 0; 0; 5; 1; 0; 0; 0; 0; 0; 0
1962;08; 0; 0; 0; 0; 0; 0; 0; 0; 0; 0; 0; 30; 0; 0; 0; 0; 17; 0; 0; 0; 0; 0; 169; 9; 0; 0; 0; 0; 0; 0; 0
1962;09; 0; 0; 25; 0; 88; 5; 0; 0; 0; 0; 0; 0; 0; 0; 0; 0; 0; 0; 0; 0; 0; 0; 64; 9; 0; 0; 0; 0; 11; 37; 9999
1962;10; 0; 317; 143; 255; 72; 0; 0; 0; 24; 46; 134; 128; 2; 0; 0; 0; 0; 200; 166; 78; 0; 0; 0; 29; 0; 0; 0; 0; 26; 300; 218
1962;11; 0; 0; 0; 0; 0; 0; 0; 103; 31; 0; 0; 0; 0; 0; 0; 0; 0; 19; 0; 17; 85; 4; 0; 0; 0; 0; 0; 0; 52; 0; 9999
1962;12; 0; 0; 0; 174; 0; 98; 0; 116; 213; 394; 0; 89; 44; 0; 0; 279; 87; 3; 32; 36; 102; 30; 307; 39; 0; 0; 59; 40; 134; 200; 163
1963;01; 595; 490; 25; 0; 0; 0; 0; 65; 385; 0; 2; 80; 0; 0; 3; 377; 36; 329; 200; 0; 0; 0; 55; 19; 40; 22; 70; 19; 0; 44; 34
1963;02; 39; 28; 0; 113; 11; 8; 116; 50; 0; 81; 0; 0; 25; 0; 0; 4; 5; 65; 234; 0; 0; 137; 0; 290; 75; 0; 0; 0; 9999; 9999; 9999
1963;03; 0; 0; 0; 222; 0; 0; 0; 0; 0; 0; 0; 0; 0; 0; 0; 0; 0; 0; 0; 260; 7; 0; 0; 110; 74; 8; 0; 76; 0; 8; 0
1963;04; 0; 0; 0; 0; 0; 0; 99; 0; 0; 0; 0; 0; 0; 0; 0; 229; 9; 0; 0; 0; 0; 0; 0; 0; 0; 0; 0; 0; 0; 0; 9999
1963;05; 0; 0; 0; 0; 0; 0; 0; 0; 0; 0; 0; 0; 0; 0; 0; 0; 0; 6; 0; 0; 0; 0; 0; 0; 0; 0; 0; 0; 0; 0; 0
1963;06; 0; 0; 0; 0; 0; 0; 0; 0; 0; 0; 0; 0; 0; 0; 0; 0; 0; 0; 0; 0; 0; 0; 0; 0; 0; 0; 0; 0; 0; 0; 9999
1963;07; 0; 0; 0; 0; 0; 0; 0; 0; 0; 0; 0; 0; 0; 0; 0; 0; 0; 0; 0; 0; 0; 0; 0; 0; 0; 0; 0; 0; 0; 0; 0
1963;08; 0; 0; 0; 0; 0; 0; 0; 0; 0; 0; 0; 0; 0; 0; 0; 0; 0; 57; 0; 0; 0; 0; 0; 0; 0; 0; 0; 0; 0; 0; 0
1963;09; 0; 0; 0; 0; 0; 0; 0; 0; 0; 0; 0; 0; 0; 0; 0; 0; 0; 0; 0; 0; 0; 49; 0; 0; 0; 0; 0; 0; 0; 0; 9999
1963;10; 0; 0; 0; 0; 0; 35; 0; 0; 0; 0; 0; 0; 8; 0; 0; 0; 0; 8; 180; 0; 0; 19; 132; 0; 0; 0; 0; 6; 0; 0; 0
1963;11; 0; 650; 0; 0; 0; 0; 0; 0; 40; 0; 21; 0; 0; 27; 63; 60; 49; 298; 2; 21; 10; 0; 0; 0; 0; 0; 0; 0; 0; 70; 9999
1963;12; 0; 89; 0; 179; 75; 39; 0; 0; 0; 3; 16; 0; 0; 230; 0; 0; 0; 0; 0; 25; 0; 0; 0; 0; 0; 0; 0; 0; 0; 25; 180
1964;01; 115; 0; 42; 0; 0; 0; 0; 100; 0; 50; 0; 78; 21; 0; 0; 0; 0; 96; 0; 117; 0; 52; 357; 71; 105; 234; 10; 0; 0; 0; 0
1964;02; 0; 0; 25; 0; 0; 0; 2; 285; 0; 21; 0; 200; 98; 13; 283; 357; 234; 130; 685; 2; 44; 0; 0; 30; 0; 0; 0; 0; 0; 9999; 9999
1964;03; 0; 19; 5; 0; 0; 6; 0; 0; 0; 0; 0; 0; 0; 0; 32; 187; 0; 0; 0; 0; 0; 0; 0; 0; 0; 0; 0; 435; 20; 6; 0
1964;04; 0; 339; 0; 0; 0; 0; 0; 0; 0; 0; 0; 0; 0; 0; 0; 0; 7; 0; 0; 0; 0; 0; 0; 0; 0; 0; 0; 0; 0; 0; 9999
1964;05; 236; 0; 0; 0; 34; 59; 0; 0; 0; 0; 0; 0; 0; 43; 0; 0; 0; 0; 0; 0; 6; 0; 0; 0; 0; 0; 0; 0; 0; 0; 0
1964;06; 0; 0; 0; 0; 0; 0; 0; 0; 0; 0; 0; 0; 0; 158; 6; 0; 0; 0; 0; 0; 0; 0; 0; 0; 60; 0; 11; 0; 0; 0; 9999
1964;07; 0; 33; 35; 35; 0; 0; 0; 0; 0; 0; 0; 0; 0; 0; 0; 0; 74; 0; 0; 37; 0; 0; 0; 0; 176; 36; 0; 0; 0; 0; 0
1964;08; 0; 0; 0; 0; 0; 0; 0; 0; 0; 0; 0; 0; 0; 0; 0; 0; 0; 0; 0; 22; 33; 0; 0; 0; 0; 0; 0; 0; 0; 0; 0
1964;09; 0; 0; 0; 0; 0; 0; 0; 0; 0; 0; 0; 0; 0; 0; 0; 0; 0; 0; 0; 0; 0; 0; 0; 45; 205; 538; 130; 200; 0; 0; 9999
1964;10; 124; 0; 15; 7; 0; 0; 325; 37; 0; 0; 0; 0; 0; 0; 0; 0; 0; 0; 0; 230; 143; 0; 0; 0; 0; 0; 241; 0; 0; 124; 34
1964;11; 0; 0; 0; 0; 0; 660; 8; 0; 0; 0; 0; 0; 0; 0; 51; 2; 0; 0; 238; 7; 121; 55; 0; 0; 0; 0; 0; 0; 0; 0; 9999
1964;12; 118; 242; 192; 270; 0; 0; 0; 0; 115; 0; 480; 265; 37; 136; 34; 19; 181; 155; 12; 0; 0; 260; 578; 364; 16; 131; 0; 0; 350; 56; 0
1965;01; 0; 0; 62; 480; 260; 0; 0; 0; 0; 0; 210; 0; 0; 0; 370; 31; 0; 297; 37; 0; 0; 10; 0; 0; 5; 0; 10; 160; 87; 242; 0
1965;02; 235; 146; 66; 0; 266; 190; 63; 0; 0; 0; 114; 0; 190; 29; 37; 0; 340; 0; 44; 58; 0; 200; 342; 377; 7; 7; 365; 379; 9999; 9999; 9999
1965;03; 147; 340; 0; 16; 0; 0; 24; 3; 115; 200; 0; 0; 0; 0; 11; 336; 6; 64; 48; 0; 0; 0; 520; 73; 0; 350; 24; 0; 0; 0; 0
1965;04; 0; 0; 0; 0; 0; 0; 0; 0; 28; 197; 0; 0; 0; 0; 0; 0; 0; 0; 138; 3; 0; 0; 0; 0; 0; 0; 0; 0; 129; 22; 9999
1965;05; 0; 0; 0; 0; 0; 0; 0; 0; 0; 0; 0; 75; 79; 31; 100; 18; 0; 0; 0; 0; 0; 0; 0; 0; 0; 0; 0; 0; 0; 0; 0
1965;06; 0; 0; 0; 0; 0; 0; 0; 0; 21; 0; 0; 5; 12; 0; 81; 0; 6; 0; 0; 0; 0; 0; 0; 23; 0; 0; 99; 0; 0; 0; 9999
1965;07; 0; 0; 0; 0; 489; 8; 68; 0; 22; 26; 23; 0; 0; 0; 0; 0; 0; 0; 0; 0; 0; 0; 0; 0; 0; 0; 0; 0; 0; 0; 87
1965;08; 5; 0; 0; 0; 9; 0; 0; 0; 0; 0; 0; 0; 0; 0; 0; 40; 0; 0; 0; 0; 0; 0; 0; 0; 0; 0; 0; 0; 0; 0; 0
1965;09; 0; 0; 0; 0; 0; 0; 0; 0; 0; 0; 0; 0; 0; 0; 0; 0; 0; 0; 0; 0; 0; 0; 0; 0; 0; 487; 415; 3; 185; 268; 9999
1965;10; 0; 142; 0; 0; 0; 0; 0; 180; 0; 0; 80; 0; 0; 0; 246; 0; 0; 0; 96; 133; 152; 115; 0; 0; 0; 251; 0; 122; 103; 100; 0
1965;11; 0; 0; 0; 0; 0; 21; 148; 0; 51; 0; 0; 0; 150; 88; 415; 0; 0; 0; 0; 183; 0; 0; 0; 0; 0; 5; 54; 14; 400; 265; 9999
1965;12; 126; 0; 503; 48; 0; 69; 458; 373; 391; 59; 39; 475; 65; 0; 122; 275; 0; 43; 0; 0; 0; 23; 0; 5; 0; 0; 226; 5; 53; 20; 0
1966;01; 124; 77; 215; 52; 0; 263; 39; 62; 882; 243; 1; 0; 0; 2; 0; 0; 0; 0; 0; 0; 0; 0; 0; 0; 0; 1; 194; 161; 78; 356; 0
1966;02; 203; 1; 14; 1; 13; 36; 334; 213; 3; 0; 25; 19; 213; 10; 0; 0; 0; 0; 0; 0; 0; 78; 0; 213; 0; 29; 0; 46; 9999; 9999; 9999
1966;03; 0; 0; 0; 130; 59; 49; 441; 29; 0; 0; 0; 0; 0; 0; 0; 0; 0; 0; 0; 0; 0; 13; 0; 0; 0; 26; 25; 0; 0; 0; 0
1966;04; 47; 4; 27; 0; 0; 274; 0; 0; 0; 0; 0; 0; 0; 0; 0; 0; 0; 0; 0; 0; 0; 0; 0; 0; 0; 244; 19; 0; 0; 0; 9999
1966;05; 0; 0; 50; 0; 0; 89; 78; 0; 0; 0; 150; 44; 0; 0; 0; 0; 0; 0; 0; 0; 26; 6; 196; 0; 0; 0; 0; 0; 0; 0; 0
1966;06; 0; 0; 0; 0; 0; 0; 0; 0; 0; 0; 0; 0; 0; 0; 0; 0; 0; 0; 0; 0; 0; 0; 0; 0; 0; 0; 0; 0; 0; 0; 9999
1966;07; 0; 0; 0; 0; 0; 0; 0; 0; 0; 0; 0; 0; 0; 0; 0; 0; 0; 0; 0; 0; 0; 0; 0; 0; 0; 0; 0; 0; 0; 0; 8
1966;08; 138; 16; 0; 0; 0; 0; 0; 0; 0; 0; 0; 0; 0; 0; 0; 0; 0; 0; 0; 0; 0; 0; 0; 0; 0; 0; 0; 26; 0; 42; 0
1966;09; 183; 49; 0; 0; 0; 0; 0; 0; 0; 0; 0; 0; 0; 0; 0; 0; 0; 0; 0; 0; 0; 0; 0; 0; 0; 0; 6; 98; 146; 30; 9999
1966;10; 0; 0; 0; 0; 0; 0; 0; 37; 253; 0; 0; 0; 13; 0; 0; 0; 0; 0; 163; 0; 0; 0; 350; 14; 0; 0; 0; 588; 36; 78; 67
1966;11; 12; 230; 5; 0; 0; 0; 0; 0; 11; 4; 54; 52; 113; 334; 8; 503; 36; 13; 0; 0; 0; 0; 0; 0; 0; 0; 0; 8; 0; 0; 9999
1966;12; 0; 0; 3; 0; 0; 0; 0; 111; 0; 0; 0; 63; 0; 0; 32; 581; 38; 190; 233; 120; 100; 65; 529; 34; 0; 0; 1; 110; 0; 0; 0
1967;01; 0; 0; 27; 1; 64; 0; 0; 0; 12; 54; 777; 72; 20; 97; 13; 154; 52; 73; 187; 47; 0; 9; 0; 69; 35; 72; 198; 0; 0; 13; 171
1967;02; 79; 22; 108; 0; 335; 222; 22; 0; 256; 39; 88; 144; 31; 42; 0; 34; 6; 15; 153; 1; 21; 23; 8; 0; 6; 0; 0; 0; 9999; 9999; 9999
1967;03; 29; 88; 16; 0; 0; 45; 73; 30; 98; 250; 7; 9; 13; 78; 235; 0; 0; 0; 183; 0; 0; 0; 0; 219; 46; 89; 434; 9; 319; 0; 0
1967;04; 0; 0; 0; 0; 0; 0; 0; 0; 0; 0; 0; 0; 0; 0; 0; 45; 0; 0; 0; 0; 8; 0; 0; 0; 0; 0; 0; 245; 0; 0; 9999
1967;05; 0; 0; 0; 0; 0; 0; 0; 0; 0; 0; 0; 0; 0; 0; 0; 0; 0; 0; 0; 0; 0; 0; 0; 0; 0; 0; 0; 0; 0; 0; 0
1967;06; 0; 0; 0; 0; 0; 0; 242; 173; 6; 5; 0; 135; 144; 61; 0; 0; 0; 0; 0; 0; 0; 0; 0; 0; 0; 0; 0; 0; 0; 0; 9999
1967;07; 0; 0; 0; 0; 0; 0; 0; 0; 0; 0; 0; 0; 0; 0; 0; 0; 0; 0; 0; 0; 0; 0; 56; 0; 0; 0; 0; 0; 0; 0; 0
1967;08; 0; 0; 0; 0; 0; 0; 0; 0; 0; 0; 0; 0; 0; 0; 0; 14; 0; 0; 0; 0; 0; 0; 0; 0; 0; 0; 0; 0; 0; 0; 0
1967;09; 0; 0; 0; 0; 0; 0; 0; 64; 3; 0; 0; 0; 299; 178; 0; 0; 0; 0; 0; 6; 0; 0; 0; 0; 0; 0; 0; 0; 0; 0; 9999
1967;10; 0; 0; 0; 0; 0; 0; 0; 0; 0; 0; 0; 78; 0; 16; 0; 0; 0; 0; 30; 97; 29; 0; 0; 116; 126; 452; 208; 16; 0; 0; 0
1967;11; 0; 0; 10; 549; 0; 0; 0; 0; 0; 0; 0; 0; 0; 18; 40; 22; 225; 0; 0; 0; 0; 0; 441; 315; 21; 230; 556; 0; 12; 0; 9999
1967;12; 106; 145; 0; 0; 9; 0; 56; 194; 0; 0; 72; 1; 0; 0; 116; 14; 3; 66; 28; 4; 26; 196; 196; 0; 150; 53; 119; 37; 258; 40; 24
1968;01; 0; 15; 35; 0; 20; 0; 0; 0; 0; 0; 255; 168; 6; 4; 109; 140; 12; 10; 75; 2; 0; 4; 195; 0; 4; 0; 0; 0; 0; 0; 0
1968;02; 0; 16; 0; 0; 0; 0; 114; 0; 5; 0; 0; 6; 0; 233; 128; 264; 73; 134; 0; 0; 0; 99; 0; 354; 123; 0; 0; 0; 0; 9999; 9999
1968;03; 0; 0; 0; 0; 135; 99; 80; 455; 0; 13; 0; 376; 33; 0; 0; 246; 3; 0; 0; 0; 0; 0; 116; 0; 0; 0; 0; 0; 0; 0; 0
1968;04; 0; 0; 0; 0; 0; 0; 0; 0; 0; 0; 0; 0; 0; 0; 0; 0; 0; 0; 0; 269; 15; 0; 0; 0; 0; 0; 0; 0; 0; 0; 9999
1968;05; 0; 0; 0; 0; 0; 0; 0; 0; 0; 5; 0; 0; 0; 0; 8; 5; 6; 0; 0; 0; 0; 0; 0; 0; 0; 0; 0; 0; 0; 0; 0
1968;06; 0; 0; 0; 0; 0; 0; 0; 10; 0; 0; 0; 0; 0; 0; 0; 0; 0; 0; 0; 0; 38; 0; 0; 0; 0; 8; 0; 0; 0; 0; 9999
1968;07; 0; 0; 0; 0; 0; 0; 0; 0; 0; 124; 0; 0; 0; 0; 0; 0; 0; 0; 0; 0; 0; 0; 0; 0; 0; 0; 0; 0; 0; 0; 0
1968;08; 0; 0; 0; 0; 6; 0; 0; 92; 191; 64; 3; 0; 0; 0; 0; 0; 0; 0; 0; 0; 0; 0; 0; 0; 0; 0; 0; 0; 0; 0; 129
1968;09; 0; 0; 0; 145; 0; 0; 0; 0; 0; 0; 0; 0; 0; 0; 0; 0; 0; 0; 0; 0; 69; 0; 0; 0; 0; 0; 0; 0; 6; 0; 9999
1968;10; 0; 0; 0; 0; 0; 0; 0; 0; 0; 0; 0; 0; 0; 0; 0; 0; 294; 221; 183; 0; 0; 0; 0; 86; 0; 0; 35; 46; 0; 0; 0
1968;11; 0; 0; 0; 0; 0; 0; 0; 0; 0; 0; 153; 0; 0; 0; 0; 0; 28; 98; 3; 0; 0; 0; 0; 0; 0; 0; 553; 30; 99; 0; 9999
1968;12; 30; 328; 281; 123; 20; 0; 124; 98; 0; 0; 0; 0; 0; 0; 0; 53; 0; 0; 0; 14; 13; 0; 0; 0; 78; 0; 39; 484; 152; 0; 0
1969;01; 0; 0; 0; 0; 2; 0; 78; 21; 0; 0; 185; 0; 34; 0; 0; 15; 87; 153; 5; 0; 0; 3; 289; 22; 0; 0; 0; 0; 1; 0; 0
1969;02; 0; 0; 95; 0; 0; 155; 0; 284; 41; 105; 0; 0; 0; 78; 261; 79; 0; 0; 0; 58; 189; 0; 0; 0; 22; 0; 0; 3; 9999; 9999; 9999
1969;03; 160; 0; 78; 12; 88; 0; 0; 0; 0; 0; 0; 0; 0; 31; 5; 0; 0; 0; 0; 0; 0; 386; 0; 0; 0; 0; 0; 0; 0; 35; 0
1969;04; 0; 100; 0; 0; 199; 57; 0; 0; 4; 0; 0; 285; 4; 0; 0; 0; 0; 0; 0; 0; 0; 0; 0; 0; 0; 0; 0; 0; 28; 0; 9999
1969;05; 0; 0; 12; 68; 0; 0; 0; 0; 0; 0; 0; 0; 0; 0; 0; 0; 0; 0; 0; 0; 0; 0; 0; 0; 0; 0; 0; 0; 0; 34; 0
1969;06; 0; 18; 111; 0; 0; 0; 0; 0; 0; 0; 0; 0; 0; 0; 0; 0; 0; 0; 0; 0; 14; 98; 0; 0; 1; 0; 0; 0; 0; 0; 9999
1969;07; 0; 0; 0; 0; 0; 0; 0; 0; 0; 0; 0; 0; 63; 0; 0; 0; 0; 0; 0; 0; 0; 0; 0; 0; 0; 0; 0; 0; 0; 0; 0
1969;08; 0; 0; 5; 0; 0; 0; 0; 0; 0; 0; 0; 0; 0; 0; 0; 0; 0; 0; 0; 0; 0; 0; 0; 0; 0; 0; 0; 0; 0; 0; 0
1969;09; 0; 0; 0; 0; 0; 0; 0; 0; 0; 0; 0; 0; 0; 0; 0; 0; 0; 0; 0; 13; 53; 0; 0; 0; 0; 0; 0; 0; 0; 229; 9999
1969;10; 286; 4; 15; 351; 85; 0; 87; 0; 0; 0; 0; 0; 0; 0; 0; 0; 28; 11; 24; 239; 0; 0; 260; 0; 0; 0; 0; 0; 0; 0; 896
1969;11; 0; 0; 225; 0; 0; 0; 54; 0; 13; 135; 0; 0; 536; 301; 12; 476; 0; 0; 93; 88; 59; 4; 0; 0; 0; 0; 0; 0; 289; 21; 9999
1969;12; 31; 96; 0; 0; 0; 0; 19; 0; 0; 0; 14; 66; 19; 267; 3; 0; 0; 0; 0; 0; 45; 0; 14; 1; 10; 0; 0; 12; 4; 0; 364
1970;01; 5; 6; 3; 2; 0; 0; 0; 8; 4; 0; 1; 0; 0; 2; 0; 4; 0; 0; 0; 52; 2; 0; 1; 0; 0; 0; 0; 0; 0; 0; 0
1970;02; 26; 0; 0; 64; 25; 0; 35; 25; 0; 93; 6; 0; 19; 25; 54; 83; 34; 94; 36; 34; 4; 65; 6; 4; 0; 5; 0; 6; 9999; 9999; 9999
1970;03; 4; 3; 0; 0; 1; 0; 0; 0; 0; 0; 93; 34; 33; 31; 24; 0; 92; 32; 75; 0; 0; 0; 5; 0; 0; 0; 0; 44; 0; 0; 1
1970;04; 0; 0; 13; 11; 5; 78; 0; 0; 0; 0; 19; 15; 0; 0; 0; 0; 0; 13; 0; 0; 0; 0; 0; 0; 0; 0; 0; 0; 4; 43; 9999
1970;05; 0; 0; 25; 0; 0; 0; 0; 81; 0; 0; 0; 0; 0; 0; 0; 0; 0; 0; 0; 0; 54; 1; 0; 4; 0; 0; 0; 0; 0; 0; 0
1970;06; 0; 0; 0; 0; 0; 0; 0; 0; 0; 0; 0; 0; 0; 0; 0; 0; 0; 5; 0; 0; 0; 0; 22; 56; 18; 0; 17; 0; 14; 0; 9999
1970;07; 0; 0; 0; 0; 0; 0; 0; 0; 0; 94; 3; 0; 4; 0; 0; 0; 0; 0; 0; 0; 0; 0; 0; 0; 0; 0; 0; 0; 0; 0; 0
1970;08; 0; 0; 0; 0; 0; 0; 0; 0; 0; 0; 0; 0; 0; 0; 0; 0; 0; 0; 0; 0; 0; 0; 0; 0; 0; 32; 18; 45; 0; 15; 63
1970;09; 2; 0; 0; 0; 1; 0; 52; 0; 0; 0; 0; 0; 0; 15; 0; 14; 0; 0; 0; 83; 0; 104; 0; 0; 0; 0; 0; 0; 16; 0; 9999
1970;10; 0; 17; 34; 92; 0; 0; 0; 0; 19; 0; 0; 0; 104; 0; 0; 0; 0; 0; 0; 0; 82; 0; 42; 0; 0; 0; 0; 0; 18; 13; 0
1970;11; 0; 0; 25; 0; 0; 0; 79; 34; 77; 0; 0; 0; 0; 42; 0; 0; 0; 0; 0; 0; 0; 78; 0; 0; 0; 0; 0; 3; 42; 92; 9999
1970;12; 74; 0; 0; 0; 0; 0; 0; 0; 0; 24; 92; 0; 81; 0; 0; 0; 4; 102; 15; 84; 13; 0; 0; 0; 0; 75; 0; 0; 0; 3; 84
1971;01; 0; 13; 0; 21; 0; 0; 0; 0; 0; 41; 0; 0; 84; 0; 92; 0; 0; 0; 0; 0; 0; 21; 0; 0; 0; 0; 0; 0; 24; 0; 0
1971;02; 102; 0; 0; 0; 0; 0; 95; 0; 0; 0; 0; 0; 14; 12; 0; 0; 0; 0; 0; 21; 18; 23; 22; 0; 0; 75; 0; 43; 9999; 9999; 9999
1971;03; 0; 0; 0; 0; 45; 0; 93; 102; 0; 0; 0; 43; 0; 0; 0; 0; 0; 0; 0; 0; 64; 0; 44; 0; 43; 0; 0; 3; 102; 0; 0
1971;04; 61; 0; 0; 0; 0; 0; 0; 0; 23; 12; 0; 0; 0; 0; 0; 0; 25; 0; 0; 0; 14; 103; 82; 0; 0; 0; 0; 0; 0; 0; 9999
1971;05; 0; 0; 82; 13; 84; 0; 0; 0; 0; 0; 0; 0; 0; 0; 0; 0; 0; 0; 0; 0; 0; 0; 0; 0; 0; 23; 24; 0; 0; 0; 0
1971;06; 0; 0; 0; 0; 0; 0; 0; 0; 14; 0; 16; 26; 35; 3; 0; 0; 0; 0; 45; 61; 0; 0; 0; 0; 0; 0; 0; 0; 0; 0; 9999
1971;07; 0; 0; 0; 0; 24; 2; 0; 0; 0; 0; 0; 0; 0; 0; 0; 0; 0; 0; 0; 0; 0; 0; 0; 0; 0; 0; 0; 0; 0; 97; 0
1971;08; 62; 0; 0; 0; 0; 0; 0; 0; 0; 0; 0; 0; 0; 0; 0; 0; 0; 0; 0; 0; 0; 0; 0; 0; 0; 0; 0; 0; 0; 0; 9999
