33
Ano,Mes,1,2,3,4,5,6,7,8,9,10,11,12,13,14,15,16,17,18,19,20,21,22,23,24,25,26,27,28,29,30,31
1954;01; 0; 0; 293; 600; 925; 0; 0; 0; 0; 47; 0; 0; 0; 0; 0; 0; 1; 0; 80; 120; 0; 15; 260; 2; 0; 0; 20; 70; 0; 0; 0
1954;02; 40; 60; 20; 205; 70; 295; 224; 710; 0; 100; 30; 0; 0; 0; 0; 0; 47; 0; 186; 0; 0; 0; 0; 0; 0; 15; 0; 0; 9999; 9999; 9999
1954;03; 262; 10; 0; 0; 0; 6; 0; 139; 126; 140; 261; 3; 0; 0; 0; 0; 0; 0; 0; 0; 0; 0; 0; 0; 194; 6; 0; 111; 16; 691; 138
1954;04; 0; 0; 0; 0; 0; 0; 0; 0; 0; 0; 0; 0; 0; 0; 0; 0; 0; 0; 0; 0; 0; 0; 0; 0; 0; 0; 0; 70; 0; 0; 9999
1954;05; 0; 0; 0; 0; 0; 265; 0; 294; 312; 182; 0; 0; 267; 10; 0; 6; 4; 0; 13; 83; 664; 4; 0; 0; 0; 0; 0; 0; 0; 0; 29
1954;06; 25; 0; 0; 20; 331; 193; 6; 0; 0; 0; 0; 0; 0; 0; 0; 0; 0; 0; 2; 0; 0; 25; 0; 0; 0; 0; 0; 0; 0; 0; 9999
1954;07; 0; 0; 0; 0; 0; 0; 0; 0; 0; 0; 0; 0; 0; 0; 0; 0; 0; 0; 0; 0; 0; 0; 0; 0; 0; 0; 0; 0; 24; 0; 0
1954;08; 0; 0; 0; 0; 0; 0; 0; 0; 0; 0; 0; 0; 0; 0; 0; 0; 0; 0; 0; 0; 0; 0; 0; 0; 0; 0; 0; 0; 0; 0; 0
1954;09; 0; 0; 0; 0; 0; 0; 0; 0; 0; 0; 0; 0; 0; 0; 0; 0; 0; 0; 0; 2; 0; 0; 0; 0; 0; 7; 30; 52; 4; 29; 9999
1954;10; 29; 19; 0; 23; 0; 0; 0; 0; 0; 0; 82; 0; 0; 12; 0; 113; 0; 0; 0; 88; 21; 12; 0; 0; 0; 0; 0; 102; 0; 22; 0
1954;11; 0; 0; 0; 0; 0; 0; 0; 0; 0; 0; 0; 0; 0; 458; 96; 6; 0; 86; 0; 4; 0; 0; 41; 34; 0; 0; 0; 4; 6; 7; 9999
1954;12; 6; 0; 60; 21; 0; 0; 29; 0; 0; 76; 0; 306; 422; 0; 20; 79; 2; 17; 87; 15; 6; 347; 23; 0; 0; 0; 0; 174; 10; 0; 0
1955;01; 9999; 9999; 9999; 9999; 9999; 9999; 9999; 9999; 9999; 9999; 9999; 9999; 9999; 9999; 9999; 9999; 9999; 9999; 9999; 9999; 9999; 9999; 9999; 9999; 9999; 9999; 9999; 9999; 9999; 9999; 9999
1955;02; 9999; 9999; 9999; 9999; 9999; 9999; 9999; 9999; 9999; 9999; 9999; 9999; 9999; 9999; 9999; 9999; 9999; 9999; 9999; 9999; 9999; 9999; 9999; 9999; 9999; 9999; 9999; 9999; 9999; 9999; 9999
1955;03; 9999; 9999; 9999; 9999; 9999; 9999; 9999; 9999; 9999; 9999; 9999; 9999; 9999; 9999; 9999; 9999; 9999; 9999; 9999; 9999; 9999; 9999; 9999; 9999; 9999; 9999; 9999; 9999; 9999; 9999; 9999
1955;04; 9999; 9999; 9999; 9999; 9999; 9999; 9999; 9999; 9999; 9999; 9999; 9999; 9999; 9999; 9999; 9999; 9999; 9999; 9999; 9999; 9999; 9999; 9999; 9999; 9999; 9999; 9999; 9999; 9999; 9999; 9999
1955;05; 9999; 9999; 9999; 9999; 9999; 9999; 9999; 9999; 9999; 9999; 9999; 9999; 9999; 9999; 9999; 9999; 9999; 9999; 9999; 9999; 9999; 9999; 9999; 9999; 9999; 9999; 9999; 9999; 9999; 9999; 9999
1955;06; 9999; 9999; 9999; 9999; 9999; 9999; 9999; 9999; 9999; 9999; 9999; 9999; 9999; 9999; 9999; 9999; 9999; 9999; 9999; 9999; 9999; 9999; 9999; 9999; 9999; 9999; 9999; 9999; 9999; 9999; 9999
1955;07; 9999; 9999; 9999; 9999; 9999; 9999; 9999; 9999; 9999; 9999; 9999; 9999; 9999; 9999; 9999; 9999; 9999; 9999; 9999; 9999; 9999; 9999; 9999; 9999; 9999; 9999; 9999; 9999; 9999; 9999; 9999
1955;08; 9999; 9999; 9999; 9999; 9999; 9999; 9999; 9999; 9999; 9999; 9999; 9999; 9999; 9999; 9999; 9999; 9999; 9999; 9999; 9999; 9999; 9999; 9999; 9999; 9999; 9999; 9999; 9999; 9999; 9999; 9999
1955;09; 9999; 9999; 9999; 9999; 9999; 9999; 9999; 9999; 9999; 9999; 9999; 9999; 9999; 9999; 9999; 9999; 9999; 9999; 9999; 9999; 9999; 9999; 9999; 9999; 9999; 9999; 9999; 9999; 9999; 9999; 9999
1955;10; 9999; 9999; 9999; 9999; 9999; 9999; 9999; 9999; 9999; 9999; 9999; 9999; 9999; 9999; 9999; 9999; 9999; 9999; 9999; 9999; 9999; 9999; 9999; 9999; 9999; 9999; 9999; 9999; 9999; 9999; 9999
1955;11; 9999; 9999; 9999; 9999; 9999; 9999; 9999; 9999; 9999; 9999; 9999; 9999; 9999; 9999; 9999; 9999; 9999; 9999; 9999; 9999; 9999; 9999; 9999; 9999; 9999; 9999; 9999; 9999; 9999; 9999; 9999
1955;12; 9999; 9999; 9999; 9999; 9999; 9999; 9999; 9999; 9999; 9999; 9999; 9999; 9999; 9999; 9999; 9999; 9999; 9999; 9999; 9999; 9999; 9999; 9999; 9999; 9999; 9999; 9999; 9999; 9999; 9999; 9999
1956;01; 246; 58; 2; 110; 0; 0; 0; 0; 0; 78; 0; 0; 2; 0; 0; 0; 0; 0; 0; 0; 0; 0; 0; 62; 0; 0; 99; 0; 0; 8; 0
1956;02; 0; 134; 0; 0; 0; 0; 0; 0; 0; 88; 158; 112; 144; 47; 334; 136; 134; 0; 30; 0; 0; 0; 143; 126; 354; 16; 39; 10; 6; 9999; 9999
1956;03; 143; 220; 12; 0; 0; 0; 4; 0; 0; 0; 30; 0; 6; 0; 0; 0; 0; 0; 0; 0; 0; 0; 0; 0; 0; 0; 0; 0; 29; 0; 12
1956;04; 3; 0; 0; 0; 0; 0; 322; 156; 5; 136; 0; 0; 0; 0; 0; 0; 0; 0; 0; 54; 0; 0; 3; 0; 0; 93; 0; 376; 74; 0; 9999
1956;05; 124; 330; 0; 0; 44; 2; 0; 240; 2; 23; 0; 0; 0; 0; 0; 0; 0; 0; 0; 0; 87; 7; 0; 0; 6; 174; 3; 0; 0; 0; 0
1956;06; 3; 136; 0; 0; 0; 0; 0; 0; 138; 10; 124; 62; 25; 4; 39; 0; 0; 0; 0; 0; 0; 0; 0; 0; 0; 0; 50; 0; 0; 0; 9999
1956;07; 0; 0; 0; 0; 0; 0; 0; 0; 0; 0; 0; 0; 0; 6; 0; 0; 0; 0; 0; 0; 38; 0; 60; 10; 0; 0; 0; 172; 0; 277; 2
1956;08; 330; 110; 142; 0; 0; 0; 56; 0; 0; 0; 0; 0; 0; 0; 0; 0; 0; 0; 0; 0; 0; 0; 0; 0; 0; 0; 0; 0; 0; 0; 0
1956;09; 0; 0; 0; 0; 0; 0; 0; 0; 0; 104; 181; 8; 121; 66; 0; 0; 0; 0; 0; 0; 0; 0; 0; 0; 0; 0; 0; 42; 0; 35; 9999
1956;10; 0; 0; 0; 0; 0; 0; 0; 0; 0; 0; 216; 0; 0; 0; 0; 0; 0; 200; 6; 0; 0; 0; 24; 3; 0; 0; 146; 556; 74; 273; 0
1956;11; 0; 0; 0; 0; 0; 0; 0; 0; 0; 0; 56; 6; 61; 6; 0; 0; 0; 0; 0; 0; 6; 78; 0; 7; 34; 446; 0; 0; 0; 0; 9999
1956;12; 0; 0; 0; 0; 60; 215; 374; 118; 12; 0; 0; 4; 0; 495; 28; 12; 0; 0; 0; 59; 0; 0; 0; 263; 306; 121; 0; 0; 0; 0; 356
1957;01; 8; 0; 0; 0; 46; 5; 0; 48; 167; 149; 44; 15; 0; 319; 555; 222; 366; 59; 64; 59; 0; 59; 15; 0; 107; 4; 4; 26; 126; 136; 0
1957;02; 0; 36; 109; 10; 0; 0; 144; 360; 387; 78; 210; 0; 0; 314; 710; 397; 15; 42; 0; 0; 0; 0; 50; 0; 3; 64; 166; 0; 9999; 9999; 9999
1957;03; 0; 0; 0; 0; 0; 31; 14; 0; 88; 24; 43; 3; 0; 0; 0; 0; 0; 0; 0; 54; 401; 107; 132; 6; 3; 36; 32; 34; 14; 176; 66
1957;04; 81; 72; 0; 0; 306; 26; 0; 0; 0; 16; 0; 0; 0; 0; 26; 0; 0; 0; 0; 0; 0; 0; 0; 0; 0; 0; 30; 0; 24; 326; 9999
1957;05; 0; 0; 0; 0; 0; 0; 44; 4; 32; 88; 0; 0; 17; 0; 0; 53; 0; 0; 0; 0; 0; 0; 0; 0; 0; 0; 0; 0; 0; 0; 0
1957;06; 0; 0; 0; 0; 0; 0; 0; 126; 0; 5; 0; 0; 0; 0; 0; 0; 0; 0; 0; 0; 0; 0; 0; 0; 0; 0; 0; 0; 0; 0; 9999
1957;07; 0; 0; 12; 75; 216; 4; 0; 0; 0; 0; 0; 0; 0; 0; 0; 53; 350; 242; 5; 8; 0; 0; 0; 0; 6; 0; 0; 0; 0; 0; 0
1957;08; 0; 0; 0; 0; 0; 0; 0; 0; 0; 0; 0; 0; 0; 203; 0; 0; 122; 64; 247; 10; 0; 0; 0; 0; 0; 0; 0; 0; 0; 0; 0
1957;09; 0; 0; 238; 338; 30; 0; 0; 58; 10; 0; 0; 0; 122; 0; 0; 81; 0; 0; 7; 0; 0; 18; 178; 147; 0; 0; 0; 0; 0; 0; 9999
1957;10; 0; 0; 0; 0; 0; 0; 0; 0; 0; 0; 0; 0; 44; 0; 0; 0; 5; 0; 0; 0; 0; 0; 0; 0; 0; 54; 289; 290; 17; 30; 0
1957;11; 0; 0; 0; 0; 87; 0; 108; 206; 25; 0; 0; 0; 0; 13; 0; 95; 95; 587; 12; 106; 2; 200; 0; 0; 0; 0; 0; 0; 0; 53; 9999
1957;12; 310; 62; 10; 275; 126; 0; 0; 0; 0; 193; 156; 50; 148; 36; 268; 35; 34; 14; 16; 60; 195; 176; 0; 0; 0; 0; 0; 0; 0; 0; 0
1958;01; 9999; 9999; 9999; 9999; 9999; 9999; 9999; 9999; 9999; 9999; 9999; 9999; 9999; 9999; 9999; 9999; 9999; 9999; 9999; 9999; 9999; 9999; 9999; 9999; 9999; 9999; 9999; 9999; 9999; 9999; 9999
1958;02; 9999; 9999; 9999; 9999; 9999; 9999; 9999; 9999; 9999; 9999; 9999; 9999; 9999; 9999; 9999; 9999; 9999; 9999; 9999; 9999; 9999; 9999; 9999; 9999; 9999; 9999; 9999; 9999; 9999; 9999; 9999
1958;03; 9999; 9999; 9999; 9999; 9999; 9999; 9999; 9999; 9999; 9999; 9999; 9999; 9999; 9999; 9999; 9999; 9999; 9999; 9999; 9999; 9999; 9999; 9999; 9999; 9999; 9999; 9999; 9999; 9999; 9999; 9999
1958;04; 9999; 9999; 9999; 9999; 9999; 9999; 9999; 9999; 9999; 9999; 9999; 9999; 9999; 9999; 9999; 9999; 9999; 9999; 9999; 9999; 9999; 9999; 9999; 9999; 9999; 9999; 9999; 9999; 9999; 9999; 9999
1958;05; 9999; 9999; 9999; 9999; 9999; 9999; 9999; 9999; 9999; 9999; 9999; 9999; 9999; 9999; 9999; 9999; 9999; 9999; 9999; 9999; 9999; 9999; 9999; 9999; 9999; 9999; 9999; 9999; 9999; 9999; 9999
1958;06; 9999; 9999; 9999; 9999; 9999; 9999; 9999; 9999; 9999; 9999; 9999; 9999; 9999; 9999; 9999; 9999; 9999; 9999; 9999; 9999; 9999; 9999; 9999; 9999; 9999; 9999; 9999; 9999; 9999; 9999; 9999
1958;07; 9999; 9999; 9999; 9999; 9999; 9999; 9999; 9999; 9999; 9999; 9999; 9999; 9999; 9999; 9999; 9999; 9999; 9999; 9999; 9999; 9999; 9999; 9999; 9999; 9999; 9999; 9999; 9999; 9999; 9999; 9999
1958;08; 9999; 9999; 9999; 9999; 9999; 9999; 9999; 9999; 9999; 9999; 9999; 9999; 9999; 9999; 9999; 9999; 9999; 9999; 9999; 9999; 9999; 9999; 9999; 9999; 9999; 9999; 9999; 9999; 9999; 9999; 9999
1958;09; 9999; 9999; 9999; 9999; 9999; 9999; 9999; 9999; 9999; 9999; 9999; 9999; 9999; 9999; 9999; 9999; 9999; 9999; 9999; 9999; 9999; 9999; 9999; 9999; 9999; 9999; 9999; 9999; 9999; 9999; 9999
1958;10; 9999; 9999; 9999; 9999; 9999; 9999; 9999; 9999; 9999; 9999; 9999; 9999; 9999; 9999; 9999; 9999; 9999; 9999; 9999; 9999; 9999; 9999; 9999; 9999; 9999; 9999; 9999; 9999; 9999; 9999; 9999
1958;11; 9999; 9999; 9999; 9999; 9999; 9999; 9999; 9999; 9999; 9999; 9999; 9999; 9999; 9999; 9999; 9999; 9999; 9999; 9999; 9999; 9999; 9999; 9999; 9999; 9999; 9999; 9999; 9999; 9999; 9999; 9999
1958;12; 9999; 9999; 9999; 9999; 9999; 9999; 9999; 9999; 9999; 9999; 9999; 9999; 9999; 9999; 9999; 9999; 9999; 9999; 9999; 9999; 9999; 9999; 9999; 9999; 9999; 9999; 9999; 9999; 9999; 9999; 9999
1959;01; 9999; 9999; 9999; 9999; 9999; 9999; 9999; 9999; 9999; 9999; 9999; 9999; 9999; 9999; 9999; 9999; 9999; 9999; 9999; 9999; 9999; 9999; 9999; 9999; 9999; 9999; 9999; 9999; 9999; 9999; 9999
1959;02; 9999; 9999; 9999; 9999; 9999; 9999; 9999; 9999; 9999; 9999; 9999; 9999; 9999; 9999; 9999; 9999; 9999; 9999; 9999; 9999; 9999; 9999; 9999; 9999; 9999; 9999; 9999; 9999; 9999; 9999; 9999
1959;03; 9999; 9999; 9999; 9999; 9999; 9999; 9999; 9999; 9999; 9999; 9999; 9999; 9999; 9999; 9999; 9999; 9999; 9999; 9999; 9999; 9999; 9999; 9999; 9999; 9999; 9999; 9999; 9999; 9999; 9999; 9999
1959;04; 9999; 9999; 9999; 9999; 9999; 9999; 9999; 9999; 9999; 9999; 9999; 9999; 9999; 9999; 9999; 9999; 9999; 9999; 9999; 9999; 9999; 9999; 9999; 9999; 9999; 9999; 9999; 9999; 9999; 9999; 9999
1959;05; 9999; 9999; 9999; 9999; 9999; 9999; 9999; 9999; 9999; 9999; 9999; 9999; 9999; 9999; 9999; 9999; 9999; 9999; 9999; 9999; 9999; 9999; 9999; 9999; 9999; 9999; 9999; 9999; 9999; 9999; 9999
1959;06; 9999; 9999; 9999; 9999; 9999; 9999; 9999; 9999; 9999; 9999; 9999; 9999; 9999; 9999; 9999; 9999; 9999; 9999; 9999; 9999; 9999; 9999; 9999; 9999; 9999; 9999; 9999; 9999; 9999; 9999; 9999
1959;07; 9999; 9999; 9999; 9999; 9999; 9999; 9999; 9999; 9999; 9999; 9999; 9999; 9999; 9999; 9999; 9999; 9999; 9999; 9999; 9999; 9999; 9999; 9999; 9999; 9999; 9999; 9999; 9999; 9999; 9999; 9999
1959;08; 9999; 9999; 9999; 9999; 9999; 9999; 9999; 9999; 9999; 9999; 9999; 9999; 9999; 9999; 9999; 9999; 9999; 9999; 9999; 9999; 9999; 9999; 9999; 9999; 9999; 9999; 9999; 9999; 9999; 9999; 9999
1959;09; 9999; 9999; 9999; 9999; 9999; 9999; 9999; 9999; 9999; 9999; 9999; 9999; 9999; 9999; 9999; 9999; 9999; 9999; 9999; 9999; 9999; 9999; 9999; 9999; 9999; 9999; 9999; 9999; 9999; 9999; 9999
1959;10; 9999; 9999; 9999; 9999; 9999; 9999; 9999; 9999; 9999; 9999; 9999; 9999; 9999; 9999; 9999; 9999; 9999; 9999; 9999; 9999; 9999; 9999; 9999; 9999; 9999; 9999; 9999; 9999; 9999; 9999; 9999
1959;11; 9999; 9999; 9999; 9999; 9999; 9999; 9999; 9999; 9999; 9999; 9999; 9999; 9999; 9999; 9999; 9999; 9999; 9999; 9999; 9999; 9999; 9999; 9999; 9999; 9999; 9999; 9999; 9999; 9999; 9999; 9999
1959;12; 9999; 9999; 9999; 9999; 9999; 9999; 9999; 9999; 9999; 9999; 9999; 9999; 9999; 9999; 9999; 9999; 9999; 9999; 9999; 9999; 9999; 9999; 9999; 9999; 9999; 9999; 9999; 9999; 9999; 9999; 9999
1960;01; 9999; 9999; 9999; 9999; 9999; 9999; 9999; 9999; 9999; 9999; 9999; 9999; 9999; 9999; 9999; 9999; 9999; 9999; 9999; 9999; 9999; 9999; 9999; 9999; 9999; 9999; 9999; 9999; 9999; 9999; 9999
1960;02; 9999; 9999; 9999; 9999; 9999; 9999; 9999; 9999; 9999; 9999; 9999; 9999; 9999; 9999; 9999; 9999; 9999; 9999; 9999; 9999; 9999; 9999; 9999; 9999; 9999; 9999; 9999; 9999; 9999; 9999; 9999
1960;03; 9999; 9999; 9999; 9999; 9999; 9999; 9999; 9999; 9999; 9999; 9999; 9999; 9999; 9999; 9999; 9999; 9999; 9999; 9999; 9999; 9999; 9999; 9999; 9999; 9999; 9999; 9999; 9999; 9999; 9999; 9999
1960;04; 9999; 9999; 9999; 9999; 9999; 9999; 9999; 9999; 9999; 9999; 9999; 9999; 9999; 9999; 9999; 9999; 9999; 9999; 9999; 9999; 9999; 9999; 9999; 9999; 9999; 9999; 9999; 9999; 9999; 9999; 9999
1960;05; 9999; 9999; 9999; 9999; 9999; 9999; 9999; 9999; 9999; 9999; 9999; 9999; 9999; 9999; 9999; 9999; 9999; 9999; 9999; 9999; 9999; 9999; 9999; 9999; 9999; 9999; 9999; 9999; 9999; 9999; 9999
1960;06; 9999; 9999; 9999; 9999; 9999; 9999; 9999; 9999; 9999; 9999; 9999; 9999; 9999; 9999; 9999; 9999; 9999; 9999; 9999; 9999; 9999; 9999; 9999; 9999; 9999; 9999; 9999; 9999; 9999; 9999; 9999
1960;07; 9999; 9999; 9999; 9999; 9999; 9999; 9999; 9999; 9999; 9999; 9999; 9999; 9999; 9999; 9999; 9999; 9999; 9999; 9999; 9999; 9999; 9999; 9999; 9999; 9999; 9999; 9999; 9999; 9999; 9999; 9999
1960;08; 9999; 9999; 9999; 9999; 9999; 9999; 9999; 9999; 9999; 9999; 9999; 9999; 9999; 9999; 9999; 9999; 9999; 9999; 9999; 9999; 9999; 9999; 9999; 9999; 9999; 9999; 9999; 9999; 9999; 9999; 9999
1960;09; 9999; 9999; 9999; 9999; 9999; 9999; 9999; 9999; 9999; 9999; 9999; 9999; 9999; 9999; 9999; 9999; 9999; 9999; 9999; 9999; 9999; 9999; 9999; 9999; 9999; 9999; 9999; 9999; 9999; 9999; 9999
1960;10; 9999; 9999; 9999; 9999; 9999; 9999; 9999; 9999; 9999; 9999; 9999; 9999; 9999; 9999; 9999; 9999; 9999; 9999; 9999; 9999; 9999; 9999; 9999; 9999; 9999; 9999; 9999; 9999; 9999; 9999; 9999
1960;11; 9999; 9999; 9999; 9999; 9999; 9999; 9999; 9999; 9999; 9999; 9999; 9999; 9999; 9999; 9999; 9999; 9999; 9999; 9999; 9999; 9999; 9999; 9999; 9999; 9999; 9999; 9999; 9999; 9999; 9999; 9999
1960;12; 9999; 9999; 9999; 9999; 9999; 9999; 9999; 9999; 9999; 9999; 9999; 9999; 9999; 9999; 9999; 9999; 9999; 9999; 9999; 9999; 9999; 9999; 9999; 9999; 9999; 9999; 9999; 9999; 9999; 9999; 9999
1961;01; 9999; 9999; 9999; 9999; 9999; 9999; 9999; 9999; 9999; 9999; 9999; 9999; 9999; 9999; 9999; 9999; 9999; 9999; 9999; 9999; 9999; 9999; 9999; 9999; 9999; 9999; 9999; 9999; 9999; 9999; 9999
1961;02; 9999; 9999; 9999; 9999; 9999; 9999; 9999; 9999; 9999; 9999; 9999; 9999; 9999; 9999; 9999; 9999; 9999; 9999; 9999; 9999; 9999; 9999; 9999; 9999; 9999; 9999; 9999; 9999; 9999; 9999; 9999
1961;03; 9999; 9999; 9999; 9999; 9999; 9999; 9999; 9999; 9999; 9999; 9999; 9999; 9999; 9999; 9999; 9999; 9999; 9999; 9999; 9999; 9999; 9999; 9999; 9999; 9999; 9999; 9999; 9999; 9999; 9999; 9999
1961;04; 9999; 9999; 9999; 9999; 9999; 9999; 9999; 9999; 9999; 9999; 9999; 9999; 9999; 9999; 9999; 9999; 9999; 9999; 9999; 9999; 9999; 9999; 9999; 9999; 9999; 9999; 9999; 9999; 9999; 9999; 9999
1961;05; 9999; 9999; 9999; 9999; 9999; 9999; 9999; 9999; 9999; 9999; 9999; 9999; 9999; 9999; 9999; 9999; 9999; 9999; 9999; 9999; 9999; 9999; 9999; 9999; 9999; 9999; 9999; 9999; 9999; 9999; 9999
1961;06; 9999; 9999; 9999; 9999; 9999; 9999; 9999; 9999; 9999; 9999; 9999; 9999; 9999; 9999; 9999; 9999; 9999; 9999; 9999; 9999; 9999; 9999; 9999; 9999; 9999; 9999; 9999; 9999; 9999; 9999; 9999
1961;07; 9999; 9999; 9999; 9999; 9999; 9999; 9999; 9999; 9999; 9999; 9999; 9999; 9999; 9999; 9999; 9999; 9999; 9999; 9999; 9999; 9999; 9999; 9999; 9999; 9999; 9999; 9999; 9999; 9999; 9999; 9999
1961;08; 9999; 9999; 9999; 9999; 9999; 9999; 9999; 9999; 9999; 9999; 9999; 9999; 9999; 9999; 9999; 9999; 9999; 9999; 9999; 9999; 9999; 9999; 9999; 9999; 9999; 9999; 9999; 9999; 9999; 9999; 9999
1961;09; 9999; 9999; 9999; 9999; 9999; 9999; 9999; 9999; 9999; 9999; 9999; 9999; 9999; 9999; 9999; 9999; 9999; 9999; 9999; 9999; 9999; 9999; 9999; 9999; 9999; 9999; 9999; 9999; 9999; 9999; 9999
1961;10; 9999; 9999; 9999; 9999; 9999; 9999; 9999; 9999; 9999; 9999; 9999; 9999; 9999; 9999; 9999; 9999; 9999; 9999; 9999; 9999; 9999; 9999; 9999; 9999; 9999; 9999; 9999; 9999; 9999; 9999; 9999
1961;11; 9999; 9999; 9999; 9999; 9999; 9999; 9999; 9999; 9999; 9999; 9999; 9999; 9999; 9999; 9999; 9999; 9999; 9999; 9999; 9999; 9999; 9999; 9999; 9999; 9999; 9999; 9999; 9999; 9999; 9999; 9999
1961;12; 9999; 9999; 9999; 9999; 9999; 9999; 9999; 9999; 9999; 9999; 9999; 9999; 9999; 9999; 9999; 9999; 9999; 9999; 9999; 9999; 9999; 9999; 9999; 9999; 9999; 9999; 9999; 9999; 9999; 9999; 9999
1962;01; 9999; 9999; 9999; 9999; 9999; 9999; 9999; 9999; 9999; 9999; 9999; 9999; 9999; 9999; 9999; 9999; 9999; 9999; 9999; 9999; 9999; 9999; 9999; 9999; 9999; 9999; 9999; 9999; 9999; 9999; 9999
1962;02; 9999; 9999; 9999; 9999; 9999; 9999; 9999; 9999; 9999; 9999; 9999; 9999; 9999; 9999; 9999; 9999; 9999; 9999; 9999; 9999; 9999; 9999; 9999; 9999; 9999; 9999; 9999; 9999; 9999; 9999; 9999
1962;03; 9999; 9999; 9999; 9999; 9999; 9999; 9999; 9999; 9999; 9999; 9999; 9999; 9999; 9999; 9999; 9999; 9999; 9999; 9999; 9999; 9999; 9999; 9999; 9999; 9999; 9999; 9999; 9999; 9999; 9999; 9999
1962;04; 9999; 9999; 9999; 9999; 9999; 9999; 9999; 9999; 9999; 9999; 9999; 9999; 9999; 9999; 9999; 9999; 9999; 9999; 9999; 9999; 9999; 9999; 9999; 9999; 9999; 9999; 9999; 9999; 9999; 9999; 9999
1962;05; 9999; 9999; 9999; 9999; 9999; 9999; 9999; 9999; 9999; 9999; 9999; 9999; 9999; 9999; 9999; 9999; 9999; 9999; 9999; 9999; 9999; 9999; 9999; 9999; 9999; 9999; 9999; 9999; 9999; 9999; 9999
1962;06; 9999; 9999; 9999; 9999; 9999; 9999; 9999; 9999; 9999; 9999; 9999; 9999; 9999; 9999; 9999; 9999; 9999; 9999; 9999; 9999; 9999; 9999; 9999; 9999; 9999; 9999; 9999; 9999; 9999; 9999; 9999
1962;07; 9999; 9999; 9999; 9999; 9999; 9999; 9999; 9999; 9999; 9999; 9999; 9999; 9999; 9999; 9999; 9999; 9999; 9999; 9999; 9999; 9999; 9999; 9999; 9999; 9999; 9999; 9999; 9999; 9999; 9999; 9999
1962;08; 9999; 9999; 9999; 9999; 9999; 9999; 9999; 9999; 9999; 9999; 9999; 9999; 9999; 9999; 9999; 9999; 9999; 9999; 9999; 9999; 9999; 9999; 9999; 9999; 9999; 9999; 9999; 9999; 9999; 9999; 9999
1962;09; 9999; 9999; 9999; 9999; 9999; 9999; 9999; 9999; 9999; 9999; 9999; 9999; 9999; 9999; 9999; 9999; 9999; 9999; 9999; 9999; 9999; 9999; 9999; 9999; 9999; 9999; 9999; 9999; 9999; 9999; 9999
1962;10; 9999; 9999; 9999; 9999; 9999; 9999; 9999; 9999; 9999; 9999; 9999; 9999; 9999; 9999; 9999; 9999; 9999; 9999; 9999; 9999; 9999; 9999; 9999; 9999; 9999; 9999; 9999; 9999; 9999; 9999; 9999
1962;11; 9999; 9999; 9999; 9999; 9999; 9999; 9999; 9999; 9999; 9999; 9999; 9999; 9999; 9999; 9999; 9999; 9999; 9999; 9999; 9999; 9999; 9999; 9999; 9999; 9999; 9999; 9999; 9999; 9999; 9999; 9999
1962;12; 9999; 9999; 9999; 9999; 9999; 9999; 9999; 9999; 9999; 9999; 9999; 9999; 9999; 9999; 9999; 9999; 9999; 9999; 9999; 9999; 9999; 9999; 9999; 9999; 9999; 9999; 9999; 9999; 9999; 9999; 9999
1963;01; 9999; 9999; 9999; 9999; 9999; 9999; 9999; 9999; 9999; 9999; 9999; 9999; 9999; 9999; 9999; 9999; 9999; 9999; 9999; 9999; 9999; 9999; 9999; 9999; 9999; 9999; 9999; 9999; 9999; 9999; 9999
1963;02; 9999; 9999; 9999; 9999; 9999; 9999; 9999; 9999; 9999; 9999; 9999; 9999; 9999; 9999; 9999; 9999; 9999; 9999; 9999; 9999; 9999; 9999; 9999; 9999; 9999; 9999; 9999; 9999; 9999; 9999; 9999
1963;03; 9999; 9999; 9999; 9999; 9999; 9999; 9999; 9999; 9999; 9999; 9999; 9999; 9999; 9999; 9999; 9999; 9999; 9999; 9999; 9999; 9999; 9999; 9999; 9999; 9999; 9999; 9999; 9999; 9999; 9999; 9999
1963;04; 9999; 9999; 9999; 9999; 9999; 9999; 9999; 9999; 9999; 9999; 9999; 9999; 9999; 9999; 9999; 9999; 9999; 9999; 9999; 9999; 9999; 9999; 9999; 9999; 9999; 9999; 9999; 9999; 9999; 9999; 9999
1963;05; 9999; 9999; 9999; 9999; 9999; 9999; 9999; 9999; 9999; 9999; 9999; 9999; 9999; 9999; 9999; 9999; 9999; 9999; 9999; 9999; 9999; 9999; 9999; 9999; 9999; 9999; 9999; 9999; 9999; 9999; 9999
1963;06; 9999; 9999; 9999; 9999; 9999; 9999; 9999; 9999; 9999; 9999; 9999; 9999; 9999; 9999; 9999; 9999; 9999; 9999; 9999; 9999; 9999; 9999; 9999; 9999; 9999; 9999; 9999; 9999; 9999; 9999; 9999
1963;07; 9999; 9999; 9999; 9999; 9999; 9999; 9999; 9999; 9999; 9999; 9999; 9999; 9999; 9999; 9999; 9999; 9999; 9999; 9999; 9999; 9999; 9999; 9999; 9999; 9999; 9999; 9999; 9999; 9999; 9999; 9999
1963;08; 9999; 9999; 9999; 9999; 9999; 9999; 9999; 9999; 9999; 9999; 9999; 9999; 9999; 9999; 9999; 9999; 9999; 9999; 9999; 9999; 9999; 9999; 9999; 9999; 9999; 9999; 9999; 9999; 9999; 9999; 9999
1963;09; 9999; 9999; 9999; 9999; 9999; 9999; 9999; 9999; 9999; 9999; 9999; 9999; 9999; 9999; 9999; 9999; 9999; 9999; 9999; 9999; 9999; 9999; 9999; 9999; 9999; 9999; 9999; 9999; 9999; 9999; 9999
1963;10; 9999; 9999; 9999; 9999; 9999; 9999; 9999; 9999; 9999; 9999; 9999; 9999; 9999; 9999; 9999; 9999; 9999; 9999; 9999; 9999; 9999; 9999; 9999; 9999; 9999; 9999; 9999; 9999; 9999; 9999; 9999
1963;11; 9999; 9999; 9999; 9999; 9999; 9999; 9999; 9999; 9999; 9999; 9999; 9999; 9999; 9999; 9999; 9999; 9999; 9999; 9999; 9999; 9999; 9999; 9999; 9999; 9999; 9999; 9999; 9999; 9999; 9999; 9999
1963;12; 9999; 9999; 9999; 9999; 9999; 9999; 9999; 9999; 9999; 9999; 9999; 9999; 9999; 9999; 9999; 9999; 9999; 9999; 9999; 9999; 9999; 9999; 9999; 9999; 9999; 9999; 9999; 9999; 9999; 9999; 9999
1964;01; 9999; 9999; 9999; 9999; 9999; 9999; 9999; 9999; 9999; 9999; 9999; 9999; 9999; 9999; 9999; 9999; 9999; 9999; 9999; 9999; 9999; 9999; 9999; 9999; 9999; 9999; 9999; 9999; 9999; 9999; 9999
1964;02; 9999; 9999; 9999; 9999; 9999; 9999; 9999; 9999; 9999; 9999; 9999; 9999; 9999; 9999; 9999; 9999; 9999; 9999; 9999; 9999; 9999; 9999; 9999; 9999; 9999; 9999; 9999; 9999; 9999; 9999; 9999
1964;03; 9999; 9999; 9999; 9999; 9999; 9999; 9999; 9999; 9999; 9999; 9999; 9999; 9999; 9999; 9999; 9999; 9999; 9999; 9999; 9999; 9999; 9999; 9999; 9999; 9999; 9999; 9999; 9999; 9999; 9999; 9999
1964;04; 9999; 9999; 9999; 9999; 9999; 9999; 9999; 9999; 9999; 9999; 9999; 9999; 9999; 9999; 9999; 9999; 9999; 9999; 9999; 9999; 9999; 9999; 9999; 9999; 9999; 9999; 9999; 9999; 9999; 9999; 9999
1964;05; 9999; 9999; 9999; 9999; 9999; 9999; 9999; 9999; 9999; 9999; 9999; 9999; 9999; 9999; 9999; 9999; 9999; 9999; 9999; 9999; 9999; 9999; 9999; 9999; 9999; 9999; 9999; 9999; 9999; 9999; 9999
1964;06; 9999; 9999; 9999; 9999; 9999; 9999; 9999; 9999; 9999; 9999; 9999; 9999; 9999; 9999; 9999; 9999; 9999; 9999; 9999; 9999; 9999; 9999; 9999; 9999; 9999; 9999; 9999; 9999; 9999; 9999; 9999
1964;07; 9999; 9999; 9999; 9999; 9999; 9999; 9999; 9999; 9999; 9999; 9999; 9999; 9999; 9999; 9999; 9999; 9999; 9999; 9999; 9999; 9999; 9999; 9999; 9999; 9999; 9999; 9999; 9999; 9999; 9999; 9999
1964;08; 9999; 9999; 9999; 9999; 9999; 9999; 9999; 9999; 9999; 9999; 9999; 9999; 9999; 9999; 9999; 9999; 9999; 9999; 9999; 9999; 9999; 9999; 9999; 9999; 9999; 9999; 9999; 9999; 9999; 9999; 9999
1964;09; 9999; 9999; 9999; 9999; 9999; 9999; 9999; 9999; 9999; 9999; 9999; 9999; 9999; 9999; 9999; 9999; 9999; 9999; 9999; 9999; 9999; 9999; 9999; 9999; 9999; 9999; 9999; 9999; 9999; 9999; 9999
1964;10; 9999; 9999; 9999; 9999; 9999; 9999; 9999; 9999; 9999; 9999; 9999; 9999; 9999; 9999; 9999; 9999; 9999; 9999; 9999; 9999; 9999; 9999; 9999; 9999; 9999; 9999; 9999; 9999; 9999; 9999; 9999
1964;11; 9999; 9999; 9999; 9999; 9999; 9999; 9999; 9999; 9999; 9999; 9999; 9999; 9999; 9999; 9999; 9999; 9999; 9999; 9999; 9999; 9999; 9999; 9999; 9999; 9999; 9999; 9999; 9999; 9999; 9999; 9999
1964;12; 9999; 9999; 9999; 9999; 9999; 9999; 9999; 9999; 9999; 9999; 9999; 9999; 9999; 9999; 9999; 9999; 9999; 9999; 9999; 9999; 9999; 9999; 9999; 9999; 9999; 9999; 9999; 9999; 9999; 9999; 9999
1965;01; 9999; 9999; 9999; 9999; 9999; 9999; 9999; 9999; 9999; 9999; 9999; 9999; 9999; 9999; 9999; 9999; 9999; 9999; 9999; 9999; 9999; 9999; 9999; 9999; 9999; 9999; 9999; 9999; 9999; 9999; 9999
1965;02; 9999; 9999; 9999; 9999; 9999; 9999; 9999; 9999; 9999; 9999; 9999; 9999; 9999; 9999; 9999; 9999; 9999; 9999; 9999; 9999; 9999; 9999; 9999; 9999; 9999; 9999; 9999; 9999; 9999; 9999; 9999
1965;03; 9999; 9999; 9999; 9999; 9999; 9999; 9999; 9999; 9999; 9999; 9999; 9999; 9999; 9999; 9999; 9999; 9999; 9999; 9999; 9999; 9999; 9999; 9999; 9999; 9999; 9999; 9999; 9999; 9999; 9999; 9999
1965;04; 9999; 9999; 9999; 9999; 9999; 9999; 9999; 9999; 9999; 9999; 9999; 9999; 9999; 9999; 9999; 9999; 9999; 9999; 9999; 9999; 9999; 9999; 9999; 9999; 9999; 9999; 9999; 9999; 9999; 9999; 9999
1965;05; 9999; 9999; 9999; 9999; 9999; 9999; 9999; 9999; 9999; 9999; 9999; 9999; 9999; 9999; 9999; 9999; 9999; 9999; 9999; 9999; 9999; 9999; 9999; 9999; 9999; 9999; 9999; 9999; 9999; 9999; 9999
1965;06; 9999; 9999; 9999; 9999; 9999; 9999; 9999; 9999; 9999; 9999; 9999; 9999; 9999; 9999; 9999; 9999; 9999; 9999; 9999; 9999; 9999; 9999; 9999; 9999; 9999; 9999; 9999; 9999; 9999; 9999; 9999
1965;07; 9999; 9999; 9999; 9999; 9999; 9999; 9999; 9999; 9999; 9999; 9999; 9999; 9999; 9999; 9999; 9999; 9999; 9999; 9999; 9999; 9999; 9999; 9999; 9999; 9999; 9999; 9999; 9999; 9999; 9999; 9999
1965;08; 9999; 9999; 9999; 9999; 9999; 9999; 9999; 9999; 9999; 9999; 9999; 9999; 9999; 9999; 9999; 9999; 9999; 9999; 9999; 9999; 9999; 9999; 9999; 9999; 9999; 9999; 9999; 9999; 9999; 9999; 9999
1965;09; 9999; 9999; 9999; 9999; 9999; 9999; 9999; 9999; 9999; 9999; 9999; 9999; 9999; 9999; 9999; 9999; 9999; 9999; 9999; 9999; 9999; 9999; 9999; 9999; 9999; 9999; 9999; 9999; 9999; 9999; 9999
1965;10; 9999; 9999; 9999; 9999; 9999; 9999; 9999; 9999; 9999; 9999; 9999; 9999; 9999; 9999; 9999; 9999; 9999; 9999; 9999; 9999; 9999; 9999; 9999; 9999; 9999; 9999; 9999; 9999; 9999; 9999; 9999
1965;11; 9999; 9999; 9999; 9999; 9999; 9999; 9999; 9999; 9999; 9999; 9999; 9999; 9999; 9999; 9999; 9999; 9999; 9999; 9999; 9999; 9999; 9999; 9999; 9999; 9999; 9999; 9999; 9999; 9999; 9999; 9999
1965;12; 9999; 9999; 9999; 9999; 9999; 9999; 9999; 9999; 9999; 9999; 9999; 9999; 9999; 9999; 9999; 9999; 9999; 9999; 9999; 9999; 9999; 9999; 9999; 9999; 9999; 9999; 9999; 9999; 9999; 9999; 9999
1966;01; 9999; 9999; 9999; 9999; 9999; 9999; 9999; 9999; 9999; 9999; 9999; 9999; 9999; 9999; 9999; 9999; 9999; 9999; 9999; 9999; 9999; 9999; 9999; 9999; 9999; 9999; 9999; 9999; 9999; 9999; 9999
1966;02; 9999; 9999; 9999; 9999; 9999; 9999; 9999; 9999; 9999; 9999; 9999; 9999; 9999; 9999; 9999; 9999; 9999; 9999; 9999; 9999; 9999; 9999; 9999; 9999; 9999; 9999; 9999; 9999; 9999; 9999; 9999
1966;03; 9999; 9999; 9999; 9999; 9999; 9999; 9999; 9999; 9999; 9999; 9999; 9999; 9999; 9999; 9999; 9999; 9999; 9999; 9999; 9999; 9999; 9999; 9999; 9999; 9999; 9999; 9999; 9999; 9999; 9999; 9999
1966;04; 9999; 9999; 9999; 9999; 9999; 9999; 9999; 9999; 9999; 9999; 9999; 9999; 9999; 9999; 9999; 9999; 9999; 9999; 9999; 9999; 9999; 9999; 9999; 9999; 9999; 9999; 9999; 9999; 9999; 9999; 9999
1966;05; 9999; 9999; 9999; 9999; 9999; 9999; 9999; 9999; 9999; 9999; 9999; 9999; 9999; 9999; 9999; 9999; 9999; 9999; 9999; 9999; 9999; 9999; 9999; 9999; 9999; 9999; 9999; 9999; 9999; 9999; 9999
1966;06; 9999; 9999; 9999; 9999; 9999; 9999; 9999; 9999; 9999; 9999; 9999; 9999; 9999; 9999; 9999; 9999; 9999; 9999; 9999; 9999; 9999; 9999; 9999; 9999; 9999; 9999; 9999; 9999; 9999; 9999; 9999
1966;07; 9999; 9999; 9999; 9999; 9999; 9999; 9999; 9999; 9999; 9999; 9999; 9999; 9999; 9999; 9999; 9999; 9999; 9999; 9999; 9999; 9999; 9999; 9999; 9999; 9999; 9999; 9999; 9999; 9999; 9999; 9999
1966;08; 9999; 9999; 9999; 9999; 9999; 9999; 9999; 9999; 9999; 9999; 9999; 9999; 9999; 9999; 9999; 9999; 9999; 9999; 9999; 9999; 9999; 9999; 9999; 9999; 9999; 9999; 9999; 9999; 9999; 9999; 9999
1966;09; 9999; 9999; 9999; 9999; 9999; 9999; 9999; 9999; 9999; 9999; 9999; 9999; 9999; 9999; 9999; 9999; 9999; 9999; 9999; 9999; 9999; 9999; 9999; 9999; 9999; 9999; 9999; 9999; 9999; 9999; 9999
1966;10; 9999; 9999; 9999; 9999; 9999; 9999; 9999; 9999; 9999; 9999; 9999; 9999; 9999; 9999; 9999; 9999; 9999; 9999; 9999; 9999; 9999; 9999; 9999; 9999; 9999; 9999; 9999; 9999; 9999; 9999; 9999
1966;11; 9999; 9999; 9999; 9999; 9999; 9999; 9999; 9999; 9999; 9999; 9999; 9999; 9999; 9999; 9999; 9999; 9999; 9999; 9999; 9999; 9999; 9999; 9999; 9999; 9999; 9999; 9999; 9999; 9999; 9999; 9999
1966;12; 9999; 9999; 9999; 9999; 9999; 9999; 9999; 9999; 9999; 9999; 9999; 9999; 9999; 9999; 9999; 9999; 9999; 9999; 9999; 9999; 9999; 9999; 9999; 9999; 9999; 9999; 9999; 9999; 9999; 9999; 9999
1967;01; 9999; 9999; 9999; 9999; 9999; 9999; 9999; 9999; 9999; 9999; 9999; 9999; 9999; 9999; 9999; 9999; 9999; 9999; 9999; 9999; 9999; 9999; 9999; 9999; 9999; 9999; 9999; 9999; 9999; 9999; 9999
1967;02; 9999; 9999; 9999; 9999; 9999; 9999; 9999; 9999; 9999; 9999; 9999; 9999; 9999; 9999; 9999; 9999; 9999; 9999; 9999; 9999; 9999; 9999; 9999; 9999; 9999; 9999; 9999; 9999; 9999; 9999; 9999
1967;03; 9999; 9999; 9999; 9999; 9999; 9999; 9999; 9999; 9999; 9999; 9999; 9999; 9999; 9999; 9999; 9999; 9999; 9999; 9999; 9999; 9999; 9999; 9999; 9999; 9999; 9999; 9999; 9999; 9999; 9999; 9999
1967;04; 9999; 9999; 9999; 9999; 9999; 9999; 9999; 9999; 9999; 9999; 9999; 9999; 9999; 9999; 9999; 9999; 9999; 9999; 9999; 9999; 9999; 9999; 9999; 9999; 9999; 9999; 9999; 9999; 9999; 9999; 9999
1967;05; 9999; 9999; 9999; 9999; 9999; 9999; 9999; 9999; 9999; 9999; 9999; 9999; 9999; 9999; 9999; 9999; 9999; 9999; 9999; 9999; 9999; 9999; 9999; 9999; 9999; 9999; 9999; 9999; 9999; 9999; 9999
1967;06; 9999; 9999; 9999; 9999; 9999; 9999; 9999; 9999; 9999; 9999; 9999; 9999; 9999; 9999; 9999; 9999; 9999; 9999; 9999; 9999; 9999; 9999; 9999; 9999; 9999; 9999; 9999; 9999; 9999; 9999; 9999
1967;07; 9999; 9999; 9999; 9999; 9999; 9999; 9999; 9999; 9999; 9999; 9999; 9999; 9999; 9999; 9999; 9999; 9999; 9999; 9999; 9999; 9999; 9999; 9999; 9999; 9999; 9999; 9999; 9999; 9999; 9999; 9999
1967;08; 9999; 9999; 9999; 9999; 9999; 9999; 9999; 9999; 9999; 9999; 9999; 9999; 9999; 9999; 9999; 9999; 9999; 9999; 9999; 9999; 9999; 9999; 9999; 9999; 9999; 9999; 9999; 9999; 9999; 9999; 9999
1967;09; 9999; 9999; 9999; 9999; 9999; 9999; 9999; 9999; 9999; 9999; 9999; 9999; 9999; 9999; 9999; 9999; 9999; 9999; 9999; 9999; 9999; 9999; 9999; 9999; 9999; 9999; 9999; 9999; 9999; 9999; 9999
1967;10; 9999; 9999; 9999; 9999; 9999; 9999; 9999; 9999; 9999; 9999; 9999; 9999; 9999; 9999; 9999; 9999; 9999; 9999; 9999; 9999; 9999; 9999; 9999; 9999; 9999; 9999; 9999; 9999; 9999; 9999; 9999
1967;11; 9999; 9999; 9999; 9999; 9999; 9999; 9999; 9999; 9999; 9999; 9999; 9999; 9999; 9999; 9999; 9999; 9999; 9999; 9999; 9999; 9999; 9999; 9999; 9999; 9999; 9999; 9999; 9999; 9999; 9999; 9999
1967;12; 9999; 9999; 9999; 9999; 9999; 9999; 9999; 9999; 9999; 9999; 9999; 9999; 9999; 9999; 9999; 9999; 9999; 9999; 9999; 9999; 9999; 9999; 9999; 9999; 9999; 9999; 9999; 9999; 9999; 9999; 9999
1968;01; 9999; 9999; 9999; 9999; 9999; 9999; 9999; 9999; 9999; 9999; 9999; 9999; 9999; 9999; 9999; 9999; 9999; 9999; 9999; 9999; 9999; 9999; 9999; 9999; 9999; 9999; 9999; 9999; 9999; 9999; 9999
1968;02; 9999; 9999; 9999; 9999; 9999; 9999; 9999; 9999; 9999; 9999; 9999; 9999; 9999; 9999; 9999; 9999; 9999; 9999; 9999; 9999; 9999; 9999; 9999; 9999; 9999; 9999; 9999; 9999; 9999; 9999; 9999
1968;03; 9999; 9999; 9999; 9999; 9999; 9999; 9999; 9999; 9999; 9999; 9999; 9999; 9999; 9999; 9999; 9999; 9999; 9999; 9999; 9999; 9999; 9999; 9999; 9999; 9999; 9999; 9999; 9999; 9999; 9999; 9999
1968;04; 9999; 9999; 9999; 9999; 9999; 9999; 9999; 9999; 9999; 9999; 9999; 9999; 9999; 9999; 9999; 9999; 9999; 9999; 9999; 9999; 9999; 9999; 9999; 9999; 9999; 9999; 9999; 9999; 9999; 9999; 9999
1968;05; 9999; 9999; 9999; 9999; 9999; 9999; 9999; 9999; 9999; 9999; 9999; 9999; 9999; 9999; 9999; 9999; 9999; 9999; 9999; 9999; 9999; 9999; 9999; 9999; 9999; 9999; 9999; 9999; 9999; 9999; 9999
1968;06; 9999; 9999; 9999; 9999; 9999; 9999; 9999; 9999; 9999; 9999; 9999; 9999; 9999; 9999; 9999; 9999; 9999; 9999; 9999; 9999; 9999; 9999; 9999; 9999; 9999; 9999; 9999; 9999; 9999; 9999; 9999
1968;07; 9999; 9999; 9999; 9999; 9999; 9999; 9999; 9999; 9999; 9999; 9999; 9999; 9999; 9999; 9999; 9999; 9999; 9999; 9999; 9999; 9999; 9999; 9999; 9999; 9999; 9999; 9999; 9999; 9999; 9999; 9999
1968;08; 9999; 9999; 9999; 9999; 9999; 9999; 9999; 9999; 9999; 9999; 9999; 9999; 9999; 9999; 9999; 9999; 9999; 9999; 9999; 9999; 9999; 9999; 9999; 9999; 9999; 9999; 9999; 9999; 9999; 9999; 9999
1968;09; 9999; 9999; 9999; 9999; 9999; 9999; 9999; 9999; 9999; 9999; 9999; 9999; 9999; 9999; 9999; 9999; 9999; 9999; 9999; 9999; 9999; 9999; 9999; 9999; 9999; 9999; 9999; 9999; 9999; 9999; 9999
1968;10; 9999; 9999; 9999; 9999; 9999; 9999; 9999; 9999; 9999; 9999; 9999; 9999; 9999; 9999; 9999; 9999; 9999; 9999; 9999; 9999; 9999; 9999; 9999; 9999; 9999; 9999; 9999; 9999; 9999; 9999; 9999
1968;11; 9999; 9999; 9999; 9999; 9999; 9999; 9999; 9999; 9999; 9999; 9999; 9999; 9999; 9999; 9999; 9999; 9999; 9999; 9999; 9999; 9999; 9999; 9999; 9999; 9999; 9999; 9999; 9999; 9999; 9999; 9999
1968;12; 9999; 9999; 9999; 9999; 9999; 9999; 9999; 9999; 9999; 9999; 9999; 9999; 9999; 9999; 9999; 9999; 9999; 9999; 9999; 9999; 9999; 9999; 9999; 9999; 9999; 9999; 9999; 9999; 9999; 9999; 9999
1969;01; 9999; 9999; 9999; 9999; 9999; 9999; 9999; 9999; 9999; 9999; 9999; 9999; 9999; 9999; 9999; 9999; 9999; 9999; 9999; 9999; 9999; 9999; 9999; 9999; 9999; 9999; 9999; 9999; 9999; 9999; 9999
1969;02; 9999; 9999; 9999; 9999; 9999; 9999; 9999; 9999; 9999; 9999; 9999; 9999; 9999; 9999; 9999; 9999; 9999; 9999; 9999; 9999; 9999; 9999; 9999; 9999; 9999; 9999; 9999; 9999; 9999; 9999; 9999
1969;03; 9999; 9999; 9999; 9999; 9999; 9999; 9999; 9999; 9999; 9999; 9999; 9999; 9999; 9999; 9999; 9999; 9999; 9999; 9999; 9999; 9999; 9999; 9999; 9999; 9999; 9999; 9999; 9999; 9999; 9999; 9999
1969;04; 9999; 9999; 9999; 9999; 9999; 9999; 9999; 9999; 9999; 9999; 9999; 9999; 9999; 9999; 9999; 9999; 9999; 9999; 9999; 9999; 9999; 9999; 9999; 9999; 9999; 9999; 9999; 9999; 9999; 9999; 9999
1969;05; 9999; 9999; 9999; 9999; 9999; 9999; 9999; 9999; 9999; 9999; 9999; 9999; 9999; 9999; 9999; 9999; 9999; 9999; 9999; 9999; 9999; 9999; 9999; 9999; 9999; 9999; 9999; 9999; 9999; 9999; 9999
1969;06; 9999; 9999; 9999; 9999; 9999; 9999; 9999; 9999; 9999; 9999; 9999; 9999; 9999; 9999; 9999; 9999; 9999; 9999; 9999; 9999; 9999; 9999; 9999; 9999; 9999; 9999; 9999; 9999; 9999; 9999; 9999
1969;07; 9999; 9999; 9999; 9999; 9999; 9999; 9999; 9999; 9999; 9999; 9999; 9999; 9999; 9999; 9999; 9999; 9999; 9999; 9999; 9999; 9999; 9999; 9999; 9999; 9999; 9999; 9999; 9999; 9999; 9999; 9999
1969;08; 9999; 9999; 9999; 9999; 9999; 9999; 9999; 9999; 9999; 9999; 9999; 9999; 9999; 9999; 9999; 9999; 9999; 9999; 9999; 9999; 9999; 9999; 9999; 9999; 9999; 9999; 9999; 9999; 9999; 9999; 9999
1969;09; 9999; 9999; 9999; 9999; 9999; 9999; 9999; 9999; 9999; 9999; 9999; 9999; 9999; 9999; 9999; 9999; 9999; 9999; 9999; 9999; 9999; 9999; 9999; 9999; 9999; 9999; 9999; 9999; 9999; 9999; 9999
1969;10; 9999; 9999; 9999; 9999; 9999; 9999; 9999; 9999; 9999; 9999; 9999; 9999; 9999; 9999; 9999; 9999; 9999; 9999; 9999; 9999; 9999; 9999; 9999; 9999; 9999; 9999; 9999; 9999; 9999; 9999; 9999
1969;11; 9999; 9999; 9999; 9999; 9999; 9999; 9999; 9999; 9999; 9999; 9999; 9999; 9999; 9999; 9999; 9999; 9999; 9999; 9999; 9999; 9999; 9999; 9999; 9999; 9999; 9999; 9999; 9999; 9999; 9999; 9999
1969;12; 9999; 9999; 9999; 9999; 9999; 9999; 9999; 9999; 9999; 9999; 9999; 9999; 9999; 9999; 9999; 9999; 9999; 9999; 9999; 9999; 9999; 9999; 9999; 9999; 9999; 9999; 9999; 9999; 9999; 9999; 9999
1970;01; 396; 8; 0; 28; 0; 0; 0; 0; 0; 330; 0; 0; 0; 2; 0; 410; 426; 106; 754; 174; 0; 0; 0; 0; 0; 0; 0; 32; 5; 0; 144
1970;02; 0; 82; 0; 0; 364; 26; 0; 48; 0; 0; 198; 378; 156; 64; 368; 388; 106; 38; 230; 52; 360; 584; 570; 222; 0; 48; 0; 42; 9999; 9999; 9999
1970;03; 22; 20; 0; 2; 0; 0; 0; 0; 0; 0; 8; 0; 38; 0; 472; 0; 0; 148; 0; 42; 0; 0; 8; 50; 0; 0; 224; 0; 0; 0; 0
1970;04; 250; 48; 0; 482; 0; 48; 0; 0; 0; 0; 0; 0; 0; 0; 0; 0; 0; 0; 0; 0; 0; 0; 0; 0; 0; 0; 0; 0; 0; 0; 9999
1970;05; 0; 0; 0; 0; 0; 0; 0; 20; 18; 0; 0; 0; 0; 0; 0; 0; 0; 0; 0; 0; 146; 0; 0; 0; 0; 0; 0; 0; 0; 0; 0
1970;06; 0; 0; 0; 0; 0; 0; 0; 0; 0; 0; 0; 0; 0; 0; 0; 0; 0; 0; 64; 0; 0; 0; 54; 438; 24; 0; 0; 0; 46; 0; 9999
1970;07; 0; 0; 0; 0; 0; 0; 0; 0; 8; 0; 14; 52; 14; 0; 0; 0; 0; 0; 0; 0; 0; 0; 0; 0; 0; 40; 14; 0; 0; 0; 0
1970;08; 0; 0; 0; 0; 0; 0; 0; 0; 0; 0; 0; 0; 0; 0; 0; 0; 0; 0; 0; 0; 0; 0; 0; 0; 0; 118; 318; 12; 0; 30; 114
1970;09; 0; 0; 0; 0; 0; 88; 0; 0; 0; 38; 0; 0; 0; 0; 0; 90; 2; 0; 0; 0; 0; 12; 0; 0; 0; 0; 0; 0; 208; 20; 9999
1970;10; 20; 264; 12; 122; 12; 0; 0; 0; 0; 0; 0; 0; 70; 0; 0; 0; 0; 0; 0; 162; 60; 48; 534; 0; 258; 18; 0; 0; 0; 34; 0
1970;11; 0; 0; 0; 0; 0; 0; 0; 168; 232; 0; 0; 62; 0; 22; 58; 0; 0; 0; 0; 12; 42; 184; 0; 0; 0; 0; 0; 48; 124; 24; 9999
1970;12; 280; 0; 0; 0; 0; 0; 0; 0; 0; 496; 0; 0; 0; 170; 156; 114; 32; 0; 50; 286; 274; 0; 0; 0; 0; 70; 0; 0; 0; 0; 52
1971;01; 0; 50; 0; 26; 0; 0; 184; 0; 0; 0; 0; 0; 102; 120; 342; 0; 0; 5; 0; 0; 0; 14; 0; 0; 0; 0; 0; 0; 134; 0; 0
1971;02; 234; 0; 36; 0; 24; 100; 454; 38; 58; 0; 146; 0; 0; 8; 80; 24; 0; 0; 0; 0; 0; 44; 0; 0; 0; 122; 0; 166; 9999; 9999; 9999
1971;03; 0; 0; 0; 0; 0; 182; 312; 0; 122; 13; 0; 272; 28; 0; 0; 0; 0; 4; 0; 0; 90; 115; 0; 226; 0; 14; 0; 114; 0; 0; 0
1971;04; 0; 0; 0; 0; 0; 0; 0; 8; 33; 65; 0; 0; 254; 6; 0; 0; 4; 0; 0; 0; 0; 266; 322; 8; 0; 0; 0; 0; 0; 0; 9999
1971;05; 0; 70; 268; 0; 472; 0; 0; 0; 0; 0; 0; 0; 0; 0; 0; 0; 0; 0; 0; 0; 0; 0; 0; 0; 42; 14; 30; 0; 0; 0; 0
1971;06; 0; 0; 0; 0; 0; 0; 0; 0; 0; 0; 2; 216; 248; 40; 0; 254; 4; 25; 204; 52; 0; 0; 0; 0; 0; 0; 0; 0; 0; 0; 9999
1971;07; 0; 0; 0; 0; 60; 0; 0; 0; 0; 0; 0; 0; 0; 0; 0; 0; 0; 0; 0; 0; 0; 0; 0; 0; 0; 0; 0; 0; 0; 200; 0
1971;08; 0; 0; 0; 0; 0; 0; 0; 0; 0; 0; 0; 0; 0; 0; 0; 0; 0; 0; 0; 0; 0; 0; 0; 0; 0; 0; 0; 0; 0; 0; 0
1971;09; 0; 0; 0; 0; 0; 0; 80; 136; 0; 0; 80; 65; 0; 0; 0; 0; 0; 0; 0; 0; 0; 0; 0; 13; 175; 0; 0; 0; 20; 0; 9999
1971;10; 320; 0; 0; 12; 0; 150; 200; 0; 0; 0; 20; 100; 0; 0; 450; 52; 10; 0; 0; 0; 0; 0; 0; 0; 0; 30; 0; 240; 0; 0; 0
1971;11; 400; 480; 45; 50; 0; 0; 0; 0; 0; 0; 0; 0; 0; 0; 0; 0; 0; 50; 84; 0; 0; 0; 0; 116; 23; 0; 0; 14; 0; 0; 9999
1971;12; 8; 604; 25; 397; 0; 0; 0; 433; 56; 7; 54; 0; 132; 293; 0; 0; 0; 459; 152; 0; 2; 364; 187; 278; 655; 426; 133; 0; 0; 0; 0
1972;01; 12; 0; 14; 0; 27; 0; 252; 86; 98; 32; 116; 0; 0; 11; 0; 0; 2; 0; 0; 152; 32; 294; 592; 34; 0; 202; 322; 24; 272; 205; 0
1972;02; 256; 0; 65; 492; 48; 122; 54; 232; 0; 143; 0; 0; 27; 115; 174; 229; 108; 0; 302; 594; 255; 0; 194; 133; 0; 0; 365; 0; 0; 9999; 9999
1972;03; 0; 0; 0; 0; 214; 53; 0; 238; 0; 51; 122; 0; 62; 0; 0; 86; 56; 14; 0; 235; 0; 2; 0; 0; 0; 528; 0; 0; 0; 0; 74
1972;04; 203; 0; 88; 0; 0; 75; 79; 0; 0; 0; 0; 0; 0; 0; 74; 0; 0; 0; 0; 0; 0; 0; 0; 0; 0; 0; 62; 0; 0; 0; 9999
1972;05; 0; 75; 0; 0; 0; 0; 0; 3; 0; 0; 0; 0; 0; 0; 0; 0; 0; 0; 0; 0; 0; 0; 112; 772; 2; 0; 0; 0; 0; 0; 0
1972;06; 0; 0; 0; 0; 0; 0; 0; 0; 0; 0; 0; 0; 0; 0; 0; 0; 0; 0; 0; 0; 0; 0; 0; 0; 0; 0; 0; 0; 0; 0; 9999
1972;07; 0; 0; 0; 0; 0; 0; 0; 119; 8; 78; 53; 49; 649; 0; 1; 252; 14; 0; 0; 0; 0; 0; 0; 0; 0; 0; 49; 0; 0; 0; 0
1972;08; 0; 0; 0; 167; 251; 0; 156; 0; 0; 0; 0; 0; 0; 0; 0; 0; 0; 0; 0; 0; 0; 0; 12; 41; 0; 0; 0; 0; 0; 98; 0
1972;09; 3; 0; 0; 0; 2; 8; 0; 0; 0; 0; 65; 41; 0; 1; 0; 0; 0; 0; 0; 0; 0; 0; 0; 43; 14; 183; 0; 104; 127; 0; 9999
1972;10; 92; 85; 33; 166; 464; 0; 0; 0; 0; 264; 572; 0; 0; 0; 388; 0; 0; 0; 0; 0; 0; 0; 0; 0; 0; 0; 0; 15; 0; 642; 0
1972;11; 95; 68; 54; 407; 271; 0; 0; 41; 312; 0; 59; 122; 0; 47; 120; 24; 0; 0; 0; 214; 0; 0; 0; 0; 8; 12; 35; 0; 0; 0; 9999
1972;12; 771; 0; 0; 24; 0; 0; 0; 0; 0; 0; 0; 4; 9; 0; 0; 0; 0; 0; 2; 12; 0; 68; 615; 175; 0; 264; 0; 0; 177; 8; 84
1973;01; 0; 603; 107; 0; 0; 248; 0; 0; 0; 0; 0; 0; 0; 431; 0; 853; 166; 0; 5; 0; 0; 129; 96; 34; 0; 0; 0; 0; 0; 0; 0
1973;02; 5; 0; 55; 48; 8; 46; 238; 0; 0; 0; 28; 0; 0; 81; 277; 87; 0; 0; 185; 168; 71; 0; 0; 0; 8; 0; 193; 8; 9999; 9999; 9999
1973;03; 29; 0; 34; 0; 75; 0; 0; 0; 62; 412; 11; 0; 0; 0; 0; 0; 0; 8; 0; 0; 88; 0; 0; 42; 18; 0; 0; 0; 0; 460; 38
1973;04; 244; 38; 15; 0; 0; 0; 0; 12; 56; 12; 311; 439; 175; 0; 0; 42; 0; 0; 0; 0; 212; 0; 0; 0; 0; 0; 0; 0; 0; 0; 9999
1973;05; 0; 0; 0; 0; 18; 50; 0; 0; 0; 12; 0; 12; 0; 0; 0; 0; 0; 0; 0; 0; 0; 224; 0; 0; 11; 0; 0; 0; 0; 0; 0
1973;06; 0; 0; 0; 0; 0; 0; 0; 0; 0; 0; 0; 0; 0; 0; 0; 0; 0; 71; 0; 0; 2; 0; 0; 0; 2; 0; 11; 16; 3; 1; 9999
1973;07; 0; 0; 16; 0; 0; 0; 0; 0; 0; 0; 0; 0; 0; 0; 0; 0; 0; 0; 0; 0; 0; 32; 0; 0; 0; 0; 0; 146; 0; 2; 0
1973;08; 0; 0; 0; 0; 0; 20; 3; 0; 0; 0; 0; 0; 0; 0; 0; 14; 0; 0; 0; 0; 0; 0; 0; 0; 0; 0; 0; 0; 0; 0; 0
1973;09; 0; 426; 0; 0; 0; 0; 0; 0; 0; 4; 16; 0; 0; 0; 0; 0; 0; 0; 0; 0; 0; 9; 0; 0; 0; 152; 0; 53; 0; 0; 9999
1973;10; 0; 0; 0; 0; 0; 0; 108; 0; 229; 317; 29; 219; 0; 0; 0; 0; 0; 0; 583; 0; 0; 0; 0; 0; 0; 8; 78; 0; 0; 0; 162
1973;11; 381; 78; 48; 0; 0; 0; 0; 0; 0; 2; 0; 19; 42; 75; 0; 0; 798; 191; 286; 0; 0; 0; 0; 43; 0; 0; 0; 0; 0; 0; 9999
1973;12; 39; 0; 21; 114; 104; 195; 452; 121; 104; 0; 0; 0; 0; 0; 0; 38; 3; 172; 117; 4; 228; 607; 0; 571; 427; 62; 0; 243; 0; 233; 195
1974;01; 651; 34; 65; 0; 55; 11; 208; 83; 7; 184; 165; 170; 253; 193; 45; 0; 434; 35; 0; 0; 0; 9; 0; 0; 8; 135; 74; 44; 132; 0; 851
1974;02; 225; 234; 149; 0; 4; 0; 8; 0; 12; 3; 0; 124; 3; 123; 0; 2; 43; 0; 0; 0; 63; 0; 0; 2; 54; 0; 0; 0; 9999; 9999; 9999
1974;03; 0; 0; 0; 0; 0; 0; 121; 186; 172; 269; 191; 524; 139; 268; 5; 43; 0; 652; 629; 531; 29; 0; 0; 168; 12; 0; 0; 17; 0; 3; 0
1974;04; 4; 0; 0; 0; 354; 0; 0; 2; 0; 6; 0; 36; 78; 346; 0; 0; 0; 0; 0; 0; 0; 0; 0; 35; 53; 0; 0; 0; 0; 0; 9999
1974;05; 0; 0; 0; 0; 0; 0; 0; 2; 0; 0; 0; 0; 106; 4; 2; 1; 0; 0; 3; 9; 0; 0; 0; 0; 0; 0; 0; 0; 2; 0; 2
1974;06; 0; 0; 2; 56; 49; 2; 0; 0; 0; 0; 0; 0; 46; 3; 0; 0; 0; 0; 0; 0; 0; 243; 0; 4; 0; 91; 77; 4; 0; 0; 9999
1974;07; 0; 0; 0; 0; 0; 0; 0; 0; 0; 0; 0; 0; 0; 0; 0; 0; 0; 0; 0; 0; 0; 0; 0; 0; 0; 0; 0; 0; 0; 0; 0
1974;08; 0; 0; 0; 0; 0; 0; 0; 0; 0; 0; 0; 0; 9; 0; 0; 0; 0; 0; 0; 0; 0; 0; 0; 3; 0; 0; 0; 0; 0; 0; 0
1974;09; 0; 0; 0; 0; 4; 0; 0; 0; 0; 0; 0; 0; 0; 0; 0; 0; 0; 0; 0; 0; 82; 18; 0; 0; 0; 0; 28; 0; 53; 0; 9999
1974;10; 23; 73; 0; 0; 267; 0; 0; 0; 26; 0; 0; 0; 0; 0; 0; 0; 470; 0; 39; 27; 0; 0; 0; 0; 241; 110; 29; 6; 64; 112; 0
1974;11; 0; 0; 0; 0; 0; 32; 0; 0; 0; 0; 0; 0; 36; 0; 0; 0; 0; 0; 0; 0; 530; 105; 0; 0; 0; 0; 0; 29; 282; 0; 9999
1974;12; 15; 246; 165; 180; 77; 423; 165; 0; 0; 0; 0; 5; 4; 345; 246; 53; 43; 310; 535; 22; 594; 122; 33; 197; 40; 0; 276; 51; 0; 381; 33
1975;01; 424; 52; 7; 0; 0; 0; 336; 28; 0; 168; 0; 209; 3; 0; 0; 0; 0; 0; 47; 0; 0; 0; 0; 0; 0; 28; 0; 0; 158; 24; 19
1975;02; 0; 0; 153; 172; 95; 340; 43; 66; 23; 100; 0; 0; 0; 0; 0; 83; 0; 0; 0; 24; 0; 0; 526; 22; 38; 5; 0; 0; 9999; 9999; 9999
1975;03; 236; 0; 8; 0; 0; 0; 0; 0; 0; 66; 0; 0; 0; 0; 0; 12; 0; 0; 0; 0; 0; 0; 0; 151; 0; 0; 0; 14; 0; 4; 28
1975;04; 68; 0; 536; 0; 0; 0; 0; 0; 0; 594; 439; 3; 0; 0; 77; 21; 0; 0; 0; 0; 0; 0; 0; 0; 0; 0; 0; 0; 0; 0; 9999
1975;05; 8; 0; 0; 0; 0; 0; 5; 3; 0; 0; 0; 0; 0; 0; 0; 0; 0; 0; 0; 0; 0; 0; 0; 0; 0; 0; 0; 0; 0; 0; 0
1975;06; 0; 0; 0; 0; 0; 0; 0; 1; 1; 0; 0; 2; 0; 0; 0; 0; 0; 0; 0; 0; 0; 0; 0; 2; 1; 0; 0; 0; 0; 0; 9999
1975;07; 0; 0; 0; 313; 0; 58; 2; 1; 2; 1; 0; 0; 0; 0; 0; 0; 3; 4; 0; 0; 0; 0; 0; 0; 0; 0; 0; 0; 0; 0; 0
1975;08; 0; 0; 0; 0; 0; 0; 0; 0; 0; 0; 0; 0; 0; 0; 0; 0; 0; 0; 0; 0; 0; 0; 0; 0; 0; 0; 0; 0; 0; 0; 0
1975;09; 0; 0; 0; 0; 0; 0; 0; 0; 0; 0; 0; 0; 0; 0; 0; 0; 0; 0; 0; 0; 0; 0; 0; 18; 12; 0; 307; 194; 0; 80; 9999
1975;10; 266; 0; 167; 0; 0; 143; 0; 114; 0; 0; 148; 10; 0; 0; 65; 0; 35; 36; 142; 0; 0; 0; 0; 0; 0; 0; 0; 0; 0; 0; 18
1975;11; 0; 148; 0; 0; 0; 86; 428; 0; 0; 8; 0; 204; 0; 0; 0; 48; 212; 216; 0; 100; 520; 0; 86; 26; 125; 1035; 75; 34; 40; 210; 9999
1975;12; 84; 0; 0; 20; 0; 0; 0; 28; 0; 263; 0; 0; 85; 20; 0; 0; 0; 50; 46; 0; 0; 0; 0; 0; 670; 206; 30; 40; 20; 56; 0
1976;01; 0; 72; 37; 48; 107; 0; 28; 128; 0; 0; 28; 78; 0; 0; 0; 12; 0; 0; 0; 95; 0; 0; 0; 87; 0; 23; 0; 718; 204; 156; 565
1976;02; 351; 174; 224; 314; 0; 22; 52; 385; 0; 0; 0; 0; 0; 0; 0; 102; 218; 118; 170; 44; 6; 180; 100; 40; 50; 22; 66; 4; 0; 9999; 9999
1976;03; 20; 8; 10; 222; 0; 0; 0; 0; 225; 0; 0; 600; 133; 0; 10; 6; 95; 0; 35; 95; 0; 316; 0; 20; 0; 647; 5; 109; 0; 0; 0
1976;04; 0; 0; 0; 0; 0; 0; 0; 0; 0; 14; 16; 54; 50; 120; 50; 30; 0; 0; 0; 0; 0; 0; 0; 10; 0; 0; 0; 0; 0; 0; 9999
1976;05; 0; 0; 0; 0; 143; 0; 0; 0; 5; 100; 0; 424; 2; 1; 0; 0; 0; 0; 2; 38; 30; 0; 0; 0; 0; 0; 0; 0; 520; 3; 2
1976;06; 0; 3; 2; 0; 32; 125; 0; 2; 0; 0; 2; 0; 0; 0; 3; 0; 0; 0; 0; 0; 4; 0; 0; 0; 0; 0; 0; 0; 0; 0; 9999
1976;07; 0; 6; 800; 125; 3; 0; 3; 0; 3; 36; 0; 0; 0; 0; 0; 0; 0; 0; 0; 0; 0; 0; 0; 0; 0; 0; 0; 0; 0; 0; 0
1976;08; 0; 0; 0; 0; 0; 40; 0; 0; 0; 185; 40; 40; 135; 630; 20; 0; 0; 0; 0; 75; 15; 0; 0; 0; 0; 0; 0; 0; 0; 0; 0
1976;09; 0; 0; 0; 0; 4; 116; 50; 0; 0; 0; 0; 0; 32; 243; 24; 510; 0; 0; 0; 0; 0; 0; 116; 0; 0; 0; 92; 123; 0; 0; 9999
1976;10; 0; 0; 0; 0; 0; 43; 0; 0; 365; 100; 0; 0; 0; 0; 0; 0; 0; 124; 74; 12; 0; 10; 0; 0; 120; 195; 0; 0; 0; 87; 44
1976;11; 120; 45; 0; 123; 38; 145; 0; 0; 0; 30; 0; 0; 107; 0; 0; 30; 0; 0; 0; 300; 243; 153; 0; 0; 0; 0; 88; 0; 0; 0; 9999
1976;12; 0; 184; 30; 0; 0; 5; 0; 92; 80; 63; 0; 45; 10; 0; 30; 164; 168; 0; 0; 160; 14; 225; 12; 354; 68; 142; 90; 540; 4; 0; 228
1977;01; 0; 114; 0; 130; 260; 70; 540; 130; 0; 0; 0; 0; 0; 44; 0; 0; 138; 0; 492; 389; 0; 0; 100; 128; 260; 109; 15; 6; 0; 26; 193
1977;02; 341; 16; 0; 30; 56; 0; 0; 0; 0; 0; 90; 6; 0; 0; 0; 0; 0; 0; 0; 0; 0; 0; 161; 186; 0; 20; 132; 0; 9999; 9999; 9999
1977;03; 0; 0; 0; 0; 132; 5; 90; 0; 0; 0; 0; 62; 0; 14; 0; 0; 0; 0; 67; 6; 0; 244; 36; 136; 12; 0; 194; 0; 146; 0; 57
1977;04; 6; 0; 0; 413; 60; 0; 1; 0; 39; 506; 32; 0; 0; 0; 0; 0; 0; 0; 0; 550; 100; 595; 0; 0; 0; 0; 0; 0; 0; 0; 9999
1977;05; 0; 0; 20; 0; 0; 0; 0; 0; 4; 10; 0; 0; 0; 0; 0; 0; 75; 0; 0; 0; 0; 0; 0; 0; 0; 0; 0; 0; 0; 0; 0
1977;06; 0; 80; 0; 10; 113; 8; 0; 0; 0; 0; 0; 1; 1; 30; 2; 0; 0; 0; 0; 0; 0; 1; 30; 3; 30; 1; 0; 0; 3; 0; 9999
1977;07; 0; 0; 0; 0; 0; 0; 0; 0; 0; 0; 0; 0; 0; 0; 0; 0; 0; 0; 15; 0; 0; 0; 0; 0; 67; 1; 0; 0; 0; 0; 0
1977;08; 0; 0; 0; 0; 0; 0; 0; 0; 0; 0; 0; 0; 0; 0; 0; 0; 0; 0; 0; 0; 0; 0; 0; 0; 0; 0; 0; 0; 162; 242; 111
1977;09; 360; 158; 0; 0; 0; 0; 166; 17; 0; 0; 0; 0; 0; 0; 0; 0; 0; 1; 20; 4; 8; 0; 137; 30; 0; 0; 0; 0; 0; 0; 9999
1977;10; 0; 55; 0; 0; 0; 105; 0; 0; 0; 0; 0; 1; 0; 1; 0; 0; 4; 41; 0; 0; 0; 0; 1; 0; 0; 0; 4; 130; 54; 0; 0
1977;11; 0; 32; 0; 6; 0; 0; 0; 45; 0; 0; 0; 310; 25; 0; 55; 83; 210; 7; 85; 595; 95; 15; 0; 1; 73; 0; 43; 34; 26; 82; 9999
1977;12; 257; 313; 390; 241; 342; 320; 1; 110; 0; 40; 600; 0; 0; 0; 200; 0; 0; 70; 360; 0; 40; 240; 140; 220; 0; 0; 0; 0; 0; 0; 0
1978;01; 0; 45; 30; 20; 275; 70; 220; 15; 105; 745; 680; 50; 118; 46; 5; 0; 145; 0; 0; 0; 6; 140; 0; 0; 0; 1; 0; 0; 0; 0; 100
1978;02; 0; 0; 0; 0; 1; 76; 0; 0; 0; 0; 0; 0; 73; 88; 0; 258; 0; 0; 0; 0; 5; 965; 395; 3; 0; 10; 40; 32; 9999; 9999; 9999
1978;03; 70; 0; 40; 340; 10; 0; 0; 45; 310; 340; 740; 6; 0; 0; 70; 0; 0; 0; 0; 0; 0; 128; 0; 0; 0; 0; 0; 0; 322; 0; 1
1978;04; 0; 13; 0; 0; 0; 0; 1; 0; 0; 0; 10; 1; 2; 0; 0; 0; 10; 0; 0; 0; 17; 0; 110; 253; 2; 0; 2; 1; 0; 0; 9999
1978;05; 0; 1; 1; 1; 1; 0; 0; 1; 1; 1; 1; 0; 0; 0; 8; 0; 148; 180; 207; 3; 75; 28; 394; 2; 7; 6; 2; 3; 3; 190; 26
1978;06; 2; 3; 3; 0; 2; 0; 0; 0; 313; 4; 3; 3; 3; 3; 2; 2; 2; 1; 0; 0; 2; 2; 1; 1; 1; 2; 2; 1; 0; 0; 9999
1978;07; 1; 0; 0; 1; 1; 0; 0; 0; 0; 1; 1; 1; 0; 0; 0; 354; 4; 53; 4; 3; 130; 68; 7; 0; 1; 0; 0; 1; 0; 0; 0
1978;08; 0; 0; 0; 0; 0; 0; 0; 0; 0; 0; 0; 0; 0; 2; 3; 0; 0; 0; 0; 0; 0; 0; 0; 0; 0; 0; 0; 0; 0; 0; 0
1978;09; 0; 6; 0; 0; 0; 50; 5; 45; 0; 0; 0; 0; 0; 0; 0; 0; 30; 33; 0; 0; 0; 0; 0; 0; 0; 0; 0; 0; 0; 0; 9999
1978;10; 0; 0; 0; 0; 0; 0; 0; 0; 0; 0; 30; 0; 0; 23; 0; 0; 62; 0; 385; 150; 0; 0; 0; 0; 0; 0; 0; 6; 29; 217; 200
1978;11; 115; 0; 615; 62; 6; 85; 0; 0; 0; 0; 820; 850; 2; 1; 0; 0; 242; 87; 0; 1; 0; 271; 0; 24; 0; 0; 2; 164; 0; 0; 9999
1978;12; 0; 0; 0; 0; 0; 77; 339; 147; 458; 52; 0; 0; 0; 0; 26; 198; 630; 44; 0; 0; 0; 0; 0; 183; 16; 100; 404; 368; 455; 197; 0
1979;01; 0; 45; 7; 505; 0; 26; 0; 0; 0; 0; 0; 40; 91; 0; 0; 0; 0; 0; 0; 72; 1375; 655; 0; 0; 0; 10; 422; 175; 110; 275; 0
1979;02; 0; 0; 0; 66; 0; 10; 0; 0; 59; 76; 211; 7; 480; 370; 228; 0; 0; 161; 2; 0; 1; 0; 90; 0; 0; 0; 100; 0; 9999; 9999; 9999
1979;03; 0; 0; 150; 0; 0; 1; 1; 0; 63; 0; 102; 1; 346; 0; 140; 2; 1; 0; 30; 0; 0; 1; 0; 22; 217; 1; 2; 1; 0; 0; 0
1979;04; 0; 0; 0; 247; 170; 13; 0; 4; 0; 1; 1; 1; 0; 0; 0; 0; 0; 0; 0; 1; 0; 6; 0; 1; 1; 0; 0; 0; 87; 344; 9999
1979;05; 61; 55; 1; 378; 275; 0; 11; 3; 2; 2; 3; 1; 1; 0; 0; 0; 1; 0; 1; 0; 1; 1; 2; 23; 3; 2; 3; 0; 6; 345; 2
1979;06; 0; 5; 0; 2; 0; 0; 0; 0; 2; 2; 1; 1; 0; 0; 0; 0; 1; 2; 1; 2; 3; 2; 1; 1; 1; 1; 0; 0; 0; 0; 9999
1979;07; 0; 0; 0; 3; 0; 0; 0; 0; 0; 0; 0; 0; 0; 0; 0; 0; 0; 0; 0; 140; 2; 2; 0; 15; 103; 1; 69; 1; 0; 1; 0
1979;08; 0; 0; 0; 0; 0; 0; 0; 0; 0; 0; 0; 0; 0; 0; 0; 0; 0; 4; 172; 222; 1; 0; 0; 0; 0; 0; 108; 0; 0; 0; 0
1979;09; 0; 0; 29; 15; 34; 0; 0; 0; 0; 4; 68; 44; 0; 255; 628; 480; 10; 10; 1; 0; 0; 0; 180; 2; 0; 0; 0; 5; 0; 0; 9999
1979;10; 262; 1; 0; 0; 0; 0; 84; 183; 42; 0; 0; 0; 231; 440; 160; 24; 0; 0; 0; 0; 0; 0; 0; 0; 0; 0; 95; 0; 0; 0; 10
1979;11; 512; 2; 176; 25; 0; 0; 1; 420; 188; 99; 54; 0; 0; 0; 30; 0; 0; 0; 118; 0; 0; 0; 4; 1; 7; 480; 1; 0; 0; 0; 9999
1979;12; 0; 0; 331; 523; 193; 0; 0; 108; 0; 0; 25; 165; 163; 91; 4; 50; 17; 0; 0; 278; 197; 122; 99; 97; 254; 88; 470; 5; 0; 0; 11
1980;01; 202; 0; 0; 0; 0; 0; 4; 75; 204; 19; 8; 22; 0; 0; 0; 0; 0; 445; 67; 11; 28; 64; 97; 0; 344; 68; 503; 0; 80; 0; 0
1980;02; 7; 0; 0; 0; 0; 0; 0; 27; 200; 85; 688; 0; 94; 132; 31; 15; 42; 190; 43; 8; 0; 0; 360; 85; 81; 142; 123; 42; 49; 9999; 9999
1980;03; 42; 0; 0; 1; 1; 0; 3; 0; 0; 0; 0; 577; 401; 219; 180; 3; 56; 1; 0; 46; 1; 0; 0; 0; 1; 0; 0; 0; 0; 0; 9999
1980;04; 0; 12; 195; 104; 322; 19; 1; 0; 2; 8; 335; 0; 0; 3; 232; 57; 0; 0; 0; 0; 0; 0; 0; 0; 3; 0; 0; 0; 0; 2; 9999
1980;05; 28; 3; 3; 3; 2; 2; 2; 1; 0; 0; 49; 3; 9; 2; 0; 2; 0; 0; 6; 2; 0; 2; 2; 1; 1; 0; 1; 0; 0; 0; 0
1980;06; 0; 0; 1; 14; 0; 0; 1; 0; 0; 0; 0; 0; 0; 150; 0; 0; 0; 2; 3; 3; 0; 1; 1; 0; 22; 515; 148; 0; 0; 0; 9999
1980;07; 2; 3; 0; 0; 1; 0; 1; 0; 3; 1; 1; 0; 0; 0; 0; 0; 0; 1; 0; 0; 0; 0; 0; 0; 0; 0; 0; 0; 0; 0; 0
1980;08; 0; 0; 0; 0; 0; 0; 7; 0; 0; 0; 0; 0; 55; 0; 0; 0; 0; 9; 0; 0; 77; 0; 0; 0; 0; 0; 0; 0; 0; 0; 0
1980;09; 0; 0; 0; 0; 0; 0; 0; 15; 0; 0; 0; 0; 156; 29; 0; 1; 0; 35; 119; 0; 218; 45; 0; 2; 0; 2; 3; 225; 0; 0; 9999
1980;10; 0; 0; 0; 0; 0; 0; 0; 24; 73; 5; 137; 234; 126; 0; 0; 0; 0; 0; 0; 0; 0; 0; 0; 0; 0; 0; 0; 0; 0; 0; 74
1980;11; 0; 0; 0; 0; 36; 0; 5; 908; 5; 232; 11; 149; 0; 0; 0; 0; 0; 0; 0; 392; 0; 0; 160; 20; 512; 0; 0; 0; 200; 142; 9999
1980;12; 480; 734; 53; 132; 146; 180; 0; 30; 0; 15; 0; 351; 0; 0; 230; 0; 0; 0; 4; 0; 20; 616; 3; 5; 70; 90; 48; 34; 0; 20; 311
1981;01; 0; 45; 0; 11; 0; 0; 4; 67; 27; 12; 258; 231; 15; 211; 257; 193; 40; 0; 0; 0; 186; 171; 13; 277; 176; 830; 33; 154; 0; 0; 0
1981;02; 91; 0; 13; 0; 9; 0; 0; 14; 140; 497; 65; 171; 0; 0; 0; 0; 0; 0; 0; 0; 0; 0; 0; 0; 0; 0; 4; 2; 9999; 9999; 9999
1981;03; 0; 0; 0; 44; 0; 0; 99; 223; 68; 1; 0; 0; 0; 0; 3; 0; 0; 254; 51; 0; 0; 0; 0; 0; 0; 0; 70; 200; 382; 80; 9999
1981;04; 3; 0; 0; 0; 1; 20; 0; 0; 0; 0; 0; 0; 0; 0; 0; 9; 0; 0; 0; 0; 0; 0; 0; 75; 0; 2; 0; 159; 1; 0; 9999
1981;05; 0; 0; 0; 0; 0; 0; 0; 0; 0; 0; 0; 0; 0; 0; 0; 0; 0; 1; 0; 0; 0; 0; 0; 0; 0; 1; 0; 32; 160; 0; 0
1981;06; 0; 0; 0; 0; 0; 0; 419; 0; 1; 1; 0; 0; 0; 0; 0; 45; 313; 2; 2; 1; 30; 0; 0; 0; 0; 0; 0; 0; 0; 0; 9999
1981;07; 0; 0; 0; 0; 0; 0; 0; 0; 3; 1; 1; 0; 0; 0; 0; 0; 0; 0; 0; 0; 0; 0; 0; 0; 0; 0; 0; 0; 0; 0; 0
1981;08; 0; 0; 0; 0; 0; 0; 0; 0; 0; 0; 0; 0; 0; 0; 0; 0; 0; 34; 1; 0; 0; 0; 0; 0; 0; 0; 0; 0; 0; 0; 0
1981;09; 0; 0; 0; 13; 0; 0; 0; 0; 0; 0; 0; 0; 0; 0; 0; 0; 0; 0; 0; 0; 0; 0; 0; 0; 0; 40; 9; 0; 0; 0; 9999
1981;10; 0; 0; 32; 33; 50; 4; 116; 0; 0; 0; 4; 333; 92; 0; 0; 431; 1; 0; 37; 925; 1; 1; 0; 0; 0; 0; 164; 0; 0; 226; 0
1981;11; 7; 175; 181; 127; 0; 0; 0; 288; 9; 21; 30; 17; 43; 56; 0; 0; 0; 0; 225; 8; 52; 0; 0; 0; 0; 0; 0; 0; 0; 200; 9999
1981;12; 23; 141; 186; 0; 139; 450; 143; 150; 366; 631; 0; 85; 77; 0; 0; 113; 53; 490; 0; 0; 0; 0; 0; 0; 0; 0; 55; 268; 15; 0; 1
1982;01; 0; 223; 579; 0; 0; 0; 32; 1; 11; 613; 200; 1183; 32; 0; 0; 0; 0; 0; 4; 2; 91; 0; 235; 92; 223; 100; 171; 238; 243; 66; 0
1982;02; 6; 323; 262; 0; 363; 518; 200; 0; 65; 0; 0; 0; 0; 0; 0; 0; 0; 0; 0; 0; 0; 145; 3; 25; 94; 0; 241; 64; 9999; 9999; 9999
1982;03; 22; 16; 42; 0; 0; 0; 5; 0; 32; 510; 142; 95; 30; 171; 58; 87; 347; 121; 75; 245; 4; 60; 107; 0; 30; 0; 0; 11; 0; 6; 0
1982;04; 0; 0; 0; 0; 0; 0; 0; 0; 0; 0; 0; 0; 0; 78; 250; 0; 0; 0; 0; 0; 0; 0; 0; 0; 0; 0; 0; 0; 0; 0; 9999
1982;05; 100; 0; 1; 0; 0; 0; 0; 0; 0; 0; 0; 0; 0; 0; 0; 0; 0; 4; 66; 50; 3; 0; 24; 0; 61; 45; 0; 1; 1; 0; 223
1982;06; 5; 0; 0; 0; 10; 61; 1; 0; 0; 0; 0; 0; 67; 1; 0; 0; 36; 0; 0; 0; 0; 0; 0; 0; 5; 0; 0; 0; 0; 162; 9999
1982;07; 0; 0; 0; 0; 0; 0; 0; 0; 0; 0; 0; 0; 1; 32; 2; 0; 136; 0; 103; 0; 0; 0; 0; 0; 0; 0; 0; 0; 0; 26; 0
1982;08; 0; 0; 0; 0; 10; 0; 13; 0; 0; 0; 55; 0; 0; 0; 0; 0; 0; 0; 0; 0; 0; 0; 0; 5; 0; 0; 19; 150; 0; 0; 0
1982;09; 0; 0; 0; 0; 0; 36; 0; 0; 0; 0; 0; 0; 0; 0; 0; 0; 0; 0; 0; 0; 0; 21; 0; 0; 0; 0; 6; 204; 0; 0; 9999
1982;10; 0; 96; 428; 106; 0; 0; 20; 16; 54; 9; 288; 0; 0; 137; 0; 0; 0; 34; 219; 0; 93; 29; 0; 8; 0; 0; 534; 0; 75; 16; 0
1982;11; 0; 20; 0; 0; 0; 217; 0; 0; 0; 33; 26; 65; 0; 0; 4; 26; 16; 0; 0; 11; 11; 7; 0; 125; 0; 328; 154; 0; 0; 0; 9999
1982;12; 40; 0; 135; 0; 0; 0; 271; 71; 0; 31; 33; 27; 34; 0; 0; 414; 491; 87; 48; 71; 246; 91; 24; 670; 0; 0; 0; 0; 69; 69; 113
1983;01; 160; 0; 0; 0; 0; 65; 165; 0; 120; 0; 0; 0; 860; 820; 406; 204; 300; 200; 60; 900; 0; 0; 0; 0; 0; 134; 88; 12; 23; 22; 82
1983;02; 870; 855; 223; 74; 36; 150; 202; 518; 32; 50; 4; 145; 23; 0; 12; 0; 0; 0; 187; 0; 0; 0; 47; 0; 0; 14; 6; 47; 9999; 9999; 9999
1983;03; 0; 382; 3; 500; 175; 357; 34; 412; 0; 0; 0; 0; 34; 0; 24; 0; 0; 0; 244; 196; 8; 0; 5; 0; 0; 0; 0; 63; 0; 0; 0
1983;04; 0; 4; 7; 0; 0; 2; 156; 10; 0; 0; 17; 103; 103; 0; 0; 0; 0; 0; 0; 6; 40; 2; 0; 0; 655; 333; 0; 0; 0; 0; 9999
1983;05; 0; 0; 0; 0; 0; 0; 0; 0; 5; 0; 0; 0; 3; 0; 0; 0; 0; 0; 0; 261; 17; 0; 296; 122; 0; 0; 0; 0; 279; 219; 427
1983;06; 13; 119; 100; 42; 66; 0; 40; 0; 0; 0; 0; 0; 0; 0; 0; 0; 0; 0; 0; 0; 0; 0; 0; 0; 0; 0; 0; 0; 0; 0; 9999
1983;07; 0; 0; 0; 0; 0; 0; 0; 0; 0; 0; 0; 0; 0; 0; 0; 0; 0; 200; 180; 170; 1; 0; 0; 0; 0; 0; 0; 0; 0; 0; 0
1983;08; 0; 0; 0; 0; 0; 0; 0; 0; 0; 0; 0; 0; 0; 0; 0; 0; 0; 0; 0; 0; 0; 0; 0; 0; 0; 0; 0; 0; 0; 0; 0
1983;09; 0; 0; 0; 0; 0; 100; 260; 340; 0; 0; 0; 0; 130; 0; 0; 0; 110; 0; 440; 0; 0; 0; 0; 420; 20; 0; 0; 0; 0; 0; 9999
1983;10; 0; 0; 160; 0; 0; 0; 0; 200; 0; 0; 0; 0; 0; 440; 1100; 80; 0; 300; 0; 0; 0; 0; 290; 280; 0; 0; 0; 0; 0; 0; 72
1983;11; 0; 0; 75; 0; 295; 0; 0; 0; 0; 0; 63; 340; 380; 0; 38; 68; 0; 0; 0; 180; 200; 0; 0; 0; 0; 0; 0; 0; 0; 0; 9999
1983;12; 0; 0; 0; 0; 0; 0; 40; 160; 0; 170; 0; 40; 70; 200; 0; 320; 0; 0; 0; 0; 0; 40; 300; 0; 0; 0; 290; 290; 100; 160; 0
1984;01; 46; 7; 0; 0; 0; 0; 0; 0; 279; 0; 0; 0; 0; 0; 0; 0; 0; 0; 0; 0; 0; 363; 253; 125; 143; 121; 279; 243; 0; 0; 0
1984;02; 0; 0; 0; 0; 0; 0; 120; 0; 0; 55; 0; 113; 0; 0; 0; 65; 0; 0; 293; 0; 0; 0; 209; 0; 0; 0; 0; 0; 0; 9999; 9999
1984;03; 0; 0; 0; 205; 118; 0; 45; 73; 344; 0; 0; 0; 0; 0; 0; 0; 0; 0; 0; 0; 0; 34; 0; 0; 0; 0; 20; 0; 0; 552; 0
1984;04; 0; 0; 0; 122; 0; 0; 0; 273; 192; 0; 0; 0; 0; 0; 0; 101; 0; 0; 133; 29; 0; 0; 0; 0; 0; 0; 0; 0; 47; 38; 9999
1984;05; 0; 0; 175; 49; 0; 0; 0; 0; 0; 0; 0; 0; 0; 0; 0; 29; 0; 77; 129; 0; 0; 0; 0; 0; 0; 0; 0; 0; 0; 0; 0
1984;06; 0; 0; 0; 0; 0; 0; 0; 0; 0; 0; 0; 0; 0; 0; 0; 0; 0; 0; 0; 0; 0; 0; 0; 0; 0; 0; 0; 0; 0; 0; 9999
1984;07; 0; 0; 0; 0; 1; 0; 0; 0; 0; 0; 0; 0; 0; 0; 0; 0; 0; 0; 0; 0; 0; 0; 0; 0; 0; 0; 0; 83; 0; 0; 0
1984;08; 0; 67; 259; 123; 0; 0; 0; 0; 0; 0; 0; 0; 0; 0; 0; 0; 0; 0; 0; 29; 157; 26; 227; 0; 0; 0; 0; 0; 0; 165; 0
1984;09; 0; 0; 0; 0; 0; 0; 142; 35; 293; 0; 0; 0; 0; 0; 0; 64; 0; 0; 92; 0; 94; 0; 0; 0; 0; 0; 357; 0; 0; 0; 9999
1984;10; 0; 0; 0; 0; 0; 0; 139; 0; 0; 0; 0; 0; 0; 0; 0; 0; 57; 269; 28; 0; 0; 0; 0; 0; 36; 0; 0; 0; 0; 0; 0
1984;11; 0; 0; 0; 0; 0; 65; 0; 0; 0; 79; 41; 249; 147; 0; 0; 0; 125; 89; 133; 217; 0; 0; 0; 87; 253; 339; 163; 0; 0; 0; 9999
1984;12; 83; 495; 47; 19; 61; 0; 47; 89; 0; 0; 0; 66; 475; 382; 48; 86; 0; 0; 0; 0; 0; 0; 0; 0; 138; 0; 88; 444; 67; 139; 225
1985;01; 0; 0; 0; 444; 109; 122; 467; 578; 994; 0; 0; 0; 273; 0; 49; 117; 359; 122; 426; 269; 77; 133; 25; 118; 148; 233; 37; 24; 0; 484; 313
1985;02; 227; 115; 86; 0; 0; 0; 0; 373; 0; 159; 151; 0; 0; 0; 0; 23; 0; 0; 0; 0; 41; 53; 49; 177; 79; 0; 223; 328; 9999; 9999; 9999
1985;03; 362; 175; 92; 44; 22; 0; 44; 0; 0; 86; 42; 0; 0; 0; 0; 632; 146; 0; 0; 0; 0; 0; 0; 0; 0; 0; 0; 143; 0; 0; 0
1985;04; 0; 0; 156; 28; 0; 0; 0; 87; 357; 0; 0; 63; 32; 219; 252; 0; 0; 0; 0; 0; 0; 0; 0; 75; 8; 0; 0; 0; 0; 93; 9999
1985;05; 0; 0; 0; 0; 0; 0; 0; 0; 0; 0; 0; 0; 0; 0; 0; 0; 0; 0; 0; 0; 46; 0; 0; 0; 0; 0; 0; 0; 0; 0; 9999
1985;06; 0; 0; 0; 0; 0; 0; 0; 0; 0; 0; 0; 0; 0; 0; 0; 0; 0; 0; 0; 0; 0; 0; 0; 0; 0; 0; 0; 0; 0; 0; 9999
1985;07; 0; 0; 0; 0; 0; 0; 0; 0; 0; 0; 0; 0; 0; 0; 0; 0; 0; 0; 0; 0; 0; 0; 0; 0; 0; 0; 0; 0; 0; 0; 0
1985;08; 0; 0; 0; 0; 0; 0; 0; 0; 0; 0; 0; 0; 0; 0; 0; 0; 0; 0; 0; 0; 0; 17; 0; 0; 0; 0; 0; 0; 0; 0; 0
1985;09; 0; 8; 0; 25; 0; 0; 0; 0; 0; 0; 0; 0; 0; 0; 0; 0; 0; 0; 0; 0; 0; 0; 35; 0; 0; 0; 0; 19; 26; 0; 9999
1985;10; 0; 0; 0; 0; 0; 0; 0; 0; 0; 153; 0; 0; 0; 0; 0; 0; 0; 0; 0; 0; 0; 0; 0; 0; 0; 27; 58; 693; 0; 0; 0
1985;11; 0; 336; 352; 249; 18; 0; 0; 0; 0; 0; 128; 0; 0; 0; 0; 0; 0; 0; 18; 24; 42; 0; 136; 64; 366; 83; 0; 0; 0; 0; 9999
1985;12; 0; 126; 268; 0; 0; 0; 0; 100; 0; 0; 14; 0; 0; 723; 0; 0; 0; 62; 0; 87; 294; 0; 62; 326; 87; 436; 0; 0; 0; 0; 0
1986;01; 46; 0; 0; 146; 283; 0; 24; 533; 51; 958; 23; 65; 92; 0; 0; 0; 66; 0; 0; 0; 0; 78; 0; 21; 0; 38; 0; 0; 0; 0; 0
1986;02; 0; 0; 17; 0; 0; 0; 0; 0; 0; 58; 73; 155; 66; 127; 191; 235; 273; 452; 470; 452; 0; 0; 0; 0; 0; 396; 0; 24; 9999; 9999; 9999
1986;03; 139; 0; 886; 492; 325; 44; 81; 39; 0; 286; 0; 0; 0; 0; 0; 0; 37; 0; 354; 0; 0; 0; 237; 155; 0; 0; 0; 322; 56; 0; 0
1986;04; 0; 0; 0; 0; 0; 0; 0; 128; 0; 0; 0; 0; 33; 0; 146; 77; 0; 0; 0; 0; 41; 28; 0; 0; 0; 46; 68; 0; 0; 0; 9999
1986;05; 0; 0; 0; 0; 0; 0; 58; 120; 96; 318; 0; 0; 185; 47; 0; 0; 0; 224; 357; 0; 0; 0; 0; 0; 0; 0; 0; 0; 0; 0; 86
1986;06; 0; 0; 0; 0; 0; 0; 0; 0; 0; 0; 0; 0; 0; 0; 0; 0; 0; 0; 0; 0; 0; 0; 0; 0; 0; 0; 0; 0; 0; 0; 9999
1986;07; 0; 0; 0; 0; 0; 0; 0; 0; 0; 0; 0; 0; 0; 0; 0; 0; 0; 0; 0; 0; 0; 287; 193; 0; 0; 0; 0; 0; 0; 0; 43
1986;08; 0; 0; 0; 0; 0; 0; 0; 0; 0; 0; 0; 32; 0; 0; 86; 225; 317; 0; 0; 0; 0; 685; 263; 58; 164; 0; 0; 0; 0; 0; 0
1986;09; 0; 0; 0; 0; 0; 0; 0; 0; 0; 0; 0; 0; 0; 0; 0; 0; 0; 0; 0; 0; 0; 0; 0; 0; 32; 27; 0; 58; 0; 136; 9999
1986;10; 0; 0; 0; 0; 0; 0; 0; 0; 0; 0; 116; 0; 0; 0; 0; 0; 0; 0; 126; 83; 235; 292; 0; 0; 0; 0; 184; 0; 0; 0; 0
1986;11; 0; 0; 0; 226; 0; 253; 327; 0; 0; 0; 0; 163; 0; 0; 64; 0; 0; 0; 0; 85; 142; 0; 65; 28; 0; 0; 0; 0; 318; 223; 9999
1986;12; 0; 173; 84; 0; 36; 269; 347; 253; 301; 145; 183; 86; 129; 319; 368; 233; 287; 0; 0; 0; 221; 363; 456; 564; 1823; 308; 255; 189; 528; 364; 444
1987;01; 0; 173; 287; 62; 0; 0; 0; 0; 0; 65; 0; 0; 0; 0; 0; 0; 77; 553; 0; 0; 0; 0; 389; 263; 288; 174; 277; 376; 84; 0; 163
1987;02; 264; 55; 123; 47; 0; 37; 0; 36; 142; 189; 0; 0; 428; 73; 196; 273; 0; 0; 186; 49; 0; 0; 0; 0; 0; 40; 273; 0; 9999; 9999; 9999
1987;03; 0; 0; 0; 0; 0; 0; 0; 0; 126; 584; 367; 68; 0; 0; 0; 106; 367; 53; 149; 85; 0; 0; 0; 0; 0; 0; 0; 0; 0; 0; 0
1987;04; 0; 0; 0; 226; 154; 0; 0; 0; 0; 0; 0; 0; 0; 0; 0; 0; 0; 0; 0; 275; 0; 0; 0; 0; 0; 0; 0; 0; 0; 16; 9999
1987;05; 0; 28; 132; 0; 0; 0; 0; 0; 392; 0; 0; 48; 0; 0; 0; 65; 0; 0; 36; 42; 165; 0; 0; 103; 62; 0; 0; 0; 0; 0; 0
1987;06; 0; 0; 0; 0; 0; 0; 0; 0; 0; 0; 0; 0; 0; 0; 135; 0; 0; 0; 0; 0; 0; 182; 0; 0; 0; 0; 0; 0; 0; 0; 9999
1987;07; 0; 0; 0; 0; 0; 0; 0; 0; 248; 0; 0; 0; 0; 0; 0; 0; 0; 0; 0; 0; 0; 0; 0; 0; 0; 0; 0; 0; 0; 0; 0
1987;08; 0; 0; 0; 0; 0; 0; 32; 0; 0; 0; 0; 0; 0; 0; 0; 0; 0; 0; 0; 0; 0; 0; 0; 0; 0; 0; 0; 0; 0; 0; 0
1987;09; 0; 0; 0; 0; 0; 45; 66; 0; 0; 0; 186; 0; 0; 0; 0; 0; 0; 0; 96; 0; 0; 248; 277; 54; 0; 0; 127; 0; 0; 0; 9999
1987;10; 0; 188; 0; 0; 248; 0; 0; 0; 0; 0; 0; 0; 0; 0; 0; 0; 0; 44; 0; 0; 0; 0; 0; 277; 0; 0; 0; 0; 0; 0; 88
1987;11; 0; 0; 0; 0; 0; 286; 192; 0; 0; 0; 0; 0; 446; 375; 184; 152; 0; 0; 0; 0; 474; 256; 0; 185; 0; 0; 0; 0; 0; 0; 9999
1987;12; 0; 0; 0; 0; 96; 384; 325; 0; 586; 324; 0; 0; 0; 155; 94; 0; 142; 44; 96; 0; 0; 0; 64; 0; 0; 0; 0; 0; 153; 0; 0
1988;01; 0; 0; 0; 0; 36; 327; 282; 255; 486; 162; 0; 184; 62; 0; 0; 0; 0; 0; 0; 0; 68; 0; 748; 0; 0; 84; 0; 0; 0; 62; 0
1988;02; 0; 0; 0; 0; 42; 534; 296; 338; 143; 366; 152; 0; 224; 162; 946; 188; 124; 97; 63; 746; 324; 0; 0; 0; 0; 242; 0; 0; 82; 9999; 9999
1988;03; 52; 87; 193; 0; 168; 252; 0; 0; 0; 0; 0; 0; 0; 0; 0; 0; 53; 472; 324; 0; 0; 0; 0; 0; 0; 0; 0; 0; 0; 0; 0
1988;04; 0; 0; 86; 0; 0; 0; 0; 654; 592; 146; 38; 0; 244; 322; 0; 0; 86; 0; 166; 86; 232; 44; 0; 0; 0; 0; 0; 0; 0; 0; 9999
1988;05; 0; 0; 0; 0; 0; 42; 0; 0; 0; 0; 0; 0; 0; 0; 0; 84; 128; 265; 0; 0; 0; 0; 0; 64; 0; 0; 0; 0; 0; 345; 183
1988;06; 0; 0; 0; 0; 0; 0; 0; 0; 0; 0; 0; 0; 0; 42; 0; 0; 0; 0; 0; 0; 0; 0; 0; 0; 0; 0; 0; 0; 0; 0; 9999
1988;07; 0; 0; 0; 0; 0; 0; 0; 0; 0; 0; 0; 0; 0; 0; 0; 0; 0; 0; 0; 0; 0; 0; 0; 0; 0; 0; 0; 0; 0; 0; 0
1988;08; 0; 0; 0; 0; 0; 0; 0; 0; 0; 0; 0; 0; 0; 0; 0; 0; 0; 0; 0; 0; 0; 0; 0; 0; 0; 0; 0; 0; 0; 0; 0
1988;09; 0; 0; 0; 0; 0; 0; 0; 0; 0; 0; 0; 0; 0; 0; 0; 0; 63; 0; 0; 0; 0; 0; 0; 0; 0; 0; 0; 0; 0; 0; 9999
1988;10; 0; 0; 0; 0; 0; 23; 82; 0; 0; 0; 0; 228; 268; 0; 0; 0; 0; 0; 293; 65; 0; 154; 348; 0; 486; 67; 0; 168; 0; 64; 233
1988;11; 242; 0; 0; 0; 0; 0; 126; 0; 0; 0; 0; 124; 0; 0; 92; 0; 0; 0; 67; 240; 142; 0; 0; 0; 0; 136; 0; 0; 0; 0; 9999
1988;12; 152; 0; 0; 0; 0; 0; 0; 0; 54; 38; 0; 286; 0; 52; 0; 0; 322; 194; 0; 0; 273; 0; 86; 164; 173; 242; 0; 238; 0; 0; 0
1989;01; 284; 166; 442; 326; 192; 257; 123; 49; 114; 237; 168; 246; 94; 123; 188; 563; 0; 146; 84; 326; 0; 0; 0; 124; 0; 0; 0; 0; 0; 0; 0
1989;02; 0; 0; 126; 166; 122; 84; 523; 104; 378; 324; 286; 648; 0; 154; 0; 84; 0; 0; 56; 0; 0; 0; 0; 0; 0; 0; 0; 84; 9999; 9999; 9999
1989;03; 0; 0; 0; 0; 26; 0; 0; 0; 0; 156; 0; 0; 485; 42; 376; 0; 38; 0; 0; 0; 0; 0; 86; 326; 134; 68; 124; 42; 0; 0; 0
1989;04; 0; 164; 85; 0; 0; 0; 0; 0; 0; 0; 156; 0; 0; 0; 0; 0; 0; 36; 0; 0; 0; 0; 0; 0; 0; 0; 0; 0; 142; 0; 9999
1989;05; 0; 82; 0; 346; 178; 0; 0; 0; 0; 0; 0; 0; 0; 0; 0; 0; 0; 0; 0; 68; 0; 0; 0; 0; 0; 0; 0; 0; 0; 0; 0
1989;06; 0; 0; 0; 0; 0; 0; 0; 286; 0; 85; 52; 0; 0; 0; 0; 0; 0; 0; 0; 0; 0; 0; 0; 96; 0; 0; 0; 104; 0; 0; 9999
1989;07; 0; 0; 0; 0; 0; 0; 0; 0; 0; 0; 0; 0; 0; 0; 0; 0; 0; 0; 0; 0; 0; 0; 0; 0; 0; 0; 0; 0; 166; 224; 386
1989;08; 0; 0; 0; 0; 0; 0; 0; 0; 0; 0; 0; 0; 0; 0; 0; 0; 0; 0; 0; 0; 0; 94; 186; 0; 0; 128; 0; 215; 0; 0; 0
1989;09; 0; 0; 0; 0; 0; 0; 124; 86; 194; 0; 0; 0; 0; 0; 0; 0; 0; 0; 0; 0; 0; 0; 0; 0; 0; 0; 0; 0; 0; 0; 9999
1989;10; 0; 0; 0; 0; 162; 0; 0; 0; 0; 0; 0; 0; 0; 0; 0; 0; 0; 0; 0; 0; 0; 0; 0; 0; 0; 0; 0; 477; 0; 0; 0
1989;11; 0; 0; 0; 0; 0; 182; 0; 84; 44; 0; 466; 0; 148; 0; 0; 0; 0; 0; 618; 0; 166; 128; 0; 0; 193; 0; 135; 108; 96; 0; 9999
1989;12; 0; 0; 0; 0; 0; 0; 0; 0; 174; 573; 848; 186; 542; 484; 226; 0; 0; 0; 82; 155; 138; 0; 0; 0; 0; 0; 346; 443; 328; 267; 384
1990;01; 384; 246; 157; 146; 222; 198; 493; 328; 224; 367; 296; 86; 42; 72; 0; 0; 0; 0; 0; 0; 0; 46; 0; 0; 0; 0; 86; 0; 0; 0; 0
1990;02; 0; 0; 86; 0; 0; 0; 0; 0; 0; 0; 0; 0; 481; 0; 0; 0; 0; 0; 0; 0; 0; 97; 0; 224; 0; 486; 210; 205; 9999; 9999; 9999
1990;03; 0; 280; 420; 0; 0; 0; 92; 0; 0; 0; 0; 0; 0; 485; 0; 180; 240; 302; 71; 400; 90; 95; 100; 165; 0; 232; 0; 0; 0; 0; 0
1990;04; 0; 0; 0; 0; 0; 0; 0; 446; 0; 0; 0; 0; 0; 0; 126; 0; 0; 0; 371; 0; 0; 0; 0; 0; 0; 0; 0; 0; 0; 0; 9999
1990;05; 0; 190; 0; 0; 0; 0; 0; 0; 250; 170; 90; 0; 0; 0; 0; 175; 0; 158; 0; 0; 0; 0; 0; 0; 0; 0; 0; 0; 0; 0; 0
1990;06; 0; 0; 0; 0; 0; 0; 0; 0; 0; 0; 0; 0; 0; 0; 0; 0; 0; 0; 0; 0; 0; 0; 0; 0; 0; 0; 0; 0; 0; 0; 9999
1990;07; 0; 0; 0; 0; 42; 0; 4; 0; 0; 2; 45; 0; 0; 0; 0; 0; 50; 0; 0; 0; 0; 0; 0; 0; 0; 0; 0; 3; 0; 0; 0
1990;08; 0; 0; 0; 0; 0; 0; 0; 0; 9; 0; 0; 0; 0; 0; 0; 0; 113; 156; 19; 117; 93; 0; 0; 0; 0; 0; 0; 187; 0; 0; 8
1990;09; 0; 7; 0; 0; 0; 0; 0; 0; 0; 0; 0; 0; 34; 33; 0; 0; 0; 0; 0; 0; 0; 0; 0; 0; 0; 0; 0; 0; 0; 25; 9999
1990;10; 71; 28; 6; 208; 81; 0; 0; 0; 0; 0; 0; 0; 68; 0; 10; 34; 22; 179; 253; 11; 9; 0; 0; 0; 0; 0; 0; 0; 0; 0; 0
1990;11; 0; 496; 41; 0; 21; 51; 0; 103; 0; 0; 0; 0; 0; 125; 0; 108; 18; 8; 0; 0; 205; 0; 0; 200; 0; 0; 5; 34; 0; 0; 9999
1990;12; 0; 0; 0; 0; 0; 0; 0; 5; 0; 115; 181; 364; 150; 6; 147; 72; 0; 0; 0; 181; 35; 0; 0; 20; 0; 193; 0; 0; 0; 0; 0
1991;01; 0; 0; 0; 211; 2; 0; 0; 0; 0; 0; 120; 115; 194; 55; 133; 126; 80; 31; 0; 0; 533; 0; 5; 0; 0; 36; 379; 187; 27; 4; 0
1991;02; 24; 155; 10; 0; 117; 8; 80; 25; 127; 101; 727; 48; 0; 0; 0; 20; 70; 0; 5; 0; 0; 0; 0; 0; 0; 0; 0; 0; 9999; 9999; 9999
1991;03; 28; 969; 0; 16; 127; 91; 134; 0; 0; 0; 0; 0; 4; 0; 599; 0; 0; 14; 11; 0; 55; 399; 1; 0; 0; 111; 132; 320; 177; 200; 78
1991;04; 76; 0; 0; 0; 62; 0; 0; 405; 0; 0; 0; 0; 0; 12; 0; 0; 0; 0; 22; 281; 0; 0; 1; 1; 391; 509; 324; 1; 1; 0; 9999
1991;05; 0; 0; 1; 0; 0; 0; 0; 20; 0; 0; 0; 0; 0; 0; 51; 51; 0; 0; 0; 0; 6; 0; 0; 0; 0; 0; 0; 0; 0; 0; 0
1991;06; 0; 0; 0; 0; 0; 0; 0; 0; 0; 0; 0; 0; 0; 0; 0; 0; 0; 0; 0; 0; 0; 15; 0; 0; 0; 0; 0; 0; 0; 0; 9999
1991;07; 0; 0; 0; 0; 0; 0; 0; 0; 0; 0; 0; 72; 0; 75; 0; 110; 0; 0; 0; 0; 0; 0; 0; 0; 0; 0; 0; 0; 0; 0; 0
1991;08; 0; 0; 0; 0; 0; 0; 0; 0; 0; 0; 0; 0; 0; 0; 0; 0; 0; 0; 0; 0; 0; 0; 0; 0; 0; 0; 0; 0; 0; 0; 0
1991;09; 0; 0; 0; 0; 0; 0; 0; 0; 0; 0; 0; 0; 0; 0; 0; 0; 0; 0; 0; 93; 0; 0; 0; 0; 0; 49; 0; 0; 360; 71; 9999
1991;10; 265; 0; 104; 0; 0; 0; 170; 4; 5; 0; 0; 0; 0; 0; 0; 0; 91; 16; 63; 0; 0; 0; 0; 0; 0; 0; 0; 0; 0; 0; 0
1991;11; 0; 140; 10; 0; 0; 0; 0; 0; 32; 0; 0; 0; 0; 0; 56; 0; 0; 0; 0; 0; 0; 0; 0; 0; 0; 10; 0; 0; 259; 13; 9999
1991;12; 0; 0; 0; 0; 0; 0; 36; 75; 166; 415; 182; 1; 43; 0; 150; 276; 222; 78; 199; 54; 0; 0; 359; 38; 33; 0; 120; 0; 0; 403; 0
1992;01; 0; 16; 48; 0; 249; 0; 0; 0; 0; 0; 0; 0; 208; 438; 0; 0; 0; 30; 700; 0; 107; 341; 413; 0; 33; 0; 0; 0; 0; 420; 77
1992;02; 267; 216; 137; 308; 613; 123; 103; 44; 0; 596; 0; 0; 0; 0; 0; 0; 0; 0; 0; 2; 52; 0; 0; 0; 2; 278; 43; 15; 71; 9999; 9999
1992;03; 187; 164; 0; 0; 41; 0; 0; 0; 0; 0; 111; 19; 0; 0; 0; 150; 240; 42; 0; 0; 257; 0; 0; 0; 4; 91; 8; 207; 24; 521; 33
1992;04; 46; 0; 0; 0; 0; 0; 0; 1; 0; 0; 0; 0; 467; 227; 0; 0; 0; 0; 0; 109; 250; 0; 3; 0; 0; 0; 0; 0; 0; 0; 9999
1992;05; 0; 220; 0; 215; 13; 0; 0; 0; 0; 0; 0; 0; 5; 0; 0; 0; 0; 0; 0; 0; 0; 0; 260; 36; 0; 0; 0; 0; 0; 0; 0
1992;06; 0; 0; 0; 0; 0; 0; 0; 0; 0; 0; 0; 0; 0; 0; 0; 0; 0; 0; 0; 0; 0; 0; 0; 0; 0; 0; 0; 0; 0; 0; 9999
1992;07; 0; 0; 0; 0; 0; 0; 0; 0; 86; 0; 0; 0; 0; 0; 0; 0; 0; 0; 0; 0; 0; 0; 0; 0; 0; 0; 0; 0; 0; 0; 0
1992;08; 0; 0; 0; 0; 0; 0; 0; 0; 0; 0; 0; 0; 12; 0; 0; 0; 0; 0; 37; 0; 0; 0; 10; 130; 0; 0; 0; 0; 0; 0; 0
1992;09; 2; 0; 1; 7; 66; 110; 20; 0; 0; 0; 10; 110; 0; 89; 97; 120; 0; 265; 0; 0; 0; 0; 6; 0; 25; 34; 0; 8; 0; 0; 9999
1992;10; 0; 21; 157; 0; 0; 0; 0; 327; 193; 0; 0; 52; 14; 37; 0; 0; 321; 0; 45; 0; 0; 11; 0; 0; 0; 0; 144; 0; 147; 27; 120
1992;11; 0; 103; 0; 145; 72; 30; 6; 26; 0; 19; 0; 0; 0; 55; 0; 0; 7; 19; 0; 0; 0; 0; 63; 0; 286; 157; 0; 0; 1; 0; 9999
1992;12; 46; 242; 0; 0; 0; 0; 0; 16; 0; 47; 62; 337; 0; 0; 0; 0; 0; 194; 0; 0; 91; 0; 0; 0; 0; 5; 0; 11; 0; 0; 0
1993;01; 0; 0; 0; 0; 301; 60; 7; 172; 3; 167; 351; 82; 0; 0; 0; 0; 0; 54; 73; 3; 290; 0; 0; 12; 67; 46; 0; 0; 0; 0; 0
1993;02; 11; 95; 0; 0; 1067; 869; 143; 112; 113; 194; 0; 0; 163; 249; 582; 55; 447; 0; 84; 85; 0; 151; 127; 42; 0; 0; 0; 0; 9999; 9999; 9999
1993;03; 70; 0; 16; 37; 0; 0; 0; 0; 0; 0; 0; 0; 0; 0; 0; 0; 7; 0; 145; 24; 0; 0; 34; 46; 53; 0; 0; 123; 19; 39; 28
1993;04; 303; 221; 30; 55; 0; 32; 0; 0; 260; 0; 0; 0; 206; 0; 0; 0; 0; 0; 0; 0; 0; 0; 0; 38; 0; 0; 0; 0; 0; 0; 9999
1993;05; 0; 0; 21; 0; 0; 201; 0; 0; 0; 0; 0; 0; 0; 0; 74; 0; 0; 0; 0; 0; 0; 0; 0; 0; 0; 0; 0; 0; 0; 0; 163
1993;06; 319; 0; 0; 0; 204; 72; 0; 0; 0; 0; 0; 0; 0; 0; 0; 0; 0; 0; 113; 0; 0; 0; 0; 0; 0; 0; 0; 0; 0; 0; 9999
1993;07; 0; 0; 0; 0; 0; 0; 0; 0; 0; 0; 0; 0; 0; 0; 0; 0; 0; 0; 0; 0; 0; 0; 0; 0; 0; 0; 0; 0; 0; 0; 0
1993;08; 0; 13; 0; 0; 0; 0; 0; 0; 0; 0; 0; 0; 0; 0; 65; 100; 0; 0; 0; 100; 0; 0; 0; 71; 5; 0; 0; 0; 0; 0; 0
1993;09; 0; 0; 0; 0; 0; 0; 0; 200; 0; 0; 9; 0; 0; 0; 113; 85; 0; 0; 0; 0; 0; 195; 0; 115; 296; 0; 92; 41; 0; 0; 9999
1993;10; 0; 15; 0; 0; 0; 35; 0; 0; 0; 0; 0; 0; 0; 0; 0; 0; 55; 3; 0; 63; 131; 0; 35; 0; 135; 13; 0; 0; 0; 0; 0
1993;11; 0; 0; 0; 0; 0; 0; 171; 0; 0; 305; 196; 0; 0; 0; 0; 0; 157; 35; 0; 0; 0; 0; 396; 2; 387; 0; 0; 0; 0; 0; 9999
1993;12; 0; 0; 0; 0; 68; 0; 0; 0; 161; 0; 298; 90; 0; 0; 33; 15; 70; 0; 260; 10; 0; 61; 0; 0; 200; 350; 0; 0; 215; 21; 0
1994;01; 10; 40; 205; 0; 0; 33; 0; 0; 0; 134; 0; 0; 132; 16; 58; 212; 0; 0; 0; 62; 25; 19; 0; 0; 73; 249; 126; 95; 0; 102; 156
1994;02; 0; 0; 18; 0; 0; 0; 7; 0; 0; 50; 0; 0; 72; 8; 14; 0; 0; 0; 4; 0; 0; 0; 185; 0; 0; 41; 108; 14; 9999; 9999; 9999
1994;03; 16; 5; 150; 0; 0; 0; 0; 23; 77; 5; 6; 190; 0; 0; 0; 0; 0; 0; 0; 40; 133; 0; 0; 0; 0; 60; 10; 0; 0; 0; 3
1994;04; 0; 80; 0; 0; 0; 0; 67; 0; 0; 0; 0; 0; 0; 0; 35; 0; 0; 0; 0; 0; 0; 0; 0; 0; 0; 0; 0; 0; 0; 0; 9999
1994;05; 0; 0; 0; 0; 0; 0; 0; 0; 0; 0; 0; 0; 42; 37; 100; 0; 0; 0; 0; 0; 0; 0; 30; 0; 0; 70; 0; 140; 0; 0; 0
1994;06; 0; 0; 0; 0; 0; 0; 0; 0; 0; 0; 0; 0; 0; 0; 0; 0; 0; 0; 0; 0; 0; 0; 60; 0; 43; 37; 0; 0; 0; 0; 9999
1994;07; 0; 0; 0; 0; 0; 0; 0; 0; 39; 0; 0; 0; 0; 0; 0; 0; 0; 0; 0; 0; 0; 0; 85; 10; 0; 0; 0; 0; 0; 0; 0
1994;08; 0; 0; 0; 0; 0; 0; 0; 0; 0; 0; 0; 0; 0; 0; 0; 0; 0; 0; 0; 0; 0; 0; 0; 0; 0; 0; 0; 0; 0; 0; 0
1994;09; 0; 0; 0; 0; 0; 0; 0; 0; 0; 0; 0; 0; 0; 0; 0; 0; 0; 0; 0; 0; 0; 0; 0; 0; 0; 0; 0; 0; 0; 60; 9999
1994;10; 0; 0; 0; 0; 0; 0; 0; 0; 0; 0; 0; 0; 0; 0; 0; 0; 33; 0; 11; 0; 0; 7; 370; 0; 244; 0; 130; 194; 150; 60; 0
1994;11; 0; 0; 0; 0; 0; 190; 0; 0; 0; 0; 0; 0; 0; 459; 0; 0; 0; 96; 272; 0; 0; 0; 0; 0; 0; 0; 0; 77; 0; 39; 9999
1994;12; 0; 0; 133; 0; 60; 143; 0; 0; 0; 0; 290; 223; 0; 0; 11; 0; 70; 140; 0; 0; 0; 20; 157; 225; 7; 0; 158; 551; 0; 0; 202
1995;01; 19; 90; 0; 411; 0; 0; 0; 0; 10; 0; 31; 0; 522; 0; 0; 0; 0; 0; 0; 84; 53; 0; 0; 0; 0; 0; 16; 13; 633; 180; 0
1995;02; 134; 96; 125; 880; 724; 0; 83; 719; 180; 0; 50; 191; 9; 25; 56; 0; 0; 59; 41; 97; 37; 0; 0; 0; 0; 0; 0; 0; 9999; 9999; 9999
1995;03; 0; 36; 0; 0; 395; 13; 0; 0; 90; 4; 89; 0; 0; 100; 0; 0; 0; 0; 0; 0; 0; 88; 0; 0; 200; 0; 0; 0; 0; 0; 125
1995;04; 445; 0; 0; 0; 0; 0; 20; 290; 0; 237; 0; 25; 0; 0; 0; 0; 0; 0; 0; 0; 200; 0; 0; 0; 0; 0; 0; 0; 0; 0; 9999
1995;05; 0; 0; 0; 0; 0; 49; 127; 20; 0; 0; 217; 0; 0; 0; 0; 0; 0; 0; 17; 0; 0; 0; 0; 0; 0; 0; 0; 0; 0; 0; 0
1995;06; 0; 0; 0; 0; 0; 0; 0; 0; 0; 0; 0; 0; 0; 0; 0; 0; 0; 50; 0; 0; 0; 0; 0; 0; 0; 81; 0; 0; 0; 0; 9999
1995;07; 0; 0; 0; 0; 0; 0; 0; 0; 11; 20; 115; 0; 0; 0; 0; 0; 0; 0; 0; 0; 0; 0; 0; 0; 0; 0; 0; 0; 0; 0; 0
1995;08; 0; 0; 0; 0; 0; 0; 0; 0; 0; 0; 0; 0; 0; 0; 0; 0; 0; 0; 0; 0; 0; 0; 0; 0; 0; 0; 0; 0; 0; 0; 0
1995;09; 0; 0; 0; 0; 0; 0; 0; 0; 0; 0; 0; 0; 0; 0; 0; 0; 0; 0; 160; 0; 9; 0; 0; 0; 45; 0; 53; 0; 31; 0; 9999
1995;10; 39; 20; 0; 0; 0; 0; 0; 15; 0; 0; 0; 0; 18; 150; 80; 5; 267; 215; 0; 0; 90; 0; 0; 0; 0; 0; 0; 0; 0; 15; 17
1995;11; 203; 0; 0; 390; 0; 0; 0; 0; 0; 0; 0; 77; 45; 55; 160; 0; 0; 0; 0; 0; 0; 0; 0; 16; 0; 0; 0; 410; 0; 0; 9999
1995;12; 0; 0; 0; 13; 0; 0; 0; 0; 0; 0; 293; 215; 399; 108; 0; 0; 0; 95; 205; 0; 0; 145; 0; 40; 140; 280; 170; 365; 115; 57; 0
1996;01; 0; 93; 390; 95; 17; 30; 11; 170; 123; 117; 0; 0; 40; 10; 0; 0; 0; 0; 30; 0; 30; 20; 0; 0; 10; 0; 0; 10; 15; 0; 5
1996;02; 274; 0; 540; 70; 227; 0; 7; 15; 0; 0; 0; 87; 0; 0; 177; 0; 0; 0; 0; 140; 10; 257; 0; 0; 0; 0; 77; 105; 0; 9999; 9999
1996;03; 340; 0; 0; 367; 10; 69; 397; 270; 60; 401; 0; 37; 0; 80; 57; 0; 200; 83; 0; 0; 29; 0; 0; 0; 0; 0; 0; 155; 215; 0; 210
1996;04; 0; 0; 0; 0; 0; 0; 0; 0; 26; 0; 530; 33; 0; 0; 59; 9; 33; 54; 0; 0; 0; 0; 0; 0; 0; 0; 0; 0; 0; 0; 9999
1996;05; 0; 0; 0; 0; 0; 0; 0; 0; 0; 77; 0; 0; 0; 0; 58; 245; 90; 53; 189; 0; 0; 0; 13; 0; 0; 0; 0; 0; 0; 0; 0
1996;06; 0; 0; 0; 0; 41; 0; 0; 0; 0; 0; 0; 0; 0; 0; 0; 0; 0; 0; 0; 0; 0; 0; 0; 0; 0; 0; 0; 87; 115; 0; 9999
1996;07; 0; 0; 0; 0; 0; 0; 0; 0; 0; 0; 0; 0; 0; 0; 0; 0; 0; 0; 0; 0; 0; 0; 0; 0; 0; 0; 0; 0; 0; 0; 0
1996;08; 0; 0; 0; 0; 0; 0; 0; 0; 0; 5; 165; 0; 0; 0; 192; 0; 0; 0; 0; 0; 0; 0; 0; 0; 0; 0; 0; 0; 0; 0; 0
1996;09; 0; 58; 0; 279; 7; 275; 25; 0; 20; 314; 130; 0; 0; 0; 0; 0; 8; 0; 0; 0; 0; 0; 0; 0; 0; 0; 0; 0; 0; 6; 9999
1996;10; 0; 0; 81; 0; 0; 0; 69; 0; 0; 0; 28; 59; 0; 147; 0; 0; 0; 0; 0; 0; 0; 0; 35; 84; 0; 225; 0; 190; 0; 0; 0
1996;11; 323; 472; 25; 31; 0; 0; 0; 0; 0; 0; 0; 0; 0; 0; 0; 267; 120; 48; 392; 602; 550; 230; 10; 0; 0; 0; 0; 0; 0; 0; 9999
1996;12; 0; 0; 30; 33; 6; 55; 128; 32; 11; 0; 0; 847; 88; 102; 36; 0; 659; 379; 0; 0; 195; 57; 40; 149; 0; 0; 80; 0; 210; 0; 170
1997;01; 656; 277; 86; 6; 0; 0; 0; 890; 0; 86; 0; 40; 47; 10; 0; 0; 0; 13; 0; 179; 20; 0; 242; 33; 0; 28; 99; 61; 171; 277; 0
1997;02; 0; 26; 237; 171; 0; 0; 0; 0; 104; 41; 4; 0; 0; 0; 3; 95; 0; 220; 0; 0; 221; 0; 4; 0; 0; 0; 0; 0; 9999; 9999; 9999
1997;03; 0; 19; 0; 83; 99; 20; 0; 0; 10; 0; 3; 0; 0; 0; 0; 38; 34; 0; 0; 0; 0; 33; 0; 0; 0; 0; 0; 0; 0; 30; 29
1997;04; 180; 0; 0; 0; 0; 0; 0; 0; 0; 0; 0; 0; 0; 0; 0; 0; 13; 10; 0; 0; 147; 0; 0; 75; 0; 0; 0; 0; 0; 0; 9999
1997;05; 0; 0; 0; 0; 0; 0; 0; 0; 0; 0; 0; 0; 0; 0; 0; 10; 35; 0; 0; 0; 0; 0; 109; 0; 381; 0; 0; 0; 141; 0; 0
1997;06; 0; 0; 0; 169; 89; 513; 0; 0; 0; 0; 0; 183; 132; 0; 155; 470; 0; 0; 0; 0; 0; 0; 0; 0; 0; 0; 0; 0; 0; 0; 9999
1997;07; 0; 0; 0; 0; 0; 0; 0; 0; 0; 0; 0; 0; 0; 0; 0; 0; 0; 0; 0; 0; 0; 90; 0; 0; 0; 0; 0; 0; 0; 0; 0
1997;08; 0; 0; 0; 0; 0; 0; 0; 0; 0; 0; 0; 0; 0; 0; 0; 0; 0; 0; 0; 0; 0; 0; 0; 0; 0; 0; 0; 0; 0; 0; 0
1997;09; 0; 0; 0; 0; 0; 0; 0; 0; 0; 0; 0; 0; 0; 0; 0; 0; 0; 0; 0; 0; 220; 0; 0; 0; 13; 1; 0; 0; 0; 0; 9999
1997;10; 0; 83; 0; 0; 0; 0; 0; 0; 45; 0; 0; 0; 0; 0; 14; 4; 24; 0; 0; 305; 118; 122; 0; 0; 0; 5; 60; 0; 0; 0; 0
1997;11; 0; 0; 0; 0; 139; 97; 0; 0; 0; 0; 0; 191; 0; 52; 242; 20; 191; 15; 310; 222; 0; 220; 0; 0; 0; 350; 107; 523; 400; 0; 9999
1997;12; 7; 323; 71; 5; 15; 0; 335; 0; 92; 0; 0; 0; 125; 0; 107; 21; 0; 20; 12; 0; 113; 2; 0; 0; 100; 97; 0; 0; 149; 0; 2
