33
Ano,Mes,1,2,3,4,5,6,7,8,9,10,11,12,13,14,15,16,17,18,19,20,21,22,23,24,25,26,27,28,29,30,31
1970;01; 9999; 9999; 9999; 9999; 9999; 9999; 9999; 9999; 9999; 9999; 9999; 9999; 9999; 11; 82; 115; 990; 900; 6; 150; 10; 1; 0; 0; 94; 11; 0; 0; 0; 0; 223
1970;02; 0; 0; 134; 12; 12; 73; 1; 0; 0; 36; 43; 250; 151; 19; 234; 197; 121; 37; 538; 245; 161; 838; 124; 4; 0; 0; 24; 10; 9999; 9999; 9999
1970;03; 0; 0; 26; 0; 0; 0; 0; 0; 12; 14; 19; 0; 35; 115; 43; 0; 130; 0; 30; 58; 2; 0; 0; 0; 68; 0; 0; 0; 0; 0; 0
1970;04; 204; 21; 77; 18; 171; 0; 0; 0; 0; 0; 0; 4; 1; 1; 0; 0; 0; 1; 0; 90; 1; 0; 0; 0; 0; 0; 0; 0; 52; 0; 9999
1970;05; 0; 0; 123; 0; 0; 0; 162; 174; 0; 2; 0; 0; 0; 0; 0; 1; 0; 0; 0; 0; 47; 0; 0; 0; 2; 0; 0; 0; 0; 0; 1
1970;06; 0; 0; 0; 0; 0; 0; 0; 0; 0; 0; 0; 0; 0; 0; 186; 110; 0; 0; 0; 0; 0; 0; 21; 279; 0; 0; 0; 0; 0; 0; 9999
1970;07; 0; 57; 1; 0; 0; 0; 0; 0; 0; 0; 61; 4; 27; 4; 0; 0; 0; 1; 1; 0; 0; 0; 0; 33; 10; 0; 0; 0; 0; 0; 0
1970;08; 0; 0; 0; 0; 0; 0; 1; 0; 0; 0; 0; 0; 0; 0; 0; 0; 0; 0; 0; 0; 0; 0; 0; 0; 0; 190; 175; 194; 39; 255; 260
1970;09; 0; 0; 0; 0; 0; 0; 90; 56; 0; 3; 167; 0; 98; 94; 2; 280; 20; 0; 0; 0; 0; 0; 48; 0; 0; 10; 0; 0; 107; 0; 9999
1970;10; 0; 0; 6; 136; 132; 0; 0; 0; 16; 0; 0; 0; 118; 0; 0; 0; 0; 28; 0; 30; 0; 97; 380; 0; 0; 79; 0; 0; 0; 0; 0
1970;11; 0; 0; 202; 30; 0; 0; 0; 383; 175; 0; 0; 0; 0; 135; 160; 0; 0; 0; 0; 0; 0; 71; 0; 0; 0; 0; 0; 14; 154; 202; 9999
1970;12; 61; 80; 0; 0; 0; 0; 0; 0; 0; 118; 1; 115; 72; 2; 0; 60; 89; 0; 7; 0; 690; 0; 1; 0; 33; 290; 0; 140; 0; 164; 32
1971;01; 0; 23; 0; 0; 0; 265; 152; 0; 0; 0; 144; 43; 0; 82; 0; 0; 0; 104; 0; 0; 90; 0; 0; 0; 0; 0; 0; 0; 2; 0; 0
1971;02; 160; 0; 0; 81; 0; 0; 0; 46; 18; 70; 23; 33; 0; 0; 0; 0; 0; 0; 0; 0; 82; 47; 18; 0; 12; 11; 0; 0; 9999; 9999; 9999
1971;03; 0; 0; 0; 0; 0; 333; 36; 3; 6; 0; 115; 117; 12; 0; 180; 0; 3; 22; 0; 0; 4; 0; 6; 3; 113; 421; 142; 72; 78; 0; 14
1971;04; 0; 0; 0; 0; 135; 0; 0; 0; 83; 86; 0; 0; 3; 0; 0; 0; 82; 0; 1; 0; 0; 137; 73; 195; 0; 0; 0; 0; 0; 0; 9999
1971;05; 0; 0; 126; 7; 330; 0; 0; 0; 129; 0; 0; 0; 2; 0; 0; 0; 11; 0; 0; 0; 0; 1; 0; 0; 0; 112; 2; 0; 0; 0; 0
1971;06; 0; 0; 0; 0; 0; 0; 1; 1; 153; 1; 1; 115; 204; 76; 0; 205; 67; 305; 279; 87; 38; 1; 0; 0; 0; 0; 0; 0; 0; 0; 9999
1971;07; 0; 88; 63; 0; 35; 41; 0; 0; 0; 0; 0; 0; 0; 0; 0; 0; 0; 0; 1; 0; 0; 0; 0; 0; 1; 0; 0; 7; 0; 121; 38
1971;08; 0; 0; 0; 0; 0; 0; 0; 49; 0; 0; 0; 0; 0; 0; 0; 0; 0; 0; 0; 0; 0; 0; 0; 0; 0; 38; 3; 0; 0; 0; 0
1971;09; 0; 3; 0; 0; 0; 0; 13; 11; 231; 0; 26; 308; 0; 0; 0; 0; 0; 0; 0; 1; 0; 1; 0; 68; 53; 0; 0; 1; 125; 13; 9999
1971;10; 74; 1; 15; 0; 139; 0; 0; 363; 0; 0; 192; 730; 10; 0; 0; 100; 77; 18; 0; 0; 0; 0; 0; 0; 30; 5; 0; 0; 0; 0; 0
1971;11; 0; 429; 3; 172; 0; 0; 0; 0; 0; 275; 33; 1; 370; 27; 0; 0; 0; 0; 9; 0; 0; 0; 3; 0; 146; 47; 209; 0; 0; 4; 9999
1971;12; 28; 0; 0; 138; 7; 0; 0; 176; 107; 115; 0; 149; 5; 65; 64; 0; 0; 1; 74; 220; 1; 0; 19; 169; 100; 0; 95; 493; 104; 7; 36
1972;01; 0; 232; 1; 20; 21; 8; 21; 130; 140; 110; 11; 0; 193; 1; 0; 0; 0; 268; 0; 94; 374; 142; 469; 185; 0; 4; 128; 0; 87; 466; 254
1972;02; 220; 0; 113; 0; 0; 15; 24; 50; 190; 14; 35; 19; 349; 0; 210; 0; 253; 0; 89; 478; 35; 93; 16; 87; 0; 6; 23; 19; 1; 9999; 9999
1972;03; 0; 0; 152; 0; 0; 309; 0; 0; 0; 0; 2; 0; 0; 33; 0; 0; 0; 0; 341; 0; 0; 0; 0; 430; 0; 1; 0; 1; 0; 0; 188
1972;04; 92; 0; 0; 240; 21; 0; 0; 0; 0; 0; 0; 2; 0; 0; 203; 22; 28; 0; 0; 0; 0; 1; 0; 0; 0; 0; 0; 0; 0; 0; 9999
1972;05; 0; 0; 0; 1; 1; 0; 0; 0; 113; 0; 0; 1; 0; 1; 0; 0; 1; 1; 0; 2; 0; 0; 38; 8; 270; 2; 2; 2; 2; 1; 1
1972;06; 1; 1; 1; 0; 1; 0; 1; 1; 1; 0; 1; 1; 2; 1; 0; 1; 1; 0; 78; 2; 2; 1; 1; 1; 1; 0; 0; 0; 0; 0; 9999
1972;07; 0; 0; 1; 0; 0; 0; 0; 87; 2; 28; 3; 70; 580; 1; 0; 115; 0; 0; 1; 1; 1; 1; 0; 0; 0; 0; 76; 2; 1; 1; 0
1972;08; 1; 0; 0; 300; 16; 110; 257; 1; 1; 0; 0; 1; 8; 4; 0; 2; 1; 0; 0; 1; 0; 0; 18; 126; 2; 0; 2; 0; 3; 41; 0
1972;09; 8; 1; 0; 0; 92; 150; 11; 0; 0; 0; 50; 0; 0; 0; 0; 0; 0; 0; 0; 0; 0; 0; 15; 6; 138; 79; 1; 62; 81; 20; 9999
1972;10; 1; 11; 0; 340; 189; 0; 146; 1; 0; 318; 559; 29; 0; 0; 150; 5; 0; 0; 0; 0; 0; 0; 0; 0; 0; 0; 0; 26; 2; 148; 0
1972;11; 0; 12; 23; 128; 289; 0; 1; 0; 0; 0; 248; 64; 0; 50; 166; 0; 9; 112; 340; 30; 4; 0; 0; 1; 0; 128; 48; 0; 0; 0; 9999
1972;12; 130; 1; 287; 72; 28; 1; 0; 0; 0; 0; 0; 87; 0; 0; 0; 0; 0; 0; 85; 0; 0; 0; 235; 67; 155; 0; 0; 113; 3; 0; 42
1973;01; 0; 0; 0; 0; 324; 85; 30; 0; 247; 224; 145; 0; 251; 16; 305; 47; 10; 0; 0; 0; 100; 19; 58; 111; 0; 336; 4; 0; 0; 0; 12
1973;02; 26; 28; 92; 2; 9; 0; 0; 0; 1; 0; 0; 0; 97; 668; 69; 119; 210; 3; 463; 300; 83; 0; 0; 0; 0; 0; 290; 0; 9999; 9999; 9999
1973;03; 0; 4; 19; 23; 15; 0; 1; 0; 535; 7; 0; 0; 0; 0; 0; 0; 0; 0; 0; 0; 2; 87; 481; 24; 0; 11; 0; 0; 0; 0; 156
1973;04; 90; 60; 10; 15; 0; 0; 281; 184; 8; 0; 0; 42; 157; 0; 0; 0; 0; 0; 24; 30; 7; 0; 16; 10; 0; 1; 0; 1; 0; 15; 9999
1973;05; 1; 1; 0; 9; 10; 111; 1; 0; 0; 195; 188; 172; 1; 1; 1; 0; 1; 1; 0; 1; 0; 223; 1; 1; 0; 1; 1; 1; 1; 0; 0
1973;06; 1; 1; 1; 0; 1; 1; 0; 0; 1; 0; 0; 1; 1; 0; 0; 0; 0; 0; 148; 1; 1; 1; 1; 1; 0; 40; 112; 9; 87; 1; 9999
1973;07; 1; 1; 283; 2; 0; 2; 1; 1; 1; 1; 1; 1; 0; 0; 0; 1; 0; 0; 0; 1; 0; 165; 12; 16; 1; 2; 1; 180; 1; 2; 1
1973;08; 1; 1; 0; 0; 0; 129; 2; 1; 1; 1; 1; 0; 0; 0; 3; 0; 0; 0; 1; 1; 0; 0; 0; 0; 1; 1; 0; 0; 127; 0; 0
1973;09; 0; 196; 70; 0; 0; 0; 7; 0; 0; 21; 1; 0; 0; 0; 115; 0; 86; 1; 0; 0; 0; 25; 0; 0; 0; 153; 0; 0; 0; 0; 9999
1973;10; 0; 0; 0; 0; 0; 0; 216; 4; 123; 2; 550; 124; 0; 0; 0; 0; 0; 0; 113; 117; 0; 0; 0; 0; 0; 0; 154; 0; 0; 0; 148
1973;11; 340; 72; 112; 0; 0; 0; 0; 0; 0; 0; 1; 0; 142; 275; 20; 0; 0; 325; 205; 0; 0; 0; 0; 0; 53; 40; 0; 0; 73; 0; 9999
1973;12; 43; 0; 0; 188; 54; 49; 108; 191; 150; 0; 0; 0; 0; 233; 0; 17; 15; 101; 0; 303; 577; 0; 0; 0; 197; 106; 0; 0; 0; 267; 375
1974;01; 55; 66; 0; 0; 0; 0; 244; 207; 0; 14; 147; 193; 11; 107; 55; 3; 77; 60; 225; 115; 0; 2; 0; 1; 0; 106; 91; 295; 83; 11; 210
1974;02; 0; 179; 8; 0; 0; 0; 0; 0; 3; 0; 0; 2; 133; 0; 0; 0; 10; 234; 2; 0; 0; 420; 29; 0; 0; 0; 0; 0; 9999; 9999; 9999
1974;03; 0; 0; 0; 0; 0; 0; 68; 0; 9; 12; 13; 37; 0; 64; 33; 201; 0; 394; 33; 367; 87; 40; 0; 0; 0; 406; 0; 0; 0; 0; 0
1974;04; 0; 0; 68; 7; 431; 8; 0; 0; 0; 0; 0; 0; 0; 91; 0; 0; 0; 0; 2; 1; 0; 1; 0; 0; 13; 138; 2; 0; 1; 0; 9999
1974;05; 1; 2; 0; 0; 0; 0; 0; 0; 0; 0; 1; 0; 25; 55; 1; 1; 1; 0; 0; 0; 0; 2; 0; 0; 6; 1; 0; 41; 1; 0; 1
1974;06; 0; 1; 11; 0; 1; 0; 0; 108; 0; 19; 100; 333; 163; 1; 2; 0; 0; 0; 0; 2; 0; 111; 0; 2; 205; 401; 83; 1; 0; 1; 9999
1974;07; 0; 1; 0; 1; 2; 0; 0; 0; 0; 0; 1; 1; 0; 0; 1; 1; 0; 0; 2; 0; 1; 0; 0; 0; 0; 0; 0; 0; 0; 0; 1
1974;08; 1; 0; 1; 2; 0; 0; 0; 0; 2; 0; 0; 0; 0; 0; 20; 43; 0; 1; 0; 0; 0; 1; 0; 0; 0; 0; 0; 0; 0; 0; 0
1974;09; 0; 0; 0; 200; 1; 0; 0; 0; 0; 0; 0; 2; 2; 0; 0; 0; 0; 0; 7; 23; 47; 21; 0; 0; 0; 0; 0; 12; 500; 0; 9999
1974;10; 0; 99; 1; 19; 345; 0; 3; 0; 0; 0; 2; 0; 0; 0; 1; 1; 2; 2; 42; 0; 0; 52; 0; 0; 140; 11; 0; 4; 576; 168; 0
1974;11; 0; 0; 0; 0; 0; 4; 103; 0; 1; 0; 0; 0; 45; 7; 1; 1; 0; 1; 0; 0; 342; 368; 304; 1; 1; 0; 0; 550; 96; 5; 9999
1974;12; 260; 0; 39; 65; 35; 185; 0; 0; 1; 0; 7; 0; 126; 30; 132; 0; 23; 173; 260; 2; 0; 141; 48; 580; 0; 0; 40; 154; 62; 139; 20
1975;01; 79; 73; 0; 0; 0; 0; 75; 0; 4; 21; 30; 109; 16; 121; 236; 0; 85; 16; 13; 6; 0; 0; 0; 1; 42; 13; 0; 0; 3; 0; 7
1975;02; 9; 230; 280; 184; 240; 247; 0; 254; 320; 534; 1; 2; 0; 0; 319; 1; 0; 0; 83; 382; 0; 171; 157; 84; 0; 130; 118; 139; 9999; 9999; 9999
1975;03; 31; 0; 53; 10; 0; 0; 0; 29; 0; 111; 0; 1; 0; 0; 0; 0; 0; 0; 0; 0; 1; 0; 0; 0; 10; 0; 0; 0; 0; 0; 0
1975;04; 0; 0; 0; 0; 0; 0; 323; 0; 0; 3; 105; 0; 0; 0; 0; 0; 70; 0; 0; 0; 0; 0; 0; 0; 0; 0; 0; 0; 0; 0; 9999
1975;05; 0; 1; 0; 12; 0; 177; 40; 0; 0; 2; 1; 1; 1; 0; 0; 0; 0; 1; 0; 0; 0; 0; 1; 1; 1; 1; 1; 1; 1; 2; 2
1975;06; 2; 1; 0; 11; 12; 3; 0; 2; 2; 1; 1; 1; 1; 0; 2; 0; 1; 1; 1; 1; 1; 1; 1; 0; 0; 0; 1; 1; 1; 0; 9999
1975;07; 2; 42; 1; 370; 2; 41; 0; 2; 1; 1; 1; 1; 1; 1; 1; 0; 10; 97; 0; 0; 0; 0; 0; 0; 0; 0; 0; 0; 0; 1; 0
1975;08; 1; 1; 1; 1; 0; 0; 0; 0; 0; 0; 0; 1; 0; 0; 1; 2; 0; 0; 0; 0; 0; 0; 0; 0; 0; 0; 0; 0; 1; 0; 0
1975;09; 0; 0; 0; 0; 0; 0; 0; 0; 0; 0; 0; 0; 0; 0; 0; 0; 0; 0; 0; 0; 0; 0; 0; 23; 0; 0; 30; 84; 0; 12; 9999
1975;10; 157; 0; 21; 26; 0; 242; 0; 164; 0; 0; 77; 161; 0; 0; 117; 1; 0; 32; 106; 2; 79; 1; 0; 0; 0; 0; 0; 0; 0; 5; 123
1975;11; 6; 59; 0; 0; 0; 0; 116; 2; 1; 75; 0; 26; 0; 0; 0; 0; 47; 61; 0; 31; 425; 1; 41; 445; 166; 269; 89; 1; 68; 171; 9999
1975;12; 120; 94; 0; 0; 33; 0; 2; 42; 138; 47; 193; 517; 0; 205; 6; 0; 0; 196; 37; 1; 0; 0; 25; 2; 436; 223; 596; 41; 89; 11; 0
1976;01; 0; 2; 24; 30; 0; 0; 91; 53; 4; 0; 1; 274; 1; 0; 0; 0; 40; 6; 1; 0; 248; 0; 33; 0; 0; 0; 195; 7; 0; 11; 9
1976;02; 115; 115; 255; 3; 14; 222; 640; 412; 81; 0; 0; 0; 0; 0; 0; 0; 72; 55; 191; 16; 86; 0; 42; 122; 89; 28; 159; 253; 2; 9999; 9999
1976;03; 59; 36; 143; 13; 1; 0; 66; 143; 0; 0; 0; 306; 27; 0; 32; 0; 0; 151; 2; 350; 13; 75; 0; 115; 134; 58; 112; 13; 0; 0; 0
1976;04; 2; 1; 0; 0; 1; 0; 17; 1; 1; 151; 50; 278; 366; 84; 107; 11; 13; 0; 0; 7; 0; 0; 80; 0; 0; 0; 2; 1; 0; 1; 9999
1976;05; 0; 0; 0; 0; 0; 3; 1; 1; 0; 161; 0; 150; 2; 1; 0; 0; 0; 11; 113; 163; 0; 85; 0; 25; 1; 55; 1; 185; 577; 0; 0
1976;06; 0; 2; 1; 0; 0; 663; 1; 0; 0; 93; 0; 0; 16; 78; 1; 2; 2; 2; 1; 2; 1; 2; 5; 2; 1; 1; 1; 1; 0; 0; 9999
1976;07; 0; 426; 559; 266; 1; 1; 0; 9; 85; 247; 0; 0; 0; 0; 0; 0; 0; 0; 0; 0; 0; 8; 0; 0; 2; 1; 0; 0; 0; 0; 0
1976;08; 0; 0; 0; 0; 0; 125; 2; 1; 1; 105; 28; 67; 141; 252; 0; 0; 0; 0; 0; 148; 42; 0; 0; 0; 0; 0; 0; 0; 0; 2; 0
1976;09; 0; 0; 0; 0; 1; 164; 111; 524; 18; 0; 0; 5; 61; 553; 25; 132; 30; 2; 0; 0; 1; 0; 78; 0; 0; 0; 171; 495; 0; 2; 9999
1976;10; 1; 0; 0; 0; 0; 52; 0; 0; 36; 232; 0; 0; 0; 1; 1; 0; 0; 109; 55; 0; 0; 0; 0; 11; 185; 0; 246; 0; 0; 0; 0
1976;11; 236; 0; 0; 0; 113; 193; 1; 1; 0; 0; 0; 0; 7; 3; 0; 0; 152; 0; 113; 117; 540; 23; 0; 0; 0; 0; 72; 125; 128; 0; 9999
1976;12; 0; 44; 6; 0; 6; 64; 0; 0; 715; 0; 0; 2; 147; 0; 0; 220; 41; 56; 0; 0; 0; 170; 26; 228; 180; 66; 12; 19; 11; 0; 1
1977;01; 0; 0; 26; 0; 120; 114; 94; 568; 0; 0; 0; 0; 0; 0; 43; 0; 200; 11; 419; 92; 0; 0; 0; 0; 0; 428; 300; 90; 55; 203; 249
1977;02; 299; 0; 0; 0; 5; 0; 0; 391; 42; 0; 0; 0; 0; 0; 0; 1; 0; 0; 0; 0; 0; 38; 0; 0; 0; 0; 0; 0; 9999; 9999; 9999
1977;03; 0; 0; 0; 29; 32; 0; 11; 121; 0; 81; 0; 0; 0; 6; 0; 397; 35; 0; 63; 53; 136; 517; 0; 58; 0; 17; 276; 0; 320; 50; 510
1977;04; 153; 30; 0; 6; 219; 0; 0; 0; 314; 136; 9; 0; 0; 0; 0; 0; 0; 0; 575; 133; 287; 0; 0; 0; 0; 0; 0; 0; 0; 0; 9999
1977;05; 0; 0; 0; 0; 0; 0; 0; 0; 0; 0; 0; 0; 3; 2; 3; 1; 128; 7; 1; 0; 2; 0; 2; 1; 0; 0; 1; 0; 2; 0; 0
1977;06; 0; 0; 0; 11; 663; 28; 2; 1; 0; 3; 1; 0; 1; 0; 3; 0; 1; 0; 0; 1; 2; 0; 1; 0; 160; 1; 0; 2; 0; 0; 9999
1977;07; 0; 1; 0; 0; 0; 0; 0; 0; 0; 0; 0; 0; 0; 0; 0; 0; 0; 2; 0; 0; 0; 0; 221; 1; 45; 0; 0; 0; 0; 0; 0
1977;08; 0; 0; 0; 0; 1; 0; 0; 0; 0; 0; 0; 0; 0; 0; 0; 0; 1; 0; 0; 0; 0; 0; 0; 0; 0; 0; 0; 2; 0; 13; 197
1977;09; 0; 32; 0; 0; 0; 14; 568; 545; 4; 1; 0; 0; 0; 0; 0; 0; 18; 9; 13; 0; 57; 0; 255; 236; 16; 0; 0; 0; 0; 19; 9999
1977;10; 0; 552; 21; 0; 0; 0; 0; 0; 0; 0; 0; 0; 0; 0; 0; 0; 42; 41; 0; 0; 0; 0; 0; 0; 0; 0; 79; 71; 3; 0; 0
1977;11; 0; 297; 0; 6; 0; 0; 46; 0; 0; 0; 0; 166; 126; 0; 247; 384; 0; 0; 18; 10; 0; 22; 26; 0; 52; 18; 0; 1; 506; 29; 9999
1977;12; 302; 91; 85; 123; 3; 71; 83; 17; 0; 0; 926; 0; 0; 0; 0; 0; 0; 0; 81; 169; 67; 275; 78; 6; 0; 0; 18; 0; 0; 0; 0
1978;01; 0; 360; 46; 0; 0; 0; 120; 25; 0; 0; 23; 0; 150; 2; 0; 117; 26; 6; 1; 0; 0; 158; 4; 0; 0; 0; 21; 0; 0; 13; 0
1978;02; 0; 0; 0; 0; 288; 75; 0; 0; 0; 0; 0; 13; 210; 224; 1; 0; 7; 0; 18; 0; 0; 685; 410; 0; 0; 0; 0; 0; 9999; 9999; 9999
1978;03; 0; 0; 10; 356; 235; 2; 4; 175; 25; 8; 0; 0; 0; 0; 0; 1; 0; 0; 0; 0; 0; 0; 0; 0; 1; 0; 368; 0; 0; 58; 0
1978;04; 0; 0; 0; 0; 0; 1; 1; 0; 0; 0; 0; 0; 0; 0; 0; 0; 0; 0; 117; 18; 0; 53; 2; 1; 0; 0; 0; 0; 0; 0; 9999
1978;05; 13; 0; 0; 0; 0; 0; 0; 0; 0; 1; 1; 0; 0; 0; 0; 0; 327; 33; 197; 2; 193; 0; 2; 2; 2; 2; 2; 0; 1; 7; 15
1978;06; 0; 1; 1; 0; 0; 0; 0; 0; 547; 114; 0; 1; 0; 2; 0; 2; 0; 0; 0; 0; 0; 0; 0; 0; 0; 0; 0; 1; 1; 1; 9999
1978;07; 1; 0; 0; 0; 0; 0; 0; 0; 3; 1; 1; 0; 0; 1; 0; 303; 1; 55; 15; 2; 131; 98; 168; 1; 1; 0; 0; 1; 0; 0; 0
1978;08; 0; 0; 0; 0; 0; 0; 0; 0; 0; 0; 0; 0; 0; 0; 3; 0; 0; 1; 0; 0; 0; 0; 1; 0; 0; 0; 0; 0; 0; 0; 20
1978;09; 21; 79; 0; 0; 30; 117; 0; 8; 0; 0; 0; 0; 0; 0; 0; 0; 55; 0; 0; 0; 0; 0; 0; 0; 0; 0; 0; 0; 0; 0; 9999
1978;10; 0; 0; 0; 0; 0; 0; 0; 0; 0; 0; 38; 0; 0; 19; 0; 0; 11; 0; 272; 148; 0; 0; 0; 0; 0; 0; 0; 63; 69; 68; 46
1978;11; 237; 0; 0; 231; 141; 221; 0; 0; 0; 6; 426; 158; 41; 0; 0; 0; 213; 0; 0; 11; 23; 144; 133; 45; 0; 0; 0; 649; 0; 0; 9999
1978;12; 1; 0; 1; 0; 0; 8; 3; 145; 266; 62; 0; 0; 0; 1; 32; 227; 1; 2; 0; 0; 0; 0; 0; 0; 0; 0; 493; 793; 7; 120; 111
1979;01; 78; 216; 308; 46; 0; 0; 0; 0; 0; 0; 0; 311; 31; 0; 0; 0; 0; 0; 0; 0; 0; 42; 0; 0; 1; 244; 4; 0; 176; 40; 0
1979;02; 0; 0; 0; 0; 68; 0; 1; 0; 0; 147; 32; 294; 388; 181; 71; 0; 0; 216; 34; 198; 0; 10; 315; 0; 1; 70; 1; 24; 9999; 9999; 9999
1979;03; 0; 55; 0; 0; 0; 1; 0; 0; 0; 175; 441; 0; 743; 95; 11; 1; 0; 0; 48; 0; 0; 0; 0; 0; 590; 0; 0; 0; 0; 0; 0
1979;04; 0; 1; 0; 91; 561; 0; 38; 0; 0; 0; 1; 1; 0; 0; 0; 0; 1; 1; 0; 1; 0; 0; 0; 17; 9; 0; 0; 24; 107; 223; 9999
1979;05; 0; 0; 0; 213; 299; 80; 0; 168; 0; 83; 12; 0; 21; 0; 30; 0; 1; 1; 0; 0; 0; 0; 0; 12; 1; 1; 0; 1; 0; 219; 11
1979;06; 0; 2; 1; 0; 0; 1; 0; 0; 8; 2; 2; 0; 0; 2; 0; 0; 1; 0; 1; 1; 1; 1; 1; 0; 0; 0; 0; 0; 0; 2; 9999
1979;07; 1; 1; 0; 11; 0; 0; 0; 0; 31; 38; 3; 0; 1; 1; 1; 0; 0; 1; 0; 293; 1; 1; 0; 0; 5; 86; 0; 0; 1; 0; 0
1979;08; 1; 1; 1; 1; 1; 0; 0; 0; 1; 0; 1; 0; 198; 1; 193; 0; 0; 30; 88; 277; 1; 2; 0; 0; 1; 1; 78; 0; 1; 0; 1
1979;09; 0; 0; 50; 122; 14; 2; 0; 0; 0; 0; 0; 93; 1; 223; 23; 268; 1; 170; 0; 0; 1; 0; 169; 2; 2; 1; 0; 0; 0; 0; 9999
1979;10; 0; 2; 0; 0; 53; 0; 332; 131; 415; 0; 0; 0; 61; 103; 69; 73; 2; 0; 0; 0; 0; 1; 1; 0; 0; 0; 7; 2; 19; 2; 251
1979;11; 0; 131; 14; 11; 0; 0; 0; 0; 132; 45; 365; 6; 2; 0; 107; 0; 2; 0; 16; 0; 0; 1; 138; 0; 288; 52; 0; 0; 1; 0; 9999
1979;12; 0; 156; 22; 66; 295; 1; 33; 0; 0; 25; 2; 407; 40; 10; 5; 57; 236; 4; 0; 0; 0; 189; 307; 4; 124; 55; 155; 0; 1; 0; 0
1980;01; 355; 0; 0; 0; 0; 0; 0; 167; 40; 63; 33; 277; 0; 2; 1; 0; 5; 482; 167; 5; 427; 36; 0; 0; 242; 106; 49; 0; 0; 0; 0
1980;02; 15; 79; 0; 20; 0; 0; 0; 0; 0; 0; 0; 0; 16; 15; 6; 127; 40; 62; 341; 71; 0; 0; 0; 25; 340; 3; 18; 223; 52; 9999; 9999
1980;03; 1; 0; 0; 0; 0; 19; 12; 54; 132; 0; 95; 7; 0; 70; 48; 48; 52; 47; 0; 0; 0; 1; 1; 0; 0; 0; 0; 0; 0; 1; 0
1980;04; 0; 0; 413; 394; 280; 44; 0; 4; 1; 0; 22; 80; 12; 390; 131; 36; 9; 1; 1; 1; 1; 1; 1; 1; 0; 0; 0; 0; 1; 1; 9999
1980;05; 1; 5; 27; 14; 1; 2; 1; 0; 0; 0; 1; 0; 0; 1; 1; 1; 1; 0; 1; 1; 0; 0; 92; 0; 1; 1; 1; 1; 0; 0; 0
1980;06; 0; 21; 136; 57; 1; 2; 1; 1; 1; 0; 1; 0; 0; 109; 0; 1; 1; 1; 1; 1; 1; 10; 1; 0; 0; 440; 358; 1; 1; 0; 9999
1980;07; 0; 1; 0; 0; 0; 0; 0; 1; 1; 1; 0; 1; 0; 0; 0; 0; 0; 0; 0; 0; 0; 0; 0; 1; 0; 0; 0; 0; 0; 0; 89
1980;08; 0; 0; 0; 0; 0; 0; 6; 0; 0; 0; 0; 0; 0; 9; 0; 51; 1; 28; 1; 0; 1; 0; 32; 54; 0; 204; 70; 0; 1; 0; 0
1980;09; 0; 0; 0; 0; 0; 0; 0; 0; 0; 0; 3; 0; 0; 0; 0; 7; 9; 36; 59; 0; 224; 122; 0; 0; 0; 0; 0; 4; 18; 2; 9999
1980;10; 0; 0; 0; 0; 0; 0; 0; 39; 229; 35; 0; 283; 2; 0; 0; 0; 1; 0; 21; 0; 0; 0; 0; 0; 0; 0; 55; 0; 0; 20; 13
1980;11; 4; 0; 0; 0; 206; 0; 0; 395; 34; 278; 453; 8; 0; 0; 0; 0; 0; 0; 0; 204; 1; 0; 28; 182; 22; 0; 0; 84; 219; 203; 9999
1980;12; 254; 428; 134; 0; 159; 244; 0; 144; 185; 130; 45; 95; 225; 289; 26; 1; 0; 0; 0; 0; 0; 11; 79; 50; 195; 177; 0; 66; 183; 9999; 9999
1981;01; 0; 6; 69; 227; 0; 210; 167; 0; 30; 13; 232; 75; 423; 455; 517; 134; 15; 5; 5; 292; 341; 61; 0; 7; 0; 1; 9; 0; 1; 1; 0
1981;02; 0; 118; 0; 6; 5; 0; 180; 0; 364; 0; 0; 164; 3; 0; 0; 0; 0; 0; 0; 0; 0; 0; 0; 0; 0; 62; 0; 0; 9999; 9999; 9999
1981;03; 9; 0; 0; 0; 83; 0; 137; 99; 9; 0; 29; 0; 0; 0; 0; 62; 129; 0; 2; 0; 167; 0; 0; 0; 0; 0; 0; 47; 30; 107; 7
1981;04; 0; 0; 0; 0; 2; 0; 0; 0; 0; 0; 0; 1; 1; 0; 0; 89; 51; 1; 0; 0; 1; 0; 1; 1; 105; 0; 0; 55; 0; 6; 9999
1981;05; 0; 1; 1; 134; 69; 3; 0; 2; 2; 2; 1; 1; 0; 1; 1; 0; 0; 0; 0; 0; 4; 1; 1; 1; 1; 1; 1; 16; 1; 1; 1
1981;06; 2; 1; 0; 0; 0; 7; 452; 25; 3; 2; 2; 0; 1; 0; 1; 142; 63; 9; 2; 1; 0; 1; 1; 1; 0; 0; 1; 1; 1; 1; 9999
1981;07; 1; 1; 76; 5; 0; 0; 1; 0; 1; 1; 1; 1; 1; 1; 0; 0; 1; 0; 3; 19; 2; 1; 0; 1; 57; 53; 2; 2; 1; 1; 1
1981;08; 0; 1; 0; 0; 0; 1; 1; 1; 0; 5; 17; 1; 0; 0; 1; 1; 0; 36; 1; 0; 0; 0; 1; 1; 1; 0; 0; 0; 0; 0; 0
1981;09; 0; 0; 0; 68; 0; 0; 0; 0; 0; 0; 0; 0; 0; 0; 0; 0; 0; 0; 0; 0; 0; 0; 0; 0; 0; 12; 94; 0; 0; 0; 9999
1981;10; 10; 0; 93; 0; 35; 8; 99; 301; 0; 3; 94; 0; 12; 0; 0; 473; 0; 0; 0; 544; 0; 0; 0; 0; 0; 0; 675; 177; 207; 180; 183
1981;11; 0; 204; 127; 260; 54; 0; 0; 236; 40; 328; 29; 0; 79; 143; 57; 0; 9; 0; 0; 99; 442; 0; 0; 0; 0; 36; 0; 0; 0; 7; 9999
1981;12; 116; 268; 2; 0; 174; 40; 388; 123; 184; 234; 3; 0; 23; 0; 54; 0; 203; 63; 0; 54; 7; 38; 0; 6; 115; 0; 0; 0; 0; 0; 0
1982;01; 0; 395; 246; 0; 0; 0; 0; 121; 13; 91; 189; 479; 8; 2; 0; 0; 0; 0; 0; 0; 8; 87; 419; 283; 0; 0; 20; 146; 126; 2; 3
1982;02; 9; 60; 160; 0; 113; 352; 25; 104; 0; 0; 0; 0; 0; 0; 0; 0; 0; 0; 0; 7; 0; 0; 0; 70; 40; 265; 9999; 46; 9999; 9999; 9999
1982;03; 0; 181; 0; 0; 0; 0; 44; 0; 9999; 131; 104; 971; 0; 34; 27; 0; 20; 77; 143; 10; 0; 43; 284; 0; 43; 60; 49; 4; 0; 17; 46
1982;04; 0; 0; 10; 0; 0; 0; 0; 0; 0; 0; 0; 7; 19; 122; 127; 173; 0; 0; 0; 0; 0; 0; 0; 0; 0; 0; 0; 0; 5; 0; 9999
1982;05; 0; 1; 0; 0; 0; 0; 1; 1; 1; 1; 1; 0; 1; 1; 0; 1; 1; 1; 0; 43; 1; 1; 0; 0; 97; 115; 10; 0; 0; 0; 25
1982;06; 2; 2; 2; 2; 126; 74; 1; 1; 1; 1; 1; 128; 290; 0; 0; 320; 0; 0; 1; 1; 4; 77; 347; 118; 46; 305; 46; 0; 108; 50; 9999
1982;07; 105; 0; 0; 0; 1; 1; 0; 1; 0; 1; 0; 1; 9; 88; 0; 2; 0; 0; 0; 69; 0; 1; 2; 1; 1; 1; 1; 1; 1; 78; 1
1982;08; 1; 1; 0; 0; 65; 2; 1; 1; 0; 1; 167; 5; 0; 0; 0; 0; 0; 0; 119; 1; 1; 0; 0; 274; 1; 1; 1; 1; 14; 174; 1
1982;09; 0; 0; 0; 0; 0; 0; 0; 0; 0; 0; 0; 0; 0; 0; 0; 0; 0; 0; 81; 0; 0; 4; 0; 0; 0; 0; 0; 60; 0; 0; 9999
1982;10; 0; 374; 267; 0; 0; 0; 0; 290; 68; 5; 322; 0; 489; 61; 0; 0; 0; 3; 116; 1; 513; 0; 0; 60; 223; 63; 0; 3; 0; 15; 0
1982;11; 0; 0; 0; 0; 1; 0; 0; 0; 0; 0; 339; 138; 0; 15; 594; 3; 17; 0; 0; 150; 49; 30; 5; 0; 0; 0; 130; 47; 200; 3; 9999
1982;12; 105; 0; 443; 4; 0; 0; 345; 72; 0; 0; 137; 240; 176; 147; 57; 339; 138; 27; 153; 85; 2; 47; 84; 325; 82; 0; 222; 0; 0; 162; 305
1983;01; 218; 0; 0; 0; 0; 180; 450; 129; 48; 0; 144; 0; 655; 347; 226; 54; 21; 223; 243; 34; 209; 51; 5; 6; 2; 2; 64; 67; 0; 0; 166
1983;02; 442; 741; 206; 65; 0; 0; 0; 0; 124; 2; 398; 14; 0; 53; 154; 0; 2; 0; 0; 53; 0; 0; 0; 125; 7; 0; 0; 551; 9999; 9999; 9999
1983;03; 64; 256; 68; 95; 24; 106; 348; 195; 3; 2; 1; 1; 84; 2; 0; 0; 0; 0; 132; 216; 0; 25; 0; 0; 0; 0; 363; 19; 1; 1; 0
1983;04; 9; 46; 1; 1; 1; 123; 457; 2; 0; 0; 0; 0; 95; 1; 0; 0; 0; 0; 115; 15; 5; 247; 0; 0; 333; 176; 29; 0; 30; 1; 9999
1983;05; 1; 0; 0; 0; 1; 0; 0; 0; 13; 15; 0; 9; 125; 10; 0; 1; 1; 1; 1; 176; 0; 1; 25; 263; 17; 0; 0; 37; 483; 371; 545
1983;06; 937; 54; 93; 258; 165; 268; 380; 14; 15; 133; 27; 275; 0; 1; 0; 1; 1; 1; 1; 1; 1; 1; 1; 1; 1; 3; 0; 8; 118; 0; 9999
1983;07; 0; 0; 0; 0; 0; 0; 0; 0; 0; 0; 0; 0; 0; 0; 0; 0; 0; 159; 22; 74; 324; 3; 1; 1; 0; 0; 0; 0; 1; 0; 0
1983;08; 0; 63; 0; 1; 0; 0; 0; 0; 0; 0; 0; 0; 0; 0; 0; 1; 0; 0; 0; 0; 0; 0; 0; 0; 0; 0; 1; 1; 0; 0; 0
1983;09; 0; 0; 41; 52; 109; 735; 135; 118; 111; 0; 0; 3; 305; 14; 0; 420; 1; 204; 395; 3; 0; 5; 30; 179; 300; 0; 0; 0; 0; 0; 9999
1983;10; 0; 0; 0; 0; 230; 0; 10; 0; 0; 1; 0; 0; 0; 117; 59; 8; 1; 179; 211; 0; 0; 11; 139; 234; 0; 0; 0; 0; 0; 0; 0
1983;11; 155; 0; 335; 0; 113; 60; 0; 0; 0; 0; 108; 163; 14; 0; 18; 17; 1; 0; 0; 155; 13; 191; 5; 0; 0; 0; 0; 0; 0; 107; 9999
1983;12; 68; 80; 63; 0; 0; 0; 0; 0; 0; 143; 123; 248; 110; 267; 286; 73; 63; 275; 109; 36; 171; 54; 617; 16; 9; 14; 0; 179; 6; 0; 441
1984;01; 33; 0; 0; 75; 2; 77; 99; 0; 0; 23; 0; 0; 0; 0; 35; 5; 0; 0; 0; 23; 244; 6; 21; 0; 136; 250; 207; 15; 60; 5; 7
1984;02; 0; 0; 2; 0; 0; 5; 0; 24; 84; 233; 0; 0; 0; 0; 40; 129; 0; 0; 0; 0; 0; 0; 0; 0; 15; 0; 0; 11; 0; 9999; 9999
1984;03; 12; 0; 53; 70; 7; 87; 11; 145; 0; 1; 23; 0; 0; 0; 0; 0; 0; 0; 0; 54; 200; 10; 0; 0; 0; 0; 0; 0; 0; 55; 2
1984;04; 0; 0; 0; 257; 105; 0; 0; 0; 0; 0; 0; 0; 0; 0; 0; 215; 165; 2; 0; 125; 4; 0; 1; 0; 109; 0; 35; 43; 0; 9; 9999
1984;05; 2; 35; 118; 4; 0; 1; 1; 0; 0; 0; 0; 0; 138; 43; 138; 0; 0; 275; 18; 0; 1; 1; 0; 0; 1; 1; 1; 1; 1; 0; 0
1984;06; 0; 0; 0; 0; 0; 1; 0; 1; 0; 0; 1; 1; 0; 0; 0; 0; 1; 1; 1; 1; 0; 0; 0; 1; 1; 1; 0; 0; 0; 0; 9999
1984;07; 1; 0; 0; 19; 1; 0; 0; 0; 1; 1; 1; 0; 0; 0; 0; 0; 0; 1; 0; 0; 0; 0; 0; 0; 0; 0; 0; 0; 0; 0; 0
1984;08; 0; 0; 209; 299; 0; 0; 0; 0; 0; 0; 0; 0; 0; 0; 0; 0; 0; 0; 0; 45; 44; 45; 449; 65; 25; 116; 0; 0; 0; 0; 447
1984;09; 121; 0; 0; 0; 0; 0; 61; 25; 316; 0; 0; 0; 0; 0; 0; 0; 6; 0; 0; 0; 275; 2; 0; 0; 27; 23; 410; 30; 0; 0; 9999
1984;10; 0; 0; 0; 0; 0; 0; 0; 0; 0; 0; 0; 0; 0; 0; 0; 0; 33; 11; 74; 8; 0; 0; 0; 0; 0; 0; 0; 0; 0; 0; 0
1984;11; 0; 0; 3; 0; 0; 72; 0; 26; 0; 78; 22; 94; 194; 0; 0; 0; 45; 9; 0; 0; 228; 0; 0; 0; 27; 125; 7; 0; 0; 0; 9999
1984;12; 181; 330; 251; 0; 0; 7; 174; 168; 0; 0; 0; 68; 219; 361; 219; 0; 256; 257; 0; 0; 0; 38; 0; 0; 0; 59; 55; 0; 0; 19; 158
1985;01; 51; 56; 3; 0; 22; 46; 0; 274; 834; 0; 0; 0; 0; 766; 61; 0; 295; 0; 0; 0; 10; 0; 174; 37; 0; 12; 0; 0; 0; 0; 0
1985;02; 98; 726; 0; 0; 0; 0; 16; 0; 262; 13; 238; 11; 298; 0; 0; 0; 0; 40; 0; 0; 0; 377; 120; 0; 2; 400; 0; 28; 9999; 9999; 9999
1985;03; 10; 23; 65; 2; 43; 129; 2; 8; 2; 40; 333; 3; 0; 0; 0; 329; 142; 356; 16; 21; 0; 2; 65; 0; 0; 0; 0; 0; 3; 0; 0
1985;04; 0; 0; 0; 34; 0; 2; 183; 245; 13; 87; 1; 16; 0; 0; 0; 40; 156; 74; 17; 0; 0; 0; 0; 0; 0; 10; 44; 0; 0; 0; 9999
1985;05; 215; 11; 0; 1; 0; 0; 1; 0; 1; 40; 5; 0; 0; 0; 1; 1; 1; 1; 1; 0; 145; 333; 0; 0; 0; 0; 1; 1; 1; 0; 0
1985;06; 1; 0; 0; 180; 0; 0; 1; 1; 1; 15; 0; 1; 1; 0; 0; 0; 0; 0; 0; 0; 1; 0; 0; 0; 0; 0; 0; 0; 0; 0; 9999
1985;07; 0; 0; 0; 0; 0; 0; 23; 0; 0; 0; 0; 0; 0; 0; 0; 0; 0; 0; 0; 0; 0; 0; 0; 0; 0; 0; 0; 0; 0; 0; 0
1985;08; 0; 0; 0; 0; 0; 0; 0; 0; 0; 0; 0; 0; 0; 0; 0; 0; 0; 0; 0; 0; 0; 0; 123; 0; 0; 0; 0; 39; 0; 0; 32
1985;09; 51; 291; 0; 122; 116; 115; 0; 0; 0; 0; 0; 0; 0; 0; 0; 0; 0; 0; 0; 0; 89; 0; 0; 68; 0; 0; 0; 0; 13; 95; 9999
1985;10; 0; 0; 0; 0; 0; 0; 0; 98; 0; 27; 0; 0; 0; 0; 0; 0; 0; 0; 0; 0; 35; 0; 0; 0; 12; 0; 0; 0; 288; 196; 22
1985;11; 0; 62; 291; 43; 8; 0; 0; 0; 0; 0; 0; 0; 0; 0; 0; 0; 0; 0; 0; 0; 40; 7; 89; 23; 75; 175; 9; 104; 0; 0; 9999
1985;12; 0; 0; 45; 265; 15; 35; 0; 0; 0; 0; 0; 0; 0; 0; 253; 0; 0; 0; 0; 0; 37; 0; 32; 0; 479; 13; 252; 0; 0; 0; 0
1986;01; 0; 0; 63; 0; 2; 90; 0; 0; 156; 0; 2; 610; 0; 36; 0; 79; 0; 5; 0; 0; 85; 0; 0; 152; 5; 8; 288; 0; 0; 0; 0
1986;02; 0; 0; 62; 95; 38; 0; 3; 40; 0; 23; 5; 9; 3; 41; 211; 112; 14; 0; 43; 30; 309; 16; 13; 33; 200; 49; 90; 79; 9999; 9999; 9999
1986;03; 0; 255; 0; 62; 6; 68; 40; 152; 0; 11; 134; 0; 0; 0; 0; 0; 119; 0; 376; 0; 0; 0; 0; 91; 0; 1; 101; 0; 0; 307; 1
1986;04; 0; 0; 1; 0; 1; 0; 0; 0; 0; 0; 1; 9; 52; 1; 148; 121; 0; 0; 0; 0; 0; 31; 0; 0; 0; 3; 147; 37; 0; 0; 9999
1986;05; 0; 1; 1; 1; 1; 0; 26; 141; 21; 85; 26; 1; 265; 0; 0; 0; 0; 0; 273; 1; 218; 0; 0; 0; 1; 0; 280; 1; 1; 0; 395
1986;06; 10; 1; 0; 0; 0; 0; 0; 1; 1; 1; 1; 0; 0; 0; 0; 0; 0; 0; 1; 0; 0; 1; 0; 0; 1; 37; 0; 0; 1; 0; 9999
1986;07; 0; 0; 0; 0; 218; 77; 0; 0; 0; 0; 0; 0; 1; 1; 0; 0; 0; 0; 0; 0; 1; 0; 40; 0; 1; 0; 0; 1; 0; 1; 0
1986;08; 65; 0; 1; 0; 0; 0; 0; 0; 0; 0; 0; 0; 342; 31; 0; 52; 66; 0; 0; 2; 212; 435; 158; 132; 86; 17; 1; 0; 0; 0; 0
1986;09; 0; 0; 0; 0; 0; 0; 0; 0; 0; 0; 1; 0; 0; 0; 0; 0; 0; 5; 0; 1; 37; 0; 0; 0; 13; 120; 0; 0; 194; 2; 9999
1986;10; 0; 0; 0; 0; 0; 0; 0; 0; 0; 0; 250; 0; 0; 0; 0; 0; 0; 0; 12; 81; 205; 315; 30; 0; 0; 0; 0; 230; 0; 0; 0
1986;11; 0; 0; 0; 191; 0; 282; 19; 0; 0; 152; 493; 165; 0; 0; 0; 0; 7; 0; 0; 0; 0; 0; 0; 0; 1; 0; 5; 34; 19; 474; 9999
1986;12; 271; 255; 8; 310; 439; 125; 125; 255; 125; 69; 0; 0; 0; 128; 29; 100; 200; 42; 29; 0; 0; 9; 277; 382; 83; 176; 22; 98; 37; 51; 96
1987;01; 4; 95; 130; 147; 22; 0; 0; 0; 0; 241; 31; 34; 73; 0; 0; 0; 89; 0; 0; 105; 0; 0; 51; 123; 568; 355; 165; 104; 51; 132; 111
1987;02; 43; 0; 22; 29; 0; 1; 43; 0; 0; 113; 0; 0; 7; 37; 10; 25; 86; 4; 0; 56; 0; 0; 119; 0; 0; 7; 38; 0; 9999; 9999; 9999
1987;03; 0; 13; 0; 0; 0; 0; 0; 609; 429; 495; 229; 0; 0; 0; 0; 0; 0; 0; 8; 45; 10; 0; 0; 0; 0; 0; 0; 150; 3; 0; 0
1987;04; 0; 0; 65; 106; 148; 182; 131; 1; 1; 1; 2; 28; 0; 39; 40; 0; 0; 0; 0; 0; 497; 25; 1; 1; 0; 0; 0; 0; 0; 0; 9999
1987;05; 0; 0; 0; 10; 168; 38; 65; 62; 192; 0; 0; 328; 1; 0; 0; 280; 0; 114; 3; 267; 395; 26; 0; 0; 90; 0; 0; 1; 132; 0; 0
1987;06; 0; 1; 1; 1; 0; 0; 158; 0; 0; 2; 0; 1; 0; 198; 215; 121; 1; 1; 1; 1; 0; 0; 248; 9; 0; 2; 1; 1; 1; 1; 9999
1987;07; 0; 1; 1; 0; 0; 0; 0; 1; 84; 3; 2; 1; 1; 0; 0; 1; 1; 1; 0; 0; 0; 0; 0; 0; 0; 0; 0; 1; 1; 21; 17
1987;08; 0; 0; 0; 0; 3; 5; 79; 0; 0; 0; 0; 0; 0; 0; 0; 0; 0; 0; 0; 0; 0; 0; 0; 0; 0; 0; 0; 0; 0; 0; 0
1987;09; 5; 0; 0; 0; 0; 65; 5; 0; 0; 0; 78; 11; 3; 0; 0; 0; 0; 17; 87; 0; 99; 160; 53; 3; 2; 0; 0; 188; 0; 0; 9999
1987;10; 0; 35; 0; 0; 0; 330; 98; 0; 0; 0; 0; 0; 0; 0; 0; 0; 31; 0; 0; 164; 105; 0; 0; 0; 115; 0; 0; 19; 23; 0; 0
1987;11; 0; 0; 0; 0; 0; 3; 6; 1; 2; 0; 0; 0; 0; 0; 109; 153; 3; 0; 0; 0; 0; 5; 0; 0; 88; 560; 62; 0; 0; 0; 9999
1987;12; 0; 0; 0; 275; 17; 3; 190; 0; 32; 21; 0; 0; 23; 36; 0; 0; 0; 153; 175; 0; 21; 38; 0; 0; 0; 0; 0; 0; 84; 271; 0
1988;01; 172; 17; 0; 0; 53; 121; 653; 0; 168; 263; 75; 0; 3; 17; 4; 50; 0; 0; 0; 2; 360; 2; 37; 40; 99; 55; 0; 0; 29; 3; 0
1988;02; 203; 0; 0; 2; 169; 0; 0; 179; 25; 594; 225; 0; 0; 0; 87; 119; 183; 221; 0; 162; 0; 7; 0; 0; 43; 0; 468; 6; 33; 9999; 9999
1988;03; 204; 315; 207; 22; 0; 145; 122; 0; 3; 0; 0; 0; 0; 0; 0; 0; 280; 298; 565; 0; 0; 0; 0; 0; 0; 0; 0; 0; 0; 0; 0
1988;04; 0; 4; 0; 20; 0; 0; 0; 107; 0; 0; 0; 0; 136; 376; 0; 0; 297; 0; 151; 115; 0; 2; 0; 0; 0; 248; 2; 0; 0; 0; 9999
1988;05; 0; 0; 0; 0; 234; 3; 0; 0; 54; 2; 2; 0; 53; 225; 25; 1; 69; 145; 31; 1; 0; 242; 143; 17; 97; 0; 0; 0; 8; 371; 62
1988;06; 1; 1; 1; 166; 30; 1; 0; 1; 0; 0; 0; 0; 1; 193; 43; 0; 0; 0; 0; 0; 0; 2; 1; 0; 16; 1; 0; 0; 0; 0; 9999
1988;07; 2; 1; 0; 0; 1; 0; 0; 0; 0; 0; 0; 0; 0; 0; 0; 0; 0; 0; 1; 0; 0; 1; 1; 0; 0; 0; 0; 0; 1; 0; 0
1988;08; 1; 1; 1; 0; 1; 0; 0; 0; 0; 0; 0; 0; 0; 1; 0; 0; 0; 0; 0; 0; 0; 0; 1; 0; 0; 0; 1; 0; 0; 0; 0
1988;09; 0; 0; 0; 0; 0; 0; 0; 0; 0; 0; 0; 0; 0; 0; 52; 3; 3; 54; 0; 0; 0; 0; 0; 0; 0; 0; 0; 0; 0; 0; 9999
1988;10; 0; 0; 94; 0; 119; 170; 0; 0; 0; 0; 0; 6; 228; 54; 0; 0; 0; 5; 0; 523; 13; 55; 33; 26; 1; 487; 9; 114; 0; 38; 7
1988;11; 62; 127; 0; 0; 0; 0; 2; 30; 0; 0; 0; 0; 0; 62; 0; 0; 0; 0; 0; 128; 6; 33; 14; 0; 0; 0; 495; 58; 0; 0; 9999
1988;12; 0; 0; 6; 0; 0; 0; 0; 0; 0; 0; 0; 22; 0; 183; 30; 0; 0; 3; 0; 0; 525; 45; 0; 61; 76; 282; 106; 0; 0; 0; 149
1989;01; 177; 55; 9; 69; 102; 480; 87; 10; 236; 195; 24; 683; 0; 30; 261; 203; 19; 134; 0; 0; 2; 298; 118; 135; 0; 52; 0; 29; 0; 0; 0
1989;02; 0; 0; 105; 383; 95; 0; 6; 39; 479; 128; 128; 400; 1; 80; 28; 160; 0; 34; 2; 0; 1; 3; 28; 0; 390; 10; 2; 0; 9999; 9999; 9999
1989;03; 340; 3; 97; 0; 48; 0; 0; 0; 0; 0; 0; 0; 0; 76; 174; 33; 2; 2; 8; 3; 0; 0; 0; 0; 0; 63; 3; 0; 52; 2; 87
1989;04; 87; 102; 157; 5; 0; 2; 0; 0; 45; 25; 2; 140; 0; 0; 0; 0; 0; 0; 23; 0; 0; 0; 0; 0; 0; 0; 1; 2; 1; 2; 9999
1989;05; 2; 4; 0; 13; 20; 88; 0; 2; 0; 0; 0; 0; 0; 0; 0; 0; 1; 1; 1; 0; 0; 1; 2; 1; 1; 17; 0; 3; 0; 0; 1
1989;06; 0; 0; 0; 0; 0; 1; 1; 11; 32; 0; 77; 341; 0; 0; 0; 0; 1; 1; 1; 1; 1; 0; 1; 1; 62; 9; 1; 0; 8; 1; 9999
1989;07; 1; 1; 1; 0; 0; 7; 0; 15; 1; 1; 0; 1; 1; 1; 0; 0; 0; 1; 0; 0; 1; 1; 1; 1; 0; 52; 355; 302; 28; 135; 507
1989;08; 0; 0; 1; 1; 1; 1; 1; 0; 0; 0; 1; 0; 0; 0; 1; 0; 0; 0; 0; 0; 0; 14; 120; 2; 0; 78; 0; 48; 0; 0; 0
1989;09; 4; 197; 0; 0; 0; 8; 4; 0; 177; 118; 5; 0; 89; 65; 5; 0; 0; 0; 0; 0; 0; 0; 0; 0; 17; 10; 80; 0; 0; 0; 9999
1989;10; 0; 1; 0; 0; 0; 0; 0; 0; 0; 0; 0; 0; 0; 0; 0; 22; 1; 0; 0; 0; 0; 0; 0; 0; 0; 0; 185; 3; 0; 0; 0
1989;11; 0; 0; 0; 28; 6; 0; 0; 0; 0; 156; 0; 168; 275; 0; 0; 0; 0; 178; 4; 41; 0; 291; 172; 0; 509; 1; 0; 124; 0; 0; 9999
1989;12; 0; 0; 0; 0; 0; 0; 0; 0; 0; 0; 29; 167; 668; 5; 0; 0; 0; 5; 0; 97; 24; 0; 0; 0; 0; 0; 185; 91; 50; 41; 287
1990;01; 835; 690; 435; 15; 171; 11; 52; 6; 0; 57; 68; 113; 134; 0; 30; 269; 0; 0; 235; 0; 0; 78; 193; 1; 1; 0; 0; 0; 0; 0; 0
1990;02; 0; 0; 0; 0; 0; 0; 0; 0; 0; 213; 3; 0; 173; 0; 30; 3; 0; 0; 0; 0; 0; 0; 121; 19; 78; 205; 0; 292; 9999; 9999; 9999
1990;03; 16; 0; 224; 5; 227; 0; 106; 0; 0; 269; 0; 132; 0; 0; 0; 0; 0; 4; 553; 437; 5; 147; 157; 5; 80; 0; 11; 1; 1; 0; 0
1990;04; 0; 0; 0; 0; 0; 0; 0; 3; 0; 0; 0; 0; 0; 0; 0; 0; 0; 11; 49; 134; 0; 3; 0; 0; 0; 0; 0; 0; 0; 164; 9999
1990;05; 81; 157; 0; 0; 0; 0; 59; 1; 0; 0; 18; 25; 0; 0; 0; 179; 18; 59; 0; 0; 1; 0; 0; 0; 1; 1; 0; 0; 0; 0; 0
1990;06; 0; 0; 0; 0; 0; 0; 41; 0; 0; 0; 0; 0; 0; 1; 10; 0; 0; 0; 0; 0; 25; 0; 1; 1; 0; 2; 0; 0; 0; 0; 9999
1990;07; 0; 1; 0; 0; 11; 42; 1; 0; 1; 5; 58; 1; 1; 1; 1; 1; 349; 184; 229; 117; 0; 39; 0; 40; 42; 10; 0; 10; 0; 1; 0
1990;08; 0; 0; 0; 0; 0; 1; 0; 0; 1; 1; 1; 0; 0; 0; 0; 0; 132; 38; 4; 210; 0; 0; 0; 0; 0; 0; 0; 78; 2; 0; 0
1990;09; 0; 84; 0; 0; 0; 59; 0; 87; 2; 0; 0; 0; 39; 240; 0; 0; 0; 0; 0; 0; 0; 0; 64; 112; 0; 0; 0; 0; 0; 2; 9999
1990;10; 41; 113; 13; 0; 3; 205; 8; 0; 0; 0; 0; 123; 54; 0; 173; 91; 139; 0; 0; 100; 5; 0; 0; 0; 37; 0; 0; 0; 0; 0; 0
1990;11; 0; 273; 0; 8; 64; 61; 0; 6; 225; 75; 44; 0; 0; 0; 0; 0; 0; 163; 0; 0; 74; 0; 0; 218; 25; 0; 0; 6; 0; 0; 9999
1990;12; 0; 0; 17; 0; 0; 12; 0; 12; 0; 2; 105; 112; 2; 194; 145; 0; 0; 0; 0; 383; 2; 0; 0; 0; 17; 0; 0; 0; 0; 126; 0
1991;01; 0; 5; 6; 144; 91; 0; 0; 0; 0; 44; 39; 179; 0; 0; 351; 445; 3; 2; 2; 0; 3; 0; 225; 41; 0; 190; 609; 117; 0; 138; 0
1991;02; 75; 417; 69; 16; 8; 48; 167; 10; 60; 764; 11; 0; 0; 0; 0; 0; 0; 0; 253; 0; 0; 0; 0; 0; 0; 0; 36; 50; 9999; 9999; 9999
1991;03; 9; 100; 150; 330; 66; 62; 305; 30; 0; 0; 0; 171; 0; 118; 125; 0; 0; 81; 0; 0; 472; 452; 0; 0; 0; 775; 117; 467; 477; 303; 77
1991;04; 126; 0; 0; 0; 0; 0; 0; 0; 65; 0; 0; 0; 0; 0; 0; 3; 5; 0; 3; 9; 0; 0; 2; 1; 494; 616; 105; 7; 0; 0; 9999
1991;05; 0; 0; 0; 0; 0; 2; 0; 98; 0; 0; 0; 0; 0; 0; 15; 272; 0; 0; 0; 0; 0; 0; 0; 0; 1; 2; 1; 1; 1; 1; 1
1991;06; 1; 1; 1; 1; 1; 1; 1; 2; 2; 0; 0; 0; 1; 0; 0; 0; 1; 0; 1; 1; 2; 36; 57; 16; 128; 0; 0; 0; 0; 45; 9999
1991;07; 0; 2; 3; 4; 0; 0; 1; 1; 1; 1; 85; 45; 3; 137; 0; 0; 2; 1; 0; 0; 0; 1; 1; 1; 2; 2; 1; 1; 1; 0; 1
1991;08; 1; 0; 0; 0; 0; 0; 0; 64; 5; 0; 0; 0; 0; 0; 0; 0; 0; 0; 0; 0; 0; 1; 1; 1; 0; 0; 0; 0; 0; 0; 0
1991;09; 0; 6; 0; 0; 0; 0; 0; 0; 0; 0; 1; 0; 0; 0; 0; 0; 0; 0; 0; 171; 1; 1; 0; 0; 0; 110; 0; 0; 129; 406; 9999
1991;10; 445; 0; 166; 0; 0; 32; 381; 0; 28; 145; 0; 0; 0; 0; 0; 0; 0; 86; 0; 0; 0; 0; 0; 0; 0; 0; 0; 0; 0; 0; 0
1991;11; 3; 6; 142; 0; 0; 0; 0; 0; 273; 12; 0; 0; 106; 12; 3; 0; 0; 0; 0; 0; 0; 0; 0; 0; 0; 0; 3; 0; 0; 592; 9999
1991;12; 8; 4; 0; 0; 0; 0; 174; 40; 31; 109; 138; 12; 0; 0; 0; 204; 90; 35; 57; 323; 0; 0; 56; 2; 22; 46; 37; 110; 0; 0; 8
1992;01; 4; 0; 0; 0; 249; 22; 0; 0; 0; 43; 0; 0; 49; 5; 0; 0; 0; 0; 0; 0; 0; 26; 40; 0; 0; 200; 3; 0; 0; 0; 96
1992;02; 49; 0; 0; 34; 4; 5; 291; 0; 3; 9; 0; 0; 0; 0; 0; 0; 0; 0; 0; 40; 227; 0; 0; 144; 5; 216; 0; 37; 0; 9999; 9999
1992;03; 0; 184; 0; 13; 253; 28; 0; 191; 56; 164; 0; 49; 0; 0; 95; 0; 230; 76; 0; 130; 0; 0; 0; 0; 9; 23; 0; 16; 5; 148; 250
1992;04; 153; 0; 0; 0; 0; 0; 0; 0; 0; 0; 0; 0; 6; 247; 0; 0; 0; 0; 0; 6; 234; 15; 0; 0; 0; 2; 162; 0; 0; 32; 9999
1992;05; 0; 193; 0; 313; 0; 0; 3; 0; 0; 0; 0; 0; 0; 69; 1; 1; 0; 0; 104; 34; 0; 0; 67; 0; 0; 0; 0; 0; 0; 0; 0
1992;06; 0; 0; 0; 0; 0; 0; 0; 0; 0; 0; 0; 0; 0; 0; 0; 0; 0; 0; 0; 0; 0; 0; 0; 0; 0; 0; 0; 0; 0; 0; 9999
1992;07; 0; 0; 0; 0; 0; 0; 0; 216; 235; 0; 1; 1; 1; 0; 0; 0; 0; 0; 0; 0; 0; 0; 0; 0; 0; 0; 1; 1; 1; 1; 1
1992;08; 0; 0; 0; 0; 0; 0; 0; 0; 0; 0; 0; 0; 0; 0; 0; 0; 0; 0; 0; 25; 0; 38; 25; 88; 0; 0; 0; 26; 0; 0; 0
1992;09; 0; 25; 0; 0; 164; 0; 113; 0; 0; 0; 0; 29; 137; 0; 44; 400; 0; 7; 0; 0; 0; 0; 0; 0; 0; 30; 0; 64; 0; 0; 9999
1992;10; 0; 12; 371; 0; 0; 49; 306; 308; 0; 0; 0; 0; 172; 0; 0; 0; 13; 5; 129; 0; 0; 0; 0; 0; 0; 0; 0; 297; 449; 225; 0
1992;11; 0; 186; 225; 476; 2; 200; 81; 385; 0; 114; 0; 0; 222; 0; 0; 0; 135; 63; 0; 0; 0; 191; 99; 167; 161; 61; 0; 0; 0; 0; 9999
1992;12; 0; 430; 0; 0; 0; 0; 161; 195; 0; 82; 411; 125; 0; 0; 0; 0; 33; 84; 0; 0; 15; 0; 0; 0; 0; 0; 0; 0; 0; 0; 64
1993;01; 0; 0; 0; 79; 0; 160; 0; 173; 122; 262; 102; 73; 103; 73; 0; 0; 29; 10; 9; 0; 13; 0; 0; 0; 35; 3; 0; 0; 0; 0; 166
1993;02; 440; 0; 139; 248; 251; 252; 205; 158; 0; 5; 18; 0; 267; 71; 605; 505; 26; 0; 134; 4; 0; 103; 105; 29; 0; 0; 25; 298; 9999; 9999; 9999
1993;03; 0; 0; 0; 48; 350; 0; 0; 30; 0; 0; 11; 0; 0; 0; 2; 0; 140; 57; 3; 0; 0; 65; 21; 271; 321; 4; 0; 209; 0; 98; 0
1993;04; 0; 0; 3; 39; 32; 4; 18; 0; 170; 0; 0; 0; 0; 0; 0; 0; 0; 0; 0; 0; 0; 0; 0; 243; 0; 0; 0; 0; 0; 0; 9999
1993;05; 0; 139; 5; 72; 0; 107; 0; 0; 0; 0; 0; 0; 0; 0; 81; 0; 0; 0; 0; 0; 0; 0; 0; 0; 2; 2; 0; 0; 0; 0; 550
1993;06; 71; 0; 0; 0; 20; 69; 0; 0; 0; 0; 0; 0; 0; 0; 0; 0; 0; 0; 128; 0; 0; 0; 0; 0; 0; 0; 0; 0; 0; 0; 9999
1993;07; 0; 0; 0; 0; 0; 0; 0; 0; 0; 0; 1; 2; 1; 1; 129; 0; 0; 0; 0; 0; 0; 0; 0; 0; 0; 0; 0; 0; 0; 0; 0
1993;08; 0; 0; 0; 0; 0; 1; 0; 0; 0; 0; 0; 0; 0; 0; 0; 0; 30; 0; 0; 0; 0; 0; 0; 205; 157; 0; 0; 0; 0; 0; 0
1993;09; 0; 0; 0; 0; 0; 0; 0; 0; 0; 29; 0; 0; 0; 0; 21; 319; 15; 0; 0; 0; 100; 232; 308; 312; 133; 0; 82; 112; 0; 0; 9999
1993;10; 0; 0; 0; 35; 85; 74; 0; 0; 0; 0; 0; 0; 0; 0; 0; 34; 330; 0; 164; 103; 0; 0; 24; 141; 91; 0; 255; 0; 0; 0; 0
1993;11; 0; 0; 0; 0; 0; 0; 0; 58; 0; 0; 0; 0; 0; 0; 0; 0; 0; 57; 28; 0; 0; 0; 0; 15; 61; 0; 41; 0; 0; 0; 9999
1993;12; 0; 90; 138; 0; 64; 0; 10; 191; 0; 0; 82; 0; 0; 0; 0; 0; 48; 130; 0; 205; 25; 0; 0; 0; 18; 206; 0; 0; 203; 205; 178
1994;01; 0; 0; 0; 4; 0; 0; 0; 647; 160; 160; 0; 0; 5; 125; 0; 0; 0; 0; 109; 408; 0; 12; 259; 25; 0; 15; 43; 367; 0; 0; 0
1994;02; 0; 233; 0; 48; 0; 17; 0; 272; 465; 0; 240; 0; 105; 2; 52; 0; 0; 0; 0; 0; 5; 0; 0; 0; 15; 40; 39; 0; 9999; 9999; 9999
1994;03; 0; 150; 0; 0; 0; 0; 2; 5; 0; 474; 330; 86; 61; 0; 35; 0; 0; 0; 0; 239; 10; 0; 32; 0; 148; 821; 22; 0; 0; 0; 0
1994;04; 230; 0; 0; 0; 0; 0; 0; 8; 0; 0; 0; 0; 0; 32; 247; 0; 0; 0; 246; 0; 125; 0; 0; 0; 0; 259; 0; 0; 0; 0; 9999
1994;05; 0; 0; 0; 0; 0; 0; 0; 0; 0; 0; 0; 0; 0; 72; 262; 40; 0; 0; 0; 0; 0; 0; 0; 0; 0; 0; 0; 22; 0; 2; 2
1994;06; 0; 0; 0; 0; 25; 6; 0; 0; 0; 0; 0; 1; 0; 0; 0; 0; 0; 0; 0; 0; 0; 20; 236; 2; 53; 33; 2; 1; 1; 0; 9999
1994;07; 2; 2; 1; 0; 0; 0; 0; 0; 54; 0; 0; 0; 1; 1; 1; 0; 0; 0; 0; 0; 0; 0; 191; 292; 0; 0; 0; 0; 0; 0; 0
1994;08; 0; 0; 0; 0; 0; 0; 0; 0; 0; 0; 0; 0; 0; 0; 0; 0; 0; 0; 0; 0; 0; 0; 0; 0; 0; 0; 0; 0; 0; 0; 0
1994;09; 0; 0; 0; 0; 0; 0; 0; 0; 0; 0; 0; 0; 0; 0; 0; 0; 0; 0; 0; 0; 0; 0; 0; 0; 0; 0; 0; 0; 0; 0; 9999
1994;10; 0; 0; 0; 0; 0; 0; 0; 0; 0; 0; 0; 0; 0; 20; 0; 0; 182; 0; 0; 0; 7; 12; 18; 0; 362; 16; 473; 462; 285; 0; 0
1994;11; 0; 20; 0; 3; 115; 78; 168; 0; 0; 115; 0; 0; 10; 31; 80; 0; 61; 319; 376; 0; 0; 0; 0; 0; 0; 0; 0; 10; 107; 95; 9999
1994;12; 0; 0; 1; 0; 0; 2; 1; 10; 0; 0; 29; 1; 109; 0; 0; 28; 0; 389; 283; 0; 0; 245; 676; 49; 0; 0; 0; 80; 69; 0; 120
1995;01; 59; 35; 173; 244; 292; 96; 0; 27; 0; 28; 93; 83; 23; 78; 0; 0; 0; 0; 0; 62; 0; 161; 0; 0; 0; 0; 22; 163; 290; 3; 0
1995;02; 0; 0; 657; 203; 478; 14; 311; 194; 248; 125; 0; 153; 37; 68; 193; 0; 185; 0; 730; 178; 128; 0; 0; 0; 0; 0; 85; 0; 9999; 9999; 9999
1995;03; 38; 0; 0; 71; 180; 0; 0; 0; 93; 381; 0; 0; 0; 359; 0; 144; 0; 0; 0; 304; 0; 0; 0; 305; 219; 0; 0; 0; 0; 255; 427
1995;04; 322; 0; 0; 0; 0; 0; 0; 0; 0; 88; 0; 93; 0; 0; 0; 0; 0; 0; 0; 265; 269; 0; 0; 0; 0; 0; 0; 0; 0; 0; 9999
1995;05; 0; 0; 0; 0; 0; 0; 49; 283; 0; 0; 168; 0; 0; 1; 1; 1; 1; 7; 0; 0; 1; 27; 0; 0; 0; 0; 0; 0; 0; 0; 0
1995;06; 0; 1; 1; 1; 1; 1; 1; 0; 0; 0; 1; 0; 1; 1; 1; 0; 0; 0; 113; 0; 0; 1; 1; 1; 2; 95; 0; 0; 0; 0; 9999
1995;07; 0; 0; 0; 0; 0; 0; 0; 82; 15; 537; 7; 0; 0; 0; 0; 0; 0; 0; 0; 0; 0; 259; 0; 0; 0; 0; 0; 1; 1; 1; 1
1995;08; 1; 0; 0; 0; 0; 28; 0; 0; 0; 0; 0; 0; 0; 0; 0; 0; 0; 1; 1; 0; 1; 1; 1; 1; 0; 0; 0; 0; 0; 0; 0
1995;09; 9999; 9999; 9999; 9999; 9999; 9999; 9999; 9999; 9999; 9999; 9999; 9999; 9999; 9999; 9999; 9999; 9999; 9999; 9999; 9999; 9999; 9999; 9999; 9999; 9999; 9999; 9999; 9999; 9999; 9999; 9999
1995;10; 9999; 9999; 9999; 9999; 9999; 9999; 9999; 9999; 9999; 9999; 9999; 9999; 9999; 9999; 9999; 9999; 9999; 9999; 9999; 9999; 9999; 9999; 9999; 9999; 9999; 9999; 9999; 9999; 9999; 9999; 9999
1995;11; 9999; 9999; 9999; 9999; 9999; 9999; 9999; 9999; 9999; 9999; 9999; 9999; 9999; 9999; 9999; 9999; 9999; 9999; 9999; 9999; 9999; 9999; 9999; 9999; 9999; 9999; 9999; 9999; 9999; 9999; 9999
1995;12; 9999; 9999; 9999; 9999; 9999; 9999; 9999; 9999; 9999; 9999; 9999; 9999; 9999; 9999; 9999; 9999; 9999; 9999; 9999; 9999; 9999; 9999; 9999; 9999; 9999; 9999; 9999; 9999; 9999; 9999; 9999
1996;01; 9999; 9999; 9999; 9999; 9999; 9999; 9999; 9999; 9999; 9999; 9999; 9999; 9999; 9999; 9999; 9999; 9999; 9999; 9999; 9999; 9999; 9999; 9999; 9999; 9999; 9999; 9999; 9999; 9999; 9999; 9999
1996;02; 9999; 9999; 9999; 9999; 9999; 9999; 9999; 9999; 9999; 9999; 9999; 9999; 9999; 9999; 9999; 9999; 9999; 9999; 9999; 9999; 9999; 9999; 9999; 9999; 9999; 9999; 9999; 9999; 9999; 9999; 9999
1996;03; 9999; 9999; 9999; 9999; 9999; 9999; 9999; 9999; 9999; 9999; 9999; 9999; 9999; 9999; 9999; 9999; 9999; 9999; 9999; 9999; 9999; 9999; 9999; 9999; 9999; 9999; 9999; 9999; 9999; 9999; 9999
1996;04; 9999; 9999; 9999; 9999; 9999; 9999; 9999; 9999; 9999; 9999; 9999; 9999; 9999; 9999; 9999; 9999; 9999; 9999; 9999; 9999; 9999; 9999; 9999; 9999; 9999; 9999; 9999; 9999; 9999; 9999; 9999
1996;05; 9999; 9999; 9999; 9999; 9999; 9999; 9999; 9999; 9999; 9999; 9999; 9999; 9999; 9999; 9999; 9999; 9999; 9999; 9999; 9999; 9999; 9999; 9999; 9999; 9999; 9999; 9999; 9999; 9999; 9999; 9999
1996;06; 9999; 9999; 9999; 9999; 9999; 9999; 9999; 9999; 9999; 9999; 9999; 9999; 9999; 9999; 9999; 9999; 9999; 9999; 9999; 9999; 9999; 9999; 9999; 9999; 9999; 9999; 9999; 9999; 9999; 9999; 9999
1996;07; 9999; 9999; 9999; 9999; 9999; 9999; 9999; 9999; 9999; 9999; 9999; 9999; 9999; 9999; 9999; 9999; 9999; 9999; 9999; 9999; 9999; 9999; 9999; 9999; 9999; 9999; 9999; 9999; 9999; 9999; 9999
1996;08; 9999; 9999; 9999; 9999; 9999; 9999; 9999; 9999; 9999; 9999; 9999; 9999; 9999; 9999; 9999; 9999; 9999; 9999; 9999; 9999; 9999; 9999; 9999; 9999; 9999; 9999; 9999; 9999; 9999; 9999; 9999
1996;09; 9999; 9999; 9999; 9999; 9999; 9999; 9999; 9999; 9999; 9999; 9999; 9999; 9999; 9999; 9999; 9999; 9999; 9999; 9999; 9999; 9999; 9999; 9999; 9999; 9999; 9999; 9999; 9999; 9999; 9999; 9999
1996;10; 9999; 9999; 9999; 9999; 9999; 9999; 9999; 9999; 9999; 9999; 9999; 9999; 9999; 9999; 9999; 9999; 9999; 9999; 9999; 9999; 9999; 9999; 9999; 9999; 9999; 9999; 9999; 9999; 9999; 9999; 9999
1996;11; 9999; 9999; 9999; 9999; 9999; 9999; 9999; 9999; 9999; 9999; 9999; 9999; 9999; 9999; 9999; 9999; 9999; 9999; 9999; 9999; 9999; 9999; 9999; 9999; 9999; 9999; 9999; 9999; 9999; 9999; 9999
1996;12; 9999; 9999; 9999; 9999; 9999; 9999; 9999; 9999; 9999; 9999; 9999; 9999; 9999; 9999; 9999; 9999; 9999; 9999; 9999; 9999; 9999; 9999; 9999; 9999; 9999; 9999; 9999; 9999; 9999; 9999; 9999
1997;01; 9999; 9999; 9999; 9999; 9999; 9999; 9999; 9999; 9999; 9999; 9999; 9999; 9999; 9999; 9999; 9999; 9999; 9999; 9999; 9999; 9999; 9999; 9999; 9999; 9999; 9999; 9999; 9999; 9999; 9999; 9999
1997;02; 9999; 9999; 9999; 9999; 9999; 9999; 9999; 9999; 9999; 9999; 9999; 9999; 9999; 9999; 9999; 9999; 9999; 9999; 9999; 9999; 9999; 9999; 9999; 9999; 9999; 9999; 9999; 9999; 9999; 9999; 9999
1997;03; 9999; 9999; 9999; 9999; 9999; 9999; 9999; 9999; 9999; 9999; 9999; 9999; 9999; 9999; 9999; 9999; 9999; 9999; 9999; 9999; 9999; 9999; 9999; 9999; 9999; 9999; 9999; 9999; 9999; 9999; 9999
1997;04; 9999; 9999; 9999; 9999; 9999; 9999; 9999; 9999; 9999; 9999; 9999; 9999; 9999; 9999; 9999; 9999; 9999; 9999; 9999; 9999; 9999; 9999; 9999; 9999; 9999; 9999; 9999; 9999; 9999; 9999; 9999
1997;05; 9999; 9999; 9999; 9999; 9999; 9999; 9999; 9999; 9999; 9999; 9999; 9999; 9999; 9999; 9999; 9999; 9999; 9999; 9999; 9999; 9999; 9999; 9999; 9999; 9999; 9999; 9999; 9999; 9999; 9999; 9999
1997;06; 9999; 9999; 9999; 9999; 9999; 9999; 9999; 9999; 9999; 9999; 9999; 9999; 9999; 9999; 9999; 9999; 9999; 9999; 9999; 9999; 9999; 9999; 9999; 9999; 9999; 9999; 9999; 9999; 9999; 9999; 9999
1997;07; 9999; 9999; 9999; 9999; 9999; 9999; 9999; 9999; 9999; 9999; 9999; 9999; 9999; 9999; 9999; 9999; 9999; 9999; 9999; 9999; 9999; 9999; 9999; 9999; 9999; 9999; 9999; 9999; 9999; 9999; 9999
1997;08; 9999; 9999; 9999; 9999; 9999; 9999; 9999; 9999; 9999; 9999; 9999; 9999; 9999; 9999; 9999; 9999; 9999; 9999; 9999; 9999; 9999; 9999; 9999; 9999; 9999; 9999; 9999; 9999; 9999; 9999; 9999
1997;09; 9999; 9999; 9999; 9999; 9999; 9999; 9999; 9999; 9999; 9999; 9999; 9999; 9999; 9999; 9999; 9999; 9999; 9999; 9999; 9999; 9999; 9999; 9999; 9999; 9999; 9999; 9999; 9999; 9999; 9999; 9999
1997;10; 0; 132; 0; 0; 0; 0; 283; 0; 0; 0; 0; 0; 0; 0; 0; 37; 54; 0; 1; 192; 267; 278; 0; 0; 0; 62; 90; 0; 0; 0; 4
1997;11; 5; 25; 0; 0; 0; 65; 0; 11; 0; 0; 0; 0; 0; 11; 117; 100; 307; 202; 367; 0; 0; 223; 0; 668; 0; 0; 8; 194; 208; 0; 9999
1997;12; 0; 84; 530; 0; 302; 0; 0; 1; 0; 0; 0; 53; 0; 184; 243; 66; 0; 5; 9; 0; 0; 107; 0; 0; 337; 22; 3; 14; 50; 0; 1
