33
Ano,Mes,1,2,3,4,5,6,7,8,9,10,11,12,13,14,15,16,17,18,19,20,21,22,23,24,25,26,27,28,29,30,31
1980;11; 9999; 9999; 9999; 9999; 9999; 9999; 9999; 9999; 9999; 9999; 9999; 9999; 9999; 9999; 9999; 9999; 9999; 9999; 9999; 9999; 9999; 9999; 9999; 9999; 9999; 9999; 9999; 9999; 9999; 9999; 9999
1980;12; 359; 320; 0; 22; 0; 155; 2; 44; 0; 0; 1; 87; 34; 307; 0; 0; 0; 0; 0; 0; 94; 0; 0; 0; 0; 0; 2; 4; 24; 133; 0
1981;01; 20; 0; 0; 43; 0; 0; 113; 0; 0; 42; 184; 321; 21; 108; 315; 10; 0; 0; 15; 49; 576; 730; 14; 0; 0; 339; 0; 47; 0; 0; 0
1981;02; 0; 0; 20; 89; 24; 22; 0; 0; 0; 0; 0; 0; 0; 0; 8; 0; 0; 0; 0; 0; 40; 0; 0; 0; 0; 0; 0; 0; 9999; 9999; 9999
1981;03; 0; 0; 0; 0; 0; 0; 9999; 9999; 9999; 9999; 9999; 9999; 9999; 9999; 9999; 9999; 1188; 0; 0; 0; 0; 0; 0; 0; 0; 0; 31; 52; 0; 81; 0
1981;04; 0; 0; 0; 0; 152; 362; 0; 0; 0; 0; 0; 0; 0; 0; 0; 102; 129; 0; 0; 0; 0; 0; 0; 0; 0; 34; 0; 234; 0; 0; 9999
1981;05; 0; 0; 0; 276; 0; 0; 0; 0; 0; 0; 0; 0; 0; 0; 0; 1; 2; 0; 0; 0; 0; 1; 1; 1; 0; 0; 0; 0; 1; 1; 1
1981;06; 0; 0; 0; 2; 2; 8; 5; 3; 2; 2; 1; 2; 2; 4; 3; 43; 78; 4; 2; 2; 1; 1; 1; 0; 0; 2; 1; 1; 2; 4; 9999
1981;07; 2; 1; 2; 0; 0; 0; 1; 1; 2; 2; 2; 1; 2; 2; 1; 1; 1; 2; 2; 4; 1; 2; 2; 2; 1; 1; 1; 0; 0; 0; 0
1981;08; 0; 1; 2; 1; 1; 1; 1; 1; 0; 0; 0; 2; 2; 4; 5; 1; 1; 2; 3; 1; 1; 0; 0; 0; 0; 0; 0; 0; 0; 0; 0
1981;09; 0; 0; 0; 0; 0; 0; 0; 0; 0; 0; 0; 0; 0; 0; 0; 0; 0; 0; 0; 0; 0; 0; 0; 0; 3; 4; 1; 0; 0; 0; 9999
1981;10; 0; 0; 0; 92; 20; 0; 21; 687; 60; 3; 0; 12; 0; 0; 0; 0; 0; 0; 16; 618; 0; 0; 0; 0; 0; 0; 52; 1116; 0; 443; 0
1981;11; 0; 0; 79; 49; 469; 59; 0; 0; 0; 0; 0; 0; 0; 370; 0; 0; 0; 0; 0; 120; 2; 1; 1; 0; 0; 0; 0; 1; 0; 8; 9999
1981;12; 0; 0; 0; 25; 428; 88; 46; 62; 617; 168; 0; 0; 20; 15; 0; 0; 0; 0; 0; 0; 1; 0; 4; 2; 0; 0; 0; 23; 202; 103; 58
1982;01; 174; 6; 0; 1; 0; 0; 10; 612; 123; 351; 600; 221; 11; 0; 0; 0; 0; 0; 0; 58; 12; 0; 279; 2; 0; 0; 0; 23; 15; 0; 0
1982;02; 174; 6; 0; 0; 74; 308; 1; 0; 23; 1; 0; 0; 0; 0; 1; 1; 0; 0; 0; 2; 4; 8; 129; 4; 226; 69; 2; 8; 9999; 9999; 9999
1982;03; 99; 63; 9999; 9999; 9999; 9999; 9999; 4; 3; 9; 494; 403; 41; 2; 176; 0; 2; 1; 0; 0; 52; 125; 73; 0; 0; 0; 0; 0; 0; 178; 0
1982;04; 1; 1; 2; 1; 0; 0; 0; 0; 0; 0; 2; 1; 727; 20; 376; 0; 20; 2; 1; 0; 0; 0; 0; 0; 1; 1; 0; 0; 0; 0; 9999
1982;05; 0; 0; 0; 0; 0; 0; 0; 0; 0; 0; 0; 0; 0; 0; 0; 0; 0; 0; 2; 282; 2; 1; 33; 0; 0; 15; 0; 0; 163; 1; 315
1982;06; 38; 10; 1; 1; 2; 0; 1; 2; 1; 0; 1; 135; 348; 0; 92; 0; 81; 21; 0; 0; 44; 43; 298; 0; 3; 930; 2; 0; 0; 21; 9999
1982;07; 93; 0; 0; 0; 0; 0; 0; 0; 0; 0; 0; 0; 6; 140; 1; 2; 0; 3; 4; 2; 1; 0; 0; 0; 1; 2; 2; 0; 0; 1; 1
1982;08; 1; 1; 3; 42; 99; 2; 1; 5; 7; 0; 58; 1; 2; 1; 1; 0; 0; 2; 1; 0; 0; 0; 1; 7; 0; 0; 0; 0; 0; 0; 0
1982;09; 0; 0; 0; 0; 0; 0; 0; 0; 0; 0; 0; 0; 0; 3; 0; 0; 0; 0; 2; 0; 0; 0; 0; 0; 0; 0; 0; 61; 2; 0; 9999
1982;10; 0; 4; 3; 0; 2; 504; 3; 2; 256; 8; 450; 0; 750; 36; 8; 6; 0; 25; 144; 0; 362; 22; 0; 0; 112; 0; 0; 0; 118; 2; 0
1982;11; 38; 1; 0; 0; 0; 0; 0; 32; 1; 0; 351; 54; 0; 0; 0; 0; 0; 48; 54; 0; 10; 0; 0; 0; 25; 123; 12; 118; 212; 196; 9999
1982;12; 184; 153; 27; 0; 0; 10; 23; 0; 0; 0; 46; 83; 66; 172; 71; 303; 52; 21; 0; 0; 2; 1; 0; 125; 83; 42; 35; 48; 157; 222; 84
1983;01; 23; 42; 13; 0; 100; 228; 125; 43; 64; 32; 0; 0; 69; 82; 984; 187; 92; 186; 0; 60; 13; 0; 0; 112; 93; 9; 0; 0; 123; 188; 152
1983;02; 0; 0; 123; 175; 84; 13; 11; 821; 51; 197; 28; 0; 0; 0; 0; 0; 43; 32; 57; 23; 0; 52; 12; 0; 0; 107; 128; 323; 9999; 9999; 9999
1983;03; 8; 342; 84; 98; 2; 1; 0; 137; 52; 103; 0; 1; 2; 0; 1; 1; 1; 0; 0; 0; 2; 4; 145; 2; 1; 82; 0; 0; 0; 0; 2
1983;04; 2; 1; 0; 0; 0; 32; 246; 73; 1; 0; 0; 0; 57; 0; 1; 1; 160; 31; 42; 21; 0; 62; 58; 122; 634; 3; 0; 0; 0; 0; 9999
1983;05; 0; 1; 0; 0; 0; 0; 0; 1; 197; 34; 0; 0; 0; 458; 52; 0; 42; 0; 2; 44; 23; 54; 82; 9999; 9999; 856; 67; 102; 353; 421; 125
1983;06; 413; 216; 135; 141; 85; 317; 455; 48; 45; 63; 44; 0; 0; 0; 0; 0; 0; 0; 0; 0; 0; 0; 0; 0; 0; 0; 0; 2; 154; 1; 9999
1983;07; 0; 0; 0; 0; 0; 0; 0; 0; 0; 0; 0; 0; 0; 0; 0; 0; 0; 0; 108; 24; 115; 0; 0; 0; 0; 0; 0; 0; 0; 0; 0
1983;08; 0; 27; 0; 0; 0; 0; 0; 0; 0; 0; 0; 0; 0; 0; 0; 0; 0; 0; 0; 0; 0; 0; 0; 0; 0; 0; 0; 0; 0; 0; 0
1983;09; 5; 2; 0; 9; 2; 183; 176; 193; 2; 0; 0; 0; 0; 0; 0; 83; 428; 216; 6; 0; 0; 0; 686; 4; 0; 0; 0; 0; 9; 0; 9999
1983;10; 0; 0; 0; 0; 0; 0; 0; 0; 0; 0; 0; 1; 108; 102; 20; 1; 0; 0; 0; 0; 4; 326; 193; 0; 0; 0; 0; 0; 0; 0; 0
1983;11; 0; 0; 21; 0; 0; 0; 3; 0; 0; 0; 14; 2; 4; 0; 0; 0; 34; 0; 73; 0; 3; 55; 0; 0; 0; 0; 0; 0; 0; 0; 9999
1983;12; 0; 0; 0; 0; 0; 0; 0; 4; 3; 0; 0; 2; 0; 8; 6; 0; 0; 106; 134; 26; 158; 182; 225; 153; 82; 2; 5; 0; 52; 22; 2
1984;01; 4; 85; 839; 56; 0; 0; 0; 0; 0; 0; 0; 0; 0; 0; 0; 0; 0; 0; 0; 0; 0; 0; 184; 32; 0; 0; 0; 711; 2; 93; 0
1984;02; 0; 0; 0; 0; 0; 0; 0; 0; 5; 23; 162; 1; 0; 0; 0; 0; 0; 0; 0; 0; 0; 0; 0; 2; 2; 0; 0; 1; 3; 9999; 9999
1984;03; 3; 2; 0; 62; 9; 42; 53; 92; 136; 24; 0; 0; 0; 0; 0; 0; 0; 0; 0; 0; 0; 0; 0; 0; 0; 5; 0; 12; 73; 89; 0
1984;04; 0; 0; 23; 52; 0; 0; 0; 0; 0; 0; 0; 0; 0; 0; 23; 19; 0; 0; 0; 0; 0; 0; 0; 2; 0; 0; 23; 25; 0; 6; 9999
1984;05; 52; 4; 2; 0; 0; 0; 0; 0; 1; 0; 2; 0; 0; 0; 0; 0; 0; 0; 0; 0; 0; 3; 1; 0; 0; 0; 0; 0; 0; 0; 0
1984;06; 0; 0; 0; 0; 0; 0; 0; 0; 0; 0; 1; 0; 0; 0; 0; 0; 0; 0; 0; 0; 0; 0; 0; 0; 0; 0; 0; 0; 0; 0; 9999
1984;07; 0; 0; 0; 7; 0; 0; 0; 0; 0; 0; 0; 0; 0; 0; 0; 0; 0; 0; 0; 0; 0; 0; 0; 0; 0; 0; 0; 5; 0; 0; 0
1984;08; 0; 0; 107; 5; 0; 0; 0; 0; 0; 0; 0; 0; 0; 0; 0; 0; 0; 0; 0; 109; 0; 6; 220; 34; 0; 0; 0; 2; 0; 0; 0
1984;09; 0; 0; 0; 0; 0; 0; 23; 116; 209; 0; 0; 0; 0; 0; 0; 0; 0; 0; 0; 0; 132; 3; 0; 0; 0; 122; 53; 0; 0; 0; 9999
1984;10; 0; 0; 0; 0; 0; 0; 0; 0; 0; 0; 0; 0; 0; 0; 0; 0; 83; 112; 121; 0; 0; 0; 0; 0; 0; 0; 0; 0; 0; 0; 0
1984;11; 0; 0; 0; 0; 0; 0; 55; 0; 0; 0; 0; 721; 231; 0; 0; 0; 0; 0; 0; 0; 34; 12; 329; 206; 15; 23; 0; 0; 0; 0; 9999
1984;12; 0; 256; 29; 0; 0; 0; 27; 0; 0; 0; 0; 19; 428; 392; 377; 0; 165; 34; 0; 0; 0; 0; 0; 0; 0; 0; 37; 135; 189; 72; 0
1985;01; 407; 0; 0; 0; 32; 21; 8; 378; 49; 0; 0; 0; 0; 145; 0; 0; 448; 0; 0; 0; 7; 0; 71; 102; 0; 123; 101; 102; 0; 0; 32
1985;02; 356; 254; 92; 21; 0; 82; 0; 21; 126; 0; 199; 6; 0; 0; 251; 34; 0; 0; 0; 0; 2; 226; 168; 85; 75; 9; 2; 5; 9999; 9999; 9999
1985;03; 0; 0; 1; 2; 0; 0; 0; 23; 5; 8; 417; 0; 0; 0; 0; 4; 208; 522; 0; 0; 34; 0; 0; 0; 0; 0; 0; 0; 0; 0; 0
1985;04; 0; 0; 0; 0; 0; 123; 145; 0; 64; 126; 0; 0; 0; 24; 0; 237; 0; 378; 53; 0; 0; 0; 34; 95; 0; 0; 0; 0; 0; 159; 9999
1985;05; 123; 61; 0; 0; 1; 3; 0; 0; 0; 0; 0; 0; 0; 0; 0; 0; 0; 1; 0; 21; 32; 171; 0; 0; 0; 0; 0; 0; 0; 0; 0
1985;06; 0; 0; 2; 90; 39; 3; 1; 1; 0; 0; 0; 0; 0; 0; 0; 0; 0; 0; 0; 0; 0; 0; 0; 0; 0; 0; 0; 0; 0; 0; 9999
1985;07; 0; 0; 0; 0; 0; 3; 0; 0; 0; 0; 0; 0; 0; 0; 0; 0; 0; 0; 0; 0; 0; 0; 0; 0; 0; 0; 0; 0; 0; 0; 0
1985;08; 0; 0; 0; 0; 0; 0; 0; 0; 0; 0; 0; 0; 0; 0; 0; 0; 0; 0; 0; 0; 0; 64; 0; 0; 0; 0; 0; 0; 0; 0; 34
1985;09; 0; 85; 0; 2; 4; 0; 0; 0; 0; 0; 0; 0; 0; 0; 0; 0; 0; 0; 0; 0; 0; 0; 0; 0; 0; 0; 0; 0; 0; 18; 9999
1985;10; 0; 0; 0; 0; 0; 0; 0; 0; 0; 26; 0; 0; 0; 0; 0; 0; 0; 0; 0; 0; 0; 0; 0; 0; 0; 0; 0; 0; 22; 10; 0
1985;11; 3; 191; 110; 33; 0; 0; 0; 0; 0; 0; 0; 0; 0; 0; 0; 0; 0; 0; 0; 0; 15; 0; 0; 155; 111; 31; 93; 0; 0; 0; 9999
1985;12; 0; 0; 49; 40; 0; 0; 0; 0; 0; 0; 0; 0; 0; 0; 0; 167; 0; 0; 0; 0; 0; 0; 0; 173; 57; 32; 172; 54; 49; 0; 0
1986;01; 0; 0; 0; 0; 44; 11; 0; 0; 0; 40; 37; 22; 28; 19; 0; 0; 10; 0; 0; 22; 0; 9; 202; 0; 95; 80; 144; 0; 0; 0; 0
1986;02; 0; 0; 31; 4; 412; 66; 0; 0; 12; 0; 0; 34; 0; 0; 92; 101; 12; 7; 105; 114; 595; 0; 0; 0; 0; 117; 0; 0; 9999; 9999; 9999
1986;03; 57; 552; 7; 0; 134; 0; 0; 85; 102; 91; 0; 0; 0; 0; 0; 0; 264; 0; 21; 53; 0; 0; 0; 0; 0; 136; 749; 0; 58; 363; 0
1986;04; 0; 0; 0; 0; 0; 0; 0; 0; 0; 0; 0; 0; 0; 0; 188; 133; 7; 0; 0; 3; 0; 67; 0; 0; 0; 0; 0; 0; 0; 0; 9999
1986;05; 0; 0; 0; 0; 0; 0; 0; 108; 16; 0; 0; 0; 122; 114; 0; 1; 0; 1; 268; 0; 0; 0; 0; 0; 0; 0; 545; 0; 0; 0; 53
1986;06; 0; 0; 0; 0; 0; 0; 0; 0; 0; 0; 0; 0; 0; 0; 0; 0; 0; 0; 0; 0; 0; 0; 0; 0; 0; 0; 0; 0; 0; 0; 9999
1986;07; 0; 0; 0; 0; 0; 0; 0; 0; 0; 0; 0; 0; 0; 0; 0; 0; 0; 0; 0; 0; 13; 26; 97; 0; 0; 0; 0; 0; 0; 0; 28
1986;08; 0; 0; 0; 0; 0; 0; 0; 0; 0; 0; 0; 0; 86; 31; 14; 66; 48; 0; 0; 0; 103; 564; 234; 0; 0; 0; 0; 0; 0; 0; 0
1986;09; 0; 0; 0; 0; 0; 0; 0; 0; 0; 0; 0; 0; 0; 0; 0; 0; 0; 0; 0; 0; 0; 0; 0; 0; 35; 0; 0; 4; 168; 0; 9999
1986;10; 0; 0; 0; 0; 0; 0; 0; 0; 34; 0; 36; 0; 0; 0; 0; 0; 0; 0; 0; 97; 102; 61; 0; 0; 0; 0; 0; 0; 3; 0; 2
1986;11; 3; 2; 12; 0; 7; 165; 3; 0; 0; 8; 476; 144; 0; 0; 0; 0; 0; 0; 0; 0; 0; 0; 0; 0; 0; 0; 8; 0; 2; 562; 9999
1986;12; 226; 359; 82; 61; 453; 372; 0; 4; 21; 15; 25; 34; 2; 27; 32; 25; 0; 8; 125; 156; 68; 72; 0; 68; 43; 38; 6; 12; 23; 0; 0
1987;01; 13; 68; 93; 258; 97; 0; 0; 0; 0; 0; 0; 256; 113; 0; 0; 0; 0; 385; 0; 0; 0; 0; 102; 57; 124; 137; 122; 281; 9999; 112; 138
1987;02; 116; 63; 209; 314; 2; 0; 0; 0; 0; 4; 0; 0; 2; 122; 133; 42; 118; 165; 21; 33; 42; 0; 0; 0; 525; 563; 31; 0; 9999; 9999; 9999
1987;03; 0; 0; 0; 0; 0; 0; 0; 0; 372; 365; 0; 0; 0; 0; 0; 33; 35; 0; 239; 0; 0; 0; 0; 0; 2; 0; 0; 0; 0; 0; 0
1987;04; 0; 0; 270; 21; 188; 15; 0; 0; 0; 3; 0; 0; 0; 0; 124; 0; 0; 3; 2; 0; 56; 143; 0; 0; 0; 0; 0; 0; 0; 0; 9999
1987;05; 0; 0; 0; 0; 377; 167; 53; 21; 0; 0; 989; 0; 0; 0; 0; 0; 0; 12; 124; 217; 167; 0; 0; 18; 43; 0; 0; 0; 0; 0; 0
1987;06; 0; 0; 0; 0; 0; 0; 167; 5; 2; 0; 0; 0; 0; 108; 169; 132; 0; 3; 0; 0; 0; 0; 216; 24; 0; 0; 0; 0; 0; 0; 9999
1987;07; 0; 0; 0; 0; 0; 0; 0; 0; 0; 14; 82; 0; 0; 0; 0; 0; 0; 0; 0; 0; 0; 0; 0; 0; 0; 0; 0; 0; 0; 0; 0
1987;08; 0; 0; 0; 0; 0; 0; 0; 0; 0; 0; 0; 0; 0; 0; 0; 0; 0; 0; 0; 0; 0; 0; 0; 0; 0; 0; 0; 0; 0; 0; 0
1987;09; 0; 0; 0; 0; 0; 0; 0; 0; 0; 0; 26; 0; 0; 0; 0; 0; 0; 34; 166; 0; 0; 118; 83; 0; 0; 0; 0; 43; 0; 0; 9999
1987;10; 0; 0; 0; 0; 0; 120; 0; 0; 0; 0; 0; 0; 0; 0; 0; 0; 0; 0; 0; 161; 0; 0; 0; 0; 0; 0; 0; 0; 0; 0; 0
1987;11; 0; 0; 0; 0; 0; 0; 0; 0; 0; 0; 0; 0; 164; 286; 319; 0; 0; 0; 0; 0; 0; 24; 0; 0; 235; 19; 0; 0; 0; 0; 9999
1987;12; 0; 0; 0; 0; 37; 0; 0; 0; 0; 0; 0; 0; 0; 0; 0; 0; 0; 0; 2; 24; 31; 46; 372; 6; 14; 0; 0; 0; 0; 0; 0
1988;01; 0; 0; 0; 0; 13; 26; 763; 0; 167; 371; 16; 0; 33; 0; 0; 0; 0; 0; 0; 0; 11; 2; 4; 12; 0; 0; 0; 0; 0; 0; 0
1988;02; 0; 0; 0; 0; 155; 0; 13; 26; 19; 153; 0; 284; 159; 26; 0; 108; 53; 42; 0; 0; 0; 0; 0; 12; 34; 168; 832; 88; 79; 9999; 9999
1988;03; 118; 39; 152; 458; 326; 184; 62; 21; 0; 0; 0; 0; 0; 0; 0; 254; 107; 159; 253; 0; 0; 0; 0; 0; 0; 0; 0; 0; 0; 0; 0
1988;04; 0; 0; 0; 0; 9999; 9999; 9999; 9999; 9999; 9999; 9999; 9999; 9999; 9999; 9999; 9999; 9999; 9999; 9999; 369; 0; 0; 0; 0; 0; 0; 0; 0; 0; 0; 9999
1988;05; 0; 0; 0; 0; 0; 0; 0; 0; 0; 0; 4; 163; 28; 0; 0; 0; 0; 259; 0; 0; 0; 43; 26; 15; 3; 0; 0; 95; 102; 8; 2
1988;06; 0; 0; 0; 0; 0; 0; 0; 0; 0; 0; 0; 0; 2; 2; 0; 0; 0; 0; 0; 0; 0; 0; 0; 0; 0; 0; 0; 0; 0; 0; 9999
1988;07; 0; 0; 0; 0; 0; 0; 0; 0; 0; 0; 0; 0; 0; 0; 0; 0; 0; 0; 0; 0; 0; 0; 0; 0; 0; 0; 0; 0; 0; 0; 0
1988;08; 0; 0; 0; 0; 0; 0; 0; 0; 0; 0; 0; 0; 0; 0; 0; 0; 0; 0; 0; 0; 0; 0; 0; 0; 0; 0; 0; 0; 0; 0; 0
1988;09; 0; 0; 0; 0; 0; 0; 0; 0; 0; 0; 0; 0; 0; 0; 0; 0; 0; 0; 0; 0; 0; 0; 0; 0; 0; 0; 0; 0; 0; 0; 9999
1988;10; 0; 0; 0; 0; 0; 0; 0; 0; 0; 0; 5; 19; 128; 106; 54; 0; 0; 1; 2; 86; 31; 0; 16; 4; 188; 279; 24; 0; 28; 14; 36
1988;11; 0; 6; 0; 0; 0; 0; 0; 138; 24; 146; 0; 0; 148; 232; 0; 0; 0; 0; 28; 54; 225; 106; 24; 0; 0; 0; 0; 0; 0; 0; 9999
1988;12; 0; 0; 0; 0; 0; 0; 0; 35; 54; 23; 0; 0; 0; 0; 0; 0; 0; 34; 46; 0; 14; 18; 102; 264; 123; 48; 0; 0; 0; 0; 0
1989;01; 0; 6; 268; 226; 48; 37; 62; 34; 21; 23; 12; 24; 31; 54; 76; 28; 86; 157; 224; 106; 173; 108; 286; 324; 46; 0; 0; 0; 0; 0; 0
1989;02; 85; 0; 148; 383; 0; 4; 0; 31; 211; 136; 408; 157; 112; 0; 0; 38; 0; 0; 0; 0; 318; 0; 0; 0; 161; 40; 63; 0; 9999; 9999; 9999
1989;03; 10; 0; 0; 0; 0; 0; 0; 0; 0; 0; 0; 0; 0; 60; 292; 0; 0; 0; 0; 0; 0; 0; 0; 0; 0; 0; 0; 8; 0; 2; 0
1989;04; 186; 152; 163; 0; 0; 0; 0; 0; 0; 0; 0; 97; 0; 0; 0; 0; 0; 0; 113; 0; 0; 0; 0; 0; 0; 0; 0; 0; 0; 0; 9999
1989;05; 0; 0; 0; 0; 0; 0; 0; 0; 0; 0; 0; 0; 0; 0; 0; 0; 0; 0; 0; 0; 0; 5; 3; 2; 0; 0; 0; 0; 0; 0; 0
1989;06; 0; 0; 0; 0; 0; 0; 0; 0; 9999; 0; 9999; 9999; 0; 0; 0; 0; 0; 0; 0; 0; 0; 0; 0; 0; 0; 0; 0; 0; 0; 0; 9999
1989;07; 0; 0; 0; 0; 0; 0; 0; 0; 0; 0; 0; 0; 0; 0; 0; 0; 0; 0; 0; 0; 0; 0; 0; 0; 3; 2; 8; 6; 287; 324; 108
1989;08; 0; 0; 0; 0; 0; 0; 0; 0; 0; 0; 0; 0; 0; 0; 0; 0; 0; 0; 0; 0; 0; 0; 0; 0; 0; 0; 0; 0; 0; 0; 0
1989;09; 9999; 9999; 9999; 9999; 9999; 9999; 9999; 9999; 9999; 9999; 9999; 9999; 9999; 9999; 9999; 9999; 9999; 9999; 9999; 417; 0; 0; 0; 0; 17; 16; 26; 0; 0; 0; 9999
1989;10; 0; 0; 0; 0; 0; 0; 0; 0; 0; 0; 0; 0; 0; 0; 0; 0; 0; 0; 0; 0; 0; 0; 0; 0; 448; 0; 0; 0; 0; 0; 0
1989;11; 0; 0; 0; 0; 0; 0; 0; 0; 0; 0; 0; 106; 218; 0; 0; 0; 0; 0; 0; 6; 269; 254; 151; 6; 0; 0; 0; 0; 0; 0; 9999
1989;12; 0; 0; 0; 0; 0; 0; 0; 0; 0; 0; 0; 0; 334; 136; 62; 28; 0; 0; 0; 0; 0; 48; 72; 24; 0; 0; 45; 108; 12; 24; 26
1990;01; 104; 183; 126; 0; 113; 68; 24; 0; 0; 102; 207; 106; 108; 0; 0; 172; 0; 0; 0; 0; 0; 0; 232; 0; 0; 0; 305; 0; 0; 0; 0
1990;02; 0; 0; 0; 0; 0; 0; 0; 0; 0; 0; 0; 0; 0; 0; 0; 0; 0; 0; 0; 0; 0; 0; 589; 0; 0; 0; 0; 0; 9999; 9999; 9999
1990;03; 0; 0; 0; 364; 0; 0; 0; 0; 0; 0; 0; 17; 0; 0; 0; 17; 0; 0; 802; 5; 0; 0; 0; 387; 0; 0; 0; 0; 0; 0; 0
1990;04; 0; 0; 0; 0; 0; 0; 0; 0; 0; 0; 0; 0; 0; 0; 0; 0; 63; 0; 0; 172; 0; 0; 0; 0; 0; 0; 0; 0; 0; 54; 9999
1990;05; 54; 0; 0; 0; 0; 0; 141; 0; 0; 0; 0; 0; 0; 0; 0; 0; 133; 0; 0; 0; 0; 0; 0; 0; 0; 0; 0; 0; 0; 0; 0
1990;06; 0; 0; 0; 0; 0; 0; 0; 0; 0; 0; 0; 0; 0; 0; 0; 0; 0; 0; 0; 0; 0; 0; 0; 0; 0; 0; 0; 0; 0; 0; 9999
1990;07; 0; 0; 0; 0; 0; 0; 0; 0; 0; 153; 0; 0; 0; 0; 0; 0; 113; 506; 0; 0; 104; 0; 0; 0; 0; 0; 0; 0; 0; 0; 0
1990;08; 0; 0; 0; 0; 0; 0; 0; 0; 0; 0; 0; 0; 0; 0; 0; 0; 26; 154; 0; 0; 0; 0; 0; 0; 0; 0; 0; 0; 0; 0; 0
1990;09; 175; 0; 0; 0; 0; 0; 0; 0; 0; 0; 0; 0; 0; 0; 0; 0; 0; 0; 0; 0; 0; 0; 0; 0; 0; 0; 0; 0; 111; 0; 9999
1990;10; 0; 0; 0; 0; 0; 0; 0; 0; 0; 0; 0; 0; 0; 0; 70; 0; 0; 0; 0; 0; 0; 0; 0; 0; 0; 0; 0; 0; 0; 0; 115
1990;11; 0; 0; 0; 0; 0; 125; 0; 137; 0; 0; 0; 136; 0; 0; 0; 0; 0; 451; 0; 0; 0; 0; 0; 0; 0; 0; 0; 0; 0; 0; 9999
1990;12; 0; 0; 0; 0; 0; 0; 117; 0; 0; 0; 0; 0; 0; 0; 0; 0; 0; 0; 0; 0; 0; 0; 0; 0; 0; 0; 0; 0; 0; 0; 0
1991;01; 0; 0; 0; 0; 0; 0; 0; 0; 80; 0; 0; 0; 564; 64; 53; 153; 234; 0; 0; 0; 0; 0; 0; 0; 0; 0; 653; 108; 0; 0; 0
1991;02; 444; 0; 0; 0; 126; 99; 135; 271; 422; 226; 157; 0; 0; 0; 0; 0; 0; 2; 0; 0; 0; 1; 2; 0; 0; 0; 0; 0; 9999; 9999; 9999
1991;03; 0; 125; 322; 158; 414; 148; 34; 36; 0; 0; 0; 0; 225; 608; 0; 0; 8; 9; 2; 5; 25; 0; 0; 0; 62; 105; 82; 877; 405; 363; 34
1991;04; 0; 0; 0; 0; 0; 0; 121; 0; 0; 12; 25; 0; 0; 43; 24; 68; 14; 0; 0; 24; 0; 0; 0; 652; 26; 54; 106; 0; 0; 0; 9999
1991;05; 0; 0; 0; 0; 0; 0; 0; 0; 0; 0; 1; 0; 0; 0; 0; 7; 2; 1; 0; 0; 21; 0; 0; 0; 0; 0; 0; 0; 0; 0; 0
1991;06; 0; 0; 0; 0; 0; 0; 0; 0; 0; 0; 0; 0; 0; 0; 0; 0; 0; 0; 34; 62; 47; 19; 0; 0; 0; 0; 0; 128; 105; 72; 9999
1991;07; 0; 0; 0; 0; 0; 0; 0; 0; 0; 0; 0; 64; 89; 24; 0; 0; 0; 0; 0; 0; 0; 0; 0; 0; 0; 0; 0; 0; 0; 0; 0
1991;08; 0; 0; 0; 0; 0; 0; 0; 0; 0; 0; 0; 0; 0; 0; 0; 0; 0; 0; 0; 0; 0; 0; 0; 0; 0; 0; 0; 0; 0; 0; 0
1991;09; 0; 0; 0; 0; 0; 0; 0; 0; 0; 0; 0; 0; 0; 0; 0; 0; 0; 41; 74; 15; 0; 0; 0; 0; 35; 67; 0; 0; 84; 32; 9999
1991;10; 34; 3; 0; 0; 0; 88; 108; 189; 45; 21; 0; 0; 0; 0; 0; 0; 0; 173; 0; 0; 24; 58; 13; 0; 0; 0; 0; 0; 0; 0; 0
1991;11; 0; 0; 0; 0; 0; 0; 0; 0; 0; 0; 0; 0; 0; 258; 127; 0; 0; 0; 0; 0; 0; 0; 0; 0; 0; 0; 0; 0; 0; 0; 9999
1991;12; 0; 0; 0; 24; 0; 0; 47; 54; 27; 72; 127; 108; 0; 11; 126; 363; 74; 36; 42; 0; 0; 132; 32; 295; 8; 0; 0; 0; 43; 0; 0
1992;01; 254; 189; 2; 0; 335; 3; 0; 0; 0; 0; 0; 0; 112; 46; 0; 8; 0; 0; 0; 0; 4; 2; 16; 43; 0; 32; 106; 306; 0; 124; 182
1992;02; 269; 24; 36; 5; 18; 3; 6; 124; 98; 0; 0; 0; 8; 0; 0; 0; 26; 34; 0; 129; 286; 0; 0; 186; 0; 96; 0; 144; 6; 9999; 9999
1992;03; 0; 0; 8; 102; 94; 46; 63; 0; 0; 121; 104; 138; 41; 4; 6; 18; 0; 9; 0; 0; 0; 0; 0; 46; 0; 62; 23; 42; 37; 189; 16
1992;04; 309; 0; 0; 0; 0; 0; 105; 0; 0; 0; 0; 143; 201; 0; 0; 0; 42; 124; 31; 0; 0; 0; 0; 0; 0; 0; 0; 0; 21; 46; 9999
1992;05; 68; 104; 323; 32; 0; 0; 0; 0; 0; 0; 0; 0; 0; 0; 0; 0; 102; 21; 0; 0; 0; 1; 0; 0; 0; 0; 0; 0; 0; 4; 0
1992;06; 0; 0; 0; 0; 0; 0; 0; 0; 0; 0; 0; 0; 0; 0; 0; 0; 0; 0; 0; 0; 0; 0; 0; 0; 0; 0; 0; 0; 0; 0; 9999
1992;07; 0; 0; 0; 0; 0; 0; 93; 112; 258; 3; 0; 0; 0; 0; 0; 0; 0; 0; 0; 0; 0; 0; 0; 0; 0; 0; 0; 0; 0; 0; 0
1992;08; 0; 0; 0; 0; 0; 0; 0; 0; 0; 0; 0; 0; 0; 0; 0; 0; 0; 0; 3; 2; 14; 0; 0; 6; 0; 0; 0; 0; 0; 0; 0
1992;09; 0; 0; 0; 0; 4; 6; 0; 0; 0; 0; 0; 0; 0; 16; 31; 304; 62; 42; 0; 0; 0; 0; 0; 0; 0; 0; 0; 0; 0; 0; 9999
1992;10; 0; 0; 0; 0; 0; 0; 6; 4; 102; 0; 0; 604; 0; 0; 4; 226; 104; 0; 0; 0; 0; 0; 0; 0; 0; 0; 0; 189; 374; 152; 186
1992;11; 185; 24; 0; 132; 0; 0; 0; 0; 24; 0; 0; 0; 0; 0; 0; 13; 234; 0; 56; 21; 0; 0; 0; 123; 108; 236; 42; 61; 0; 0; 9999
1992;12; 0; 0; 0; 0; 0; 0; 0; 0; 106; 24; 41; 62; 0; 0; 0; 0; 0; 164; 0; 0; 0; 0; 0; 0; 0; 0; 0; 106; 0; 0; 0
1993;01; 0; 0; 28; 0; 0; 29; 106; 391; 133; 245; 429; 368; 124; 0; 0; 0; 0; 0; 0; 64; 149; 0; 0; 26; 8; 0; 0; 0; 0; 0; 48
1993;02; 86; 34; 127; 0; 0; 4; 12; 8; 0; 41; 2; 3; 39; 64; 456; 213; 102; 167; 384; 100; 0; 5; 2; 46; 267; 226; 104; 98; 9999; 9999; 9999
1993;03; 0; 214; 45; 21; 0; 0; 0; 0; 0; 0; 0; 0; 0; 0; 0; 194; 0; 0; 205; 62; 0; 46; 152; 129; 2; 9; 0; 0; 0; 24; 43
1993;04; 32; 69; 0; 0; 0; 0; 0; 0; 0; 0; 0; 0; 0; 0; 0; 0; 0; 0; 0; 0; 0; 4; 2; 4; 48; 21; 0; 3; 0; 0; 9999
1993;05; 0; 0; 0; 108; 106; 223; 0; 0; 0; 0; 0; 0; 0; 0; 4; 0; 0; 0; 0; 0; 0; 0; 0; 0; 0; 0; 0; 0; 0; 24; 228
1993;06; 107; 21; 0; 0; 0; 58; 106; 0; 0; 0; 6; 14; 0; 0; 0; 0; 0; 0; 0; 0; 0; 0; 0; 0; 0; 0; 0; 0; 0; 0; 9999
1993;07; 0; 0; 0; 0; 0; 0; 0; 0; 0; 0; 0; 0; 0; 0; 156; 0; 0; 0; 0; 0; 0; 0; 0; 0; 0; 0; 0; 0; 0; 8; 0
1993;08; 0; 2; 0; 0; 0; 2; 0; 0; 0; 0; 0; 0; 0; 4; 15; 0; 0; 0; 0; 0; 0; 0; 11; 43; 6; 29; 0; 0; 0; 0; 0
1993;09; 0; 0; 0; 0; 0; 0; 0; 33; 37; 24; 0; 0; 0; 0; 135; 351; 7; 0; 0; 0; 0; 213; 174; 73; 254; 241; 41; 68; 0; 9; 9999
1993;10; 0; 0; 0; 0; 128; 91; 0; 0; 0; 0; 0; 0; 0; 0; 0; 334; 17; 0; 13; 24; 318; 0; 0; 43; 0; 0; 21; 0; 0; 0; 0
1993;11; 0; 0; 15; 0; 0; 12; 56; 19; 0; 0; 0; 0; 0; 0; 0; 0; 0; 0; 0; 0; 0; 0; 0; 34; 62; 182; 69; 0; 0; 0; 9999
1993;12; 0; 0; 0; 0; 164; 32; 0; 4; 21; 64; 21; 0; 0; 0; 0; 0; 0; 0; 32; 108; 65; 2; 0; 21; 124; 93; 46; 0; 415; 4; 114
1994;01; 0; 0; 0; 131; 0; 0; 0; 64; 351; 0; 0; 0; 0; 0; 0; 0; 0; 0; 196; 0; 0; 0; 28; 192; 21; 53; 0; 508; 0; 0; 0
1994;02; 0; 0; 0; 0; 47; 224; 26; 192; 0; 0; 0; 0; 198; 114; 32; 0; 0; 0; 124; 86; 21; 4; 0; 0; 2; 5; 108; 87; 9999; 9999; 9999
1994;03; 179; 35; 0; 0; 0; 0; 19; 24; 0; 0; 76; 0; 0; 38; 0; 0; 0; 80; 26; 128; 103; 128; 43; 0; 0; 0; 21; 0; 36; 204; 126
1994;04; 148; 6; 0; 0; 0; 0; 28; 0; 0; 0; 0; 0; 0; 0; 12; 0; 0; 0; 26; 0; 0; 417; 38; 0; 0; 0; 0; 24; 347; 0; 9999
1994;05; 0; 0; 0; 0; 0; 0; 0; 0; 0; 0; 0; 2; 1; 1; 108; 316; 0; 0; 0; 0; 0; 0; 0; 1; 2; 0; 319; 21; 0; 0; 0
1994;06; 0; 0; 4; 2; 0; 0; 0; 0; 0; 0; 0; 0; 0; 0; 0; 0; 0; 0; 0; 0; 0; 0; 24; 36; 0; 0; 0; 0; 0; 0; 9999
1994;07; 0; 0; 0; 0; 0; 0; 0; 48; 14; 0; 0; 0; 0; 0; 0; 0; 0; 0; 0; 0; 0; 0; 134; 0; 0; 0; 0; 0; 0; 0; 0
1994;08; 0; 0; 0; 0; 0; 0; 0; 0; 0; 0; 0; 0; 0; 0; 0; 0; 0; 0; 0; 0; 0; 0; 0; 0; 0; 0; 0; 0; 0; 0; 0
1994;09; 0; 0; 0; 0; 0; 0; 0; 0; 0; 0; 0; 0; 0; 0; 0; 9; 0; 0; 0; 0; 0; 0; 0; 0; 0; 0; 0; 0; 0; 0; 9999
1994;10; 23; 4; 0; 0; 0; 0; 0; 0; 0; 0; 0; 0; 0; 36; 0; 0; 14; 202; 0; 0; 0; 18; 26; 32; 120; 0; 104; 128; 187; 5; 31
1994;11; 29; 0; 0; 0; 0; 6; 324; 0; 0; 0; 0; 0; 0; 106; 121; 32; 54; 136; 129; 0; 0; 0; 0; 0; 0; 0; 0; 406; 561; 0; 9999
1994;12; 0; 0; 0; 109; 162; 6; 104; 0; 0; 0; 0; 0; 0; 0; 46; 0; 4; 0; 161; 12; 0; 98; 93; 0; 0; 0; 0; 0; 122; 79; 0
1995;01; 44; 83; 58; 336; 116; 122; 0; 196; 7; 0; 191; 0; 0; 0; 65; 0; 0; 0; 2; 213; 6; 111; 0; 0; 0; 166; 0; 528; 124; 53; 0
1995;02; 0; 94; 453; 1354; 1046; 982; 624; 567; 284; 738; 104; 167; 236; 94; 46; 32; 68; 104; 289; 133; 165; 189; 121; 0; 0; 0; 42; 26; 9999; 9999; 9999
1995;03; 3; 8; 0; 0; 0; 37; 0; 0; 0; 0; 0; 0; 62; 0; 0; 0; 0; 0; 0; 0; 0; 0; 0; 0; 6; 42; 0; 0; 0; 289; 391
1995;04; 124; 106; 0; 0; 0; 0; 0; 0; 28; 0; 16; 34; 0; 0; 0; 0; 0; 0; 0; 0; 246; 482; 4; 0; 0; 0; 102; 31; 0; 0; 9999
1995;05; 0; 0; 0; 0; 0; 0; 4; 126; 62; 134; 241; 2; 0; 0; 0; 4; 98; 42; 0; 0; 0; 0; 2; 1; 0; 0; 0; 0; 0; 0; 0
1995;06; 0; 0; 0; 0; 0; 0; 0; 0; 0; 0; 0; 0; 0; 0; 0; 0; 0; 21; 46; 8; 0; 0; 0; 24; 82; 17; 0; 0; 0; 0; 9999
1995;07; 0; 0; 0; 0; 0; 0; 0; 0; 159; 204; 8; 0; 0; 0; 0; 0; 0; 0; 0; 3; 7; 61; 0; 0; 0; 0; 0; 0; 0; 0; 0
1995;08; 0; 0; 0; 0; 0; 0; 0; 0; 0; 0; 0; 0; 0; 0; 0; 0; 0; 0; 0; 0; 0; 0; 0; 0; 0; 0; 0; 0; 0; 0; 0
1995;09; 0; 0; 0; 0; 0; 0; 0; 0; 0; 0; 0; 0; 0; 0; 0; 0; 0; 0; 0; 0; 0; 0; 0; 2; 113; 0; 0; 55; 0; 0; 9999
1995;10; 0; 0; 0; 0; 0; 0; 0; 0; 0; 0; 28; 54; 2; 248; 34; 106; 0; 3; 0; 137; 0; 0; 0; 0; 0; 0; 0; 0; 0; 518; 0
1995;11; 0; 0; 0; 0; 84; 0; 0; 317; 27; 0; 0; 183; 0; 0; 0; 0; 18; 0; 0; 0; 0; 84; 21; 100; 0; 0; 0; 0; 43; 0; 9999
1995;12; 0; 0; 0; 0; 0; 0; 0; 0; 0; 0; 0; 0; 273; 246; 262; 180; 216; 129; 0; 0; 0; 46; 23; 104; 0; 76; 52; 108; 64; 82; 0
1996;01; 0; 258; 362; 425; 46; 132; 271; 94; 246; 0; 128; 0; 84; 0; 0; 0; 26; 51; 107; 4; 362; 0; 0; 0; 0; 0; 0; 0; 0; 0; 0
1996;02; 32; 0; 21; 42; 96; 143; 126; 674; 306; 81; 637; 39; 45; 0; 0; 0; 0; 162; 0; 0; 0; 0; 63; 276; 282; 161; 158; 225; 234; 9999; 9999
1996;03; 0; 0; 16; 79; 0; 84; 379; 355; 0; 0; 34; 0; 0; 0; 256; 224; 108; 117; 63; 31; 0; 0; 0; 0; 0; 0; 0; 0; 0; 0; 0
1996;04; 0; 0; 0; 0; 0; 0; 0; 0; 0; 0; 0; 0; 0; 0; 0; 36; 328; 0; 0; 0; 0; 0; 0; 0; 0; 0; 0; 0; 0; 0; 9999
1996;05; 0; 0; 0; 0; 0; 0; 0; 0; 0; 55; 0; 0; 0; 0; 0; 292; 36; 0; 0; 0; 0; 58; 12; 0; 0; 0; 0; 0; 0; 0; 0
1996;06; 0; 0; 0; 0; 0; 58; 0; 0; 0; 0; 0; 8; 2; 5; 0; 0; 0; 0; 0; 0; 0; 0; 0; 0; 0; 0; 0; 37; 42; 0; 9999
1996;07; 0; 0; 0; 0; 0; 0; 0; 0; 0; 0; 0; 0; 0; 0; 0; 0; 0; 0; 0; 0; 0; 0; 0; 0; 0; 0; 0; 7; 0; 0; 0
1996;08; 0; 0; 0; 0; 0; 0; 0; 0; 0; 0; 213; 245; 19; 0; 262; 0; 0; 0; 0; 0; 0; 0; 0; 0; 0; 0; 0; 0; 0; 0; 0
1996;09; 0; 57; 66; 373; 292; 59; 0; 0; 306; 58; 491; 0; 0; 0; 0; 0; 292; 0; 0; 0; 0; 0; 0; 0; 0; 0; 0; 0; 0; 0; 9999
1996;10; 0; 58; 435; 286; 74; 0; 122; 0; 157; 0; 114; 0; 85; 214; 0; 0; 0; 0; 0; 53; 224; 0; 0; 0; 24; 66; 152; 82; 0; 0; 0
1996;11; 245; 0; 144; 8; 0; 0; 0; 0; 0; 0; 0; 0; 88; 58; 125; 168; 117; 0; 0; 144; 73; 0; 0; 0; 0; 0; 0; 0; 0; 0; 9999
1996;12; 71; 0; 83; 0; 0; 34; 0; 0; 0; 0; 0; 0; 78; 0; 0; 0; 186; 0; 100; 74; 0; 214; 537; 0; 56; 0; 0; 0; 16; 0; 0
1997;01; 0; 0; 0; 0; 0; 27; 0; 79; 148; 0; 371; 286; 0; 86; 0; 61; 0; 0; 139; 0; 57; 0; 0; 568; 231; 182; 0; 324; 106; 214; 76
1997;02; 72; 261; 52; 0; 0; 0; 0; 0; 0; 0; 0; 0; 0; 117; 63; 0; 0; 259; 74; 0; 0; 0; 24; 47; 0; 0; 0; 0; 9999; 9999; 9999
1997;03; 0; 0; 0; 106; 0; 0; 0; 2; 239; 42; 0; 6; 0; 0; 0; 0; 0; 0; 0; 0; 232; 0; 0; 0; 0; 0; 0; 0; 0; 0; 7
1997;04; 52; 0; 0; 0; 0; 0; 0; 0; 0; 0; 0; 0; 0; 0; 0; 0; 0; 0; 0; 0; 0; 0; 0; 0; 0; 0; 0; 0; 0; 0; 9999
1997;05; 0; 0; 0; 0; 0; 0; 0; 0; 0; 0; 0; 0; 0; 0; 0; 0; 0; 0; 0; 0; 0; 0; 24; 36; 138; 12; 0; 0; 0; 0; 0
1997;06; 0; 138; 226; 171; 3; 53; 0; 0; 0; 0; 2; 0; 0; 182; 198; 64; 52; 86; 38; 36; 0; 0; 0; 0; 1; 0; 0; 0; 0; 0; 9999
1997;07; 24; 0; 0; 0; 0; 0; 0; 0; 0; 0; 0; 0; 0; 0; 0; 0; 0; 0; 0; 0; 64; 126; 48; 0; 22; 0; 0; 0; 0; 0; 0
1997;08; 0; 0; 0; 0; 0; 0; 123; 24; 0; 0; 0; 0; 0; 0; 0; 0; 0; 0; 0; 62; 34; 17; 0; 0; 0; 0; 0; 0; 0; 0; 0
1997;09; 0; 0; 0; 0; 0; 0; 0; 0; 0; 0; 0; 0; 0; 279; 54; 9; 0; 0; 0; 0; 168; 5; 0; 0; 4; 0; 0; 0; 0; 0; 9999
1997;10; 0; 0; 0; 0; 0; 0; 0; 0; 0; 0; 0; 0; 0; 0; 0; 0; 0; 0; 0; 0; 106; 42; 14; 0; 0; 0; 0; 0; 0; 0; 43
1997;11; 67; 32; 0; 0; 160; 0; 0; 0; 0; 0; 104; 153; 224; 82; 98; 0; 168; 343; 228; 0; 0; 126; 248; 63; 25; 0; 0; 0; 0; 0; 9999
1997;12; 0; 0; 0; 48; 21; 0; 0; 0; 124; 37; 0; 0; 0; 0; 0; 0; 0; 0; 0; 0; 0; 0; 126; 124; 167; 62; 0; 0; 0; 0; 0
