33
Ano,Mes,1,2,3,4,5,6,7,8,9,10,11,12,13,14,15,16,17,18,19,20,21,22,23,24,25,26,27,28,29,30,31
1973;06; 9999; 9999; 9999; 9999; 9999; 9999; 9999; 1; 2; 3; 3; 2; 1; 0; 0; 2; 1; 114; 9; 1; 1; 1; 0; 0; 249; 4; 183; 13; 13; 2; 9999
1973;07; 1; 89; 174; 0; 0; 2; 0; 0; 2; 2; 1; 1; 0; 0; 1; 0; 0; 0; 0; 3; 0; 38; 0; 0; 2; 2; 0; 78; 2; 2; 2
1973;08; 2; 0; 0; 0; 11; 145; 2; 3; 2; 1; 0; 0; 0; 0; 0; 0; 3; 1; 1; 1; 0; 0; 0; 0; 2; 3; 11; 32; 15; 0; 0
1973;09; 0; 431; 27; 1; 1; 0; 23; 0; 0; 15; 1; 1; 1; 0; 15; 0; 0; 0; 0; 0; 13; 11; 0; 0; 0; 12; 18; 0; 0; 0; 9999
1973;10; 0; 0; 0; 0; 0; 0; 163; 0; 67; 0; 281; 158; 0; 0; 0; 0; 0; 0; 202; 1; 1; 0; 0; 0; 0; 0; 0; 0; 0; 0; 214
1973;11; 256; 0; 49; 0; 11; 109; 0; 0; 0; 0; 0; 9; 184; 15; 7; 1; 163; 118; 13; 1; 0; 0; 0; 3; 72; 3; 1; 63; 1; 0; 9999
1973;12; 0; 0; 0; 324; 4; 386; 85; 185; 13; 0; 0; 0; 0; 0; 0; 8; 99; 2; 3; 111; 230; 1; 0; 232; 184; 64; 0; 0; 23; 287; 160
1974;01; 241; 3; 0; 0; 0; 11; 6; 8; 16; 31; 263; 235; 1; 29; 14; 13; 0; 10; 151; 9; 0; 0; 0; 0; 0; 0; 13; 84; 12; 59; 249
1974;02; 467; 49; 18; 0; 176; 35; 0; 0; 0; 0; 0; 5; 3; 2; 0; 103; 0; 147; 159; 3; 2; 39; 0; 21; 235; 0; 0; 0; 9999; 9999; 9999
1974;03; 0; 0; 0; 0; 0; 0; 0; 23; 80; 155; 238; 1105; 16; 12; 283; 18; 369; 566; 458; 348; 211; 0; 0; 0; 223; 65; 47; 26; 0; 0; 0
1974;04; 0; 7; 0; 8; 189; 0; 0; 0; 0; 0; 0; 0; 0; 0; 0; 0; 0; 0; 0; 0; 0; 0; 0; 0; 28; 27; 0; 0; 0; 0; 9999
1974;05; 0; 0; 1; 1; 0; 0; 1; 1; 1; 1; 2; 2; 1; 2; 1; 1; 0; 0; 62; 43; 0; 2; 0; 0; 0; 0; 6; 0; 1; 1; 0
1974;06; 1; 6; 72; 1; 2; 1; 34; 3; 1; 53; 8; 215; 11; 2; 0; 0; 0; 0; 1; 2; 0; 86; 0; 0; 96; 204; 3; 0; 0; 0; 9999
1974;07; 0; 0; 1; 0; 0; 0; 0; 0; 0; 0; 0; 0; 0; 0; 0; 0; 0; 0; 0; 1; 2; 0; 0; 0; 0; 0; 0; 0; 0; 0; 0
1974;08; 1; 0; 0; 0; 0; 0; 0; 0; 4; 0; 0; 0; 0; 0; 17; 0; 0; 1; 0; 0; 0; 0; 0; 0; 0; 0; 0; 0; 1; 22; 0
1974;09; 0; 0; 0; 39; 0; 0; 0; 0; 0; 0; 0; 0; 0; 0; 0; 0; 0; 0; 0; 8; 0; 0; 0; 0; 0; 0; 2; 0; 214; 0; 9999
1974;10; 0; 237; 0; 194; 332; 0; 0; 0; 8; 0; 0; 0; 0; 0; 0; 0; 15; 0; 14; 0; 0; 0; 0; 0; 252; 73; 39; 42; 893; 161; 2
1974;11; 0; 0; 0; 0; 0; 89; 4; 0; 0; 0; 0; 0; 21; 0; 0; 0; 0; 0; 0; 0; 270; 19; 87; 0; 0; 0; 0; 83; 3; 1; 9999
1974;12; 81; 0; 123; 261; 104; 274; 0; 0; 0; 0; 0; 0; 273; 35; 135; 0; 106; 183; 188; 1; 223; 151; 462; 94; 0; 0; 0; 383; 0; 495; 47
1975;01; 45; 95; 1; 0; 0; 0; 1; 0; 0; 2; 4; 11; 18; 22; 8; 573; 0; 0; 334; 3; 0; 0; 0; 0; 0; 127; 14; 0; 0; 0; 0
1975;02; 0; 6; 150; 217; 660; 151; 5; 339; 137; 131; 2; 1; 0; 0; 0; 0; 0; 0; 5; 101; 0; 2; 274; 21; 6; 0; 1; 522; 9999; 9999; 9999
1975;03; 0; 1; 135; 4; 0; 0; 0; 0; 0; 12; 0; 1; 0; 0; 0; 0; 0; 0; 0; 0; 7; 0; 45; 13; 17; 0; 0; 0; 0; 17; 99
1975;04; 0; 0; 0; 0; 0; 0; 0; 0; 0; 95; 237; 3; 0; 1; 209; 11; 0; 0; 1; 0; 0; 0; 0; 0; 0; 0; 0; 0; 0; 0; 9999
1975;05; 23; 0; 0; 32; 0; 203; 4; 0; 0; 0; 0; 0; 0; 0; 0; 0; 1; 0; 0; 0; 0; 0; 0; 0; 0; 0; 0; 0; 0; 0; 0
1975;06; 0; 0; 4; 0; 5; 2; 4; 0; 0; 0; 0; 0; 0; 0; 0; 0; 0; 0; 0; 0; 0; 0; 0; 1; 2; 0; 0; 0; 0; 0; 9999
1975;07; 1; 1; 0; 92; 2; 104; 3; 0; 0; 0; 0; 0; 0; 0; 0; 0; 175; 105; 2; 0; 0; 0; 0; 0; 0; 0; 0; 0; 0; 0; 0
1975;08; 0; 0; 0; 0; 0; 0; 5; 0; 0; 0; 0; 0; 0; 0; 0; 0; 0; 0; 0; 0; 0; 0; 0; 0; 0; 0; 0; 0; 0; 0; 0
1975;09; 0; 0; 0; 0; 0; 0; 0; 0; 0; 0; 0; 0; 0; 0; 0; 0; 0; 0; 0; 0; 0; 0; 6; 314; 0; 3; 70; 7; 0; 317; 9999
1975;10; 113; 8; 10; 219; 141; 153; 0; 93; 0; 0; 3; 121; 0; 0; 1; 0; 5; 105; 141; 0; 0; 0; 0; 0; 0; 0; 0; 3; 0; 45; 19
1975;11; 87; 105; 0; 0; 0; 0; 196; 2; 0; 172; 0; 7; 0; 0; 0; 0; 79; 47; 0; 6; 258; 142; 0; 469; 385; 905; 0; 0; 142; 1019; 9999
1975;12; 31; 93; 0; 51; 0; 0; 0; 0; 0; 1; 0; 0; 47; 161; 0; 0; 0; 10; 19; 11; 0; 14; 286; 5; 185; 21; 0; 381; 387; 51; 0
1976;01; 1; 25; 453; 65; 8; 1; 267; 41; 5; 1; 75; 71; 310; 0; 0; 9; 0; 0; 0; 0; 822; 41; 4; 0; 0; 3; 0; 560; 138; 0; 192
1976;02; 358; 128; 69; 74; 69; 102; 205; 387; 159; 7; 0; 0; 0; 0; 0; 1; 2; 166; 14; 0; 11; 29; 145; 117; 5; 1; 39; 212; 283; 9999; 9999
1976;03; 19; 2; 98; 173; 0; 0; 0; 0; 0; 0; 215; 9; 0; 0; 0; 0; 0; 321; 115; 226; 510; 167; 0; 33; 0; 23; 0; 0; 3; 0; 0
1976;04; 0; 0; 0; 0; 0; 0; 0; 0; 0; 132; 76; 102; 70; 185; 98; 2; 0; 0; 0; 0; 0; 0; 65; 0; 0; 0; 0; 0; 0; 0; 9999
1976;05; 0; 0; 0; 0; 0; 0; 0; 0; 14; 219; 22; 135; 3; 1; 0; 0; 113; 4; 142; 47; 19; 177; 2; 0; 0; 0; 0; 379; 589; 2; 0
1976;06; 0; 0; 0; 0; 51; 683; 3; 1; 0; 0; 333; 1; 21; 122; 2; 1; 0; 0; 1; 0; 0; 0; 0; 0; 0; 0; 0; 0; 0; 0; 9999
1976;07; 37; 69; 494; 36; 2; 1; 0; 64; 161; 152; 0; 0; 1; 0; 0; 0; 0; 0; 0; 0; 0; 0; 0; 0; 0; 0; 0; 0; 0; 0; 0
1976;08; 0; 0; 0; 0; 0; 13; 1; 0; 0; 83; 7; 124; 227; 241; 0; 0; 0; 6; 175; 132; 2; 0; 0; 0; 0; 0; 0; 0; 0; 0; 0
1976;09; 0; 0; 0; 0; 85; 106; 114; 292; 0; 0; 0; 0; 104; 25; 12; 188; 2; 0; 0; 0; 0; 0; 54; 0; 0; 0; 387; 392; 0; 1; 9999
1976;10; 0; 0; 0; 0; 23; 41; 0; 0; 326; 311; 0; 0; 0; 0; 0; 0; 0; 28; 121; 8; 0; 0; 0; 0; 171; 94; 57; 0; 0; 0; 0
1976;11; 0; 0; 0; 237; 41; 292; 2; 0; 0; 0; 0; 0; 0; 148; 0; 0; 64; 0; 0; 34; 114; 0; 0; 0; 0; 0; 55; 17; 35; 0; 9999
1976;12; 0; 97; 0; 0; 71; 2; 0; 0; 188; 2; 0; 0; 0; 0; 9; 339; 94; 0; 0; 0; 433; 0; 9; 6; 85; 459; 165; 51; 0; 0; 0
1977;01; 0; 138; 0; 0; 198; 349; 329; 203; 0; 0; 0; 0; 0; 0; 0; 0; 172; 2; 657; 49; 0; 0; 0; 262; 0; 0; 35; 203; 12; 98; 3
1977;02; 311; 3; 0; 129; 39; 1; 67; 91; 0; 0; 0; 0; 0; 0; 0; 0; 0; 0; 0; 0; 0; 0; 0; 0; 0; 0; 0; 0; 9999; 9999; 9999
1977;03; 0; 0; 0; 0; 107; 58; 0; 6; 0; 0; 61; 0; 0; 0; 0; 0; 87; 0; 0; 151; 509; 29; 36; 2; 0; 0; 0; 0; 218; 487; 225
1977;04; 227; 0; 0; 9; 14; 0; 0; 0; 285; 422; 2; 1; 0; 0; 0; 0; 0; 0; 8; 94; 16; 0; 0; 0; 0; 0; 0; 0; 0; 0; 9999
1977;05; 0; 97; 0; 0; 0; 0; 0; 0; 24; 0; 0; 0; 0; 0; 0; 0; 0; 0; 0; 1; 0; 0; 0; 0; 0; 0; 0; 0; 0; 0; 0
1977;06; 0; 94; 3; 16; 278; 31; 2; 0; 0; 1; 0; 0; 0; 3; 2; 113; 0; 2; 0; 0; 0; 4; 21; 0; 4; 0; 0; 0; 0; 0; 9999
1977;07; 0; 0; 0; 0; 0; 0; 0; 0; 0; 0; 0; 0; 0; 0; 0; 0; 0; 15; 0; 0; 0; 4; 17; 23; 7; 3; 2; 1; 0; 0; 0
1977;08; 0; 0; 0; 0; 0; 0; 0; 0; 0; 0; 0; 0; 0; 3; 0; 0; 0; 0; 0; 0; 0; 0; 0; 0; 0; 0; 0; 0; 0; 4; 66
1977;09; 0; 23; 0; 0; 0; 0; 94; 205; 0; 0; 0; 0; 0; 0; 0; 0; 1; 2; 80; 0; 14; 0; 0; 17; 109; 1; 0; 0; 0; 0; 9999
1977;10; 0; 136; 0; 0; 0; 0; 0; 0; 0; 0; 0; 7; 3; 0; 0; 0; 243; 0; 7; 0; 0; 0; 0; 0; 5; 2; 39; 86; 0; 0; 0
1977;11; 0; 80; 0; 351; 0; 0; 93; 0; 0; 0; 55; 273; 158; 0; 91; 61; 0; 0; 319; 0; 0; 0; 151; 0; 23; 3; 0; 264; 1; 60; 9999
1977;12; 89; 311; 1035; 99; 100; 229; 2; 241; 2; 3; 183; 0; 0; 0; 0; 0; 0; 0; 11; 41; 12; 284; 199; 24; 0; 0; 0; 0; 0; 0; 0
1978;01; 216; 3; 4; 0; 0; 0; 55; 0; 0; 149; 5; 9; 0; 0; 0; 8; 68; 0; 0; 0; 224; 0; 0; 5; 0; 0; 139; 219; 0; 0; 0
1978;02; 0; 0; 0; 2; 0; 0; 109; 0; 0; 0; 0; 190; 0; 0; 0; 0; 162; 1; 5; 0; 179; 97; 0; 0; 0; 0; 0; 70; 9999; 9999; 9999
1978;03; 0; 151; 142; 431; 92; 0; 0; 0; 27; 61; 766; 0; 0; 84; 0; 0; 2; 0; 0; 0; 0; 1; 0; 11; 0; 0; 0; 0; 453; 35; 1
1978;04; 0; 0; 0; 0; 0; 0; 0; 0; 0; 0; 0; 0; 0; 0; 0; 0; 0; 0; 0; 0; 0; 0; 119; 3; 0; 0; 0; 0; 1; 0; 9999
1978;05; 2; 0; 0; 2; 0; 0; 0; 0; 0; 0; 1; 2; 0; 0; 0; 102; 665; 55; 11; 0; 145; 21; 3; 2; 2; 1; 6; 0; 0; 54; 0
1978;06; 0; 1; 0; 0; 1; 0; 0; 0; 347; 0; 0; 0; 0; 0; 0; 0; 0; 0; 0; 0; 0; 0; 0; 0; 0; 0; 0; 0; 0; 0; 9999
1978;07; 0; 0; 0; 0; 0; 0; 0; 0; 0; 1; 0; 0; 0; 0; 0; 400; 0; 99; 2; 0; 329; 39; 223; 14; 59; 0; 0; 0; 0; 0; 0
1978;08; 0; 0; 0; 0; 0; 0; 0; 0; 0; 0; 0; 0; 31; 4; 6; 0; 0; 0; 0; 0; 0; 0; 0; 6; 0; 0; 0; 0; 0; 0; 0
1978;09; 28; 0; 0; 0; 183; 92; 0; 119; 3; 0; 0; 0; 0; 0; 21; 0; 169; 0; 0; 0; 0; 0; 0; 0; 0; 0; 0; 0; 0; 0; 9999
1978;10; 0; 0; 0; 0; 0; 0; 0; 0; 0; 0; 29; 0; 0; 94; 1; 0; 15; 219; 629; 0; 0; 0; 0; 0; 0; 0; 0; 223; 35; 27; 225
1978;11; 3; 1; 0; 128; 334; 182; 0; 0; 0; 0; 378; 174; 0; 0; 0; 0; 372; 0; 0; 37; 0; 0; 168; 51; 0; 0; 0; 139; 0; 0; 9999
1978;12; 0; 0; 14; 0; 0; 17; 23; 245; 254; 2; 0; 0; 0; 0; 68; 284; 145; 0; 0; 0; 0; 0; 0; 0; 0; 49; 511; 28; 97; 2; 27
1979;01; 7; 323; 55; 13; 0; 0; 0; 0; 0; 0; 0; 27; 7; 0; 0; 0; 0; 0; 0; 0; 25; 2; 0; 0; 0; 83; 0; 0; 423; 13; 0
1979;02; 0; 0; 0; 0; 153; 0; 0; 0; 0; 33; 49; 182; 397; 58; 9999; 1; 0; 0; 0; 0; 0; 129; 0; 117; 0; 0; 0; 0; 9999; 9999; 9999
1979;03; 20; 13; 0; 0; 0; 0; 0; 0; 0; 9; 131; 59; 125; 39; 9; 0; 0; 0; 0; 0; 0; 0; 0; 0; 190; 0; 0; 0; 0; 0; 0
1979;04; 0; 0; 0; 202; 2; 0; 0; 3; 0; 0; 0; 0; 0; 0; 0; 0; 0; 0; 6; 0; 0; 0; 2; 0; 0; 0; 0; 71; 0; 225; 9999
1979;05; 1; 0; 9; 415; 67; 0; 31; 86; 0; 29; 13; 1; 159; 0; 60; 2; 1; 0; 0; 0; 0; 0; 2; 0; 0; 0; 0; 0; 0; 253; 0
1979;06; 3; 0; 0; 0; 0; 0; 0; 0; 7; 0; 0; 0; 0; 0; 0; 0; 0; 0; 0; 0; 0; 0; 0; 0; 0; 0; 0; 0; 0; 0; 9999
1979;07; 0; 0; 2; 12; 0; 0; 0; 0; 0; 89; 1; 0; 0; 0; 0; 2; 1; 2; 0; 194; 0; 1; 0; 0; 0; 133; 1; 0; 0; 0; 1
1979;08; 0; 0; 0; 0; 0; 0; 0; 0; 0; 0; 0; 0; 91; 0; 53; 14; 0; 381; 173; 83; 0; 0; 2; 1; 2; 0; 41; 0; 0; 3; 1
1979;09; 0; 296; 192; 57; 86; 0; 0; 0; 0; 1; 3; 227; 1; 185; 4; 61; 6; 154; 0; 0; 0; 0; 261; 4; 0; 0; 0; 0; 0; 0; 9999
1979;10; 135; 15; 0; 0; 0; 0; 0; 229; 115; 1; 0; 0; 0; 111; 85; 1; 0; 0; 0; 0; 0; 0; 0; 0; 0; 3; 282; 0; 13; 9; 57
1979;11; 0; 333; 2; 0; 0; 0; 0; 0; 27; 136; 9999; 0; 2; 0; 37; 0; 0; 0; 0; 0; 0; 0; 146; 2; 42; 205; 2; 0; 0; 0; 9999
1979;12; 0; 29; 3; 7; 111; 0; 0; 0; 0; 0; 198; 80; 129; 391; 418; 269; 70; 0; 0; 3; 0; 0; 0; 0; 34; 5; 0; 0; 0; 0; 0
1980;01; 39; 0; 0; 0; 0; 0; 40; 71; 27; 213; 31; 0; 0; 0; 0; 0; 0; 121; 193; 2; 106; 7; 0; 55; 227; 381; 27; 1; 97; 0; 0
1980;02; 431; 3; 0; 0; 0; 0; 0; 212; 477; 220; 176; 55; 187; 19; 18; 182; 0; 165; 38; 0; 0; 0; 0; 219; 0; 7; 174; 41; 21; 9999; 9999
1980;03; 0; 0; 0; 0; 0; 131; 0; 2; 0; 2; 0; 3; 67; 93; 135; 110; 16; 2; 0; 0; 0; 0; 0; 0; 0; 0; 0; 0; 0; 2; 0
1980;04; 0; 0; 0; 123; 304; 182; 1; 0; 0; 2; 29; 3; 25; 0; 156; 0; 0; 1; 0; 0; 0; 2; 1; 2; 1; 0; 0; 0; 1; 1; 9999
1980;05; 0; 21; 0; 0; 1; 0; 0; 0; 0; 0; 82; 1; 0; 0; 0; 0; 0; 0; 0; 0; 0; 5; 0; 0; 0; 0; 0; 1; 0; 0; 0
1980;06; 0; 0; 9; 83; 2; 1; 1; 0; 0; 0; 0; 0; 0; 69; 3; 2; 1; 0; 0; 0; 0; 7; 0; 0; 68; 234; 281; 0; 0; 2; 9999
1980;07; 0; 6; 0; 0; 4; 0; 0; 0; 0; 0; 0; 0; 0; 0; 0; 0; 0; 0; 0; 0; 0; 0; 0; 0; 0; 0; 0; 0; 0; 0; 8
1980;08; 0; 0; 0; 0; 0; 0; 114; 2; 0; 0; 0; 0; 0; 0; 0; 121; 0; 0; 0; 15; 0; 0; 18; 0; 3; 0; 0; 0; 0; 0; 0
1980;09; 0; 0; 0; 0; 0; 0; 0; 0; 2; 5; 0; 0; 2; 4; 12; 13; 0; 202; 23; 25; 197; 53; 2; 0; 0; 0; 0; 34; 36; 0; 9999
1980;10; 0; 0; 0; 0; 0; 0; 0; 13; 24; 15; 10; 387; 0; 0; 0; 0; 0; 12; 0; 0; 0; 0; 0; 0; 0; 0; 0; 0; 27; 0; 24
1980;11; 0; 0; 0; 0; 0; 0; 131; 98; 48; 4; 0; 0; 0; 0; 0; 0; 0; 0; 0; 0; 0; 0; 100; 18; 295; 0; 0; 0; 109; 261; 9999
1980;12; 249; 369; 1; 74; 23; 95; 2; 45; 0; 571; 0; 335; 145; 160; 0; 0; 0; 0; 0; 5; 22; 4; 61; 0; 27; 25; 2; 26; 165; 48; 0
1981;01; 0; 0; 0; 0; 2; 0; 195; 128; 3; 1051; 7; 33; 190; 5; 250; 38; 0; 0; 0; 22; 783; 503; 4; 0; 0; 0; 0; 0; 0; 0; 0
1981;02; 0; 0; 0; 0; 0; 61; 0; 0; 12; 0; 0; 0; 0; 0; 0; 0; 0; 0; 5; 799; 39; 3; 48; 0; 0; 0; 0; 0; 9999; 9999; 9999
1981;03; 0; 0; 0; 10; 0; 0; 15; 7; 0; 0; 0; 0; 0; 0; 0; 440; 270; 0; 173; 0; 0; 0; 0; 0; 0; 0; 0; 145; 144; 51; 1
1981;04; 0; 0; 0; 2; 9; 0; 0; 0; 0; 0; 0; 0; 0; 0; 0; 178; 0; 0; 0; 0; 0; 0; 0; 23; 1; 23; 0; 152; 2; 1; 9999
1981;05; 0; 1; 0; 247; 8; 1; 0; 0; 2; 0; 2; 0; 0; 0; 0; 0; 0; 0; 5; 10; 0; 2; 0; 0; 0; 0; 0; 0; 0; 0; 0
1981;06; 0; 0; 0; 0; 0; 35; 713; 4; 1; 0; 2; 0; 0; 2; 1; 148; 111; 0; 2; 1; 0; 0; 0; 0; 0; 0; 0; 0; 0; 0; 9999
1981;07; 0; 0; 15; 0; 0; 0; 0; 0; 0; 0; 0; 0; 0; 0; 0; 0; 0; 0; 9; 32; 2; 0; 0; 2; 37; 1; 0; 1; 0; 0; 0
1981;08; 0; 0; 0; 0; 0; 0; 0; 0; 0; 0; 15; 9; 0; 0; 0; 0; 0; 32; 3; 0; 0; 0; 0; 0; 0; 0; 0; 0; 0; 0; 0
1981;09; 0; 0; 0; 0; 0; 0; 0; 0; 0; 0; 0; 0; 0; 0; 0; 0; 0; 0; 0; 0; 0; 10; 5; 0; 0; 109; 0; 0; 13; 28; 9999
1981;10; 0; 0; 8; 39; 0; 93; 159; 61; 0; 0; 128; 0; 45; 0; 0; 144; 0; 0; 6; 405; 2; 0; 0; 0; 0; 0; 248; 254; 0; 0; 3
1981;11; 32; 5; 85; 190; 138; 2; 0; 96; 63; 110; 43; 0; 0; 0; 0; 0; 321; 0; 95; 108; 2; 29; 1; 0; 0; 0; 0; 0; 0; 0; 9999
1981;12; 142; 86; 0; 0; 207; 136; 124; 8; 133; 229; 0; 0; 357; 13; 0; 20; 0; 0; 0; 0; 0; 3; 4; 175; 10; 0; 0; 9; 0; 0; 0
1982;01; 0; 337; 0; 0; 0; 0; 0; 318; 46; 103; 356; 108; 0; 0; 0; 0; 0; 0; 0; 0; 11; 0; 802; 12; 0; 0; 143; 1; 25; 147; 34
1982;02; 83; 1; 0; 10; 516; 263; 831; 15; 17; 0; 22; 0; 0; 0; 0; 0; 0; 34; 0; 0; 0; 0; 0; 257; 195; 221; 15; 417; 9999; 9999; 9999
1982;03; 0; 11; 0; 0; 0; 0; 0; 0; 0; 21; 897; 64; 0; 0; 15; 2; 8; 193; 130; 7; 0; 14; 10; 0; 235; 0; 70; 0; 0; 0; 39
1982;04; 0; 0; 0; 0; 0; 0; 4; 0; 0; 0; 0; 0; 150; 5; 248; 2; 1; 0; 0; 0; 0; 0; 0; 0; 0; 0; 0; 0; 0; 0; 9999
1982;05; 0; 0; 2; 0; 0; 0; 0; 0; 0; 0; 0; 0; 0; 0; 0; 0; 2; 1; 51; 8; 1; 2; 0; 2; 335; 143; 0; 0; 0; 0; 61
1982;06; 59; 2; 1; 1; 0; 2; 0; 1; 0; 0; 0; 356; 461; 71; 0; 84; 0; 0; 1; 67; 41; 199; 274; 3; 109; 515; 2; 0; 315; 1; 9999
1982;07; 132; 0; 0; 0; 1; 0; 0; 1; 0; 0; 0; 0; 87; 55; 0; 2; 0; 34; 89; 2; 0; 0; 0; 0; 0; 0; 0; 2; 0; 29; 2
1982;08; 0; 0; 15; 35; 9; 0; 1; 0; 0; 0; 65; 0; 0; 0; 0; 0; 0; 0; 114; 2; 0; 0; 0; 0; 0; 0; 0; 0; 0; 0; 26
1982;09; 119; 0; 0; 0; 0; 45; 0; 0; 0; 0; 0; 0; 0; 0; 0; 0; 0; 0; 0; 0; 0; 4; 0; 0; 0; 0; 0; 95; 0; 0; 9999
1982;10; 0; 273; 25; 0; 0; 23; 18; 185; 129; 0; 351; 0; 251; 23; 0; 2; 2; 231; 0; 0; 475; 47; 0; 61; 0; 0; 0; 38; 6; 100; 0
1982;11; 0; 7; 0; 0; 0; 43; 66; 0; 0; 0; 411; 283; 0; 306; 275; 17; 2; 0; 0; 27; 113; 26; 17; 34; 0; 31; 73; 118; 205; 14; 9999
1982;12; 192; 0; 441; 0; 0; 0; 41; 195; 0; 0; 37; 57; 118; 143; 21; 332; 60; 131; 142; 181; 32; 684; 160; 24; 0; 0; 70; 298; 13; 143; 1
1983;01; 28; 0; 0; 0; 3; 358; 134; 43; 563; 22; 0; 0; 159; 50; 421; 187; 39; 321; 0; 25; 239; 0; 0; 297; 137; 0; 110; 2; 0; 34; 353
1983;02; 693; 73; 15; 11; 0; 0; 0; 213; 15; 139; 61; 209; 1; 0; 46; 0; 0; 0; 0; 0; 0; 0; 0; 285; 0; 151; 0; 382; 9999; 9999; 9999
1983;03; 0; 125; 651; 47; 0; 452; 9; 443; 11; 0; 0; 0; 447; 0; 0; 0; 0; 0; 91; 67; 0; 0; 0; 0; 0; 0; 8; 0; 0; 0; 0
1983;04; 0; 0; 0; 0; 0; 35; 357; 0; 0; 0; 0; 5; 0; 0; 0; 2; 0; 2; 0; 0; 0; 268; 0; 0; 296; 213; 0; 0; 2; 0; 9999
1983;05; 0; 0; 0; 0; 0; 0; 0; 0; 97; 15; 0; 0; 623; 2; 0; 2; 0; 25; 0; 260; 3; 0; 27; 227; 0; 0; 2; 67; 281; 669; 625
1983;06; 18; 9; 118; 177; 329; 395; 644; 2; 151; 136; 265; 0; 2; 2; 0; 1; 0; 0; 0; 0; 0; 0; 0; 0; 15; 5; 0; 0; 71; 0; 9999
1983;07; 0; 0; 0; 0; 0; 0; 0; 0; 0; 0; 0; 0; 0; 0; 0; 0; 0; 80; 0; 3; 176; 2; 0; 0; 0; 0; 0; 0; 0; 0; 0
1983;08; 0; 0; 0; 0; 0; 0; 0; 0; 0; 0; 0; 0; 0; 0; 0; 0; 0; 0; 0; 0; 0; 0; 0; 0; 0; 0; 0; 0; 0; 0; 0
1983;09; 0; 19; 17; 45; 36; 307; 173; 136; 5; 0; 0; 2; 60; 0; 0; 218; 133; 285; 316; 0; 0; 3; 27; 237; 88; 0; 0; 0; 0; 0; 9999
1983;10; 0; 3; 0; 0; 0; 0; 0; 0; 0; 0; 0; 21; 72; 211; 28; 0; 0; 65; 237; 0; 0; 453; 117; 55; 0; 0; 0; 0; 0; 0; 0
1983;11; 37; 0; 13; 3; 13; 0; 0; 0; 0; 0; 45; 107; 86; 0; 9; 2; 0; 0; 0; 127; 0; 328; 0; 0; 0; 0; 0; 0; 0; 0; 9999
1983;12; 0; 23; 0; 0; 0; 0; 558; 0; 0; 0; 63; 50; 0; 353; 55; 2; 0; 0; 95; 33; 185; 64; 203; 100; 0; 0; 363; 166; 66; 128; 43
1984;01; 0; 0; 0; 0; 0; 0; 0; 0; 0; 127; 0; 2; 0; 0; 0; 0; 14; 0; 0; 0; 292; 39; 10; 0; 16; 80; 519; 98; 350; 0; 92
1984;02; 0; 0; 0; 0; 0; 5; 0; 0; 24; 0; 0; 0; 38; 0; 0; 0; 2; 0; 0; 0; 3; 312; 0; 0; 0; 0; 0; 0; 4; 9999; 9999
1984;03; 70; 0; 0; 0; 5; 2; 94; 130; 28; 0; 0; 0; 0; 0; 0; 0; 0; 0; 0; 0; 9; 0; 0; 0; 0; 2; 81; 0; 8; 1; 3
1984;04; 0; 0; 17; 24; 22; 1; 0; 6; 0; 0; 0; 0; 0; 0; 0; 114; 0; 0; 0; 78; 0; 0; 7; 376; 367; 2; 0; 0; 0; 2; 9999
1984;05; 2; 0; 61; 2; 0; 0; 0; 0; 0; 0; 0; 15; 17; 137; 49; 0; 2; 24; 138; 0; 0; 0; 0; 0; 0; 0; 0; 0; 0; 0; 2
1984;06; 0; 0; 0; 0; 0; 0; 0; 0; 0; 5; 2; 0; 0; 0; 0; 0; 0; 0; 0; 0; 0; 0; 0; 0; 0; 0; 0; 0; 0; 0; 9999
1984;07; 0; 0; 0; 8; 0; 0; 0; 0; 0; 0; 0; 0; 0; 0; 0; 0; 0; 0; 0; 0; 0; 0; 0; 0; 0; 0; 0; 5; 0; 0; 0
1984;08; 0; 0; 357; 26; 0; 0; 0; 0; 0; 0; 0; 0; 0; 0; 0; 0; 0; 0; 0; 127; 84; 139; 86; 1; 14; 137; 0; 0; 0; 0; 133
1984;09; 0; 0; 0; 0; 0; 0; 64; 2; 139; 0; 0; 0; 0; 0; 0; 0; 34; 0; 0; 227; 275; 0; 0; 0; 0; 2; 358; 0; 0; 0; 9999
1984;10; 0; 0; 0; 0; 0; 0; 0; 0; 0; 5; 0; 0; 0; 0; 0; 0; 0; 425; 76; 0; 0; 0; 0; 0; 0; 0; 0; 0; 0; 0; 0
1984;11; 0; 0; 0; 0; 0; 0; 0; 342; 0; 144; 54; 245; 34; 0; 0; 0; 0; 3; 0; 1; 105; 0; 0; 0; 0; 404; 69; 0; 0; 0; 9999
1984;12; 39; 218; 0; 0; 0; 0; 7; 68; 0; 0; 29; 48; 787; 191; 80; 0; 143; 133; 0; 0; 0; 0; 0; 0; 0; 3; 120; 0; 2; 138; 43
1985;01; 115; 113; 0; 0; 2; 0; 127; 487; 263; 0; 0; 0; 0; 528; 0; 31; 117; 0; 0; 0; 43; 2; 258; 0; 0; 100; 0; 9; 0; 0; 0
1985;02; 10; 51; 0; 0; 2; 0; 0; 0; 470; 0; 624; 0; 52; 0; 0; 157; 5; 95; 2; 0; 1; 376; 152; 4; 0; 163; 7; 392; 9999; 9999; 9999
1985;03; 0; 5; 17; 122; 14; 75; 41; 0; 0; 0; 1173; 0; 0; 0; 0; 249; 333; 465; 1; 0; 175; 2; 25; 0; 1; 0; 0; 27; 2; 0; 0
1985;04; 0; 0; 0; 498; 2; 110; 4; 81; 293; 2; 0; 0; 0; 0; 0; 229; 170; 41; 0; 0; 0; 0; 2; 0; 0; 61; 2; 0; 16; 4; 9999
1985;05; 100; 0; 0; 0; 0; 2; 0; 0; 0; 2; 0; 0; 0; 0; 0; 0; 0; 0; 0; 0; 467; 249; 2; 0; 0; 0; 0; 0; 0; 0; 0
1985;06; 2; 0; 2; 216; 3; 2; 2; 3; 0; 16; 0; 2; 1; 0; 0; 0; 0; 0; 0; 0; 0; 0; 0; 0; 0; 0; 0; 0; 2; 1; 9999
1985;07; 1; 0; 0; 0; 0; 23; 12; 0; 2; 0; 0; 0; 0; 0; 0; 0; 0; 0; 0; 0; 0; 0; 0; 0; 0; 0; 0; 0; 0; 0; 0
1985;08; 0; 0; 0; 0; 0; 0; 0; 0; 0; 0; 0; 0; 0; 0; 0; 0; 0; 0; 0; 0; 0; 0; 0; 0; 0; 0; 0; 0; 0; 0; 0
1985;09; 195; 232; 0; 290; 63; 19; 0; 0; 0; 0; 0; 0; 0; 0; 0; 0; 0; 0; 0; 0; 26; 0; 0; 0; 0; 0; 0; 0; 142; 140; 9999
1985;10; 0; 0; 0; 0; 0; 0; 0; 0; 0; 36; 0; 0; 0; 0; 0; 0; 0; 0; 0; 0; 0; 0; 0; 0; 9; 0; 0; 174; 0; 0; 0
1985;11; 0; 375; 87; 157; 6; 0; 0; 0; 0; 0; 0; 0; 0; 0; 0; 0; 0; 0; 0; 0; 0; 0; 12; 24; 35; 43; 37; 0; 0; 0; 9999
1985;12; 0; 0; 0; 239; 0; 0; 0; 0; 0; 0; 0; 0; 0; 0; 0; 0; 0; 0; 0; 0; 91; 0; 2; 0; 337; 735; 123; 6; 0; 0; 0
1986;01; 0; 0; 0; 0; 53; 0; 0; 9; 0; 2; 88; 985; 0; 67; 0; 3; 0; 0; 0; 0; 0; 216; 6; 2; 84; 12; 11; 0; 0; 0; 0
1986;02; 0; 0; 4; 7; 0; 0; 0; 0; 0; 2; 0; 61; 71; 0; 75; 0; 127; 0; 11; 0; 172; 46; 0; 0; 0; 97; 1; 0; 9999; 9999; 9999
1986;03; 0; 0; 182; 5; 0; 29; 0; 199; 0; 0; 0; 0; 22; 0; 0; 0; 0; 0; 10; 217; 2; 0; 37; 7; 30; 0; 475; 0; 0; 147; 4
1986;04; 0; 0; 2; 0; 0; 0; 0; 0; 0; 0; 0; 35; 1; 0; 65; 51; 0; 2; 0; 0; 17; 63; 0; 0; 0; 18; 9; 0; 0; 0; 9999
1986;05; 0; 0; 0; 0; 0; 0; 0; 27; 11; 7; 63; 0; 102; 4; 0; 0; 0; 65; 100; 0; 6; 0; 0; 0; 0; 0; 4; 0; 0; 0; 47
1986;06; 0; 0; 0; 0; 0; 0; 0; 0; 0; 0; 0; 0; 0; 4; 0; 0; 0; 0; 0; 0; 0; 0; 0; 0; 0; 0; 0; 0; 0; 0; 9999
1986;07; 0; 0; 0; 0; 0; 0; 0; 0; 0; 0; 0; 0; 0; 0; 0; 0; 0; 0; 0; 0; 0; 9; 21; 0; 0; 0; 0; 0; 0; 0; 5
1986;08; 0; 0; 0; 0; 0; 0; 0; 0; 0; 0; 0; 0; 55; 85; 51; 123; 200; 0; 0; 0; 198; 349; 485; 23; 0; 0; 0; 0; 0; 0; 0
1986;09; 0; 0; 0; 0; 4; 0; 0; 0; 0; 0; 0; 0; 0; 0; 0; 0; 0; 0; 0; 19; 0; 0; 0; 0; 77; 23; 0; 0; 553; 0; 9999
1986;10; 0; 0; 0; 0; 0; 0; 0; 0; 5; 100; 0; 0; 0; 0; 0; 0; 0; 0; 0; 100; 200; 100; 0; 0; 0; 0; 0; 0; 0; 0; 0
1986;11; 100; 200; 0; 0; 30; 20; 0; 0; 0; 200; 300; 90; 0; 0; 0; 0; 0; 0; 0; 0; 0; 0; 0; 33; 0; 57; 60; 42; 5; 433; 9999
1986;12; 335; 224; 98; 636; 114; 510; 102; 435; 334; 99; 0; 0; 0; 0; 29; 58; 9; 159; 498; 0; 77; 39; 87; 4; 7; 7; 4; 122; 5; 0; 83
1987;01; 0; 0; 0; 27; 0; 0; 199; 7; 0; 0; 21; 0; 0; 0; 0; 99; 0; 0; 0; 0; 0; 0; 32; 57; 227; 87; 74; 107; 76; 327; 57
1987;02; 39; 17; 171; 129; 71; 29; 177; 0; 17; 475; 0; 0; 48; 459; 49; 0; 0; 17; 49; 59; 9; 0; 0; 0; 219; 0; 0; 0; 9999; 9999; 9999
1987;03; 25; 0; 0; 0; 0; 0; 0; 124; 331; 125; 0; 0; 0; 0; 0; 0; 0; 0; 446; 0; 0; 0; 0; 0; 0; 0; 56; 125; 0; 0; 0
1987;04; 0; 0; 0; 167; 0; 0; 0; 0; 0; 0; 0; 0; 0; 0; 0; 0; 76; 0; 0; 171; 0; 0; 0; 0; 0; 0; 0; 0; 0; 0; 9999
1987;05; 0; 0; 0; 0; 15; 0; 365; 0; 0; 0; 0; 447; 0; 0; 0; 367; 0; 289; 115; 125; 307; 0; 0; 0; 59; 0; 0; 0; 58; 0; 0
1987;06; 0; 0; 0; 0; 0; 0; 139; 0; 0; 0; 0; 0; 0; 156; 466; 287; 0; 0; 0; 0; 0; 0; 278; 0; 0; 0; 0; 0; 0; 0; 9999
1987;07; 0; 0; 0; 0; 0; 0; 0; 208; 0; 0; 0; 0; 0; 0; 0; 0; 0; 0; 0; 0; 0; 0; 0; 0; 0; 0; 0; 0; 0; 0; 99
1987;08; 0; 0; 0; 0; 0; 99; 0; 0; 0; 0; 0; 0; 0; 0; 0; 0; 0; 0; 0; 0; 0; 0; 0; 0; 0; 0; 0; 0; 0; 0; 37
1987;09; 0; 0; 0; 38; 0; 37; 0; 0; 0; 0; 78; 159; 0; 0; 0; 0; 0; 149; 112; 0; 59; 158; 55; 0; 56; 0; 0; 0; 0; 0; 9999
1987;10; 0; 166; 0; 0; 0; 59; 0; 0; 0; 0; 0; 0; 0; 0; 0; 0; 0; 0; 134; 9; 0; 58; 89; 71; 0; 0; 0; 0; 0; 0; 0
1987;11; 0; 0; 0; 0; 0; 0; 165; 98; 31; 0; 0; 0; 0; 365; 322; 358; 0; 0; 0; 0; 0; 0; 0; 0; 189; 19; 0; 0; 0; 0; 9999
1987;12; 0; 0; 0; 0; 0; 123; 96; 0; 109; 0; 0; 0; 68; 0; 0; 0; 198; 98; 0; 0; 0; 41; 0; 0; 0; 0; 0; 0; 0; 0; 0
1988;01; 0; 0; 0; 0; 0; 319; 695; 29; 91; 0; 0; 0; 0; 46; 0; 0; 0; 0; 45; 9; 0; 0; 0; 131; 0; 0; 0; 0; 0; 86; 0
1988;02; 0; 0; 0; 86; 0; 0; 0; 65; 31; 309; 69; 0; 106; 246; 0; 0; 49; 0; 9; 679; 55; 0; 0; 0; 0; 85; 0; 0; 0; 9999; 9999
1988;03; 0; 255; 25; 447; 0; 0; 0; 0; 0; 0; 0; 0; 0; 0; 0; 477; 215; 274; 0; 0; 0; 0; 0; 0; 0; 0; 0; 0; 0; 0; 0
1988;04; 0; 0; 0; 0; 0; 0; 0; 129; 0; 0; 0; 27; 139; 96; 0; 0; 0; 26; 0; 37; 49; 36; 121; 72; 0; 119; 0; 0; 15; 0; 9999
1988;05; 0; 0; 7; 0; 29; 0; 0; 0; 0; 0; 0; 0; 88; 0; 0; 0; 91; 142; 0; 0; 0; 28; 0; 0; 0; 39; 0; 0; 9; 383; 88
1988;06; 0; 159; 0; 0; 0; 0; 0; 0; 0; 0; 0; 0; 0; 106; 42; 0; 0; 0; 0; 0; 0; 9; 0; 0; 8; 0; 0; 0; 0; 0; 9999
1988;07; 0; 0; 0; 0; 0; 0; 0; 0; 0; 0; 0; 0; 0; 0; 0; 0; 0; 0; 0; 0; 0; 0; 0; 0; 0; 0; 0; 0; 0; 0; 0
1988;08; 0; 0; 0; 0; 0; 0; 0; 0; 0; 0; 0; 0; 0; 0; 0; 0; 0; 0; 0; 0; 0; 0; 0; 0; 0; 0; 0; 0; 0; 0; 0
1988;09; 0; 0; 0; 0; 0; 0; 0; 0; 0; 0; 0; 0; 0; 0; 109; 127; 42; 109; 0; 0; 0; 0; 0; 0; 0; 0; 0; 0; 0; 0; 9999
1988;10; 0; 0; 0; 0; 39; 0; 0; 0; 0; 0; 0; 407; 241; 0; 0; 0; 0; 0; 232; 0; 0; 0; 58; 0; 0; 427; 58; 0; 0; 107; 254
1988;11; 155; 0; 0; 0; 0; 0; 0; 0; 0; 0; 0; 0; 67; 0; 0; 0; 0; 0; 0; 437; 267; 0; 0; 67; 0; 0; 56; 0; 0; 0; 9999
1988;12; 0; 28; 78; 0; 0; 0; 0; 0; 0; 0; 0; 0; 0; 185; 0; 0; 0; 0; 0; 0; 655; 8; 206; 0; 89; 0; 87; 0; 165; 279; 98
1989;01; 0; 17; 9; 77; 169; 95; 335; 248; 131; 223; 108; 0; 218; 147; 129; 8; 135; 165; 231; 61; 66; 58; 269; 81; 149; 58; 0; 109; 0; 0; 0
1989;02; 0; 187; 0; 0; 0; 0; 0; 0; 1367; 63; 387; 586; 8; 0; 356; 27; 0; 0; 0; 6; 0; 46; 181; 75; 8; 0; 0; 0; 9999; 9999; 9999
1989;03; 0; 0; 0; 8; 0; 0; 0; 0; 0; 0; 0; 0; 58; 27; 428; 57; 0; 149; 0; 181; 0; 0; 0; 0; 0; 208; 0; 0; 0; 0; 0
1989;04; 0; 46; 35; 125; 0; 0; 0; 0; 0; 0; 0; 163; 438; 0; 0; 0; 0; 0; 0; 0; 0; 0; 0; 0; 0; 0; 0; 0; 0; 41; 9999
1989;05; 0; 548; 43; 169; 0; 0; 0; 0; 0; 0; 0; 0; 0; 0; 0; 0; 0; 0; 0; 0; 0; 0; 0; 0; 0; 129; 0; 0; 0; 0; 0
1989;06; 0; 0; 0; 0; 0; 0; 0; 53; 0; 0; 0; 213; 0; 0; 5; 0; 0; 0; 0; 0; 3; 0; 0; 0; 71; 16; 0; 73; 3; 0; 9999
1989;07; 0; 0; 0; 0; 0; 0; 0; 0; 0; 0; 0; 0; 0; 0; 0; 0; 0; 0; 0; 0; 0; 0; 0; 0; 0; 57; 281; 65; 11; 578; 81
1989;08; 0; 0; 0; 0; 0; 0; 0; 0; 0; 0; 0; 0; 0; 0; 0; 0; 0; 0; 0; 0; 0; 145; 69; 0; 0; 62; 0; 77; 0; 0; 0
1989;09; 33; 0; 0; 0; 0; 16; 0; 0; 27; 109; 23; 0; 0; 63; 0; 0; 0; 0; 0; 0; 0; 0; 0; 0; 105; 17; 21; 0; 0; 0; 9999
1989;10; 0; 0; 0; 171; 0; 0; 0; 0; 0; 0; 0; 9; 0; 0; 0; 92; 0; 0; 0; 0; 0; 0; 0; 0; 0; 0; 577; 0; 0; 0; 0
1989;11; 0; 0; 95; 3; 0; 0; 8; 0; 0; 0; 0; 197; 491; 0; 0; 0; 0; 0; 0; 44; 193; 54; 45; 55; 0; 0; 0; 24; 0; 5; 9999
1989;12; 0; 0; 0; 0; 0; 0; 0; 0; 0; 57; 92; 105; 18; 0; 47; 55; 0; 55; 0; 0; 0; 0; 0; 0; 0; 0; 89; 497; 215; 283; 151
1990;01; 65; 485; 0; 245; 603; 157; 236; 351; 581; 241; 383; 5; 0; 0; 0; 255; 0; 0; 55; 0; 0; 0; 17; 0; 0; 0; 0; 577; 0; 0; 0
1990;02; 0; 0; 0; 0; 0; 0; 25; 0; 0; 0; 81; 0; 0; 0; 71; 59; 0; 0; 0; 0; 0; 0; 189; 37; 49; 61; 0; 25; 9999; 9999; 9999
1990;03; 0; 0; 56; 17; 0; 0; 0; 0; 89; 79; 219; 306; 0; 0; 0; 129; 0; 0; 95; 2; 9; 139; 0; 0; 0; 0; 81; 149; 181; 0; 0
1990;04; 0; 0; 41; 0; 126; 0; 0; 0; 177; 0; 0; 0; 0; 0; 0; 0; 31; 98; 149; 59; 0; 0; 0; 0; 0; 0; 0; 0; 0; 29; 9999
1990;05; 0; 286; 0; 0; 0; 0; 15; 0; 0; 31; 55; 0; 0; 0; 0; 141; 0; 155; 0; 0; 0; 0; 0; 0; 0; 0; 0; 0; 0; 0; 0
1990;06; 0; 0; 0; 0; 0; 0; 0; 0; 0; 0; 0; 0; 0; 0; 67; 0; 0; 0; 0; 0; 205; 0; 0; 0; 0; 0; 0; 0; 0; 0; 9999
1990;07; 0; 0; 0; 0; 0; 0; 0; 0; 108; 153; 0; 0; 0; 0; 0; 15; 569; 163; 55; 63; 66; 23; 0; 0; 36; 63; 33; 27; 0; 0; 0
1990;08; 0; 0; 0; 0; 0; 0; 0; 0; 0; 0; 0; 0; 0; 0; 0; 0; 105; 51; 66; 134; 0; 0; 0; 0; 0; 0; 0; 152; 0; 0; 0
1990;09; 0; 72; 0; 0; 0; 0; 0; 0; 0; 0; 0; 0; 115; 321; 0; 0; 0; 0; 0; 0; 0; 0; 35; 0; 0; 0; 0; 0; 0; 65; 9999
1990;10; 0; 136; 0; 0; 0; 0; 0; 0; 0; 0; 0; 0; 78; 11; 0; 0; 151; 288; 0; 0; 51; 0; 0; 0; 26; 0; 0; 0; 0; 0; 0
1990;11; 0; 0; 0; 0; 56; 625; 0; 728; 111; 9; 0; 0; 0; 0; 0; 0; 0; 26; 0; 8; 85; 0; 0; 662; 0; 0; 0; 0; 0; 0; 9999
1990;12; 0; 0; 0; 0; 435; 0; 151; 205; 0; 0; 155; 0; 37; 485; 3; 0; 0; 0; 0; 355; 0; 0; 0; 0; 117; 0; 0; 0; 0; 65; 0
1991;01; 0; 0; 85; 265; 0; 0; 0; 0; 0; 0; 87; 281; 0; 53; 457; 361; 87; 0; 0; 0; 0; 0; 0; 0; 57; 0; 552; 57; 131; 169; 75
1991;02; 291; 7; 0; 0; 5; 389; 245; 755; 609; 9; 5; 0; 0; 0; 0; 0; 4; 0; 0; 0; 0; 0; 0; 0; 0; 0; 0; 331; 9999; 9999; 9999
1991;03; 9; 357; 165; 40; 491; 251; 163; 39; 0; 0; 0; 5; 105; 95; 0; 0; 0; 0; 91; 0; 0; 241; 0; 0; 0; 387; 241; 206; 285; 332; 0
1991;04; 0; 0; 0; 0; 0; 0; 0; 161; 0; 0; 0; 0; 0; 87; 0; 0; 0; 397; 0; 0; 0; 0; 0; 0; 645; 0; 0; 0; 0; 0; 9999
1991;05; 0; 0; 0; 0; 0; 0; 0; 0; 0; 0; 0; 0; 0; 0; 455; 0; 0; 0; 0; 0; 0; 0; 0; 0; 0; 0; 0; 0; 0; 0; 0
1991;06; 0; 0; 0; 0; 0; 0; 0; 0; 0; 0; 0; 0; 0; 0; 0; 0; 0; 0; 0; 0; 0; 0; 115; 85; 145; 0; 0; 0; 0; 0; 9999
1991;07; 0; 0; 0; 0; 0; 0; 0; 0; 0; 259; 0; 0; 148; 0; 0; 0; 0; 0; 0; 0; 0; 0; 0; 0; 0; 0; 0; 0; 0; 0; 0
1991;08; 0; 0; 0; 0; 0; 0; 0; 85; 187; 161; 0; 0; 0; 0; 0; 0; 0; 0; 0; 0; 0; 0; 0; 0; 0; 0; 0; 0; 0; 0; 0
1991;09; 0; 0; 0; 0; 0; 0; 0; 0; 0; 0; 0; 0; 0; 0; 0; 0; 0; 0; 0; 0; 64; 0; 0; 0; 0; 137; 0; 61; 282; 261; 9999
1991;10; 0; 0; 407; 0; 75; 26; 165; 0; 54; 0; 0; 0; 0; 0; 0; 0; 0; 463; 15; 0; 0; 0; 0; 0; 0; 0; 0; 0; 0; 0; 0
1991;11; 89; 0; 0; 0; 0; 0; 0; 0; 491; 0; 0; 0; 0; 0; 0; 0; 0; 0; 0; 0; 0; 0; 0; 0; 0; 0; 0; 0; 0; 0; 9999
1991;12; 165; 0; 0; 0; 69; 0; 0; 0; 95; 0; 476; 0; 0; 0; 0; 77; 121; 0; 0; 253; 56; 0; 0; 0; 0; 0; 0; 0; 0; 0; 0
1992;01; 0; 0; 0; 0; 82; 0; 0; 0; 0; 0; 0; 0; 0; 0; 17; 0; 0; 0; 0; 0; 0; 23; 126; 0; 0; 157; 0; 0; 0; 414; 297
1992;02; 243; 165; 66; 0; 0; 0; 15; 143; 65; 155; 0; 0; 0; 0; 0; 105; 25; 65; 0; 0; 0; 0; 0; 0; 0; 115; 0; 65; 0; 9999; 9999
1992;03; 0; 0; 495; 118; 65; 0; 0; 0; 0; 0; 0; 95; 0; 0; 0; 163; 285; 0; 0; 0; 0; 0; 0; 265; 95; 165; 0; 0; 155; 0; 425
1992;04; 52; 0; 495; 118; 0; 0; 19; 0; 0; 0; 0; 0; 0; 86; 0; 0; 0; 0; 485; 0; 0; 0; 69; 0; 174; 0; 0; 0; 0; 71; 9999
1992;05; 0; 0; 91; 386; 0; 0; 0; 0; 0; 0; 0; 86; 0; 0; 0; 0; 0; 0; 75; 0; 295; 0; 0; 0; 0; 0; 0; 0; 0; 0; 0
1992;06; 0; 0; 0; 0; 0; 0; 0; 0; 0; 0; 0; 0; 0; 0; 0; 0; 0; 0; 0; 0; 0; 0; 0; 0; 0; 0; 0; 0; 0; 0; 9999
1992;07; 0; 0; 0; 0; 0; 0; 65; 51; 125; 0; 0; 0; 0; 0; 0; 0; 0; 0; 0; 0; 0; 0; 0; 0; 0; 0; 0; 0; 0; 0; 0
1992;08; 0; 0; 0; 0; 0; 0; 0; 0; 0; 0; 0; 0; 0; 0; 0; 0; 0; 0; 57; 0; 154; 0; 0; 0; 0; 0; 0; 0; 0; 0; 17
1992;09; 0; 0; 0; 0; 0; 65; 177; 0; 0; 0; 0; 214; 0; 17; 0; 0; 0; 0; 0; 0; 0; 0; 0; 0; 27; 165; 0; 0; 0; 0; 9999
1992;10; 165; 0; 0; 0; 0; 0; 19; 0; 0; 0; 55; 85; 152; 0; 0; 0; 0; 447; 0; 0; 0; 0; 0; 0; 0; 0; 0; 0; 0; 355; 475
1992;11; 0; 525; 0; 0; 0; 0; 0; 0; 385; 0; 0; 0; 0; 0; 0; 0; 86; 0; 0; 0; 0; 0; 404; 0; 0; 308; 0; 0; 0; 312; 9999
1992;12; 0; 0; 0; 0; 0; 0; 0; 0; 0; 157; 444; 0; 0; 0; 0; 0; 165; 0; 0; 0; 0; 0; 0; 0; 0; 0; 0; 0; 0; 0; 0
1993;01; 0; 0; 0; 0; 85; 269; 0; 415; 0; 0; 0; 0; 0; 655; 0; 0; 0; 0; 0; 0; 0; 0; 165; 0; 0; 0; 0; 0; 144; 0; 0
1993;02; 64; 0; 0; 494; 0; 0; 68; 184; 364; 293; 0; 0; 246; 0; 351; 32; 634; 128; 113; 46; 185; 48; 43; 9; 0; 0; 0; 73; 9999; 9999; 9999
1993;03; 0; 0; 0; 0; 47; 0; 0; 0; 0; 0; 0; 0; 0; 0; 0; 0; 0; 0; 188; 0; 0; 0; 35; 0; 0; 85; 0; 0; 177; 0; 0
1993;04; 0; 37; 0; 0; 0; 0; 0; 0; 0; 57; 0; 0; 0; 0; 0; 0; 0; 0; 0; 0; 0; 0; 0; 208; 0; 0; 0; 0; 0; 0; 9999
1993;05; 0; 0; 15; 0; 0; 0; 0; 0; 0; 0; 0; 0; 0; 220; 305; 0; 0; 0; 0; 0; 0; 0; 0; 0; 0; 0; 0; 0; 0; 619; 548
1993;06; 0; 0; 0; 0; 269; 19; 0; 0; 0; 0; 96; 0; 0; 0; 0; 0; 0; 0; 0; 0; 0; 0; 0; 0; 0; 0; 0; 0; 0; 0; 9999
1993;07; 0; 0; 0; 0; 0; 0; 0; 0; 0; 0; 0; 0; 0; 0; 76; 339; 0; 0; 0; 0; 0; 0; 95; 0; 0; 0; 0; 0; 0; 0; 0
1993;08; 0; 5; 0; 0; 0; 0; 0; 0; 0; 0; 0; 0; 0; 0; 0; 55; 0; 0; 0; 0; 0; 0; 95; 402; 0; 0; 0; 0; 0; 0; 0
1993;09; 0; 0; 0; 0; 0; 0; 0; 175; 7; 35; 0; 0; 0; 565; 55; 0; 0; 0; 0; 0; 0; 372; 0; 0; 108; 261; 0; 0; 311; 125; 9999
1993;10; 0; 0; 108; 561; 65; 0; 0; 0; 0; 0; 0; 0; 0; 0; 0; 0; 0; 0; 0; 0; 0; 0; 0; 0; 0; 0; 0; 0; 0; 0; 0
1993;11; 0; 0; 0; 0; 0; 0; 255; 0; 75; 0; 0; 0; 0; 0; 0; 0; 0; 0; 97; 0; 0; 0; 392; 0; 0; 0; 0; 0; 0; 0; 9999
1993;12; 0; 0; 0; 0; 0; 0; 0; 0; 255; 0; 0; 0; 0; 0; 0; 0; 0; 0; 0; 568; 0; 0; 0; 0; 0; 164; 0; 0; 0; 0; 0
1994;01; 0; 0; 0; 0; 0; 0; 0; 457; 0; 0; 0; 0; 0; 0; 0; 0; 0; 0; 0; 0; 0; 0; 0; 0; 0; 0; 224; 426; 95; 0; 0
1994;02; 0; 0; 0; 0; 0; 76; 579; 791; 0; 0; 0; 0; 0; 0; 56; 0; 0; 0; 0; 0; 636; 0; 0; 0; 0; 0; 0; 317; 9999; 9999; 9999
1994;03; 0; 0; 0; 0; 0; 0; 0; 63; 55; 0; 0; 516; 275; 0; 0; 0; 0; 0; 0; 0; 0; 67; 0; 0; 0; 75; 0; 0; 0; 0; 0
1994;04; 95; 0; 0; 0; 0; 0; 86; 0; 0; 0; 0; 25; 0; 96; 0; 0; 0; 0; 186; 0; 0; 0; 0; 195; 0; 0; 0; 0; 0; 0; 9999
1994;05; 0; 0; 0; 0; 0; 0; 0; 0; 0; 0; 0; 0; 55; 195; 0; 0; 0; 0; 0; 0; 0; 0; 55; 0; 25; 0; 0; 0; 0; 0; 0
1994;06; 0; 0; 0; 0; 0; 0; 0; 0; 0; 0; 0; 0; 0; 0; 0; 0; 0; 0; 0; 0; 0; 47; 0; 0; 193; 0; 0; 0; 0; 0; 9999
1994;07; 0; 0; 0; 0; 0; 0; 0; 31; 0; 0; 0; 0; 0; 0; 0; 0; 0; 0; 0; 0; 0; 0; 0; 87; 0; 0; 0; 0; 0; 0; 0
1994;08; 0; 0; 0; 0; 0; 0; 0; 0; 0; 0; 0; 0; 0; 0; 0; 0; 0; 0; 0; 0; 0; 0; 0; 0; 0; 0; 0; 0; 0; 0; 0
1994;09; 0; 0; 0; 0; 0; 0; 0; 0; 0; 0; 0; 0; 0; 0; 0; 0; 0; 0; 0; 0; 0; 0; 0; 0; 0; 0; 0; 0; 0; 0; 9999
1994;10; 0; 0; 0; 0; 0; 0; 0; 0; 0; 0; 0; 0; 0; 0; 0; 0; 0; 211; 0; 0; 0; 114; 0; 125; 219; 41; 157; 98; 0; 0; 0
1994;11; 0; 0; 57; 0; 255; 0; 0; 0; 0; 0; 0; 0; 233; 0; 0; 0; 0; 146; 0; 0; 0; 0; 0; 0; 0; 0; 0; 86; 0; 0; 9999
1994;12; 0; 0; 0; 0; 0; 0; 96; 0; 0; 0; 0; 0; 0; 0; 0; 96; 0; 181; 209; 0; 0; 0; 535; 0; 0; 0; 0; 0; 63; 0; 156
1995;01; 136; 353; 684; 356; 0; 43; 0; 57; 134; 259; 0; 0; 0; 0; 25; 0; 0; 0; 61; 0; 0; 0; 215; 0; 0; 0; 0; 952; 0; 226; 0
1995;02; 0; 17; 0; 316; 375; 208; 95; 165; 53; 17; 53; 61; 211; 151; 16; 115; 17; 53; 97; 156; 13; 0; 0; 0; 0; 0; 0; 0; 9999; 9999; 9999
1995;03; 0; 0; 0; 0; 6; 128; 0; 0; 0; 0; 0; 0; 0; 95; 0; 0; 0; 0; 0; 143; 0; 0; 0; 153; 23; 0; 0; 0; 0; 0; 68
1995;04; 0; 563; 38; 0; 0; 0; 0; 0; 0; 0; 68; 0; 0; 0; 0; 0; 0; 0; 0; 668; 0; 0; 0; 0; 0; 0; 0; 0; 0; 0; 9999
1995;05; 0; 0; 0; 0; 0; 0; 0; 332; 0; 0; 335; 0; 0; 0; 0; 0; 0; 0; 0; 3; 0; 0; 0; 0; 0; 0; 0; 0; 0; 0; 0
1995;06; 0; 0; 0; 0; 0; 0; 0; 0; 0; 0; 0; 0; 0; 0; 0; 0; 0; 67; 39; 0; 0; 0; 0; 0; 0; 153; 0; 0; 0; 0; 9999
1995;07; 0; 0; 0; 0; 0; 0; 0; 0; 109; 493; 9; 0; 0; 0; 0; 0; 0; 0; 0; 0; 0; 360; 0; 0; 0; 0; 0; 0; 0; 0; 0
1995;08; 0; 0; 0; 0; 0; 0; 0; 0; 0; 0; 0; 0; 0; 0; 0; 0; 0; 0; 0; 0; 0; 0; 0; 0; 0; 0; 0; 0; 0; 0; 0
1995;09; 0; 0; 0; 0; 0; 0; 0; 0; 0; 0; 0; 0; 0; 0; 0; 0; 0; 0; 36; 0; 0; 0; 0; 0; 0; 267; 198; 158; 0; 0; 9999
1995;10; 0; 0; 0; 0; 0; 0; 0; 0; 0; 0; 0; 0; 0; 381; 225; 263; 0; 103; 0; 405; 0; 0; 0; 0; 0; 0; 0; 0; 251; 191; 0
1995;11; 0; 0; 0; 87; 0; 0; 0; 0; 0; 0; 0; 0; 0; 0; 0; 0; 0; 0; 0; 0; 0; 0; 0; 0; 0; 0; 0; 0; 0; 0; 9999
1995;12; 0; 0; 0; 0; 0; 0; 0; 0; 0; 0; 508; 313; 602; 207; 0; 0; 0; 12; 179; 171; 0; 0; 0; 33; 0; 211; 0; 471; 113; 0; 187
1996;01; 0; 0; 127; 306; 0; 258; 122; 167; 0; 0; 0; 147; 0; 0; 0; 55; 0; 122; 0; 0; 0; 0; 0; 0; 0; 0; 0; 147; 0; 0; 155
1996;02; 0; 0; 0; 0; 0; 55; 0; 53; 0; 65; 210; 0; 0; 0; 0; 0; 0; 0; 566; 0; 39; 0; 0; 0; 0; 0; 9; 148; 74; 9999; 9999
1996;03; 0; 0; 0; 0; 94; 0; 218; 482; 655; 0; 0; 0; 0; 0; 0; 271; 86; 0; 0; 75; 0; 0; 0; 0; 0; 0; 0; 0; 0; 0; 0
1996;04; 155; 0; 0; 0; 0; 0; 0; 0; 0; 0; 0; 0; 0; 0; 0; 0; 175; 0; 0; 0; 0; 0; 0; 0; 0; 0; 0; 0; 0; 0; 9999
1996;05; 0; 0; 0; 0; 0; 0; 0; 0; 0; 47; 0; 0; 0; 0; 0; 35; 47; 0; 0; 0; 0; 45; 11; 0; 0; 0; 0; 0; 0; 0; 0
1996;06; 0; 0; 0; 0; 0; 197; 37; 0; 0; 0; 0; 0; 0; 0; 0; 0; 0; 0; 0; 0; 0; 0; 0; 0; 0; 0; 0; 86; 81; 0; 9999
1996;07; 0; 0; 0; 0; 0; 0; 0; 0; 0; 0; 0; 0; 0; 0; 0; 0; 0; 0; 0; 0; 0; 0; 0; 0; 0; 0; 0; 0; 0; 0; 0
1996;08; 0; 0; 0; 0; 0; 0; 0; 0; 0; 109; 0; 0; 0; 83; 0; 0; 0; 0; 0; 0; 0; 0; 0; 0; 0; 0; 0; 0; 0; 0; 0
1996;09; 0; 37; 57; 0; 219; 0; 0; 0; 205; 0; 768; 0; 0; 0; 0; 36; 0; 0; 0; 0; 0; 0; 0; 0; 0; 57; 0; 0; 0; 0; 9999
1996;10; 0; 0; 9999; 9999; 9999; 9999; 0; 0; 0; 0; 267; 0; 0; 336; 0; 0; 0; 0; 0; 0; 0; 0; 0; 0; 0; 252; 102; 0; 0; 0; 0
1996;11; 221; 126; 0; 0; 0; 0; 0; 0; 0; 0; 0; 0; 0; 0; 0; 0; 587; 0; 0; 0; 0; 0; 0; 0; 0; 0; 0; 0; 0; 0; 9999
1996;12; 0; 0; 0; 0; 147; 0; 57; 336; 0; 0; 0; 0; 59; 97; 347; 0; 308; 0; 0; 47; 23; 52; 47; 0; 0; 0; 0; 0; 135; 0; 95
1997;01; 0; 0; 0; 0; 0; 0; 0; 87; 0; 0; 359; 95; 0; 87; 0; 0; 0; 0; 86; 54; 983; 325; 241; 133; 124; 0; 0; 0; 351; 115; 354
1997;02; 0; 0; 131; 154; 0; 0; 0; 0; 0; 0; 0; 0; 17; 56; 44; 0; 51; 0; 0; 0; 0; 0; 0; 353; 0; 0; 0; 0; 9999; 9999; 9999
1997;03; 0; 0; 18; 0; 0; 0; 32; 0; 0; 204; 0; 0; 0; 0; 0; 54; 0; 0; 0; 0; 0; 0; 0; 0; 0; 0; 0; 0; 0; 0; 35
1997;04; 192; 0; 0; 0; 0; 0; 0; 0; 0; 0; 0; 0; 0; 0; 0; 0; 121; 0; 0; 0; 146; 0; 0; 0; 0; 0; 0; 0; 0; 0; 9999
1997;05; 0; 0; 0; 0; 0; 0; 0; 0; 0; 0; 0; 0; 0; 0; 0; 0; 9999; 0; 0; 0; 0; 0; 9999; 0; 9999; 0; 0; 0; 972; 0; 0
1997;06; 0; 0; 102; 108; 205; 209; 147; 0; 0; 0; 0; 0; 0; 221; 0; 132; 0; 0; 245; 0; 0; 0; 0; 0; 0; 0; 0; 0; 0; 0; 9999
1997;07; 0; 0; 0; 0; 0; 0; 0; 0; 0; 0; 0; 0; 0; 0; 0; 0; 0; 0; 0; 0; 0; 94; 0; 0; 0; 0; 0; 0; 0; 0; 0
1997;08; 0; 0; 0; 0; 0; 0; 0; 0; 0; 0; 0; 0; 0; 0; 0; 0; 0; 0; 0; 0; 0; 0; 0; 185; 0; 0; 0; 0; 0; 0; 0
1997;09; 0; 0; 0; 0; 0; 0; 0; 0; 0; 0; 14; 0; 0; 0; 0; 0; 34; 0; 0; 385; 0; 0; 0; 0; 475; 0; 0; 0; 0; 195; 9999
1997;10; 0; 0; 0; 0; 0; 0; 0; 0; 0; 0; 0; 0; 0; 0; 175; 0; 0; 0; 0; 0; 0; 419; 0; 0; 0; 0; 96; 0; 0; 0; 0
1997;11; 0; 0; 0; 0; 48; 136; 0; 881; 0; 0; 0; 0; 0; 0; 95; 0; 0; 443; 544; 378; 0; 0; 97; 39; 91; 95; 0; 163; 0; 48; 9999
1997;12; 0; 145; 235; 0; 0; 0; 0; 0; 0; 0; 0; 0; 0; 195; 0; 0; 0; 0; 277; 0; 0; 0; 0; 0; 145; 141; 0; 0; 95; 0; 0
