33
Ano,Mes,1,2,3,4,5,6,7,8,9,10,11,12,13,14,15,16,17,18,19,20,21,22,23,24,25,26,27,28,29,30,31
1970;04; 9999; 0; 0; 0; 0; 0; 0; 0; 0; 0; 0; 0; 0; 0; 0; 0; 0; 0; 0; 0; 0; 0; 0; 0; 0; 0; 0; 0; 0; 0; 9999
1970;05; 1; 33; 40; 0; 1; 0; 154; 202; 0; 1; 0; 0; 0; 0; 0; 2; 0; 0; 1; 0; 3; 0; 0; 2; 3; 1; 1; 0; 0; 1; 1
1970;06; 0; 1; 0; 1; 1; 0; 10; 60; 3; 0; 0; 1; 1; 0; 104; 20; 0; 0; 76; 0; 0; 0; 126; 140; 0; 0; 0; 1; 0; 6; 9999
1970;07; 0; 65; 0; 0; 0; 1; 1; 0; 0; 0; 1; 8; 17; 25; 0; 0; 1; 0; 0; 0; 0; 0; 0; 0; 0; 0; 198; 0; 0; 0; 0
1970;08; 1; 0; 0; 0; 0; 0; 0; 0; 0; 0; 0; 0; 0; 0; 0; 0; 0; 0; 0; 0; 0; 0; 0; 0; 4; 328; 282; 207; 31; 115; 129
1970;09; 0; 0; 0; 0; 0; 0; 82; 0; 0; 0; 107; 0; 82; 181; 0; 107; 0; 0; 1; 0; 3; 102; 3; 0; 0; 0; 0; 0; 247; 0; 9999
1970;10; 0; 47; 37; 78; 31; 0; 0; 0; 179; 0; 0; 0; 57; 0; 0; 0; 0; 28; 15; 63; 7; 0; 0; 0; 0; 0; 0; 0; 0; 0; 0
1970;11; 0; 0; 101; 0; 0; 0; 1; 488; 26; 0; 0; 0; 0; 58; 61; 0; 0; 0; 0; 0; 0; 117; 0; 0; 0; 0; 0; 5; 0; 63; 9999
1970;12; 111; 0; 0; 0; 0; 0; 0; 0; 0; 304; 4; 112; 5; 148; 0; 23; 162; 1; 81; 0; 171; 0; 1; 0; 371; 158; 21; 0; 0; 172; 5
1971;01; 254; 740; 163; 2; 0; 83; 82; 0; 0; 0; 0; 0; 0; 0; 429; 0; 0; 0; 0; 0; 0; 0; 0; 0; 0; 0; 0; 0; 0; 0; 48
1971;02; 29; 180; 183; 0; 0; 0; 0; 71; 56; 9; 51; 0; 30; 34; 0; 0; 0; 0; 0; 0; 102; 0; 24; 0; 133; 0; 0; 0; 9999; 9999; 9999
1971;03; 0; 0; 0; 32; 0; 0; 54; 0; 105; 0; 664; 36; 0; 0; 1; 0; 0; 0; 0; 0; 266; 13; 0; 146; 0; 51; 0; 156; 191; 0; 0
1971;04; 0; 0; 0; 0; 78; 0; 1; 0; 0; 32; 6; 0; 0; 0; 0; 0; 31; 0; 0; 28; 0; 229; 58; 3; 0; 0; 0; 0; 0; 0; 9999
1971;05; 0; 0; 95; 6; 200; 0; 0; 0; 34; 0; 0; 0; 0; 0; 0; 0; 0; 0; 0; 0; 0; 0; 0; 0; 102; 98; 0; 0; 0; 0; 1
1971;06; 0; 0; 0; 0; 0; 0; 0; 0; 92; 0; 0; 42; 26; 0; 0; 219; 78; 318; 272; 69; 16; 0; 2; 0; 0; 0; 0; 0; 0; 0; 9999
1971;07; 0; 0; 0; 0; 78; 0; 0; 0; 0; 0; 0; 0; 0; 0; 0; 0; 1; 0; 0; 0; 0; 0; 0; 0; 0; 0; 0; 51; 172; 1; 0
1971;08; 0; 0; 0; 0; 0; 0; 0; 2; 0; 0; 0; 0; 0; 0; 0; 0; 0; 0; 0; 0; 0; 0; 0; 0; 0; 0; 0; 0; 0; 0; 0
1971;09; 0; 0; 0; 0; 0; 0; 8; 0; 103; 0; 4; 115; 0; 0; 0; 0; 0; 0; 0; 0; 0; 0; 0; 82; 60; 42; 0; 0; 112; 0; 9999
1971;10; 273; 7; 0; 0; 85; 0; 59; 189; 0; 0; 0; 490; 5; 0; 0; 0; 0; 2; 0; 0; 0; 0; 0; 0; 0; 115; 0; 0; 0; 0; 0
1971;11; 2; 177; 0; 0; 0; 0; 0; 0; 0; 0; 0; 0; 199; 0; 0; 0; 0; 0; 4; 2; 0; 0; 0; 0; 1; 269; 6; 0; 0; 0; 9999
1971;12; 462; 3; 39; 206; 0; 0; 0; 1; 37; 0; 0; 1; 0; 405; 0; 0; 0; 0; 0; 144; 0; 0; 90; 183; 0; 0; 4; 6; 0; 251; 0
1972;01; 18; 0; 0; 32; 86; 4; 27; 226; 0; 32; 0; 26; 0; 0; 0; 6; 0; 0; 267; 0; 147; 514; 667; 161; 0; 1; 351; 78; 0; 113; 515
1972;02; 223; 0; 103; 26; 0; 1; 367; 0; 233; 0; 414; 0; 128; 165; 453; 142; 259; 0; 0; 365; 0; 0; 0; 54; 86; 0; 0; 397; 0; 9999; 9999
1972;03; 0; 0; 0; 2; 0; 52; 14; 0; 0; 0; 37; 15; 0; 0; 0; 0; 268; 0; 8; 0; 0; 0; 0; 82; 0; 6; 0; 0; 0; 0; 0
1972;04; 128; 87; 224; 182; 0; 65; 0; 0; 0; 0; 0; 0; 0; 0; 42; 0; 0; 0; 0; 0; 0; 0; 0; 1; 0; 0; 0; 3; 0; 0; 9999
1972;05; 0; 0; 0; 0; 0; 0; 5; 86; 53; 0; 0; 0; 0; 0; 0; 0; 0; 0; 0; 0; 0; 0; 98; 286; 0; 0; 0; 2; 1; 0; 2
1972;06; 0; 0; 0; 0; 0; 0; 0; 0; 1; 0; 0; 0; 0; 0; 0; 0; 2; 0; 200; 0; 0; 1; 0; 1; 2; 0; 0; 0; 0; 0; 9999
1972;07; 0; 0; 0; 0; 0; 0; 290; 0; 9; 0; 0; 146; 585; 0; 106; 245; 0; 0; 0; 0; 0; 0; 0; 0; 0; 0; 77; 0; 21; 0; 0
1972;08; 0; 0; 0; 102; 73; 160; 89; 0; 0; 0; 0; 0; 9; 0; 0; 0; 0; 0; 0; 0; 0; 0; 159; 0; 72; 0; 0; 0; 0; 50; 0
1972;09; 0; 0; 0; 0; 0; 180; 0; 0; 0; 0; 160; 0; 0; 0; 0; 5; 0; 0; 0; 0; 0; 0; 207; 40; 270; 48; 0; 273; 113; 52; 9999
1972;10; 0; 38; 16; 905; 336; 12; 76; 0; 0; 96; 577; 25; 0; 0; 334; 0; 0; 0; 0; 0; 0; 0; 0; 0; 0; 0; 0; 92; 226; 0; 0
1972;11; 0; 145; 0; 13; 0; 0; 0; 85; 0; 24; 3; 0; 108; 41; 0; 126; 17; 26; 37; 137; 18; 0; 0; 0; 0; 102; 0; 0; 0; 0; 9999
1972;12; 420; 0; 20; 0; 0; 107; 0; 0; 0; 0; 0; 0; 0; 0; 0; 0; 0; 0; 0; 0; 0; 0; 553; 232; 8; 0; 0; 0; 129; 127; 25
1973;01; 0; 0; 212; 0; 91; 172; 0; 0; 0; 75; 121; 0; 2; 5; 6; 387; 0; 0; 0; 35; 25; 102; 375; 15; 0; 0; 0; 0; 0; 0; 0
1973;02; 0; 127; 0; 78; 25; 0; 0; 0; 0; 0; 0; 0; 0; 45; 213; 153; 461; 2; 3; 0; 0; 0; 0; 0; 0; 0; 74; 0; 9999; 9999; 9999
1973;03; 0; 0; 33; 0; 15; 0; 0; 0; 135; 3; 0; 0; 0; 0; 0; 0; 0; 0; 0; 93; 0; 61; 167; 16; 0; 0; 0; 0; 0; 232; 141
1973;04; 533; 78; 0; 0; 0; 0; 0; 0; 51; 485; 0; 0; 38; 0; 0; 0; 0; 0; 202; 10; 0; 0; 0; 0; 0; 0; 0; 0; 0; 0; 9999
1973;05; 0; 0; 0; 48; 0; 0; 0; 0; 0; 98; 0; 0; 0; 0; 0; 0; 0; 0; 0; 0; 0; 320; 0; 0; 399; 0; 0; 0; 0; 0; 0
1973;06; 0; 0; 0; 0; 0; 0; 0; 0; 0; 0; 0; 0; 0; 0; 0; 0; 0; 65; 0; 0; 0; 0; 0; 0; 123; 0; 184; 93; 0; 0; 9999
1973;07; 0; 52; 297; 0; 0; 0; 0; 0; 0; 0; 0; 0; 0; 0; 0; 0; 0; 0; 0; 35; 0; 73; 0; 0; 0; 0; 0; 73; 0; 0; 0
1973;08; 0; 0; 0; 0; 0; 107; 0; 0; 0; 0; 0; 0; 0; 0; 0; 0; 0; 0; 0; 0; 0; 0; 0; 0; 0; 8; 5; 3; 8; 0; 3
1973;09; 92; 325; 8; 0; 0; 5; 0; 0; 0; 8; 0; 46; 0; 0; 0; 0; 0; 0; 0; 0; 66; 29; 0; 0; 0; 126; 98; 0; 0; 0; 9999
1973;10; 0; 0; 0; 0; 0; 0; 253; 0; 148; 0; 323; 118; 135; 0; 0; 0; 0; 0; 238; 3; 0; 0; 0; 0; 0; 0; 0; 0; 0; 0; 132
1973;11; 263; 0; 48; 1; 5; 0; 0; 0; 0; 3; 0; 0; 101; 106; 0; 0; 0; 512; 63; 0; 0; 0; 0; 24; 39; 0; 0; 0; 0; 0; 9999
1973;12; 0; 0; 0; 393; 37; 58; 72; 56; 8; 0; 0; 0; 45; 0; 0; 0; 93; 42; 0; 0; 409; 0; 0; 475; 50; 51; 260; 25; 303; 510; 201
1974;01; 0; 0; 0; 0; 0; 109; 0; 0; 42; 0; 44; 13; 1; 142; 20; 38; 53; 19; 154; 0; 0; 3; 0; 0; 0; 191; 291; 30; 110; 0; 0
1974;02; 133; 147; 5; 9; 0; 0; 0; 0; 0; 0; 0; 0; 56; 0; 0; 97; 0; 104; 0; 0; 0; 96; 0; 216; 25; 9; 0; 0; 9999; 9999; 9999
1974;03; 0; 0; 0; 0; 0; 0; 105; 20; 50; 253; 155; 9; 19; 17; 29; 115; 625; 418; 210; 1102; 63; 0; 0; 0; 220; 255; 0; 0; 0; 0; 0
1974;04; 0; 0; 39; 0; 255; 0; 0; 0; 0; 0; 0; 0; 0; 0; 0; 0; 0; 0; 0; 0; 0; 0; 0; 0; 150; 0; 0; 0; 0; 0; 9999
1974;05; 0; 0; 0; 0; 0; 0; 0; 0; 0; 0; 0; 0; 0; 0; 0; 0; 0; 0; 82; 21; 0; 0; 0; 0; 0; 0; 20; 0; 0; 0; 0
1974;06; 0; 0; 4; 0; 0; 0; 25; 0; 0; 0; 0; 363; 0; 0; 0; 0; 0; 20; 0; 0; 0; 145; 0; 0; 231; 347; 115; 0; 0; 0; 9999
1974;07; 0; 0; 0; 0; 0; 0; 0; 0; 0; 0; 0; 0; 0; 0; 0; 0; 0; 0; 0; 0; 0; 0; 0; 0; 0; 0; 0; 0; 0; 0; 0
1974;08; 0; 0; 0; 0; 0; 0; 0; 0; 10; 0; 0; 0; 5; 0; 100; 10; 0; 0; 0; 0; 0; 0; 0; 0; 0; 0; 0; 0; 0; 5; 0
1974;09; 0; 0; 0; 100; 0; 38; 0; 0; 0; 0; 0; 0; 0; 0; 0; 0; 0; 0; 0; 15; 0; 0; 0; 0; 0; 0; 0; 0; 239; 0; 9999
1974;10; 0; 139; 0; 326; 85; 0; 0; 0; 11; 0; 0; 0; 0; 0; 0; 0; 20; 0; 9; 0; 0; 25; 0; 0; 140; 50; 0; 0; 190; 0; 0
1974;11; 0; 0; 0; 0; 0; 447; 0; 0; 0; 0; 0; 0; 15; 0; 0; 0; 0; 0; 0; 0; 361; 0; 0; 0; 0; 0; 0; 91; 0; 0; 9999
1974;12; 90; 0; 673; 153; 136; 71; 0; 0; 0; 0; 0; 0; 130; 145; 0; 109; 114; 154; 252; 7; 81; 125; 163; 329; 0; 0; 0; 275; 231; 363; 0
1975;01; 155; 121; 0; 0; 29; 0; 169; 0; 10; 1; 47; 39; 338; 9; 184; 0; 0; 0; 0; 0; 0; 0; 0; 0; 0; 109; 0; 167; 0; 95; 0
1975;02; 0; 0; 109; 0; 445; 114; 123; 249; 59; 41; 0; 0; 0; 0; 0; 0; 17; 0; 125; 0; 0; 0; 649; 7; 0; 0; 298; 389; 9999; 9999; 9999
1975;03; 0; 0; 0; 0; 75; 0; 0; 0; 0; 0; 0; 0; 0; 0; 0; 27; 0; 0; 0; 0; 594; 0; 0; 0; 0; 0; 0; 0; 0; 0; 0
1975;04; 0; 0; 0; 0; 0; 0; 0; 0; 0; 162; 144; 0; 0; 0; 304; 0; 0; 0; 0; 0; 0; 0; 0; 0; 0; 0; 0; 0; 0; 0; 9999
1975;05; 0; 0; 0; 0; 0; 0; 129; 0; 0; 0; 0; 0; 0; 0; 0; 0; 0; 0; 0; 0; 0; 0; 0; 0; 0; 0; 0; 0; 0; 0; 0
1975;06; 0; 0; 0; 0; 0; 0; 0; 0; 0; 0; 0; 0; 0; 0; 0; 0; 0; 0; 0; 0; 0; 0; 0; 0; 0; 0; 0; 0; 0; 0; 9999
1975;07; 0; 0; 0; 159; 0; 75; 0; 0; 0; 0; 0; 0; 0; 0; 0; 0; 229; 0; 0; 0; 0; 0; 0; 0; 0; 0; 0; 0; 0; 0; 0
1975;08; 0; 0; 0; 0; 0; 0; 0; 0; 0; 0; 0; 0; 0; 0; 0; 0; 0; 0; 0; 0; 0; 0; 0; 0; 0; 0; 0; 0; 0; 0; 0
1975;09; 0; 0; 0; 0; 0; 0; 0; 0; 0; 0; 0; 0; 0; 0; 0; 0; 0; 0; 0; 0; 0; 0; 0; 34; 0; 10; 0; 0; 0; 0; 9999
1975;10; 545; 235; 147; 124; 85; 135; 0; 161; 0; 0; 0; 131; 0; 0; 0; 0; 20; 125; 115; 0; 0; 0; 0; 0; 0; 0; 0; 7; 0; 109; 0
1975;11; 275; 0; 0; 0; 0; 0; 195; 0; 0; 95; 0; 13; 0; 0; 0; 0; 26; 9; 0; 6; 382; 0; 0; 55; 255; 663; 0; 0; 675; 826; 9999
1975;12; 35; 57; 48; 323; 0; 0; 0; 0; 0; 0; 0; 0; 25; 63; 0; 0; 0; 21; 65; 33; 0; 0; 22; 0; 0; 0; 0; 543; 0; 0; 0
1976;01; 546; 557; 113; 45; 263; 254; 87; 177; 18; 39; 24; 129; 154; 0; 15; 0; 0; 0; 0; 0; 188; 21; 0; 0; 0; 0; 69; 105; 0; 0; 69
1976;02; 23; 105; 95; 7; 0; 223; 245; 45; 33; 0; 0; 0; 0; 0; 0; 115; 0; 85; 297; 0; 0; 0; 0; 0; 0; 0; 85; 225; 0; 9999; 9999
1976;03; 195; 55; 0; 569; 0; 0; 0; 51; 0; 0; 165; 37; 175; 0; 0; 0; 0; 308; 249; 213; 87; 196; 0; 25; 0; 39; 0; 0; 0; 0; 0
1976;04; 0; 0; 0; 0; 0; 0; 0; 0; 0; 134; 108; 139; 71; 335; 94; 0; 0; 0; 0; 0; 0; 0; 103; 0; 0; 0; 0; 0; 0; 0; 9999
1976;05; 0; 0; 0; 0; 0; 0; 0; 0; 0; 95; 72; 3; 0; 0; 0; 0; 0; 172; 104; 0; 0; 0; 0; 0; 0; 0; 0; 347; 629; 0; 0
1976;06; 0; 0; 0; 0; 71; 743; 0; 0; 0; 0; 0; 0; 0; 25; 1; 0; 1; 0; 3; 1; 4; 0; 0; 0; 0; 0; 0; 0; 0; 0; 9999
1976;07; 20; 79; 407; 0; 0; 0; 30; 71; 163; 97; 0; 0; 0; 0; 0; 0; 0; 0; 0; 0; 0; 0; 0; 0; 0; 0; 0; 0; 0; 0; 0
1976;08; 0; 0; 0; 0; 0; 0; 0; 0; 0; 139; 0; 177; 237; 249; 0; 0; 0; 0; 213; 107; 32; 0; 0; 0; 0; 0; 0; 0; 0; 0; 0
1976;09; 0; 0; 0; 0; 95; 123; 269; 131; 0; 0; 0; 0; 108; 35; 48; 203; 0; 0; 0; 0; 0; 0; 103; 0; 0; 0; 983; 69; 0; 0; 9999
1976;10; 0; 0; 0; 0; 0; 0; 0; 0; 861; 25; 0; 0; 0; 0; 0; 0; 0; 89; 179; 0; 0; 0; 0; 0; 45; 0; 105; 0; 0; 0; 0
1976;11; 125; 0; 0; 254; 146; 139; 0; 0; 0; 0; 0; 0; 0; 125; 0; 147; 0; 0; 0; 85; 278; 0; 0; 0; 0; 0; 68; 0; 85; 0; 9999
1976;12; 0; 154; 0; 0; 7; 0; 0; 0; 0; 0; 0; 45; 11; 0; 54; 158; 102; 0; 0; 0; 185; 0; 47; 208; 141; 0; 69; 145; 0; 0; 0
1977;01; 0; 170; 0; 0; 269; 283; 687; 205; 0; 0; 0; 0; 0; 0; 0; 0; 208; 14; 421; 93; 0; 0; 0; 111; 0; 0; 106; 649; 158; 100; 48
1977;02; 200; 0; 0; 179; 25; 0; 73; 405; 0; 0; 0; 0; 0; 0; 0; 0; 0; 0; 24; 0; 0; 0; 0; 9; 0; 0; 0; 0; 9999; 9999; 9999
1977;03; 0; 0; 0; 0; 275; 0; 0; 0; 0; 0; 0; 0; 0; 0; 0; 0; 49; 0; 0; 388; 139; 67; 18; 0; 0; 0; 18; 6; 238; 355; 152
1977;04; 111; 0; 0; 0; 0; 0; 0; 0; 388; 289; 0; 0; 0; 0; 0; 0; 0; 0; 0; 267; 19; 0; 0; 0; 0; 0; 0; 0; 0; 0; 9999
1977;05; 0; 93; 0; 0; 0; 0; 0; 0; 37; 0; 0; 0; 0; 0; 0; 0; 0; 0; 0; 0; 0; 0; 0; 0; 0; 0; 0; 0; 0; 0; 0
1977;06; 0; 127; 0; 32; 357; 74; 0; 0; 0; 0; 0; 0; 0; 0; 0; 182; 0; 0; 0; 0; 0; 0; 0; 0; 100; 0; 0; 0; 0; 0; 9999
1977;07; 0; 0; 0; 0; 0; 0; 0; 0; 0; 0; 0; 0; 0; 0; 0; 0; 0; 141; 0; 0; 0; 0; 137; 0; 142; 0; 0; 0; 0; 0; 0
1977;08; 0; 0; 0; 0; 0; 0; 0; 0; 0; 0; 0; 0; 0; 0; 0; 0; 0; 0; 0; 0; 0; 0; 0; 0; 0; 0; 0; 0; 0; 67; 33
1977;09; 9; 0; 0; 0; 0; 0; 124; 337; 0; 0; 0; 0; 0; 0; 0; 0; 0; 0; 65; 0; 39; 0; 0; 134; 0; 0; 0; 0; 0; 0; 9999
1977;10; 0; 42; 0; 0; 0; 0; 0; 0; 0; 0; 0; 0; 0; 0; 0; 0; 384; 0; 0; 0; 0; 0; 0; 0; 0; 0; 117; 196; 0; 0; 0
1977;11; 0; 131; 0; 133; 0; 0; 5; 0; 0; 0; 152; 237; 64; 0; 127; 0; 0; 0; 92; 0; 0; 0; 518; 9; 97; 0; 145; 0; 0; 20; 9999
1977;12; 378; 452; 636; 118; 194; 146; 7; 321; 0; 0; 139; 0; 0; 0; 0; 0; 0; 0; 12; 196; 23; 190; 433; 0; 0; 0; 0; 0; 0; 0; 0
1978;01; 0; 0; 43; 0; 0; 0; 99; 0; 121; 137; 26; 9; 0; 0; 0; 17; 0; 117; 0; 0; 0; 0; 17; 0; 0; 0; 186; 28; 0; 0; 0
1978;02; 0; 0; 0; 0; 0; 0; 69; 0; 0; 0; 0; 206; 0; 0; 0; 0; 39; 0; 0; 0; 0; 0; 189; 0; 0; 0; 72; 0; 9999; 9999; 9999
1978;03; 0; 0; 163; 116; 0; 53; 0; 21; 93; 293; 943; 3; 0; 0; 0; 0; 0; 0; 0; 0; 0; 0; 0; 0; 311; 0; 48; 19; 95; 0; 103
1978;04; 0; 0; 0; 0; 0; 0; 0; 0; 0; 0; 38; 0; 0; 0; 0; 0; 0; 0; 0; 0; 0; 0; 0; 0; 0; 0; 0; 0; 0; 0; 9999
1978;05; 0; 0; 0; 0; 0; 0; 0; 0; 0; 0; 0; 0; 0; 0; 0; 73; 163; 285; 155; 193; 65; 39; 0; 0; 0; 0; 0; 0; 0; 0; 0
1978;06; 0; 0; 0; 0; 0; 0; 0; 0; 0; 0; 0; 231; 109; 0; 0; 0; 0; 0; 0; 0; 0; 0; 0; 0; 0; 0; 0; 0; 0; 0; 9999
1978;07; 0; 0; 0; 0; 0; 0; 0; 0; 0; 0; 0; 0; 0; 0; 0; 239; 0; 189; 1; 171; 132; 0; 0; 0; 0; 0; 0; 0; 0; 0; 0
1978;08; 0; 0; 0; 0; 0; 0; 0; 0; 0; 0; 0; 0; 0; 0; 2; 0; 0; 0; 0; 0; 0; 0; 0; 0; 0; 0; 0; 0; 0; 0; 9
1978;09; 0; 0; 0; 0; 263; 85; 0; 0; 0; 0; 0; 0; 0; 0; 70; 0; 168; 0; 0; 0; 0; 0; 0; 0; 0; 0; 0; 0; 0; 0; 9999
1978;10; 0; 0; 0; 0; 0; 0; 0; 0; 0; 0; 0; 0; 0; 166; 0; 0; 187; 159; 235; 0; 0; 0; 0; 0; 0; 0; 0; 264; 33; 0; 39
1978;11; 0; 0; 0; 276; 356; 144; 0; 0; 0; 0; 0; 81; 96; 0; 0; 118; 459; 0; 0; 0; 0; 0; 49; 97; 0; 0; 0; 0; 0; 0; 9999
1978;12; 0; 0; 175; 6; 0; 0; 13; 71; 82; 15; 0; 0; 0; 0; 14; 63; 81; 0; 0; 0; 0; 0; 0; 21; 89; 78; 387; 0; 29; 18; 0
1979;01; 0; 403; 267; 38; 0; 0; 0; 0; 0; 0; 0; 30; 0; 0; 0; 0; 0; 0; 0; 0; 0; 0; 0; 0; 0; 154; 0; 0; 209; 116; 0
1979;02; 0; 0; 0; 0; 0; 0; 0; 0; 0; 19; 8; 87; 208; 76; 622; 0; 0; 0; 0; 0; 0; 0; 0; 12; 0; 0; 14; 0; 9999; 9999; 9999
1979;03; 29; 33; 0; 0; 0; 0; 0; 0; 0; 37; 0; 0; 351; 0; 0; 0; 0; 0; 0; 0; 0; 0; 0; 389; 0; 0; 0; 0; 0; 0; 0
1979;04; 0; 0; 0; 0; 0; 65; 0; 0; 0; 0; 0; 0; 0; 0; 0; 0; 0; 0; 0; 0; 0; 0; 0; 0; 0; 0; 0; 0; 0; 335; 9999
1979;05; 0; 0; 0; 597; 63; 0; 45; 105; 0; 0; 0; 0; 0; 0; 0; 8; 1; 0; 0; 0; 2; 0; 0; 0; 1; 0; 0; 55; 93; 0; 0
1979;06; 0; 0; 0; 0; 0; 1; 0; 0; 0; 2; 1; 4; 0; 1; 3; 1; 0; 1; 2; 2; 0; 1; 2; 0; 0; 1; 3; 1; 0; 0; 9999
1979;07; 1; 0; 7; 2; 0; 1; 0; 80; 2; 3; 1; 0; 0; 2; 1; 0; 0; 2; 4; 154; 1; 0; 0; 1; 0; 158; 6; 1; 0; 0; 1
1979;08; 0; 0; 0; 0; 0; 0; 0; 1; 0; 0; 2; 1; 134; 3; 206; 0; 0; 366; 272; 66; 0; 0; 1; 0; 0; 71; 3; 0; 49; 1; 1
1979;09; 0; 136; 61; 32; 0; 0; 1; 0; 3; 0; 192; 9999; 9999; 9999; 9999; 9999; 9999; 9999; 9999; 9999; 73; 2; 0; 0; 85; 3; 0; 0; 0; 0; 9999
1979;10; 0; 0; 1; 0; 0; 0; 0; 285; 86; 0; 0; 0; 0; 23; 17; 0; 0; 0; 0; 0; 0; 0; 0; 0; 0; 0; 239; 58; 64; 51; 34
1979;11; 0; 31; 0; 0; 0; 0; 0; 16; 183; 91; 122; 0; 0; 64; 0; 0; 0; 0; 0; 0; 0; 0; 0; 0; 393; 31; 2; 0; 0; 0; 9999
1979;12; 0; 12; 43; 1; 0; 0; 0; 0; 0; 0; 49; 127; 11; 42; 0; 129; 0; 53; 0; 0; 0; 0; 2; 0; 0; 65; 18; 0; 0; 0; 1
1980;01; 83; 2; 0; 0; 0; 0; 0; 58; 9; 103; 23; 0; 112; 0; 0; 0; 0; 151; 0; 0; 249; 83; 0; 0; 174; 445; 29; 88; 0; 6; 149
1980;02; 0; 0; 0; 1; 0; 0; 0; 214; 335; 384; 339; 114; 261; 45; 49; 82; 138; 90; 119; 15; 0; 0; 0; 2; 7; 37; 214; 36; 18; 9999; 9999
1980;03; 0; 0; 0; 0; 0; 34; 0; 0; 0; 0; 0; 0; 0; 238; 16; 153; 11; 0; 0; 0; 0; 0; 0; 0; 0; 0; 0; 0; 0; 0; 0
1980;04; 0; 0; 442; 138; 445; 87; 0; 0; 5; 0; 0; 0; 0; 29; 93; 17; 0; 0; 0; 0; 0; 3; 0; 0; 0; 0; 0; 1; 0; 0; 9999
1980;05; 0; 34; 3; 0; 0; 0; 2; 0; 0; 0; 88; 0; 0; 1; 0; 2; 0; 0; 1; 0; 0; 8; 0; 0; 0; 2; 0; 0; 0; 0; 0
1980;06; 0; 2; 0; 1; 2; 0; 0; 3; 0; 0; 1; 0; 0; 19; 2; 0; 0; 0; 0; 0; 0; 15; 0; 0; 86; 231; 157; 79; 2; 0; 9999
1980;07; 0; 0; 0; 1; 0; 0; 0; 0; 0; 0; 2; 0; 0; 0; 1; 2; 0; 0; 1; 1; 0; 0; 0; 0; 0; 0; 0; 0; 0; 0; 0
1980;08; 0; 0; 1; 0; 0; 0; 7; 2; 0; 0; 0; 0; 0; 1; 1; 0; 0; 0; 0; 0; 0; 0; 27; 0; 0; 2; 0; 0; 0; 1; 0
1980;09; 0; 0; 0; 0; 0; 0; 0; 0; 0; 14; 0; 7; 167; 11; 30; 9; 0; 205; 37; 29; 59; 156; 2; 0; 0; 2; 0; 5; 0; 0; 9999
1980;10; 0; 0; 0; 0; 0; 0; 0; 7; 9999; 9; 23; 368; 6; 0; 0; 0; 0; 0; 0; 0; 0; 0; 0; 4; 0; 0; 0; 0; 0; 0; 4
1980;11; 0; 0; 0; 0; 0; 0; 221; 154; 9999; 0; 0; 0; 0; 0; 0; 0; 0; 0; 0; 22; 0; 0; 9999; 0; 222; 0; 0; 0; 210; 224; 9999
1980;12; 156; 187; 1; 149; 0; 0; 0; 0; 0; 0; 0; 9; 35; 629; 0; 0; 0; 0; 0; 0; 16; 10; 0; 119; 110; 17; 0; 30; 60; 115; 12
1981;01; 0; 0; 0; 0; 5; 0; 66; 117; 28; 114; 344; 81; 369; 49; 353; 56; 0; 0; 0; 132; 238; 354; 7; 45; 0; 0; 0; 0; 0; 0; 1
1981;02; 0; 0; 0; 0; 37; 0; 0; 0; 59; 0; 0; 0; 0; 0; 0; 0; 0; 0; 0; 237; 217; 0; 75; 0; 0; 0; 9999; 91; 9999; 9999; 9999
1981;03; 91; 0; 0; 0; 0; 0; 26; 0; 82; 0; 0; 0; 0; 0; 9; 29; 49; 0; 0; 0; 0; 0; 0; 0; 0; 0; 0; 162; 165; 8; 9999
1981;04; 0; 0; 0; 0; 0; 0; 0; 0; 0; 0; 0; 0; 0; 0; 0; 276; 0; 0; 0; 0; 0; 0; 0; 33; 0; 13; 0; 358; 5; 0; 9999
1981;05; 0; 0; 0; 172; 10; 2; 0; 0; 0; 0; 0; 0; 0; 0; 0; 0; 0; 0; 85; 29; 0; 0; 0; 0; 0; 0; 0; 0; 0; 0; 0
1981;06; 0; 0; 0; 0; 0; 33; 572; 10; 0; 0; 2; 0; 0; 0; 0; 141; 171; 0; 0; 0; 0; 0; 0; 0; 0; 0; 0; 0; 0; 0; 9999
1981;07; 0; 0; 12; 0; 0; 0; 0; 0; 0; 0; 0; 0; 0; 0; 0; 0; 0; 0; 26; 10; 0; 0; 0; 0; 17; 0; 0; 0; 0; 0; 0
1981;08; 0; 0; 0; 0; 0; 0; 0; 0; 0; 0; 0; 0; 0; 53; 0; 0; 0; 14; 7; 0; 0; 0; 0; 0; 0; 0; 0; 0; 0; 0; 0
1981;09; 0; 0; 0; 0; 0; 0; 0; 0; 0; 0; 0; 0; 0; 0; 0; 0; 0; 0; 0; 0; 0; 0; 0; 0; 90; 173; 13; 0; 0; 0; 9999
1981;10; 0; 0; 0; 42; 0; 97; 187; 7; 0; 0; 18; 0; 25; 0; 0; 193; 0; 0; 0; 289; 0; 0; 0; 0; 0; 0; 616; 19; 0; 9999; 96
1981;11; 18; 0; 28; 255; 0; 0; 0; 275; 169; 413; 0; 0; 0; 12; 281; 0; 14; 0; 348; 187; 25; 7; 0; 0; 0; 0; 0; 0; 0; 4; 9999
1981;12; 238; 63; 0; 0; 157; 453; 84; 18; 58; 81; 0; 0; 636; 8; 0; 0; 54; 0; 0; 0; 0; 0; 9; 111; 228; 0; 0; 15; 0; 0; 0
1982;01; 0; 233; 61; 0; 0; 0; 0; 448; 169; 183; 244; 275; 0; 0; 0; 0; 0; 0; 0; 0; 0; 0; 474; 0; 0; 0; 0; 40; 152; 115; 0
1982;02; 154; 412; 42; 20; 334; 220; 8; 278; 122; 0; 0; 0; 0; 0; 0; 0; 0; 9999; 36; 5; 0; 0; 17; 268; 128; 161; 0; 381; 9999; 9999; 9999
1982;03; 0; 381; 0; 0; 0; 0; 0; 0; 0; 32; 381; 219; 10; 20; 35; 8; 105; 177; 24; 0; 0; 336; 0; 0; 6; 9; 9; 0; 0; 0; 0
1982;04; 0; 0; 0; 0; 0; 0; 0; 0; 0; 0; 0; 0; 308; 6; 438; 1; 0; 0; 0; 0; 0; 0; 0; 0; 0; 0; 0; 0; 0; 0; 9999
1982;05; 0; 1; 0; 0; 0; 0; 0; 0; 0; 0; 0; 0; 0; 0; 0; 0; 0; 0; 124; 35; 0; 0; 6; 0; 237; 103; 0; 0; 0; 0; 165
1982;06; 8; 0; 0; 1; 0; 0; 0; 0; 0; 0; 0; 273; 246; 82; 1; 60; 0; 0; 0; 3; 53; 36; 199; 3; 153; 390; 2; 0; 212; 1; 9999
1982;07; 193; 0; 0; 0; 0; 0; 0; 0; 0; 0; 0; 0; 48; 102; 0; 0; 0; 0; 98; 0; 0; 0; 0; 0; 0; 0; 0; 0; 0; 30; 0
1982;08; 0; 0; 0; 37; 15; 0; 0; 0; 0; 0; 27; 0; 0; 0; 0; 0; 0; 0; 122; 0; 0; 0; 0; 0; 0; 0; 0; 1; 0; 0; 0
1982;09; 158; 0; 0; 0; 0; 0; 0; 0; 0; 0; 0; 0; 0; 141; 0; 0; 0; 0; 10; 0; 0; 0; 0; 0; 0; 0; 0; 80; 0; 0; 9999
1982;10; 0; 346; 61; 0; 0; 24; 70; 176; 118; 0; 88; 0; 615; 52; 0; 0; 0; 180; 30; 0; 66; 0; 0; 0; 0; 0; 0; 0; 63; 0; 3
1982;11; 0; 0; 0; 0; 0; 16; 0; 0; 0; 0; 157; 255; 0; 22; 71; 0; 0; 0; 0; 9; 48; 257; 9; 0; 0; 343; 222; 312; 289; 0; 9999
1982;12; 417; 0; 117; 0; 0; 0; 152; 5; 0; 0; 49; 62; 16; 220; 10; 273; 62; 75; 285; 60; 42; 210; 58; 64; 0; 0; 0; 0; 6; 24; 36
1983;01; 324; 0; 5; 0; 2; 22; 3; 93; 2; 24; 0; 22; 50; 7; 80; 350; 332; 495; 3; 5; 235; 0; 0; 7; 0; 0; 6; 20; 0; 126; 177
1983;02; 43; 368; 43; 6; 0; 0; 0; 262; 2; 2; 67; 1; 25; 39; 213; 0; 0; 0; 382; 0; 0; 0; 0; 0; 0; 0; 0; 120; 9999; 9999; 9999
1983;03; 0; 2; 451; 190; 0; 234; 2; 0; 46; 0; 0; 0; 263; 82; 2; 0; 0; 0; 64; 39; 0; 0; 0; 0; 0; 0; 49; 0; 0; 23; 0
1983;04; 0; 2; 0; 0; 0; 34; 215; 53; 0; 0; 0; 0; 0; 0; 0; 27; 0; 15; 0; 7; 3; 277; 0; 0; 484; 383; 12; 0; 2; 0; 9999
1983;05; 0; 0; 0; 0; 0; 0; 0; 0; 16; 0; 0; 2; 203; 0; 0; 0; 0; 37; 2; 132; 17; 0; 52; 335; 1; 0; 0; 75; 101; 536; 723
1983;06; 9; 1; 78; 86; 289; 356; 484; 2; 1; 288; 3; 0; 0; 0; 0; 0; 0; 0; 0; 0; 0; 0; 0; 0; 1; 2; 0; 0; 100; 0; 9999
1983;07; 1; 0; 0; 0; 0; 0; 0; 0; 0; 0; 0; 0; 0; 0; 0; 0; 0; 0; 0; 0; 224; 0; 0; 0; 0; 0; 0; 0; 0; 0; 0
1983;08; 0; 15; 0; 0; 0; 0; 0; 0; 0; 0; 0; 0; 0; 0; 0; 0; 0; 0; 0; 0; 0; 0; 0; 0; 0; 0; 0; 0; 0; 0; 0
1983;09; 0; 10; 62; 3; 137; 282; 278; 113; 8; 0; 0; 0; 129; 2; 0; 250; 8; 321; 342; 3; 0; 0; 173; 281; 43; 0; 0; 0; 0; 0; 9999
1983;10; 0; 0; 0; 0; 0; 0; 243; 1; 0; 0; 0; 0; 74; 140; 6; 0; 48; 22; 188; 0; 0; 250; 138; 64; 0; 0; 0; 0; 0; 0; 0
1983;11; 3; 84; 14; 30; 111; 8; 0; 0; 0; 0; 188; 189; 44; 0; 5; 1; 0; 0; 0; 113; 0; 303; 0; 0; 0; 0; 0; 0; 0; 10; 9999
1983;12; 0; 0; 0; 0; 0; 0; 118; 0; 0; 0; 44; 58; 0; 83; 14; 271; 0; 112; 22; 66; 190; 39; 183; 343; 0; 10; 139; 83; 79; 6; 28
1984;01; 0; 0; 0; 0; 0; 0; 0; 0; 0; 11; 72; 0; 0; 0; 0; 0; 0; 0; 0; 0; 178; 11; 2; 0; 0; 6; 398; 46; 103; 0; 9999
1984;02; 0; 0; 0; 0; 0; 0; 100; 0; 8; 0; 0; 5; 35; 0; 0; 0; 0; 0; 0; 0; 0; 0; 0; 0; 0; 346; 0; 15; 0; 9999; 9999
1984;03; 0; 0; 0; 0; 0; 89; 310; 72; 73; 54; 0; 0; 0; 0; 0; 0; 0; 0; 0; 0; 8; 390; 0; 0; 0; 0; 78; 3; 66; 13; 0
1984;04; 0; 0; 53; 8; 4; 1; 0; 0; 0; 0; 0; 0; 0; 0; 0; 89; 0; 0; 48; 8; 0; 0; 364; 152; 142; 0; 0; 0; 0; 0; 9999
1984;05; 2; 0; 140; 0; 0; 0; 0; 0; 0; 0; 0; 11; 52; 90; 170; 0; 0; 46; 0; 0; 0; 0; 0; 0; 0; 0; 0; 0; 0; 0; 10
1984;06; 0; 0; 0; 0; 0; 0; 0; 0; 0; 0; 0; 0; 0; 0; 0; 0; 0; 0; 0; 0; 0; 0; 0; 0; 0; 0; 0; 0; 0; 0; 9999
1984;07; 0; 0; 0; 0; 0; 0; 0; 0; 0; 0; 0; 0; 0; 0; 0; 0; 0; 0; 0; 0; 0; 0; 0; 0; 0; 0; 0; 57; 0; 0; 0
1984;08; 0; 2; 328; 16; 0; 0; 0; 0; 0; 0; 0; 0; 0; 0; 0; 0; 0; 0; 0; 42; 0; 90; 0; 0; 0; 200; 0; 0; 0; 0; 0
1984;09; 0; 0; 0; 0; 0; 0; 13; 0; 148; 0; 0; 0; 0; 0; 0; 0; 31; 0; 0; 84; 230; 0; 0; 0; 0; 10; 252; 0; 0; 0; 9999
1984;10; 0; 0; 0; 0; 0; 0; 0; 0; 0; 1; 0; 0; 0; 0; 0; 0; 0; 18; 86; 0; 0; 0; 0; 0; 0; 0; 0; 0; 0; 0; 0
1984;11; 0; 0; 0; 0; 0; 0; 0; 66; 0; 225; 16; 243; 1; 0; 0; 0; 0; 0; 0; 0; 198; 0; 0; 0; 0; 131; 5; 0; 0; 0; 9999
1984;12; 0; 132; 0; 0; 0; 10; 0; 133; 0; 0; 0; 0; 473; 237; 209; 0; 212; 75; 0; 0; 0; 0; 0; 0; 0; 2; 0; 0; 1; 16; 68
1985;01; 77; 0; 0; 0; 0; 0; 164; 484; 45; 0; 0; 0; 0; 2; 0; 0; 66; 0; 0; 0; 16; 313; 200; 54; 1; 90; 0; 6; 0; 0; 0
1985;02; 4; 12; 0; 0; 0; 142; 0; 0; 91; 0; 218; 4; 22; 0; 2; 0; 0; 44; 0; 0; 0; 278; 18; 0; 0; 0; 52; 0; 9999; 9999; 9999
1985;03; 0; 5; 0; 485; 0; 39; 279; 7; 0; 5; 131; 0; 0; 0; 0; 438; 86; 289; 0; 0; 0; 0; 231; 1; 0; 0; 0; 51; 0; 0; 0
1985;04; 0; 0; 0; 222; 19; 168; 9; 0; 115; 0; 0; 0; 0; 0; 0; 269; 155; 80; 69; 0; 0; 0; 0; 0; 0; 34; 17; 0; 0; 0; 9999
1985;05; 83; 23; 0; 0; 0; 0; 0; 0; 0; 5; 0; 0; 0; 0; 0; 0; 0; 0; 0; 0; 230; 334; 0; 0; 0; 0; 0; 3; 0; 0; 0
1985;06; 0; 0; 3; 162; 0; 0; 0; 0; 0; 8; 0; 0; 0; 1; 0; 0; 2; 0; 0; 0; 0; 0; 0; 0; 0; 0; 0; 0; 0; 0; 9999
1985;07; 0; 0; 0; 0; 0; 42; 5; 0; 0; 0; 0; 0; 0; 0; 0; 0; 0; 0; 0; 0; 0; 0; 0; 0; 0; 0; 0; 0; 0; 0; 0
1985;08; 0; 0; 0; 0; 0; 0; 0; 0; 0; 0; 0; 0; 0; 0; 0; 0; 0; 0; 0; 0; 0; 34; 46; 0; 0; 0; 0; 0; 0; 0; 28
1985;09; 71; 78; 0; 221; 36; 49; 0; 0; 0; 0; 0; 0; 0; 0; 0; 0; 0; 0; 0; 0; 158; 0; 0; 0; 0; 0; 0; 0; 75; 15; 9999
1985;10; 0; 0; 0; 0; 0; 0; 0; 11; 0; 49; 0; 0; 0; 0; 0; 0; 0; 0; 0; 0; 0; 0; 0; 0; 0; 0; 0; 0; 189; 47; 0
1985;11; 0; 134; 187; 43; 0; 0; 0; 0; 0; 0; 0; 0; 0; 0; 0; 0; 0; 0; 0; 0; 220; 153; 1; 0; 113; 203; 5; 0; 0; 0; 9999
1985;12; 0; 0; 0; 114; 0; 0; 0; 0; 0; 0; 0; 0; 0; 0; 7; 76; 0; 0; 0; 0; 40; 0; 0; 0; 64; 0; 50; 0; 0; 0; 0
1986;01; 0; 0; 3; 0; 220; 244; 0; 0; 0; 50; 10; 435; 0; 0; 1; 0; 0; 0; 0; 0; 0; 98; 8; 40; 0; 0; 220; 0; 0; 0; 24
1986;02; 0; 0; 347; 7; 0; 0; 0; 0; 23; 39; 0; 46; 0; 0; 293; 143; 158; 285; 193; 5; 373; 53; 16; 0; 0; 0; 0; 30; 9999; 9999; 9999
1986;03; 0; 2; 0; 0; 124; 125; 8; 178; 0; 35; 0; 0; 173; 0; 0; 32; 0; 0; 0; 25; 0; 0; 144; 0; 0; 0; 233; 0; 0; 512; 0
1986;04; 293; 0; 0; 0; 0; 0; 0; 0; 0; 0; 0; 9; 0; 0; 0; 97; 0; 0; 0; 0; 6; 142; 50; 0; 0; 0; 0; 30; 0; 0; 9999
1986;05; 0; 0; 0; 0; 0; 0; 0; 43; 0; 107; 0; 0; 95; 0; 0; 0; 0; 43; 317; 0; 37; 0; 0; 0; 0; 0; 43; 0; 0; 0; 40
1986;06; 0; 0; 0; 0; 0; 0; 0; 0; 0; 0; 0; 0; 3; 1; 0; 0; 0; 0; 0; 0; 0; 0; 0; 0; 0; 0; 0; 0; 0; 0; 9999
1986;07; 0; 0; 0; 0; 0; 0; 0; 0; 0; 0; 0; 0; 0; 0; 0; 0; 0; 0; 0; 0; 0; 0; 61; 1; 0; 0; 0; 0; 0; 0; 63
1986;08; 0; 0; 0; 0; 0; 0; 0; 0; 0; 0; 0; 0; 45; 142; 25; 117; 168; 0; 0; 1; 49; 644; 346; 0; 26; 0; 0; 0; 0; 0; 0
1986;09; 0; 0; 0; 0; 0; 0; 0; 0; 0; 0; 0; 0; 0; 0; 0; 0; 0; 0; 0; 0; 167; 0; 0; 0; 74; 144; 0; 0; 195; 0; 9999
1986;10; 0; 0; 0; 0; 0; 0; 0; 0; 0; 69; 21; 0; 0; 0; 0; 0; 0; 0; 85; 32; 39; 98; 0; 0; 0; 0; 0; 0; 0; 0; 0
1986;11; 0; 0; 0; 0; 0; 267; 0; 0; 0; 0; 107; 203; 0; 0; 0; 0; 0; 0; 0; 0; 0; 0; 0; 0; 0; 13; 170; 49; 28; 97; 9999
1986;12; 288; 181; 68; 490; 29; 0; 412; 100; 494; 19; 0; 8; 0; 0; 64; 15; 233; 152; 146; 0; 1; 46; 297; 7; 76; 40; 0; 282; 66; 0; 0
1987;01; 0; 0; 0; 167; 0; 9; 0; 0; 0; 35; 0; 0; 18; 0; 0; 20; 8; 68; 0; 0; 0; 0; 285; 185; 193; 85; 539; 12; 59; 57; 88
1987;02; 9; 11; 225; 219; 84; 0; 88; 0; 7; 58; 0; 0; 226; 117; 43; 0; 0; 96; 0; 59; 66; 0; 0; 0; 603; 189; 3; 0; 9999; 9999; 9999
1987;03; 94; 0; 0; 0; 0; 0; 0; 28; 392; 72; 0; 0; 0; 0; 0; 0; 0; 0; 7; 0; 0; 0; 0; 0; 0; 0; 0; 13; 4; 0; 0
1987;04; 0; 0; 0; 41; 2; 0; 0; 0; 0; 0; 0; 0; 0; 0; 0; 0; 0; 0; 0; 0; 190; 5; 0; 7; 0; 0; 0; 0; 0; 0; 9999
1987;05; 0; 0; 0; 0; 41; 66; 0; 2; 56; 0; 0; 310; 0; 0; 0; 390; 0; 485; 38; 55; 287; 20; 0; 7; 8; 0; 0; 0; 37; 0; 0
1987;06; 0; 0; 0; 0; 0; 0; 75; 0; 0; 0; 0; 0; 0; 358; 684; 179; 0; 0; 0; 0; 0; 0; 160; 0; 0; 0; 0; 0; 0; 0; 9999
1987;07; 0; 0; 0; 0; 0; 0; 0; 0; 179; 1; 0; 0; 0; 0; 0; 0; 0; 0; 0; 0; 0; 0; 0; 0; 0; 0; 0; 0; 0; 0; 0
1987;08; 0; 0; 0; 0; 0; 8; 34; 0; 0; 0; 0; 0; 0; 0; 0; 0; 0; 0; 0; 2; 0; 0; 0; 0; 0; 0; 0; 0; 0; 0; 40
1987;09; 0; 0; 0; 0; 0; 44; 2; 5; 0; 0; 1; 71; 0; 0; 0; 0; 0; 72; 165; 0; 8; 300; 26; 0; 0; 0; 0; 5; 0; 0; 9999
1987;10; 0; 191; 0; 0; 0; 94; 0; 0; 0; 0; 0; 0; 0; 0; 0; 0; 0; 0; 65; 42; 3; 0; 0; 0; 185; 45; 0; 8; 0; 0; 0
1987;11; 0; 0; 0; 0; 0; 97; 184; 0; 3; 0; 0; 0; 0; 317; 460; 680; 0; 0; 0; 0; 0; 0; 0; 0; 306; 362; 4; 0; 0; 0; 9999
1987;12; 0; 0; 0; 163; 67; 50; 0; 0; 85; 0; 0; 4; 0; 0; 0; 0; 15; 417; 80; 0; 0; 6; 0; 0; 0; 0; 0; 55; 0; 4; 28
1988;01; 0; 0; 0; 0; 35; 356; 741; 0; 107; 73; 144; 54; 0; 0; 0; 0; 0; 0; 63; 4; 171; 0; 0; 0; 270; 0; 0; 0; 199; 152; 0
1988;02; 0; 0; 0; 0; 182; 0; 0; 185; 30; 171; 42; 0; 0; 99; 180; 0; 174; 5; 0; 710; 56; 0; 0; 0; 0; 20; 20; 54; 0; 9999; 9999
1988;03; 122; 203; 26; 83; 0; 0; 0; 0; 0; 0; 0; 0; 0; 0; 0; 0; 502; 205; 303; 0; 0; 0; 0; 0; 0; 0; 0; 0; 0; 0; 0
1988;04; 0; 0; 0; 0; 0; 0; 0; 14; 0; 0; 0; 0; 232; 521; 0; 0; 26; 0; 17; 45; 0; 0; 0; 0; 0; 12; 0; 190; 10; 0; 9999
1988;05; 0; 0; 8; 0; 271; 0; 0; 0; 0; 0; 0; 0; 204; 0; 0; 0; 0; 120; 0; 0; 0; 4; 6; 9; 0; 0; 0; 0; 0; 319; 97
1988;06; 0; 0; 0; 147; 0; 0; 0; 0; 0; 0; 0; 0; 0; 22; 0; 0; 0; 0; 0; 0; 198; 0; 0; 0; 14; 0; 0; 0; 0; 0; 9999
1988;07; 0; 0; 0; 0; 0; 0; 2; 0; 0; 0; 0; 0; 0; 0; 0; 0; 0; 0; 0; 0; 0; 0; 0; 0; 9; 0; 0; 0; 0; 0; 0
1988;08; 0; 0; 0; 0; 0; 0; 0; 0; 0; 0; 0; 0; 0; 0; 0; 0; 0; 0; 0; 0; 0; 0; 0; 0; 0; 0; 0; 0; 0; 0; 0
1988;09; 0; 0; 0; 0; 0; 0; 0; 0; 0; 0; 0; 0; 0; 0; 6; 9; 20; 38; 0; 0; 0; 0; 0; 0; 0; 0; 0; 0; 0; 0; 9999
1988;10; 0; 0; 0; 0; 0; 0; 0; 0; 0; 0; 0; 221; 177; 8; 0; 0; 0; 20; 0; 302; 0; 0; 204; 36; 0; 310; 32; 21; 0; 433; 83
1988;11; 193; 0; 0; 0; 0; 8; 121; 0; 0; 0; 0; 123; 6; 0; 0; 0; 0; 0; 0; 446; 34; 0; 52; 0; 0; 0; 9; 0; 0; 0; 9999
1988;12; 0; 6; 38; 0; 0; 0; 0; 0; 0; 0; 0; 0; 0; 26; 34; 0; 0; 0; 0; 0; 321; 39; 0; 530; 0; 144; 81; 137; 0; 39; 12
1989;01; 0; 72; 383; 75; 695; 231; 153; 0; 430; 145; 142; 0; 0; 24; 223; 262; 0; 0; 0; 0; 209; 135; 391; 23; 130; 0; 0; 0; 0; 31; 0
1989;02; 0; 265; 0; 272; 23; 0; 53; 0; 345; 83; 356; 518; 12; 35; 56; 16; 49; 17; 0; 0; 0; 0; 71; 23; 9999; 26; 0; 0; 9999; 9999; 9999
1989;03; 21; 9; 9; 171; 0; 0; 0; 0; 0; 0; 0; 0; 18; 53; 4; 0; 0; 3; 64; 284; 7; 0; 0; 0; 0; 0; 92; 0; 0; 0; 0
1989;04; 42; 14; 0; 0; 0; 0; 0; 0; 0; 0; 0; 203; 0; 0; 0; 0; 0; 0; 0; 0; 0; 0; 0; 0; 0; 0; 0; 0; 0; 180; 9999
1989;05; 0; 85; 0; 9; 38; 246; 0; 0; 0; 0; 0; 0; 0; 0; 0; 0; 0; 0; 0; 0; 0; 0; 0; 0; 0; 4; 0; 0; 0; 0; 0
1989;06; 0; 0; 0; 0; 0; 0; 0; 0; 96; 0; 210; 12; 0; 0; 0; 0; 0; 0; 0; 0; 0; 0; 0; 0; 70; 0; 0; 0; 47; 0; 9999
1989;07; 0; 0; 0; 0; 0; 0; 0; 0; 0; 0; 0; 0; 0; 0; 0; 0; 0; 0; 0; 0; 0; 0; 0; 0; 0; 0; 100; 2; 40; 0; 499
1989;08; 0; 0; 0; 0; 0; 0; 0; 0; 0; 0; 0; 0; 0; 0; 0; 0; 0; 0; 0; 0; 0; 140; 62; 0; 190; 0; 0; 185; 0; 0; 0
1989;09; 0; 0; 0; 0; 0; 0; 150; 0; 41; 240; 72; 0; 90; 0; 0; 0; 0; 0; 0; 0; 0; 0; 0; 41; 0; 0; 30; 0; 0; 0; 9999
1989;10; 0; 0; 0; 262; 0; 0; 0; 0; 0; 0; 0; 0; 0; 0; 0; 61; 0; 0; 0; 0; 0; 0; 0; 0; 0; 300; 0; 0; 0; 0; 0
1989;11; 0; 0; 0; 0; 0; 0; 0; 0; 0; 0; 0; 0; 403; 0; 0; 0; 0; 0; 0; 0; 75; 145; 0; 0; 0; 0; 0; 300; 0; 0; 9999
1989;12; 0; 0; 0; 0; 0; 0; 0; 0; 0; 0; 203; 105; 709; 0; 0; 0; 0; 0; 0; 173; 0; 0; 0; 0; 0; 0; 225; 263; 345; 405; 170
1990;01; 160; 250; 0; 0; 0; 215; 403; 685; 205; 355; 158; 140; 55; 0; 0; 205; 0; 0; 40; 0; 0; 150; 30; 0; 0; 0; 0; 0; 0; 0; 45
1990;02; 0; 190; 0; 0; 0; 155; 0; 0; 153; 100; 0; 0; 601; 50; 65; 0; 0; 0; 0; 0; 0; 0; 245; 0; 0; 0; 275; 0; 9999; 9999; 9999
1990;03; 0; 0; 0; 0; 0; 0; 235; 0; 0; 0; 0; 190; 0; 0; 0; 0; 0; 0; 360; 0; 0; 450; 0; 0; 0; 0; 450; 0; 0; 600; 0
1990;04; 0; 0; 0; 0; 0; 0; 0; 0; 0; 0; 0; 0; 0; 0; 0; 240; 0; 0; 260; 0; 0; 0; 0; 0; 0; 0; 0; 0; 0; 65; 9999
1990;05; 0; 170; 0; 0; 0; 0; 0; 0; 0; 225; 0; 0; 0; 0; 0; 100; 0; 0; 0; 0; 0; 0; 0; 0; 0; 0; 0; 0; 0; 0; 0
1990;06; 0; 0; 0; 0; 0; 0; 0; 0; 0; 0; 0; 0; 0; 0; 80; 0; 0; 0; 0; 50; 55; 0; 0; 0; 0; 0; 0; 0; 0; 0; 9999
1990;07; 0; 0; 0; 0; 0; 0; 0; 0; 0; 0; 85; 0; 0; 0; 0; 0; 315; 0; 105; 0; 30; 0; 0; 0; 0; 0; 0; 0; 0; 0; 0
1990;08; 0; 0; 0; 0; 0; 0; 0; 0; 0; 0; 0; 0; 0; 0; 0; 0; 0; 0; 0; 455; 0; 0; 0; 0; 0; 0; 0; 95; 0; 0; 0
1990;09; 95; 150; 0; 0; 0; 0; 0; 45; 0; 0; 0; 0; 140; 0; 0; 0; 0; 0; 0; 0; 0; 0; 0; 0; 0; 0; 0; 0; 0; 45; 9999
1990;10; 95; 45; 0; 0; 0; 0; 0; 0; 0; 0; 325; 0; 0; 0; 35; 39; 25; 0; 200; 55; 0; 0; 0; 0; 0; 0; 0; 0; 0; 0; 0
1990;11; 0; 0; 0; 65; 355; 249; 0; 300; 0; 65; 0; 0; 0; 0; 0; 0; 0; 0; 0; 0; 0; 55; 0; 35; 0; 0; 10; 0; 0; 0; 9999
1990;12; 0; 0; 0; 0; 0; 0; 0; 140; 0; 0; 178; 87; 59; 669; 157; 0; 0; 0; 0; 410; 0; 0; 0; 0; 95; 535; 0; 30; 0; 0; 0
1991;01; 0; 0; 0; 365; 123; 0; 0; 0; 0; 0; 0; 315; 0; 0; 371; 131; 71; 0; 0; 0; 0; 79; 0; 0; 0; 173; 471; 70; 0; 0; 0
1991;02; 103; 173; 0; 0; 0; 39; 315; 425; 400; 375; 0; 0; 0; 0; 0; 0; 0; 25; 91; 0; 0; 0; 0; 0; 0; 0; 0; 0; 9999; 9999; 9999
1991;03; 0; 195; 65; 0; 335; 77; 625; 171; 0; 0; 0; 0; 139; 30; 0; 0; 0; 0; 0; 0; 0; 431; 0; 0; 0; 523; 205; 205; 235; 147; 340
1991;04; 0; 0; 0; 0; 0; 0; 0; 217; 0; 0; 0; 0; 291; 0; 0; 0; 99; 0; 599; 0; 0; 0; 0; 0; 571; 0; 0; 0; 0; 0; 9999
1991;05; 0; 0; 0; 0; 0; 0; 0; 0; 0; 0; 0; 0; 0; 0; 381; 0; 0; 0; 0; 0; 0; 0; 0; 0; 0; 0; 0; 0; 0; 0; 0
1991;06; 0; 0; 0; 0; 0; 0; 0; 0; 0; 0; 0; 0; 0; 0; 0; 0; 0; 0; 0; 78; 80; 78; 3; 80; 222; 0; 0; 0; 132; 5; 9999
1991;07; 0; 0; 0; 0; 0; 0; 0; 0; 0; 0; 216; 0; 13; 0; 0; 11; 0; 0; 0; 0; 0; 0; 0; 0; 0; 0; 0; 0; 0; 0; 0
1991;08; 0; 0; 0; 0; 0; 0; 0; 52; 0; 0; 0; 0; 0; 0; 0; 0; 0; 0; 0; 0; 0; 0; 0; 0; 0; 0; 0; 0; 0; 0; 0
1991;09; 0; 0; 0; 0; 0; 0; 0; 0; 0; 0; 0; 0; 0; 0; 0; 0; 0; 0; 0; 45; 0; 0; 0; 0; 0; 107; 0; 0; 35; 54; 9999
1991;10; 356; 55; 722; 22; 11; 13; 118; 0; 3; 20; 0; 0; 0; 0; 0; 0; 30; 154; 25; 0; 0; 0; 0; 0; 0; 0; 0; 0; 0; 0; 0
1991;11; 248; 11; 0; 0; 0; 0; 0; 0; 0; 395; 0; 0; 0; 319; 65; 0; 0; 0; 0; 0; 0; 0; 0; 0; 0; 0; 0; 0; 0; 21; 9999
1991;12; 14; 0; 0; 0; 9; 17; 32; 48; 207; 49; 66; 290; 0; 0; 259; 155; 9; 29; 54; 289; 0; 0; 138; 4; 3; 0; 0; 25; 0; 0; 0
1992;01; 0; 0; 0; 3; 214; 0; 0; 0; 0; 0; 0; 0; 323; 0; 0; 0; 0; 0; 0; 0; 0; 0; 1; 0; 65; 43; 0; 0; 0; 0; 5
1992;02; 331; 173; 41; 157; 9; 84; 24; 0; 9; 17; 1; 0; 0; 0; 0; 135; 2; 7; 0; 0; 0; 0; 0; 0; 18; 0; 0; 313; 24; 9999; 9999
1992;03; 0; 650; 86; 84; 0; 0; 0; 16; 0; 0; 51; 161; 0; 0; 166; 190; 426; 0; 0; 0; 0; 0; 61; 86; 20; 70; 20; 188; 0; 402; 5
1992;04; 0; 0; 0; 0; 0; 0; 0; 0; 0; 0; 0; 0; 120; 153; 0; 0; 0; 0; 0; 482; 6; 0; 0; 23; 0; 143; 0; 0; 0; 0; 9999
1992;05; 0; 143; 10; 548; 0; 0; 0; 0; 0; 0; 0; 0; 236; 51; 0; 0; 0; 0; 312; 54; 0; 0; 234; 0; 0; 0; 0; 0; 0; 0; 0
1992;06; 0; 0; 0; 0; 0; 0; 0; 0; 0; 0; 0; 0; 0; 0; 0; 0; 0; 0; 0; 0; 0; 0; 0; 0; 0; 0; 0; 0; 0; 0; 9999
1992;07; 0; 0; 0; 0; 0; 0; 91; 71; 172; 0; 0; 0; 0; 0; 0; 0; 0; 0; 0; 0; 0; 0; 0; 0; 0; 0; 0; 0; 0; 0; 0
1992;08; 0; 0; 0; 0; 0; 0; 0; 0; 0; 0; 0; 0; 0; 0; 0; 0; 22; 13; 0; 0; 0; 5; 68; 0; 0; 0; 0; 0; 0; 0; 0
1992;09; 11; 54; 59; 6; 34; 54; 40; 0; 0; 0; 0; 257; 183; 0; 283; 168; 36; 1; 3; 0; 0; 0; 0; 0; 0; 186; 0; 0; 0; 0; 9999
1992;10; 0; 101; 54; 0; 0; 0; 51; 8; 163; 0; 0; 91; 100; 0; 0; 0; 350; 5; 0; 0; 0; 0; 0; 0; 0; 0; 0; 0; 330; 205; 0
1992;11; 0; 34; 0; 419; 13; 0; 0; 0; 167; 110; 0; 0; 0; 0; 0; 0; 8; 0; 0; 0; 0; 330; 9; 7; 473; 107; 44; 0; 0; 0; 9999
1992;12; 97; 3; 0; 0; 0; 0; 0; 80; 0; 45; 40; 114; 0; 0; 0; 0; 6; 216; 0; 0; 0; 71; 0; 0; 0; 0; 0; 0; 0; 0; 0
1993;01; 0; 0; 0; 155; 492; 284; 0; 23; 66; 123; 203; 417; 30; 6; 0; 0; 0; 0; 0; 0; 0; 0; 0; 0; 0; 196; 226; 52; 0; 20; 48
1993;02; 469; 0; 18; 132; 18; 38; 68; 153; 135; 119; 14; 46; 0; 0; 73; 278; 421; 261; 91; 47; 67; 54; 302; 16; 0; 0; 0; 97; 9999; 9999; 9999
1993;03; 0; 0; 0; 0; 0; 26; 0; 0; 9999; 9999; 9999; 9999; 9999; 9999; 9999; 9999; 9999; 9999; 9999; 9999; 9999; 9999; 9999; 9999; 9999; 9999; 9999; 9999; 9999; 9999; 9999
1993;04; 9999; 9999; 9999; 9999; 9999; 9999; 9999; 9999; 9999; 9999; 9999; 9999; 9999; 9999; 9999; 9999; 9999; 9999; 9999; 9999; 9999; 9999; 9999; 9999; 9999; 9999; 9999; 9999; 9999; 9999; 9999
1993;05; 0; 0; 0; 0; 0; 112; 0; 0; 0; 0; 0; 0; 183; 158; 16; 0; 0; 0; 3; 0; 0; 0; 0; 0; 0; 0; 0; 0; 0; 294; 392
1993;06; 0; 0; 0; 0; 196; 55; 0; 1; 0; 2; 35; 0; 0; 0; 0; 0; 0; 285; 0; 0; 0; 0; 0; 0; 0; 0; 0; 0; 0; 0; 9999
1993;07; 0; 0; 0; 0; 0; 0; 0; 0; 0; 0; 0; 0; 0; 0; 83; 0; 0; 0; 0; 0; 0; 0; 0; 0; 0; 0; 0; 0; 0; 9; 0
1993;08; 0; 0; 0; 0; 0; 2; 0; 0; 0; 0; 0; 0; 0; 0; 2; 15; 0; 0; 35; 0; 0; 0; 69; 480; 10; 0; 0; 0; 0; 0; 0
1993;09; 0; 0; 0; 4; 0; 0; 0; 155; 6; 6; 53; 0; 0; 15; 101; 330; 0; 0; 0; 0; 0; 160; 27; 220; 150; 65; 165; 37; 0; 15; 9999
1993;10; 0; 100; 220; 20; 130; 15; 0; 0; 0; 0; 0; 0; 0; 0; 0; 0; 0; 0; 0; 52; 0; 0; 0; 40; 0; 110; 0; 0; 0; 0; 0
1993;11; 0; 0; 0; 0; 0; 0; 329; 21; 0; 0; 0; 0; 0; 0; 0; 0; 0; 0; 51; 0; 0; 0; 7; 55; 0; 125; 8; 0; 0; 0; 9999
1993;12; 16; 0; 0; 215; 0; 24; 0; 0; 108; 30; 115; 0; 0; 0; 0; 0; 117; 27; 15; 0; 0; 0; 0; 0; 50; 110; 0; 22; 61; 50; 0
1994;01; 10; 0; 0; 0; 0; 0; 0; 0; 110; 180; 0; 0; 0; 0; 25; 0; 0; 0; 160; 8; 110; 98; 16; 0; 110; 148; 0; 290; 50; 0; 0
1994;02; 0; 0; 0; 125; 0; 105; 0; 309; 0; 0; 0; 291; 510; 0; 30; 0; 0; 52; 0; 32; 0; 0; 0; 0; 0; 125; 0; 105; 9999; 9999; 9999
1994;03; 180; 210; 0; 0; 0; 0; 0; 0; 0; 31; 0; 210; 50; 0; 0; 0; 0; 110; 0; 280; 0; 60; 0; 0; 9; 35; 330; 0; 0; 0; 245
1994;04; 450; 0; 0; 0; 0; 0; 110; 0; 0; 0; 0; 0; 0; 170; 0; 0; 0; 0; 110; 0; 0; 150; 25; 0; 0; 0; 0; 0; 0; 0; 9999
1994;05; 0; 0; 0; 0; 0; 0; 0; 0; 0; 0; 0; 0; 18; 45; 109; 0; 0; 0; 0; 0; 0; 0; 52; 0; 0; 0; 305; 125; 0; 0; 0
1994;06; 0; 0; 0; 0; 9; 0; 0; 0; 0; 0; 0; 0; 0; 0; 0; 0; 0; 0; 0; 0; 0; 45; 45; 0; 90; 0; 0; 0; 0; 0; 9999
1994;07; 0; 0; 0; 0; 0; 0; 0; 45; 0; 0; 0; 0; 0; 0; 0; 0; 0; 0; 0; 0; 0; 125; 0; 0; 0; 0; 0; 0; 0; 0; 0
1994;08; 0; 0; 0; 0; 0; 0; 0; 0; 0; 0; 0; 0; 0; 0; 0; 0; 0; 0; 0; 0; 0; 0; 0; 0; 0; 0; 0; 0; 0; 0; 0
1994;09; 0; 0; 0; 0; 0; 0; 0; 0; 0; 0; 0; 0; 0; 0; 0; 0; 0; 0; 0; 0; 0; 0; 0; 0; 0; 0; 0; 0; 0; 0; 9999
1994;10; 0; 0; 0; 0; 0; 0; 0; 0; 0; 0; 0; 0; 0; 0; 0; 0; 0; 0; 0; 0; 0; 143; 0; 0; 125; 5; 4; 3; 105; 0; 0
1994;11; 0; 0; 0; 0; 510; 0; 0; 0; 0; 0; 0; 0; 0; 157; 245; 335; 80; 310; 305; 0; 0; 0; 0; 0; 0; 0; 0; 130; 140; 0; 9999
1994;12; 0; 0; 0; 0; 0; 63; 265; 0; 0; 0; 0; 0; 0; 0; 120; 160; 0; 280; 120; 0; 0; 285; 385; 0; 0; 0; 0; 125; 0; 45; 25
1995;01; 135; 245; 155; 885; 115; 0; 0; 0; 97; 0; 45; 5; 0; 0; 0; 0; 0; 0; 0; 0; 0; 95; 285; 0; 0; 0; 0; 0; 340; 344; 97
1995;02; 0; 43; 835; 105; 335; 590; 205; 45; 105; 235; 0; 0; 85; 10; 85; 0; 0; 375; 100; 205; 405; 0; 0; 0; 0; 0; 0; 0; 9999; 9999; 9999
1995;03; 0; 0; 0; 0; 195; 0; 0; 0; 0; 0; 0; 0; 0; 63; 0; 0; 0; 0; 10; 35; 0; 0; 0; 247; 0; 0; 0; 0; 0; 0; 95
1995;04; 310; 30; 0; 0; 0; 0; 0; 0; 0; 50; 0; 75; 0; 0; 0; 0; 0; 0; 0; 15; 300; 0; 0; 0; 0; 0; 0; 0; 0; 0; 9999
1995;05; 0; 0; 0; 0; 0; 0; 0; 260; 0; 0; 0; 0; 0; 0; 0; 385; 0; 46; 0; 0; 0; 0; 0; 0; 0; 0; 0; 0; 0; 0; 0
1995;06; 0; 0; 0; 0; 0; 0; 0; 0; 0; 0; 0; 0; 0; 0; 0; 0; 0; 50; 71; 0; 0; 0; 0; 0; 170; 0; 0; 0; 0; 0; 9999
1995;07; 0; 0; 0; 0; 0; 0; 0; 0; 176; 380; 0; 0; 0; 0; 0; 0; 0; 0; 0; 0; 0; 212; 0; 0; 0; 0; 0; 0; 0; 0; 0
1995;08; 0; 0; 0; 0; 0; 0; 0; 0; 0; 0; 0; 0; 0; 0; 0; 0; 0; 0; 0; 0; 0; 0; 0; 0; 0; 0; 0; 0; 0; 0; 0
1995;09; 0; 0; 0; 0; 0; 0; 0; 0; 0; 0; 0; 0; 0; 0; 0; 0; 0; 0; 37; 25; 0; 0; 0; 77; 101; 195; 15; 100; 0; 0; 9999
1995;10; 0; 0; 0; 0; 0; 0; 110; 80; 0; 0; 0; 0; 0; 0; 410; 230; 205; 0; 0; 67; 44; 0; 0; 0; 0; 0; 0; 0; 0; 508; 0
1995;11; 0; 0; 0; 0; 287; 0; 0; 0; 0; 0; 0; 216; 0; 94; 0; 0; 0; 0; 0; 0; 0; 0; 0; 0; 212; 220; 0; 80; 0; 0; 9999
1995;12; 0; 0; 0; 0; 0; 0; 0; 0; 0; 0; 0; 20; 552; 210; 0; 0; 0; 0; 173; 0; 0; 40; 20; 40; 50; 20; 0; 235; 120; 155; 0
1996;01; 0; 10; 354; 40; 0; 0; 245; 65; 88; 105; 0; 58; 0; 0; 0; 0; 0; 0; 0; 10; 0; 0; 0; 0; 0; 0; 0; 0; 0; 0; 0
1996;02; 0; 0; 347; 189; 210; 0; 0; 47; 0; 279; 0; 40; 0; 0; 0; 0; 0; 0; 0; 43; 105; 45; 0; 0; 0; 18; 190; 35; 0; 9999; 9999
1996;03; 0; 0; 0; 0; 155; 0; 380; 238; 258; 0; 0; 0; 0; 0; 462; 10; 295; 105; 0; 92; 0; 0; 0; 0; 65; 0; 0; 0; 0; 0; 0
1996;04; 92; 20; 0; 0; 0; 0; 0; 0; 0; 0; 53; 10; 0; 0; 0; 39; 117; 0; 0; 0; 0; 0; 0; 0; 0; 0; 0; 0; 0; 0; 9999
1996;05; 0; 0; 0; 0; 0; 0; 0; 0; 0; 0; 69; 0; 0; 0; 0; 125; 0; 17; 0; 0; 0; 0; 45; 0; 0; 0; 0; 0; 0; 0; 0
1996;06; 0; 0; 0; 0; 0; 45; 0; 0; 0; 0; 0; 0; 0; 0; 0; 0; 0; 0; 0; 0; 0; 0; 0; 0; 0; 0; 0; 246; 0; 0; 9999
1996;07; 0; 0; 9; 0; 0; 0; 0; 0; 0; 0; 0; 0; 0; 0; 0; 0; 0; 0; 0; 0; 0; 0; 0; 0; 0; 0; 0; 0; 0; 0; 0
1996;08; 0; 0; 0; 0; 0; 0; 0; 0; 0; 110; 0; 0; 0; 0; 0; 0; 0; 0; 0; 0; 0; 0; 0; 0; 0; 0; 0; 0; 0; 0; 0
1996;09; 53; 0; 115; 205; 36; 25; 20; 80; 55; 110; 260; 155; 0; 0; 0; 0; 20; 0; 0; 0; 0; 0; 0; 0; 65; 0; 10; 0; 0; 55; 9999
1996;10; 0; 0; 100; 305; 0; 80; 46; 0; 0; 0; 0; 210; 320; 355; 0; 0; 0; 0; 0; 75; 0; 0; 0; 0; 0; 405; 70; 50; 0; 0; 0
1996;11; 235; 310; 272; 210; 0; 0; 0; 0; 0; 0; 0; 0; 0; 10; 0; 0; 255; 0; 0; 25; 20; 0; 30; 0; 0; 0; 0; 0; 0; 0; 9999
1996;12; 0; 0; 0; 145; 55; 49; 0; 0; 0; 0; 0; 0; 230; 0; 0; 0; 0; 105; 0; 85; 155; 208; 141; 190; 0; 0; 0; 0; 0; 395; 0
1997;01; 0; 0; 0; 0; 0; 0; 95; 155; 0; 100; 195; 50; 38; 39; 0; 0; 110; 0; 0; 338; 305; 246; 315; 35; 10; 310; 10; 20; 0; 0; 325
1997;02; 280; 90; 165; 0; 0; 0; 0; 0; 0; 0; 0; 0; 0; 0; 0; 40; 120; 193; 0; 0; 0; 0; 0; 235; 0; 0; 0; 0; 9999; 9999; 9999
1997;03; 0; 0; 0; 70; 13; 30; 0; 0; 0; 0; 0; 0; 0; 0; 65; 24; 0; 0; 0; 0; 0; 0; 0; 0; 0; 0; 0; 0; 0; 0; 0
1997;04; 155; 0; 0; 0; 0; 0; 0; 0; 0; 0; 0; 0; 0; 0; 0; 0; 39; 0; 0; 0; 150; 0; 0; 0; 0; 0; 0; 0; 0; 0; 9999
1997;05; 0; 0; 0; 0; 0; 0; 0; 0; 0; 0; 0; 0; 0; 0; 0; 41; 0; 0; 0; 0; 0; 145; 0; 0; 470; 0; 0; 0; 58; 0; 0
1997;06; 0; 9999; 9999; 9999; 0; 0; 0; 0; 0; 0; 0; 0; 0; 0; 0; 300; 86; 0; 0; 0; 0; 0; 0; 0; 0; 0; 0; 0; 0; 0; 9999
1997;07; 0; 0; 0; 0; 0; 0; 0; 0; 0; 0; 0; 0; 0; 0; 0; 0; 0; 0; 0; 1; 361; 0; 0; 0; 0; 0; 0; 0; 0; 0; 0
1997;08; 0; 0; 0; 0; 0; 0; 0; 0; 0; 0; 0; 0; 0; 0; 0; 0; 0; 0; 0; 0; 0; 0; 108; 0; 0; 0; 0; 0; 50; 0; 0
1997;09; 0; 0; 0; 34; 0; 0; 0; 0; 0; 0; 0; 0; 0; 0; 0; 0; 122; 0; 0; 0; 0; 0; 0; 52; 0; 0; 0; 0; 0; 0; 9999
1997;10; 0; 0; 0; 0; 0; 0; 0; 0; 0; 0; 0; 0; 0; 0; 0; 0; 53; 0; 0; 0; 0; 0; 0; 0; 43; 31; 103; 0; 0; 0; 4
1997;11; 0; 0; 75; 0; 0; 13; 3; 325; 0; 0; 0; 65; 23; 46; 11; 21; 349; 371; 229; 0; 0; 41; 0; 0; 5; 0; 238; 289; 0; 0; 9999
1997;12; 58; 62; 0; 17; 62; 0; 2; 0; 0; 0; 0; 0; 0; 318; 268; 0; 2; 3; 0; 0; 54; 0; 0; 0; 380; 147; 0; 0; 108; 0; 0
