33
Ano,Mes,1,2,3,4,5,6,7,8,9,10,11,12,13,14,15,16,17,18,19,20,21,22,23,24,25,26,27,28,29,30,31
1970;08; 0; 0; 0; 0; 0; 0; 0; 0; 0; 0; 0; 0; 0; 0; 0; 0; 0; 0; 0; 0; 0; 0; 0; 0; 0; 218; 396; 383; 6; 176; 87
1970;09; 0; 0; 0; 0; 0; 0; 253; 0; 0; 0; 0; 28; 116; 66; 0; 55; 0; 0; 0; 63; 39; 105; 0; 0; 0; 0; 0; 0; 80; 0; 9999
1970;10; 0; 760; 115; 38; 0; 0; 0; 0; 185; 0; 0; 0; 250; 0; 0; 0; 0; 72; 0; 165; 0; 0; 0; 0; 0; 0; 0; 0; 0; 0; 0
1970;11; 0; 53; 0; 0; 0; 0; 230; 0; 0; 0; 0; 0; 0; 17; 0; 0; 0; 0; 0; 0; 0; 39; 0; 0; 0; 0; 0; 51; 0; 0; 9999
1970;12; 258; 0; 0; 0; 0; 0; 0; 0; 0; 506; 140; 295; 150; 250; 0; 0; 10; 0; 60; 0; 239; 34; 0; 0; 280; 0; 0; 0; 0; 19; 51
1971;01; 55; 411; 282; 23; 155; 17; 215; 136; 15; 0; 0; 0; 0; 0; 44; 0; 0; 0; 0; 0; 200; 20; 13; 0; 0; 0; 0; 0; 0; 0; 42
1971;02; 34; 52; 5; 3; 3; 0; 25; 27; 0; 229; 78; 105; 0; 292; 0; 0; 0; 0; 0; 0; 0; 26; 10; 14; 43; 232; 0; 0; 9999; 9999; 9999
1971;03; 0; 0; 0; 182; 113; 116; 231; 0; 0; 0; 0; 85; 48; 0; 0; 12; 0; 0; 0; 0; 607; 48; 0; 0; 0; 113; 35; 68; 0; 0; 0
1971;04; 0; 0; 0; 0; 0; 0; 0; 0; 208; 31; 0; 0; 0; 0; 0; 0; 46; 0; 0; 0; 48; 48; 282; 12; 0; 0; 0; 0; 0; 0; 9999
1971;05; 0; 0; 422; 310; 91; 11; 17; 0; 0; 0; 0; 0; 0; 0; 0; 0; 27; 0; 0; 0; 0; 0; 0; 0; 0; 165; 117; 0; 0; 0; 0
1971;06; 0; 0; 0; 0; 0; 0; 0; 0; 59; 0; 0; 0; 0; 0; 33; 139; 10; 200; 880; 427; 38; 0; 0; 0; 0; 0; 0; 0; 0; 0; 9999
1971;07; 0; 100; 0; 0; 633; 0; 0; 0; 0; 0; 0; 0; 0; 0; 0; 0; 0; 0; 0; 0; 0; 0; 0; 0; 0; 0; 0; 30; 0; 221; 0
1971;08; 0; 0; 0; 0; 0; 0; 0; 0; 0; 0; 0; 0; 0; 0; 0; 0; 0; 0; 0; 0; 0; 0; 0; 0; 0; 0; 0; 0; 0; 0; 0
1971;09; 0; 0; 0; 0; 0; 0; 135; 0; 0; 0; 52; 165; 0; 0; 0; 0; 0; 0; 0; 0; 0; 0; 0; 300; 352; 0; 276; 50; 0; 0; 9999
1971;10; 32; 36; 0; 55; 0; 0; 0; 132; 0; 0; 121; 96; 0; 0; 0; 0; 0; 0; 0; 0; 0; 0; 31; 0; 0; 0; 0; 0; 0; 0; 0
1971;11; 0; 32; 0; 0; 0; 0; 0; 0; 0; 42; 0; 0; 13; 0; 0; 0; 0; 43; 42; 0; 0; 0; 0; 0; 189; 0; 0; 0; 0; 0; 9999
1971;12; 110; 0; 0; 800; 0; 0; 0; 123; 78; 0; 0; 110; 0; 473; 28; 0; 0; 0; 32; 142; 0; 0; 442; 39; 0; 0; 0; 0; 0; 23; 163
1972;01; 0; 364; 98; 0; 76; 44; 198; 96; 0; 0; 0; 0; 103; 92; 95; 0; 0; 18; 0; 19; 229; 112; 776; 241; 0; 0; 121; 304; 32; 0; 0
1972;02; 16; 0; 137; 14; 0; 0; 0; 0; 232; 112; 86; 45; 42; 71; 108; 21; 102; 0; 153; 601; 232; 0; 67; 0; 0; 544; 0; 18; 0; 9999; 9999
1972;03; 0; 0; 59; 0; 0; 369; 0; 0; 36; 0; 18; 0; 0; 0; 0; 0; 0; 0; 0; 0; 0; 0; 0; 0; 0; 0; 0; 0; 0; 0; 0
1972;04; 129; 0; 255; 0; 0; 0; 0; 0; 0; 0; 0; 0; 0; 0; 18; 0; 0; 0; 0; 0; 0; 0; 0; 0; 0; 0; 0; 0; 0; 0; 9999
1972;05; 0; 0; 0; 0; 0; 0; 18; 352; 0; 0; 0; 0; 0; 0; 0; 0; 0; 0; 0; 0; 0; 0; 282; 0; 344; 0; 0; 0; 0; 0; 0
1972;06; 0; 0; 0; 0; 0; 0; 0; 0; 0; 0; 0; 0; 0; 0; 0; 0; 0; 157; 23; 0; 0; 0; 0; 0; 0; 0; 0; 0; 0; 0; 9999
1972;07; 0; 0; 0; 0; 0; 0; 0; 298; 0; 25; 0; 174; 393; 0; 121; 174; 0; 0; 0; 0; 0; 0; 24; 0; 0; 0; 122; 0; 0; 0; 0
1972;08; 0; 0; 0; 232; 86; 125; 0; 0; 0; 0; 0; 0; 165; 0; 0; 0; 0; 0; 0; 0; 0; 0; 25; 23; 24; 16; 0; 145; 22; 167; 0
1972;09; 0; 0; 0; 0; 0; 0; 0; 0; 0; 0; 242; 0; 0; 79; 0; 0; 0; 23; 0; 0; 0; 0; 149; 0; 22; 112; 0; 425; 107; 0; 9999
1972;10; 0; 299; 193; 1725; 212; 0; 0; 0; 0; 112; 583; 0; 0; 0; 171; 0; 0; 0; 0; 0; 0; 0; 0; 0; 0; 0; 0; 0; 0; 0; 0
1972;11; 0; 35; 0; 0; 0; 0; 0; 113; 19; 53; 199; 36; 0; 155; 179; 0; 18; 0; 0; 82; 0; 0; 0; 0; 69; 17; 0; 0; 0; 0; 9999
1972;12; 19; 114; 17; 63; 0; 0; 0; 0; 207; 0; 0; 0; 0; 0; 0; 0; 0; 0; 98; 0; 0; 15; 145; 0; 0; 0; 0; 151; 59; 351; 48
1973;01; 0; 0; 241; 81; 0; 0; 0; 0; 0; 77; 0; 0; 0; 41; 338; 37; 0; 0; 0; 67; 611; 34; 598; 179; 109; 35; 231; 0; 0; 0; 0
1973;02; 0; 0; 0; 69; 251; 229; 0; 0; 0; 0; 0; 0; 0; 224; 205; 46; 36; 161; 36; 0; 0; 0; 0; 0; 14; 0; 0; 0; 9999; 9999; 9999
1973;03; 0; 0; 0; 13; 0; 0; 0; 56; 14; 0; 0; 0; 0; 0; 0; 0; 0; 0; 0; 248; 13; 535; 0; 0; 0; 0; 0; 0; 0; 0; 0
1973;04; 0; 169; 0; 0; 354; 39; 0; 0; 0; 172; 0; 335; 0; 0; 0; 0; 0; 0; 75; 0; 0; 0; 0; 0; 0; 0; 0; 0; 0; 121; 9999
1973;05; 0; 0; 577; 0; 487; 121; 0; 0; 0; 82; 0; 0; 0; 0; 0; 0; 0; 0; 0; 0; 0; 411; 0; 0; 0; 0; 0; 0; 0; 0; 0
1973;06; 0; 0; 0; 0; 53; 0; 0; 0; 0; 229; 0; 0; 0; 0; 0; 0; 0; 168; 0; 0; 0; 0; 0; 0; 82; 17; 25; 0; 0; 0; 9999
1973;07; 0; 369; 182; 0; 0; 0; 0; 0; 0; 0; 0; 0; 0; 0; 0; 0; 0; 0; 0; 0; 0; 0; 146; 0; 0; 0; 0; 37; 0; 0; 0
1973;08; 0; 0; 0; 13; 159; 0; 0; 0; 0; 0; 0; 0; 0; 0; 0; 0; 0; 0; 0; 0; 0; 0; 0; 0; 0; 296; 202; 175; 0; 0; 0
1973;09; 0; 52; 0; 0; 0; 108; 0; 0; 0; 115; 0; 0; 61; 0; 0; 0; 0; 0; 0; 0; 0; 0; 0; 0; 101; 0; 188; 0; 0; 0; 9999
1973;10; 0; 0; 0; 0; 0; 0; 201; 0; 141; 52; 409; 213; 104; 0; 0; 0; 0; 0; 97; 0; 0; 0; 0; 27; 0; 0; 29; 0; 0; 0; 92
1973;11; 559; 164; 0; 0; 0; 0; 0; 0; 0; 0; 0; 0; 201; 0; 0; 0; 0; 314; 0; 0; 0; 0; 0; 0; 0; 0; 0; 0; 0; 0; 9999
1973;12; 132; 0; 0; 156; 611; 62; 76; 52; 0; 0; 0; 0; 0; 0; 0; 369; 0; 224; 63; 26; 0; 0; 0; 251; 215; 136; 32; 0; 147; 166; 92
1974;01; 53; 0; 0; 0; 0; 0; 0; 519; 123; 31; 112; 243; 143; 215; 55; 0; 263; 0; 54; 43; 52; 0; 0; 0; 0; 0; 0; 189; 0; 0; 0
1974;02; 0; 248; 121; 213; 0; 54; 0; 635; 91; 48; 0; 108; 0; 0; 0; 117; 0; 629; 31; 0; 0; 184; 0; 76; 0; 92; 0; 0; 9999; 9999; 9999
1974;03; 0; 0; 0; 0; 0; 0; 53; 0; 32; 184; 255; 26; 0; 115; 0; 0; 358; 147; 762; 8; 0; 0; 0; 52; 255; 0; 0; 0; 0; 0; 0
1974;04; 0; 35; 0; 0; 72; 219; 0; 0; 0; 71; 98; 0; 0; 0; 0; 0; 0; 0; 0; 0; 0; 0; 0; 0; 0; 131; 0; 0; 0; 0; 9999
1974;05; 0; 0; 0; 0; 0; 0; 0; 0; 0; 0; 0; 0; 61; 0; 0; 0; 0; 0; 622; 311; 0; 0; 0; 0; 0; 175; 0; 0; 0; 0; 0
1974;06; 0; 0; 313; 0; 9; 0; 0; 0; 0; 53; 0; 457; 0; 0; 0; 0; 0; 19; 28; 2; 58; 24; 0; 0; 109; 367; 9; 0; 0; 0; 9999
1974;07; 3; 0; 0; 2; 0; 0; 0; 0; 0; 0; 0; 0; 0; 0; 0; 0; 0; 0; 60; 98; 0; 0; 0; 0; 0; 0; 0; 0; 0; 0; 0
1974;08; 0; 0; 0; 0; 0; 0; 0; 0; 3; 0; 0; 0; 94; 0; 0; 0; 0; 16; 0; 0; 0; 0; 0; 0; 0; 0; 65; 11; 34; 269; 0
1974;09; 0; 0; 0; 0; 0; 6; 0; 0; 0; 0; 0; 0; 0; 0; 0; 0; 0; 0; 0; 0; 0; 0; 0; 0; 0; 0; 96; 0; 196; 0; 9999
1974;10; 0; 62; 0; 248; 91; 0; 0; 0; 1; 0; 0; 0; 0; 0; 0; 0; 52; 0; 24; 0; 0; 59; 0; 57; 579; 222; 2; 0; 366; 267; 0
1974;11; 0; 0; 0; 0; 0; 191; 0; 0; 0; 0; 0; 0; 311; 0; 0; 0; 0; 0; 0; 21; 286; 0; 0; 0; 0; 0; 41; 100; 0; 12; 9999
1974;12; 0; 62; 120; 186; 0; 1; 0; 0; 0; 0; 0; 0; 218; 0; 0; 0; 156; 221; 115; 0; 64; 223; 481; 61; 0; 0; 0; 0; 155; 738; 382
1975;01; 0; 161; 0; 0; 0; 0; 0; 0; 0; 0; 189; 188; 0; 109; 2; 366; 0; 0; 172; 0; 0; 0; 0; 0; 19; 0; 6; 0; 0; 0; 0
1975;02; 0; 311; 54; 916; 134; 0; 2; 192; 0; 131; 0; 74; 0; 0; 0; 0; 0; 0; 488; 16; 174; 0; 0; 22; 198; 154; 11; 49; 9999; 9999; 9999
1975;03; 0; 0; 175; 0; 102; 276; 90; 0; 69; 0; 0; 0; 0; 0; 112; 52; 499; 0; 0; 162; 0; 28; 0; 108; 0; 0; 0; 0; 0; 28; 0
1975;04; 0; 0; 0; 0; 0; 0; 0; 0; 0; 0; 99; 0; 0; 0; 391; 1; 0; 0; 0; 0; 0; 0; 0; 0; 0; 0; 0; 0; 0; 0; 9999
1975;05; 261; 0; 58; 0; 0; 175; 0; 0; 0; 0; 0; 0; 0; 0; 0; 0; 0; 0; 0; 0; 0; 0; 0; 0; 0; 0; 0; 0; 0; 0; 0
1975;06; 0; 0; 129; 17; 0; 0; 13; 0; 0; 0; 0; 0; 0; 0; 0; 0; 0; 0; 0; 0; 0; 0; 114; 13; 0; 0; 2; 0; 0; 0; 9999
1975;07; 22; 79; 0; 191; 2; 101; 0; 1; 1; 0; 0; 0; 0; 0; 0; 0; 355; 0; 0; 0; 0; 0; 1; 0; 0; 0; 0; 0; 0; 0; 0
1975;08; 0; 0; 0; 0; 0; 23; 31; 0; 0; 0; 0; 0; 0; 0; 0; 0; 0; 0; 0; 0; 0; 0; 0; 0; 0; 0; 0; 0; 0; 0; 0
1975;09; 0; 0; 0; 0; 0; 0; 0; 0; 0; 0; 0; 0; 0; 0; 0; 0; 0; 0; 0; 0; 0; 21; 0; 187; 0; 0; 152; 0; 0; 272; 9999
1975;10; 12; 0; 85; 384; 163; 81; 0; 168; 0; 0; 0; 116; 0; 19; 2; 0; 186; 476; 0; 82; 0; 0; 0; 0; 0; 0; 0; 0; 0; 21; 25
1975;11; 91; 32; 0; 0; 0; 381; 92; 0; 0; 452; 0; 0; 0; 0; 0; 12; 104; 200; 0; 0; 152; 0; 41; 0; 156; 125; 0; 0; 0; 315; 9999
1975;12; 651; 0; 0; 0; 0; 2; 172; 0; 0; 13; 0; 276; 0; 41; 0; 0; 0; 0; 0; 129; 0; 0; 183; 112; 0; 0; 0; 71; 0; 201; 21
1976;01; 35; 0; 116; 0; 468; 217; 0; 72; 269; 21; 0; 63; 522; 0; 0; 0; 0; 0; 0; 0; 182; 103; 0; 0; 0; 0; 52; 412; 0; 0; 0
1976;02; 368; 162; 137; 21; 0; 366; 12; 0; 396; 179; 0; 0; 0; 0; 0; 59; 86; 112; 285; 312; 211; 152; 255; 0; 0; 0; 13; 0; 0; 9999; 9999
1976;03; 0; 21; 34; 22; 0; 0; 0; 354; 0; 32; 0; 0; 31; 35; 0; 0; 11; 97; 0; 0; 0; 0; 0; 0; 0; 46; 0; 0; 0; 0; 0
1976;04; 0; 0; 0; 0; 0; 0; 0; 0; 0; 297; 244; 0; 0; 0; 0; 0; 0; 0; 39; 0; 279; 0; 72; 0; 0; 0; 0; 0; 0; 0; 9999
1976;05; 0; 0; 0; 0; 0; 0; 0; 41; 0; 131; 24; 29; 13; 0; 0; 0; 23; 0; 74; 42; 15; 0; 0; 0; 0; 0; 0; 231; 484; 0; 0
1976;06; 0; 1; 0; 0; 34; 658; 0; 0; 0; 0; 11; 0; 12; 16; 0; 0; 0; 0; 0; 0; 0; 0; 0; 0; 0; 0; 0; 0; 0; 0; 9999
1976;07; 31; 28; 344; 0; 0; 0; 11; 149; 174; 152; 0; 0; 0; 0; 34; 0; 0; 0; 0; 0; 0; 0; 0; 0; 0; 0; 0; 0; 0; 0; 0
1976;08; 0; 0; 0; 0; 130; 122; 0; 0; 13; 121; 12; 138; 335; 400; 0; 0; 0; 0; 326; 19; 0; 0; 0; 0; 0; 0; 0; 0; 0; 0; 0
1976;09; 0; 0; 0; 0; 202; 98; 282; 291; 0; 0; 0; 0; 28; 31; 52; 285; 0; 0; 0; 0; 0; 0; 0; 0; 0; 0; 195; 0; 0; 0; 9999
1976;10; 0; 0; 0; 0; 421; 0; 0; 0; 223; 4; 0; 0; 0; 0; 0; 0; 0; 176; 364; 0; 0; 0; 0; 0; 21; 47; 0; 0; 0; 0; 0
1976;11; 59; 0; 0; 63; 65; 399; 0; 0; 0; 0; 0; 0; 32; 85; 0; 0; 0; 0; 0; 571; 121; 0; 0; 0; 0; 51; 0; 3; 0; 0; 9999
1976;12; 238; 384; 0; 0; 0; 32; 0; 23; 308; 0; 0; 0; 0; 0; 136; 468; 21; 0; 0; 0; 12; 0; 167; 2; 0; 62; 496; 25; 0; 0; 0
1977;01; 23; 0; 0; 2; 274; 467; 0; 119; 423; 205; 0; 0; 0; 0; 78; 31; 568; 391; 38; 94; 0; 0; 0; 0; 0; 0; 12; 24; 25; 0; 0
1977;02; 0; 121; 22; 0; 0; 62; 0; 383; 0; 47; 15; 0; 0; 0; 66; 0; 0; 0; 0; 0; 0; 182; 368; 43; 0; 0; 0; 31; 9999; 9999; 9999
1977;03; 0; 0; 84; 0; 251; 0; 0; 118; 0; 0; 0; 0; 0; 0; 0; 0; 0; 0; 0; 0; 94; 0; 0; 0; 101; 0; 31; 0; 465; 111; 115
1977;04; 170; 0; 0; 43; 0; 0; 0; 0; 519; 96; 0; 0; 0; 0; 0; 0; 0; 95; 0; 295; 0; 0; 0; 0; 0; 1; 0; 30; 0; 0; 9999
1977;05; 0; 0; 0; 0; 0; 0; 0; 0; 3; 0; 12; 0; 0; 0; 0; 0; 13; 0; 0; 0; 0; 0; 0; 0; 0; 0; 0; 0; 0; 89; 0
1977;06; 77; 0; 0; 170; 0; 0; 2; 0; 0; 0; 0; 0; 0; 0; 21; 249; 23; 0; 0; 0; 0; 205; 15; 0; 123; 0; 0; 0; 0; 0; 9999
1977;07; 0; 0; 0; 0; 0; 0; 0; 0; 0; 0; 0; 0; 0; 0; 0; 56; 0; 0; 0; 0; 0; 0; 0; 0; 38; 0; 0; 0; 0; 0; 0
1977;08; 0; 0; 0; 0; 0; 0; 0; 0; 0; 0; 0; 0; 0; 9; 0; 0; 0; 3; 0; 0; 0; 0; 0; 0; 43; 0; 0; 0; 0; 145; 21
1977;09; 0; 83; 0; 0; 0; 0; 24; 110; 0; 0; 0; 0; 0; 0; 0; 0; 0; 200; 112; 0; 121; 0; 0; 0; 0; 0; 0; 0; 0; 0; 9999
1977;10; 0; 97; 0; 0; 0; 0; 0; 0; 0; 0; 0; 0; 0; 0; 31; 12; 114; 12; 0; 0; 0; 0; 0; 6; 0; 208; 9; 175; 0; 0; 0
1977;11; 63; 314; 0; 54; 0; 193; 236; 0; 162; 2; 0; 6; 0; 0; 18; 34; 0; 0; 0; 0; 69; 0; 67; 46; 36; 0; 0; 367; 5; 0; 9999
1977;12; 0; 52; 482; 81; 232; 433; 96; 108; 37; 169; 19; 0; 0; 0; 0; 0; 0; 0; 0; 114; 67; 261; 29; 0; 0; 0; 0; 0; 0; 0; 0
1978;01; 0; 453; 0; 0; 0; 0; 146; 0; 0; 280; 0; 0; 0; 0; 0; 348; 0; 93; 0; 0; 0; 0; 0; 0; 0; 0; 0; 0; 0; 2; 0
1978;02; 0; 0; 0; 0; 0; 6; 0; 0; 0; 0; 0; 55; 0; 0; 0; 0; 0; 4; 0; 249; 180; 7; 0; 0; 0; 0; 0; 0; 9999; 9999; 9999
1978;03; 0; 60; 1552; 106; 0; 0; 0; 0; 0; 97; 516; 0; 141; 5; 0; 0; 0; 0; 0; 0; 0; 0; 0; 0; 0; 0; 0; 0; 192; 0; 0
1978;04; 24; 0; 0; 0; 0; 0; 0; 0; 0; 0; 0; 0; 0; 0; 0; 0; 0; 0; 0; 0; 0; 0; 0; 0; 0; 0; 0; 0; 0; 0; 9999
1978;05; 0; 0; 0; 0; 0; 0; 0; 0; 0; 0; 0; 0; 0; 0; 0; 92; 679; 98; 1; 0; 427; 28; 1; 0; 0; 0; 0; 0; 0; 62; 0
1978;06; 0; 0; 0; 0; 0; 0; 0; 0; 38; 0; 0; 0; 0; 0; 0; 0; 0; 0; 0; 0; 0; 26; 0; 0; 0; 0; 0; 0; 0; 0; 9999
1978;07; 0; 0; 0; 0; 0; 0; 0; 0; 0; 0; 0; 0; 0; 0; 24; 487; 0; 194; 0; 395; 183; 98; 0; 31; 0; 0; 0; 0; 0; 0; 0
1978;08; 0; 0; 0; 0; 0; 0; 0; 0; 0; 0; 0; 0; 0; 0; 0; 0; 0; 0; 0; 0; 54; 0; 0; 0; 0; 0; 0; 0; 0; 0; 0
1978;09; 21; 0; 0; 0; 154; 253; 0; 302; 0; 0; 0; 0; 0; 153; 121; 0; 85; 0; 0; 0; 282; 0; 0; 0; 0; 0; 0; 0; 0; 0; 9999
1978;10; 0; 0; 0; 0; 0; 0; 0; 0; 0; 0; 34; 0; 0; 52; 0; 0; 0; 0; 246; 11; 0; 0; 0; 0; 0; 0; 0; 0; 0; 12; 0
1978;11; 8; 0; 0; 132; 52; 0; 0; 0; 0; 0; 111; 150; 0; 0; 0; 62; 0; 0; 0; 0; 200; 74; 0; 0; 0; 0; 0; 6; 0; 0; 9999
1978;12; 0; 0; 0; 0; 0; 36; 158; 24; 0; 0; 0; 0; 0; 0; 15; 218; 0; 0; 0; 0; 0; 0; 0; 231; 55; 194; 418; 0; 0; 0; 0
1979;01; 25; 14; 51; 81; 18; 0; 0; 0; 0; 0; 0; 0; 0; 0; 0; 0; 0; 0; 0; 0; 0; 0; 0; 0; 0; 17; 23; 213; 12; 151; 0
1979;02; 0; 0; 0; 0; 0; 0; 0; 0; 146; 0; 352; 118; 582; 45; 0; 0; 0; 0; 0; 0; 0; 0; 0; 79; 0; 0; 0; 557; 9999; 9999; 9999
1979;03; 0; 0; 0; 0; 0; 0; 0; 0; 42; 35; 0; 279; 14; 68; 0; 0; 0; 0; 0; 0; 0; 0; 0; 0; 0; 0; 0; 0; 0; 0; 0
1979;04; 0; 0; 0; 82; 212; 23; 0; 0; 0; 0; 0; 0; 0; 0; 0; 0; 0; 0; 0; 0; 0; 0; 0; 0; 0; 0; 0; 0; 0; 128; 9999
1979;05; 0; 0; 3; 461; 57; 31; 58; 0; 134; 78; 0; 0; 0; 0; 386; 0; 0; 0; 0; 0; 0; 0; 0; 0; 0; 0; 0; 0; 0; 239; 0
1979;06; 0; 0; 0; 0; 0; 0; 0; 0; 0; 0; 0; 0; 0; 0; 0; 0; 0; 0; 0; 0; 0; 0; 0; 0; 0; 0; 0; 0; 0; 0; 9999
1979;07; 0; 0; 234; 0; 0; 0; 0; 0; 31; 12; 0; 0; 0; 0; 0; 0; 0; 0; 0; 148; 0; 0; 0; 8; 0; 162; 0; 0; 0; 0; 0
1979;08; 0; 0; 0; 0; 0; 0; 0; 0; 0; 0; 0; 6; 0; 0; 0; 0; 0; 314; 63; 0; 0; 0; 0; 0; 0; 0; 82; 0; 0; 0; 0
1979;09; 0; 0; 0; 28; 0; 0; 0; 0; 0; 59; 61; 0; 0; 472; 0; 168; 21; 145; 2; 0; 0; 0; 435; 0; 0; 0; 0; 0; 0; 0; 9999
1979;10; 77; 0; 23; 0; 0; 0; 0; 83; 105; 0; 0; 0; 0; 165; 0; 0; 0; 0; 0; 0; 0; 0; 0; 0; 0; 274; 12; 0; 17; 0; 282
1979;11; 0; 0; 0; 0; 0; 0; 0; 201; 302; 34; 0; 0; 0; 0; 0; 0; 0; 0; 113; 0; 0; 0; 333; 0; 0; 113; 0; 0; 0; 0; 9999
1979;12; 0; 0; 156; 0; 111; 0; 0; 0; 0; 289; 236; 0; 74; 176; 92; 86; 0; 0; 0; 0; 0; 21; 0; 0; 0; 0; 0; 0; 0; 0; 251
1980;01; 0; 0; 0; 0; 0; 0; 53; 2; 0; 0; 0; 0; 0; 0; 0; 0; 0; 0; 116; 41; 81; 3; 333; 21; 593; 64; 325; 0; 0; 0; 0
1980;02; 91; 0; 0; 0; 0; 0; 0; 0; 0; 169; 191; 72; 34; 0; 0; 3; 0; 86; 223; 0; 0; 0; 363; 0; 388; 148; 467; 665; 64; 9999; 9999
1980;03; 0; 0; 0; 0; 0; 0; 0; 0; 31; 0; 0; 32; 0; 502; 0; 236; 0; 0; 268; 0; 0; 0; 0; 0; 0; 0; 0; 0; 0; 186; 0
1980;04; 0; 0; 0; 102; 121; 0; 0; 0; 0; 3; 0; 0; 198; 847; 87; 0; 0; 0; 0; 0; 0; 0; 0; 0; 0; 0; 0; 0; 0; 0; 9999
1980;05; 0; 35; 0; 0; 0; 0; 0; 0; 0; 0; 0; 222; 0; 0; 0; 0; 0; 0; 0; 32; 26; 295; 0; 0; 0; 0; 0; 0; 0; 0; 0
1980;06; 0; 0; 36; 0; 0; 0; 0; 0; 0; 0; 0; 0; 0; 46; 0; 0; 0; 0; 0; 0; 0; 31; 0; 0; 131; 371; 92; 0; 0; 0; 9999
1980;07; 0; 51; 45; 0; 0; 0; 0; 0; 0; 0; 0; 0; 0; 0; 0; 0; 0; 0; 0; 0; 0; 0; 0; 0; 0; 0; 0; 0; 0; 0; 57
1980;08; 0; 0; 0; 0; 0; 93; 0; 0; 62; 0; 154; 0; 0; 0; 0; 0; 0; 0; 0; 0; 0; 0; 35; 0; 0; 98; 0; 0; 0; 0; 0
1980;09; 0; 0; 3; 0; 0; 0; 0; 0; 182; 0; 0; 0; 63; 158; 272; 0; 0; 71; 158; 154; 102; 201; 0; 0; 0; 0; 0; 108; 0; 0; 9999
1980;10; 0; 0; 0; 0; 0; 0; 0; 41; 62; 0; 0; 832; 0; 0; 0; 0; 0; 0; 0; 0; 0; 0; 100; 0; 0; 0; 0; 121; 0; 0; 60
1980;11; 0; 0; 0; 0; 473; 0; 353; 92; 221; 0; 0; 0; 0; 0; 0; 0; 0; 0; 0; 112; 0; 0; 42; 0; 44; 0; 0; 0; 193; 138; 9999
1980;12; 52; 189; 14; 65; 3; 0; 0; 0; 94; 0; 0; 25; 0; 0; 0; 0; 0; 0; 276; 0; 0; 292; 352; 0; 83; 95; 394; 101; 32; 0; 0
1981;01; 0; 0; 0; 5; 0; 8; 16; 172; 52; 0; 21; 11; 59; 243; 148; 0; 0; 86; 62; 41; 471; 2; 0; 18; 0; 148; 0; 0; 0; 163; 0
1981;02; 12; 0; 6; 69; 0; 175; 0; 0; 0; 0; 0; 267; 0; 5; 0; 0; 0; 0; 0; 470; 425; 0; 113; 0; 0; 0; 0; 0; 9999; 9999; 9999
1981;03; 0; 0; 0; 93; 169; 0; 0; 0; 0; 0; 0; 0; 0; 0; 0; 0; 876; 13; 0; 0; 0; 0; 0; 0; 0; 0; 0; 22; 0; 0; 0
1981;04; 0; 0; 0; 0; 0; 5; 8; 0; 0; 0; 0; 0; 0; 0; 0; 162; 0; 0; 0; 0; 0; 0; 195; 158; 0; 0; 51; 695; 0; 0; 9999
1981;05; 0; 0; 93; 0; 0; 0; 0; 0; 0; 0; 0; 0; 0; 0; 0; 0; 0; 0; 0; 0; 0; 0; 0; 0; 0; 0; 0; 0; 0; 0; 0
1981;06; 0; 0; 67; 0; 0; 118; 149; 12; 0; 0; 0; 113; 0; 0; 0; 468; 82; 0; 0; 0; 0; 0; 0; 0; 0; 0; 0; 0; 0; 0; 9999
1981;07; 0; 0; 58; 0; 0; 0; 0; 0; 0; 0; 0; 0; 0; 0; 0; 0; 0; 0; 43; 0; 0; 0; 36; 8; 0; 0; 0; 0; 0; 0; 0
1981;08; 0; 0; 0; 0; 0; 0; 0; 0; 0; 0; 22; 41; 0; 0; 0; 0; 0; 0; 0; 0; 0; 0; 0; 0; 0; 0; 0; 0; 0; 0; 0
1981;09; 0; 0; 0; 0; 0; 0; 0; 0; 0; 0; 0; 0; 0; 0; 0; 0; 0; 0; 0; 43; 0; 32; 0; 0; 0; 52; 0; 0; 0; 0; 9999
1981;10; 0; 0; 0; 0; 402; 146; 171; 82; 0; 0; 162; 105; 30; 0; 0; 238; 0; 0; 35; 253; 0; 0; 0; 0; 0; 166; 254; 105; 0; 0; 0
1981;11; 0; 106; 0; 122; 0; 0; 0; 0; 62; 352; 0; 0; 0; 0; 0; 0; 0; 0; 410; 109; 0; 0; 0; 0; 0; 0; 0; 0; 0; 221; 9999
1981;12; 125; 315; 0; 0; 0; 51; 314; 0; 39; 0; 0; 0; 0; 0; 56; 0; 12; 0; 0; 0; 149; 225; 13; 248; 0; 0; 106; 0; 0; 0; 0
1982;01; 123; 0; 42; 36; 0; 0; 0; 102; 0; 42; 131; 134; 0; 0; 0; 0; 0; 0; 0; 0; 0; 36; 421; 0; 0; 0; 0; 225; 0; 52; 301
1982;02; 72; 145; 92; 28; 229; 21; 0; 4; 25; 221; 0; 0; 0; 0; 0; 0; 51; 97; 0; 0; 0; 162; 0; 21; 6; 145; 0; 0; 9999; 9999; 9999
1982;03; 21; 85; 0; 0; 0; 0; 0; 0; 0; 6; 83; 3; 0; 0; 43; 87; 32; 403; 21; 0; 0; 223; 21; 0; 0; 1; 0; 0; 0; 0; 0
1982;04; 0; 0; 0; 0; 31; 0; 0; 0; 0; 0; 0; 0; 253; 0; 5; 0; 0; 0; 0; 0; 0; 0; 48; 0; 0; 0; 0; 0; 0; 0; 9999
1982;05; 0; 0; 0; 0; 0; 0; 0; 0; 0; 0; 0; 0; 0; 0; 0; 0; 0; 0; 42; 18; 0; 0; 86; 253; 352; 21; 0; 0; 0; 0; 0
1982;06; 0; 0; 0; 0; 25; 12; 0; 0; 0; 0; 208; 263; 251; 0; 0; 32; 0; 0; 0; 0; 180; 388; 85; 3; 222; 132; 0; 0; 113; 0; 9999
1982;07; 86; 0; 0; 0; 0; 0; 0; 0; 0; 0; 0; 0; 398; 0; 0; 0; 122; 586; 124; 0; 0; 0; 0; 0; 0; 0; 0; 0; 0; 52; 0
1982;08; 0; 0; 0; 102; 18; 0; 0; 0; 21; 22; 31; 0; 0; 0; 0; 0; 0; 0; 34; 0; 0; 0; 86; 0; 0; 0; 0; 0; 0; 0; 0
1982;09; 0; 0; 0; 0; 0; 36; 0; 0; 0; 0; 0; 0; 0; 0; 0; 0; 36; 0; 25; 0; 0; 8; 0; 0; 0; 0; 0; 115; 0; 0; 9999
1982;10; 0; 302; 0; 0; 0; 0; 0; 271; 0; 0; 165; 0; 778; 0; 0; 0; 0; 173; 0; 0; 0; 282; 0; 21; 32; 0; 0; 0; 0; 0; 0
1982;11; 0; 0; 0; 5; 68; 0; 183; 28; 52; 0; 28; 602; 0; 0; 0; 223; 2; 0; 0; 0; 289; 35; 245; 378; 0; 508; 423; 58; 221; 0; 9999
1982;12; 5; 105; 272; 0; 0; 58; 95; 0; 0; 0; 0; 0; 206; 122; 223; 101; 183; 201; 0; 0; 425; 756; 168; 0; 0; 0; 0; 284; 52; 0; 0
1983;01; 206; 51; 0; 0; 286; 0; 0; 195; 0; 0; 52; 0; 38; 1; 32; 276; 203; 221; 307; 150; 16; 0; 0; 0; 0; 0; 0; 21; 0; 0; 717
1983;02; 35; 0; 0; 0; 0; 0; 0; 0; 0; 12; 198; 0; 0; 94; 101; 0; 0; 0; 0; 0; 0; 0; 3; 12; 0; 0; 0; 96; 9999; 9999; 9999
1983;03; 0; 0; 452; 358; 802; 513; 0; 0; 0; 0; 0; 0; 304; 102; 0; 0; 0; 0; 0; 0; 0; 0; 0; 0; 0; 0; 0; 105; 0; 0; 0
1983;04; 0; 0; 0; 51; 34; 28; 82; 0; 0; 0; 0; 188; 0; 0; 8; 0; 23; 3; 0; 81; 0; 0; 0; 31; 103; 201; 0; 0; 0; 0; 9999
1983;05; 0; 0; 0; 0; 0; 0; 0; 0; 0; 0; 0; 0; 0; 0; 0; 0; 101; 182; 0; 453; 0; 0; 0; 108; 123; 0; 0; 0; 0; 883; 1058
1983;06; 0; 102; 258; 321; 382; 405; 522; 0; 6; 107; 0; 31; 0; 0; 0; 0; 0; 0; 0; 0; 0; 0; 0; 0; 48; 0; 0; 113; 0; 0; 9999
1983;07; 0; 0; 0; 0; 0; 0; 0; 0; 0; 0; 0; 0; 0; 0; 0; 0; 5; 0; 0; 0; 0; 0; 0; 0; 0; 0; 0; 0; 0; 0; 0
1983;08; 0; 0; 0; 0; 0; 0; 0; 0; 0; 0; 0; 0; 0; 0; 0; 0; 0; 0; 0; 0; 0; 0; 0; 0; 0; 0; 0; 0; 0; 0; 0
1983;09; 0; 0; 21; 0; 172; 252; 351; 223; 0; 0; 32; 0; 0; 0; 0; 52; 321; 243; 102; 0; 0; 0; 0; 32; 0; 0; 0; 0; 0; 0; 9999
1983;10; 0; 152; 0; 0; 0; 123; 0; 0; 0; 0; 0; 0; 0; 52; 0; 0; 0; 88; 0; 0; 0; 0; 364; 0; 0; 0; 0; 0; 0; 0; 185
1983;11; 152; 0; 103; 51; 0; 0; 0; 0; 0; 92; 35; 0; 253; 0; 0; 0; 0; 0; 102; 865; 0; 282; 0; 0; 0; 0; 0; 0; 0; 0; 9999
1983;12; 258; 283; 0; 0; 0; 0; 0; 0; 0; 0; 258; 0; 0; 56; 0; 0; 0; 152; 181; 354; 0; 0; 0; 0; 0; 0; 183; 328; 0; 252; 121
1984;01; 0; 228; 0; 0; 152; 0; 0; 0; 60; 0; 0; 223; 0; 0; 0; 0; 0; 0; 0; 0; 0; 41; 0; 0; 0; 0; 123; 0; 452; 157; 0
1984;02; 87; 0; 0; 0; 21; 0; 0; 0; 329; 45; 65; 0; 0; 0; 0; 0; 0; 21; 0; 23; 0; 13; 0; 0; 0; 16; 0; 0; 0; 9999; 9999
1984;03; 21; 0; 0; 0; 21; 0; 32; 3; 321; 0; 0; 0; 0; 0; 0; 0; 0; 0; 0; 51; 0; 0; 0; 0; 0; 0; 183; 0; 0; 409; 2
1984;04; 0; 0; 0; 2; 0; 0; 0; 0; 0; 0; 0; 0; 0; 58; 619; 0; 0; 0; 0; 0; 0; 0; 0; 32; 0; 0; 0; 0; 0; 82; 9999
1984;05; 0; 133; 0; 0; 0; 0; 0; 0; 0; 0; 0; 0; 115; 52; 21; 0; 0; 0; 0; 0; 0; 0; 0; 0; 0; 0; 0; 0; 0; 0; 0
1984;06; 0; 0; 0; 0; 0; 0; 0; 0; 0; 0; 0; 0; 0; 0; 0; 0; 0; 0; 0; 0; 0; 0; 0; 0; 0; 0; 0; 0; 0; 0; 9999
1984;07; 0; 0; 0; 2; 0; 0; 0; 0; 0; 0; 0; 0; 0; 0; 0; 0; 0; 0; 0; 0; 0; 0; 0; 0; 0; 0; 0; 15; 0; 0; 0
1984;08; 0; 0; 235; 0; 0; 0; 0; 0; 0; 0; 0; 0; 0; 0; 0; 0; 0; 0; 0; 107; 43; 223; 0; 0; 0; 5; 0; 0; 0; 0; 0
1984;09; 0; 0; 0; 0; 0; 0; 0; 0; 58; 0; 0; 0; 0; 0; 0; 0; 188; 0; 0; 0; 535; 0; 0; 0; 0; 0; 188; 0; 0; 0; 9999
1984;10; 0; 0; 0; 0; 0; 0; 0; 81; 0; 0; 0; 0; 0; 0; 0; 0; 0; 93; 58; 0; 0; 0; 0; 0; 38; 0; 0; 0; 0; 0; 0
1984;11; 0; 0; 85; 409; 0; 0; 23; 0; 0; 53; 0; 325; 0; 0; 0; 0; 0; 0; 0; 38; 256; 0; 0; 0; 0; 0; 68; 0; 0; 0; 9999
1984;12; 382; 364; 0; 0; 0; 383; 141; 0; 0; 0; 0; 213; 421; 334; 0; 0; 0; 0; 0; 0; 0; 0; 0; 0; 0; 0; 0; 0; 58; 0; 253
1985;01; 0; 0; 0; 32; 0; 0; 655; 1554; 255; 0; 0; 0; 0; 0; 0; 52; 0; 0; 0; 0; 0; 98; 23; 0; 0; 86; 0; 0; 0; 0; 0
1985;02; 0; 82; 0; 0; 0; 0; 0; 0; 223; 0; 102; 113; 28; 0; 0; 0; 0; 16; 152; 0; 302; 0; 52; 0; 0; 114; 109; 0; 9999; 9999; 9999
1985;03; 0; 0; 0; 142; 72; 35; 62; 0; 68; 0; 52; 0; 0; 0; 0; 164; 153; 0; 0; 0; 312; 0; 0; 0; 0; 0; 0; 23; 202; 0; 0
1985;04; 102; 0; 0; 0; 0; 306; 0; 153; 0; 0; 285; 0; 0; 0; 0; 302; 0; 508; 0; 0; 0; 0; 0; 0; 0; 0; 0; 0; 388; 105; 9999
1985;05; 0; 0; 0; 0; 0; 0; 0; 0; 0; 152; 0; 0; 0; 0; 0; 0; 0; 0; 0; 0; 185; 741; 0; 0; 0; 0; 0; 0; 0; 0; 0
1985;06; 0; 0; 288; 0; 0; 0; 0; 0; 0; 0; 0; 0; 0; 0; 0; 0; 0; 0; 0; 0; 0; 0; 0; 0; 0; 0; 0; 0; 0; 0; 9999
1985;07; 0; 85; 104; 0; 0; 208; 0; 0; 0; 0; 0; 0; 0; 0; 0; 0; 0; 0; 0; 0; 0; 0; 0; 0; 0; 0; 0; 0; 0; 0; 0
1985;08; 0; 0; 0; 0; 0; 0; 0; 0; 0; 0; 0; 0; 0; 0; 0; 0; 0; 0; 0; 0; 0; 32; 0; 0; 0; 0; 0; 0; 0; 0; 0
1985;09; 108; 0; 0; 31; 0; 0; 0; 0; 0; 0; 0; 0; 0; 0; 0; 0; 0; 0; 0; 0; 0; 0; 0; 0; 0; 0; 0; 0; 0; 0; 9999
1985;10; 0; 0; 0; 0; 0; 0; 0; 84; 0; 0; 0; 0; 0; 0; 0; 0; 0; 0; 0; 0; 3; 0; 0; 0; 77; 0; 0; 0; 0; 0; 0
1985;11; 0; 54; 262; 64; 0; 0; 0; 51; 0; 0; 0; 0; 0; 0; 0; 0; 0; 0; 0; 0; 32; 45; 0; 921; 56; 32; 199; 0; 0; 0; 9999
1985;12; 0; 0; 0; 310; 0; 0; 0; 0; 0; 0; 0; 0; 80; 0; 0; 0; 61; 0; 0; 0; 201; 158; 0; 0; 0; 0; 0; 0; 60; 0; 0
1986;01; 21; 0; 0; 386; 0; 0; 0; 0; 0; 0; 0; 261; 186; 0; 1; 0; 0; 0; 0; 0; 23; 0; 663; 22; 0; 0; 0; 0; 0; 0; 0
1986;02; 1; 0; 5; 0; 0; 0; 0; 0; 205; 108; 8; 301; 62; 1; 102; 205; 251; 0; 105; 421; 0; 325; 0; 0; 0; 186; 0; 0; 9999; 9999; 9999
1986;03; 0; 112; 51; 0; 105; 0; 328; 0; 0; 0; 0; 0; 182; 0; 0; 0; 32; 0; 54; 0; 0; 0; 0; 56; 0; 0; 0; 0; 0; 152; 31
1986;04; 0; 0; 0; 0; 0; 0; 188; 0; 0; 0; 0; 0; 0; 0; 101; 0; 0; 0; 0; 0; 792; 413; 52; 0; 0; 0; 0; 0; 0; 0; 9999
1986;05; 0; 0; 0; 0; 0; 0; 0; 8; 0; 52; 105; 0; 416; 0; 0; 0; 0; 132; 58; 0; 32; 1; 0; 0; 0; 0; 0; 123; 242; 52; 125
1986;06; 0; 0; 0; 0; 0; 0; 1; 0; 0; 0; 0; 0; 0; 0; 0; 0; 0; 0; 0; 0; 0; 0; 0; 0; 0; 0; 0; 0; 0; 0; 9999
1986;07; 21; 0; 0; 0; 101; 0; 0; 0; 0; 0; 0; 0; 0; 0; 0; 0; 0; 0; 0; 0; 3; 0; 102; 0; 0; 0; 0; 0; 0; 0; 35
1986;08; 0; 0; 0; 0; 0; 0; 0; 0; 0; 0; 0; 38; 0; 225; 258; 102; 61; 24; 2; 0; 0; 458; 311; 0; 8; 0; 0; 0; 0; 0; 0
1986;09; 0; 0; 0; 0; 0; 0; 0; 0; 0; 0; 0; 0; 0; 0; 0; 0; 0; 0; 101; 0; 0; 0; 0; 0; 401; 131; 0; 0; 331; 0; 9999
1986;10; 0; 0; 0; 0; 0; 0; 0; 0; 0; 85; 0; 0; 0; 0; 0; 0; 0; 71; 135; 33; 41; 0; 0; 0; 0; 0; 0; 0; 0; 105; 0
1986;11; 0; 0; 181; 0; 0; 0; 0; 0; 0; 385; 241; 0; 0; 0; 0; 0; 0; 0; 0; 0; 0; 0; 0; 0; 0; 0; 0; 0; 152; 0; 9999
1986;12; 258; 334; 52; 101; 82; 0; 184; 258; 425; 0; 0; 0; 452; 0; 21; 0; 0; 151; 123; 0; 0; 52; 0; 0; 151; 0; 0; 0; 181; 0; 0
1987;01; 152; 0; 32; 0; 0; 183; 0; 0; 0; 0; 0; 0; 82; 58; 0; 255; 0; 0; 0; 0; 0; 0; 0; 0; 383; 52; 21; 0; 0; 62; 98
1987;02; 154; 86; 41; 52; 0; 0; 0; 21; 0; 0; 0; 0; 0; 22; 41; 0; 302; 111; 305; 102; 145; 0; 0; 25; 0; 42; 0; 0; 9999; 9999; 9999
1987;03; 452; 101; 0; 0; 0; 0; 0; 0; 0; 0; 0; 0; 0; 0; 0; 0; 0; 51; 0; 0; 0; 0; 0; 0; 0; 0; 0; 325; 108; 0; 0
1987;04; 0; 0; 52; 0; 0; 0; 0; 0; 0; 163; 0; 0; 0; 0; 0; 25; 0; 0; 0; 0; 0; 0; 0; 0; 0; 0; 0; 0; 0; 2; 9999
1987;05; 0; 0; 0; 0; 161; 382; 0; 84; 0; 0; 26; 18; 0; 0; 502; 455; 386; 411; 0; 102; 51; 0; 0; 0; 0; 0; 0; 0; 0; 0; 0
1987;06; 0; 0; 0; 0; 0; 0; 0; 0; 0; 0; 0; 0; 282; 158; 352; 95; 0; 0; 0; 0; 0; 0; 446; 0; 0; 0; 0; 0; 0; 0; 9999
1987;07; 0; 0; 0; 0; 0; 0; 0; 0; 231; 0; 0; 0; 0; 0; 0; 0; 0; 0; 0; 0; 0; 0; 0; 0; 0; 0; 0; 0; 0; 0; 0
1987;08; 3; 0; 0; 0; 0; 0; 41; 0; 0; 0; 0; 0; 0; 0; 0; 0; 12; 0; 0; 0; 0; 0; 0; 0; 0; 0; 0; 0; 0; 0; 0
1987;09; 0; 52; 0; 0; 0; 0; 42; 0; 0; 0; 0; 61; 0; 0; 0; 3; 0; 163; 0; 0; 53; 141; 27; 0; 0; 0; 0; 55; 0; 0; 9999
1987;10; 52; 213; 0; 0; 0; 0; 0; 0; 0; 0; 0; 0; 0; 12; 0; 0; 0; 0; 83; 322; 12; 25; 0; 0; 26; 0; 1; 0; 0; 0; 0
1987;11; 0; 0; 0; 0; 0; 467; 518; 0; 0; 432; 0; 0; 0; 441; 0; 0; 0; 0; 0; 0; 0; 0; 0; 0; 166; 0; 0; 0; 0; 0; 9999
1987;12; 60; 0; 68; 105; 0; 0; 0; 0; 198; 0; 0; 0; 295; 0; 0; 256; 0; 0; 216; 0; 0; 0; 0; 0; 0; 0; 0; 232; 0; 0; 0
1988;01; 21; 0; 0; 0; 0; 101; 423; 12; 0; 0; 0; 0; 0; 0; 0; 0; 272; 0; 0; 0; 0; 0; 0; 0; 78; 18; 0; 41; 0; 0; 60
1988;02; 123; 52; 0; 0; 0; 0; 0; 23; 0; 302; 38; 0; 0; 0; 0; 0; 0; 0; 0; 0; 314; 0; 0; 0; 46; 155; 0; 205; 68; 9999; 9999
1988;03; 0; 213; 252; 0; 78; 0; 0; 0; 0; 0; 0; 0; 0; 0; 0; 158; 164; 181; 0; 0; 0; 0; 0; 0; 0; 0; 0; 0; 0; 171; 0
1988;04; 29; 21; 0; 0; 35; 0; 0; 465; 0; 0; 0; 0; 321; 105; 0; 0; 0; 0; 28; 5; 122; 0; 0; 0; 0; 51; 0; 0; 0; 0; 9999
1988;05; 0; 0; 101; 22; 52; 0; 0; 0; 0; 0; 0; 0; 0; 88; 0; 0; 125; 311; 0; 0; 198; 0; 0; 98; 0; 0; 0; 0; 0; 108; 281
1988;06; 0; 0; 13; 101; 0; 0; 0; 0; 0; 0; 0; 0; 0; 131; 0; 0; 0; 0; 0; 31; 0; 0; 0; 0; 52; 0; 0; 0; 0; 0; 9999
1988;07; 0; 0; 0; 0; 0; 0; 0; 0; 0; 0; 0; 0; 0; 0; 0; 0; 0; 0; 0; 0; 0; 0; 0; 0; 0; 0; 0; 0; 0; 0; 0
1988;08; 0; 0; 0; 0; 0; 0; 0; 0; 0; 0; 0; 0; 0; 0; 0; 0; 0; 0; 0; 0; 0; 0; 0; 0; 0; 0; 0; 0; 0; 0; 0
1988;09; 0; 0; 0; 0; 0; 0; 0; 0; 0; 0; 0; 0; 0; 0; 167; 112; 55; 0; 0; 0; 0; 0; 0; 0; 0; 0; 0; 0; 0; 4; 9999
1988;10; 0; 0; 0; 0; 0; 0; 0; 0; 0; 0; 0; 440; 0; 0; 0; 0; 0; 0; 0; 321; 136; 0; 486; 201; 0; 845; 82; 0; 0; 671; 0
1988;11; 175; 0; 0; 0; 0; 0; 0; 0; 0; 0; 0; 0; 185; 102; 0; 0; 0; 0; 0; 8; 0; 35; 0; 0; 0; 0; 0; 0; 0; 0; 9999
1988;12; 0; 0; 0; 0; 0; 0; 0; 0; 0; 0; 0; 0; 0; 93; 0; 0; 0; 0; 0; 0; 0; 0; 0; 62; 151; 562; 25; 112; 29; 31; 758
1989;01; 391; 0; 36; 37; 21; 124; 51; 0; 0; 0; 415; 52; 59; 0; 378; 79; 0; 0; 0; 0; 0; 0; 0; 0; 64; 0; 94; 0; 443; 35; 134
1989;02; 0; 0; 25; 123; 21; 44; 0; 0; 13; 0; 65; 87; 0; 0; 161; 0; 54; 287; 0; 0; 0; 0; 0; 0; 0; 0; 0; 0; 9999; 9999; 9999
1989;03; 0; 0; 0; 0; 0; 0; 0; 0; 0; 0; 0; 0; 32; 0; 0; 0; 0; 0; 0; 391; 0; 32; 0; 0; 0; 295; 383; 0; 0; 0; 76
1989;04; 0; 42; 0; 0; 0; 0; 0; 0; 0; 0; 45; 0; 0; 0; 0; 0; 2; 0; 0; 0; 0; 0; 0; 0; 0; 0; 0; 0; 0; 0; 9999
1989;05; 202; 2; 0; 131; 0; 42; 0; 0; 0; 0; 0; 0; 0; 0; 0; 0; 0; 0; 0; 0; 0; 0; 0; 0; 31; 0; 0; 0; 0; 0; 0
1989;06; 0; 0; 0; 0; 0; 0; 0; 231; 0; 0; 0; 372; 0; 0; 0; 52; 0; 0; 0; 0; 0; 0; 0; 0; 108; 31; 0; 179; 0; 0; 9999
1989;07; 0; 0; 0; 0; 0; 0; 0; 0; 0; 0; 0; 0; 0; 0; 0; 0; 0; 0; 0; 0; 0; 0; 0; 0; 3; 31; 224; 0; 0; 0; 621
1989;08; 0; 0; 0; 0; 22; 0; 0; 0; 0; 0; 0; 0; 0; 0; 0; 0; 0; 0; 0; 0; 202; 128; 32; 0; 0; 95; 0; 21; 0; 0; 0
1989;09; 268; 0; 0; 0; 98; 0; 258; 146; 0; 0; 28; 0; 65; 121; 0; 0; 0; 0; 0; 0; 0; 0; 0; 0; 138; 0; 0; 0; 0; 0; 9999
1989;10; 0; 0; 0; 0; 0; 0; 0; 0; 0; 0; 0; 195; 0; 0; 0; 45; 0; 0; 0; 0; 0; 0; 0; 0; 0; 0; 612; 0; 0; 0; 0
1989;11; 0; 0; 0; 9; 0; 0; 0; 0; 0; 8; 0; 652; 0; 0; 0; 0; 0; 0; 0; 241; 172; 58; 0; 0; 0; 0; 0; 2; 0; 74; 9999
1989;12; 0; 0; 0; 0; 0; 0; 0; 0; 0; 172; 168; 53; 351; 45; 0; 0; 0; 165; 392; 0; 45; 0; 0; 0; 0; 0; 201; 0; 278; 102; 1018
1990;01; 105; 0; 55; 0; 0; 67; 168; 42; 366; 1362; 335; 181; 0; 186; 85; 0; 68; 0; 58; 231; 0; 124; 45; 0; 0; 0; 0; 0; 0; 0; 0
1990;02; 0; 0; 0; 0; 0; 0; 0; 0; 0; 0; 0; 0; 196; 0; 0; 0; 0; 0; 0; 0; 0; 51; 0; 0; 0; 0; 0; 0; 9999; 9999; 9999
1990;03; 41; 0; 0; 0; 61; 0; 0; 0; 0; 0; 0; 22; 0; 0; 131; 140; 52; 151; 313; 2; 334; 200; 0; 0; 0; 0; 235; 16; 0; 0; 0
1990;04; 0; 0; 0; 0; 0; 0; 0; 0; 0; 0; 0; 0; 0; 0; 0; 12; 162; 45; 51; 0; 0; 13; 0; 0; 0; 0; 0; 0; 0; 131; 9999
1990;05; 0; 142; 0; 0; 0; 0; 0; 0; 0; 0; 273; 0; 0; 0; 0; 134; 25; 0; 0; 0; 0; 0; 0; 0; 0; 0; 0; 0; 0; 0; 0
1990;06; 0; 0; 0; 0; 0; 0; 0; 0; 0; 0; 0; 0; 0; 0; 58; 0; 0; 0; 0; 0; 41; 0; 0; 0; 0; 0; 0; 0; 0; 0; 9999
1990;07; 0; 0; 0; 0; 0; 0; 0; 0; 0; 65; 0; 0; 0; 0; 0; 251; 121; 100; 93; 0; 15; 28; 0; 0; 0; 0; 25; 0; 0; 0; 0
1990;08; 0; 0; 0; 0; 0; 0; 0; 0; 0; 0; 0; 0; 0; 0; 0; 0; 85; 0; 108; 375; 78; 0; 0; 0; 56; 102; 0; 291; 0; 0; 0
1990;09; 56; 142; 0; 0; 0; 62; 0; 93; 0; 0; 0; 0; 222; 0; 0; 0; 0; 0; 0; 0; 0; 145; 201; 0; 0; 0; 0; 0; 215; 153; 9999
1990;10; 214; 455; 0; 0; 0; 0; 0; 0; 0; 0; 0; 0; 0; 0; 0; 21; 0; 0; 465; 0; 0; 0; 0; 0; 0; 0; 0; 25; 0; 17; 237
1990;11; 0; 21; 0; 33; 841; 105; 0; 0; 0; 0; 0; 3; 4; 0; 0; 32; 99; 0; 0; 0; 42; 0; 257; 272; 0; 0; 0; 0; 0; 0; 9999
1990;12; 0; 0; 8; 175; 0; 0; 174; 0; 0; 18; 65; 80; 29; 167; 0; 0; 0; 0; 11; 273; 0; 0; 0; 0; 0; 33; 0; 0; 0; 0; 0
1991;01; 0; 0; 11; 80; 0; 0; 0; 0; 0; 315; 0; 0; 0; 0; 33; 95; 0; 0; 0; 0; 0; 34; 3; 0; 26; 2; 24; 0; 0; 25; 374
1991;02; 10; 0; 57; 0; 0; 11; 183; 653; 0; 143; 19; 63; 0; 0; 0; 0; 0; 0; 0; 0; 0; 0; 0; 0; 0; 0; 0; 0; 9999; 9999; 9999
1991;03; 0; 303; 0; 85; 56; 106; 57; 50; 0; 0; 0; 13; 0; 0; 50; 0; 0; 0; 55; 86; 520; 0; 0; 0; 0; 0; 0; 0; 0; 0; 130
1991;04; 0; 0; 0; 0; 0; 0; 0; 0; 0; 0; 0; 0; 197; 0; 0; 0; 0; 159; 538; 0; 0; 0; 0; 26; 198; 0; 0; 0; 0; 0; 9999
1991;05; 0; 0; 0; 0; 0; 0; 0; 12; 0; 0; 0; 0; 0; 3; 231; 0; 0; 0; 0; 0; 0; 0; 18; 0; 0; 0; 0; 0; 0; 0; 0
1991;06; 0; 0; 0; 0; 0; 0; 12; 27; 0; 0; 0; 0; 0; 0; 0; 0; 0; 0; 22; 130; 200; 30; 167; 27; 104; 0; 0; 0; 63; 0; 9999
1991;07; 0; 4; 0; 0; 0; 0; 0; 0; 0; 0; 85; 0; 10; 0; 0; 30; 0; 0; 0; 0; 0; 0; 0; 0; 0; 0; 0; 0; 0; 0; 0
1991;08; 0; 0; 0; 0; 0; 0; 0; 0; 10; 0; 0; 0; 0; 0; 0; 0; 0; 0; 0; 0; 0; 0; 0; 0; 0; 0; 0; 0; 0; 0; 0
1991;09; 0; 0; 0; 0; 0; 0; 0; 0; 0; 0; 0; 0; 0; 0; 0; 0; 0; 0; 18; 0; 0; 0; 0; 5; 33; 226; 0; 0; 60; 165; 9999
1991;10; 320; 593; 0; 0; 0; 0; 27; 0; 0; 0; 0; 0; 0; 0; 0; 0; 0; 0; 0; 0; 0; 0; 0; 0; 0; 50; 0; 0; 0; 0; 0
1991;11; 278; 140; 0; 0; 0; 0; 0; 0; 0; 0; 0; 130; 0; 113; 95; 0; 0; 0; 0; 0; 0; 0; 0; 0; 0; 0; 0; 0; 0; 170; 9999
1991;12; 0; 0; 0; 0; 0; 0; 0; 70; 11; 73; 335; 257; 0; 0; 610; 0; 190; 12; 197; 0; 365; 0; 0; 250; 0; 0; 105; 0; 0; 0; 0
1992;01; 0; 0; 0; 350; 135; 0; 0; 0; 0; 0; 0; 0; 0; 0; 0; 0; 0; 0; 0; 0; 0; 0; 0; 0; 0; 0; 0; 0; 0; 4; 273
1992;02; 110; 150; 280; 350; 0; 0; 0; 0; 0; 0; 0; 0; 0; 0; 0; 0; 244; 20; 45; 0; 0; 0; 260; 18; 0; 0; 18; 205; 0; 9999; 9999
1992;03; 0; 0; 0; 562; 100; 590; 0; 0; 0; 0; 60; 0; 0; 110; 10; 202; 268; 115; 17; 0; 0; 0; 0; 480; 140; 32; 42; 115; 560; 220; 0
1992;04; 0; 0; 0; 0; 0; 0; 0; 0; 0; 0; 0; 0; 45; 0; 0; 0; 0; 0; 0; 100; 0; 0; 0; 325; 420; 0; 0; 0; 0; 195; 9999
1992;05; 0; 400; 420; 70; 0; 160; 0; 0; 0; 0; 0; 0; 0; 314; 0; 0; 0; 0; 95; 0; 0; 0; 312; 0; 0; 0; 0; 0; 0; 62; 63
1992;06; 0; 85; 0; 0; 0; 0; 0; 0; 0; 10; 0; 0; 0; 0; 0; 0; 0; 0; 0; 0; 0; 0; 0; 0; 0; 0; 0; 220; 110; 0; 9999
1992;07; 0; 0; 0; 0; 0; 0; 40; 0; 0; 0; 0; 0; 0; 0; 0; 0; 0; 0; 0; 0; 0; 0; 0; 0; 0; 0; 0; 120; 0; 0; 0
1992;08; 0; 0; 0; 0; 0; 0; 0; 0; 0; 0; 0; 112; 0; 0; 0; 0; 0; 0; 0; 0; 0; 122; 0; 0; 0; 0; 0; 0; 0; 0; 45
1992;09; 0; 100; 255; 0; 285; 0; 123; 0; 0; 0; 0; 130; 0; 0; 640; 0; 0; 371; 111; 0; 0; 0; 0; 0; 45; 0; 0; 0; 0; 0; 9999
1992;10; 182; 0; 0; 0; 0; 0; 0; 0; 0; 0; 0; 0; 0; 0; 0; 0; 205; 75; 0; 0; 0; 0; 0; 0; 0; 0; 167; 10; 130; 0; 0
1992;11; 0; 0; 0; 140; 0; 0; 0; 0; 0; 0; 0; 0; 0; 0; 0; 0; 0; 0; 0; 0; 245; 95; 0; 10; 750; 75; 0; 0; 0; 0; 9999
1992;12; 27; 0; 0; 0; 0; 0; 0; 40; 0; 0; 75; 86; 0; 0; 0; 0; 0; 45; 0; 0; 0; 0; 0; 0; 0; 0; 0; 0; 0; 0; 0
1993;01; 0; 0; 0; 0; 0; 0; 0; 80; 300; 176; 184; 53; 204; 0; 0; 0; 0; 64; 19; 0; 42; 0; 0; 0; 155; 160; 233; 46; 0; 0; 0
1993;02; 184; 0; 171; 30; 0; 115; 203; 110; 54; 5; 73; 0; 0; 0; 0; 0; 168; 650; 178; 370; 0; 180; 90; 0; 0; 0; 0; 0; 9999; 9999; 9999
1993;03; 0; 0; 0; 10; 30; 0; 0; 0; 0; 0; 0; 0; 0; 0; 0; 0; 0; 30; 253; 10; 0; 130; 0; 0; 0; 0; 0; 0; 540; 0; 0
1993;04; 156; 288; 0; 0; 0; 0; 0; 0; 300; 0; 0; 0; 0; 0; 0; 0; 0; 0; 0; 0; 0; 390; 0; 299; 0; 0; 0; 0; 0; 0; 9999
1993;05; 0; 0; 0; 0; 0; 92; 0; 0; 0; 0; 0; 0; 0; 365; 0; 0; 0; 0; 0; 0; 0; 0; 0; 0; 0; 0; 0; 0; 0; 285; 34
1993;06; 0; 0; 0; 0; 415; 0; 0; 0; 0; 0; 257; 0; 0; 0; 0; 0; 0; 326; 0; 0; 0; 0; 0; 0; 0; 0; 0; 0; 0; 0; 9999
1993;07; 0; 0; 0; 0; 0; 0; 31; 0; 0; 0; 0; 40; 0; 14; 0; 0; 0; 0; 0; 0; 0; 0; 0; 0; 0; 0; 0; 0; 0; 109; 35
1993;08; 0; 0; 0; 0; 0; 0; 0; 0; 0; 10; 0; 0; 0; 0; 0; 12; 0; 0; 63; 0; 0; 0; 0; 207; 0; 0; 0; 0; 0; 0; 0
1993;09; 0; 0; 0; 0; 0; 0; 0; 65; 26; 34; 0; 0; 0; 13; 121; 0; 0; 0; 0; 0; 0; 193; 49; 210; 23; 0; 0; 0; 0; 0; 9999
1993;10; 647; 0; 0; 0; 132; 0; 0; 0; 0; 0; 0; 0; 0; 0; 0; 0; 0; 0; 0; 0; 0; 0; 335; 0; 0; 0; 0; 0; 0; 0; 0
1993;11; 0; 0; 0; 0; 0; 0; 174; 0; 0; 0; 0; 0; 0; 0; 0; 0; 0; 0; 0; 0; 0; 0; 0; 827; 367; 0; 0; 0; 0; 0; 9999
1993;12; 165; 0; 0; 0; 0; 60; 0; 0; 0; 179; 78; 0; 0; 0; 18; 0; 165; 0; 0; 0; 0; 0; 0; 0; 0; 8; 131; 4; 277; 0; 0
1994;01; 0; 0; 0; 0; 0; 0; 0; 0; 0; 164; 0; 0; 0; 0; 84; 0; 0; 0; 0; 0; 3; 0; 217; 0; 25; 44; 270; 508; 114; 12; 151
1994;02; 2; 0; 0; 0; 0; 50; 0; 0; 0; 0; 263; 0; 0; 16; 37; 0; 0; 122; 0; 0; 273; 127; 0; 0; 262; 0; 0; 220; 9999; 9999; 9999
1994;03; 623; 84; 0; 0; 0; 0; 0; 115; 0; 0; 0; 0; 0; 0; 0; 0; 0; 0; 0; 86; 62; 0; 0; 0; 12; 0; 0; 0; 0; 0; 131
1994;04; 19; 0; 0; 0; 0; 0; 114; 0; 0; 0; 0; 0; 0; 0; 0; 0; 0; 233; 138; 0; 0; 178; 0; 0; 0; 0; 0; 0; 0; 0; 9999
1994;05; 0; 0; 0; 0; 0; 0; 0; 0; 0; 0; 0; 36; 27; 0; 0; 0; 0; 0; 0; 0; 0; 0; 0; 0; 457; 81; 215; 0; 0; 0; 0
1994;06; 297; 0; 0; 45; 0; 0; 0; 49; 68; 0; 0; 0; 0; 0; 0; 0; 0; 0; 0; 0; 72; 29; 0; 0; 226; 0; 0; 0; 0; 0; 9999
1994;07; 0; 0; 0; 0; 0; 0; 0; 36; 0; 0; 0; 0; 0; 0; 0; 0; 0; 0; 0; 0; 0; 0; 105; 0; 0; 0; 0; 0; 0; 0; 0
1994;08; 0; 0; 0; 0; 0; 0; 0; 0; 0; 0; 0; 0; 0; 0; 0; 0; 0; 0; 0; 0; 0; 0; 0; 0; 0; 0; 0; 0; 0; 0; 0
1994;09; 0; 0; 0; 0; 0; 0; 0; 0; 0; 0; 0; 0; 0; 0; 40; 91; 0; 0; 0; 0; 0; 0; 0; 0; 0; 0; 6; 0; 0; 102; 9999
1994;10; 0; 190; 0; 0; 0; 0; 0; 0; 0; 0; 0; 0; 0; 0; 0; 0; 35; 68; 0; 0; 0; 172; 0; 0; 48; 0; 595; 0; 3; 0; 0
1994;11; 0; 192; 0; 0; 112; 0; 0; 0; 0; 0; 0; 0; 0; 140; 0; 0; 0; 217; 0; 0; 0; 0; 0; 0; 0; 0; 30; 0; 179; 0; 9999
1994;12; 0; 0; 0; 0; 33; 136; 0; 0; 0; 0; 0; 94; 0; 0; 0; 0; 0; 365; 0; 0; 0; 100; 175; 0; 0; 0; 0; 490; 0; 43; 32
1995;01; 562; 212; 49; 12; 34; 198; 0; 252; 479; 108; 119; 515; 0; 0; 0; 0; 0; 0; 638; 0; 0; 0; 0; 0; 0; 0; 0; 252; 0; 0; 344
1995;02; 0; 0; 303; 162; 0; 0; 0; 0; 0; 44; 0; 0; 620; 24; 534; 145; 0; 0; 0; 169; 94; 0; 0; 0; 0; 0; 88; 0; 9999; 9999; 9999
1995;03; 0; 0; 0; 54; 0; 142; 0; 0; 0; 0; 0; 0; 0; 43; 0; 0; 0; 0; 0; 0; 0; 0; 0; 737; 0; 0; 0; 0; 0; 100; 0
1995;04; 531; 70; 0; 0; 0; 0; 4; 9; 288; 0; 0; 0; 0; 0; 0; 0; 0; 39; 0; 288; 48; 0; 0; 0; 0; 0; 0; 0; 0; 0; 9999
1995;05; 0; 0; 0; 0; 0; 0; 0; 161; 0; 445; 14; 0; 0; 0; 0; 0; 0; 0; 0; 0; 0; 0; 0; 0; 0; 0; 0; 0; 0; 0; 0
1995;06; 0; 0; 0; 0; 0; 0; 0; 0; 0; 0; 0; 0; 0; 0; 0; 0; 0; 317; 0; 0; 0; 0; 0; 0; 12; 0; 0; 0; 192; 0; 9999
1995;07; 0; 0; 0; 0; 0; 0; 0; 46; 148; 365; 0; 0; 0; 0; 0; 0; 0; 0; 0; 33; 13; 0; 0; 0; 0; 0; 0; 0; 0; 0; 0
1995;08; 0; 0; 0; 0; 90; 0; 0; 0; 0; 0; 0; 0; 0; 0; 0; 0; 0; 0; 0; 0; 0; 0; 0; 0; 0; 0; 0; 0; 0; 0; 0
1995;09; 0; 0; 0; 0; 0; 0; 0; 0; 0; 0; 0; 0; 0; 0; 0; 0; 0; 0; 98; 287; 0; 0; 0; 0; 453; 0; 78; 181; 39; 0; 9999
1995;10; 0; 0; 0; 0; 0; 258; 0; 295; 0; 0; 0; 0; 0; 133; 0; 398; 598; 0; 0; 0; 230; 0; 0; 0; 0; 0; 0; 0; 0; 73; 0
1995;11; 0; 0; 88; 0; 0; 0; 0; 0; 186; 0; 0; 227; 0; 88; 0; 24; 0; 0; 0; 0; 0; 0; 0; 0; 0; 0; 38; 0; 0; 0; 9999
1995;12; 0; 0; 0; 458; 0; 0; 0; 0; 0; 0; 0; 23; 0; 0; 493; 0; 0; 0; 0; 152; 49; 24; 0; 0; 0; 0; 0; 0; 0; 0; 0
1996;01; 0; 0; 0; 0; 0; 161; 0; 422; 0; 0; 0; 0; 0; 0; 186; 0; 0; 50; 397; 105; 146; 0; 512; 0; 33; 0; 0; 0; 0; 0; 13
1996;02; 118; 0; 0; 0; 4; 0; 439; 53; 14; 0; 139; 65; 0; 0; 0; 0; 35; 0; 0; 0; 0; 0; 0; 0; 0; 0; 27; 0; 439; 9999; 9999
1996;03; 0; 257; 93; 0; 0; 0; 786; 19; 0; 44; 0; 0; 0; 0; 262; 773; 46; 0; 284; 61; 0; 0; 0; 0; 0; 0; 0; 0; 0; 0; 0
1996;04; 0; 75; 0; 237; 0; 0; 0; 0; 0; 149; 142; 59; 0; 0; 166; 0; 182; 0; 0; 0; 0; 0; 0; 0; 0; 0; 0; 0; 0; 0; 9999
1996;05; 0; 0; 0; 0; 0; 0; 0; 0; 0; 132; 0; 0; 0; 0; 0; 31; 0; 30; 0; 0; 0; 16; 202; 0; 0; 45; 0; 0; 0; 0; 0
1996;06; 0; 0; 0; 0; 0; 56; 2; 0; 0; 0; 0; 0; 0; 0; 0; 0; 0; 0; 0; 0; 0; 0; 0; 0; 0; 0; 22; 13; 0; 0; 9999
1996;07; 0; 0; 38; 0; 0; 0; 0; 0; 0; 41; 0; 0; 0; 0; 0; 0; 0; 0; 0; 0; 0; 0; 0; 0; 0; 0; 46; 109; 0; 0; 0
1996;08; 0; 0; 0; 0; 0; 0; 0; 0; 0; 262; 0; 0; 0; 0; 0; 0; 0; 0; 0; 0; 0; 0; 0; 0; 0; 0; 0; 0; 0; 0; 5
1996;09; 182; 0; 168; 271; 12; 0; 0; 0; 323; 153; 0; 0; 0; 0; 0; 0; 30; 0; 0; 0; 0; 0; 0; 0; 264; 0; 0; 0; 0; 0; 9999
1996;10; 0; 0; 56; 0; 0; 0; 6; 0; 0; 0; 129; 0; 106; 28; 0; 0; 0; 0; 0; 115; 118; 0; 0; 0; 178; 375; 47; 0; 0; 0; 0
1996;11; 0; 0; 228; 0; 0; 0; 0; 0; 0; 0; 0; 0; 104; 39; 0; 68; 0; 0; 0; 114; 0; 0; 0; 0; 0; 0; 0; 0; 0; 0; 9999
1996;12; 0; 0; 374; 0; 62; 93; 162; 0; 0; 194; 0; 239; 0; 0; 0; 0; 401; 163; 0; 3; 152; 124; 153; 0; 0; 0; 297; 93; 367; 412; 0
1997;01; 0; 0; 0; 0; 0; 0; 0; 876; 243; 555; 176; 129; 0; 0; 296; 0; 0; 109; 124; 48; 59; 46; 0; 0; 302; 38; 0; 478; 367; 73; 0
1997;02; 0; 18; 547; 59; 0; 27; 0; 0; 0; 282; 49; 84; 0; 8; 0; 0; 286; 185; 0; 228; 121; 0; 0; 0; 0; 0; 0; 0; 9999; 9999; 9999
1997;03; 0; 0; 61; 0; 0; 0; 43; 0; 238; 16; 0; 0; 0; 0; 0; 56; 0; 0; 0; 0; 0; 0; 0; 0; 0; 0; 0; 0; 0; 0; 0
1997;04; 226; 31; 86; 0; 0; 0; 0; 0; 0; 0; 0; 0; 0; 0; 0; 0; 11; 18; 0; 0; 357; 0; 0; 0; 0; 0; 0; 0; 0; 0; 9999
1997;05; 0; 0; 0; 0; 0; 0; 0; 0; 0; 0; 0; 0; 0; 0; 45; 217; 66; 0; 0; 0; 0; 182; 37; 0; 255; 0; 0; 157; 0; 0; 0
1997;06; 0; 0; 43; 229; 620; 234; 20; 6; 4; 0; 0; 293; 0; 305; 109; 0; 4; 0; 0; 5; 3; 0; 0; 0; 0; 0; 0; 102; 93; 0; 9999
1997;07; 6; 0; 0; 0; 0; 0; 0; 0; 0; 0; 0; 0; 0; 0; 0; 0; 0; 0; 0; 0; 240; 0; 0; 0; 0; 0; 0; 0; 0; 0; 0
1997;08; 0; 0; 0; 0; 8; 0; 0; 0; 0; 0; 0; 0; 0; 0; 0; 0; 0; 0; 0; 0; 25; 0; 20; 114; 0; 0; 0; 0; 0; 0; 0
1997;09; 0; 0; 0; 0; 0; 53; 0; 0; 0; 0; 0; 0; 0; 0; 35; 86; 0; 0; 0; 0; 142; 0; 0; 0; 0; 170; 0; 0; 0; 145; 9999
1997;10; 388; 0; 0; 0; 0; 0; 12; 0; 0; 0; 0; 0; 0; 0; 0; 35; 100; 0; 0; 185; 223; 0; 0; 0; 0; 624; 0; 0; 0; 0; 321
1997;11; 0; 0; 0; 6; 12; 0; 0; 112; 0; 0; 0; 18; 82; 101; 75; 0; 457; 416; 34; 0; 0; 182; 0; 0; 0; 0; 262; 120; 0; 0; 9999
1997;12; 0; 286; 0; 22; 0; 0; 0; 0; 0; 0; 0; 0; 0; 0; 589; 0; 0; 0; 0; 0; 0; 219; 82; 0; 0; 0; 0; 0; 430; 0; 130
