33
Ano,Mes,1,2,3,4,5,6,7,8,9,10,11,12,13,14,15,16,17,18,19,20,21,22,23,24,25,26,27,28,29,30,31
1929;08; 143; 0; 16; 0; 0; 0; 0; 0; 0; 0; 0; 0; 0; 0; 0; 0; 107; 0; 43; 41; 0; 13; 21; 51; 157; 11; 13; 70; 44; 94; 10
1929;09; 0; 0; 0; 41; 0; 3; 0; 6; 30; 0; 36; 89; 21; 232; 507; 323; 0; 0; 9; 0; 0; 23; 0; 313; 22; 0; 0; 0; 0; 0; 9999
1929;10; 0; 0; 30; 85; 2; 0; 0; 0; 0; 0; 0; 0; 6; 12; 120; 141; 0; 0; 186; 0; 0; 74; 33; 284; 46; 76; 7; 0; 0; 17; 67
1929;11; 139; 83; 93; 0; 47; 0; 5; 48; 365; 27; 0; 4; 15; 0; 0; 176; 45; 0; 0; 113; 59; 152; 0; 5; 341; 602; 61; 0; 0; 0; 9999
1929;12; 9999; 9999; 9999; 9999; 9999; 9999; 9999; 9999; 9999; 9999; 9999; 9999; 9999; 9999; 9999; 9999; 9999; 9999; 9999; 9999; 9999; 9999; 9999; 9999; 9999; 9999; 9999; 9999; 9999; 9999; 9999
1930;01; 9999; 9999; 9999; 9999; 9999; 9999; 9999; 9999; 9999; 9999; 9999; 9999; 9999; 9999; 9999; 9999; 9999; 9999; 9999; 9999; 9999; 9999; 9999; 9999; 9999; 9999; 9999; 9999; 9999; 9999; 9999
1930;02; 8; 89; 307; 16; 0; 0; 0; 0; 68; 435; 50; 1; 0; 7; 0; 10; 249; 0; 0; 243; 20; 0; 0; 280; 160; 449; 10; 0; 9999; 9999; 9999
1930;03; 49; 0; 0; 0; 0; 0; 0; 0; 30; 0; 0; 0; 0; 0; 0; 618; 0; 0; 0; 521; 37; 0; 0; 75; 183; 305; 44; 21; 0; 0; 0
1930;04; 91; 714; 0; 222; 468; 41; 0; 288; 16; 0; 40; 58; 7; 10; 0; 0; 15; 7; 0; 0; 0; 0; 1232; 7; 0; 0; 0; 0; 0; 0; 9999
1930;05; 182; 9; 0; 0; 0; 155; 48; 0; 0; 0; 0; 59; 78; 2; 0; 65; 5; 130; 0; 0; 117; 235; 45; 0; 0; 0; 0; 0; 0; 31; 0
1930;06; 0; 141; 34; 56; 0; 0; 0; 0; 0; 0; 0; 0; 0; 25; 79; 0; 0; 0; 0; 0; 0; 0; 0; 0; 0; 0; 0; 0; 0; 0; 9999
1930;07; 0; 0; 0; 0; 55; 55; 113; 13; 0; 0; 0; 92; 20; 192; 80; 9; 0; 0; 0; 0; 0; 6; 2; 0; 0; 23; 11; 0; 0; 0; 0
1930;08; 9999; 9999; 9999; 9999; 9999; 9999; 9999; 9999; 9999; 9999; 9999; 9999; 9999; 9999; 9999; 9999; 9999; 9999; 9999; 9999; 9999; 9999; 9999; 9999; 9999; 9999; 9999; 9999; 9999; 9999; 9999
1930;09; 9999; 9999; 9999; 9999; 9999; 9999; 9999; 9999; 9999; 9999; 9999; 9999; 9999; 9999; 9999; 9999; 9999; 9999; 9999; 9999; 9999; 9999; 9999; 9999; 9999; 9999; 9999; 9999; 9999; 9999; 9999
1930;10; 9999; 9999; 9999; 9999; 9999; 9999; 9999; 9999; 9999; 9999; 9999; 9999; 9999; 9999; 9999; 9999; 9999; 9999; 9999; 9999; 9999; 9999; 9999; 9999; 9999; 9999; 9999; 9999; 9999; 9999; 9999
1930;11; 9999; 9999; 9999; 9999; 9999; 9999; 9999; 9999; 9999; 9999; 9999; 9999; 9999; 9999; 9999; 9999; 9999; 9999; 9999; 9999; 9999; 9999; 9999; 9999; 9999; 9999; 9999; 9999; 9999; 9999; 9999
1930;12; 0; 114; 25; 27; 0; 30; 94; 0; 0; 0; 0; 162; 638; 270; 1413; 755; 0; 168; 20; 0; 0; 185; 224; 120; 25; 0; 10; 1360; 28; 62; 4
1931;01; 9999; 9999; 9999; 9999; 9999; 9999; 9999; 9999; 9999; 9999; 9999; 9999; 9999; 9999; 9999; 9999; 9999; 9999; 9999; 9999; 9999; 9999; 9999; 9999; 9999; 9999; 9999; 9999; 9999; 9999; 9999
1931;02; 9999; 9999; 9999; 9999; 9999; 9999; 9999; 9999; 9999; 9999; 9999; 9999; 9999; 9999; 9999; 9999; 9999; 9999; 9999; 9999; 9999; 9999; 9999; 9999; 9999; 9999; 9999; 9999; 9999; 9999; 9999
1931;03; 9999; 9999; 9999; 9999; 9999; 9999; 9999; 9999; 9999; 9999; 9999; 9999; 9999; 9999; 9999; 9999; 9999; 9999; 9999; 9999; 9999; 9999; 9999; 9999; 9999; 9999; 9999; 9999; 9999; 9999; 9999
1931;04; 9999; 9999; 9999; 9999; 9999; 9999; 9999; 9999; 9999; 9999; 9999; 9999; 9999; 9999; 9999; 9999; 9999; 9999; 9999; 9999; 9999; 9999; 9999; 9999; 9999; 9999; 9999; 9999; 9999; 9999; 9999
1931;05; 9999; 9999; 9999; 9999; 9999; 9999; 9999; 9999; 9999; 9999; 9999; 9999; 9999; 9999; 9999; 9999; 9999; 9999; 9999; 9999; 9999; 9999; 9999; 9999; 9999; 9999; 9999; 9999; 9999; 9999; 9999
1931;06; 9999; 9999; 9999; 9999; 9999; 9999; 9999; 9999; 9999; 9999; 9999; 9999; 9999; 9999; 9999; 9999; 9999; 9999; 9999; 9999; 9999; 9999; 9999; 9999; 9999; 9999; 9999; 9999; 9999; 9999; 9999
1931;07; 9999; 9999; 9999; 9999; 9999; 9999; 9999; 9999; 9999; 9999; 9999; 9999; 9999; 9999; 9999; 9999; 9999; 9999; 9999; 9999; 9999; 9999; 9999; 9999; 9999; 9999; 9999; 9999; 9999; 9999; 9999
1931;08; 0; 0; 0; 0; 294; 0; 0; 0; 9; 0; 0; 0; 12; 36; 249; 12; 281; 54; 0; 0; 115; 0; 0; 0; 3; 5; 1; 0; 2; 14; 0
1931;09; 9999; 9999; 9999; 9999; 9999; 9999; 9999; 9999; 9999; 9999; 9999; 9999; 9999; 9999; 9999; 9999; 9999; 9999; 9999; 9999; 9999; 9999; 9999; 9999; 9999; 9999; 9999; 9999; 9999; 9999; 9999
1931;10; 0; 0; 0; 0; 0; 0; 0; 0; 0; 0; 0; 0; 0; 0; 0; 9999; 9999; 9999; 9999; 9999; 9999; 9999; 9999; 9999; 9999; 9999; 9999; 9999; 9999; 9999; 9999
1931;11; 0; 0; 0; 0; 0; 0; 0; 0; 0; 0; 0; 0; 0; 0; 0; 9999; 9999; 9999; 9999; 9999; 9999; 9999; 9999; 9999; 9999; 9999; 9999; 9999; 9999; 9999; 9999
1931;12; 0; 0; 0; 0; 0; 0; 0; 0; 0; 0; 0; 0; 0; 0; 0; 9999; 9999; 9999; 9999; 9999; 9999; 9999; 9999; 9999; 9999; 9999; 9999; 9999; 9999; 9999; 9999
1932;01; 9999; 9999; 9999; 9999; 9999; 9999; 9999; 9999; 9999; 9999; 9999; 9999; 9999; 9999; 9999; 9999; 9999; 9999; 9999; 9999; 9999; 9999; 9999; 9999; 9999; 9999; 9999; 9999; 9999; 9999; 9999
1932;02; 9999; 9999; 9999; 9999; 9999; 9999; 9999; 9999; 9999; 9999; 9999; 9999; 9999; 9999; 9999; 9999; 9999; 9999; 9999; 9999; 9999; 9999; 9999; 9999; 9999; 9999; 9999; 9999; 9999; 9999; 9999
1932;03; 9999; 9999; 9999; 9999; 9999; 9999; 9999; 9999; 9999; 9999; 9999; 9999; 9999; 9999; 9999; 9999; 9999; 9999; 9999; 9999; 9999; 9999; 9999; 9999; 9999; 9999; 9999; 9999; 9999; 9999; 9999
1932;04; 9999; 9999; 9999; 9999; 9999; 9999; 9999; 9999; 9999; 9999; 9999; 9999; 9999; 9999; 9999; 9999; 9999; 9999; 9999; 9999; 9999; 9999; 9999; 9999; 9999; 9999; 9999; 9999; 9999; 9999; 9999
1932;05; 9999; 9999; 9999; 9999; 9999; 9999; 9999; 9999; 9999; 9999; 9999; 9999; 9999; 9999; 9999; 9999; 9999; 9999; 9999; 9999; 9999; 9999; 9999; 9999; 9999; 9999; 9999; 9999; 9999; 9999; 9999
1932;06; 9999; 9999; 9999; 9999; 9999; 9999; 9999; 9999; 9999; 9999; 9999; 9999; 9999; 9999; 9999; 9999; 9999; 9999; 9999; 9999; 9999; 9999; 9999; 9999; 9999; 9999; 9999; 9999; 9999; 9999; 9999
1932;07; 9999; 9999; 9999; 9999; 9999; 9999; 9999; 9999; 9999; 9999; 9999; 9999; 9999; 9999; 9999; 9999; 9999; 9999; 9999; 9999; 9999; 9999; 9999; 9999; 9999; 9999; 9999; 9999; 9999; 9999; 9999
1932;08; 9999; 9999; 9999; 9999; 9999; 9999; 9999; 9999; 9999; 9999; 9999; 9999; 9999; 9999; 9999; 9999; 9999; 9999; 9999; 9999; 9999; 9999; 9999; 9999; 9999; 9999; 9999; 9999; 9999; 9999; 9999
1932;09; 9999; 9999; 9999; 9999; 9999; 9999; 9999; 9999; 9999; 9999; 9999; 9999; 9999; 9999; 9999; 9999; 9999; 9999; 9999; 9999; 9999; 9999; 9999; 9999; 9999; 9999; 9999; 9999; 9999; 9999; 9999
1932;10; 9999; 9999; 9999; 9999; 9999; 9999; 9999; 9999; 9999; 9999; 9999; 9999; 9999; 9999; 9999; 9999; 9999; 9999; 9999; 9999; 9999; 9999; 9999; 9999; 9999; 9999; 9999; 9999; 9999; 9999; 9999
1932;11; 9999; 9999; 9999; 9999; 9999; 9999; 9999; 9999; 9999; 9999; 9999; 9999; 9999; 9999; 9999; 9999; 9999; 9999; 9999; 9999; 9999; 9999; 9999; 9999; 9999; 9999; 9999; 9999; 9999; 9999; 9999
1932;12; 9999; 9999; 9999; 9999; 9999; 9999; 9999; 9999; 9999; 9999; 9999; 9999; 9999; 9999; 9999; 9999; 9999; 9999; 9999; 9999; 9999; 9999; 9999; 9999; 9999; 9999; 9999; 9999; 9999; 9999; 9999
1933;01; 9999; 9999; 9999; 9999; 9999; 9999; 9999; 9999; 9999; 9999; 9999; 9999; 9999; 9999; 9999; 9999; 9999; 9999; 9999; 9999; 9999; 9999; 9999; 9999; 9999; 9999; 9999; 9999; 9999; 9999; 9999
1933;02; 9999; 9999; 9999; 9999; 9999; 9999; 9999; 9999; 9999; 9999; 9999; 9999; 9999; 9999; 9999; 9999; 9999; 9999; 9999; 9999; 9999; 9999; 9999; 9999; 9999; 9999; 9999; 9999; 9999; 9999; 9999
1933;03; 9999; 9999; 9999; 9999; 9999; 9999; 9999; 9999; 9999; 9999; 9999; 9999; 9999; 9999; 9999; 9999; 9999; 9999; 9999; 9999; 9999; 9999; 9999; 9999; 9999; 9999; 9999; 9999; 9999; 9999; 9999
1933;04; 9999; 9999; 9999; 9999; 9999; 9999; 9999; 9999; 9999; 9999; 9999; 9999; 9999; 9999; 9999; 9999; 9999; 9999; 9999; 9999; 9999; 9999; 9999; 9999; 9999; 9999; 9999; 9999; 9999; 9999; 9999
1933;05; 9999; 9999; 9999; 9999; 9999; 9999; 9999; 9999; 9999; 9999; 9999; 9999; 9999; 9999; 9999; 9999; 9999; 9999; 9999; 9999; 9999; 9999; 9999; 9999; 9999; 9999; 9999; 9999; 9999; 9999; 9999
1933;06; 9999; 9999; 9999; 9999; 9999; 9999; 9999; 9999; 9999; 9999; 9999; 9999; 9999; 9999; 9999; 9999; 9999; 9999; 9999; 9999; 9999; 9999; 9999; 9999; 9999; 9999; 9999; 9999; 9999; 9999; 9999
1933;07; 9999; 9999; 9999; 9999; 9999; 9999; 9999; 9999; 9999; 9999; 9999; 9999; 9999; 9999; 9999; 9999; 9999; 9999; 9999; 9999; 9999; 9999; 9999; 9999; 9999; 9999; 9999; 9999; 9999; 9999; 9999
1933;08; 9999; 9999; 9999; 9999; 9999; 9999; 9999; 9999; 9999; 9999; 9999; 9999; 9999; 9999; 9999; 9999; 9999; 9999; 9999; 9999; 9999; 9999; 9999; 9999; 9999; 9999; 9999; 9999; 9999; 9999; 9999
1933;09; 9999; 9999; 9999; 9999; 9999; 9999; 9999; 9999; 9999; 9999; 9999; 9999; 9999; 9999; 9999; 9999; 9999; 9999; 9999; 9999; 9999; 9999; 9999; 9999; 9999; 9999; 9999; 9999; 9999; 9999; 9999
1933;10; 9999; 9999; 9999; 9999; 9999; 9999; 9999; 9999; 9999; 9999; 9999; 9999; 9999; 9999; 9999; 9999; 9999; 9999; 9999; 9999; 9999; 9999; 9999; 9999; 9999; 9999; 9999; 9999; 9999; 9999; 9999
1933;11; 9999; 9999; 9999; 9999; 9999; 9999; 9999; 9999; 9999; 9999; 9999; 9999; 9999; 9999; 9999; 9999; 9999; 9999; 9999; 9999; 9999; 9999; 9999; 9999; 9999; 9999; 9999; 9999; 9999; 9999; 9999
1933;12; 9999; 9999; 9999; 9999; 9999; 9999; 9999; 9999; 9999; 9999; 9999; 9999; 9999; 9999; 9999; 9999; 9999; 9999; 9999; 9999; 9999; 9999; 9999; 9999; 9999; 9999; 9999; 9999; 9999; 9999; 9999
1934;01; 9999; 9999; 9999; 9999; 9999; 9999; 9999; 9999; 9999; 9999; 9999; 9999; 9999; 9999; 9999; 9999; 9999; 9999; 9999; 9999; 9999; 9999; 9999; 9999; 9999; 9999; 9999; 9999; 9999; 9999; 9999
1934;02; 9999; 9999; 9999; 9999; 9999; 9999; 9999; 9999; 9999; 9999; 9999; 9999; 9999; 9999; 9999; 9999; 9999; 9999; 9999; 9999; 9999; 9999; 9999; 9999; 9999; 9999; 9999; 9999; 9999; 9999; 9999
1934;03; 9999; 9999; 9999; 9999; 9999; 9999; 9999; 9999; 9999; 9999; 9999; 9999; 9999; 9999; 9999; 9999; 9999; 9999; 9999; 9999; 9999; 9999; 9999; 9999; 9999; 9999; 9999; 9999; 9999; 9999; 9999
1934;04; 9999; 9999; 9999; 9999; 9999; 9999; 9999; 9999; 9999; 9999; 9999; 9999; 9999; 9999; 9999; 9999; 9999; 9999; 9999; 9999; 9999; 9999; 9999; 9999; 9999; 9999; 9999; 9999; 9999; 9999; 9999
1934;05; 9999; 9999; 9999; 9999; 9999; 9999; 9999; 9999; 9999; 9999; 9999; 9999; 9999; 9999; 9999; 9999; 9999; 9999; 9999; 9999; 9999; 9999; 9999; 9999; 9999; 9999; 9999; 9999; 9999; 9999; 9999
1934;06; 9999; 9999; 9999; 9999; 9999; 9999; 9999; 9999; 9999; 9999; 9999; 9999; 9999; 9999; 9999; 9999; 9999; 9999; 9999; 9999; 9999; 9999; 9999; 9999; 9999; 9999; 9999; 9999; 9999; 9999; 9999
1934;07; 9999; 9999; 9999; 9999; 9999; 9999; 9999; 9999; 9999; 9999; 9999; 9999; 9999; 9999; 9999; 9999; 9999; 9999; 9999; 9999; 9999; 9999; 9999; 9999; 9999; 9999; 9999; 9999; 9999; 9999; 9999
1934;08; 9999; 9999; 9999; 9999; 9999; 9999; 9999; 9999; 9999; 9999; 9999; 9999; 9999; 9999; 9999; 9999; 9999; 9999; 9999; 9999; 9999; 9999; 9999; 9999; 9999; 9999; 9999; 9999; 9999; 9999; 9999
1934;09; 9999; 9999; 9999; 9999; 9999; 9999; 9999; 9999; 9999; 9999; 9999; 9999; 9999; 9999; 9999; 9999; 9999; 9999; 9999; 9999; 9999; 9999; 9999; 9999; 9999; 9999; 9999; 9999; 9999; 9999; 9999
1934;10; 9999; 9999; 9999; 9999; 9999; 9999; 9999; 9999; 9999; 9999; 9999; 9999; 9999; 9999; 9999; 9999; 9999; 9999; 9999; 9999; 9999; 9999; 9999; 9999; 9999; 9999; 9999; 9999; 9999; 9999; 9999
1934;11; 9999; 9999; 9999; 9999; 9999; 9999; 9999; 9999; 9999; 9999; 9999; 9999; 9999; 9999; 9999; 9999; 9999; 9999; 9999; 9999; 9999; 9999; 9999; 9999; 9999; 9999; 9999; 9999; 9999; 9999; 9999
1934;12; 9999; 9999; 9999; 9999; 9999; 9999; 9999; 9999; 9999; 9999; 9999; 9999; 9999; 9999; 9999; 9999; 9999; 9999; 9999; 9999; 9999; 9999; 9999; 9999; 9999; 9999; 9999; 9999; 9999; 9999; 9999
1935;01; 0; 29; 175; 10; 0; 23; 10; 302; 30; 12; 0; 0; 10; 0; 120; 120; 0; 0; 0; 245; 14; 97; 240; 620; 306; 360; 0; 118; 0; 50; 1005
1935;02; 9999; 9999; 9999; 9999; 9999; 9999; 9999; 9999; 9999; 9999; 9999; 9999; 9999; 9999; 9999; 9999; 9999; 9999; 9999; 9999; 9999; 9999; 9999; 9999; 9999; 9999; 9999; 9999; 9999; 9999; 9999
1935;03; 9999; 9999; 9999; 9999; 9999; 9999; 9999; 9999; 9999; 9999; 9999; 9999; 9999; 9999; 9999; 9999; 9999; 9999; 9999; 9999; 9999; 9999; 9999; 9999; 9999; 9999; 9999; 9999; 9999; 9999; 9999
1935;04; 9999; 9999; 9999; 9999; 9999; 9999; 9999; 9999; 9999; 9999; 9999; 9999; 9999; 9999; 9999; 9999; 9999; 9999; 9999; 9999; 9999; 9999; 9999; 9999; 9999; 9999; 9999; 9999; 9999; 9999; 9999
1935;05; 9999; 9999; 9999; 9999; 9999; 9999; 9999; 9999; 9999; 9999; 9999; 9999; 9999; 9999; 9999; 9999; 9999; 9999; 9999; 9999; 9999; 9999; 9999; 9999; 9999; 9999; 9999; 9999; 9999; 9999; 9999
1935;06; 9999; 9999; 9999; 9999; 9999; 9999; 9999; 9999; 9999; 9999; 9999; 9999; 9999; 9999; 9999; 9999; 9999; 9999; 9999; 9999; 9999; 9999; 9999; 9999; 9999; 9999; 9999; 9999; 9999; 9999; 9999
1935;07; 9999; 9999; 9999; 9999; 9999; 9999; 9999; 9999; 9999; 9999; 9999; 9999; 9999; 9999; 9999; 9999; 9999; 9999; 9999; 9999; 9999; 9999; 9999; 9999; 9999; 9999; 9999; 9999; 9999; 9999; 9999
1935;08; 9999; 9999; 9999; 9999; 9999; 9999; 9999; 9999; 9999; 9999; 9999; 9999; 9999; 9999; 9999; 9999; 9999; 9999; 9999; 9999; 9999; 9999; 9999; 9999; 9999; 9999; 9999; 9999; 9999; 9999; 9999
1935;09; 9999; 9999; 9999; 9999; 9999; 9999; 9999; 9999; 9999; 9999; 9999; 9999; 9999; 9999; 9999; 9999; 9999; 9999; 9999; 9999; 9999; 9999; 9999; 9999; 9999; 9999; 9999; 9999; 9999; 9999; 9999
1935;10; 0; 0; 0; 0; 0; 0; 0; 0; 0; 0; 0; 0; 0; 0; 0; 9999; 9999; 9999; 9999; 9999; 9999; 9999; 9999; 9999; 9999; 9999; 9999; 9999; 9999; 9999; 9999
1935;11; 0; 0; 0; 0; 0; 0; 0; 0; 0; 0; 0; 0; 0; 0; 0; 9999; 9999; 9999; 9999; 9999; 9999; 9999; 9999; 9999; 9999; 9999; 9999; 9999; 9999; 9999; 9999
1935;12; 0; 0; 0; 0; 0; 0; 0; 0; 0; 0; 0; 0; 0; 0; 0; 9999; 9999; 9999; 9999; 9999; 9999; 9999; 9999; 9999; 9999; 9999; 9999; 9999; 9999; 9999; 9999
1936;01; 9999; 9999; 9999; 9999; 9999; 9999; 9999; 9999; 9999; 9999; 9999; 9999; 9999; 9999; 9999; 9999; 9999; 9999; 9999; 9999; 9999; 9999; 9999; 9999; 9999; 9999; 9999; 9999; 9999; 9999; 9999
1936;02; 9999; 9999; 9999; 9999; 9999; 9999; 9999; 9999; 9999; 9999; 9999; 9999; 9999; 9999; 9999; 9999; 9999; 9999; 9999; 9999; 9999; 9999; 9999; 9999; 9999; 9999; 9999; 9999; 9999; 9999; 9999
1936;03; 9999; 9999; 9999; 9999; 9999; 9999; 9999; 9999; 9999; 9999; 9999; 9999; 9999; 9999; 9999; 9999; 9999; 9999; 9999; 9999; 9999; 9999; 9999; 9999; 9999; 9999; 9999; 9999; 9999; 9999; 9999
1936;04; 9999; 9999; 9999; 9999; 9999; 9999; 9999; 9999; 9999; 9999; 9999; 9999; 9999; 9999; 9999; 9999; 9999; 9999; 9999; 9999; 9999; 9999; 9999; 9999; 9999; 9999; 9999; 9999; 9999; 9999; 9999
1936;05; 9999; 9999; 9999; 9999; 9999; 9999; 9999; 9999; 9999; 9999; 9999; 9999; 9999; 9999; 9999; 9999; 9999; 9999; 9999; 9999; 9999; 9999; 9999; 9999; 9999; 9999; 9999; 9999; 9999; 9999; 9999
1936;06; 9999; 9999; 9999; 9999; 9999; 9999; 9999; 9999; 9999; 9999; 9999; 9999; 9999; 9999; 9999; 9999; 9999; 9999; 9999; 9999; 9999; 9999; 9999; 9999; 9999; 9999; 9999; 9999; 9999; 9999; 9999
1936;07; 9999; 9999; 9999; 9999; 9999; 9999; 9999; 9999; 9999; 9999; 9999; 9999; 9999; 9999; 9999; 9999; 9999; 9999; 9999; 9999; 9999; 9999; 9999; 9999; 9999; 9999; 9999; 9999; 9999; 9999; 9999
1936;08; 9999; 9999; 9999; 9999; 9999; 9999; 9999; 9999; 9999; 9999; 9999; 9999; 9999; 9999; 9999; 9999; 9999; 9999; 9999; 9999; 9999; 9999; 9999; 9999; 9999; 9999; 9999; 9999; 9999; 9999; 9999
1936;09; 9999; 9999; 9999; 9999; 9999; 9999; 9999; 9999; 9999; 9999; 9999; 9999; 9999; 9999; 9999; 9999; 9999; 9999; 9999; 9999; 9999; 9999; 9999; 9999; 9999; 9999; 9999; 9999; 9999; 9999; 9999
1936;10; 9999; 9999; 9999; 9999; 9999; 9999; 9999; 9999; 9999; 9999; 9999; 9999; 9999; 9999; 9999; 9999; 9999; 9999; 9999; 9999; 9999; 9999; 9999; 9999; 9999; 9999; 9999; 9999; 9999; 9999; 9999
1936;11; 9999; 9999; 9999; 9999; 9999; 9999; 9999; 9999; 9999; 9999; 9999; 9999; 9999; 9999; 9999; 9999; 9999; 9999; 9999; 9999; 9999; 9999; 9999; 9999; 9999; 9999; 9999; 9999; 9999; 9999; 9999
1936;12; 9999; 9999; 9999; 9999; 9999; 9999; 9999; 9999; 9999; 9999; 9999; 9999; 9999; 9999; 9999; 9999; 9999; 9999; 9999; 9999; 9999; 9999; 9999; 9999; 9999; 9999; 9999; 9999; 9999; 9999; 9999
1937;01; 9999; 9999; 9999; 9999; 9999; 9999; 9999; 9999; 9999; 9999; 9999; 9999; 9999; 9999; 9999; 9999; 9999; 9999; 9999; 9999; 9999; 9999; 9999; 9999; 9999; 9999; 9999; 9999; 9999; 9999; 9999
1937;02; 9999; 9999; 9999; 9999; 9999; 9999; 9999; 9999; 9999; 9999; 9999; 9999; 9999; 9999; 9999; 9999; 9999; 9999; 9999; 9999; 9999; 9999; 9999; 9999; 9999; 9999; 9999; 9999; 9999; 9999; 9999
1937;03; 9999; 9999; 9999; 9999; 9999; 9999; 9999; 9999; 9999; 9999; 9999; 9999; 9999; 9999; 9999; 9999; 9999; 9999; 9999; 9999; 9999; 9999; 9999; 9999; 9999; 9999; 9999; 9999; 9999; 9999; 9999
1937;04; 9999; 9999; 9999; 9999; 9999; 9999; 9999; 9999; 9999; 9999; 9999; 9999; 9999; 9999; 9999; 9999; 9999; 9999; 9999; 9999; 9999; 9999; 9999; 9999; 9999; 9999; 9999; 9999; 9999; 9999; 9999
1937;05; 9999; 9999; 9999; 9999; 9999; 9999; 9999; 9999; 9999; 9999; 9999; 9999; 9999; 9999; 9999; 9999; 9999; 9999; 9999; 9999; 9999; 9999; 9999; 9999; 9999; 9999; 9999; 9999; 9999; 9999; 9999
1937;06; 9999; 9999; 9999; 9999; 9999; 9999; 9999; 9999; 9999; 9999; 9999; 9999; 9999; 9999; 9999; 9999; 9999; 9999; 9999; 9999; 9999; 9999; 9999; 9999; 9999; 9999; 9999; 9999; 9999; 9999; 9999
1937;07; 9999; 9999; 9999; 9999; 9999; 9999; 9999; 9999; 9999; 9999; 9999; 9999; 9999; 9999; 9999; 9999; 9999; 9999; 9999; 9999; 9999; 9999; 9999; 9999; 9999; 9999; 9999; 9999; 9999; 9999; 9999
1937;08; 9999; 9999; 9999; 9999; 9999; 9999; 9999; 9999; 9999; 9999; 9999; 9999; 9999; 9999; 9999; 9999; 9999; 9999; 9999; 9999; 9999; 9999; 9999; 9999; 9999; 9999; 9999; 9999; 9999; 9999; 9999
1937;09; 9999; 9999; 9999; 9999; 9999; 9999; 9999; 9999; 9999; 9999; 9999; 9999; 9999; 9999; 9999; 9999; 9999; 9999; 9999; 9999; 9999; 9999; 9999; 9999; 9999; 9999; 9999; 9999; 9999; 9999; 9999
1937;10; 9999; 9999; 9999; 9999; 9999; 9999; 9999; 9999; 9999; 9999; 9999; 9999; 9999; 9999; 9999; 9999; 9999; 9999; 9999; 9999; 9999; 9999; 9999; 9999; 9999; 9999; 9999; 9999; 9999; 9999; 9999
1937;11; 9999; 9999; 9999; 9999; 9999; 9999; 9999; 9999; 9999; 9999; 9999; 9999; 9999; 9999; 9999; 9999; 9999; 9999; 9999; 9999; 9999; 9999; 9999; 9999; 9999; 9999; 9999; 9999; 9999; 9999; 9999
1937;12; 9999; 9999; 9999; 9999; 9999; 9999; 9999; 9999; 9999; 9999; 9999; 9999; 9999; 9999; 9999; 9999; 9999; 9999; 9999; 9999; 9999; 9999; 9999; 9999; 9999; 9999; 9999; 9999; 9999; 9999; 9999
1938;01; 9999; 9999; 9999; 9999; 9999; 9999; 9999; 9999; 9999; 9999; 9999; 9999; 9999; 9999; 9999; 9999; 9999; 9999; 9999; 9999; 9999; 9999; 9999; 9999; 9999; 9999; 9999; 9999; 9999; 9999; 9999
1938;02; 9999; 9999; 9999; 9999; 9999; 9999; 9999; 9999; 9999; 9999; 9999; 9999; 9999; 9999; 9999; 9999; 9999; 9999; 9999; 9999; 9999; 9999; 9999; 9999; 9999; 9999; 9999; 9999; 9999; 9999; 9999
1938;03; 9999; 9999; 9999; 9999; 9999; 9999; 9999; 9999; 9999; 9999; 9999; 9999; 9999; 9999; 9999; 9999; 9999; 9999; 9999; 9999; 9999; 9999; 9999; 9999; 9999; 9999; 9999; 9999; 9999; 9999; 9999
1938;04; 9999; 9999; 9999; 9999; 9999; 9999; 9999; 9999; 9999; 9999; 9999; 9999; 9999; 9999; 9999; 9999; 9999; 9999; 9999; 9999; 9999; 9999; 9999; 9999; 9999; 9999; 9999; 9999; 9999; 9999; 9999
1938;05; 9999; 9999; 9999; 9999; 9999; 9999; 9999; 9999; 9999; 9999; 9999; 9999; 9999; 9999; 9999; 9999; 9999; 9999; 9999; 9999; 9999; 9999; 9999; 9999; 9999; 9999; 9999; 9999; 9999; 9999; 9999
1938;06; 9999; 9999; 9999; 9999; 9999; 9999; 9999; 9999; 9999; 9999; 9999; 9999; 9999; 9999; 9999; 9999; 9999; 9999; 9999; 9999; 9999; 9999; 9999; 9999; 9999; 9999; 9999; 9999; 9999; 9999; 9999
1938;07; 9999; 9999; 9999; 9999; 9999; 9999; 9999; 9999; 9999; 9999; 9999; 9999; 9999; 9999; 9999; 9999; 9999; 9999; 9999; 9999; 9999; 9999; 9999; 9999; 9999; 9999; 9999; 9999; 9999; 9999; 9999
1938;08; 9999; 9999; 9999; 9999; 9999; 9999; 9999; 9999; 9999; 9999; 9999; 9999; 9999; 9999; 9999; 9999; 9999; 9999; 9999; 9999; 9999; 9999; 9999; 9999; 9999; 9999; 9999; 9999; 9999; 9999; 9999
1938;09; 9999; 9999; 9999; 9999; 9999; 9999; 9999; 9999; 9999; 9999; 9999; 9999; 9999; 9999; 9999; 9999; 9999; 9999; 9999; 9999; 9999; 9999; 9999; 9999; 9999; 9999; 9999; 9999; 9999; 9999; 9999
1938;10; 9999; 9999; 9999; 9999; 9999; 9999; 9999; 9999; 9999; 9999; 9999; 9999; 9999; 9999; 9999; 9999; 9999; 9999; 9999; 9999; 9999; 9999; 9999; 9999; 9999; 9999; 9999; 9999; 9999; 9999; 9999
1938;11; 9999; 9999; 9999; 9999; 9999; 9999; 9999; 9999; 9999; 9999; 9999; 9999; 9999; 9999; 9999; 9999; 9999; 9999; 9999; 9999; 9999; 9999; 9999; 9999; 9999; 9999; 9999; 9999; 9999; 9999; 9999
1938;12; 9999; 9999; 9999; 9999; 9999; 9999; 9999; 9999; 9999; 9999; 9999; 9999; 9999; 9999; 9999; 9999; 9999; 9999; 9999; 9999; 9999; 9999; 9999; 9999; 9999; 9999; 9999; 9999; 9999; 9999; 9999
1939;01; 9999; 9999; 9999; 9999; 9999; 9999; 9999; 9999; 9999; 9999; 9999; 9999; 9999; 9999; 9999; 9999; 9999; 9999; 9999; 9999; 9999; 9999; 9999; 9999; 9999; 9999; 9999; 9999; 9999; 9999; 9999
1939;02; 9999; 9999; 9999; 9999; 9999; 9999; 9999; 9999; 9999; 9999; 9999; 9999; 9999; 9999; 9999; 9999; 9999; 9999; 9999; 9999; 9999; 9999; 9999; 9999; 9999; 9999; 9999; 9999; 9999; 9999; 9999
1939;03; 9999; 9999; 9999; 9999; 9999; 9999; 9999; 9999; 9999; 9999; 9999; 9999; 9999; 9999; 9999; 9999; 9999; 9999; 9999; 9999; 9999; 9999; 9999; 9999; 9999; 9999; 9999; 9999; 9999; 9999; 9999
1939;04; 9999; 9999; 9999; 9999; 9999; 9999; 9999; 9999; 9999; 9999; 9999; 9999; 9999; 9999; 9999; 9999; 9999; 9999; 9999; 9999; 9999; 9999; 9999; 9999; 9999; 9999; 9999; 9999; 9999; 9999; 9999
1939;05; 9999; 9999; 9999; 9999; 9999; 9999; 9999; 9999; 9999; 9999; 9999; 9999; 9999; 9999; 9999; 9999; 9999; 9999; 9999; 9999; 9999; 9999; 9999; 9999; 9999; 9999; 9999; 9999; 9999; 9999; 9999
1939;06; 9999; 9999; 9999; 9999; 9999; 9999; 9999; 9999; 9999; 9999; 9999; 9999; 9999; 9999; 9999; 9999; 9999; 9999; 9999; 9999; 9999; 9999; 9999; 9999; 9999; 9999; 9999; 9999; 9999; 9999; 9999
1939;07; 9999; 9999; 9999; 9999; 9999; 9999; 9999; 9999; 9999; 9999; 9999; 9999; 9999; 9999; 9999; 9999; 9999; 9999; 9999; 9999; 9999; 9999; 9999; 9999; 9999; 9999; 9999; 9999; 9999; 9999; 9999
1939;08; 9999; 9999; 9999; 9999; 9999; 9999; 9999; 9999; 9999; 9999; 9999; 9999; 9999; 9999; 9999; 9999; 9999; 9999; 9999; 9999; 9999; 9999; 9999; 9999; 9999; 9999; 9999; 9999; 9999; 9999; 9999
1939;09; 9999; 9999; 9999; 9999; 9999; 9999; 9999; 9999; 9999; 9999; 9999; 9999; 9999; 9999; 9999; 9999; 9999; 9999; 9999; 9999; 9999; 9999; 9999; 9999; 9999; 9999; 9999; 9999; 9999; 9999; 9999
1939;10; 9999; 9999; 9999; 9999; 9999; 9999; 9999; 9999; 9999; 9999; 9999; 9999; 9999; 9999; 9999; 9999; 9999; 9999; 9999; 9999; 9999; 9999; 9999; 9999; 9999; 9999; 9999; 9999; 9999; 9999; 9999
1939;11; 9999; 9999; 9999; 9999; 9999; 9999; 9999; 9999; 9999; 9999; 9999; 9999; 9999; 9999; 9999; 9999; 9999; 9999; 9999; 9999; 9999; 9999; 9999; 9999; 9999; 9999; 9999; 9999; 9999; 9999; 9999
1939;12; 9999; 9999; 9999; 9999; 9999; 9999; 9999; 9999; 9999; 9999; 9999; 9999; 9999; 9999; 9999; 9999; 9999; 9999; 9999; 9999; 9999; 9999; 9999; 9999; 9999; 9999; 9999; 9999; 9999; 9999; 9999
1940;01; 103; 0; 0; 40; 0; 0; 1257; 1070; 248; 0; 60; 364; 0; 6; 0; 0; 250; 0; 97; 0; 20; 14; 0; 12; 0; 64; 0; 217; 0; 25; 100
1940;02; 62; 270; 352; 0; 0; 0; 416; 8; 0; 0; 425; 110; 351; 152; 70; 0; 24; 100; 484; 110; 0; 145; 0; 125; 27; 0; 17; 70; 39; 9999; 9999
1940;03; 0; 0; 28; 0; 0; 0; 0; 236; 129; 218; 384; 71; 0; 61; 38; 0; 6; 0; 10; 0; 0; 0; 0; 0; 0; 0; 0; 0; 1166; 25; 0
1940;04; 0; 0; 0; 58; 6; 0; 78; 47; 0; 266; 0; 74; 0; 0; 14; 61; 15; 5; 10; 0; 0; 0; 0; 0; 0; 0; 0; 0; 35; 7; 9999
1940;05; 0; 0; 829; 91; 0; 200; 200; 0; 0; 0; 0; 0; 0; 0; 0; 0; 0; 0; 0; 0; 0; 0; 0; 0; 0; 0; 0; 0; 0; 0; 132
1940;06; 153; 0; 0; 0; 0; 0; 0; 0; 0; 0; 0; 0; 0; 0; 0; 33; 0; 0; 0; 0; 0; 0; 122; 75; 0; 0; 0; 0; 0; 12; 9999
1940;07; 18; 0; 0; 0; 0; 0; 0; 0; 0; 0; 0; 0; 0; 0; 0; 0; 0; 0; 0; 0; 0; 45; 0; 0; 0; 0; 0; 0; 0; 0; 0
1940;08; 0; 0; 0; 0; 0; 0; 0; 46; 0; 0; 0; 0; 0; 0; 0; 0; 0; 29; 9; 0; 0; 0; 0; 0; 0; 150; 210; 0; 0; 0; 39
1940;09; 0; 0; 0; 0; 0; 0; 0; 0; 0; 0; 0; 392; 0; 0; 0; 0; 0; 0; 0; 0; 26; 86; 13; 275; 310; 30; 0; 0; 0; 0; 9999
1940;10; 0; 0; 57; 0; 0; 0; 0; 42; 43; 0; 361; 110; 108; 10; 0; 0; 0; 259; 192; 24; 20; 0; 0; 80; 55; 194; 154; 461; 33; 12; 20
1940;11; 0; 0; 64; 57; 13; 249; 0; 0; 0; 0; 10; 31; 16; 181; 225; 256; 87; 0; 0; 0; 0; 0; 0; 0; 51; 200; 476; 0; 10; 0; 9999
1940;12; 0; 24; 0; 0; 0; 0; 0; 0; 0; 0; 38; 44; 0; 330; 194; 0; 34; 0; 150; 44; 124; 158; 270; 0; 30; 0; 0; 0; 50; 30; 10
1941;01; 0; 0; 0; 0; 0; 0; 0; 0; 110; 142; 33; 0; 187; 53; 0; 206; 0; 0; 48; 0; 0; 92; 0; 404; 229; 0; 0; 0; 0; 0; 0
1941;02; 0; 200; 25; 0; 0; 141; 0; 0; 0; 127; 6; 0; 0; 0; 0; 0; 210; 418; 142; 0; 0; 0; 248; 243; 545; 114; 0; 0; 9999; 9999; 9999
1941;03; 0; 58; 29; 0; 48; 276; 185; 131; 0; 0; 0; 0; 0; 0; 0; 250; 200; 143; 0; 0; 200; 247; 206; 200; 140; 56; 10; 0; 0; 0; 0
1941;04; 91; 8; 257; 37; 0; 0; 0; 0; 45; 0; 0; 65; 0; 0; 0; 0; 0; 140; 0; 0; 0; 0; 0; 0; 0; 0; 0; 0; 0; 0; 9999
1941;05; 0; 0; 0; 0; 0; 0; 88; 0; 0; 0; 0; 0; 0; 0; 0; 494; 50; 0; 0; 0; 0; 0; 0; 0; 0; 0; 0; 81; 0; 0; 0
1941;06; 0; 0; 0; 0; 0; 0; 0; 0; 0; 0; 0; 0; 369; 0; 0; 0; 0; 0; 0; 0; 0; 0; 0; 0; 200; 71; 0; 0; 28; 0; 9999
1941;07; 0; 0; 0; 0; 0; 62; 0; 0; 0; 127; 0; 0; 0; 0; 145; 285; 0; 0; 0; 0; 0; 0; 0; 0; 0; 0; 0; 0; 0; 0; 0
1941;08; 0; 0; 0; 0; 0; 108; 0; 0; 0; 0; 0; 0; 0; 0; 0; 14; 0; 114; 40; 0; 0; 0; 0; 10; 0; 0; 0; 0; 0; 0; 0
1941;09; 0; 96; 430; 200; 0; 165; 55; 0; 0; 0; 11; 122; 0; 557; 0; 50; 0; 58; 0; 0; 110; 303; 0; 215; 6; 165; 240; 10; 0; 0; 9999
1941;10; 206; 0; 0; 11; 86; 34; 0; 438; 120; 13; 0; 29; 0; 22; 0; 53; 100; 0; 0; 0; 67; 109; 0; 0; 0; 0; 0; 43; 0; 0; 52
1941;11; 72; 0; 0; 0; 0; 300; 94; 60; 30; 0; 0; 0; 260; 0; 0; 0; 382; 11; 15; 0; 20; 39; 51; 0; 0; 150; 0; 0; 0; 0; 9999
1941;12; 0; 362; 47; 67; 21; 0; 0; 0; 0; 351; 26; 0; 189; 210; 513; 100; 0; 0; 0; 0; 31; 22; 290; 42; 0; 0; 0; 0; 130; 236; 200
1942;01; 167; 0; 0; 0; 0; 842; 0; 0; 0; 278; 0; 0; 0; 0; 0; 0; 0; 0; 0; 91; 150; 10; 0; 68; 26; 0; 175; 49; 100; 211; 0
1942;02; 175; 53; 0; 7; 0; 0; 0; 173; 117; 42; 0; 35; 115; 0; 0; 0; 40; 105; 342; 124; 167; 0; 211; 0; 0; 141; 93; 174; 9999; 9999; 9999
1942;03; 17; 165; 6; 0; 62; 58; 48; 50; 166; 50; 200; 88; 71; 0; 0; 0; 560; 0; 0; 0; 0; 0; 0; 0; 0; 0; 48; 197; 0; 0; 303
1942;04; 121; 0; 0; 0; 0; 0; 82; 270; 40; 0; 0; 0; 0; 423; 100; 180; 18; 29; 0; 541; 0; 0; 0; 0; 0; 0; 0; 0; 0; 144; 9999
1942;05; 5; 0; 0; 48; 32; 13; 45; 0; 0; 0; 0; 0; 0; 4; 0; 0; 0; 0; 0; 0; 10; 0; 0; 0; 0; 0; 0; 0; 0; 0; 0
1942;06; 0; 0; 0; 0; 0; 0; 0; 90; 0; 145; 105; 0; 0; 0; 0; 275; 8; 0; 0; 0; 0; 0; 0; 0; 0; 0; 38; 0; 0; 0; 9999
1942;07; 0; 0; 113; 281; 28; 0; 0; 0; 58; 234; 108; 0; 0; 0; 0; 13; 0; 0; 46; 0; 0; 0; 344; 16; 0; 0; 0; 0; 0; 5; 11
1942;08; 0; 0; 0; 0; 0; 0; 0; 0; 0; 0; 0; 0; 160; 0; 0; 0; 0; 0; 0; 65; 0; 0; 19; 0; 0; 89; 0; 0; 0; 0; 0
1942;09; 0; 0; 0; 0; 0; 0; 76; 0; 0; 0; 0; 0; 0; 0; 0; 165; 0; 0; 0; 90; 0; 0; 0; 80; 0; 35; 0; 0; 0; 20; 9999
1942;10; 0; 0; 0; 0; 0; 0; 0; 0; 11; 0; 0; 0; 0; 21; 42; 5; 22; 0; 0; 0; 0; 0; 21; 239; 0; 43; 0; 21; 313; 76; 0
1942;11; 0; 45; 4; 0; 0; 0; 0; 78; 405; 26; 0; 0; 0; 44; 0; 0; 19; 149; 133; 72; 150; 0; 0; 0; 0; 23; 163; 0; 0; 0; 9999
1942;12; 208; 642; 215; 12; 42; 0; 0; 0; 161; 0; 0; 0; 0; 54; 298; 53; 118; 15; 0; 0; 0; 0; 71; 5; 0; 0; 0; 0; 0; 0; 0
1943;01; 0; 0; 0; 39; 0; 0; 13; 1083; 0; 0; 0; 0; 0; 148; 21; 0; 0; 0; 404; 53; 134; 12; 0; 185; 0; 0; 0; 0; 124; 282; 224
1943;02; 257; 127; 52; 0; 0; 0; 0; 0; 0; 0; 291; 44; 0; 0; 121; 116; 0; 124; 0; 0; 12; 0; 0; 48; 85; 0; 0; 9; 9999; 9999; 9999
1943;03; 0; 0; 0; 0; 0; 72; 36; 0; 0; 0; 0; 58; 0; 94; 82; 0; 0; 0; 0; 0; 0; 0; 0; 34; 0; 0; 0; 12; 0; 0; 31
1943;04; 49; 0; 0; 0; 0; 0; 0; 0; 0; 0; 234; 0; 0; 0; 113; 0; 0; 0; 0; 23; 0; 0; 0; 128; 0; 135; 119; 25; 0; 0; 9999
1943;05; 0; 97; 32; 0; 0; 0; 0; 0; 66; 4; 0; 0; 0; 0; 0; 0; 0; 0; 0; 0; 0; 0; 6; 12; 0; 0; 0; 0; 0; 0; 31
1943;06; 138; 0; 0; 0; 0; 11; 0; 58; 71; 521; 0; 0; 2; 0; 0; 0; 0; 0; 29; 0; 0; 0; 0; 0; 63; 0; 0; 0; 0; 0; 9999
1943;07; 0; 0; 0; 0; 0; 80; 0; 5; 56; 0; 0; 0; 0; 0; 0; 0; 0; 0; 16; 78; 9; 0; 0; 0; 0; 0; 0; 0; 0; 4; 0
1943;08; 0; 0; 101; 39; 45; 118; 96; 4; 0; 0; 0; 86; 8; 87; 80; 14; 0; 0; 0; 0; 0; 43; 189; 463; 74; 5; 0; 0; 15; 2; 0
1943;09; 0; 0; 0; 0; 0; 0; 0; 0; 0; 0; 40; 0; 13; 252; 25; 0; 0; 0; 11; 0; 0; 40; 284; 128; 19; 19; 31; 0; 0; 0; 9999
1943;10; 0; 0; 0; 59; 76; 4; 0; 0; 10; 164; 143; 66; 109; 77; 131; 588; 80; 0; 0; 0; 19; 250; 135; 30; 68; 0; 155; 313; 69; 21; 0
1943;11; 43; 0; 12; 0; 0; 14; 58; 12; 3; 45; 74; 0; 6; 0; 12; 6; 0; 244; 136; 0; 0; 7; 24; 87; 16; 13; 0; 0; 0; 203; 9999
1943;12; 144; 187; 48; 0; 19; 0; 0; 0; 0; 0; 0; 36; 7; 0; 22; 33; 182; 96; 90; 57; 105; 121; 45; 70; 0; 0; 5; 0; 22; 36; 24
1944;01; 0; 66; 18; 0; 7; 32; 0; 272; 0; 104; 0; 52; 127; 24; 0; 0; 38; 54; 249; 126; 2; 0; 0; 123; 63; 0; 0; 79; 0; 252; 3
1944;02; 0; 39; 507; 347; 16; 29; 102; 0; 0; 892; 6; 0; 0; 0; 26; 18; 14; 17; 994; 78; 215; 150; 0; 4; 323; 0; 383; 687; 47; 9999; 9999
1944;03; 0; 0; 2; 178; 5; 82; 6; 0; 3; 44; 0; 0; 47; 584; 48; 0; 0; 2; 5; 107; 0; 0; 0; 0; 6; 11; 0; 0; 0; 0; 0
1944;04; 0; 162; 0; 2; 1; 0; 3; 0; 0; 0; 96; 111; 36; 0; 0; 27; 0; 403; 26; 216; 197; 105; 0; 3; 0; 0; 1; 0; 0; 460; 9999
1944;05; 0; 6; 0; 1; 3; 4; 3; 2; 0; 0; 82; 135; 10; 0; 1; 0; 20; 0; 3; 0; 114; 57; 0; 0; 0; 123; 3; 0; 0; 0; 0
1944;06; 0; 0; 0; 0; 3; 0; 0; 1; 24; 0; 0; 0; 0; 0; 0; 0; 0; 0; 0; 0; 0; 0; 76; 2; 0; 0; 0; 0; 13; 245; 9999
1944;07; 0; 0; 2; 0; 0; 69; 209; 0; 0; 16; 82; 27; 5; 3; 3; 0; 0; 0; 0; 0; 0; 0; 24; 67; 83; 5; 2; 0; 3; 0; 2
1944;08; 2; 0; 4; 0; 0; 0; 0; 0; 2; 0; 0; 0; 0; 0; 0; 1; 0; 2; 121; 15; 2; 0; 1; 4; 2; 0; 0; 0; 12; 18; 4
1944;09; 0; 26; 0; 123; 3; 0; 2; 46; 1; 0; 5; 2; 1; 0; 0; 0; 0; 86; 16; 1; 2; 0; 0; 0; 0; 0; 13; 0; 2; 1; 9999
1944;10; 0; 0; 0; 2; 0; 0; 0; 15; 6; 2; 4; 11; 49; 77; 0; 0; 17; 3; 0; 294; 2; 0; 0; 0; 0; 112; 79; 0; 234; 0; 205
1944;11; 10; 0; 19; 0; 0; 39; 364; 259; 468; 3; 0; 0; 13; 16; 172; 4; 0; 0; 0; 13; 40; 85; 0; 377; 17; 157; 141; 40; 0; 0; 9999
1944;12; 0; 8; 243; 165; 142; 38; 8; 3; 0; 99; 83; 0; 0; 0; 3; 0; 71; 8; 0; 0; 0; 0; 111; 311; 169; 237; 363; 127; 24; 0; 16
1945;01; 0; 290; 25; 2; 0; 186; 609; 121; 0; 1; 1; 22; 35; 9; 0; 11; 11; 0; 534; 2; 160; 188; 277; 2; 0; 0; 11; 26; 2; 11; 231
1945;02; 1173; 116; 7; 240; 13; 63; 19; 70; 17; 0; 54; 0; 0; 0; 0; 0; 0; 174; 239; 60; 25; 2; 0; 0; 0; 7; 45; 57; 9999; 9999; 9999
1945;03; 5; 59; 34; 775; 21; 49; 88; 254; 191; 2; 0; 3; 2; 60; 76; 11; 40; 38; 0; 98; 12; 2; 1; 9; 0; 218; 295; 129; 11; 0; 0
1945;04; 3; 297; 232; 137; 66; 37; 91; 0; 4; 3; 4; 2; 0; 0; 0; 2; 10; 2; 35; 72; 0; 0; 0; 0; 1; 0; 0; 0; 35; 16; 9999
1945;05; 194; 3; 1; 2; 0; 0; 0; 0; 2; 0; 354; 81; 0; 2; 37; 41; 150; 211; 91; 10; 0; 0; 0; 0; 0; 2; 0; 150; 81; 0; 0
1945;06; 0; 0; 0; 0; 0; 0; 0; 0; 0; 0; 1; 2; 1; 0; 1; 0; 0; 0; 0; 107; 377; 0; 254; 267; 198; 23; 0; 0; 0; 0; 9999
1945;07; 0; 0; 0; 0; 59; 64; 0; 0; 0; 79; 178; 71; 0; 0; 0; 0; 0; 0; 0; 0; 0; 0; 0; 0; 0; 0; 0; 0; 0; 0; 0
1945;08; 0; 0; 0; 0; 0; 0; 0; 0; 0; 0; 0; 0; 0; 0; 0; 0; 0; 0; 0; 11; 59; 0; 0; 0; 0; 0; 0; 0; 0; 0; 51
1945;09; 115; 126; 0; 0; 0; 0; 0; 0; 80; 68; 43; 1; 0; 0; 0; 157; 81; 10; 0; 0; 0; 0; 0; 30; 0; 0; 0; 0; 38; 194; 9999
1945;10; 0; 0; 0; 5; 298; 14; 35; 0; 18; 32; 323; 0; 0; 0; 0; 0; 104; 4; 0; 0; 0; 0; 0; 0; 0; 0; 0; 23; 0; 76; 75
1945;11; 80; 194; 19; 0; 21; 119; 0; 120; 2; 0; 0; 0; 80; 30; 46; 0; 0; 0; 0; 11; 0; 178; 148; 3; 0; 0; 9; 0; 0; 0; 9999
1945;12; 0; 0; 0; 0; 233; 370; 44; 68; 52; 0; 0; 99; 0; 38; 254; 52; 12; 197; 73; 21; 0; 5; 0; 0; 0; 0; 123; 141; 288; 132; 247
1946;01; 83; 46; 7; 40; 0; 103; 204; 0; 0; 5; 49; 5; 7; 60; 139; 7; 0; 0; 590; 334; 136; 0; 0; 0; 0; 0; 86; 422; 2; 19; 0
1946;02; 94; 62; 64; 0; 0; 0; 0; 0; 12; 0; 94; 0; 0; 222; 21; 80; 36; 0; 34; 83; 0; 38; 10; 94; 74; 0; 0; 0; 9999; 9999; 9999
1946;03; 62; 0; 165; 14; 241; 126; 193; 81; 21; 43; 300; 0; 49; 197; 814; 44; 6; 64; 12; 0; 0; 0; 0; 280; 834; 60; 0; 0; 0; 0; 0
1946;04; 99; 95; 127; 13; 0; 0; 79; 13; 0; 0; 0; 10; 0; 0; 0; 0; 25; 0; 6; 0; 0; 0; 12; 0; 0; 0; 0; 0; 0; 0; 9999
1946;05; 0; 28; 0; 16; 26; 10; 0; 0; 0; 0; 0; 0; 70; 2; 0; 0; 0; 0; 0; 0; 0; 0; 0; 61; 0; 0; 0; 0; 0; 0; 0
1946;06; 0; 304; 194; 0; 0; 0; 0; 15; 27; 8; 0; 0; 0; 0; 0; 44; 0; 0; 0; 0; 3; 0; 0; 0; 0; 0; 0; 0; 0; 16; 9999
1946;07; 0; 0; 0; 0; 117; 17; 0; 0; 25; 0; 0; 7; 12; 77; 0; 236; 11; 0; 0; 1; 20; 0; 0; 62; 0; 33; 29; 0; 0; 0; 0
1946;08; 0; 18; 0; 0; 0; 0; 11; 0; 0; 0; 5; 0; 0; 0; 0; 0; 14; 0; 0; 0; 0; 0; 25; 0; 0; 0; 2; 25; 0; 0; 0
1946;09; 0; 0; 0; 0; 0; 0; 44; 0; 0; 0; 0; 0; 0; 0; 0; 6; 128; 1; 0; 0; 0; 0; 0; 15; 15; 0; 1; 0; 216; 679; 9999
1946;10; 9; 0; 0; 0; 0; 0; 0; 176; 425; 0; 0; 0; 124; 93; 10; 90; 4; 15; 347; 323; 109; 2; 288; 19; 26; 0; 0; 0; 0; 5; 0
1946;11; 0; 0; 150; 18; 0; 0; 131; 0; 216; 865; 81; 88; 0; 0; 0; 0; 0; 0; 0; 3; 13; 59; 0; 0; 0; 123; 6; 0; 0; 140; 9999
1946;12; 37; 17; 0; 0; 0; 0; 136; 1; 111; 94; 0; 0; 0; 0; 48; 68; 3; 0; 49; 0; 0; 166; 312; 240; 157; 1; 59; 0; 40; 22; 0
1947;01; 9; 101; 208; 179; 82; 23; 98; 0; 76; 0; 0; 144; 304; 71; 165; 0; 22; 0; 18; 203; 29; 0; 0; 308; 463; 481; 184; 414; 222; 32; 15
1947;02; 0; 0; 0; 0; 0; 96; 102; 0; 0; 0; 0; 0; 0; 304; 78; 775; 142; 261; 172; 167; 0; 0; 0; 0; 122; 402; 489; 100; 9999; 9999; 9999
1947;03; 463; 149; 268; 6; 0; 21; 864; 81; 0; 0; 0; 125; 38; 93; 225; 32; 0; 9; 121; 214; 29; 0; 24; 38; 23; 9; 0; 0; 0; 0; 0
1947;04; 29; 0; 0; 0; 0; 0; 110; 0; 264; 0; 3; 172; 2; 0; 0; 0; 0; 0; 59; 862; 24; 0; 0; 60; 19; 230; 0; 0; 0; 0; 9999
1947;05; 0; 0; 0; 129; 8; 2; 0; 0; 0; 16; 0; 0; 0; 0; 0; 0; 0; 0; 8; 441; 54; 0; 0; 0; 25; 1; 0; 3; 0; 0; 0
1947;06; 0; 0; 0; 0; 0; 0; 0; 0; 0; 0; 0; 0; 0; 0; 31; 13; 1; 0; 0; 76; 1723; 116; 81; 0; 0; 61; 0; 0; 0; 0; 9999
1947;07; 0; 0; 0; 24; 6; 144; 7; 0; 213; 249; 46; 0; 0; 0; 12; 6; 0; 0; 0; 0; 0; 0; 0; 0; 0; 0; 0; 36; 276; 17; 0
1947;08; 57; 248; 0; 0; 0; 2; 15; 0; 0; 0; 0; 10; 27; 15; 0; 0; 0; 16; 0; 0; 0; 0; 0; 0; 317; 341; 49; 104; 24; 0; 0
1947;09; 94; 145; 0; 107; 259; 9; 0; 0; 11; 1; 0; 0; 21; 71; 159; 32; 0; 12; 42; 0; 0; 0; 0; 201; 329; 136; 3; 0; 0; 0; 9999
1947;10; 0; 75; 45; 234; 38; 81; 0; 0; 136; 112; 23; 0; 0; 0; 0; 0; 0; 0; 2; 149; 128; 18; 0; 177; 128; 134; 2; 0; 0; 14; 0
1947;11; 0; 202; 133; 78; 30; 0; 36; 1; 0; 0; 0; 0; 35; 56; 164; 52; 0; 0; 0; 0; 0; 0; 0; 0; 225; 64; 86; 24; 1; 0; 9999
1947;12; 0; 93; 173; 62; 0; 0; 0; 0; 58; 12; 263; 175; 0; 0; 46; 124; 23; 185; 178; 464; 404; 243; 233; 2; 0; 0; 0; 0; 61; 18; 0
1948;01; 0; 0; 0; 0; 0; 0; 0; 0; 0; 0; 464; 199; 0; 66; 441; 126; 326; 2; 0; 0; 3; 276; 0; 0; 0; 29; 0; 0; 136; 0; 0
1948;02; 43; 0; 0; 45; 0; 912; 311; 0; 87; 0; 451; 56; 32; 0; 154; 13; 0; 6; 0; 58; 0; 89; 0; 8; 0; 0; 61; 15; 103; 9999; 9999
1948;03; 251; 486; 11; 0; 0; 0; 163; 55; 0; 0; 419; 568; 144; 260; 137; 22; 0; 0; 0; 0; 0; 0; 89; 0; 199; 261; 42; 0; 0; 0; 21
1948;04; 164; 0; 24; 179; 91; 19; 0; 0; 0; 82; 2; 0; 0; 0; 0; 0; 0; 0; 84; 0; 0; 1189; 18; 0; 0; 0; 0; 0; 0; 0; 9999
1948;05; 0; 469; 72; 39; 63; 14; 0; 104; 0; 0; 0; 0; 0; 0; 0; 0; 0; 229; 21; 0; 19; 75; 36; 2; 0; 0; 0; 84; 0; 2; 267
1948;06; 66; 2; 0; 0; 0; 0; 0; 0; 0; 0; 0; 0; 0; 0; 3; 0; 0; 0; 0; 0; 0; 0; 0; 0; 0; 0; 5; 0; 0; 0; 9999
1948;07; 0; 0; 0; 11; 57; 1; 0; 0; 0; 0; 0; 0; 0; 0; 0; 43; 9; 0; 0; 23; 7; 0; 0; 0; 57; 0; 4; 100; 357; 126; 99
1948;08; 45; 31; 26; 0; 0; 44; 28; 199; 0; 0; 0; 53; 31; 23; 2; 0; 0; 0; 0; 0; 0; 0; 0; 0; 0; 0; 62; 100; 308; 29; 0
1948;09; 0; 0; 0; 0; 0; 0; 0; 0; 0; 0; 268; 425; 14; 3; 0; 2; 0; 0; 0; 0; 0; 7; 0; 0; 0; 0; 0; 0; 0; 12; 9999
1948;10; 0; 0; 3; 69; 74; 33; 143; 79; 1; 0; 28; 1; 0; 10; 49; 193; 8; 0; 0; 0; 0; 0; 0; 0; 145; 76; 0; 32; 14; 34; 38
1948;11; 0; 0; 0; 26; 32; 0; 304; 81; 73; 0; 0; 73; 464; 16; 29; 0; 0; 45; 36; 6; 311; 60; 14; 0; 0; 0; 97; 562; 45; 0; 9999
1948;12; 0; 0; 0; 0; 54; 15; 0; 0; 41; 0; 14; 29; 0; 14; 2; 0; 166; 324; 591; 21; 0; 0; 0; 0; 0; 12; 220; 0; 0; 0; 0
1949;01; 0; 0; 0; 0; 0; 0; 0; 65; 0; 0; 359; 549; 151; 65; 486; 12; 33; 345; 519; 247; 75; 1; 4; 4; 49; 156; 329; 302; 0; 31; 3
1949;02; 208; 21; 0; 0; 0; 11; 0; 131; 678; 49; 0; 0; 0; 0; 0; 42; 338; 0; 0; 0; 7; 211; 0; 189; 0; 0; 0; 0; 9999; 9999; 9999
1949;03; 0; 0; 299; 81; 0; 0; 23; 66; 832; 0; 0; 0; 0; 0; 0; 0; 0; 0; 0; 251; 0; 26; 0; 0; 72; 24; 0; 16; 0; 0; 11
1949;04; 0; 106; 140; 332; 55; 0; 0; 0; 12; 8; 0; 0; 0; 9; 0; 0; 0; 0; 0; 0; 0; 0; 0; 0; 139; 0; 0; 0; 3; 0; 9999
1949;05; 0; 0; 0; 0; 38; 8; 0; 46; 0; 0; 82; 154; 28; 0; 54; 354; 59; 0; 0; 0; 0; 0; 0; 0; 0; 0; 0; 0; 0; 0; 0
1949;06; 0; 0; 0; 0; 0; 167; 1; 0; 0; 0; 0; 114; 0; 0; 0; 0; 352; 100; 0; 0; 0; 0; 0; 0; 0; 853; 92; 0; 0; 399; 9999
1949;07; 12; 15; 0; 0; 0; 0; 0; 267; 30; 0; 0; 0; 0; 0; 0; 0; 1; 86; 45; 0; 32; 65; 1; 0; 0; 3; 0; 0; 0; 0; 0
1949;08; 0; 0; 0; 0; 0; 0; 0; 0; 0; 149; 102; 3; 0; 0; 11; 64; 0; 0; 0; 0; 9; 5; 17; 5; 135; 100; 1; 0; 0; 0; 0
1949;09; 0; 0; 0; 0; 0; 63; 158; 42; 0; 0; 0; 0; 163; 32; 14; 15; 0; 19; 1; 0; 0; 58; 4; 0; 0; 0; 0; 0; 0; 0; 9999
1949;10; 0; 0; 0; 0; 39; 29; 17; 66; 36; 105; 14; 23; 47; 0; 0; 0; 229; 142; 126; 0; 0; 0; 0; 34; 5; 128; 22; 0; 52; 169; 5
1949;11; 1; 3; 0; 0; 0; 161; 138; 109; 0; 434; 239; 22; 0; 0; 0; 0; 0; 0; 0; 0; 0; 34; 54; 0; 0; 0; 0; 0; 0; 0; 9999
1949;12; 0; 267; 439; 0; 0; 0; 72; 97; 58; 0; 0; 0; 404; 180; 48; 54; 398; 1; 0; 0; 0; 0; 0; 322; 15; 0; 104; 136; 71; 81; 15
1950;01; 0; 0; 9; 0; 316; 326; 46; 82; 0; 47; 46; 36; 91; 95; 66; 0; 7; 0; 99; 225; 331; 152; 44; 69; 75; 13; 81; 441; 116; 0; 231
1950;02; 307; 6; 0; 0; 179; 182; 60; 22; 216; 419; 301; 4; 1; 335; 46; 20; 92; 0; 0; 0; 15; 90; 166; 73; 0; 0; 0; 0; 9999; 9999; 9999
1950;03; 0; 276; 0; 0; 0; 155; 84; 0; 0; 0; 224; 275; 357; 9; 0; 2; 163; 142; 8; 312; 660; 0; 0; 0; 0; 0; 0; 0; 0; 0; 0
1950;04; 0; 0; 62; 44; 0; 0; 0; 0; 0; 0; 0; 163; 285; 32; 216; 180; 0; 0; 0; 218; 0; 0; 0; 0; 0; 0; 196; 164; 2; 0; 9999
1950;05; 0; 0; 0; 30; 202; 0; 0; 0; 0; 0; 0; 0; 0; 0; 0; 0; 0; 132; 0; 0; 0; 2; 24; 0; 0; 0; 0; 0; 0; 79; 0
1950;06; 0; 0; 0; 0; 0; 0; 138; 0; 0; 0; 0; 0; 0; 0; 0; 135; 3; 0; 0; 0; 12; 0; 0; 0; 66; 9; 0; 0; 0; 0; 9999
1950;07; 0; 262; 0; 0; 7; 27; 0; 0; 0; 36; 0; 0; 0; 0; 0; 0; 0; 0; 0; 0; 0; 0; 0; 0; 0; 0; 0; 0; 0; 0; 0
1950;08; 0; 0; 114; 2; 0; 0; 0; 0; 0; 0; 0; 0; 0; 0; 26; 0; 0; 0; 0; 0; 0; 0; 0; 0; 0; 0; 0; 0; 0; 0; 0
1950;09; 0; 0; 0; 0; 0; 0; 0; 0; 2; 0; 0; 0; 41; 27; 0; 0; 0; 0; 0; 0; 0; 26; 106; 142; 1; 14; 0; 42; 30; 0; 9999
1950;10; 0; 337; 2; 0; 0; 204; 0; 0; 99; 12; 0; 222; 201; 0; 206; 74; 183; 20; 388; 55; 20; 1; 0; 0; 0; 0; 0; 0; 0; 0; 0
1950;11; 138; 67; 0; 0; 0; 0; 1; 3; 98; 0; 0; 0; 136; 34; 56; 0; 117; 221; 31; 26; 92; 0; 26; 11; 0; 0; 82; 3; 73; 0; 9999
1950;12; 0; 0; 0; 73; 35; 314; 92; 38; 15; 92; 145; 21; 0; 3; 222; 19; 1; 0; 0; 0; 0; 0; 0; 0; 0; 0; 0; 67; 104; 2; 0
1951;01; 163; 76; 0; 35; 448; 89; 41; 125; 0; 0; 0; 30; 16; 78; 258; 258; 34; 2; 409; 148; 72; 1; 0; 81; 14; 306; 0; 76; 3; 0; 38
1951;02; 0; 187; 94; 148; 49; 0; 0; 598; 82; 30; 19; 62; 0; 0; 0; 0; 0; 0; 89; 400; 59; 0; 18; 202; 21; 0; 0; 676; 9999; 9999; 9999
1951;03; 0; 0; 0; 0; 0; 107; 490; 116; 23; 0; 0; 0; 0; 0; 166; 84; 0; 29; 17; 2; 1; 0; 0; 0; 0; 292; 0; 0; 0; 0; 0
1951;04; 0; 318; 136; 42; 0; 0; 0; 0; 0; 0; 0; 0; 0; 0; 443; 148; 35; 0; 0; 0; 2; 468; 1; 0; 0; 0; 47; 0; 0; 0; 9999
1951;05; 0; 0; 0; 0; 0; 0; 0; 0; 0; 0; 0; 0; 0; 0; 0; 0; 0; 21; 0; 0; 0; 0; 0; 0; 0; 0; 0; 4; 0; 124; 5
1951;06; 324; 51; 0; 0; 0; 0; 19; 3; 0; 0; 0; 0; 0; 0; 0; 0; 0; 0; 0; 0; 0; 0; 0; 0; 0; 0; 4; 0; 22; 0; 9999
1951;07; 0; 0; 0; 46; 236; 0; 0; 12; 0; 154; 4; 0; 0; 0; 0; 0; 0; 0; 0; 0; 0; 0; 0; 248; 0; 0; 0; 0; 0; 0; 0
1951;08; 0; 0; 6; 22; 200; 9; 0; 0; 0; 0; 0; 0; 0; 0; 0; 19; 34; 0; 0; 0; 0; 212; 45; 0; 0; 0; 0; 0; 32; 152; 15
1951;09; 0; 0; 0; 0; 0; 0; 20; 5; 0; 0; 0; 0; 0; 0; 0; 24; 45; 0; 82; 6; 64; 0; 0; 0; 0; 0; 66; 0; 0; 115; 9999
1951;10; 85; 0; 0; 0; 0; 30; 0; 0; 0; 0; 140; 0; 0; 355; 50; 0; 3; 0; 389; 188; 130; 4; 0; 0; 199; 27; 0; 76; 189; 139; 0
1951;11; 0; 0; 0; 0; 8; 9; 4; 3; 87; 2; 0; 0; 1; 105; 0; 0; 16; 0; 20; 0; 0; 0; 0; 72; 503; 245; 17; 85; 1; 18; 9999
1951;12; 0; 0; 32; 1; 0; 0; 0; 370; 0; 0; 22; 71; 1450; 0; 0; 174; 362; 682; 114; 2; 0; 5; 109; 13; 0; 0; 0; 0; 0; 0; 6
1952;01; 213; 242; 0; 0; 0; 0; 22; 177; 66; 0; 0; 0; 1050; 10; 24; 263; 5; 51; 4; 0; 0; 0; 0; 0; 247; 14; 478; 43; 2; 0; 0
1952;02; 0; 0; 42; 9; 0; 0; 611; 67; 0; 0; 0; 111; 274; 173; 0; 0; 0; 0; 12; 28; 284; 946; 199; 4; 368; 102; 1; 0; 47; 9999; 9999
1952;03; 0; 23; 0; 56; 64; 0; 0; 0; 0; 15; 8; 108; 546; 0; 234; 62; 0; 0; 0; 0; 0; 0; 0; 0; 102; 104; 58; 1; 0; 0; 0
1952;04; 5; 0; 0; 0; 0; 0; 0; 0; 0; 0; 24; 6; 0; 0; 0; 0; 0; 0; 0; 0; 0; 0; 196; 34; 1; 0; 0; 0; 0; 0; 9999
1952;05; 71; 26; 0; 244; 146; 42; 6; 0; 0; 0; 0; 0; 0; 0; 0; 0; 0; 0; 0; 0; 0; 0; 0; 7; 149; 0; 0; 0; 0; 0; 0
1952;06; 0; 0; 0; 0; 0; 0; 0; 18; 406; 1; 4; 0; 0; 156; 188; 2; 200; 28; 0; 0; 249; 252; 0; 0; 0; 0; 0; 0; 4; 60; 9999
1952;07; 0; 51; 4; 0; 0; 0; 0; 0; 0; 0; 0; 0; 0; 0; 0; 0; 0; 0; 0; 0; 0; 0; 7; 13; 32; 0; 0; 0; 0; 0; 0
1952;08; 0; 0; 0; 0; 0; 0; 0; 0; 176; 34; 0; 0; 0; 0; 0; 0; 0; 0; 126; 9; 0; 0; 0; 0; 0; 0; 48; 1; 0; 0; 0
1952;09; 0; 0; 4; 1; 0; 94; 152; 0; 17; 190; 3; 0; 64; 41; 0; 0; 38; 181; 221; 10; 0; 0; 0; 0; 2; 1; 0; 0; 0; 0; 9999
1952;10; 0; 0; 0; 0; 0; 0; 0; 109; 45; 43; 45; 14; 164; 65; 1; 0; 0; 0; 26; 64; 0; 1; 0; 17; 18; 108; 1; 141; 291; 46; 0
1952;11; 256; 58; 22; 51; 33; 12; 16; 0; 0; 0; 43; 2; 84; 0; 0; 0; 0; 12; 0; 240; 252; 433; 36; 0; 0; 0; 0; 0; 0; 0; 9999
1952;12; 0; 96; 0; 0; 36; 68; 0; 0; 0; 36; 1; 169; 606; 12; 0; 0; 0; 0; 0; 42; 0; 39; 12; 0; 0; 0; 0; 0; 0; 46; 224
1953;01; 76; 204; 1; 36; 15; 0; 32; 0; 108; 0; 0; 0; 0; 4; 0; 0; 0; 0; 0; 0; 0; 0; 0; 34; 998; 18; 16; 0; 296; 81; 0
1953;02; 0; 11; 456; 22; 0; 0; 0; 0; 0; 0; 171; 235; 16; 294; 839; 99; 16; 7; 0; 73; 0; 0; 0; 0; 51; 1; 58; 0; 9999; 9999; 9999
1953;03; 0; 321; 0; 0; 0; 0; 0; 0; 0; 0; 36; 132; 49; 395; 0; 0; 0; 0; 0; 24; 0; 0; 213; 6; 68; 223; 133; 4; 18; 36; 0
1953;04; 48; 0; 68; 1; 47; 13; 0; 68; 1; 0; 0; 12; 0; 0; 0; 0; 119; 17; 0; 0; 0; 104; 138; 84; 186; 94; 3; 1; 0; 0; 9999
1953;05; 0; 0; 0; 266; 54; 0; 0; 0; 0; 0; 9; 56; 222; 0; 0; 0; 0; 0; 0; 0; 0; 0; 0; 0; 0; 99; 158; 0; 0; 0; 0
1953;06; 158; 1; 91; 0; 1; 0; 0; 0; 0; 11; 87; 1; 0; 0; 0; 0; 0; 0; 0; 11; 1; 0; 0; 0; 0; 0; 0; 0; 0; 0; 9999
1953;07; 0; 0; 0; 0; 0; 0; 3; 0; 0; 19; 1; 0; 0; 0; 0; 0; 0; 0; 8; 53; 14; 1; 0; 0; 0; 0; 0; 0; 0; 0; 349
1953;08; 959; 7; 382; 171; 0; 0; 0; 0; 0; 0; 0; 0; 0; 0; 0; 0; 0; 0; 0; 0; 0; 0; 0; 512; 44; 0; 8; 44; 2; 0; 0
1953;09; 0; 0; 0; 0; 9; 0; 0; 0; 0; 0; 6; 18; 0; 0; 0; 98; 96; 14; 0; 0; 12; 0; 0; 0; 3; 0; 0; 2; 0; 0; 9999
1953;10; 0; 0; 24; 113; 28; 30; 0; 28; 54; 6; 5; 109; 11; 0; 0; 0; 0; 0; 212; 69; 0; 0; 65; 0; 0; 0; 70; 17; 10; 78; 4
1953;11; 34; 46; 1; 42; 3; 0; 8; 64; 29; 0; 0; 2; 28; 146; 82; 0; 0; 0; 0; 348; 112; 0; 0; 11; 0; 0; 0; 0; 0; 19; 9999
1953;12; 0; 0; 0; 71; 362; 331; 1; 89; 2; 0; 0; 0; 37; 8; 10; 0; 56; 6; 0; 42; 13; 0; 0; 0; 0; 0; 0; 0; 142; 39; 0
1954;01; 0; 0; 123; 492; 36; 32; 9; 4; 0; 0; 0; 304; 229; 10; 0; 104; 0; 0; 30; 0; 0; 0; 102; 0; 0; 0; 0; 0; 0; 0; 0
1954;02; 0; 0; 0; 22; 205; 160; 55; 299; 122; 0; 0; 0; 12; 0; 0; 21; 199; 0; 171; 5; 82; 0; 0; 0; 0; 18; 0; 0; 9999; 9999; 9999
1954;03; 0; 0; 0; 0; 0; 210; 36; 2; 0; 167; 210; 3; 0; 32; 0; 0; 0; 0; 42; 1; 0; 143; 0; 0; 0; 0; 0; 273; 187; 39; 263
1954;04; 0; 94; 72; 79; 158; 20; 0; 0; 0; 0; 144; 310; 157; 136; 263; 8; 78; 0; 0; 0; 3; 0; 0; 0; 0; 0; 7; 83; 115; 187; 9999
1954;05; 74; 1; 0; 0; 0; 110; 0; 9; 0; 245; 0; 82; 184; 11; 0; 0; 81; 140; 108; 42; 450; 173; 0; 0; 0; 1; 0; 0; 0; 0; 0
1954;06; 0; 0; 64; 140; 38; 1; 0; 20; 18; 0; 12; 8; 0; 0; 0; 0; 0; 0; 0; 0; 0; 48; 0; 6; 0; 0; 0; 0; 1; 0; 9999
1954;07; 1; 6; 0; 0; 0; 0; 0; 0; 0; 0; 0; 0; 0; 0; 170; 0; 0; 130; 48; 0; 1; 66; 0; 0; 45; 0; 0; 0; 2; 4; 2
1954;08; 1; 0; 0; 0; 0; 0; 5; 0; 50; 22; 1; 0; 0; 0; 0; 0; 0; 0; 0; 0; 8; 2; 0; 0; 0; 185; 244; 100; 3; 0; 0
1954;09; 0; 0; 0; 0; 25; 0; 0; 0; 0; 0; 0; 0; 392; 148; 0; 0; 0; 0; 160; 0; 0; 0; 0; 0; 30; 0; 63; 64; 103; 184; 9999
1954;10; 56; 35; 0; 0; 0; 83; 0; 0; 0; 122; 93; 236; 36; 55; 0; 0; 0; 230; 15; 15; 138; 74; 9; 3; 0; 0; 328; 6; 33; 25; 16
1954;11; 48; 0; 0; 11; 0; 0; 0; 0; 0; 96; 72; 3; 0; 0; 46; 22; 0; 0; 0; 0; 0; 0; 189; 12; 0; 0; 0; 0; 0; 0; 9999
1954;12; 0; 0; 0; 0; 0; 0; 53; 0; 0; 0; 0; 132; 0; 0; 0; 83; 72; 247; 270; 25; 15; 326; 8; 0; 0; 0; 0; 425; 226; 23; 0
1955;01; 0; 265; 42; 37; 0; 0; 0; 0; 257; 150; 20; 123; 52; 273; 452; 39; 136; 274; 152; 62; 5; 0; 52; 407; 0; 0; 0; 0; 0; 13; 85
1955;02; 0; 0; 0; 0; 0; 0; 0; 0; 0; 0; 21; 0; 0; 0; 0; 0; 0; 0; 0; 0; 170; 100; 0; 0; 79; 33; 6; 0; 9999; 9999; 9999
1955;03; 40; 0; 0; 0; 332; 108; 0; 0; 0; 828; 127; 0; 0; 133; 301; 19; 0; 0; 0; 0; 0; 0; 0; 0; 0; 0; 0; 0; 68; 650; 0
1955;04; 0; 6; 35; 4; 0; 0; 0; 0; 0; 92; 110; 45; 0; 0; 113; 103; 0; 56; 0; 0; 15; 0; 15; 0; 0; 0; 0; 248; 18; 0; 9999
1955;05; 0; 0; 0; 0; 700; 30; 0; 0; 0; 0; 112; 0; 0; 0; 310; 30; 0; 0; 12; 109; 0; 0; 15; 0; 0; 0; 0; 0; 0; 28; 357
1955;06; 15; 0; 0; 0; 0; 0; 0; 48; 165; 22; 0; 2; 92; 27; 0; 14; 0; 0; 0; 0; 30; 0; 20; 0; 0; 0; 0; 0; 0; 0; 9999
1955;07; 0; 28; 0; 408; 30; 0; 5; 50; 0; 0; 0; 0; 0; 0; 0; 0; 0; 0; 0; 0; 0; 0; 0; 0; 0; 0; 0; 10; 14; 45; 10
1955;08; 0; 0; 0; 0; 10; 0; 0; 0; 0; 4; 11; 0; 0; 0; 0; 0; 0; 0; 14; 16; 0; 0; 0; 0; 0; 562; 380; 105; 0; 0; 0
1955;09; 0; 0; 81; 0; 39; 25; 16; 6; 0; 0; 0; 0; 0; 0; 0; 0; 0; 0; 0; 0; 0; 0; 0; 0; 33; 280; 0; 0; 0; 0; 9999
1955;10; 70; 135; 6; 0; 0; 0; 0; 0; 0; 0; 0; 123; 47; 6; 29; 35; 0; 245; 6; 4; 5; 0; 48; 0; 0; 0; 346; 18; 0; 0; 0
1955;11; 102; 279; 86; 0; 0; 0; 0; 0; 331; 95; 108; 30; 20; 0; 0; 0; 0; 13; 6; 620; 130; 58; 826; 0; 0; 0; 0; 0; 0; 0; 9999
1955;12; 0; 38; 406; 0; 165; 4; 43; 0; 0; 0; 0; 40; 83; 0; 0; 131; 13; 0; 0; 0; 404; 122; 0; 0; 0; 80; 0; 46; 210; 138; 682
1956;01; 16; 5; 0; 55; 0; 0; 0; 0; 0; 0; 0; 0; 0; 0; 0; 0; 13; 0; 205; 109; 0; 0; 0; 0; 15; 32; 0; 0; 0; 0; 0
1956;02; 0; 0; 0; 0; 0; 0; 0; 0; 0; 60; 60; 0; 140; 130; 171; 187; 32; 0; 100; 19; 32; 0; 83; 266; 200; 79; 0; 32; 50; 9999; 9999
1956;03; 945; 520; 0; 35; 410; 70; 210; 135; 0; 0; 0; 0; 90; 78; 558; 0; 10; 661; 456; 100; 5; 0; 0; 0; 0; 100; 0; 0; 22; 675; 0
1956;04; 0; 0; 0; 0; 0; 0; 0; 0; 92; 0; 219; 56; 0; 0; 44; 129; 48; 0; 0; 0; 0; 0; 0; 55; 20; 0; 524; 37; 43; 0; 9999
1956;05; 116; 120; 0; 126; 0; 24; 0; 65; 32; 0; 0; 0; 0; 0; 0; 6; 0; 0; 0; 0; 242; 82; 0; 113; 416; 20; 0; 0; 0; 0; 30
1956;06; 0; 0; 0; 0; 10; 44; 0; 0; 0; 202; 270; 490; 56; 0; 107; 0; 30; 36; 25; 0; 0; 0; 0; 0; 0; 28; 37; 0; 0; 21; 9999
1956;07; 0; 0; 0; 0; 0; 37; 0; 0; 0; 0; 0; 0; 0; 0; 0; 0; 0; 0; 17; 9; 2; 40; 140; 13; 0; 0; 0; 0; 0; 117; 248
1956;08; 0; 110; 302; 176; 32; 0; 0; 0; 0; 0; 0; 0; 0; 0; 0; 0; 0; 0; 0; 0; 0; 46; 92; 55; 0; 0; 0; 0; 0; 0; 0
1956;09; 0; 0; 0; 0; 0; 22; 0; 0; 162; 106; 55; 141; 64; 0; 0; 0; 0; 10; 8; 0; 0; 0; 0; 0; 176; 64; 0; 54; 0; 8; 9999
1956;10; 0; 0; 0; 0; 0; 0; 0; 0; 40; 600; 506; 80; 26; 105; 109; 0; 150; 0; 0; 0; 0; 217; 84; 0; 0; 0; 70; 12; 0; 28; 224
1956;11; 150; 0; 0; 51; 0; 0; 0; 0; 0; 26; 27; 6; 0; 31; 123; 20; 0; 0; 0; 126; 0; 0; 0; 0; 0; 1305; 155; 5; 0; 0; 9999
1956;12; 0; 0; 150; 0; 104; 102; 102; 25; 0; 0; 0; 0; 151; 251; 635; 137; 0; 0; 0; 0; 0; 465; 458; 600; 11; 0; 0; 0; 0; 0; 0
1957;01; 0; 0; 0; 0; 0; 0; 21; 240; 0; 143; 0; 0; 31; 127; 250; 378; 74; 122; 0; 200; 43; 0; 0; 505; 150; 0; 0; 0; 0; 285; 0
1957;02; 0; 0; 344; 0; 0; 0; 286; 166; 90; 0; 60; 0; 0; 0; 0; 5; 0; 0; 402; 65; 75; 0; 502; 0; 120; 344; 37; 0; 9999; 9999; 9999
1957;03; 0; 0; 0; 0; 24; 0; 0; 0; 200; 80; 28; 0; 202; 504; 104; 0; 30; 30; 0; 365; 196; 66; 68; 29; 0; 25; 0; 0; 0; 32; 0
1957;04; 45; 74; 35; 105; 675; 976; 50; 0; 0; 85; 0; 0; 0; 0; 80; 0; 0; 20; 60; 0; 0; 0; 0; 449; 224; 24; 0; 0; 0; 5; 9999
1957;05; 0; 0; 20; 11; 0; 0; 0; 0; 0; 0; 0; 47; 0; 0; 0; 74; 0; 0; 0; 0; 0; 0; 0; 0; 0; 30; 61; 0; 0; 0; 0
1957;06; 0; 0; 5; 0; 0; 0; 230; 0; 0; 0; 0; 0; 0; 0; 0; 170; 0; 16; 0; 0; 0; 0; 0; 0; 0; 0; 0; 0; 0; 54; 9999
1957;07; 8; 74; 0; 0; 23; 0; 0; 0; 0; 0; 0; 0; 10; 0; 54; 0; 58; 24; 25; 0; 0; 15; 0; 17; 0; 0; 0; 0; 0; 0; 0
1957;08; 20; 40; 0; 0; 0; 0; 0; 0; 0; 0; 0; 0; 0; 0; 0; 290; 23; 362; 34; 0; 0; 0; 0; 0; 0; 0; 0; 0; 0; 139; 389
1957;09; 0; 0; 412; 454; 70; 0; 0; 21; 57; 8; 0; 10; 30; 0; 35; 0; 15; 8; 0; 95; 65; 370; 120; 205; 5; 6; 0; 58; 6; 0; 9999
1957;10; 0; 0; 0; 0; 0; 0; 0; 0; 0; 55; 415; 128; 0; 0; 0; 0; 0; 0; 0; 0; 89; 78; 52; 3; 0; 75; 45; 125; 370; 340; 38
1957;11; 0; 0; 0; 400; 0; 0; 0; 150; 667; 240; 0; 2; 157; 5; 0; 26; 25; 0; 105; 207; 7; 19; 0; 90; 0; 0; 0; 0; 0; 0; 9999
1957;12; 0; 0; 60; 340; 4; 35; 0; 715; 207; 24; 8; 0; 25; 123; 42; 206; 0; 181; 0; 0; 0; 0; 0; 0; 0; 0; 80; 8; 0; 0; 3
1958;01; 45; 3; 0; 0; 0; 0; 0; 0; 0; 0; 0; 0; 72; 15; 14; 0; 719; 123; 0; 75; 25; 34; 0; 208; 235; 130; 558; 358; 8; 0; 0
1958;02; 0; 0; 0; 600; 52; 18; 265; 2; 38; 0; 0; 0; 0; 0; 0; 0; 17; 3; 5; 2; 495; 0; 0; 0; 77; 292; 20; 27; 9999; 9999; 9999
1958;03; 17; 7; 0; 407; 65; 0; 422; 110; 0; 0; 0; 0; 0; 0; 172; 18; 362; 13; 5; 0; 0; 0; 1050; 622; 57; 0; 0; 0; 0; 0; 0
1958;04; 30; 292; 0; 0; 0; 147; 0; 0; 32; 23; 25; 0; 1302; 247; 3; 0; 0; 82; 43; 31; 0; 0; 146; 48; 0; 0; 0; 0; 0; 0; 9999
1958;05; 450; 145; 280; 0; 46; 0; 72; 0; 0; 0; 0; 237; 1265; 17; 0; 0; 0; 0; 0; 0; 72; 435; 29; 178; 90; 33; 146; 32; 5; 0; 0
1958;06; 0; 0; 0; 0; 0; 0; 0; 0; 0; 0; 0; 0; 94; 255; 0; 32; 71; 193; 45; 48; 2; 0; 0; 0; 0; 0; 0; 0; 0; 0; 9999
1958;07; 0; 0; 0; 0; 0; 0; 0; 0; 0; 0; 42; 0; 0; 0; 8; 0; 109; 13; 10; 0; 0; 0; 0; 0; 0; 0; 0; 0; 0; 0; 0
1958;08; 0; 0; 132; 38; 0; 2; 4; 0; 0; 9; 3; 25; 0; 0; 0; 0; 0; 0; 0; 0; 10; 0; 0; 0; 0; 0; 0; 0; 196; 28; 0
1958;09; 0; 0; 0; 0; 0; 0; 78; 263; 380; 18; 13; 132; 85; 64; 0; 0; 62; 30; 5; 0; 0; 0; 0; 48; 0; 0; 0; 0; 0; 0; 9999
1958;10; 0; 80; 55; 172; 0; 363; 13; 0; 5; 86; 6; 77; 56; 5; 0; 0; 110; 47; 52; 31; 0; 83; 19; 21; 0; 176; 422; 285; 415; 7; 514
1958;11; 37; 0; 0; 16; 0; 0; 0; 0; 0; 0; 11; 158; 3; 0; 0; 0; 112; 205; 82; 41; 0; 0; 42; 290; 500; 665; 37; 0; 0; 0; 9999
1958;12; 0; 0; 0; 0; 0; 0; 0; 316; 6; 56; 0; 0; 0; 168; 1548; 285; 260; 55; 70; 90; 777; 226; 26; 12; 0; 0; 0; 0; 0; 0; 0
1959;01; 0; 0; 8; 170; 524; 60; 6; 65; 0; 0; 1677; 365; 70; 12; 10; 0; 4; 52; 6; 2; 0; 0; 162; 94; 0; 0; 17; 0; 0; 0; 130
1959;02; 428; 302; 152; 137; 0; 212; 11; 0; 0; 0; 16; 43; 141; 1602; 853; 0; 85; 0; 0; 0; 0; 0; 0; 0; 150; 488; 252; 88; 9999; 9999; 9999
1959;03; 2; 0; 0; 339; 0; 0; 221; 6; 0; 0; 414; 0; 140; 12; 7; 0; 7; 410; 176; 108; 16; 85; 22; 3; 0; 0; 0; 0; 0; 34; 321
1959;04; 25; 0; 0; 197; 15; 12; 0; 0; 0; 33; 2; 0; 0; 0; 0; 0; 0; 0; 0; 0; 0; 8; 0; 0; 0; 70; 135; 2; 0; 0; 9999
1959;05; 0; 0; 0; 0; 0; 48; 0; 0; 0; 0; 47; 19; 21; 3; 0; 0; 0; 92; 285; 148; 13; 0; 23; 0; 0; 0; 0; 0; 0; 0; 0
1959;06; 0; 119; 0; 0; 0; 6; 0; 0; 25; 0; 0; 0; 0; 0; 0; 0; 45; 0; 0; 0; 0; 0; 0; 0; 0; 0; 0; 0; 5; 0; 9999
1959;07; 23; 100; 2; 0; 2; 0; 0; 0; 0; 0; 0; 0; 0; 0; 0; 52; 2; 0; 0; 0; 0; 0; 0; 0; 0; 0; 0; 0; 0; 0; 0
1959;08; 8; 121; 332; 318; 1; 15; 31; 4; 0; 0; 0; 264; 8; 220; 23; 0; 23; 70; 0; 0; 0; 0; 0; 0; 0; 0; 0; 0; 100; 30; 0
1959;09; 0; 3; 37; 158; 10; 9; 0; 0; 0; 18; 14; 375; 64; 0; 0; 0; 0; 0; 0; 53; 0; 0; 9; 0; 165; 550; 0; 0; 0; 0; 9999
1959;10; 0; 0; 0; 50; 141; 0; 0; 0; 0; 0; 172; 123; 0; 0; 0; 35; 7; 31; 32; 23; 114; 58; 0; 0; 0; 0; 0; 278; 12; 0; 13
1959;11; 0; 0; 0; 0; 55; 37; 96; 10; 4; 0; 88; 246; 36; 3; 27; 0; 0; 63; 30; 16; 58; 75; 0; 0; 534; 82; 2; 0; 155; 0; 9999
1959;12; 0; 10; 0; 4; 56; 534; 332; 217; 13; 54; 32; 24; 0; 0; 0; 0; 123; 377; 0; 40; 52; 92; 66; 189; 308; 0; 0; 0; 0; 0; 75
1960;01; 455; 305; 0; 0; 50; 170; 75; 345; 4; 26; 177; 42; 15; 0; 0; 0; 30; 27; 88; 0; 21; 4; 3; 338; 0; 0; 0; 0; 0; 0; 0
1960;02; 13; 421; 113; 45; 0; 7; 43; 0; 0; 0; 0; 317; 237; 154; 23; 20; 13; 42; 16; 311; 200; 54; 3; 344; 95; 91; 19; 325; 299; 9999; 9999
1960;03; 81; 52; 0; 18; 10; 0; 0; 0; 0; 0; 20; 4; 0; 14; 15; 0; 0; 0; 0; 64; 19; 182; 266; 63; 85; 8; 0; 0; 0; 0; 14
1960;04; 0; 0; 0; 54; 4; 0; 263; 0; 10; 80; 25; 29; 0; 0; 0; 0; 0; 53; 86; 0; 0; 0; 0; 0; 0; 133; 0; 157; 10; 237; 9999
1960;05; 0; 0; 0; 0; 0; 0; 0; 0; 0; 19; 2; 82; 8; 70; 95; 0; 0; 0; 93; 358; 93; 0; 0; 0; 0; 0; 0; 0; 0; 153; 67
1960;06; 0; 0; 0; 0; 0; 0; 0; 0; 0; 0; 0; 20; 2; 221; 0; 0; 0; 173; 0; 0; 0; 39; 43; 3; 0; 69; 137; 33; 0; 0; 9999
1960;07; 0; 0; 0; 0; 0; 0; 0; 16; 25; 13; 26; 22; 0; 0; 0; 0; 0; 2; 100; 7; 0; 0; 0; 894; 89; 0; 0; 0; 0; 0; 0
1960;08; 0; 6; 0; 5; 36; 0; 0; 0; 0; 0; 0; 0; 0; 13; 298; 21; 33; 2; 21; 115; 35; 0; 0; 0; 0; 147; 4; 0; 0; 0; 225
1960;09; 263; 26; 0; 0; 0; 0; 0; 0; 37; 0; 0; 7; 0; 0; 0; 0; 0; 0; 15; 0; 0; 0; 0; 0; 23; 69; 57; 0; 145; 15; 9999
1960;10; 0; 5; 11; 6; 0; 0; 70; 0; 0; 60; 18; 13; 9; 0; 88; 372; 0; 128; 10; 0; 4; 0; 0; 3; 75; 283; 625; 0; 23; 0; 26
1960;11; 5; 0; 12; 0; 0; 11; 292; 155; 0; 290; 23; 46; 72; 28; 180; 9; 3; 135; 103; 131; 23; 0; 0; 0; 24; 0; 0; 132; 86; 0; 9999
1960;12; 0; 4; 0; 0; 0; 27; 151; 0; 0; 0; 0; 0; 75; 0; 0; 69; 222; 569; 75; 544; 172; 9; 46; 0; 43; 708; 10; 0; 0; 0; 155
1961;01; 13; 286; 0; 0; 19; 30; 110; 132; 19; 5; 52; 21; 0; 0; 0; 0; 0; 362; 83; 0; 0; 33; 304; 5; 447; 1342; 607; 81; 143; 92; 0
1961;02; 4; 37; 28; 5; 152; 15; 41; 12; 79; 62; 224; 205; 2; 507; 0; 146; 43; 10; 310; 11; 3; 794; 0; 45; 0; 5; 670; 765; 9999; 9999; 9999
1961;03; 83; 0; 0; 0; 0; 100; 625; 99; 132; 0; 16; 0; 0; 175; 90; 0; 104; 20; 54; 215; 202; 2; 0; 0; 0; 678; 440; 17; 104; 0; 0
1961;04; 0; 0; 22; 144; 108; 110; 10; 0; 0; 0; 0; 0; 0; 0; 0; 0; 0; 55; 219; 0; 0; 0; 33; 16; 307; 90; 0; 0; 0; 0; 9999
1961;05; 5; 107; 272; 0; 0; 0; 0; 14; 48; 39; 18; 0; 0; 0; 0; 0; 0; 0; 78; 45; 0; 0; 0; 0; 26; 0; 0; 0; 0; 0; 0
1961;06; 0; 0; 4; 18; 0; 0; 0; 0; 0; 0; 29; 99; 0; 245; 127; 54; 15; 0; 0; 0; 58; 30; 34; 28; 2; 0; 0; 0; 0; 0; 9999
1961;07; 0; 0; 0; 0; 0; 0; 0; 300; 10; 3; 0; 0; 0; 0; 0; 0; 0; 0; 0; 0; 0; 50; 4; 0; 0; 13; 17; 506; 20; 0; 0
1961;08; 0; 0; 0; 0; 0; 0; 0; 0; 0; 0; 0; 0; 0; 0; 0; 0; 5; 0; 0; 0; 70; 0; 0; 0; 40; 89; 0; 0; 0; 11; 0
1961;09; 0; 0; 0; 0; 13; 121; 70; 11; 0; 49; 0; 20; 0; 0; 3; 0; 0; 0; 17; 13; 80; 120; 0; 0; 0; 0; 0; 32; 23; 1; 9999
1961;10; 0; 0; 8; 0; 0; 0; 0; 57; 0; 0; 22; 0; 0; 0; 205; 26; 117; 0; 0; 0; 0; 127; 56; 0; 87; 0; 0; 0; 25; 2; 17
1961;11; 8; 23; 158; 23; 0; 201; 10; 0; 0; 193; 20; 96; 0; 193; 18; 0; 0; 0; 137; 0; 28; 73; 61; 33; 3; 85; 5; 49; 0; 0; 9999
1961;12; 326; 48; 104; 405; 22; 107; 120; 26; 163; 0; 0; 0; 125; 45; 18; 2; 206; 45; 0; 140; 25; 0; 0; 0; 422; 73; 28; 38; 369; 229; 0
1962;01; 0; 44; 145; 0; 0; 0; 485; 98; 0; 0; 0; 0; 0; 0; 375; 348; 63; 107; 213; 132; 5; 10; 0; 82; 1767; 940; 452; 130; 275; 920; 5
1962;02; 0; 0; 412; 273; 50; 10; 30; 0; 5; 0; 5; 5; 0; 0; 162; 0; 0; 43; 157; 1; 200; 40; 2; 200; 3; 0; 0; 0; 9999; 9999; 9999
1962;03; 0; 271; 12; 5; 20; 0; 0; 0; 0; 36; 230; 208; 137; 626; 0; 12; 67; 0; 0; 2; 0; 0; 0; 0; 0; 0; 0; 0; 0; 0; 0
1962;04; 0; 0; 1562; 7; 0; 0; 0; 0; 315; 0; 0; 0; 0; 0; 0; 0; 14; 122; 38; 0; 0; 0; 0; 0; 16; 0; 0; 0; 84; 30; 9999
1962;05; 113; 9; 104; 52; 0; 0; 92; 23; 2; 0; 0; 0; 0; 0; 0; 0; 8; 30; 0; 0; 0; 0; 0; 0; 0; 0; 0; 6; 60; 47; 0
1962;06; 0; 24; 139; 0; 0; 51; 0; 0; 5; 5; 0; 104; 302; 13; 14; 4; 0; 0; 0; 0; 0; 29; 10; 0; 3; 0; 0; 0; 0; 0; 9999
1962;07; 0; 0; 0; 0; 5; 0; 26; 1; 0; 60; 0; 0; 0; 0; 0; 0; 0; 76; 147; 6; 0; 0; 0; 243; 6; 0; 24; 25; 0; 0; 0
1962;08; 22; 2; 0; 0; 0; 0; 0; 0; 0; 0; 130; 0; 0; 0; 0; 115; 2; 0; 15; 13; 0; 295; 216; 1; 0; 0; 0; 0; 0; 5; 15
1962;09; 0; 0; 0; 0; 0; 0; 0; 321; 14; 0; 126; 71; 17; 6; 0; 0; 0; 0; 0; 58; 132; 262; 250; 55; 12; 9; 0; 46; 249; 0; 9999
1962;10; 38; 64; 0; 112; 143; 0; 0; 380; 82; 123; 119; 45; 10; 10; 3; 0; 205; 255; 173; 65; 2; 0; 0; 83; 7; 0; 0; 285; 185; 173; 227
1962;11; 0; 0; 0; 0; 0; 15; 132; 342; 121; 137; 50; 52; 25; 0; 0; 0; 0; 0; 0; 45; 321; 36; 5; 0; 0; 0; 0; 9; 102; 42; 9999
1962;12; 74; 26; 160; 22; 159; 88; 0; 5; 6; 0; 155; 41; 519; 76; 5; 23; 162; 47; 834; 13; 0; 8; 0; 10; 0; 232; 1380; 169; 550; 0; 558
1963;01; 0; 54; 0; 0; 7; 0; 7; 0; 167; 0; 913; 7; 0; 38; 295; 23; 58; 0; 80; 0; 0; 263; 164; 0; 3; 0; 0; 0; 140; 17; 77
1963;02; 231; 73; 323; 82; 47; 462; 876; 64; 0; 0; 0; 175; 0; 55; 0; 0; 0; 0; 297; 343; 90; 56; 0; 84; 96; 72; 0; 0; 9999; 9999; 9999
1963;03; 0; 7; 64; 0; 0; 0; 0; 16; 0; 2; 0; 0; 0; 0; 8; 0; 0; 0; 0; 0; 0; 0; 97; 123; 4; 0; 21; 508; 194; 25; 10
1963;04; 0; 0; 0; 0; 45; 82; 4; 0; 0; 11; 2; 0; 0; 0; 92; 370; 0; 0; 0; 0; 0; 0; 0; 0; 0; 0; 0; 0; 0; 0; 9999
1963;05; 9999; 9999; 9999; 9999; 9999; 9999; 9999; 9999; 9999; 9999; 9999; 9999; 9999; 9999; 9999; 9999; 9999; 9999; 9999; 9999; 9999; 9999; 9999; 9999; 9999; 9999; 9999; 9999; 9999; 9999; 9999
1963;06; 9999; 9999; 9999; 9999; 9999; 9999; 9999; 9999; 9999; 9999; 9999; 9999; 9999; 9999; 9999; 9999; 9999; 9999; 9999; 9999; 9999; 9999; 9999; 9999; 9999; 9999; 9999; 9999; 9999; 9999; 9999
1963;07; 9999; 9999; 9999; 9999; 9999; 9999; 9999; 9999; 9999; 9999; 9999; 9999; 9999; 9999; 9999; 9999; 9999; 9999; 9999; 9999; 9999; 9999; 9999; 9999; 9999; 9999; 9999; 9999; 9999; 9999; 9999
1963;08; 0; 0; 0; 5; 17; 0; 0; 0; 0; 0; 0; 0; 0; 0; 47; 225; 60; 0; 0; 0; 0; 0; 0; 0; 0; 0; 0; 0; 0; 0; 0
1963;09; 9999; 9999; 9999; 9999; 9999; 9999; 9999; 9999; 9999; 9999; 9999; 9999; 9999; 9999; 9999; 9999; 9999; 9999; 9999; 9999; 9999; 9999; 9999; 9999; 9999; 9999; 9999; 9999; 9999; 9999; 9999
1963;10; 9999; 9999; 9999; 9999; 9999; 9999; 9999; 9999; 9999; 9999; 9999; 9999; 9999; 9999; 9999; 9999; 9999; 9999; 9999; 9999; 9999; 9999; 9999; 9999; 9999; 9999; 9999; 9999; 9999; 9999; 9999
1963;11; 0; 76; 10; 0; 13; 0; 4; 142; 2; 121; 0; 0; 51; 10; 302; 0; 32; 270; 0; 229; 48; 1; 0; 0; 155; 0; 0; 0; 0; 0; 9999
1963;12; 9999; 9999; 9999; 9999; 9999; 9999; 9999; 9999; 9999; 9999; 9999; 9999; 9999; 9999; 9999; 9999; 9999; 9999; 9999; 9999; 9999; 9999; 9999; 9999; 9999; 9999; 9999; 9999; 9999; 9999; 9999
1964;01; 44; 12; 2; 0; 0; 0; 0; 53; 48; 8; 0; 0; 0; 28; 0; 0; 134; 255; 0; 0; 0; 13; 3; 0; 30; 153; 0; 222; 12; 3; 0
1964;02; 9999; 9999; 9999; 9999; 9999; 9999; 9999; 9999; 9999; 9999; 9999; 9999; 9999; 9999; 9999; 9999; 9999; 9999; 9999; 9999; 9999; 9999; 9999; 9999; 9999; 9999; 9999; 9999; 9999; 9999; 9999
1964;03; 0; 0; 0; 0; 0; 290; 337; 190; 0; 0; 0; 0; 0; 47; 145; 327; 21; 0; 0; 0; 0; 0; 0; 0; 0; 0; 0; 212; 215; 240; 10
1964;04; 336; 82; 3; 0; 0; 0; 0; 0; 0; 0; 0; 0; 0; 36; 0; 0; 22; 45; 97; 0; 0; 0; 73; 0; 0; 0; 76; 2; 473; 0; 9999
1964;05; 0; 196; 0; 3; 111; 0; 0; 0; 0; 0; 0; 0; 61; 6; 0; 0; 0; 0; 0; 0; 0; 0; 19; 0; 0; 0; 0; 410; 193; 102; 0
1964;06; 0; 0; 0; 0; 0; 35; 0; 0; 0; 0; 37; 30; 155; 19; 166; 40; 13; 0; 0; 0; 0; 0; 0; 0; 135; 69; 23; 7; 86; 0; 9999
1964;07; 105; 10; 67; 52; 295; 0; 0; 29; 17; 0; 0; 0; 0; 0; 0; 88; 0; 21; 14; 10; 0; 0; 0; 72; 3; 0; 0; 0; 0; 0; 0
1964;08; 0; 0; 98; 70; 0; 0; 0; 0; 23; 3; 90; 0; 0; 0; 0; 0; 0; 0; 65; 36; 9; 53; 3; 0; 0; 5; 0; 0; 0; 85; 0
1964;09; 0; 392; 23; 0; 0; 0; 0; 0; 0; 61; 146; 18; 0; 0; 0; 0; 0; 0; 0; 0; 0; 0; 24; 173; 0; 104; 0; 63; 0; 340; 9999
1964;10; 9999; 9999; 9999; 9999; 9999; 9999; 9999; 9999; 9999; 9999; 9999; 9999; 9999; 9999; 9999; 9999; 9999; 9999; 9999; 9999; 9999; 9999; 9999; 9999; 9999; 9999; 9999; 9999; 9999; 9999; 9999
1964;11; 155; 10; 0; 0; 118; 195; 0; 0; 0; 100; 17; 3; 0; 45; 27; 242; 0; 0; 9; 102; 396; 680; 68; 0; 0; 0; 0; 0; 0; 295; 9999
1964;12; 55; 53; 358; 109; 0; 0; 0; 0; 0; 55; 118; 0; 635; 137; 0; 29; 142; 38; 0; 0; 0; 12; 345; 54; 0; 82; 0; 78; 360; 19; 0
1965;01; 0; 0; 0; 595; 6; 0; 0; 302; 123; 78; 13; 0; 0; 101; 127; 25; 0; 91; 1385; 0; 0; 3; 0; 0; 10; 24; 294; 315; 264; 0; 27
1965;02; 0; 0; 0; 27; 80; 0; 0; 0; 0; 4; 2; 3; 2; 63; 97; 0; 65; 5; 0; 0; 85; 100; 75; 305; 0; 40; 40; 0; 9999; 9999; 9999
1965;03; 0; 52; 48; 75; 0; 31; 0; 0; 110; 60; 0; 0; 0; 0; 0; 186; 0; 0; 40; 113; 0; 16; 32; 25; 286; 0; 0; 0; 0; 0; 0
1965;04; 6; 0; 0; 0; 0; 0; 0; 0; 27; 3; 16; 0; 138; 38; 0; 0; 0; 40; 770; 0; 362; 0; 0; 0; 0; 88; 10; 302; 44; 24; 9999
1965;05; 0; 0; 0; 0; 0; 0; 0; 0; 117; 72; 132; 54; 58; 92; 81; 24; 68; 231; 112; 0; 0; 0; 0; 0; 0; 0; 0; 0; 0; 0; 0
1965;06; 0; 0; 0; 14; 10; 0; 0; 0; 65; 0; 7; 8; 9; 0; 170; 21; 8; 0; 0; 0; 0; 0; 0; 117; 0; 0; 0; 0; 0; 0; 9999
1965;07; 0; 0; 18; 52; 198; 200; 11; 3; 82; 34; 0; 0; 0; 5; 59; 35; 0; 0; 0; 2; 3; 0; 0; 0; 0; 0; 0; 0; 0; 13; 0
1965;08; 0; 0; 32; 195; 0; 0; 0; 0; 0; 0; 0; 0; 0; 0; 0; 0; 0; 0; 24; 0; 0; 0; 0; 0; 0; 0; 0; 2; 0; 20; 7
1965;09; 0; 0; 0; 0; 0; 117; 16; 0; 0; 0; 37; 108; 5; 0; 13; 0; 0; 0; 13; 0; 1; 3; 0; 53; 20; 170; 312; 11; 0; 585; 9999
1965;10; 336; 150; 5; 0; 0; 0; 0; 0; 14; 170; 520; 2; 0; 146; 26; 0; 0; 0; 0; 29; 23; 405; 0; 65; 223; 60; 0; 246; 80; 15; 182
1965;11; 335; 0; 0; 22; 0; 0; 0; 15; 0; 45; 142; 148; 0; 14; 62; 16; 10; 9; 0; 0; 0; 0; 0; 0; 0; 141; 58; 0; 0; 32; 9999
1965;12; 4; 0; 5; 0; 38; 18; 238; 352; 303; 47; 41; 7; 16; 12; 320; 63; 0; 0; 0; 0; 900; 198; 4; 0; 0; 0; 16; 278; 48; 55; 137
1966;01; 166; 0; 0; 0; 0; 47; 0; 140; 330; 374; 480; 432; 75; 117; 24; 0; 4; 3; 26; 0; 0; 0; 0; 67; 0; 174; 84; 152; 108; 26; 535
1966;02; 115; 0; 133; 0; 26; 0; 0; 0; 0; 141; 210; 3; 9; 0; 0; 0; 0; 47; 107; 112; 630; 0; 175; 190; 1834; 227; 5; 0; 9999; 9999; 9999
1966;03; 203; 0; 81; 53; 86; 921; 45; 338; 147; 74; 3; 2; 0; 0; 0; 0; 0; 0; 0; 0; 0; 0; 13; 0; 120; 1298; 40; 200; 19; 12; 0
1966;04; 9; 32; 319; 10; 2; 16; 81; 339; 13; 25; 10; 4; 0; 0; 0; 0; 0; 0; 6; 0; 374; 34; 2; 0; 28; 3; 0; 0; 0; 0; 9999
1966;05; 0; 0; 0; 57; 170; 0; 32; 152; 0; 0; 7; 27; 6; 140; 0; 0; 0; 0; 0; 0; 0; 10; 119; 0; 0; 0; 0; 0; 95; 0; 0
1966;06; 0; 0; 143; 0; 0; 0; 0; 0; 0; 0; 0; 0; 0; 0; 0; 0; 0; 97; 40; 0; 0; 0; 0; 6; 0; 0; 0; 0; 3; 175; 9999
1966;07; 27; 10; 0; 0; 0; 0; 0; 0; 0; 0; 0; 0; 0; 0; 0; 0; 0; 0; 0; 0; 0; 0; 8; 2; 0; 0; 0; 0; 0; 84; 122
1966;08; 9; 0; 0; 0; 0; 0; 0; 0; 212; 8; 3; 0; 0; 66; 177; 53; 2; 0; 0; 0; 0; 0; 6; 354; 359; 31; 0; 0; 0; 0; 0
1966;09; 165; 287; 43; 171; 0; 0; 0; 0; 20; 0; 0; 0; 0; 0; 0; 220; 87; 0; 31; 120; 5; 40; 0; 0; 0; 0; 99; 161; 0; 0; 9999
1966;10; 0; 0; 23; 63; 8; 121; 347; 21; 66; 5; 0; 102; 45; 0; 0; 49; 25; 257; 24; 0; 0; 285; 0; 0; 0; 137; 194; 192; 393; 99; 87
1966;11; 236; 65; 34; 27; 27; 4; 0; 2; 0; 48; 10; 219; 118; 51; 5; 152; 36; 10; 4; 0; 18; 32; 90; 2; 0; 0; 0; 0; 0; 0; 9999
1966;12; 18; 273; 0; 0; 51; 0; 642; 0; 0; 17; 0; 1; 24; 0; 102; 0; 100; 0; 64; 236; 0; 703; 1338; 542; 16; 70; 103; 0; 0; 0; 0
1967;01; 0; 7; 33; 104; 104; 70; 12; 0; 276; 109; 214; 96; 0; 151; 310; 250; 5; 0; 109; 78; 30; 265; 70; 5; 0; 20; 264; 134; 44; 27; 134
1967;02; 1194; 12; 37; 75; 91; 45; 0; 0; 204; 88; 84; 336; 63; 85; 0; 55; 463; 1000; 635; 39; 0; 0; 0; 0; 75; 67; 0; 0; 9999; 9999; 9999
1967;03; 18; 68; 174; 0; 501; 313; 20; 16; 175; 5; 0; 0; 42; 1140; 52; 13; 105; 386; 56; 3; 0; 0; 0; 0; 83; 25; 0; 22; 20; 0; 0
1967;04; 0; 0; 0; 135; 117; 0; 0; 0; 0; 0; 0; 40; 104; 0; 1225; 53; 0; 0; 0; 0; 0; 0; 0; 0; 322; 53; 0; 18; 82; 0; 9999
1967;05; 0; 0; 261; 0; 0; 0; 17; 0; 0; 0; 0; 0; 0; 0; 7; 0; 3; 0; 0; 79; 12; 0; 0; 0; 0; 0; 0; 0; 0; 0; 0
1967;06; 0; 0; 40; 4; 32; 244; 0; 0; 0; 84; 20; 125; 143; 25; 8; 0; 0; 0; 0; 0; 0; 0; 0; 0; 61; 0; 0; 0; 0; 0; 9999
1967;07; 32; 1; 0; 3; 5; 0; 0; 0; 0; 151; 378; 7; 0; 70; 227; 38; 3; 0; 0; 0; 0; 82; 0; 0; 0; 0; 0; 0; 0; 0; 0
1967;08; 0; 0; 35; 103; 67; 0; 0; 0; 3; 0; 0; 0; 0; 49; 0; 0; 14; 0; 0; 0; 0; 0; 0; 22; 4; 0; 0; 0; 0; 0; 0
1967;09; 0; 0; 0; 0; 0; 0; 150; 168; 68; 32; 50; 262; 125; 12; 0; 0; 0; 0; 0; 155; 297; 66; 64; 0; 10; 841; 0; 23; 0; 0; 9999
1967;10; 68; 0; 0; 0; 0; 0; 0; 0; 0; 0; 0; 0; 30; 0; 0; 586; 0; 0; 0; 92; 170; 72; 125; 830; 64; 277; 16; 0; 387; 32; 2
1967;11; 0; 223; 280; 253; 25; 0; 0; 0; 0; 0; 0; 613; 8; 12; 85; 360; 83; 272; 72; 62; 11; 0; 200; 14; 32; 41; 61; 118; 45; 0; 9999
1967;12; 0; 0; 38; 248; 100; 0; 0; 607; 347; 40; 12; 0; 0; 0; 0; 14; 30; 157; 55; 166; 30; 89; 320; 64; 0; 15; 94; 90; 107; 75; 255
1968;01; 145; 272; 232; 43; 18; 0; 0; 0; 22; 56; 42; 162; 66; 5; 48; 148; 66; 151; 17; 19; 5; 90; 290; 45; 0; 0; 0; 0; 0; 0; 220
1968;02; 35; 0; 0; 0; 0; 0; 0; 0; 0; 280; 0; 0; 0; 0; 200; 0; 0; 0; 0; 0; 120; 0; 443; 1072; 212; 76; 15; 0; 37; 9999; 9999
1968;03; 0; 41; 30; 55; 0; 0; 146; 23; 0; 0; 291; 0; 0; 0; 11; 1840; 264; 34; 0; 0; 3; 30; 5; 0; 0; 0; 1444; 885; 20; 0; 289
1968;04; 237; 62; 0; 35; 195; 7; 0; 0; 0; 0; 0; 267; 24; 36; 4; 0; 0; 0; 245; 312; 133; 0; 6; 142; 0; 0; 0; 0; 0; 23; 9999
1968;05; 10; 4; 2; 0; 0; 0; 0; 0; 14; 137; 10; 0; 0; 6; 737; 112; 0; 0; 0; 0; 10; 175; 2; 0; 0; 0; 0; 0; 92; 0; 0
1968;06; 0; 0; 0; 0; 0; 0; 0; 47; 0; 0; 0; 0; 0; 0; 0; 0; 0; 0; 116; 223; 7; 8; 0; 16; 237; 2; 3; 0; 0; 0; 9999
1968;07; 0; 0; 0; 0; 56; 7; 0; 0; 102; 100; 0; 0; 0; 0; 0; 0; 0; 0; 0; 19; 54; 335; 0; 0; 91; 135; 41; 0; 0; 0; 0
1968;08; 0; 0; 0; 166; 34; 0; 96; 106; 13; 29; 8; 0; 0; 0; 0; 0; 0; 0; 0; 0; 0; 805; 245; 3; 0; 0; 0; 0; 0; 83; 72
1968;09; 0; 50; 77; 30; 2; 0; 0; 0; 0; 0; 0; 32; 302; 23; 0; 0; 0; 0; 0; 43; 236; 2; 0; 0; 0; 0; 0; 13; 31; 20; 9999
1968;10; 4; 0; 0; 0; 0; 0; 0; 41; 184; 190; 25; 19; 56; 55; 2; 135; 0; 296; 0; 0; 0; 0; 86; 109; 0; 0; 0; 84; 10; 23; 0
1968;11; 0; 16; 23; 0; 0; 0; 17; 7; 0; 12; 275; 13; 6; 0; 0; 0; 28; 76; 27; 0; 0; 0; 0; 0; 0; 0; 0; 162; 65; 282; 9999
1968;12; 266; 72; 8; 0; 43; 30; 14; 0; 217; 0; 0; 0; 0; 0; 0; 492; 0; 0; 0; 0; 0; 0; 0; 0; 243; 43; 0; 148; 85; 5; 0
1969;01; 30; 37; 6; 209; 167; 232; 341; 0; 4; 104; 35; 155; 0; 273; 13; 0; 0; 15; 12; 0; 23; 75; 76; 8; 73; 30; 40; 42; 0; 0; 0
1969;02; 426; 93; 320; 0; 0; 0; 0; 0; 0; 0; 0; 0; 0; 0; 0; 90; 0; 60; 742; 310; 135; 31; 73; 123; 92; 530; 17; 6; 9999; 9999; 9999
1969;03; 415; 41; 35; 171; 19; 14; 0; 0; 20; 80; 143; 194; 52; 12; 0; 0; 0; 0; 0; 0; 83; 0; 0; 0; 17; 475; 50; 99; 10; 8; 0
1969;04; 253; 44; 300; 63; 254; 10; 4; 24; 0; 0; 0; 125; 0; 0; 57; 0; 0; 0; 0; 0; 0; 140; 56; 56; 47; 0; 0; 31; 0; 0; 9999
1969;05; 0; 0; 34; 0; 0; 0; 0; 0; 0; 0; 0; 0; 282; 0; 0; 0; 0; 0; 0; 0; 0; 0; 0; 27; 73; 0; 0; 0; 27; 543; 71
1969;06; 2; 365; 3; 0; 0; 0; 0; 0; 0; 0; 0; 0; 0; 0; 0; 19; 5; 0; 71; 17; 11; 12; 3; 0; 0; 0; 6; 3; 0; 0; 9999
1969;07; 42; 12; 18; 0; 2; 0; 0; 54; 18; 4; 0; 0; 60; 5; 3; 6; 2; 0; 0; 0; 0; 0; 44; 30; 0; 0; 0; 0; 0; 0; 4
1969;08; 0; 25; 209; 37; 0; 0; 124; 66; 3; 0; 0; 2; 0; 0; 0; 97; 0; 32; 2; 29; 127; 12; 0; 2; 0; 15; 0; 8; 199; 56; 8
1969;09; 3; 0; 0; 0; 88; 11; 0; 17; 35; 0; 0; 8; 15; 5; 53; 7; 0; 0; 63; 5; 69; 8; 5; 0; 0; 0; 0; 39; 0; 37; 9999
1969;10; 140; 88; 55; 102; 156; 0; 505; 233; 0; 6; 0; 51; 100; 7; 4; 0; 159; 63; 19; 281; 41; 0; 195; 365; 36; 6; 3; 0; 6; 9; 28
1969;11; 0; 0; 49; 82; 5; 160; 193; 56; 190; 464; 160; 100; 45; 0; 0; 0; 0; 206; 177; 207; 155; 97; 124; 77; 41; 0; 6; 0; 19; 19; 9999
1969;12; 324; 55; 103; 21; 12; 0; 12; 272; 160; 50; 30; 0; 135; 217; 133; 0; 0; 0; 0; 0; 6; 0; 67; 192; 385; 0; 31; 0; 0; 0; 0
1970;01; 49; 0; 29; 10; 0; 0; 0; 0; 0; 544; 0; 0; 0; 89; 293; 327; 455; 113; 32; 49; 114; 5; 0; 0; 0; 0; 134; 36; 37; 0; 170
1970;02; 20; 0; 29; 150; 206; 221; 0; 0; 192; 144; 130; 64; 205; 61; 320; 143; 0; 33; 257; 260; 42; 463; 116; 121; 29; 0; 0; 0; 9999; 9999; 9999
1970;03; 0; 0; 0; 0; 0; 0; 0; 0; 0; 0; 0; 44; 653; 1586; 1085; 0; 0; 0; 73; 7; 0; 6; 0; 0; 330; 64; 5; 0; 0; 0; 0
1970;04; 0; 0; 165; 45; 21; 46; 42; 20; 12; 6; 0; 3; 235; 3; 0; 0; 80; 0; 0; 0; 0; 0; 0; 0; 0; 0; 0; 24; 52; 210; 9999
1970;05; 0; 0; 5; 2; 0; 0; 83; 472; 2; 0; 0; 9; 0; 0; 0; 0; 0; 0; 0; 0; 62; 79; 15; 8; 0; 0; 0; 0; 0; 0; 0
1970;06; 0; 0; 0; 0; 0; 0; 26; 1; 0; 2; 8; 0; 0; 0; 138; 240; 1; 0; 0; 0; 0; 0; 0; 376; 77; 0; 0; 0; 0; 0; 9999
1970;07; 0; 152; 30; 0; 0; 0; 0; 0; 120; 8; 20; 0; 20; 27; 32; 9; 0; 0; 0; 0; 0; 13; 0; 0; 0; 0; 0; 0; 480; 0; 0
1970;08; 0; 0; 0; 0; 0; 0; 76; 0; 20; 54; 0; 0; 0; 0; 0; 0; 175; 0; 0; 0; 0; 0; 0; 0; 0; 290; 207; 68; 3; 56; 252
1970;09; 38; 0; 0; 0; 0; 0; 250; 0; 45; 14; 40; 0; 0; 0; 238; 450; 65; 27; 0; 0; 41; 0; 0; 0; 40; 16; 10; 0; 68; 0; 9999
1970;10; 0; 5; 1309; 542; 0; 0; 0; 402; 23; 0; 0; 0; 3; 9; 0; 0; 0; 43; 0; 0; 60; 4; 390; 47; 25; 0; 170; 0; 0; 0; 0
1970;11; 0; 0; 167; 60; 48; 7; 0; 162; 0; 0; 0; 0; 0; 249; 257; 0; 0; 0; 61; 43; 0; 293; 15; 0; 27; 0; 0; 31; 29; 38; 9999
1970;12; 81; 266; 46; 0; 0; 0; 34; 0; 0; 213; 30; 0; 176; 0; 0; 0; 36; 7; 58; 108; 140; 0; 0; 0; 0; 270; 61; 112; 0; 126; 49
1971;01; 20; 94; 139; 42; 0; 339; 29; 1; 0; 0; 214; 4; 0; 75; 225; 10; 0; 2; 3; 2; 0; 13; 0; 0; 0; 0; 0; 0; 98; 0; 18
1971;02; 315; 20; 16; 0; 0; 0; 2; 66; 0; 54; 45; 0; 0; 0; 0; 0; 0; 0; 0; 0; 370; 15; 151; 64; 306; 1800; 142; 74; 9999; 9999; 9999
1971;03; 21; 71; 0; 0; 58; 310; 226; 15; 0; 2; 8; 83; 331; 2; 0; 0; 0; 0; 0; 0; 106; 21; 162; 72; 691; 40; 42; 47; 2; 0; 0
1971;04; 49; 17; 0; 0; 272; 3; 0; 0; 86; 89; 34; 2; 0; 12; 13; 4; 36; 23; 0; 26; 3; 142; 17; 350; 6; 3; 0; 0; 0; 3; 9999
1971;05; 0; 0; 139; 13; 100; 41; 16; 0; 120; 24; 4; 2; 0; 0; 0; 0; 0; 0; 7; 0; 0; 0; 0; 0; 3; 74; 32; 525; 83; 0; 0
1971;06; 0; 0; 0; 0; 0; 0; 7; 2; 80; 0; 0; 63; 32; 30; 0; 12; 50; 300; 128; 38; 82; 0; 0; 0; 0; 0; 0; 0; 0; 0; 9999
