33
Ano,Mes,1,2,3,4,5,6,7,8,9,10,11,12,13,14,15,16,17,18,19,20,21,22,23,24,25,26,27,28,29,30,31
1943;03; 11; 0; 7; 0; 0; 0; 0; 0; 0; 0; 0; 0; 0; 0; 0; 0; 0; 0; 0; 0; 0; 2; 0; 0; 206; 0; 0; 0; 5; 0; 0
1943;04; 41; 5; 0; 0; 7; 0; 0; 0; 0; 0; 40; 7; 0; 0; 0; 9; 0; 0; 0; 0; 0; 0; 0; 0; 0; 0; 21; 0; 0; 0; 9999
1943;05; 0; 0; 0; 0; 0; 0; 0; 0; 10; 20; 0; 0; 0; 0; 0; 0; 0; 0; 0; 0; 0; 0; 0; 0; 0; 0; 0; 0; 0; 0; 0
1943;06; 0; 3; 0; 0; 0; 11; 10; 72; 0; 30; 0; 0; 40; 0; 0; 0; 0; 2; 0; 0; 0; 0; 0; 0; 0; 10; 0; 0; 0; 0; 9999
1943;07; 0; 0; 0; 0; 0; 0; 50; 0; 0; 0; 0; 0; 0; 0; 0; 0; 0; 0; 0; 0; 0; 0; 0; 0; 0; 0; 0; 0; 0; 0; 0
1943;08; 0; 0; 5; 10; 30; 50; 30; 0; 0; 0; 0; 20; 40; 0; 5; 0; 0; 0; 0; 0; 0; 0; 5; 206; 204; 5; 0; 0; 0; 0; 0
1943;09; 0; 0; 0; 0; 1; 0; 0; 0; 0; 0; 25; 17; 0; 1; 5; 0; 0; 0; 0; 0; 0; 2; 5; 104; 202; 3; 0; 0; 0; 0; 9999
1943;10; 0; 0; 0; 16; 64; 140; 110; 5; 0; 5; 75; 41; 21; 103; 142; 5; 41; 0; 0; 0; 0; 0; 3; 243; 1; 2; 0; 193; 240; 10; 1
1943;11; 0; 4; 35; 14; 59; 4; 309; 21; 0; 306; 77; 3; 0; 0; 0; 0; 0; 0; 18; 12; 0; 0; 24; 25; 7; 3; 0; 0; 0; 2; 9999
1943;12; 16; 350; 78; 3; 25; 0; 5; 0; 0; 0; 0; 35; 59; 0; 9; 0; 450; 9; 55; 55; 19; 215; 140; 448; 3; 235; 79; 0; 245; 117; 184
1944;01; 65; 106; 28; 1; 0; 26; 105; 135; 17; 103; 3; 73; 135; 125; 43; 0; 0; 39; 51; 12; 0; 0; 0; 323; 14; 37; 0; 0; 0; 507; 210
1944;02; 2; 33; 8; 183; 12; 13; 0; 15; 24; 23; 0; 0; 0; 0; 12; 250; 9; 75; 420; 46; 292; 147; 502; 0; 77; 0; 167; 248; 20; 9999; 9999
1944;03; 73; 92; 63; 367; 90; 150; 49; 160; 0; 0; 0; 70; 74; 120; 128; 1; 5; 400; 71; 110; 0; 0; 0; 0; 102; 17; 0; 0; 0; 0; 0
1944;04; 35; 109; 10; 0; 0; 0; 0; 0; 10; 0; 19; 135; 1; 0; 0; 11; 0; 123; 11; 89; 25; 2; 0; 0; 0; 1; 0; 0; 1; 21; 9999
1944;05; 0; 2; 0; 0; 0; 1; 1; 0; 0; 0; 112; 0; 0; 1; 0; 18; 1; 0; 1; 0; 0; 15; 0; 0; 0; 33; 70; 0; 0; 0; 1
1944;06; 0; 1; 0; 0; 0; 0; 0; 0; 0; 0; 1; 1; 0; 0; 0; 0; 0; 0; 15; 1; 2; 0; 0; 0; 0; 0; 34; 56; 3; 0; 9999
1944;07; 0; 0; 0; 0; 0; 0; 223; 2; 0; 13; 8; 0; 0; 0; 0; 1; 0; 0; 0; 0; 0; 0; 0; 1; 1; 0; 0; 0; 0; 0; 0
1944;08; 0; 0; 0; 0; 0; 0; 0; 0; 0; 0; 0; 0; 0; 0; 0; 0; 0; 0; 3; 0; 0; 0; 0; 0; 0; 0; 0; 0; 0; 0; 0
1944;09; 0; 91; 32; 0; 0; 0; 0; 0; 0; 0; 0; 0; 0; 0; 0; 0; 0; 0; 0; 0; 0; 0; 0; 0; 0; 0; 83; 1; 0; 0; 9999
1944;10; 0; 0; 0; 0; 0; 0; 0; 0; 0; 0; 0; 0; 22; 93; 0; 0; 125; 0; 0; 0; 0; 0; 0; 0; 0; 295; 43; 0; 11; 1; 0
1944;11; 0; 0; 1; 100; 166; 27; 120; 159; 315; 0; 0; 0; 6; 29; 95; 27; 0; 0; 0; 287; 0; 0; 0; 437; 3; 363; 19; 0; 0; 0; 9999
1944;12; 59; 0; 108; 119; 94; 0; 0; 0; 0; 11; 42; 0; 0; 0; 0; 0; 61; 21; 0; 0; 0; 0; 67; 80; 41; 0; 56; 163; 1; 0; 0
1945;01; 0; 43; 68; 10; 5; 0; 40; 450; 0; 0; 0; 0; 43; 22; 0; 228; 288; 0; 0; 284; 0; 17; 38; 0; 29; 0; 3; 8; 58; 458; 309
1945;02; 653; 946; 0; 167; 310; 11; 214; 285; 23; 0; 74; 0; 0; 0; 0; 0; 58; 1; 35; 49; 121; 214; 15; 2; 0; 0; 0; 94; 9999; 9999; 9999
1945;03; 9999; 9999; 9999; 9999; 9999; 9999; 9999; 9999; 9999; 9999; 9999; 9999; 9999; 9999; 9999; 9999; 9999; 9999; 9999; 9999; 9999; 9999; 9999; 9999; 9999; 9999; 9999; 9999; 9999; 9999; 9999
1945;04; 0; 0; 0; 273; 189; 3; 31; 0; 0; 0; 0; 0; 28; 0; 0; 0; 0; 0; 0; 246; 0; 0; 0; 0; 0; 0; 0; 0; 0; 155; 9999
1945;05; 15; 0; 0; 0; 1; 0; 0; 0; 1; 0; 2; 43; 0; 0; 2; 1; 9; 86; 31; 0; 0; 0; 2; 0; 0; 0; 0; 112; 23; 0; 0
1945;06; 0; 0; 0; 0; 0; 95; 57; 1; 0; 1; 3; 0; 0; 0; 1; 0; 1; 0; 0; 145; 808; 15; 181; 367; 317; 125; 11; 0; 0; 0; 9999
1945;07; 1; 1; 0; 0; 29; 3; 64; 1; 0; 0; 55; 36; 11; 0; 0; 0; 0; 0; 0; 0; 0; 0; 0; 0; 0; 0; 0; 0; 0; 0; 0
1945;08; 0; 0; 0; 0; 0; 0; 0; 0; 0; 0; 0; 0; 0; 0; 0; 0; 0; 0; 0; 0; 0; 30; 0; 0; 0; 0; 0; 0; 0; 0; 0
1945;09; 14; 10; 4; 0; 0; 0; 0; 0; 0; 0; 31; 0; 0; 0; 0; 76; 157; 4; 0; 0; 0; 0; 0; 0; 0; 0; 0; 0; 0; 86; 9999
1945;10; 71; 0; 0; 0; 0; 130; 0; 0; 21; 49; 3; 0; 0; 0; 0; 0; 0; 50; 0; 0; 0; 0; 0; 0; 0; 0; 7; 406; 1; 160; 0
1945;11; 178; 137; 97; 0; 1; 72; 79; 80; 168; 70; 0; 0; 148; 129; 0; 0; 0; 0; 0; 0; 0; 78; 9; 7; 35; 2; 39; 46; 0; 0; 9999
1945;12; 0; 0; 0; 0; 0; 361; 147; 16; 99; 0; 1; 0; 58; 96; 23; 130; 23; 505; 0; 537; 11; 0; 0; 0; 156; 11; 27; 364; 256; 43; 324
1946;01; 181; 14; 1; 14; 259; 469; 359; 61; 0; 6; 70; 8; 36; 28; 206; 300; 0; 408; 6; 397; 69; 16; 0; 0; 1; 433; 0; 141; 0; 0; 0
1946;02; 0; 138; 51; 0; 0; 21; 26; 0; 145; 10; 1; 220; 113; 62; 22; 1; 0; 0; 3; 138; 121; 186; 49; 192; 45; 0; 0; 0; 9999; 9999; 9999
1946;03; 56; 671; 139; 47; 77; 122; 92; 0; 1; 0; 59; 231; 35; 5; 651; 19; 44; 26; 37; 0; 8; 1; 1; 26; 236; 48; 42; 1; 0; 0; 0
1946;04; 504; 330; 75; 3; 0; 0; 0; 18; 2; 4; 0; 0; 0; 1; 0; 0; 19; 67; 1; 0; 1; 0; 1; 0; 0; 0; 0; 0; 1; 1; 9999
1946;05; 2; 23; 18; 0; 16; 0; 0; 0; 1; 1; 0; 2; 15; 7; 0; 0; 0; 0; 0; 31; 0; 0; 0; 106; 0; 1; 0; 1; 0; 1; 0
1946;06; 9; 121; 207; 57; 2; 0; 0; 0; 1; 1; 0; 1; 1; 0; 0; 128; 0; 1; 1; 0; 1; 0; 0; 0; 1; 0; 1; 1; 1; 0; 9999
1946;07; 1; 1; 1; 0; 18; 0; 0; 3; 5; 0; 0; 58; 5; 103; 0; 190; 37; 0; 0; 1; 2; 1; 1; 34; 1; 0; 0; 0; 1; 1; 1
1946;08; 0; 0; 0; 1; 1; 0; 1; 1; 0; 2; 0; 1; 0; 1; 0; 0; 0; 0; 0; 0; 0; 0; 1; 0; 0; 0; 0; 0; 0; 1; 1
1946;09; 0; 0; 0; 0; 0; 0; 21; 0; 0; 0; 1; 1; 0; 0; 0; 1; 0; 12; 1; 0; 0; 0; 0; 17; 0; 0; 1; 0; 105; 57; 9999
1946;10; 0; 0; 0; 0; 0; 0; 0; 49; 93; 0; 131; 1; 12; 49; 0; 123; 86; 16; 7; 234; 21; 6; 294; 0; 0; 0; 1; 1; 1; 0; 0
1946;11; 84; 14; 116; 0; 0; 0; 94; 50; 59; 135; 1; 0; 0; 0; 0; 1; 3; 1; 23; 92; 1; 49; 0; 0; 0; 121; 41; 0; 1; 105; 9999
1946;12; 21; 0; 0; 1; 0; 1; 52; 6; 161; 174; 3; 0; 6; 0; 20; 1; 27; 29; 195; 0; 0; 131; 133; 137; 243; 71; 295; 6; 1; 30; 165
1947;01; 84; 215; 70; 196; 122; 85; 1; 1; 105; 0; 0; 560; 450; 164; 110; 426; 3; 0; 480; 309; 40; 2; 0; 0; 485; 388; 343; 394; 132; 16; 12
1947;02; 2; 2; 1; 1; 0; 3; 20; 1; 0; 4; 11; 200; 1; 19; 144; 80; 419; 209; 135; 15; 107; 42; 1; 26; 0; 5; 380; 106; 9999; 9999; 9999
1947;03; 741; 55; 231; 216; 105; 29; 707; 442; 1; 0; 2; 47; 124; 9; 266; 10; 0; 7; 268; 120; 1; 0; 0; 129; 1; 3; 4; 8; 6; 0; 0
1947;04; 0; 0; 0; 0; 0; 0; 43; 107; 437; 3; 0; 75; 15; 2; 0; 2; 1; 2; 6; 106; 36; 1; 1; 0; 0; 2; 4; 1; 2; 2; 9999
1947;05; 1; 0; 0; 110; 9; 3; 0; 2; 1; 0; 1; 3; 0; 0; 0; 0; 2; 0; 0; 335; 46; 2; 1; 1; 3; 0; 2; 2; 1; 1; 2
1947;06; 2; 0; 1; 3; 2; 2; 0; 0; 2; 2; 0; 0; 0; 0; 10; 2; 1; 0; 1; 105; 212; 166; 75; 1; 0; 11; 0; 1; 1; 0; 9999
1947;07; 1; 1; 0; 0; 2; 315; 0; 0; 130; 343; 3; 3; 4; 1; 0; 0; 0; 1; 1; 0; 0; 1; 0; 1; 1; 0; 1; 51; 3; 1; 1
1947;08; 9; 114; 1; 2; 0; 2; 3; 2; 5; 1; 66; 23; 70; 3; 2; 2; 0; 0; 0; 0; 1; 0; 0; 0; 57; 77; 23; 176; 189; 3; 0
1947;09; 2; 154; 0; 5; 308; 6; 80; 0; 11; 40; 0; 1; 0; 0; 51; 1; 1; 0; 196; 1; 1; 0; 0; 234; 369; 154; 5; 22; 0; 0; 9999
1947;10; 4; 44; 25; 255; 16; 0; 0; 1; 9; 169; 0; 2; 1; 2; 0; 0; 0; 0; 260; 40; 16; 3; 29; 100; 170; 225; 1; 1; 0; 0; 2
1947;11; 0; 0; 170; 200; 2; 0; 0; 2; 0; 28; 65; 0; 33; 13; 11; 0; 0; 0; 1; 0; 0; 40; 1; 69; 417; 47; 479; 1; 0; 0; 9999
1947;12; 1; 114; 47; 52; 0; 0; 1; 0; 393; 26; 118; 140; 0; 0; 352; 54; 170; 164; 120; 582; 340; 120; 46; 14; 57; 7; 152; 1; 265; 448; 0
1948;01; 1; 114; 47; 52; 0; 0; 1; 0; 393; 26; 118; 140; 0; 0; 352; 54; 6; 164; 120; 582; 340; 120; 46; 14; 57; 7; 152; 1; 265; 448; 0
1948;02; 102; 64; 0; 12; 58; 70; 10; 0; 308; 180; 202; 142; 2; 59; 495; 0; 1; 371; 20; 135; 63; 26; 27; 1; 303; 1; 28; 35; 85; 9999; 9999
1948;03; 45; 107; 0; 0; 1; 0; 0; 0; 0; 0; 60; 504; 132; 276; 145; 64; 172; 0; 301; 2; 1; 1; 46; 31; 204; 82; 15; 1; 6; 1; 74
1948;04; 1; 4; 0; 189; 24; 7; 1; 1; 0; 41; 0; 0; 2; 0; 0; 0; 0; 0; 4; 2; 0; 15; 0; 1; 1; 0; 1; 1; 1; 1; 9999
1948;05; 0; 5; 37; 84; 0; 1; 0; 1; 1; 0; 1; 2; 0; 0; 0; 0; 0; 237; 2; 69; 0; 26; 11; 2; 1; 1; 0; 0; 129; 5; 4
1948;06; 49; 0; 93; 0; 2; 2; 0; 0; 2; 2; 3; 3; 0; 2; 0; 0; 0; 0; 2; 2; 0; 2; 1; 2; 1; 0; 0; 0; 0; 0; 9999
1948;07; 0; 2; 15; 2; 0; 0; 0; 0; 2; 0; 0; 0; 0; 0; 0; 2; 1; 2; 3; 3; 3; 2; 1; 0; 5; 0; 4; 87; 180; 80; 90
1948;08; 48; 0; 33; 0; 1; 1; 0; 149; 1; 2; 0; 90; 2; 0; 0; 1; 0; 0; 1; 1; 1; 0; 0; 0; 0; 0; 2; 3; 1; 2; 0
1948;09; 0; 0; 0; 0; 0; 0; 0; 0; 0; 0; 45; 210; 55; 1; 0; 0; 0; 0; 0; 0; 0; 0; 0; 0; 0; 0; 0; 0; 0; 395; 9999
1948;10; 0; 0; 86; 54; 49; 24; 177; 0; 0; 0; 185; 48; 210; 0; 2; 4; 0; 3; 1; 1; 0; 0; 0; 51; 28; 0; 178; 4; 36; 0; 0
1948;11; 21; 20; 14; 24; 387; 180; 23; 73; 2; 2; 33; 58; 2; 0; 0; 2; 2; 2; 0; 0; 127; 0; 0; 1; 1; 0; 141; 8; 1; 0; 9999
1948;12; 0; 133; 0; 263; 136; 7; 0; 0; 81; 0; 1; 0; 0; 2; 2; 0; 66; 225; 402; 1; 1; 0; 0; 4; 62; 2; 0; 2; 0; 0; 63
1949;01; 0; 0; 0; 0; 0; 0; 0; 155; 57; 20; 80; 56; 180; 155; 13; 183; 177; 90; 398; 23; 0; 0; 257; 297; 293; 142; 2; 3; 32; 207; 0
1949;02; 0; 0; 0; 0; 0; 0; 16; 65; 764; 30; 0; 0; 0; 0; 2; 2; 330; 152; 4; 3; 4; 70; 0; 48; 0; 181; 102; 2; 9999; 9999; 9999
1949;03; 0; 2; 255; 84; 0; 290; 184; 19; 526; 0; 0; 2; 0; 1; 0; 0; 0; 63; 0; 55; 2; 14; 7; 0; 154; 79; 5; 0; 0; 4; 52
1949;04; 4; 37; 133; 15; 23; 4; 2; 1; 0; 0; 2; 3; 2; 0; 0; 2; 2; 3; 0; 0; 0; 0; 15; 48; 75; 1; 1; 0; 0; 0; 9999
1949;05; 0; 2; 0; 0; 0; 0; 0; 0; 0; 0; 0; 154; 0; 0; 5; 3; 5; 5; 5; 3; 3; 0; 0; 2; 2; 2; 2; 2; 0; 0; 4
1949;06; 2; 2; 2; 0; 0; 135; 0; 0; 0; 23; 0; 80; 0; 0; 42; 0; 22; 0; 0; 2; 2; 2; 2; 2; 0; 3; 3; 0; 0; 3; 9999
1949;07; 5; 2; 2; 2; 0; 0; 0; 0; 0; 0; 0; 0; 0; 0; 0; 0; 0; 0; 0; 0; 0; 2; 1; 2; 0; 0; 0; 2; 2; 0; 0
1949;08; 0; 0; 0; 0; 0; 0; 0; 0; 0; 5; 2; 0; 0; 0; 0; 0; 0; 0; 0; 0; 0; 5; 0; 2; 5; 6; 0; 0; 0; 2; 2
1949;09; 0; 0; 0; 0; 0; 2; 134; 0; 0; 0; 0; 0; 0; 0; 22; 0; 0; 0; 0; 0; 35; 10; 0; 0; 0; 0; 0; 13; 0; 0; 9999
1949;10; 0; 0; 0; 5; 0; 0; 4; 85; 39; 0; 0; 0; 144; 0; 0; 0; 55; 48; 31; 0; 5; 31; 146; 10; 108; 8; 10; 0; 0; 0; 0
1949;11; 0; 0; 0; 0; 0; 280; 98; 12; 0; 376; 26; 8; 0; 0; 0; 0; 0; 0; 0; 3; 2; 224; 0; 0; 0; 0; 0; 0; 0; 0; 9999
1949;12; 0; 206; 477; 0; 0; 2; 5; 270; 78; 2; 1; 0; 100; 38; 3; 280; 37; 50; 1; 1; 1; 5; 561; 85; 102; 189; 180; 89; 180; 0; 0
1950;01; 0; 0; 122; 4; 79; 334; 6; 234; 0; 0; 270; 3; 155; 34; 0; 0; 202; 2; 38; 607; 271; 117; 236; 40; 294; 146; 38; 50; 43; 20; 63
1950;02; 400; 4; 122; 2; 120; 34; 87; 320; 205; 260; 460; 116; 120; 240; 5; 170; 20; 5; 110; 0; 385; 300; 157; 5; 163; 0; 23; 2; 9999; 9999; 9999
1950;03; 0; 2; 0; 0; 2; 178; 0; 60; 200; 33; 62; 2; 0; 1; 0; 10; 270; 186; 56; 200; 307; 103; 2; 3; 2; 13; 0; 0; 0; 0; 0
1950;04; 0; 31; 21; 0; 0; 3; 0; 0; 20; 1; 93; 103; 70; 85; 30; 2; 43; 60; 111; 52; 10; 1; 0; 0; 0; 1; 153; 4; 81; 93; 9999
1950;05; 2; 2; 2; 0; 1; 0; 1; 0; 1; 1; 1; 0; 0; 0; 1; 0; 0; 0; 0; 0; 0; 0; 0; 1; 1; 0; 0; 1; 2; 27; 0
1950;06; 1; 1; 1; 1; 0; 0; 117; 0; 2; 1; 0; 0; 0; 0; 1; 1; 69; 0; 2; 1; 14; 0; 0; 0; 5; 0; 0; 1; 1; 0; 9999
1950;07; 0; 79; 0; 0; 0; 0; 0; 0; 0; 37; 0; 1; 0; 1; 2; 0; 2; 1; 0; 0; 0; 0; 0; 0; 0; 0; 0; 2; 0; 0; 0
1950;08; 0; 0; 3; 0; 9; 4; 0; 2; 0; 0; 0; 0; 0; 0; 0; 0; 0; 0; 0; 0; 0; 0; 0; 0; 0; 0; 0; 0; 0; 0; 0
1950;09; 0; 0; 0; 0; 0; 0; 0; 0; 0; 0; 0; 0; 0; 0; 0; 0; 0; 0; 43; 1; 0; 23; 17; 173; 4; 5; 1; 0; 0; 0; 9999
1950;10; 0; 84; 35; 0; 0; 200; 0; 0; 1; 55; 11; 68; 122; 0; 80; 0; 59; 1; 141; 83; 2; 0; 0; 102; 1; 0; 0; 0; 0; 122; 118
1950;11; 0; 6; 1; 0; 0; 0; 0; 2; 221; 0; 0; 63; 28; 0; 0; 6; 20; 235; 47; 8; 50; 0; 187; 0; 0; 4; 200; 54; 103; 0; 9999
1950;12; 0; 2; 5; 0; 0; 62; 91; 9; 102; 67; 5; 402; 114; 360; 417; 6; 0; 0; 336; 52; 5; 0; 0; 0; 0; 0; 0; 105; 172; 133; 406
1951;01; 0; 42; 303; 302; 201; 36; 40; 39; 0; 9; 102; 119; 2; 119; 34; 26; 16; 118; 112; 100; 40; 3; 1; 242; 202; 62; 2; 132; 44; 3; 5
1951;02; 23; 2; 516; 1; 398; 10; 99; 370; 67; 18; 14; 0; 2; 48; 280; 0; 118; 162; 133; 158; 1; 0; 11; 152; 38; 27; 0; 690; 9999; 9999; 9999
1951;03; 98; 0; 0; 0; 203; 42; 120; 437; 0; 2; 1; 18; 128; 0; 53; 14; 15; 17; 120; 4; 101; 0; 125; 122; 84; 46; 0; 1; 133; 85; 3
1951;04; 113; 206; 159; 6; 0; 1; 19; 0; 1; 1; 0; 1; 2; 0; 80; 41; 1; 1; 0; 1; 0; 100; 4; 0; 0; 1; 11; 0; 0; 0; 9999
1951;05; 1; 0; 40; 117; 0; 0; 2; 2; 2; 2; 1; 1; 1; 1; 0; 0; 0; 2; 10; 1; 1; 0; 0; 1; 2; 2; 3; 3; 0; 44; 11
1951;06; 1; 0; 0; 3; 1; 0; 32; 4; 0; 0; 2; 2; 1; 2; 2; 2; 2; 2; 1; 0; 2; 2; 2; 2; 2; 2; 9; 0; 57; 0; 9999
1951;07; 0; 1; 2; 2; 375; 5; 1; 3; 0; 0; 0; 0; 1; 1; 2; 2; 1; 3; 1; 2; 1; 1; 1; 0; 1; 2; 0; 0; 0; 0; 0
1951;08; 0; 0; 0; 2; 205; 5; 0; 0; 2; 0; 0; 0; 0; 2; 0; 0; 5; 2; 1; 0; 0; 210; 113; 0; 0; 0; 0; 0; 2; 24; 2
1951;09; 1; 2; 2; 2; 0; 0; 0; 0; 0; 1; 1; 0; 0; 0; 0; 0; 8; 7; 0; 0; 0; 0; 0; 0; 0; 0; 7; 2; 0; 1; 9999
1951;10; 2; 0; 0; 0; 1; 2; 20; 1; 0; 0; 68; 0; 0; 44; 11; 104; 0; 2; 150; 103; 140; 0; 0; 0; 303; 308; 0; 46; 163; 22; 1
1951;11; 1; 1; 0; 0; 5; 130; 1; 1; 0; 3; 0; 0; 0; 22; 45; 1; 77; 22; 1; 0; 1; 2; 0; 1; 620; 321; 34; 74; 93; 91; 9999
1951;12; 1; 0; 38; 1; 1; 0; 7; 210; 5; 0; 153; 1; 22; 4; 1; 65; 63; 13; 1; 0; 0; 0; 113; 0; 0; 0; 47; 24; 3; 0; 105
1952;01; 357; 337; 297; 0; 1; 63; 415; 226; 12; 1; 1; 82; 299; 64; 58; 464; 216; 0; 149; 0; 0; 0; 19; 56; 252; 18; 4; 3; 45; 8; 2
1952;02; 0; 112; 0; 82; 0; 202; 45; 0; 0; 12; 301; 105; 262; 101; 0; 0; 235; 0; 12; 86; 509; 91; 0; 52; 101; 108; 19; 905; 19; 9999; 9999
1952;03; 0; 51; 44; 32; 63; 0; 0; 0; 0; 42; 106; 52; 56; 201; 303; 208; 0; 21; 84; 12; 0; 0; 0; 103; 108; 501; 0; 0; 0; 0; 69
1952;04; 85; 43; 2; 1; 2; 3; 1; 2; 0; 0; 9; 218; 0; 1; 0; 0; 1; 0; 0; 0; 0; 7; 115; 9; 7; 3; 0; 0; 2; 3; 9999
1952;05; 0; 2; 2; 0; 32; 23; 0; 1; 2; 2; 0; 0; 1; 0; 0; 0; 0; 0; 0; 1; 2; 1; 0; 46; 32; 3; 1; 1; 0; 0; 0
1952;06; 0; 0; 2; 2; 32; 23; 0; 1; 2; 2; 0; 0; 1; 0; 0; 0; 0; 0; 0; 1; 1; 1; 0; 46; 32; 3; 1; 1; 0; 0; 9999
1952;07; 1; 9; 19; 3; 2; 5; 8; 13; 1; 0; 1; 0; 0; 0; 0; 0; 0; 3; 0; 2; 0; 0; 0; 2; 2; 0; 0; 0; 3; 1; 0
1952;08; 1; 0; 0; 0; 0; 0; 3; 0; 2; 0; 0; 0; 0; 0; 0; 0; 0; 0; 34; 29; 2; 2; 1; 1; 0; 0; 214; 5; 0; 0; 0
1952;09; 0; 0; 0; 0; 9; 51; 78; 0; 0; 25; 0; 0; 58; 32; 0; 1; 7; 164; 342; 1; 0; 0; 0; 0; 0; 0; 0; 0; 0; 1; 9999
1952;10; 0; 0; 1; 0; 0; 0; 32; 84; 16; 0; 18; 52; 99; 0; 0; 0; 0; 0; 55; 12; 21; 4; 94; 5; 10; 111; 0; 213; 11; 2; 2
1952;11; 19; 205; 9; 5; 1; 0; 0; 0; 0; 32; 473; 0; 6; 0; 0; 5; 145; 59; 204; 327; 33; 5; 0; 0; 9; 35; 9; 3; 0; 5; 9999
1952;12; 0; 305; 300; 400; 186; 0; 55; 0; 0; 0; 43; 168; 477; 45; 89; 1; 0; 0; 0; 43; 13; 41; 0; 0; 0; 2; 3; 2; 1; 0; 0
1953;01; 58; 501; 0; 0; 1; 3; 5; 5; 5; 3; 1; 1; 0; 14; 0; 0; 0; 0; 0; 0; 0; 5; 34; 0; 102; 32; 134; 15; 12; 102; 0
1953;02; 0; 103; 59; 35; 0; 0; 0; 0; 240; 24; 64; 68; 75; 156; 145; 265; 17; 72; 42; 310; 0; 0; 0; 0; 0; 0; 0; 0; 9999; 9999; 9999
1953;03; 0; 0; 115; 0; 0; 0; 0; 0; 2; 1; 1; 5; 0; 89; 0; 0; 0; 0; 20; 0; 59; 35; 355; 65; 39; 183; 455; 0; 356; 6; 0
1953;04; 0; 101; 196; 5; 123; 452; 3; 131; 3; 2; 1; 0; 11; 3; 1; 2; 207; 62; 1; 3; 0; 0; 46; 9; 5; 6; 0; 3; 8; 3; 9999
1953;05; 3; 2; 0; 45; 225; 126; 0; 3; 0; 0; 11; 5; 24; 0; 0; 0; 0; 0; 0; 0; 0; 0; 0; 0; 25; 50; 0; 0; 0; 0; 0
1953;06; 0; 159; 0; 0; 0; 0; 0; 10; 0; 41; 45; 0; 0; 0; 0; 0; 0; 0; 0; 5; 0; 2; 0; 0; 0; 0; 0; 0; 0; 0; 9999
1953;07; 0; 0; 0; 0; 0; 0; 0; 1; 52; 221; 0; 0; 0; 0; 0; 0; 0; 0; 0; 13; 3; 0; 0; 0; 0; 0; 0; 0; 0; 0; 0
1953;08; 155; 0; 0; 0; 0; 1; 0; 0; 1; 0; 0; 1; 0; 0; 0; 0; 1; 0; 0; 0; 0; 0; 0; 152; 52; 0; 10; 0; 10; 15; 0
1953;09; 0; 0; 0; 0; 1; 0; 75; 0; 0; 0; 18; 3; 0; 1; 98; 3; 0; 0; 0; 0; 0; 1; 0; 0; 0; 1; 0; 0; 0; 0; 9999
1953;10; 0; 0; 205; 167; 103; 0; 11; 15; 0; 1; 0; 0; 84; 11; 0; 0; 53; 0; 34; 623; 4; 1; 31; 0; 0; 0; 0; 0; 215; 253; 0
1953;11; 75; 277; 1; 0; 0; 0; 0; 245; 0; 0; 0; 1; 0; 81; 27; 0; 1; 0; 0; 227; 235; 0; 1; 0; 0; 0; 0; 0; 437; 68; 9999
1953;12; 33; 31; 0; 5; 11; 0; 1; 0; 0; 0; 0; 50; 563; 0; 0; 18; 11; 140; 0; 161; 0; 0; 0; 0; 8; 5; 0; 0; 40; 0; 0
1954;01; 0; 0; 20; 190; 281; 52; 0; 163; 60; 61; 25; 40; 0; 0; 0; 0; 0; 200; 35; 0; 50; 1; 2; 23; 0; 0; 0; 0; 0; 107; 0
1954;02; 0; 0; 0; 201; 501; 300; 105; 307; 505; 0; 100; 0; 4; 400; 50; 100; 50; 65; 0; 200; 0; 0; 0; 200; 0; 0; 0; 0; 9999; 9999; 9999
1954;03; 0; 0; 40; 0; 80; 200; 50; 102; 0; 30; 75; 112; 0; 0; 0; 0; 0; 0; 145; 0; 0; 0; 0; 0; 0; 0; 0; 200; 87; 58; 77
1954;04; 0; 170; 150; 0; 0; 100; 0; 0; 0; 0; 0; 0; 0; 52; 0; 0; 21; 0; 0; 0; 0; 0; 0; 0; 0; 0; 0; 0; 0; 203; 9999
1954;05; 152; 41; 0; 0; 0; 5; 6; 51; 0; 40; 181; 0; 0; 360; 0; 0; 122; 30; 40; 5; 332; 0; 254; 0; 0; 60; 0; 0; 0; 0; 0
1954;06; 0; 0; 0; 102; 0; 80; 57; 0; 0; 0; 0; 0; 0; 0; 0; 0; 0; 0; 103; 0; 0; 76; 0; 0; 0; 1; 0; 0; 0; 1; 9999
1954;07; 0; 0; 0; 0; 0; 0; 0; 0; 0; 0; 0; 0; 0; 0; 0; 200; 2; 60; 43; 0; 0; 0; 0; 0; 124; 2; 1; 0; 0; 0; 1
1954;08; 0; 0; 0; 0; 0; 0; 0; 0; 0; 11; 60; 0; 0; 0; 0; 0; 0; 0; 0; 0; 0; 0; 0; 0; 0; 0; 0; 22; 60; 0; 0
1954;09; 0; 0; 0; 0; 0; 0; 0; 0; 0; 0; 0; 0; 0; 0; 0; 0; 0; 0; 0; 0; 0; 0; 0; 0; 0; 202; 41; 53; 34; 242; 9999
1954;10; 121; 0; 0; 0; 0; 0; 0; 0; 0; 0; 3; 2; 3; 3; 108; 0; 43; 50; 101; 0; 206; 121; 0; 0; 0; 0; 0; 282; 0; 91; 2
1954;11; 0; 0; 0; 0; 0; 0; 0; 0; 0; 0; 0; 0; 0; 0; 0; 106; 0; 60; 0; 0; 0; 0; 0; 105; 0; 0; 0; 0; 0; 0; 9999
1954;12; 0; 0; 0; 0; 223; 0; 0; 0; 0; 145; 212; 30; 214; 0; 0; 0; 0; 123; 102; 51; 88; 6; 322; 0; 0; 0; 0; 0; 0; 0; 0
1955;01; 9999; 9999; 9999; 9999; 9999; 9999; 9999; 9999; 9999; 9999; 9999; 9999; 9999; 9999; 9999; 9999; 9999; 9999; 9999; 9999; 9999; 9999; 9999; 9999; 9999; 9999; 9999; 9999; 9999; 9999; 9999
1955;02; 9999; 9999; 9999; 9999; 9999; 9999; 9999; 9999; 9999; 9999; 9999; 9999; 9999; 9999; 9999; 9999; 9999; 9999; 9999; 9999; 9999; 9999; 9999; 9999; 9999; 9999; 9999; 9999; 9999; 9999; 9999
1955;03; 140; 490; 130; 0; 0; 40; 710; 0; 0; 120; 472; 70; 0; 1; 51; 409; 0; 0; 0; 0; 90; 0; 0; 100; 0; 0; 0; 0; 20; 400; 430
1955;04; 0; 0; 90; 1; 22; 0; 0; 60; 0; 0; 0; 0; 83; 0; 0; 41; 0; 84; 0; 0; 0; 0; 0; 0; 0; 0; 0; 0; 362; 4; 9999
1955;05; 0; 0; 0; 0; 0; 42; 31; 0; 0; 0; 0; 0; 0; 0; 0; 0; 93; 0; 0; 4; 161; 0; 0; 2; 3; 0; 0; 0; 0; 0; 2
1955;06; 0; 138; 0; 0; 0; 0; 0; 0; 20; 6; 4; 0; 0; 2; 0; 0; 0; 1; 9; 0; 0; 1; 0; 0; 0; 0; 1; 1; 1; 1; 9999
1955;07; 0; 0; 2; 52; 11; 0; 0; 0; 0; 0; 0; 0; 0; 0; 0; 0; 0; 0; 0; 0; 0; 0; 0; 0; 0; 0; 0; 0; 0; 2; 1
1955;08; 0; 0; 2; 0; 0; 0; 0; 0; 0; 0; 12; 0; 0; 0; 0; 0; 0; 0; 0; 0; 0; 0; 0; 0; 0; 3; 402; 353; 32; 3; 0
1955;09; 0; 0; 0; 2; 4; 2; 6; 6; 5; 0; 0; 0; 0; 0; 0; 0; 0; 0; 0; 0; 0; 0; 0; 0; 0; 3; 0; 0; 0; 0; 9999
1955;10; 0; 0; 11; 2; 0; 0; 2; 30; 0; 0; 0; 0; 22; 8; 4; 2; 54; 153; 2; 1; 0; 0; 2; 1; 0; 0; 0; 403; 31; 1; 1
1955;11; 102; 125; 11; 4; 0; 0; 0; 0; 0; 256; 57; 1; 0; 0; 0; 0; 0; 0; 385; 152; 154; 62; 456; 157; 0; 0; 0; 0; 0; 0; 9999
1955;12; 0; 2; 203; 452; 1; 85; 0; 100; 0; 0; 0; 0; 85; 0; 0; 0; 185; 0; 0; 0; 0; 0; 0; 2; 2; 301; 155; 200; 454; 187; 151
1956;01; 402; 304; 52; 12; 83; 0; 0; 0; 0; 580; 0; 0; 0; 0; 0; 12; 0; 35; 178; 20; 378; 112; 2; 85; 5; 0; 1; 0; 152; 15; 0
1956;02; 0; 0; 0; 0; 0; 0; 0; 0; 0; 78; 47; 24; 187; 103; 201; 5; 203; 85; 52; 183; 51; 35; 4; 345; 106; 258; 201; 382; 255; 9999; 9999
1956;03; 186; 184; 2; 21; 1; 0; 0; 0; 24; 2; 10; 23; 202; 321; 22; 3; 25; 0; 2; 3; 2; 34; 0; 0; 25; 32; 21; 2; 3; 257; 108
1956;04; 115; 21; 1; 0; 0; 0; 0; 0; 202; 22; 0; 5; 2; 2; 1; 2; 1; 0; 13; 21; 0; 0; 0; 4; 75; 42; 141; 302; 64; 100; 9999
1956;05; 152; 134; 52; 11; 102; 11; 32; 21; 21; 12; 0; 0; 0; 0; 0; 0; 0; 0; 0; 0; 0; 135; 11; 354; 112; 204; 1; 1; 0; 0; 0
1956;06; 33; 14; 0; 0; 0; 0; 0; 0; 1; 1; 102; 175; 202; 105; 51; 11; 1; 22; 2; 2; 0; 2; 2; 1; 1; 0; 0; 2; 1; 1; 9999
1956;07; 0; 0; 0; 0; 0; 0; 1; 108; 0; 0; 0; 0; 0; 0; 0; 0; 0; 0; 0; 11; 10; 51; 102; 203; 0; 0; 0; 2; 201; 23; 234
1956;08; 2; 2; 11; 45; 4; 1; 1; 0; 0; 0; 0; 0; 1; 0; 1; 0; 0; 0; 0; 0; 0; 0; 0; 3; 0; 0; 0; 0; 0; 0; 0
1956;09; 0; 0; 0; 0; 0; 0; 0; 0; 0; 83; 102; 75; 0; 140; 15; 0; 0; 0; 0; 0; 0; 0; 0; 0; 0; 42; 0; 8; 89; 0; 9999
1956;10; 2; 0; 0; 0; 0; 0; 0; 0; 0; 32; 354; 337; 0; 0; 0; 0; 0; 32; 48; 0; 0; 0; 287; 38; 0; 0; 0; 34; 0; 3; 175
1956;11; 0; 0; 0; 0; 49; 0; 0; 0; 0; 427; 1; 0; 0; 0; 0; 0; 0; 0; 0; 0; 0; 0; 0; 0; 47; 76; 16; 0; 0; 0; 9999
1956;12; 0; 0; 0; 0; 0; 53; 212; 260; 30; 0; 0; 0; 0; 253; 23; 153; 0; 0; 0; 0; 26; 50; 23; 45; 227; 10; 0; 0; 0; 0; 0
1957;01; 0; 0; 0; 0; 0; 32; 176; 0; 70; 87; 145; 0; 0; 0; 239; 326; 295; 176; 742; 31; 101; 62; 31; 0; 151; 175; 20; 32; 0; 0; 34
1957;02; 168; 0; 126; 233; 21; 0; 101; 56; 86; 10; 52; 101; 0; 0; 60; 70; 32; 0; 0; 1; 0; 0; 10; 0; 190; 42; 270; 46; 9999; 9999; 9999
1957;03; 0; 0; 0; 0; 0; 10; 250; 368; 31; 54; 63; 205; 74; 10; 32; 0; 0; 0; 0; 0; 740; 264; 138; 10; 12; 49; 14; 0; 5; 30; 0
1957;04; 120; 94; 126; 256; 124; 29; 136; 4; 0; 0; 13; 0; 0; 0; 10; 103; 0; 0; 0; 0; 0; 0; 0; 0; 10; 0; 10; 0; 0; 4; 9999
1957;05; 68; 0; 0; 0; 0; 0; 0; 0; 110; 14; 0; 59; 1; 21; 0; 0; 10; 0; 0; 0; 0; 0; 0; 0; 0; 0; 0; 175; 0; 0; 0
1957;06; 0; 0; 0; 0; 0; 0; 0; 210; 0; 0; 0; 0; 0; 0; 0; 0; 41; 5; 0; 0; 0; 0; 0; 0; 0; 0; 0; 0; 0; 10; 9999
1957;07; 0; 0; 20; 10; 0; 12; 0; 0; 0; 0; 0; 0; 0; 0; 0; 80; 53; 21; 10; 23; 0; 0; 0; 0; 117; 0; 0; 0; 0; 0; 0
1957;08; 0; 0; 23; 0; 0; 0; 0; 0; 0; 0; 0; 0; 0; 82; 19; 0; 86; 0; 208; 0; 86; 0; 204; 0; 0; 0; 0; 0; 0; 0; 67
1957;09; 146; 0; 454; 562; 43; 0; 0; 0; 20; 0; 0; 134; 20; 0; 41; 0; 0; 0; 0; 24; 10; 163; 148; 0; 0; 0; 0; 0; 0; 0; 9999
1957;10; 0; 0; 0; 0; 0; 0; 0; 0; 0; 0; 114; 17; 0; 14; 0; 0; 0; 0; 0; 0; 0; 126; 259; 74; 106; 29; 143; 165; 157; 377; 0
1957;11; 68; 0; 0; 0; 0; 0; 0; 0; 110; 14; 0; 59; 1; 21; 0; 0; 10; 0; 0; 0; 0; 0; 0; 0; 0; 0; 0; 75; 0; 25; 9999
1957;12; 185; 0; 0; 10; 136; 0; 143; 108; 0; 0; 0; 10; 0; 27; 0; 169; 63; 35; 0; 0; 86; 24; 0; 0; 0; 0; 13; 236; 267; 0; 0
1958;01; 0; 0; 0; 0; 0; 0; 0; 0; 0; 0; 0; 0; 129; 0; 46; 229; 0; 104; 79; 7; 0; 253; 210; 135; 123; 286; 297; 310; 343; 19; 0
1958;02; 0; 0; 0; 20; 430; 0; 364; 359; 0; 0; 0; 0; 0; 0; 0; 0; 0; 0; 73; 58; 124; 0; 0; 207; 263; 106; 50; 34; 9999; 9999; 9999
1958;03; 0; 0; 0; 20; 432; 0; 364; 359; 0; 0; 0; 0; 0; 0; 0; 0; 0; 0; 73; 58; 124; 0; 0; 207; 263; 106; 50; 34; 0; 0; 20
1958;04; 294; 161; 37; 0; 0; 0; 36; 0; 0; 174; 39; 0; 0; 172; 125; 0; 0; 0; 103; 175; 0; 0; 20; 0; 0; 0; 0; 0; 0; 0; 9999
1958;05; 0; 28; 690; 477; 6; 113; 0; 179; 0; 0; 0; 0; 16; 70; 0; 0; 0; 0; 0; 0; 0; 107; 223; 5; 139; 74; 0; 150; 0; 0; 0
1958;06; 0; 0; 0; 0; 0; 0; 0; 0; 0; 0; 0; 0; 0; 47; 464; 0; 93; 56; 0; 0; 0; 0; 0; 0; 0; 0; 0; 0; 0; 0; 9999
1958;07; 0; 0; 0; 0; 0; 0; 0; 0; 0; 0; 0; 114; 0; 0; 0; 29; 0; 215; 0; 10; 0; 0; 0; 0; 0; 0; 0; 0; 0; 0; 0
1958;08; 0; 0; 0; 239; 64; 0; 0; 0; 0; 0; 0; 0; 0; 0; 0; 0; 0; 0; 0; 0; 0; 0; 0; 0; 0; 0; 0; 0; 0; 0; 0
1958;09; 0; 0; 0; 0; 0; 0; 0; 144; 189; 85; 0; 0; 131; 104; 30; 0; 0; 0; 0; 0; 0; 0; 0; 0; 123; 29; 0; 0; 0; 0; 9999
1958;10; 0; 0; 62; 76; 19; 0; 295; 0; 0; 0; 23; 78; 0; 0; 0; 0; 0; 36; 327; 0; 0; 0; 39; 0; 0; 0; 169; 179; 54; 87; 0
1958;11; 437; 0; 0; 0; 141; 0; 0; 0; 0; 0; 0; 113; 141; 15; 0; 0; 0; 9; 193; 0; 23; 0; 0; 390; 19; 59; 0; 0; 0; 0; 9999
1958;12; 0; 0; 0; 0; 0; 0; 110; 24; 52; 107; 39; 61; 70; 0; 0; 102; 34; 382; 75; 0; 21; 138; 0; 0; 24; 0; 0; 96; 201; 45; 0
1959;01; 0; 10; 0; 0; 92; 394; 111; 217; 109; 0; 149; 162; 131; 0; 0; 0; 0; 0; 59; 0; 1; 0; 3; 264; 0; 0; 115; 28; 0; 0; 0
1959;02; 0; 0; 54; 71; 0; 0; 30; 0; 0; 0; 0; 0; 0; 40; 145; 29; 583; 251; 0; 0; 0; 0; 0; 0; 0; 441; 463; 0; 9999; 9999; 9999
1959;03; 0; 0; 0; 84; 56; 75; 30; 79; 10; 53; 0; 0; 0; 109; 0; 0; 0; 0; 593; 197; 26; 160; 41; 20; 30; 150; 0; 0; 0; 0; 158
1959;04; 60; 57; 36; 0; 0; 120; 0; 0; 0; 0; 0; 0; 0; 0; 0; 0; 0; 0; 0; 0; 0; 0; 62; 0; 0; 100; 131; 35; 0; 0; 9999
1959;05; 0; 0; 0; 0; 0; 0; 0; 0; 0; 0; 0; 23; 0; 0; 0; 0; 0; 0; 60; 35; 89; 0; 0; 0; 0; 0; 0; 0; 0; 0; 23
1959;06; 0; 0; 0; 0; 0; 0; 20; 0; 0; 0; 0; 0; 0; 0; 0; 0; 0; 0; 0; 0; 0; 0; 0; 0; 0; 0; 0; 0; 0; 0; 9999
1959;07; 0; 0; 0; 0; 0; 0; 0; 0; 36; 0; 0; 0; 0; 0; 0; 0; 0; 0; 0; 0; 0; 0; 0; 0; 0; 0; 0; 0; 0; 0; 0
1959;08; 0; 0; 0; 113; 25; 0; 0; 13; 7; 0; 0; 0; 309; 54; 135; 0; 0; 0; 0; 0; 0; 0; 0; 0; 0; 0; 0; 0; 0; 0; 0
1959;09; 0; 0; 0; 35; 15; 0; 0; 0; 0; 0; 0; 0; 49; 0; 0; 0; 0; 0; 0; 0; 0; 0; 0; 0; 0; 87; 63; 0; 0; 0; 9999
1959;10; 0; 0; 0; 0; 0; 0; 0; 0; 0; 0; 0; 15; 85; 0; 0; 0; 0; 0; 73; 165; 0; 1; 0; 0; 0; 0; 0; 0; 46; 0; 0
1959;11; 104; 0; 75; 93; 0; 104; 127; 134; 91; 0; 0; 80; 55; 0; 0; 0; 0; 0; 0; 49; 0; 85; 0; 0; 20; 354; 162; 0; 0; 0; 9999
1959;12; 0; 0; 0; 52; 78; 0; 0; 80; 161; 6; 74; 0; 10; 4; 0; 0; 323; 0; 335; 0; 147; 69; 0; 65; 100; 0; 0; 0; 41; 0; 0
1960;01; 42; 60; 0; 0; 24; 285; 158; 63; 63; 0; 261; 322; 74; 0; 0; 0; 39; 217; 245; 281; 96; 0; 13; 0; 0; 0; 0; 0; 0; 0; 106
1960;02; 106; 97; 40; 225; 40; 0; 0; 20; 0; 0; 29; 0; 318; 53; 268; 24; 96; 339; 40; 271; 234; 197; 343; 130; 123; 97; 0; 53; 364; 9999; 9999
1960;03; 52; 185; 197; 23; 131; 26; 0; 0; 0; 0; 0; 0; 0; 0; 163; 104; 0; 73; 0; 0; 0; 0; 115; 234; 122; 0; 0; 0; 14; 0; 0
1960;04; 93; 0; 0; 0; 0; 0; 0; 0; 105; 0; 0; 0; 0; 0; 0; 0; 0; 0; 0; 206; 0; 0; 0; 0; 0; 0; 0; 105; 0; 0; 9999
1960;05; 204; 0; 0; 0; 0; 0; 0; 0; 0; 15; 62; 0; 0; 0; 46; 97; 0; 0; 0; 64; 347; 63; 0; 0; 0; 0; 0; 0; 0; 0; 28
1960;06; 47; 0; 0; 0; 0; 0; 0; 0; 0; 0; 0; 0; 0; 0; 85; 0; 0; 0; 0; 0; 0; 0; 0; 58; 0; 0; 296; 183; 0; 0; 9999
1960;07; 0; 0; 0; 0; 0; 0; 0; 0; 0; 0; 0; 0; 0; 0; 0; 0; 0; 0; 0; 0; 0; 0; 0; 0; 0; 0; 0; 0; 0; 0; 0
1960;08; 0; 0; 0; 0; 0; 0; 0; 0; 0; 0; 0; 0; 0; 0; 0; 206; 146; 0; 0; 0; 0; 0; 0; 0; 0; 0; 0; 0; 0; 0; 0
1960;09; 64; 35; 0; 0; 0; 0; 0; 0; 0; 0; 0; 0; 0; 0; 0; 0; 0; 0; 0; 0; 0; 0; 0; 0; 0; 94; 0; 0; 106; 0; 9999
1960;10; 148; 0; 169; 0; 0; 0; 0; 188; 0; 0; 0; 24; 131; 0; 37; 16; 92; 0; 324; 0; 0; 0; 0; 123; 0; 142; 324; 0; 0; 0; 0
1960;11; 0; 0; 0; 0; 0; 0; 0; 0; 114; 188; 335; 35; 0; 74; 35; 26; 26; 153; 35; 347; 89; 0; 0; 0; 0; 0; 74; 67; 335; 26; 9999
1960;12; 176; 7; 0; 0; 0; 74; 89; 0; 0; 0; 0; 0; 13; 153; 252; 324; 122; 324; 346; 331; 331; 197; 0; 0; 0; 122; 0; 0; 153; 308; 113
1961;01; 92; 6; 0; 5; 0; 7; 6; 4; 276; 0; 0; 98; 6; 0; 97; 0; 0; 6; 0; 13; 192; 0; 0; 210; 29; 164; 0; 184; 123; 115; 0
1961;02; 79; 0; 0; 91; 366; 115; 0; 0; 0; 0; 0; 563; 348; 137; 54; 154; 115; 54; 131; 194; 13; 142; 79; 0; 0; 0; 0; 13; 9999; 9999; 9999
1961;03; 784; 142; 0; 0; 0; 0; 84; 153; 29; 0; 0; 189; 0; 361; 115; 150; 0; 129; 1400; 0; 89; 263; 0; 0; 0; 0; 129; 29; 0; 0; 0
1961;04; 0; 0; 0; 13; 93; 35; 53; 0; 0; 0; 0; 0; 0; 0; 0; 0; 0; 0; 78; 89; 0; 0; 0; 0; 0; 329; 64; 0; 0; 0; 9999
1961;05; 0; 0; 129; 100; 78; 0; 0; 0; 0; 153; 0; 0; 0; 0; 0; 0; 0; 0; 0; 0; 30; 0; 0; 0; 0; 0; 0; 0; 0; 0; 0
1961;06; 0; 0; 0; 0; 0; 0; 0; 0; 0; 0; 0; 0; 0; 0; 53; 253; 39; 0; 0; 0; 0; 78; 0; 0; 0; 0; 0; 0; 0; 0; 9999
1961;07; 0; 0; 0; 0; 0; 0; 0; 0; 0; 0; 0; 0; 0; 0; 0; 0; 0; 0; 0; 0; 0; 0; 0; 0; 0; 0; 0; 0; 0; 0; 0
1961;08; 0; 0; 0; 0; 0; 0; 0; 0; 0; 0; 0; 0; 0; 0; 0; 0; 0; 0; 0; 0; 0; 0; 0; 0; 0; 54; 122; 0; 0; 0; 0
1961;09; 0; 0; 0; 0; 0; 0; 27; 0; 0; 0; 0; 0; 0; 0; 0; 0; 0; 0; 0; 0; 0; 0; 0; 0; 0; 0; 0; 0; 0; 0; 9999
1961;10; 0; 0; 0; 0; 0; 0; 0; 0; 0; 42; 58; 0; 0; 0; 0; 335; 35; 113; 0; 0; 0; 0; 0; 27; 0; 135; 0; 0; 0; 0; 242
1961;11; 0; 0; 264; 83; 29; 304; 116; 0; 0; 0; 104; 52; 53; 0; 110; 0; 0; 0; 0; 107; 10; 107; 235; 0; 29; 41; 507; 407; 163; 0; 9999
1961;12; 0; 163; 171; 494; 29; 63; 0; 441; 0; 0; 0; 0; 54; 0; 0; 94; 0; 431; 31; 315; 41; 0; 0; 0; 0; 150; 0; 280; 3; 154; 54
1962;01; 0; 0; 0; 54; 0; 0; 229; 83; 54; 0; 0; 0; 0; 0; 15; 541; 32; 121; 32; 881; 141; 132; 0; 0; 0; 241; 132; 0; 0; 0; 0
1962;02; 0; 0; 132; 300; 341; 54; 54; 0; 0; 800; 0; 92; 54; 0; 0; 271; 0; 0; 132; 118; 321; 132; 141; 100; 154; 0; 0; 0; 9999; 9999; 9999
1962;03; 0; 0; 318; 0; 0; 218; 100; 0; 0; 0; 154; 400; 332; 121; 1432; 0; 161; 94; 0; 3; 0; 0; 0; 0; 0; 0; 0; 0; 0; 0; 0
1962;04; 0; 21; 42; 0; 0; 0; 0; 64; 36; 0; 0; 0; 0; 0; 18; 105; 63; 3; 103; 0; 0; 0; 0; 1; 0; 0; 0; 0; 32; 62; 9999
1962;05; 0; 105; 83; 94; 0; 0; 0; 21; 0; 0; 0; 0; 0; 0; 0; 41; 1; 21; 0; 0; 0; 0; 0; 0; 0; 0; 0; 0; 0; 42; 0
1962;06; 0; 0; 0; 0; 0; 0; 21; 0; 0; 42; 0; 0; 0; 0; 0; 0; 0; 0; 0; 0; 0; 0; 0; 0; 0; 0; 0; 0; 0; 0; 9999
1962;07; 0; 0; 0; 0; 42; 0; 0; 0; 0; 32; 0; 0; 0; 0; 0; 0; 0; 0; 31; 100; 0; 0; 0; 0; 21; 54; 0; 0; 0; 0; 0
1962;08; 32; 0; 0; 0; 0; 0; 0; 0; 0; 0; 0; 21; 0; 0; 0; 0; 0; 0; 0; 0; 0; 0; 241; 105; 0; 0; 0; 0; 0; 0; 0
1962;09; 0; 0; 0; 0; 0; 105; 318; 0; 300; 21; 0; 0; 0; 10; 0; 0; 0; 0; 0; 0; 0; 31; 62; 54; 0; 0; 0; 0; 32; 0; 9999
1962;10; 32; 100; 54; 83; 63; 0; 0; 0; 229; 42; 241; 205; 0; 0; 0; 0; 0; 0; 154; 181; 105; 0; 0; 0; 204; 62; 0; 0; 142; 94; 84
1962;11; 82; 0; 0; 0; 21; 0; 105; 42; 241; 62; 32; 0; 0; 0; 0; 0; 0; 0; 0; 0; 54; 132; 21; 0; 0; 0; 0; 0; 0; 64; 9999
1962;12; 94; 0; 64; 300; 10; 218; 21; 10; 0; 0; 300; 405; 84; 42; 51; 0; 41; 21; 202; 52; 21; 0; 0; 0; 0; 21; 42; 21; 132; 605; 32
1963;01; 105; 62; 42; 0; 0; 0; 0; 42; 0; 205; 21; 204; 408; 0; 42; 304; 0; 0; 32; 42; 0; 105; 0; 102; 21; 104; 0; 0; 0; 0; 54
1963;02; 42; 21; 104; 85; 52; 134; 305; 21; 21; 0; 0; 0; 0; 32; 0; 41; 0; 0; 105; 52; 184; 54; 152; 62; 42; 31; 21; 0; 9999; 9999; 9999
1963;03; 0; 0; 42; 138; 54; 0; 32; 0; 51; 62; 42; 0; 0; 0; 0; 0; 0; 0; 0; 0; 21; 0; 31; 204; 183; 42; 0; 32; 41; 52; 0
1963;04; 0; 0; 0; 0; 0; 0; 0; 0; 0; 42; 0; 0; 0; 0; 0; 32; 0; 0; 0; 0; 0; 0; 0; 0; 0; 0; 0; 0; 0; 0; 9999
1963;05; 0; 0; 0; 0; 52; 0; 0; 0; 0; 0; 0; 0; 0; 0; 0; 0; 21; 32; 0; 0; 0; 0; 0; 0; 0; 0; 0; 0; 0; 0; 0
1963;06; 0; 21; 0; 0; 0; 0; 0; 0; 0; 0; 0; 0; 62; 21; 0; 0; 0; 0; 0; 0; 0; 0; 0; 0; 0; 0; 0; 0; 0; 0; 9999
1963;07; 0; 0; 0; 0; 0; 21; 0; 0; 0; 0; 0; 0; 0; 0; 0; 0; 0; 0; 0; 0; 0; 0; 0; 32; 0; 0; 0; 0; 0; 0; 0
1963;08; 0; 0; 0; 0; 0; 0; 0; 0; 0; 0; 0; 0; 0; 0; 0; 0; 102; 2; 0; 0; 0; 0; 0; 0; 0; 0; 0; 0; 0; 0; 0
1963;09; 0; 0; 0; 0; 0; 0; 0; 0; 0; 0; 0; 0; 0; 0; 0; 0; 0; 0; 0; 0; 0; 0; 83; 0; 0; 0; 0; 10; 0; 0; 9999
1963;10; 82; 21; 0; 0; 0; 0; 52; 0; 0; 0; 0; 0; 0; 0; 32; 53; 0; 204; 0; 0; 0; 405; 51; 21; 0; 0; 81; 102; 0; 0; 0
1963;11; 0; 105; 82; 0; 0; 0; 42; 81; 0; 0; 52; 0; 0; 103; 61; 502; 0; 101; 21; 0; 83; 1; 0; 0; 0; 0; 21; 102; 0; 32; 9999
1963;12; 21; 0; 0; 0; 0; 10; 405; 204; 42; 0; 42; 0; 0; 0; 0; 0; 0; 0; 0; 82; 101; 0; 0; 0; 0; 0; 42; 105; 21; 202; 83
1964;01; 102; 41; 32; 52; 0; 0; 205; 0; 405; 0; 0; 0; 0; 0; 0; 0; 0; 0; 0; 0; 105; 0; 502; 600; 82; 102; 201; 0; 101; 0; 0
1964;02; 0; 405; 502; 105; 0; 0; 0; 0; 0; 0; 0; 600; 105; 82; 104; 42; 51; 202; 83; 400; 305; 52; 41; 0; 0; 52; 21; 0; 0; 9999; 9999
1964;03; 0; 52; 0; 0; 0; 205; 42; 0; 105; 0; 0; 0; 0; 0; 32; 51; 42; 0; 0; 0; 21; 0; 0; 0; 0; 0; 0; 21; 0; 42; 51
1964;04; 105; 51; 42; 21; 0; 0; 0; 0; 0; 0; 0; 0; 0; 0; 400; 0; 0; 21; 302; 0; 0; 0; 0; 0; 0; 0; 0; 0; 0; 0; 9999
1964;05; 400; 31; 0; 0; 0; 200; 0; 0; 0; 0; 0; 0; 0; 0; 0; 0; 0; 0; 0; 0; 0; 0; 0; 21; 0; 0; 0; 0; 32; 41; 31
1964;06; 0; 0; 0; 0; 0; 0; 0; 0; 0; 0; 10; 31; 0; 42; 21; 0; 0; 0; 0; 0; 0; 0; 0; 0; 51; 82; 0; 0; 102; 0; 9999
1964;07; 21; 10; 42; 105; 0; 82; 0; 0; 0; 0; 0; 0; 0; 0; 0; 0; 0; 0; 10; 0; 0; 0; 0; 0; 0; 0; 51; 42; 0; 0; 0
1964;08; 0; 0; 0; 105; 10; 0; 0; 0; 0; 0; 0; 52; 83; 0; 0; 0; 0; 0; 0; 52; 41; 31; 21; 0; 0; 0; 0; 0; 0; 0; 0
1964;09; 0; 0; 203; 0; 0; 0; 0; 0; 0; 0; 0; 10; 0; 0; 0; 0; 0; 0; 0; 0; 0; 0; 0; 0; 205; 82; 51; 0; 42; 0; 9999
1964;10; 0; 105; 42; 100; 51; 0; 84; 400; 0; 0; 306; 0; 0; 31; 0; 0; 0; 0; 0; 21; 102; 41; 0; 0; 0; 0; 100; 0; 0; 0; 300
1964;11; 0; 41; 0; 0; 0; 100; 0; 0; 0; 0; 0; 0; 0; 0; 41; 100; 84; 0; 0; 0; 305; 51; 21; 0; 0; 0; 0; 0; 0; 0; 9999
1964;12; 0; 103; 81; 205; 42; 0; 0; 0; 0; 41; 108; 21; 42; 400; 104; 0; 204; 100; 0; 0; 0; 31; 203; 200; 82; 0; 52; 0; 102; 33; 0
1965;01; 41; 105; 100; 21; 200; 0; 0; 0; 305; 42; 83; 0; 0; 0; 105; 21; 82; 205; 100; 405; 0; 0; 408; 301; 0; 0; 0; 400; 208; 105; 0
1965;02; 100; 82; 0; 200; 0; 0; 0; 0; 0; 0; 0; 0; 81; 204; 0; 52; 101; 0; 0; 0; 0; 105; 83; 0; 108; 205; 102; 83; 9999; 9999; 9999
1965;03; 21; 32; 83; 100; 0; 0; 900; 42; 0; 84; 102; 0; 0; 0; 0; 0; 82; 300; 0; 204; 21; 0; 0; 108; 0; 100; 0; 0; 0; 0; 0
1965;04; 0; 0; 0; 0; 0; 0; 0; 42; 0; 21; 0; 0; 0; 0; 31; 0; 0; 0; 0; 62; 0; 10; 0; 0; 0; 0; 0; 0; 505; 304; 9999
1965;05; 100; 0; 0; 0; 0; 0; 0; 0; 0; 0; 21; 52; 61; 0; 42; 100; 81; 102; 200; 31; 0; 0; 0; 0; 0; 0; 0; 0; 0; 0; 0
1965;06; 0; 0; 0; 0; 0; 0; 0; 0; 0; 10; 0; 105; 0; 0; 0; 52; 0; 42; 0; 0; 0; 0; 0; 20; 102; 0; 0; 0; 0; 0; 9999
1965;07; 0; 0; 0; 0; 100; 82; 200; 42; 0; 0; 105; 0; 0; 0; 0; 10; 52; 0; 0; 0; 0; 0; 0; 0; 0; 0; 0; 0; 0; 0; 31
1965;08; 0; 0; 0; 0; 42; 0; 0; 0; 0; 0; 0; 0; 0; 0; 0; 0; 0; 0; 0; 102; 0; 0; 0; 0; 0; 0; 0; 0; 0; 0; 0
1965;09; 0; 0; 0; 0; 0; 0; 0; 0; 0; 0; 0; 0; 0; 10; 0; 0; 0; 0; 0; 0; 0; 0; 0; 0; 205; 42; 304; 203; 0; 0; 9999
1965;10; 0; 305; 0; 0; 0; 0; 0; 0; 82; 104; 42; 108; 0; 0; 200; 0; 0; 0; 102; 0; 105; 0; 208; 0; 0; 308; 0; 52; 105; 0; 0
1965;11; 0; 100; 0; 0; 0; 0; 0; 42; 0; 105; 108; 0; 0; 0; 82; 200; 0; 0; 0; 0; 0; 0; 0; 0; 0; 21; 200; 42; 81; 32; 9999
1965;12; 200; 0; 102; 42; 0; 81; 105; 84; 103; 300; 100; 42; 108; 21; 0; 82; 0; 0; 0; 31; 0; 400; 105; 41; 205; 21; 0; 104; 85; 102; 42
1966;01; 208; 102; 42; 31; 300; 204; 0; 108; 0; 52; 206; 82; 500; 105; 0; 42; 100; 0; 0; 0; 0; 0; 0; 0; 0; 0; 105; 21; 42; 0; 0
1966;02; 100; 84; 0; 0; 0; 0; 0; 0; 21; 0; 0; 0; 0; 105; 0; 0; 0; 0; 0; 0; 108; 83; 105; 21; 200; 0; 0; 0; 9999; 9999; 9999
1966;03; 0; 21; 82; 105; 200; 102; 505; 104; 300; 208; 42; 0; 0; 0; 32; 0; 0; 0; 0; 0; 81; 0; 0; 51; 42; 102; 205; 100; 102; 0; 0
1966;04; 0; 42; 105; 0; 0; 0; 32; 51; 100; 0; 0; 0; 0; 0; 0; 0; 0; 0; 0; 0; 0; 42; 0; 0; 0; 0; 0; 0; 0; 0; 9999
1966;05; 0; 0; 0; 0; 0; 200; 0; 0; 0; 0; 0; 102; 41; 0; 32; 0; 0; 0; 0; 0; 0; 0; 52; 41; 0; 0; 0; 0; 0; 0; 0
1966;06; 0; 0; 0; 0; 0; 0; 0; 0; 0; 0; 0; 0; 0; 0; 0; 0; 0; 0; 0; 0; 0; 0; 0; 0; 0; 0; 0; 0; 0; 0; 9999
1966;07; 0; 20; 0; 0; 0; 0; 0; 0; 0; 0; 0; 0; 0; 0; 0; 0; 0; 0; 0; 0; 0; 0; 0; 41; 0; 0; 0; 0; 0; 0; 0
1966;08; 302; 21; 0; 0; 0; 0; 0; 0; 0; 0; 81; 0; 0; 0; 0; 41; 21; 0; 0; 0; 0; 0; 0; 0; 100; 85; 0; 0; 0; 0; 0
1966;09; 0; 82; 41; 21; 0; 0; 0; 0; 0; 0; 0; 0; 0; 0; 0; 0; 0; 0; 0; 0; 52; 0; 0; 0; 0; 0; 0; 0; 105; 0; 9999
1966;10; 0; 0; 0; 0; 0; 0; 42; 300; 52; 0; 0; 0; 405; 21; 0; 0; 0; 0; 302; 0; 0; 0; 200; 0; 0; 0; 0; 305; 200; 105; 52
1966;11; 0; 105; 42; 0; 52; 0; 200; 0; 305; 204; 52; 405; 300; 42; 51; 105; 200; 0; 0; 0; 0; 0; 0; 42; 0; 0; 0; 0; 0; 100; 9999
1966;12; 0; 800; 0; 52; 0; 0; 42; 508; 0; 0; 81; 0; 42; 205; 0; 83; 0; 0; 0; 100; 500; 602; 905; 804; 104; 0; 0; 52; 0; 0; 205
1967;01; 0; 0; 0; 52; 0; 42; 105; 104; 0; 200; 83; 405; 203; 0; 0; 82; 53; 0; 0; 42; 0; 0; 154; 100; 0; 42; 600; 0; 42; 21; 52
1967;02; 82; 100; 105; 208; 405; 300; 205; 0; 0; 42; 51; 0; 82; 0; 0; 102; 42; 81; 32; 300; 105; 0; 300; 0; 0; 0; 0; 0; 9999; 9999; 9999
1967;03; 0; 42; 100; 52; 0; 200; 304; 600; 105; 81; 0; 42; 51; 105; 300; 104; 42; 31; 205; 102; 0; 0; 0; 32; 51; 42; 0; 0; 0; 84; 0
1967;04; 0; 0; 0; 0; 0; 0; 0; 0; 0; 0; 0; 0; 52; 0; 0; 0; 0; 0; 0; 0; 0; 0; 0; 0; 0; 31; 0; 42; 300; 0; 9999
1967;05; 0; 0; 0; 0; 0; 0; 0; 0; 0; 0; 0; 0; 0; 0; 0; 0; 0; 0; 0; 0; 0; 0; 0; 0; 0; 0; 0; 0; 0; 0; 0
1967;06; 0; 0; 0; 10; 0; 42; 102; 0; 0; 0; 105; 82; 204; 42; 0; 0; 0; 0; 0; 0; 0; 0; 0; 0; 0; 0; 42; 0; 0; 0; 9999
1967;07; 0; 0; 0; 0; 0; 0; 0; 0; 0; 0; 0; 205; 0; 0; 42; 0; 0; 0; 0; 0; 0; 0; 20; 0; 0; 0; 0; 0; 0; 0; 0
1967;08; 0; 0; 0; 0; 10; 0; 0; 0; 0; 0; 0; 0; 0; 0; 0; 32; 0; 0; 0; 0; 0; 0; 0; 0; 0; 0; 0; 0; 0; 0; 0
1967;09; 0; 0; 0; 0; 0; 0; 0; 52; 104; 0; 0; 105; 202; 105; 0; 0; 0; 0; 0; 32; 52; 105; 82; 0; 0; 0; 0; 0; 0; 0; 9999
1967;10; 0; 42; 0; 0; 0; 0; 0; 0; 0; 0; 0; 82; 500; 42; 0; 0; 45; 0; 41; 21; 52; 300; 103; 100; 104; 52; 204; 42; 0; 10; 0
1967;11; 0; 0; 200; 42; 0; 0; 0; 0; 0; 0; 0; 0; 108; 51; 0; 205; 500; 42; 105; 0; 0; 0; 508; 42; 21; 100; 42; 82; 105; 0; 9999
1967;12; 0; 0; 0; 31; 42; 100; 0; 0; 205; 102; 31; 0; 0; 52; 0; 21; 505; 204; 0; 0; 53; 105; 52; 0; 0; 0; 42; 51; 205; 302; 31
1968;01; 21; 52; 305; 52; 32; 41; 0; 0; 0; 32; 52; 106; 102; 100; 82; 109; 21; 52; 0; 200; 51; 21; 102; 51; 42; 0; 0; 0; 0; 0; 0
1968;02; 0; 42; 0; 0; 0; 0; 0; 21; 300; 0; 0; 0; 0; 0; 100; 205; 0; 0; 0; 0; 52; 31; 42; 500; 102; 51; 42; 32; 0; 9999; 9999
1968;03; 0; 0; 0; 0; 200; 0; 0; 42; 100; 105; 205; 42; 0; 600; 21; 52; 42; 104; 0; 0; 0; 0; 102; 0; 0; 0; 0; 52; 83; 0; 0
1968;04; 52; 31; 0; 105; 0; 105; 0; 0; 0; 0; 0; 0; 0; 0; 0; 0; 0; 0; 0; 82; 21; 42; 0; 0; 0; 0; 0; 0; 0; 0; 9999
1968;05; 0; 0; 0; 0; 0; 0; 0; 0; 0; 0; 10; 0; 0; 0; 0; 400; 32; 0; 0; 0; 0; 0; 0; 0; 0; 0; 0; 0; 0; 0; 0
1968;06; 0; 0; 0; 0; 0; 0; 0; 0; 0; 0; 0; 0; 0; 0; 0; 0; 0; 0; 0; 0; 102; 0; 0; 0; 0; 0; 0; 0; 0; 0; 9999
1968;07; 0; 0; 0; 0; 0; 0; 0; 0; 0; 100; 0; 0; 0; 0; 0; 0; 0; 0; 0; 0; 0; 52; 0; 0; 0; 0; 0; 0; 0; 0; 0
1968;08; 0; 0; 0; 0; 52; 21; 10; 0; 204; 42; 0; 0; 0; 0; 0; 0; 0; 0; 0; 0; 0; 0; 52; 10; 0; 0; 0; 0; 0; 0; 42
1968;09; 31; 0; 103; 52; 32; 0; 0; 0; 0; 0; 0; 0; 0; 0; 0; 0; 0; 0; 0; 0; 0; 82; 0; 0; 0; 0; 0; 0; 10; 0; 9999
1968;10; 0; 0; 0; 0; 0; 0; 0; 0; 0; 0; 42; 51; 0; 0; 0; 0; 102; 0; 82; 0; 0; 0; 31; 200; 102; 0; 0; 100; 0; 0; 81
1968;11; 0; 0; 0; 204; 0; 52; 0; 0; 0; 0; 0; 0; 0; 0; 0; 0; 0; 82; 41; 0; 0; 0; 0; 0; 0; 0; 0; 52; 205; 208; 9999
1968;12; 200; 505; 300; 100; 52; 42; 0; 0; 52; 0; 0; 0; 0; 0; 0; 0; 52; 0; 0; 21; 0; 0; 0; 0; 0; 10; 200; 105; 104; 205; 21
1969;01; 10; 0; 42; 105; 208; 0; 42; 83; 0; 42; 500; 52; 21; 0; 32; 83; 0; 0; 52; 0; 0; 0; 0; 305; 103; 205; 103; 104; 0; 0; 0
1969;02; 100; 300; 508; 105; 0; 0; 0; 0; 0; 0; 0; 0; 0; 0; 42; 103; 0; 31; 0; 42; 102; 1; 21; 52; 100; 300; 0; 0; 9999; 9999; 9999
1969;03; 600; 100; 42; 51; 92; 0; 0; 0; 31; 0; 0; 0; 41; 0; 0; 0; 0; 0; 0; 0; 0; 102; 0; 0; 0; 305; 100; 83; 300; 81; 100
1969;04; 1; 100; 201; 42; 90; 200; 0; 0; 31; 0; 0; 0; 100; 0; 0; 0; 0; 0; 0; 0; 0; 0; 32; 200; 0; 0; 0; 0; 32; 0; 9999
1969;05; 0; 0; 0; 42; 0; 0; 0; 0; 0; 0; 0; 0; 0; 82; 1; 0; 0; 0; 0; 0; 0; 0; 0; 0; 0; 0; 0; 1; 0; 200; 52
1969;06; 0; 108; 0; 0; 0; 0; 0; 0; 0; 0; 0; 0; 0; 0; 0; 0; 0; 0; 0; 0; 1; 105; 0; 0; 0; 0; 0; 0; 0; 0; 9999
1969;07; 0; 0; 0; 0; 0; 0; 0; 0; 0; 0; 0; 0; 10; 0; 0; 0; 0; 0; 0; 0; 0; 0; 0; 0; 0; 0; 0; 0; 0; 0; 0
1969;08; 0; 0; 300; 100; 0; 0; 82; 0; 0; 0; 0; 0; 0; 0; 0; 42; 0; 0; 0; 0; 10; 42; 0; 0; 0; 0; 0; 0; 0; 0; 0
1969;09; 0; 0; 0; 0; 52; 10; 0; 0; 0; 0; 0; 0; 0; 0; 0; 0; 10; 0; 0; 42; 31; 0; 0; 0; 0; 0; 0; 105; 0; 32; 9999
1969;10; 100; 42; 31; 102; 105; 0; 302; 31; 0; 0; 0; 0; 0; 0; 0; 0; 10; 32; 21; 305; 0; 0; 105; 42; 31; 0; 0; 0; 82; 0; 51
1969;11; 31; 21; 400; 42; 0; 51; 0; 300; 82; 405; 31; 100; 52; 105; 52; 32; 103; 10; 42; 104; 203; 81; 105; 0; 0; 0; 0; 0; 0; 82; 9999
1969;12; 504; 42; 10; 0; 0; 0; 102; 32; 100; 0; 0; 0; 205; 105; 0; 0; 0; 0; 0; 0; 0; 0; 108; 105; 200; 10; 0; 0; 0; 0; 0
1970;01; 304; 42; 82; 51; 405; 0; 32; 0; 82; 600; 10; 0; 0; 0; 0; 302; 805; 42; 300; 301; 200; 405; 0; 0; 0; 52; 42; 51; 0; 0; 104
1970;02; 0; 42; 1; 31; 83; 0; 0; 0; 0; 204; 90; 100; 21; 5; 203; 108; 32; 51; 204; 108; 304; 400; 100; 3; 0; 0; 53; 0; 9999; 9999; 9999
1970;03; 0; 0; 0; 0; 82; 0; 32; 0; 0; 0; 0; 43; 104; 302; 208; 0; 0; 0; 53; 102; 0; 0; 0; 0; 51; 0; 0; 0; 0; 0; 0
1970;04; 42; 0; 201; 42; 1; 0; 32; 0; 0; 0; 0; 0; 0; 0; 0; 0; 0; 0; 0; 0; 0; 0; 0; 0; 0; 0; 0; 0; 0; 0; 9999
1970;05; 0; 0; 0; 0; 0; 0; 0; 0; 0; 0; 0; 0; 0; 0; 42; 0; 0; 0; 0; 0; 0; 0; 0; 0; 0; 0; 0; 0; 0; 0; 0
1970;06; 0; 0; 0; 0; 0; 0; 0; 0; 0; 0; 0; 0; 0; 0; 82; 100; 0; 0; 0; 0; 0; 0; 0; 302; 0; 0; 0; 0; 0; 0; 9999
1970;07; 0; 0; 10; 0; 0; 0; 0; 0; 0; 0; 0; 0; 0; 0; 0; 0; 0; 0; 0; 0; 0; 0; 0; 0; 0; 0; 0; 0; 0; 0; 0
1970;08; 0; 0; 0; 0; 0; 0; 0; 0; 0; 0; 0; 0; 0; 0; 0; 0; 0; 0; 0; 0; 0; 0; 0; 0; 0; 31; 0; 309; 32; 200; 51
1970;09; 0; 0; 0; 0; 0; 0; 83; 0; 0; 600; 42; 0; 42; 0; 0; 204; 70; 0; 0; 0; 0; 61; 0; 0; 0; 0; 0; 0; 103; 0; 9999
1970;10; 0; 0; 0; 203; 0; 0; 0; 0; 28; 0; 0; 0; 20; 0; 0; 0; 0; 0; 0; 402; 0; 70; 82; 30; 72; 0; 0; 0; 0; 0; 0
1970;11; 0; 0; 60; 60; 0; 0; 0; 60; 61; 0; 0; 0; 0; 0; 0; 0; 0; 0; 0; 0; 0; 50; 0; 0; 0; 0; 0; 0; 20; 40; 9999
1970;12; 26; 73; 0; 0; 0; 0; 0; 0; 0; 74; 12; 66; 61; 23; 0; 0; 42; 0; 12; 68; 0; 0; 0; 10; 21; 23; 0; 0; 0; 19; 46
1971;01; 10; 90; 20; 40; 0; 42; 33; 0; 0; 0; 48; 106; 34; 81; 26; 0; 0; 0; 66; 0; 0; 0; 0; 0; 0; 0; 0; 0; 0; 0; 180
1971;02; 129; 9; 0; 0; 0; 0; 0; 0; 0; 0; 0; 0; 0; 0; 0; 140; 0; 0; 0; 0; 89; 0; 96; 35; 99; 32; 0; 0; 9999; 9999; 9999
1971;03; 0; 0; 0; 0; 0; 99; 0; 128; 0; 0; 81; 115; 9; 0; 0; 0; 0; 0; 0; 0; 0; 0; 9; 2; 0; 0; 116; 117; 87; 0; 174
1971;04; 0; 0; 48; 0; 0; 0; 0; 0; 544; 68; 28; 0; 5; 98; 0; 0; 88; 4; 0; 5; 0; 106; 161; 0; 28; 0; 0; 0; 0; 0; 9999
1971;05; 0; 0; 64; 56; 21; 0; 0; 0; 125; 0; 0; 0; 0; 0; 0; 0; 0; 0; 0; 0; 0; 0; 0; 0; 0; 0; 0; 0; 0; 0; 0
1971;06; 81; 0; 0; 0; 0; 0; 0; 0; 0; 22; 0; 103; 26; 15; 0; 119; 118; 266; 280; 61; 29; 0; 0; 0; 0; 0; 0; 0; 0; 0; 9999
1971;07; 0; 53; 135; 0; 36; 14; 0; 0; 3; 0; 0; 0; 0; 0; 0; 0; 0; 0; 0; 0; 0; 0; 0; 0; 0; 0; 0; 0; 0; 53; 0
1971;08; 0; 0; 0; 0; 0; 0; 0; 0; 74; 0; 0; 0; 0; 0; 0; 70; 0; 0; 0; 0; 0; 0; 0; 0; 0; 104; 24; 0; 0; 11; 0
1971;09; 54; 0; 0; 0; 0; 0; 0; 29; 157; 0; 0; 140; 0; 42; 0; 0; 0; 0; 0; 0; 0; 0; 0; 95; 212; 63; 0; 0; 0; 0; 9999
1971;10; 0; 0; 0; 0; 287; 0; 16; 253; 0; 0; 198; 486; 0; 0; 0; 25; 122; 0; 0; 0; 0; 0; 0; 0; 0; 29; 0; 0; 0; 0; 0
1971;11; 0; 356; 0; 45; 0; 0; 0; 0; 0; 0; 603; 0; 293; 42; 0; 0; 0; 0; 0; 390; 0; 0; 35; 23; 93; 1; 489; 0; 0; 0; 9999
1971;12; 37; 0; 160; 761; 13; 11; 0; 30; 38; 5; 0; 0; 47; 50; 38; 0; 0; 0; 0; 178; 0; 0; 673; 92; 46; 7; 420; 232; 94; 68; 0
1972;01; 0; 24; 67; 0; 2; 28; 3; 48; 29; 510; 1; 140; 2; 0; 0; 0; 0; 0; 0; 120; 183; 670; 920; 360; 19; 0; 60; 22; 1; 372; 150
1972;02; 15; 0; 78; 13; 0; 0; 0; 5; 0; 13; 140; 176; 260; 17; 197; 20; 0; 0; 14; 108; 710; 305; 80; 608; 1; 0; 508; 0; 0; 9999; 9999
1972;03; 0; 73; 229; 48; 25; 0; 16; 0; 41; 68; 13; 0; 10; 0; 177; 0; 0; 66; 33; 0; 0; 0; 166; 98; 161; 0; 81; 0; 0; 0; 0
1972;04; 216; 0; 0; 123; 83; 17; 0; 13; 0; 0; 0; 0; 0; 0; 0; 14; 127; 56; 0; 0; 0; 0; 0; 0; 0; 0; 0; 0; 0; 0; 9999
1972;05; 0; 0; 0; 0; 0; 0; 0; 45; 0; 0; 0; 0; 0; 0; 0; 0; 0; 0; 0; 18; 0; 0; 0; 0; 76; 0; 0; 0; 0; 0; 0
1972;06; 0; 0; 0; 0; 0; 0; 0; 0; 0; 0; 0; 0; 0; 0; 0; 0; 0; 0; 29; 0; 0; 0; 0; 0; 0; 0; 0; 0; 0; 0; 9999
1972;07; 0; 0; 0; 0; 0; 0; 0; 0; 0; 29; 0; 41; 351; 0; 0; 4; 0; 0; 0; 0; 0; 0; 0; 0; 0; 0; 44; 0; 0; 0; 0
1972;08; 0; 0; 0; 250; 50; 100; 239; 0; 95; 0; 0; 0; 4; 0; 0; 0; 0; 0; 0; 0; 0; 0; 11; 24; 0; 0; 0; 0; 0; 0; 0
1972;09; 0; 0; 0; 0; 57; 50; 0; 0; 0; 0; 100; 0; 0; 0; 94; 0; 0; 0; 0; 0; 0; 0; 39; 0; 128; 35; 0; 53; 221; 38; 9999
1972;10; 225; 0; 143; 104; 18; 182; 12; 15; 100; 400; 205; 37; 0; 0; 91; 6; 42; 0; 0; 0; 0; 0; 0; 46; 0; 0; 236; 116; 21; 70; 0
1972;11; 0; 121; 120; 205; 57; 0; 0; 0; 0; 0; 10; 177; 88; 50; 52; 0; 0; 225; 187; 141; 7; 17; 0; 0; 0; 13; 73; 0; 0; 82; 9999
1972;12; 0; 47; 386; 0; 117; 86; 0; 0; 0; 0; 0; 93; 32; 2; 2; 0; 0; 38; 192; 19; 0; 0; 330; 127; 8; 0; 287; 53; 1; 30; 0
1973;01; 14; 0; 0; 0; 50; 19; 5; 0; 460; 6; 507; 0; 0; 0; 168; 440; 164; 18; 0; 0; 99; 67; 0; 27; 4; 405; 38; 0; 0; 0; 17
1973;02; 0; 3; 482; 180; 169; 55; 48; 0; 0; 0; 0; 0; 0; 81; 1; 54; 275; 75; 0; 0; 123; 0; 0; 0; 2; 0; 183; 64; 9999; 9999; 9999
1973;03; 0; 0; 15; 413; 447; 0; 0; 0; 122; 40; 0; 14; 4; 0; 0; 0; 0; 0; 0; 0; 0; 89; 77; 134; 0; 0; 0; 0; 0; 0; 191
1973;04; 231; 9; 97; 18; 0; 58; 0; 7; 66; 0; 4; 255; 23; 40; 299; 4; 0; 0; 10; 3; 12; 199; 0; 0; 0; 0; 0; 3; 0; 0; 9999
1973;05; 0; 0; 0; 172; 120; 3; 41; 0; 2; 46; 21; 305; 0; 0; 0; 0; 0; 0; 0; 0; 0; 229; 16; 0; 0; 4; 0; 0; 0; 0; 0
1973;06; 0; 10; 0; 0; 0; 2; 0; 2; 2; 0; 0; 0; 0; 2; 0; 0; 1; 2; 49; 2; 3; 1; 1; 0; 1; 8; 96; 1; 48; 4; 9999
1973;07; 2; 7; 208; 0; 0; 0; 0; 0; 2; 1; 2; 0; 2; 0; 1; 0; 2; 0; 0; 0; 6; 63; 0; 14; 2; 2; 1; 145; 13; 0; 2
1973;08; 2; 0; 0; 0; 0; 30; 1; 0; 2; 0; 0; 0; 2; 0; 0; 3; 6; 0; 1; 0; 0; 0; 2; 0; 0; 0; 0; 0; 0; 0; 0
1973;09; 0; 239; 75; 2; 2; 0; 13; 33; 0; 17; 2; 1; 0; 0; 81; 0; 0; 0; 0; 13; 7; 58; 32; 1; 0; 10; 102; 0; 3; 22; 9999
1973;10; 0; 4; 0; 0; 1; 0; 87; 0; 519; 3; 108; 189; 2; 12; 0; 0; 0; 0; 182; 0; 0; 0; 0; 31; 19; 7; 117; 18; 0; 0; 107
1973;11; 232; 52; 77; 0; 16; 54; 0; 0; 1; 0; 3; 0; 39; 134; 71; 0; 0; 224; 221; 16; 0; 0; 31; 0; 61; 79; 0; 9; 7; 0; 9999
1973;12; 1; 0; 0; 439; 25; 7; 134; 26; 140; 0; 0; 0; 0; 65; 56; 45; 80; 979; 27; 70; 272; 19; 0; 45; 102; 29; 0; 0; 0; 50; 323
1974;01; 40; 145; 73; 0; 0; 64; 7; 233; 4; 0; 106; 319; 59; 38; 0; 87; 290; 113; 105; 91; 0; 54; 0; 2; 1; 61; 368; 582; 27; 0; 151
1974;02; 0; 799; 1; 0; 0; 0; 0; 0; 0; 4; 0; 1; 8; 0; 13; 9; 156; 108; 52; 0; 0; 164; 61; 55; 38; 0; 1; 1; 9999; 9999; 9999
1974;03; 0; 1; 0; 0; 0; 0; 273; 10; 132; 1; 237; 47; 39; 5; 87; 18; 0; 44; 113; 208; 338; 173; 0; 0; 263; 3; 0; 0; 0; 0; 0
1974;04; 0; 107; 0; 5; 199; 0; 0; 0; 0; 0; 1; 0; 0; 709; 0; 0; 0; 4; 2; 3; 15; 1; 3; 0; 132; 115; 16; 1; 1; 2; 9999
1974;05; 169; 1; 1; 2; 1; 2; 0; 0; 0; 1; 0; 2; 3; 33; 1; 3; 2; 0; 0; 0; 0; 2; 2; 0; 0; 0; 13; 45; 2; 0; 0
1974;06; 0; 1; 0; 0; 1; 0; 0; 75; 0; 0; 59; 256; 76; 0; 2; 2; 1; 0; 0; 1; 0; 98; 25; 2; 336; 109; 55; 2; 2; 2; 9999
1974;07; 2; 2; 1; 2; 2; 1; 0; 0; 0; 0; 0; 1; 0; 0; 0; 0; 0; 0; 0; 0; 0; 0; 0; 0; 1; 0; 0; 0; 0; 0; 0
1974;08; 2; 0; 0; 0; 0; 0; 0; 0; 2; 10; 0; 0; 0; 0; 0; 2; 0; 0; 2; 0; 1; 1; 1; 0; 0; 0; 0; 0; 0; 0; 0
1974;09; 0; 0; 19; 70; 1; 1; 40; 0; 0; 1; 0; 0; 1; 0; 0; 1; 0; 0; 0; 0; 0; 0; 0; 0; 0; 0; 0; 0; 116; 16; 9999
1974;10; 4; 79; 4; 38; 168; 0; 0; 0; 0; 2; 0; 0; 2; 1; 0; 0; 0; 0; 121; 6; 0; 0; 0; 0; 81; 3; 215; 0; 368; 170; 5
1974;11; 1; 0; 2; 2; 1; 0; 225; 0; 0; 0; 0; 0; 9; 79; 0; 1; 0; 0; 2; 0; 312; 153; 42; 0; 2; 0; 2; 74; 228; 13; 9999
1974;12; 84; 267; 181; 129; 87; 163; 7; 0; 0; 2; 10; 0; 0; 184; 24; 79; 106; 416; 238; 27; 0; 223; 159; 141; 276; 0; 87; 3; 0; 13; 0
1975;01; 63; 127; 6; 0; 99; 77; 16; 0; 4; 2; 0; 60; 84; 189; 40; 2; 2; 17; 11; 95; 53; 0; 0; 8; 7; 2; 0; 0; 26; 309; 0
1975;02; 30; 140; 34; 45; 609; 83; 2; 155; 23; 74; 0; 0; 0; 0; 0; 0; 0; 250; 0; 40; 80; 242; 92; 9; 0; 46; 126; 209; 9999; 9999; 9999
1975;03; 490; 106; 57; 0; 2; 0; 0; 0; 0; 3; 1; 0; 433; 15; 0; 2; 0; 0; 0; 0; 0; 608; 0; 0; 83; 39; 4; 0; 0; 2; 359
1975;04; 133; 0; 28; 105; 14; 1; 2; 2; 2; 0; 36; 0; 2; 0; 164; 2; 2; 2; 2; 1; 2; 0; 2; 0; 0; 0; 0; 0; 0; 0; 9999
1975;05; 0; 0; 0; 123; 17; 243; 12; 64; 0; 2; 2; 1; 1; 0; 0; 0; 2; 5; 0; 2; 0; 2; 2; 0; 0; 3; 2; 0; 1; 2; 2
1975;06; 2; 0; 0; 0; 7; 0; 0; 2; 0; 2; 1; 2; 0; 0; 15; 1; 0; 1; 2; 1; 1; 1; 0; 0; 0; 0; 2; 3; 27; 0; 9999
1975;07; 1; 15; 0; 143; 2; 4; 0; 2; 1; 1; 1; 0; 0; 2; 0; 0; 8; 47; 0; 0; 0; 0; 0; 1; 0; 0; 0; 0; 1; 1; 1
1975;08; 0; 0; 0; 0; 0; 0; 0; 1; 0; 0; 0; 0; 0; 0; 1; 1; 0; 0; 0; 1; 0; 0; 0; 0; 0; 0; 0; 0; 0; 0; 0
1975;09; 0; 0; 2; 0; 1; 0; 0; 0; 0; 0; 0; 0; 1; 0; 0; 0; 2; 22; 0; 0; 0; 8; 0; 19; 17; 0; 47; 29; 2; 5; 9999
1975;10; 125; 0; 87; 138; 0; 90; 22; 9; 0; 0; 63; 153; 9; 0; 69; 2; 0; 20; 96; 0; 147; 1; 0; 0; 0; 10; 0; 0; 0; 0; 102
1975;11; 53; 292; 0; 3; 0; 0; 149; 0; 0; 390; 0; 50; 0; 2; 0; 0; 39; 0; 99; 6; 213; 0; 144; 7; 209; 629; 203; 4; 114; 170; 9999
1975;12; 120; 2; 0; 0; 0; 0; 136; 45; 2; 0; 40; 605; 315; 632; 72; 2; 0; 47; 15; 33; 89; 0; 66; 364; 635; 555; 434; 43; 327; 12; 2
1976;01; 2; 26; 85; 36; 104; 140; 63; 172; 5; 0; 0; 619; 0; 39; 16; 0; 74; 37; 0; 0; 389; 37; 108; 0; 7; 0; 37; 25; 2; 3; 207
1976;02; 8; 36; 73; 20; 5; 135; 284; 262; 0; 0; 0; 0; 2; 0; 0; 0; 49; 16; 161; 52; 13; 337; 521; 350; 94; 59; 527; 98; 33; 9999; 9999
1976;03; 31; 24; 155; 0; 0; 0; 0; 0; 0; 0; 29; 0; 19; 0; 57; 17; 0; 0; 2; 202; 0; 52; 36; 1; 0; 29; 177; 45; 0; 0; 0
1976;04; 1; 0; 0; 176; 0; 0; 0; 0; 0; 77; 48; 227; 466; 214; 52; 10; 2; 0; 0; 2; 6; 0; 104; 0; 0; 0; 2; 0; 0; 0; 9999
1976;05; 2; 2; 0; 0; 0; 2; 0; 0; 0; 190; 0; 119; 2; 0; 1; 0; 2; 35; 120; 117; 130; 159; 1; 2; 0; 49; 0; 145; 541; 0; 0
1976;06; 2; 2; 2; 0; 0; 305; 0; 0; 0; 37; 7; 0; 26; 143; 0; 2; 1; 0; 2; 0; 0; 1; 1; 1; 0; 0; 0; 0; 2; 29; 9999
1976;07; 47; 402; 391; 338; 1; 0; 0; 15; 27; 232; 38; 0; 2; 0; 5; 0; 0; 0; 0; 0; 1; 12; 0; 2; 0; 0; 0; 1; 2; 0; 0
1976;08; 0; 2; 0; 0; 1; 34; 2; 0; 0; 45; 5; 170; 219; 179; 50; 18; 0; 0; 121; 192; 0; 0; 2; 0; 0; 0; 0; 0; 5; 0; 0
1976;09; 0; 0; 1; 0; 0; 164; 34; 380; 0; 0; 0; 0; 165; 276; 12; 220; 2; 1; 45; 0; 0; 0; 113; 0; 0; 0; 238; 506; 9; 2; 9999
1976;10; 0; 0; 5; 0; 2; 14; 0; 1; 0; 423; 0; 0; 1; 0; 0; 0; 0; 65; 198; 54; 20; 40; 0; 3; 163; 0; 139; 0; 0; 0; 0
1976;11; 84; 0; 0; 0; 185; 325; 0; 0; 0; 0; 21; 0; 27; 0; 0; 0; 5; 0; 0; 188; 154; 25; 0; 0; 33; 0; 224; 0; 416; 0; 9999
1976;12; 20; 99; 57; 3; 249; 196; 0; 0; 489; 106; 0; 2; 3; 0; 0; 35; 105; 242; 0; 0; 3; 219; 56; 50; 129; 536; 5; 6; 0; 0; 0
1977;01; 143; 75; 9; 67; 104; 240; 253; 7; 1; 2; 0; 0; 0; 0; 53; 1; 227; 6; 607; 57; 0; 0; 0; 0; 0; 329; 8; 379; 342; 57; 107
1977;02; 206; 3; 0; 0; 0; 1; 0; 269; 0; 0; 0; 1; 0; 0; 0; 0; 0; 0; 0; 0; 4; 0; 3; 0; 3; 0; 0; 0; 9999; 9999; 9999
1977;03; 0; 1; 0; 36; 284; 0; 0; 343; 0; 25; 25; 0; 0; 278; 1; 0; 16; 0; 310; 599; 99; 131; 0; 0; 0; 286; 198; 0; 206; 0; 90
1977;04; 60; 143; 5; 7; 217; 1; 0; 1; 77; 135; 13; 0; 0; 0; 1; 0; 0; 69; 560; 84; 327; 67; 4; 3; 0; 1; 2; 1; 0; 0; 9999
1977;05; 0; 0; 180; 0; 1; 0; 0; 0; 0; 0; 0; 0; 0; 0; 0; 0; 210; 10; 2; 0; 0; 2; 2; 2; 1; 0; 1; 1; 2; 0; 0
1977;06; 0; 0; 0; 2; 390; 50; 1; 0; 0; 2; 0; 0; 2; 2; 2; 0; 0; 2; 1; 1; 0; 0; 0; 0; 5; 0; 0; 0; 0; 0; 9999
1977;07; 1; 0; 0; 0; 0; 0; 0; 0; 0; 0; 0; 0; 0; 0; 0; 0; 0; 9; 5; 0; 0; 0; 5; 0; 25; 2; 0; 0; 0; 0; 0
1977;08; 0; 0; 0; 0; 0; 0; 0; 0; 0; 0; 0; 0; 0; 0; 0; 0; 0; 0; 6; 0; 0; 0; 0; 0; 0; 0; 0; 0; 0; 20; 39
1977;09; 0; 120; 5; 0; 0; 0; 246; 127; 1; 0; 1; 0; 0; 0; 0; 0; 1; 7; 29; 0; 0; 2; 27; 120; 39; 0; 0; 0; 0; 0; 9999
1977;10; 5; 584; 114; 0; 0; 3; 0; 0; 0; 0; 0; 0; 3; 0; 0; 0; 15; 5; 45; 0; 0; 0; 0; 0; 0; 0; 0; 50; 159; 0; 0
1977;11; 0; 24; 0; 0; 25; 0; 25; 0; 0; 0; 4; 50; 190; 13; 226; 354; 0; 0; 1; 0; 0; 4; 39; 11; 10; 125; 0; 3; 257; 394; 9999
1977;12; 229; 65; 20; 59; 0; 97; 1; 78; 17; 0; 240; 90; 0; 0; 0; 0; 0; 0; 25; 617; 99; 143; 245; 70; 0; 0; 0; 0; 0; 0; 0
1978;01; 73; 379; 228; 6; 0; 0; 36; 112; 41; 190; 40; 80; 0; 0; 50; 614; 27; 0; 0; 209; 46; 277; 177; 0; 0; 0; 0; 0; 47; 19; 0
1978;02; 0; 0; 11; 0; 0; 10; 14; 3; 0; 0; 0; 10; 0; 0; 37; 2; 0; 13; 16; 0; 0; 758; 10; 0; 0; 0; 0; 0; 9999; 9999; 9999
1978;03; 0; 1; 7; 329; 290; 48; 60; 479; 122; 47; 3; 0; 0; 0; 0; 0; 0; 0; 0; 0; 0; 0; 0; 48; 0; 0; 149; 31; 0; 29; 5
1978;04; 0; 13; 4; 0; 0; 0; 0; 0; 0; 0; 87; 0; 0; 0; 0; 0; 0; 0; 0; 40; 10; 110; 394; 1; 0; 0; 0; 2; 2; 1; 9999
1978;05; 7; 9; 0; 2; 1; 0; 0; 2; 0; 0; 2; 2; 2; 1; 0; 0; 157; 59; 133; 2; 103; 33; 3; 0; 2; 1; 2; 0; 0; 21; 123
1978;06; 3; 2; 3; 0; 0; 0; 2; 0; 553; 428; 0; 0; 2; 4; 2; 3; 3; 2; 1; 0; 0; 6; 0; 0; 0; 2; 3; 2; 2; 1; 9999
1978;07; 1; 1; 0; 10; 0; 2; 0; 0; 0; 2; 2; 1; 0; 0; 2; 180; 3; 0; 45; 2; 27; 105; 160; 2; 5; 3; 1; 2; 2; 1; 0
1978;08; 2; 2; 2; 2; 2; 2; 2; 2; 0; 0; 0; 0; 0; 5; 30; 0; 1; 2; 2; 0; 2; 3; 0; 1; 0; 0; 2; 1; 1; 1; 72
1978;09; 164; 24; 45; 0; 16; 40; 2; 0; 0; 0; 0; 0; 0; 0; 0; 2; 5; 2; 0; 2; 0; 0; 0; 0; 3; 1; 0; 2; 0; 0; 9999
1978;10; 0; 0; 1; 0; 2; 0; 0; 0; 2; 0; 206; 51; 0; 12; 0; 0; 139; 402; 152; 91; 17; 0; 0; 0; 0; 0; 0; 12; 416; 12; 0
1978;11; 82; 0; 0; 106; 24; 212; 0; 0; 1; 0; 568; 264; 104; 2; 0; 0; 116; 0; 0; 2; 42; 109; 87; 28; 45; 0; 0; 307; 0; 0; 9999
1978;12; 0; 0; 0; 5; 1; 0; 108; 283; 176; 225; 85; 1; 0; 1; 64; 26; 0; 7; 5; 0; 0; 0; 0; 0; 0; 0; 380; 251; 75; 567; 134
1979;01; 54; 255; 48; 42; 21; 0; 1; 0; 2; 0; 0; 19; 407; 0; 0; 0; 0; 0; 0; 3; 216; 394; 6; 0; 2; 95; 0; 185; 150; 96; 2
1979;02; 15; 3; 0; 0; 22; 21; 174; 5; 0; 4; 205; 3; 55; 18; 26; 0; 0; 58; 225; 17; 0; 166; 114; 12; 0; 0; 0; 9; 9999; 9999; 9999
1979;03; 9; 12; 65; 0; 0; 0; 2; 2; 0; 159; 65; 48; 369; 186; 41; 68; 2; 0; 0; 18; 0; 1; 0; 0; 562; 16; 46; 59; 0; 2; 0
1979;04; 1; 0; 2; 43; 282; 3; 38; 5; 7; 0; 0; 0; 0; 0; 0; 2; 0; 0; 197; 0; 0; 0; 2; 89; 3; 7; 0; 0; 126; 106; 9999
1979;05; 2; 0; 4; 155; 153; 1; 0; 260; 2; 35; 7; 2; 21; 0; 6; 0; 3; 7; 0; 0; 0; 2; 0; 43; 1; 1; 1; 2; 0; 111; 2
1979;06; 2; 2; 0; 3; 1; 0; 0; 0; 31; 7; 2; 1; 0; 16; 27; 2; 1; 0; 0; 1; 1; 2; 2; 1; 0; 0; 0; 0; 0; 1; 9999
1979;07; 0; 0; 0; 8; 1; 0; 0; 0; 42; 81; 11; 3; 2; 2; 0; 1; 2; 2; 1; 170; 0; 1; 0; 0; 4; 23; 1; 0; 2; 1; 1
1979;08; 1; 0; 1; 0; 0; 1; 1; 0; 2; 0; 0; 0; 175; 0; 117; 0; 0; 0; 82; 128; 24; 64; 0; 0; 0; 1; 128; 0; 1; 4; 3
1979;09; 0; 0; 116; 75; 49; 64; 1; 0; 0; 0; 0; 85; 1; 113; 47; 121; 22; 201; 40; 10; 0; 1; 39; 9; 1; 0; 0; 1; 0; 3; 9999
1979;10; 1; 1; 0; 0; 168; 0; 92; 125; 327; 1; 0; 0; 0; 18; 17; 0; 0; 2; 0; 0; 0; 0; 0; 0; 0; 0; 6; 18; 47; 233; 238
1979;11; 0; 159; 295; 1; 6; 0; 0; 185; 250; 212; 487; 1; 1; 13; 96; 1; 0; 0; 1; 0; 0; 0; 0; 174; 279; 162; 43; 0; 0; 2; 9999
1979;12; 0; 94; 359; 189; 164; 1; 0; 63; 0; 0; 29; 308; 307; 0; 11; 112; 143; 0; 0; 0; 0; 209; 477; 157; 226; 154; 374; 2; 0; 0; 0
1980;01; 199; 0; 0; 2; 0; 1; 0; 89; 0; 65; 171; 203; 26; 43; 0; 0; 0; 368; 78; 0; 428; 31; 0; 4; 53; 15; 22; 0; 0; 0; 1
1980;02; 32; 197; 85; 171; 0; 1; 1; 69; 27; 1; 0; 0; 10; 2; 94; 130; 57; 15; 164; 176; 1; 10; 111; 89; 1; 0; 36; 132; 6; 9999; 9999
1980;03; 1; 0; 0; 0; 1; 1; 0; 0; 0; 22; 221; 142; 13; 93; 41; 54; 85; 57; 0; 0; 0; 0; 0; 0; 0; 0; 0; 0; 0; 30; 10
1980;04; 17; 0; 98; 253; 299; 37; 0; 48; 0; 95; 50; 0; 18; 11; 261; 65; 111; 0; 1; 1; 0; 1; 1; 0; 0; 0; 0; 0; 0; 1; 9999
1980;05; 35; 0; 59; 8; 0; 0; 0; 0; 0; 1; 0; 0; 1; 0; 0; 1; 0; 0; 0; 1; 0; 0; 14; 0; 0; 0; 1; 2; 0; 0; 0
1980;06; 0; 3; 49; 16; 0; 0; 1; 1; 1; 0; 0; 0; 0; 70; 1; 2; 1; 1; 1; 0; 0; 20; 9; 0; 0; 253; 285; 0; 0; 1; 9999
1980;07; 1; 0; 1; 25; 3; 0; 1; 1; 0; 0; 0; 1; 0; 0; 2; 3; 0; 0; 0; 2; 0; 0; 0; 0; 0; 0; 0; 7; 0; 0; 53
1980;08; 33; 0; 1; 1; 1; 0; 0; 1; 1; 0; 17; 0; 0; 0; 0; 25; 0; 40; 0; 1; 0; 1; 0; 53; 22; 47; 49; 32; 0; 0; 0
1980;09; 0; 0; 1; 4; 1; 0; 0; 2; 0; 0; 79; 0; 0; 0; 0; 0; 14; 46; 38; 1; 212; 107; 0; 0; 2; 0; 0; 0; 15; 1; 9999
1980;10; 0; 0; 1; 0; 0; 3; 11; 82; 129; 11; 0; 336; 123; 3; 88; 0; 0; 0; 0; 0; 57; 0; 5; 16; 0; 0; 29; 14; 6; 0; 26
1980;11; 36; 0; 0; 0; 0; 0; 16; 124; 195; 13; 669; 187; 15; 4; 1; 0; 0; 0; 0; 427; 1; 0; 107; 81; 143; 0; 0; 0; 15; 74; 9999
1980;12; 209; 47; 78; 94; 39; 11; 0; 127; 0; 0; 0; 232; 505; 135; 2; 0; 0; 0; 0; 0; 0; 79; 95; 61; 286; 4; 58; 331; 146; 31; 58
1981;01; 0; 25; 132; 85; 72; 71; 25; 277; 90; 87; 219; 169; 117; 268; 203; 529; 75; 43; 0; 9; 259; 103; 3; 0; 0; 127; 0; 0; 2; 0; 2
1981;02; 0; 4; 125; 24; 3; 34; 405; 409; 445; 68; 24; 178; 0; 0; 17; 0; 0; 2; 0; 0; 0; 0; 0; 85; 0; 125; 0; 0; 9999; 9999; 9999
1981;03; 0; 0; 0; 0; 197; 0; 8; 3; 334; 0; 0; 1; 0; 0; 0; 28; 83; 84; 29; 0; 9; 0; 0; 0; 0; 0; 0; 57; 224; 48; 0
1981;04; 0; 0; 6; 0; 0; 221; 0; 1; 0; 0; 1; 0; 0; 0; 0; 326; 95; 41; 0; 0; 2; 1; 1; 0; 4; 0; 0; 12; 8; 40; 9999
1981;05; 0; 0; 0; 2; 149; 1; 0; 2; 0; 0; 41; 0; 0; 0; 0; 0; 13; 0; 0; 0; 2; 0; 0; 0; 0; 0; 0; 19; 0; 0; 0
1981;06; 3; 1; 0; 2; 0; 1; 256; 0; 1; 1; 0; 0; 0; 1; 0; 48; 27; 11; 2; 0; 2; 0; 0; 2; 0; 0; 0; 0; 0; 0; 9999
1981;07; 0; 0; 67; 42; 0; 0; 0; 0; 1; 0; 2; 0; 0; 0; 0; 0; 1; 1; 10; 5; 0; 0; 0; 0; 384; 20; 0; 2; 0; 0; 0
1981;08; 0; 0; 0; 1; 0; 1; 0; 0; 0; 25; 27; 0; 0; 21; 0; 0; 0; 194; 0; 0; 0; 0; 0; 0; 0; 0; 0; 0; 0; 0; 17
1981;09; 13; 0; 0; 63; 0; 0; 0; 0; 0; 0; 0; 0; 0; 0; 0; 0; 0; 0; 0; 0; 0; 0; 0; 0; 0; 0; 127; 5; 0; 22; 9999
1981;10; 15; 0; 0; 124; 31; 0; 182; 223; 2; 24; 5; 0; 128; 4; 0; 368; 0; 0; 0; 339; 0; 0; 0; 0; 0; 0; 151; 321; 47; 279; 78
1981;11; 44; 31; 39; 283; 15; 0; 0; 403; 29; 364; 23; 189; 619; 19; 1; 0; 28; 86; 2; 8; 145; 0; 0; 0; 0; 26; 0; 0; 0; 0; 9999
1981;12; 115; 165; 48; 5; 17; 23; 212; 210; 242; 259; 0; 55; 7; 0; 1; 114; 628; 0; 0; 0; 0; 12; 4; 0; 0; 0; 8; 28; 0; 0; 0
1982;01; 0; 595; 670; 224; 3; 3; 16; 199; 55; 211; 41; 229; 6; 0; 0; 0; 0; 0; 0; 0; 0; 243; 403; 212; 0; 0; 0; 2; 81; 4; 6
1982;02; 45; 15; 163; 305; 170; 325; 203; 73; 5; 0; 0; 0; 0; 0; 0; 0; 0; 0; 0; 0; 0; 0; 0; 275; 121; 183; 61; 104; 9999; 9999; 9999
1982;03; 0; 543; 0; 31; 0; 0; 16; 54; 493; 219; 237; 237; 0; 43; 3; 3; 253; 16; 85; 4; 0; 2; 202; 4; 170; 6; 166; 36; 0; 11; 40
1982;04; 66; 0; 0; 0; 0; 3; 2; 4; 0; 0; 0; 0; 15; 20; 53; 130; 0; 0; 0; 0; 0; 2; 2; 0; 0; 0; 3; 14; 27; 0; 9999
1982;05; 0; 0; 1; 50; 19; 2; 2; 0; 2; 1; 0; 1; 1; 0; 0; 0; 0; 0; 0; 32; 1; 0; 0; 0; 12; 16; 9; 0; 0; 0; 0
1982;06; 13; 0; 0; 0; 2; 34; 0; 0; 0; 0; 0; 105; 205; 8; 3; 77; 14; 0; 2; 0; 1; 36; 335; 3; 111; 144; 31; 0; 25; 4; 9999
1982;07; 92; 0; 0; 0; 0; 0; 0; 0; 0; 0; 0; 57; 0; 51; 0; 0; 0; 0; 177; 3; 0; 0; 0; 0; 0; 0; 0; 0; 0; 119; 0
1982;08; 0; 0; 0; 5; 42; 3; 0; 0; 2; 0; 160; 45; 0; 0; 0; 0; 0; 0; 107; 10; 0; 0; 0; 51; 177; 0; 0; 0; 0; 71; 276
1982;09; 0; 0; 0; 0; 0; 31; 64; 0; 0; 0; 2; 0; 0; 2; 0; 0; 0; 0; 0; 16; 0; 0; 4; 0; 0; 0; 0; 61; 1; 2; 9999
1982;10; 0; 113; 53; 2; 1; 35; 0; 240; 408; 28; 214; 0; 342; 62; 0; 0; 0; 0; 24; 0; 53; 20; 0; 0; 63; 12; 0; 560; 306; 284; 0
1982;11; 0; 0; 0; 0; 0; 50; 5; 0; 41; 0; 161; 114; 0; 6; 599; 26; 29; 0; 13; 11; 6; 219; 163; 109; 76; 127; 74; 1; 17; 0; 9999
1982;12; 99; 120; 642; 22; 25; 0; 135; 11; 2; 0; 54; 306; 37; 68; 188; 83; 657; 22; 30; 42; 16; 37; 14; 169; 32; 0; 0; 3; 99; 221; 47
1983;01; 178; 0; 0; 0; 2; 209; 21; 18; 125; 8; 0; 4; 397; 153; 318; 15; 85; 159; 92; 70; 438; 0; 117; 5; 37; 7; 9; 7; 64; 0; 0
1983;02; 133; 577; 264; 20; 229; 0; 0; 0; 150; 158; 0; 11; 576; 60; 49; 0; 0; 5; 0; 0; 31; 0; 0; 13; 95; 0; 0; 622; 9999; 9999; 9999
1983;03; 0; 15; 32; 139; 198; 298; 455; 104; 1; 0; 0; 0; 4; 5; 0; 0; 0; 0; 10; 328; 74; 28; 5; 107; 0; 0; 14; 94; 0; 0; 0
1983;04; 0; 5; 0; 1; 0; 189; 379; 10; 0; 0; 0; 10; 97; 403; 0; 0; 0; 0; 46; 0; 0; 555; 7; 0; 191; 81; 29; 0; 56; 0; 9999
1983;05; 0; 0; 48; 9; 0; 0; 0; 0; 77; 0; 1; 0; 116; 14; 0; 0; 0; 0; 0; 110; 0; 0; 0; 167; 33; 0; 0; 0; 503; 304; 365
1983;06; 20; 10; 98; 291; 67; 269; 347; 0; 81; 145; 6; 151; 0; 0; 0; 2; 0; 0; 1; 0; 0; 0; 0; 0; 0; 1; 2; 25; 165; 0; 9999
1983;07; 2; 0; 0; 1; 0; 0; 0; 0; 0; 0; 3; 0; 0; 0; 0; 0; 0; 119; 67; 30; 283; 2; 2; 0; 1; 0; 0; 0; 0; 0; 0
1983;08; 0; 93; 0; 3; 0; 0; 2; 1; 0; 0; 0; 1; 0; 0; 0; 0; 0; 0; 0; 0; 11; 5; 0; 0; 0; 0; 0; 0; 0; 0; 0
1983;09; 0; 0; 58; 0; 30; 329; 84; 95; 81; 1; 20; 64; 255; 20; 0; 234; 0; 208; 265; 20; 3; 0; 226; 320; 126; 0; 0; 0; 0; 0; 9999
1983;10; 0; 460; 99; 6; 0; 402; 0; 0; 0; 0; 0; 0; 22; 157; 53; 0; 0; 63; 121; 0; 0; 77; 20; 459; 5; 0; 0; 0; 0; 0; 0
1983;11; 116; 315; 479; 9; 80; 0; 0; 0; 0; 22; 171; 0; 0; 0; 56; 109; 0; 0; 91; 0; 13; 125; 53; 0; 0; 0; 0; 0; 0; 280; 9999
1983;12; 0; 56; 99; 6; 0; 13; 0; 211; 0; 12; 44; 123; 11; 240; 86; 8; 0; 75; 0; 41; 106; 0; 572; 14; 0; 0; 0; 737; 2; 0; 13
1984;01; 3; 0; 73; 95; 0; 27; 25; 53; 0; 11; 107; 0; 0; 0; 0; 0; 0; 0; 0; 328; 272; 286; 83; 41; 114; 168; 136; 12; 10; 0; 389
1984;02; 0; 16; 0; 0; 0; 0; 0; 4; 0; 0; 0; 0; 0; 2; 0; 0; 0; 21; 0; 0; 0; 0; 0; 0; 0; 42; 0; 0; 24; 9999; 9999
1984;03; 0; 0; 0; 0; 218; 94; 98; 96; 0; 0; 23; 0; 0; 0; 6; 0; 0; 0; 0; 319; 50; 94; 36; 0; 0; 0; 0; 0; 4; 344; 170
1984;04; 0; 0; 0; 397; 2; 0; 17; 14; 17; 0; 0; 4; 0; 0; 0; 3; 4; 1; 0; 17; 12; 0; 1; 3; 157; 20; 3; 97; 0; 91; 9999
1984;05; 44; 24; 52; 2; 7; 0; 0; 76; 39; 0; 1; 0; 0; 82; 36; 0; 0; 245; 1; 1; 0; 0; 1; 0; 1; 0; 0; 1; 1; 1; 0
1984;06; 0; 2; 2; 1; 1; 1; 0; 0; 0; 2; 0; 1; 1; 63; 1; 1; 1; 0; 1; 1; 0; 1; 0; 1; 1; 1; 1; 6; 15; 21; 9999
1984;07; 1; 1; 2; 27; 1; 1; 1; 0; 1; 1; 1; 1; 0; 2; 0; 1; 0; 1; 0; 1; 0; 0; 0; 0; 0; 9; 2; 104; 0; 2; 0
1984;08; 1; 0; 173; 76; 1; 0; 0; 0; 0; 2; 0; 0; 0; 0; 3; 6; 21; 1; 0; 24; 12; 29; 181; 51; 19; 51; 0; 0; 11; 0; 0
1984;09; 0; 0; 0; 3; 0; 0; 160; 18; 308; 0; 0; 0; 0; 0; 0; 0; 0; 0; 0; 24; 102; 0; 0; 0; 1; 0; 299; 21; 0; 0; 9999
1984;10; 0; 0; 0; 0; 0; 0; 0; 0; 0; 0; 0; 0; 0; 0; 0; 13; 0; 0; 518; 99; 0; 0; 0; 0; 0; 0; 0; 0; 0; 0; 0
1984;11; 0; 0; 0; 0; 0; 18; 0; 1; 113; 45; 21; 104; 65; 2; 0; 0; 149; 28; 29; 0; 110; 0; 0; 8; 69; 273; 17; 1; 0; 6; 9999
1984;12; 8; 194; 547; 0; 0; 0; 0; 414; 4; 0; 0; 46; 38; 107; 282; 46; 13; 214; 0; 0; 0; 19; 0; 0; 220; 80; 64; 0; 30; 39; 171
1985;01; 16; 19; 11; 7; 7; 6; 226; 84; 550; 22; 0; 0; 0; 50; 6; 0; 612; 88; 47; 32; 155; 99; 503; 350; 31; 130; 0; 31; 0; 158; 0
1985;02; 103; 124; 77; 62; 377; 22; 0; 0; 160; 0; 95; 0; 131; 75; 168; 68; 1; 37; 0; 0; 0; 82; 120; 32; 0; 198; 135; 21; 9999; 9999; 9999
1985;03; 268; 97; 95; 26; 40; 97; 21; 0; 40; 0; 83; 0; 0; 5; 0; 206; 66; 241; 57; 10; 0; 7; 0; 0; 0; 0; 0; 0; 106; 0; 0
1985;04; 46; 9; 0; 57; 128; 0; 107; 0; 0; 17; 223; 274; 11; 0; 1; 20; 162; 0; 86; 8; 0; 0; 0; 0; 0; 1; 9; 0; 0; 0; 9999
1985;05; 145; 39; 23; 0; 0; 0; 1; 0; 0; 158; 2; 0; 0; 0; 0; 0; 0; 0; 0; 0; 268; 328; 0; 0; 0; 0; 1; 0; 0; 0; 0
1985;06; 0; 2; 79; 149; 0; 2; 0; 0; 0; 32; 0; 0; 0; 0; 0; 0; 0; 0; 0; 0; 0; 0; 0; 0; 0; 0; 0; 0; 1; 0; 9999
1985;07; 0; 0; 0; 0; 0; 0; 0; 2; 0; 0; 11; 2; 2; 0; 1; 0; 1; 0; 0; 1; 0; 0; 0; 0; 0; 0; 0; 0; 0; 0; 0
1985;08; 0; 0; 0; 0; 0; 0; 0; 0; 0; 0; 0; 0; 0; 0; 3; 0; 0; 0; 0; 0; 0; 0; 79; 1; 1; 0; 0; 53; 0; 0; 270
1985;09; 120; 210; 0; 26; 125; 192; 0; 1; 0; 0; 0; 2; 0; 0; 0; 1; 0; 0; 0; 2; 25; 0; 0; 105; 0; 0; 0; 0; 8; 248; 9999
1985;10; 0; 0; 58; 0; 0; 0; 0; 41; 0; 21; 0; 0; 0; 1; 0; 0; 0; 0; 0; 0; 2; 0; 0; 0; 87; 0; 0; 0; 313; 203; 159
1985;11; 22; 256; 419; 126; 46; 0; 0; 0; 1; 0; 0; 0; 0; 0; 0; 0; 0; 0; 0; 0; 27; 232; 20; 0; 22; 105; 0; 10; 6; 12; 9999
1985;12; 0; 0; 0; 363; 95; 0; 2; 0; 1; 0; 0; 0; 0; 0; 126; 66; 0; 0; 1; 0; 536; 0; 31; 31; 368; 70; 439; 10; 0; 178; 0
1986;01; 0; 0; 137; 0; 1; 227; 0; 0; 17; 40; 128; 233; 6; 0; 0; 0; 40; 22; 0; 33; 109; 140; 133; 521; 125; 0; 104; 3; 0; 0; 0
1986;02; 0; 28; 130; 38; 15; 49; 30; 69; 149; 197; 0; 34; 138; 46; 55; 164; 7; 0; 297; 321; 169; 57; 0; 0; 0; 157; 11; 44; 9999; 9999; 9999
1986;03; 0; 149; 39; 77; 115; 14; 36; 109; 0; 502; 8; 2; 0; 0; 0; 199; 90; 204; 215; 322; 1; 0; 0; 65; 0; 43; 190; 0; 0; 74; 0
1986;04; 0; 0; 0; 0; 0; 0; 144; 0; 0; 0; 0; 0; 0; 1; 90; 213; 9; 0; 2; 0; 0; 67; 87; 10; 0; 0; 21; 150; 7; 0; 9999
1986;05; 0; 1; 0; 0; 0; 0; 23; 45; 104; 24; 3; 0; 307; 0; 0; 0; 0; 0; 333; 1; 24; 7; 0; 0; 0; 0; 1; 2; 0; 0; 69
1986;06; 0; 0; 0; 0; 0; 0; 0; 0; 0; 0; 0; 0; 0; 1; 0; 0; 0; 0; 0; 0; 0; 0; 0; 0; 0; 27; 0; 0; 0; 0; 9999
1986;07; 0; 0; 0; 0; 0; 0; 37; 14; 0; 0; 0; 0; 0; 0; 0; 0; 0; 0; 0; 0; 0; 14; 111; 0; 0; 0; 0; 0; 0; 3; 0
1986;08; 79; 0; 0; 0; 0; 0; 0; 0; 0; 0; 0; 0; 120; 15; 17; 15; 25; 0; 4; 10; 249; 220; 81; 140; 52; 0; 0; 0; 0; 0; 0
1986;09; 0; 0; 0; 0; 0; 0; 0; 0; 0; 0; 0; 0; 0; 0; 0; 0; 0; 0; 2; 0; 40; 0; 0; 0; 98; 114; 71; 0; 150; 0; 9999
1986;10; 0; 0; 0; 0; 0; 0; 0; 0; 0; 4; 127; 0; 0; 0; 0; 0; 0; 0; 50; 65; 84; 214; 0; 0; 0; 0; 0; 147; 0; 0; 94
1986;11; 0; 0; 70; 3; 197; 365; 29; 30; 9999; 43; 162; 160; 0; 0; 0; 0; 0; 0; 0; 0; 0; 0; 0; 0; 0; 0; 17; 3; 561; 0; 9999
1986;12; 394; 430; 12; 126; 83; 128; 375; 18; 363; 12; 0; 360; 0; 0; 43; 43; 70; 2; 281; 107; 0; 212; 3; 95; 12; 58; 109; 130; 293; 179; 20
1987;01; 103; 3; 63; 262; 22; 413; 0; 0; 143; 0; 0; 227; 409; 0; 0; 0; 210; 0; 7; 0; 0; 0; 128; 472; 342; 110; 0; 30; 49; 59; 0
1987;02; 41; 265; 159; 196; 0; 24; 47; 143; 265; 9; 181; 0; 13; 11; 44; 82; 33; 144; 35; 73; 0; 0; 0; 0; 0; 0; 9; 0; 9999; 9999; 9999
1987;03; 0; 0; 0; 0; 0; 0; 0; 39; 663; 187; 383; 0; 0; 0; 0; 0; 0; 222; 5; 0; 106; 0; 0; 0; 0; 0; 0; 0; 0; 0; 0
1987;04; 0; 0; 25; 482; 192; 399; 52; 32; 0; 0; 440; 231; 0; 6; 2; 0; 0; 0; 0; 0; 13; 5; 29; 0; 0; 0; 0; 0; 0; 0; 9999
1987;05; 0; 33; 0; 0; 225; 194; 49; 0; 157; 15; 0; 52; 1; 0; 0; 299; 113; 9; 189; 347; 0; 8; 1; 2; 77; 0; 0; 0; 143; 0; 0
1987;06; 0; 0; 0; 0; 0; 0; 304; 0; 0; 0; 0; 0; 0; 152; 380; 177; 4; 0; 0; 0; 0; 0; 87; 12; 0; 0; 0; 0; 0; 0; 9999
1987;07; 0; 0; 0; 0; 0; 0; 0; 0; 34; 25; 0; 0; 0; 0; 1; 0; 1; 0; 0; 0; 0; 3; 0; 2; 0; 0; 0; 0; 0; 3; 0
1987;08; 26; 0; 2; 0; 0; 0; 5; 0; 0; 0; 0; 0; 0; 0; 0; 0; 0; 0; 0; 0; 0; 0; 0; 0; 0; 0; 0; 0; 0; 0; 0
1987;09; 0; 0; 0; 0; 0; 0; 0; 0; 0; 0; 173; 28; 3; 0; 0; 0; 3; 103; 25; 17; 10; 146; 34; 0; 0; 0; 0; 68; 0; 0; 9999
1987;10; 34; 6; 0; 0; 0; 128; 80; 0; 0; 0; 0; 0; 0; 0; 0; 0; 0; 0; 0; 107; 287; 21; 0; 0; 29; 0; 0; 0; 78; 11; 0
1987;11; 0; 0; 0; 0; 0; 5; 0; 8; 0; 13; 0; 0; 0; 0; 0; 68; 22; 0; 0; 0; 22; 134; 6; 0; 168; 542; 21; 0; 0; 0; 9999
1987;12; 0; 0; 0; 24; 15; 0; 6; 0; 47; 192; 0; 0; 0; 214; 0; 0; 0; 20; 404; 0; 4; 0; 0; 0; 0; 0; 0; 42; 7; 0; 0
1988;01; 260; 0; 0; 0; 10; 42; 534; 24; 634; 373; 0; 25; 119; 0; 43; 135; 0; 0; 95; 0; 0; 8; 111; 747; 549; 0; 0; 0; 53; 61; 245
1988;02; 195; 0; 0; 0; 154; 0; 3; 110; 138; 581; 275; 0; 0; 0; 324; 90; 117; 16; 0; 388; 0; 7; 0; 0; 0; 0; 232; 54; 0; 9999; 9999
1988;03; 8; 346; 91; 640; 0; 0; 236; 0; 31; 9; 0; 0; 0; 0; 0; 0; 537; 367; 709; 0; 0; 0; 0; 0; 0; 0; 0; 0; 0; 0; 0
1988;04; 0; 406; 12; 0; 26; 0; 15; 43; 34; 0; 0; 15; 109; 259; 4; 0; 278; 0; 10; 128; 37; 78; 0; 0; 0; 0; 237; 212; 113; 21; 9999
1988;05; 0; 0; 0; 0; 225; 12; 0; 0; 221; 0; 0; 0; 8; 90; 0; 0; 0; 218; 22; 0; 0; 174; 0; 70; 145; 0; 0; 0; 28; 390; 71
1988;06; 4; 0; 0; 205; 0; 0; 0; 0; 0; 0; 0; 0; 1; 85; 74; 0; 0; 0; 0; 0; 0; 0; 0; 0; 25; 16; 0; 0; 0; 0; 9999
1988;07; 0; 0; 0; 0; 0; 0; 0; 4; 0; 0; 0; 0; 0; 0; 0; 0; 0; 0; 0; 0; 0; 0; 0; 0; 0; 0; 0; 0; 0; 0; 0
1988;08; 0; 0; 0; 0; 0; 0; 0; 0; 0; 0; 3; 0; 0; 0; 2; 0; 0; 0; 0; 0; 0; 0; 0; 0; 0; 0; 0; 0; 0; 0; 0
1988;09; 0; 4; 14; 0; 0; 0; 1; 0; 0; 0; 0; 0; 0; 0; 139; 32; 28; 239; 0; 0; 0; 0; 1; 0; 0; 0; 0; 0; 19; 0; 9999
1988;10; 0; 0; 0; 0; 48; 111; 2; 0; 0; 0; 0; 0; 337; 15; 2; 1; 0; 288; 38; 177; 2; 10; 41; 10; 0; 270; 92; 95; 0; 282; 0
1988;11; 67; 109; 0; 0; 20; 33; 127; 294; 0; 0; 0; 0; 16; 4; 0; 2; 0; 0; 65; 44; 15; 0; 25; 0; 0; 0; 214; 64; 0; 0; 9999
1988;12; 0; 53; 52; 0; 0; 0; 0; 1; 0; 0; 0; 0; 0; 65; 440; 0; 0; 0; 0; 0; 528; 91; 0; 220; 0; 88; 62; 21; 0; 23; 250
1989;01; 117; 5; 28; 21; 142; 157; 87; 32; 65; 343; 35; 32; 341; 459; 92; 46; 2; 20; 373; 207; 79; 2; 22; 0; 71; 0; 0; 6; 0; 26; 0
1989;02; 0; 0; 58; 233; 81; 0; 7; 295; 526; 185; 147; 304; 12; 92; 417; 87; 0; 157; 390; 216; 4; 159; 0; 237; 113; 39; 0; 0; 9999; 9999; 9999
1989;03; 196; 35; 2; 88; 213; 0; 79; 85; 2; 0; 0; 0; 0; 353; 158; 3; 9; 304; 0; 140; 0; 0; 32; 0; 0; 0; 221; 188; 99; 0; 0
1989;04; 5; 226; 115; 28; 0; 0; 0; 0; 0; 0; 0; 141; 132; 31; 0; 0; 0; 0; 5; 77; 0; 0; 0; 0; 0; 0; 0; 0; 0; 0; 9999
1989;05; 0; 38; 4; 0; 33; 20; 4; 13; 0; 0; 0; 0; 0; 0; 0; 0; 0; 0; 0; 0; 0; 0; 0; 0; 0; 112; 0; 43; 0; 0; 0
1989;06; 0; 0; 0; 0; 0; 0; 0; 0; 0; 0; 213; 435; 0; 0; 0; 0; 0; 0; 0; 0; 0; 0; 0; 0; 62; 65; 0; 0; 0; 0; 9999
1989;07; 0; 0; 0; 0; 0; 11; 13; 87; 0; 0; 0; 0; 0; 0; 0; 0; 0; 0; 0; 1; 0; 0; 0; 0; 0; 33; 203; 160; 47; 9; 355
1989;08; 0; 0; 1; 2; 1; 0; 0; 0; 0; 0; 0; 10; 0; 2; 0; 0; 0; 0; 0; 0; 0; 0; 33; 0; 0; 149; 0; 54; 0; 0; 0
1989;09; 0; 155; 0; 0; 0; 0; 0; 0; 185; 72; 0; 0; 5; 105; 0; 0; 0; 0; 0; 0; 0; 0; 0; 0; 7; 58; 140; 0; 0; 0; 9999
1989;10; 0; 0; 1; 158; 0; 0; 0; 0; 0; 0; 0; 374; 0; 0; 0; 36; 0; 0; 0; 0; 0; 0; 0; 0; 0; 81; 0; 143; 0; 0; 26
1989;11; 10; 0; 0; 84; 0; 0; 0; 0; 0; 0; 454; 33; 89; 0; 0; 0; 0; 19; 0; 0; 72; 15; 158; 0; 56; 0; 0; 14; 0; 0; 9999
1989;12; 0; 0; 0; 0; 0; 0; 0; 0; 0; 0; 1; 48; 313; 179; 560; 79; 0; 0; 23; 123; 165; 0; 0; 0; 0; 0; 179; 107; 71; 84; 81
1990;01; 76; 275; 91; 0; 248; 13; 11; 52; 69; 198; 8; 9; 220; 58; 29; 90; 45; 10; 0; 0; 157; 43; 776; 0; 0; 43; 0; 50; 0; 0; 0
1990;02; 0; 0; 0; 0; 0; 0; 1; 0; 36; 72; 0; 0; 0; 126; 79; 0; 0; 0; 0; 0; 0; 0; 460; 21; 84; 177; 8; 177; 9999; 9999; 9999
1990;03; 84; 0; 15; 4; 77; 0; 155; 28; 0; 0; 128; 47; 0; 0; 0; 0; 0; 65; 185; 11; 14; 41; 129; 0; 33; 0; 8; 0; 259; 0; 0
1990;04; 0; 0; 0; 2; 0; 0; 45; 13; 160; 0; 0; 0; 0; 0; 31; 56; 46; 14; 460; 139; 0; 0; 0; 0; 0; 0; 0; 0; 0; 0; 9999
1990;05; 212; 117; 0; 0; 0; 0; 20; 94; 0; 0; 0; 125; 6; 0; 0; 109; 15; 53; 0; 0; 0; 0; 0; 0; 0; 0; 0; 0; 0; 0; 0
1990;06; 0; 0; 0; 0; 0; 0; 11; 0; 0; 0; 0; 10; 0; 46; 0; 0; 0; 0; 0; 0; 11; 0; 0; 0; 0; 0; 0; 0; 0; 0; 9999
1990;07; 0; 0; 0; 0; 69; 4; 0; 0; 1; 0; 53; 8; 0; 0; 0; 0; 238; 24; 143; 42; 0; 14; 0; 8; 0; 2; 0; 99; 0; 0; 0
1990;08; 0; 0; 0; 0; 0; 0; 0; 0; 0; 0; 0; 0; 0; 0; 0; 117; 0; 16; 0; 137; 0; 17; 34; 34; 0; 0; 0; 37; 17; 0; 0
1990;09; 5; 86; 5; 0; 0; 31; 0; 45; 0; 0; 0; 0; 66; 389; 33; 0; 0; 0; 0; 0; 0; 0; 69; 175; 10; 0; 0; 0; 0; 0; 9999
1990;10; 13; 122; 15; 32; 0; 0; 0; 0; 0; 0; 0; 67; 221; 0; 0; 193; 155; 0; 0; 196; 0; 0; 0; 0; 11; 0; 0; 0; 0; 0; 0
1990;11; 117; 153; 23; 42; 14; 121; 0; 89; 0; 0; 0; 0; 0; 0; 0; 0; 0; 36; 74; 0; 0; 0; 0; 56; 61; 0; 0; 25; 0; 0; 9999
1990;12; 0; 0; 0; 0; 0; 0; 0; 113; 0; 0; 69; 6; 0; 61; 52; 0; 0; 0; 164; 0; 0; 0; 0; 0; 0; 93; 4; 0; 0; 150; 0
1991;01; 0; 27; 345; 99; 285; 0; 0; 0; 0; 0; 65; 305; 0; 319; 1041; 12; 0; 93; 0; 0; 0; 0; 21; 0; 0; 13; 642; 6; 0; 11; 0
1991;02; 4; 173; 248; 31; 78; 30; 25; 9; 2; 337; 0; 30; 135; 0; 0; 131; 0; 45; 558; 0; 0; 0; 40; 0; 0; 0; 14; 0; 9999; 9999; 9999
1991;03; 2; 95; 40; 20; 170; 221; 2; 14; 83; 0; 0; 16; 0; 173; 6; 0; 0; 0; 0; 172; 317; 299; 7; 0; 0; 92; 457; 329; 547; 193; 29
1991;04; 21; 0; 0; 0; 0; 34; 0; 0; 0; 0; 0; 0; 0; 58; 25; 83; 0; 0; 3; 23; 0; 0; 0; 0; 0; 579; 333; 0; 0; 5; 9999
1991;05; 0; 1; 0; 0; 0; 0; 40; 83; 0; 0; 0; 0; 0; 0; 3; 111; 0; 0; 0; 0; 3; 0; 0; 0; 0; 0; 5; 0; 2; 2; 2
1991;06; 2; 0; 0; 0; 0; 0; 0; 0; 0; 44; 0; 0; 0; 0; 0; 0; 83; 0; 0; 0; 0; 9; 33; 24; 427; 0; 0; 0; 0; 15; 9999
1991;07; 19; 9; 0; 0; 0; 0; 0; 0; 0; 0; 37; 0; 0; 90; 13; 0; 0; 0; 0; 0; 0; 0; 0; 0; 0; 0; 0; 0; 0; 0; 0
1991;08; 0; 0; 40; 0; 0; 0; 0; 84; 2; 0; 0; 4; 0; 0; 0; 0; 0; 0; 0; 0; 0; 0; 0; 0; 0; 0; 0; 0; 0; 0; 0
1991;09; 0; 53; 0; 0; 0; 0; 0; 0; 0; 0; 0; 0; 0; 0; 0; 0; 0; 0; 0; 168; 0; 0; 0; 0; 0; 105; 0; 0; 122; 402; 9999
1991;10; 167; 0; 369; 0; 0; 0; 395; 16; 44; 67; 0; 0; 0; 0; 0; 0; 0; 0; 0; 0; 0; 0; 0; 0; 0; 88; 0; 0; 0; 0; 0
1991;11; 0; 20; 155; 0; 0; 0; 0; 0; 17; 134; 0; 0; 0; 27; 32; 0; 0; 0; 0; 0; 0; 0; 0; 0; 0; 0; 0; 0; 0; 129; 9999
1991;12; 42; 0; 0; 0; 12; 24; 24; 0; 0; 9; 24; 0; 0; 0; 0; 209; 30; 0; 0; 55; 0; 0; 253; 55; 0; 0; 0; 106; 0; 7; 30
1992;01; 19; 314; 109; 0; 9; 0; 0; 0; 0; 0; 0; 0; 179; 333; 0; 334; 127; 27; 0; 0; 0; 75; 144; 17; 0; 1; 0; 0; 0; 23; 352
1992;02; 34; 0; 0; 7; 0; 16; 114; 52; 63; 0; 0; 0; 0; 35; 0; 0; 0; 0; 0; 8; 0; 16; 0; 82; 0; 505; 0; 303; 9; 9999; 9999
1992;03; 0; 62; 6; 0; 541; 0; 0; 29; 9; 0; 0; 0; 69; 0; 0; 0; 77; 74; 10; 62; 69; 0; 24; 0; 17; 6; 0; 0; 26; 77; 68
1992;04; 230; 0; 0; 0; 0; 0; 0; 0; 0; 0; 0; 0; 0; 0; 234; 0; 0; 0; 0; 4; 71; 4; 0; 0; 0; 0; 298; 49; 0; 17; 9999
1992;05; 0; 254; 0; 288; 77; 0; 0; 0; 0; 0; 0; 0; 0; 26; 0; 0; 0; 0; 43; 23; 3; 0; 45; 0; 0; 0; 0; 0; 0; 0; 0
1992;06; 0; 0; 0; 0; 0; 0; 0; 0; 0; 0; 0; 0; 0; 0; 0; 0; 0; 0; 0; 0; 0; 0; 0; 0; 0; 0; 2; 0; 1; 0; 9999
1992;07; 0; 0; 8; 0; 0; 0; 66; 197; 214; 0; 0; 0; 0; 0; 0; 17; 0; 7; 0; 3; 0; 0; 9; 19; 26; 0; 0; 0; 0; 0; 0
1992;08; 0; 0; 26; 0; 0; 0; 0; 0; 0; 0; 0; 0; 52; 0; 0; 0; 0; 0; 0; 5; 0; 40; 168; 10; 0; 0; 0; 0; 29; 0; 0
1992;09; 17; 0; 0; 0; 75; 0; 356; 16; 3; 0; 0; 8; 163; 0; 46; 259; 0; 431; 0; 0; 0; 0; 20; 0; 0; 2; 0; 0; 119; 0; 9999
1992;10; 0; 87; 109; 27; 0; 0; 46; 46; 121; 21; 0; 58; 72; 0; 0; 0; 0; 0; 43; 0; 0; 17; 0; 0; 0; 0; 0; 207; 117; 144; 13
1992;11; 0; 45; 0; 0; 129; 55; 208; 74; 134; 0; 0; 0; 0; 0; 0; 61; 630; 0; 0; 0; 0; 0; 0; 218; 220; 15; 140; 0; 0; 0; 9999
1992;12; 0; 228; 4; 0; 0; 0; 270; 108; 0; 0; 160; 227; 853; 0; 0; 0; 0; 99; 0; 0; 0; 0; 0; 0; 0; 0; 0; 0; 0; 0; 0
1993;01; 0; 0; 0; 110; 0; 0; 0; 467; 0; 99; 129; 105; 6; 118; 0; 0; 0; 26; 105; 79; 0; 0; 0; 143; 0; 0; 920; 0; 8; 47; 0
1993;02; 0; 356; 0; 0; 415; 3; 0; 46; 0; 156; 354; 8; 167; 0; 234; 342; 30; 0; 61; 0; 0; 382; 192; 59; 8; 906; 0; 62; 9999; 9999; 9999
1993;03; 218; 0; 0; 154; 3; 0; 0; 0; 0; 0; 0; 315; 102; 0; 0; 190; 0; 0; 299; 0; 0; 0; 32; 0; 826; 0; 74; 0; 99; 323; 65
1993;04; 0; 0; 0; 185; 8; 0; 0; 0; 0; 0; 0; 0; 0; 0; 0; 0; 0; 0; 0; 0; 0; 0; 163; 307; 25; 0; 0; 0; 0; 0; 9999
1993;05; 0; 0; 0; 45; 0; 0; 0; 0; 0; 0; 0; 0; 0; 0; 67; 107; 0; 0; 0; 2; 0; 0; 0; 1; 0; 0; 1; 0; 0; 12; 218
1993;06; 87; 2; 0; 1; 0; 35; 20; 1; 0; 0; 132; 23; 11; 0; 0; 0; 0; 3; 0; 0; 0; 1; 0; 0; 0; 0; 0; 0; 0; 11; 9999
1993;07; 0; 0; 0; 0; 0; 0; 0; 0; 0; 0; 0; 0; 0; 0; 73; 42; 2; 1; 0; 0; 0; 0; 0; 0; 0; 0; 0; 0; 0; 0; 0
1993;08; 0; 0; 0; 0; 0; 0; 0; 0; 0; 0; 0; 0; 0; 0; 0; 0; 0; 0; 0; 0; 0; 0; 0; 0; 205; 0; 0; 0; 0; 0; 0
1993;09; 0; 0; 0; 0; 4; 0; 0; 0; 5; 0; 31; 99; 0; 0; 17; 312; 155; 0; 0; 0; 0; 280; 146; 184; 174; 0; 40; 205; 0; 0; 9999
1993;10; 11; 392; 0; 104; 127; 94; 0; 0; 0; 0; 0; 0; 0; 0; 0; 150; 126; 0; 123; 71; 0; 0; 0; 140; 48; 0; 27; 0; 0; 0; 0
1993;11; 0; 0; 0; 0; 0; 0; 0; 77; 0; 0; 0; 0; 0; 0; 0; 0; 0; 58; 217; 16; 0; 0; 0; 29; 50; 0; 18; 0; 0; 0; 9999
1993;12; 0; 27; 49; 0; 82; 0; 0; 0; 17; 0; 187; 0; 0; 0; 0; 0; 213; 0; 0; 0; 15; 0; 0; 0; 113; 0; 0; 202; 18; 98; 11
1994;01; 8; 0; 0; 0; 13; 0; 0; 5; 0; 299; 0; 0; 620; 0; 0; 0; 0; 0; 64; 0; 0; 0; 492; 0; 30; 49; 1; 32; 17; 0; 0
1994;02; 38; 39; 0; 0; 460; 9999; 9999; 9999; 9999; 9999; 9999; 9999; 9999; 9999; 9999; 9999; 9999; 9999; 9999; 9999; 9999; 9999; 9999; 9999; 9999; 9999; 9999; 9999; 9999; 9999; 9999
1994;03; 9999; 9999; 9999; 9999; 9999; 9999; 9999; 9999; 9999; 9999; 9999; 9999; 9999; 9999; 9999; 9999; 9999; 9999; 9999; 9999; 9999; 9999; 9999; 9999; 9999; 9999; 9999; 9999; 9999; 9999; 9999
1994;04; 9999; 9999; 9999; 9999; 9999; 9999; 9999; 9999; 9999; 9999; 9999; 9999; 9999; 9999; 9999; 9999; 9999; 9999; 9999; 9999; 9999; 9999; 9999; 9999; 9999; 9999; 9999; 9999; 9999; 9999; 9999
1994;05; 9999; 9999; 9999; 9999; 9999; 9999; 9999; 9999; 9999; 9999; 9999; 9999; 9999; 9999; 9999; 9999; 9999; 9999; 9999; 9999; 9999; 9999; 9999; 9999; 9999; 9999; 9999; 5; 0; 0; 0
1994;06; 0; 0; 0; 0; 19; 0; 0; 0; 39; 0; 0; 0; 0; 0; 0; 0; 0; 0; 0; 0; 0; 93; 29; 0; 95; 0; 0; 0; 0; 0; 9999
1994;07; 0; 0; 0; 0; 0; 0; 0; 0; 32; 0; 0; 0; 0; 0; 0; 0; 0; 0; 0; 0; 0; 0; 72; 0; 0; 0; 0; 0; 0; 0; 0
1994;08; 0; 0; 0; 0; 0; 0; 0; 0; 0; 0; 5; 0; 0; 0; 0; 0; 0; 0; 0; 0; 0; 0; 0; 0; 0; 0; 0; 0; 0; 0; 0
1994;09; 0; 0; 0; 0; 0; 0; 0; 0; 0; 0; 0; 0; 0; 0; 0; 0; 0; 0; 0; 0; 0; 0; 0; 0; 0; 0; 92; 0; 0; 0; 9999
1994;10; 0; 0; 10; 0; 0; 0; 0; 0; 0; 0; 0; 0; 0; 0; 0; 95; 302; 193; 95; 59; 0; 0; 0; 10; 0; 282; 170; 0; 0; 0; 0
1994;11; 0; 0; 390; 0; 90; 80; 70; 128; 0; 60; 0; 0; 0; 0; 0; 22; 33; 70; 128; 0; 0; 0; 0; 0; 0; 0; 0; 0; 0; 0; 9999
1994;12; 127; 338; 130; 228; 218; 223; 428; 0; 0; 0; 0; 0; 0; 0; 128; 233; 110; 93; 214; 115; 0; 0; 0; 0; 22; 23; 118; 113; 0; 0; 115
1995;01; 238; 422; 335; 338; 221; 737; 822; 0; 0; 0; 0; 0; 239; 126; 125; 315; 112; 125; 315; 129; 27; 30; 118; 119; 215; 15; 18; 22; 113; 121; 70
1995;02; 318; 319; 217; 46; 219; 28; 314; 32; 218; 36; 413; 42; 312; 219; 0; 218; 219; 316; 217; 314; 514; 0; 0; 0; 0; 0; 0; 0; 9999; 9999; 9999
1995;03; 0; 0; 12; 201; 103; 0; 0; 201; 346; 301; 283; 108; 103; 202; 301; 0; 0; 0; 0; 203; 0; 0; 102; 0; 46; 202; 305; 208; 309; 232; 157
1995;04; 80; 0; 0; 5; 3; 0; 0; 0; 21; 23; 0; 5; 4; 0; 0; 3; 6; 0; 0; 2; 9; 5; 0; 463; 0; 0; 0; 0; 0; 0; 9999
1995;05; 0; 0; 0; 0; 0; 9; 2; 0; 0; 0; 0; 0; 0; 7; 0; 0; 0; 0; 0; 0; 8; 0; 0; 0; 0; 0; 0; 0; 0; 0; 0
1995;06; 0; 0; 0; 0; 0; 0; 0; 0; 0; 0; 0; 0; 0; 0; 0; 0; 0; 0; 0; 108; 0; 0; 0; 0; 0; 8; 0; 0; 0; 0; 9999
1995;07; 0; 0; 0; 0; 0; 0; 0; 198; 8; 103; 108; 0; 0; 0; 0; 0; 0; 0; 0; 0; 0; 0; 0; 0; 0; 0; 0; 0; 0; 0; 0
1995;08; 0; 0; 0; 0; 463; 0; 0; 0; 0; 0; 0; 0; 0; 0; 0; 0; 3; 0; 0; 0; 0; 0; 0; 0; 0; 0; 0; 0; 0; 0; 0
1995;09; 0; 0; 0; 0; 0; 0; 0; 0; 0; 0; 0; 0; 0; 0; 0; 0; 0; 0; 0; 0; 0; 0; 0; 0; 120; 150; 130; 120; 0; 0; 9999
1995;10; 0; 0; 0; 0; 0; 98; 0; 0; 0; 0; 0; 0; 281; 362; 463; 342; 0; 0; 8; 130; 123; 0; 0; 0; 0; 0; 0; 340; 102; 280; 130
1995;11; 200; 230; 130; 0; 0; 0; 0; 0; 9; 89; 77; 230; 90; 9; 103; 0; 0; 0; 0; 0; 0; 0; 89; 0; 0; 0; 0; 0; 0; 0; 9999
1995;12; 0; 0; 0; 108; 0; 0; 0; 0; 0; 0; 0; 0; 382; 308; 0; 0; 0; 0; 0; 0; 232; 0; 0; 108; 372; 2; 480; 108; 107; 103; 109
1996;01; 103; 105; 258; 323; 138; 275; 122; 25; 135; 88; 136; 20; 120; 0; 0; 2; 970; 3; 162; 136; 172; 0; 0; 3; 120; 180; 0; 102; 87; 0; 0
1996;02; 136; 127; 130; 138; 26; 102; 573; 0; 0; 0; 0; 227; 50; 80; 108; 0; 0; 0; 0; 102; 203; 108; 103; 0; 120; 180; 0; 102; 87; 9999; 9999
1996;03; 118; 127; 130; 138; 107; 94; 205; 258; 205; 142; 114; 0; 0; 163; 207; 318; 207; 108; 204; 308; 206; 0; 406; 203; 108; 304; 408; 203; 208; 307; 0
1996;04; 0; 0; 0; 0; 0; 0; 0; 0; 0; 0; 0; 86; 108; 0; 2; 0; 0; 0; 0; 0; 0; 80; 108; 0; 0; 0; 0; 0; 103; 0; 9999
1996;05; 108; 0; 0; 0; 0; 0; 0; 0; 0; 0; 0; 8; 0; 0; 0; 2; 0; 0; 0; 0; 0; 18; 0; 0; 0; 0; 0; 0; 0; 0; 0
1996;06; 0; 121; 59; 0; 0; 0; 0; 0; 0; 0; 0; 0; 0; 0; 0; 0; 0; 0; 0; 0; 0; 0; 0; 0; 0; 0; 0; 0; 128; 0; 9999
1996;07; 0; 0; 28; 21; 30; 0; 0; 0; 0; 18; 0; 2; 0; 0; 0; 0; 0; 0; 0; 0; 0; 0; 0; 0; 0; 0; 0; 28; 38; 0; 0
1996;08; 0; 0; 0; 0; 0; 2; 3; 0; 0; 0; 0; 0; 203; 0; 0; 0; 0; 0; 0; 0; 0; 0; 0; 0; 0; 0; 0; 0; 4; 0; 0
1996;09; 0; 0; 179; 2; 3; 5; 309; 203; 136; 208; 555; 308; 0; 0; 71; 0; 308; 309; 0; 0; 0; 0; 0; 0; 41; 0; 3; 0; 0; 8; 9999
1996;10; 0; 0; 375; 0; 0; 108; 0; 0; 0; 0; 87; 0; 0; 66; 40; 0; 0; 0; 0; 157; 87; 0; 0; 0; 102; 0; 66; 203; 386; 66; 40
1996;11; 50; 0; 0; 0; 163; 0; 0; 0; 0; 0; 3; 7; 0; 170; 0; 10; 318; 0; 380; 228; 318; 236; 48; 0; 0; 0; 0; 0; 0; 0; 9999
1996;12; 9999; 9999; 9999; 9999; 9999; 206; 0; 0; 0; 0; 0; 0; 0; 108; 208; 0; 0; 0; 0; 0; 87; 108; 125; 210; 208; 0; 0; 0; 4; 136; 133
1997;01; 0; 138; 2; 3; 208; 100; 138; 257; 44; 108; 257; 58; 136; 78; 228; 158; 148; 136; 0; 138; 3; 0; 153; 227; 78; 138; 235; 7; 0; 0; 108
1997;02; 102; 0; 0; 136; 0; 0; 0; 0; 106; 0; 0; 3; 0; 0; 7; 203; 0; 107; 106; 109; 0; 0; 136; 0; 0; 0; 0; 0; 9999; 9999; 9999
1997;03; 0; 0; 0; 194; 0; 186; 0; 325; 0; 0; 0; 0; 0; 0; 425; 132; 32; 0; 0; 0; 0; 0; 0; 0; 0; 0; 0; 0; 0; 0; 3
1997;04; 102; 208; 0; 0; 0; 6; 0; 0; 0; 0; 0; 0; 0; 0; 0; 0; 0; 0; 0; 203; 2; 3; 0; 0; 0; 0; 0; 0; 0; 0; 9999
1997;05; 0; 0; 0; 0; 0; 0; 0; 0; 0; 0; 0; 0; 0; 0; 0; 0; 0; 0; 0; 0; 0; 2; 0; 0; 102; 108; 3; 2; 0; 108; 0
1997;06; 0; 0; 0; 0; 370; 158; 0; 0; 170; 0; 0; 0; 0; 108; 136; 198; 0; 0; 58; 68; 0; 0; 0; 0; 0; 2; 0; 0; 0; 0; 9999
1997;07; 0; 0; 0; 0; 0; 0; 0; 0; 0; 0; 0; 0; 0; 0; 0; 0; 0; 0; 0; 0; 0; 136; 0; 0; 0; 0; 0; 0; 0; 0; 0
1997;08; 0; 0; 0; 0; 0; 2; 0; 0; 0; 8; 0; 0; 0; 0; 0; 0; 0; 0; 0; 0; 0; 0; 0; 52; 0; 0; 0; 0; 0; 0; 0
1997;09; 0; 0; 0; 0; 0; 0; 0; 0; 0; 0; 0; 0; 0; 0; 0; 192; 159; 0; 0; 0; 197; 0; 0; 110; 20; 115; 108; 110; 21; 18; 9999
1997;10; 103; 138; 0; 0; 0; 0; 78; 0; 0; 0; 0; 0; 0; 0; 0; 8; 0; 87; 0; 0; 0; 3; 103; 150; 108; 102; 0; 3; 0; 0; 0
1997;11; 0; 8; 0; 2; 0; 0; 0; 0; 0; 0; 0; 0; 0; 108; 257; 105; 220; 108; 109; 136; 0; 209; 220; 258; 102; 122; 107; 109; 202; 263; 9999
1997;12; 109; 218; 238; 201; 555; 0; 0; 0; 21; 0; 0; 0; 215; 0; 63; 86; 0; 108; 109; 215; 0; 0; 107; 218; 103; 136; 0; 0; 108; 120; 0
