33
Ano,Mes,1,2,3,4,5,6,7,8,9,10,11,12,13,14,15,16,17,18,19,20,21,22,23,24,25,26,27,28,29,30,31
1940;11; 0; 0; 0; 0; 118; 16; 2; 0; 25; 0; 271; 51; 23; 150; 190; 24; 75; 2; 0; 0; 0; 0; 0; 0; 0; 30; 245; 139; 24; 0; 9999
1940;12; 0; 2; 65; 0; 45; 0; 0; 0; 1; 0; 204; 80; 0; 0; 0; 630; 25; 30; 3; 40; 45; 605; 236; 0; 0; 0; 65; 0; 10; 51; 63
1941;01; 240; 25; 0; 63; 89; 0; 0; 0; 0; 740; 170; 20; 1; 140; 15; 120; 3; 0; 0; 0; 0; 0; 203; 53; 180; 0; 0; 0; 0; 5; 455
1941;02; 0; 0; 51; 343; 0; 1; 36; 79; 2; 0; 0; 0; 0; 0; 0; 0; 0; 112; 400; 0; 0; 0; 190; 500; 220; 176; 2; 0; 9999; 9999; 9999
1941;03; 0; 0; 100; 0; 110; 0; 0; 0; 0; 0; 0; 182; 0; 70; 262; 0; 245; 15; 0; 0; 0; 61; 155; 20; 499; 39; 0; 0; 0; 0; 0
1941;04; 0; 6; 10; 21; 0; 0; 0; 0; 6; 0; 0; 34; 2; 0; 10; 0; 67; 10; 0; 0; 0; 0; 0; 0; 0; 0; 0; 0; 0; 0; 9999
1941;05; 0; 0; 0; 0; 0; 0; 3; 0; 0; 0; 0; 0; 0; 0; 0; 185; 460; 10; 0; 0; 0; 0; 0; 0; 0; 0; 0; 105; 0; 0; 0
1941;06; 0; 0; 0; 0; 0; 0; 1; 0; 0; 0; 0; 0; 80; 2; 0; 0; 1; 0; 0; 0; 0; 0; 2; 0; 0; 210; 220; 6; 0; 0; 9999
1941;07; 0; 0; 0; 1; 0; 6; 1; 1; 90; 0; 6; 1; 0; 1; 0; 136; 203; 10; 0; 0; 0; 0; 0; 0; 0; 0; 0; 0; 0; 0; 0
1941;08; 0; 0; 0; 0; 3; 9; 1; 0; 1; 0; 0; 0; 0; 0; 27; 53; 2; 80; 0; 0; 10; 0; 0; 3; 0; 0; 0; 0; 0; 0; 0
1941;09; 0; 0; 95; 450; 1; 27; 288; 0; 1; 1; 23; 250; 0; 563; 150; 20; 0; 102; 2; 2; 146; 145; 10; 170; 133; 5; 323; 100; 0; 0; 9999
1941;10; 60; 170; 2; 3; 0; 115; 50; 270; 90; 2; 0; 0; 0; 0; 0; 0; 198; 3; 0; 0; 0; 22; 0; 0; 0; 0; 0; 0; 0; 0; 0
1941;11; 205; 0; 0; 5; 69; 140; 117; 0; 0; 0; 0; 0; 110; 0; 0; 410; 23; 10; 10; 0; 165; 55; 0; 0; 0; 4; 100; 85; 0; 51; 9999
1941;12; 85; 12; 0; 0; 55; 0; 127; 6; 80; 70; 70; 0; 155; 150; 0; 375; 0; 300; 21; 87; 0; 20; 260; 0; 0; 0; 0; 0; 125; 90; 113
1942;01; 235; 0; 0; 0; 0; 113; 0; 0; 0; 3; 244; 0; 0; 110; 70; 780; 0; 260; 0; 0; 32; 0; 0; 0; 49; 0; 24; 15; 0; 133; 50
1942;02; 50; 39; 190; 270; 0; 0; 0; 260; 470; 0; 96; 200; 253; 20; 3; 173; 59; 21; 132; 31; 56; 0; 0; 0; 0; 35; 0; 302; 9999; 9999; 9999
1942;03; 23; 0; 25; 61; 0; 0; 0; 0; 0; 11; 0; 270; 160; 0; 0; 0; 5; 0; 0; 0; 0; 0; 0; 0; 0; 260; 0; 0; 0; 280; 260
1942;04; 0; 0; 0; 0; 0; 0; 0; 60; 80; 0; 0; 0; 0; 20; 50; 45; 25; 20; 0; 150; 350; 0; 0; 25; 25; 10; 0; 0; 0; 0; 9999
1942;05; 0; 0; 0; 10; 66; 26; 41; 84; 0; 0; 0; 0; 0; 0; 0; 0; 0; 0; 0; 0; 0; 15; 0; 0; 0; 0; 0; 0; 0; 0; 0
1942;06; 0; 0; 0; 0; 0; 0; 0; 0; 55; 35; 410; 11; 0; 0; 0; 58; 200; 0; 10; 5; 0; 10; 1; 0; 0; 0; 7; 0; 0; 0; 9999
1942;07; 0; 0; 0; 400; 120; 10; 0; 0; 3; 340; 185; 15; 0; 0; 0; 0; 0; 0; 0; 50; 0; 60; 0; 0; 0; 0; 0; 0; 0; 0; 0
1942;08; 0; 0; 0; 10; 0; 0; 0; 20; 0; 0; 0; 10; 1; 0; 0; 1; 1; 1; 0; 1; 0; 0; 10; 0; 0; 15; 0; 15; 0; 0; 0
1942;09; 0; 0; 0; 0; 0; 62; 0; 10; 0; 0; 0; 0; 0; 0; 0; 20; 120; 0; 140; 0; 0; 0; 0; 20; 250; 0; 0; 0; 0; 0; 9999
1942;10; 0; 0; 30; 6; 0; 0; 0; 0; 1; 0; 0; 0; 0; 16; 0; 0; 0; 0; 0; 0; 0; 0; 30; 35; 2; 50; 145; 0; 0; 0; 0
1942;11; 15; 0; 0; 0; 0; 0; 0; 0; 110; 0; 0; 0; 0; 130; 0; 0; 55; 420; 30; 0; 255; 0; 0; 0; 0; 110; 190; 340; 0; 100; 9999
1942;12; 120; 110; 80; 0; 0; 0; 0; 140; 660; 0; 10; 0; 0; 111; 450; 20; 125; 15; 0; 0; 60; 90; 120; 195; 324; 183; 271; 0; 0; 15; 0
1943;01; 0; 0; 0; 270; 30; 0; 0; 30; 7; 0; 0; 35; 10; 220; 30; 0; 0; 0; 250; 470; 50; 55; 0; 0; 240; 0; 0; 480; 0; 80; 211
1943;02; 130; 60; 10; 4; 0; 0; 0; 0; 0; 659; 66; 0; 0; 0; 75; 230; 115; 50; 40; 0; 44; 0; 0; 0; 100; 0; 0; 446; 9999; 9999; 9999
1943;03; 0; 100; 1; 0; 10; 120; 150; 140; 0; 0; 30; 60; 10; 1100; 10; 10; 0; 0; 10; 0; 0; 0; 0; 0; 20; 10; 0; 620; 0; 0; 33
1943;04; 0; 0; 0; 0; 0; 0; 0; 0; 0; 0; 80; 0; 0; 0; 10; 430; 0; 0; 0; 20; 0; 0; 0; 10; 0; 0; 0; 20; 5; 10; 9999
1943;05; 10; 1; 10; 10; 1; 10; 50; 0; 0; 0; 0; 0; 0; 0; 0; 0; 0; 20; 0; 0; 0; 0; 0; 0; 0; 0; 0; 0; 0; 0; 0
1943;06; 0; 0; 0; 0; 0; 0; 0; 220; 20; 80; 10; 1; 1; 10; 1; 0; 0; 42; 12; 0; 0; 10; 10; 1; 0; 0; 0; 0; 0; 0; 9999
1943;07; 0; 0; 0; 0; 0; 40; 15; 0; 0; 0; 0; 0; 0; 0; 0; 0; 0; 0; 0; 10; 0; 0; 0; 0; 0; 0; 0; 0; 0; 0; 0
1943;08; 0; 0; 0; 0; 0; 0; 0; 0; 0; 0; 0; 0; 0; 0; 0; 0; 0; 0; 0; 0; 0; 0; 30; 330; 30; 10; 0; 0; 0; 1; 0
1943;09; 0; 0; 0; 0; 0; 0; 0; 0; 0; 33; 0; 0; 0; 220; 10; 10; 0; 0; 0; 0; 0; 110; 130; 0; 130; 0; 0; 0; 0; 0; 9999
1943;10; 0; 0; 0; 45; 210; 70; 1; 1; 10; 250; 70; 210; 15; 330; 140; 15; 0; 0; 0; 0; 430; 110; 200; 30; 0; 0; 11; 310; 240; 10; 0
1943;11; 40; 60; 0; 0; 0; 0; 0; 0; 0; 0; 0; 110; 0; 0; 0; 0; 0; 0; 220; 0; 0; 0; 0; 0; 200; 0; 0; 0; 0; 130; 9999
1943;12; 110; 10; 0; 0; 0; 0; 0; 0; 0; 0; 0; 100; 0; 0; 0; 180; 55; 0; 0; 50; 25; 110; 410; 150; 10; 0; 0; 0; 0; 30; 300
1944;01; 51; 100; 0; 0; 0; 0; 0; 0; 0; 0; 0; 360; 90; 31; 0; 0; 40; 0; 0; 0; 60; 200; 9; 0; 0; 0; 0; 0; 0; 0; 50
1944;02; 80; 0; 130; 3; 0; 0; 3; 0; 90; 0; 0; 0; 0; 0; 160; 190; 70; 380; 300; 320; 100; 50; 500; 0; 100; 650; 20; 0; 0; 9999; 9999
1944;03; 50; 100; 0; 0; 0; 0; 0; 0; 0; 0; 0; 960; 20; 31; 90; 0; 30; 40; 0; 0; 0; 0; 60; 200; 9; 0; 0; 0; 0; 0; 20
1944;04; 0; 0; 90; 0; 0; 0; 0; 0; 0; 0; 15; 50; 0; 0; 0; 0; 10; 110; 3; 70; 0; 0; 0; 0; 0; 0; 0; 0; 0; 3; 9999
1944;05; 0; 0; 0; 0; 0; 0; 0; 0; 0; 10; 80; 0; 0; 0; 0; 0; 10; 20; 0; 0; 0; 31; 61; 15; 0; 0; 0; 10; 10; 10; 10
1944;06; 1; 0; 0; 10; 0; 0; 0; 0; 0; 0; 0; 0; 1; 0; 0; 0; 0; 120; 0; 0; 0; 0; 0; 0; 0; 0; 50; 0; 0; 0; 9999
1944;07; 0; 0; 0; 0; 0; 0; 30; 0; 0; 200; 30; 140; 200; 280; 0; 0; 1; 2; 0; 0; 31; 65; 0; 0; 10; 0; 0; 0; 0; 0; 0
1944;08; 0; 0; 0; 0; 0; 0; 0; 0; 0; 0; 0; 0; 0; 0; 0; 0; 0; 0; 1; 0; 0; 1; 1; 1; 1; 0; 0; 0; 0; 0; 0
1944;09; 2; 1; 10; 0; 0; 0; 0; 0; 0; 0; 0; 0; 0; 0; 0; 0; 0; 0; 0; 0; 0; 0; 0; 0; 0; 10; 10; 0; 0; 0; 9999
1944;10; 0; 0; 0; 0; 0; 0; 0; 0; 0; 2; 0; 0; 55; 65; 0; 0; 75; 0; 0; 1; 0; 0; 0; 0; 0; 290; 30; 1; 1; 1; 0
1944;11; 0; 0; 0; 200; 30; 130; 220; 230; 0; 0; 0; 0; 30; 115; 150; 0; 0; 0; 0; 0; 100; 400; 30; 100; 100; 100; 0; 30; 0; 0; 9999
1944;12; 130; 10; 200; 30; 0; 0; 0; 0; 0; 140; 20; 0; 0; 0; 0; 0; 0; 50; 0; 0; 0; 0; 0; 0; 110; 20; 40; 0; 0; 0; 0
1945;01; 0; 300; 50; 55; 50; 70; 0; 0; 0; 0; 0; 0; 0; 40; 0; 0; 200; 0; 0; 0; 0; 30; 20; 50; 10; 30; 20; 190; 50; 20; 1000
1945;02; 390; 80; 200; 0; 0; 0; 70; 80; 0; 0; 0; 100; 0; 0; 0; 0; 65; 50; 200; 450; 50; 70; 0; 0; 0; 0; 0; 90; 9999; 9999; 9999
1945;03; 0; 0; 75; 110; 0; 4; 40; 50; 120; 0; 0; 0; 100; 0; 20; 0; 0; 0; 0; 0; 0; 0; 800; 500; 50; 0; 0; 0; 0; 0; 0
1945;04; 0; 0; 400; 0; 110; 0; 0; 0; 0; 100; 80; 0; 0; 0; 150; 0; 0; 0; 0; 220; 0; 0; 0; 0; 0; 0; 0; 0; 0; 73; 9999
1945;05; 10; 0; 0; 0; 0; 0; 0; 0; 0; 0; 10; 50; 0; 0; 0; 5; 0; 100; 0; 0; 0; 0; 0; 0; 0; 0; 0; 190; 0; 0; 0
1945;06; 0; 0; 0; 0; 5; 120; 0; 0; 0; 0; 1; 2; 1; 1; 1; 0; 0; 0; 0; 230; 520; 0; 270; 0; 0; 0; 0; 0; 0; 0; 9999
1945;07; 0; 0; 1; 1; 1; 0; 0; 0; 120; 100; 15; 21; 0; 1; 1; 2; 1; 0; 0; 0; 0; 0; 0; 0; 0; 0; 0; 0; 0; 0; 0
1945;08; 0; 0; 0; 0; 0; 0; 0; 0; 0; 0; 0; 0; 0; 0; 0; 0; 0; 0; 0; 0; 0; 0; 0; 0; 0; 0; 0; 30; 0; 0; 2
1945;09; 0; 0; 5; 0; 0; 0; 0; 0; 0; 0; 0; 0; 0; 0; 0; 0; 0; 0; 0; 0; 0; 0; 130; 0; 0; 0; 0; 0; 0; 30; 9999
1945;10; 30; 30; 30; 30; 120; 0; 2; 0; 10; 0; 0; 0; 0; 0; 0; 0; 0; 0; 0; 0; 0; 0; 0; 0; 0; 0; 0; 0; 0; 30; 0
1945;11; 280; 150; 3; 2; 100; 50; 4; 0; 120; 0; 0; 0; 0; 210; 100; 0; 0; 70; 0; 0; 110; 30; 0; 0; 0; 3; 70; 0; 0; 0; 9999
1945;12; 100; 200; 300; 500; 300; 300; 3; 5; 50; 0; 0; 50; 7; 200; 160; 30; 0; 0; 0; 0; 2; 0; 0; 0; 0; 0; 480; 200; 150; 150; 250
1946;01; 0; 2; 100; 70; 150; 350; 60; 100; 290; 50; 40; 0; 0; 290; 0; 5; 5; 60; 100; 0; 0; 0; 300; 0; 900; 4; 300; 0; 100; 3; 5
1946;02; 120; 450; 0; 0; 0; 0; 100; 0; 100; 0; 130; 0; 0; 2; 0; 0; 1; 5; 200; 120; 0; 120; 0; 50; 150; 70; 0; 0; 9999; 9999; 9999
1946;03; 0; 100; 130; 5; 300; 3; 2; 0; 0; 50; 0; 80; 150; 200; 0; 90; 0; 50; 0; 0; 100; 50; 250; 0; 0; 80; 0; 0; 0; 0; 0
1946;04; 100; 0; 0; 0; 0; 0; 0; 0; 0; 0; 0; 0; 3; 0; 0; 10; 5; 0; 0; 0; 0; 0; 0; 0; 0; 0; 0; 0; 0; 0; 9999
1946;05; 0; 0; 50; 0; 0; 0; 0; 0; 0; 0; 30; 0; 0; 0; 0; 0; 0; 0; 0; 0; 2; 0; 0; 0; 3; 0; 0; 0; 0; 0; 3
1946;06; 0; 310; 200; 9; 0; 0; 0; 0; 20; 1; 0; 2; 0; 0; 2; 0; 0; 0; 2; 0; 0; 0; 2; 0; 0; 0; 1; 0; 0; 0; 9999
1946;07; 0; 0; 0; 60; 0; 0; 0; 0; 0; 0; 0; 60; 0; 120; 300; 90; 0; 0; 0; 0; 3; 0; 10; 0; 0; 0; 0; 0; 0; 0; 0
1946;08; 0; 0; 0; 2; 2; 10; 0; 0; 0; 10; 0; 0; 0; 0; 0; 0; 2; 0; 0; 3; 0; 0; 0; 2; 0; 2; 0; 0; 0; 0; 1
1946;09; 0; 0; 0; 0; 0; 0; 0; 0; 0; 0; 0; 0; 0; 0; 0; 60; 0; 0; 0; 0; 0; 0; 2; 0; 0; 10; 0; 0; 20; 2; 9999
1946;10; 0; 0; 0; 0; 0; 0; 40; 60; 0; 0; 0; 10; 70; 0; 60; 70; 20; 280; 300; 4; 8; 350; 0; 0; 0; 4; 0; 0; 0; 2; 0
1946;11; 60; 140; 50; 0; 0; 130; 170; 400; 120; 0; 0; 0; 0; 0; 0; 0; 0; 0; 0; 0; 0; 0; 0; 0; 300; 0; 0; 20; 130; 0; 9999
1946;12; 0; 0; 0; 0; 10; 30; 20; 120; 130; 70; 40; 0; 0; 0; 2; 0; 0; 0; 0; 0; 120; 50; 0; 200; 0; 210; 0; 0; 0; 40; 10
1947;01; 150; 40; 0; 200; 20; 1; 0; 0; 20; 4; 0; 0; 80; 350; 0; 0; 0; 600; 520; 220; 0; 0; 0; 260; 0; 190; 600; 80; 350; 0; 0
1947;02; 0; 60; 0; 0; 0; 0; 0; 0; 0; 270; 940; 0; 0; 3; 200; 30; 210; 20; 40; 30; 3; 0; 210; 130; 2; 480; 290; 400; 9999; 9999; 9999
1947;03; 300; 210; 780; 110; 130; 1; 0; 0; 0; 20; 0; 0; 20; 0; 210; 0; 0; 0; 70; 60; 0; 1; 0; 0; 0; 0; 0; 0; 0; 0; 0
1947;04; 0; 0; 0; 0; 0; 80; 2; 200; 0; 0; 140; 4; 0; 0; 0; 0; 0; 5; 80; 0; 0; 0; 0; 0; 0; 0; 0; 0; 0; 0; 9999
1947;05; 0; 0; 140; 0; 0; 0; 0; 0; 90; 4; 0; 0; 0; 0; 0; 0; 0; 200; 600; 50; 0; 0; 0; 20; 4; 0; 0; 0; 0; 0; 0
1947;06; 0; 0; 0; 0; 0; 0; 0; 0; 0; 0; 0; 0; 0; 0; 180; 130; 50; 40; 0; 0; 0; 0; 0; 0; 0; 0; 0; 0; 2; 0; 9999
1947;07; 0; 0; 0; 30; 60; 0; 0; 100; 260; 0; 0; 0; 1; 0; 0; 0; 0; 0; 0; 0; 4; 0; 0; 0; 0; 0; 50; 340; 0; 0; 100
1947;08; 220; 0; 0; 0; 0; 0; 0; 9; 3; 10; 40; 30; 3; 0; 0; 0; 0; 0; 0; 2; 0; 0; 0; 0; 0; 1; 80; 30; 0; 0; 0
1947;09; 80; 0; 50; 0; 0; 80; 0; 0; 5; 0; 0; 0; 0; 0; 0; 0; 40; 0; 50; 0; 0; 0; 0; 140; 500; 130; 0; 0; 0; 0; 9999
1947;10; 30; 0; 300; 0; 0; 0; 0; 0; 60; 0; 0; 0; 0; 0; 0; 0; 0; 0; 10; 20; 30; 5; 220; 190; 0; 0; 0; 0; 3; 0; 30
1947;11; 210; 2; 140; 0; 0; 0; 0; 0; 0; 0; 0; 100; 40; 0; 0; 0; 0; 0; 0; 0; 0; 0; 3; 160; 0; 280; 40; 2; 0; 0; 9999
1947;12; 40; 50; 10; 0; 0; 0; 0; 0; 0; 600; 140; 10; 140; 0; 0; 140; 10; 80; 800; 900; 100; 110; 1; 150; 0; 0; 0; 0; 220; 0; 0
1948;01; 0; 0; 10; 90; 0; 0; 20; 200; 50; 450; 0; 0; 220; 250; 500; 250; 20; 0; 0; 0; 0; 600; 30; 0; 50; 0; 70; 0; 110; 0; 0
1948;02; 50; 0; 0; 0; 450; 200; 0; 0; 300; 400; 20; 0; 0; 0; 0; 0; 0; 0; 40; 270; 340; 0; 0; 0; 0; 0; 350; 140; 0; 9999; 9999
1948;03; 60; 40; 0; 0; 1; 0; 0; 0; 0; 700; 400; 40; 500; 240; 0; 0; 0; 300; 0; 0; 0; 0; 80; 100; 300; 0; 0; 0; 0; 0; 80
1948;04; 2; 3; 400; 6; 0; 0; 0; 0; 20; 0; 0; 0; 1; 0; 0; 0; 0; 0; 20; 20; 80; 0; 0; 0; 0; 0; 0; 0; 0; 0; 9999
1948;05; 10; 1; 290; 30; 0; 0; 0; 0; 0; 0; 0; 0; 0; 0; 0; 3; 230; 0; 0; 0; 0; 0; 0; 0; 0; 10; 0; 80; 10; 50; 40
1948;06; 0; 60; 0; 1; 0; 0; 0; 0; 0; 0; 0; 0; 1; 0; 0; 0; 0; 0; 0; 0; 0; 0; 0; 0; 0; 0; 0; 4; 0; 0; 9999
1948;07; 0; 0; 50; 0; 0; 0; 0; 0; 0; 0; 0; 0; 0; 10; 30; 0; 0; 0; 10; 0; 0; 0; 40; 20; 0; 0; 4; 180; 0; 0; 70
1948;08; 1; 30; 40; 1; 0; 30; 200; 300; 2; 0; 40; 2; 0; 0; 0; 0; 0; 0; 0; 0; 0; 0; 0; 0; 0; 0; 0; 0; 20; 1; 2
1948;09; 0; 0; 0; 0; 0; 0; 0; 0; 0; 0; 240; 10; 0; 0; 0; 0; 0; 0; 0; 0; 1; 0; 0; 0; 0; 0; 0; 0; 0; 10; 9999
1948;10; 0; 0; 160; 150; 60; 30; 10; 0; 0; 140; 3; 210; 0; 0; 10; 0; 0; 0; 0; 0; 0; 0; 0; 30; 8; 0; 70; 160; 0; 0; 8
1948;11; 0; 0; 0; 0; 0; 130; 40; 10; 0; 0; 30; 10; 2; 0; 0; 40; 0; 0; 0; 350; 0; 0; 0; 0; 0; 400; 20; 0; 0; 0; 9999
1948;12; 0; 0; 0; 0; 1; 130; 40; 1; 0; 0; 30; 10; 0; 0; 0; 40; 0; 0; 0; 350; 0; 0; 0; 0; 0; 400; 20; 0; 0; 0; 0
1949;01; 0; 270; 0; 140; 0; 0; 160; 180; 220; 540; 900; 0; 0; 60; 0; 40; 160; 2; 10; 0; 0; 0; 0; 0; 0; 80; 4; 2; 80; 0; 50
1949;02; 0; 3; 650; 0; 0; 100; 50; 900; 10; 0; 0; 0; 0; 0; 910; 320; 140; 120; 30; 40; 0; 0; 0; 0; 0; 0; 0; 0; 9999; 9999; 9999
1949;03; 10; 0; 40; 0; 0; 120; 140; 0; 0; 0; 0; 0; 0; 0; 0; 0; 0; 0; 350; 170; 0; 150; 50; 200; 0; 0; 0; 0; 3; 190; 1
1949;04; 820; 270; 20; 30; 0; 0; 0; 0; 0; 0; 0; 0; 0; 0; 0; 0; 0; 0; 0; 0; 0; 0; 29; 10; 0; 0; 0; 0; 0; 0; 9999
1949;05; 0; 0; 0; 0; 0; 0; 80; 0; 1; 0; 300; 100; 0; 0; 3; 1; 0; 0; 0; 0; 0; 1; 0; 0; 2; 0; 0; 0; 0; 3; 0
1949;06; 0; 0; 0; 0; 160; 0; 0; 0; 0; 0; 0; 0; 0; 0; 180; 1; 6; 4; 0; 0; 0; 0; 0; 0; 60; 50; 0; 0; 9; 0; 9999
1949;07; 0; 0; 0; 2; 1; 40; 0; 0; 0; 0; 0; 0; 0; 0; 0; 0; 10; 40; 0; 80; 0; 0; 0; 80; 0; 0; 0; 0; 0; 0; 0
1949;08; 0; 0; 0; 0; 1; 0; 0; 0; 0; 20; 0; 0; 0; 0; 0; 0; 0; 0; 0; 0; 20; 0; 0; 0; 0; 3; 0; 0; 0; 0; 0
1949;09; 0; 80; 4; 0; 0; 20; 0; 0; 0; 0; 0; 0; 0; 0; 0; 0; 0; 0; 0; 0; 0; 0; 0; 0; 0; 0; 40; 1; 0; 0; 9999
1949;10; 0; 0; 0; 0; 0; 50; 2; 0; 0; 0; 50; 0; 0; 0; 0; 140; 60; 80; 0; 0; 0; 0; 0; 0; 0; 4; 2; 0; 0; 0; 0
1949;11; 0; 0; 0; 0; 0; 140; 120; 1; 280; 0; 0; 0; 0; 0; 0; 0; 0; 0; 50; 0; 140; 40; 0; 0; 0; 0; 0; 0; 0; 90; 9999
1949;12; 50; 500; 300; 0; 0; 120; 160; 30; 0; 0; 0; 420; 10; 6; 220; 200; 0; 0; 0; 0; 0; 0; 0; 500; 0; 0; 0; 160; 0; 0; 0
1950;01; 0; 50; 30; 0; 190; 20; 100; 0; 0; 0; 0; 70; 150; 0; 0; 0; 0; 960; 350; 80; 5; 350; 0; 160; 0; 0; 0; 0; 0; 200; 160
1950;02; 3; 20; 100; 80; 100; 200; 380; 280; 0; 0; 0; 0; 0; 0; 230; 60; 400; 70; 0; 0; 0; 260; 3; 180; 0; 0; 0; 0; 9999; 9999; 9999
1950;03; 0; 0; 0; 0; 0; 0; 370; 350; 140; 280; 400; 0; 0; 0; 0; 60; 120; 600; 280; 500; 50; 0; 0; 0; 0; 0; 0; 0; 0; 50; 5
1950;04; 3; 380; 0; 0; 0; 0; 0; 0; 0; 0; 100; 280; 100; 110; 0; 0; 50; 90; 0; 0; 0; 0; 0; 0; 0; 70; 180; 0; 0; 0; 9999
1950;05; 0; 0; 0; 0; 0; 0; 0; 0; 0; 0; 0; 0; 0; 1; 0; 0; 0; 0; 0; 0; 0; 0; 0; 0; 0; 80; 4; 0; 0; 0; 3
1950;06; 0; 0; 0; 0; 0; 200; 40; 1; 0; 0; 0; 0; 0; 0; 0; 10; 0; 0; 0; 100; 0; 0; 0; 0; 0; 0; 0; 0; 0; 0; 9999
1950;07; 280; 10; 2; 10; 0; 0; 0; 0; 0; 5; 0; 0; 0; 0; 0; 0; 0; 0; 0; 0; 0; 0; 0; 0; 0; 0; 0; 0; 0; 0; 0
1950;08; 0; 0; 0; 0; 0; 0; 0; 0; 0; 0; 0; 0; 0; 0; 0; 0; 0; 0; 0; 0; 0; 0; 0; 0; 0; 0; 0; 0; 0; 0; 0
1950;09; 0; 0; 0; 0; 0; 0; 0; 0; 0; 0; 0; 0; 10; 0; 0; 0; 0; 0; 0; 0; 50; 240; 110; 20; 60; 0; 0; 0; 0; 0; 9999
1950;10; 100; 5; 4; 300; 0; 0; 230; 40; 60; 210; 490; 0; 0; 200; 0; 0; 0; 260; 180; 50; 0; 0; 0; 0; 0; 0; 0; 0; 0; 10; 30
1950;11; 0; 0; 0; 0; 0; 0; 8; 10; 0; 0; 0; 120; 10; 0; 30; 250; 50; 0; 6; 0; 0; 320; 0; 0; 0; 51; 80; 190; 0; 0; 9999
1950;12; 0; 0; 0; 150; 160; 10; 40; 0; 220; 5; 20; 10; 60; 200; 4; 0; 0; 0; 0; 0; 0; 0; 1; 0; 0; 0; 60; 300; 10; 0; 0
1951;01; 10; 21; 410; 150; 110; 90; 160; 0; 2; 30; 0; 0; 70; 610; 0; 10; 320; 80; 50; 160; 0; 0; 0; 70; 340; 130; 30; 1; 10; 0; 0
1951;02; 4; 490; 0; 2; 20; 40; 340; 0; 20; 40; 0; 3; 130; 310; 10; 290; 220; 0; 210; 0; 250; 10; 30; 20; 40; 2; 10; 40; 9999; 9999; 9999
1951;03; 0; 0; 0; 20; 20; 200; 100; 2; 4; 0; 90; 60; 20; 230; 0; 80; 110; 60; 1; 0; 0; 3; 10; 20; 50; 0; 0; 10; 70; 0; 0
1951;04; 400; 160; 10; 3; 0; 0; 0; 0; 0; 0; 0; 0; 30; 30; 8; 0; 0; 0; 0; 0; 26; 0; 0; 0; 0; 0; 0; 4; 0; 0; 9999
1951;05; 0; 40; 20; 2; 0; 0; 0; 0; 0; 0; 0; 0; 0; 0; 0; 0; 0; 90; 3; 0; 0; 0; 0; 0; 0; 0; 0; 0; 180; 2; 30
1951;06; 0; 40; 20; 2; 0; 0; 0; 90; 3; 0; 0; 0; 0; 0; 0; 0; 0; 0; 0; 0; 0; 0; 0; 0; 0; 0; 0; 0; 180; 2; 9999
1951;07; 3; 0; 2; 4; 30; 0; 0; 0; 0; 0; 0; 0; 0; 0; 0; 0; 0; 0; 0; 0; 0; 0; 0; 0; 200; 40; 0; 0; 0; 2; 0
1951;08; 0; 0; 5; 290; 2; 1; 0; 0; 0; 0; 0; 0; 0; 0; 0; 0; 0; 0; 0; 0; 250; 130; 30; 0; 0; 0; 0; 20; 90; 0; 0
1951;09; 0; 0; 0; 0; 0; 0; 0; 0; 0; 0; 0; 0; 0; 0; 0; 0; 2; 10; 4; 0; 0; 0; 0; 0; 0; 0; 20; 0; 0; 0; 9999
1951;10; 1; 0; 0; 0; 50; 0; 0; 0; 0; 10; 0; 0; 50; 400; 1; 0; 210; 0; 310; 190; 6; 0; 0; 0; 220; 30; 0; 20; 0; 0; 0
1951;11; 0; 0; 0; 3; 10; 1; 0; 0; 0; 0; 0; 0; 0; 0; 40; 0; 0; 90; 50; 20; 0; 0; 190; 460; 290; 0; 220; 0; 0; 0; 9999
1951;12; 0; 220; 0; 0; 60; 280; 0; 0; 0; 490; 10; 0; 0; 0; 100; 70; 0; 0; 0; 0; 80; 10; 0; 0; 0; 0; 0; 0; 0; 70; 480
1952;01; 160; 480; 120; 0; 0; 0; 700; 50; 0; 0; 0; 120; 90; 50; 250; 70; 360; 290; 20; 0; 0; 0; 0; 50; 0; 0; 0; 0; 0; 0; 100
1952;02; 0; 410; 30; 60; 80; 150; 100; 0; 0; 0; 250; 100; 330; 0; 0; 0; 0; 100; 20; 30; 110; 70; 0; 580; 280; 0; 0; 0; 0; 9999; 9999
1952;03; 0; 0; 0; 0; 0; 0; 0; 20; 10; 30; 80; 350; 30; 240; 110; 100; 0; 0; 70; 0; 0; 0; 0; 80; 100; 240; 0; 0; 0; 0; 20
1952;04; 0; 0; 0; 0; 0; 0; 0; 0; 0; 0; 80; 5; 0; 0; 0; 0; 0; 0; 0; 0; 0; 0; 30; 0; 0; 0; 0; 0; 0; 0; 9999
1952;05; 10; 0; 0; 0; 0; 0; 0; 0; 0; 0; 0; 0; 0; 0; 0; 0; 0; 0; 0; 0; 0; 0; 0; 2; 3; 0; 0; 0; 0; 0; 0
1952;06; 0; 0; 0; 0; 0; 0; 0; 100; 450; 1; 0; 0; 200; 90; 50; 260; 80; 0; 0; 0; 0; 0; 0; 0; 0; 0; 0; 0; 0; 0; 9999
1952;07; 0; 0; 20; 0; 0; 0; 0; 0; 0; 0; 0; 0; 0; 0; 0; 0; 0; 0; 0; 0; 0; 0; 0; 0; 10; 0; 0; 0; 0; 0; 0
1952;08; 2; 20; 0; 0; 0; 0; 0; 0; 0; 0; 0; 0; 0; 0; 0; 0; 0; 0; 0; 0; 0; 0; 0; 0; 0; 0; 260; 50; 0; 0; 0
1952;09; 10; 0; 0; 0; 100; 60; 70; 0; 0; 0; 0; 0; 80; 20; 0; 0; 260; 250; 0; 0; 0; 0; 0; 0; 0; 0; 0; 0; 0; 0; 9999
1952;10; 0; 0; 0; 0; 0; 0; 0; 0; 0; 0; 0; 0; 0; 0; 0; 0; 0; 30; 50; 70; 100; 60; 0; 50; 90; 0; 310; 70; 0; 0; 160
1952;11; 4; 290; 20; 1; 10; 0; 0; 40; 2; 0; 70; 0; 0; 0; 0; 290; 0; 0; 50; 270; 0; 0; 0; 0; 0; 10; 270; 40; 10; 60; 9999
1952;12; 110; 2; 0; 0; 0; 0; 0; 0; 0; 0; 0; 230; 10; 0; 0; 0; 0; 0; 50; 290; 150; 0; 0; 0; 1; 0; 120; 0; 0; 20; 220
1953;01; 250; 0; 60; 2; 70; 30; 0; 0; 0; 0; 0; 130; 0; 100; 0; 0; 0; 0; 0; 0; 0; 0; 0; 100; 1; 60; 250; 1; 30; 0; 0
1953;02; 50; 0; 0; 0; 0; 0; 0; 0; 450; 120; 220; 90; 50; 350; 60; 70; 10; 2; 90; 0; 0; 10; 0; 100; 0; 0; 0; 0; 9999; 9999; 9999
1953;03; 10; 170; 130; 0; 0; 0; 0; 0; 0; 0; 0; 70; 10; 100; 0; 0; 0; 0; 160; 20; 310; 60; 1; 180; 270; 130; 20; 0; 30; 0; 0
1953;04; 20; 160; 80; 600; 20; 2; 150; 0; 0; 0; 0; 0; 120; 0; 0; 200; 70; 20; 0; 0; 10; 40; 10; 50; 60; 5; 0; 5; 0; 0; 9999
1953;05; 0; 0; 0; 10; 370; 10; 20; 0; 0; 0; 10; 20; 60; 0; 0; 0; 0; 0; 0; 0; 0; 0; 10; 0; 0; 90; 100; 0; 0; 0; 290
1953;06; 280; 0; 0; 0; 0; 0; 0; 0; 60; 10; 0; 0; 0; 0; 0; 0; 0; 0; 0; 20; 0; 0; 0; 0; 0; 0; 0; 0; 0; 0; 9999
1953;07; 0; 0; 50; 0; 0; 0; 0; 0; 200; 210; 0; 0; 0; 0; 0; 0; 0; 0; 2; 90; 10; 1; 0; 0; 0; 0; 0; 0; 30; 60; 0
1953;08; 60; 40; 1; 10; 0; 0; 0; 0; 0; 0; 0; 0; 0; 0; 0; 0; 0; 0; 0; 0; 0; 0; 0; 280; 60; 0; 0; 0; 10; 0; 0
1953;09; 0; 0; 0; 0; 10; 210; 0; 0; 20; 30; 20; 10; 0; 0; 60; 200; 0; 0; 0; 0; 0; 0; 0; 0; 0; 0; 0; 0; 0; 0; 9999
1953;10; 0; 0; 30; 170; 190; 2; 50; 0; 0; 0; 10; 50; 2; 0; 0; 0; 330; 260; 0; 0; 0; 0; 0; 0; 0; 0; 0; 0; 30; 100; 40
1953;11; 40; 250; 20; 0; 0; 0; 150; 50; 0; 0; 0; 0; 0; 0; 40; 500; 0; 0; 0; 340; 30; 0; 0; 0; 0; 0; 0; 0; 260; 20; 9999
1953;12; 20; 50; 200; 250; 0; 30; 0; 30; 0; 0; 0; 90; 120; 0; 10; 0; 0; 30; 0; 0; 0; 0; 0; 0; 320; 10; 40; 0; 0; 0; 0
1954;01; 0; 0; 500; 80; 500; 100; 120; 1; 30; 1; 90; 30; 0; 20; 0; 0; 0; 0; 200; 0; 1; 2; 200; 160; 10; 0; 0; 0; 0; 0; 0
1954;02; 0; 0; 0; 30; 290; 120; 160; 620; 40; 0; 0; 0; 0; 240; 30; 100; 90; 60; 110; 2; 0; 0; 80; 60; 10; 0; 300; 0; 9999; 9999; 9999
1954;03; 0; 260; 1; 0; 40; 30; 200; 0; 0; 280; 300; 0; 290; 50; 0; 0; 0; 0; 0; 0; 0; 0; 0; 0; 0; 140; 30; 2; 340; 0; 0
1954;04; 0; 0; 0; 100; 10; 0; 0; 0; 0; 0; 0; 0; 150; 0; 40; 10; 0; 30; 0; 0; 0; 0; 0; 0; 0; 0; 0; 30; 0; 0; 9999
1954;05; 30; 0; 0; 0; 0; 10; 0; 60; 10; 0; 330; 1; 300; 60; 0; 0; 60; 50; 70; 120; 240; 0; 0; 20; 0; 0; 0; 0; 0; 0; 0
1954;06; 0; 0; 60; 70; 50; 230; 40; 30; 0; 0; 0; 0; 0; 0; 0; 1; 0; 0; 0; 0; 40; 1; 0; 0; 0; 0; 0; 0; 0; 0; 9999
1954;07; 0; 0; 0; 0; 10; 0; 0; 0; 0; 0; 0; 0; 0; 0; 0; 250; 0; 0; 40; 0; 0; 0; 0; 0; 0; 70; 0; 0; 0; 0; 0
1954;08; 0; 0; 0; 0; 0; 0; 0; 0; 0; 2; 0; 0; 0; 0; 0; 0; 0; 0; 0; 0; 0; 0; 0; 0; 0; 0; 0; 40; 0; 0; 0
1954;09; 0; 0; 0; 0; 0; 0; 0; 0; 0; 0; 0; 50; 0; 0; 0; 0; 0; 50; 20; 0; 0; 0; 0; 0; 110; 30; 210; 160; 20; 260; 9999
1954;10; 260; 2; 0; 250; 0; 0; 120; 0; 0; 0; 20; 0; 100; 60; 80; 0; 0; 0; 230; 0; 0; 0; 0; 0; 0; 0; 300; 0; 120; 0; 0
1954;11; 0; 0; 0; 0; 0; 0; 0; 0; 0; 0; 0; 0; 0; 290; 200; 0; 0; 0; 0; 0; 0; 0; 0; 80; 2; 0; 0; 0; 0; 100; 9999
1954;12; 0; 0; 0; 300; 0; 0; 0; 580; 220; 50; 250; 400; 600; 0; 0; 0; 50; 100; 120; 60; 70; 5; 286; 0; 0; 0; 0; 0; 0; 0; 0
1955;01; 140; 220; 100; 350; 30; 460; 0; 0; 0; 700; 70; 100; 60; 90; 300; 10; 600; 60; 0; 0; 0; 0; 0; 0; 0; 0; 10; 0; 0; 30; 1
1955;02; 70; 20; 310; 0; 0; 160; 50; 0; 10; 0; 0; 180; 0; 0; 0; 0; 0; 0; 0; 30; 200; 20; 320; 300; 120; 1; 10; 1; 9999; 9999; 9999
1955;03; 10; 30; 110; 0; 210; 20; 0; 0; 0; 0; 100; 1; 90; 10; 0; 0; 0; 0; 0; 0; 0; 0; 0; 0; 0; 30; 0; 50; 210; 0; 10
1955;04; 10; 0; 3; 0; 100; 0; 0; 0; 0; 0; 450; 4; 110; 0; 0; 40; 40; 20; 0; 10; 0; 0; 0; 0; 0; 0; 0; 0; 140; 10; 9999
1955;05; 0; 0; 0; 0; 0; 40; 0; 0; 0; 0; 0; 0; 0; 0; 0; 140; 120; 130; 0; 0; 0; 0; 0; 0; 0; 0; 0; 0; 0; 0; 2
1955;06; 2; 1; 0; 0; 0; 0; 0; 1; 0; 20; 0; 40; 3; 0; 0; 50; 0; 0; 0; 0; 0; 0; 0; 0; 0; 0; 0; 0; 0; 0; 9999
1955;07; 0; 0; 70; 20; 378; 2; 0; 1; 0; 0; 0; 0; 0; 0; 0; 0; 0; 0; 0; 0; 0; 0; 0; 0; 0; 0; 0; 0; 0; 0; 2
1955;08; 0; 0; 0; 0; 0; 0; 0; 0; 0; 10; 0; 0; 0; 0; 0; 0; 0; 0; 2; 0; 0; 0; 0; 0; 0; 90; 480; 420; 10; 0; 0
1955;09; 0; 0; 0; 5; 0; 15; 10; 2; 0; 0; 0; 0; 0; 0; 0; 0; 1; 0; 0; 0; 0; 0; 0; 0; 1; 0; 0; 0; 0; 0; 9999
1955;10; 0; 5; 1; 0; 0; 0; 10; 93; 0; 0; 0; 0; 150; 1; 2; 24; 1; 0; 0; 0; 12; 3; 0; 0; 1; 0; 0; 459; 2; 89; 293
1955;11; 201; 147; 85; 0; 0; 0; 0; 0; 3; 220; 74; 0; 0; 0; 0; 0; 0; 0; 345; 3; 1; 28; 32; 53; 0; 0; 0; 0; 0; 0; 9999
1955;12; 3; 208; 603; 0; 0; 0; 18; 17; 0; 0; 0; 12; 16; 0; 0; 80; 0; 0; 0; 0; 0; 0; 0; 404; 0; 0; 503; 328; 153; 1; 82
1956;01; 0; 0; 123; 12; 0; 0; 0; 0; 0; 0; 0; 4; 0; 0; 0; 0; 151; 184; 404; 3; 0; 54; 346; 93; 0; 42; 26; 25; 0; 27; 42
1956;02; 0; 0; 0; 0; 0; 0; 0; 0; 10; 203; 162; 202; 254; 34; 102; 17; 103; 976; 211; 191; 0; 30; 28; 29; 20; 300; 120; 24; 172; 9999; 9999
1956;03; 401; 24; 0; 0; 0; 0; 5; 0; 0; 94; 21; 282; 136; 0; 178; 383; 0; 16; 96; 0; 0; 0; 0; 59; 0; 94; 0; 70; 218; 114; 0
1956;04; 4; 0; 0; 0; 0; 2; 0; 0; 164; 14; 12; 0; 0; 0; 0; 0; 0; 0; 0; 0; 0; 0; 0; 42; 0; 3; 708; 24; 0; 0; 9999
1956;05; 118; 4; 0; 108; 39; 0; 0; 12; 14; 0; 0; 0; 0; 0; 0; 0; 0; 0; 0; 0; 56; 1; 16; 103; 705; 41; 0; 0; 0; 0; 132
1956;06; 4; 5; 0; 0; 0; 0; 0; 4; 0; 124; 253; 426; 63; 14; 186; 0; 61; 4; 0; 0; 0; 0; 8; 0; 0; 0; 37; 4; 0; 4; 9999
1956;07; 0; 0; 0; 0; 0; 32; 0; 0; 0; 0; 0; 0; 0; 0; 28; 0; 0; 0; 0; 0; 0; 51; 246; 8; 0; 0; 0; 0; 0; 165; 218
1956;08; 0; 57; 22; 86; 4; 0; 0; 0; 0; 0; 0; 0; 0; 0; 0; 0; 0; 0; 0; 0; 0; 80; 38; 0; 0; 13; 0; 0; 0; 2; 0
1956;09; 0; 0; 0; 0; 0; 0; 0; 0; 151; 128; 69; 0; 39; 113; 0; 0; 1; 2; 0; 0; 0; 0; 0; 0; 86; 13; 0; 78; 0; 0; 9999
1956;10; 0; 0; 0; 10; 0; 0; 0; 0; 15; 264; 285; 0; 0; 0; 8; 10; 0; 0; 0; 0; 0; 248; 52; 0; 0; 0; 0; 102; 13; 156; 13
1956;11; 0; 0; 0; 0; 81; 0; 0; 0; 165; 0; 0; 0; 0; 0; 0; 0; 0; 0; 0; 4; 2; 0; 0; 14; 93; 4; 12; 0; 0; 0; 9999
1956;12; 0; 0; 0; 2; 139; 143; 105; 21; 0; 0; 0; 28; 443; 3; 28; 12; 0; 0; 0; 81; 21; 0; 35; 584; 2; 0; 0; 0; 0; 0; 15
1957;01; 0; 0; 0; 0; 46; 0; 0; 1; 294; 49; 0; 0; 0; 0; 1064; 484; 532; 59; 902; 8; 41; 202; 13; 0; 84; 415; 0; 401; 0; 61; 0
1957;02; 17; 23; 37; 425; 0; 51; 4; 71; 101; 0; 327; 91; 0; 0; 89; 38; 0; 0; 0; 8; 12; 8; 1; 392; 32; 161; 447; 11; 9999; 9999; 9999
1957;03; 262; 0; 0; 0; 0; 0; 45; 0; 56; 141; 69; 1; 10; 0; 45; 0; 0; 183; 0; 0; 625; 321; 192; 0; 21; 0; 0; 0; 0; 0; 0
1957;04; 1; 112; 96; 128; 4; 81; 62; 1; 0; 0; 2; 0; 0; 0; 92; 167; 0; 0; 0; 0; 0; 0; 0; 0; 32; 27; 5; 0; 0; 23; 9999
1957;05; 128; 0; 4; 3; 0; 0; 0; 3; 26; 4; 3; 0; 0; 18; 0; 0; 257; 0; 0; 1; 0; 1; 0; 0; 1; 0; 1; 12; 1; 0; 1
1957;06; 1; 0; 3; 32; 1; 0; 0; 312; 2; 0; 0; 0; 0; 0; 0; 0; 1; 0; 0; 0; 0; 0; 0; 0; 0; 0; 0; 0; 0; 83; 9999
1957;07; 0; 21; 50; 19; 1; 173; 0; 0; 0; 0; 0; 0; 0; 0; 1; 98; 12; 92; 86; 57; 2; 0; 1; 0; 27; 1; 1; 0; 0; 0; 0
1957;08; 0; 12; 15; 1; 0; 1; 1; 0; 0; 0; 0; 0; 0; 3; 11; 0; 195; 26; 254; 3; 0; 52; 0; 0; 0; 0; 1; 0; 0; 0; 104
1957;09; 34; 0; 380; 502; 23; 1; 0; 149; 84; 3; 0; 0; 27; 4; 0; 6; 5; 1; 1; 0; 121; 117; 365; 139; 9; 0; 0; 0; 4; 1; 9999
1957;10; 0; 0; 0; 0; 0; 0; 0; 0; 0; 0; 112; 252; 41; 10; 0; 0; 0; 0; 0; 0; 0; 114; 256; 22; 0; 0; 616; 212; 58; 154; 9
1957;11; 0; 0; 0; 225; 0; 0; 0; 5; 86; 72; 5; 0; 5; 24; 1; 0; 0; 4; 3; 345; 48; 1; 0; 0; 112; 0; 0; 0; 0; 0; 9999
1957;12; 156; 3; 0; 3; 189; 1; 3; 58; 5; 0; 2; 39; 5; 79; 262; 0; 56; 46; 0; 0; 0; 561; 63; 0; 0; 0; 292; 266; 39; 0; 0
1958;01; 0; 501; 0; 0; 0; 0; 0; 0; 0; 0; 0; 8; 125; 1; 80; 5; 0; 454; 124; 44; 0; 4; 201; 79; 200; 201; 288; 476; 126; 2; 0
1958;02; 0; 58; 0; 0; 0; 0; 250; 80; 0; 192; 0; 0; 0; 7; 62; 0; 0; 0; 1; 0; 53; 0; 0; 0; 47; 108; 315; 87; 9999; 9999; 9999
1958;03; 29; 190; 4; 88; 15; 41; 0; 421; 8; 0; 0; 0; 0; 0; 10; 62; 31; 253; 176; 0; 0; 0; 15; 22; 51; 0; 0; 0; 0; 0; 52
1958;04; 64; 291; 0; 0; 0; 0; 0; 0; 0; 101; 103; 76; 18; 274; 45; 0; 0; 0; 251; 29; 0; 0; 8; 90; 0; 0; 0; 0; 0; 0; 9999
1958;05; 0; 17; 225; 188; 2; 27; 0; 0; 7; 0; 0; 0; 2; 296; 0; 0; 0; 0; 0; 0; 0; 12; 421; 2; 139; 100; 4; 161; 1; 3; 1
1958;06; 0; 1; 1; 1; 0; 0; 0; 0; 1; 0; 0; 0; 0; 74; 401; 0; 53; 67; 11; 0; 1; 0; 0; 1; 0; 0; 0; 0; 0; 1; 9999
1958;07; 0; 0; 0; 0; 0; 0; 0; 0; 0; 0; 0; 0; 0; 0; 0; 36; 0; 328; 338; 0; 0; 0; 0; 0; 0; 0; 0; 0; 0; 0; 0
1958;08; 0; 0; 0; 174; 39; 0; 3; 2; 1; 0; 1; 0; 0; 0; 0; 0; 0; 0; 0; 0; 0; 0; 0; 0; 0; 0; 0; 0; 0; 50; 1
1958;09; 0; 0; 54; 0; 3; 0; 0; 92; 168; 255; 0; 0; 232; 103; 114; 1; 0; 9; 0; 0; 0; 0; 0; 0; 115; 37; 1; 0; 0; 0; 9999
1958;10; 17; 0; 3; 2; 0; 0; 302; 1; 0; 0; 102; 1; 1; 0; 0; 0; 1; 27; 0; 0; 0; 0; 23; 56; 17; 0; 252; 201; 326; 161; 24
1958;11; 182; 0; 0; 0; 1; 0; 0; 0; 0; 0; 100; 0; 98; 2; 0; 0; 0; 12; 286; 0; 41; 0; 0; 65; 18; 152; 4; 0; 0; 0; 9999
1958;12; 2; 0; 0; 0; 0; 0; 292; 301; 134; 0; 22; 1; 94; 0; 0; 193; 8; 102; 234; 182; 98; 604; 12; 11; 0; 0; 0; 0; 0; 0; 0
1959;01; 0; 102; 0; 157; 174; 467; 3; 32; 321; 0; 263; 146; 241; 34; 135; 0; 4; 10; 13; 0; 1; 33; 13; 224; 35; 13; 301; 1; 1; 0; 0
1959;02; 0; 2; 702; 64; 181; 1; 25; 1; 14; 0; 0; 0; 0; 512; 94; 16; 38; 382; 293; 2; 3; 0; 0; 0; 112; 12; 389; 1; 9999; 9999; 9999
1959;03; 152; 0; 0; 0; 0; 45; 0; 112; 124; 1; 0; 47; 2; 303; 24; 0; 0; 24; 333; 71; 68; 41; 201; 54; 2; 166; 2; 0; 0; 0; 191
1959;04; 188; 11; 84; 0; 0; 9; 192; 15; 0; 0; 0; 62; 0; 0; 0; 0; 0; 0; 0; 0; 0; 0; 26; 0; 27; 1; 127; 16; 0; 0; 9999
1959;05; 0; 0; 0; 0; 5; 0; 0; 0; 0; 0; 0; 21; 3; 9; 0; 0; 0; 0; 75; 69; 165; 32; 0; 0; 0; 0; 0; 0; 0; 0; 0
1959;06; 0; 0; 0; 0; 0; 1; 0; 0; 0; 0; 0; 0; 0; 0; 0; 0; 0; 0; 0; 0; 0; 0; 0; 0; 0; 0; 0; 0; 0; 0; 9999
1959;07; 0; 0; 15; 0; 0; 2; 0; 0; 0; 2; 0; 0; 0; 0; 0; 0; 0; 0; 0; 0; 0; 0; 0; 0; 0; 0; 0; 0; 0; 0; 0
1959;08; 4; 23; 61; 30; 15; 2; 19; 41; 1; 3; 0; 0; 204; 62; 198; 13; 0; 0; 0; 0; 0; 0; 0; 0; 0; 0; 0; 0; 0; 0; 0
1959;09; 0; 0; 0; 45; 42; 215; 1; 0; 0; 0; 0; 1; 15; 0; 0; 82; 0; 0; 0; 0; 0; 0; 0; 0; 0; 124; 75; 0; 0; 0; 9999
1959;10; 0; 0; 0; 0; 0; 0; 0; 0; 0; 0; 0; 61; 126; 0; 4; 0; 4; 0; 116; 275; 102; 80; 2; 0; 0; 0; 0; 0; 301; 0; 0
1959;11; 1; 0; 381; 2; 0; 101; 24; 34; 13; 0; 12; 17; 0; 0; 0; 0; 0; 0; 186; 4; 21; 54; 4; 0; 0; 584; 82; 0; 32; 0; 9999
1959;12; 0; 1; 45; 32; 75; 2; 0; 315; 236; 13; 12; 0; 0; 0; 0; 45; 54; 65; 2; 0; 782; 93; 13; 114; 264; 5; 0; 0; 0; 0; 524
1960;01; 182; 515; 0; 0; 0; 146; 213; 45; 215; 23; 61; 345; 11; 0; 0; 0; 0; 172; 41; 624; 48; 82; 0; 0; 0; 0; 0; 2; 0; 0; 0
1960;02; 2; 0; 508; 131; 47; 8; 0; 2; 463; 73; 2; 78; 291; 269; 102; 58; 109; 0; 184; 21; 217; 281; 87; 211; 100; 93; 2; 9; 522; 9999; 9999
1960;03; 272; 4; 0; 0; 67; 12; 0; 0; 0; 0; 0; 135; 1; 12; 0; 0; 0; 0; 0; 1; 2; 14; 0; 478; 87; 0; 0; 0; 0; 0; 0
1960;04; 45; 24; 0; 0; 0; 786; 0; 421; 182; 101; 15; 2; 0; 0; 0; 0; 0; 0; 15; 215; 1; 0; 0; 0; 0; 0; 45; 0; 25; 0; 9999
1960;05; 236; 2; 0; 0; 0; 0; 0; 0; 0; 0; 34; 0; 10; 0; 132; 254; 0; 0; 210; 105; 79; 0; 0; 0; 0; 0; 0; 0; 0; 12; 0
1960;06; 1; 0; 0; 0; 0; 0; 0; 0; 0; 0; 0; 0; 0; 0; 325; 0; 0; 3; 74; 0; 0; 0; 31; 94; 0; 0; 115; 75; 0; 0; 9999
1960;07; 0; 0; 0; 0; 0; 0; 0; 0; 1; 3; 0; 0; 0; 0; 0; 0; 0; 0; 4; 2; 0; 0; 0; 0; 15; 2; 0; 0; 0; 0; 0
1960;08; 0; 0; 0; 0; 0; 3; 0; 0; 0; 0; 0; 0; 0; 0; 0; 301; 0; 4; 1; 1; 2; 0; 1; 0; 0; 0; 0; 0; 0; 0; 0
1960;09; 102; 121; 1; 0; 0; 0; 0; 0; 0; 0; 0; 0; 0; 0; 0; 0; 0; 0; 0; 0; 0; 0; 0; 0; 0; 58; 1; 0; 0; 467; 9999
1960;10; 0; 0; 200; 0; 0; 2; 0; 365; 6; 0; 0; 1; 0; 0; 0; 0; 453; 35; 0; 0; 2; 16; 0; 0; 23; 432; 224; 43; 1; 0; 41
1960;11; 41; 0; 2; 0; 9; 0; 0; 286; 229; 11; 213; 29; 142; 25; 16; 149; 0; 0; 538; 376; 53; 0; 0; 0; 0; 68; 0; 0; 362; 131; 9999
1960;12; 43; 0; 0; 0; 0; 0; 10; 22; 0; 0; 0; 0; 342; 434; 0; 43; 371; 402; 959; 135; 426; 378; 62; 1; 0; 63; 24; 0; 0; 1; 0
1961;01; 709; 36; 452; 0; 461; 0; 12; 19; 1; 9; 0; 0; 0; 0; 21; 12; 0; 0; 502; 431; 0; 0; 1225; 53; 0; 21; 275; 98; 70; 40; 0
1961;02; 0; 87; 269; 7; 673; 0; 13; 0; 65; 74; 0; 49; 243; 1; 0; 8; 49; 201; 0; 96; 0; 50; 247; 11; 0; 0; 0; 33; 9999; 9999; 9999
1961;03; 372; 3; 0; 0; 0; 0; 11; 89; 49; 0; 0; 288; 0; 10; 208; 242; 0; 92; 44; 1; 0; 35; 0; 0; 0; 0; 438; 21; 1; 0; 0
1961;04; 0; 0; 0; 1; 152; 41; 1; 0; 0; 0; 60; 0; 0; 0; 0; 0; 0; 0; 50; 21; 0; 4; 0; 25; 53; 462; 7; 1; 0; 0; 9999
1961;05; 0; 0; 14; 399; 25; 0; 0; 0; 38; 2; 15; 0; 0; 0; 0; 0; 0; 0; 0; 0; 0; 0; 0; 0; 0; 0; 0; 0; 0; 0; 0
1961;06; 0; 0; 0; 15; 0; 0; 0; 0; 0; 0; 0; 8; 43; 0; 104; 86; 24; 5; 0; 0; 0; 101; 0; 3; 0; 0; 0; 0; 0; 0; 9999
1961;07; 0; 0; 0; 0; 0; 0; 0; 0; 13; 0; 0; 0; 0; 0; 0; 0; 0; 0; 0; 0; 0; 0; 0; 0; 0; 0; 0; 0; 0; 0; 0
1961;08; 0; 0; 0; 0; 0; 0; 0; 0; 0; 0; 0; 0; 0; 0; 0; 0; 0; 0; 0; 0; 0; 1; 0; 0; 0; 105; 74; 0; 0; 0; 5
1961;09; 0; 0; 0; 0; 0; 0; 1; 15; 0; 0; 2; 0; 10; 0; 0; 0; 0; 0; 0; 0; 0; 1; 11; 0; 0; 0; 0; 0; 0; 1; 9999
1961;10; 0; 0; 0; 0; 0; 0; 0; 0; 5; 0; 0; 8; 29; 117; 4; 126; 55; 414; 0; 0; 0; 0; 15; 1; 0; 188; 0; 0; 0; 181; 176
1961;11; 0; 18; 55; 461; 51; 89; 111; 0; 0; 0; 226; 4; 11; 14; 175; 1; 0; 0; 0; 7; 6; 0; 139; 19; 491; 208; 27; 12; 112; 0; 9999
1961;12; 0; 112; 125; 37; 7; 0; 3; 76; 2; 12; 25; 0; 0; 0; 29; 17; 8; 252; 0; 25; 65; 259; 0; 50; 0; 188; 526; 7; 314; 191; 26
1962;01; 0; 0; 166; 113; 0; 0; 0; 105; 8; 2; 0; 0; 0; 0; 42; 152; 79; 186; 89; 78; 0; 52; 11; 0; 0; 129; 45; 11; 0; 4; 0
1962;02; 0; 0; 0; 181; 280; 35; 2; 0; 299; 1; 0; 0; 7; 206; 0; 425; 0; 0; 50; 42; 0; 957; 125; 63; 49; 0; 0; 0; 9999; 9999; 9999
1962;03; 0; 0; 173; 0; 0; 497; 0; 0; 0; 0; 12; 659; 687; 341; 171; 129; 17; 142; 0; 77; 24; 0; 0; 0; 205; 0; 0; 0; 0; 0; 0
1962;04; 0; 18; 9; 26; 0; 0; 0; 0; 0; 167; 0; 0; 0; 0; 0; 0; 0; 0; 12; 0; 0; 0; 0; 0; 0; 17; 0; 0; 3; 139; 9999
1962;05; 0; 48; 1; 104; 12; 0; 0; 0; 0; 0; 0; 0; 0; 0; 0; 0; 0; 0; 12; 0; 0; 0; 0; 0; 0; 0; 0; 0; 14; 19; 0
1962;06; 0; 0; 41; 5; 0; 0; 6; 0; 14; 0; 0; 0; 5; 8; 0; 0; 0; 0; 0; 0; 0; 0; 6; 0; 1; 1; 0; 0; 0; 0; 9999
1962;07; 0; 0; 0; 0; 0; 4; 0; 2; 0; 75; 175; 0; 0; 0; 0; 0; 0; 0; 10; 13; 0; 0; 0; 26; 25; 0; 0; 0; 0; 0; 3
1962;08; 4; 0; 0; 0; 0; 0; 0; 0; 0; 0; 0; 106; 0; 0; 0; 0; 163; 0; 0; 0; 0; 0; 272; 121; 0; 0; 0; 0; 0; 0; 0
1962;09; 0; 0; 0; 0; 0; 0; 0; 0; 291; 1; 0; 6; 4; 12; 0; 0; 0; 0; 0; 0; 52; 121; 33; 18; 0; 0; 0; 0; 8; 9; 9999
1962;10; 1; 36; 132; 12; 141; 0; 0; 0; 294; 51; 71; 89; 2; 0; 0; 0; 0; 503; 353; 231; 6; 0; 0; 0; 166; 2; 0; 0; 57; 97; 192
1962;11; 56; 0; 0; 0; 0; 0; 147; 1; 246; 61; 23; 0; 0; 0; 0; 0; 0; 0; 1; 4; 11; 255; 6; 0; 0; 0; 0; 135; 0; 0; 9999
1962;12; 46; 0; 0; 187; 0; 229; 13; 12; 0; 17; 24; 702; 328; 5; 16; 0; 0; 127; 91; 45; 23; 0; 5; 0; 18; 0; 205; 123; 41; 405; 219
1963;01; 339; 361; 161; 0; 0; 0; 0; 10; 0; 251; 202; 235; 58; 0; 65; 161; 168; 49; 3; 109; 0; 0; 345; 0; 0; 161; 0; 0; 0; 9; 0
1963;02; 528; 0; 0; 216; 103; 255; 189; 36; 35; 0; 3; 39; 138; 607; 0; 77; 12; 0; 0; 493; 114; 32; 46; 5; 604; 85; 0; 0; 9999; 9999; 9999
1963;03; 0; 0; 0; 318; 8; 1; 0; 0; 0; 5; 247; 46; 0; 0; 81; 0; 0; 0; 0; 0; 0; 0; 0; 21; 24; 116; 0; 0; 25; 5; 0
1963;04; 0; 0; 0; 0; 0; 0; 0; 0; 0; 0; 0; 0; 0; 0; 0; 191; 36; 0; 0; 0; 0; 1; 0; 0; 0; 0; 0; 0; 0; 0; 9999
1963;05; 0; 0; 0; 0; 8; 0; 0; 0; 0; 0; 0; 0; 0; 0; 0; 7; 25; 0; 0; 0; 0; 0; 0; 0; 0; 0; 0; 0; 0; 0; 0
1963;06; 5; 2; 0; 0; 0; 0; 0; 0; 0; 0; 0; 0; 59; 35; 64; 0; 0; 0; 0; 3; 0; 0; 0; 1; 0; 0; 0; 0; 0; 0; 9999
1963;07; 0; 0; 0; 0; 6; 0; 0; 0; 0; 0; 0; 0; 0; 0; 0; 0; 0; 0; 0; 0; 0; 0; 15; 3; 3; 0; 0; 0; 0; 0; 0
1963;08; 0; 0; 0; 0; 0; 0; 0; 0; 0; 0; 0; 0; 0; 0; 0; 50; 43; 125; 0; 0; 0; 0; 0; 0; 0; 0; 0; 0; 0; 0; 0
1963;09; 0; 0; 0; 0; 0; 0; 0; 0; 0; 0; 0; 0; 2; 1; 0; 0; 2; 0; 0; 0; 0; 0; 5; 0; 0; 0; 14; 17; 0; 0; 9999
1963;10; 34; 2; 4; 0; 0; 14; 102; 0; 0; 0; 0; 0; 0; 0; 0; 0; 0; 345; 3; 9; 0; 525; 114; 10; 0; 0; 111; 118; 0; 0; 0
1963;11; 0; 1; 0; 0; 0; 0; 0; 19; 24; 19; 3; 0; 0; 128; 6; 222; 0; 106; 151; 0; 135; 15; 0; 0; 0; 0; 500; 0; 12; 91; 9999
1963;12; 0; 0; 0; 40; 0; 503; 0; 301; 21; 0; 0; 39; 19; 0; 0; 0; 0; 0; 0; 79; 0; 0; 12; 0; 0; 0; 0; 0; 0; 0; 109
1964;01; 14; 94; 0; 0; 0; 0; 24; 38; 36; 0; 0; 0; 0; 1; 0; 0; 106; 0; 0; 0; 0; 0; 105; 481; 5; 62; 206; 0; 1; 0; 0
1964;02; 194; 0; 17; 44; 1; 0; 0; 128; 0; 0; 0; 144; 516; 91; 374; 83; 7; 231; 105; 568; 155; 21; 0; 0; 0; 0; 0; 67; 40; 9999; 9999
1964;03; 0; 0; 0; 0; 0; 0; 0; 14; 97; 0; 0; 0; 0; 0; 99; 8; 17; 4; 0; 0; 0; 0; 0; 0; 0; 0; 0; 0; 122; 108; 98
1964;04; 21; 16; 0; 65; 0; 0; 0; 0; 0; 0; 0; 0; 0; 0; 0; 0; 0; 100; 32; 53; 0; 0; 37; 0; 20; 0; 0; 0; 16; 0; 9999
1964;05; 407; 2; 0; 0; 7; 162; 0; 0; 0; 0; 0; 0; 0; 3; 0; 0; 0; 0; 0; 0; 0; 0; 12; 0; 0; 0; 0; 0; 23; 29; 20
1964;06; 0; 0; 0; 0; 0; 0; 0; 0; 0; 0; 42; 6; 0; 122; 0; 67; 0; 0; 0; 0; 0; 0; 0; 0; 0; 57; 15; 40; 0; 82; 9999
1964;07; 0; 140; 0; 108; 0; 15; 0; 0; 42; 15; 0; 0; 0; 0; 0; 0; 92; 4; 0; 0; 0; 0; 0; 0; 324; 6; 0; 148; 0; 0; 0
1964;08; 0; 0; 0; 63; 18; 0; 0; 0; 0; 14; 10; 205; 0; 0; 0; 0; 0; 20; 0; 142; 6; 0; 0; 0; 0; 0; 0; 0; 0; 0; 10
1964;09; 0; 0; 132; 0; 0; 0; 0; 0; 0; 0; 12; 80; 0; 0; 0; 0; 0; 0; 0; 0; 0; 0; 0; 66; 255; 182; 120; 85; 17; 0; 9999
1964;10; 301; 11; 36; 130; 70; 10; 153; 132; 0; 0; 0; 6; 8; 0; 0; 0; 0; 0; 0; 8; 150; 120; 0; 0; 0; 0; 201; 0; 0; 143; 104
1964;11; 0; 21; 12; 0; 0; 173; 47; 0; 0; 0; 0; 0; 0; 0; 22; 42; 306; 0; 0; 0; 276; 189; 47; 10; 0; 0; 0; 0; 0; 0; 9999
1964;12; 357; 132; 74; 215; 3; 0; 0; 0; 0; 0; 176; 0; 0; 279; 195; 0; 13; 133; 15; 0; 0; 147; 45; 218; 141; 63; 431; 0; 0; 401; 0
1965;01; 0; 0; 0; 5; 454; 0; 0; 0; 425; 97; 17; 46; 120; 575; 87; 25; 214; 0; 226; 724; 0; 0; 0; 0; 0; 84; 85; 225; 341; 482; 294
1965;02; 289; 16; 0; 4; 133; 0; 0; 100; 0; 0; 0; 0; 9; 88; 5; 9; 0; 0; 0; 0; 0; 67; 78; 25; 186; 57; 116; 48; 9999; 9999; 9999
1965;03; 12; 47; 64; 96; 0; 0; 0; 0; 0; 332; 0; 0; 0; 0; 0; 0; 83; 182; 18; 96; 0; 0; 119; 0; 0; 46; 0; 0; 0; 0; 0
1965;04; 0; 0; 0; 53; 0; 0; 0; 0; 0; 156; 0; 0; 2; 0; 53; 0; 0; 0; 58; 96; 0; 0; 0; 0; 0; 0; 0; 0; 261; 216; 9999
1965;05; 0; 0; 0; 0; 0; 0; 0; 0; 0; 0; 40; 148; 63; 68; 83; 102; 17; 113; 0; 4; 0; 0; 0; 0; 0; 0; 0; 0; 0; 0; 0
1965;06; 0; 0; 0; 0; 0; 0; 0; 0; 87; 0; 0; 0; 0; 0; 0; 32; 0; 0; 0; 0; 0; 0; 0; 12; 40; 0; 0; 0; 0; 0; 9999
1965;07; 0; 0; 0; 0; 70; 128; 150; 7; 70; 0; 50; 0; 0; 0; 30; 45; 0; 0; 0; 0; 0; 0; 0; 0; 0; 0; 0; 0; 0; 0; 50
1965;08; 0; 0; 0; 8; 9; 0; 0; 0; 0; 4; 0; 0; 0; 0; 0; 0; 0; 0; 0; 95; 0; 0; 0; 0; 0; 0; 0; 0; 0; 0; 3
1965;09; 0; 0; 0; 0; 0; 0; 0; 0; 0; 0; 0; 8; 13; 0; 0; 0; 0; 0; 0; 0; 0; 0; 0; 0; 0; 28; 487; 144; 2; 0; 9999
1965;10; 497; 230; 4; 0; 0; 0; 0; 0; 0; 0; 116; 86; 0; 0; 373; 0; 0; 0; 33; 0; 0; 173; 413; 0; 249; 323; 3; 0; 218; 55; 0
1965;11; 70; 2; 0; 0; 0; 153; 46; 0; 0; 534; 54; 0; 0; 0; 296; 10; 0; 0; 0; 0; 0; 27; 0; 0; 0; 6; 307; 0; 28; 0; 9999
1965;12; 0; 0; 15; 293; 8; 0; 0; 247; 606; 64; 96; 96; 13; 0; 80; 33; 0; 48; 9; 0; 0; 85; 68; 0; 0; 11; 0; 0; 3; 56; 139
1966;01; 92; 204; 0; 0; 0; 70; 0; 0; 4; 140; 120; 127; 260; 39; 1; 0; 0; 250; 18; 6; 0; 0; 45; 0; 4; 1; 0; 177; 200; 0; 89
1966;02; 248; 250; 286; 0; 265; 9; 0; 0; 0; 0; 15; 10; 87; 9; 4; 6; 0; 0; 145; 0; 475; 0; 62; 110; 55; 2; 0; 36; 9999; 9999; 9999
1966;03; 70; 110; 0; 22; 15; 82; 775; 107; 345; 91; 2; 0; 0; 2; 306; 1; 0; 1; 1; 1; 0; 1; 0; 0; 39; 382; 43; 233; 87; 0; 0
1966;04; 30; 0; 6; 10; 12; 132; 48; 10; 0; 0; 0; 0; 0; 0; 0; 0; 0; 0; 0; 0; 130; 0; 0; 57; 0; 0; 0; 0; 0; 0; 9999
1966;05; 1; 20; 1; 5; 10; 165; 0; 2; 24; 3; 0; 15; 50; 0; 1; 1; 0; 0; 0; 0; 0; 8; 15; 24; 0; 1; 0; 6; 0; 1; 0
1966;06; 1; 0; 3; 13; 0; 0; 0; 2; 0; 1; 1; 0; 10; 0; 10; 0; 20; 10; 6; 0; 30; 0; 0; 0; 31; 10; 0; 0; 0; 0; 9999
1966;07; 5; 2; 0; 0; 0; 0; 26; 0; 0; 0; 0; 0; 0; 0; 0; 0; 0; 0; 0; 0; 0; 12; 20; 3; 0; 0; 0; 0; 0; 55; 132
1966;08; 102; 7; 0; 0; 0; 0; 0; 0; 0; 116; 1; 0; 0; 0; 0; 133; 2; 1; 0; 0; 0; 0; 0; 0; 96; 131; 0; 0; 0; 0; 0
1966;09; 55; 65; 520; 16; 20; 0; 0; 0; 0; 0; 0; 0; 0; 0; 0; 2; 73; 1; 0; 83; 41; 0; 0; 0; 0; 0; 0; 96; 226; 21; 9999
1966;10; 0; 0; 0; 0; 0; 2; 5; 451; 45; 2; 0; 0; 132; 0; 0; 0; 2; 3; 73; 0; 0; 0; 388; 12; 0; 0; 4; 554; 119; 172; 84
1966;11; 466; 96; 1; 0; 0; 42; 15; 0; 53; 414; 111; 100; 12; 37; 32; 91; 136; 5; 0; 0; 0; 30; 0; 8; 0; 0; 0; 0; 0; 0; 9999
1966;12; 55; 174; 68; 30; 0; 43; 14; 327; 0; 0; 17; 0; 1; 15; 268; 34; 1; 360; 26; 136; 425; 430; 807; 636; 30; 0; 47; 57; 0; 1; 0
1967;01; 0; 1; 1; 39; 245; 54; 2; 0; 0; 148; 226; 662; 142; 42; 13; 500; 52; 4; 110; 8; 377; 228; 7; 0; 140; 36; 0; 0; 12; 0; 64
1967;02; 205; 304; 8; 4; 29; 363; 79; 13; 42; 166; 145; 0; 121; 1; 72; 0; 0; 306; 32; 108; 0; 10; 6; 7; 0; 29; 2; 47; 9999; 9999; 9999
1967;03; 0; 0; 234; 329; 1; 186; 192; 83; 303; 61; 2; 0; 57; 77; 45; 46; 14; 49; 387; 0; 6; 2; 155; 0; 0; 6; 20; 183; 34; 15; 0
1967;04; 0; 0; 0; 0; 2; 0; 0; 0; 0; 2; 0; 1; 18; 185; 0; 0; 43; 0; 1; 0; 0; 52; 0; 3; 8; 10; 0; 12; 5; 3; 9999
1967;05; 0; 0; 239; 228; 0; 0; 0; 1; 0; 1; 1; 1; 1; 0; 1; 1; 0; 0; 2; 0; 9; 1; 1; 0; 1; 1; 1; 1; 1; 0; 2
1967;06; 2; 1; 0; 34; 17; 54; 149; 0; 1; 0; 69; 45; 156; 153; 7; 1; 0; 0; 2; 2; 3; 3; 2; 1; 0; 3; 1; 1; 1; 0; 9999
1967;07; 0; 2; 0; 1; 11; 1; 1; 1; 1; 0; 120; 215; 14; 2; 51; 1; 31; 0; 1; 30; 0; 1; 33; 0; 2; 0; 2; 2; 3; 1; 3
1967;08; 0; 0; 0; 0; 0; 0; 0; 0; 1; 1; 0; 0; 0; 0; 41; 2; 2; 0; 0; 0; 1; 1; 1; 0; 0; 0; 0; 0; 0; 0; 0
1967;09; 0; 0; 0; 0; 1; 0; 0; 72; 190; 40; 165; 59; 351; 96; 7; 0; 0; 0; 0; 0; 97; 5; 0; 0; 0; 0; 0; 0; 0; 0; 9999
1967;10; 0; 285; 0; 0; 0; 0; 0; 0; 0; 0; 0; 145; 0; 17; 0; 0; 280; 0; 62; 94; 120; 107; 5; 29; 240; 55; 456; 7; 0; 3; 0
1967;11; 0; 0; 184; 24; 15; 0; 0; 0; 0; 0; 4; 0; 176; 29; 9; 99; 659; 126; 38; 3; 0; 18; 0; 325; 3; 0; 16; 36; 133; 0; 9999
1967;12; 0; 0; 202; 56; 40; 56; 0; 0; 0; 0; 292; 0; 0; 109; 237; 137; 64; 64; 188; 0; 40; 286; 65; 24; 0; 0; 0; 7; 102; 290; 55
1968;01; 64; 6; 18; 110; 19; 1; 0; 1; 0; 3; 282; 96; 153; 172; 83; 50; 134; 160; 257; 30; 110; 65; 99; 9; 82; 0; 0; 0; 1; 0; 1
1968;02; 118; 11; 1; 0; 1; 1; 1; 52; 1; 9; 0; 0; 0; 0; 137; 317; 1; 0; 1; 0; 62; 374; 11; 62; 69; 26; 1; 0; 1; 9999; 9999
1968;03; 0; 1; 0; 0; 8; 0; 0; 126; 31; 0; 50; 295; 1; 5; 41; 5; 170; 38; 0; 1; 1; 8; 53; 1; 0; 0; 1; 545; 133; 2; 0
1968;04; 152; 15; 1; 205; 1; 82; 0; 0; 0; 0; 0; 0; 0; 0; 1; 1; 1; 0; 1; 301; 40; 0; 0; 1; 1; 0; 1; 1; 0; 1; 9999
1968;05; 0; 1; 1; 0; 1; 1; 1; 0; 0; 0; 117; 0; 0; 1; 1; 765; 3; 1; 1; 1; 1; 1; 1; 0; 1; 1; 1; 1; 1; 6; 1
1968;06; 1; 1; 1; 1; 1; 1; 1; 1; 0; 0; 0; 1; 1; 1; 1; 0; 1; 0; 0; 54; 185; 0; 0; 0; 0; 2; 0; 1; 0; 0; 9999
1968;07; 1; 0; 1; 1; 1; 0; 0; 1; 0; 42; 1; 0; 0; 0; 1; 1; 1; 1; 1; 0; 40; 0; 1; 0; 0; 0; 1; 1; 1; 1; 0
1968;08; 1; 0; 0; 0; 76; 2; 1; 59; 150; 4; 0; 2; 3; 3; 2; 1; 0; 0; 3; 2; 2; 0; 43; 0; 0; 0; 2; 0; 1; 1; 90
1968;09; 0; 12; 0; 74; 3; 0; 0; 0; 3; 1; 0; 0; 0; 14; 0; 0; 1; 0; 0; 103; 32; 191; 0; 0; 1; 0; 0; 1; 10; 14; 9999
1968;10; 5; 0; 0; 0; 0; 0; 0; 0; 4; 0; 68; 1; 60; 1; 0; 0; 302; 32; 236; 0; 0; 4; 0; 78; 290; 0; 0; 0; 80; 0; 179
1968;11; 0; 215; 3; 57; 0; 0; 0; 0; 0; 0; 40; 16; 0; 0; 0; 0; 0; 18; 2; 0; 0; 0; 0; 0; 0; 0; 0; 132; 132; 103; 9999
1968;12; 368; 226; 166; 167; 39; 0; 0; 0; 1; 0; 0; 0; 0; 0; 0; 0; 336; 323; 1; 5; 0; 0; 0; 0; 0; 275; 5; 12; 148; 109; 7
1969;01; 0; 0; 6; 0; 0; 0; 58; 88; 28; 0; 13; 1; 46; 1; 505; 70; 2; 0; 62; 2; 0; 0; 295; 140; 32; 36; 75; 7; 22; 5; 0
1969;02; 75; 0; 55; 0; 1; 0; 0; 0; 0; 0; 0; 0; 121; 0; 586; 20; 0; 0; 19; 9; 87; 0; 9; 117; 1; 133; 290; 53; 9999; 9999; 9999
1969;03; 3; 40; 414; 5; 214; 14; 0; 0; 0; 0; 21; 1; 1; 2; 1; 0; 1; 0; 0; 1; 1; 186; 7; 0; 0; 0; 10; 0; 211; 87; 244
1969;04; 0; 247; 9; 150; 307; 389; 0; 0; 33; 0; 0; 0; 0; 0; 0; 0; 1; 0; 1; 0; 0; 0; 2; 60; 2; 0; 0; 0; 40; 0; 9999
1969;05; 0; 1; 0; 0; 0; 1; 0; 0; 0; 0; 2; 2; 3; 43; 2; 0; 0; 0; 0; 1; 0; 0; 5; 64; 23; 35; 0; 0; 0; 220; 47
1969;06; 0; 401; 0; 2; 0; 2; 2; 0; 0; 0; 0; 2; 0; 0; 0; 1; 0; 0; 1; 0; 24; 8; 0; 0; 0; 0; 0; 1; 0; 1; 9999
1969;07; 5; 1; 0; 0; 0; 0; 1; 4; 2; 0; 0; 1; 62; 2; 1; 1; 8; 0; 0; 0; 0; 0; 1; 1; 0; 0; 1; 2; 0; 0; 0
1969;08; 0; 2; 150; 0; 1; 0; 78; 1; 0; 0; 0; 0; 0; 0; 0; 96; 0; 0; 0; 10; 14; 0; 0; 0; 1; 0; 0; 0; 5; 0; 0
1969;09; 0; 1; 0; 0; 62; 12; 0; 8; 8; 0; 0; 0; 0; 14; 4; 0; 0; 0; 5; 0; 87; 0; 0; 0; 0; 56; 0; 5; 0; 70; 9999
1969;10; 141; 57; 71; 216; 181; 0; 201; 10; 1; 12; 0; 0; 0; 0; 0; 0; 82; 6; 0; 264; 0; 0; 306; 208; 1; 0; 0; 0; 40; 0; 82
1969;11; 1; 0; 12; 10; 0; 28; 68; 81; 126; 110; 1; 67; 63; 252; 28; 94; 90; 0; 578; 212; 247; 470; 48; 2; 1; 0; 0; 0; 0; 4; 9999
1969;12; 185; 8; 1; 0; 0; 0; 8; 74; 11; 1; 0; 275; 420; 60; 4; 0; 0; 0; 0; 54; 0; 54; 3; 83; 266; 0; 0; 0; 0; 0; 0
1970;01; 23; 13; 150; 0; 0; 0; 68; 439; 292; 10; 0; 0; 185; 175; 552; 536; 624; 23; 179; 49; 29; 0; 0; 0; 2; 1; 1; 0; 0; 332; 1
1970;02; 68; 90; 119; 8; 11; 0; 0; 0; 86; 449; 436; 715; 123; 67; 331; 3; 160; 380; 288; 159; 607; 222; 367; 1; 0; 0; 0; 0; 9999; 9999; 9999
1970;03; 0; 0; 0; 1; 0; 47; 0; 0; 79; 1; 0; 517; 194; 34; 29; 0; 11; 2; 20; 0; 0; 0; 0; 216; 4; 0; 0; 0; 2; 0; 2
1970;04; 0; 118; 178; 93; 0; 18; 0; 0; 0; 0; 0; 0; 0; 1; 0; 0; 0; 0; 0; 0; 0; 1; 1; 1; 0; 1; 0; 38; 5; 0; 9999
1970;05; 0; 10; 0; 0; 1; 111; 491; 1; 0; 0; 1; 0; 1; 1; 0; 1; 1; 0; 0; 46; 0; 1; 0; 1; 14; 2; 1; 1; 1; 1; 1
1970;06; 1; 1; 1; 1; 0; 1; 1; 4; 0; 1; 1; 0; 0; 202; 118; 0; 1; 1; 0; 0; 1; 64; 650; 28; 1; 0; 0; 1; 1; 0; 9999
1970;07; 51; 27; 1; 1; 1; 1; 25; 1; 1; 90; 0; 4; 18; 0; 16; 1; 1; 1; 0; 0; 0; 35; 7; 0; 0; 0; 0; 0; 0; 0; 0
1970;08; 0; 0; 0; 0; 0; 0; 0; 2; 0; 0; 0; 0; 0; 0; 63; 18; 0; 0; 0; 0; 0; 0; 0; 24; 302; 186; 52; 3; 148; 279; 1
1970;09; 0; 0; 0; 0; 0; 95; 70; 0; 8; 245; 0; 69; 19; 25; 372; 37; 0; 0; 0; 0; 2; 27; 0; 0; 6; 1; 0; 90; 0; 0; 9999
1970;10; 0; 0; 210; 116; 232; 0; 0; 231; 0; 0; 0; 108; 0; 0; 0; 0; 5; 144; 133; 0; 32; 172; 2; 0; 0; 0; 14; 4; 0; 0; 0
1970;11; 0; 35; 47; 0; 3; 0; 127; 109; 0; 0; 0; 140; 169; 127; 0; 0; 0; 55; 6; 0; 244; 0; 0; 0; 0; 0; 13; 31; 117; 20; 9999
1970;12; 187; 0; 2; 0; 0; 0; 0; 0; 34; 0; 29; 192; 0; 0; 4; 5; 0; 10; 15; 420; 0; 0; 4; 10; 371; 5; 6; 0; 49; 79; 10
1971;01; 228; 56; 14; 0; 194; 214; 0; 0; 0; 113; 0; 226; 511; 22; 0; 188; 0; 173; 0; 17; 56; 0; 1; 0; 0; 1; 1; 15; 90; 0; 8
1971;02; 2; 1; 100; 0; 15; 0; 11; 4; 223; 94; 19; 0; 56; 254; 0; 0; 0; 0; 0; 21; 362; 88; 0; 428; 343; 0; 0; 0; 9999; 9999; 9999
1971;03; 1; 0; 0; 0; 255; 39; 1; 18; 151; 410; 166; 19; 0; 19; 1; 0; 1; 0; 0; 0; 46; 0; 375; 324; 147; 178; 308; 13; 0; 0; 0
1971;04; 0; 0; 0; 0; 0; 0; 0; 0; 79; 20; 0; 0; 0; 0; 0; 83; 0; 0; 0; 0; 203; 12; 265; 0; 0; 0; 0; 0; 0; 0; 9999
1971;05; 0; 67; 11; 158; 25; 3; 0; 20; 0; 0; 0; 0; 0; 0; 0; 0; 0; 0; 0; 0; 0; 0; 0; 15; 100; 13; 17; 0; 0; 0; 0
1971;06; 0; 0; 0; 0; 0; 34; 0; 181; 0; 0; 53; 0; 66; 1; 82; 85; 335; 164; 26; 33; 0; 0; 5; 0; 0; 0; 0; 0; 0; 0; 9999
1971;07; 67; 91; 75; 89; 6; 0; 0; 0; 0; 0; 0; 0; 0; 0; 0; 0; 0; 0; 0; 0; 0; 0; 0; 0; 0; 0; 0; 0; 67; 13; 0
1971;08; 0; 0; 0; 0; 0; 0; 51; 0; 0; 6; 0; 0; 0; 0; 0; 0; 0; 0; 0; 0; 0; 0; 0; 9; 18; 0; 0; 5; 0; 0; 0
1971;09; 0; 0; 0; 0; 0; 35; 20; 100; 1; 6; 129; 0; 0; 0; 0; 0; 0; 0; 2; 0; 0; 0; 73; 48; 116; 0; 0; 89; 0; 327; 9999
1971;10; 7; 0; 1; 185; 10; 12; 319; 0; 0; 270; 680; 12; 0; 5; 0; 43; 0; 0; 0; 0; 0; 0; 0; 150; 39; 0; 0; 0; 0; 0; 0
1971;11; 241; 19; 26; 0; 0; 0; 0; 0; 36; 3; 0; 362; 0; 0; 0; 0; 0; 0; 7; 0; 6; 64; 78; 143; 41; 56; 0; 0; 52; 77; 9999
1971;12; 60; 294; 166; 0; 15; 0; 0; 12; 4; 3; 0; 28; 59; 145; 5; 0; 0; 91; 43; 0; 0; 197; 276; 26; 0; 125; 248; 475; 827; 10; 0
1972;01; 0; 0; 22; 0; 3; 28; 66; 230; 52; 191; 21; 1; 77; 42; 7; 25; 0; 45; 0; 23; 559; 609; 580; 54; 16; 0; 40; 0; 3; 141; 108
1972;02; 22; 0; 154; 0; 0; 0; 18; 4; 26; 0; 58; 7; 29; 0; 12; 3; 50; 0; 0; 442; 62; 130; 3; 35; 5; 0; 269; 20; 128; 9999; 9999
1972;03; 0; 17; 94; 4; 0; 0; 4; 0; 0; 0; 104; 105; 58; 3; 0; 1; 2; 11; 7; 49; 0; 5; 0; 121; 200; 0; 135; 0; 0; 0; 0
1972;04; 0; 113; 0; 205; 246; 152; 21; 0; 202; 108; 0; 0; 0; 13; 0; 184; 226; 23; 77; 5; 0; 0; 0; 0; 0; 0; 0; 6; 0; 0; 9999
1972;05; 0; 0; 0; 0; 0; 0; 0; 0; 13; 0; 0; 0; 0; 0; 0; 0; 0; 0; 0; 456; 138; 0; 23; 0; 218; 33; 0; 0; 0; 0; 0
1972;06; 0; 0; 0; 0; 0; 0; 0; 0; 0; 0; 0; 0; 0; 91; 5; 0; 0; 0; 79; 0; 0; 0; 0; 0; 0; 0; 0; 0; 0; 0; 9999
1972;07; 0; 0; 0; 0; 0; 9; 0; 10; 0; 14; 0; 0; 267; 3; 10; 0; 10; 0; 0; 0; 0; 0; 51; 9; 0; 0; 331; 12; 0; 0; 0
1972;08; 0; 0; 0; 280; 73; 63; 120; 0; 5; 0; 0; 0; 75; 7; 0; 0; 0; 0; 0; 0; 0; 0; 129; 79; 0; 0; 0; 0; 0; 79; 0
1972;09; 0; 0; 0; 0; 61; 121; 0; 0; 0; 0; 22; 0; 0; 0; 16; 0; 0; 0; 1; 0; 0; 25; 13; 9; 114; 2; 0; 167; 197; 100; 9999
1972;10; 0; 0; 0; 455; 197; 0; 123; 0; 4; 160; 266; 10; 0; 0; 273; 14; 5; 0; 0; 0; 0; 0; 0; 0; 0; 0; 0; 0; 75; 0; 0
1972;11; 0; 199; 41; 343; 55; 0; 0; 0; 26; 0; 29; 170; 0; 47; 339; 0; 0; 82; 237; 2; 7; 15; 16; 0; 0; 23; 38; 0; 0; 0; 9999
1972;12; 39; 0; 194; 165; 223; 156; 0; 0; 0; 0; 0; 7; 4; 6; 0; 0; 0; 0; 44; 11; 0; 0; 262; 89; 122; 0; 6; 0; 312; 0; 55
1973;01; 112; 312; 0; 27; 33; 0; 56; 0; 109; 246; 27; 191; 7; 0; 123; 536; 90; 14; 0; 0; 117; 8; 100; 116; 0; 41; 5; 0; 0; 1; 0
1973;02; 4; 1; 89; 30; 12; 0; 23; 0; 0; 0; 0; 0; 165; 445; 113; 54; 98; 43; 9; 240; 57; 0; 1; 1; 272; 0; 141; 0; 9999; 9999; 9999
1973;03; 0; 0; 2; 33; 86; 4; 2; 0; 104; 50; 1; 4; 3; 0; 0; 1; 2; 16; 0; 0; 73; 20; 367; 50; 0; 8; 0; 0; 1; 0; 146
1973;04; 337; 102; 25; 2; 0; 0; 0; 1; 0; 0; 1; 289; 106; 86; 0; 1; 0; 0; 12; 2; 0; 0; 0; 0; 0; 1; 0; 14; 0; 0; 9999
1973;05; 0; 1; 0; 9; 4; 0; 44; 5; 9; 65; 2; 105; 0; 0; 15; 0; 0; 1; 0; 0; 0; 247; 33; 1; 0; 8; 0; 0; 0; 0; 1
1973;06; 0; 0; 0; 0; 0; 0; 0; 0; 0; 0; 0; 0; 0; 0; 0; 0; 0; 49; 43; 0; 0; 0; 0; 0; 19; 2; 121; 0; 20; 0; 9999
1973;07; 0; 128; 441; 0; 0; 0; 0; 0; 0; 0; 0; 0; 0; 0; 0; 0; 0; 0; 4; 3; 16; 89; 0; 34; 0; 0; 0; 210; 27; 0; 0
1973;08; 0; 0; 0; 2; 25; 94; 0; 0; 0; 0; 0; 4; 0; 0; 0; 0; 0; 0; 0; 0; 4; 0; 6; 0; 0; 0; 15; 0; 38; 5; 5
1973;09; 3; 226; 32; 0; 0; 0; 15; 2; 0; 40; 0; 0; 3; 0; 72; 0; 0; 0; 0; 0; 85; 111; 59; 0; 3; 30; 0; 2; 3; 8; 9999
1973;10; 0; 0; 0; 0; 0; 0; 63; 82; 133; 12; 166; 83; 0; 10; 0; 0; 0; 0; 150; 0; 0; 0; 0; 30; 9; 4; 329; 1; 0; 0; 259
1973;11; 572; 44; 96; 3; 3; 0; 0; 0; 0; 0; 0; 0; 138; 95; 0; 0; 0; 261; 292; 3; 0; 0; 192; 0; 266; 11; 0; 283; 3; 0; 9999
1973;12; 0; 1; 0; 113; 9; 110; 248; 27; 12; 2; 0; 0; 0; 0; 0; 40; 250; 50; 11; 127; 54; 7; 0; 180; 313; 38; 0; 0; 0; 160; 308
1974;01; 123; 0; 0; 0; 0; 65; 276; 65; 146; 3; 25; 275; 36; 152; 119; 103; 2; 83; 81; 12; 0; 0; 92; 0; 0; 0; 179; 204; 97; 4; 134
1974;02; 3; 125; 59; 16; 0; 0; 0; 0; 0; 0; 0; 0; 37; 0; 324; 0; 0; 24; 0; 0; 536; 87; 14; 205; 85; 0; 0; 0; 9999; 9999; 9999
1974;03; 0; 273; 0; 0; 0; 0; 0; 102; 520; 57; 54; 200; 50; 89; 464; 0; 0; 208; 109; 221; 256; 13; 0; 0; 176; 163; 0; 0; 0; 0; 0
1974;04; 0; 0; 3; 0; 194; 29; 0; 0; 0; 0; 3; 92; 0; 165; 0; 0; 0; 0; 0; 23; 0; 0; 331; 0; 0; 68; 12; 6; 0; 0; 9999
1974;05; 0; 0; 0; 0; 0; 7; 0; 0; 0; 0; 0; 0; 13; 8; 0; 0; 0; 0; 0; 0; 0; 0; 0; 0; 0; 0; 0; 0; 0; 0; 0
1974;06; 0; 0; 11; 0; 0; 0; 55; 64; 0; 42; 45; 251; 38; 0; 0; 0; 0; 0; 24; 0; 0; 312; 14; 0; 276; 79; 84; 3; 0; 0; 9999
1974;07; 0; 0; 0; 0; 0; 0; 0; 0; 0; 0; 0; 0; 0; 0; 0; 0; 0; 0; 0; 0; 0; 0; 5; 0; 0; 0; 0; 0; 0; 0; 0
1974;08; 5; 0; 0; 0; 0; 0; 0; 0; 16; 15; 0; 0; 0; 0; 0; 40; 6; 0; 0; 0; 0; 0; 0; 0; 0; 0; 0; 0; 0; 0; 0
1974;09; 0; 6; 18; 60; 0; 0; 9; 0; 0; 0; 0; 0; 3; 0; 0; 0; 0; 0; 0; 9; 0; 0; 0; 0; 25; 0; 0; 2; 327; 5; 9999
1974;10; 16; 270; 17; 69; 164; 0; 0; 0; 0; 0; 0; 0; 0; 0; 0; 0; 0; 0; 95; 11; 0; 0; 0; 0; 280; 65; 28; 9; 151; 302; 0
1974;11; 0; 0; 0; 0; 0; 26; 244; 0; 0; 0; 0; 0; 104; 18; 0; 0; 0; 0; 0; 0; 373; 385; 82; 0; 0; 0; 0; 163; 36; 20; 9999
1974;12; 355; 0; 17; 139; 120; 2; 0; 0; 0; 0; 0; 0; 7; 365; 45; 37; 75; 86; 93; 39; 0; 154; 116; 112; 62; 0; 0; 0; 29; 44; 41
1975;01; 148; 43; 78; 0; 0; 0; 89; 16; 83; 0; 0; 11; 206; 430; 108; 0; 0; 0; 132; 77; 24; 3; 0; 0; 0; 45; 0; 7; 6; 96; 0
1975;02; 156; 107; 0; 77; 442; 204; 8; 149; 11; 94; 0; 0; 0; 0; 0; 0; 0; 0; 6; 202; 29; 164; 520; 17; 0; 156; 372; 590; 9999; 9999; 9999
1975;03; 9; 0; 0; 6; 0; 0; 0; 0; 433; 0; 0; 0; 0; 15; 0; 110; 0; 0; 0; 0; 4; 15; 3; 0; 450; 27; 3; 2; 0; 20; 104
1975;04; 12; 0; 0; 86; 9; 9; 0; 0; 0; 53; 112; 0; 0; 0; 0; 20; 0; 0; 0; 0; 0; 0; 0; 0; 0; 0; 0; 0; 0; 0; 9999
1975;05; 16; 0; 0; 128; 0; 158; 9; 18; 0; 0; 0; 0; 0; 0; 0; 0; 0; 2; 11; 0; 4; 0; 0; 0; 0; 16; 0; 0; 0; 0; 0
1975;06; 0; 0; 0; 0; 74; 5; 0; 0; 0; 0; 0; 0; 0; 0; 9; 0; 0; 0; 0; 0; 0; 0; 0; 0; 0; 0; 0; 0; 0; 0; 9999
1975;07; 0; 104; 0; 91; 0; 70; 0; 0; 0; 0; 0; 0; 0; 0; 0; 0; 195; 201; 0; 0; 0; 0; 0; 0; 0; 0; 0; 0; 0; 0; 0
