33
Ano,Mes,1,2,3,4,5,6,7,8,9,10,11,12,13,14,15,16,17,18,19,20,21,22,23,24,25,26,27,28,29,30,31
1971;12; 9999; 9999; 9999; 9999; 9999; 9999; 9999; 9999; 9999; 9999; 9999; 9999; 9999; 9999; 9999; 5; 0; 0; 0; 1; 1; 0; 55; 230; 16; 0; 50; 142; 110; 20; 182
1972;01; 0; 90; 0; 0; 5; 2; 63; 176; 53; 343; 45; 75; 34; 0; 0; 0; 0; 33; 0; 0; 131; 512; 670; 59; 8; 0; 63; 11; 0; 250; 49
1972;02; 0; 0; 314; 4; 0; 0; 0; 4; 241; 73; 6; 73; 131; 0; 84; 0; 202; 0; 4; 133; 100; 0; 0; 0; 0; 0; 74; 25; 0; 9999; 9999
1972;03; 0; 4; 272; 0; 0; 4; 0; 12; 4; 90; 122; 48; 18; 0; 0; 0; 0; 105; 61; 0; 0; 0; 0; 0; 0; 5; 8; 0; 0; 0; 20
1972;04; 212; 4; 0; 80; 133; 112; 0; 0; 5; 4; 26; 2; 0; 7; 0; 171; 68; 5; 5; 3; 2; 1; 2; 2; 0; 0; 0; 0; 3; 0; 9999
1972;05; 0; 0; 0; 0; 2; 0; 2; 4; 130; 113; 2; 2; 2; 2; 0; 2; 0; 0; 0; 240; 10; 10; 33; 42; 53; 64; 35; 4; 0; 0; 0
1972;06; 0; 0; 0; 0; 0; 0; 0; 0; 0; 0; 0; 0; 0; 5; 6; 3; 0; 0; 50; 0; 0; 0; 0; 0; 0; 0; 0; 0; 0; 0; 9999
1972;07; 0; 0; 0; 0; 0; 0; 0; 0; 0; 0; 0; 0; 407; 98; 20; 42; 0; 0; 0; 0; 0; 0; 37; 0; 0; 0; 100; 72; 0; 0; 0
1972;08; 0; 0; 0; 160; 145; 200; 0; 23; 34; 15; 0; 0; 10; 23; 30; 0; 0; 0; 0; 0; 0; 0; 202; 69; 0; 0; 10; 0; 0; 97; 0
1972;09; 0; 0; 0; 0; 0; 98; 83; 0; 0; 0; 30; 42; 20; 43; 78; 98; 64; 41; 0; 0; 12; 113; 150; 122; 144; 78; 0; 128; 220; 156; 9999
1972;10; 120; 0; 102; 624; 303; 28; 57; 73; 22; 144; 210; 83; 41; 17; 280; 78; 30; 0; 0; 0; 0; 0; 0; 0; 0; 5; 0; 128; 75; 0; 0
1972;11; 0; 330; 60; 53; 0; 0; 270; 152; 0; 0; 10; 87; 0; 10; 78; 97; 113; 98; 287; 10; 4; 14; 17; 0; 0; 0; 123; 0; 0; 0; 9999
1972;12; 0; 0; 0; 303; 70; 0; 0; 0; 0; 0; 0; 0; 35; 55; 0; 0; 0; 0; 0; 52; 0; 0; 262; 224; 202; 86; 0; 0; 0; 0; 142
1973;01; 0; 0; 0; 0; 40; 0; 112; 100; 212; 158; 20; 0; 0; 268; 304; 343; 140; 14; 23; 0; 621; 70; 78; 52; 0; 400; 30; 0; 10; 0; 0
1973;02; 0; 0; 0; 0; 0; 90; 108; 124; 0; 0; 0; 0; 628; 230; 228; 117; 274; 182; 50; 230; 140; 60; 10; 0; 0; 0; 0; 0; 9999; 9999; 9999
1973;03; 0; 0; 64; 82; 220; 30; 10; 0; 84; 72; 51; 68; 103; 20; 0; 0; 0; 0; 10; 11; 24; 192; 114; 50; 3; 0; 1; 0; 0; 2; 97
1973;04; 144; 54; 5; 2; 0; 1; 0; 152; 278; 28; 17; 2; 258; 84; 0; 0; 0; 0; 34; 0; 0; 23; 0; 0; 0; 0; 0; 0; 0; 0; 9999
1973;05; 364; 0; 0; 64; 34; 0; 0; 34; 33; 90; 3; 34; 0; 2; 34; 3; 1; 0; 0; 0; 0; 284; 46; 0; 0; 24; 0; 0; 3; 2; 0
1973;06; 0; 0; 0; 0; 0; 0; 0; 2; 0; 0; 3; 0; 0; 2; 4; 16; 0; 54; 6; 0; 2; 0; 0; 0; 126; 3; 132; 1; 4; 2; 9999
1973;07; 0; 80; 213; 1; 0; 0; 0; 0; 0; 0; 0; 3; 0; 0; 0; 0; 0; 91; 22; 10; 42; 50; 44; 134; 10; 2; 0; 223; 0; 10; 0
1973;08; 13; 0; 2; 0; 56; 63; 0; 0; 0; 0; 0; 0; 2; 0; 70; 3; 0; 0; 0; 12; 23; 18; 20; 22; 0; 0; 16; 21; 24; 12; 20
1973;09; 3; 137; 43; 0; 0; 0; 34; 12; 10; 28; 0; 0; 0; 0; 58; 0; 4; 2; 1; 35; 80; 263; 46; 0; 8; 6; 0; 3; 30; 45; 9999
1973;10; 10; 34; 28; 0; 0; 0; 30; 92; 43; 21; 146; 26; 3; 142; 35; 0; 0; 0; 194; 0; 0; 0; 0; 74; 18; 14; 321; 12; 0; 0; 127
1973;11; 142; 78; 46; 1; 6; 13; 3; 2; 0; 0; 0; 0; 34; 95; 43; 0; 0; 424; 732; 6; 3; 0; 0; 0; 394; 17; 0; 27; 7; 0; 9999
1973;12; 0; 0; 0; 308; 0; 142; 58; 93; 16; 0; 0; 0; 0; 0; 0; 13; 166; 22; 26; 235; 152; 6; 0; 62; 164; 19; 7; 0; 3; 417; 202
1974;01; 173; 28; 0; 0; 0; 0; 0; 116; 24; 6; 0; 346; 48; 67; 13; 327; 6; 458; 49; 19; 0; 0; 2; 3; 1; 42; 334; 213; 72; 0; 59
1974;02; 3; 82; 25; 0; 2; 4; 1; 0; 0; 0; 2; 0; 0; 0; 0; 3; 64; 29; 3; 0; 0; 382; 64; 28; 221; 36; 1; 0; 9999; 9999; 9999
1974;03; 0; 2; 0; 1; 0; 3; 1; 8; 0; 0; 189; 134; 296; 128; 12; 0; 0; 143; 136; 92; 327; 79; 3; 0; 16; 5; 2; 1; 0; 0; 0
1974;04; 0; 28; 6; 0; 785; 52; 0; 2; 0; 0; 5; 1; 0; 0; 2; 3; 1; 1; 0; 146; 15; 0; 2; 0; 82; 138; 15; 43; 6; 0; 9999
1974;05; 3; 0; 1; 2; 0; 37; 2; 0; 119; 3; 1; 4; 13; 1; 0; 0; 0; 0; 0; 7; 0; 0; 0; 0; 0; 0; 1; 26; 2; 5; 8
1974;06; 0; 0; 14; 0; 0; 0; 56; 124; 0; 29; 34; 163; 27; 14; 0; 0; 3; 1; 13; 0; 0; 214; 16; 0; 287; 113; 12; 36; 3; 2; 9999
1974;07; 0; 4; 2; 3; 0; 1; 0; 2; 0; 1; 3; 4; 0; 0; 0; 0; 0; 0; 0; 3; 5; 7; 23; 25; 8; 6; 2; 0; 0; 0; 0
1974;08; 0; 0; 0; 0; 0; 0; 0; 0; 38; 24; 0; 0; 0; 12; 0; 14; 0; 4; 3; 0; 2; 0; 0; 0; 0; 0; 0; 0; 0; 9; 5
1974;09; 14; 2; 48; 32; 3; 29; 73; 1; 5; 7; 0; 0; 0; 0; 0; 0; 0; 0; 6; 14; 2; 0; 0; 6; 4; 0; 0; 0; 400; 20; 9999
1974;10; 37; 350; 7; 92; 117; 3; 0; 1; 0; 2; 4; 3; 1; 0; 0; 2; 0; 0; 79; 10; 4; 0; 39; 0; 142; 59; 0; 24; 116; 184; 7
1974;11; 3; 0; 0; 0; 0; 7; 265; 0; 19; 0; 0; 0; 113; 0; 0; 0; 0; 0; 0; 0; 313; 83; 51; 0; 0; 0; 0; 77; 45; 0; 9999
1974;12; 77; 0; 59; 227; 75; 5; 0; 0; 0; 0; 17; 0; 5; 229; 153; 0; 237; 85; 287; 5; 0; 133; 0; 21; 0; 0; 0; 0; 237; 7; 0
1975;01; 105; 37; 35; 0; 0; 3; 33; 79; 36; 76; 0; 0; 471; 27; 13; 7; 1; 0; 635; 41; 119; 4; 2; 0; 7; 0; 0; 0; 51; 83; 119
1975;02; 0; 148; 6; 293; 337; 145; 3; 113; 75; 61; 2; 0; 2; 0; 0; 0; 0; 51; 0; 0; 0; 179; 127; 165; 0; 153; 41; 813; 9999; 9999; 9999
1975;03; 165; 141; 226; 0; 0; 0; 0; 81; 0; 0; 0; 0; 19; 0; 0; 0; 0; 0; 0; 0; 357; 37; 0; 0; 589; 69; 35; 0; 0; 0; 43
1975;04; 53; 0; 0; 193; 40; 0; 0; 0; 0; 31; 13; 0; 0; 0; 0; 39; 0; 0; 0; 0; 0; 0; 5; 1; 2; 0; 3; 0; 0; 0; 9999
1975;05; 18; 3; 0; 13; 2; 83; 32; 5; 2; 0; 0; 0; 3; 1; 0; 4; 0; 35; 413; 5; 0; 25; 0; 12; 0; 0; 0; 0; 0; 0; 11
1975;06; 4; 1; 0; 25; 117; 6; 0; 0; 0; 0; 0; 0; 0; 2; 34; 71; 3; 0; 1; 2; 0; 0; 0; 0; 0; 0; 0; 0; 1; 3; 9999
1975;07; 0; 247; 0; 77; 0; 78; 0; 0; 0; 0; 0; 0; 0; 0; 0; 0; 193; 224; 0; 0; 0; 0; 0; 0; 0; 0; 13; 0; 0; 0; 0
1975;08; 0; 0; 0; 0; 0; 0; 24; 11; 0; 0; 0; 0; 0; 0; 23; 2; 13; 47; 2; 0; 0; 0; 0; 0; 0; 0; 13; 4; 0; 0; 0
1975;09; 0; 3; 81; 2; 0; 0; 13; 21; 0; 0; 0; 0; 0; 0; 0; 23; 4; 6; 2; 0; 3; 61; 2; 98; 4; 24; 87; 134; 0; 23; 9999
1975;10; 133; 0; 273; 39; 52; 137; 2; 17; 0; 43; 52; 211; 23; 2; 21; 0; 0; 24; 447; 35; 53; 4; 0; 0; 0; 0; 0; 0; 0; 0; 37
1975;11; 23; 52; 163; 41; 35; 0; 75; 0; 0; 95; 0; 0; 0; 0; 0; 13; 24; 31; 223; 15; 129; 109; 75; 128; 32; 361; 56; 13; 122; 246; 9999
1975;12; 627; 13; 0; 0; 0; 21; 42; 277; 0; 279; 4; 1; 23; 641; 22; 0; 0; 0; 3; 324; 5; 2; 181; 53; 425; 43; 31; 347; 889; 25; 14
1976;01; 0; 0; 171; 53; 226; 0; 0; 0; 0; 0; 0; 0; 4; 0; 0; 0; 0; 0; 0; 122; 34; 547; 163; 12; 134; 179; 128; 3; 1282; 293; 4
1976;02; 0; 4; 129; 13; 3; 97; 327; 361; 3; 1; 12; 0; 0; 0; 0; 0; 3; 54; 21; 63; 52; 0; 261; 691; 0; 57; 347; 643; 45; 9999; 9999
1976;03; 3; 0; 93; 79; 0; 0; 0; 0; 0; 0; 14; 17; 0; 0; 173; 5; 0; 239; 0; 156; 34; 367; 2; 0; 57; 31; 36; 24; 11; 0; 0
1976;04; 0; 0; 3; 283; 4; 0; 0; 0; 0; 131; 145; 374; 242; 331; 457; 18; 0; 0; 0; 0; 0; 0; 63; 45; 0; 0; 0; 0; 0; 0; 9999
1976;05; 32; 3; 1; 0; 0; 0; 2; 0; 43; 62; 1; 289; 24; 12; 0; 0; 0; 14; 3; 26; 56; 167; 3; 0; 4; 81; 2; 117; 732; 0; 0
1976;06; 0; 3; 1; 0; 0; 517; 4; 1; 0; 2; 13; 26; 54; 3; 0; 0; 0; 0; 0; 0; 2; 0; 0; 0; 0; 0; 0; 0; 4; 7; 9999
1976;07; 78; 163; 786; 149; 0; 0; 0; 28; 145; 62; 13; 4; 0; 0; 0; 2; 0; 0; 6; 2; 0; 0; 0; 0; 0; 0; 0; 0; 0; 0; 0
1976;08; 0; 0; 0; 0; 0; 183; 54; 0; 0; 35; 87; 336; 225; 251; 163; 21; 0; 0; 0; 223; 284; 2; 0; 0; 0; 0; 0; 0; 13; 25; 3
1976;09; 0; 0; 0; 0; 54; 72; 46; 103; 5; 0; 0; 152; 224; 167; 48; 21; 34; 0; 0; 0; 0; 0; 32; 24; 0; 13; 37; 468; 4; 0; 9999
1976;10; 34; 65; 0; 0; 0; 0; 2; 4; 0; 255; 23; 0; 0; 0; 0; 0; 0; 26; 3; 71; 17; 5; 0; 2; 0; 0; 69; 0; 0; 0; 0
1976;11; 41; 0; 2; 0; 87; 167; 0; 0; 0; 0; 0; 0; 0; 119; 2; 0; 0; 0; 0; 159; 185; 3; 0; 0; 0; 0; 512; 0; 4; 0; 9999
1976;12; 0; 29; 35; 0; 0; 224; 0; 0; 485; 47; 0; 0; 0; 0; 0; 21; 0; 0; 113; 0; 0; 13; 11; 125; 451; 35; 6; 0; 123; 0; 0
1977;01; 319; 68; 114; 0; 85; 222; 824; 31; 0; 0; 0; 0; 0; 0; 0; 13; 124; 12; 712; 146; 9; 0; 0; 0; 0; 2; 124; 142; 0; 0; 23
1977;02; 267; 36; 0; 35; 0; 0; 19; 65; 1081; 17; 0; 0; 0; 0; 0; 0; 0; 0; 0; 0; 0; 0; 0; 0; 0; 0; 0; 0; 9999; 9999; 9999
1977;03; 0; 2; 0; 0; 312; 24; 2; 0; 0; 0; 0; 0; 0; 0; 0; 23; 133; 6; 0; 0; 135; 4; 0; 0; 0; 0; 0; 0; 193; 54; 21
1977;04; 235; 272; 86; 51; 24; 0; 0; 36; 412; 317; 85; 0; 0; 0; 0; 0; 0; 0; 114; 186; 145; 9; 3; 26; 12; 1; 0; 0; 0; 0; 9999
1977;05; 0; 34; 11; 34; 0; 0; 0; 0; 0; 0; 0; 0; 13; 0; 0; 0; 36; 62; 41; 3; 1; 0; 0; 0; 0; 0; 0; 0; 0; 0; 0
1977;06; 0; 0; 0; 0; 87; 113; 2; 64; 0; 0; 0; 0; 0; 0; 0; 0; 2; 0; 0; 0; 0; 0; 13; 0; 35; 0; 0; 0; 0; 0; 9999
1977;07; 0; 0; 0; 0; 0; 0; 0; 0; 0; 0; 0; 0; 0; 0; 0; 0; 0; 0; 0; 0; 0; 0; 0; 0; 3; 0; 0; 0; 0; 0; 0
1977;08; 0; 0; 12; 0; 0; 0; 0; 0; 32; 85; 0; 0; 0; 46; 32; 3; 0; 0; 39; 45; 0; 0; 0; 0; 0; 0; 0; 0; 0; 227; 49
1977;09; 0; 275; 3; 0; 0; 0; 113; 126; 1; 0; 0; 0; 0; 0; 0; 0; 0; 0; 63; 0; 0; 0; 64; 89; 203; 0; 0; 0; 0; 13; 9999
1977;10; 0; 535; 13; 82; 27; 3; 0; 0; 0; 0; 0; 0; 53; 21; 0; 0; 43; 29; 4; 2; 0; 0; 0; 0; 0; 0; 81; 3; 229; 0; 0
1977;11; 0; 168; 0; 0; 2; 0; 0; 0; 0; 0; 0; 64; 343; 21; 169; 118; 2; 0; 0; 0; 0; 29; 9; 47; 13; 196; 2; 344; 48; 1; 9999
1977;12; 131; 139; 65; 0; 0; 332; 15; 279; 73; 7; 3; 45; 3; 0; 0; 0; 0; 0; 32; 589; 28; 337; 3; 69; 0; 0; 0; 0; 0; 0; 0
1978;01; 456; 134; 99; 0; 0; 0; 64; 0; 0; 51; 47; 8; 0; 6; 0; 373; 71; 4; 1; 0; 28; 0; 0; 1; 0; 0; 0; 0; 95; 15; 0
1978;02; 0; 0; 0; 0; 5; 312; 213; 1; 0; 0; 0; 0; 0; 37; 0; 21; 269; 69; 15; 0; 112; 489; 5; 0; 0; 0; 0; 0; 9999; 9999; 9999
1978;03; 13; 2; 0; 389; 279; 78; 85; 645; 489; 95; 0; 0; 0; 0; 0; 0; 0; 0; 0; 0; 0; 0; 0; 0; 4; 0; 0; 3; 0; 236; 0
1978;04; 16; 2; 0; 0; 0; 0; 0; 0; 0; 0; 0; 0; 1; 0; 0; 0; 0; 0; 0; 0; 0; 0; 146; 0; 3; 1; 0; 0; 0; 0; 9999
1978;05; 85; 19; 4; 0; 2; 0; 0; 0; 4; 2; 0; 0; 1; 0; 0; 22; 324; 343; 121; 0; 129; 59; 0; 0; 0; 0; 0; 0; 0; 0; 0
1978;06; 1; 3; 0; 0; 0; 0; 0; 1; 562; 5; 0; 0; 0; 1; 0; 0; 0; 0; 0; 0; 3; 0; 0; 0; 0; 0; 0; 0; 0; 0; 9999
1978;07; 0; 0; 0; 17; 0; 0; 0; 0; 0; 0; 0; 0; 16; 4; 0; 121; 3; 7; 3; 0; 48; 56; 313; 117; 16; 0; 0; 2; 0; 0; 0
1978;08; 0; 0; 0; 0; 0; 0; 0; 0; 0; 0; 0; 0; 10; 35; 15; 0; 2; 0; 0; 2; 0; 3; 2; 63; 33; 18; 0; 2; 2; 0; 24
1978;09; 21; 112; 1; 76; 235; 25; 1; 1; 6; 2; 0; 1; 0; 0; 2; 0; 0; 1; 1; 2; 0; 0; 1; 2; 2; 2; 2; 1; 0; 0; 9999
1978;10; 0; 1; 0; 1; 2; 1; 0; 11; 0; 1; 17; 1; 2; 27; 1; 32; 56; 35; 175; 107; 1; 16; 0; 2; 0; 0; 2; 195; 1; 222; 0
1978;11; 64; 2; 57; 2; 385; 544; 3; 2; 0; 2; 165; 1; 0; 0; 0; 2; 71; 1; 0; 55; 0; 39; 11; 138; 5; 1; 0; 587; 3; 0; 9999
1978;12; 0; 3; 1; 0; 1; 0; 60; 16; 87; 3; 8; 1; 0; 1; 206; 2; 124; 110; 49; 4; 3; 2; 0; 0; 0; 0; 670; 182; 60; 241; 400
1979;01; 1; 115; 116; 280; 7; 3; 2; 2; 7; 4; 0; 67; 3; 1; 2; 1; 7; 1; 9; 3; 84; 63; 0; 2; 1; 2; 1; 198; 80; 70; 2
1979;02; 1; 3; 8; 1; 8; 11; 1; 0; 1; 230; 176; 76; 53; 85; 19; 2; 0; 7; 38; 19; 0; 63; 164; 2; 0; 42; 117; 44; 9999; 9999; 9999
1979;03; 149; 30; 8; 1; 1; 1; 1; 2; 2; 0; 189; 0; 415; 88; 13; 2; 16; 4; 7; 0; 1; 1; 0; 1; 286; 55; 71; 2; 1; 2; 2
1979;04; 3; 2; 2; 194; 194; 2; 61; 8; 68; 2; 2; 3; 19; 0; 2; 2; 3; 2; 3; 3; 0; 2; 20; 264; 56; 3; 3; 1; 2; 57; 9999
1979;05; 1; 0; 2; 119; 63; 1; 51; 60; 7; 48; 4; 2; 13; 7; 368; 11; 3; 4; 2; 2; 0; 3; 0; 348; 4; 0; 2; 3; 0; 232; 15
1979;06; 3; 3; 4; 3; 2; 0; 1; 2; 11; 2; 0; 2; 1; 12; 22; 3; 2; 4; 0; 4; 3; 2; 4; 2; 1; 3; 2; 8; 2; 0; 9999
1979;07; 2; 2; 0; 0; 2; 3; 31; 2; 166; 133; 55; 28; 5; 3; 0; 2; 11; 4; 5; 110; 2; 0; 2; 2; 0; 103; 9; 0; 1; 3; 2
1979;08; 3; 3; 2; 0; 0; 0; 2; 1; 1; 3; 3; 14; 70; 3; 54; 3; 3; 11; 247; 45; 143; 112; 2; 0; 0; 0; 92; 3; 1; 3; 1
1979;09; 0; 105; 159; 75; 35; 20; 4; 2; 0; 0; 4; 435; 3; 166; 9; 30; 1; 79; 47; 9; 0; 2; 165; 0; 3; 2; 0; 2; 0; 0; 9999
1979;10; 1; 10; 15; 2; 2; 248; 492; 502; 153; 8; 1; 2; 1; 131; 5; 31; 0; 4; 4; 0; 0; 2; 0; 1; 51; 0; 0; 2; 5; 76; 153
1979;11; 2; 48; 82; 16; 2; 2; 1; 8; 9999; 92; 507; 12; 3; 0; 64; 9; 3; 0; 146; 4; 1; 0; 69; 0; 82; 96; 78; 3; 3; 2; 9999
1979;12; 2; 31; 2; 185; 71; 1; 2; 2; 2; 0; 24; 369; 33; 0; 10; 256; 119; 2; 5; 0; 10; 0; 19; 29; 64; 48; 15; 6; 2; 2; 0
1980;01; 626; 3; 2; 6; 3; 2; 2; 142; 130; 225; 1; 42; 16; 299; 4; 3; 7; 665; 286; 1; 19; 158; 62; 6; 146; 333; 60; 0; 2; 3; 0
1980;02; 125; 118; 165; 140; 3; 1; 2; 6; 2; 0; 0; 1; 64; 180; 3; 83; 281; 165; 12; 1441; 20; 1; 40; 87; 102; 291; 14; 32; 54; 9999; 9999
1980;03; 2; 2; 3; 3; 2; 3; 0; 233; 2; 311; 94; 3; 0; 56; 4; 122; 128; 2; 2; 3; 3; 2; 2; 2; 3; 52; 2; 1; 1; 173; 986
1980;04; 38; 2; 5; 85; 91; 74; 2; 7; 0; 311; 8; 0; 53; 23; 282; 82; 12; 2; 3; 4; 3; 3; 2; 3; 4; 3; 2; 0; 2; 2; 9999
1980;05; 2; 5; 20; 1; 2; 0; 2; 4; 1; 2; 0; 34; 1; 3; 2; 3; 2; 2; 0; 3; 1; 0; 37; 0; 5; 2; 2; 3; 2; 2; 1
1980;06; 2; 1; 5; 29; 4; 2; 3; 3; 3; 2; 1; 0; 0; 23; 0; 3; 3; 4; 3; 1; 40; 38; 52; 2; 1; 164; 173; 3; 3; 4; 9999
1980;07; 0; 6; 48; 38; 17; 6; 2; 3; 1; 0; 4; 3; 3; 0; 6; 9; 2; 3; 3; 3; 0; 4; 3; 2; 3; 2; 0; 23; 0; 0; 137
1980;08; 17; 3; 1; 3; 1; 0; 1; 2; 3; 5; 19; 16; 7; 2; 3; 28; 15; 176; 2; 2; 12; 0; 16; 12; 1; 62; 34; 21; 1; 2; 3
1980;09; 1; 0; 2; 0; 2; 0; 1; 2; 0; 13; 26; 6; 0; 23; 0; 76; 6; 81; 26; 10; 170; 65; 3; 0; 2; 16; 0; 9; 4; 0; 9999
1980;10; 0; 2; 2; 1; 2; 41; 11; 121; 42; 2; 3; 110; 118; 25; 7; 0; 0; 2; 7; 0; 0; 0; 27; 11; 4; 1; 1; 9999; 2; 0; 54
1980;11; 18; 0; 0; 0; 0; 2; 0; 195; 177; 32; 496; 26; 4; 0; 0; 2; 4; 2; 2; 34; 1; 0; 116; 108; 192; 1; 2; 0; 8; 190; 9999
1980;12; 261; 89; 6; 5; 118; 244; 0; 118; 0; 143; 5; 275; 438; 54; 34; 0; 0; 0; 0; 0; 0; 228; 106; 47; 285; 6; 242; 161; 148; 34; 0
1981;01; 9; 8; 0; 0; 0; 85; 44; 2; 9; 0; 3; 67; 12; 66; 431; 75; 20; 0; 187; 20; 34; 145; 5; 0; 0; 0; 2; 0; 0; 1; 7
1981;02; 12; 0; 2; 19; 0; 29; 41; 1; 0; 1; 45; 13; 2; 1; 2; 1; 2; 3; 2; 2; 1; 1; 1; 2; 2; 0; 2; 2; 9999; 9999; 9999
1981;03; 0; 2; 1; 20; 13; 8; 2; 1; 141; 3; 2; 3; 2; 2; 0; 93; 225; 45; 42; 12; 2; 6; 2; 3; 0; 1; 1; 76; 103; 383; 2
1981;04; 0; 15; 3; 1; 1; 1; 4; 1; 2; 7; 3; 2; 2; 3; 0; 466; 493; 180; 48; 2; 2; 5; 2; 1; 21; 84; 2; 40; 0; 22; 9999
1981;05; 3; 1; 0; 527; 2; 4; 3; 4; 3; 2; 3; 3; 5; 2; 1; 1; 40; 48; 2; 21; 209; 3; 3; 4; 2; 3; 2; 2; 4; 3; 2
1981;06; 3; 4; 0; 29; 9; 1; 30; 422; 3; 4; 1; 2; 1; 1; 0; 60; 8; 0; 0; 2; 0; 1; 1; 3; 1; 3; 2; 0; 1; 2; 9999
1981;07; 0; 0; 122; 123; 5; 3; 9; 3; 4; 4; 3; 1; 0; 2; 0; 0; 0; 4; 614; 48; 8; 2; 2; 30; 619; 15; 2; 1; 3; 4; 2
1981;08; 1; 2; 1; 1; 2; 2; 2; 0; 4; 87; 556; 2; 342; 6; 3; 2; 0; 500; 7; 2; 7; 0; 1; 2; 2; 1; 1; 0; 0; 2; 9
1981;09; 122; 2; 2; 41; 0; 1; 1; 3; 0; 0; 0; 0; 0; 0; 0; 0; 0; 0; 0; 0; 0; 0; 0; 0; 0; 0; 0; 0; 309; 29; 9999
1981;10; 26; 1; 0; 120; 7; 1; 41; 143; 6; 9; 5; 4; 22; 14; 0; 211; 0; 2; 29; 427; 2; 2; 2; 3; 2; 0; 305; 122; 58; 109; 153
1981;11; 0; 34; 35; 110; 21; 2; 0; 4; 4; 478; 46; 13; 25; 4; 0; 0; 94; 2; 1; 56; 40; 1; 3; 1; 3; 35; 16; 2; 0; 27; 9999
1981;12; 55; 75; 33; 15; 0; 0; 15; 163; 457; 150; 4; 0; 0; 2; 40; 150; 9; 0; 0; 0; 0; 76; 0; 11; 13; 6; 0; 0; 5; 2; 2
1982;01; 1; 320; 55; 10; 20; 0; 1; 2; 56; 470; 40; 430; 13; 2; 2; 2; 2; 2; 2; 1; 0; 9999; 80; 92; 4; 0; 0; 0; 4; 0; 0
1982;02; 0; 0; 0; 0; 207; 591; 587; 39; 9; 2; 24; 3; 2; 0; 0; 4; 1; 0; 1; 36; 0; 0; 496; 290; 183; 2; 75; 295; 9999; 9999; 9999
1982;03; 9; 0; 67; 34; 1; 0; 0; 8; 1; 83; 3; 17; 11; 7; 9; 193; 3; 11; 28; 4; 2; 66; 51; 16; 15; 53; 87; 4; 3; 0; 8
1982;04; 2; 36; 0; 3; 7; 38; 129; 6; 9; 4; 2; 3; 36; 1; 268; 4; 31; 6; 5; 3; 2; 1; 37; 8; 2; 3; 9; 4; 31; 8; 9999
1982;05; 3; 2; 3; 79; 14; 4; 3; 4; 3; 2; 4; 2; 3; 1; 2; 3; 0; 3; 24; 265; 2; 1; 0; 0; 89; 131; 66; 3; 4; 0; 1
1982;06; 2; 3; 0; 1; 14; 271; 3; 0; 2; 3; 23; 125; 155; 256; 3; 45; 12; 0; 3; 0; 21; 290; 143; 0; 174; 461; 0; 0; 166; 2; 9999
1982;07; 61; 2; 0; 1; 0; 1; 2; 0; 4; 0; 0; 2; 2; 0; 0; 1; 0; 0; 4; 85; 0; 2; 0; 0; 0; 0; 2; 1; 0; 9999; 16
1982;08; 2; 0; 402; 3; 2; 1; 0; 0; 0; 2; 408; 64; 1; 0; 1; 2; 1; 2; 3; 2; 3; 1; 2; 3; 0; 0; 2; 4; 0; 0; 1
1982;09; 2; 3; 0; 0; 0; 402; 64; 2; 0; 0; 0; 0; 1; 9; 1; 0; 0; 2; 4; 1; 1; 2; 0; 0; 0; 0; 0; 74; 3; 9; 9999
1982;10; 0; 9; 4; 2; 0; 2; 3; 304; 323; 2; 124; 0; 202; 3; 1; 0; 0; 13; 1; 2; 0; 46; 0; 8; 0; 9; 0; 0; 9999; 108; 0
1982;11; 0; 7; 6; 0; 1; 0; 0; 1; 1; 0; 1; 1; 3; 202; 307; 104; 2; 3; 0; 4; 16; 3; 1; 1; 1; 1; 4; 3; 5; 0; 9999
1982;12; 2; 0; 306; 102; 0; 0; 108; 205; 0; 1; 0; 205; 9; 7; 6; 105; 3; 5; 6; 201; 3; 7; 1; 0; 2; 3; 5; 3; 2; 408; 0
1983;01; 0; 0; 0; 4; 202; 6; 5; 0; 93; 0; 0; 8; 57; 81; 15; 1; 1; 101; 4; 208; 24; 2; 0; 0; 0; 0; 0; 308; 105; 0; 27
1983;02; 104; 1008; 27; 0; 0; 0; 0; 0; 151; 7; 71; 4; 93; 92; 6; 0; 0; 0; 0; 0; 0; 0; 0; 14; 2; 0; 16; 203; 9999; 9999; 9999
1983;03; 0; 108; 102; 86; 1; 2; 307; 205; 1; 0; 0; 0; 3; 27; 26; 0; 0; 0; 102; 406; 17; 103; 13; 2; 1; 3; 2; 0; 0; 0; 0
1983;04; 0; 0; 0; 0; 0; 405; 406; 17; 0; 0; 0; 0; 6; 6; 0; 0; 2; 1; 401; 202; 5; 102; 200; 3; 205; 106; 0; 0; 0; 0; 9999
1983;05; 0; 0; 0; 0; 0; 0; 0; 0; 1; 0; 0; 7; 73; 1; 0; 0; 1; 9999; 0; 0; 0; 0; 0; 1; 2; 2; 0; 4; 206; 204; 308
1983;06; 207; 5; 137; 163; 202; 203; 87; 402; 608; 3; 302; 2; 0; 0; 0; 0; 0; 0; 0; 0; 0; 0; 0; 0; 0; 4; 1; 0; 3; 0; 9999
1983;07; 1; 1; 0; 0; 0; 0; 0; 0; 0; 0; 0; 0; 0; 0; 0; 1; 2; 3; 2; 1; 8; 2; 1; 0; 0; 0; 0; 0; 0; 0; 0
1983;08; 0; 75; 2; 1; 2; 1; 0; 0; 0; 42; 0; 1; 0; 1; 1; 0; 17; 2; 2; 1; 2; 1; 0; 0; 0; 0; 0; 0; 0; 7; 1
1983;09; 1; 2; 3; 306; 2; 3; 4; 2; 8; 3; 4; 3; 2; 0; 101; 5; 6; 9; 253; 4; 6; 103; 81; 64; 1; 2; 0; 0; 1; 0; 9999
1983;10; 1; 3; 4; 2; 0; 0; 0; 0; 0; 0; 0; 0; 0; 0; 0; 0; 0; 403; 9999; 9999; 0; 403; 308; 109; 2; 0; 0; 3; 9999; 308; 9999
1983;11; 1; 306; 308; 0; 0; 0; 1; 0; 0; 30; 300; 59; 0; 9999; 69; 307; 308; 306; 0; 103; 9999; 9999; 278; 21; 0; 0; 10; 0; 0; 0; 9999
1983;12; 1; 304; 1; 2; 7; 500; 500; 77; 1; 108; 3; 4; 1; 3; 1; 7; 0; 3; 2; 2; 4; 7; 6; 905; 2; 3; 101; 104; 6; 4; 191
1984;01; 82; 1; 1; 5; 0; 331; 56; 2; 0; 281; 0; 0; 0; 0; 0; 2; 0; 0; 0; 0; 208; 242; 234; 5; 0; 702; 292; 84; 123; 147; 297
1984;02; 0; 7; 1; 1; 0; 0; 2; 187; 11; 0; 1; 0; 1; 1; 1; 1; 1; 2; 2; 0; 1; 1; 3; 1; 2; 0; 112; 2; 0; 9999; 9999
1984;03; 4; 0; 2; 0; 1; 32; 34; 34; 23; 4; 3; 0; 0; 0; 0; 0; 0; 2; 0; 12; 39; 42; 7; 1; 1; 2; 1; 2; 0; 197; 300
1984;04; 2; 0; 0; 907; 71; 1; 1; 6; 0; 1; 40; 0; 2; 1; 0; 60; 25; 1; 5; 6; 3; 1; 1; 1; 325; 7; 1; 29; 1; 12; 9999
1984;05; 3; 100; 55; 33; 1; 3; 1; 1; 41; 1; 1; 129; 75; 15; 95; 1; 0; 110; 2; 3; 1; 2; 1; 0; 3; 2; 2; 2; 0; 0; 3
1984;06; 1; 2; 3; 3; 2; 3; 3; 2; 1; 11; 0; 3; 2; 6; 1; 1; 1; 1; 2; 3; 2; 3; 2; 2; 2; 2; 0; 3; 3; 1; 9999
1984;07; 0; 1; 2; 148; 1; 0; 0; 3; 3; 2; 2; 2; 1; 12; 3; 11; 2; 3; 2; 2; 14; 60; 45; 2; 6; 0; 0; 59; 24; 38; 0
1984;08; 2; 2; 318; 82; 2; 1; 1; 4; 3; 2; 1; 8; 2; 4; 30; 18; 15; 1; 20; 1; 1; 191; 340; 3; 67; 158; 3; 0; 2; 0; 1
1984;09; 0; 2; 1; 2; 1; 0; 17; 54; 205; 2; 2; 0; 1; 1; 0; 0; 0; 0; 0; 260; 440; 3; 9; 3; 3; 53; 413; 14; 1; 1; 9999
1984;10; 2; 0; 1; 0; 2; 0; 18; 5; 2; 14; 0; 1; 0; 0; 1; 3; 0; 0; 178; 125; 4; 1; 1; 1; 0; 0; 0; 1; 1; 1; 2
1984;11; 46; 1; 13; 0; 12; 6; 2; 0; 0; 75; 5; 238; 114; 53; 6; 2; 1; 359; 5; 6; 53; 10; 1; 0; 0; 73; 18; 1; 1; 0; 9999
1984;12; 50; 163; 20; 20; 3; 0; 50; 98; 23; 0; 1; 0; 93; 77; 123; 6; 57; 58; 4; 2; 1; 42; 1; 1; 0; 124; 0; 24; 11; 24; 110
1985;01; 42; 99; 210; 2; 3; 0; 414; 39; 335; 9; 0; 0; 2; 36; 1; 0; 320; 61; 3; 5; 17; 0; 484; 220; 6; 95; 11; 3; 5; 1; 1
1985;02; 1; 63; 10; 230; 157; 19; 0; 0; 195; 0; 382; 2; 413; 578; 127; 2; 1; 76; 2; 2; 28; 9; 405; 41; 2; 35; 0; 315; 9999; 9999; 9999
1985;03; 10; 2; 1; 3; 5; 175; 6; 0; 1; 0; 146; 1; 0; 0; 1; 380; 120; 457; 1; 1; 0; 0; 82; 1; 0; 126; 3; 3; 0; 2; 235
1985;04; 270; 1; 3; 51; 351; 102; 3; 0; 0; 2; 45; 173; 64; 11; 3; 21; 27; 0; 230; 12; 2; 3; 2; 3; 2; 3; 2; 2; 1; 1; 9999
1985;05; 250; 60; 3; 2; 3; 3; 2; 2; 0; 132; 2; 0; 0; 3; 2; 2; 2; 3; 2; 0; 223; 226; 0; 0; 3; 2; 2; 3; 3; 2; 1
1985;06; 3; 1; 32; 132; 7; 0; 2; 1; 32; 42; 54; 7; 6; 2; 2; 1; 0; 2; 4; 1; 1; 2; 1; 2; 2; 2; 0; 2; 3; 2; 9999
1985;07; 0; 1; 0; 2; 2; 0; 5; 0; 0; 2; 6; 4; 2; 2; 3; 1; 2; 2; 2; 1; 2; 2; 3; 2; 2; 2; 2; 2; 2; 1; 1
1985;08; 1; 3; 2; 1; 1; 2; 2; 1; 2; 2; 0; 8; 1; 52; 0; 3; 1; 0; 1; 0; 9; 8; 50; 20; 2; 3; 0; 0; 10; 0; 6
1985;09; 130; 167; 15; 145; 71; 53; 2; 1; 2; 2; 3; 3; 2; 2; 0; 1; 1; 23; 7; 3; 104; 7; 1; 210; 4; 2; 3; 21; 3; 101; 9999
1985;10; 0; 3; 2; 2; 3; 3; 2; 26; 3; 26; 2; 0; 0; 1; 3; 3; 2; 8; 2; 1; 3; 11; 3; 0; 107; 6; 5; 0; 128; 28; 0
1985;11; 1; 30; 77; 58; 38; 2; 1; 0; 3; 2; 2; 1; 2; 4; 2; 3; 3; 1; 3; 2; 0; 15; 6; 267; 26; 87; 17; 41; 2; 2; 9999
1985;12; 0; 0; 28; 308; 28; 2; 2; 3; 3; 3; 3; 17; 1; 103; 208; 3; 2; 2; 3; 1; 34; 0; 0; 3; 104; 155; 403; 0; 0; 0; 1
1986;01; 1; 0; 43; 3; 26; 241; 2; 0; 7; 471; 147; 82; 2; 3; 1; 2; 55; 0; 0; 33; 0; 132; 37; 160; 8; 1; 32; 3; 2; 2; 1
1986;02; 2; 0; 475; 25; 1; 1; 315; 0; 195; 268; 95; 164; 82; 134; 415; 324; 3; 67; 13; 296; 134; 286; 49; 38; 2; 209; 51; 0; 9999; 9999; 9999
1986;03; 116; 480; 58; 0; 20; 4; 97; 264; 1; 0; 176; 0; 183; 3; 2; 2; 147; 91; 65; 76; 2; 1; 0; 203; 133; 1; 627; 1; 1; 177; 2
1986;04; 2; 2; 2; 2; 2; 2; 17; 69; 12; 2; 0; 3; 1; 1; 169; 347; 16; 0; 2; 0; 0; 30; 0; 18; 0; 0; 242; 68; 31; 10; 9999
1986;05; 1; 2; 2; 1; 2; 1; 4; 28; 116; 96; 84; 0; 213; 1; 17; 0; 1; 0; 251; 1; 1; 4; 1; 1; 0; 7; 149; 9; 1; 1; 90
1986;06; 1; 3; 1; 1; 2; 1; 0; 36; 0; 1; 1; 1; 1; 0; 1; 1; 1; 1; 1; 1; 1; 1; 1; 1; 14; 15; 33; 2; 0; 0; 9999
1986;07; 0; 11; 33; 0; 0; 6; 155; 5; 1; 1; 0; 0; 0; 0; 0; 0; 1; 1; 1; 0; 3; 72; 93; 0; 0; 2; 1; 1; 0; 1; 12
1986;08; 120; 2; 1; 0; 0; 0; 1; 2; 1; 0; 0; 6; 7; 237; 2; 39; 42; 4; 8; 6; 155; 112; 245; 14; 12; 1; 3; 1; 1; 1; 23
1986;09; 6; 2; 1; 0; 9; 10; 1; 0; 1; 2; 3; 3; 1; 1; 1; 0; 2; 2; 8; 36; 99; 8; 0; 1; 23; 101; 35; 8; 94; 2; 9999
1986;10; 0; 0; 0; 0; 0; 1; 1; 2; 1; 12; 76; 24; 1; 7; 3; 0; 1; 4; 91; 57; 62; 24; 160; 1; 1; 0; 1; 1; 0; 30; 2
1986;11; 200; 0; 208; 44; 0; 364; 342; 22; 4; 36; 406; 203; 37; 0; 0; 0; 0; 0; 0; 52; 0; 0; 0; 9; 2; 26; 7; 6; 96; 4; 9999
1986;12; 118; 702; 54; 10; 113; 126; 1; 322; 73; 1; 1; 13; 1; 205; 22; 3; 43; 32; 333; 122; 1; 137; 3; 324; 75; 123; 8; 1; 232; 70; 0
1987;01; 9; 253; 212; 0; 0; 80; 0; 0; 1; 2; 7; 83; 1; 0; 0; 0; 157; 1; 147; 1; 1; 1; 95; 319; 313; 529; 1; 63; 20; 43; 222
1987;02; 46; 0; 226; 92; 61; 0; 0; 0; 8; 180; 7; 42; 166; 6; 5; 107; 162; 184; 7; 21; 1; 0; 0; 0; 0; 0; 0; 0; 9999; 9999; 9999
1987;03; 0; 0; 1; 0; 0; 0; 0; 82; 91; 220; 176; 1; 0; 0; 0; 4; 88; 1; 104; 0; 0; 0; 0; 0; 0; 0; 0; 180; 1; 2; 1
1987;04; 0; 2; 245; 174; 225; 197; 1; 2; 2; 1; 313; 88; 1; 0; 0; 0; 0; 1; 1; 2; 180; 1; 1; 1; 72; 13; 25; 12; 2; 1; 9999
1987;05; 1; 1; 2; 1; 289; 171; 1; 2; 311; 1; 1; 47; 1; 1; 0; 245; 0; 80; 17; 199; 498; 80; 1; 1; 43; 7; 10; 28; 7; 13; 15
1987;06; 2; 1; 8; 0; 1; 1; 27; 24; 2; 13; 3; 4; 20; 330; 808; 415; 1; 8; 1; 0; 0; 1; 207; 14; 1; 0; 0; 0; 1; 0; 9999
1987;07; 1; 0; 1; 0; 1; 1; 0; 0; 70; 0; 0; 0; 1; 0; 0; 0; 0; 0; 0; 12; 3; 35; 1; 1; 0; 0; 0; 0; 0; 0; 33
1987;08; 24; 0; 1; 1; 0; 2; 0; 0; 0; 0; 0; 1; 0; 0; 0; 0; 42; 1; 9; 5; 0; 23; 34; 0; 2; 2; 2; 3; 0; 0; 15
1987;09; 73; 0; 20; 2; 0; 82; 31; 0; 0; 0; 26; 130; 0; 0; 0; 9; 21; 41; 0; 21; 69; 46; 21; 23; 13; 0; 133; 7; 0; 40; 9999
1987;10; 0; 65; 43; 22; 0; 230; 0; 0; 0; 0; 0; 2; 0; 59; 5; 0; 39; 3; 55; 79; 92; 98; 3; 0; 660; 20; 0; 0; 0; 6; 8
1987;11; 0; 0; 0; 4; 0; 0; 0; 8; 0; 60; 12; 0; 0; 0; 129; 60; 6; 1; 0; 0; 0; 8; 2; 0; 39; 60; 12; 0; 0; 0; 9999
1987;12; 0; 0; 0; 295; 220; 2; 0; 0; 12; 27; 0; 0; 14; 85; 0; 0; 0; 55; 390; 0; 0; 31; 0; 21; 6; 2; 0; 0; 147; 430; 0
1988;01; 65; 0; 0; 0; 340; 122; 231; 0; 56; 142; 0; 0; 0; 66; 0; 142; 275; 78; 5; 0; 0; 39; 255; 22; 122; 58; 400; 43; 28; 15; 80
1988;02; 427; 64; 4; 0; 452; 16; 13; 391; 142; 67; 128; 23; 0; 0; 381; 0; 122; 253; 7; 42; 206; 0; 6; 0; 2; 0; 180; 182; 55; 9999; 9999
1988;03; 459; 327; 208; 47; 0; 0; 0; 7; 104; 0; 0; 3; 0; 2; 0; 0; 79; 653; 281; 0; 0; 2; 0; 0; 0; 0; 0; 0; 0; 2; 0
1988;04; 0; 221; 47; 0; 52; 3; 0; 281; 56; 8; 0; 0; 39; 347; 4; 0; 189; 0; 186; 572; 18; 3; 13; 0; 0; 139; 0; 51; 44; 16; 9999
1988;05; 0; 0; 0; 0; 62; 168; 33; 0; 28; 2; 2; 1; 31; 73; 3; 0; 146; 83; 10; 0; 3; 61; 298; 566; 79; 0; 0; 0; 17; 323; 61
1988;06; 3; 2; 0; 109; 2; 0; 0; 1; 1; 0; 7; 3; 5; 237; 86; 3; 12; 0; 0; 0; 2; 0; 0; 0; 123; 21; 0; 5; 0; 0; 9999
1988;07; 0; 0; 0; 0; 0; 0; 0; 8; 6; 5; 0; 40; 29; 32; 3; 5; 0; 0; 0; 0; 0; 4; 0; 0; 52; 23; 2; 0; 0; 3; 0
1988;08; 0; 0; 2; 4; 0; 0; 0; 0; 0; 0; 114; 0; 0; 0; 0; 0; 0; 0; 0; 3; 0; 5; 0; 3; 0; 0; 3; 0; 0; 0; 0
1988;09; 0; 36; 0; 0; 0; 0; 0; 0; 0; 0; 0; 0; 0; 0; 136; 75; 34; 103; 3; 0; 4; 4; 0; 0; 0; 0; 0; 12; 87; 2; 9999
1988;10; 0; 0; 2; 9; 45; 0; 0; 0; 0; 2; 4; 4; 180; 33; 2; 2; 13; 0; 0; 527; 12; 8; 11; 2; 0; 453; 90; 63; 0; 0; 52
1988;11; 222; 5; 7; 2; 0; 12; 4; 77; 0; 0; 10; 0; 139; 0; 0; 19; 0; 0; 0; 272; 0; 16; 0; 0; 0; 0; 65; 55; 0; 5; 9999
1988;12; 0; 126; 4; 1; 0; 0; 0; 0; 0; 0; 0; 0; 0; 0; 152; 2; 3; 0; 181; 71; 1298; 426; 6; 273; 109; 91; 44; 0; 0; 17; 4
1989;01; 26; 12; 0; 10; 189; 482; 183; 63; 43; 466; 512; 79; 24; 147; 0; 79; 0; 0; 51; 8; 0; 18; 209; 38; 29; 112; 0; 110; 0; 7; 0
1989;02; 0; 0; 94; 363; 348; 20; 0; 0; 154; 26; 145; 388; 4; 84; 200; 0; 0; 0; 0; 0; 0; 0; 0; 0; 105; 308; 85; 0; 9999; 9999; 9999
1989;03; 4; 0; 57; 439; 0; 2; 5; 197; 1062; 161; 0; 0; 140; 95; 37; 0; 2; 213; 203; 0; 88; 140; 31; 2; 0; 139; 11; 0; 0; 0; 199
1989;04; 8; 135; 17; 2; 0; 0; 18; 0; 1; 0; 0; 641; 53; 0; 0; 0; 0; 0; 68; 215; 26; 0; 0; 0; 0; 2; 2; 6; 0; 0; 9999
1989;05; 0; 185; 14; 0; 263; 128; 39; 106; 22; 0; 0; 2; 0; 0; 3; 2; 2; 3; 0; 4; 2; 2; 1; 2; 0; 13; 88; 150; 15; 0; 0
1989;06; 0; 0; 0; 0; 0; 0; 4; 7; 0; 0; 209; 290; 2; 0; 0; 2; 207; 0; 6; 0; 0; 0; 3; 0; 116; 27; 4; 2; 0; 1; 9999
1989;07; 0; 2; 9; 9; 0; 74; 12; 50; 3; 3; 2; 3; 2; 0; 2; 0; 0; 2; 3; 2; 1; 0; 4; 0; 0; 141; 387; 371; 145; 500; 84
1989;08; 2; 0; 0; 0; 3; 24; 2; 0; 0; 0; 0; 69; 6; 2; 2; 0; 0; 0; 0; 0; 0; 0; 46; 0; 0; 208; 0; 38; 11; 0; 0
1989;09; 10; 100; 2; 0; 0; 2; 2; 0; 2; 115; 0; 47; 52; 29; 0; 0; 16; 8; 6; 0; 0; 0; 0; 0; 98; 60; 34; 7; 12; 19; 9999
1989;10; 5; 0; 0; 107; 9; 0; 0; 0; 0; 0; 0; 64; 10; 28; 0; 108; 4; 46; 6; 2; 10; 0; 3; 0; 0; 0; 308; 92; 2; 0; 0
1989;11; 61; 3; 0; 23; 0; 0; 0; 2; 4; 55; 4; 34; 38; 0; 0; 0; 0; 4; 0; 62; 158; 40; 0; 10; 143; 4; 0; 105; 0; 14; 9999
1989;12; 0; 0; 0; 2; 0; 0; 0; 0; 3; 0; 141; 31; 1; 23; 505; 0; 0; 0; 0; 244; 17; 0; 0; 0; 0; 4; 180; 121; 70; 50; 104
1990;01; 24; 463; 90; 18; 109; 47; 104; 218; 106; 0; 74; 83; 70; 0; 100; 193; 57; 0; 3; 27; 76; 605; 479; 78; 0; 0; 0; 0; 0; 0; 0
1990;02; 0; 0; 0; 0; 0; 0; 0; 0; 0; 171; 2; 0; 10; 105; 14; 300; 4; 0; 0; 0; 3; 0; 262; 123; 49; 5; 0; 67; 9999; 9999; 9999
1990;03; 21; 35; 0; 0; 0; 88; 112; 0; 0; 0; 279; 269; 0; 0; 0; 12; 0; 0; 384; 77; 8; 191; 131; 27; 0; 0; 231; 0; 0; 0; 0
1990;04; 0; 0; 0; 0; 0; 10; 14; 0; 8; 3; 5; 6; 3; 0; 0; 16; 0; 5; 400; 115; 3; 0; 0; 190; 3; 0; 0; 0; 0; 113; 9999
1990;05; 150; 65; 0; 4; 2; 3; 57; 3; 0; 1; 12; 840; 5; 0; 127; 7; 4; 89; 0; 0; 4; 0; 4; 2; 0; 0; 0; 0; 0; 0; 0
1990;06; 0; 0; 0; 0; 0; 0; 166; 0; 0; 2; 28; 3; 0; 2; 24; 3; 2; 0; 0; 0; 79; 0; 0; 0; 0; 8; 0; 0; 0; 0; 9999
1990;07; 0; 4; 0; 0; 62; 9; 0; 0; 0; 5; 29; 24; 15; 0; 3; 2; 272; 3; 81; 138; 82; 146; 75; 97; 32; 87; 36; 275; 4; 3; 2
1990;08; 3; 0; 0; 2; 0; 0; 0; 0; 0; 3; 0; 2; 3; 2; 2; 0; 47; 7; 12; 227; 7; 13; 37; 17; 5; 3; 0; 72; 17; 2; 0
1990;09; 2; 88; 4; 3; 9; 0; 0; 156; 0; 0; 3; 0; 199; 500; 67; 0; 3; 0; 4; 0; 0; 2; 7; 83; 34; 6; 0; 0; 0; 0; 9999
1990;10; 13; 12; 3; 0; 5; 0; 0; 0; 0; 0; 0; 102; 67; 5; 71; 224; 140; 39; 10; 226; 36; 68; 0; 0; 37; 15; 0; 0; 0; 0; 0
1990;11; 0; 106; 4; 0; 109; 202; 19; 161; 341; 0; 149; 0; 0; 0; 0; 0; 5; 0; 6; 9; 0; 0; 0; 16; 77; 0; 0; 9; 0; 0; 9999
1990;12; 0; 0; 0; 0; 0; 0; 16; 405; 18; 0; 154; 15; 445; 114; 111; 0; 0; 0; 0; 250; 3; 0; 0; 0; 0; 9; 6; 0; 96; 73; 0
1991;01; 0; 60; 138; 266; 298; 20; 7; 0; 0; 0; 0; 755; 13; 0; 243; 688; 5; 143; 0; 0; 3; 0; 14; 0; 0; 550; 613; 292; 0; 10; 0
1991;02; 48; 493; 145; 288; 49; 22; 207; 473; 123; 159; 0; 51; 40; 0; 0; 13; 0; 96; 372; 2; 0; 0; 17; 15; 0; 0; 0; 71; 9999; 9999; 9999
1991;03; 232; 4; 211; 93; 395; 89; 79; 58; 3; 0; 0; 324; 0; 104; 107; 0; 0; 0; 306; 1063; 17; 157; 57; 43; 44; 447; 391; 485; 191; 64; 33
1991;04; 20; 0; 0; 0; 34; 0; 0; 0; 81; 0; 0; 0; 0; 46; 0; 197; 79; 0; 66; 64; 0; 0; 4; 3; 548; 297; 0; 35; 0; 61; 9999
1991;05; 43; 0; 0; 0; 3; 73; 57; 239; 6; 0; 0; 0; 0; 43; 48; 10; 0; 5; 0; 0; 0; 0; 36; 2; 3; 3; 0; 0; 0; 0; 0
1991;06; 0; 0; 0; 0; 0; 0; 0; 33; 93; 11; 0; 0; 0; 0; 0; 0; 0; 0; 0; 6; 128; 33; 51; 29; 294; 0; 0; 0; 26; 145; 9999
1991;07; 3; 0; 0; 0; 10; 0; 0; 0; 0; 0; 89; 0; 61; 121; 4; 3; 0; 0; 0; 0; 0; 0; 0; 0; 0; 0; 0; 0; 0; 0; 0
1991;08; 0; 48; 40; 0; 0; 0; 20; 123; 266; 0; 2; 3; 1; 0; 0; 0; 0; 0; 0; 0; 0; 0; 0; 0; 0; 0; 0; 0; 0; 0; 0
1991;09; 0; 93; 0; 0; 0; 0; 0; 0; 0; 0; 0; 0; 0; 0; 0; 0; 0; 0; 46; 106; 0; 0; 0; 45; 35; 61; 0; 0; 40; 228; 9999
1991;10; 244; 0; 66; 10; 0; 318; 561; 68; 13; 48; 231; 0; 0; 0; 0; 0; 0; 16; 4; 6; 13; 0; 0; 0; 0; 12; 0; 0; 0; 0; 0
1991;11; 20; 119; 62; 0; 11; 0; 0; 0; 0; 124; 0; 0; 147; 0; 29; 0; 0; 0; 0; 0; 24; 0; 0; 0; 0; 0; 0; 19; 0; 133; 9999
1991;12; 42; 307; 8; 0; 3; 82; 230; 44; 0; 9; 183; 0; 0; 0; 0; 562; 122; 0; 0; 208; 0; 0; 25; 4; 0; 37; 271; 38; 0; 0; 237
1992;01; 0; 7; 14; 0; 0; 96; 0; 0; 0; 0; 0; 0; 157; 381; 0; 0; 328; 14; 0; 0; 0; 16; 103; 0; 0; 11; 5; 0; 293; 51; 63
1992;02; 10; 8; 0; 0; 0; 19; 99; 65; 52; 27; 0; 0; 0; 0; 0; 0; 0; 0; 0; 0; 0; 0; 6; 63; 0; 661; 3; 170; 24; 9999; 9999
1992;03; 4; 28; 27; 0; 56; 0; 176; 109; 5; 83; 0; 0; 9; 0; 0; 0; 53; 75; 370; 552; 6; 0; 429; 0; 163; 65; 46; 63; 29; 582; 312
1992;04; 78; 29; 0; 0; 0; 6; 0; 0; 22; 0; 0; 119; 0; 29; 0; 0; 0; 0; 0; 17; 13; 0; 0; 0; 0; 11; 7; 34; 0; 93; 9999
1992;05; 0; 200; 0; 192; 7; 0; 44; 0; 0; 0; 0; 0; 166; 21; 0; 0; 0; 0; 62; 36; 0; 0; 93; 39; 0; 0; 0; 0; 0; 0; 5
1992;06; 4; 11; 0; 0; 0; 0; 0; 0; 0; 0; 0; 0; 0; 0; 0; 0; 0; 0; 0; 0; 0; 298; 0; 0; 0; 0; 0; 0; 3; 10; 9999
1992;07; 0; 0; 3; 7; 0; 0; 210; 71; 53; 3; 3; 2; 3; 0; 0; 0; 27; 18; 0; 0; 0; 6; 24; 46; 6; 0; 0; 0; 0; 0; 0
1992;08; 0; 33; 21; 0; 0; 4; 0; 0; 26; 0; 4; 0; 19; 5; 0; 0; 0; 5; 20; 0; 4; 175; 94; 43; 0; 0; 2; 0; 6; 2; 0
1992;09; 0; 21; 2; 0; 19; 5; 180; 52; 5; 5; 0; 20; 111; 0; 111; 349; 0; 65; 0; 0; 0; 0; 0; 0; 6; 80; 7; 50; 12; 0; 9999
1992;10; 0; 0; 97; 7; 0; 0; 327; 64; 23; 0; 0; 53; 104; 0; 0; 0; 151; 49; 77; 5; 17; 31; 0; 0; 0; 0; 0; 199; 73; 146; 188
1992;11; 0; 0; 0; 291; 152; 65; 33; 0; 243; 0; 0; 0; 0; 0; 0; 0; 122; 0; 0; 0; 0; 167; 267; 51; 50; 428; 54; 35; 0; 0; 9999
1992;12; 207; 339; 17; 0; 0; 0; 55; 9; 0; 0; 1084; 318; 48; 0; 0; 16; 0; 0; 0; 0; 106; 0; 0; 0; 0; 41; 0; 0; 0; 0; 0
1993;01; 0; 0; 0; 0; 61; 22; 0; 0; 0; 147; 70; 82; 64; 95; 0; 0; 156; 50; 129; 0; 0; 0; 0; 8; 86; 48; 0; 0; 0; 0; 0
1993;02; 563; 73; 546; 164; 91; 0; 0; 27; 0; 0; 0; 49; 108; 0; 176; 148; 237; 248; 39; 0; 0; 114; 80; 82; 3; 0; 0; 5; 9999; 9999; 9999
1993;03; 0; 0; 0; 34; 414; 0; 0; 30; 3; 0; 0; 3; 0; 0; 0; 156; 17; 4; 69; 0; 53; 3; 412; 388; 144; 0; 0; 17; 126; 24; 0
1993;04; 0; 24; 197; 0; 0; 31; 0; 0; 257; 0; 0; 0; 7; 0; 0; 0; 0; 0; 0; 0; 33; 13; 3; 147; 83; 0; 0; 0; 0; 0; 9999
1993;05; 0; 0; 0; 0; 0; 89; 0; 0; 0; 0; 0; 0; 0; 75; 309; 10; 0; 0; 0; 0; 0; 0; 0; 0; 0; 0; 0; 27; 6; 0; 358
1993;06; 159; 0; 0; 3; 16; 19; 12; 0; 0; 34; 215; 7; 0; 0; 0; 0; 0; 34; 179; 0; 0; 0; 0; 0; 0; 0; 0; 0; 0; 0; 9999
1993;07; 20; 0; 0; 0; 0; 0; 0; 0; 0; 0; 0; 0; 0; 8; 78; 0; 0; 0; 0; 0; 0; 0; 0; 0; 10; 8; 0; 0; 0; 0; 48
1993;08; 0; 0; 18; 0; 0; 0; 0; 0; 0; 5; 22; 0; 0; 0; 0; 0; 0; 0; 7; 0; 0; 0; 0; 192; 266; 0; 0; 0; 0; 0; 0
1993;09; 0; 0; 0; 99; 0; 0; 0; 82; 0; 42; 33; 63; 10; 0; 51; 255; 0; 0; 0; 0; 34; 470; 79; 265; 160; 43; 148; 88; 3; 0; 9999
1993;10; 0; 7; 0; 59; 120; 255; 63; 7; 0; 0; 0; 0; 0; 0; 0; 327; 4; 0; 99; 0; 0; 20; 37; 54; 6; 0; 93; 0; 0; 0; 0
1993;11; 0; 8; 9; 0; 0; 0; 259; 0; 4; 5; 0; 0; 0; 0; 0; 0; 0; 439; 64; 19; 0; 0; 15; 5; 22; 0; 23; 0; 0; 0; 9999
1993;12; 0; 35; 0; 0; 0; 240; 0; 143; 5; 0; 486; 49; 0; 0; 0; 24; 25; 48; 0; 28; 169; 0; 0; 0; 21; 11; 0; 26; 158; 37; 46
1994;01; 0; 0; 0; 33; 21; 6; 2; 144; 148; 285; 0; 0; 0; 160; 0; 0; 8; 51; 362; 6; 50; 4; 132; 0; 225; 0; 17; 156; 411; 7; 21
1994;02; 103; 328; 0; 40; 486; 297; 591; 150; 444; 0; 259; 172; 230; 67; 130; 75; 0; 184; 160; 0; 0; 0; 112; 42; 54; 348; 24; 272; 9999; 9999; 9999
1994;03; 0; 102; 181; 26; 0; 0; 126; 170; 0; 51; 146; 3; 30; 0; 0; 11; 0; 0; 0; 85; 305; 68; 58; 0; 0; 73; 651; 5; 0; 0; 0
1994;04; 100; 93; 13; 0; 0; 0; 0; 33; 115; 3; 0; 27; 3; 0; 0; 0; 0; 0; 138; 30; 0; 263; 318; 7; 0; 4; 13; 0; 0; 0; 9999
1994;05; 0; 0; 0; 0; 0; 0; 0; 0; 0; 0; 0; 156; 3; 53; 38; 3; 0; 0; 0; 0; 0; 0; 0; 0; 126; 0; 56; 39; 0; 4; 0
1994;06; 0; 7; 0; 0; 52; 0; 0; 0; 91; 0; 0; 0; 0; 0; 0; 0; 0; 0; 0; 0; 0; 17; 140; 0; 54; 108; 0; 0; 0; 0; 9999
1994;07; 0; 0; 0; 0; 0; 25; 0; 0; 63; 0; 46; 0; 0; 0; 0; 0; 0; 0; 0; 0; 0; 0; 122; 89; 0; 0; 0; 0; 0; 0; 0
1994;08; 0; 0; 0; 15; 0; 33; 0; 7; 0; 0; 22; 15; 0; 0; 0; 0; 34; 18; 0; 0; 0; 0; 0; 17; 0; 0; 0; 0; 0; 0; 0
1994;09; 0; 0; 0; 54; 11; 0; 0; 0; 51; 23; 0; 0; 0; 0; 0; 0; 19; 0; 0; 0; 0; 0; 0; 0; 0; 0; 80; 57; 3; 0; 9999
1994;10; 0; 12; 0; 6; 41; 0; 13; 0; 0; 0; 0; 20; 0; 17; 8; 0; 35; 111; 0; 0; 62; 8; 77; 5; 20; 80; 219; 6; 43; 57; 10
1994;11; 0; 62; 0; 0; 47; 0; 0; 0; 0; 0; 0; 0; 0; 73; 0; 0; 0; 82; 400; 95; 7; 0; 0; 0; 0; 0; 97; 43; 333; 0; 9999
1994;12; 0; 0; 0; 54; 105; 124; 43; 152; 0; 0; 0; 0; 0; 3; 21; 0; 10; 147; 330; 31; 0; 203; 203; 0; 0; 604; 13; 202; 0; 99; 397
1995;01; 353; 41; 0; 10; 0; 48; 0; 232; 6; 30; 0; 155; 230; 46; 505; 0; 0; 0; 30; 0; 35; 100; 85; 21; 0; 0; 0; 700; 326; 17; 153
1995;02; 17; 286; 365; 147; 278; 244; 446; 45; 129; 160; 0; 174; 24; 139; 11; 0; 128; 0; 328; 339; 204; 0; 0; 0; 0; 0; 0; 0; 9999; 9999; 9999
1995;03; 127; 100; 0; 86; 8; 0; 0; 0; 0; 223; 111; 0; 19; 255; 0; 182; 0; 0; 0; 37; 0; 0; 8; 216; 159; 67; 4; 0; 0; 436; 165
1995;04; 90; 22; 3; 24; 0; 0; 0; 0; 0; 0; 0; 322; 8; 10; 0; 0; 0; 0; 0; 152; 133; 22; 0; 0; 0; 0; 0; 0; 0; 0; 9999
1995;05; 0; 0; 0; 0; 0; 13; 6; 200; 0; 13; 171; 0; 0; 0; 0; 0; 51; 28; 34; 0; 0; 19; 27; 0; 0; 0; 0; 0; 0; 0; 0
1995;06; 0; 0; 0; 0; 0; 0; 0; 0; 0; 0; 0; 0; 0; 0; 0; 0; 0; 18; 218; 37; 0; 0; 0; 0; 0; 111; 34; 7; 0; 0; 9999
1995;07; 0; 0; 0; 12; 0; 0; 0; 29; 30; 227; 6; 0; 0; 0; 0; 0; 0; 0; 0; 0; 0; 207; 0; 0; 0; 0; 0; 0; 0; 0; 0
1995;08; 0; 0; 0; 0; 163; 167; 0; 0; 0; 0; 0; 0; 0; 0; 0; 0; 20; 10; 17; 0; 0; 0; 0; 0; 0; 0; 0; 0; 0; 0; 0
1995;09; 0; 0; 33; 14; 0; 0; 0; 0; 0; 0; 0; 0; 91; 0; 17; 73; 62; 2; 28; 47; 111; 3; 0; 317; 34; 0; 117; 0; 12; 4; 9999
1995;10; 0; 7; 0; 0; 0; 83; 13; 0; 63; 0; 0; 0; 0; 276; 17; 267; 124; 123; 12; 8; 215; 139; 3; 0; 0; 0; 0; 0; 145; 143; 144
1995;11; 82; 100; 0; 311; 6; 0; 0; 0; 0; 0; 44; 11; 3; 0; 0; 24; 0; 0; 69; 13; 0; 0; 0; 0; 0; 0; 4; 296; 95; 0; 9999
1995;12; 0; 0; 0; 0; 13; 0; 0; 0; 115; 7; 0; 0; 117; 225; 0; 0; 0; 0; 25; 9; 0; 0; 0; 17; 188; 233; 22; 153; 98; 187; 295
1996;01; 0; 0; 513; 912; 9; 330; 84; 125; 93; 96; 4; 7; 538; 0; 0; 7; 34; 17; 72; 30; 211; 111; 0; 0; 10; 291; 0; 268; 0; 0; 325
1996;02; 40; 30; 0; 0; 122; 0; 383; 76; 0; 0; 72; 92; 154; 41; 23; 8; 0; 0; 69; 99; 0; 0; 0; 0; 0; 236; 27; 129; 373; 9999; 9999
1996;03; 12; 169; 219; 73; 363; 3; 216; 560; 192; 60; 4; 0; 0; 0; 191; 93; 125; 423; 48; 525; 233; 60; 49; 216; 0; 0; 0; 268; 7; 147; 0
1996;04; 3; 165; 0; 0; 0; 0; 0; 16; 0; 0; 385; 0; 0; 0; 14; 38; 88; 15; 0; 15; 0; 0; 0; 0; 0; 27; 31; 18; 0; 0; 9999
1996;05; 0; 13; 183; 0; 0; 0; 0; 0; 0; 0; 0; 39; 0; 0; 0; 318; 0; 0; 0; 0; 0; 0; 13; 66; 10; 0; 0; 0; 0; 0; 0
1996;06; 0; 47; 4; 0; 0; 127; 0; 0; 0; 0; 0; 0; 0; 0; 0; 0; 0; 0; 0; 0; 0; 0; 0; 0; 0; 0; 0; 175; 83; 56; 9999
1996;07; 6; 0; 0; 0; 36; 0; 0; 20; 15; 0; 0; 0; 0; 0; 13; 0; 0; 0; 0; 0; 0; 60; 0; 0; 0; 0; 0; 26; 33; 0; 0
1996;08; 0; 0; 0; 0; 0; 0; 0; 0; 0; 62; 95; 63; 0; 0; 130; 0; 0; 0; 0; 0; 0; 0; 0; 0; 0; 0; 0; 0; 0; 61; 30
1996;09; 0; 42; 0; 170; 0; 12; 0; 0; 304; 337; 384; 68; 25; 2; 0; 0; 16; 44; 0; 0; 0; 0; 0; 0; 88; 15; 0; 0; 66; 0; 9999
1996;10; 6; 0; 130; 513; 0; 112; 0; 0; 0; 0; 123; 0; 123; 58; 0; 0; 0; 0; 0; 28; 17; 35; 13; 0; 0; 93; 17; 23; 0; 0; 0
1996;11; 0; 0; 334; 139; 22; 0; 0; 0; 0; 0; 0; 0; 0; 0; 57; 680; 0; 0; 0; 17; 105; 71; 50; 0; 0; 7; 0; 0; 0; 0; 9999
1996;12; 6; 0; 148; 117; 103; 57; 31; 54; 0; 0; 0; 183; 116; 235; 0; 0; 134; 125; 60; 11; 10; 65; 254; 12; 41; 0; 0; 77; 248; 22; 0
1997;01; 0; 0; 0; 8; 0; 0; 0; 0; 86; 0; 182; 263; 67; 45; 9; 0; 354; 0; 0; 21; 210; 59; 480; 253; 87; 358; 518; 277; 12; 0; 55
1997;02; 35; 0; 0; 0; 0; 0; 0; 0; 0; 0; 0; 0; 0; 97; 449; 398; 242; 848; 0; 6; 0; 0; 0; 0; 0; 0; 0; 0; 9999; 9999; 9999
1997;03; 0; 0; 0; 174; 45; 0; 0; 0; 0; 0; 0; 0; 0; 148; 12; 0; 0; 0; 0; 0; 0; 0; 0; 0; 0; 0; 0; 0; 0; 0; 0
1997;04; 144; 42; 126; 0; 0; 0; 0; 15; 86; 0; 0; 0; 0; 0; 0; 0; 0; 144; 0; 0; 46; 13; 0; 0; 0; 0; 0; 0; 0; 0; 9999
1997;05; 0; 0; 0; 0; 0; 0; 0; 0; 0; 0; 0; 0; 0; 0; 0; 0; 0; 0; 0; 0; 0; 0; 15; 0; 475; 13; 0; 0; 228; 16; 60
1997;06; 50; 0; 0; 26; 325; 0; 0; 0; 0; 0; 0; 0; 0; 0; 26; 34; 0; 0; 0; 55; 63; 0; 0; 0; 0; 0; 0; 85; 125; 30; 9999
1997;07; 63; 0; 0; 0; 0; 0; 0; 0; 0; 0; 0; 0; 5; 0; 0; 0; 0; 0; 10; 0; 0; 63; 0; 0; 0; 0; 0; 0; 0; 0; 0
1997;08; 0; 0; 0; 0; 3; 92; 0; 17; 120; 6; 0; 0; 0; 0; 0; 0; 0; 0; 0; 0; 0; 0; 0; 0; 253; 0; 0; 0; 0; 0; 0
1997;09; 0; 0; 0; 0; 0; 0; 0; 0; 0; 18; 30; 11; 0; 0; 306; 205; 0; 0; 0; 106; 352; 16; 0; 0; 10; 180; 23; 0; 0; 157; 9999
1997;10; 0; 280; 15; 0; 0; 0; 110; 11; 110; 85; 0; 0; 5; 0; 0; 175; 75; 0; 10; 3; 220; 120; 52; 8; 0; 96; 15; 30; 0; 0; 0
1997;11; 0; 0; 311; 24; 0; 0; 217; 9; 0; 0; 0; 0; 0; 132; 23; 35; 106; 81; 157; 51; 0; 354; 6; 105; 0; 37; 0; 230; 130; 0; 9999
1997;12; 0; 510; 0; 0; 268; 0; 0; 26; 0; 0; 0; 0; 67; 167; 165; 3; 0; 20; 0; 0; 0; 265; 0; 0; 0; 0; 0; 39; 91; 0; 7
