33
Ano,Mes,1,2,3,4,5,6,7,8,9,10,11,12,13,14,15,16,17,18,19,20,21,22,23,24,25,26,27,28,29,30,31
1936;11; 9999; 9999; 9999; 9999; 9999; 9999; 9999; 9999; 9999; 9999; 9999; 0; 0; 0; 0; 0; 0; 0; 24; 124; 0; 0; 0; 0; 0; 0; 0; 0; 0; 0; 9999
1936;12; 0; 242; 864; 50; 0; 10; 0; 0; 154; 0; 0; 0; 99; 68; 286; 83; 32; 20; 0; 0; 0; 0; 0; 0; 0; 501; 481; 772; 60; 0; 0
1937;01; 0; 0; 0; 0; 122; 167; 31; 0; 257; 189; 376; 391; 262; 250; 251; 0; 30; 30; 26; 367; 0; 0; 0; 218; 73; 0; 122; 0; 0; 0; 0
1937;02; 19; 180; 90; 20; 0; 191; 31; 20; 71; 155; 26; 0; 0; 0; 33; 0; 0; 211; 60; 0; 13; 0; 0; 0; 273; 0; 0; 0; 9999; 9999; 9999
1937;03; 17; 50; 222; 0; 41; 170; 93; 103; 18; 0; 0; 514; 70; 0; 0; 0; 0; 254; 0; 0; 0; 634; 0; 0; 0; 436; 0; 0; 0; 0; 0
1937;04; 0; 0; 0; 0; 469; 445; 242; 62; 0; 0; 0; 60; 0; 0; 0; 537; 80; 0; 0; 0; 20; 0; 0; 0; 0; 0; 0; 34; 80; 0; 9999
1937;05; 88; 361; 30; 0; 0; 0; 0; 0; 0; 0; 0; 20; 0; 0; 0; 180; 26; 0; 0; 0; 0; 26; 0; 0; 0; 0; 0; 0; 0; 0; 0
1937;06; 461; 63; 0; 0; 40; 111; 69; 0; 0; 0; 0; 0; 0; 0; 0; 0; 19; 0; 0; 0; 0; 0; 0; 45; 0; 0; 0; 0; 0; 0; 9999
1937;07; 0; 0; 0; 0; 0; 0; 0; 0; 0; 0; 0; 0; 0; 0; 0; 0; 0; 0; 0; 0; 0; 0; 0; 0; 0; 0; 0; 0; 0; 0; 0
1937;08; 0; 0; 0; 0; 0; 0; 0; 0; 0; 0; 83; 70; 0; 0; 0; 0; 0; 0; 0; 0; 0; 63; 600; 555; 324; 0; 0; 0; 0; 0; 0
1937;09; 0; 0; 0; 0; 0; 0; 0; 0; 0; 0; 20; 0; 0; 0; 0; 0; 0; 0; 0; 0; 0; 0; 0; 0; 0; 0; 0; 0; 0; 21; 9999
1937;10; 145; 32; 0; 0; 0; 91; 28; 68; 22; 15; 0; 0; 0; 0; 35; 208; 223; 0; 0; 178; 0; 0; 0; 0; 0; 28; 96; 0; 0; 0; 0
1937;11; 0; 0; 125; 0; 0; 0; 0; 48; 325; 0; 0; 0; 0; 0; 0; 221; 360; 30; 20; 0; 0; 0; 0; 40; 0; 0; 10; 0; 0; 0; 9999
1937;12; 0; 0; 56; 20; 63; 179; 3; 406; 48; 176; 113; 0; 0; 0; 0; 0; 30; 225; 0; 0; 0; 0; 0; 0; 0; 0; 0; 0; 0; 0; 0
1938;01; 0; 0; 92; 105; 308; 0; 0; 0; 0; 0; 0; 0; 0; 0; 84; 127; 0; 211; 40; 194; 0; 112; 0; 0; 73; 0; 0; 0; 0; 0; 0
1938;02; 0; 84; 0; 0; 0; 0; 0; 0; 3; 65; 0; 530; 0; 6; 0; 0; 13; 3; 267; 17; 0; 0; 0; 18; 0; 0; 12; 0; 9999; 9999; 9999
1938;03; 0; 56; 0; 0; 54; 0; 0; 0; 0; 0; 0; 0; 0; 0; 0; 0; 0; 107; 0; 255; 0; 0; 0; 80; 0; 0; 0; 0; 0; 0; 220
1938;04; 90; 35; 0; 0; 36; 45; 0; 0; 0; 0; 53; 21; 0; 0; 0; 0; 69; 0; 0; 0; 0; 66; 0; 0; 0; 0; 0; 0; 0; 238; 9999
1938;05; 0; 0; 0; 0; 0; 0; 0; 0; 0; 0; 0; 0; 0; 40; 0; 0; 0; 0; 0; 202; 3; 175; 64; 0; 0; 0; 186; 0; 0; 0; 0
1938;06; 0; 0; 0; 0; 0; 0; 0; 0; 0; 0; 0; 0; 0; 0; 0; 0; 0; 0; 0; 0; 0; 0; 0; 0; 31; 0; 0; 0; 0; 0; 9999
1938;07; 9999; 9999; 9999; 9999; 9999; 9999; 9999; 9999; 9999; 9999; 9999; 9999; 9999; 9999; 9999; 9999; 9999; 9999; 9999; 9999; 9999; 9999; 9999; 9999; 9999; 9999; 9999; 9999; 9999; 9999; 9999
1938;08; 0; 0; 50; 100; 0; 65; 0; 170; 0; 0; 0; 0; 0; 0; 0; 0; 0; 0; 0; 0; 0; 0; 0; 0; 0; 0; 0; 0; 0; 0; 0
1938;09; 0; 0; 0; 0; 0; 57; 0; 0; 265; 68; 0; 0; 0; 0; 0; 0; 0; 0; 0; 0; 0; 0; 0; 0; 0; 0; 0; 0; 0; 0; 9999
1938;10; 0; 0; 0; 0; 0; 0; 280; 130; 0; 0; 0; 0; 360; 340; 250; 0; 680; 18; 0; 233; 0; 0; 320; 0; 0; 30; 0; 0; 0; 0; 10
1938;11; 0; 0; 0; 380; 0; 0; 0; 0; 0; 43; 40; 0; 0; 0; 0; 0; 30; 0; 0; 115; 0; 150; 0; 0; 0; 0; 0; 0; 0; 100; 9999
1938;12; 430; 9999; 9999; 9999; 9999; 9999; 9999; 9999; 9999; 9999; 9999; 9999; 9999; 9999; 9999; 9999; 9999; 9999; 9999; 9999; 9999; 9999; 9999; 9999; 9999; 9999; 9999; 9999; 9999; 9999; 9999
1939;01; 9999; 9999; 9999; 9999; 9999; 9999; 9999; 9999; 9999; 9999; 9999; 9999; 9999; 9999; 9999; 9999; 9999; 9999; 9999; 9999; 9999; 9999; 9999; 9999; 9999; 9999; 9999; 9999; 9999; 9999; 9999
1939;02; 9999; 9999; 9999; 9999; 9999; 9999; 9999; 9999; 9999; 9999; 9999; 9999; 9999; 9999; 9999; 9999; 9999; 9999; 9999; 9999; 9999; 9999; 9999; 9999; 9999; 9999; 9999; 9999; 9999; 9999; 9999
1939;03; 9999; 9999; 9999; 9999; 9999; 9999; 9999; 9999; 9999; 9999; 9999; 9999; 9999; 9999; 9999; 9999; 9999; 9999; 9999; 9999; 9999; 9999; 9999; 9999; 9999; 9999; 9999; 9999; 9999; 9999; 9999
1939;04; 9999; 9999; 9999; 9999; 9999; 9999; 9999; 9999; 9999; 9999; 9999; 9999; 9999; 9999; 9999; 9999; 9999; 9999; 9999; 9999; 9999; 9999; 9999; 9999; 9999; 9999; 9999; 9999; 9999; 9999; 9999
1939;05; 9999; 9999; 9999; 9999; 9999; 9999; 9999; 9999; 9999; 9999; 9999; 9999; 9999; 9999; 9999; 9999; 9999; 9999; 9999; 9999; 9999; 9999; 9999; 9999; 9999; 9999; 9999; 9999; 9999; 9999; 9999
1939;06; 9999; 9999; 9999; 9999; 9999; 9999; 9999; 9999; 9999; 9999; 9999; 9999; 9999; 9999; 9999; 9999; 9999; 9999; 9999; 9999; 9999; 9999; 9999; 9999; 9999; 9999; 9999; 9999; 9999; 9999; 9999
1939;07; 9999; 9999; 9999; 9999; 9999; 9999; 9999; 9999; 9999; 9999; 9999; 9999; 9999; 9999; 9999; 9999; 9999; 9999; 9999; 9999; 9999; 9999; 9999; 9999; 9999; 9999; 9999; 9999; 9999; 9999; 9999
1939;08; 9999; 9999; 9999; 9999; 9999; 9999; 9999; 9999; 9999; 9999; 9999; 9999; 9999; 9999; 9999; 9999; 9999; 9999; 9999; 9999; 9999; 9999; 9999; 9999; 9999; 9999; 9999; 9999; 9999; 9999; 9999
1939;09; 9999; 9999; 9999; 9999; 9999; 9999; 9999; 9999; 9999; 9999; 9999; 9999; 9999; 9999; 9999; 9999; 9999; 9999; 9999; 9999; 9999; 9999; 9999; 9999; 9999; 9999; 9999; 9999; 9999; 9999; 9999
1939;10; 9999; 9999; 9999; 9999; 9999; 9999; 9999; 9999; 9999; 9999; 9999; 9999; 9999; 9999; 9999; 9999; 9999; 9999; 9999; 9999; 9999; 9999; 9999; 9999; 9999; 9999; 9999; 9999; 9999; 9999; 9999
1939;11; 9999; 9999; 9999; 9999; 9999; 9999; 9999; 9999; 9999; 9999; 9999; 9999; 9999; 9999; 9999; 9999; 9999; 9999; 9999; 9999; 9999; 9999; 9999; 9999; 9999; 9999; 9999; 9999; 9999; 9999; 9999
1939;12; 9999; 9999; 9999; 9999; 9999; 9999; 9999; 9999; 9999; 9999; 9999; 9999; 9999; 9999; 9999; 9999; 9999; 9999; 9999; 9999; 9999; 9999; 9999; 9999; 9999; 9999; 9999; 9999; 9999; 9999; 9999
1940;01; 9999; 9999; 9999; 9999; 9999; 9999; 9999; 9999; 9999; 9999; 9999; 9999; 9999; 9999; 9999; 9999; 9999; 9999; 9999; 9999; 9999; 9999; 9999; 9999; 9999; 9999; 9999; 9999; 9999; 9999; 9999
1940;02; 0; 0; 0; 0; 0; 0; 0; 0; 0; 0; 0; 0; 0; 0; 0; 9999; 9999; 9999; 9999; 9999; 9999; 9999; 9999; 9999; 9999; 9999; 9999; 9999; 9999; 9999; 9999
1940;03; 0; 0; 0; 0; 0; 0; 0; 0; 0; 0; 0; 0; 0; 0; 0; 9999; 9999; 9999; 9999; 9999; 9999; 9999; 9999; 9999; 9999; 9999; 9999; 9999; 9999; 9999; 9999
1940;04; 0; 0; 0; 0; 0; 0; 0; 0; 0; 0; 0; 0; 0; 0; 0; 9999; 9999; 9999; 9999; 9999; 9999; 9999; 9999; 9999; 9999; 9999; 9999; 9999; 9999; 9999; 9999
1940;05; 0; 0; 0; 0; 0; 0; 0; 0; 0; 0; 0; 0; 0; 0; 0; 9999; 9999; 9999; 9999; 9999; 9999; 9999; 9999; 9999; 9999; 9999; 9999; 9999; 9999; 9999; 9999
1940;06; 0; 0; 0; 0; 0; 0; 0; 0; 0; 0; 0; 0; 0; 0; 0; 9999; 9999; 9999; 9999; 9999; 9999; 9999; 9999; 9999; 9999; 9999; 9999; 9999; 9999; 9999; 9999
1940;07; 9999; 9999; 9999; 9999; 9999; 9999; 9999; 9999; 9999; 1; 0; 0; 0; 0; 0; 0; 0; 0; 0; 0; 0; 14; 54; 1; 0; 0; 0; 0; 0; 0; 0
1940;08; 0; 0; 0; 0; 0; 0; 0; 0; 94; 0; 0; 2; 0; 0; 0; 0; 0; 0; 0; 1; 0; 0; 0; 0; 0; 16; 5; 0; 0; 0; 0
1940;09; 0; 0; 0; 0; 0; 0; 0; 0; 0; 0; 0; 52; 42; 0; 0; 0; 0; 0; 0; 0; 0; 35; 0; 71; 0; 0; 5; 0; 0; 0; 9999
1940;10; 0; 0; 0; 0; 0; 0; 0; 0; 0; 78; 72; 244; 0; 0; 0; 0; 0; 0; 0; 0; 36; 211; 0; 0; 27; 0; 269; 71; 305; 35; 0
1940;11; 0; 0; 0; 0; 14; 0; 0; 0; 104; 0; 0; 122; 591; 40; 85; 3; 5; 0; 0; 0; 0; 0; 0; 0; 0; 40; 150; 165; 13; 0; 9999
1940;12; 0; 0; 111; 0; 0; 0; 0; 0; 0; 97; 3; 114; 32; 2; 1; 0; 27; 15; 0; 0; 64; 18; 0; 0; 0; 0; 41; 70; 5; 96; 9
1941;01; 921; 0; 0; 74; 227; 0; 0; 0; 0; 0; 143; 47; 63; 0; 0; 0; 0; 0; 0; 0; 0; 16; 247; 25; 205; 55; 0; 0; 0; 0; 0
1941;02; 0; 0; 73; 0; 0; 4; 755; 10; 0; 0; 58; 0; 0; 0; 168; 0; 0; 263; 0; 0; 0; 0; 92; 65; 22; 0; 0; 0; 9999; 9999; 9999
1941;03; 0; 0; 69; 3; 0; 0; 0; 0; 0; 0; 0; 10; 90; 193; 156; 0; 0; 0; 0; 0; 223; 327; 0; 0; 32; 23; 0; 0; 0; 0; 0
1941;04; 0; 0; 0; 0; 0; 0; 0; 0; 117; 0; 0; 0; 0; 0; 0; 0; 0; 15; 0; 0; 0; 0; 0; 0; 0; 0; 0; 0; 0; 0; 9999
1941;05; 0; 0; 0; 0; 0; 0; 0; 0; 0; 0; 0; 0; 0; 0; 0; 82; 181; 0; 0; 0; 0; 0; 0; 0; 0; 0; 0; 75; 0; 0; 0
1941;06; 0; 0; 4; 0; 0; 0; 0; 0; 0; 0; 0; 0; 31; 0; 0; 0; 0; 0; 0; 0; 0; 0; 0; 0; 0; 157; 167; 0; 0; 0; 9999
1941;07; 0; 0; 0; 0; 0; 0; 0; 0; 0; 0; 0; 0; 0; 0; 6; 197; 202; 0; 0; 0; 0; 0; 0; 0; 0; 0; 0; 0; 0; 0; 0
1941;08; 0; 0; 0; 0; 2; 38; 0; 0; 0; 0; 0; 0; 0; 0; 78; 45; 0; 105; 0; 0; 0; 0; 0; 17; 0; 0; 0; 0; 0; 0; 0
1941;09; 0; 0; 97; 162; 0; 18; 236; 0; 0; 0; 65; 0; 0; 186; 125; 0; 0; 48; 3; 0; 133; 51; 11; 17; 121; 3; 320; 79; 0; 0; 9999
1941;10; 32; 205; 0; 0; 0; 34; 0; 31; 153; 0; 0; 0; 0; 0; 0; 0; 187; 0; 0; 0; 0; 0; 0; 0; 0; 0; 0; 0; 0; 0; 0
1941;11; 292; 0; 0; 0; 305; 31; 23; 0; 0; 0; 0; 0; 119; 0; 0; 0; 348; 0; 0; 0; 0; 230; 44; 0; 0; 96; 112; 145; 0; 15; 9999
1941;12; 31; 155; 8; 0; 0; 0; 0; 0; 206; 213; 130; 0; 35; 99; 270; 54; 0; 136; 328; 0; 14; 0; 0; 0; 0; 0; 0; 0; 0; 119; 545
1942;01; 30; 0; 0; 0; 0; 0; 0; 0; 0; 0; 223; 0; 0; 109; 0; 334; 0; 97; 0; 0; 139; 0; 0; 0; 0; 0; 0; 0; 0; 124; 313
1942;02; 176; 8; 16; 455; 79; 0; 0; 0; 46; 2; 0; 16; 50; 95; 5; 0; 23; 618; 35; 0; 282; 0; 0; 0; 0; 0; 0; 4; 9999; 9999; 9999
1942;03; 93; 0; 0; 176; 78; 85; 0; 0; 0; 0; 36; 31; 0; 975; 0; 40; 0; 0; 0; 37; 0; 0; 0; 0; 0; 0; 0; 0; 0; 0; 173
1942;04; 32; 0; 0; 0; 0; 0; 6; 88; 0; 0; 0; 0; 0; 230; 46; 14; 0; 0; 0; 56; 154; 0; 0; 0; 0; 0; 0; 0; 0; 0; 9999
1942;05; 0; 99; 0; 0; 0; 52; 0; 47; 0; 0; 0; 0; 0; 0; 0; 0; 0; 0; 0; 0; 0; 0; 0; 0; 0; 0; 0; 0; 0; 0; 0
1942;06; 0; 0; 0; 0; 0; 74; 0; 0; 10; 42; 264; 2; 0; 0; 0; 164; 161; 0; 68; 6; 0; 0; 0; 0; 0; 0; 0; 0; 0; 0; 9999
1942;07; 0; 0; 0; 510; 55; 0; 0; 0; 62; 208; 174; 0; 0; 0; 0; 0; 0; 0; 0; 0; 0; 0; 0; 0; 0; 0; 0; 0; 0; 0; 0
1942;08; 132; 0; 0; 0; 0; 0; 0; 0; 0; 0; 0; 0; 0; 0; 0; 0; 0; 0; 0; 0; 0; 0; 0; 0; 0; 0; 0; 0; 0; 0; 0
1942;09; 0; 0; 0; 0; 0; 31; 0; 0; 0; 0; 0; 0; 0; 0; 0; 0; 86; 0; 239; 0; 0; 0; 0; 0; 33; 0; 0; 0; 0; 0; 9999
1942;10; 0; 0; 0; 0; 0; 0; 0; 0; 0; 0; 0; 0; 0; 0; 0; 0; 0; 0; 0; 0; 0; 0; 0; 0; 70; 0; 0; 0; 92; 0; 0
1942;11; 0; 0; 0; 0; 0; 0; 0; 0; 46; 0; 0; 0; 192; 58; 0; 0; 0; 0; 44; 0; 82; 0; 0; 0; 175; 192; 220; 133; 0; 55; 9999
1942;12; 0; 0; 0; 0; 0; 0; 0; 495; 3; 0; 64; 0; 0; 246; 255; 58; 0; 0; 0; 0; 84; 13; 97; 145; 128; 92; 89; 0; 0; 0; 0
1943;01; 0; 0; 32; 217; 0; 0; 0; 0; 0; 0; 0; 0; 32; 229; 50; 0; 0; 0; 70; 137; 0; 59; 80; 0; 364; 0; 0; 290; 80; 160; 186
1943;02; 0; 0; 0; 0; 0; 0; 0; 0; 18; 78; 223; 0; 0; 0; 101; 146; 0; 114; 18; 0; 25; 34; 166; 0; 128; 0; 33; 0; 9999; 9999; 9999
1943;03; 0; 0; 168; 0; 0; 0; 163; 0; 0; 0; 603; 71; 195; 42; 50; 0; 0; 0; 0; 0; 0; 0; 0; 0; 0; 0; 0; 0; 75; 0; 71
1943;04; 196; 0; 0; 0; 0; 0; 0; 0; 0; 0; 128; 0; 0; 0; 0; 356; 0; 0; 0; 0; 0; 0; 0; 0; 0; 0; 0; 0; 0; 0; 9999
1943;05; 0; 0; 0; 0; 0; 0; 0; 0; 0; 0; 0; 0; 0; 0; 0; 0; 0; 0; 0; 0; 0; 0; 0; 85; 0; 0; 0; 0; 0; 0; 0
1943;06; 0; 0; 0; 0; 0; 84; 0; 183; 0; 0; 0; 19; 0; 0; 0; 0; 0; 0; 80; 0; 0; 0; 0; 0; 0; 0; 0; 0; 0; 0; 9999
1943;07; 0; 0; 0; 0; 0; 65; 0; 0; 0; 0; 0; 0; 0; 0; 0; 0; 0; 0; 0; 0; 0; 0; 0; 0; 0; 0; 0; 0; 0; 0; 0
1943;08; 0; 0; 0; 0; 0; 0; 0; 0; 0; 0; 0; 0; 0; 0; 0; 0; 0; 0; 0; 0; 0; 0; 0; 206; 10; 0; 0; 0; 0; 0; 0
1943;09; 0; 0; 0; 0; 0; 0; 0; 0; 0; 0; 82; 0; 31; 181; 0; 0; 0; 0; 18; 0; 0; 171; 99; 0; 175; 0; 0; 0; 0; 0; 9999
1943;10; 0; 0; 0; 121; 136; 190; 0; 0; 0; 0; 0; 305; 0; 133; 117; 0; 0; 0; 0; 0; 0; 98; 77; 66; 0; 0; 0; 487; 194; 0; 0
1943;11; 0; 45; 209; 93; 0; 0; 0; 0; 0; 0; 0; 0; 0; 0; 0; 0; 0; 230; 16; 0; 0; 0; 0; 0; 0; 0; 0; 0; 0; 0; 9999
1943;12; 80; 157; 0; 0; 0; 0; 0; 0; 0; 0; 0; 140; 0; 0; 0; 0; 169; 0; 0; 0; 0; 0; 111; 86; 0; 130; 86; 0; 0; 105; 146
1944;01; 0; 0; 307; 0; 114; 0; 0; 0; 0; 0; 0; 0; 210; 100; 0; 0; 7; 13; 0; 0; 0; 0; 0; 0; 135; 249; 0; 0; 0; 256; 0
1944;02; 0; 70; 0; 0; 0; 0; 0; 0; 0; 0; 0; 0; 0; 0; 65; 0; 18; 54; 0; 0; 126; 336; 44; 10; 165; 39; 75; 178; 0; 9999; 9999
1944;03; 0; 0; 0; 238; 67; 143; 0; 0; 0; 0; 0; 0; 265; 60; 0; 0; 0; 25; 0; 53; 0; 0; 0; 0; 0; 0; 0; 0; 23; 0; 0
1944;04; 0; 95; 0; 0; 0; 0; 0; 0; 0; 0; 92; 0; 0; 0; 0; 229; 0; 0; 0; 203; 0; 0; 0; 0; 0; 0; 0; 0; 0; 0; 9999
1944;05; 0; 0; 0; 0; 0; 0; 0; 0; 0; 0; 0; 0; 0; 0; 0; 34; 0; 0; 0; 0; 0; 0; 0; 0; 0; 0; 0; 0; 0; 0; 0
1944;06; 0; 0; 0; 0; 35; 0; 0; 0; 0; 0; 0; 0; 0; 0; 0; 0; 0; 0; 45; 0; 0; 0; 0; 0; 0; 0; 47; 0; 0; 0; 9999
1944;07; 0; 0; 0; 0; 0; 0; 0; 15; 0; 0; 0; 0; 0; 0; 0; 0; 0; 0; 0; 0; 0; 0; 0; 0; 0; 0; 0; 0; 0; 0; 0
1944;08; 0; 0; 0; 0; 0; 0; 0; 0; 0; 0; 0; 0; 0; 0; 0; 0; 0; 0; 0; 0; 0; 0; 0; 0; 0; 0; 0; 0; 0; 0; 0
1944;09; 0; 0; 8; 0; 0; 0; 48; 0; 0; 0; 0; 0; 0; 0; 0; 0; 0; 0; 0; 0; 0; 0; 0; 0; 0; 0; 0; 0; 0; 0; 9999
1944;10; 0; 0; 0; 0; 0; 0; 0; 0; 0; 0; 0; 0; 30; 23; 0; 0; 209; 0; 0; 223; 0; 0; 0; 0; 0; 399; 40; 38; 96; 0; 0
1944;11; 0; 0; 0; 49; 0; 123; 410; 390; 54; 0; 0; 0; 0; 0; 333; 0; 0; 0; 0; 0; 221; 0; 0; 148; 0; 156; 164; 32; 0; 0; 9999
1944;12; 0; 0; 230; 68; 0; 0; 0; 0; 0; 55; 0; 0; 0; 0; 0; 0; 275; 0; 0; 0; 0; 0; 4; 72; 0; 0; 0; 0; 0; 0; 0
1945;01; 0; 210; 27; 0; 30; 71; 210; 0; 0; 0; 0; 0; 0; 0; 0; 0; 182; 0; 82; 139; 25; 211; 0; 0; 0; 0; 0; 11; 311; 36; 132
1945;02; 615; 116; 0; 0; 36; 23; 75; 27; 0; 42; 82; 0; 0; 0; 0; 0; 96; 73; 26; 6; 90; 295; 221; 185; 0; 0; 0; 21; 9999; 9999; 9999
1945;03; 0; 0; 16; 0; 6; 0; 13; 0; 162; 238; 74; 0; 0; 0; 87; 53; 0; 0; 0; 0; 130; 0; 0; 66; 0; 448; 5; 0; 0; 0; 0
1945;04; 0; 0; 0; 6; 0; 0; 0; 0; 0; 0; 0; 0; 34; 0; 0; 0; 0; 0; 0; 69; 0; 0; 0; 0; 0; 0; 0; 0; 91; 71; 9999
1945;05; 0; 0; 0; 0; 0; 0; 0; 0; 0; 0; 0; 0; 0; 0; 10; 0; 6; 45; 0; 0; 0; 0; 0; 0; 0; 0; 0; 67; 0; 0; 0
1945;06; 0; 0; 0; 0; 0; 63; 0; 0; 0; 0; 0; 0; 0; 0; 0; 0; 0; 0; 3; 263; 673; 0; 285; 212; 193; 0; 0; 0; 0; 0; 9999
1945;07; 0; 0; 0; 2; 202; 5; 112; 0; 0; 0; 48; 0; 0; 0; 0; 0; 0; 0; 0; 0; 0; 0; 0; 0; 0; 0; 0; 0; 0; 0; 0
1945;08; 0; 0; 0; 0; 0; 0; 0; 0; 0; 0; 0; 0; 0; 0; 0; 0; 0; 0; 0; 0; 22; 0; 0; 0; 0; 0; 0; 0; 0; 0; 2
1945;09; 0; 0; 0; 0; 0; 0; 0; 0; 0; 0; 0; 0; 0; 0; 0; 135; 293; 0; 0; 0; 0; 0; 0; 0; 0; 0; 0; 0; 0; 5; 9999
1945;10; 0; 0; 0; 76; 96; 0; 0; 0; 19; 0; 0; 0; 0; 0; 0; 0; 0; 0; 0; 0; 0; 0; 0; 0; 0; 0; 0; 25; 54; 0; 0
1945;11; 232; 46; 0; 0; 252; 185; 0; 0; 262; 0; 0; 0; 433; 0; 0; 0; 0; 0; 0; 0; 73; 410; 33; 0; 0; 0; 0; 153; 0; 0; 9999
1945;12; 0; 0; 0; 0; 340; 203; 24; 31; 0; 0; 0; 0; 130; 245; 336; 284; 28; 0; 0; 0; 0; 0; 0; 0; 0; 0; 0; 225; 57; 0; 212
1946;01; 285; 0; 0; 0; 0; 53; 214; 58; 31; 102; 0; 0; 31; 265; 795; 0; 0; 0; 292; 55; 31; 0; 135; 0; 63; 482; 22; 257; 23; 0; 73
1946;02; 4; 273; 321; 53; 0; 0; 0; 18; 62; 141; 0; 0; 0; 367; 92; 119; 305; 134; 0; 115; 45; 195; 15; 32; 0; 0; 0; 15; 9999; 9999; 9999
1946;03; 0; 133; 0; 241; 88; 11; 0; 0; 0; 0; 85; 300; 0; 92; 40; 0; 0; 0; 0; 0; 0; 0; 0; 0; 133; 0; 0; 0; 0; 0; 0
1946;04; 75; 13; 0; 0; 0; 0; 0; 0; 0; 0; 0; 28; 0; 0; 0; 0; 0; 0; 0; 0; 0; 0; 0; 0; 0; 0; 0; 0; 0; 0; 9999
1946;05; 0; 62; 0; 0; 0; 0; 0; 0; 0; 0; 0; 0; 372; 0; 0; 0; 0; 0; 0; 0; 37; 0; 0; 0; 0; 0; 0; 0; 0; 0; 0
1946;06; 7; 442; 85; 0; 0; 0; 0; 0; 0; 0; 0; 0; 0; 0; 36; 15; 0; 0; 0; 0; 0; 0; 0; 0; 0; 0; 0; 0; 0; 6; 9999
1946;07; 0; 0; 0; 0; 0; 0; 0; 0; 65; 0; 0; 90; 163; 125; 0; 279; 0; 0; 0; 0; 0; 0; 0; 127; 0; 0; 0; 0; 0; 0; 0
1946;08; 9999; 9999; 9999; 9999; 9999; 9999; 9999; 9999; 9999; 9999; 9999; 9999; 9999; 9999; 9999; 9999; 9999; 9999; 9999; 9999; 9999; 9999; 9999; 9999; 9999; 9999; 9999; 9999; 9999; 9999; 9999
1946;09; 0; 0; 0; 0; 0; 0; 2; 0; 0; 0; 0; 0; 0; 0; 0; 0; 0; 0; 0; 0; 0; 0; 0; 0; 0; 4; 0; 0; 132; 0; 9999
1946;10; 0; 0; 0; 0; 0; 0; 0; 90; 6; 0; 0; 0; 100; 0; 0; 31; 83; 62; 201; 0; 0; 0; 206; 0; 0; 0; 0; 0; 0; 0; 0
1946;11; 0; 388; 0; 0; 0; 0; 254; 0; 225; 0; 0; 0; 0; 0; 0; 0; 0; 0; 0; 0; 0; 0; 0; 0; 0; 620; 0; 0; 0; 0; 9999
1946;12; 0; 0; 0; 0; 0; 0; 0; 0; 0; 0; 0; 0; 0; 0; 255; 0; 0; 0; 83; 0; 0; 0; 0; 0; 0; 322; 0; 0; 0; 903; 0
1947;01; 70; 202; 308; 109; 0; 0; 0; 0; 364; 0; 0; 0; 0; 603; 0; 256; 673; 0; 0; 204; 302; 108; 364; 205; 70; 0; 254; 306; 0; 144; 0
1947;02; 0; 0; 0; 0; 0; 0; 0; 0; 0; 0; 248; 0; 0; 0; 0; 0; 258; 153; 0; 0; 0; 0; 0; 0; 0; 0; 908; 609; 9999; 9999; 9999
1947;03; 9999; 9999; 9999; 9999; 9999; 9999; 9999; 9999; 9999; 9999; 9999; 9999; 9999; 9999; 9999; 9999; 9999; 9999; 9999; 9999; 9999; 9999; 9999; 9999; 9999; 9999; 9999; 9999; 9999; 9999; 9999
1947;04; 9999; 9999; 9999; 9999; 9999; 9999; 9999; 9999; 9999; 9999; 9999; 9999; 9999; 9999; 9999; 9999; 9999; 9999; 9999; 9999; 9999; 9999; 9999; 9999; 9999; 9999; 9999; 9999; 9999; 9999; 9999
1947;05; 9999; 9999; 9999; 9999; 9999; 9999; 9999; 9999; 9999; 9999; 9999; 9999; 9999; 9999; 9999; 9999; 9999; 9999; 9999; 9999; 9999; 9999; 9999; 9999; 9999; 9999; 9999; 9999; 9999; 9999; 9999
1947;06; 9999; 9999; 9999; 9999; 9999; 9999; 9999; 9999; 9999; 9999; 9999; 9999; 9999; 9999; 9999; 9999; 9999; 9999; 9999; 9999; 9999; 9999; 9999; 9999; 9999; 9999; 9999; 9999; 9999; 9999; 9999
1947;07; 9999; 9999; 9999; 9999; 9999; 9999; 9999; 9999; 9999; 9999; 9999; 9999; 9999; 9999; 9999; 9999; 9999; 9999; 9999; 9999; 9999; 9999; 9999; 9999; 9999; 9999; 9999; 9999; 9999; 9999; 9999
1947;08; 9999; 9999; 9999; 9999; 9999; 9999; 9999; 9999; 9999; 9999; 9999; 9999; 9999; 9999; 9999; 9999; 9999; 9999; 9999; 9999; 9999; 9999; 9999; 9999; 9999; 9999; 9999; 9999; 9999; 9999; 9999
1947;09; 9999; 9999; 9999; 9999; 9999; 9999; 9999; 9999; 9999; 9999; 9999; 9999; 9999; 9999; 9999; 9999; 9999; 9999; 9999; 9999; 9999; 9999; 9999; 9999; 9999; 9999; 9999; 9999; 9999; 9999; 9999
1947;10; 0; 0; 0; 0; 0; 0; 0; 0; 0; 0; 0; 0; 0; 0; 0; 9999; 9999; 9999; 9999; 9999; 9999; 9999; 9999; 9999; 9999; 9999; 9999; 9999; 9999; 9999; 9999
1947;11; 0; 0; 0; 0; 0; 0; 0; 0; 0; 0; 0; 0; 0; 0; 0; 9999; 9999; 9999; 9999; 9999; 9999; 9999; 9999; 9999; 9999; 9999; 9999; 9999; 9999; 9999; 9999
1947;12; 0; 0; 0; 0; 0; 0; 0; 0; 0; 0; 0; 0; 0; 0; 0; 9999; 9999; 9999; 9999; 9999; 9999; 9999; 9999; 9999; 9999; 9999; 9999; 9999; 9999; 9999; 9999
1948;01; 9999; 9999; 9999; 9999; 9999; 9999; 9999; 9999; 9999; 9999; 9999; 9999; 9999; 9999; 9999; 9999; 9999; 9999; 9999; 9999; 9999; 9999; 9999; 9999; 9999; 9999; 9999; 9999; 9999; 9999; 9999
1948;02; 9999; 9999; 9999; 9999; 9999; 9999; 9999; 9999; 9999; 9999; 9999; 9999; 9999; 9999; 9999; 9999; 9999; 9999; 9999; 9999; 9999; 9999; 9999; 9999; 9999; 9999; 9999; 9999; 9999; 9999; 9999
1948;03; 9999; 9999; 9999; 9999; 9999; 9999; 9999; 9999; 9999; 9999; 9999; 9999; 9999; 9999; 9999; 9999; 9999; 9999; 9999; 9999; 9999; 9999; 9999; 9999; 9999; 9999; 9999; 9999; 9999; 9999; 9999
1948;04; 9999; 9999; 9999; 9999; 9999; 9999; 9999; 9999; 9999; 9999; 9999; 9999; 9999; 9999; 9999; 9999; 9999; 9999; 9999; 9999; 9999; 9999; 9999; 9999; 9999; 9999; 9999; 9999; 9999; 9999; 9999
1948;05; 9999; 9999; 9999; 9999; 9999; 9999; 9999; 9999; 9999; 9999; 9999; 9999; 9999; 9999; 9999; 9999; 9999; 9999; 9999; 9999; 9999; 9999; 9999; 9999; 9999; 9999; 9999; 9999; 9999; 9999; 9999
1948;06; 9999; 9999; 9999; 9999; 9999; 9999; 9999; 9999; 9999; 9999; 9999; 9999; 9999; 9999; 9999; 9999; 9999; 9999; 9999; 9999; 9999; 9999; 9999; 9999; 9999; 9999; 9999; 9999; 9999; 9999; 9999
1948;07; 9999; 9999; 9999; 9999; 9999; 9999; 9999; 9999; 9999; 9999; 9999; 9999; 9999; 9999; 9999; 9999; 9999; 9999; 9999; 9999; 9999; 9999; 9999; 9999; 9999; 9999; 9999; 9999; 9999; 9999; 9999
1948;08; 9999; 9999; 9999; 9999; 9999; 9999; 9999; 9999; 9999; 9999; 9999; 9999; 9999; 9999; 9999; 9999; 9999; 9999; 9999; 9999; 9999; 9999; 9999; 9999; 9999; 9999; 9999; 9999; 9999; 9999; 9999
1948;09; 9999; 9999; 9999; 9999; 9999; 9999; 9999; 9999; 9999; 9999; 9999; 9999; 9999; 9999; 9999; 9999; 9999; 9999; 9999; 9999; 9999; 9999; 9999; 9999; 9999; 9999; 9999; 9999; 9999; 9999; 9999
1948;10; 9999; 9999; 9999; 9999; 9999; 9999; 9999; 9999; 9999; 9999; 9999; 9999; 9999; 9999; 9999; 9999; 9999; 9999; 9999; 9999; 9999; 9999; 9999; 9999; 9999; 9999; 9999; 9999; 9999; 9999; 9999
1948;11; 9999; 9999; 9999; 9999; 9999; 9999; 9999; 9999; 9999; 9999; 9999; 9999; 9999; 9999; 9999; 9999; 9999; 9999; 9999; 9999; 9999; 9999; 9999; 9999; 9999; 9999; 9999; 9999; 9999; 9999; 9999
1948;12; 9999; 9999; 9999; 9999; 9999; 9999; 9999; 9999; 9999; 9999; 9999; 9999; 9999; 9999; 9999; 9999; 9999; 9999; 9999; 9999; 9999; 9999; 9999; 9999; 9999; 9999; 9999; 9999; 9999; 9999; 9999
1949;01; 0; 0; 0; 0; 0; 0; 0; 184; 0; 21; 201; 535; 373; 103; 0; 0; 50; 189; 70; 0; 0; 0; 0; 0; 104; 0; 0; 0; 0; 0; 120
1949;02; 0; 0; 0; 0; 31; 0; 0; 217; 557; 0; 0; 0; 0; 0; 0; 9999; 570; 4; 0; 0; 103; 57; 0; 0; 32; 0; 0; 0; 9999; 9999; 9999
1949;03; 52; 0; 0; 3; 0; 0; 0; 301; 0; 0; 0; 0; 0; 0; 0; 0; 0; 0; 0; 0; 0; 0; 0; 0; 0; 185; 455; 0; 0; 0; 0
1949;04; 13; 354; 83; 0; 0; 0; 0; 0; 0; 0; 0; 0; 0; 0; 0; 0; 0; 0; 0; 0; 0; 0; 12; 0; 265; 0; 0; 0; 0; 0; 9999
1949;05; 0; 0; 0; 0; 103; 0; 20; 0; 0; 0; 0; 214; 0; 0; 0; 0; 0; 0; 0; 0; 0; 0; 0; 0; 0; 0; 0; 0; 0; 0; 0
1949;06; 0; 0; 0; 0; 30; 203; 0; 0; 0; 0; 185; 206; 0; 0; 234; 0; 0; 0; 0; 0; 0; 0; 0; 0; 0; 0; 0; 0; 0; 0; 9999
1949;07; 0; 0; 0; 0; 0; 0; 0; 0; 0; 0; 0; 0; 0; 0; 0; 0; 0; 0; 0; 0; 0; 0; 0; 0; 0; 0; 0; 0; 0; 0; 0
1949;08; 0; 0; 0; 0; 0; 0; 0; 0; 0; 0; 0; 0; 0; 0; 0; 0; 0; 0; 0; 0; 0; 0; 86; 0; 14; 0; 0; 0; 0; 357; 0
1949;09; 0; 0; 0; 0; 0; 82; 0; 0; 0; 0; 0; 0; 0; 0; 0; 0; 0; 0; 0; 0; 0; 0; 0; 0; 0; 0; 0; 0; 0; 0; 9999
1949;10; 0; 0; 0; 0; 0; 0; 0; 43; 0; 0; 0; 0; 100; 0; 0; 0; 64; 0; 0; 0; 0; 0; 0; 0; 0; 0; 0; 0; 114; 0; 0
1949;11; 0; 0; 0; 0; 0; 63; 0; 0; 253; 0; 0; 0; 0; 0; 0; 0; 0; 0; 0; 0; 93; 0; 0; 0; 0; 0; 0; 0; 0; 0; 9999
1949;12; 0; 403; 543; 0; 0; 0; 0; 272; 0; 0; 0; 0; 0; 0; 0; 9999; 382; 0; 0; 0; 0; 0; 642; 0; 21; 174; 0; 0; 102; 0; 0
1950;01; 0; 0; 0; 0; 305; 0; 0; 0; 0; 0; 321; 0; 0; 386; 0; 0; 0; 0; 352; 506; 0; 0; 164; 0; 123; 0; 0; 181; 103; 0; 153
1950;02; 43; 0; 0; 348; 0; 0; 0; 0; 495; 0; 20; 0; 0; 0; 0; 224; 0; 0; 153; 202; 100; 100; 152; 143; 0; 0; 0; 0; 9999; 9999; 9999
1950;03; 0; 0; 0; 0; 0; 0; 0; 0; 0; 0; 0; 0; 0; 0; 0; 0; 301; 213; 0; 474; 252; 0; 0; 0; 0; 0; 0; 0; 0; 0; 0
1950;04; 153; 0; 134; 0; 0; 0; 0; 0; 0; 0; 0; 0; 0; 0; 153; 0; 0; 0; 0; 0; 0; 0; 0; 0; 0; 0; 455; 92; 403; 452; 9999
1950;05; 9999; 9999; 9999; 9999; 9999; 9999; 9999; 9999; 9999; 9999; 9999; 9999; 9999; 9999; 9999; 9999; 9999; 9999; 9999; 9999; 9999; 9999; 9999; 9999; 9999; 9999; 9999; 9999; 9999; 9999; 9999
1950;06; 9999; 9999; 9999; 9999; 9999; 9999; 9999; 9999; 9999; 9999; 9999; 9999; 9999; 9999; 9999; 9999; 9999; 9999; 9999; 9999; 9999; 9999; 9999; 9999; 9999; 9999; 9999; 9999; 9999; 9999; 9999
1950;07; 9999; 9999; 9999; 9999; 9999; 9999; 9999; 9999; 9999; 9999; 9999; 9999; 9999; 9999; 9999; 9999; 9999; 9999; 9999; 9999; 9999; 9999; 9999; 9999; 9999; 9999; 9999; 9999; 9999; 9999; 9999
1950;08; 9999; 9999; 9999; 9999; 9999; 9999; 9999; 9999; 9999; 9999; 9999; 9999; 9999; 9999; 9999; 9999; 9999; 9999; 9999; 9999; 9999; 9999; 9999; 9999; 9999; 9999; 9999; 9999; 9999; 9999; 9999
1950;09; 9999; 9999; 9999; 9999; 9999; 9999; 9999; 9999; 9999; 9999; 9999; 9999; 9999; 9999; 9999; 9999; 9999; 9999; 9999; 9999; 9999; 9999; 9999; 9999; 9999; 9999; 9999; 9999; 9999; 9999; 9999
1950;10; 0; 0; 0; 0; 0; 0; 0; 0; 0; 0; 0; 0; 0; 0; 0; 9999; 9999; 9999; 9999; 9999; 9999; 9999; 9999; 9999; 9999; 9999; 9999; 9999; 9999; 9999; 9999
1950;11; 0; 0; 0; 0; 0; 0; 0; 0; 0; 0; 0; 0; 0; 0; 0; 9999; 9999; 9999; 9999; 9999; 9999; 9999; 9999; 9999; 9999; 9999; 9999; 9999; 9999; 9999; 9999
1950;12; 0; 0; 0; 0; 0; 0; 0; 0; 0; 0; 0; 0; 0; 0; 0; 9999; 9999; 9999; 9999; 9999; 9999; 9999; 9999; 9999; 9999; 9999; 9999; 9999; 9999; 9999; 9999
1951;01; 9999; 9999; 9999; 9999; 9999; 9999; 9999; 9999; 9999; 9999; 9999; 9999; 9999; 9999; 9999; 9999; 9999; 9999; 9999; 9999; 9999; 9999; 9999; 9999; 9999; 9999; 9999; 9999; 9999; 9999; 9999
1951;02; 52; 0; 0; 228; 0; 0; 205; 110; 0; 0; 0; 0; 0; 0; 0; 13; 0; 0; 60; 556; 0; 95; 7; 280; 0; 42; 0; 0; 9999; 9999; 9999
1951;03; 0; 0; 0; 0; 7; 12; 233; 142; 0; 0; 0; 162; 259; 0; 396; 242; 15; 164; 44; 0; 0; 0; 0; 0; 0; 0; 0; 0; 0; 0; 0
1951;04; 0; 174; 134; 0; 0; 0; 0; 0; 0; 0; 0; 0; 0; 0; 0; 0; 0; 0; 0; 0; 0; 0; 0; 0; 0; 0; 0; 0; 0; 0; 9999
1951;05; 0; 0; 0; 0; 0; 0; 0; 0; 0; 0; 0; 0; 0; 0; 0; 0; 0; 0; 0; 0; 0; 0; 0; 0; 0; 0; 0; 0; 0; 31; 2
1951;06; 0; 0; 0; 0; 0; 0; 30; 0; 0; 0; 0; 0; 0; 0; 0; 0; 0; 0; 0; 0; 0; 0; 0; 0; 0; 35; 0; 22; 100; 0; 9999
1951;07; 0; 0; 0; 0; 295; 0; 0; 64; 0; 0; 0; 0; 0; 0; 0; 0; 0; 0; 0; 0; 0; 0; 0; 0; 0; 0; 0; 0; 0; 0; 0
1951;08; 0; 0; 0; 0; 73; 30; 0; 0; 0; 0; 0; 0; 0; 0; 0; 0; 0; 0; 0; 0; 0; 160; 105; 102; 0; 0; 0; 0; 0; 17; 0
1951;09; 0; 0; 0; 0; 0; 0; 0; 0; 0; 0; 0; 0; 0; 0; 0; 0; 103; 0; 0; 0; 0; 0; 0; 0; 0; 0; 0; 0; 0; 0; 9999
1951;10; 0; 0; 0; 0; 0; 206; 0; 0; 0; 0; 106; 0; 0; 27; 95; 12; 0; 0; 192; 100; 11; 0; 0; 0; 130; 82; 0; 0; 195; 0; 0
1951;11; 0; 0; 0; 0; 0; 0; 0; 0; 0; 0; 0; 0; 0; 0; 48; 0; 390; 0; 52; 0; 0; 0; 33; 302; 180; 52; 0; 48; 114; 9999; 9999
1951;12; 0; 0; 0; 0; 0; 217; 0; 305; 30; 0; 0; 451; 0; 0; 0; 90; 0; 0; 0; 0; 0; 89; 146; 0; 0; 0; 0; 0; 57; 15; 0
1952;01; 400; 50; 0; 0; 0; 0; 151; 553; 0; 0; 0; 52; 0; 0; 41; 110; 0; 250; 0; 0; 0; 0; 0; 0; 0; 208; 0; 0; 0; 0; 3
1952;02; 174; 52; 0; 0; 0; 220; 22; 0; 0; 0; 42; 400; 145; 0; 0; 0; 0; 0; 325; 22; 200; 0; 0; 0; 340; 113; 0; 0; 3; 9999; 9999
1952;03; 0; 0; 0; 0; 0; 0; 0; 0; 0; 62; 152; 117; 65; 25; 69; 196; 2; 0; 0; 0; 0; 0; 0; 0; 0; 89; 0; 0; 0; 0; 0
1952;04; 181; 0; 0; 0; 0; 0; 0; 0; 0; 0; 2; 0; 0; 0; 0; 0; 0; 0; 0; 0; 0; 0; 0; 0; 0; 0; 0; 0; 0; 0; 9999
1952;05; 0; 0; 0; 0; 0; 0; 0; 0; 0; 0; 0; 0; 0; 0; 0; 0; 0; 0; 0; 0; 0; 0; 0; 0; 0; 0; 0; 0; 0; 0; 0
1952;06; 0; 0; 0; 0; 0; 0; 0; 0; 175; 200; 0; 0; 0; 135; 116; 25; 380; 72; 0; 0; 0; 0; 0; 0; 0; 0; 0; 0; 0; 0; 9999
1952;07; 0; 0; 0; 0; 0; 0; 0; 0; 0; 0; 0; 0; 0; 0; 0; 0; 0; 0; 0; 0; 0; 0; 0; 0; 0; 0; 0; 0; 0; 0; 0
1952;08; 0; 0; 0; 0; 0; 0; 0; 0; 0; 0; 0; 0; 0; 0; 0; 0; 0; 0; 0; 0; 0; 0; 0; 0; 0; 0; 25; 0; 0; 0; 0
1952;09; 0; 0; 0; 0; 92; 40; 0; 0; 0; 0; 0; 0; 10; 0; 0; 40; 22; 210; 142; 0; 0; 0; 0; 0; 0; 0; 0; 0; 0; 0; 9999
1952;10; 0; 0; 0; 0; 0; 0; 0; 2; 79; 0; 0; 0; 18; 105; 0; 0; 0; 15; 485; 21; 14; 200; 12; 0; 21; 102; 0; 116; 0; 0; 0
1952;11; 172; 405; 280; 9; 0; 0; 0; 0; 27; 0; 0; 0; 0; 0; 0; 0; 0; 0; 0; 290; 0; 0; 0; 0; 0; 0; 0; 0; 0; 0; 9999
1952;12; 39; 240; 0; 0; 0; 185; 0; 0; 0; 0; 0; 55; 0; 0; 0; 0; 0; 0; 0; 7; 97; 105; 32; 0; 0; 340; 300; 0; 31; 22; 215
1953;01; 9999; 9999; 9999; 9999; 9999; 9999; 9999; 9999; 9999; 9999; 9999; 9999; 9999; 9999; 9999; 9999; 9999; 9999; 9999; 9999; 9999; 9999; 9999; 9999; 9999; 9999; 9999; 9999; 9999; 9999; 9999
1953;02; 9999; 9999; 9999; 9999; 9999; 9999; 9999; 9999; 9999; 9999; 9999; 9999; 9999; 9999; 9999; 9999; 9999; 9999; 9999; 9999; 9999; 9999; 9999; 9999; 9999; 9999; 9999; 9999; 9999; 9999; 9999
1953;03; 9999; 9999; 9999; 9999; 9999; 9999; 9999; 9999; 9999; 9999; 9999; 9999; 9999; 9999; 9999; 9999; 9999; 9999; 9999; 9999; 9999; 9999; 9999; 9999; 9999; 9999; 9999; 9999; 9999; 9999; 9999
1953;04; 9999; 9999; 9999; 9999; 9999; 9999; 9999; 9999; 9999; 9999; 9999; 9999; 9999; 9999; 9999; 9999; 9999; 9999; 9999; 9999; 9999; 9999; 9999; 9999; 9999; 9999; 9999; 9999; 9999; 9999; 9999
1953;05; 9999; 9999; 9999; 9999; 9999; 9999; 9999; 9999; 9999; 9999; 9999; 9999; 9999; 9999; 9999; 9999; 9999; 9999; 9999; 9999; 9999; 9999; 9999; 9999; 9999; 9999; 9999; 9999; 9999; 9999; 9999
1953;06; 9999; 9999; 9999; 9999; 9999; 9999; 9999; 9999; 9999; 9999; 9999; 9999; 9999; 9999; 9999; 9999; 9999; 9999; 9999; 9999; 9999; 9999; 9999; 9999; 9999; 9999; 9999; 9999; 9999; 9999; 9999
1953;07; 9999; 9999; 9999; 9999; 9999; 9999; 9999; 9999; 9999; 9999; 9999; 9999; 9999; 9999; 9999; 9999; 9999; 9999; 9999; 9999; 9999; 9999; 9999; 9999; 9999; 9999; 9999; 9999; 9999; 9999; 9999
1953;08; 9999; 9999; 9999; 9999; 9999; 9999; 9999; 9999; 9999; 9999; 9999; 9999; 9999; 9999; 9999; 9999; 9999; 9999; 9999; 9999; 9999; 9999; 9999; 9999; 9999; 9999; 9999; 9999; 9999; 9999; 9999
1953;09; 9999; 9999; 9999; 9999; 9999; 9999; 9999; 9999; 9999; 9999; 9999; 9999; 9999; 9999; 9999; 9999; 9999; 9999; 9999; 9999; 9999; 9999; 9999; 9999; 9999; 9999; 9999; 9999; 9999; 9999; 9999
1953;10; 9999; 9999; 9999; 9999; 9999; 9999; 9999; 9999; 9999; 9999; 9999; 9999; 9999; 9999; 9999; 9999; 9999; 9999; 9999; 9999; 9999; 9999; 9999; 9999; 9999; 9999; 9999; 9999; 9999; 9999; 9999
1953;11; 9999; 9999; 9999; 9999; 9999; 9999; 9999; 9999; 9999; 9999; 9999; 9999; 9999; 9999; 9999; 9999; 9999; 9999; 9999; 9999; 9999; 9999; 9999; 9999; 9999; 9999; 9999; 9999; 9999; 9999; 9999
1953;12; 9999; 9999; 9999; 9999; 9999; 9999; 9999; 9999; 9999; 9999; 9999; 9999; 9999; 9999; 9999; 9999; 9999; 9999; 9999; 9999; 9999; 9999; 9999; 9999; 9999; 9999; 9999; 9999; 9999; 9999; 9999
1954;01; 0; 0; 165; 422; 16; 122; 36; 124; 256; 0; 45; 0; 0; 0; 0; 0; 0; 200; 62; 320; 300; 65; 0; 32; 0; 0; 0; 0; 0; 0; 0
1954;02; 0; 0; 0; 32; 160; 130; 380; 207; 34; 0; 0; 0; 0; 635; 115; 12; 21; 32; 33; 110; 0; 0; 0; 0; 0; 146; 0; 0; 9999; 9999; 9999
1954;03; 0; 185; 0; 0; 0; 122; 22; 36; 79; 162; 283; 0; 207; 0; 0; 0; 0; 0; 102; 0; 0; 0; 0; 0; 0; 0; 0; 183; 0; 0; 260
1954;04; 0; 0; 63; 0; 50; 0; 0; 0; 0; 0; 0; 0; 0; 0; 0; 0; 0; 0; 0; 0; 0; 0; 0; 0; 0; 0; 0; 56; 0; 0; 9999
1954;05; 0; 0; 0; 0; 0; 0; 63; 0; 120; 0; 207; 0; 202; 0; 0; 0; 155; 116; 305; 0; 300; 216; 0; 0; 0; 0; 0; 0; 0; 0; 0
1954;06; 0; 0; 0; 65; 23; 102; 0; 0; 0; 0; 0; 0; 0; 0; 0; 0; 0; 0; 0; 0; 0; 0; 165; 0; 0; 0; 0; 0; 0; 0; 9999
1954;07; 0; 0; 0; 0; 0; 0; 0; 0; 0; 0; 0; 0; 0; 0; 0; 175; 0; 0; 95; 0; 0; 0; 0; 0; 0; 0; 0; 0; 0; 0; 0
1954;08; 0; 0; 0; 0; 0; 0; 0; 0; 0; 0; 0; 0; 0; 0; 0; 0; 0; 0; 0; 0; 0; 0; 0; 0; 0; 0; 0; 0; 0; 0; 0
1954;09; 0; 0; 0; 0; 0; 0; 0; 0; 0; 0; 0; 0; 0; 82; 0; 0; 0; 0; 0; 117; 0; 0; 0; 0; 0; 0; 0; 192; 0; 67; 9999
1954;10; 95; 0; 0; 362; 0; 0; 0; 0; 0; 0; 50; 0; 0; 0; 0; 0; 25; 30; 35; 0; 200; 182; 0; 0; 0; 0; 0; 147; 0; 0; 0
1954;11; 0; 0; 0; 0; 0; 0; 0; 0; 0; 0; 0; 0; 0; 0; 0; 0; 0; 0; 0; 0; 0; 0; 0; 45; 0; 0; 0; 0; 0; 0; 9999
1954;12; 0; 0; 0; 250; 0; 0; 0; 785; 0; 23; 0; 0; 213; 0; 0; 0; 0; 0; 150; 35; 0; 0; 103; 0; 0; 0; 0; 0; 0; 0; 0
1955;01; 0; 75; 1200; 32; 245; 0; 32; 0; 75; 510; 51; 32; 690; 254; 82; 175; 427; 290; 0; 0; 0; 0; 52; 0; 0; 0; 0; 0; 0; 0; 140
1955;02; 0; 0; 0; 0; 0; 0; 0; 0; 0; 0; 0; 0; 0; 0; 0; 0; 0; 0; 0; 0; 0; 102; 189; 60; 103; 0; 23; 0; 9999; 9999; 9999
1955;03; 0; 0; 0; 0; 0; 41; 0; 0; 0; 23; 180; 0; 0; 0; 30; 12; 0; 0; 0; 0; 0; 0; 0; 25; 0; 0; 0; 136; 14; 101; 255
1955;04; 0; 0; 0; 0; 0; 0; 0; 0; 0; 0; 7; 0; 13; 0; 0; 421; 53; 0; 0; 0; 0; 0; 0; 0; 0; 0; 0; 0; 45; 0; 9999
1955;05; 0; 0; 0; 0; 0; 0; 0; 0; 0; 0; 0; 0; 0; 0; 0; 144; 0; 0; 0; 195; 0; 0; 0; 25; 0; 0; 0; 0; 0; 0; 64
1955;06; 9999; 0; 0; 0; 0; 0; 0; 0; 37; 0; 0; 0; 12; 40; 0; 0; 9999; 0; 0; 0; 22; 0; 0; 0; 0; 0; 0; 0; 0; 0; 9999
1955;07; 0; 0; 12; 18; 332; 112; 0; 0; 0; 0; 0; 0; 0; 0; 0; 0; 0; 0; 0; 0; 0; 0; 0; 0; 0; 0; 0; 0; 0; 0; 27
1955;08; 0; 0; 0; 0; 0; 0; 0; 0; 0; 0; 0; 0; 0; 0; 0; 0; 0; 0; 0; 0; 0; 0; 0; 0; 0; 74; 380; 525; 92; 0; 0
1955;09; 0; 0; 0; 0; 0; 0; 0; 0; 0; 0; 0; 0; 0; 0; 0; 0; 0; 0; 0; 0; 0; 0; 0; 0; 0; 0; 0; 0; 0; 0; 9999
1955;10; 0; 55; 0; 0; 0; 0; 0; 0; 60; 0; 0; 0; 125; 0; 0; 22; 0; 0; 0; 0; 0; 0; 0; 0; 0; 0; 0; 1035; 0; 0; 0
1955;11; 130; 236; 407; 5; 0; 0; 0; 0; 0; 122; 0; 0; 0; 0; 0; 0; 0; 0; 75; 0; 0; 0; 0; 0; 0; 0; 0; 0; 0; 0; 9999
1955;12; 0; 0; 82; 401; 0; 0; 0; 65; 0; 0; 0; 0; 240; 0; 0; 0; 122; 0; 0; 0; 0; 0; 0; 0; 0; 65; 0; 0; 32; 613; 504
1956;01; 32; 0; 0; 130; 0; 0; 0; 0; 0; 0; 0; 0; 0; 0; 0; 0; 0; 0; 152; 71; 0; 0; 0; 137; 0; 0; 203; 11; 30; 0; 0
1956;02; 0; 0; 0; 0; 0; 0; 0; 0; 0; 0; 0; 12; 193; 126; 108; 401; 45; 215; 100; 0; 0; 0; 0; 198; 295; 51; 0; 355; 0; 9999; 9999
1956;03; 0; 0; 0; 0; 0; 0; 0; 0; 0; 0; 0; 56; 0; 0; 0; 0; 0; 65; 0; 0; 0; 0; 0; 0; 42; 0; 0; 0; 0; 68; 501
1956;04; 0; 0; 0; 0; 0; 0; 15; 0; 5; 0; 83; 0; 0; 0; 0; 0; 0; 0; 0; 5; 0; 0; 0; 0; 10; 15; 0; 552; 46; 0; 9999
1956;05; 0; 196; 0; 0; 240; 0; 15; 12; 18; 0; 0; 0; 0; 0; 0; 0; 0; 0; 0; 0; 0; 45; 0; 15; 170; 551; 59; 0; 0; 0; 0
1956;06; 235; 25; 41; 0; 0; 0; 0; 0; 12; 0; 530; 23; 305; 11; 114; 30; 0; 0; 0; 0; 0; 0; 0; 10; 0; 0; 0; 90; 0; 0; 9999
1956;07; 0; 0; 0; 0; 0; 201; 0; 0; 0; 0; 0; 0; 0; 0; 123; 0; 0; 0; 0; 0; 0; 13; 98; 232; 0; 0; 0; 12; 0; 0; 146
1956;08; 390; 0; 45; 523; 0; 0; 0; 0; 0; 0; 0; 0; 0; 0; 0; 0; 0; 0; 0; 0; 0; 0; 0; 85; 0; 0; 0; 0; 0; 0; 0
1956;09; 0; 0; 0; 0; 0; 0; 0; 0; 0; 200; 153; 0; 0; 14; 165; 23; 0; 0; 0; 0; 0; 0; 0; 0; 0; 106; 1; 0; 32; 5; 9999
1956;10; 0; 0; 0; 0; 0; 0; 0; 0; 3; 2; 335; 200; 0; 0; 0; 0; 0; 0; 0; 0; 0; 0; 300; 104; 0; 0; 0; 81; 15; 40; 0
1956;11; 0; 0; 0; 0; 0; 0; 0; 0; 0; 0; 0; 0; 0; 0; 0; 0; 0; 0; 0; 0; 0; 40; 0; 0; 0; 196; 0; 0; 0; 0; 9999
1956;12; 0; 0; 0; 0; 0; 40; 225; 6; 0; 0; 0; 0; 0; 200; 30; 0; 0; 0; 0; 0; 45; 0; 32; 300; 307; 0; 0; 0; 0; 0; 0
1957;01; 0; 0; 0; 0; 0; 132; 0; 0; 7; 481; 345; 0; 0; 0; 317; 535; 225; 16; 87; 12; 190; 0; 0; 112; 15; 100; 0; 75; 0; 0; 67
1957;02; 5; 253; 147; 365; 0; 0; 0; 820; 450; 0; 576; 175; 0; 0; 512; 65; 90; 0; 0; 0; 0; 0; 0; 0; 0; 24; 96; 0; 9999; 9999; 9999
1957;03; 0; 0; 0; 0; 0; 0; 206; 0; 0; 441; 82; 42; 0; 0; 0; 0; 0; 185; 0; 0; 106; 241; 0; 21; 20; 0; 0; 0; 0; 5; 0
1957;04; 0; 0; 0; 0; 0; 0; 0; 0; 0; 0; 0; 0; 0; 0; 102; 170; 0; 0; 0; 0; 0; 0; 0; 0; 30; 20; 9999; 0; 0; 128; 9999
1957;05; 35; 0; 0; 0; 0; 0; 0; 0; 0; 35; 0; 0; 0; 0; 0; 0; 0; 0; 0; 0; 0; 0; 0; 0; 0; 0; 0; 80; 0; 0; 0
1957;06; 0; 0; 25; 0; 0; 5; 0; 328; 0; 0; 0; 0; 0; 0; 0; 0; 0; 0; 0; 0; 0; 0; 0; 0; 0; 0; 0; 0; 0; 173; 9999
1957;07; 0; 502; 77; 58; 0; 305; 0; 0; 0; 0; 0; 0; 0; 0; 0; 207; 35; 82; 327; 126; 0; 0; 0; 0; 0; 0; 0; 0; 0; 0; 0
1957;08; 0; 0; 0; 0; 0; 0; 0; 0; 0; 0; 0; 0; 0; 46; 0; 0; 392; 227; 182; 0; 0; 194; 0; 0; 0; 0; 0; 0; 0; 0; 101
1957;09; 0; 261; 400; 5; 0; 0; 0; 232; 120; 5; 0; 0; 0; 0; 0; 10; 182; 0; 0; 0; 156; 55; 385; 246; 0; 0; 0; 0; 0; 0; 9999
1957;10; 0; 0; 0; 0; 0; 0; 0; 0; 0; 0; 0; 384; 428; 0; 0; 0; 0; 0; 0; 0; 0; 0; 443; 0; 0; 0; 380; 446; 41; 57; 0
1957;11; 0; 0; 0; 142; 0; 0; 0; 0; 50; 62; 0; 0; 3; 50; 0; 0; 0; 195; 132; 217; 65; 0; 0; 0; 580; 0; 0; 0; 0; 0; 9999
1957;12; 367; 0; 21; 0; 0; 0; 0; 0; 0; 0; 0; 193; 22; 150; 173; 62; 31; 0; 0; 0; 0; 42; 0; 0; 0; 0; 0; 451; 0; 0; 0
1958;01; 0; 143; 69; 0; 0; 0; 0; 0; 0; 0; 0; 46; 0; 6; 150; 126; 107; 914; 5; 0; 0; 59; 440; 57; 172; 66; 40; 582; 0; 0; 0
1958;02; 0; 0; 104; 40; 8; 0; 71; 20; 0; 0; 0; 0; 0; 0; 0; 0; 0; 0; 10; 0; 22; 0; 0; 0; 23; 25; 300; 478; 9999; 9999; 9999
1958;03; 122; 250; 107; 131; 0; 0; 0; 365; 0; 0; 0; 0; 0; 0; 105; 130; 262; 20; 85; 0; 0; 0; 0; 0; 0; 0; 0; 0; 0; 0; 0
1958;04; 117; 267; 0; 0; 0; 0; 0; 0; 0; 103; 57; 0; 7; 0; 0; 0; 0; 0; 0; 97; 0; 0; 41; 0; 0; 0; 0; 0; 0; 0; 9999
1958;05; 0; 13; 45; 182; 0; 0; 0; 0; 0; 0; 0; 34; 0; 0; 0; 0; 0; 0; 0; 0; 0; 227; 166; 5; 60; 116; 8; 205; 0; 0; 0
1958;06; 0; 0; 0; 0; 0; 0; 0; 0; 0; 0; 0; 0; 0; 125; 452; 0; 122; 70; 0; 0; 0; 0; 0; 0; 0; 0; 0; 0; 0; 0; 9999
1958;07; 0; 0; 0; 0; 0; 0; 0; 0; 0; 0; 0; 15; 0; 0; 0; 100; 22; 70; 55; 0; 0; 0; 0; 0; 0; 0; 0; 0; 0; 0; 0
1958;08; 0; 0; 0; 152; 0; 0; 0; 0; 0; 0; 0; 0; 0; 0; 0; 0; 0; 0; 0; 0; 0; 0; 0; 0; 0; 0; 0; 0; 0; 47; 0
1958;09; 0; 0; 0; 0; 0; 0; 0; 151; 7; 41; 0; 32; 295; 125; 69; 0; 0; 0; 0; 0; 0; 0; 0; 0; 160; 0; 0; 0; 0; 0; 9999
1958;10; 9; 0; 0; 0; 0; 0; 320; 0; 0; 0; 112; 0; 0; 0; 0; 0; 0; 64; 0; 0; 0; 0; 0; 440; 0; 0; 545; 172; 332; 54; 2
1958;11; 54; 0; 0; 0; 0; 0; 0; 0; 0; 0; 100; 0; 18; 0; 0; 0; 0; 36; 106; 0; 0; 0; 0; 12; 32; 0; 0; 0; 0; 0; 9999
1958;12; 0; 0; 0; 0; 0; 0; 94; 292; 0; 189; 17; 0; 0; 0; 0; 100; 81; 210; 226; 100; 335; 315; 0; 0; 0; 0; 0; 0; 0; 87; 0
1959;01; 0; 0; 0; 167; 487; 373; 0; 16; 0; 0; 0; 128; 535; 52; 0; 230; 373; 402; 12; 0; 13; 17; 55; 470; 4; 0; 0; 0; 0; 0; 0
1959;02; 0; 0; 115; 27; 165; 18; 97; 0; 92; 0; 0; 43; 212; 243; 0; 20; 0; 23; 0; 0; 0; 0; 0; 0; 406; 3; 0; 75; 9999; 9999; 9999
1959;03; 0; 0; 0; 0; 0; 0; 0; 353; 52; 0; 0; 0; 65; 200; 0; 0; 0; 330; 120; 35; 30; 15; 400; 99; 15; 102; 0; 0; 0; 0; 64
1959;04; 367; 0; 308; 100; 0; 112; 0; 0; 0; 0; 0; 0; 0; 0; 0; 0; 0; 0; 0; 0; 0; 0; 42; 0; 197; 0; 192; 0; 0; 0; 9999
1959;05; 0; 0; 0; 0; 0; 0; 0; 0; 0; 0; 0; 0; 0; 0; 0; 0; 0; 0; 407; 25; 102; 49; 0; 0; 0; 0; 0; 0; 0; 67; 0
1959;06; 0; 0; 0; 0; 0; 101; 22; 0; 0; 0; 0; 0; 0; 0; 0; 0; 0; 0; 0; 0; 0; 0; 0; 0; 0; 0; 0; 0; 0; 0; 9999
1959;07; 0; 0; 0; 0; 0; 0; 0; 0; 0; 0; 0; 0; 0; 0; 0; 0; 0; 0; 0; 0; 0; 0; 0; 0; 0; 0; 0; 0; 0; 0; 0
1959;08; 58; 154; 52; 0; 0; 0; 42; 0; 0; 32; 293; 113; 71; 0; 0; 0; 0; 0; 0; 0; 0; 0; 0; 0; 0; 0; 0; 0; 0; 0; 0
1959;09; 0; 0; 12; 21; 13; 6; 0; 0; 0; 0; 0; 0; 0; 0; 0; 0; 0; 0; 0; 0; 0; 0; 0; 0; 0; 183; 45; 0; 0; 0; 9999
1959;10; 0; 0; 0; 0; 0; 0; 0; 0; 0; 0; 0; 200; 153; 0; 0; 0; 0; 0; 176; 0; 357; 43; 0; 0; 0; 0; 0; 0; 200; 0; 0
1959;11; 0; 0; 15; 0; 0; 135; 0; 0; 26; 0; 32; 12; 20; 0; 0; 0; 0; 0; 21; 0; 0; 0; 0; 0; 13; 742; 85; 0; 18; 0; 9999
1959;12; 0; 0; 0; 484; 15; 0; 0; 400; 75; 0; 60; 0; 0; 0; 0; 0; 0; 23; 0; 0; 65; 267; 0; 0; 176; 0; 0; 0; 0; 0; 0
1960;01; 25; 0; 0; 0; 0; 32; 630; 236; 482; 400; 596; 390; 32; 0; 0; 0; 0; 212; 100; 421; 32; 18; 0; 0; 0; 0; 0; 0; 0; 0; 0
1960;02; 0; 0; 156; 0; 0; 0; 0; 60; 12; 101; 0; 152; 15; 208; 83; 408; 302; 105; 208; 205; 102; 403; 107; 202; 104; 102; 0; 202; 203; 9999; 9999
1960;03; 0; 0; 405; 0; 0; 0; 0; 0; 0; 0; 0; 65; 0; 0; 0; 0; 0; 0; 0; 0; 65; 41; 223; 0; 0; 0; 0; 0; 0; 0; 0
1960;04; 0; 0; 0; 0; 0; 147; 0; 0; 0; 0; 0; 0; 0; 0; 0; 0; 0; 0; 400; 375; 0; 0; 0; 0; 0; 0; 0; 0; 15; 0; 9999
1960;05; 130; 0; 0; 0; 0; 0; 0; 0; 0; 0; 0; 0; 0; 0; 132; 293; 0; 0; 0; 162; 200; 130; 0; 0; 0; 0; 0; 0; 0; 0; 0
1960;06; 0; 0; 0; 0; 0; 0; 0; 0; 0; 0; 0; 0; 0; 0; 176; 0; 0; 133; 0; 0; 0; 0; 116; 235; 0; 0; 101; 0; 0; 0; 9999
1960;07; 0; 0; 0; 0; 0; 0; 0; 0; 0; 0; 0; 0; 0; 0; 0; 0; 0; 0; 0; 0; 0; 0; 0; 0; 0; 0; 0; 0; 0; 0; 0
1960;08; 0; 0; 0; 0; 0; 0; 0; 0; 0; 0; 0; 0; 0; 0; 0; 142; 0; 0; 0; 0; 0; 0; 0; 0; 0; 0; 0; 0; 0; 0; 0
1960;09; 103; 35; 0; 0; 0; 0; 0; 0; 0; 0; 0; 0; 0; 0; 0; 0; 0; 0; 0; 0; 0; 0; 0; 0; 0; 145; 0; 0; 0; 0; 9999
1960;10; 147; 0; 0; 0; 0; 0; 0; 136; 0; 0; 0; 0; 0; 96; 0; 0; 410; 86; 0; 0; 0; 14; 22; 0; 33; 180; 47; 0; 0; 0; 0
1960;11; 36; 0; 0; 0; 193; 161; 0; 45; 0; 0; 332; 62; 31; 13; 0; 0; 0; 0; 21; 31; 32; 0; 0; 0; 0; 45; 0; 0; 12; 30; 9999
1960;12; 123; 28; 0; 0; 0; 0; 72; 0; 0; 0; 21; 0; 216; 112; 0; 0; 0; 882; 800; 45; 65; 623; 602; 82; 0; 376; 0; 0; 0; 3; 0
1961;01; 124; 203; 700; 0; 0; 0; 89; 0; 0; 0; 0; 0; 0; 0; 0; 0; 0; 0; 0; 93; 26; 0; 0; 0; 0; 0; 0; 0; 0; 160; 0
1961;02; 0; 0; 0; 593; 50; 0; 33; 0; 0; 0; 0; 163; 102; 0; 0; 0; 45; 25; 103; 134; 0; 0; 61; 32; 0; 0; 112; 501; 9999; 9999; 9999
1961;03; 316; 0; 0; 0; 0; 0; 0; 82; 0; 0; 0; 37; 32; 23; 104; 64; 0; 256; 101; 36; 62; 0; 0; 0; 0; 0; 200; 0; 0; 0; 0
1961;04; 0; 0; 0; 94; 503; 206; 0; 0; 0; 0; 0; 0; 0; 0; 0; 0; 0; 0; 0; 0; 0; 0; 0; 10; 0; 355; 23; 0; 0; 0; 9999
1961;05; 0; 0; 84; 302; 16; 35; 0; 0; 32; 0; 0; 0; 0; 0; 0; 0; 0; 0; 0; 0; 0; 0; 0; 0; 0; 0; 0; 0; 0; 0; 0
1961;06; 0; 0; 0; 0; 0; 0; 0; 0; 0; 0; 0; 0; 0; 0; 87; 8; 0; 0; 0; 0; 0; 52; 0; 0; 0; 0; 0; 0; 0; 0; 9999
1961;07; 0; 0; 0; 0; 0; 0; 0; 0; 15; 0; 0; 0; 0; 0; 0; 0; 0; 0; 0; 0; 0; 0; 0; 0; 0; 0; 0; 0; 0; 0; 0
1961;08; 0; 0; 0; 0; 0; 0; 0; 0; 0; 0; 0; 0; 0; 0; 0; 0; 0; 0; 0; 0; 0; 0; 0; 0; 0; 88; 0; 0; 0; 0; 23
1961;09; 0; 0; 0; 0; 0; 0; 6; 14; 0; 0; 0; 62; 0; 0; 0; 0; 0; 0; 0; 0; 0; 0; 0; 0; 0; 0; 0; 0; 80; 0; 9999
1961;10; 0; 0; 0; 0; 0; 0; 0; 0; 20; 0; 38; 65; 0; 0; 68; 140; 110; 56; 0; 0; 0; 0; 0; 0; 186; 0; 0; 0; 0; 13; 297
1961;11; 18; 61; 158; 52; 164; 0; 44; 0; 0; 0; 70; 10; 0; 0; 351; 0; 0; 0; 0; 14; 80; 0; 35; 90; 0; 0; 0; 0; 144; 0; 9999
1961;12; 0; 0; 81; 0; 0; 0; 0; 0; 0; 0; 0; 0; 0; 0; 0; 85; 68; 112; 0; 0; 0; 61; 0; 0; 444; 162; 55; 0; 0; 411; 0
1962;01; 0; 0; 299; 24; 0; 0; 0; 80; 29; 0; 0; 0; 0; 0; 58; 10; 30; 103; 83; 42; 30; 48; 0; 0; 0; 0; 0; 0; 0; 0; 0
1962;02; 0; 0; 0; 555; 0; 0; 0; 82; 0; 0; 0; 0; 20; 0; 0; 280; 0; 0; 205; 0; 0; 111; 28; 103; 183; 0; 0; 0; 9999; 9999; 9999
1962;03; 0; 0; 60; 0; 0; 0; 0; 0; 0; 55; 48; 1001; 605; 792; 384; 100; 71; 0; 58; 245; 0; 0; 0; 0; 388; 0; 0; 0; 0; 0; 0
1962;04; 0; 0; 0; 0; 0; 0; 0; 0; 0; 55; 0; 0; 0; 0; 0; 0; 63; 0; 0; 0; 0; 0; 0; 0; 0; 17; 0; 0; 30; 40; 9999
1962;05; 0; 13; 11; 0; 0; 0; 0; 0; 0; 0; 0; 0; 0; 0; 0; 0; 0; 0; 0; 0; 0; 0; 0; 0; 0; 0; 0; 20; 0; 0; 0
1962;06; 0; 0; 380; 120; 0; 0; 16; 42; 0; 0; 0; 0; 0; 0; 0; 0; 0; 0; 0; 0; 0; 0; 22; 0; 0; 0; 0; 0; 0; 0; 9999
1962;07; 0; 0; 0; 0; 0; 41; 0; 0; 0; 200; 40; 0; 0; 0; 0; 0; 0; 18; 11; 0; 0; 0; 0; 23; 28; 0; 0; 0; 0; 0; 0
1962;08; 0; 0; 0; 0; 0; 0; 0; 0; 0; 0; 0; 60; 0; 0; 0; 5; 70; 0; 0; 0; 0; 0; 271; 50; 0; 0; 0; 0; 0; 0; 0
1962;09; 0; 0; 0; 0; 91; 0; 0; 0; 160; 0; 0; 0; 0; 0; 0; 0; 0; 0; 0; 0; 0; 48; 0; 0; 0; 0; 0; 0; 4; 0; 9999
1962;10; 87; 160; 227; 91; 66; 0; 0; 40; 300; 44; 45; 23; 0; 0; 0; 0; 0; 362; 134; 50; 0; 0; 0; 0; 210; 0; 0; 0; 213; 86; 0
1962;11; 0; 0; 0; 0; 0; 0; 50; 130; 0; 0; 0; 0; 0; 0; 0; 0; 0; 0; 10; 141; 200; 145; 0; 0; 0; 0; 0; 0; 0; 0; 9999
1962;12; 0; 0; 0; 360; 0; 227; 0; 0; 0; 0; 0; 275; 0; 210; 0; 0; 0; 42; 11; 0; 0; 0; 0; 0; 0; 128; 0; 0; 0; 750; 198
1963;01; 252; 285; 62; 0; 0; 0; 0; 0; 19; 0; 0; 178; 40; 120; 150; 296; 254; 152; 0; 48; 0; 0; 224; 0; 152; 52; 0; 25; 46; 0; 0
1963;02; 0; 0; 10; 32; 237; 5; 15; 0; 0; 0; 0; 32; 0; 3; 0; 0; 32; 0; 0; 512; 182; 30; 0; 20; 430; 13; 0; 0; 9999; 9999; 9999
1963;03; 0; 0; 0; 1; 0; 0; 0; 0; 51; 0; 0; 0; 0; 0; 0; 0; 0; 0; 0; 0; 2; 0; 0; 0; 13; 340; 0; 70; 0; 0; 0
1963;04; 0; 0; 0; 0; 0; 0; 0; 0; 0; 0; 0; 0; 0; 0; 424; 23; 0; 0; 0; 0; 0; 0; 0; 0; 0; 0; 0; 0; 0; 0; 9999
1963;05; 0; 0; 0; 0; 0; 0; 0; 0; 0; 0; 0; 0; 0; 0; 0; 0; 0; 0; 0; 0; 0; 0; 0; 0; 0; 0; 0; 0; 0; 0; 0
1963;06; 0; 0; 0; 0; 0; 0; 0; 0; 0; 0; 0; 0; 85; 50; 0; 0; 0; 0; 0; 0; 0; 0; 0; 0; 0; 0; 0; 0; 0; 0; 9999
1963;07; 0; 0; 0; 0; 0; 0; 0; 0; 0; 0; 0; 0; 0; 0; 0; 0; 0; 0; 0; 0; 0; 0; 52; 0; 0; 0; 0; 0; 0; 0; 0
1963;08; 0; 0; 0; 0; 0; 0; 0; 0; 0; 0; 0; 0; 0; 0; 0; 20; 0; 0; 0; 0; 0; 0; 0; 0; 0; 0; 0; 0; 0; 0; 0
1963;09; 0; 0; 0; 0; 0; 0; 0; 0; 0; 0; 0; 0; 0; 0; 0; 0; 0; 0; 0; 0; 0; 40; 0; 0; 0; 0; 0; 65; 0; 0; 9999
1963;10; 200; 0; 0; 0; 0; 55; 215; 0; 0; 0; 0; 0; 0; 0; 0; 0; 0; 145; 0; 92; 0; 607; 0; 0; 0; 0; 190; 22; 0; 0; 0
1963;11; 0; 0; 30; 0; 27; 20; 120; 0; 0; 0; 0; 0; 0; 280; 63; 1200; 0; 0; 352; 136; 0; 0; 0; 0; 0; 0; 0; 0; 0; 140; 9999
1963;12; 0; 0; 0; 90; 20; 435; 0; 0; 0; 0; 0; 0; 0; 0; 0; 0; 0; 0; 0; 0; 0; 0; 0; 0; 0; 0; 0; 0; 0; 0; 0
1964;01; 290; 28; 0; 310; 0; 0; 0; 13; 0; 0; 0; 0; 0; 0; 0; 0; 0; 0; 0; 0; 0; 42; 0; 0; 0; 81; 25; 0; 0; 0; 0
1964;02; 0; 50; 85; 0; 0; 0; 0; 30; 135; 22; 86; 330; 222; 324; 283; 110; 156; 230; 275; 570; 15; 0; 0; 0; 0; 0; 0; 0; 135; 9999; 9999
1964;03; 0; 0; 0; 0; 0; 0; 45; 0; 0; 0; 0; 0; 0; 0; 50; 0; 0; 0; 0; 0; 0; 0; 0; 0; 0; 0; 0; 144; 222; 200; 160
1964;04; 0; 0; 0; 0; 0; 0; 0; 0; 0; 0; 0; 0; 0; 0; 0; 0; 0; 0; 0; 0; 0; 0; 0; 0; 0; 0; 0; 0; 0; 711; 9999
1964;05; 0; 0; 0; 0; 0; 15; 100; 0; 0; 0; 0; 0; 0; 0; 0; 0; 0; 0; 0; 0; 0; 0; 0; 0; 0; 0; 0; 0; 0; 0; 0
1964;06; 0; 0; 0; 0; 0; 0; 0; 0; 0; 0; 230; 40; 120; 40; 55; 0; 0; 0; 0; 0; 0; 0; 0; 0; 0; 50; 0; 26; 0; 35; 9999
1964;07; 0; 210; 0; 240; 0; 12; 0; 0; 4; 0; 0; 0; 0; 0; 0; 0; 37; 0; 0; 0; 0; 0; 0; 0; 265; 40; 0; 106; 0; 0; 0
1964;08; 0; 0; 0; 0; 0; 0; 0; 0; 0; 0; 0; 57; 0; 0; 0; 0; 0; 0; 0; 191; 62; 21; 0; 0; 0; 0; 0; 0; 0; 0; 0
1964;09; 100; 45; 0; 0; 0; 0; 0; 0; 0; 0; 0; 0; 0; 0; 0; 0; 0; 0; 0; 0; 0; 0; 0; 178; 480; 150; 0; 200; 0; 0; 9999
1964;10; 85; 0; 0; 0; 0; 0; 0; 0; 0; 0; 0; 0; 0; 0; 0; 0; 0; 0; 0; 40; 310; 41; 0; 0; 0; 0; 650; 0; 0; 123; 0
1964;11; 0; 0; 0; 0; 20; 446; 0; 0; 0; 0; 0; 0; 0; 0; 0; 0; 72; 0; 0; 0; 30; 85; 0; 0; 0; 0; 0; 0; 0; 0; 9999
1964;12; 145; 700; 50; 70; 0; 0; 0; 0; 140; 0; 192; 0; 18; 180; 0; 0; 183; 146; 0; 0; 0; 150; 47; 520; 810; 171; 290; 20; 83; 280; 0
1965;01; 0; 0; 0; 374; 283; 0; 0; 0; 280; 132; 0; 370; 0; 0; 0; 273; 164; 0; 390; 382; 0; 0; 0; 0; 0; 642; 0; 280; 300; 270; 120
1965;02; 130; 410; 0; 0; 0; 0; 0; 0; 0; 0; 0; 0; 300; 570; 0; 0; 0; 0; 0; 0; 40; 200; 280; 50; 233; 42; 600; 93; 9999; 9999; 9999
1965;03; 0; 30; 100; 0; 0; 0; 444; 0; 0; 400; 0; 0; 0; 0; 0; 0; 0; 0; 130; 80; 0; 100; 85; 60; 42; 300; 0; 0; 0; 0; 0
1965;04; 0; 0; 0; 0; 0; 0; 0; 0; 0; 0; 0; 0; 0; 0; 0; 0; 0; 0; 0; 0; 0; 0; 0; 0; 0; 0; 0; 831; 0; 330; 9999
1965;05; 0; 0; 0; 0; 0; 0; 0; 0; 0; 0; 50; 94; 193; 103; 330; 0; 0; 0; 0; 0; 0; 0; 0; 0; 0; 0; 0; 0; 0; 0; 0
1965;06; 0; 0; 0; 0; 0; 0; 0; 0; 135; 10; 0; 0; 0; 0; 0; 0; 0; 0; 0; 0; 0; 0; 0; 40; 0; 0; 0; 0; 0; 0; 9999
1965;07; 0; 0; 0; 0; 144; 100; 130; 0; 0; 220; 0; 0; 0; 140; 0; 0; 0; 0; 0; 0; 0; 0; 0; 0; 0; 0; 0; 0; 0; 0; 0
1965;08; 0; 0; 0; 0; 0; 0; 0; 0; 0; 0; 0; 0; 80; 0; 0; 0; 0; 0; 0; 40; 0; 0; 0; 0; 0; 0; 0; 0; 0; 0; 0
1965;09; 0; 0; 0; 0; 0; 0; 0; 0; 0; 0; 0; 0; 0; 0; 0; 0; 0; 0; 0; 0; 0; 0; 0; 0; 0; 25; 510; 70; 0; 0; 9999
1965;10; 922; 70; 0; 0; 0; 0; 0; 0; 103; 60; 0; 0; 0; 0; 63; 0; 0; 0; 30; 0; 263; 55; 105; 0; 11; 0; 0; 0; 190; 25; 102
1965;11; 410; 0; 0; 0; 0; 260; 0; 0; 40; 0; 0; 0; 120; 0; 15; 0; 0; 0; 0; 0; 0; 340; 0; 0; 0; 0; 320; 0; 210; 0; 9999
1965;12; 0; 0; 0; 210; 65; 0; 380; 510; 542; 280; 342; 190; 87; 120; 535; 49; 0; 0; 95; 0; 0; 0; 0; 0; 210; 100; 0; 0; 2; 0; 0
1966;01; 32; 150; 170; 0; 0; 130; 0; 3; 69; 36; 94; 52; 4; 0; 0; 0; 0; 0; 0; 0; 0; 0; 0; 0; 0; 46; 0; 0; 0; 0; 315
1966;02; 365; 0; 10; 0; 0; 60; 4; 0; 0; 0; 423; 105; 143; 0; 0; 0; 0; 0; 0; 51; 100; 0; 0; 0; 951; 0; 0; 0; 9999; 9999; 9999
1966;03; 0; 74; 0; 0; 0; 313; 381; 44; 70; 0; 0; 0; 0; 0; 0; 0; 0; 0; 0; 0; 0; 0; 0; 0; 0; 66; 30; 53; 0; 102; 80
1966;04; 0; 84; 120; 0; 0; 0; 0; 2; 0; 0; 0; 0; 0; 0; 0; 0; 0; 0; 0; 0; 0; 0; 0; 0; 0; 141; 0; 0; 0; 0; 9999
1966;05; 0; 0; 0; 0; 215; 0; 0; 0; 0; 0; 0; 175; 0; 0; 0; 0; 0; 0; 0; 0; 0; 0; 70; 0; 0; 0; 0; 0; 0; 0; 0
1966;06; 97; 0; 0; 7; 0; 0; 0; 0; 0; 0; 0; 0; 0; 0; 0; 0; 0; 0; 0; 0; 0; 0; 0; 5; 0; 0; 0; 0; 0; 0; 9999
1966;07; 0; 0; 0; 0; 0; 0; 10; 0; 0; 0; 0; 0; 0; 0; 0; 0; 0; 0; 0; 0; 0; 49; 0; 0; 0; 0; 0; 0; 0; 0; 200
1966;08; 0; 0; 0; 0; 0; 0; 0; 0; 0; 100; 0; 0; 0; 0; 0; 0; 0; 0; 0; 0; 0; 0; 45; 0; 133; 0; 0; 0; 0; 0; 0
1966;09; 334; 133; 200; 0; 0; 0; 0; 0; 0; 0; 0; 0; 0; 0; 0; 0; 83; 0; 0; 86; 33; 0; 0; 0; 0; 0; 0; 0; 102; 260; 9999
1966;10; 0; 0; 0; 0; 0; 0; 0; 246; 62; 0; 0; 0; 34; 0; 0; 0; 0; 0; 0; 0; 0; 300; 112; 0; 0; 0; 0; 275; 173; 0; 33
1966;11; 113; 72; 0; 0; 0; 0; 0; 0; 0; 452; 0; 120; 32; 0; 0; 232; 0; 0; 0; 0; 0; 0; 0; 0; 0; 0; 0; 0; 0; 0; 9999
1966;12; 0; 43; 45; 31; 0; 0; 165; 265; 0; 0; 40; 0; 0; 0; 95; 0; 0; 0; 0; 236; 556; 250; 582; 0; 0; 40; 0; 0; 0; 0; 0
1967;01; 0; 43; 121; 60; 99; 0; 0; 0; 0; 108; 0; 0; 8; 12; 60; 200; 0; 0; 0; 0; 46; 0; 0; 717; 0; 0; 303; 0; 0; 0; 186
1967;02; 81; 174; 27; 0; 40; 0; 81; 0; 0; 0; 0; 53; 25; 0; 0; 0; 104; 72; 0; 0; 0; 0; 35; 0; 0; 104; 0; 0; 9999; 9999; 9999
1967;03; 42; 0; 85; 42; 291; 63; 38; 90; 0; 0; 0; 0; 52; 0; 0; 0; 0; 98; 74; 0; 0; 0; 0; 0; 0; 0; 0; 0; 0; 0; 0
1967;04; 0; 0; 0; 0; 0; 0; 0; 0; 0; 0; 0; 0; 0; 0; 0; 0; 0; 0; 0; 0; 0; 127; 0; 0; 0; 0; 0; 54; 0; 0; 9999
1967;05; 0; 0; 103; 0; 0; 0; 0; 0; 0; 0; 0; 0; 0; 0; 0; 0; 0; 0; 0; 0; 0; 0; 0; 0; 0; 0; 0; 0; 0; 0; 0
1967;06; 0; 0; 0; 20; 30; 205; 325; 0; 0; 0; 90; 200; 203; 75; 0; 0; 0; 0; 0; 0; 0; 0; 0; 0; 0; 0; 0; 0; 0; 0; 9999
1967;07; 0; 0; 0; 0; 50; 0; 0; 0; 0; 0; 121; 43; 55; 0; 0; 0; 0; 0; 0; 0; 0; 20; 32; 0; 0; 0; 0; 0; 0; 0; 0
1967;08; 0; 0; 0; 0; 0; 0; 0; 0; 0; 0; 0; 0; 0; 0; 0; 0; 0; 0; 0; 0; 0; 0; 0; 0; 0; 0; 0; 0; 0; 0; 0
1967;09; 0; 0; 0; 0; 0; 0; 0; 150; 200; 0; 0; 0; 0; 0; 0; 105; 0; 220; 42; 283; 0; 0; 0; 0; 0; 0; 0; 0; 0; 0; 9999
1967;10; 0; 0; 0; 0; 0; 0; 0; 0; 0; 0; 0; 294; 0; 0; 0; 0; 38; 0; 124; 242; 300; 214; 0; 0; 100; 142; 553; 0; 0; 0; 0
1967;11; 0; 0; 110; 0; 0; 0; 0; 0; 0; 0; 0; 94; 72; 166; 122; 90; 396; 100; 65; 0; 0; 0; 0; 270; 50; 150; 0; 33; 0; 0; 9999
1967;12; 0; 0; 0; 285; 50; 0; 0; 0; 0; 30; 80; 42; 0; 0; 0; 0; 22; 40; 23; 0; 54; 70; 0; 0; 0; 42; 0; 0; 15; 20; 0
1968;01; 65; 0; 0; 0; 25; 0; 0; 0; 0; 0; 284; 52; 123; 754; 21; 170; 248; 53; 300; 80; 42; 20; 0; 0; 0; 0; 0; 0; 0; 0; 0
1968;02; 0; 0; 0; 0; 0; 0; 0; 0; 0; 0; 145; 0; 0; 175; 81; 545; 0; 0; 0; 0; 0; 0; 0; 0; 0; 0; 0; 0; 0; 9999; 9999
1968;03; 0; 0; 0; 0; 0; 0; 0; 0; 147; 0; 0; 0; 32; 0; 54; 0; 0; 0; 0; 0; 0; 0; 0; 125; 100; 0; 0; 56; 84; 130; 0
1968;04; 0; 0; 0; 0; 0; 0; 0; 0; 0; 0; 0; 0; 0; 0; 0; 0; 0; 0; 0; 372; 130; 0; 0; 0; 0; 0; 0; 0; 0; 0; 9999
1968;05; 0; 0; 0; 0; 0; 0; 0; 0; 0; 135; 0; 0; 0; 0; 25; 873; 0; 0; 0; 0; 0; 0; 0; 0; 0; 0; 0; 0; 0; 0; 0
1968;06; 0; 0; 0; 0; 0; 0; 0; 0; 0; 0; 0; 0; 0; 0; 0; 0; 0; 0; 45; 60; 0; 0; 0; 0; 0; 0; 0; 0; 0; 0; 9999
1968;07; 0; 0; 0; 0; 0; 0; 0; 0; 0; 0; 0; 0; 0; 0; 0; 0; 0; 0; 0; 0; 0; 0; 0; 0; 0; 0; 0; 0; 0; 0; 0
1968;08; 0; 0; 0; 0; 0; 65; 180; 138; 92; 34; 0; 0; 0; 0; 0; 0; 0; 0; 0; 0; 0; 0; 0; 0; 0; 0; 0; 0; 0; 0; 131
1968;09; 14; 0; 0; 0; 0; 0; 0; 0; 0; 0; 0; 0; 0; 0; 0; 0; 0; 23; 45; 34; 0; 0; 0; 0; 0; 0; 0; 0; 0; 0; 9999
1968;10; 0; 0; 0; 0; 0; 0; 0; 0; 0; 0; 0; 0; 0; 0; 0; 0; 165; 75; 0; 50; 0; 0; 30; 184; 110; 0; 0; 173; 0; 0; 0
1968;11; 0; 0; 0; 0; 0; 0; 0; 0; 0; 0; 0; 0; 0; 0; 0; 0; 0; 0; 0; 0; 0; 0; 0; 0; 0; 0; 0; 0; 115; 263; 9999
1968;12; 130; 140; 0; 22; 0; 47; 0; 0; 0; 0; 0; 0; 0; 0; 0; 48; 82; 394; 0; 0; 0; 0; 48; 62; 35; 0; 108; 82; 210; 475; 0
1969;01; 0; 0; 0; 0; 0; 0; 30; 0; 0; 0; 0; 65; 24; 0; 0; 0; 20; 0; 32; 0; 0; 0; 0; 0; 222; 0; 13; 157; 0; 23; 0
1969;02; 0; 52; 170; 0; 0; 0; 0; 44; 20; 51; 0; 0; 0; 0; 0; 111; 0; 0; 0; 0; 75; 0; 0; 162; 100; 32; 0; 82; 9999; 9999; 9999
1969;03; 0; 42; 20; 103; 114; 0; 0; 0; 0; 0; 0; 0; 0; 0; 0; 0; 0; 0; 0; 0; 0; 45; 30; 0; 0; 103; 0; 682; 0; 442; 0
1969;04; 0; 0; 0; 24; 63; 265; 0; 0; 45; 0; 0; 0; 0; 0; 0; 0; 0; 0; 0; 0; 0; 0; 0; 0; 0; 0; 0; 0; 122; 0; 9999
1969;05; 0; 0; 0; 0; 0; 0; 0; 0; 0; 0; 0; 0; 0; 0; 0; 0; 0; 0; 0; 0; 0; 0; 0; 67; 0; 0; 0; 0; 0; 60; 101
1969;06; 104; 166; 0; 0; 0; 0; 0; 0; 0; 0; 0; 0; 0; 0; 0; 0; 0; 0; 0; 0; 32; 0; 0; 0; 0; 0; 0; 0; 0; 0; 9999
1969;07; 0; 0; 0; 0; 0; 0; 0; 0; 0; 0; 0; 0; 82; 0; 0; 0; 0; 0; 0; 0; 0; 10; 0; 0; 0; 0; 0; 0; 0; 0; 0
1969;08; 0; 0; 33; 0; 0; 0; 135; 0; 0; 0; 0; 0; 0; 0; 0; 34; 0; 0; 0; 0; 0; 0; 0; 0; 0; 0; 0; 5; 0; 0; 0
1969;09; 0; 0; 0; 0; 0; 0; 0; 0; 0; 30; 0; 0; 0; 0; 0; 0; 0; 0; 0; 223; 0; 0; 0; 0; 0; 0; 0; 0; 0; 352; 9999
1969;10; 240; 84; 53; 0; 185; 0; 322; 0; 0; 0; 0; 0; 0; 0; 0; 45; 0; 0; 12; 453; 0; 0; 663; 159; 0; 0; 0; 43; 0; 0; 115
1969;11; 0; 0; 0; 0; 0; 0; 50; 82; 300; 83; 0; 0; 91; 405; 420; 180; 42; 0; 275; 56; 40; 118; 31; 3; 0; 0; 0; 45; 0; 48; 9999
1969;12; 0; 0; 0; 0; 0; 0; 0; 0; 0; 0; 20; 0; 141; 70; 0; 0; 0; 0; 0; 0; 0; 0; 175; 82; 0; 0; 0; 0; 31; 70; 0
1970;01; 220; 18; 0; 142; 43; 0; 0; 89; 93; 273; 0; 0; 0; 0; 144; 488; 254; 181; 91; 123; 246; 0; 0; 0; 0; 0; 0; 0; 0; 0; 125
1970;02; 0; 54; 186; 34; 31; 245; 0; 89; 30; 0; 530; 200; 402; 258; 602; 63; 231; 84; 680; 351; 155; 336; 257; 0; 0; 0; 0; 35; 9999; 9999; 9999
1970;03; 466; 0; 104; 0; 0; 0; 0; 0; 134; 106; 42; 0; 538; 206; 68; 360; 21; 163; 0; 342; 0; 0; 0; 0; 120; 0; 0; 0; 0; 0; 0
1970;04; 320; 0; 387; 0; 0; 0; 0; 0; 0; 0; 0; 180; 0; 0; 0; 0; 0; 0; 0; 0; 0; 0; 0; 0; 0; 0; 0; 0; 0; 0; 9999
1970;05; 0; 0; 0; 0; 0; 0; 0; 380; 2; 115; 0; 0; 0; 0; 0; 0; 0; 0; 0; 0; 0; 0; 0; 0; 0; 0; 0; 0; 0; 0; 0
1970;06; 0; 0; 0; 0; 0; 0; 0; 0; 0; 0; 0; 0; 0; 0; 0; 103; 0; 0; 0; 0; 0; 0; 80; 0; 0; 0; 0; 0; 0; 0; 9999
1970;07; 0; 250; 0; 0; 0; 0; 0; 5; 0; 0; 41; 0; 0; 0; 0; 0; 0; 0; 0; 0; 0; 0; 44; 0; 0; 0; 0; 0; 0; 0; 0
1970;08; 0; 0; 0; 0; 0; 0; 0; 0; 0; 0; 0; 0; 0; 0; 0; 0; 0; 0; 0; 0; 0; 0; 0; 0; 40; 290; 142; 124; 40; 127; 169
1970;09; 0; 0; 0; 0; 0; 0; 137; 0; 0; 0; 151; 0; 33; 62; 41; 193; 1; 0; 0; 0; 0; 0; 25; 0; 0; 0; 0; 0; 155; 0; 9999
1970;10; 0; 35; 12; 44; 33; 0; 0; 0; 184; 0; 0; 0; 62; 0; 0; 0; 0; 31; 40; 120; 0; 382; 122; 0; 0; 0; 0; 0; 0; 0; 0
1970;11; 0; 0; 0; 0; 0; 0; 0; 83; 0; 0; 0; 0; 0; 212; 0; 0; 0; 0; 0; 0; 0; 31; 0; 0; 0; 0; 0; 0; 0; 248; 9999
1970;12; 18; 0; 0; 0; 0; 0; 0; 0; 0; 303; 13; 63; 264; 52; 0; 0; 158; 0; 18; 121; 324; 0; 0; 20; 73; 163; 0; 0; 0; 33; 61
1971;01; 200; 280; 18; 34; 0; 0; 235; 0; 0; 62; 0; 0; 0; 63; 0; 0; 0; 0; 0; 0; 0; 0; 0; 0; 0; 0; 0; 0; 0; 0; 148
1971;02; 0; 35; 75; 0; 0; 0; 0; 0; 34; 55; 152; 0; 0; 0; 0; 0; 52; 0; 0; 223; 0; 75; 30; 22; 50; 0; 0; 0; 9999; 9999; 9999
1971;03; 0; 4; 56; 0; 152; 123; 250; 0; 320; 0; 132; 193; 90; 593; 0; 0; 40; 0; 0; 0; 175; 20; 0; 0; 32; 0; 0; 0; 0; 0; 0
1971;04; 0; 0; 0; 0; 0; 0; 0; 0; 0; 0; 0; 0; 0; 0; 0; 130; 200; 2; 0; 0; 0; 121; 294; 0; 0; 0; 0; 0; 0; 0; 9999
1971;05; 0; 0; 80; 13; 252; 0; 0; 0; 8; 0; 0; 0; 0; 0; 0; 0; 0; 0; 0; 0; 0; 0; 0; 0; 56; 196; 0; 0; 2; 0; 0
1971;06; 0; 0; 0; 0; 0; 0; 50; 0; 0; 0; 0; 133; 4; 0; 0; 213; 25; 327; 318; 60; 30; 0; 42; 0; 0; 0; 0; 0; 0; 0; 9999
1971;07; 0; 0; 103; 0; 230; 36; 0; 0; 0; 0; 0; 0; 0; 0; 0; 0; 0; 0; 0; 0; 0; 0; 0; 0; 0; 0; 0; 0; 0; 203; 0
1971;08; 52; 31; 56; 0; 0; 0; 0; 0; 0; 0; 4; 0; 0; 0; 0; 0; 0; 0; 0; 0; 0; 0; 0; 0; 0; 0; 0; 0; 0; 0; 0
1971;09; 0; 0; 0; 0; 0; 0; 141; 0; 38; 0; 15; 60; 0; 0; 0; 0; 0; 0; 0; 0; 0; 0; 0; 105; 0; 0; 0; 0; 103; 0; 9999
1971;10; 255; 0; 0; 0; 341; 0; 79; 262; 0; 0; 268; 400; 7; 0; 0; 0; 0; 0; 0; 0; 0; 0; 0; 0; 218; 0; 0; 0; 0; 0; 0
1971;11; 0; 165; 156; 0; 0; 0; 0; 0; 0; 0; 0; 0; 60; 0; 0; 0; 0; 0; 140; 0; 0; 0; 6; 0; 0; 132; 91; 0; 0; 0; 9999
1971;12; 180; 0; 90; 0; 0; 0; 0; 0; 7; 0; 0; 0; 333; 280; 57; 0; 0; 0; 0; 130; 0; 0; 88; 0; 0; 0; 1; 460; 29; 0; 0
1972;01; 0; 0; 8; 197; 176; 107; 3; 137; 239; 50; 0; 19; 45; 0; 132; 0; 32; 0; 97; 0; 104; 346; 976; 105; 163; 0; 130; 135; 41; 138; 69
1972;02; 28; 0; 250; 0; 18; 0; 31; 21; 132; 37; 13; 172; 0; 12; 34; 0; 0; 0; 0; 518; 5; 2; 2; 64; 0; 1; 92; 4; 0; 9999; 9999
1972;03; 0; 0; 0; 0; 0; 38; 0; 0; 133; 0; 3; 50; 0; 0; 0; 0; 0; 0; 182; 0; 0; 0; 0; 17; 0; 0; 0; 0; 0; 0; 32
1972;04; 305; 0; 4; 395; 0; 0; 0; 0; 10; 0; 0; 0; 0; 0; 0; 33; 0; 0; 0; 0; 0; 0; 0; 0; 0; 0; 0; 0; 0; 0; 9999
1972;05; 0; 0; 0; 0; 0; 0; 0; 85; 55; 62; 0; 0; 0; 1; 0; 0; 0; 0; 0; 0; 0; 0; 0; 122; 293; 0; 0; 0; 0; 0; 0
1972;06; 0; 0; 0; 0; 0; 0; 0; 0; 0; 0; 0; 0; 0; 0; 0; 0; 0; 0; 82; 0; 0; 0; 0; 0; 0; 0; 0; 0; 0; 0; 9999
1972;07; 0; 0; 0; 0; 0; 12; 0; 616; 0; 18; 0; 122; 632; 0; 12; 46; 0; 0; 0; 0; 0; 0; 0; 0; 0; 132; 0; 0; 0; 0; 0
1972;08; 0; 0; 0; 218; 113; 115; 20; 0; 0; 0; 0; 0; 23; 0; 0; 0; 0; 0; 0; 0; 0; 0; 120; 42; 10; 0; 15; 0; 15; 45; 0
1972;09; 0; 0; 0; 0; 48; 308; 10; 0; 0; 0; 51; 0; 0; 0; 0; 0; 0; 0; 0; 0; 0; 0; 162; 32; 191; 3; 0; 85; 176; 87; 9999
1972;10; 0; 10; 42; 870; 267; 72; 0; 0; 0; 168; 412; 6; 0; 0; 262; 0; 0; 0; 0; 0; 0; 0; 0; 0; 0; 0; 0; 0; 118; 2; 0
1972;11; 0; 94; 12; 170; 0; 0; 0; 0; 33; 0; 0; 152; 0; 55; 181; 0; 7; 221; 602; 0; 48; 0; 0; 0; 0; 134; 324; 0; 0; 0; 9999
1972;12; 35; 0; 0; 240; 204; 40; 0; 0; 0; 0; 0; 0; 0; 0; 0; 0; 0; 0; 0; 0; 0; 0; 163; 287; 140; 0; 0; 0; 0; 33; 7
1973;01; 0; 0; 281; 0; 71; 40; 0; 0; 2; 436; 0; 68; 2; 0; 200; 126; 40; 0; 0; 11; 13; 140; 114; 80; 3; 423; 44; 0; 0; 0; 0
1973;02; 0; 0; 0; 121; 0; 0; 0; 0; 0; 0; 0; 0; 238; 314; 260; 216; 175; 32; 0; 0; 270; 0; 0; 0; 0; 0; 0; 0; 9999; 9999; 9999
1973;03; 0; 0; 50; 9; 15; 0; 0; 0; 217; 15; 0; 0; 0; 0; 0; 0; 0; 0; 0; 0; 133; 2; 315; 0; 0; 0; 0; 0; 0; 194; 202
1973;04; 310; 2; 0; 0; 0; 0; 0; 0; 78; 18; 0; 0; 191; 1; 0; 0; 0; 0; 45; 1; 0; 0; 0; 0; 0; 0; 0; 0; 0; 0; 9999
1973;05; 0; 0; 0; 0; 0; 0; 0; 0; 0; 49; 7; 25; 0; 0; 0; 0; 0; 0; 0; 0; 0; 245; 4; 0; 0; 49; 0; 12; 0; 0; 3
1973;06; 0; 0; 0; 0; 0; 0; 0; 0; 0; 0; 0; 0; 0; 0; 0; 0; 0; 118; 0; 0; 0; 0; 0; 0; 230; 0; 222; 25; 2; 0; 9999
1973;07; 0; 114; 198; 0; 0; 0; 0; 0; 0; 0; 0; 0; 0; 0; 0; 0; 0; 0; 0; 6; 2; 100; 5; 24; 0; 0; 0; 132; 0; 0; 0
1973;08; 0; 0; 0; 0; 0; 130; 0; 0; 0; 0; 0; 0; 0; 0; 52; 0; 0; 0; 0; 0; 0; 0; 4; 0; 0; 18; 57; 63; 24; 0; 0
1973;09; 0; 272; 67; 0; 0; 0; 2; 0; 0; 53; 0; 0; 4; 0; 0; 0; 0; 0; 0; 0; 0; 275; 0; 0; 0; 0; 0; 0; 0; 0; 9999
1973;10; 0; 0; 0; 0; 0; 0; 79; 15; 0; 0; 576; 0; 0; 0; 0; 0; 0; 0; 76; 0; 0; 0; 0; 0; 0; 0; 43; 0; 0; 0; 0
1973;11; 340; 69; 0; 0; 0; 0; 0; 0; 0; 0; 0; 0; 59; 23; 0; 0; 0; 300; 451; 0; 0; 0; 0; 0; 291; 0; 0; 0; 48; 0; 9999
1973;12; 0; 0; 168; 0; 0; 231; 346; 314; 0; 0; 0; 0; 0; 0; 0; 273; 306; 0; 0; 184; 32; 0; 0; 39; 16; 2; 0; 0; 0; 521; 0
1974;01; 395; 26; 12; 0; 0; 122; 57; 0; 0; 25; 119; 289; 0; 34; 418; 31; 3; 140; 6; 0; 0; 0; 0; 0; 0; 234; 49; 68; 25; 2; 0
1974;02; 358; 58; 97; 0; 0; 71; 0; 0; 0; 0; 46; 59; 0; 0; 0; 0; 2; 173; 0; 0; 0; 147; 0; 165; 13; 0; 0; 0; 9999; 9999; 9999
1974;03; 0; 0; 0; 0; 0; 0; 0; 153; 0; 119; 207; 445; 673; 881; 15; 9; 278; 380; 257; 77; 4; 0; 0; 0; 8; 25; 0; 0; 0; 0; 0
1974;04; 0; 18; 0; 0; 188; 0; 0; 0; 0; 0; 0; 0; 0; 0; 0; 0; 0; 0; 0; 0; 0; 0; 0; 0; 24; 85; 0; 0; 0; 0; 9999
1974;05; 0; 0; 0; 0; 0; 0; 0; 0; 0; 0; 0; 0; 18; 0; 0; 0; 0; 0; 0; 24; 0; 0; 0; 0; 0; 0; 0; 0; 0; 0; 0
1974;06; 0; 0; 44; 0; 0; 0; 149; 38; 0; 60; 10; 119; 11; 0; 0; 0; 0; 0; 69; 0; 0; 161; 0; 0; 469; 278; 56; 0; 0; 0; 9999
1974;07; 0; 0; 0; 0; 0; 0; 0; 0; 0; 0; 0; 0; 0; 0; 0; 0; 0; 0; 0; 0; 0; 0; 0; 0; 0; 0; 0; 0; 0; 0; 0
1974;08; 0; 0; 0; 0; 0; 0; 0; 0; 10; 0; 0; 0; 0; 0; 0; 38; 0; 2; 0; 0; 0; 0; 0; 0; 0; 0; 0; 0; 0; 0; 0
1974;09; 0; 0; 0; 28; 0; 0; 0; 0; 0; 0; 0; 0; 0; 0; 0; 0; 0; 0; 0; 15; 0; 0; 0; 0; 0; 0; 0; 0; 127; 0; 9999
1974;10; 138; 0; 0; 116; 165; 0; 0; 0; 0; 0; 0; 0; 0; 0; 0; 0; 0; 0; 78; 0; 0; 10; 0; 0; 160; 41; 0; 3; 277; 77; 0
1974;11; 0; 0; 0; 0; 0; 53; 0; 0; 0; 0; 0; 0; 152; 8; 0; 0; 0; 0; 0; 0; 204; 62; 0; 0; 0; 0; 0; 342; 18; 4; 9999
1974;12; 71; 0; 346; 27; 84; 0; 0; 0; 0; 0; 0; 0; 77; 293; 9; 0; 14; 161; 193; 0; 2; 492; 188; 153; 0; 0; 0; 0; 4; 332; 48
1975;01; 326; 14; 0; 0; 189; 0; 159; 0; 0; 123; 86; 199; 218; 121; 3; 67; 118; 0; 42; 2; 16; 0; 0; 0; 4; 83; 9; 0; 9; 0; 0
1975;02; 0; 4; 66; 45; 551; 0; 0; 38; 39; 182; 0; 0; 0; 0; 4; 34; 0; 0; 0; 0; 0; 22; 2; 7; 28; 624; 0; 521; 9999; 9999; 9999
1975;03; 2; 129; 204; 0; 0; 0; 0; 0; 0; 0; 0; 0; 0; 0; 0; 0; 0; 0; 0; 0; 0; 0; 0; 2; 107; 0; 0; 0; 0; 122; 34
1975;04; 0; 0; 0; 0; 0; 0; 0; 0; 0; 102; 31; 3; 0; 0; 11; 36; 0; 0; 0; 2; 0; 0; 0; 0; 0; 0; 0; 0; 0; 0; 9999
1975;05; 27; 0; 0; 11; 0; 195; 0; 0; 0; 0; 0; 0; 0; 0; 0; 0; 0; 17; 0; 0; 0; 0; 0; 0; 0; 0; 0; 0; 0; 0; 0
1975;06; 0; 0; 0; 20; 3; 3; 0; 0; 0; 0; 0; 0; 0; 0; 0; 0; 0; 0; 0; 0; 0; 0; 0; 0; 0; 0; 0; 0; 0; 0; 9999
1975;07; 0; 104; 0; 75; 0; 122; 0; 0; 0; 0; 0; 0; 0; 0; 0; 0; 134; 143; 0; 0; 0; 0; 0; 0; 0; 0; 0; 0; 0; 0; 0
1975;08; 0; 0; 0; 0; 0; 0; 0; 0; 0; 0; 0; 0; 0; 0; 0; 0; 0; 0; 0; 0; 0; 0; 0; 0; 0; 0; 0; 0; 0; 0; 0
1975;09; 0; 0; 0; 0; 0; 0; 0; 0; 0; 0; 0; 0; 0; 0; 0; 0; 0; 0; 0; 0; 0; 1; 0; 250; 0; 0; 83; 81; 0; 0; 9999
1975;10; 35; 2; 191; 325; 92; 29; 0; 99; 0; 0; 12; 66; 0; 0; 3; 0; 2; 88; 202; 0; 3; 0; 0; 0; 0; 0; 0; 2; 79; 3; 306
1975;11; 5; 99; 0; 0; 0; 0; 236; 0; 0; 230; 0; 1; 0; 0; 0; 0; 4; 6; 7; 52; 92; 3; 0; 39; 166; 445; 0; 0; 484; 622; 9999
1975;12; 379; 17; 0; 0; 0; 0; 0; 0; 0; 114; 0; 0; 97; 265; 0; 0; 0; 141; 25; 0; 0; 0; 25; 1; 36; 58; 12; 146; 243; 189; 103
1976;01; 0; 15; 167; 166; 8; 0; 695; 219; 73; 60; 148; 7; 0; 0; 0; 149; 0; 0; 0; 0; 46; 69; 1; 0; 0; 4; 178; 18; 20; 0; 0
1976;02; 0; 75; 202; 2; 0; 20; 272; 444; 0; 0; 0; 0; 0; 0; 0; 0; 0; 36; 27; 127; 275; 0; 123; 1018; 116; 0; 5; 312; 7; 9999; 9999
1976;03; 0; 0; 63; 0; 0; 0; 0; 0; 0; 0; 3; 0; 0; 3; 0; 0; 0; 255; 259; 103; 9; 58; 0; 266; 0; 4; 21; 0; 0; 8; 0
1976;04; 0; 4; 58; 0; 0; 0; 3; 0; 0; 105; 53; 185; 83; 266; 236; 0; 0; 0; 0; 0; 0; 0; 75; 0; 0; 0; 0; 0; 0; 0; 9999
1976;05; 0; 0; 0; 0; 0; 0; 0; 0; 3; 135; 0; 331; 0; 0; 0; 0; 60; 0; 2; 46; 2; 123; 0; 0; 0; 0; 0; 300; 165; 8; 0
1976;06; 0; 0; 0; 0; 13; 809; 2; 0; 0; 0; 32; 9; 45; 82; 0; 0; 0; 0; 0; 0; 0; 0; 0; 0; 0; 0; 0; 0; 0; 0; 9999
1976;07; 5; 37; 427; 130; 0; 0; 0; 129; 166; 160; 0; 0; 0; 0; 0; 0; 0; 0; 0; 0; 0; 0; 0; 0; 0; 0; 0; 0; 0; 0; 0
1976;08; 0; 0; 0; 0; 0; 16; 0; 0; 0; 66; 36; 143; 333; 222; 0; 0; 0; 0; 172; 205; 31; 0; 0; 0; 0; 0; 0; 0; 0; 0; 0
1976;09; 0; 0; 0; 0; 80; 64; 127; 372; 35; 0; 0; 0; 270; 186; 15; 227; 0; 0; 0; 0; 0; 0; 150; 0; 0; 0; 166; 292; 0; 0; 9999
1976;10; 0; 0; 0; 0; 0; 12; 0; 0; 233; 254; 0; 0; 0; 0; 0; 0; 85; 303; 90; 0; 0; 0; 0; 3; 155; 259; 69; 0; 0; 0; 0
1976;11; 13; 0; 0; 6; 158; 221; 0; 0; 0; 0; 0; 0; 0; 83; 0; 3; 18; 0; 0; 126; 122; 0; 0; 0; 0; 0; 29; 0; 199; 0; 9999
1976;12; 0; 259; 0; 0; 12; 88; 0; 0; 270; 9; 0; 100; 45; 21; 0; 0; 0; 0; 150; 75; 0; 22; 0; 0; 25; 70; 0; 0; 0; 0; 100
1977;01; 150; 130; 1773; 26; 125; 103; 280; 19; 0; 0; 0; 0; 0; 0; 0; 0; 502; 176; 281; 6; 0; 0; 0; 0; 0; 0; 20; 154; 371; 1; 1
1977;02; 104; 1; 0; 0; 8; 0; 0; 0; 0; 0; 0; 0; 0; 0; 0; 0; 0; 0; 0; 0; 0; 0; 0; 213; 0; 0; 0; 0; 9999; 9999; 9999
1977;03; 0; 0; 0; 0; 135; 0; 0; 0; 0; 0; 4; 0; 0; 0; 7; 0; 91; 0; 0; 0; 109; 92; 91; 51; 0; 0; 0; 0; 108; 223; 65
1977;04; 65; 0; 0; 15; 45; 0; 0; 0; 281; 185; 4; 0; 0; 0; 0; 0; 0; 0; 127; 108; 0; 0; 128; 0; 0; 0; 0; 0; 0; 0; 9999
1977;05; 0; 0; 0; 0; 0; 0; 0; 0; 0; 0; 0; 0; 0; 0; 0; 0; 31; 0; 5; 0; 0; 0; 0; 0; 0; 0; 0; 0; 0; 0; 0
1977;06; 7; 0; 0; 13; 152; 0; 0; 0; 0; 0; 0; 0; 0; 0; 0; 60; 0; 0; 0; 0; 0; 145; 128; 0; 0; 0; 0; 0; 0; 0; 9999
1977;07; 72; 0; 0; 0; 0; 0; 0; 0; 0; 0; 0; 0; 0; 0; 0; 0; 0; 3; 0; 0; 0; 3; 19; 0; 199; 1; 0; 0; 0; 0; 0
1977;08; 0; 0; 0; 0; 0; 0; 0; 0; 0; 0; 0; 0; 0; 0; 0; 0; 0; 0; 0; 0; 0; 0; 0; 0; 0; 0; 1; 0; 0; 15; 75
1977;09; 0; 28; 0; 0; 0; 0; 98; 401; 0; 0; 0; 0; 0; 0; 0; 0; 72; 0; 76; 0; 0; 0; 4; 64; 0; 0; 0; 0; 0; 0; 9999
1977;10; 9999; 403; 0; 0; 0; 0; 0; 0; 0; 0; 0; 0; 19; 21; 0; 0; 77; 14; 7; 0; 0; 0; 0; 0; 0; 6; 1; 42; 0; 0; 0
1977;11; 18; 198; 0; 13; 0; 0; 66; 0; 0; 0; 0; 238; 24; 0; 113; 218; 0; 0; 275; 9; 0; 0; 56; 227; 16; 6; 0; 0; 78; 0; 9999
1977;12; 300; 306; 238; 224; 0; 132; 194; 0; 47; 44; 91; 3; 0; 0; 0; 0; 0; 0; 192; 148; 243; 75; 75; 2; 0; 0; 0; 0; 0; 0; 0
1978;01; 193; 16; 18; 0; 0; 0; 2; 74; 0; 112; 0; 0; 0; 0; 3; 0; 100; 0; 0; 0; 0; 267; 0; 0; 0; 0; 57; 0; 0; 56; 0
1978;02; 0; 0; 7; 0; 0; 0; 0; 0; 0; 0; 0; 42; 161; 14; 0; 89; 130; 0; 0; 0; 547; 59; 0; 14; 0; 0; 0; 0; 9999; 9999; 9999
1978;03; 232; 0; 32; 206; 82; 0; 0; 0; 367; 140; 0; 0; 0; 0; 64; 0; 0; 0; 0; 0; 0; 0; 0; 0; 0; 0; 0; 2; 60; 408; 0
1978;04; 0; 0; 0; 0; 0; 0; 0; 0; 0; 0; 0; 0; 0; 0; 0; 0; 0; 0; 0; 0; 0; 0; 1; 0; 0; 0; 0; 0; 0; 0; 9999
1978;05; 0; 0; 0; 0; 0; 0; 0; 0; 1; 0; 0; 0; 0; 0; 0; 109; 476; 146; 4; 0; 181; 105; 4; 3; 0; 0; 0; 0; 0; 38; 0
1978;06; 0; 0; 0; 0; 0; 0; 0; 0; 529; 0; 0; 0; 1; 3; 0; 0; 0; 0; 0; 0; 0; 0; 0; 0; 1; 0; 0; 0; 0; 0; 9999
1978;07; 0; 0; 0; 107; 0; 0; 0; 0; 0; 0; 0; 0; 0; 0; 0; 354; 0; 71; 3; 0; 265; 69; 315; 19; 7; 0; 0; 0; 0; 0; 0
1978;08; 0; 0; 0; 0; 0; 0; 0; 0; 0; 0; 0; 0; 0; 0; 60; 0; 0; 0; 0; 0; 0; 0; 0; 0; 0; 0; 0; 2; 0; 0; 16
1978;09; 10; 164; 0; 0; 192; 88; 0; 61; 2; 0; 0; 0; 0; 0; 0; 0; 16; 0; 0; 0; 0; 0; 0; 0; 0; 0; 0; 0; 0; 0; 9999
1978;10; 0; 0; 0; 0; 0; 0; 0; 0; 0; 0; 39; 0; 0; 56; 48; 0; 0; 11; 373; 4; 0; 0; 0; 0; 0; 0; 0; 68; 25; 50; 222
1978;11; 110; 0; 0; 130; 257; 532; 2; 0; 0; 31; 633; 219; 2; 0; 0; 0; 128; 5; 0; 6; 0; 0; 0; 0; 0; 0; 0; 731; 0; 0; 9999
1978;12; 0; 0; 693; 0; 19; 5; 93; 203; 46; 67; 0; 0; 0; 0; 143; 26; 128; 0; 0; 0; 0; 0; 0; 0; 74; 3; 716; 34; 0; 0; 264
1979;01; 20; 262; 221; 145; 0; 0; 0; 0; 0; 0; 0; 229; 7; 0; 0; 0; 0; 0; 0; 0; 125; 2; 0; 0; 0; 273; 0; 0; 25; 14; 0
1979;02; 0; 0; 0; 0; 0; 0; 0; 0; 0; 19; 149; 48; 435; 348; 23; 2; 0; 8; 0; 0; 0; 15; 4; 0; 15; 1; 0; 39; 9999; 9999; 9999
1979;03; 96; 6; 0; 0; 0; 0; 0; 0; 0; 0; 411; 0; 108; 220; 0; 0; 0; 0; 0; 0; 0; 0; 0; 0; 70; 0; 0; 0; 0; 0; 0
1979;04; 0; 0; 0; 35; 439; 0; 7; 0; 0; 0; 0; 0; 0; 0; 0; 0; 0; 0; 0; 0; 0; 0; 0; 0; 0; 0; 0; 0; 13; 140; 9999
1979;05; 2; 0; 26; 693; 54; 0; 62; 8; 1; 26; 141; 0; 35; 0; 38; 2; 2; 0; 0; 0; 0; 0; 0; 52; 0; 0; 0; 0; 0; 414; 2
1979;06; 2; 0; 0; 0; 0; 0; 0; 0; 48; 2; 3; 0; 0; 0; 0; 0; 0; 0; 0; 0; 0; 0; 0; 0; 0; 0; 0; 0; 0; 0; 9999
1979;07; 0; 0; 0; 7; 0; 0; 0; 0; 292; 71; 0; 0; 0; 0; 0; 0; 0; 0; 0; 183; 0; 0; 0; 0; 5; 214; 1; 2; 0; 0; 0
1979;08; 0; 0; 0; 0; 0; 0; 0; 0; 0; 0; 0; 3; 84; 0; 69; 0; 0; 280; 295; 22; 9; 1; 3; 2; 1; 0; 69; 0; 0; 44; 1
1979;09; 0; 302; 130; 238; 6; 0; 0; 0; 0; 0; 6; 160; 0; 217; 8; 42; 10; 83; 0; 0; 0; 0; 254; 16; 0; 0; 0; 0; 0; 0; 9999
1979;10; 131; 19; 3; 0; 2; 2; 66; 198; 80; 0; 0; 0; 0; 82; 229; 0; 0; 1; 0; 0; 0; 0; 0; 0; 0; 0; 62; 0; 58; 146; 174
1979;11; 0; 0; 3; 10; 0; 0; 0; 0; 75; 27; 215; 3; 0; 0; 15; 0; 0; 0; 0; 0; 0; 0; 226; 0; 122; 109; 0; 0; 0; 0; 9999
1979;12; 0; 14; 0; 129; 153; 0; 9; 0; 0; 0; 4; 44; 341; 10; 108; 626; 60; 17; 0; 0; 0; 0; 0; 0; 19; 3; 0; 0; 0; 0; 0
1980;01; 160; 0; 0; 0; 0; 0; 0; 70; 0; 502; 184; 9; 7; 0; 0; 0; 0; 158; 289; 37; 173; 57; 14; 0; 371; 419; 33; 7; 0; 0; 0
1980;02; 43; 0; 0; 0; 0; 0; 0; 0; 24; 0; 0; 2; 140; 36; 29; 274; 252; 557; 11; 59; 2; 1; 0; 189; 56; 152; 21; 18; 46; 9999; 9999
1980;03; 0; 0; 0; 0; 100; 0; 40; 0; 4; 9; 0; 0; 32; 371; 0; 102; 11; 0; 2; 1; 0; 0; 0; 0; 0; 0; 0; 0; 0; 2; 4
1980;04; 0; 0; 15; 156; 83; 117; 0; 0; 0; 46; 47; 0; 56; 39; 360; 0; 0; 0; 0; 0; 0; 0; 0; 0; 0; 0; 0; 0; 0; 0; 9999
1980;05; 0; 28; 3; 2; 0; 3; 0; 0; 0; 0; 13; 0; 0; 0; 2; 2; 0; 0; 2; 0; 0; 1; 25; 0; 2; 0; 0; 0; 0; 0; 0
1980;06; 0; 0; 7; 25; 0; 2; 0; 0; 0; 0; 0; 0; 0; 27; 2; 0; 0; 0; 0; 0; 0; 0; 0; 0; 17; 403; 209; 0; 0; 0; 9999
1980;07; 0; 0; 58; 32; 0; 0; 0; 2; 0; 0; 0; 2; 0; 0; 0; 0; 0; 0; 0; 0; 0; 0; 0; 0; 0; 0; 0; 35; 0; 0; 52
1980;08; 0; 0; 0; 0; 0; 0; 115; 0; 0; 3; 0; 0; 0; 0; 3; 129; 0; 55; 0; 0; 0; 0; 66; 0; 0; 5; 0; 0; 0; 0; 0
1980;09; 0; 0; 0; 0; 0; 0; 0; 0; 0; 0; 0; 0; 0; 0; 5; 27; 25; 123; 19; 20; 105; 97; 2; 0; 0; 0; 0; 33; 2; 1; 9999
1980;10; 0; 0; 0; 0; 0; 0; 0; 30; 147; 77; 0; 220; 52; 0; 0; 0; 0; 0; 0; 0; 0; 0; 4; 0; 0; 0; 0; 0; 0; 0; 59
1980;11; 9; 0; 0; 0; 0; 0; 17; 154; 40; 113; 2; 3; 0; 0; 0; 0; 0; 0; 0; 48; 0; 0; 141; 53; 313; 0; 0; 0; 22; 360; 9999
1980;12; 113; 9999; 2; 146; 161; 63; 0; 155; 0; 1; 36; 39; 42; 240; 0; 0; 0; 0; 0; 0; 58; 73; 99; 0; 313; 0; 13; 2; 722; 240; 2
1981;01; 0; 0; 0; 20; 153; 5; 81; 53; 21; 9; 43; 96; 169; 623; 169; 24; 0; 111; 88; 42; 329; 76; 0; 0; 0; 282; 3; 10; 1; 0; 0
1981;02; 0; 0; 7; 0; 0; 0; 0; 0; 11; 1; 1; 0; 52; 0; 81; 0; 0; 0; 0; 36; 49; 19; 0; 0; 0; 91; 5; 0; 9999; 9999; 9999
1981;03; 0; 0; 0; 9; 0; 0; 0; 819; 12; 0; 0; 0; 0; 0; 0; 326; 25; 0; 12; 0; 0; 0; 0; 0; 0; 0; 5; 407; 59; 143; 0
1981;04; 0; 0; 0; 0; 0; 0; 0; 0; 0; 0; 0; 0; 0; 0; 0; 189; 57; 0; 0; 0; 0; 0; 0; 0; 0; 0; 0; 126; 5; 4; 9999
1981;05; 0; 0; 1; 144; 5; 2; 0; 0; 0; 0; 0; 0; 0; 0; 0; 0; 4; 0; 0; 0; 0; 0; 0; 0; 0; 0; 0; 0; 0; 0; 0
1981;06; 0; 0; 0; 0; 0; 9; 693; 16; 3; 1; 0; 0; 0; 0; 0; 89; 51; 0; 0; 0; 0; 0; 0; 0; 0; 0; 0; 0; 0; 0; 9999
1981;07; 0; 0; 68; 0; 0; 0; 0; 0; 0; 0; 0; 0; 0; 0; 0; 0; 0; 0; 68; 30; 0; 0; 0; 7; 34; 3; 0; 0; 0; 0; 0
1981;08; 0; 0; 0; 0; 0; 0; 0; 0; 0; 1; 25; 0; 0; 6; 0; 0; 0; 15; 0; 0; 0; 0; 0; 0; 0; 0; 0; 0; 0; 0; 0
1981;09; 0; 0; 0; 0; 0; 0; 0; 0; 0; 0; 0; 0; 0; 0; 0; 0; 0; 0; 0; 0; 0; 0; 0; 5; 13; 18; 26; 0; 0; 3; 9999
1981;10; 2; 0; 0; 103; 0; 39; 85; 41; 0; 4; 16; 4; 11; 0; 0; 124; 0; 0; 6; 321; 0; 0; 0; 0; 0; 0; 160; 49; 41; 2; 22
1981;11; 231; 0; 67; 649; 105; 0; 0; 315; 26; 248; 14; 0; 0; 0; 0; 0; 53; 0; 59; 82; 90; 0; 0; 0; 0; 0; 0; 0; 0; 95; 9999
1981;12; 155; 92; 0; 0; 1; 19; 107; 33; 310; 136; 0; 0; 158; 0; 0; 0; 8; 0; 0; 0; 0; 32; 0; 32; 0; 0; 3; 0; 0; 0; 0
1982;01; 0; 62; 4; 3; 0; 0; 0; 141; 299; 51; 372; 262; 0; 0; 0; 0; 0; 0; 0; 0; 0; 0; 1379; 2; 0; 0; 5; 0; 35; 300; 52
1982;02; 0; 319; 0; 23; 214; 541; 52; 0; 0; 0; 48; 0; 0; 0; 0; 0; 0; 0; 23; 15; 0; 0; 25; 107; 127; 45; 366; 0; 9999; 9999; 9999
1982;03; 0; 0; 0; 0; 0; 0; 0; 0; 0; 188; 29; 0; 0; 0; 0; 144; 36; 7; 376; 0; 0; 177; 8; 0; 0; 52; 16; 0; 0; 0; 0
1982;04; 0; 0; 0; 0; 0; 0; 4; 0; 0; 0; 0; 0; 338; 14; 430; 0; 0; 0; 0; 0; 0; 0; 0; 0; 0; 0; 0; 0; 0; 0; 9999
1982;05; 0; 0; 0; 0; 0; 0; 0; 0; 0; 0; 0; 0; 0; 0; 0; 0; 0; 0; 124; 33; 0; 0; 0; 0; 144; 118; 11; 0; 0; 0; 24
1982;06; 0; 3; 0; 0; 12; 3; 0; 0; 0; 0; 0; 224; 476; 189; 0; 274; 6; 0; 0; 0; 68; 242; 31; 4; 224; 439; 30; 0; 280; 2; 9999
1982;07; 396; 4; 0; 0; 0; 0; 0; 0; 0; 0; 0; 19; 55; 42; 0; 1; 0; 5; 165; 0; 0; 0; 0; 0; 0; 0; 0; 0; 0; 18; 0
1982;08; 0; 0; 17; 0; 12; 0; 2; 0; 0; 7; 51; 0; 0; 0; 0; 0; 0; 2; 33; 0; 0; 0; 0; 11; 0; 0; 0; 0; 30; 0; 0
1982;09; 0; 0; 0; 0; 0; 252; 0; 0; 0; 0; 0; 0; 0; 0; 0; 0; 0; 0; 3; 0; 0; 0; 0; 0; 0; 0; 0; 58; 0; 0; 9999
1982;10; 0; 177; 71; 97; 0; 13; 20; 234; 688; 0; 57; 0; 294; 38; 0; 0; 0; 203; 56; 0; 229; 0; 0; 48; 14; 0; 0; 0; 44; 36; 5
1982;11; 0; 0; 0; 0; 0; 117; 76; 0; 0; 0; 92; 262; 0; 263; 302; 45; 80; 0; 0; 326; 167; 3; 29; 0; 2; 0; 197; 117; 42; 14; 9999
1982;12; 0; 0; 145; 0; 0; 0; 229; 39; 0; 0; 5; 298; 33; 340; 305; 86; 156; 152; 216; 540; 282; 74; 13; 83; 0; 0; 29; 28; 11; 15; 0
1983;01; 0; 0; 0; 0; 0; 562; 13; 146; 240; 0; 0; 0; 100; 76; 98; 241; 20; 427; 6; 251; 144; 0; 3; 0; 16; 254; 84; 95; 52; 120; 198
1983;02; 301; 1168; 56; 2; 0; 0; 0; 0; 93; 194; 0; 0; 44; 10; 19; 0; 0; 0; 156; 161; 0; 0; 55; 22; 0; 0; 58; 147; 9999; 9999; 9999
1983;03; 0; 291; 16; 726; 67; 295; 12; 206; 0; 0; 0; 0; 147; 0; 0; 0; 0; 0; 314; 344; 0; 31; 0; 0; 0; 0; 0; 86; 15; 0; 0
1983;04; 0; 0; 0; 0; 0; 191; 341; 2; 0; 0; 0; 12; 8; 1; 0; 24; 0; 0; 145; 0; 0; 155; 0; 0; 257; 306; 23; 0; 1; 0; 9999
1983;05; 0; 0; 0; 0; 0; 0; 0; 0; 63; 0; 0; 9; 119; 23; 0; 0; 0; 25; 0; 260; 5; 0; 6; 186; 0; 0; 0; 179; 248; 273; 516
1983;06; 52; 26; 92; 45; 327; 431; 584; 0; 185; 158; 358; 27; 2; 0; 0; 0; 0; 2; 0; 0; 0; 0; 0; 0; 3; 76; 0; 0; 132; 0; 9999
1983;07; 0; 0; 0; 0; 0; 0; 0; 0; 0; 0; 0; 0; 0; 0; 0; 0; 0; 86; 0; 15; 77; 4; 0; 0; 0; 0; 0; 0; 0; 0; 0
1983;08; 0; 17; 4; 0; 0; 2; 0; 0; 0; 0; 0; 0; 0; 0; 0; 0; 0; 0; 0; 0; 0; 0; 0; 0; 0; 0; 0; 0; 0; 0; 0
1983;09; 0; 41; 3; 126; 7; 206; 37; 92; 1; 0; 0; 22; 95; 6; 0; 173; 0; 227; 330; 3; 0; 11; 56; 357; 282; 0; 0; 0; 0; 0; 9999
1983;10; 0; 0; 0; 0; 0; 0; 0; 0; 0; 0; 0; 0; 0; 170; 262; 0; 0; 299; 206; 0; 0; 477; 98; 79; 0; 0; 0; 0; 0; 0; 0
1983;11; 143; 5; 54; 0; 216; 12; 0; 0; 0; 0; 15; 226; 25; 0; 0; 11; 0; 0; 0; 17; 0; 512; 0; 0; 0; 0; 0; 0; 0; 0; 9999
1983;12; 0; 196; 0; 0; 0; 0; 26; 0; 0; 0; 22; 49; 0; 206; 199; 0; 19; 0; 28; 248; 144; 1; 191; 91; 0; 0; 4; 78; 0; 361; 86
1984;01; 5; 2; 0; 21; 0; 0; 67; 0; 0; 61; 35; 0; 0; 0; 0; 0; 0; 0; 0; 3; 92; 54; 65; 0; 50; 22; 277; 97; 199; 3; 54
1984;02; 0; 0; 0; 0; 0; 0; 0; 0; 88; 0; 0; 0; 10; 0; 0; 0; 0; 1; 0; 0; 0; 0; 0; 0; 0; 0; 0; 0; 8; 9999; 9999
1984;03; 125; 0; 0; 0; 38; 26; 5; 54; 1; 0; 2; 0; 0; 0; 0; 0; 0; 2; 0; 0; 6; 0; 0; 0; 0; 0; 0; 0; 0; 99; 9
1984;04; 0; 0; 25; 241; 40; 0; 0; 0; 0; 0; 0; 0; 0; 0; 0; 78; 0; 1; 0; 5; 0; 0; 0; 0; 237; 0; 1; 35; 0; 1; 9999
1984;05; 0; 23; 107; 0; 0; 0; 0; 0; 0; 0; 0; 88; 39; 21; 48; 0; 0; 135; 7; 0; 0; 0; 0; 0; 0; 0; 0; 0; 0; 0; 15
1984;06; 1; 0; 0; 0; 0; 0; 0; 0; 0; 11; 2; 0; 0; 0; 0; 0; 0; 0; 0; 0; 0; 0; 0; 0; 0; 0; 0; 0; 0; 0; 9999
1984;07; 0; 0; 0; 50; 0; 0; 0; 0; 0; 0; 0; 0; 0; 0; 0; 0; 0; 0; 0; 0; 0; 0; 0; 0; 0; 0; 0; 27; 0; 0; 0
1984;08; 0; 0; 373; 140; 0; 0; 0; 0; 0; 0; 0; 0; 0; 0; 0; 0; 0; 0; 0; 27; 63; 156; 287; 0; 9; 112; 0; 0; 0; 0; 0
1984;09; 0; 0; 0; 0; 0; 0; 127; 231; 59; 0; 0; 0; 0; 0; 0; 0; 0; 0; 0; 469; 495; 0; 0; 0; 0; 48; 372; 5; 0; 0; 9999
1984;10; 0; 0; 0; 0; 0; 0; 0; 0; 0; 0; 6; 0; 0; 0; 0; 0; 75; 387; 44; 0; 0; 0; 0; 0; 0; 0; 0; 0; 0; 0; 0
1984;11; 0; 0; 79; 0; 0; 0; 0; 7; 0; 4; 23; 478; 300; 0; 0; 0; 0; 116; 0; 99; 89; 0; 0; 103; 42; 271; 0; 0; 0; 0; 9999
1984;12; 2; 437; 6; 0; 0; 558; 22; 106; 69; 0; 0; 22; 225; 296; 16; 123; 89; 0; 0; 0; 0; 0; 0; 0; 0; 152; 0; 0; 0; 39; 177
1985;01; 134; 6; 0; 0; 13; 0; 31; 347; 4; 0; 0; 0; 0; 0; 0; 89; 172; 0; 0; 0; 0; 13; 153; 7; 0; 97; 0; 0; 0; 2; 0
1985;02; 0; 0; 0; 0; 16; 240; 0; 0; 49; 0; 6; 0; 31; 9; 195; 12; 0; 0; 0; 0; 2; 22; 314; 0; 0; 5; 2; 174; 9999; 9999; 9999
1985;03; 2; 106; 133; 4; 19; 24; 41; 7; 307; 0; 357; 0; 0; 0; 0; 198; 322; 507; 0; 0; 0; 0; 0; 0; 0; 0; 0; 410; 0; 0; 0
1985;04; 0; 0; 0; 0; 0; 103; 0; 0; 0; 5; 0; 7; 0; 0; 0; 203; 48; 2; 99; 0; 0; 0; 0; 0; 0; 31; 0; 0; 0; 0; 9999
1985;05; 370; 9999; 9999; 9999; 9999; 9999; 9999; 9999; 9999; 9999; 9999; 9999; 9999; 9999; 9999; 9999; 9999; 9999; 9999; 9999; 9999; 9999; 823; 0; 0; 0; 0; 0; 0; 0; 0
1985;06; 0; 0; 0; 82; 2; 1; 0; 0; 0; 30; 6; 1; 0; 0; 0; 0; 0; 0; 0; 0; 0; 0; 0; 0; 0; 1; 0; 1; 0; 0; 9999
1985;07; 0; 0; 0; 0; 0; 0; 61; 1; 1; 0; 0; 0; 0; 0; 0; 0; 0; 0; 0; 0; 0; 0; 0; 0; 0; 0; 0; 0; 0; 0; 0
1985;08; 0; 0; 0; 0; 0; 0; 0; 0; 0; 0; 6; 0; 0; 0; 0; 0; 0; 0; 0; 0; 0; 16; 33; 1; 0; 0; 0; 51; 0; 56; 0
1985;09; 186; 83; 0; 114; 62; 27; 0; 0; 0; 0; 0; 0; 0; 0; 0; 0; 0; 0; 0; 0; 52; 1; 0; 1; 1; 0; 0; 0; 52; 373; 9999
1985;10; 0; 0; 1; 1; 0; 0; 0; 2; 0; 52; 0; 0; 0; 3; 0; 0; 0; 0; 0; 0; 0; 0; 0; 0; 36; 0; 0; 0; 224; 0; 0
1985;11; 0; 176; 178; 18; 12; 0; 0; 0; 0; 0; 0; 0; 0; 0; 0; 0; 0; 0; 0; 0; 0; 0; 86; 18; 118; 392; 0; 0; 0; 0; 9999
1985;12; 9999; 0; 74; 190; 0; 0; 0; 0; 0; 0; 0; 0; 0; 16; 11; 35; 32; 0; 0; 0; 0; 213; 0; 0; 35; 0; 49; 0; 0; 29; 0
1986;01; 0; 0; 0; 0; 13; 156; 0; 135; 104; 10; 232; 356; 2; 0; 0; 100; 0; 0; 0; 0; 87; 427; 27; 52; 0; 17; 5; 0; 0; 0; 0
1986;02; 0; 0; 585; 0; 1; 0; 85; 2; 0; 0; 0; 480; 3; 17; 46; 100; 40; 431; 0; 144; 154; 114; 12; 0; 18; 5; 0; 0; 9999; 9999; 9999
1986;03; 12; 0; 0; 0; 19; 186; 129; 295; 0; 0; 0; 7; 9; 2; 0; 0; 232; 0; 56; 6; 0; 0; 0; 28; 0; 2; 165; 2; 0; 510; 0
1986;04; 0; 2; 1; 0; 0; 0; 0; 0; 0; 0; 0; 0; 0; 0; 235; 74; 0; 0; 1; 0; 0; 30; 0; 0; 1; 0; 66; 0; 0; 0; 9999
1986;05; 0; 0; 0; 0; 0; 0; 0; 25; 12; 45; 15; 1; 190; 4; 0; 0; 0; 26; 100; 3; 15; 2; 1; 0; 0; 0; 71; 0; 0; 0; 80
1986;06; 2; 3; 0; 0; 0; 2; 0; 0; 0; 0; 0; 0; 0; 0; 0; 0; 0; 0; 0; 0; 0; 0; 0; 0; 0; 0; 0; 0; 0; 0; 9999
1986;07; 0; 0; 0; 0; 0; 0; 0; 0; 0; 0; 0; 0; 0; 0; 0; 0; 0; 0; 0; 0; 0; 0; 44; 0; 30; 0; 0; 0; 0; 0; 50
1986;08; 32; 1; 0; 0; 0; 0; 0; 0; 0; 0; 0; 0; 15; 239; 3; 61; 125; 0; 0; 1; 227; 350; 295; 0; 18; 0; 0; 0; 0; 9999; 9999
1986;09; 0; 0; 0; 0; 0; 0; 0; 0; 0; 0; 0; 0; 0; 0; 0; 0; 0; 0; 0; 7; 0; 0; 0; 0; 69; 87; 0; 0; 161; 0; 9999
1986;10; 0; 0; 0; 0; 0; 0; 0; 0; 0; 160; 105; 0; 0; 0; 0; 0; 0; 0; 16; 67; 66; 22; 3; 0; 0; 0; 0; 42; 0; 0; 0
1986;11; 0; 23; 0; 0; 0; 373; 74; 0; 0; 341; 445; 0; 0; 0; 0; 0; 0; 0; 0; 0; 0; 0; 0; 230; 0; 5; 171; 31; 6; 132; 9999
1986;12; 51; 176; 74; 61; 28; 59; 47; 241; 62; 0; 1; 0; 0; 0; 173; 331; 98; 142; 241; 85; 0; 29; 145; 0; 35; 0; 0; 0; 434; 0; 2
1987;01; 2; 70; 222; 174; 24; 0; 1; 0; 0; 0; 0; 0; 2; 0; 0; 61; 138; 95; 0; 0; 0; 0; 457; 216; 206; 195; 351; 325; 2; 17; 111
1987;02; 110; 42; 304; 76; 12; 6; 0; 0; 87; 150; 0; 0; 0; 2; 143; 754; 5; 12; 0; 3; 0; 0; 0; 0; 25; 67; 0; 0; 9999; 9999; 9999
1987;03; 0; 0; 1; 0; 0; 0; 56; 0; 116; 637; 176; 0; 0; 0; 0; 0; 0; 0; 47; 18; 0; 0; 0; 0; 0; 0; 0; 0; 0; 0; 0
1987;04; 0; 0; 0; 7; 97; 0; 0; 3; 86; 4; 221; 0; 0; 0; 0; 0; 0; 0; 0; 0; 0; 0; 0; 0; 0; 0; 0; 0; 0; 0; 9999
1987;05; 0; 0; 0; 0; 84; 158; 0; 0; 234; 0; 0; 165; 0; 0; 0; 183; 0; 126; 57; 113; 285; 111; 3; 2; 2; 1; 0; 2; 128; 4; 2
1987;06; 2; 1; 2; 0; 1; 0; 144; 1; 2; 2; 0; 0; 16; 498; 768; 329; 0; 0; 0; 0; 0; 0; 383; 9999; 0; 0; 1; 0; 0; 0; 9999
1987;07; 0; 0; 0; 0; 0; 0; 0; 0; 157; 0; 0; 0; 5; 0; 0; 0; 0; 0; 0; 0; 0; 0; 0; 0; 0; 0; 0; 0; 0; 0; 11
1987;08; 0; 0; 0; 0; 0; 5; 63; 0; 0; 0; 0; 0; 0; 0; 0; 0; 8; 21; 0; 2; 1; 0; 0; 0; 0; 0; 0; 0; 0; 0; 32
1987;09; 8; 0; 0; 0; 0; 36; 0; 0; 0; 0; 0; 67; 0; 0; 0; 0; 0; 134; 38; 0; 22; 129; 18; 20; 2; 0; 0; 100; 0; 0; 9999
1987;10; 0; 83; 0; 0; 0; 221; 0; 0; 0; 0; 0; 0; 0; 0; 0; 0; 0; 0; 70; 137; 45; 31; 137; 0; 39; 243; 0; 0; 15; 0; 0
1987;11; 0; 0; 0; 0; 0; 17; 88; 0; 0; 0; 0; 0; 0; 31; 0; 23; 104; 0; 0; 0; 0; 0; 0; 0; 48; 211; 190; 0; 0; 0; 9999
1987;12; 0; 0; 49; 63; 135; 4; 0; 0; 86; 13; 0; 0; 135; 35; 0; 0; 0; 456; 512; 0; 0; 0; 0; 0; 0; 0; 0; 0; 62; 19; 0
1988;01; 330; 0; 0; 0; 0; 115; 490; 0; 40; 198; 9; 0; 0; 14; 0; 123; 0; 0; 0; 0; 0; 0; 38; 0; 276; 33; 0; 0; 0; 0; 64
1988;02; 9; 0; 0; 0; 0; 0; 0; 125; 93; 119; 52; 0; 0; 133; 15; 0; 168; 71; 120; 183; 75; 0; 0; 0; 0; 0; 73; 612; 0; 9999; 9999
1988;03; 69; 281; 306; 4; 0; 0; 0; 0; 0; 0; 0; 0; 0; 0; 0; 0; 237; 276; 357; 2; 0; 0; 0; 0; 0; 0; 0; 0; 0; 0; 0
1988;04; 2; 123; 0; 0; 0; 0; 0; 0; 0; 0; 0; 0; 0; 295; 0; 0; 25; 0; 317; 280; 162; 0; 0; 0; 0; 33; 0; 2; 0; 4; 9999
1988;05; 0; 0; 0; 0; 0; 15; 0; 0; 124; 0; 0; 0; 0; 153; 0; 0; 162; 125; 0; 0; 2; 108; 132; 230; 53; 0; 0; 0; 56; 173; 56
1988;06; 2; 1; 0; 208; 13; 2; 0; 0; 0; 0; 0; 0; 0; 244; 2; 0; 0; 0; 0; 0; 0; 23; 2; 0; 22; 0; 0; 0; 0; 0; 9999
1988;07; 0; 0; 0; 0; 0; 0; 0; 0; 0; 0; 0; 0; 0; 0; 0; 0; 0; 0; 0; 0; 0; 0; 0; 0; 56; 0; 0; 2; 0; 0; 0
1988;08; 0; 0; 0; 0; 0; 0; 0; 0; 0; 0; 0; 0; 0; 0; 1; 0; 0; 0; 0; 0; 0; 0; 1; 0; 0; 0; 0; 0; 0; 0; 0
1988;09; 0; 0; 0; 0; 0; 0; 0; 0; 0; 0; 0; 0; 0; 0; 0; 29; 13; 125; 0; 0; 0; 0; 0; 0; 0; 0; 0; 3; 0; 0; 9999
1988;10; 0; 0; 0; 73; 0; 2; 0; 0; 0; 0; 0; 57; 94; 154; 0; 0; 0; 0; 0; 298; 0; 4; 93; 0; 9; 462; 33; 13; 0; 0; 171
1988;11; 267; 54; 0; 0; 0; 0; 0; 0; 0; 0; 0; 0; 59; 0; 0; 0; 0; 0; 0; 143; 49; 200; 60; 0; 0; 0; 28; 75; 0; 0; 9999
1988;12; 0; 325; 72; 0; 0; 0; 0; 0; 0; 0; 0; 0; 0; 0; 0; 0; 0; 0; 0; 0; 385; 0; 0; 0; 118; 105; 140; 64; 0; 13; 0
1989;01; 0; 137; 0; 236; 59; 198; 140; 149; 926; 104; 56; 59; 0; 0; 50; 298; 0; 2; 0; 0; 10; 43; 270; 35; 142; 0; 0; 228; 0; 0; 3
1989;02; 0; 0; 18; 788; 0; 0; 0; 0; 107; 7; 210; 289; 0; 21; 61; 52; 168; 0; 0; 0; 348; 15; 17; 32; 16; 227; 2; 0; 9999; 9999; 9999
1989;03; 130; 5; 0; 0; 0; 0; 82; 0; 0; 0; 0; 0; 133; 91; 390; 31; 0; 0; 0; 0; 0; 0; 0; 0; 0; 332; 184; 0; 0; 135; 0
1989;04; 48; 13; 258; 0; 0; 0; 2; 0; 0; 0; 0; 160; 0; 0; 0; 0; 0; 0; 41; 0; 0; 0; 0; 0; 0; 0; 0; 0; 0; 0; 9999
1989;05; 0; 0; 0; 0; 92; 66; 0; 0; 0; 0; 0; 0; 0; 0; 0; 0; 0; 0; 0; 0; 0; 0; 0; 0; 0; 28; 0; 0; 0; 0; 0
1989;06; 0; 0; 0; 0; 0; 0; 0; 46; 0; 0; 0; 192; 0; 0; 0; 11; 24; 0; 0; 0; 0; 5; 0; 0; 34; 0; 0; 0; 19; 0; 9999
1989;07; 0; 0; 0; 0; 0; 0; 0; 0; 0; 0; 0; 0; 0; 0; 0; 0; 0; 0; 0; 0; 0; 0; 0; 0; 0; 169; 527; 271; 14; 631; 408
1989;08; 0; 0; 0; 0; 0; 0; 0; 0; 0; 0; 0; 0; 0; 0; 0; 0; 0; 0; 0; 0; 0; 48; 71; 0; 0; 91; 0; 40; 0; 0; 0
1989;09; 19; 34; 0; 0; 0; 0; 34; 0; 5; 295; 0; 0; 194; 9; 5; 0; 0; 0; 0; 0; 0; 0; 0; 0; 62; 7; 0; 0; 0; 0; 9999
1989;10; 0; 0; 0; 254; 0; 0; 0; 0; 0; 0; 0; 32; 2; 0; 0; 52; 0; 0; 0; 0; 0; 0; 0; 0; 0; 0; 430; 3; 0; 0; 0
1989;11; 0; 0; 0; 49; 0; 0; 0; 0; 0; 18; 0; 393; 193; 0; 0; 0; 0; 0; 0; 20; 231; 20; 31; 90; 22; 0; 0; 54; 0; 0; 9999
1989;12; 0; 0; 0; 0; 0; 0; 0; 0; 0; 0; 23; 0; 0; 0; 0; 0; 0; 0; 52; 220; 0; 0; 0; 0; 0; 0; 324; 300; 34; 168; 149
1990;01; 104; 382; 270; 0; 44; 98; 63; 0; 43; 220; 196; 480; 111; 0; 0; 66; 15; 0; 0; 0; 0; 2; 117; 0; 0; 0; 0; 28; 0; 0; 0
1990;02; 0; 82; 0; 0; 0; 214; 0; 0; 0; 0; 67; 0; 19; 0; 0; 0; 0; 0; 0; 0; 0; 0; 798; 26; 12; 86; 0; 0; 9999; 9999; 9999
1990;03; 1; 0; 0; 22; 0; 158; 0; 345; 12; 0; 0; 0; 0; 0; 0; 0; 120; 0; 200; 0; 36; 450; 458; 20; 0; 0; 0; 14; 0; 29; 0
1990;04; 0; 0; 22; 46; 0; 0; 0; 0; 28; 0; 0; 0; 0; 0; 0; 0; 0; 0; 205; 0; 0; 0; 0; 0; 0; 0; 0; 0; 0; 41; 9999
1990;05; 21; 164; 0; 3; 0; 81; 0; 0; 0; 2; 13; 27; 0; 0; 0; 98; 3; 169; 0; 0; 0; 0; 0; 0; 0; 0; 0; 0; 0; 0; 0
1990;06; 0; 0; 0; 0; 0; 0; 121; 0; 0; 0; 0; 0; 0; 0; 0; 75; 0; 0; 0; 0; 154; 0; 0; 0; 0; 0; 0; 0; 0; 0; 9999
1990;07; 0; 0; 0; 0; 108; 147; 28; 0; 0; 10; 9; 3; 0; 0; 0; 5; 519; 109; 146; 160; 24; 33; 0; 53; 45; 0; 55; 0; 0; 0; 0
1990;08; 0; 0; 0; 0; 0; 0; 0; 0; 0; 0; 0; 2; 0; 0; 0; 0; 140; 0; 11; 0; 0; 0; 0; 0; 0; 0; 0; 128; 0; 0; 0
1990;09; 0; 175; 0; 0; 56; 3; 0; 44; 0; 0; 0; 3; 53; 240; 0; 0; 0; 0; 0; 0; 0; 0; 12; 0; 0; 0; 0; 0; 0; 0; 9999
1990;10; 52; 0; 0; 0; 0; 0; 0; 0; 0; 0; 0; 0; 235; 0; 111; 99; 167; 0; 146; 84; 0; 0; 0; 0; 0; 0; 0; 0; 0; 0; 0
1990;11; 0; 0; 0; 0; 0; 87; 0; 216; 171; 11; 0; 0; 0; 0; 0; 0; 0; 0; 0; 0; 0; 0; 2; 108; 0; 0; 0; 0; 0; 0; 9999
1990;12; 0; 0; 0; 0; 0; 111; 0; 208; 0; 0; 0; 71; 168; 582; 0; 0; 0; 0; 0; 380; 0; 0; 0; 0; 0; 0; 130; 0; 0; 0; 0
1991;01; 0; 0; 0; 227; 0; 0; 0; 0; 0; 0; 0; 570; 0; 0; 154; 255; 0; 0; 0; 0; 0; 0; 0; 0; 0; 0; 0; 804; 100; 121; 0
1991;02; 0; 333; 0; 0; 100; 243; 140; 9999; 9999; 9999; 9999; 9999; 9999; 22; 0; 0; 0; 0; 292; 0; 0; 0; 0; 0; 0; 0; 0; 0; 9999; 9999; 9999
1991;03; 32; 263; 29; 24; 209; 616; 395; 10; 0; 0; 0; 0; 131; 80; 0; 0; 0; 0; 42; 13; 0; 104; 0; 0; 0; 361; 91; 249; 247; 107; 50
1991;04; 188; 0; 0; 0; 0; 0; 0; 0; 0; 0; 0; 0; 0; 213; 0; 0; 0; 12; 90; 0; 0; 0; 0; 743; 142; 0; 0; 0; 2; 0; 9999
1991;05; 0; 0; 0; 0; 0; 0; 33; 43; 0; 0; 0; 0; 0; 0; 283; 53; 0; 0; 0; 0; 8; 12; 0; 0; 0; 0; 0; 0; 0; 0; 0
1991;06; 0; 0; 0; 0; 0; 0; 0; 0; 0; 0; 0; 0; 0; 0; 0; 0; 0; 0; 0; 0; 0; 0; 203; 0; 457; 0; 0; 0; 0; 0; 9999
1991;07; 9999; 9999; 9999; 9999; 9999; 9999; 9999; 9999; 9999; 9999; 9999; 9999; 9999; 9999; 9999; 9999; 9999; 9999; 9999; 9999; 9999; 9999; 9999; 9999; 9999; 9999; 9999; 9999; 9999; 9999; 9999
1991;08; 9999; 9999; 9999; 9999; 9999; 9999; 9999; 9999; 9999; 9999; 9999; 9999; 9999; 9999; 0; 0; 0; 0; 0; 0; 0; 0; 0; 0; 0; 0; 0; 0; 0; 0; 0
1991;09; 0; 0; 0; 0; 0; 0; 0; 0; 0; 0; 0; 0; 0; 0; 0; 0; 0; 0; 208; 161; 0; 0; 0; 0; 0; 200; 0; 0; 38; 247; 9999
1991;10; 474; 52; 107; 0; 0; 356; 763; 0; 0; 89; 61; 0; 0; 0; 0; 0; 0; 0; 0; 0; 0; 0; 0; 0; 0; 0; 0; 0; 0; 0; 0
1991;11; 18; 77; 0; 0; 0; 0; 0; 0; 0; 135; 0; 0; 99; 141; 139; 0; 0; 0; 0; 0; 0; 0; 0; 0; 0; 0; 0; 0; 0; 98; 9999
1991;12; 199; 44; 0; 0; 0; 482; 171; 142; 0; 188; 208; 288; 0; 0; 0; 218; 166; 128; 29; 196; 0; 110; 100; 33; 118; 25; 51; 120; 0; 0; 0
1992;01; 0; 0; 0; 20; 155; 0; 0; 0; 0; 100; 0; 0; 60; 142; 133; 0; 0; 0; 0; 0; 0; 345; 152; 0; 0; 0; 0; 0; 0; 14; 36
1992;02; 65; 0; 21; 20; 29; 51; 177; 91; 0; 0; 0; 0; 196; 0; 0; 0; 0; 0; 0; 0; 0; 0; 0; 0; 0; 13; 0; 74; 0; 9999; 9999
1992;03; 0; 80; 105; 222; 140; 0; 100; 108; 144; 0; 0; 61; 37; 109; 0; 59; 65; 34; 314; 0; 0; 0; 0; 0; 76; 231; 130; 0; 0; 0; 190
1992;04; 270; 0; 0; 0; 0; 0; 0; 0; 0; 0; 0; 0; 18; 30; 0; 0; 0; 0; 0; 224; 35; 0; 0; 4; 0; 0; 0; 0; 0; 96; 9999
1992;05; 0; 175; 0; 347; 0; 0; 0; 0; 0; 0; 0; 0; 0; 23; 0; 0; 0; 0; 24; 69; 0; 169; 0; 0; 0; 0; 0; 0; 0; 0; 0
1992;06; 0; 0; 0; 0; 0; 0; 0; 0; 0; 0; 0; 0; 0; 0; 0; 0; 0; 0; 0; 0; 0; 0; 0; 0; 0; 0; 0; 0; 0; 0; 9999
1992;07; 0; 0; 0; 0; 0; 0; 218; 24; 54; 0; 0; 0; 0; 0; 0; 0; 0; 4; 0; 0; 0; 0; 0; 0; 0; 0; 0; 0; 0; 0; 0
1992;08; 0; 0; 0; 0; 0; 0; 0; 0; 0; 0; 0; 0; 0; 0; 0; 0; 0; 8; 8; 0; 0; 58; 79; 18; 0; 0; 0; 0; 0; 0; 0
1992;09; 15; 49; 48; 0; 5; 0; 75; 0; 0; 0; 0; 95; 262; 0; 174; 288; 0; 0; 0; 0; 0; 0; 0; 0; 34; 143; 0; 0; 0; 0; 9999
1992;10; 0; 35; 155; 0; 0; 0; 10; 0; 18; 0; 0; 6; 218; 0; 0; 0; 22; 0; 406; 0; 0; 0; 0; 0; 0; 0; 0; 50; 332; 323; 0
1992;11; 0; 153; 0; 221; 23; 0; 4; 0; 0; 15; 0; 0; 0; 0; 0; 0; 212; 53; 0; 0; 0; 281; 65; 0; 185; 240; 0; 0; 0; 0; 9999
1992;12; 307; 492; 0; 0; 0; 0; 140; 6; 0; 4; 163; 126; 0; 0; 0; 0; 0; 185; 0; 0; 67; 0; 0; 0; 0; 0; 0; 0; 0; 50; 0
1993;01; 0; 0; 43; 389; 511; 65; 0; 290; 204; 241; 159; 380; 121; 192; 0; 121; 0; 367; 17; 0; 90; 0; 0; 0; 56; 256; 211; 37; 0; 0; 0
1993;02; 0; 8; 75; 45; 294; 0; 4; 289; 425; 82; 85; 98; 68; 0; 86; 0; 153; 16; 8; 143; 56; 144; 59; 14; 0; 0; 0; 281; 9999; 9999; 9999
1993;03; 0; 0; 0; 0; 0; 0; 0; 0; 0; 0; 0; 0; 0; 0; 0; 0; 34; 0; 7; 0; 207; 8; 4; 137; 35; 46; 0; 0; 0; 65; 0
1993;04; 0; 53; 5; 0; 0; 0; 0; 0; 150; 0; 0; 0; 0; 0; 0; 0; 0; 0; 0; 0; 0; 269; 0; 271; 0; 0; 0; 0; 0; 0; 9999
1993;05; 0; 0; 0; 5; 0; 140; 0; 0; 0; 0; 0; 0; 254; 151; 0; 0; 0; 0; 0; 0; 0; 0; 0; 0; 0; 0; 0; 0; 0; 0; 625
1993;06; 0; 0; 0; 0; 54; 44; 10; 0; 0; 0; 271; 0; 0; 0; 0; 0; 0; 107; 192; 0; 0; 0; 0; 0; 0; 0; 0; 0; 0; 0; 9999
1993;07; 0; 0; 0; 0; 0; 0; 0; 0; 0; 0; 0; 0; 0; 0; 100; 0; 0; 0; 0; 0; 0; 0; 0; 0; 0; 0; 0; 0; 0; 51; 17
1993;08; 0; 3; 0; 0; 0; 0; 0; 0; 0; 0; 0; 0; 0; 0; 0; 0; 0; 0; 0; 0; 0; 0; 0; 307; 452; 0; 0; 0; 0; 0; 0
1993;09; 0; 0; 0; 64; 0; 0; 0; 104; 10; 61; 18; 0; 0; 0; 67; 231; 0; 0; 0; 0; 77; 288; 109; 367; 95; 0; 247; 111; 0; 0; 9999
1993;10; 0; 165; 51; 96; 141; 22; 0; 0; 0; 0; 0; 0; 0; 0; 0; 0; 0; 0; 0; 0; 0; 140; 61; 20; 0; 0; 214; 0; 0; 0; 0
1993;11; 0; 0; 0; 0; 0; 0; 230; 0; 0; 0; 0; 0; 0; 0; 0; 0; 11; 9; 0; 0; 0; 0; 0; 293; 0; 0; 305; 23; 0; 0; 9999
1993;12; 0; 60; 0; 0; 0; 0; 0; 0; 65; 0; 5; 0; 0; 0; 0; 210; 33; 12; 0; 0; 22; 0; 0; 0; 93; 113; 41; 0; 305; 213; 81
1994;01; 0; 0; 0; 0; 0; 0; 0; 17; 810; 286; 0; 0; 0; 48; 0; 14; 0; 0; 30; 46; 0; 0; 0; 3; 113; 103; 98; 397; 272; 0; 0
1994;02; 0; 0; 24; 0; 0; 321; 69; 203; 5; 0; 54; 0; 20; 31; 23; 0; 0; 14; 0; 44; 111; 0; 0; 0; 18; 0; 337; 13; 9999; 9999; 9999
1994;03; 0; 422; 0; 0; 0; 0; 0; 37; 0; 9; 409; 95; 360; 0; 0; 0; 0; 0; 0; 509; 2; 3; 0; 0; 155; 309; 49; 0; 0; 0; 0
1994;04; 0; 0; 0; 0; 0; 0; 0; 0; 0; 0; 0; 0; 25; 162; 159; 0; 0; 24; 316; 0; 0; 306; 231; 0; 25; 0; 0; 0; 0; 0; 9999
1994;05; 0; 0; 0; 0; 0; 0; 0; 0; 0; 0; 0; 0; 3; 33; 204; 300; 0; 0; 0; 0; 0; 0; 0; 0; 22; 0; 104; 47; 0; 0; 0
1994;06; 0; 0; 0; 0; 12; 0; 0; 0; 84; 0; 0; 0; 0; 0; 0; 0; 0; 0; 0; 0; 0; 108; 74; 0; 135; 80; 0; 0; 0; 0; 9999
1994;07; 0; 0; 0; 0; 0; 0; 0; 38; 0; 0; 0; 0; 0; 0; 0; 0; 0; 0; 0; 0; 0; 0; 165; 3; 0; 0; 0; 0; 0; 0; 0
1994;08; 0; 0; 0; 0; 0; 0; 0; 0; 0; 0; 0; 0; 0; 0; 0; 0; 0; 0; 0; 0; 0; 0; 0; 0; 0; 0; 0; 0; 0; 0; 0
1994;09; 0; 0; 0; 0; 0; 0; 0; 0; 0; 0; 0; 0; 0; 0; 0; 0; 0; 0; 0; 0; 0; 0; 0; 0; 0; 0; 0; 0; 0; 0; 9999
1994;10; 0; 0; 0; 0; 0; 0; 0; 0; 0; 0; 0; 0; 0; 140; 0; 0; 2; 39; 0; 0; 41; 29; 12; 0; 86; 164; 96; 0; 0; 0; 0
1994;11; 0; 18; 0; 0; 95; 214; 0; 0; 0; 0; 0; 0; 4; 129; 0; 0; 0; 248; 254; 0; 0; 0; 0; 0; 0; 0; 0; 23; 82; 36; 9999
1994;12; 0; 0; 0; 0; 24; 250; 143; 0; 0; 0; 0; 112; 0; 0; 0; 0; 0; 98; 144; 0; 0; 529; 384; 5; 0; 0; 0; 59; 13; 0; 43
1995;01; 166; 115; 14; 284; 403; 118; 43; 64; 140; 84; 0; 247; 200; 194; 309; 0; 3; 0; 130; 112; 193; 405; 0; 43; 0; 0; 0; 189; 384; 274; 360
1995;02; 120; 22; 227; 6; 304; 453; 577; 68; 296; 105; 0; 34; 70; 453; 4; 49; 16; 15; 73; 114; 231; 0; 0; 0; 0; 0; 0; 0; 9999; 9999; 9999
1995;03; 35; 76; 0; 62; 169; 0; 0; 0; 40; 23; 0; 0; 0; 371; 40; 27; 0; 0; 0; 0; 0; 0; 0; 159; 262; 0; 0; 0; 0; 395; 50
1995;04; 400; 11; 0; 0; 0; 0; 0; 0; 0; 0; 0; 9; 0; 0; 0; 0; 0; 0; 0; 514; 0; 0; 0; 0; 0; 0; 0; 0; 0; 0; 9999
1995;05; 0; 0; 0; 0; 0; 57; 94; 18; 0; 0; 192; 0; 0; 0; 0; 0; 34; 0; 2; 0; 0; 2; 0; 0; 0; 0; 0; 0; 0; 0; 0
1995;06; 0; 0; 0; 0; 0; 0; 0; 0; 0; 0; 0; 0; 0; 0; 0; 0; 0; 51; 122; 0; 0; 0; 0; 0; 0; 133; 0; 0; 0; 32; 9999
1995;07; 0; 0; 0; 0; 0; 0; 0; 17; 50; 313; 7; 3; 0; 0; 0; 0; 0; 0; 0; 0; 3; 303; 0; 0; 0; 0; 0; 0; 0; 0; 0
1995;08; 0; 0; 0; 0; 0; 46; 0; 0; 0; 0; 0; 0; 0; 0; 0; 0; 0; 0; 0; 0; 0; 0; 0; 0; 0; 0; 0; 0; 0; 0; 0
1995;09; 0; 0; 0; 0; 0; 0; 0; 0; 0; 0; 0; 0; 0; 0; 0; 0; 0; 0; 42; 0; 0; 0; 0; 262; 62; 0; 82; 0; 3; 0; 9999
1995;10; 0; 0; 0; 0; 0; 53; 0; 0; 2; 0; 0; 0; 0; 363; 0; 337; 177; 119; 0; 0; 207; 0; 0; 0; 0; 0; 0; 0; 23; 144; 120
1995;11; 0; 0; 0; 0; 0; 0; 0; 0; 0; 0; 40; 68; 0; 0; 91; 3; 0; 0; 0; 0; 0; 0; 0; 0; 0; 0; 64; 133; 0; 0; 9999
1995;12; 0; 0; 0; 0; 0; 0; 0; 0; 0; 0; 0; 81; 123; 121; 0; 0; 0; 0; 96; 25; 0; 0; 0; 23; 0; 131; 159; 540; 903; 204; 0
1996;01; 0; 4; 447; 86; 854; 63; 234; 250; 146; 94; 95; 133; 0; 0; 0; 0; 0; 0; 11; 0; 65; 0; 0; 0; 0; 0; 0; 93; 0; 0; 0
1996;02; 0; 0; 0; 0; 152; 0; 306; 134; 0; 0; 60; 65; 0; 0; 0; 16; 0; 0; 125; 66; 12; 20; 0; 0; 0; 43; 316; 98; 115; 9999; 9999
1996;03; 15; 5; 0; 125; 0; 0; 188; 380; 266; 0; 0; 0; 0; 0; 93; 365; 74; 0; 0; 250; 0; 0; 0; 0; 47; 0; 0; 27; 0; 14; 0
1996;04; 14; 0; 0; 0; 0; 0; 0; 0; 0; 0; 0; 0; 0; 0; 0; 0; 94; 0; 0; 0; 0; 0; 0; 0; 0; 0; 0; 0; 0; 0; 9999
1996;05; 0; 0; 0; 0; 0; 0; 0; 0; 0; 0; 0; 0; 0; 0; 0; 49; 0; 0; 0; 0; 0; 0; 4; 0; 0; 0; 0; 0; 0; 2; 0
1996;06; 0; 0; 0; 0; 0; 290; 35; 0; 0; 0; 0; 0; 0; 0; 0; 0; 0; 0; 0; 0; 0; 0; 0; 0; 0; 0; 0; 173; 45; 0; 9999
1996;07; 0; 0; 24; 0; 0; 0; 0; 0; 0; 0; 0; 0; 0; 0; 0; 0; 0; 0; 0; 0; 3; 0; 0; 0; 0; 0; 0; 0; 0; 0; 0
1996;08; 0; 0; 0; 0; 0; 0; 0; 0; 0; 96; 0; 0; 0; 0; 120; 0; 0; 0; 0; 0; 0; 0; 0; 0; 0; 0; 0; 0; 0; 0; 0
1996;09; 44; 0; 0; 196; 0; 0; 0; 0; 220; 605; 207; 0; 0; 0; 0; 0; 0; 0; 0; 0; 0; 0; 0; 0; 34; 0; 0; 0; 35; 0; 9999
1996;10; 0; 0; 380; 85; 0; 0; 214; 0; 0; 0; 373; 6; 0; 7; 0; 0; 0; 0; 0; 250; 19; 0; 0; 0; 0; 145; 7; 61; 0; 0; 0
1996;11; 4; 229; 166; 80; 0; 0; 0; 0; 0; 0; 0; 0; 0; 50; 120; 0; 0; 6; 0; 78; 32; 0; 0; 0; 0; 0; 0; 0; 0; 0; 9999
1996;12; 0; 0; 77; 0; 78; 28; 52; 0; 0; 0; 0; 0; 34; 0; 24; 0; 11; 34; 17; 8; 50; 386; 471; 0; 0; 0; 0; 0; 166; 167; 134
1997;01; 0; 0; 0; 0; 0; 0; 44; 0; 229; 0; 379; 45; 188; 0; 9; 185; 95; 0; 0; 90; 360; 330; 180; 136; 615; 0; 117; 265; 146; 4; 4
1997;02; 46; 0; 333; 0; 0; 13; 0; 0; 0; 0; 0; 0; 0; 0; 0; 132; 160; 0; 24; 0; 6; 191; 0; 0; 0; 6; 0; 0; 9999; 9999; 9999
1997;03; 0; 0; 0; 0; 0; 223; 13; 0; 0; 0; 0; 0; 0; 0; 0; 100; 0; 0; 0; 0; 0; 0; 0; 0; 0; 0; 0; 0; 0; 0; 0
1997;04; 130; 0; 69; 0; 0; 0; 0; 0; 0; 0; 0; 0; 0; 0; 0; 0; 0; 72; 0; 0; 43; 0; 0; 0; 0; 46; 0; 0; 0; 0; 9999
1997;05; 0; 0; 0; 0; 0; 0; 0; 0; 0; 0; 0; 0; 0; 0; 0; 0; 0; 0; 0; 0; 0; 3; 37; 0; 433; 0; 0; 0; 254; 0; 0
1997;06; 0; 0; 0; 25; 493; 92; 0; 0; 0; 0; 0; 14; 0; 0; 198; 76; 0; 0; 0; 22; 70; 0; 0; 0; 0; 0; 0; 8; 43; 0; 9999
1997;07; 0; 0; 0; 0; 0; 0; 0; 0; 0; 0; 0; 0; 0; 0; 0; 0; 0; 0; 0; 0; 0; 129; 0; 0; 0; 0; 0; 0; 0; 0; 0
1997;08; 0; 0; 0; 0; 0; 0; 0; 0; 0; 0; 0; 0; 0; 0; 0; 0; 0; 0; 0; 0; 0; 0; 0; 260; 0; 0; 0; 0; 0; 0; 0
1997;09; 0; 0; 0; 0; 0; 0; 0; 0; 0; 0; 0; 0; 0; 19; 0; 246; 0; 0; 0; 15; 297; 0; 0; 0; 0; 516; 0; 0; 0; 26; 9999
1997;10; 0; 245; 0; 0; 0; 0; 95; 0; 0; 0; 0; 0; 0; 0; 0; 166; 24; 0; 0; 0; 175; 7; 0; 0; 0; 34; 0; 0; 0; 0; 0
1997;11; 0; 222; 180; 0; 0; 0; 120; 0; 0; 0; 0; 0; 0; 56; 0; 79; 305; 137; 133; 0; 0; 624; 0; 230; 24; 0; 89; 202; 0; 0; 9999
1997;12; 0; 55; 143; 87; 103; 0; 0; 0; 0; 0; 0; 0; 0; 110; 185; 5; 0; 0; 0; 0; 0; 0; 0; 0; 0; 45; 0; 0; 57; 15; 0
