33
Ano,Mes,1,2,3,4,5,6,7,8,9,10,11,12,13,14,15,16,17,18,19,20,21,22,23,24,25,26,27,28,29,30,31
1972;03; 9999; 9999; 9999; 9999; 9999; 9999; 9999; 9999; 9999; 9999; 9999; 9999; 9999; 9999; 9999; 9999; 9999; 9999; 9999; 9999; 9999; 9999; 9999; 9999; 9999; 9999; 9999; 9999; 9999; 9999; 9999
1972;04; 9999; 9999; 9999; 9999; 9999; 9999; 9999; 9999; 9999; 9999; 9999; 9999; 9999; 9999; 9999; 9999; 9999; 9999; 9999; 9999; 9999; 9999; 9999; 9999; 9999; 9999; 9999; 9999; 9999; 9999; 9999
1972;05; 9999; 9999; 9999; 9999; 9999; 9999; 9999; 9999; 9999; 9999; 9999; 9999; 9999; 9999; 9999; 9999; 9999; 9999; 9999; 9999; 9999; 9999; 9999; 9999; 9999; 9999; 9999; 9999; 9999; 9999; 9999
1972;06; 9999; 9999; 9999; 9999; 9999; 9999; 9999; 9999; 9999; 9999; 9999; 9999; 9999; 9999; 9999; 9999; 9999; 9999; 9999; 9999; 9999; 9999; 9999; 9999; 9999; 9999; 9999; 9999; 9999; 9999; 9999
1972;07; 9999; 9999; 9999; 9999; 9999; 9999; 9999; 9999; 9999; 9999; 9999; 9999; 9999; 9999; 9999; 9999; 9999; 9999; 9999; 9999; 9999; 9999; 9999; 9999; 9999; 9999; 9999; 9999; 9999; 9999; 9999
1972;08; 9999; 9999; 9999; 9999; 9999; 9999; 9999; 9999; 9999; 9999; 9999; 9999; 9999; 9999; 9999; 9999; 9999; 9999; 9999; 9999; 9999; 9999; 9999; 9999; 9999; 9999; 9999; 9999; 9999; 9999; 9999
1972;09; 9999; 9999; 9999; 9999; 9999; 9999; 9999; 9999; 9999; 9999; 9999; 9999; 9999; 9999; 9999; 9999; 9999; 9999; 9999; 9999; 9999; 9999; 9999; 9999; 9999; 9999; 9999; 9999; 9999; 9999; 9999
1972;10; 9999; 9999; 9999; 9999; 9999; 9999; 9999; 9999; 9999; 9999; 9999; 9999; 9999; 9999; 9999; 9999; 9999; 9999; 9999; 9999; 9999; 9999; 9999; 9999; 9999; 9999; 9999; 9999; 9999; 9999; 9999
1972;11; 0; 20; 59; 124; 2; 2; 0; 44; 1; 1; 11; 82; 11; 50; 91; 2; 11; 132; 520; 45; 5; 4; 0; 2; 0; 133; 1; 2; 0; 0; 9999
1972;12; 10; 0; 82; 40; 42; 0; 10; 0; 0; 0; 10; 0; 2; 42; 0; 0; 0; 0; 10; 0; 0; 260; 140; 60; 0; 0; 0; 710; 0; 181; 241
1973;01; 21; 22; 10; 143; 20; 6; 24; 243; 345; 0; 0; 11; 0; 34; 732; 120; 1; 0; 0; 46; 10; 23; 162; 61; 439; 38; 0; 0; 0; 0; 0
1973;02; 0; 0; 2; 0; 27; 24; 0; 0; 0; 0; 0; 82; 441; 509; 440; 161; 244; 158; 0; 113; 76; 0; 0; 0; 0; 0; 6; 0; 9999; 9999; 9999
1973;03; 0; 0; 30; 171; 169; 0; 0; 192; 20; 13; 0; 2; 3; 0; 0; 0; 0; 0; 0; 303; 41; 362; 39; 0; 15; 0; 0; 0; 0; 0; 118
1973;04; 284; 0; 0; 0; 0; 0; 0; 101; 122; 0; 3; 399; 93; 0; 0; 0; 0; 19; 10; 0; 10; 9; 0; 0; 0; 0; 0; 0; 0; 0; 9999
1973;05; 0; 0; 21; 10; 20; 16; 0; 10; 113; 2; 0; 27; 0; 0; 13; 0; 0; 0; 0; 0; 0; 344; 0; 19; 15; 0; 0; 0; 0; 0; 0
1973;06; 0; 0; 0; 0; 0; 0; 0; 0; 0; 0; 0; 0; 0; 0; 0; 0; 10; 0; 105; 0; 0; 0; 0; 21; 241; 29; 202; 0; 0; 0; 9999
1973;07; 0; 0; 20; 0; 0; 10; 21; 13; 0; 0; 0; 0; 0; 10; 0; 0; 0; 0; 0; 0; 0; 0; 201; 1; 0; 0; 0; 0; 0; 0; 0
1973;08; 0; 0; 0; 0; 0; 71; 113; 0; 0; 9; 22; 0; 0; 0; 10; 0; 0; 0; 0; 109; 24; 0; 0; 0; 0; 0; 0; 0; 212; 101; 305
1973;09; 49; 20; 0; 0; 0; 0; 11; 19; 0; 0; 0; 0; 0; 0; 0; 0; 113; 218; 2; 3; 41; 0; 0; 0; 0; 105; 0; 10; 39; 0; 9999
1973;10; 1; 3; 0; 0; 21; 0; 21; 119; 49; 0; 375; 2; 1; 6; 7; 0; 0; 0; 222; 0; 0; 0; 0; 47; 0; 196; 184; 12; 0; 0; 86
1973;11; 182; 14; 15; 0; 2; 0; 0; 0; 0; 0; 0; 0; 71; 40; 2; 0; 0; 466; 251; 0; 0; 0; 0; 0; 332; 0; 0; 110; 0; 0; 9999
1973;12; 25; 0; 0; 223; 98; 402; 230; 502; 56; 0; 0; 0; 0; 0; 0; 145; 124; 4; 0; 70; 12; 0; 0; 276; 337; 57; 0; 1; 165; 409; 279
1974;01; 9999; 9999; 9999; 9999; 9999; 9999; 9999; 9999; 9999; 9999; 9999; 9999; 9999; 9999; 9999; 9999; 9999; 9999; 9999; 9999; 9999; 9999; 9999; 9999; 9999; 9999; 9999; 9999; 9999; 9999; 9999
1974;02; 17; 29; 82; 0; 0; 0; 0; 0; 0; 0; 0; 0; 0; 2; 0; 125; 7; 191; 24; 0; 0; 0; 0; 98; 39; 6; 2; 0; 9999; 9999; 9999
1974;03; 0; 2; 0; 0; 0; 3; 244; 41; 0; 94; 4; 49; 86; 624; 6; 2; 526; 926; 430; 169; 37; 36; 0; 0; 91; 51; 4; 2; 0; 0; 19
1974;04; 1; 7; 0; 0; 9; 1; 0; 0; 0; 0; 3; 0; 2; 2; 0; 0; 0; 1; 0; 29; 4; 0; 0; 1; 6; 43; 7; 1; 41; 0; 9999
1974;05; 2; 2; 0; 0; 0; 7; 0; 0; 8; 0; 0; 0; 22; 8; 0; 0; 0; 0; 0; 46; 0; 5; 2; 0; 0; 0; 0; 0; 0; 4; 0
1974;06; 0; 4; 17; 2; 0; 63; 101; 0; 94; 3; 0; 142; 9; 0; 0; 0; 0; 48; 13; 0; 0; 384; 0; 3; 365; 120; 49; 9; 4; 2; 9999
1974;07; 3; 2; 1; 1; 1; 1; 1; 1; 1; 1; 0; 0; 1; 0; 1; 0; 0; 0; 2; 9; 4; 3; 9; 2; 2; 0; 3; 0; 0; 0; 0
1974;08; 0; 1; 2; 0; 0; 0; 0; 0; 16; 40; 0; 0; 0; 43; 0; 2; 3; 9; 0; 0; 0; 0; 1; 0; 0; 0; 0; 1; 4; 0; 0
1974;09; 3; 0; 1; 29; 29; 49; 62; 0; 0; 0; 2; 0; 0; 0; 0; 0; 0; 1; 1; 25; 0; 0; 0; 0; 0; 0; 1; 5; 300; 7; 9999
1974;10; 9; 288; 5; 390; 188; 0; 0; 0; 0; 1; 2; 3; 0; 0; 0; 3; 1; 0; 31; 4; 2; 0; 4; 0; 239; 3; 0; 7; 0; 64; 4
1974;11; 0; 0; 0; 3; 0; 40; 120; 0; 6; 0; 0; 0; 250; 5; 0; 0; 0; 0; 1; 0; 189; 1; 300; 2; 1; 0; 0; 324; 169; 0; 9999
1974;12; 0; 2; 441; 199; 100; 0; 2; 0; 0; 0; 12; 0; 33; 680; 10; 6; 60; 890; 970; 2; 0; 89; 72; 63; 9; 13; 3; 30; 70; 6; 36
1975;01; 95; 19; 48; 0; 34; 42; 23; 3; 17; 49; 33; 16; 116; 39; 19; 0; 0; 3; 100; 27; 22; 8; 0; 0; 0; 0; 0; 95; 77; 3; 3
1975;02; 0; 29; 40; 223; 30; 37; 2; 89; 51; 10; 3; 5; 0; 0; 1; 0; 300; 0; 9; 86; 0; 78; 149; 10; 2; 139; 0; 278; 9999; 9999; 9999
1975;03; 78; 0; 200; 450; 0; 0; 0; 0; 0; 193; 0; 3; 0; 0; 0; 8; 0; 0; 0; 0; 95; 5; 13; 0; 70; 25; 0; 0; 0; 75; 5
1975;04; 4; 2; 1; 84; 0; 0; 0; 0; 19; 0; 33; 32; 0; 2; 3; 21; 1; 1; 1; 1; 0; 0; 1; 2; 0; 0; 0; 2; 1; 0; 9999
1975;05; 81; 0; 0; 18; 3; 25; 5; 1; 0; 3; 0; 3; 2; 0; 0; 0; 282; 154; 19; 3; 4; 3; 3; 2; 4; 1; 1; 0; 1; 3; 0
1975;06; 0; 0; 0; 33; 18; 4; 22; 0; 2; 0; 0; 3; 1; 24; 3; 0; 0; 3; 0; 0; 3; 0; 0; 3; 8; 0; 2; 4; 1; 0; 9999
1975;07; 3; 87; 3; 24; 4; 99; 0; 3; 2; 0; 0; 0; 0; 1; 0; 0; 0; 0; 9; 0; 0; 0; 0; 1; 0; 0; 0; 0; 0; 0; 0
1975;08; 0; 0; 0; 0; 0; 63; 46; 6; 0; 0; 0; 0; 0; 4; 0; 3; 0; 5; 0; 0; 0; 0; 0; 0; 0; 0; 1; 0; 0; 2; 0
1975;09; 0; 4; 8; 0; 0; 0; 0; 3; 0; 0; 0; 1; 0; 0; 0; 1; 4; 0; 2; 0; 0; 13; 1; 81; 4; 3; 95; 281; 2; 260; 9999
1975;10; 0; 0; 462; 108; 59; 8; 0; 87; 4; 16; 76; 89; 0; 4; 0; 0; 3; 77; 207; 4; 3; 0; 0; 0; 0; 0; 0; 0; 0; 3; 139
1975;11; 39; 113; 17; 6; 9; 0; 83; 2; 0; 320; 0; 11; 0; 2; 1; 0; 0; 5; 35; 2; 193; 19; 0; 47; 147; 214; 20; 27; 95; 458; 9999
1975;12; 281; 104; 0; 0; 0; 1; 49; 0; 0; 5; 2; 0; 225; 41; 3; 0; 87; 2; 1; 9; 0; 0; 165; 9; 145; 11; 70; 45; 81; 223; 71
1976;01; 0; 1; 115; 49; 99; 1; 128; 15; 16; 89; 61; 2; 3; 0; 0; 27; 0; 0; 3; 1; 143; 97; 25; 1; 0; 0; 89; 23; 673; 79; 64
1976;02; 0; 83; 121; 37; 0; 147; 249; 773; 0; 0; 0; 3; 3; 2; 0; 0; 0; 47; 60; 0; 61; 75; 93; 222; 27; 151; 243; 109; 33; 9999; 9999
1976;03; 11; 7; 3; 3; 95; 89; 747; 21; 9; 2; 73; 3; 4; 200; 351; 23; 1; 244; 3; 59; 58; 104; 0; 441; 17; 10; 33; 55; 0; 1; 0
1976;04; 3; 2; 85; 55; 3; 0; 17; 0; 135; 0; 82; 286; 163; 198; 364; 0; 11; 3; 0; 81; 3; 0; 77; 17; 0; 2; 3; 3; 0; 0; 9999
1976;05; 0; 14; 0; 2; 0; 3; 0; 3; 21; 59; 5; 351; 3; 10; 3; 83; 0; 0; 13; 23; 43; 213; 0; 9999; 9999; 9999; 9999; 9999; 9999; 9999; 9999
1976;06; 9999; 9999; 9999; 9999; 9999; 9999; 9999; 9999; 9999; 9999; 9999; 9999; 9999; 9999; 9999; 9999; 9999; 9999; 9999; 9999; 9999; 9999; 9999; 9999; 9999; 9999; 9999; 1558; 10; 9; 9999
1976;07; 54; 91; 663; 121; 3; 7; 0; 60; 200; 317; 9; 0; 0; 1; 41; 2; 0; 3; 1; 2; 1; 3; 0; 0; 0; 0; 0; 3; 2; 0; 0
1976;08; 1; 4; 0; 1; 0; 13; 59; 0; 1; 2; 84; 288; 238; 289; 15; 3; 3; 1; 175; 146; 119; 1; 3; 6; 0; 0; 0; 0; 0; 0; 0
1976;09; 0; 0; 0; 113; 43; 55; 150; 4; 3; 5; 9; 3; 461; 155; 100; 230; 25; 2; 0; 4; 0; 3; 186; 6; 0; 0; 121; 12; 4; 0; 9999
1976;10; 2; 0; 2; 0; 2; 33; 1; 0; 199; 82; 1; 3; 1; 0; 3; 3; 9999; 210; 60; 35; 49; 8; 0; 42; 8; 96; 115; 3; 0; 0; 0
1976;11; 0; 0; 1; 0; 112; 215; 2; 8; 4; 2; 4; 23; 1; 39; 0; 3; 5; 15; 2; 167; 231; 2; 4; 2; 1; 0; 253; 1; 4; 1; 9999
1976;12; 1; 185; 89; 0; 0; 231; 0; 0; 438; 2; 1; 14; 4; 0; 0; 34; 9; 0; 7; 3; 0; 3; 361; 189; 41; 83; 11; 41; 0; 1; 0
1977;01; 0; 460; 42; 8; 44; 297; 199; 77; 2; 0; 0; 3; 3; 0; 2; 10; 359; 85; 119; 70; 10; 3; 0; 0; 7; 0; 59; 100; 131; 185; 31
1977;02; 449; 67; 0; 61; 46; 0; 0; 171; 0; 0; 37; 3; 0; 283; 3; 2; 0; 106; 2; 0; 0; 6; 3; 1; 2; 51; 126; 0; 9999; 9999; 9999
1977;03; 0; 10; 3; 2; 173; 47; 2; 29; 0; 0; 18; 0; 3; 0; 0; 3; 191; 3; 0; 3; 44; 88; 253; 2; 1; 0; 3; 159; 149; 17; 145
1977;04; 63; 62; 13; 39; 55; 0; 0; 4; 339; 89; 261; 4; 5; 2; 3; 1; 2; 0; 17; 116; 331; 6; 19; 0; 6; 4; 6; 4; 3; 3; 9999
1977;05; 2; 22; 1; 3; 0; 4; 3; 1; 2; 0; 1; 4; 8; 5; 4; 2; 129; 39; 51; 1; 1; 2; 0; 3; 1; 1; 0; 0; 2; 1; 4
1977;06; 0; 0; 0; 25; 3; 271; 2; 1; 7; 5; 1; 3; 0; 4; 3; 52; 16; 1; 3; 0; 0; 100; 3; 84; 3; 1; 2; 5; 1; 3; 9999
1977;07; 0; 3; 2; 0; 2; 0; 0; 2; 0; 1; 0; 1; 0; 0; 0; 0; 1; 8; 1; 0; 2; 3; 49; 2; 221; 3; 1; 3; 0; 1; 0
1977;08; 0; 0; 13; 0; 0; 0; 0; 1; 0; 10; 0; 0; 0; 1; 6; 2; 0; 1; 47; 19; 0; 0; 6; 0; 0; 0; 0; 0; 7; 49; 17
1977;09; 2; 89; 1; 0; 3; 30; 200; 122; 3; 1; 0; 0; 0; 0; 1; 3; 0; 9; 39; 4; 3; 84; 217; 22; 1; 1; 2; 5; 0; 3; 9999
1977;10; 1; 453; 3; 48; 39; 0; 0; 1; 0; 3; 0; 1; 87; 11; 0; 0; 53; 25; 4; 11; 0; 1; 2; 1; 85; 17; 8; 98; 6; 0; 0
1977;11; 0; 5; 3; 39; 0; 0; 52; 1; 0; 0; 72; 195; 239; 3; 61; 170; 0; 0; 0; 0; 0; 0; 24; 11; 18; 249; 1; 680; 139; 6; 9999
1977;12; 331; 181; 159; 263; 29; 27; 420; 27; 3; 3; 2; 3; 1; 2; 1; 2; 3; 1; 7; 510; 81; 129; 103; 9; 3; 2; 1; 0; 0; 0; 1
1978;01; 407; 9999; 83; 13; 2; 1; 181; 2; 1; 5; 15; 2; 14; 1; 0; 29; 37; 9; 3; 9999; 9999; 98; 0; 25; 0; 49; 2; 1; 3; 0; 2
1978;02; 0; 0; 13; 0; 445; 29; 87; 3; 0; 0; 0; 16; 0; 179; 113; 175; 60; 118; 64; 4; 30; 209; 0; 0; 0; 0; 3; 1; 9999; 9999; 9999
1978;03; 277; 0; 19; 211; 89; 12; 34; 31; 193; 36; 3; 0; 1; 2; 2; 3; 4; 2; 0; 0; 1; 2; 1; 41; 2; 0; 3; 19; 3; 191; 1
1978;04; 0; 2; 1; 0; 21; 3; 2; 1; 0; 4; 4; 0; 3; 0; 0; 1; 0; 1; 2; 0; 7; 17; 2; 1; 1; 4; 0; 5; 1; 2; 9999
1978;05; 29; 34; 5; 4; 3; 1; 2; 3; 9; 3; 1; 2; 1; 0; 0; 271; 445; 327; 3; 5; 300; 213; 10; 5; 4; 3; 3; 0; 1; 3; 2
1978;06; 0; 1; 0; 0; 1; 1; 1; 0; 650; 3; 2; 0; 3; 3; 3; 2; 0; 0; 1; 0; 3; 1; 0; 0; 3; 1; 3; 1; 2; 0; 9999
1978;07; 3; 0; 3; 129; 2; 1; 0; 0; 0; 3; 2; 1; 2; 0; 0; 153; 0; 75; 5; 3; 223; 280; 27; 100; 23; 3; 2; 1; 2; 0; 0
1978;08; 0; 0; 3; 4; 2; 4; 3; 0; 0; 0; 0; 0; 40; 21; 14; 0; 3; 2; 1; 12; 4; 0; 53; 21; 37; 8; 1; 3; 0; 0; 22
1978;09; 41; 2; 10; 9; 325; 33; 1; 36; 9; 0; 1; 0; 0; 0; 0; 1; 0; 1; 0; 0; 0; 1; 0; 0; 1; 1; 0; 0; 2; 2; 9999
1978;10; 1; 2; 3; 2; 0; 0; 0; 0; 0; 0; 48; 0; 1; 29; 3; 0; 22; 13; 112; 27; 1; 2; 1; 0; 0; 0; 0; 44; 21; 181; 30
1978;11; 167; 26; 3; 551; 373; 421; 0; 1; 93; 3; 300; 373; 3; 3; 0; 0; 159; 3; 0; 48; 3; 0; 6; 33; 0; 0; 0; 835; 0; 0; 9999
1978;12; 0; 0; 0; 0; 51; 0; 235; 217; 235; 1; 7; 0; 0; 0; 457; 51; 41; 181; 2; 13; 0; 0; 2; 1; 0; 3; 105; 5; 9; 83; 200
1979;01; 3; 139; 220; 49; 7; 0; 3; 2; 19; 3; 2; 113; 7; 3; 0; 3; 2; 17; 2; 5; 200; 79; 3; 3; 2; 153; 3; 1; 145; 77; 2
1979;02; 0; 0; 1; 2; 25; 9; 2; 2; 6; 71; 131; 275; 519; 9; 7; 3; 0; 3; 13; 3; 0; 67; 0; 263; 83; 3; 2; 1; 9999; 9999; 9999
1979;03; 19; 3; 17; 0; 1; 1; 3; 2; 4; 1; 89; 0; 239; 195; 7; 2; 3; 0; 22; 0; 2; 1; 25; 61; 169; 15; 45; 3; 1; 0; 1
1979;04; 0; 3; 0; 63; 445; 0; 3; 200; 7; 3; 0; 2; 3; 0; 1; 3; 2; 59; 3; 1; 2; 2; 243; 33; 32; 5; 3; 2; 6; 57; 9999
1979;05; 2; 0; 1; 192; 55; 3; 54; 5; 1; 45; 4; 22; 107; 3; 136; 2; 0; 0; 0; 0; 0; 0; 0; 142; 1; 2; 0; 0; 0; 333; 0
1979;06; 0; 0; 0; 0; 0; 0; 0; 2; 17; 2; 1; 2; 0; 2; 27; 3; 0; 1; 0; 3; 1; 3; 0; 1; 0; 3; 10; 0; 1; 2; 9999
1979;07; 0; 3; 0; 0; 1; 11; 2; 1; 121; 83; 28; 0; 1; 0; 0; 0; 0; 0; 0; 180; 2; 1; 0; 0; 1; 149; 0; 7; 0; 0; 0
1979;08; 0; 1; 2; 0; 0; 0; 5; 0; 0; 2; 0; 4; 89; 1; 100; 3; 2; 144; 364; 54; 75; 21; 3; 2; 1; 2; 61; 3; 1; 0; 3
1979;09; 0; 147; 300; 44; 170; 14; 98; 3; 2; 2; 3; 321; 1; 221; 4; 140; 37; 109; 15; 2; 44; 15; 320; 2; 1; 3; 1; 0; 2; 1; 9999
1979;10; 89; 51; 15; 1; 3; 1; 123; 139; 107; 7; 1; 2; 1; 353; 169; 5; 2; 5; 1; 1; 2; 3; 1; 2; 1; 0; 21; 1; 176; 8; 400
1979;11; 0; 3; 9999; 1; 1; 5; 0; 0; 9999; 9999; 9999; 2; 5; 0; 239; 7; 44; 0; 0; 0; 0; 0; 63; 68; 53; 119; 13; 7; 0; 0; 9999
1979;12; 0; 0; 81; 17; 61; 65; 9999; 9; 3; 1; 316; 70; 9999; 4; 9999; 441; 27; 9999; 5; 3; 0; 3; 4; 39; 58; 18; 207; 1; 0; 0; 0
1980;01; 176; 60; 3; 3; 0; 0; 0; 49; 11; 51; 235; 1; 0; 63; 7; 9999; 2; 187; 309; 5; 1; 81; 3; 0; 228; 453; 81; 21; 4; 3; 0
1980;02; 44; 29; 43; 24; 3; 2; 0; 209; 9; 0; 5; 26; 121; 71; 1; 0; 2; 259; 177; 100; 3; 2; 13; 597; 93; 81; 31; 28; 227; 9999; 9999
1980;03; 1; 2; 7; 0; 5; 0; 5; 0; 3; 291; 51; 63; 23; 71; 24; 87; 7; 3; 0; 1; 0; 3; 1; 1; 0; 0; 0; 0; 3; 0; 0
1980;04; 48; 1; 9999; 197; 217; 237; 3; 3; 2; 1; 0; 1; 26; 1; 280; 91; 8; 3; 3; 1; 0; 1; 3; 2; 2; 1; 1; 2; 1; 1; 9999
1980;05; 1; 0; 1; 1; 3; 1; 2; 0; 0; 2; 36; 3; 1; 0; 2; 3; 3; 1; 9999; 3; 0; 16; 23; 9; 2; 0; 0; 9999; 3; 0; 0
1980;06; 0; 0; 3; 56; 2; 0; 1; 5; 9999; 0; 0; 0; 0; 68; 3; 1; 3; 4; 3; 0; 9999; 19; 4; 3; 11; 281; 85; 1; 1; 2; 9999
1980;07; 0; 7; 121; 0; 0; 0; 0; 3; 0; 0; 119; 2; 2; 0; 0; 6; 0; 4; 1; 0; 0; 0; 0; 0; 1; 1; 0; 22; 0; 0; 200
1980;08; 0; 0; 2; 1; 0; 0; 31; 13; 2; 3; 1; 3; 6; 1; 41; 2; 39; 3; 4; 0; 3; 1; 1; 17; 1; 145; 21; 31; 0; 2; 3
1980;09; 1; 0; 2; 1; 0; 0; 0; 0; 0; 0; 0; 13; 1; 0; 2; 75; 63; 161; 2; 3; 100; 200; 3; 0; 1; 7; 3; 39; 2; 0; 9999
1980;10; 0; 0; 0; 0; 0; 29; 6; 226; 41; 3; 1; 79; 100; 17; 7; 0; 0; 0; 0; 0; 0; 0; 12; 4; 3; 1; 0; 123; 0; 0; 138
1980;11; 84; 9; 0; 0; 0; 0; 1; 71; 33; 23; 20; 26; 52; 3; 0; 2; 0; 3; 1; 127; 3; 2; 0; 49; 191; 3; 2; 2; 1; 157; 9999
1980;12; 400; 97; 159; 3; 95; 55; 15; 97; 0; 0; 23; 9; 300; 77; 0; 0; 2; 0; 66; 0; 0; 75; 83; 100; 134; 307; 12; 200; 485; 63; 0
1981;01; 3; 0; 1; 6; 3; 245; 152; 100; 6; 8; 9999; 92; 7; 329; 9999; 1; 79; 45; 7; 65; 447; 79; 3; 19; 2; 1; 3; 2; 1; 417; 2
1981;02; 2; 1; 0; 0; 0; 11; 3; 2; 148; 97; 46; 23; 27; 9; 0; 1; 0; 0; 11; 9; 1; 1; 0; 0; 2; 85; 11; 0; 9999; 9999; 9999
1981;03; 0; 0; 163; 4; 1; 2; 49; 9999; 89; 0; 3; 1; 1; 0; 0; 172; 24; 13; 3; 35; 0; 0; 1; 0; 0; 1; 0; 9999; 18; 175; 1
1981;04; 1; 9; 0; 0; 0; 0; 0; 0; 0; 0; 0; 10; 0; 0; 1; 285; 445; 9999; 0; 0; 0; 0; 0; 1; 3; 3; 0; 89; 61; 41; 9999
1981;05; 1; 0; 0; 144; 4; 6; 0; 0; 0; 1; 2; 0; 0; 39; 16; 3; 5; 21; 4; 0; 0; 0; 0; 0; 12; 2; 0; 0; 1; 0; 0
1981;06; 0; 0; 0; 1; 0; 216; 139; 31; 3; 2; 0; 0; 3; 0; 0; 100; 13; 2; 0; 0; 0; 0; 0; 0; 0; 0; 0; 3; 1; 0; 9999
1981;07; 0; 0; 429; 44; 2; 6; 3; 6; 0; 1; 1; 1; 0; 0; 0; 0; 0; 28; 9999; 134; 0; 2; 1; 69; 95; 0; 3; 2; 3; 0; 0
1981;08; 0; 0; 0; 0; 0; 0; 0; 0; 3; 24; 26; 0; 0; 2; 4; 1; 0; 33; 34; 0; 3; 0; 0; 1; 1; 1; 0; 0; 0; 0; 19
1981;09; 9; 1; 1; 9; 0; 0; 0; 0; 0; 0; 0; 0; 0; 1; 0; 0; 0; 0; 0; 1; 0; 12; 7; 0; 42; 0; 9999; 2; 0; 9999; 9999
1981;10; 7; 1; 0; 0; 0; 29; 25; 9999; 22; 7; 2; 17; 7; 0; 9999; 0; 3; 29; 9999; 0; 0; 0; 1; 0; 0; 103; 7; 3; 3; 91; 15
1981;11; 32; 14; 12; 9999; 9999; 1; 0; 0; 1; 9999; 56; 3; 9; 9; 2; 41; 149; 1; 205; 91; 206; 1; 2; 0; 0; 3; 1; 1; 9; 9999; 9999
1981;12; 57; 331; 10; 9; 0; 0; 9999; 73; 507; 34; 6; 0; 100; 11; 0; 0; 0; 0; 0; 0; 0; 61; 8; 130; 3; 3; 0; 3; 15; 0; 0
1982;01; 0; 55; 62; 44; 4; 0; 0; 124; 116; 51; 182; 400; 9; 2; 0; 0; 0; 2; 0; 0; 0; 9; 963; 57; 74; 0; 0; 0; 65; 24; 38
1982;02; 0; 9; 249; 3; 109; 491; 736; 13; 0; 167; 0; 0; 0; 0; 0; 0; 2; 1; 62; 28; 0; 0; 46; 489; 167; 14; 31; 14; 9999; 9999; 9999
1982;03; 11; 1; 39; 17; 1; 0; 0; 1; 3; 112; 7; 9; 6; 2; 84; 127; 161; 9999; 334; 3; 1; 9999; 71; 2; 0; 12; 9999; 2; 2; 1; 11
1982;04; 19; 17; 1; 0; 7; 1; 24; 1; 1; 1; 0; 9999; 2; 9; 19; 10; 12; 1; 1; 2; 1; 0; 1; 11; 4; 1; 1; 1; 11; 3; 9999
1982;05; 1; 1; 1; 59; 4; 2; 2; 2; 1; 2; 1; 1; 2; 1; 1; 1; 0; 0; 54; 114; 4; 0; 0; 1; 152; 192; 46; 9; 1; 0; 10
1982;06; 3; 0; 2; 1; 10; 63; 4; 0; 1; 1; 0; 134; 219; 197; 3; 259; 30; 0; 2; 0; 17; 71; 83; 9; 398; 261; 16; 0; 158; 4; 9999
1982;07; 112; 3; 0; 7; 2; 1; 1; 0; 0; 1; 3; 44; 14; 15; 1; 0; 0; 0; 87; 2; 1; 3; 2; 2; 0; 0; 0; 1; 0; 143; 4
1982;08; 2; 1; 105; 3; 2; 0; 1; 2; 0; 8; 123; 16; 1; 2; 1; 0; 1; 2; 66; 21; 3; 0; 0; 65; 1; 0; 0; 389; 0; 0; 1
1982;09; 8; 7; 0; 0; 0; 19; 15; 1; 0; 0; 1; 0; 0; 0; 0; 0; 0; 0; 0; 17; 6; 2; 1; 0; 0; 1; 0; 96; 17; 3; 9999
1982;10; 0; 159; 84; 3; 1; 4; 26; 384; 136; 4; 78; 3; 48; 59; 2; 1; 0; 143; 48; 1; 68; 0; 0; 33; 45; 9; 7; 4; 268; 36; 0
1982;11; 0; 1; 0; 0; 3; 23; 56; 0; 0; 1; 64; 67; 13; 297; 439; 216; 27; 9; 0; 35; 284; 10; 17; 1; 14; 2; 112; 171; 198; 2; 9999
1982;12; 30; 0; 209; 53; 4; 0; 103; 95; 2; 1; 257; 167; 14; 323; 76; 35; 461; 84; 96; 133; 9; 8; 9; 86; 2; 2; 0; 62; 141; 238; 22
1983;01; 3; 11; 2; 1; 10; 168; 3; 7; 469; 0; 1; 1; 209; 46; 47; 106; 24; 364; 115; 180; 119; 31; 4; 3; 26; 2; 4; 342; 2; 0; 34
1983;02; 499; 628; 12; 9; 1; 1; 0; 0; 88; 18; 11; 2; 1; 63; 133; 2; 1; 0; 67; 2; 4; 1; 34; 28; 1; 3; 9; 1; 9999; 9999; 9999
1983;03; 4; 346; 20; 91; 4; 31; 272; 214; 2; 0; 1; 0; 117; 43; 0; 1; 0; 1; 83; 481; 7; 80; 21; 11; 14; 6; 83; 431; 2; 1; 2
1983;04; 0; 32; 3; 2; 1; 249; 288; 8; 2; 0; 0; 1; 59; 2; 0; 19; 13; 0; 317; 16; 118; 188; 7; 0; 274; 156; 6; 0; 3; 1; 9999
1983;05; 0; 0; 8; 2; 3; 1; 0; 1; 42; 2; 1; 0; 158; 39; 2; 3; 1; 18; 1; 212; 2; 2; 1; 222; 5; 12; 3; 129; 579; 181; 436
1983;06; 33; 8; 198; 43; 174; 508; 482; 0; 312; 118; 328; 159; 3; 2; 0; 3; 4; 3; 2; 2; 1; 1; 1; 1; 59; 124; 2; 5; 67; 1; 9999
1983;07; 2; 2; 13; 2; 0; 0; 4; 0; 0; 0; 0; 0; 0; 2; 0; 0; 0; 202; 4; 5; 144; 2; 0; 1; 2; 6; 0; 0; 0; 1; 1
1983;08; 2; 193; 27; 53; 3; 2; 3; 1; 0; 1; 0; 3; 2; 0; 1; 0; 4; 2; 3; 2; 1; 1; 0; 2; 2; 1; 1; 0; 0; 0; 0
1983;09; 0; 42; 19; 322; 46; 88; 16; 195; 27; 1; 1; 4; 81; 2; 1; 222; 2; 291; 231; 7; 1; 28; 359; 173; 72; 0; 0; 3; 2; 0; 9999
1983;10; 1; 19; 9; 0; 1; 0; 0; 0; 0; 1; 6; 3; 2; 64; 248; 3; 1; 419; 824; 1; 0; 377; 74; 154; 2; 0; 1; 0; 0; 0; 0
1983;11; 33; 16; 63; 1; 162; 3; 1; 2; 0; 0; 145; 264; 91; 1; 3; 7; 1; 1; 0; 48; 17; 267; 15; 0; 1; 0; 2; 0; 0; 55; 9999
1983;12; 1; 313; 3; 10; 1; 0; 365; 1; 0; 0; 49; 145; 2; 452; 1; 118; 1; 0; 29; 269; 48; 0; 109; 329; 1; 0; 108; 271; 4; 119; 422
1984;01; 58; 3; 81; 48; 1; 43; 148; 1; 0; 568; 1; 0; 0; 0; 124; 0; 0; 0; 0; 1; 257; 222; 83; 4; 15; 367; 174; 306; 130; 84; 81
1984;02; 1; 0; 0; 0; 0; 2; 2; 7; 25; 1; 1; 0; 1; 0; 1; 0; 7; 1; 0; 0; 0; 0; 0; 0; 0; 0; 0; 0; 1; 9999; 9999
1984;03; 0; 0; 1; 0; 2; 12; 2; 46; 82; 5; 251; 1; 4; 19; 4; 1; 1; 3; 0; 4; 16; 22; 4; 1; 0; 0; 35; 5; 0; 91; 95
1984;04; 2; 0; 4; 287; 77; 2; 3; 4; 0; 2; 7; 3; 1; 0; 1; 0; 136; 1; 41; 305; 3; 0; 1; 89; 294; 2; 2; 3; 0; 2; 9999
1984;05; 3; 46; 91; 3; 2; 1; 0; 0; 0; 0; 0; 149; 102; 3; 191; 3; 1; 252; 3; 3; 2; 3; 2; 3; 2; 3; 2; 3; 2; 1; 13
1984;06; 3; 3; 3; 3; 2; 3; 1; 2; 2; 13; 1; 2; 1; 37; 2; 2; 3; 1; 2; 2; 1; 2; 1; 2; 2; 2; 1; 2; 2; 2; 9999
1984;07; 1; 3; 1; 37; 1; 0; 0; 0; 2; 1; 1; 1; 0; 4; 1; 1; 156; 3; 1; 1; 3; 7; 9; 21; 1; 1; 0; 59; 9; 8; 1
1984;08; 1; 1; 289; 181; 3; 1; 0; 1; 2; 2; 2; 1; 0; 0; 5; 13; 12; 9; 0; 29; 9; 70; 258; 3; 21; 129; 3; 1; 2; 1; 1
1984;09; 0; 2; 1; 0; 0; 1; 84; 4; 85; 1; 2; 3; 0; 0; 0; 0; 0; 0; 1; 503; 427; 3; 1; 0; 1; 59; 357; 13; 2; 2; 9999
1984;10; 2; 1; 2; 1; 0; 0; 14; 3; 2; 4; 0; 0; 0; 2; 0; 11; 1; 7; 204; 8; 2; 1; 1; 0; 0; 0; 0; 1; 0; 0; 1
1984;11; 18; 1; 131; 0; 5; 2; 0; 162; 0; 24; 166; 267; 63; 33; 3; 0; 0; 14; 3; 15; 54; 4; 0; 0; 61; 404; 3; 2; 1; 2; 9999
1984;12; 0; 344; 2; 4; 2; 0; 224; 48; 4; 3; 1; 0; 115; 83; 64; 3; 39; 97; 4; 0; 1; 0; 0; 1; 41; 14; 1; 4; 7; 0; 51
1985;01; 47; 164; 49; 2; 135; 0; 9; 104; 322; 3; 1; 1; 0; 14; 3; 8; 193; 51; 7; 4; 14; 12; 13; 24; 3; 15; 3; 0; 3; 1; 0
1985;02; 1; 91; 274; 1; 121; 184; 1; 1; 11; 0; 223; 1; 23; 0; 123; 11; 22; 28; 6; 1; 0; 74; 132; 8; 3; 10; 2; 105; 9999; 9999; 9999
1985;03; 12; 31; 39; 6; 1; 9; 16; 8; 2; 1; 447; 3; 1; 2; 1; 122; 553; 568; 2; 1; 0; 0; 11; 1; 1; 1; 1; 22; 1; 0; 6
1985;04; 8; 0; 1; 1; 0; 2; 0; 3; 64; 1; 1; 86; 23; 7; 1; 81; 15; 2; 33; 6; 4; 2; 2; 2; 1; 4; 18; 125; 18; 3; 9999
1985;05; 229; 31; 2; 1; 3; 0; 1; 0; 1; 14; 3; 0; 0; 2; 1; 3; 2; 3; 2; 0; 129; 221; 1; 1; 3; 1; 2; 3; 2; 0; 1
1985;06; 2; 1; 0; 153; 2; 2; 2; 2; 15; 36; 19; 2; 2; 2; 0; 1; 0; 0; 0; 0; 1; 1; 1; 0; 1; 0; 0; 1; 1; 1; 9999
1985;07; 0; 0; 0; 1; 0; 0; 22; 0; 1; 1; 7; 3; 1; 1; 2; 1; 0; 1; 1; 2; 1; 1; 0; 1; 0; 0; 1; 0; 0; 0; 0
1985;08; 0; 0; 0; 0; 0; 0; 0; 0; 0; 0; 0; 10; 0; 9; 0; 0; 0; 0; 0; 0; 0; 0; 28; 1; 2; 0; 0; 9; 1; 0; 8
1985;09; 215; 122; 15; 224; 73; 31; 2; 0; 0; 1; 1; 1; 0; 0; 1; 0; 0; 4; 1; 1; 283; 5; 0; 7; 1; 1; 0; 0; 72; 59; 9999
1985;10; 1; 0; 0; 1; 0; 0; 0; 33; 0; 46; 0; 0; 0; 2; 1; 0; 0; 1; 2; 6; 1; 9; 1; 2; 71; 2; 0; 0; 99; 23; 18
1985;11; 29; 73; 81; 59; 52; 2; 1; 0; 1; 1; 0; 0; 0; 0; 0; 0; 0; 0; 0; 1; 0; 11; 193; 105; 71; 91; 61; 25; 3; 1; 9999
1985;12; 1; 0; 3; 424; 13; 3; 1; 0; 0; 0; 0; 1; 2; 38; 7; 0; 0; 0; 0; 0; 24; 0; 0; 0; 17; 187; 169; 1; 73; 0; 21
1986;01; 2; 2; 154; 1; 8; 69; 2; 0; 11; 0; 312; 151; 1; 0; 0; 4; 1; 0; 0; 59; 3; 215; 109; 186; 20; 514; 2; 2; 38; 46; 1
1986;02; 0; 0; 284; 0; 1; 23; 8; 0; 1; 67; 25; 226; 97; 0; 74; 4; 57; 2; 24; 39; 584; 75; 94; 68; 0; 8; 4; 47; 9999; 9999; 9999
1986;03; 2; 581; 1; 277; 245; 223; 41; 135; 0; 0; 10; 6; 89; 2; 1; 0; 4; 0; 104; 32; 2; 1; 2; 502; 3; 1; 28; 1; 1; 252; 1
1986;04; 2; 2; 1; 0; 2; 1; 173; 14; 7; 3; 2; 2; 3; 0; 96; 231; 28; 2; 2; 2; 0; 25; 2; 45; 1; 1; 33; 32; 40; 1; 9999
1986;05; 0; 3; 2; 2; 2; 1; 0; 61; 213; 60; 78; 1; 107; 21; 45; 1; 3; 3; 254; 3; 1; 2; 0; 2; 0; 2; 9; 3; 2; 1; 47
1986;06; 3; 1; 0; 1; 3; 3; 1; 2; 3; 2; 1; 2; 0; 1; 1; 2; 1; 2; 1; 1; 0; 2; 2; 1; 1; 4; 14; 13; 2; 2; 9999
1986;07; 0; 9; 37; 1; 0; 18; 41; 9; 6; 3; 2; 3; 2; 0; 0; 0; 0; 1; 2; 0; 9; 28; 88; 2; 2; 2; 1; 0; 1; 1; 81
1986;08; 71; 2; 2; 0; 0; 0; 0; 2; 1; 1; 0; 7; 23; 52; 5; 41; 36; 15; 4; 2; 212; 181; 477; 3; 7; 2; 3; 1; 3; 1; 8
1986;09; 6; 1; 1; 1; 27; 49; 0; 0; 0; 2; 1; 2; 2; 0; 0; 0; 1; 1; 14; 43; 71; 13; 0; 2; 37; 136; 26; 17; 107; 1; 9999
1986;10; 1; 0; 2; 0; 0; 2; 0; 0; 4; 143; 174; 4; 0; 0; 0; 0; 2; 3; 89; 77; 106; 2; 61; 1; 2; 0; 0; 1; 1; 0; 0
1986;11; 0; 43; 85; 2; 0; 375; 39; 7; 0; 0; 241; 127; 25; 1; 2; 0; 0; 0; 0; 0; 5; 1; 0; 13; 0; 0; 47; 4; 10; 488; 9999
1986;12; 51; 176; 300; 27; 14; 42; 7; 152; 39; 1; 1; 143; 1; 64; 70; 51; 259; 57; 59; 169; 2; 121; 222; 169; 36; 23; 2; 2; 98; 3; 1
1987;01; 1; 6; 278; 44; 89; 2; 1; 0; 0; 46; 72; 3; 27; 0; 0; 0; 51; 93; 55; 2; 1; 1; 101; 766; 539; 261; 58; 138; 7; 191; 155
1987;02; 78; 39; 235; 143; 287; 27; 8; 2; 10; 247; 3; 3; 43; 433; 57; 78; 5; 2; 1; 19; 2; 1; 275; 3; 4; 191; 150; 3; 9999; 9999; 9999
1987;03; 0; 3; 2; 2; 2; 1; 0; 212; 57; 121; 243; 2; 2; 0; 3; 2; 20; 2; 13; 27; 1; 2; 2; 2; 1; 1; 0; 44; 3; 1; 1
1987;04; 1; 0; 21; 75; 63; 21; 4; 3; 2; 106; 119; 2; 1; 6; 0; 1; 2; 3; 2; 0; 6; 7; 2; 1; 67; 7; 14; 6; 0; 1; 9999
1987;05; 5; 2; 1; 2; 197; 139; 108; 25; 323; 2; 0; 65; 3; 1; 0; 267; 1; 23; 51; 317; 471; 72; 2; 1; 16; 6; 2; 4; 81; 0; 1
1987;06; 1; 0; 1; 2; 2; 2; 211; 3; 3; 1; 3; 1; 92; 547; 776; 316; 5; 3; 1; 1; 1; 0; 261; 4; 1; 1; 3; 0; 2; 1; 9999
1987;07; 1; 1; 0; 0; 18; 0; 1; 0; 211; 12; 3; 0; 0; 0; 1; 0; 0; 0; 0; 1; 1; 7; 4; 1; 0; 0; 0; 0; 0; 2; 31
1987;08; 13; 3; 2; 1; 0; 2; 81; 0; 2; 2; 0; 0; 0; 0; 0; 0; 21; 7; 3; 3; 1; 27; 13; 0; 1; 0; 1; 2; 0; 0; 52
1987;09; 55; 1; 6; 38; 1; 51; 1; 0; 0; 0; 6; 123; 1; 1; 1; 0; 23; 9; 51; 4; 52; 124; 9; 8; 3; 1; 0; 177; 2; 22; 9999
1987;10; 0; 25; 23; 1; 0; 292; 2; 1; 1; 1; 2; 0; 0; 16; 5; 1; 1; 0; 43; 231; 26; 134; 3; 0; 33; 153; 2; 0; 41; 1; 1
1987;11; 0; 0; 2; 1; 0; 12; 14; 2; 3; 22; 12; 1; 1; 4; 144; 114; 76; 2; 0; 1; 1; 2; 2; 0; 14; 141; 3; 0; 0; 0; 9999
1987;12; 1; 0; 0; 31; 236; 66; 1; 1; 78; 4; 0; 4; 27; 28; 1; 0; 146; 208; 541; 1; 1; 41; 2; 2; 2; 0; 0; 0; 83; 18; 6
1988;01; 21; 0; 1; 0; 0; 82; 369; 1; 48; 27; 125; 3; 1; 0; 0; 92; 1; 1; 0; 0; 0; 0; 0; 83; 4; 17; 0; 28; 0; 0; 1
1988;02; 51; 22; 2; 0; 2; 8; 4; 241; 137; 79; 66; 13; 4; 345; 30; 0; 307; 56; 0; 11; 98; 7; 0; 1; 1; 0; 42; 31; 108; 9999; 9999
1988;03; 283; 457; 42; 12; 1; 1; 26; 1; 46; 3; 1; 1; 1; 1; 1; 0; 196; 251; 573; 1; 3; 0; 1; 1; 0; 0; 1; 1; 2; 1; 2
1988;04; 0; 49; 23; 0; 1; 0; 1; 87; 45; 0; 1; 32; 44; 302; 0; 1; 4; 3; 241; 216; 118; 4; 0; 2; 1; 133; 2; 22; 25; 21; 9999
1988;05; 0; 1; 1; 2; 91; 23; 47; 3; 6; 5; 1; 1; 49; 26; 2; 11; 193; 137; 22; 2; 151; 128; 286; 616; 24; 2; 1; 2; 137; 472; 77
1988;06; 6; 2; 1; 179; 23; 3; 2; 1; 2; 1; 1; 0; 1; 314; 39; 4; 1; 2; 1; 0; 4; 2; 2; 0; 157; 2; 1; 1; 1; 1; 9999
1988;07; 0; 1; 0; 0; 0; 0; 0; 5; 3; 1; 6; 9; 15; 13; 0; 1; 0; 1; 1; 0; 0; 0; 0; 0; 4; 0; 11; 0; 1; 0; 0
1988;08; 1; 0; 0; 0; 0; 0; 0; 0; 0; 0; 41; 0; 0; 0; 1; 0; 0; 0; 0; 1; 1; 1; 0; 0; 0; 0; 0; 0; 0; 0; 0
1988;09; 0; 4; 1; 0; 0; 0; 1; 0; 0; 0; 0; 0; 0; 0; 116; 56; 36; 172; 11; 1; 1; 0; 0; 0; 0; 0; 0; 4; 71; 2; 9999
1988;10; 0; 0; 0; 23; 114; 2; 0; 0; 1; 0; 0; 1; 208; 69; 1; 0; 0; 4; 0; 563; 1; 1; 89; 4; 0; 404; 56; 31; 0; 0; 0
1988;11; 229; 11; 2; 3; 1; 0; 0; 2; 1; 0; 2; 1; 53; 2; 442; 2; 0; 1; 1; 114; 2; 71; 16; 0; 1; 0; 16; 25; 2; 0; 9999
1988;12; 1; 211; 0; 2; 1; 1; 1; 0; 1; 0; 0; 0; 1; 0; 19; 1; 0; 1; 0; 0; 944; 159; 0; 244; 548; 139; 2; 139; 0; 42; 58
1989;01; 40; 71; 59; 28; 155; 127; 93; 52; 663; 149; 82; 7; 9; 39; 3; 316; 5; 1; 1; 0; 0; 209; 4; 47; 233; 2; 0; 123; 2; 18; 3
1989;02; 0; 4; 7; 121; 111; 14; 1; 1; 371; 1; 196; 189; 3; 48; 15; 0; 0; 79; 0; 4; 25; 9; 65; 11; 54; 146; 8; 118; 9999; 9999; 9999
1989;03; 4; 2; 1; 1; 61; 1; 36; 7; 71; 19; 3; 1; 139; 215; 1; 6; 0; 71; 1; 0; 1; 0; 0; 8; 0; 433; 37; 2; 19; 1; 1
1989;04; 0; 33; 71; 3; 2; 1; 0; 0; 0; 1; 1; 81; 6; 82; 2; 1; 0; 1; 119; 26; 7; 1; 1; 1; 1; 1; 0; 1; 0; 0; 9999
1989;05; 0; 37; 0; 0; 246; 193; 19; 27; 6; 7; 1; 1; 1; 1; 0; 1; 1; 0; 1; 0; 1; 0; 0; 2; 0; 36; 6; 109; 9; 1; 0
1989;06; 0; 0; 1; 4; 0; 0; 1; 21; 1; 0; 66; 189; 4; 0; 3; 2; 83; 0; 1; 1; 1; 0; 2; 2; 29; 2; 45; 1; 3; 1; 9999
1989;07; 2; 1; 3; 1; 0; 18; 7; 41; 7; 4; 3; 1; 2; 0; 2; 1; 0; 3; 2; 3; 2; 0; 1; 0; 7; 127; 441; 491; 15; 591; 369
1989;08; 2; 0; 0; 2; 0; 4; 3; 0; 2; 0; 0; 19; 1; 1; 1; 2; 2; 1; 1; 0; 0; 32; 82; 0; 4; 119; 1; 27; 2; 1; 1
1989;09; 7; 131; 1; 0; 0; 12; 2; 0; 36; 192; 3; 2; 131; 203; 2; 1; 1; 4; 0; 0; 1; 0; 2; 0; 134; 27; 22; 1; 24; 4; 9999
1989;10; 5; 0; 1; 124; 1; 1; 2; 1; 2; 0; 3; 51; 0; 11; 2; 56; 2; 94; 4; 0; 1; 3; 1; 0; 0; 0; 539; 56; 0; 2; 2
1989;11; 6; 1; 0; 28; 3; 0; 1; 4; 2; 2; 0; 117; 109; 1; 1; 1; 1; 0; 4; 13; 72; 199; 4; 86; 104; 3; 2; 302; 2; 3; 9999
1989;12; 1; 1; 0; 1; 2; 0; 0; 0; 0; 0; 11; 336; 5; 0; 43; 31; 2; 0; 59; 163; 4; 2; 0; 0; 0; 0; 339; 596; 31; 87; 97
1990;01; 54; 409; 135; 4; 135; 130; 39; 1; 9; 302; 141; 113; 51; 2; 1; 263; 57; 0; 1; 9; 4; 173; 219; 34; 39; 2; 134; 4; 9; 2; 0
1990;02; 2; 0; 1; 0; 0; 0; 135; 1; 1; 0; 45; 1; 51; 34; 8; 61; 7; 2; 0; 1; 2; 1; 286; 104; 12; 2; 21; 0; 9999; 9999; 9999
1990;03; 1; 1; 303; 66; 1; 257; 76; 0; 1; 6; 23; 1; 0; 19; 1; 1; 14; 0; 222; 29; 0; 154; 58; 9; 1; 0; 0; 2; 152; 193; 2
1990;04; 1; 2; 2; 0; 1; 0; 8; 3; 0; 1; 2; 3; 1; 0; 0; 1; 0; 0; 383; 42; 3; 1; 1; 2; 2; 2; 1; 1; 0; 17; 9999
1990;05; 109; 25; 0; 1; 0; 2; 22; 2; 1; 1; 51; 38; 2; 0; 0; 127; 7; 171; 0; 1; 0; 0; 3; 1; 1; 1; 2; 0; 1; 1; 0
1990;06; 0; 0; 1; 1; 0; 0; 287; 4; 1; 2; 6; 8; 1; 1; 52; 3; 1; 0; 1; 1; 146; 1; 2; 2; 1; 4; 0; 1; 1; 1; 9999
1990;07; 0; 0; 1; 2; 74; 41; 0; 0; 4; 16; 33; 6; 3; 1; 0; 0; 327; 7; 181; 246; 38; 104; 13; 106; 27; 89; 14; 104; 3; 2; 1
1990;08; 1; 1; 1; 2; 0; 0; 1; 1; 0; 2; 0; 2; 1; 1; 0; 0; 77; 21; 3; 204; 64; 9; 19; 15; 0; 2; 0; 77; 12; 1; 3
1990;09; 6; 52; 2; 0; 14; 19; 1; 32; 3; 1; 2; 0; 164; 417; 11; 1; 0; 0; 1; 1; 2; 0; 8; 11; 15; 2; 0; 1; 1; 21; 9999
1990;10; 6; 5; 1; 0; 19; 1; 22; 1; 0; 0; 0; 6; 243; 1; 129; 183; 148; 12; 71; 64; 16; 26; 0; 0; 12; 0; 1; 0; 1; 0; 0
1990;11; 0; 52; 146; 0; 268; 66; 93; 64; 491; 3; 38; 2; 1; 1; 1; 0; 0; 0; 0; 0; 1; 8; 0; 66; 37; 1; 89; 43; 0; 1; 9999
1990;12; 0; 0; 1; 2; 7; 57; 0; 99; 24; 0; 30; 87; 129; 139; 138; 2; 3; 2; 1; 239; 1; 2; 1; 1; 5; 13; 7; 2; 111; 69; 0
1991;01; 0; 129; 5; 72; 162; 18; 0; 0; 0; 0; 5; 396; 1; 1; 188; 67; 21; 43; 5; 0; 2; 3; 81; 1; 0; 171; 546; 24; 7; 59; 13
1991;02; 23; 449; 32; 174; 163; 241; 207; 39; 194; 413; 1; 197; 118; 1; 0; 3; 0; 61; 482; 3; 2; 1; 1; 15; 1; 0; 1; 4; 9999; 9999; 9999
1991;03; 12; 49; 46; 11; 118; 193; 343; 54; 25; 58; 1; 101; 63; 169; 18; 3; 1; 0; 14; 408; 1; 312; 78; 18; 16; 62; 263; 257; 116; 7; 16
1991;04; 79; 0; 0; 0; 3; 3; 1; 4; 2; 1; 1; 1; 0; 84; 2; 19; 4; 1; 453; 29; 3; 2; 2; 2; 442; 166; 68; 2; 2; 33; 9999
1991;05; 5; 2; 3; 2; 1; 32; 76; 122; 2; 1; 0; 0; 0; 0; 156; 123; 2; 7; 0; 1; 14; 2; 9; 1; 2; 1; 3; 1; 1; 2; 2
1991;06; 1; 1; 0; 1; 1; 0; 0; 26; 19; 3; 2; 1; 2; 2; 3; 1; 1; 0; 0; 3; 173; 116; 86; 43; 373; 3; 3; 1; 59; 87; 9999
1991;07; 2; 0; 2; 1; 0; 1; 1; 1; 0; 0; 104; 1; 66; 72; 2; 3; 10; 1; 2; 1; 0; 0; 0; 1; 2; 1; 2; 2; 0; 0; 0
1991;08; 0; 23; 8; 0; 1; 0; 29; 153; 265; 1; 1; 2; 0; 3; 0; 2; 1; 3; 1; 1; 1; 0; 1; 0; 0; 0; 0; 0; 1; 1; 0
1991;09; 3; 86; 1; 1; 1; 0; 0; 0; 0; 0; 0; 0; 2; 1; 0; 0; 0; 0; 14; 149; 1; 0; 0; 27; 4; 131; 3; 1; 159; 92; 9999
1991;10; 386; 75; 34; 22; 16; 528; 647; 34; 35; 81; 309; 2; 0; 2; 0; 0; 16; 1; 6; 2; 1; 1; 0; 0; 0; 3; 0; 2; 0; 0; 0
1991;11; 13; 129; 35; 2; 36; 2; 2; 0; 1; 89; 1; 1; 380; 3; 132; 2; 2; 1; 1; 1; 1; 0; 2; 0; 0; 0; 0; 5; 1; 38; 9999
1991;12; 99; 42; 1; 2; 0; 286; 133; 148; 0; 17; 311; 78; 2; 0; 0; 84; 188; 114; 1; 469; 2; 2; 67; 29; 5; 28; 88; 331; 5; 2; 1
1992;01; 1; 0; 292; 2; 0; 1; 1; 2; 3; 51; 1; 1; 2; 128; 121; 24; 122; 7; 2; 2; 2; 9; 53; 3; 23; 3; 1; 2; 2; 22; 18
1992;02; 65; 1; 3; 0; 22; 13; 51; 327; 289; 92; 88; 2; 2; 1; 0; 0; 206; 0; 1; 11; 12; 0; 0; 0; 1; 139; 2; 1; 8; 9999; 9999
1992;03; 2; 84; 89; 317; 569; 3; 9; 171; 3; 11; 138; 98; 2; 1; 2; 4; 121; 132; 271; 21; 3; 2; 1; 0; 103; 188; 2; 9; 1; 48; 426
1992;04; 249; 14; 2; 0; 3; 1; 0; 11; 4; 3; 0; 2; 0; 39; 2; 2; 2; 1; 1; 21; 32; 1; 0; 1; 0; 62; 99; 6; 1; 96; 9999
1992;05; 16; 13; 11; 398; 9; 2; 2; 1; 2; 1; 3; 2; 36; 47; 3; 3; 3; 0; 74; 19; 0; 1; 172; 3; 4; 1; 1; 0; 0; 0; 0
1992;06; 3; 3; 1; 2; 2; 0; 0; 0; 0; 0; 1; 2; 0; 0; 2; 3; 2; 2; 2; 1; 16; 1; 1; 0; 0; 0; 0; 0; 14; 11; 9999
1992;07; 2; 0; 1; 5; 1; 0; 177; 31; 24; 2; 2; 1; 3; 1; 0; 2; 6; 26; 3; 2; 2; 3; 5; 16; 4; 1; 2; 2; 1; 1; 0
1992;08; 0; 15; 6; 1; 0; 0; 0; 5; 0; 0; 2; 0; 11; 1; 0; 0; 0; 6; 14; 1; 1; 251; 68; 8; 2; 2; 1; 3; 0; 1; 1
1992;09; 12; 88; 15; 2; 99; 18; 89; 22; 2; 0; 0; 16; 156; 1; 128; 278; 2; 15; 1; 0; 0; 2; 1; 0; 2; 129; 8; 36; 3; 0; 9999
1992;10; 0; 4; 64; 6; 3; 1; 458; 27; 42; 3; 1; 169; 223; 1; 2; 0; 408; 1; 4; 2; 13; 11; 0; 2; 1; 0; 0; 1; 95; 211; 91
1992;11; 1; 21; 2; 479; 78; 27; 17; 11; 28; 561; 2; 1; 0; 0; 0; 0; 211; 4; 2; 2; 2; 89; 56; 9; 33; 302; 43; 9; 0; 1; 9999
1992;12; 71; 536; 11; 1; 0; 1; 11; 1; 0; 0; 403; 336; 34; 1; 2; 0; 1; 51; 0; 2; 391; 2; 2; 1; 0; 9; 2; 0; 2; 0; 0
1993;01; 0; 1; 22; 92; 32; 76; 22; 0; 67; 324; 158; 361; 11; 17; 317; 1; 9; 57; 177; 11; 63; 7; 1; 1; 11; 181; 16; 2; 1; 1; 0
1993;02; 121; 1; 654; 6; 71; 2; 33; 74; 257; 139; 41; 71; 119; 2; 21; 123; 145; 3; 4; 25; 57; 76; 112; 7; 29; 2; 1; 1; 9999; 9999; 9999
1993;03; 1; 2; 0; 3; 109; 13; 2; 1; 1; 0; 0; 0; 0; 2; 87; 2; 1; 22; 79; 2; 112; 1; 2; 49; 26; 16; 2; 8; 0; 59; 2
1993;04; 0; 124; 4; 2; 0; 1; 1; 1; 171; 2; 0; 0; 212; 2; 3; 3; 3; 1; 1; 1; 1; 108; 1; 57; 11; 4; 2; 2; 0; 0; 9999
1993;05; 0; 9; 1; 23; 1; 39; 2; 5; 5; 3; 2; 1; 0; 4; 51; 14; 3; 4; 3; 3; 2; 2; 1; 1; 0; 1; 1; 3; 8; 2; 664
1993;06; 3; 3; 1; 2; 19; 73; 57; 2; 2; 134; 288; 9; 3; 1; 3; 2; 1; 94; 224; 2; 1; 2; 2; 3; 2; 2; 0; 0; 0; 0; 9999
1993;07; 18; 0; 0; 0; 0; 0; 0; 1; 0; 0; 2; 0; 0; 7; 38; 2; 4; 2; 2; 1; 1; 0; 0; 0; 4; 1; 2; 0; 33; 6; 30
1993;08; 4; 0; 2; 0; 0; 3; 2; 1; 0; 0; 11; 1; 0; 2; 0; 3; 1; 2; 4; 2; 0; 0; 0; 365; 414; 3; 1; 2; 0; 0; 0
1993;09; 0; 4; 0; 175; 4; 2; 0; 137; 12; 22; 36; 35; 0; 1; 33; 103; 3; 1; 1; 0; 73; 477; 167; 154; 114; 25; 296; 56; 0; 3; 9999
1993;10; 237; 16; 1; 41; 92; 194; 28; 5; 2; 0; 1; 0; 0; 0; 1; 0; 0; 0; 2; 0; 74; 2; 111; 66; 1; 6; 353; 3; 0; 2; 0
1993;11; 0; 1; 4; 3; 0; 1; 162; 2; 0; 6; 0; 1; 0; 0; 0; 0; 49; 42; 0; 0; 1; 0; 1; 129; 11; 21; 352; 13; 0; 1; 9999
1993;12; 2; 38; 3; 1; 42; 1; 37; 0; 0; 0; 93; 5; 0; 1; 1; 96; 11; 26; 0; 0; 25; 1; 1; 0; 34; 73; 15; 48; 149; 223; 129
1994;01; 0; 0; 0; 25; 16; 4; 0; 14; 336; 209; 1; 0; 0; 3; 1; 0; 1; 2; 67; 317; 3; 46; 7; 0; 31; 1; 143; 424; 184; 56; 19
1994;02; 2; 1; 1; 1; 0; 49; 291; 119; 269; 2; 43; 0; 219; 231; 166; 2; 1; 0; 0; 1; 5; 11; 12; 1; 91; 5; 1; 1; 9999; 9999; 9999
1994;03; 1; 69; 41; 11; 9; 13; 64; 118; 0; 3; 338; 21; 2; 3; 1; 0; 1; 2; 2; 79; 2; 274; 2; 3; 8; 141; 51; 0; 2; 1; 1
1994;04; 19; 22; 3; 0; 1; 1; 9; 2; 33; 1; 2; 0; 0; 128; 3; 4; 1; 27; 61; 11; 1; 136; 131; 17; 54; 2; 1; 2; 0; 1; 9999
1994;05; 0; 0; 1; 1; 0; 2; 1; 2; 2; 1; 0; 1; 2; 33; 99; 82; 3; 3; 4; 1; 9; 91; 4; 7; 136; 1; 108; 18; 3; 9; 1
1994;06; 1; 1; 1; 1; 66; 3; 1; 3; 71; 11; 2; 4; 3; 1; 1; 0; 3; 2; 1; 0; 0; 24; 76; 3; 141; 108; 3; 2; 3; 3; 9999
1994;07; 1; 1; 0; 3; 0; 0; 0; 79; 29; 4; 7; 3; 2; 2; 0; 0; 0; 0; 0; 0; 0; 0; 215; 127; 3; 1; 2; 0; 0; 0; 2
1994;08; 3; 1; 2; 16; 3; 5; 3; 0; 2; 0; 7; 4; 1; 1; 1; 0; 6; 3; 0; 1; 0; 1; 0; 2; 0; 2; 1; 1; 1; 2; 0
1994;09; 0; 0; 1; 11; 4; 0; 0; 0; 9; 10; 2; 1; 1; 0; 0; 22; 3; 1; 0; 1; 0; 0; 0; 0; 0; 0; 14; 45; 3; 1; 9999
1994;10; 51; 111; 0; 16; 8; 3; 7; 2; 1; 1; 1; 7; 2; 65; 1; 1; 2; 0; 0; 0; 64; 54; 121; 3; 139; 86; 231; 26; 27; 25; 13
1994;11; 0; 9; 0; 2; 7; 51; 0; 7; 0; 1; 2; 2; 0; 179; 9; 0; 0; 484; 144; 37; 1; 6; 0; 2; 0; 1; 0; 71; 88; 5; 9999
1994;12; 1; 1; 0; 0; 115; 498; 179; 29; 0; 1; 1; 309; 274; 1; 51; 1; 0; 391; 331; 11; 0; 329; 544; 11; 1; 2; 2; 117; 0; 4; 88
1995;01; 22; 136; 24; 458; 21; 7; 47; 54; 202; 53; 0; 543; 27; 12; 2; 1; 1; 0; 106; 21; 124; 54; 6; 46; 3; 0; 0; 85; 299; 31; 0
1995;02; 84; 32; 39; 119; 389; 137; 427; 66; 204; 121; 6; 177; 105; 204; 50; 2; 16; 1; 143; 43; 327; 21; 2; 2; 1; 1; 0; 2; 9999; 9999; 9999
1995;03; 4; 11; 1; 31; 13; 1; 12; 1; 1; 521; 42; 62; 3; 122; 6; 332; 4; 2; 1; 44; 1; 0; 4; 122; 251; 7; 0; 1; 1; 374; 132
1995;04; 172; 78; 2; 15; 0; 1; 1; 1; 2; 37; 1; 134; 4; 1; 2; 0; 2; 0; 0; 182; 304; 9; 2; 3; 2; 0; 1; 1; 2; 1; 9999
1995;05; 1; 0; 7; 1; 1; 19; 283; 279; 2; 11; 171; 0; 0; 1; 2; 1; 16; 62; 13; 2; 1; 8; 1; 0; 0; 0; 1; 0; 3; 1; 2
1995;06; 2; 2; 1; 4; 2; 2; 2; 1; 3; 0; 0; 2; 2; 2; 3; 0; 0; 37; 189; 36; 3; 2; 3; 1; 0; 157; 3; 2; 3; 66; 9999
1995;07; 6; 3; 2; 2; 2; 0; 0; 67; 27; 253; 11; 2; 2; 2; 0; 0; 1; 1; 0; 0; 3; 248; 1; 2; 1; 0; 2; 1; 0; 0; 3
1995;08; 2; 0; 1; 1; 143; 94; 2; 2; 2; 0; 1; 1; 1; 1; 0; 0; 6; 1; 4; 4; 1; 0; 1; 0; 1; 0; 0; 0; 0; 0; 0
1995;09; 0; 0; 9; 16; 3; 2; 0; 0; 0; 0; 0; 0; 44; 1; 0; 6; 2; 58; 21; 27; 48; 6; 1; 369; 65; 3; 143; 1; 94; 2; 9999
1995;10; 2; 2; 0; 2; 3; 164; 29; 1; 125; 1; 2; 3; 1; 377; 2; 322; 141; 85; 3; 2; 354; 139; 3; 2; 1; 0; 0; 1; 103; 76; 103
1995;11; 0; 17; 2; 99; 66; 2; 1; 0; 0; 0; 204; 63; 66; 10; 0; 381; 1; 0; 0; 5; 2; 3; 2; 0; 0; 2; 2; 282; 29; 0; 9999
1995;12; 2; 2; 2; 0; 18; 2; 0; 1; 29; 0; 0; 1; 129; 237; 9; 2; 0; 0; 23; 4; 0; 1; 0; 49; 203; 3; 138; 109; 94; 274; 164
1996;01; 2; 0; 487; 289; 207; 102; 172; 23; 107; 5; 16; 0; 0; 144; 0; 7; 59; 37; 204; 12; 53; 16; 0; 1; 1; 81; 2; 176; 1; 0; 0
1996;02; 1; 1; 9; 16; 44; 2; 417; 73; 36; 17; 32; 4; 27; 11; 7; 14; 2; 17; 195; 121; 7; 1; 1; 2; 1; 127; 9; 0; 42; 9999; 9999
1996;03; 171; 232; 32; 75; 103; 2; 126; 319; 198; 78; 33; 29; 15; 2; 11; 41; 37; 19; 2; 4; 66; 61; 21; 8; 3; 2; 1; 3; 2; 0; 0
1996;04; 1; 0; 0; 0; 0; 0; 0; 1; 0; 2; 54; 5; 8; 17; 3; 1; 28; 26; 2; 32; 2; 2; 2; 2; 1; 0; 9; 6; 0; 36; 9999
1996;05; 7; 32; 51; 34; 2; 0; 2; 2; 7; 0; 6; 3; 3; 0; 1; 31; 56; 24; 11; 7; 5; 3; 1; 3; 5; 4; 2; 2; 2; 1; 2
1996;06; 0; 9; 12; 5; 3; 234; 6; 2; 1; 3; 1; 1; 1; 2; 2; 0; 1; 0; 1; 1; 0; 1; 2; 1; 0; 0; 0; 41; 21; 12; 9999
1996;07; 11; 10; 7; 8; 6; 7; 5; 4; 4; 3; 3; 2; 2; 2; 0; 2; 1; 1; 1; 0; 1; 1; 13; 1; 2; 0; 1; 9; 3; 2; 1
1996;08; 1; 5; 1; 2; 0; 0; 0; 0; 1; 27; 43; 14; 8; 4; 149; 0; 0; 1; 0; 1; 0; 0; 0; 0; 1; 0; 0; 0; 11; 3; 0
1996;09; 1; 28; 4; 131; 1; 0; 0; 222; 101; 366; 313; 28; 7; 2; 1; 1; 26; 11; 1; 0; 2; 0; 0; 4; 71; 6; 4; 0; 82; 2; 9999
1996;10; 1; 3; 51; 419; 3; 0; 91; 2; 2; 1; 243; 2; 2; 85; 14; 2; 0; 1; 0; 284; 19; 32; 2; 2; 0; 9; 11; 83; 2; 0; 0
1996;11; 0; 20; 156; 19; 8; 1; 1; 0; 131; 1; 1; 11; 17; 23; 1; 27; 5; 24; 0; 5; 83; 40; 25; 2; 1; 3; 0; 1; 1; 1; 9999
1996;12; 42; 15; 504; 179; 45; 25; 37; 74; 2; 2; 3; 69; 127; 27; 8; 2; 3; 42; 104; 20; 94; 127; 354; 44; 41; 14; 3; 0; 206; 48; 16
1997;01; 2; 1; 4; 6; 9; 0; 27; 1; 31; 3; 648; 16; 149; 11; 7; 21; 99; 23; 1; 14; 356; 209; 256; 63; 247; 14; 191; 446; 24; 6; 1
1997;02; 37; 4; 305; 6; 23; 2; 24; 1; 1; 449; 2; 11; 38; 313; 13; 168; 45; 15; 14; 1; 26; 2; 1; 27; 3; 1; 2; 4; 9999; 9999; 9999
1997;03; 16; 3; 2; 336; 1; 84; 182; 2; 21; 1; 1; 1; 1; 32; 1; 116; 9; 2; 1; 0; 0; 3; 2; 2; 0; 1; 0; 3; 1; 2; 4
1997;04; 82; 66; 56; 2; 2; 0; 0; 17; 2; 4; 2; 2; 1; 1; 1; 2; 8; 21; 2; 2; 77; 4; 0; 1; 3; 1; 2; 1; 0; 2; 9999
1997;05; 1; 2; 1; 3; 2; 4; 3; 1; 0; 1; 0; 1; 2; 1; 3; 1; 1; 1; 2; 2; 2; 0; 43; 5; 374; 14; 1; 1; 274; 4; 22
1997;06; 39; 11; 2; 12; 284; 142; 2; 0; 1; 0; 2; 1; 2; 0; 126; 64; 1; 0; 0; 6; 157; 2; 1; 1; 2; 2; 0; 58; 179; 106; 9999
1997;07; 95; 2; 1; 0; 2; 0; 0; 0; 1; 1; 1; 1; 1; 1; 1; 1; 1; 1; 1; 0; 2; 71; 3; 0; 1; 1; 0; 2; 2; 1; 0
1997;08; 0; 0; 0; 0; 3; 64; 0; 3; 43; 25; 0; 2; 2; 0; 1; 1; 0; 0; 0; 0; 0; 1; 1; 427; 18; 1; 2; 1; 1; 2; 2
1997;09; 1; 0; 0; 0; 0; 1; 0; 2; 0; 0; 10; 2; 1; 36; 463; 188; 0; 2; 1; 121; 515; 4; 9; 2; 0; 491; 16; 2; 1; 209; 9999
1997;10; 2; 196; 11; 3; 1; 44; 149; 9; 121; 2; 0; 1; 0; 0; 0; 0; 23; 9; 3; 2; 321; 107; 23; 21; 101; 33; 36; 0; 2; 2; 4
1997;11; 1; 37; 108; 15; 5; 0; 404; 34; 0; 1; 1; 0; 3; 49; 51; 21; 236; 427; 123; 23; 2; 134; 3; 242; 161; 8; 78; 185; 92; 1; 9999
1997;12; 1; 242; 456; 3; 186; 2; 0; 10; 2; 2; 1; 0; 1; 107; 123; 75; 1; 0; 12; 1; 0; 1; 0; 2; 119; 11; 2; 0; 434; 3; 1
