33
Ano,Mes,1,2,3,4,5,6,7,8,9,10,11,12,13,14,15,16,17,18,19,20,21,22,23,24,25,26,27,28,29,30,31
1969;08; 0; 10; 70; 41; 2; 29; 32; 7; 2; 0; 0; 2; 1; 0; 1; 4; 62; 2; 10; 22; 0; 0; 0; 0; 10; 11; 26; 14; 11; 0; 0
1969;09; 0; 1; 0; 41; 444; 11; 1; 0; 0; 0; 0; 0; 1; 10; 41; 29; 1; 0; 0; 24; 98; 0; 0; 0; 0; 3; 27; 2; 2; 222; 9999
1969;10; 22; 45; 69; 54; 36; 0; 234; 121; 63; 35; 65; 3; 16; 12; 16; 1; 125; 65; 556; 16; 352; 64; 9; 21; 3; 0; 0; 0; 0; 198; 0
1969;11; 8; 1; 0; 0; 0; 0; 145; 122; 10; 0; 12; 34; 622; 994; 32; 463; 1; 443; 37; 32; 263; 52; 12; 11; 0; 0; 1; 52; 3; 40; 9999
1969;12; 441; 32; 41; 3; 12; 49; 15; 331; 31; 7; 17; 10; 193; 70; 1; 1; 0; 1; 0; 0; 1; 0; 190; 441; 52; 61; 23; 2; 0; 0; 25
1970;01; 663; 205; 16; 5; 32; 1; 19; 16; 23; 41; 232; 1; 23; 1; 3; 431; 28; 3; 61; 97; 29; 2; 1; 0; 0; 0; 12; 51; 82; 35; 36
1970;02; 71; 10; 174; 201; 35; 31; 19; 7; 32; 863; 13; 61; 132; 51; 53; 48; 36; 121; 153; 632; 321; 76; 145; 310; 613; 252; 521; 24; 9999; 9999; 9999
1970;03; 10; 21; 122; 25; 2; 13; 26; 34; 443; 365; 12; 3; 642; 536; 4; 64; 13; 625; 103; 92; 23; 2; 45; 17; 21; 225; 54; 26; 41; 5; 143
1970;04; 83; 15; 101; 53; 65; 56; 31; 141; 53; 72; 101; 50; 6; 8; 1; 23; 45; 66; 75; 2; 1; 14; 0; 0; 3; 1; 12; 36; 267; 151; 9999
1970;05; 3; 6; 7; 21; 183; 158; 387; 13; 1; 13; 18; 483; 36; 21; 16; 5; 3; 1; 378; 11; 1; 10; 2; 4; 15; 17; 3; 1; 2; 14; 0
1970;06; 1; 0; 3; 2; 0; 1; 245; 309; 35; 1; 1; 8; 1; 27; 515; 19; 1; 22; 53; 15; 13; 6; 12; 2; 1; 3; 5; 2; 1; 578; 9999
1970;07; 2; 14; 17; 1; 3; 10; 2; 1; 23; 2; 10; 2; 25; 24; 89; 54; 1; 4; 13; 1; 3; 10; 3; 58; 45; 16; 0; 0; 0; 0; 0
1970;08; 16; 5; 2; 1; 0; 0; 1; 3; 1; 2; 4; 3; 1; 2; 0; 2; 30; 2; 1; 3; 1; 0; 3; 154; 283; 138; 297; 154; 3; 9; 334
1970;09; 0; 0; 1; 19; 1; 9; 325; 1; 8; 0; 1; 1; 63; 30; 24; 389; 60; 6; 0; 37; 132; 295; 58; 3; 5; 48; 132; 0; 32; 0; 9999
1970;10; 0; 32; 232; 256; 0; 13; 0; 0; 255; 117; 4; 13; 226; 356; 87; 0; 0; 4; 0; 87; 0; 0; 0; 0; 0; 0; 1; 2; 3; 6; 0
1970;11; 0; 0; 59; 42; 132; 75; 73; 200; 115; 42; 59; 33; 99; 17; 7; 1; 0; 0; 0; 0; 1; 0; 0; 235; 1; 0; 2; 4; 0; 0; 9999
1970;12; 96; 269; 279; 1; 1; 0; 3; 0; 1; 9; 300; 95; 1; 385; 153; 96; 145; 216; 54; 63; 221; 319; 411; 264; 181; 45; 33; 5; 8; 114; 49
1971;01; 34; 16; 31; 335; 154; 27; 77; 121; 176; 7; 22; 21; 313; 57; 3; 0; 0; 0; 0; 0; 703; 203; 0; 0; 0; 1; 1; 20; 0; 1; 10
1971;02; 148; 280; 0; 0; 0; 0; 13; 10; 301; 3; 68; 667; 5; 1; 3; 0; 0; 0; 101; 99; 31; 1; 35; 1; 21; 0; 0; 0; 9999; 9999; 9999
1971;03; 49; 85; 205; 211; 0; 63; 400; 23; 10; 143; 161; 169; 359; 14; 21; 16; 47; 0; 16; 15; 191; 21; 67; 34; 196; 45; 14; 66; 35; 0; 0
1971;04; 0; 0; 0; 3; 9; 2; 1; 2; 51; 195; 151; 31; 5; 51; 3; 5; 2; 7; 5; 8; 8; 101; 151; 182; 44; 31; 20; 1; 2; 0; 9999
1971;05; 0; 108; 115; 9; 118; 217; 39; 19; 39; 15; 1; 0; 0; 0; 10; 1; 0; 0; 0; 0; 1; 3; 335; 264; 101; 0; 0; 0; 3; 0; 1
1971;06; 1; 0; 0; 51; 3; 141; 0; 2; 8; 31; 0; 1; 0; 7; 4; 2; 6; 498; 149; 85; 4; 0; 0; 0; 7; 39; 4; 2; 3; 3; 9999
1971;07; 3; 106; 104; 11; 100; 0; 0; 0; 0; 0; 0; 0; 0; 0; 0; 0; 0; 0; 0; 2; 2; 2; 0; 0; 0; 6; 2; 1; 187; 22; 20
1971;08; 21; 2; 3; 1; 2; 2; 2; 6; 32; 131; 57; 33; 31; 27; 2; 22; 0; 22; 0; 0; 0; 0; 0; 9; 2; 177; 11; 177; 101; 79; 43
1971;09; 9; 34; 25; 49; 1; 65; 9; 3; 52; 12; 3; 2; 45; 173; 181; 1; 2; 3; 10; 2; 31; 45; 101; 152; 161; 0; 0; 0; 27; 0; 9999
1971;10; 177; 89; 46; 23; 0; 79; 313; 26; 40; 111; 40; 196; 46; 328; 36; 19; 33; 1; 3; 15; 4; 81; 112; 0; 0; 4; 0; 0; 0; 0; 9
1971;11; 0; 0; 0; 0; 0; 0; 0; 0; 0; 342; 0; 0; 3; 16; 21; 0; 0; 405; 4; 16; 23; 6; 46; 167; 0; 0; 141; 64; 71; 0; 9999
1971;12; 57; 71; 137; 381; 4; 57; 0; 41; 0; 9; 0; 0; 7; 206; 145; 28; 2; 201; 0; 0; 0; 0; 151; 149; 263; 135; 96; 345; 9; 0; 0
1972;01; 0; 231; 145; 0; 126; 337; 146; 331; 21; 291; 283; 14; 171; 13; 14; 73; 0; 84; 91; 226; 37; 283; 177; 35; 6; 0; 0; 38; 186; 182; 19
1972;02; 0; 0; 643; 33; 55; 77; 20; 43; 56; 0; 0; 53; 48; 135; 101; 320; 138; 328; 223; 601; 43; 228; 0; 0; 27; 51; 501; 46; 55; 9999; 9999
1972;03; 0; 3; 6; 0; 66; 58; 54; 0; 201; 645; 65; 21; 6; 0; 5; 0; 371; 1; 21; 2; 0; 0; 3; 0; 0; 258; 401; 7; 109; 5; 0
1972;04; 565; 46; 217; 303; 44; 0; 26; 55; 46; 0; 0; 41; 0; 0; 30; 34; 0; 8; 81; 4; 8; 0; 0; 4; 2; 1; 0; 0; 2; 2; 9999
1972;05; 1; 1; 0; 4; 1; 2; 7; 11; 0; 0; 0; 0; 0; 0; 0; 0; 2; 0; 2; 5; 36; 1; 7; 145; 32; 71; 5; 0; 2; 2; 0
1972;06; 0; 0; 2; 21; 2; 0; 0; 0; 0; 2; 2; 0; 2; 24; 52; 0; 2; 60; 44; 4; 4; 3; 3; 2; 2; 2; 0; 0; 1; 0; 9999
1972;07; 2; 2; 0; 0; 4; 205; 0; 86; 2; 2; 0; 6; 190; 14; 73; 43; 19; 7; 6; 1; 0; 0; 3; 3; 0; 71; 55; 0; 0; 2; 7
1972;08; 0; 3; 0; 523; 0; 309; 3; 1; 0; 4; 0; 0; 17; 0; 15; 3; 0; 0; 0; 0; 0; 0; 305; 83; 11; 0; 98; 4; 2; 62; 2
1972;09; 2; 0; 0; 53; 37; 217; 54; 0; 0; 0; 45; 1; 0; 94; 61; 37; 2; 3; 31; 0; 47; 150; 148; 122; 245; 0; 225; 288; 379; 8; 9999
1972;10; 3; 195; 233; 330; 94; 40; 82; 12; 0; 172; 201; 16; 0; 0; 378; 106; 0; 4; 44; 0; 0; 0; 0; 23; 26; 0; 0; 32; 89; 0; 0
1972;11; 24; 46; 35; 48; 0; 38; 0; 53; 3; 68; 44; 0; 0; 58; 0; 12; 76; 104; 129; 21; 68; 3; 2; 1; 0; 64; 1; 0; 0; 0; 9999
1972;12; 217; 255; 103; 23; 0; 24; 0; 0; 0; 0; 88; 0; 0; 0; 0; 0; 0; 0; 0; 257; 0; 87; 307; 420; 0; 0; 0; 0; 208; 11; 0
1973;01; 0; 0; 443; 190; 3; 88; 0; 28; 26; 744; 0; 23; 0; 0; 0; 708; 0; 0; 0; 0; 385; 0; 0; 8; 4; 1366; 0; 0; 0; 0; 0
1973;02; 106; 0; 0; 0; 460; 38; 4; 0; 0; 0; 0; 0; 0; 269; 245; 828; 115; 70; 103; 0; 161; 210; 0; 0; 0; 0; 0; 0; 9999; 9999; 9999
1973;03; 0; 0; 0; 0; 408; 33; 100; 197; 162; 85; 0; 42; 0; 18; 2; 0; 0; 76; 0; 0; 37; 62; 162; 311; 46; 49; 0; 0; 42; 32; 33
1973;04; 0; 120; 92; 2; 89; 2; 0; 0; 18; 222; 844; 129; 46; 2; 0; 0; 12; 24; 66; 30; 97; 0; 52; 0; 0; 0; 0; 2; 0; 3; 9999
1973;05; 3; 4; 150; 120; 73; 96; 3; 1; 29; 35; 2; 41; 4; 2; 3; 16; 3; 1; 0; 3; 8; 389; 20; 8; 0; 0; 11; 2; 0; 0; 0
1973;06; 0; 2; 2; 1; 2; 1; 2; 0; 0; 6; 3; 1; 1; 64; 111; 16; 1; 367; 0; 3; 3; 3; 2; 1; 156; 30; 175; 2; 3; 3; 9999
1973;07; 2; 208; 122; 89; 16; 1; 3; 1; 3; 3; 3; 0; 2; 2; 0; 0; 3; 50; 70; 81; 185; 82; 0; 27; 22; 2; 2; 123; 3; 2; 0
1973;08; 2; 38; 12; 14; 12; 3; 2; 1; 2; 2; 8; 4; 2; 5; 1; 1; 1; 0; 3; 0; 2; 12; 180; 65; 9; 10; 386; 541; 60; 1; 15
1973;09; 122; 201; 0; 1; 0; 2; 25; 2; 0; 23; 0; 0; 100; 0; 280; 11; 13; 13; 3; 18; 266; 203; 14; 21; 18; 2; 9; 0; 9; 19; 9999
1973;10; 45; 23; 17; 2; 0; 0; 33; 2; 65; 97; 65; 9; 24; 53; 1; 3; 2; 7; 183; 0; 0; 0; 1; 166; 9; 116; 157; 89; 84; 0; 52
1973;11; 87; 4; 40; 6; 45; 0; 0; 0; 0; 15; 0; 3; 33; 104; 0; 0; 0; 42; 292; 0; 0; 1; 0; 1; 126; 1; 3; 26; 2; 0; 9999
1973;12; 0; 0; 0; 5; 515; 7; 1; 24; 284; 37; 4; 2; 0; 0; 0; 71; 61; 0; 26; 0; 424; 0; 24; 64; 292; 350; 88; 90; 272; 235; 132
1974;01; 72; 63; 46; 0; 5; 7; 1; 12; 23; 18; 23; 18; 24; 33; 35; 31; 29; 0; 33; 2; 18; 1; 75; 198; 9; 14; 83; 42; 79; 699; 324
1974;02; 84; 124; 72; 24; 2; 1; 0; 0; 2; 0; 1; 0; 0; 0; 0; 0; 9; 134; 0; 34; 0; 334; 200; 100; 61; 24; 1; 0; 9999; 9999; 9999
1974;03; 0; 0; 0; 0; 0; 1; 0; 139; 0; 1; 375; 95; 9; 153; 534; 64; 324; 458; 35; 47; 35; 37; 83; 170; 35; 134; 43; 0; 12; 0; 0
1974;04; 0; 21; 0; 1; 236; 35; 19; 3; 35; 5; 27; 12; 35; 1; 0; 2; 5; 1; 2; 5; 0; 2; 0; 2; 20; 281; 3; 4; 49; 2; 9999
1974;05; 11; 4; 4; 3; 4; 28; 15; 16; 42; 2; 0; 4; 2; 3; 3; 0; 3; 3; 199; 8; 0; 3; 1; 3; 3; 3; 14; 3; 3; 2; 0
1974;06; 23; 5; 5; 3; 4; 3; 182; 195; 3; 153; 12; 23; 15; 1; 2; 0; 3; 2; 45; 10; 111; 183; 3; 4; 478; 63; 10; 30; 53; 4; 9999
1974;07; 4; 3; 4; 3; 4; 4; 3; 3; 0; 0; 0; 3; 0; 2; 3; 0; 3; 3; 2; 283; 27; 9; 25; 66; 20; 3; 0; 0; 3; 0; 2
1974;08; 0; 3; 3; 3; 3; 3; 3; 3; 10; 44; 3; 3; 3; 3; 2; 4; 3; 6; 2; 1; 1; 3; 2; 2; 4; 1; 8; 3; 303; 60; 24
1974;09; 40; 2; 29; 9; 7; 21; 36; 47; 3; 3; 4; 1; 0; 3; 0; 0; 0; 0; 1; 87; 2; 0; 0; 14; 2; 2; 10; 74; 64; 0; 9999
1974;10; 37; 277; 2; 44; 83; 2; 2; 2; 0; 0; 2; 2; 0; 8; 0; 0; 0; 3; 8; 19; 4; 28; 2; 0; 333; 27; 7; 112; 147; 432; 2
1974;11; 3; 0; 8; 2; 2; 58; 3; 3; 2; 1; 0; 2; 87; 0; 2; 22; 4; 0; 2; 8; 720; 7; 0; 2; 2; 2; 88; 180; 35; 35; 9999
1974;12; 345; 15; 107; 67; 55; 54; 6; 77; 2; 1; 21; 7; 37; 644; 46; 62; 100; 99; 187; 42; 22; 12; 200; 9; 54; 30; 1; 2; 111; 370; 49
1975;01; 229; 104; 62; 3; 21; 28; 6; 30; 124; 2; 2; 74; 49; 242; 19; 5; 2; 0; 69; 78; 30; 2; 1; 18; 49; 210; 3; 255; 164; 37; 42
1975;02; 46; 187; 7; 327; 611; 67; 119; 49; 879; 19; 1; 0; 2; 2; 0; 0; 57; 247; 7; 528; 16; 29; 52; 1; 0; 519; 33; 431; 9999; 9999; 9999
1975;03; 6; 2; 668; 0; 868; 66; 0; 371; 34; 1; 1; 2; 155; 6; 1; 48; 22; 1; 1; 0; 176; 4; 7; 19; 149; 51; 9; 28; 0; 58; 453
1975;04; 7; 15; 1; 141; 34; 5; 14; 2; 9; 18; 7; 5; 1; 0; 21; 31; 2; 0; 0; 6; 1; 0; 1; 0; 6; 0; 1; 1; 2; 0; 9999
1975;05; 257; 36; 1; 222; 6; 5; 124; 19; 16; 4; 2; 1; 2; 2; 1; 24; 213; 66; 5; 29; 7; 22; 3; 7; 3; 21; 1; 1; 1; 0; 1
1975;06; 2; 11; 14; 39; 83; 22; 3; 3; 3; 2; 3; 3; 19; 2; 1; 7; 49; 3; 1; 1; 1; 2; 1; 42; 0; 1; 0; 2; 1; 0; 9999
1975;07; 0; 44; 4; 2; 2; 89; 3; 2; 3; 3; 3; 2; 2; 0; 3; 0; 685; 64; 0; 5; 2; 0; 7; 2; 1; 14; 11; 4; 0; 1; 0
1975;08; 3; 2; 2; 0; 9; 148; 388; 2; 143; 11; 1; 2; 2; 1; 71; 1; 0; 0; 16; 0; 2; 3; 2; 0; 0; 27; 15; 14; 2; 2; 22
1975;09; 42; 1; 4; 0; 1; 3; 0; 2; 0; 0; 0; 6; 5; 0; 1; 2; 26; 68; 32; 41; 3; 53; 71; 29; 0; 0; 175; 3; 0; 68; 9999
1975;10; 59; 21; 254; 12; 162; 87; 56; 44; 12; 23; 244; 54; 28; 0; 2; 2; 8; 24; 72; 64; 3; 2; 0; 0; 0; 1; 2; 53; 0; 167; 15
1975;11; 201; 233; 73; 163; 2; 11; 224; 1; 0; 48; 0; 5; 0; 1; 0; 1; 0; 4; 42; 32; 304; 42; 41; 5; 18; 83; 12; 90; 29; 230; 9999
1975;12; 296; 94; 27; 0; 0; 0; 110; 183; 0; 68; 15; 3; 459; 139; 35; 28; 2; 0; 426; 14; 425; 5; 30; 15; 34; 2; 3; 126; 2; 247; 1
1976;01; 13; 80; 91; 42; 19; 2; 232; 284; 23; 0; 193; 46; 38; 1; 3; 253; 207; 1; 24; 0; 262; 96; 76; 2; 0; 0; 26; 21; 40; 92; 76
1976;02; 10; 148; 19; 3; 312; 233; 470; 56; 7; 2; 6; 18; 2; 1; 18; 86; 1007; 264; 211; 579; 4; 10; 71; 48; 69; 249; 151; 372; 25; 9999; 9999
1976;03; 57; 1; 31; 127; 0; 4; 60; 2; 43; 432; 430; 0; 206; 13; 13; 84; 15; 433; 1; 116; 107; 50; 94; 140; 12; 38; 63; 25; 2; 0; 0
1976;04; 1; 2; 129; 2; 0; 8; 0; 2; 1; 58; 49; 98; 61; 78; 45; 4; 6; 16; 1; 0; 1; 3; 51; 30; 11; 3; 1; 2; 1; 2; 9999
1976;05; 28; 24; 21; 4; 2; 1; 2; 2; 106; 160; 45; 3; 2; 67; 40; 1; 3; 0; 321; 9; 123; 11; 2; 5; 3; 5; 4; 336; 346; 0; 1
1976;06; 2; 3; 2; 60; 20; 171; 1; 2; 26; 3; 114; 24; 64; 20; 2; 2; 2; 11; 3; 2; 2; 1; 2; 1; 2; 1; 1; 9; 13; 1; 9999
1976;07; 38; 225; 536; 29; 1; 18; 31; 293; 166; 181; 0; 2; 2; 1; 14; 2; 0; 6; 1; 0; 0; 1; 1; 1; 1; 1; 3; 21; 1; 1; 1
1976;08; 3; 0; 1; 2; 22; 63; 3; 0; 10; 111; 76; 266; 73; 15; 16; 4; 1; 1; 68; 11; 30; 1; 0; 0; 0; 0; 0; 1; 0; 0; 0
1976;09; 1; 1; 1; 1; 133; 10; 175; 54; 5; 2; 3; 170; 210; 30; 0; 91; 49; 1; 0; 1; 0; 0; 56; 1; 12; 14; 77; 265; 24; 1; 9999
1976;10; 11; 3; 2; 16; 127; 0; 1; 7; 202; 2; 1; 0; 0; 0; 0; 9; 129; 14; 113; 12; 34; 60; 9; 1; 57; 86; 164; 5; 12; 2; 0
1976;11; 7; 1; 0; 22; 167; 123; 1; 1; 0; 1; 1; 30; 176; 60; 24; 3; 4; 31; 0; 60; 328; 3; 0; 0; 0; 0; 12; 85; 2; 2; 9999
1976;12; 0; 54; 0; 0; 0; 4; 0; 27; 327; 46; 11; 2; 0; 1; 2; 0; 17; 10; 20; 2; 24; 2; 54; 89; 104; 30; 6; 0; 25; 0; 0
1977;01; 0; 0; 165; 0; 344; 32; 4; 26; 58; 21; 91; 0; 0; 52; 177; 151; 89; 218; 509; 259; 62; 0; 0; 0; 2; 23; 1383; 533; 32; 54; 0
1977;02; 156; 512; 1; 109; 1336; 35; 1; 206; 0; 33; 0; 0; 76; 0; 0; 1; 0; 0; 1; 0; 0; 0; 0; 0; 1; 1; 0; 16; 9999; 9999; 9999
1977;03; 0; 1009; 9; 22; 3; 1; 0; 0; 0; 0; 0; 8; 0; 0; 1; 80; 161; 1; 0; 0; 120; 204; 7; 28; 0; 0; 0; 1; 64; 173; 146
1977;04; 299; 32; 58; 119; 2; 1; 1; 4; 184; 22; 10; 0; 0; 0; 14; 0; 0; 0; 46; 149; 64; 0; 1; 5; 92; 83; 95; 12; 2; 0; 9999
1977;05; 0; 38; 17; 222; 13; 0; 0; 0; 2; 0; 0; 0; 29; 2; 2; 1; 52; 1; 2; 3; 1; 0; 1; 0; 3; 13; 2; 0; 1; 0; 0
1977;06; 26; 9; 2; 3; 0; 46; 0; 4; 1; 3; 0; 1; 2; 6; 134; 127; 32; 10; 3; 3; 2; 29; 63; 54; 10; 3; 0; 0; 0; 0; 9999
1977;07; 0; 0; 0; 2; 1; 1; 1; 1; 1; 1; 3; 2; 1; 0; 0; 2; 48; 7; 2; 1; 1; 12; 44; 1; 144; 1; 3; 2; 1; 2; 0
1977;08; 0; 0; 5; 57; 3; 2; 0; 0; 2; 31; 0; 0; 0; 127; 59; 111; 5; 69; 2; 131; 10; 97; 1; 0; 6; 0; 2; 5; 0; 22; 53
1977;09; 6; 62; 2; 22; 0; 12; 26; 209; 0; 3; 0; 0; 22; 3; 6; 5; 12; 56; 227; 10; 72; 69; 11; 363; 9; 2; 0; 0; 0; 3; 9999
1977;10; 124; 374; 4; 1; 1; 105; 107; 1; 1; 1; 1; 7; 123; 88; 8; 278; 32; 31; 7; 3; 9; 0; 0; 0; 0; 0; 99; 61; 5; 19; 0
1977;11; 0; 215; 0; 24; 58; 7; 122; 20; 0; 0; 237; 19; 6; 9; 71; 14; 4; 0; 0; 0; 0; 0; 150; 13; 262; 90; 105; 16; 79; 37; 9999
1977;12; 7; 188; 85; 41; 0; 33; 28; 178; 50; 19; 0; 4; 2; 0; 0; 0; 4; 0; 0; 0; 2; 421; 358; 55; 5; 0; 30; 0; 0; 0; 0
1978;01; 76; 352; 50; 0; 0; 0; 171; 84; 0; 5; 1; 5; 3; 0; 79; 855; 22; 20; 0; 0; 0; 310; 12; 80; 0; 1; 142; 0; 0; 131; 1
1978;02; 494; 253; 0; 0; 10; 77; 50; 4; 90; 8; 5; 206; 0; 0; 0; 160; 27; 4; 27; 0; 66; 186; 4; 10; 7; 4; 4; 1; 9999; 9999; 9999
1978;03; 327; 376; 175; 253; 290; 117; 0; 1; 3; 50; 533; 33; 7; 0; 2; 1; 1; 0; 0; 2; 0; 1; 1; 258; 0; 0; 133; 52; 19; 115; 1
1978;04; 1; 2; 1; 12; 2; 1; 4; 0; 2; 2; 10; 30; 0; 0; 0; 0; 0; 0; 0; 52; 3; 2; 56; 5; 10; 2; 2; 2; 2; 0; 9999
1978;05; 0; 8; 2; 2; 1; 0; 2; 0; 2; 4; 1; 1; 0; 2; 42; 382; 30; 26; 0; 4; 212; 8; 1; 2; 0; 2; 0; 0; 1; 0; 0
1978;06; 1; 0; 2; 0; 0; 0; 0; 479; 161; 4; 1; 7; 1; 4; 2; 2; 0; 1; 0; 0; 12; 96; 10; 0; 1; 2; 0; 0; 0; 1; 9999
1978;07; 6; 16; 6; 43; 1; 1; 1; 0; 0; 6; 0; 0; 0; 1; 2; 137; 2; 77; 2; 93; 40; 3; 475; 29; 20; 2; 1; 0; 0; 0; 21
1978;08; 1; 0; 0; 0; 1; 0; 4; 4; 1; 1; 3; 7; 334; 176; 14; 2; 3; 1; 2; 26; 118; 8; 41; 38; 2; 18; 1; 2; 1; 0; 187
1978;09; 4; 8; 65; 122; 334; 15; 22; 29; 42; 0; 1; 2; 0; 13; 152; 1; 32; 16; 0; 3; 0; 0; 0; 0; 0; 0; 0; 0; 0; 0; 9999
1978;10; 0; 0; 0; 0; 0; 0; 0; 0; 0; 0; 0; 0; 0; 6; 0; 0; 0; 60; 223; 30; 30; 0; 0; 0; 0; 0; 0; 203; 22; 28; 0
1978;11; 84; 16; 50; 131; 622; 116; 0; 0; 0; 0; 423; 22; 0; 0; 0; 0; 0; 0; 0; 239; 127; 13; 22; 6; 2; 0; 0; 247; 2; 6; 9999
1978;12; 2; 1; 0; 0; 38; 37; 119; 34; 2; 0; 37; 31; 15; 0; 0; 15; 142; 48; 18; 0; 0; 0; 12; 42; 2; 110; 762; 2; 0; 264; 112
1979;01; 135; 697; 18; 27; 49; 0; 16; 5; 97; 4; 2; 0; 148; 72; 31; 1; 114; 48; 2; 8; 114; 129; 24; 0; 1; 122; 158; 4; 63; 152; 0
1979;02; 0; 12; 432; 141; 323; 45; 2; 0; 0; 0; 1; 0; 0; 336; 2; 1; 0; 0; 1; 0; 67; 111; 23; 493; 0; 2; 227; 2; 9999; 9999; 9999
1979;03; 0; 322; 3; 0; 2; 0; 1; 1; 9999; 2; 96; 78; 84; 236; 6; 2; 111; 74; 92; 108; 3; 2; 0; 0; 353; 7; 31; 4; 2; 108; 6
1979;04; 21; 28; 34; 52; 169; 2; 186; 0; 4; 44; 2; 1; 2; 25; 34; 23; 2; 139; 78; 1; 0; 0; 52; 74; 12; 22; 41; 16; 31; 2; 9999
1979;05; 2; 1; 1; 112; 21; 78; 62; 93; 39; 56; 121; 82; 169; 132; 113; 1; 1; 0; 0; 0; 0; 0; 106; 224; 2; 1; 0; 6; 27; 216; 6
1979;06; 4; 2; 1; 0; 8; 2; 2; 6; 28; 6; 4; 2; 2; 1; 0; 16; 10; 2; 1; 2; 2; 1; 1; 0; 14; 18; 22; 111; 98; 24; 9999
1979;07; 9; 2; 11; 6; 22; 9; 2; 2; 128; 112; 126; 9; 2; 2; 0; 0; 2; 9; 2; 32; 0; 0; 0; 0; 0; 9999; 2; 0; 1; 0; 2
1979;08; 0; 0; 1; 1; 0; 2; 0; 0; 0; 0; 0; 22; 9999; 2; 46; 3; 62; 444; 22; 16; 44; 28; 1; 0; 0; 16; 58; 2; 0; 0; 0
1979;09; 1; 28; 117; 204; 112; 42; 2; 0; 8; 19; 156; 106; 2; 208; 112; 67; 24; 146; 2; 1; 2; 0; 356; 0; 0; 2; 2; 2; 2; 64; 9999
1979;10; 11; 92; 80; 8; 8; 275; 319; 122; 122; 28; 0; 0; 8; 24; 31; 4; 2; 2; 1; 34; 2; 0; 2; 2; 4; 2; 4; 2; 156; 114; 354
1979;11; 21; 132; 36; 2; 4; 0; 0; 168; 123; 119; 234; 172; 2; 2; 6; 262; 0; 6; 2; 4; 6; 268; 2; 1; 224; 32; 0; 0; 1; 2; 9999
1979;12; 0; 32; 24; 2; 1; 5; 2; 0; 0; 22; 41; 75; 11; 0; 0; 338; 36; 27; 12; 22; 149; 3; 32; 51; 64; 42; 0; 0; 0; 0; 31
1980;01; 273; 0; 1; 0; 0; 0; 0; 1; 65; 461; 2; 17; 7; 2; 17; 22; 454; 73; 2; 1; 0; 67; 143; 158; 442; 686; 24; 0; 95; 0; 0
1980;02; 17; 96; 22; 21; 0; 0; 0; 221; 161; 12; 34; 263; 1; 346; 137; 325; 116; 9999; 197; 89; 1; 1; 0; 187; 75; 19; 135; 118; 53; 9999; 9999
1980;03; 80; 149; 201; 1; 1; 26; 54; 24; 141; 50; 0; 0; 88; 93; 622; 19; 2; 0; 0; 0; 0; 0; 0; 0; 0; 0; 0; 0; 0; 0; 0
1980;04; 0; 0; 0; 1; 2; 465; 0; 1; 0; 65; 1; 132; 51; 32; 154; 8; 77; 2; 2; 0; 1; 0; 0; 1; 1; 16; 0; 0; 0; 0; 9999
1980;05; 0; 16; 204; 2; 2; 1; 2; 1; 2; 2; 44; 2; 3; 7; 0; 0; 0; 0; 1; 0; 0; 9; 5; 0; 2; 7; 2; 0; 0; 0; 0
1980;06; 0; 4; 20; 2; 0; 0; 0; 0; 2; 0; 1; 1; 2; 0; 0; 2; 2; 1; 0; 22; 112; 44; 129; 11; 152; 400; 24; 4; 2; 0; 9999
1980;07; 174; 56; 131; 112; 120; 103; 59; 24; 2; 156; 705; 0; 7; 0; 45; 4; 2; 1; 0; 2; 4; 2; 10; 1; 0; 0; 55; 4; 2; 9; 188
1980;08; 1; 0; 0; 15; 0; 15; 2; 0; 2; 66; 157; 0; 8; 38; 1; 4; 13; 0; 1; 21; 99; 3; 24; 101; 1; 147; 4; 3; 15; 2; 0
1980;09; 1; 14; 7; 0; 0; 2; 2; 0; 146; 101; 28; 31; 38; 27; 2; 138; 170; 130; 12; 84; 128; 102; 88; 23; 3; 5; 1; 9999; 9999; 9999; 9999
1980;10; 0; 0; 0; 0; 0; 0; 0; 0; 0; 0; 0; 0; 0; 0; 0; 9999; 9999; 9999; 9999; 9999; 9999; 9999; 9999; 9999; 9999; 9999; 9999; 9999; 9999; 9999; 9999
1980;11; 9999; 9999; 9999; 9999; 9999; 1019; 19; 9; 29; 1; 103; 19; 25; 31; 30; 1; 3; 0; 11; 1; 2; 0; 0; 304; 13; 9; 1; 6; 0; 102; 9999
1980;12; 19; 21; 14; 37; 1; 211; 59; 103; 19; 0; 512; 195; 455; 29; 8; 3; 0; 2; 0; 3; 27; 202; 612; 8; 68; 113; 37; 237; 34; 34; 0
1981;01; 10; 3; 11; 3; 666; 166; 14; 216; 32; 651; 41; 704; 66; 495; 232; 149; 51; 35; 379; 222; 227; 72; 85; 2; 11; 66; 0; 97; 0; 95; 1
1981;02; 0; 2; 0; 1; 222; 313; 66; 1; 0; 0; 0; 0; 2; 1; 0; 0; 1; 0; 49; 521; 66; 49; 21; 31; 12; 112; 1; 2; 9999; 9999; 9999
1981;03; 2; 3; 1; 2; 39; 2; 95; 2; 66; 48; 1; 66; 3; 2; 3; 0; 302; 248; 929; 31; 166; 2; 1; 66; 35; 27; 180; 231; 148; 16; 2
1981;04; 1; 27; 2; 1; 2; 4; 1; 2; 7; 22; 2; 0; 2; 3; 2; 7; 0; 12; 21; 2; 1; 0; 1; 1; 3; 0; 258; 1; 2; 0; 9999
1981;05; 2; 1; 32; 156; 2; 3; 0; 0; 0; 2; 1; 2; 2; 0; 1; 0; 102; 72; 181; 2; 182; 44; 2; 1; 0; 2; 1; 2; 10; 109; 2
1981;06; 1; 2; 1; 58; 49; 321; 2; 1; 16; 0; 4; 2; 14; 49; 8; 2; 4; 14; 4; 3; 1; 0; 1; 0; 2; 4; 2; 1; 2; 4; 9999
1981;07; 1; 2; 226; 44; 126; 66; 64; 22; 1; 2; 1; 2; 3; 4; 2; 4; 23; 28; 232; 204; 10; 22; 3; 102; 278; 2; 3; 7; 0; 2; 0
1981;08; 4; 6; 3; 8; 4; 3; 3; 1; 31; 66; 104; 1; 2; 63; 1; 1; 0; 114; 8; 3; 20; 42; 2; 0; 2; 2; 2; 2; 0; 6; 4
1981;09; 23; 39; 2; 100; 3; 1; 1; 0; 3; 2; 1; 0; 3; 0; 2; 1; 2; 3; 2; 10; 19; 6; 9; 41; 35; 194; 9; 4; 4; 170; 9999
1981;10; 21; 23; 9999; 9999; 9999; 15; 12; 14; 53; 24; 77; 6; 18; 2; 5; 420; 1; 0; 13; 233; 8; 2; 1; 0; 0; 2; 158; 48; 43; 116; 97
1981;11; 5; 1; 1; 55; 1; 2; 2; 9; 369; 228; 3; 40; 79; 18; 1; 42; 2; 159; 15; 19; 21; 3; 1; 5; 13; 11; 9; 0; 0; 363; 9999
1981;12; 52; 246; 2; 22; 27; 98; 9999; 5; 269; 37; 2; 2; 422; 1; 62; 2; 2; 1; 2; 2; 14; 12; 1; 157; 52; 33; 36; 144; 21; 19; 2
1982;01; 2; 38; 12; 125; 4; 2; 2; 23; 33; 149; 4; 32; 21; 0; 0; 2; 0; 1; 2; 44; 3; 2; 70; 83; 2; 1; 1; 8; 148; 49; 2
1982;02; 2; 0; 66; 45; 285; 215; 112; 36; 33; 43; 2; 5; 2; 2; 0; 0; 0; 0; 482; 2; 0; 347; 122; 517; 516; 48; 32; 26; 9999; 9999; 9999
1982;03; 16; 32; 39; 143; 36; 17; 22; 26; 46; 197; 42; 18; 24; 19; 32; 70; 308; 21; 95; 220; 52; 6; 9; 28; 11; 121; 72; 3; 4; 62; 234
1982;04; 41; 36; 6; 33; 9; 24; 8; 31; 7; 2; 4; 1; 2; 144; 314; 41; 225; 117; 39; 4; 2; 1; 0; 2; 1; 0; 33; 29; 163; 11; 9999
1982;05; 4; 18; 14; 29; 11; 2; 4; 1; 0; 1; 2; 2; 1; 0; 1; 9; 1; 0; 9; 6; 1; 0; 2; 18; 712; 127; 26; 11; 21; 9; 7
1982;06; 1; 2; 0; 9; 13; 1; 3; 12; 1; 2; 33; 106; 39; 2; 3; 193; 66; 159; 6; 32; 2; 4; 51; 34; 496; 227; 15; 2; 105; 3; 9999
1982;07; 32; 70; 11; 2; 1; 0; 2; 22; 484; 59; 12; 3; 95; 2; 0; 1; 155; 6; 2; 2; 9; 0; 2; 1; 2; 1; 0; 1; 1; 147; 2
1982;08; 0; 2; 217; 19; 22; 39; 2; 1; 22; 227; 76; 8; 38; 2; 4; 0; 0; 32; 204; 0; 4; 2; 7; 122; 3; 3; 337; 2; 0; 1; 10
1982;09; 2; 121; 45; 2; 19; 3; 26; 3; 7; 1; 2; 1; 0; 1; 2; 0; 2; 1; 0; 1; 5; 13; 1; 0; 0; 0; 1; 4; 22; 12; 9999
1982;10; 4; 427; 311; 9; 2; 39; 22; 291; 132; 204; 6; 2; 96; 2; 0; 1; 0; 225; 8; 2; 3; 212; 1; 2; 72; 9; 54; 145; 42; 32; 6
1982;11; 0; 22; 6; 3; 81; 66; 9; 53; 30; 11; 221; 92; 60; 514; 57; 25; 48; 13; 1; 2; 212; 325; 192; 56; 17; 12; 217; 39; 122; 2; 9999
1982;12; 262; 244; 168; 4; 6; 3; 8; 40; 2; 4; 315; 335; 27; 83; 633; 482; 19; 123; 70; 116; 209; 87; 105; 9; 3; 0; 0; 30; 3; 1; 2
1983;01; 2; 1; 0; 92; 15; 105; 572; 55; 42; 0; 2; 0; 997; 1082; 636; 325; 411; 507; 65; 9; 141; 4; 2; 0; 8; 75; 6; 72; 161; 379; 117
1983;02; 60; 33; 106; 15; 9; 15; 1701; 15; 21; 253; 6; 12; 24; 765; 34; 4; 0; 184; 6; 0; 0; 18; 86; 494; 9999; 45; 30; 563; 9999; 9999; 9999
1983;03; 0; 440; 14; 18; 44; 1033; 112; 103; 1; 1; 0; 43; 189; 77; 90; 5; 18; 1; 60; 184; 0; 40; 207; 78; 12; 14; 10; 140; 36; 143; 60
1983;04; 0; 0; 8; 0; 4; 279; 224; 8; 0; 14; 15; 25; 5; 2; 3; 65; 9; 68; 75; 6; 77; 509; 15; 88; 108; 103; 14; 2; 1; 2; 9999
1983;05; 4; 65; 115; 120; 1; 2; 0; 39; 1; 60; 1; 4; 158; 269; 106; 8; 6; 155; 3; 416; 11; 212; 6; 291; 7; 11; 7; 203; 588; 224; 179
1983;06; 25; 1; 111; 89; 32; 481; 199; 1; 475; 189; 235; 373; 30; 3; 0; 3; 2; 4; 3; 2; 3; 3; 1; 3; 372; 179; 9; 12; 71; 7; 9999
1983;07; 2; 1; 6; 3; 3; 1; 358; 12; 5; 4; 8; 7; 12; 7; 0; 2; 68; 119; 1; 0; 2; 3; 1; 2; 3; 15; 127; 8; 0; 3; 5
1983;08; 1; 16; 2; 14; 1; 3; 1; 2; 1; 15; 22; 0; 1; 0; 1; 2; 19; 33; 13; 1; 0; 21; 2; 1; 2; 3; 2; 1; 4; 2; 1
1983;09; 2; 4; 0; 283; 87; 155; 9; 312; 2; 0; 1; 76; 148; 7; 1; 277; 1; 405; 491; 9; 1; 8; 373; 276; 26; 6; 5; 1; 2; 1; 9999
1983;10; 5; 6; 13; 17; 1; 5; 2; 1; 0; 5; 14; 176; 42; 217; 54; 1; 0; 228; 52; 3; 1; 319; 1; 6; 11; 7; 3; 1; 0; 1; 2
1983;11; 91; 1; 47; 21; 104; 212; 1; 0; 1; 0; 79; 47; 6; 1; 90; 1; 2; 0; 1; 112; 40; 55; 32; 2; 1; 0; 0; 0; 0; 0; 9999
1983;12; 1; 0; 276; 119; 4; 9; 160; 14; 16; 1; 33; 2; 5; 14; 65; 248; 11; 8; 42; 8; 46; 216; 125; 106; 2; 4; 7; 1; 61; 584; 277
1984;01; 3; 2; 1; 0; 0; 37; 150; 3; 2; 1; 31; 0; 1; 0; 2; 1; 0; 7; 1; 0; 45; 139; 202; 15; 0; 239; 5; 42; 4; 53; 3
1984;02; 4; 245; 2; 0; 1; 143; 314; 331; 513; 2; 3; 2; 0; 1; 0; 2; 0; 3; 2; 1; 0; 3; 1; 0; 2; 1; 4; 2; 0; 9999; 9999
1984;03; 0; 1; 4; 66; 102; 206; 4; 165; 7; 2; 0; 3; 50; 183; 4; 3; 1; 3; 2; 0; 29; 8; 74; 4; 3; 2; 63; 13; 129; 602; 74
1984;04; 5; 4; 7; 261; 4; 2; 3; 5; 19; 103; 108; 29; 21; 7; 6; 4; 2; 26; 682; 4; 0; 55; 2; 202; 408; 5; 25; 8; 14; 312; 9999
1984;05; 31; 9; 67; 4; 3; 7; 1; 0; 3; 7; 199; 524; 86; 47; 45; 1; 0; 152; 0; 1; 5; 3; 6; 0; 3; 0; 5; 6; 1; 4; 9
1984;06; 3; 6; 0; 4; 1; 0; 4; 2; 1; 6; 1; 3; 73; 41; 217; 3; 8; 5; 7; 3; 0; 1; 5; 2; 7; 3; 22; 6; 1; 5; 9999
1984;07; 3; 9999; 9999; 9999; 188; 2; 9; 241; 4; 1; 3; 3; 5; 15; 5; 0; 0; 1; 3; 3; 2; 24; 2; 2; 2; 3; 11; 23; 2; 7; 2
1984;08; 3; 2; 485; 15; 3; 1; 3; 21; 2; 0; 2; 3; 2; 3; 30; 200; 18; 43; 70; 13; 14; 38; 135; 4; 58; 157; 4; 3; 4; 95; 65
1984;09; 8; 2; 1; 0; 3; 4; 8; 130; 25; 2; 2; 3; 3; 1; 1; 1; 0; 34; 349; 67; 210; 4; 2; 0; 32; 410; 246; 13; 3; 1; 9999
1984;10; 2; 0; 0; 3; 0; 2; 86; 67; 191; 3; 1; 1; 0; 4; 2; 86; 2; 181; 91; 4; 1; 2; 2; 5; 22; 2; 1; 0; 2; 1; 8
1984;11; 17; 23; 197; 199; 135; 58; 73; 30; 2; 102; 6; 263; 152; 20; 5; 1; 1; 1; 28; 14; 55; 53; 2; 1; 0; 250; 41; 23; 4; 1; 9999
1984;12; 1; 141; 202; 12; 1; 2; 605; 442; 5; 3; 21; 9; 403; 210; 102; 1; 138; 280; 13; 2; 1; 25; 323; 5; 2; 2; 5; 43; 123; 13; 25
1985;01; 13; 4; 2; 1; 2; 9; 242; 479; 62; 3; 1; 1; 5; 63; 57; 8; 1; 49; 282; 104; 28; 7; 2; 6; 1; 4; 8; 42; 5; 8; 3
1985;02; 1; 8; 16; 105; 47; 6; 2; 9; 108; 63; 98; 3; 0; 212; 448; 23; 2; 1; 1; 0; 8; 215; 103; 98; 41; 2; 0; 0; 9999; 9999; 9999
1985;03; 242; 109; 63; 0; 1; 1; 1; 2; 2; 6; 2; 2; 1; 0; 2; 5; 93; 152; 31; 2; 5; 0; 0; 2; 2; 472; 105; 12; 4; 1; 1
1985;04; 1; 1; 0; 1; 2; 5; 27; 105; 228; 15; 2; 2; 1; 0; 2; 152; 2; 2; 1; 72; 5; 2; 3; 2; 5; 2; 4; 2; 2; 2; 9999
1985;05; 159; 2; 3; 4; 2; 5; 2; 2; 1; 13; 2; 46; 2; 2; 2; 7; 129; 75; 0; 8; 5; 2; 2; 2; 2; 3; 2; 1; 2; 9; 2
1985;06; 2; 2; 1; 0; 9; 3; 105; 16; 6; 2; 2; 3; 2; 2; 2; 0; 3; 1; 9; 12; 2; 2; 5; 3; 2; 2; 3; 2; 2; 3; 9999
1985;07; 2; 4; 11; 2; 2; 2; 1; 0; 7; 2; 2; 11; 2; 2; 2; 2; 2; 2; 2; 2; 2; 2; 1; 1; 0; 2; 2; 2; 12; 2; 2
1985;08; 2; 3; 2; 2; 3; 2; 2; 2; 2; 2; 3; 62; 2; 2; 5; 2; 2; 2; 3; 2; 2; 9; 4; 2; 1; 2; 1; 1; 1; 2; 2
1985;09; 403; 221; 38; 11; 2; 1; 1; 0; 1; 2; 2; 2; 2; 1; 0; 1; 2; 38; 76; 2; 1; 1; 2; 7; 3; 2; 2; 1; 12; 2; 9999
1985;10; 8; 2; 2; 1; 2; 1; 5; 2; 2; 2; 2; 1; 2; 1; 2; 1; 0; 1; 33; 2; 178; 43; 2; 2; 1; 1; 1; 0; 1; 2; 2
1985;11; 49; 123; 411; 200; 287; 1; 1; 0; 0; 1; 1; 2; 1; 1; 5; 1; 1; 1; 9; 7; 11; 9; 92; 128; 53; 18; 57; 46; 5; 2; 9999
1985;12; 0; 0; 9; 105; 97; 165; 1; 2; 0; 1; 1; 3; 2; 3; 1; 1; 0; 1; 2; 1; 1; 1; 2; 1; 6; 2; 2; 1; 2; 1; 5
1986;01; 237; 193; 40; 227; 2; 1; 1; 0; 1; 316; 108; 323; 3; 1; 2; 0; 209; 5; 1; 2; 382; 595; 499; 175; 0; 2; 1; 0; 1; 1; 0
1986;02; 407; 2; 4; 1; 2; 2; 126; 9; 87; 73; 1; 290; 171; 882; 371; 26; 25; 8; 328; 545; 71; 1; 26; 36; 2; 6; 103; 17; 9999; 9999; 9999
1986;03; 266; 102; 4; 3; 222; 3; 14; 108; 5; 21; 9; 1; 1; 283; 204; 2; 1; 2; 2; 5; 408; 23; 0; 2; 3; 2; 1; 2; 102; 86; 1
1986;04; 0; 1; 0; 2; 1; 0; 0; 1; 0; 1; 0; 0; 1; 0; 89; 227; 48; 10; 2; 1; 29; 3; 1; 8; 2; 1; 3; 9; 36; 9; 9999
1986;05; 1; 2; 2; 3; 1; 2; 3; 57; 53; 22; 7; 0; 104; 4; 37; 2; 1; 203; 78; 1; 43; 2; 2; 4; 2; 13; 72; 6; 1; 2; 17
1986;06; 2; 1; 5; 7; 5; 2; 13; 3; 4; 2; 2; 3; 5; 1; 5; 2; 3; 1; 2; 1; 0; 2; 1; 1; 2; 2; 1; 3; 3; 4; 9999
1986;07; 1; 122; 122; 34; 6; 80; 3; 2; 4; 60; 174; 2; 4; 3; 2; 4; 4; 5; 6; 1; 8; 12; 50; 37; 4; 3; 4; 5; 2; 1; 99
1986;08; 9; 1; 2; 1; 3; 4; 0; 0; 2; 1; 2; 59; 75; 67; 64; 4; 5; 4; 5; 6; 9; 6; 3; 4; 5; 0; 5; 0; 2; 75; 130
1986;09; 75; 2; 1; 267; 2; 4; 5; 6; 75; 1; 64; 5; 2; 3; 4; 2; 3; 4; 8; 2; 2; 63; 31; 0; 61; 163; 134; 75; 77; 2; 9999
1986;10; 1; 4; 2; 3; 1; 0; 0; 2; 153; 101; 122; 4; 0; 0; 1; 75; 101; 267; 9; 64; 5; 5; 59; 9; 5; 99; 1; 60; 5; 15; 0
1986;11; 0; 1; 5; 13; 2; 310; 6; 1; 2; 3; 583; 45; 3; 90; 1; 3; 1; 2; 1; 2; 1; 0; 0; 5; 4; 2; 102; 2; 120; 230; 9999
1986;12; 75; 213; 49; 976; 81; 127; 101; 75; 101; 145; 448; 20; 1; 2; 3; 1; 100; 186; 145; 263; 1; 3; 275; 2; 4; 66; 1; 2; 93; 92; 63
1987;01; 1; 0; 89; 289; 5; 1; 6; 100; 3; 101; 99; 13; 23; 121; 1; 305; 78; 89; 150; 2; 1; 2; 178; 202; 189; 89; 99; 101; 189; 278; 150
1987;02; 89; 1; 100; 0; 101; 189; 24; 3; 102; 78; 245; 189; 83; 233; 104; 105; 89; 83; 324; 357; 23; 2; 1; 0; 1; 0; 1; 2; 9999; 9999; 9999
1987;03; 1; 3; 2; 0; 1; 1; 13; 21; 0; 90; 245; 2; 1; 1; 2; 3; 0; 13; 100; 24; 3; 1; 0; 0; 1; 2; 184; 275; 4; 1; 2
1987;04; 2; 103; 241; 189; 3; 12; 1; 325; 3; 5; 13; 12; 89; 205; 1; 0; 2; 4; 3; 13; 5; 3; 2; 14; 38; 1; 102; 145; 1; 3; 9999
1987;05; 0; 1; 3; 13; 205; 310; 120; 19; 105; 1; 0; 15; 0; 13; 404; 580; 213; 101; 1; 0; 3; 1; 2; 3; 13; 1; 0; 2; 1; 2; 3
1987;06; 1; 0; 2; 0; 2; 1; 13; 41; 19; 3; 4; 124; 203; 534; 3; 16; 0; 0; 1; 3; 2; 4; 130; 6; 0; 0; 0; 1; 2; 1; 9999
1987;07; 3; 2; 0; 0; 2; 1; 0; 101; 17; 3; 41; 1; 0; 0; 19; 3; 2; 5; 6; 178; 1; 4; 3; 0; 5; 1; 16; 1; 3; 0; 3
1987;08; 1; 2; 1; 0; 3; 5; 0; 15; 2; 6; 7; 2; 2; 1; 1; 3; 163; 3; 3; 1; 2; 0; 21; 2; 1; 2; 0; 1; 2; 3; 242
1987;09; 1; 103; 204; 41; 89; 24; 78; 0; 1; 4; 243; 150; 5; 6; 341; 163; 1; 134; 105; 13; 18; 6; 4; 1; 3; 0; 5; 2; 1; 2; 9999
1987;10; 9; 3; 2; 0; 5; 1; 3; 0; 1; 2; 0; 13; 21; 3; 1; 0; 1; 0; 9; 5; 1; 0; 1; 3; 2; 12; 4; 1; 3; 1; 4
1987;11; 1; 3; 2; 0; 4; 16; 6; 1; 12; 14; 225; 11; 1; 2; 0; 0; 1; 3; 2; 0; 0; 1; 12; 1; 12; 2; 0; 1; 0; 0; 9999
1987;12; 0; 1; 1; 3; 4; 5; 0; 1; 4; 3; 2; 6; 5; 121; 150; 6; 8; 100; 0; 4; 1; 5; 1; 3; 0; 2; 4; 1; 2; 5; 3
1988;01; 2; 1; 3; 0; 5; 73; 4; 0; 4; 1; 7; 1; 6; 0; 187; 87; 12; 152; 114; 102; 0; 89; 330; 402; 105; 350; 9; 78; 14; 7; 202
1988;02; 99; 141; 25; 20; 203; 21; 103; 122; 203; 17; 93; 12; 7; 17; 3; 2; 102; 28; 7; 6; 5; 8; 1; 3; 0; 9; 102; 212; 123; 9999; 9999
1988;03; 13; 409; 711; 12; 7; 4; 1; 93; 201; 12; 2; 1; 3; 1; 0; 2; 57; 62; 1; 3; 2; 0; 2; 1; 2; 4; 3; 5; 3; 1; 13
1988;04; 12; 90; 7; 87; 5; 2; 12; 3; 9; 4; 14; 6; 7; 1; 3; 2; 13; 90; 6; 1; 3; 14; 8; 1; 5; 1; 7; 12; 4; 1; 9999
1988;05; 1; 3; 17; 100; 102; 13; 37; 7; 5; 2; 1; 2; 12; 5; 7; 2; 12; 29; 6; 5; 102; 53; 308; 593; 11; 3; 1; 167; 267; 395; 88
1988;06; 31; 1; 2; 195; 1; 2; 0; 1; 3; 6; 32; 3; 2; 6; 12; 4; 2; 1; 0; 3; 4; 2; 7; 12; 108; 6; 102; 3; 5; 4; 9999
1988;07; 1; 3; 0; 4; 2; 6; 12; 3; 5; 14; 1; 4; 6; 1; 3; 5; 2; 6; 12; 7; 1; 4; 87; 5; 3; 4; 7; 1; 8; 4; 1
1988;08; 2; 4; 3; 1; 5; 6; 2; 0; 3; 4; 7; 12; 101; 2; 1; 3; 4; 25; 3; 1; 3; 4; 2; 4; 5; 3; 6; 2; 1; 3; 4
1988;09; 12; 7; 57; 6; 4; 3; 1; 5; 2; 1; 0; 2; 0; 103; 37; 7; 255; 103; 312; 90; 201; 14; 6; 2; 12; 6; 1; 13; 15; 201; 9999
1988;10; 17; 1; 3; 101; 12; 0; 2; 5; 1; 7; 12; 8; 2; 3; 6; 99; 15; 9; 102; 1; 7; 86; 4; 0; 6; 3; 8; 5; 7; 187; 12
1988;11; 1; 12; 3; 7; 99; 6; 3; 1; 1; 0; 1; 2; 1; 1; 10; 20; 1; 2; 0; 0; 1; 1; 0; 12; 17; 5; 3; 1; 0; 3; 9999
1988;12; 7; 6; 1; 0; 1; 0; 0; 0; 0; 0; 0; 1; 102; 90; 12; 1; 3; 6; 4; 12; 90; 7; 4; 13; 21; 6; 7; 12; 14; 20; 13
1989;01; 89; 7; 187; 101; 304; 11; 90; 3; 12; 6; 7; 87; 12; 8; 13; 6; 2; 1; 3; 4; 6; 5; 2; 7; 3; 4; 2; 11; 0; 5; 73
1989;02; 574; 2; 1; 4; 3; 6; 0; 2; 7; 3; 12; 121; 202; 9; 405; 2; 1; 75; 11; 190; 3; 4; 5; 0; 6; 0; 4; 3; 9999; 9999; 9999
1989;03; 12; 33; 15; 25; 1; 0; 202; 33; 3; 31; 3; 15; 24; 55; 21; 0; 1; 203; 60; 501; 28; 57; 106; 1; 0; 5; 2; 29; 3; 1; 2
1989;04; 0; 2; 5; 1; 3; 2; 3; 0; 1; 0; 2; 17; 20; 2; 0; 18; 20; 12; 439; 21; 2; 1; 3; 4; 5; 2; 3; 1; 21; 13; 9999
1989;05; 102; 203; 24; 20; 17; 7; 3; 1; 4; 1; 3; 7; 2; 1; 0; 4; 3; 1; 4; 3; 6; 2; 3; 0; 5; 1; 3; 6; 2; 4; 0
1989;06; 2; 1; 3; 1; 0; 4; 7; 5; 2; 1; 16; 202; 103; 17; 2; 3; 6; 4; 0; 1; 3; 11; 6; 5; 17; 116; 12; 7; 2; 3; 9999
1989;07; 1; 3; 8; 2; 12; 74; 8; 2; 6; 4; 5; 3; 2; 2; 1; 4; 1; 3; 2; 5; 4; 2; 3; 1; 23; 12; 71; 272; 252; 370; 221
1989;08; 3; 1; 2; 4; 5; 2; 3; 1; 2; 6; 3; 4; 1; 2; 5; 2; 6; 5; 0; 3; 1; 6; 5; 12; 23; 7; 15; 8; 4; 5; 2
1989;09; 2; 3; 4; 1; 5; 0; 6; 12; 25; 2; 21; 27; 122; 203; 1; 4; 2; 3; 1; 3; 5; 4; 0; 2; 20; 104; 12; 106; 224; 16; 9999
1989;10; 2; 4; 1; 36; 2; 4; 3; 2; 1; 5; 6; 12; 20; 7; 3; 1; 5; 15; 6; 35; 237; 7; 17; 1; 0; 5; 3; 6; 102; 4; 2
1989;11; 2; 1; 3; 1; 2; 1; 3; 1; 0; 2; 2; 1; 9; 6; 4; 3; 5; 2; 13; 24; 206; 101; 12; 5; 104; 5; 3; 306; 212; 103; 9999
1989;12; 305; 17; 101; 3; 2; 0; 3; 4; 2; 6; 12; 7; 2; 0; 4; 1; 5; 2; 4; 3; 7; 9; 5; 1; 0; 2; 0; 3; 2; 7; 6
1990;01; 305; 403; 408; 103; 201; 11; 5; 89; 7; 608; 6; 2; 1; 0; 4; 201; 105; 15; 122; 407; 304; 6; 3; 5; 0; 2; 5; 4; 25; 1; 2
1990;02; 0; 1; 3; 2; 0; 61; 1; 4; 2; 26; 367; 204; 105; 102; 20; 7; 3; 387; 201; 13; 4; 1; 415; 217; 14; 105; 3; 1; 9999; 9999; 9999
1990;03; 2; 7; 156; 3; 1; 16; 20; 35; 29; 93; 1; 3; 4; 16; 0; 2; 133; 4; 34; 356; 104; 357; 360; 20; 51; 0; 8; 124; 8; 0; 1
1990;04; 3; 0; 125; 0; 30; 0; 9; 99; 8; 0; 2; 1; 0; 1; 3; 4; 5; 0; 162; 311; 745; 288; 1; 2; 0; 0; 4; 25; 12; 7; 9999
1990;05; 1; 4; 2; 6; 3; 0; 7; 2; 6; 104; 5; 12; 4; 7; 6; 123; 133; 1; 0; 0; 9; 2; 3; 1; 5; 1; 3; 2; 7; 1; 2
1990;06; 1; 7; 2; 1; 2; 5; 8; 108; 5; 8; 9; 4; 3; 2; 9; 3; 2; 6; 4; 2; 6; 8; 7; 9; 7; 5; 3; 7; 4; 2; 9999
1990;07; 1; 3; 1; 8; 12; 26; 1; 15; 2; 3; 263; 16; 1; 19; 3; 22; 283; 126; 66; 100; 231; 101; 131; 35; 70; 10; 6; 217; 1; 3; 2
1990;08; 3; 1; 2; 4; 2; 0; 3; 0; 0; 1; 3; 2; 1; 4; 2; 7; 12; 25; 474; 223; 6; 3; 4; 6; 3; 4; 0; 2; 12; 6; 1
1990;09; 2; 4; 1; 6; 14; 121; 7; 201; 3; 2; 1; 5; 20; 104; 121; 2; 3; 0; 4; 2; 7; 2; 14; 183; 1; 3; 2; 4; 13; 6; 9999
1990;10; 5; 50; 1; 3; 1; 0; 2; 1; 2; 0; 2; 1; 203; 76; 114; 40; 202; 398; 37; 2; 0; 0; 3; 0; 25; 4; 2; 0; 0; 27; 9999
1990;11; 0; 10; 20; 540; 27; 25; 130; 45; 10; 0; 0; 0; 0; 0; 25; 24; 42; 83; 362; 0; 1; 0; 6; 9; 6; 0; 0; 0; 7; 1; 9999
1990;12; 0; 9999; 9999; 9999; 9999; 1; 187; 4; 1; 72; 345; 5; 140; 157; 18; 1; 1; 0; 1; 120; 18; 0; 2; 4; 6; 3; 43; 2; 402; 32; 1
1991;01; 1; 0; 256; 250; 25; 1; 30; 1; 0; 1; 1; 0; 1; 0; 20; 220; 45; 18; 12; 1; 0; 1; 324; 1; 333; 56; 176; 18; 1; 687; 30
1991;02; 287; 5; 10; 169; 191; 230; 167; 395; 28; 12; 148; 3; 101; 7; 152; 9; 5; 20; 373; 2; 1; 10; 110; 10; 10; 0; 0; 247; 9999; 9999; 9999
1991;03; 30; 224; 233; 810; 614; 111; 113; 0; 10; 0; 0; 196; 450; 199; 30; 40; 90; 0; 129; 10; 10; 548; 104; 0; 10; 0; 14; 480; 145; 78; 176
1991;04; 20; 52; 70; 30; 51; 57; 10; 30; 0; 0; 30; 20; 22; 2; 0; 50; 558; 0; 273; 16; 0; 20; 30; 20; 233; 20; 20; 20; 20; 40; 9999
1991;05; 44; 10; 10; 50; 45; 148; 30; 56; 20; 20; 20; 10; 0; 80; 339; 20; 20; 50; 25; 18; 20; 40; 30; 20; 20; 30; 10; 0; 30; 20; 20
1991;06; 10; 20; 40; 0; 20; 20; 20; 33; 149; 36; 40; 40; 30; 20; 20; 10; 0; 0; 25; 30; 455; 119; 118; 110; 131; 80; 0; 50; 28; 20; 9999
1991;07; 0; 20; 30; 20; 10; 0; 10; 0; 20; 20; 128; 50; 35; 20; 35; 50; 10; 0; 0; 10; 30; 30; 0; 50; 20; 20; 0; 0; 20; 20; 0
1991;08; 20; 0; 45; 50; 0; 0; 13; 190; 15; 0; 11; 25; 53; 12; 11; 10; 20; 30; 20; 0; 0; 10; 0; 20; 30; 20; 30; 0; 20; 0; 20
1991;09; 88; 26; 12; 20; 11; 9999; 9999; 9999; 9999; 9999; 9999; 9999; 9999; 9999; 9999; 9999; 9999; 9999; 9999; 9999; 9999; 9999; 9999; 9999; 9999; 9999; 9999; 9999; 9999; 9999; 9999
1991;10; 9999; 9999; 9999; 9999; 9999; 9999; 9999; 9999; 9999; 9999; 9999; 9999; 9999; 9999; 9999; 9999; 9999; 9999; 9999; 9999; 9999; 9999; 9999; 9999; 9999; 9999; 9999; 9999; 9999; 9999; 9999
1991;11; 9999; 9999; 9999; 9999; 9999; 9999; 9999; 9999; 9999; 9999; 9999; 9999; 9999; 9999; 9999; 9999; 9999; 9999; 9999; 9999; 9999; 9999; 0; 1; 0; 0; 10; 16; 0; 0; 9999
1991;12; 36; 65; 1; 0; 0; 0; 75; 74; 71; 1; 18; 25; 0; 0; 18; 304; 1; 175; 6; 50; 308; 0; 33; 58; 0; 0; 25; 92; 1; 1; 0
1992;01; 1; 0; 142; 3; 56; 15; 1; 16; 1; 6; 1; 0; 49; 0; 5; 135; 23; 4; 1; 0; 0; 88; 21; 1; 0; 0; 2; 38; 21; 7; 86
1992;02; 1174; 324; 221; 107; 181; 1; 39; 97; 188; 34; 37; 1; 0; 1; 1; 0; 0; 0; 1; 0; 3; 19; 0; 1; 382; 17; 2; 0; 25; 9999; 9999
1992;03; 42; 135; 486; 249; 70; 95; 39; 71; 1; 0; 459; 138; 0; 1; 0; 9; 652; 478; 320; 126; 0; 1; 64; 411; 206; 36; 45; 82; 3; 0; 256
1992;04; 219; 82; 1; 1; 1; 2; 15; 72; 6; 0; 2; 1; 31; 107; 2; 2; 1; 2; 0; 82; 0; 1; 0; 1; 72; 350; 29; 5; 1; 11; 9999
1992;05; 1; 135; 230; 708; 4; 8; 0; 1; 1; 0; 0; 0; 348; 4; 1; 0; 0; 41; 346; 12; 0; 1; 170; 26; 0; 10; 2; 1; 0; 80; 143
1992;06; 13; 64; 2; 1; 1; 0; 0; 2; 2; 4; 7; 2; 0; 0; 1; 0; 1; 0; 0; 1; 1; 2; 2; 1; 1; 2; 2; 30; 40; 5; 9999
1992;07; 9; 1; 42; 88; 1; 2; 330; 13; 16; 72; 20; 52; 0; 1; 1; 151; 136; 72; 0; 1; 0; 4; 48; 7; 32; 79; 1; 0; 0; 1; 1
1992;08; 15; 92; 13; 0; 53; 9; 0; 1; 12; 7; 0; 8; 150; 0; 0; 0; 0; 164; 64; 6; 16; 147; 142; 61; 1; 1; 0; 0; 0; 1; 0
1992;09; 29; 98; 115; 8; 94; 3; 270; 0; 20; 1; 62; 113; 58; 0; 65; 48; 0; 0; 18; 19; 47; 2; 1; 1; 57; 57; 119; 7; 1; 0; 9999
1992;10; 0; 37; 3; 9; 1; 2; 59; 31; 127; 52; 2; 468; 131; 0; 0; 1; 59; 138; 51; 41; 88; 1; 1; 0; 0; 0; 11; 0; 67; 74; 59
1992;11; 7; 31; 9; 395; 61; 8; 3; 9; 0; 0; 0; 0; 0; 1; 0; 0; 465; 12; 0; 0; 0; 157; 580; 30; 435; 365; 94; 39; 25; 0; 9999
1992;12; 510; 45; 0; 1; 0; 0; 0; 235; 57; 4; 173; 89; 16; 9; 1; 6; 0; 400; 83; 0; 66; 0; 0; 0; 32; 0; 0; 1; 0; 0; 7
1993;01; 0; 0; 10; 265; 310; 109; 0; 218; 3; 456; 478; 10; 6; 29; 25; 2; 10; 74; 24; 0; 145; 0; 0; 3; 28; 40; 7; 9; 0; 3; 9
1993;02; 0; 0; 16; 245; 177; 0; 0; 53; 38; 355; 51; 130; 11; 0; 191; 1; 307; 154; 350; 0; 9; 151; 195; 26; 14; 21; 2; 0; 9999; 9999; 9999
1993;03; 0; 0; 0; 380; 13; 22; 0; 1; 0; 91; 0; 2; 6; 2; 132; 3; 116; 8; 47; 1; 20; 70; 133; 254; 53; 0; 70; 0; 9; 30; 1
1993;04; 5; 118; 1; 21; 0; 79; 1; 0; 74; 0; 0; 0; 0; 0; 0; 0; 0; 0; 0; 0; 0; 0; 30; 45; 55; 1; 0; 0; 0; 1; 9999
1993;05; 1; 0; 2; 25; 0; 113; 18; 1; 0; 0; 0; 0; 0; 255; 231; 1; 25; 49; 2; 19; 0; 11; 1; 0; 15; 0; 1; 46; 69; 14; 43
1993;06; 124; 1; 0; 1; 154; 87; 0; 0; 2; 299; 321; 119; 166; 125; 2; 1; 0; 218; 122; 2; 0; 5; 3; 2; 2; 0; 2; 2; 2; 0; 9999
1993;07; 12; 2; 2; 1; 2; 2; 6; 11; 0; 1; 1; 14; 95; 310; 3; 1; 3; 1; 1; 3; 1; 1; 1; 1; 0; 6; 0; 1; 0; 30; 63
1993;08; 1; 14; 2; 0; 1; 1; 2; 2; 1; 12; 14; 1; 3; 1; 3; 26; 3; 18; 9; 0; 0; 2; 9; 150; 196; 2; 1; 2; 1; 0; 1
1993;09; 17; 2; 14; 143; 0; 0; 1; 46; 78; 73; 14; 2; 0; 46; 136; 44; 0; 0; 0; 0; 0; 630; 373; 222; 49; 101; 151; 0; 0; 170; 9999
1993;10; 83; 10; 3; 177; 139; 422; 6; 3; 0; 0; 0; 0; 0; 0; 0; 44; 0; 1; 25; 9; 0; 3; 33; 60; 37; 173; 140; 56; 5; 1; 0
1993;11; 0; 124; 67; 0; 0; 0; 12; 13; 5; 0; 0; 0; 0; 0; 3; 0; 0; 75; 33; 0; 0; 0; 0; 42; 248; 24; 30; 0; 0; 0; 9999
1993;12; 0; 0; 0; 0; 0; 0; 0; 0; 0; 0; 0; 0; 0; 0; 0; 0; 390; 54; 1; 0; 439; 8; 0; 0; 78; 162; 3; 26; 63; 274; 7
1994;01; 1; 1; 56; 210; 219; 28; 40; 35; 170; 102; 5; 38; 2; 0; 0; 1; 83; 0; 91; 5; 4; 108; 155; 12; 0; 2; 188; 353; 712; 44; 11
1994;02; 25; 191; 325; 27; 0; 85; 189; 61; 33; 0; 232; 356; 465; 216; 62; 52; 0; 110; 237; 105; 9; 0; 15; 77; 280; 29; 128; 60; 9999; 9999; 9999
1994;03; 0; 407; 18; 28; 1; 44; 184; 628; 605; 242; 122; 1; 30; 19; 8; 106; 7; 0; 171; 273; 4; 0; 0; 0; 0; 7; 94; 8; 1; 1; 130
1994;04; 225; 49; 1; 0; 0; 0; 57; 1; 23; 18; 1; 43; 16; 322; 19; 112; 1; 0; 747; 110; 0; 16; 179; 214; 228; 0; 0; 0; 0; 6; 9999
1994;05; 0; 1; 0; 0; 0; 0; 0; 0; 0; 0; 0; 182; 4; 0; 137; 838; 109; 1; 0; 0; 0; 0; 66; 0; 45; 155; 274; 80; 2; 14; 0
1994;06; 14; 0; 0; 25; 51; 1; 0; 39; 14; 30; 2; 0; 0; 0; 0; 0; 0; 0; 0; 32; 19; 0; 0; 0; 311; 2; 0; 0; 0; 0; 9999
1994;07; 0; 0; 0; 0; 4; 144; 0; 18; 20; 0; 1; 3; 2; 0; 0; 0; 0; 0; 0; 0; 0; 0; 461; 19; 0; 0; 3; 0; 0; 0; 0
1994;08; 0; 0; 36; 16; 0; 0; 0; 0; 0; 0; 74; 0; 0; 0; 0; 0; 4; 2; 15; 0; 0; 0; 1; 60; 60; 0; 0; 3; 9; 0; 0
1994;09; 0; 0; 0; 0; 0; 1; 10; 0; 0; 16; 38; 0; 0; 0; 0; 4; 35; 84; 8; 0; 0; 0; 0; 0; 0; 0; 0; 20; 34; 0; 9999
1994;10; 0; 2; 9; 10; 15; 2; 4; 0; 0; 0; 0; 44; 34; 122; 0; 16; 0; 71; 2; 11; 66; 44; 115; 22; 29; 423; 309; 121; 29; 28; 30
1994;11; 1; 137; 0; 0; 3; 0; 4; 10; 113; 9; 3; 0; 70; 34; 2; 0; 129; 191; 132; 48; 32; 12; 0; 0; 0; 0; 0; 372; 22; 0; 9999
1994;12; 2; 0; 0; 0; 93; 122; 415; 209; 1; 0; 0; 0; 0; 22; 38; 601; 0; 36; 23; 126; 0; 301; 100; 34; 0; 0; 0; 72; 67; 92; 144
1995;01; 3; 0; 204; 515; 816; 4; 457; 406; 147; 97; 577; 0; 141; 0; 430; 10; 0; 155; 313; 33; 0; 65; 6; 131; 0; 0; 113; 0; 147; 20; 0
1995;02; 8; 106; 546; 34; 38; 280; 19; 123; 199; 30; 35; 13; 43; 192; 89; 15; 482; 288; 219; 68; 86; 79; 7; 0; 0; 3; 7; 0; 9999; 9999; 9999
1995;03; 116; 40; 235; 441; 44; 0; 119; 0; 0; 19; 7; 14; 0; 203; 60; 1; 2; 0; 0; 0; 0; 0; 0; 225; 8; 3; 1; 0; 1; 288; 3
1995;04; 7; 0; 1; 68; 172; 3; 1; 0; 0; 140; 0; 63; 3; 6; 2; 0; 0; 0; 13; 588; 112; 32; 0; 1; 1; 0; 0; 0; 1; 0; 9999
1995;05; 0; 28; 1; 0; 0; 1; 22; 0; 1; 148; 0; 0; 0; 0; 0; 0; 0; 62; 0; 1; 0; 3; 0; 0; 12; 0; 3; 2; 0; 0; 1
1995;06; 0; 1; 1; 0; 0; 0; 1; 1; 22; 0; 0; 0; 0; 0; 0; 1; 2; 91; 75; 1; 42; 1; 0; 171; 0; 0; 16; 0; 333; 8; 9999
1995;07; 34; 0; 0; 51; 10; 0; 11; 226; 35; 89; 0; 0; 0; 0; 0; 0; 0; 0; 0; 0; 188; 112; 1; 0; 0; 0; 0; 0; 0; 0; 0
1995;08; 0; 0; 0; 17; 360; 435; 13; 0; 0; 2; 16; 0; 0; 3; 1; 7; 32; 19; 1; 2; 5; 0; 0; 0; 2; 3; 4; 0; 0; 2; 1
1995;09; 0; 2; 7; 0; 22; 1; 0; 0; 0; 0; 1; 2; 19; 2; 0; 9; 0; 2; 1; 182; 8; 14; 186; 285; 68; 26; 373; 29; 12; 60; 9999
1995;10; 22; 0; 8; 0; 0; 150; 25; 1; 22; 5; 2; 0; 3; 292; 0; 150; 301; 71; 36; 180; 135; 129; 5; 2; 0; 0; 0; 94; 172; 69; 188
1995;11; 184; 255; 80; 5; 0; 0; 0; 0; 121; 0; 112; 101; 176; 46; 1; 144; 0; 0; 0; 19; 22; 0; 0; 0; 0; 56; 22; 18; 9; 0; 9999
1995;12; 0; 0; 0; 0; 0; 1; 0; 0; 0; 0; 0; 45; 175; 49; 5; 0; 0; 0; 0; 0; 0; 95; 15; 8; 25; 360; 480; 400; 86; 734; 37
1996;01; 4; 0; 448; 88; 13; 14; 459; 13; 156; 2; 59; 332; 0; 156; 44; 0; 44; 0; 367; 103; 182; 172; 27; 53; 3; 98; 25; 440; 13; 0; 520
1996;02; 58; 7; 135; 572; 0; 103; 871; 417; 104; 33; 0; 650; 157; 36; 63; 128; 185; 246; 51; 0; 181; 1; 0; 0; 0; 310; 340; 421; 477; 9999; 9999
1996;03; 554; 202; 11; 417; 56; 0; 285; 180; 100; 27; 108; 13; 3; 8; 300; 396; 1300; 10; 0; 55; 48; 464; 173; 16; 3; 1; 0; 360; 0; 32; 16
1996;04; 55; 173; 0; 0; 0; 0; 0; 250; 20; 0; 723; 3; 59; 63; 36; 1; 53; 10; 0; 30; 0; 0; 2; 3; 2; 4; 135; 49; 190; 1; 9999
1996;05; 1; 209; 19; 2; 54; 17; 0; 2; 13; 2; 3; 2; 2; 1; 101; 0; 0; 7; 0; 0; 0; 0; 0; 59; 0; 0; 0; 0; 0; 0; 0
1996;06; 127; 240; 1; 0; 59; 239; 7; 9999; 9999; 9999; 9999; 9999; 9999; 9999; 9999; 9999; 9999; 9999; 9999; 9999; 9999; 9999; 9999; 9999; 9999; 9999; 9999; 9999; 9999; 9999; 9999
1996;07; 9999; 9999; 9999; 9999; 9999; 9999; 9999; 9999; 9999; 9999; 9999; 9999; 9999; 9999; 9999; 9999; 9999; 9999; 9999; 9999; 9999; 9999; 9999; 9999; 9999; 9999; 9999; 9999; 9999; 9999; 9999
1996;08; 9999; 9999; 9999; 9999; 9999; 3; 1; 3; 0; 261; 5; 27; 47; 0; 180; 1; 0; 0; 0; 0; 0; 0; 0; 0; 0; 0; 4; 5; 32; 64; 86
1996;09; 70; 0; 19; 311; 1; 0; 11; 72; 198; 192; 245; 120; 80; 60; 11; 13; 118; 38; 3; 0; 2; 1; 3; 2; 32; 17; 125; 120; 35; 110; 9999
1996;10; 53; 0; 225; 93; 0; 0; 160; 2; 5; 1; 29; 0; 93; 60; 19; 0; 3; 0; 0; 318; 198; 92; 5; 5; 12; 76; 300; 6; 0; 0; 1
1996;11; 40; 5; 7; 19; 7; 9; 0; 0; 2; 10; 18; 98; 20; 30; 63; 302; 17; 3; 30; 5; 424; 343; 33; 0; 15; 13; 0; 0; 0; 0; 9999
1996;12; 1; 1; 0; 120; 25; 0; 0; 0; 0; 0; 0; 0; 93; 100; 100; 35; 120; 127; 125; 122; 122; 120; 97; 7; 3; 3; 7; 5; 10; 1; 0
1997;01; 0; 55; 26; 44; 0; 0; 0; 0; 96; 543; 423; 81; 15; 0; 25; 71; 247; 73; 0; 60; 625; 639; 734; 96; 84; 125; 354; 389; 106; 2; 0
1997;02; 36; 0; 7; 246; 22; 0; 0; 0; 0; 0; 0; 2; 29; 76; 477; 997; 360; 16; 0; 0; 1; 0; 0; 702; 0; 0; 24; 85; 9999; 9999; 9999
1997;03; 0; 24; 0; 0; 456; 301; 0; 0; 0; 0; 0; 12; 0; 187; 17; 192; 29; 50; 72; 13; 3; 0; 0; 0; 4; 0; 0; 0; 0; 0; 0
1997;04; 110; 101; 23; 0; 15; 0; 0; 0; 27; 0; 3; 0; 0; 0; 0; 0; 147; 19; 42; 0; 37; 0; 10; 0; 0; 0; 0; 0; 0; 0; 9999
1997;05; 0; 0; 0; 0; 14; 0; 0; 0; 0; 0; 0; 0; 0; 9; 47; 12; 11; 0; 0; 0; 0; 143; 14; 24; 330; 34; 16; 147; 0; 1; 2
1997;06; 16; 2; 3; 25; 132; 79; 0; 0; 0; 0; 0; 0; 0; 1; 101; 0; 0; 0; 0; 99; 150; 0; 1; 1; 1; 0; 0; 400; 565; 280; 9999
1997;07; 0; 84; 56; 4; 5; 0; 1; 29; 0; 0; 2; 1; 1; 2; 0; 2; 0; 13; 13; 1; 120; 3; 0; 0; 0; 5; 1; 0; 3; 0; 1
1997;08; 1; 0; 2; 1; 180; 87; 0; 700; 4; 8; 1; 1; 0; 0; 0; 4; 0; 0; 0; 0; 49; 63; 360; 335; 16; 2; 0; 0; 1; 0; 1
1997;09; 0; 0; 1; 0; 2; 0; 0; 1; 0; 6; 8; 10; 0; 23; 712; 3; 0; 0; 8; 98; 353; 8; 23; 2; 60; 120; 65; 160; 110; 198; 9999
1997;10; 177; 2; 10; 42; 0; 280; 204; 103; 42; 5; 0; 54; 0; 0; 0; 103; 110; 30; 1; 303; 187; 32; 1; 12; 6; 140; 0; 0; 0; 22; 250
1997;11; 49; 0; 0; 16; 83; 45; 0; 0; 0; 0; 0; 45; 0; 0; 170; 126; 490; 860; 107; 13; 15; 0; 7; 0; 132; 150; 245; 107; 1; 0; 9999
1997;12; 0; 259; 35; 2; 0; 0; 139; 83; 2; 0; 0; 0; 0; 0; 114; 3; 0; 28; 2; 72; 0; 0; 0; 0; 380; 92; 0; 17; 636; 1; 0
