33
Ano,Mes,1,2,3,4,5,6,7,8,9,10,11,12,13,14,15,16,17,18,19,20,21,22,23,24,25,26,27,28,29,30,31
1931;09; 9999; 9999; 9999; 9999; 9999; 9999; 9999; 9999; 9999; 9999; 9999; 9999; 9999; 9999; 9999; 9999; 9999; 9999; 9999; 9999; 9999; 9999; 9999; 9999; 9999; 9999; 9999; 9999; 9999; 9999; 9999
1931;10; 9999; 9999; 9999; 9999; 9999; 9999; 9999; 9999; 9999; 9999; 9999; 9999; 9999; 9999; 9999; 9999; 9999; 9999; 9999; 9999; 9999; 9999; 9999; 9999; 9999; 9999; 9999; 9999; 9999; 9999; 9999
1931;11; 9999; 9999; 9999; 9999; 9999; 9999; 9999; 9999; 9999; 9999; 9999; 9999; 9999; 9999; 9999; 9999; 9999; 9999; 9999; 9999; 9999; 9999; 9999; 9999; 9999; 9999; 9999; 9999; 9999; 9999; 9999
1931;12; 9999; 9999; 9999; 9999; 9999; 9999; 9999; 9999; 9999; 9999; 9999; 9999; 9999; 9999; 9999; 9999; 9999; 9999; 9999; 9999; 9999; 9999; 9999; 9999; 9999; 9999; 9999; 9999; 9999; 9999; 9999
1932;01; 9999; 9999; 9999; 9999; 9999; 9999; 9999; 9999; 9999; 9999; 9999; 9999; 9999; 9999; 9999; 9999; 9999; 9999; 9999; 9999; 9999; 9999; 9999; 9999; 9999; 9999; 9999; 9999; 9999; 9999; 9999
1932;02; 9999; 9999; 9999; 9999; 9999; 9999; 9999; 9999; 9999; 9999; 9999; 9999; 9999; 9999; 9999; 9999; 9999; 9999; 9999; 9999; 9999; 9999; 9999; 9999; 9999; 9999; 9999; 9999; 9999; 9999; 9999
1932;03; 9999; 9999; 9999; 9999; 9999; 9999; 9999; 9999; 9999; 9999; 9999; 9999; 9999; 9999; 9999; 9999; 9999; 9999; 9999; 9999; 9999; 9999; 9999; 9999; 9999; 9999; 9999; 9999; 9999; 9999; 9999
1932;04; 9999; 9999; 9999; 9999; 9999; 9999; 9999; 9999; 9999; 9999; 9999; 9999; 9999; 9999; 9999; 9999; 9999; 9999; 9999; 9999; 9999; 9999; 9999; 9999; 9999; 9999; 9999; 9999; 9999; 9999; 9999
1932;05; 9999; 9999; 9999; 9999; 9999; 9999; 9999; 9999; 9999; 9999; 9999; 9999; 9999; 9999; 9999; 9999; 9999; 9999; 9999; 9999; 9999; 9999; 9999; 9999; 9999; 9999; 9999; 9999; 9999; 9999; 9999
1932;06; 9999; 9999; 9999; 9999; 9999; 9999; 9999; 9999; 9999; 9999; 9999; 9999; 9999; 9999; 9999; 9999; 9999; 9999; 9999; 9999; 9999; 9999; 9999; 9999; 9999; 9999; 9999; 9999; 9999; 9999; 9999
1932;07; 9999; 9999; 9999; 9999; 9999; 9999; 9999; 9999; 9999; 9999; 9999; 9999; 9999; 9999; 9999; 9999; 9999; 9999; 9999; 9999; 9999; 9999; 9999; 9999; 9999; 9999; 9999; 9999; 9999; 9999; 9999
1932;08; 9999; 9999; 9999; 9999; 9999; 9999; 9999; 9999; 9999; 9999; 9999; 9999; 9999; 9999; 9999; 9999; 9999; 9999; 9999; 9999; 9999; 9999; 9999; 9999; 9999; 9999; 9999; 9999; 9999; 9999; 9999
1932;09; 9999; 9999; 9999; 9999; 9999; 9999; 9999; 9999; 9999; 9999; 9999; 9999; 9999; 9999; 9999; 9999; 9999; 9999; 9999; 9999; 9999; 9999; 9999; 9999; 9999; 9999; 9999; 9999; 9999; 9999; 9999
1932;10; 9999; 9999; 9999; 9999; 9999; 9999; 9999; 9999; 9999; 9999; 9999; 9999; 9999; 9999; 9999; 9999; 9999; 9999; 9999; 9999; 9999; 9999; 9999; 9999; 9999; 9999; 9999; 9999; 9999; 9999; 9999
1932;11; 9999; 9999; 9999; 9999; 9999; 9999; 9999; 9999; 9999; 9999; 9999; 9999; 9999; 9999; 9999; 9999; 9999; 9999; 9999; 9999; 9999; 9999; 9999; 9999; 9999; 9999; 9999; 9999; 9999; 9999; 9999
1932;12; 9999; 9999; 9999; 9999; 9999; 9999; 9999; 9999; 9999; 9999; 9999; 9999; 9999; 9999; 9999; 9999; 9999; 9999; 9999; 9999; 9999; 9999; 9999; 9999; 9999; 9999; 9999; 9999; 9999; 9999; 9999
1933;01; 9999; 9999; 9999; 9999; 9999; 9999; 9999; 9999; 9999; 9999; 9999; 9999; 9999; 9999; 9999; 9999; 9999; 9999; 9999; 9999; 9999; 9999; 9999; 9999; 9999; 9999; 9999; 9999; 9999; 9999; 9999
1933;02; 9999; 9999; 9999; 9999; 9999; 9999; 9999; 9999; 9999; 9999; 9999; 9999; 9999; 9999; 9999; 9999; 9999; 9999; 9999; 9999; 9999; 9999; 9999; 9999; 9999; 9999; 9999; 9999; 9999; 9999; 9999
1933;03; 9999; 9999; 9999; 9999; 9999; 9999; 9999; 9999; 9999; 9999; 9999; 9999; 9999; 9999; 9999; 9999; 9999; 9999; 9999; 9999; 9999; 9999; 9999; 9999; 9999; 9999; 9999; 9999; 9999; 9999; 9999
1933;04; 9999; 9999; 9999; 9999; 9999; 9999; 9999; 9999; 9999; 9999; 9999; 9999; 9999; 9999; 9999; 9999; 9999; 9999; 9999; 9999; 9999; 9999; 9999; 9999; 9999; 9999; 9999; 9999; 9999; 9999; 9999
1933;05; 9999; 9999; 9999; 9999; 9999; 9999; 9999; 9999; 9999; 9999; 9999; 9999; 9999; 9999; 9999; 9999; 9999; 9999; 9999; 9999; 9999; 9999; 9999; 9999; 9999; 9999; 9999; 9999; 9999; 9999; 9999
1933;06; 9999; 9999; 9999; 9999; 9999; 9999; 9999; 9999; 9999; 9999; 9999; 9999; 9999; 9999; 9999; 9999; 9999; 9999; 9999; 9999; 9999; 9999; 9999; 9999; 9999; 9999; 9999; 9999; 9999; 9999; 9999
1933;07; 9999; 9999; 9999; 9999; 9999; 9999; 9999; 9999; 9999; 9999; 9999; 9999; 9999; 9999; 9999; 9999; 9999; 9999; 9999; 9999; 9999; 9999; 9999; 9999; 9999; 9999; 9999; 9999; 9999; 9999; 9999
1933;08; 9999; 9999; 9999; 9999; 9999; 9999; 9999; 9999; 9999; 9999; 9999; 9999; 9999; 9999; 9999; 9999; 9999; 9999; 9999; 9999; 9999; 9999; 9999; 9999; 9999; 9999; 9999; 9999; 9999; 9999; 9999
1933;09; 9999; 9999; 9999; 9999; 9999; 9999; 9999; 9999; 9999; 9999; 9999; 9999; 9999; 9999; 9999; 9999; 9999; 9999; 9999; 9999; 9999; 9999; 9999; 9999; 9999; 9999; 9999; 9999; 9999; 9999; 9999
1933;10; 9999; 9999; 9999; 9999; 9999; 9999; 9999; 9999; 9999; 9999; 9999; 9999; 9999; 9999; 9999; 9999; 9999; 9999; 9999; 9999; 9999; 9999; 9999; 9999; 9999; 9999; 9999; 9999; 9999; 9999; 9999
1933;11; 0; 0; 0; 0; 0; 0; 0; 0; 0; 0; 0; 0; 0; 0; 0; 9999; 9999; 9999; 9999; 9999; 9999; 9999; 9999; 9999; 9999; 9999; 9999; 9999; 9999; 9999; 9999
1933;12; 0; 0; 0; 0; 0; 0; 0; 0; 0; 0; 0; 0; 0; 0; 0; 9999; 9999; 9999; 9999; 9999; 9999; 9999; 9999; 9999; 9999; 9999; 9999; 9999; 9999; 9999; 9999
1934;01; 9999; 9999; 9999; 9999; 9999; 9999; 9999; 9999; 9999; 9999; 9999; 9999; 9999; 9999; 9999; 9999; 9999; 9999; 9999; 9999; 9999; 9999; 9999; 9999; 9999; 9999; 9999; 9999; 9999; 9999; 9999
1934;02; 9999; 9999; 9999; 9999; 9999; 9999; 9999; 9999; 9999; 9999; 9999; 9999; 9999; 9999; 9999; 9999; 9999; 9999; 9999; 9999; 9999; 9999; 9999; 9999; 9999; 9999; 9999; 9999; 9999; 9999; 9999
1934;03; 9999; 9999; 9999; 9999; 9999; 9999; 9999; 9999; 9999; 9999; 9999; 9999; 9999; 9999; 9999; 9999; 9999; 9999; 9999; 9999; 9999; 9999; 9999; 9999; 9999; 9999; 9999; 9999; 9999; 9999; 9999
1934;04; 9999; 9999; 9999; 9999; 9999; 9999; 9999; 9999; 9999; 9999; 9999; 9999; 9999; 9999; 9999; 9999; 9999; 9999; 9999; 9999; 9999; 9999; 9999; 9999; 9999; 9999; 9999; 9999; 9999; 9999; 9999
1934;05; 9999; 9999; 9999; 9999; 9999; 9999; 9999; 9999; 9999; 9999; 9999; 9999; 9999; 9999; 9999; 9999; 9999; 9999; 9999; 9999; 9999; 9999; 9999; 9999; 9999; 9999; 9999; 9999; 9999; 9999; 9999
1934;06; 9999; 9999; 9999; 9999; 9999; 9999; 9999; 9999; 9999; 9999; 9999; 9999; 9999; 9999; 9999; 9999; 9999; 9999; 9999; 9999; 9999; 9999; 9999; 9999; 9999; 9999; 9999; 9999; 9999; 9999; 9999
1934;07; 9999; 9999; 9999; 9999; 9999; 9999; 9999; 9999; 9999; 9999; 9999; 9999; 9999; 9999; 9999; 9999; 9999; 9999; 9999; 9999; 9999; 9999; 9999; 9999; 9999; 9999; 9999; 9999; 9999; 9999; 9999
1934;08; 9999; 9999; 9999; 9999; 9999; 9999; 9999; 9999; 9999; 9999; 9999; 9999; 9999; 9999; 9999; 9999; 9999; 9999; 9999; 9999; 9999; 9999; 9999; 9999; 9999; 9999; 9999; 9999; 9999; 9999; 9999
1934;09; 9999; 9999; 9999; 9999; 9999; 9999; 9999; 9999; 9999; 9999; 9999; 9999; 9999; 9999; 9999; 9999; 9999; 9999; 9999; 9999; 9999; 9999; 9999; 9999; 9999; 9999; 9999; 9999; 9999; 9999; 9999
1934;10; 9999; 9999; 9999; 9999; 9999; 9999; 9999; 9999; 9999; 9999; 9999; 9999; 9999; 9999; 9999; 9999; 9999; 9999; 9999; 9999; 9999; 9999; 9999; 9999; 9999; 9999; 9999; 9999; 9999; 9999; 9999
1934;11; 9999; 9999; 9999; 9999; 9999; 9999; 9999; 9999; 9999; 9999; 9999; 9999; 9999; 9999; 9999; 9999; 9999; 9999; 9999; 9999; 9999; 9999; 9999; 9999; 9999; 9999; 9999; 9999; 9999; 9999; 9999
1934;12; 9999; 9999; 9999; 9999; 9999; 9999; 9999; 9999; 9999; 9999; 9999; 9999; 9999; 9999; 9999; 9999; 9999; 9999; 9999; 9999; 9999; 9999; 9999; 9999; 9999; 9999; 9999; 9999; 9999; 9999; 9999
1935;01; 9999; 9999; 9999; 9999; 9999; 9999; 9999; 9999; 9999; 9999; 9999; 9999; 9999; 9999; 9999; 9999; 9999; 9999; 9999; 9999; 9999; 9999; 9999; 9999; 9999; 9999; 9999; 9999; 9999; 9999; 9999
1935;02; 9999; 9999; 9999; 9999; 9999; 9999; 9999; 9999; 9999; 9999; 9999; 9999; 9999; 9999; 9999; 9999; 9999; 9999; 9999; 9999; 9999; 9999; 9999; 9999; 9999; 9999; 9999; 9999; 9999; 9999; 9999
1935;03; 9999; 9999; 9999; 9999; 9999; 9999; 9999; 9999; 9999; 9999; 9999; 9999; 9999; 9999; 9999; 9999; 9999; 9999; 9999; 9999; 9999; 9999; 9999; 9999; 9999; 9999; 9999; 9999; 9999; 9999; 9999
1935;04; 9999; 9999; 9999; 9999; 9999; 9999; 9999; 9999; 9999; 9999; 9999; 9999; 9999; 9999; 9999; 9999; 9999; 9999; 9999; 9999; 9999; 9999; 9999; 9999; 9999; 9999; 9999; 9999; 9999; 9999; 9999
1935;05; 9999; 9999; 9999; 9999; 9999; 9999; 9999; 9999; 9999; 9999; 9999; 9999; 9999; 9999; 9999; 9999; 9999; 9999; 9999; 9999; 9999; 9999; 9999; 9999; 9999; 9999; 9999; 9999; 9999; 9999; 9999
1935;06; 9999; 9999; 9999; 9999; 9999; 9999; 9999; 9999; 9999; 9999; 9999; 9999; 9999; 9999; 9999; 9999; 9999; 9999; 9999; 9999; 9999; 9999; 9999; 9999; 9999; 9999; 9999; 9999; 9999; 9999; 9999
1935;07; 9999; 9999; 9999; 9999; 9999; 9999; 9999; 9999; 9999; 9999; 9999; 9999; 9999; 9999; 9999; 9999; 9999; 9999; 9999; 9999; 9999; 9999; 9999; 9999; 9999; 9999; 9999; 9999; 9999; 9999; 9999
1935;08; 9999; 9999; 9999; 9999; 9999; 9999; 9999; 9999; 9999; 9999; 9999; 9999; 9999; 9999; 9999; 9999; 9999; 9999; 9999; 9999; 9999; 9999; 9999; 9999; 9999; 9999; 9999; 9999; 9999; 9999; 9999
1935;09; 9999; 9999; 9999; 9999; 9999; 9999; 9999; 9999; 9999; 9999; 9999; 9999; 9999; 9999; 9999; 9999; 9999; 9999; 9999; 9999; 9999; 9999; 9999; 9999; 9999; 9999; 9999; 9999; 9999; 9999; 9999
1935;10; 9999; 9999; 9999; 9999; 9999; 9999; 9999; 9999; 9999; 9999; 9999; 9999; 9999; 9999; 9999; 9999; 9999; 9999; 9999; 9999; 9999; 9999; 9999; 9999; 9999; 9999; 9999; 9999; 9999; 9999; 9999
1935;11; 9999; 9999; 9999; 9999; 9999; 9999; 9999; 9999; 9999; 9999; 9999; 9999; 9999; 9999; 9999; 9999; 9999; 9999; 9999; 9999; 9999; 9999; 9999; 9999; 9999; 9999; 9999; 9999; 9999; 9999; 9999
1935;12; 9999; 9999; 9999; 9999; 9999; 9999; 9999; 9999; 9999; 9999; 9999; 9999; 9999; 9999; 9999; 9999; 9999; 9999; 9999; 9999; 9999; 9999; 9999; 9999; 9999; 9999; 9999; 9999; 9999; 9999; 9999
1936;01; 9999; 9999; 9999; 9999; 9999; 9999; 9999; 9999; 9999; 9999; 9999; 9999; 9999; 9999; 9999; 9999; 9999; 9999; 9999; 9999; 9999; 9999; 9999; 9999; 9999; 9999; 9999; 9999; 9999; 9999; 9999
1936;02; 9999; 9999; 9999; 9999; 9999; 9999; 9999; 9999; 9999; 9999; 9999; 9999; 9999; 9999; 9999; 9999; 9999; 9999; 9999; 9999; 9999; 9999; 9999; 9999; 9999; 9999; 9999; 9999; 9999; 9999; 9999
1936;03; 9999; 9999; 9999; 9999; 9999; 9999; 9999; 9999; 9999; 9999; 9999; 9999; 9999; 9999; 9999; 9999; 9999; 9999; 9999; 9999; 9999; 9999; 9999; 9999; 9999; 9999; 9999; 9999; 9999; 9999; 9999
1936;04; 9999; 9999; 9999; 9999; 9999; 9999; 9999; 9999; 9999; 9999; 9999; 9999; 9999; 9999; 9999; 9999; 9999; 9999; 9999; 9999; 9999; 9999; 9999; 9999; 9999; 9999; 9999; 9999; 9999; 9999; 9999
1936;05; 9999; 9999; 9999; 9999; 9999; 9999; 9999; 9999; 9999; 9999; 9999; 9999; 9999; 9999; 9999; 9999; 9999; 9999; 9999; 9999; 9999; 9999; 9999; 9999; 9999; 9999; 9999; 9999; 9999; 9999; 9999
1936;06; 9999; 9999; 9999; 9999; 9999; 9999; 9999; 9999; 9999; 9999; 9999; 9999; 9999; 9999; 9999; 9999; 9999; 9999; 9999; 9999; 9999; 9999; 9999; 9999; 9999; 9999; 9999; 9999; 9999; 9999; 9999
1936;07; 9999; 9999; 9999; 9999; 9999; 9999; 9999; 9999; 9999; 9999; 9999; 9999; 9999; 9999; 9999; 9999; 9999; 9999; 9999; 9999; 9999; 9999; 9999; 9999; 9999; 9999; 9999; 9999; 9999; 9999; 9999
1936;08; 9999; 9999; 9999; 9999; 9999; 9999; 9999; 9999; 9999; 9999; 9999; 9999; 9999; 9999; 9999; 9999; 9999; 9999; 9999; 9999; 9999; 9999; 9999; 9999; 9999; 9999; 9999; 9999; 9999; 9999; 9999
1936;09; 9999; 9999; 9999; 9999; 9999; 9999; 9999; 9999; 9999; 9999; 9999; 9999; 9999; 9999; 9999; 9999; 9999; 9999; 9999; 9999; 9999; 9999; 9999; 9999; 9999; 9999; 9999; 9999; 9999; 9999; 9999
1936;10; 9999; 9999; 9999; 9999; 9999; 9999; 9999; 9999; 9999; 9999; 9999; 9999; 9999; 9999; 9999; 9999; 9999; 9999; 9999; 9999; 9999; 9999; 9999; 9999; 9999; 9999; 9999; 9999; 9999; 9999; 9999
1936;11; 9999; 9999; 9999; 9999; 9999; 9999; 9999; 9999; 9999; 9999; 9999; 9999; 9999; 9999; 9999; 9999; 9999; 9999; 9999; 9999; 9999; 9999; 9999; 9999; 9999; 9999; 9999; 9999; 9999; 9999; 9999
1936;12; 9999; 9999; 9999; 9999; 9999; 9999; 9999; 9999; 9999; 9999; 9999; 9999; 9999; 9999; 9999; 9999; 9999; 9999; 9999; 9999; 9999; 9999; 9999; 9999; 9999; 9999; 9999; 9999; 9999; 9999; 9999
1937;01; 9999; 9999; 9999; 9999; 9999; 9999; 9999; 9999; 9999; 9999; 9999; 9999; 9999; 9999; 9999; 9999; 9999; 9999; 9999; 9999; 9999; 9999; 9999; 9999; 9999; 9999; 9999; 9999; 9999; 9999; 9999
1937;02; 9999; 9999; 9999; 9999; 9999; 9999; 9999; 9999; 9999; 9999; 9999; 9999; 9999; 9999; 9999; 9999; 9999; 9999; 9999; 9999; 9999; 9999; 9999; 9999; 9999; 9999; 9999; 9999; 9999; 9999; 9999
1937;03; 9999; 9999; 9999; 9999; 9999; 9999; 9999; 9999; 9999; 9999; 9999; 9999; 9999; 9999; 9999; 9999; 9999; 9999; 9999; 9999; 9999; 9999; 9999; 9999; 9999; 9999; 9999; 9999; 9999; 9999; 9999
1937;04; 0; 0; 0; 43; 83; 0; 100; 20; 0; 0; 0; 0; 490; 0; 0; 56; 0; 0; 0; 40; 0; 0; 0; 0; 0; 0; 0; 0; 0; 0; 9999
1937;05; 283; 0; 0; 0; 0; 0; 0; 0; 0; 0; 0; 0; 0; 0; 52; 0; 0; 0; 0; 0; 0; 0; 0; 0; 0; 0; 0; 0; 0; 0; 0
1937;06; 206; 0; 0; 0; 0; 412; 0; 0; 0; 0; 0; 0; 0; 0; 0; 0; 0; 0; 0; 0; 0; 0; 0; 0; 0; 0; 0; 0; 0; 0; 9999
1937;07; 0; 0; 0; 0; 0; 0; 0; 0; 0; 0; 0; 0; 0; 0; 0; 0; 0; 0; 0; 0; 0; 0; 0; 0; 0; 0; 0; 0; 0; 0; 0
1937;08; 0; 0; 0; 0; 0; 0; 0; 0; 0; 0; 0; 0; 0; 0; 0; 0; 0; 0; 0; 0; 0; 0; 0; 0; 0; 0; 0; 0; 0; 0; 0
1937;09; 0; 0; 0; 0; 0; 0; 0; 0; 0; 0; 0; 0; 0; 0; 0; 0; 0; 0; 0; 0; 0; 0; 0; 0; 0; 0; 0; 0; 0; 0; 9999
1937;10; 62; 16; 0; 135; 230; 0; 0; 0; 72; 0; 0; 0; 0; 264; 434; 0; 0; 0; 0; 136; 108; 0; 0; 0; 157; 0; 0; 0; 0; 0; 50
1937;11; 52; 718; 750; 0; 0; 0; 0; 0; 203; 0; 0; 268; 165; 0; 24; 107; 442; 0; 0; 0; 0; 0; 396; 0; 0; 0; 0; 0; 0; 150; 9999
1937;12; 167; 60; 65; 130; 40; 146; 235; 400; 125; 0; 370; 41; 0; 0; 43; 155; 0; 396; 175; 0; 135; 0; 0; 0; 120; 93; 0; 0; 182; 200; 67
1938;01; 0; 98; 0; 0; 663; 0; 0; 0; 0; 0; 0; 0; 0; 140; 0; 60; 37; 22; 0; 263; 0; 0; 0; 0; 0; 220; 0; 0; 66; 138; 0
1938;02; 0; 180; 314; 133; 0; 66; 166; 74; 0; 0; 40; 0; 0; 141; 0; 0; 0; 36; 143; 0; 0; 0; 0; 0; 0; 0; 0; 0; 9999; 9999; 9999
1938;03; 23; 10; 0; 0; 700; 0; 0; 0; 0; 0; 0; 0; 136; 0; 0; 0; 0; 95; 0; 120; 0; 0; 0; 0; 23; 197; 0; 0; 0; 0; 0
1938;04; 17; 64; 0; 0; 790; 33; 115; 0; 25; 300; 65; 12; 0; 0; 24; 0; 0; 0; 0; 0; 396; 148; 5; 21; 0; 0; 0; 0; 0; 43; 9999
1938;05; 0; 0; 0; 0; 0; 0; 0; 0; 0; 0; 7; 0; 0; 93; 0; 0; 29; 0; 0; 90; 374; 0; 168; 0; 0; 0; 0; 0; 0; 0; 0
1938;06; 0; 0; 0; 0; 0; 0; 0; 0; 0; 0; 0; 0; 0; 0; 0; 0; 0; 0; 0; 0; 0; 0; 0; 0; 0; 0; 0; 0; 0; 0; 9999
1938;07; 0; 0; 0; 0; 0; 0; 0; 0; 0; 0; 0; 0; 0; 0; 0; 0; 0; 0; 0; 0; 0; 0; 0; 0; 0; 0; 0; 0; 0; 0; 0
1938;08; 0; 0; 0; 0; 0; 0; 22; 5; 22; 0; 0; 0; 13; 0; 0; 0; 0; 0; 0; 0; 0; 0; 0; 0; 0; 0; 0; 0; 0; 0; 0
1938;09; 0; 0; 0; 0; 0; 0; 0; 0; 193; 0; 0; 0; 0; 105; 0; 0; 0; 0; 0; 0; 0; 0; 0; 0; 0; 0; 0; 0; 0; 0; 9999
1938;10; 0; 0; 62; 0; 0; 0; 0; 0; 0; 0; 0; 35; 196; 432; 34; 0; 0; 12; 0; 614; 0; 0; 0; 0; 0; 0; 71; 68; 0; 204; 776
1938;11; 0; 0; 0; 62; 0; 52; 0; 250; 0; 300; 178; 44; 0; 0; 0; 0; 0; 214; 0; 0; 0; 0; 0; 0; 0; 8; 0; 42; 224; 100; 9999
1938;12; 275; 525; 0; 0; 0; 0; 13; 828; 400; 115; 0; 0; 0; 0; 0; 72; 0; 428; 0; 32; 200; 224; 0; 637; 20; 687; 86; 22; 47; 22; 232
1939;01; 100; 23; 200; 0; 0; 0; 7; 152; 0; 8; 0; 0; 0; 0; 0; 0; 42; 10; 182; 0; 0; 1012; 530; 52; 484; 245; 0; 0; 114; 0; 0
1939;02; 0; 30; 0; 342; 0; 0; 128; 0; 117; 40; 578; 0; 13; 0; 0; 0; 0; 0; 0; 24; 25; 220; 0; 85; 0; 0; 0; 248; 9999; 9999; 9999
1939;03; 101; 0; 0; 0; 0; 0; 0; 0; 0; 0; 0; 0; 0; 12; 0; 0; 0; 0; 420; 152; 0; 0; 402; 0; 0; 20; 0; 0; 23; 58; 206
1939;04; 0; 84; 0; 0; 0; 0; 0; 0; 175; 0; 0; 0; 0; 0; 0; 0; 0; 58; 0; 0; 0; 0; 5; 0; 21; 228; 0; 48; 0; 0; 9999
1939;05; 0; 0; 0; 0; 206; 100; 0; 0; 178; 10; 4; 30; 0; 0; 0; 0; 0; 0; 0; 0; 0; 0; 0; 0; 0; 0; 0; 0; 0; 0; 432
1939;06; 105; 0; 0; 20; 0; 0; 0; 0; 0; 0; 225; 0; 0; 0; 0; 0; 0; 0; 0; 0; 0; 0; 0; 0; 0; 0; 0; 0; 130; 0; 9999
1939;07; 0; 0; 0; 0; 0; 0; 0; 0; 0; 0; 0; 0; 30; 36; 0; 0; 0; 0; 0; 21; 3; 0; 73; 0; 175; 24; 0; 0; 32; 0; 0
1939;08; 0; 0; 0; 0; 0; 0; 0; 0; 0; 0; 0; 0; 0; 0; 0; 0; 0; 0; 0; 0; 0; 0; 0; 0; 0; 0; 0; 0; 0; 0; 0
1939;09; 3; 7; 0; 80; 14; 0; 0; 0; 0; 0; 0; 0; 27; 0; 0; 68; 0; 0; 180; 0; 0; 0; 0; 0; 0; 0; 0; 0; 0; 0; 9999
1939;10; 180; 276; 0; 0; 180; 25; 0; 0; 0; 0; 0; 0; 0; 0; 0; 0; 0; 0; 0; 0; 0; 67; 68; 12; 0; 0; 0; 0; 0; 0; 0
1939;11; 94; 0; 0; 0; 8; 0; 58; 322; 292; 0; 0; 0; 0; 0; 430; 0; 0; 0; 82; 383; 0; 670; 462; 168; 180; 60; 240; 0; 0; 62; 9999
1939;12; 186; 64; 0; 25; 0; 0; 520; 92; 0; 143; 300; 272; 484; 31; 0; 0; 0; 490; 140; 454; 44; 43; 500; 280; 390; 28; 48; 60; 90; 0; 65
1940;01; 0; 64; 125; 0; 131; 10; 0; 30; 150; 442; 286; 0; 0; 0; 0; 0; 0; 0; 0; 208; 107; 70; 62; 0; 902; 0; 13; 0; 0; 0; 35
1940;02; 20; 132; 326; 440; 24; 415; 58; 0; 42; 4; 0; 232; 245; 223; 214; 65; 645; 0; 10; 304; 0; 0; 165; 0; 40; 0; 24; 20; 0; 9999; 9999
1940;03; 0; 0; 42; 102; 0; 0; 0; 26; 195; 213; 383; 102; 0; 145; 132; 22; 143; 0; 0; 0; 0; 0; 0; 0; 0; 0; 0; 0; 0; 0; 84
1940;04; 0; 0; 0; 0; 0; 143; 0; 0; 0; 0; 0; 0; 0; 0; 0; 0; 12; 16; 0; 0; 0; 0; 0; 0; 0; 0; 14; 23; 0; 0; 9999
1940;05; 0; 0; 0; 0; 0; 0; 0; 0; 0; 0; 0; 0; 0; 0; 0; 135; 0; 0; 0; 42; 0; 0; 0; 0; 0; 0; 0; 0; 0; 0; 0
1940;06; 92; 0; 0; 0; 0; 0; 0; 0; 0; 0; 0; 0; 0; 0; 0; 0; 0; 0; 0; 0; 0; 0; 0; 0; 0; 0; 0; 0; 0; 0; 9999
1940;07; 0; 0; 0; 0; 0; 0; 0; 0; 0; 0; 0; 0; 0; 0; 0; 0; 0; 0; 0; 0; 0; 0; 0; 0; 0; 0; 0; 0; 0; 0; 0
1940;08; 0; 0; 0; 0; 0; 0; 0; 0; 0; 0; 0; 0; 0; 0; 0; 0; 0; 0; 0; 0; 0; 0; 0; 0; 0; 0; 0; 0; 0; 0; 0
1940;09; 0; 0; 0; 0; 0; 0; 0; 0; 0; 0; 0; 0; 0; 0; 0; 0; 0; 0; 0; 0; 0; 0; 0; 28; 326; 0; 0; 0; 0; 0; 9999
1940;10; 0; 0; 0; 0; 0; 0; 0; 0; 0; 64; 0; 246; 0; 0; 0; 0; 0; 0; 0; 0; 204; 63; 0; 0; 37; 0; 312; 15; 62; 402; 0
1940;11; 0; 0; 36; 0; 106; 0; 0; 0; 36; 214; 26; 184; 300; 275; 358; 34; 0; 87; 8; 75; 106; 0; 0; 0; 67; 0; 85; 153; 86; 0; 9999
1940;12; 12; 0; 14; 0; 0; 0; 0; 0; 0; 0; 0; 0; 0; 0; 132; 0; 14; 0; 244; 0; 135; 23; 150; 20; 7; 20; 160; 4; 0; 27; 52
1941;01; 433; 556; 675; 260; 505; 86; 0; 0; 25; 54; 0; 24; 142; 0; 41; 234; 0; 201; 136; 30; 42; 143; 40; 12; 30; 604; 0; 5; 0; 40; 0
1941;02; 246; 30; 102; 0; 65; 8; 0; 22; 0; 0; 3; 0; 0; 0; 0; 0; 40; 0; 24; 21; 0; 0; 32; 12; 7; 243; 20; 0; 9999; 9999; 9999
1941;03; 0; 0; 0; 0; 0; 0; 0; 0; 0; 0; 0; 0; 50; 210; 42; 0; 23; 0; 202; 0; 53; 8; 0; 0; 162; 116; 0; 0; 0; 0; 0
1941;04; 120; 162; 204; 0; 0; 0; 0; 224; 0; 90; 0; 68; 0; 0; 0; 0; 0; 0; 0; 0; 0; 0; 0; 0; 0; 0; 0; 0; 0; 0; 9999
1941;05; 0; 0; 0; 0; 0; 0; 0; 0; 0; 0; 0; 0; 0; 0; 0; 0; 0; 0; 0; 0; 0; 0; 0; 0; 0; 0; 0; 0; 394; 0; 0
1941;06; 0; 0; 0; 0; 0; 0; 0; 0; 0; 0; 0; 0; 0; 0; 0; 0; 0; 0; 0; 0; 0; 0; 0; 0; 0; 0; 0; 0; 0; 0; 9999
1941;07; 0; 0; 0; 0; 0; 0; 0; 24; 6; 2; 0; 0; 0; 0; 0; 0; 184; 0; 0; 89; 0; 0; 0; 4; 0; 0; 0; 0; 0; 0; 0
1941;08; 0; 0; 0; 0; 0; 0; 0; 0; 0; 0; 0; 0; 0; 0; 0; 0; 0; 0; 0; 0; 0; 0; 0; 0; 0; 0; 0; 0; 0; 0; 0
1941;09; 0; 0; 5; 54; 0; 0; 42; 0; 0; 0; 238; 392; 0; 30; 143; 72; 14; 20; 22; 0; 0; 0; 0; 0; 142; 530; 42; 330; 0; 0; 9999
1941;10; 68; 0; 0; 0; 0; 0; 0; 183; 42; 0; 0; 0; 0; 0; 0; 0; 73; 0; 0; 0; 0; 0; 0; 0; 0; 0; 0; 0; 0; 14; 0
1941;11; 346; 27; 0; 0; 42; 591; 150; 230; 220; 0; 0; 0; 82; 0; 0; 0; 0; 265; 0; 0; 0; 0; 80; 0; 10; 233; 240; 0; 35; 126; 9999
1941;12; 132; 36; 104; 0; 65; 0; 0; 0; 112; 74; 0; 412; 0; 0; 0; 0; 25; 1044; 0; 25; 0; 0; 0; 268; 0; 56; 130; 0; 40; 3; 158
1942;01; 0; 90; 16; 80; 0; 44; 230; 0; 52; 312; 274; 12; 0; 0; 34; 0; 0; 503; 0; 4; 21; 0; 0; 0; 0; 24; 0; 48; 0; 14; 54
1942;02; 234; 12; 21; 174; 0; 0; 0; 0; 402; 303; 16; 122; 0; 0; 421; 12; 102; 157; 52; 36; 72; 302; 277; 21; 0; 0; 0; 0; 9999; 9999; 9999
1942;03; 56; 36; 502; 153; 172; 94; 672; 273; 0; 388; 81; 42; 32; 120; 34; 0; 0; 148; 0; 0; 25; 152; 190; 0; 12; 12; 0; 27; 0; 0; 0
1942;04; 220; 0; 0; 0; 602; 190; 124; 32; 43; 43; 0; 0; 0; 275; 673; 25; 0; 0; 0; 0; 0; 0; 0; 0; 0; 0; 0; 0; 0; 0; 9999
1942;05; 0; 0; 0; 0; 0; 84; 346; 144; 0; 0; 0; 0; 0; 0; 0; 0; 0; 0; 0; 0; 0; 0; 0; 0; 0; 0; 0; 0; 0; 0; 0
1942;06; 0; 0; 0; 0; 0; 68; 248; 0; 0; 0; 0; 0; 0; 0; 0; 0; 0; 0; 22; 21; 0; 0; 0; 0; 0; 0; 0; 0; 0; 0; 9999
1942;07; 0; 0; 0; 0; 112; 0; 0; 0; 0; 0; 0; 0; 0; 0; 0; 0; 0; 0; 0; 0; 0; 0; 0; 0; 0; 0; 0; 0; 0; 0; 65
1942;08; 0; 0; 0; 0; 0; 0; 0; 0; 0; 0; 0; 0; 0; 0; 0; 0; 0; 0; 0; 0; 0; 0; 0; 0; 0; 0; 0; 0; 0; 0; 0
1942;09; 0; 0; 0; 0; 14; 0; 0; 12; 0; 0; 0; 0; 0; 0; 0; 0; 23; 70; 102; 0; 0; 0; 0; 0; 85; 0; 0; 0; 0; 0; 9999
1942;10; 14; 0; 42; 0; 0; 0; 0; 0; 8; 0; 0; 0; 0; 96; 25; 64; 0; 0; 0; 0; 0; 0; 0; 0; 0; 0; 6; 134; 600; 42; 0
1942;11; 89; 312; 0; 0; 0; 0; 0; 0; 136; 0; 0; 0; 16; 634; 258; 0; 0; 0; 0; 874; 25; 0; 0; 0; 568; 72; 100; 48; 0; 20; 9999
1942;12; 110; 12; 24; 28; 0; 0; 0; 0; 14; 94; 271; 16; 23; 92; 0; 167; 202; 556; 184; 24; 158; 42; 12; 126; 584; 284; 63; 0; 0; 14; 0
1943;01; 315; 0; 445; 238; 237; 369; 264; 52; 78; 58; 52; 72; 0; 0; 553; 166; 0; 62; 135; 422; 50; 42; 0; 0; 183; 64; 314; 0; 24; 348; 225
1943;02; 34; 0; 704; 0; 0; 0; 64; 42; 28; 0; 0; 188; 41; 347; 298; 276; 45; 213; 36; 24; 210; 0; 28; 0; 32; 12; 0; 24; 9999; 9999; 9999
1943;03; 0; 72; 0; 0; 44; 10; 490; 132; 58; 530; 53; 90; 14; 497; 13; 125; 10; 0; 0; 88; 35; 0; 41; 0; 0; 10; 5; 0; 60; 0; 0
1943;04; 0; 0; 0; 1; 0; 0; 0; 0; 10; 0; 0; 0; 0; 0; 48; 264; 54; 0; 0; 0; 0; 6; 0; 0; 0; 0; 0; 0; 0; 0; 9999
1943;05; 0; 0; 0; 0; 0; 0; 0; 0; 0; 14; 0; 0; 0; 0; 0; 0; 0; 0; 0; 0; 0; 0; 0; 0; 0; 0; 0; 0; 0; 0; 0
1943;06; 0; 0; 0; 0; 0; 0; 30; 36; 12; 0; 0; 0; 0; 12; 0; 0; 0; 0; 0; 0; 0; 0; 0; 0; 0; 0; 0; 0; 0; 0; 9999
1943;07; 0; 0; 0; 0; 0; 0; 0; 0; 0; 0; 0; 0; 0; 0; 0; 0; 0; 0; 0; 0; 0; 0; 0; 0; 0; 0; 0; 0; 0; 0; 0
1943;08; 0; 0; 0; 0; 0; 0; 0; 0; 0; 0; 0; 0; 0; 0; 0; 0; 0; 0; 0; 0; 0; 0; 0; 0; 0; 0; 0; 0; 0; 0; 0
1943;09; 0; 0; 0; 0; 0; 0; 0; 0; 0; 0; 12; 0; 0; 14; 0; 0; 0; 0; 8; 0; 43; 0; 0; 0; 188; 0; 0; 0; 0; 0; 9999
1943;10; 0; 0; 0; 64; 0; 150; 0; 82; 0; 30; 21; 126; 64; 51; 136; 22; 0; 21; 0; 0; 0; 0; 178; 96; 86; 76; 8; 74; 105; 0; 21
1943;11; 0; 0; 28; 292; 738; 352; 0; 0; 57; 0; 207; 100; 0; 0; 0; 270; 0; 142; 627; 0; 0; 0; 0; 211; 0; 0; 0; 0; 0; 0; 9999
1943;12; 157; 104; 178; 114; 0; 0; 0; 0; 0; 0; 0; 20; 98; 65; 12; 34; 226; 92; 0; 0; 0; 14; 230; 16; 0; 0; 0; 56; 266; 0; 0
1944;01; 160; 0; 0; 25; 0; 30; 158; 0; 0; 0; 0; 299; 0; 0; 0; 0; 0; 214; 10; 0; 0; 0; 42; 104; 684; 998; 62; 285; 17; 52; 0
1944;02; 0; 0; 0; 0; 0; 0; 0; 0; 0; 52; 0; 0; 0; 136; 10; 212; 180; 0; 121; 167; 426; 58; 0; 21; 190; 0; 101; 0; 75; 9999; 9999
1944;03; 45; 178; 200; 0; 68; 17; 266; 202; 59; 0; 0; 0; 0; 263; 363; 37; 15; 30; 34; 141; 0; 0; 0; 25; 0; 0; 0; 22; 130; 0; 0
1944;04; 27; 168; 0; 0; 0; 0; 0; 0; 0; 5; 61; 0; 0; 16; 227; 21; 46; 0; 17; 0; 258; 65; 0; 0; 0; 0; 0; 0; 0; 0; 9999
1944;05; 0; 0; 0; 0; 0; 0; 0; 0; 0; 0; 0; 0; 0; 0; 0; 0; 0; 0; 0; 0; 0; 0; 0; 0; 0; 0; 0; 0; 0; 0; 0
1944;06; 0; 0; 0; 0; 18; 0; 0; 0; 0; 0; 0; 0; 0; 0; 0; 0; 0; 0; 0; 0; 0; 0; 0; 0; 0; 0; 0; 0; 0; 0; 9999
1944;07; 0; 0; 0; 0; 0; 0; 0; 0; 0; 0; 0; 0; 0; 0; 0; 0; 0; 0; 0; 0; 0; 0; 0; 0; 0; 0; 0; 0; 0; 0; 0
1944;08; 0; 0; 0; 0; 0; 0; 0; 0; 0; 0; 0; 0; 0; 0; 0; 0; 0; 0; 0; 0; 0; 0; 0; 0; 0; 0; 0; 0; 0; 0; 0
1944;09; 0; 0; 0; 0; 0; 0; 0; 38; 0; 0; 0; 0; 0; 0; 0; 0; 0; 0; 0; 0; 0; 0; 0; 0; 0; 0; 0; 0; 0; 0; 9999
1944;10; 0; 0; 0; 0; 0; 0; 0; 0; 0; 0; 12; 0; 138; 280; 0; 0; 13; 0; 0; 50; 200; 0; 0; 0; 17; 80; 0; 34; 222; 122; 30
1944;11; 0; 0; 22; 38; 0; 0; 0; 25; 0; 0; 0; 0; 136; 62; 210; 55; 17; 1; 46; 100; 118; 0; 15; 171; 280; 28; 0; 0; 0; 0; 9999
1944;12; 38; 0; 120; 30; 26; 0; 0; 0; 26; 380; 99; 0; 0; 0; 2; 0; 0; 0; 0; 152; 50; 0; 0; 50; 50; 88; 0; 0; 0; 0; 12
1945;01; 0; 0; 131; 300; 27; 22; 116; 5; 52; 0; 0; 0; 0; 0; 0; 36; 120; 507; 0; 307; 84; 88; 102; 0; 5; 15; 24; 0; 274; 123; 410
1945;02; 672; 658; 151; 24; 0; 0; 15; 362; 537; 28; 6; 51; 24; 24; 0; 301; 34; 6; 54; 72; 0; 91; 5; 0; 0; 0; 0; 0; 9999; 9999; 9999
1945;03; 0; 0; 106; 214; 0; 3; 30; 47; 296; 196; 14; 0; 0; 0; 110; 0; 0; 0; 0; 92; 382; 122; 0; 0; 23; 320; 130; 0; 0; 0; 0
1945;04; 56; 43; 0; 14; 0; 238; 5; 0; 0; 73; 0; 0; 0; 0; 0; 0; 0; 0; 74; 273; 152; 0; 0; 0; 0; 0; 0; 6; 0; 180; 9999
1945;05; 0; 0; 0; 0; 0; 0; 0; 0; 0; 0; 0; 0; 0; 0; 2; 0; 6; 51; 0; 0; 0; 0; 0; 0; 0; 0; 5; 0; 0; 0; 0
1945;06; 0; 0; 0; 0; 0; 0; 0; 0; 0; 0; 0; 0; 0; 0; 0; 0; 0; 0; 0; 0; 0; 0; 0; 0; 14; 0; 0; 0; 0; 0; 9999
1945;07; 0; 0; 0; 0; 11; 0; 0; 0; 0; 0; 0; 0; 0; 0; 0; 0; 0; 0; 0; 0; 0; 0; 0; 0; 0; 0; 0; 0; 0; 0; 0
1945;08; 0; 0; 0; 0; 0; 0; 0; 0; 0; 0; 0; 0; 0; 0; 0; 0; 0; 0; 0; 0; 0; 0; 24; 0; 0; 0; 0; 0; 0; 0; 0
1945;09; 0; 2; 30; 0; 0; 0; 0; 0; 0; 0; 0; 0; 0; 0; 0; 1; 16; 0; 0; 0; 0; 0; 0; 0; 0; 0; 0; 0; 0; 0; 9999
1945;10; 0; 28; 35; 152; 12; 2; 57; 0; 290; 65; 0; 0; 0; 0; 0; 0; 0; 82; 0; 0; 0; 0; 0; 0; 0; 0; 0; 0; 34; 0; 303
1945;11; 234; 0; 73; 56; 0; 556; 0; 0; 98; 78; 0; 392; 201; 300; 0; 0; 78; 20; 0; 0; 60; 42; 0; 262; 138; 106; 690; 134; 20; 0; 9999
1945;12; 0; 0; 0; 0; 0; 57; 42; 185; 25; 0; 27; 18; 44; 299; 183; 194; 243; 168; 0; 0; 0; 26; 102; 0; 44; 142; 256; 68; 230; 123; 500
1946;01; 410; 0; 0; 72; 135; 305; 520; 0; 0; 0; 0; 216; 0; 0; 62; 0; 0; 0; 42; 0; 145; 40; 0; 134; 42; 43; 52; 332; 6; 6; 0
1946;02; 0; 21; 0; 0; 0; 0; 118; 189; 0; 0; 0; 52; 0; 17; 438; 95; 0; 32; 0; 0; 22; 175; 135; 72; 0; 0; 0; 0; 9999; 9999; 9999
1946;03; 0; 67; 102; 203; 0; 115; 151; 243; 0; 0; 603; 0; 362; 213; 360; 54; 0; 562; 0; 15; 805; 2; 0; 0; 223; 10; 0; 0; 0; 0; 0
1946;04; 0; 112; 0; 0; 35; 0; 0; 135; 0; 0; 12; 0; 256; 0; 0; 0; 0; 0; 8; 0; 0; 0; 0; 0; 0; 0; 0; 0; 0; 0; 9999
1946;05; 0; 0; 0; 0; 0; 0; 0; 0; 0; 0; 0; 0; 133; 0; 0; 0; 0; 0; 0; 0; 0; 0; 0; 0; 0; 0; 0; 0; 0; 0; 0
1946;06; 0; 120; 112; 0; 0; 0; 0; 0; 0; 0; 0; 0; 0; 0; 0; 0; 0; 0; 0; 0; 0; 0; 0; 0; 0; 0; 0; 0; 0; 0; 9999
1946;07; 0; 0; 0; 0; 0; 0; 0; 0; 0; 0; 0; 0; 111; 605; 0; 187; 0; 0; 0; 0; 0; 0; 0; 0; 0; 0; 0; 0; 0; 0; 0
1946;08; 0; 0; 0; 0; 0; 0; 0; 0; 0; 0; 0; 0; 0; 0; 0; 0; 0; 0; 0; 0; 0; 0; 0; 0; 0; 0; 0; 0; 0; 0; 0
1946;09; 0; 0; 0; 0; 0; 80; 0; 0; 0; 0; 0; 0; 0; 0; 0; 0; 0; 0; 0; 0; 0; 0; 0; 0; 0; 72; 12; 0; 472; 0; 9999
1946;10; 0; 0; 0; 0; 0; 0; 0; 10; 0; 303; 35; 253; 0; 0; 39; 52; 0; 396; 0; 202; 0; 102; 0; 0; 0; 53; 0; 0; 0; 0; 0
1946;11; 23; 485; 0; 0; 0; 102; 13; 111; 154; 0; 0; 0; 0; 0; 0; 180; 0; 0; 0; 0; 0; 0; 42; 0; 0; 386; 0; 0; 274; 90; 9999
1946;12; 101; 0; 0; 0; 0; 0; 30; 102; 61; 34; 0; 0; 0; 0; 0; 435; 0; 120; 0; 0; 0; 0; 352; 65; 232; 50; 158; 0; 0; 0; 113
1947;01; 52; 462; 282; 123; 30; 50; 0; 0; 51; 101; 0; 0; 0; 82; 82; 0; 123; 74; 0; 80; 202; 92; 0; 190; 0; 181; 102; 206; 140; 0; 0
1947;02; 0; 0; 0; 0; 0; 21; 232; 0; 0; 0; 0; 0; 0; 302; 353; 270; 32; 0; 0; 62; 70; 0; 54; 332; 0; 0; 380; 101; 9999; 9999; 9999
1947;03; 653; 51; 50; 0; 360; 200; 218; 292; 0; 0; 0; 836; 58; 452; 134; 0; 434; 72; 0; 0; 0; 0; 0; 0; 101; 52; 285; 0; 0; 0; 0
1947;04; 0; 0; 0; 0; 0; 0; 0; 0; 0; 0; 0; 0; 0; 0; 0; 152; 0; 0; 0; 0; 0; 0; 0; 194; 0; 0; 0; 0; 0; 0; 9999
1947;05; 0; 0; 0; 0; 0; 0; 0; 0; 0; 0; 0; 0; 0; 0; 0; 0; 0; 0; 0; 21; 0; 0; 0; 0; 0; 0; 0; 0; 0; 0; 0
1947;06; 0; 0; 0; 0; 0; 0; 0; 0; 0; 0; 0; 0; 0; 0; 0; 0; 0; 0; 0; 52; 0; 0; 100; 0; 0; 0; 0; 0; 0; 0; 9999
1947;07; 0; 0; 0; 0; 0; 0; 0; 0; 93; 16; 0; 0; 0; 0; 0; 0; 0; 0; 0; 0; 0; 0; 0; 0; 0; 0; 0; 0; 0; 0; 0
1947;08; 0; 52; 0; 0; 0; 0; 0; 0; 0; 0; 0; 0; 0; 0; 0; 0; 0; 0; 0; 0; 0; 0; 0; 0; 0; 0; 0; 59; 235; 52; 48
1947;09; 0; 0; 0; 37; 0; 0; 0; 0; 324; 102; 0; 0; 0; 0; 0; 0; 0; 124; 85; 0; 0; 0; 0; 0; 0; 0; 0; 0; 0; 0; 9999
1947;10; 0; 362; 0; 0; 0; 385; 0; 0; 18; 0; 0; 0; 0; 0; 0; 0; 0; 0; 0; 0; 0; 24; 555; 61; 496; 72; 0; 0; 0; 0; 0
1947;11; 200; 53; 432; 0; 0; 0; 0; 0; 0; 242; 0; 0; 118; 14; 0; 0; 0; 0; 0; 0; 0; 0; 45; 0; 63; 460; 0; 0; 52; 0; 9999
1947;12; 0; 43; 403; 0; 0; 0; 0; 0; 172; 0; 54; 86; 138; 0; 0; 64; 565; 13; 0; 0; 103; 252; 0; 0; 0; 0; 354; 0; 0; 214; 0
1948;01; 0; 0; 0; 0; 0; 0; 0; 52; 0; 0; 175; 374; 394; 402; 0; 86; 64; 124; 0; 0; 83; 82; 0; 0; 0; 0; 52; 0; 0; 104; 11
1948;02; 100; 165; 390; 23; 91; 31; 0; 292; 0; 0; 202; 170; 0; 220; 201; 527; 0; 22; 0; 0; 0; 5; 0; 0; 0; 0; 0; 193; 0; 9999; 9999
1948;03; 150; 0; 0; 0; 93; 252; 0; 0; 0; 0; 224; 251; 25; 232; 198; 0; 0; 5; 0; 103; 0; 0; 0; 175; 85; 101; 0; 0; 40; 82; 0
1948;04; 0; 0; 0; 0; 0; 95; 0; 0; 0; 0; 0; 0; 0; 0; 0; 0; 0; 0; 0; 0; 0; 0; 0; 0; 0; 0; 0; 0; 0; 0; 9999
1948;05; 0; 0; 0; 0; 0; 0; 0; 0; 82; 0; 0; 0; 0; 0; 0; 0; 0; 193; 0; 0; 0; 0; 0; 0; 0; 0; 0; 0; 45; 0; 0
1948;06; 0; 0; 0; 0; 0; 0; 0; 0; 0; 0; 0; 0; 0; 0; 0; 0; 0; 0; 0; 0; 0; 0; 0; 0; 0; 0; 0; 0; 0; 0; 9999
1948;07; 0; 0; 0; 0; 0; 0; 0; 0; 0; 0; 0; 0; 0; 0; 0; 0; 0; 0; 0; 0; 0; 0; 0; 0; 0; 0; 55; 21; 0; 0; 0
1948;08; 0; 0; 0; 0; 0; 0; 0; 0; 0; 0; 52; 0; 0; 0; 0; 0; 0; 0; 0; 0; 0; 0; 0; 0; 0; 0; 0; 0; 0; 0; 0
1948;09; 0; 0; 0; 0; 0; 0; 0; 0; 0; 0; 0; 53; 0; 0; 0; 0; 0; 0; 0; 0; 0; 0; 0; 0; 0; 0; 0; 0; 0; 0; 9999
1948;10; 0; 0; 0; 0; 23; 0; 0; 0; 0; 0; 0; 0; 0; 0; 206; 0; 0; 0; 0; 0; 0; 0; 0; 0; 0; 0; 142; 0; 0; 0; 0
1948;11; 0; 0; 0; 21; 0; 187; 0; 101; 133; 0; 282; 0; 202; 0; 53; 0; 411; 158; 0; 0; 0; 0; 0; 0; 0; 0; 335; 104; 0; 0; 9999
1948;12; 0; 384; 72; 0; 0; 0; 0; 0; 51; 311; 0; 0; 0; 0; 0; 144; 659; 252; 498; 0; 0; 0; 0; 0; 0; 0; 0; 0; 0; 456; 0
1949;01; 0; 0; 0; 0; 0; 0; 0; 0; 0; 0; 123; 194; 89; 229; 161; 159; 878; 852; 103; 15; 0; 0; 105; 107; 86; 224; 145; 294; 254; 0; 280
1949;02; 101; 0; 0; 32; 101; 0; 24; 252; 0; 0; 0; 0; 49; 24; 72; 6; 89; 0; 0; 102; 616; 732; 0; 101; 52; 0; 220; 0; 9999; 9999; 9999
1949;03; 0; 0; 0; 30; 0; 10; 0; 163; 126; 0; 0; 0; 0; 0; 0; 0; 0; 0; 0; 0; 0; 0; 0; 0; 140; 83; 0; 0; 100; 102; 164
1949;04; 25; 105; 102; 187; 4; 0; 70; 0; 261; 0; 0; 0; 0; 0; 0; 0; 0; 0; 0; 0; 0; 60; 0; 0; 133; 50; 0; 0; 2; 139; 9999
1949;05; 0; 0; 0; 243; 0; 0; 73; 0; 51; 0; 0; 401; 1102; 0; 0; 0; 0; 0; 0; 0; 0; 0; 0; 0; 0; 0; 0; 0; 0; 0; 0
1949;06; 0; 0; 0; 0; 0; 16; 0; 0; 0; 0; 0; 0; 0; 0; 0; 118; 0; 0; 0; 0; 0; 0; 0; 0; 0; 0; 0; 0; 0; 0; 9999
1949;07; 0; 0; 0; 0; 0; 0; 0; 0; 0; 0; 0; 0; 0; 0; 0; 0; 0; 0; 0; 0; 0; 0; 0; 0; 0; 0; 0; 0; 0; 0; 0
1949;08; 0; 0; 0; 0; 0; 0; 0; 0; 0; 0; 0; 0; 0; 0; 0; 0; 0; 0; 0; 0; 0; 0; 0; 0; 0; 0; 0; 0; 0; 6; 96
1949;09; 0; 0; 0; 0; 0; 0; 0; 0; 0; 0; 0; 0; 0; 0; 0; 0; 0; 0; 0; 0; 0; 0; 0; 0; 0; 0; 0; 0; 0; 0; 9999
1949;10; 34; 0; 0; 0; 0; 0; 0; 0; 0; 0; 0; 0; 0; 0; 0; 0; 156; 121; 0; 0; 595; 21; 0; 0; 0; 0; 153; 0; 57; 0; 0
1949;11; 0; 0; 800; 0; 77; 53; 0; 4; 444; 0; 55; 0; 0; 0; 0; 0; 0; 0; 222; 0; 56; 0; 15; 74; 0; 0; 0; 0; 0; 0; 9999
1949;12; 0; 68; 197; 53; 229; 0; 0; 901; 546; 54; 0; 0; 158; 138; 425; 65; 260; 184; 0; 0; 0; 0; 53; 49; 108; 301; 65; 0; 0; 0; 0
1950;01; 0; 0; 0; 0; 104; 281; 0; 0; 0; 0; 0; 87; 21; 15; 0; 0; 31; 52; 115; 206; 379; 303; 405; 159; 251; 382; 89; 161; 152; 205; 109
1950;02; 0; 0; 0; 15; 52; 0; 24; 15; 74; 0; 680; 0; 441; 0; 0; 103; 0; 0; 0; 352; 276; 68; 217; 395; 0; 71; 0; 117; 9999; 9999; 9999
1950;03; 0; 0; 0; 0; 0; 23; 438; 0; 0; 271; 0; 0; 152; 0; 0; 89; 136; 169; 303; 167; 0; 26; 0; 11; 12; 0; 0; 52; 0; 0; 0
1950;04; 0; 0; 418; 0; 541; 0; 0; 0; 0; 0; 0; 0; 164; 0; 0; 0; 67; 3; 118; 16; 0; 0; 0; 0; 0; 0; 0; 0; 0; 0; 9999
1950;05; 0; 0; 0; 0; 0; 0; 0; 0; 0; 0; 0; 0; 0; 0; 0; 0; 0; 0; 0; 0; 0; 0; 0; 0; 0; 0; 0; 0; 0; 0; 0
1950;06; 0; 0; 0; 0; 0; 0; 0; 0; 0; 0; 0; 0; 0; 0; 0; 0; 0; 0; 0; 0; 0; 0; 0; 0; 0; 0; 0; 0; 0; 0; 9999
1950;07; 0; 0; 0; 0; 0; 0; 0; 0; 0; 0; 0; 0; 0; 0; 0; 0; 0; 0; 0; 0; 0; 0; 0; 0; 0; 0; 0; 0; 0; 0; 0
1950;08; 0; 0; 0; 0; 0; 0; 0; 0; 0; 0; 0; 0; 0; 0; 0; 0; 0; 0; 0; 0; 0; 0; 0; 0; 0; 0; 0; 0; 0; 0; 0
1950;09; 0; 0; 0; 0; 0; 0; 0; 0; 0; 0; 0; 0; 0; 0; 0; 0; 0; 0; 0; 0; 0; 0; 0; 6; 26; 58; 0; 0; 0; 0; 9999
1950;10; 0; 24; 0; 0; 0; 204; 0; 445; 0; 0; 0; 0; 0; 0; 0; 0; 0; 0; 0; 53; 0; 0; 0; 0; 367; 0; 0; 0; 0; 54; 0
1950;11; 0; 0; 0; 0; 0; 0; 0; 153; 84; 325; 164; 0; 138; 0; 146; 0; 302; 216; 423; 18; 0; 109; 129; 0; 0; 102; 42; 396; 112; 0; 9999
1950;12; 183; 0; 0; 0; 84; 519; 261; 372; 144; 287; 172; 27; 0; 18; 116; 3; 52; 0; 0; 0; 0; 0; 0; 0; 0; 0; 0; 0; 32; 218; 462
1951;01; 64; 253; 53; 37; 0; 714; 104; 548; 69; 12; 0; 0; 27; 0; 0; 32; 15; 183; 281; 161; 72; 364; 109; 1; 551; 56; 45; 375; 0; 56; 35
1951;02; 0; 0; 0; 224; 0; 0; 45; 247; 171; 76; 478; 104; 302; 527; 132; 0; 102; 0; 0; 33; 91; 0; 94; 0; 105; 150; 0; 0; 9999; 9999; 9999
1951;03; 0; 0; 0; 111; 0; 287; 112; 75; 57; 29; 0; 180; 6; 0; 143; 0; 0; 0; 0; 4; 14; 0; 0; 0; 523; 3; 52; 48; 16; 0; 0
1951;04; 0; 294; 221; 0; 0; 0; 0; 0; 0; 0; 0; 0; 0; 0; 0; 0; 0; 0; 0; 0; 0; 0; 0; 0; 0; 0; 0; 0; 0; 0; 9999
1951;05; 0; 0; 0; 0; 0; 0; 0; 0; 0; 0; 0; 0; 0; 0; 0; 0; 0; 0; 345; 0; 0; 0; 0; 0; 0; 0; 0; 0; 0; 102; 0
1951;06; 0; 0; 0; 0; 0; 0; 0; 0; 0; 0; 0; 0; 0; 0; 0; 0; 0; 0; 0; 0; 0; 0; 0; 0; 0; 0; 0; 0; 45; 0; 9999
1951;07; 0; 0; 0; 0; 0; 0; 0; 0; 0; 0; 0; 0; 0; 0; 0; 0; 0; 0; 0; 0; 0; 0; 0; 0; 0; 0; 0; 0; 0; 0; 0
1951;08; 0; 0; 0; 0; 0; 0; 0; 0; 0; 0; 0; 0; 0; 0; 0; 0; 0; 0; 0; 0; 0; 0; 0; 0; 0; 0; 0; 0; 0; 0; 0
1951;09; 0; 0; 0; 0; 0; 0; 0; 0; 0; 0; 0; 0; 0; 0; 0; 0; 0; 0; 0; 0; 0; 0; 0; 0; 0; 0; 0; 0; 0; 0; 9999
1951;10; 0; 0; 0; 0; 0; 145; 0; 0; 0; 0; 0; 0; 0; 0; 292; 138; 0; 0; 0; 0; 82; 0; 163; 0; 0; 0; 204; 0; 0; 0; 0
1951;11; 0; 17; 0; 0; 0; 0; 0; 0; 0; 0; 0; 0; 0; 0; 0; 0; 155; 0; 0; 0; 0; 0; 44; 541; 494; 204; 83; 253; 232; 12; 9999
1951;12; 0; 0; 45; 0; 0; 0; 0; 0; 151; 61; 131; 0; 0; 0; 0; 0; 0; 0; 0; 697; 0; 74; 0; 0; 0; 0; 0; 0; 0; 102; 15
1952;01; 0; 88; 0; 134; 0; 0; 0; 0; 0; 0; 41; 175; 0; 136; 52; 0; 136; 0; 187; 0; 0; 34; 94; 392; 165; 305; 0; 2; 0; 0; 0
1952;02; 0; 0; 0; 535; 263; 42; 334; 93; 111; 52; 121; 125; 41; 41; 0; 0; 0; 0; 27; 32; 272; 94; 59; 0; 0; 195; 83; 0; 62; 9999; 9999
1952;03; 0; 102; 350; 42; 0; 0; 95; 0; 264; 620; 25; 0; 1; 0; 23; 0; 0; 0; 0; 0; 0; 0; 0; 0; 17; 189; 0; 0; 25; 8; 0
1952;04; 0; 0; 0; 0; 0; 259; 0; 0; 0; 0; 0; 4; 0; 0; 0; 0; 0; 0; 0; 0; 0; 0; 0; 0; 0; 0; 0; 0; 0; 0; 9999
1952;05; 0; 0; 0; 0; 0; 0; 0; 0; 0; 0; 0; 0; 0; 0; 0; 0; 0; 0; 0; 0; 0; 0; 0; 0; 0; 0; 0; 0; 0; 0; 0
1952;06; 0; 0; 0; 0; 0; 0; 0; 0; 0; 74; 33; 52; 0; 0; 0; 0; 240; 120; 0; 0; 0; 0; 0; 0; 0; 0; 0; 0; 0; 0; 9999
1952;07; 0; 0; 0; 0; 0; 0; 0; 0; 0; 0; 0; 0; 0; 0; 0; 0; 0; 0; 0; 0; 0; 0; 0; 0; 0; 0; 0; 0; 0; 0; 0
1952;08; 0; 0; 0; 0; 0; 0; 0; 0; 0; 0; 0; 0; 0; 0; 0; 0; 0; 0; 0; 0; 0; 0; 0; 0; 0; 0; 18; 0; 0; 0; 0
1952;09; 0; 0; 0; 0; 12; 43; 0; 0; 0; 0; 0; 4; 0; 24; 0; 0; 33; 0; 204; 101; 0; 0; 0; 0; 0; 0; 0; 0; 0; 0; 9999
1952;10; 74; 0; 0; 0; 0; 0; 0; 0; 138; 0; 415; 365; 132; 51; 0; 0; 0; 58; 354; 117; 0; 15; 0; 0; 256; 0; 395; 0; 0; 52; 0
1952;11; 0; 0; 0; 0; 0; 84; 102; 401; 101; 0; 0; 15; 0; 0; 0; 0; 0; 206; 0; 0; 0; 121; 0; 0; 42; 0; 0; 0; 0; 0; 9999
1952;12; 114; 0; 0; 0; 0; 0; 0; 0; 0; 82; 21; 0; 258; 0; 0; 0; 0; 0; 0; 0; 58; 0; 0; 0; 0; 0; 28; 0; 81; 0; 6
1953;01; 0; 219; 11; 177; 0; 51; 0; 601; 82; 11; 0; 0; 141; 0; 16; 12; 0; 0; 0; 0; 0; 0; 0; 21; 0; 61; 355; 172; 161; 178; 11
1953;02; 0; 0; 0; 0; 0; 0; 0; 0; 0; 0; 0; 0; 54; 51; 521; 61; 0; 0; 0; 0; 56; 52; 0; 0; 0; 0; 84; 64; 9999; 9999; 9999
1953;03; 106; 36; 0; 0; 0; 0; 0; 51; 363; 38; 0; 45; 0; 0; 31; 42; 353; 252; 0; 223; 43; 88; 0; 43; 203; 186; 132; 14; 35; 190; 0
1953;04; 0; 0; 0; 85; 0; 0; 0; 106; 37; 0; 0; 0; 0; 0; 0; 0; 23; 0; 0; 0; 0; 135; 0; 0; 0; 0; 0; 0; 0; 0; 9999
1953;05; 0; 0; 0; 22; 0; 21; 0; 0; 0; 0; 0; 0; 0; 0; 0; 0; 0; 0; 0; 0; 0; 0; 28; 244; 0; 0; 0; 0; 0; 0; 0
1953;06; 8; 0; 0; 0; 0; 0; 0; 0; 0; 315; 0; 0; 0; 0; 0; 0; 0; 0; 0; 0; 0; 0; 0; 0; 0; 0; 0; 0; 0; 0; 9999
1953;07; 0; 0; 0; 0; 0; 0; 0; 0; 0; 125; 0; 0; 0; 0; 0; 0; 0; 0; 0; 0; 0; 0; 0; 0; 0; 0; 0; 0; 0; 0; 0
1953;08; 0; 0; 0; 0; 0; 0; 0; 0; 0; 0; 0; 0; 0; 0; 0; 0; 0; 0; 0; 0; 0; 0; 0; 17; 0; 0; 0; 0; 0; 0; 0
1953;09; 0; 0; 0; 0; 0; 0; 0; 0; 0; 364; 0; 9; 0; 0; 0; 75; 0; 0; 0; 0; 0; 0; 94; 0; 74; 0; 0; 0; 0; 0; 9999
1953;10; 0; 0; 0; 19; 0; 21; 182; 0; 0; 74; 0; 0; 0; 0; 45; 0; 120; 322; 743; 122; 12; 0; 0; 0; 0; 0; 0; 0; 0; 0; 0
1953;11; 262; 0; 127; 0; 0; 0; 268; 90; 206; 2; 0; 0; 301; 301; 616; 51; 0; 0; 0; 47; 69; 0; 0; 0; 0; 0; 0; 0; 0; 287; 9999
1953;12; 14; 34; 68; 209; 17; 200; 0; 0; 0; 0; 0; 456; 303; 203; 0; 0; 0; 101; 0; 0; 0; 20; 0; 0; 0; 0; 0; 0; 177; 6; 0
1954;01; 77; 32; 24; 505; 196; 77; 0; 0; 20; 118; 0; 0; 0; 0; 0; 0; 0; 0; 0; 337; 213; 66; 53; 0; 137; 0; 687; 12; 0; 132; 0
1954;02; 0; 0; 10; 104; 204; 389; 194; 767; 676; 42; 76; 0; 4; 246; 128; 15; 153; 163; 456; 18; 0; 0; 0; 0; 0; 0; 0; 0; 9999; 9999; 9999
1954;03; 0; 18; 45; 0; 0; 56; 0; 106; 234; 0; 0; 0; 3; 0; 0; 0; 0; 0; 0; 0; 0; 0; 0; 0; 0; 0; 0; 3; 78; 64; 174
1954;04; 0; 0; 0; 0; 0; 0; 0; 0; 0; 0; 13; 10; 0; 0; 15; 0; 0; 0; 0; 0; 0; 0; 0; 0; 0; 0; 0; 46; 0; 22; 9999
1954;05; 374; 0; 12; 0; 0; 0; 102; 0; 892; 0; 56; 10; 0; 124; 0; 12; 0; 0; 0; 10; 0; 253; 0; 0; 0; 0; 0; 0; 0; 0; 27
1954;06; 0; 0; 0; 10; 35; 64; 243; 0; 0; 0; 0; 0; 0; 0; 0; 0; 0; 0; 0; 0; 0; 0; 0; 0; 0; 0; 0; 0; 0; 0; 9999
1954;07; 0; 0; 0; 0; 0; 0; 0; 0; 0; 0; 0; 0; 0; 0; 0; 0; 0; 0; 0; 0; 0; 0; 0; 0; 0; 0; 0; 0; 0; 0; 0
1954;08; 0; 0; 0; 0; 0; 0; 0; 0; 0; 0; 0; 0; 0; 0; 0; 0; 0; 0; 0; 0; 0; 0; 0; 0; 0; 0; 0; 0; 0; 0; 0
1954;09; 0; 0; 0; 0; 0; 0; 0; 0; 0; 0; 0; 0; 0; 0; 0; 0; 0; 0; 0; 0; 0; 0; 0; 0; 0; 0; 2; 0; 0; 0; 9999
1954;10; 0; 0; 0; 0; 0; 0; 0; 0; 57; 0; 183; 0; 0; 18; 0; 324; 0; 0; 0; 0; 0; 297; 0; 0; 0; 0; 0; 19; 0; 0; 44
1954;11; 0; 0; 0; 0; 0; 0; 16; 13; 0; 0; 0; 0; 0; 43; 190; 330; 0; 0; 3; 0; 33; 387; 43; 112; 0; 0; 0; 0; 23; 0; 9999
1954;12; 0; 0; 0; 105; 0; 0; 0; 52; 18; 0; 13; 0; 607; 193; 0; 142; 32; 0; 144; 66; 0; 65; 365; 0; 0; 0; 0; 0; 87; 265; 0
1955;01; 0; 0; 316; 34; 87; 0; 0; 4; 181; 0; 36; 121; 0; 162; 38; 182; 104; 556; 704; 0; 0; 0; 0; 94; 356; 11; 0; 0; 0; 0; 0
1955;02; 4; 182; 45; 0; 0; 0; 0; 0; 0; 18; 0; 0; 0; 78; 0; 0; 0; 0; 0; 0; 264; 2; 5; 192; 15; 195; 809; 413; 9999; 9999; 9999
1955;03; 0; 0; 218; 0; 0; 0; 0; 13; 55; 19; 19; 0; 0; 0; 0; 393; 0; 0; 0; 11; 0; 0; 11; 0; 0; 0; 0; 42; 282; 364; 45
1955;04; 69; 43; 20; 382; 184; 15; 0; 0; 0; 0; 0; 0; 24; 89; 0; 496; 16; 28; 0; 0; 0; 0; 0; 0; 0; 0; 0; 0; 125; 20; 9999
1955;05; 0; 0; 0; 0; 0; 0; 0; 0; 0; 0; 0; 0; 0; 0; 0; 0; 0; 0; 0; 3; 45; 0; 0; 6; 0; 0; 0; 0; 0; 0; 0
1955;06; 87; 0; 0; 0; 0; 3; 0; 0; 0; 159; 0; 0; 0; 24; 0; 0; 0; 0; 0; 0; 0; 0; 0; 0; 0; 0; 0; 0; 0; 0; 9999
1955;07; 0; 0; 0; 0; 0; 0; 0; 0; 0; 0; 0; 0; 0; 0; 0; 0; 0; 0; 0; 0; 0; 0; 0; 0; 0; 0; 0; 0; 0; 1; 1
1955;08; 0; 0; 0; 0; 0; 0; 0; 0; 0; 0; 0; 0; 0; 0; 0; 0; 0; 0; 0; 0; 0; 0; 0; 0; 0; 0; 0; 0; 0; 0; 0
1955;09; 0; 0; 0; 0; 0; 0; 0; 0; 0; 0; 0; 0; 0; 0; 0; 0; 0; 0; 0; 0; 0; 0; 0; 0; 0; 0; 0; 0; 0; 0; 9999
1955;10; 0; 0; 3; 0; 0; 0; 0; 112; 51; 0; 0; 0; 282; 121; 1; 0; 50; 0; 0; 0; 48; 68; 0; 0; 201; 153; 13; 0; 396; 0; 5
1955;11; 0; 1132; 352; 0; 0; 0; 38; 0; 38; 106; 0; 0; 0; 0; 22; 0; 0; 0; 18; 204; 175; 0; 143; 0; 0; 0; 0; 0; 0; 0; 9999
1955;12; 0; 127; 342; 346; 0; 12; 0; 0; 0; 0; 0; 0; 13; 495; 616; 154; 752; 252; 202; 3; 0; 0; 0; 189; 0; 0; 2; 11; 118; 106; 405
1956;01; 152; 445; 76; 62; 42; 0; 0; 0; 0; 0; 0; 0; 0; 0; 0; 9; 94; 41; 0; 3; 0; 3; 0; 0; 0; 0; 217; 2; 96; 0; 0
1956;02; 0; 43; 0; 0; 0; 0; 0; 0; 0; 1; 125; 151; 0; 303; 211; 8; 41; 192; 948; 287; 74; 22; 78; 117; 53; 295; 101; 315; 84; 9999; 9999
1956;03; 184; 212; 9; 0; 0; 2; 43; 0; 0; 0; 0; 0; 15; 0; 4; 0; 0; 236; 375; 86; 0; 0; 0; 0; 5; 0; 0; 0; 0; 85; 43
1956;04; 98; 0; 0; 0; 0; 0; 43; 39; 0; 3; 0; 0; 0; 0; 0; 2; 18; 0; 0; 101; 0; 0; 0; 0; 0; 132; 102; 16; 86; 0; 9999
1956;05; 0; 46; 0; 15; 97; 150; 0; 113; 215; 16; 6; 0; 0; 120; 0; 0; 0; 0; 0; 0; 65; 12; 0; 0; 0; 236; 161; 0; 0; 1; 0
1956;06; 322; 0; 97; 7; 0; 0; 0; 0; 0; 21; 44; 93; 57; 40; 4; 56; 0; 0; 0; 0; 0; 0; 0; 0; 0; 0; 0; 1; 0; 0; 9999
1956;07; 0; 0; 0; 0; 0; 46; 0; 0; 0; 0; 0; 0; 0; 0; 29; 0; 0; 0; 0; 0; 0; 18; 0; 43; 32; 0; 0; 78; 16; 0; 182
1956;08; 332; 0; 0; 134; 0; 0; 0; 0; 0; 0; 0; 0; 0; 0; 0; 0; 0; 0; 0; 0; 0; 0; 0; 0; 0; 0; 0; 12; 0; 0; 0
1956;09; 0; 0; 0; 0; 0; 0; 0; 0; 0; 114; 252; 2; 0; 98; 3; 0; 0; 0; 0; 0; 0; 0; 0; 0; 0; 0; 0; 47; 3; 0; 9999
1956;10; 0; 0; 0; 0; 0; 0; 0; 0; 0; 0; 0; 1; 0; 0; 0; 0; 55; 94; 74; 0; 0; 48; 19; 42; 0; 0; 33; 126; 74; 406; 11
1956;11; 97; 0; 0; 0; 373; 0; 0; 0; 0; 2; 110; 0; 0; 44; 0; 0; 0; 0; 0; 0; 0; 43; 85; 26; 0; 54; 410; 0; 0; 0; 9999
1956;12; 0; 0; 0; 0; 2; 707; 416; 403; 154; 0; 0; 0; 0; 268; 0; 59; 0; 0; 0; 237; 72; 0; 9; 356; 426; 817; 225; 0; 0; 0; 0
1957;01; 65; 12; 178; 14; 12; 33; 3; 0; 134; 1; 172; 414; 205; 87; 0; 288; 72; 459; 294; 296; 0; 86; 135; 0; 0; 238; 0; 153; 9; 55; 0
1957;02; 32; 0; 125; 376; 13; 54; 94; 217; 235; 161; 286; 56; 0; 41; 202; 138; 156; 0; 0; 0; 0; 3; 6; 0; 0; 84; 378; 222; 9999; 9999; 9999
1957;03; 13; 0; 0; 0; 0; 0; 0; 189; 0; 63; 14; 0; 25; 32; 0; 151; 71; 13; 0; 0; 383; 276; 58; 195; 0; 0; 24; 0; 0; 11; 0
1957;04; 28; 173; 57; 0; 17; 565; 24; 0; 0; 57; 245; 0; 92; 0; 0; 69; 0; 0; 0; 0; 0; 0; 0; 0; 0; 0; 5; 0; 0; 97; 9999
1957;05; 17; 0; 0; 0; 0; 0; 0; 95; 0; 0; 0; 0; 3; 122; 0; 364; 0; 0; 0; 0; 0; 0; 0; 0; 0; 0; 0; 0; 0; 0; 0
1957;06; 0; 0; 0; 15; 0; 0; 0; 132; 0; 0; 0; 0; 0; 0; 0; 0; 0; 0; 0; 0; 0; 0; 0; 0; 0; 0; 0; 0; 0; 0; 9999
1957;07; 0; 0; 0; 0; 318; 157; 0; 0; 0; 0; 0; 0; 0; 0; 0; 0; 0; 5; 0; 21; 0; 0; 0; 0; 0; 0; 0; 0; 0; 0; 0
1957;08; 0; 0; 0; 0; 0; 0; 0; 0; 0; 0; 0; 0; 0; 91; 0; 106; 106; 14; 2; 10; 0; 0; 0; 0; 0; 0; 0; 0; 0; 0; 8
1957;09; 0; 0; 15; 176; 94; 0; 0; 0; 235; 1; 0; 79; 26; 0; 0; 0; 2; 0; 0; 0; 0; 172; 52; 151; 0; 0; 0; 0; 0; 0; 9999
1957;10; 20; 0; 0; 0; 0; 0; 0; 0; 0; 0; 0; 0; 0; 0; 61; 0; 0; 0; 0; 6; 0; 0; 12; 20; 0; 0; 35; 410; 208; 616; 0
1957;11; 0; 0; 0; 0; 7; 1; 0; 64; 603; 41; 0; 0; 0; 55; 0; 0; 100; 211; 322; 32; 300; 34; 0; 310; 4; 3; 0; 0; 18; 17; 9999
1957;12; 113; 28; 257; 0; 212; 0; 5; 0; 0; 60; 192; 91; 28; 152; 395; 65; 4; 68; 122; 2; 5; 0; 183; 82; 0; 7; 0; 0; 0; 0; 0
1958;01; 0; 0; 0; 0; 0; 0; 1; 0; 0; 0; 0; 19; 0; 172; 184; 51; 0; 209; 157; 11; 20; 200; 73; 173; 668; 835; 211; 135; 97; 2; 0
1958;02; 6; 12; 38; 4; 104; 59; 187; 250; 0; 0; 0; 0; 27; 42; 0; 0; 0; 0; 0; 13; 0; 0; 0; 0; 4; 34; 721; 35; 9999; 9999; 9999
1958;03; 24; 31; 172; 76; 0; 0; 3; 45; 0; 0; 0; 0; 0; 0; 183; 0; 943; 710; 158; 0; 0; 151; 0; 0; 0; 1; 0; 0; 0; 0; 178
1958;04; 30; 124; 0; 0; 0; 3; 0; 0; 0; 95; 14; 0; 32; 178; 158; 0; 0; 328; 46; 514; 0; 0; 0; 0; 0; 0; 0; 0; 0; 1; 9999
1958;05; 0; 0; 0; 24; 7; 47; 12; 0; 0; 0; 0; 0; 0; 8; 0; 0; 0; 0; 0; 0; 0; 81; 713; 76; 312; 18; 0; 25; 0; 0; 0
1958;06; 0; 0; 0; 0; 0; 0; 0; 0; 0; 0; 0; 0; 0; 0; 196; 164; 0; 1; 0; 0; 0; 0; 0; 0; 0; 0; 0; 0; 0; 0; 9999
1958;07; 0; 0; 0; 0; 0; 0; 0; 0; 0; 12; 6; 21; 0; 0; 0; 123; 0; 51; 197; 0; 0; 0; 0; 0; 0; 0; 0; 0; 0; 0; 0
1958;08; 0; 0; 0; 0; 6; 0; 0; 0; 0; 0; 0; 0; 0; 0; 0; 0; 0; 0; 0; 0; 0; 0; 0; 0; 0; 0; 0; 0; 0; 122; 0
1958;09; 0; 0; 0; 0; 0; 0; 0; 0; 0; 1; 0; 0; 66; 414; 380; 11; 0; 0; 0; 0; 0; 0; 0; 0; 1; 0; 58; 102; 1; 0; 9999
1958;10; 0; 0; 0; 52; 0; 0; 0; 124; 0; 0; 61; 244; 0; 0; 0; 53; 135; 223; 215; 0; 0; 0; 0; 1; 0; 61; 61; 214; 192; 81; 0
1958;11; 0; 10; 0; 0; 99; 0; 0; 0; 0; 0; 17; 87; 92; 35; 0; 0; 0; 1; 0; 0; 0; 0; 0; 21; 108; 67; 154; 0; 0; 0; 9999
1958;12; 97; 0; 0; 0; 43; 0; 0; 0; 108; 14; 8; 52; 298; 11; 4; 158; 0; 45; 108; 554; 0; 0; 37; 113; 37; 0; 0; 0; 0; 0; 0
1959;01; 0; 1; 1; 214; 148; 264; 322; 34; 158; 537; 12; 485; 12; 261; 161; 0; 0; 121; 506; 32; 0; 0; 724; 23; 323; 1; 71; 0; 0; 185; 9
1959;02; 0; 260; 383; 256; 0; 0; 0; 0; 1; 0; 0; 0; 6; 200; 0; 60; 0; 0; 164; 0; 0; 0; 0; 0; 73; 54; 1; 2; 9999; 9999; 9999
1959;03; 97; 0; 0; 0; 0; 0; 298; 123; 201; 91; 0; 17; 156; 328; 263; 0; 9; 89; 273; 27; 49; 553; 112; 47; 54; 0; 104; 0; 28; 125; 13
1959;04; 0; 0; 22; 41; 209; 46; 1; 0; 24; 0; 0; 0; 0; 0; 0; 0; 0; 0; 0; 0; 0; 0; 92; 29; 82; 0; 0; 0; 0; 0; 9999
1959;05; 0; 0; 0; 0; 0; 0; 0; 0; 0; 0; 0; 0; 0; 0; 0; 0; 0; 0; 0; 8; 56; 0; 0; 0; 0; 0; 0; 0; 0; 0; 0
1959;06; 0; 0; 0; 0; 0; 155; 16; 0; 0; 0; 0; 0; 0; 0; 0; 0; 0; 0; 0; 0; 0; 0; 0; 0; 0; 0; 0; 0; 0; 0; 9999
1959;07; 0; 0; 0; 0; 0; 0; 0; 0; 0; 0; 0; 0; 0; 0; 0; 0; 0; 0; 0; 0; 0; 0; 0; 0; 0; 0; 0; 0; 0; 0; 0
1959;08; 0; 124; 0; 0; 0; 0; 0; 6; 85; 35; 0; 27; 0; 0; 28; 0; 0; 0; 0; 0; 0; 0; 0; 0; 0; 0; 0; 0; 0; 0; 0
1959;09; 0; 0; 0; 0; 0; 0; 0; 0; 0; 0; 0; 0; 0; 0; 0; 20; 0; 0; 0; 0; 0; 0; 0; 0; 0; 36; 0; 0; 0; 0; 9999
1959;10; 0; 0; 0; 0; 0; 0; 0; 0; 7; 0; 0; 0; 64; 125; 2; 0; 141; 0; 49; 230; 0; 2; 381; 0; 0; 0; 0; 0; 41; 2; 46
1959;11; 365; 0; 0; 0; 0; 242; 22; 0; 120; 133; 2; 362; 0; 0; 0; 0; 0; 0; 101; 0; 176; 370; 0; 18; 48; 133; 112; 73; 5; 0; 9999
1959;12; 0; 0; 105; 262; 0; 0; 157; 56; 14; 487; 122; 0; 0; 0; 0; 0; 0; 0; 0; 31; 5; 95; 4; 303; 34; 73; 0; 0; 31; 0; 72
1960;01; 192; 0; 12; 0; 0; 0; 133; 306; 291; 15; 8; 368; 155; 8; 0; 94; 269; 365; 275; 371; 457; 357; 333; 202; 321; 151; 0; 0; 0; 14; 343
1960;02; 4; 161; 55; 435; 179; 0; 0; 234; 32; 0; 0; 0; 0; 0; 224; 72; 0; 0; 0; 0; 81; 92; 300; 351; 157; 67; 34; 134; 95; 9999; 9999
1960;03; 354; 188; 29; 0; 0; 0; 0; 0; 0; 0; 0; 213; 2; 20; 17; 0; 0; 2; 0; 3; 3; 146; 44; 381; 93; 0; 49; 0; 0; 0; 20
1960;04; 6; 0; 12; 0; 0; 0; 0; 8; 278; 0; 0; 0; 0; 0; 0; 0; 0; 0; 0; 0; 0; 0; 0; 0; 0; 0; 0; 0; 3; 0; 9999
1960;05; 120; 19; 0; 0; 0; 0; 0; 0; 0; 60; 27; 0; 0; 53; 3; 0; 0; 0; 0; 0; 56; 1; 0; 0; 0; 0; 0; 0; 0; 0; 0
1960;06; 0; 0; 0; 0; 0; 0; 0; 0; 0; 0; 0; 7; 0; 0; 78; 30; 0; 0; 0; 0; 0; 0; 0; 22; 22; 0; 0; 237; 0; 0; 9999
1960;07; 0; 0; 0; 0; 0; 0; 0; 0; 0; 0; 0; 0; 0; 0; 0; 0; 0; 0; 0; 0; 0; 0; 0; 0; 0; 0; 0; 0; 0; 0; 0
1960;08; 0; 0; 0; 0; 0; 0; 0; 0; 0; 0; 0; 0; 0; 0; 0; 0; 2; 0; 0; 0; 0; 0; 0; 0; 0; 0; 0; 0; 0; 0; 0
1960;09; 12; 0; 0; 0; 0; 0; 0; 0; 0; 0; 0; 0; 0; 0; 0; 51; 0; 0; 0; 0; 0; 0; 0; 0; 0; 0; 0; 0; 0; 55; 9999
1960;10; 43; 19; 0; 2; 132; 0; 0; 0; 0; 0; 0; 0; 0; 0; 0; 0; 81; 34; 0; 0; 94; 0; 0; 0; 317; 8; 154; 0; 0; 0; 90
1960;11; 5; 37; 71; 0; 1; 44; 0; 172; 3; 1; 25; 210; 0; 15; 110; 1114; 183; 39; 0; 355; 377; 105; 0; 255; 0; 278; 460; 392; 50; 2; 9999
1960;12; 0; 6; 0; 3; 0; 0; 35; 0; 0; 0; 0; 1; 272; 28; 20; 35; 93; 196; 445; 234; 75; 234; 95; 20; 0; 46; 199; 0; 443; 0; 142
1961;01; 44; 210; 340; 520; 473; 65; 249; 27; 24; 47; 49; 5; 113; 6; 21; 4; 0; 0; 0; 0; 94; 43; 153; 1; 43; 111; 132; 44; 104; 25; 0
1961;02; 275; 55; 0; 0; 113; 63; 0; 0; 34; 31; 0; 83; 250; 1120; 0; 135; 230; 285; 152; 48; 116; 18; 0; 46; 3; 0; 0; 20; 9999; 9999; 9999
1961;03; 116; 0; 25; 0; 0; 460; 316; 94; 145; 0; 0; 0; 0; 0; 10; 20; 0; 145; 355; 3; 404; 230; 0; 0; 0; 0; 0; 1; 0; 0; 0
1961;04; 0; 0; 0; 65; 13; 218; 0; 78; 60; 15; 0; 0; 0; 0; 0; 0; 0; 0; 0; 0; 13; 1; 0; 0; 0; 170; 6; 0; 0; 0; 9999
1961;05; 0; 0; 0; 202; 185; 0; 0; 0; 0; 0; 0; 0; 0; 0; 0; 0; 0; 0; 0; 0; 0; 0; 0; 0; 0; 0; 0; 0; 0; 0; 0
1961;06; 0; 0; 0; 0; 139; 0; 0; 0; 0; 0; 0; 0; 2; 0; 0; 0; 0; 0; 0; 0; 0; 0; 0; 0; 0; 0; 0; 0; 0; 0; 9999
1961;07; 0; 0; 0; 0; 0; 0; 0; 0; 0; 0; 0; 0; 0; 0; 0; 0; 0; 0; 0; 0; 0; 0; 0; 0; 0; 0; 0; 0; 0; 0; 0
1961;08; 0; 0; 0; 0; 0; 0; 0; 0; 0; 0; 0; 0; 0; 0; 0; 0; 0; 0; 0; 0; 0; 0; 0; 0; 0; 0; 19; 0; 0; 0; 0
1961;09; 0; 0; 0; 0; 0; 0; 0; 0; 0; 0; 0; 0; 0; 0; 0; 0; 0; 0; 0; 0; 0; 0; 0; 0; 0; 0; 0; 0; 0; 0; 9999
1961;10; 0; 0; 0; 0; 0; 0; 0; 0; 0; 0; 0; 5; 120; 0; 262; 12; 25; 34; 0; 13; 0; 0; 0; 0; 0; 0; 20; 200; 55; 2; 104
1961;11; 3; 0; 72; 0; 83; 10; 10; 0; 0; 15; 80; 132; 152; 0; 40; 0; 0; 0; 0; 0; 0; 0; 0; 86; 0; 137; 0; 4; 0; 0; 9999
1961;12; 0; 34; 0; 234; 134; 0; 260; 0; 155; 0; 0; 33; 177; 4; 105; 4; 6; 4; 86; 12; 0; 2; 0; 39; 0; 39; 432; 32; 75; 8; 14
1962;01; 0; 0; 0; 300; 10; 10; 11; 62; 75; 511; 162; 0; 0; 0; 297; 225; 306; 118; 75; 10; 210; 260; 0; 35; 2; 42; 20; 0; 0; 0; 0
1962;02; 0; 0; 0; 42; 170; 403; 205; 4; 202; 107; 185; 148; 30; 75; 0; 0; 0; 0; 54; 57; 0; 0; 68; 402; 232; 60; 0; 0; 9999; 9999; 9999
1962;03; 0; 288; 0; 35; 2; 7; 0; 0; 13; 0; 162; 104; 210; 40; 60; 49; 0; 265; 22; 28; 0; 0; 0; 7; 502; 0; 0; 0; 0; 0; 0
1962;04; 11; 0; 0; 0; 0; 0; 0; 0; 0; 0; 0; 0; 0; 0; 0; 0; 0; 0; 0; 0; 0; 5; 0; 0; 0; 0; 0; 46; 0; 0; 9999
1962;05; 0; 0; 7; 0; 0; 0; 0; 0; 0; 0; 0; 0; 0; 0; 0; 0; 0; 0; 0; 0; 0; 0; 0; 0; 0; 0; 0; 0; 2; 3; 0
1962;06; 0; 0; 0; 2; 0; 4; 24; 0; 8; 0; 0; 0; 0; 0; 0; 0; 0; 0; 0; 0; 0; 0; 0; 0; 0; 0; 0; 0; 0; 0; 9999
1962;07; 0; 0; 0; 0; 0; 0; 0; 0; 0; 0; 0; 0; 0; 0; 0; 0; 0; 0; 0; 2; 0; 0; 0; 0; 0; 0; 0; 0; 0; 0; 0
1962;08; 0; 0; 0; 0; 0; 0; 0; 0; 0; 0; 0; 0; 0; 0; 0; 0; 35; 0; 0; 0; 0; 0; 103; 2; 0; 0; 0; 0; 0; 0; 0
1962;09; 0; 0; 1; 0; 105; 104; 0; 0; 0; 0; 0; 1; 0; 35; 0; 0; 0; 0; 0; 0; 0; 0; 0; 8; 0; 0; 0; 0; 2; 22; 9999
1962;10; 0; 106; 195; 2; 4; 0; 0; 0; 405; 385; 225; 145; 0; 0; 0; 394; 20; 106; 8; 5; 0; 0; 0; 164; 145; 20; 0; 0; 400; 382; 0
1962;11; 0; 0; 0; 0; 0; 0; 318; 83; 2; 27; 2; 0; 0; 0; 0; 0; 0; 5; 3; 50; 35; 97; 80; 0; 0; 0; 0; 0; 0; 1; 9999
1962;12; 82; 20; 0; 0; 0; 217; 321; 0; 20; 0; 153; 103; 380; 156; 101; 408; 39; 205; 347; 75; 249; 2; 5; 41; 242; 124; 114; 191; 331; 355; 51
1963;01; 0; 21; 14; 0; 25; 0; 0; 49; 240; 256; 8; 52; 1; 0; 0; 360; 4; 47; 0; 130; 0; 0; 346; 39; 2; 140; 147; 12; 0; 193; 0
1963;02; 0; 0; 0; 0; 0; 120; 345; 176; 324; 0; 27; 0; 0; 312; 202; 372; 16; 0; 0; 6; 23; 0; 0; 19; 2; 0; 0; 0; 9999; 9999; 9999
1963;03; 0; 176; 0; 343; 0; 35; 0; 0; 0; 0; 0; 0; 0; 0; 0; 0; 0; 0; 0; 63; 6; 12; 6; 0; 2; 18; 0; 2; 0; 0; 0
1963;04; 0; 0; 0; 0; 0; 0; 0; 0; 0; 1; 0; 0; 0; 0; 0; 65; 51; 0; 0; 0; 0; 0; 0; 0; 0; 0; 0; 0; 0; 0; 9999
1963;05; 0; 0; 0; 0; 0; 0; 0; 0; 0; 0; 0; 0; 0; 0; 0; 0; 0; 30; 0; 0; 0; 0; 0; 0; 0; 0; 0; 0; 0; 0; 0
1963;06; 0; 0; 0; 0; 0; 0; 0; 0; 0; 0; 0; 0; 0; 0; 0; 0; 0; 0; 0; 0; 0; 0; 0; 0; 0; 0; 0; 0; 0; 0; 9999
1963;07; 0; 0; 0; 0; 0; 0; 0; 0; 0; 0; 0; 0; 0; 0; 0; 0; 0; 0; 0; 0; 0; 0; 0; 0; 0; 0; 0; 0; 0; 0; 0
1963;08; 0; 0; 0; 0; 0; 0; 0; 0; 0; 0; 0; 0; 0; 0; 0; 0; 0; 0; 0; 0; 0; 0; 0; 0; 0; 0; 0; 0; 0; 0; 0
1963;09; 0; 0; 0; 0; 0; 0; 0; 0; 0; 0; 0; 0; 0; 0; 0; 0; 0; 0; 0; 0; 0; 0; 20; 0; 0; 0; 0; 0; 0; 0; 9999
1963;10; 0; 0; 0; 0; 0; 0; 0; 0; 0; 0; 120; 0; 0; 23; 0; 0; 103; 220; 0; 22; 0; 0; 85; 0; 0; 0; 0; 0; 0; 0; 0
1963;11; 0; 92; 0; 0; 0; 400; 0; 0; 0; 55; 365; 0; 0; 265; 38; 160; 301; 116; 16; 0; 0; 0; 114; 0; 0; 0; 0; 4; 0; 0; 9999
1963;12; 116; 0; 0; 0; 0; 0; 0; 0; 0; 0; 0; 0; 0; 0; 0; 0; 0; 0; 0; 270; 21; 0; 0; 0; 0; 0; 0; 2; 3; 0; 152
1964;01; 65; 79; 0; 433; 15; 0; 0; 0; 0; 0; 0; 0; 0; 405; 57; 33; 0; 32; 0; 3; 1; 1; 2; 82; 432; 122; 108; 30; 4; 250; 2
1964;02; 4; 2; 2; 1; 0; 5; 2; 9; 344; 104; 13; 0; 25; 41; 368; 56; 339; 60; 182; 176; 120; 30; 79; 0; 400; 116; 0; 73; 66; 9999; 9999
1964;03; 216; 11; 0; 0; 0; 0; 9; 0; 0; 0; 0; 0; 0; 125; 0; 10; 0; 0; 0; 0; 20; 0; 0; 0; 0; 0; 0; 228; 0; 0; 335
1964;04; 6; 156; 408; 1; 0; 0; 0; 35; 1; 1; 152; 2; 0; 0; 0; 0; 0; 0; 0; 0; 0; 0; 0; 0; 0; 0; 0; 0; 58; 0; 9999
1964;05; 130; 1; 0; 0; 0; 175; 0; 0; 0; 0; 0; 0; 0; 0; 0; 0; 0; 0; 0; 0; 0; 0; 0; 4; 1; 0; 0; 0; 0; 0; 0
1964;06; 0; 0; 0; 0; 0; 0; 0; 0; 0; 0; 0; 0; 0; 0; 0; 0; 0; 0; 0; 0; 0; 0; 0; 0; 0; 0; 0; 0; 35; 0; 9999
1964;07; 0; 33; 20; 50; 24; 0; 0; 0; 0; 0; 0; 0; 0; 0; 0; 0; 2; 0; 0; 103; 0; 0; 0; 0; 0; 85; 2; 60; 0; 0; 0
1964;08; 0; 0; 0; 0; 0; 0; 0; 0; 0; 0; 0; 0; 0; 0; 0; 0; 0; 0; 0; 0; 0; 0; 0; 0; 0; 0; 0; 0; 0; 0; 0
1964;09; 0; 0; 0; 0; 0; 0; 0; 0; 0; 0; 0; 0; 0; 0; 0; 0; 0; 0; 0; 0; 0; 0; 0; 0; 312; 12; 30; 60; 149; 0; 9999
1964;10; 423; 29; 12; 38; 0; 0; 220; 2; 62; 0; 0; 0; 0; 0; 0; 0; 0; 0; 0; 332; 180; 28; 0; 0; 34; 0; 343; 0; 0; 0; 9
1964;11; 49; 35; 0; 0; 0; 333; 30; 0; 0; 0; 0; 0; 0; 0; 5; 120; 0; 12; 188; 0; 288; 287; 0; 0; 0; 100; 0; 0; 0; 2; 9999
1964;12; 360; 82; 384; 122; 8; 0; 0; 0; 350; 0; 2; 1; 24; 375; 32; 0; 0; 0; 358; 0; 0; 480; 4; 2; 5; 108; 1; 0; 130; 372; 0
1965;01; 261; 183; 232; 200; 107; 203; 0; 1; 104; 41; 282; 26; 0; 0; 150; 95; 0; 9; 1; 350; 330; 7; 0; 10; 6; 123; 175; 403; 153; 295; 0
1965;02; 106; 120; 192; 0; 103; 300; 162; 25; 0; 0; 82; 196; 86; 71; 190; 7; 4; 30; 4; 50; 422; 95; 25; 95; 32; 0; 122; 161; 9999; 9999; 9999
1965;03; 0; 0; 0; 0; 0; 65; 308; 71; 228; 142; 36; 0; 0; 88; 65; 275; 25; 104; 2; 77; 0; 324; 23; 12; 0; 181; 0; 0; 0; 0; 0
1965;04; 0; 0; 0; 0; 0; 0; 0; 0; 20; 363; 6; 2; 0; 0; 0; 0; 0; 0; 0; 0; 0; 54; 0; 0; 0; 0; 0; 0; 42; 300; 9999
1965;05; 15; 0; 0; 0; 0; 0; 0; 0; 0; 0; 5; 0; 0; 0; 0; 0; 0; 0; 13; 0; 0; 23; 0; 0; 0; 0; 0; 0; 0; 0; 0
1965;06; 0; 0; 0; 0; 0; 0; 0; 0; 0; 0; 0; 0; 0; 0; 0; 0; 0; 0; 0; 0; 0; 0; 0; 95; 0; 0; 145; 0; 0; 0; 9999
1965;07; 0; 0; 0; 0; 65; 75; 23; 10; 0; 0; 126; 0; 0; 0; 14; 0; 0; 0; 0; 0; 0; 0; 0; 0; 0; 0; 0; 0; 0; 0; 105
1965;08; 12; 0; 0; 0; 0; 0; 2; 6; 0; 0; 0; 0; 0; 0; 0; 0; 0; 0; 0; 0; 0; 0; 0; 0; 0; 0; 0; 0; 0; 0; 0
1965;09; 0; 0; 0; 0; 0; 0; 0; 0; 0; 0; 0; 0; 0; 0; 0; 0; 0; 0; 0; 0; 0; 0; 0; 212; 172; 0; 105; 324; 7; 69; 9999
1965;10; 150; 265; 0; 0; 0; 0; 0; 0; 0; 37; 235; 215; 0; 0; 200; 0; 0; 70; 23; 188; 45; 0; 57; 1; 0; 35; 135; 0; 0; 197; 0
1965;11; 0; 0; 0; 0; 0; 0; 0; 0; 15; 170; 0; 60; 345; 43; 340; 270; 0; 0; 0; 10; 355; 40; 0; 0; 130; 300; 342; 95; 0; 0; 9999
1965;12; 0; 120; 40; 303; 80; 120; 310; 103; 114; 222; 252; 240; 0; 0; 0; 91; 121; 14; 30; 0; 0; 25; 0; 73; 0; 34; 0; 0; 101; 80; 180
1966;01; 27; 78; 125; 365; 73; 213; 0; 55; 175; 284; 343; 245; 258; 343; 52; 0; 0; 30; 20; 0; 0; 0; 0; 0; 0; 10; 343; 163; 64; 10; 350
1966;02; 95; 355; 83; 20; 92; 334; 114; 43; 0; 47; 355; 12; 43; 0; 0; 0; 0; 0; 0; 0; 0; 345; 0; 354; 332; 42; 0; 67; 9999; 9999; 9999
1966;03; 0; 0; 85; 1; 195; 562; 383; 434; 224; 337; 0; 0; 0; 65; 1; 0; 0; 0; 0; 0; 45; 24; 10; 0; 0; 2; 0; 100; 210; 0; 2
1966;04; 122; 64; 183; 5; 42; 132; 167; 0; 0; 0; 0; 0; 0; 0; 0; 0; 0; 0; 0; 0; 0; 0; 0; 0; 0; 100; 80; 0; 0; 0; 9999
1966;05; 0; 21; 0; 0; 0; 0; 0; 0; 0; 200; 0; 63; 1; 0; 0; 0; 0; 0; 0; 0; 36; 1; 255; 0; 0; 0; 0; 0; 0; 0; 0
1966;06; 0; 0; 0; 0; 0; 0; 0; 0; 0; 0; 0; 0; 0; 0; 0; 0; 0; 0; 0; 0; 0; 0; 0; 0; 0; 0; 0; 0; 0; 0; 9999
1966;07; 0; 0; 0; 0; 0; 0; 0; 0; 0; 0; 0; 0; 0; 0; 0; 0; 0; 0; 0; 0; 0; 0; 0; 0; 0; 0; 0; 0; 0; 0; 0
1966;08; 0; 0; 0; 0; 0; 0; 0; 0; 0; 0; 0; 0; 0; 0; 0; 0; 0; 0; 0; 0; 0; 0; 0; 0; 0; 0; 0; 0; 0; 0; 0
1966;09; 0; 0; 0; 0; 0; 0; 0; 0; 0; 0; 0; 0; 0; 0; 0; 0; 0; 0; 0; 0; 283; 83; 0; 0; 0; 0; 0; 0; 76; 134; 9999
1966;10; 0; 0; 0; 0; 65; 163; 0; 0; 142; 0; 0; 0; 72; 0; 0; 0; 57; 0; 0; 0; 0; 0; 235; 0; 0; 0; 0; 100; 12; 38; 301
1966;11; 137; 0; 265; 48; 0; 67; 12; 0; 0; 0; 25; 37; 320; 25; 15; 315; 113; 35; 30; 0; 0; 0; 130; 0; 0; 0; 82; 0; 6; 0; 9999
1966;12; 0; 104; 23; 3; 10; 102; 0; 20; 27; 0; 0; 0; 23; 0; 184; 323; 73; 101; 50; 63; 322; 325; 200; 200; 0; 0; 0; 304; 0; 0; 0
1967;01; 0; 0; 0; 95; 260; 310; 50; 0; 192; 200; 325; 137; 10; 73; 274; 315; 73; 35; 290; 13; 10; 204; 21; 0; 0; 13; 125; 123; 287; 0; 96
1967;02; 55; 75; 299; 122; 21; 316; 267; 273; 23; 23; 5; 48; 10; 0; 225; 35; 25; 105; 20; 282; 148; 156; 12; 0; 0; 0; 0; 0; 9999; 9999; 9999
1967;03; 53; 8; 43; 80; 0; 5; 25; 5; 0; 283; 43; 146; 30; 4; 162; 310; 10; 5; 22; 3; 0; 0; 0; 290; 0; 0; 35; 0; 100; 38; 0
1967;04; 6; 0; 0; 23; 0; 0; 0; 0; 0; 0; 0; 0; 2; 0; 0; 0; 232; 0; 0; 0; 13; 5; 0; 0; 0; 52; 0; 2; 0; 0; 9999
1967;05; 0; 0; 20; 0; 140; 0; 0; 0; 0; 0; 0; 0; 0; 0; 0; 0; 0; 0; 0; 0; 0; 0; 0; 0; 0; 0; 0; 0; 0; 0; 0
1967;06; 0; 0; 0; 20; 0; 0; 25; 26; 115; 0; 0; 6; 386; 206; 4; 0; 0; 0; 0; 0; 0; 0; 0; 0; 0; 0; 0; 0; 0; 0; 9999
1967;07; 0; 0; 0; 0; 0; 0; 0; 0; 0; 0; 0; 0; 0; 0; 0; 0; 0; 0; 0; 0; 0; 0; 0; 0; 0; 0; 0; 0; 0; 0; 0
1967;08; 0; 0; 0; 0; 0; 0; 0; 0; 0; 0; 0; 0; 0; 0; 0; 0; 0; 0; 0; 0; 0; 0; 0; 0; 0; 0; 0; 0; 0; 0; 0
1967;09; 0; 0; 0; 0; 0; 0; 0; 0; 0; 0; 0; 0; 0; 243; 0; 0; 0; 0; 0; 0; 0; 0; 63; 78; 0; 0; 0; 0; 0; 0; 9999
1967;10; 0; 98; 0; 0; 22; 0; 0; 0; 0; 0; 0; 0; 120; 0; 92; 0; 52; 0; 16; 0; 472; 0; 0; 175; 200; 92; 165; 195; 0; 0; 0
1967;11; 0; 228; 5; 170; 1; 0; 6; 20; 0; 27; 0; 0; 113; 53; 0; 0; 432; 45; 0; 0; 0; 0; 0; 430; 3; 132; 84; 185; 50; 0; 9999
1967;12; 0; 0; 0; 4; 390; 155; 0; 1; 110; 79; 82; 187; 0; 0; 14; 24; 24; 96; 146; 1; 60; 160; 118; 165; 0; 17; 278; 363; 65; 24; 399
1968;01; 0; 0; 3; 9; 0; 33; 0; 0; 0; 13; 155; 53; 364; 429; 80; 0; 113; 310; 140; 40; 3; 2; 57; 0; 0; 0; 0; 0; 0; 0; 0
1968;02; 0; 185; 90; 0; 0; 13; 40; 0; 0; 0; 2; 16; 136; 284; 195; 205; 100; 289; 0; 0; 0; 0; 10; 253; 28; 35; 0; 156; 77; 9999; 9999
1968;03; 0; 0; 0; 0; 1; 10; 8; 474; 0; 14; 0; 0; 0; 192; 89; 362; 165; 0; 0; 0; 0; 0; 0; 0; 0; 0; 0; 0; 0; 62; 0
1968;04; 0; 0; 0; 0; 0; 0; 0; 0; 0; 0; 0; 0; 15; 0; 0; 0; 0; 0; 0; 393; 0; 0; 0; 0; 0; 0; 0; 0; 0; 1; 9999
1968;05; 0; 0; 0; 0; 0; 0; 0; 0; 0; 0; 0; 0; 0; 0; 0; 2; 4; 0; 0; 0; 0; 0; 0; 0; 0; 0; 0; 0; 0; 0; 0
1968;06; 0; 0; 0; 0; 0; 0; 0; 0; 0; 0; 0; 0; 0; 0; 0; 0; 0; 0; 0; 0; 0; 0; 0; 0; 0; 0; 0; 0; 0; 0; 9999
1968;07; 0; 0; 0; 0; 0; 0; 0; 0; 0; 0; 25; 0; 0; 0; 0; 0; 0; 0; 0; 0; 0; 0; 0; 0; 0; 0; 0; 0; 0; 0; 0
1968;08; 0; 0; 0; 0; 2; 6; 0; 3; 162; 105; 0; 0; 0; 0; 0; 0; 0; 0; 0; 0; 0; 0; 0; 0; 0; 0; 0; 0; 0; 0; 32
1968;09; 0; 0; 0; 200; 0; 0; 0; 0; 0; 0; 0; 0; 0; 0; 0; 0; 0; 0; 0; 0; 0; 0; 0; 0; 0; 0; 0; 0; 0; 0; 9999
1968;10; 32; 0; 0; 0; 0; 0; 0; 0; 0; 0; 0; 30; 0; 0; 0; 0; 542; 52; 56; 0; 0; 205; 411; 0; 0; 63; 62; 48; 12; 12; 0
1968;11; 181; 4; 235; 0; 50; 0; 0; 0; 0; 101; 15; 0; 0; 0; 0; 0; 125; 710; 45; 400; 0; 0; 0; 0; 0; 0; 0; 310; 55; 390; 9999
1968;12; 172; 320; 262; 360; 70; 0; 0; 0; 0; 0; 0; 0; 0; 0; 0; 0; 0; 63; 12; 323; 4; 0; 0; 0; 0; 211; 507; 44; 230; 7; 0
1969;01; 0; 36; 254; 0; 0; 0; 0; 0; 0; 0; 0; 0; 2; 0; 44; 125; 75; 5; 0; 154; 0; 85; 1109; 378; 68; 84; 0; 1; 80; 0; 0
1969;02; 0; 223; 183; 22; 0; 0; 0; 126; 0; 343; 0; 0; 2; 0; 0; 237; 5; 346; 0; 15; 22; 13; 65; 0; 0; 0; 0; 0; 9999; 9999; 9999
1969;03; 269; 0; 0; 0; 134; 508; 0; 0; 25; 0; 0; 95; 123; 159; 102; 0; 0; 0; 0; 0; 0; 322; 197; 0; 0; 0; 0; 0; 0; 24; 0
1969;04; 204; 0; 0; 0; 104; 0; 82; 0; 119; 0; 0; 74; 110; 22; 1; 0; 0; 0; 0; 0; 0; 0; 13; 83; 0; 0; 0; 0; 26; 0; 9999
1969;05; 0; 0; 0; 75; 202; 0; 0; 0; 0; 0; 0; 0; 0; 0; 0; 0; 0; 0; 0; 0; 0; 0; 0; 0; 0; 0; 0; 0; 0; 116; 0
1969;06; 0; 0; 114; 66; 0; 0; 0; 0; 0; 0; 0; 0; 0; 0; 0; 0; 0; 0; 0; 0; 0; 0; 0; 0; 0; 0; 0; 0; 0; 0; 9999
1969;07; 0; 0; 0; 0; 0; 0; 0; 0; 0; 0; 0; 0; 20; 0; 0; 0; 0; 0; 0; 0; 0; 0; 0; 0; 0; 0; 0; 0; 0; 0; 35
1969;08; 0; 0; 0; 0; 0; 0; 26; 0; 0; 0; 0; 0; 0; 0; 0; 0; 0; 0; 0; 0; 0; 0; 0; 0; 0; 0; 0; 0; 0; 0; 0
1969;09; 0; 0; 0; 0; 0; 0; 0; 0; 0; 0; 0; 0; 0; 0; 0; 0; 0; 0; 0; 0; 268; 0; 0; 0; 0; 0; 0; 0; 0; 5; 9999
1969;10; 267; 0; 83; 100; 0; 25; 0; 0; 0; 171; 20; 0; 0; 0; 0; 0; 0; 0; 20; 362; 6; 0; 155; 222; 327; 0; 0; 15; 332; 0; 509
1969;11; 136; 0; 27; 48; 24; 0; 80; 12; 92; 34; 42; 22; 200; 240; 0; 280; 10; 30; 150; 15; 3; 0; 0; 0; 0; 0; 0; 0; 1; 195; 9999
1969;12; 234; 17; 0; 0; 74; 0; 90; 0; 0; 0; 25; 369; 625; 50; 49; 0; 0; 0; 0; 0; 0; 0; 36; 118; 14; 0; 0; 0; 0; 0; 244
1970;01; 58; 161; 14; 148; 0; 111; 35; 0; 0; 0; 0; 0; 373; 105; 0; 265; 520; 20; 598; 107; 38; 0; 0; 0; 0; 0; 0; 14; 34; 93; 248
1970;02; 0; 238; 0; 0; 102; 130; 363; 62; 0; 20; 70; 79; 298; 0; 427; 320; 192; 325; 180; 90; 105; 472; 210; 240; 85; 0; 0; 0; 9999; 9999; 9999
1970;03; 25; 60; 30; 0; 0; 0; 0; 0; 0; 100; 0; 0; 350; 144; 0; 0; 0; 782; 32; 0; 0; 0; 0; 0; 0; 0; 12; 0; 0; 0; 0
1970;04; 0; 0; 0; 101; 4; 0; 0; 0; 0; 0; 20; 60; 0; 0; 0; 0; 0; 0; 0; 24; 1; 0; 0; 0; 44; 0; 0; 0; 0; 0; 9999
1970;05; 0; 0; 0; 0; 0; 0; 0; 95; 0; 3; 0; 0; 0; 0; 0; 0; 0; 0; 0; 0; 29; 0; 63; 0; 0; 0; 0; 0; 0; 0; 0
1970;06; 0; 0; 0; 0; 0; 0; 0; 0; 0; 0; 0; 0; 0; 0; 0; 0; 0; 0; 0; 0; 0; 0; 0; 57; 17; 0; 4; 0; 0; 0; 9999
1970;07; 0; 0; 4; 0; 0; 0; 0; 0; 0; 0; 111; 0; 5; 5; 0; 0; 0; 0; 0; 0; 0; 0; 0; 15; 0; 0; 0; 0; 0; 0; 0
1970;08; 0; 0; 0; 0; 0; 0; 0; 0; 0; 0; 0; 0; 0; 0; 0; 0; 0; 0; 0; 0; 0; 0; 0; 0; 0; 0; 0; 40; 0; 0; 52
1970;09; 8; 0; 0; 21; 0; 0; 133; 0; 0; 6; 35; 0; 0; 0; 0; 178; 53; 0; 0; 0; 0; 0; 41; 0; 0; 0; 0; 0; 222; 20; 9999
1970;10; 0; 81; 610; 21; 52; 10; 0; 0; 0; 0; 0; 2; 223; 0; 0; 0; 0; 0; 0; 27; 0; 45; 27; 2; 0; 0; 0; 0; 10; 0; 0
1970;11; 0; 0; 75; 69; 35; 0; 0; 15; 334; 0; 0; 0; 36; 10; 0; 0; 0; 12; 22; 0; 290; 0; 0; 0; 0; 0; 0; 250; 0; 280; 9999
1970;12; 11; 0; 0; 0; 0; 0; 0; 0; 0; 410; 21; 51; 10; 30; 0; 87; 0; 125; 0; 32; 80; 0; 0; 0; 24; 12; 0; 0; 7; 5; 50
1971;01; 0; 0; 0; 46; 296; 34; 0; 0; 0; 0; 0; 0; 22; 48; 36; 92; 26; 0; 85; 174; 16; 0; 0; 0; 0; 0; 0; 0; 0; 25; 70
1971;02; 42; 0; 0; 0; 0; 0; 272; 26; 167; 6; 55; 5; 0; 82; 302; 0; 0; 46; 0; 162; 213; 21; 0; 0; 5; 10; 155; 386; 9999; 9999; 9999
1971;03; 24; 0; 0; 0; 0; 381; 259; 22; 0; 0; 129; 82; 29; 0; 0; 0; 0; 0; 0; 0; 107; 60; 0; 3; 0; 53; 25; 31; 12; 0; 0
1971;04; 0; 0; 0; 0; 0; 0; 15; 201; 101; 53; 0; 0; 0; 0; 16; 1; 0; 0; 0; 0; 336; 0; 0; 83; 0; 0; 0; 0; 0; 0; 9999
1971;05; 0; 0; 65; 3; 0; 0; 22; 0; 0; 0; 0; 0; 0; 0; 0; 0; 0; 0; 0; 0; 0; 0; 0; 0; 24; 83; 144; 0; 0; 0; 0
1971;06; 0; 0; 0; 0; 0; 0; 0; 0; 0; 0; 0; 0; 262; 21; 34; 76; 23; 0; 127; 36; 0; 0; 0; 0; 0; 0; 0; 0; 0; 0; 9999
1971;07; 0; 0; 0; 0; 24; 0; 0; 0; 0; 0; 0; 0; 0; 0; 0; 0; 0; 0; 0; 0; 0; 0; 0; 0; 0; 0; 0; 0; 0; 132; 23
1971;08; 0; 0; 0; 0; 0; 0; 0; 0; 0; 0; 0; 0; 0; 0; 0; 0; 0; 0; 0; 0; 0; 0; 0; 0; 0; 0; 0; 0; 0; 0; 0
1971;09; 0; 0; 9; 0; 0; 0; 0; 5; 167; 0; 0; 220; 80; 0; 0; 0; 0; 0; 0; 0; 0; 0; 0; 0; 106; 0; 63; 0; 176; 0; 9999
1971;10; 302; 1; 0; 17; 0; 0; 375; 243; 0; 0; 37; 172; 39; 0; 0; 20; 43; 122; 0; 0; 0; 0; 0; 0; 4; 234; 0; 244; 31; 52; 0
1971;11; 0; 182; 207; 219; 50; 0; 0; 0; 0; 0; 0; 0; 0; 0; 0; 0; 0; 40; 0; 62; 50; 37; 0; 0; 14; 0; 68; 170; 0; 116; 9999
1971;12; 38; 0; 80; 100; 307; 0; 0; 207; 175; 40; 15; 33; 164; 35; 274; 5; 4; 102; 49; 22; 28; 0; 286; 1258; 183; 107; 953; 277; 0; 0; 0
1972;01; 0; 0; 143; 11; 0; 0; 0; 47; 0; 187; 5; 0; 0; 21; 0; 0; 13; 0; 0; 3; 10; 163; 196; 305; 247; 40; 156; 64; 0; 82; 6
1972;02; 155; 0; 182; 0; 57; 122; 123; 6; 0; 0; 29; 0; 198; 84; 183; 131; 202; 3; 12; 112; 150; 162; 46; 0; 2; 239; 29; 63; 0; 9999; 9999
1972;03; 16; 7; 23; 0; 25; 9; 0; 0; 8; 4; 0; 455; 0; 0; 0; 0; 0; 0; 0; 1; 192; 0; 0; 132; 0; 59; 26; 0; 0; 2; 0
1972;04; 25; 0; 0; 214; 0; 0; 223; 261; 0; 0; 0; 0; 0; 11; 7; 0; 0; 0; 0; 0; 0; 0; 0; 0; 0; 0; 0; 57; 3; 0; 9999
1972;05; 0; 0; 12; 0; 0; 0; 0; 0; 0; 0; 0; 0; 0; 0; 0; 0; 0; 0; 0; 0; 0; 0; 117; 40; 204; 0; 0; 0; 0; 0; 0
1972;06; 0; 0; 0; 0; 0; 0; 0; 0; 0; 0; 0; 0; 0; 0; 0; 0; 0; 0; 0; 0; 0; 0; 0; 0; 0; 0; 0; 0; 0; 0; 9999
1972;07; 0; 0; 0; 0; 0; 0; 0; 174; 62; 1; 53; 0; 200; 53; 0; 0; 0; 0; 0; 0; 0; 0; 0; 0; 0; 0; 57; 0; 0; 0; 0
1972;08; 0; 0; 0; 16; 71; 0; 60; 0; 0; 0; 0; 0; 73; 0; 0; 0; 0; 0; 0; 0; 0; 0; 0; 0; 0; 0; 0; 0; 0; 3; 0
1972;09; 6; 57; 0; 0; 75; 0; 0; 0; 0; 0; 49; 169; 0; 58; 79; 0; 0; 0; 0; 0; 0; 0; 0; 0; 42; 140; 0; 341; 37; 100; 9999
1972;10; 146; 110; 127; 89; 751; 0; 32; 6; 0; 396; 439; 0; 0; 315; 0; 0; 0; 0; 0; 0; 0; 0; 0; 0; 0; 0; 0; 0; 0; 421; 0
1972;11; 15; 96; 7; 225; 131; 93; 0; 0; 15; 45; 0; 0; 0; 305; 0; 0; 503; 41; 83; 103; 193; 33; 0; 406; 160; 188; 0; 0; 0; 0; 9999
1972;12; 105; 0; 0; 40; 0; 0; 0; 0; 0; 0; 115; 10; 43; 0; 0; 0; 0; 0; 10; 12; 0; 34; 239; 66; 82; 21; 19; 200; 208; 170; 141
1973;01; 0; 32; 143; 0; 0; 0; 0; 0; 0; 0; 0; 0; 51; 0; 0; 0; 490; 416; 0; 281; 100; 409; 72; 121; 56; 408; 2; 0; 0; 0; 0
1973;02; 200; 24; 23; 43; 164; 0; 0; 2; 0; 0; 0; 0; 0; 23; 327; 121; 0; 0; 0; 0; 0; 246; 61; 0; 20; 24; 28; 2; 9999; 9999; 9999
1973;03; 0; 0; 262; 0; 9; 10; 13; 16; 151; 701; 142; 52; 0; 0; 0; 0; 0; 40; 35; 133; 48; 0; 60; 80; 0; 0; 2; 0; 0; 188; 74
1973;04; 1148; 763; 0; 0; 0; 0; 8; 80; 37; 17; 131; 81; 647; 18; 0; 0; 0; 0; 0; 0; 0; 392; 2; 0; 0; 0; 0; 0; 0; 0; 9999
1973;05; 0; 0; 0; 0; 22; 75; 0; 0; 0; 175; 18; 27; 2; 0; 0; 0; 0; 0; 0; 0; 0; 32; 0; 0; 101; 39; 0; 0; 0; 0; 0
1973;06; 0; 0; 0; 0; 0; 0; 0; 0; 0; 0; 0; 14; 0; 0; 0; 0; 0; 0; 71; 0; 0; 0; 0; 0; 0; 0; 49; 53; 0; 0; 9999
1973;07; 0; 0; 0; 0; 0; 0; 0; 0; 0; 0; 0; 0; 0; 0; 0; 0; 0; 0; 0; 0; 0; 10; 0; 0; 0; 0; 0; 25; 0; 0; 0
1973;08; 0; 0; 0; 0; 0; 1; 0; 0; 0; 0; 0; 0; 0; 0; 0; 0; 0; 0; 0; 0; 0; 0; 0; 0; 0; 0; 0; 0; 0; 0; 0
1973;09; 236; 36; 0; 0; 0; 0; 0; 0; 0; 0; 0; 0; 0; 0; 0; 0; 0; 0; 0; 0; 0; 0; 0; 0; 0; 74; 0; 0; 0; 0; 9999
1973;10; 0; 0; 0; 0; 0; 146; 0; 29; 0; 0; 22; 6; 0; 0; 0; 0; 0; 409; 0; 0; 0; 0; 55; 135; 403; 35; 0; 0; 0; 283; 0
1973;11; 1003; 145; 0; 0; 0; 0; 0; 0; 0; 0; 121; 257; 193; 0; 0; 203; 558; 111; 15; 0; 0; 0; 0; 297; 81; 8; 0; 0; 0; 0; 9999
1973;12; 0; 0; 87; 621; 141; 109; 213; 183; 33; 45; 0; 0; 311; 16; 0; 0; 184; 346; 21; 36; 6; 0; 93; 132; 347; 0; 0; 61; 172; 123; 155
1974;01; 145; 0; 311; 58; 0; 0; 200; 0; 0; 112; 59; 196; 106; 3; 2; 116; 0; 178; 0; 0; 0; 0; 66; 21; 74; 228; 115; 21; 0; 203; 0
1974;02; 5; 2; 0; 0; 0; 0; 0; 0; 0; 107; 0; 53; 92; 62; 23; 0; 0; 0; 0; 0; 0; 0; 57; 0; 0; 0; 0; 0; 9999; 9999; 9999
1974;03; 0; 0; 0; 0; 407; 202; 121; 71; 202; 253; 449; 92; 56; 39; 42; 21; 187; 322; 462; 12; 196; 0; 424; 119; 84; 96; 0; 0; 0; 0; 0
1974;04; 0; 58; 0; 0; 0; 17; 48; 92; 142; 70; 16; 21; 38; 24; 0; 0; 0; 0; 0; 0; 0; 0; 0; 0; 0; 225; 0; 0; 0; 5; 9999
1974;05; 0; 0; 0; 0; 0; 0; 0; 0; 0; 0; 0; 0; 144; 0; 0; 0; 0; 0; 0; 0; 0; 0; 0; 0; 0; 0; 0; 0; 0; 0; 20
1974;06; 0; 132; 0; 0; 0; 0; 0; 0; 0; 0; 0; 0; 0; 0; 0; 0; 0; 0; 0; 0; 0; 143; 0; 2; 0; 145; 0; 0; 0; 0; 9999
1974;07; 0; 0; 0; 0; 0; 0; 0; 0; 0; 0; 0; 0; 0; 0; 0; 0; 0; 0; 0; 0; 0; 0; 0; 0; 0; 0; 0; 0; 0; 0; 0
1974;08; 0; 0; 0; 0; 0; 0; 0; 0; 0; 0; 0; 0; 0; 0; 42; 0; 0; 0; 0; 0; 0; 0; 0; 0; 0; 0; 0; 0; 0; 0; 0
1974;09; 0; 0; 0; 0; 0; 0; 0; 0; 0; 0; 0; 0; 0; 0; 0; 0; 0; 0; 0; 0; 0; 0; 0; 0; 0; 0; 0; 7; 0; 0; 9999
1974;10; 15; 0; 0; 328; 0; 0; 0; 0; 0; 0; 0; 0; 0; 0; 0; 0; 0; 0; 50; 0; 0; 0; 0; 71; 72; 0; 0; 172; 507; 0; 0
1974;11; 0; 0; 0; 0; 0; 0; 0; 0; 0; 0; 0; 0; 131; 0; 0; 0; 0; 0; 0; 193; 0; 0; 0; 0; 0; 0; 112; 0; 0; 0; 9999
1974;12; 0; 0; 19; 304; 402; 0; 0; 0; 0; 0; 202; 306; 100; 400; 0; 0; 0; 142; 100; 326; 162; 204; 126; 227; 0; 304; 21; 285; 134; 64; 72
1975;01; 328; 545; 0; 0; 0; 0; 204; 0; 0; 0; 343; 102; 0; 290; 0; 0; 0; 0; 82; 73; 0; 54; 62; 153; 0; 0; 0; 74; 0; 57; 0
1975;02; 231; 56; 74; 125; 326; 155; 304; 413; 295; 0; 52; 114; 0; 0; 0; 0; 0; 0; 0; 0; 0; 0; 123; 294; 0; 0; 65; 0; 9999; 9999; 9999
1975;03; 0; 0; 0; 104; 0; 0; 0; 0; 0; 0; 164; 0; 0; 31; 0; 190; 0; 0; 0; 0; 0; 0; 0; 145; 0; 0; 0; 0; 0; 114; 156
1975;04; 0; 0; 0; 270; 0; 0; 0; 0; 0; 366; 0; 0; 0; 0; 130; 0; 0; 0; 0; 0; 0; 69; 0; 0; 0; 0; 0; 0; 0; 0; 9999
1975;05; 0; 0; 0; 0; 0; 367; 0; 0; 0; 0; 0; 0; 0; 0; 0; 0; 0; 0; 0; 0; 0; 0; 0; 0; 0; 0; 0; 0; 0; 0; 0
1975;06; 0; 0; 0; 0; 0; 0; 0; 0; 0; 0; 0; 0; 0; 0; 0; 0; 0; 0; 0; 0; 0; 0; 0; 0; 0; 0; 0; 0; 0; 0; 9999
1975;07; 0; 0; 81; 0; 0; 0; 0; 0; 0; 0; 0; 0; 0; 0; 0; 0; 0; 0; 0; 0; 0; 0; 0; 0; 0; 0; 0; 0; 0; 0; 0
1975;08; 0; 0; 0; 0; 0; 0; 0; 0; 0; 0; 0; 0; 0; 0; 0; 0; 0; 0; 0; 0; 0; 0; 0; 0; 0; 0; 0; 0; 0; 0; 0
1975;09; 0; 0; 0; 0; 0; 0; 0; 0; 0; 0; 0; 0; 0; 0; 0; 0; 0; 0; 0; 0; 0; 0; 0; 64; 0; 0; 119; 0; 0; 107; 9999
1975;10; 0; 0; 0; 0; 0; 40; 0; 163; 0; 0; 128; 585; 0; 0; 0; 0; 0; 0; 0; 380; 0; 0; 0; 0; 0; 0; 0; 0; 0; 0; 0
1975;11; 0; 0; 0; 0; 0; 729; 0; 0; 0; 162; 359; 324; 5; 0; 0; 0; 9; 20; 93; 44; 573; 0; 0; 31; 314; 259; 285; 742; 93; 9; 9999
1975;12; 174; 0; 0; 0; 6; 0; 0; 103; 10; 8; 0; 0; 127; 29; 236; 0; 0; 57; 31; 0; 0; 7; 144; 273; 271; 270; 460; 4; 176; 0; 0
1976;01; 0; 66; 172; 95; 19; 0; 0; 27; 0; 227; 27; 0; 0; 0; 0; 0; 0; 0; 0; 0; 60; 4; 276; 20; 33; 211; 0; 62; 0; 0; 0
1976;02; 130; 698; 151; 124; 0; 341; 587; 399; 21; 0; 5; 0; 0; 0; 0; 8; 0; 495; 48; 24; 2; 0; 378; 292; 9; 433; 469; 16; 43; 9999; 9999
1976;03; 20; 56; 86; 0; 0; 0; 0; 0; 0; 0; 0; 40; 19; 0; 0; 0; 21; 0; 0; 297; 597; 0; 20; 0; 14; 113; 410; 66; 0; 0; 0
1976;04; 0; 0; 0; 0; 0; 0; 0; 0; 0; 5; 0; 170; 209; 335; 0; 0; 0; 0; 0; 0; 0; 0; 0; 0; 0; 0; 0; 0; 0; 20; 9999
1976;05; 0; 0; 0; 0; 121; 0; 0; 0; 0; 151; 0; 0; 7; 0; 0; 0; 0; 0; 0; 278; 0; 0; 0; 0; 0; 95; 0; 0; 329; 99; 0
1976;06; 0; 0; 0; 0; 0; 0; 0; 0; 0; 39; 0; 0; 0; 0; 0; 0; 0; 0; 0; 0; 0; 0; 0; 0; 0; 0; 0; 0; 0; 0; 9999
1976;07; 0; 84; 495; 212; 0; 0; 0; 0; 0; 43; 0; 0; 0; 0; 0; 0; 0; 0; 0; 0; 0; 0; 0; 0; 0; 0; 0; 0; 0; 0; 0
1976;08; 0; 0; 0; 0; 0; 78; 37; 0; 0; 49; 0; 0; 146; 334; 43; 0; 0; 0; 18; 90; 70; 0; 0; 0; 0; 0; 0; 0; 0; 0; 0
1976;09; 0; 0; 0; 0; 0; 41; 0; 4; 0; 0; 0; 0; 0; 750; 618; 237; 8; 0; 0; 0; 0; 0; 71; 13; 0; 0; 387; 90; 0; 0; 9999
1976;10; 0; 0; 0; 0; 0; 10; 0; 0; 216; 129; 0; 0; 0; 0; 0; 0; 0; 20; 12; 446; 114; 57; 0; 20; 263; 0; 0; 0; 6; 8; 0
1976;11; 160; 0; 0; 0; 8; 132; 0; 0; 0; 214; 0; 0; 16; 0; 0; 53; 8; 6; 0; 157; 78; 355; 0; 0; 22; 0; 4; 341; 48; 0; 9999
1976;12; 12; 387; 36; 0; 0; 40; 0; 70; 725; 9; 0; 332; 13; 135; 85; 23; 172; 45; 0; 18; 439; 142; 28; 372; 178; 66; 87; 234; 0; 131; 0
1977;01; 11; 184; 0; 15; 147; 32; 291; 71; 0; 0; 144; 0; 0; 0; 0; 0; 305; 34; 62; 395; 54; 10; 123; 36; 13; 40; 73; 97; 88; 55; 42
1977;02; 140; 4; 0; 41; 6; 0; 0; 0; 0; 0; 0; 12; 4; 0; 0; 0; 0; 0; 0; 0; 0; 0; 16; 138; 0; 8; 0; 0; 9999; 9999; 9999
1977;03; 0; 0; 0; 23; 0; 32; 33; 0; 23; 0; 122; 0; 0; 0; 0; 0; 0; 10; 407; 0; 202; 44; 0; 52; 82; 0; 0; 123; 342; 51; 263
1977;04; 0; 227; 0; 49; 431; 5; 0; 0; 338; 0; 33; 0; 0; 0; 0; 0; 0; 0; 0; 413; 0; 29; 0; 0; 0; 0; 0; 186; 0; 0; 9999
1977;05; 0; 0; 51; 0; 0; 0; 0; 0; 0; 0; 0; 0; 0; 0; 0; 0; 43; 0; 0; 0; 0; 0; 0; 0; 0; 0; 0; 0; 0; 0; 0
1977;06; 0; 128; 0; 0; 134; 0; 0; 0; 0; 0; 0; 0; 0; 0; 5; 0; 0; 0; 0; 0; 0; 0; 0; 0; 14; 0; 0; 0; 0; 0; 9999
1977;07; 0; 0; 0; 0; 0; 0; 0; 0; 0; 0; 0; 0; 0; 0; 0; 0; 0; 0; 0; 0; 0; 0; 0; 0; 0; 0; 0; 0; 0; 0; 0
1977;08; 0; 0; 0; 0; 0; 0; 0; 0; 0; 0; 0; 0; 0; 0; 0; 0; 0; 0; 0; 0; 0; 0; 0; 0; 0; 0; 0; 0; 0; 235; 526
1977;09; 173; 179; 74; 0; 0; 10; 5; 0; 0; 0; 0; 0; 0; 0; 0; 0; 0; 7; 0; 0; 32; 0; 0; 198; 30; 0; 0; 0; 0; 0; 9999
1977;10; 0; 256; 0; 0; 0; 154; 18; 0; 0; 0; 0; 10; 0; 4; 0; 0; 0; 0; 88; 0; 0; 0; 0; 0; 0; 0; 113; 369; 173; 0; 0
1977;11; 0; 346; 48; 0; 0; 376; 0; 0; 0; 0; 0; 0; 158; 46; 60; 141; 148; 68; 143; 91; 0; 103; 0; 0; 403; 107; 0; 0; 440; 234; 9999
1977;12; 138; 509; 291; 131; 419; 0; 0; 104; 0; 0; 0; 0; 0; 0; 528; 0; 0; 0; 17; 156; 0; 82; 269; 209; 0; 0; 0; 0; 0; 157; 0
1978;01; 144; 43; 160; 209; 14; 29; 942; 436; 38; 31; 47; 486; 50; 225; 125; 46; 128; 0; 0; 0; 0; 0; 54; 0; 0; 0; 160; 0; 0; 0; 10
1978;02; 0; 0; 0; 0; 16; 199; 0; 132; 0; 0; 0; 25; 0; 87; 0; 8; 392; 0; 0; 0; 11; 278; 392; 0; 0; 8; 0; 150; 9999; 9999; 9999
1978;03; 0; 0; 189; 82; 0; 25; 7; 300; 363; 169; 0; 0; 0; 0; 0; 0; 0; 0; 0; 0; 0; 0; 0; 0; 0; 0; 0; 28; 66; 0; 0
1978;04; 0; 0; 0; 90; 0; 0; 0; 0; 0; 0; 164; 0; 0; 0; 13; 0; 0; 93; 4; 139; 0; 0; 113; 24; 0; 0; 0; 0; 0; 0; 9999
1978;05; 11; 0; 0; 0; 0; 0; 0; 0; 0; 0; 0; 0; 0; 0; 0; 0; 182; 18; 97; 0; 0; 89; 176; 0; 0; 0; 0; 199; 0; 618; 71
1978;06; 5; 0; 0; 17; 0; 0; 0; 0; 186; 28; 0; 0; 0; 0; 0; 0; 0; 0; 0; 0; 0; 0; 0; 0; 0; 0; 0; 0; 0; 0; 9999
1978;07; 0; 0; 0; 0; 0; 0; 0; 0; 0; 20; 0; 0; 0; 0; 0; 43; 5; 69; 0; 67; 0; 100; 0; 0; 0; 0; 0; 0; 0; 0; 0
1978;08; 0; 0; 0; 0; 0; 0; 0; 0; 0; 0; 0; 0; 0; 0; 0; 0; 0; 0; 0; 0; 0; 0; 0; 0; 0; 0; 0; 0; 0; 0; 0
1978;09; 0; 0; 7; 0; 0; 104; 76; 44; 0; 0; 0; 0; 0; 0; 0; 18; 39; 23; 0; 0; 0; 0; 0; 0; 0; 0; 0; 0; 0; 0; 9999
1978;10; 0; 0; 0; 0; 0; 0; 0; 0; 0; 225; 36; 5; 13; 338; 124; 0; 0; 0; 428; 23; 0; 0; 0; 0; 0; 0; 438; 0; 0; 0; 0
1978;11; 475; 0; 66; 246; 84; 286; 0; 0; 0; 0; 723; 367; 313; 0; 0; 0; 361; 119; 0; 179; 0; 0; 0; 80; 261; 0; 258; 723; 542; 0; 9999
1978;12; 0; 0; 0; 246; 0; 11; 169; 249; 78; 0; 0; 93; 0; 0; 98; 391; 113; 0; 0; 0; 0; 0; 0; 93; 196; 0; 132; 598; 187; 183; 0
1979;01; 0; 0; 87; 63; 0; 0; 54; 0; 0; 0; 0; 0; 292; 0; 277; 0; 0; 0; 0; 491; 376; 79; 83; 27; 0; 284; 320; 198; 157; 73; 34
1979;02; 35; 230; 136; 172; 33; 0; 0; 0; 0; 184; 145; 90; 160; 251; 0; 0; 0; 70; 0; 0; 0; 87; 0; 0; 0; 0; 82; 0; 9999; 9999; 9999
1979;03; 0; 16; 44; 0; 0; 0; 0; 0; 0; 0; 0; 75; 169; 82; 0; 0; 0; 93; 0; 118; 0; 0; 129; 0; 0; 0; 0; 0; 0; 0; 0
1979;04; 0; 0; 0; 175; 146; 345; 0; 0; 0; 0; 0; 0; 0; 0; 0; 0; 0; 0; 0; 0; 0; 0; 0; 0; 0; 0; 16; 167; 229; 158; 9999
1979;05; 296; 0; 0; 266; 118; 0; 190; 19; 0; 0; 0; 0; 0; 0; 0; 0; 0; 0; 0; 0; 0; 0; 0; 0; 0; 0; 0; 0; 0; 168; 69
1979;06; 0; 0; 0; 0; 0; 0; 0; 0; 0; 0; 0; 0; 0; 0; 0; 0; 0; 0; 0; 0; 0; 0; 0; 0; 0; 0; 0; 0; 0; 0; 9999
1979;07; 0; 0; 0; 7; 0; 0; 0; 0; 0; 0; 0; 0; 0; 0; 0; 0; 0; 0; 0; 176; 74; 0; 27; 29; 11; 0; 0; 0; 0; 0; 0
1979;08; 0; 0; 0; 0; 0; 0; 0; 0; 0; 0; 0; 0; 81; 0; 0; 0; 0; 0; 53; 47; 0; 0; 0; 0; 0; 0; 159; 0; 0; 0; 0
1979;09; 0; 0; 10; 186; 0; 0; 0; 0; 0; 0; 86; 22; 0; 87; 123; 0; 0; 0; 9; 0; 0; 0; 319; 40; 0; 0; 0; 0; 0; 0; 9999
1979;10; 191; 0; 22; 78; 0; 0; 0; 0; 27; 0; 0; 118; 289; 288; 433; 16; 0; 0; 0; 0; 0; 0; 0; 31; 0; 0; 0; 0; 0; 0; 221
1979;11; 0; 28; 225; 377; 54; 0; 0; 17; 40; 159; 143; 0; 0; 0; 32; 0; 0; 0; 0; 13; 0; 184; 114; 15; 163; 98; 0; 0; 0; 0; 9999
1979;12; 0; 0; 0; 388; 156; 0; 0; 0; 0; 0; 30; 638; 92; 191; 198; 336; 0; 82; 0; 0; 56; 84; 326; 288; 382; 32; 98; 64; 0; 4; 102
1980;01; 215; 0; 0; 0; 0; 0; 0; 558; 181; 34; 177; 82; 43; 0; 0; 0; 52; 192; 31; 0; 6; 0; 34; 191; 430; 425; 17; 65; 0; 8; 0
1980;02; 26; 92; 4; 0; 0; 0; 0; 596; 32; 0; 16; 0; 160; 12; 0; 0; 39; 60; 510; 0; 0; 0; 0; 6; 75; 31; 129; 66; 41; 9999; 9999
1980;03; 0; 0; 0; 0; 0; 0; 0; 0; 0; 0; 0; 20; 287; 115; 633; 71; 90; 0; 23; 96; 0; 0; 0; 0; 0; 0; 0; 0; 0; 0; 144
1980;04; 31; 0; 56; 142; 75; 190; 0; 0; 0; 83; 503; 35; 93; 51; 227; 0; 297; 0; 0; 0; 0; 0; 0; 0; 0; 0; 0; 0; 0; 0; 9999
1980;05; 5; 0; 86; 46; 0; 0; 0; 0; 0; 0; 86; 131; 0; 0; 0; 0; 0; 0; 0; 0; 0; 0; 0; 0; 0; 0; 0; 0; 0; 0; 0
1980;06; 0; 0; 9; 27; 0; 0; 0; 0; 0; 0; 0; 0; 0; 55; 0; 0; 0; 0; 0; 0; 0; 0; 0; 0; 18; 967; 470; 0; 0; 0; 9999
1980;07; 0; 0; 0; 0; 0; 0; 0; 0; 0; 0; 0; 0; 0; 0; 0; 0; 0; 0; 0; 0; 0; 0; 0; 0; 0; 0; 0; 0; 0; 0; 4
1980;08; 0; 0; 0; 0; 0; 0; 0; 0; 0; 0; 0; 0; 62; 0; 0; 0; 0; 0; 20; 0; 0; 0; 0; 0; 0; 0; 7; 0; 0; 0; 0
1980;09; 0; 0; 0; 0; 0; 0; 0; 0; 0; 0; 0; 0; 13; 0; 0; 44; 9; 19; 138; 0; 495; 124; 0; 0; 0; 11; 0; 283; 36; 0; 9999
1980;10; 0; 0; 0; 0; 0; 0; 0; 0; 556; 0; 0; 215; 37; 0; 0; 27; 0; 0; 0; 0; 0; 0; 0; 0; 0; 0; 0; 0; 0; 119; 57
1980;11; 49; 0; 0; 32; 98; 0; 0; 1289; 288; 352; 308; 424; 0; 0; 0; 0; 0; 0; 21; 325; 0; 0; 565; 910; 22; 0; 0; 0; 20; 218; 9999
1980;12; 665; 328; 189; 315; 73; 335; 65; 20; 0; 14; 0; 11; 90; 215; 10; 0; 0; 0; 15; 0; 0; 109; 0; 82; 318; 33; 62; 133; 107; 13; 0
1981;01; 0; 0; 0; 126; 141; 0; 0; 160; 15; 185; 92; 557; 483; 327; 183; 53; 63; 0; 0; 0; 18; 96; 0; 9; 5; 320; 34; 0; 0; 9; 0
1981;02; 0; 0; 0; 0; 149; 184; 0; 733; 87; 0; 0; 37; 89; 51; 0; 0; 0; 0; 0; 339; 0; 0; 0; 0; 0; 0; 0; 74; 9999; 9999; 9999
1981;03; 0; 0; 0; 0; 0; 0; 38; 0; 41; 124; 0; 0; 0; 0; 0; 0; 105; 70; 0; 0; 17; 46; 0; 0; 0; 0; 89; 97; 491; 130; 0
1981;04; 0; 0; 0; 110; 4; 8; 0; 0; 0; 0; 0; 0; 0; 0; 0; 567; 0; 0; 0; 0; 0; 0; 0; 35; 0; 0; 0; 141; 0; 255; 9999
1981;05; 0; 0; 0; 0; 0; 0; 0; 0; 0; 0; 0; 0; 0; 0; 0; 0; 0; 0; 0; 0; 0; 0; 0; 0; 0; 0; 0; 0; 85; 0; 0
1981;06; 0; 0; 0; 0; 0; 6; 552; 0; 0; 0; 0; 0; 0; 0; 0; 0; 105; 0; 0; 0; 0; 0; 0; 0; 0; 0; 0; 0; 0; 0; 9999
1981;07; 0; 0; 0; 0; 0; 0; 0; 0; 0; 0; 0; 0; 0; 0; 0; 0; 0; 0; 0; 0; 0; 0; 0; 0; 0; 0; 0; 0; 0; 0; 0
1981;08; 0; 0; 0; 0; 0; 0; 0; 0; 0; 0; 0; 0; 0; 0; 0; 0; 0; 0; 0; 0; 0; 0; 0; 0; 0; 0; 0; 0; 0; 0; 0
1981;09; 0; 0; 0; 0; 0; 0; 0; 0; 0; 0; 0; 0; 0; 0; 0; 0; 0; 0; 0; 0; 0; 0; 0; 0; 16; 98; 0; 0; 0; 0; 9999
1981;10; 0; 0; 54; 121; 0; 0; 278; 0; 0; 0; 6; 884; 329; 0; 30; 706; 0; 0; 0; 413; 0; 0; 0; 0; 33; 0; 241; 0; 107; 249; 0
1981;11; 0; 8; 120; 521; 132; 0; 0; 147; 10; 518; 121; 0; 8; 30; 0; 0; 0; 0; 0; 39; 68; 0; 0; 0; 6; 0; 0; 0; 0; 17; 9999
1981;12; 98; 259; 125; 21; 57; 143; 27; 121; 85; 665; 65; 40; 37; 12; 0; 255; 283; 184; 25; 0; 0; 0; 0; 117; 5; 0; 0; 140; 0; 23; 0
1982;01; 35; 59; 455; 60; 97; 0; 18; 10; 230; 406; 34; 499; 333; 0; 0; 0; 0; 0; 0; 82; 96; 0; 158; 228; 9; 25; 48; 115; 336; 58; 63
1982;02; 32; 51; 37; 28; 44; 566; 15; 0; 20; 0; 0; 0; 0; 0; 0; 0; 0; 0; 0; 0; 0; 0; 0; 23; 224; 0; 170; 43; 9999; 9999; 9999
1982;03; 0; 28; 48; 637; 0; 10; 0; 0; 72; 447; 325; 142; 56; 9; 0; 68; 193; 19; 15; 73; 0; 45; 445; 7; 0; 0; 19; 0; 0; 5; 0
1982;04; 0; 0; 25; 11; 0; 0; 0; 0; 0; 0; 19; 58; 0; 99; 83; 70; 0; 0; 0; 0; 0; 0; 0; 0; 0; 0; 0; 0; 0; 0; 9999
1982;05; 7; 25; 0; 0; 0; 0; 0; 0; 0; 0; 0; 0; 0; 0; 0; 0; 0; 0; 0; 135; 0; 0; 0; 0; 124; 459; 0; 0; 0; 0; 28
1982;06; 0; 0; 0; 0; 92; 8; 0; 0; 0; 0; 0; 0; 21; 69; 0; 0; 10; 0; 0; 0; 0; 0; 0; 0; 16; 24; 13; 0; 0; 0; 9999
1982;07; 0; 0; 0; 0; 0; 0; 0; 0; 0; 0; 0; 0; 0; 14; 0; 0; 0; 0; 339; 0; 0; 0; 0; 0; 0; 0; 0; 0; 0; 0; 5
1982;08; 0; 0; 0; 0; 73; 27; 0; 0; 0; 0; 27; 10; 0; 0; 0; 0; 0; 0; 0; 0; 0; 0; 0; 0; 0; 0; 0; 173; 36; 5; 0
1982;09; 0; 0; 0; 0; 0; 0; 0; 0; 0; 0; 0; 0; 0; 0; 0; 0; 0; 0; 199; 15; 0; 0; 0; 0; 0; 0; 0; 910; 0; 0; 9999
1982;10; 0; 0; 228; 0; 0; 0; 0; 175; 6; 9; 271; 64; 0; 83; 0; 0; 0; 0; 223; 0; 273; 107; 0; 0; 0; 0; 0; 70; 37; 145; 64
1982;11; 0; 0; 0; 0; 41; 0; 11; 0; 0; 17; 5; 198; 0; 0; 231; 113; 0; 165; 0; 73; 190; 183; 0; 80; 0; 0; 0; 0; 0; 0; 9999
1982;12; 184; 22; 87; 213; 0; 206; 217; 202; 5; 13; 98; 0; 42; 310; 0; 219; 198; 124; 15; 23; 200; 32; 18; 516; 0; 0; 27; 334; 40; 371; 224
1983;01; 374; 241; 0; 0; 282; 480; 24; 550; 0; 0; 0; 62; 61; 149; 150; 99; 218; 242; 426; 362; 162; 0; 0; 0; 0; 0; 0; 0; 0; 0; 153
1983;02; 735; 343; 474; 5; 0; 0; 0; 7; 77; 169; 38; 433; 63; 0; 12; 0; 0; 3; 150; 0; 0; 0; 0; 0; 0; 3; 2; 150; 9999; 9999; 9999
1983;03; 10; 236; 0; 529; 6; 20; 35; 21; 0; 0; 0; 0; 0; 0; 0; 137; 0; 0; 416; 293; 109; 78; 34; 0; 52; 0; 0; 44; 0; 0; 0
1983;04; 0; 116; 0; 80; 0; 106; 1290; 25; 0; 0; 97; 195; 265; 0; 0; 0; 8; 0; 0; 0; 65; 0; 0; 0; 651; 141; 0; 0; 0; 0; 9999
1983;05; 0; 0; 0; 0; 0; 0; 0; 29; 0; 41; 0; 0; 0; 154; 5; 0; 0; 0; 0; 0; 113; 0; 31; 108; 7; 0; 0; 0; 229; 0; 480
1983;06; 47; 62; 0; 103; 0; 0; 264; 0; 0; 30; 0; 0; 0; 0; 0; 0; 0; 0; 0; 0; 0; 0; 0; 0; 0; 0; 0; 10; 0; 0; 9999
1983;07; 0; 0; 0; 0; 0; 0; 0; 0; 0; 0; 0; 0; 0; 0; 0; 0; 0; 3; 119; 215; 75; 0; 0; 0; 0; 0; 0; 0; 0; 0; 0
1983;08; 0; 0; 0; 0; 0; 0; 0; 0; 0; 0; 0; 0; 0; 0; 0; 0; 0; 0; 0; 0; 0; 0; 2; 0; 0; 0; 0; 0; 0; 0; 0
1983;09; 0; 0; 0; 0; 0; 56; 53; 283; 4; 0; 46; 7; 13; 0; 0; 116; 152; 0; 180; 92; 0; 87; 0; 57; 3; 0; 0; 0; 0; 0; 9999
1983;10; 0; 303; 0; 0; 15; 0; 27; 114; 0; 0; 262; 270; 164; 529; 275; 0; 43; 530; 30; 4; 0; 119; 800; 108; 38; 9; 0; 0; 0; 0; 0
1983;11; 110; 0; 13; 0; 15; 10; 0; 0; 0; 344; 128; 82; 23; 165; 114; 21; 0; 0; 0; 337; 110; 52; 21; 0; 0; 0; 0; 0; 0; 0; 9999
1983;12; 0; 165; 51; 35; 0; 27; 0; 0; 144; 93; 102; 125; 52; 294; 66; 82; 20; 129; 78; 22; 88; 24; 9; 715; 27; 58; 64; 45; 149; 61; 3
1984;01; 4; 12; 3; 0; 0; 0; 0; 8; 0; 55; 15; 0; 0; 0; 0; 0; 0; 0; 0; 0; 270; 0; 40; 367; 460; 420; 99; 498; 7; 0; 0
1984;02; 0; 4; 0; 0; 6; 0; 238; 150; 24; 3; 5; 217; 0; 0; 5; 0; 288; 121; 0; 0; 120; 0; 0; 0; 13; 0; 2; 0; 0; 9999; 9999
1984;03; 0; 0; 121; 30; 0; 21; 16; 200; 5; 3; 2; 14; 0; 0; 0; 2; 38; 0; 0; 0; 0; 395; 2; 0; 0; 0; 0; 0; 100; 12; 108
1984;04; 35; 0; 0; 74; 12; 0; 0; 155; 8; 0; 0; 0; 0; 0; 0; 43; 128; 7; 7; 19; 0; 25; 0; 0; 0; 0; 23; 0; 4; 167; 9999
1984;05; 0; 18; 9999; 0; 48; 0; 0; 0; 0; 0; 0; 0; 0; 0; 15; 10; 100; 369; 0; 0; 0; 0; 0; 0; 0; 0; 0; 0; 0; 0; 0
1984;06; 0; 0; 0; 0; 0; 0; 0; 0; 0; 0; 0; 0; 0; 0; 0; 0; 0; 0; 0; 0; 0; 0; 0; 0; 0; 0; 0; 0; 0; 0; 9999
1984;07; 0; 0; 0; 0; 0; 0; 0; 0; 0; 0; 0; 0; 0; 0; 0; 0; 0; 0; 0; 0; 0; 0; 0; 0; 0; 0; 0; 0; 0; 0; 0
1984;08; 0; 0; 0; 54; 0; 0; 0; 0; 0; 0; 0; 0; 0; 0; 0; 0; 0; 0; 15; 0; 221; 0; 130; 0; 28; 42; 0; 0; 31; 0; 47
1984;09; 0; 0; 0; 0; 0; 0; 5; 56; 227; 0; 0; 0; 0; 0; 0; 0; 57; 0; 0; 0; 366; 0; 0; 0; 0; 51; 247; 0; 0; 0; 9999
1984;10; 0; 0; 0; 0; 0; 0; 0; 0; 0; 96; 0; 0; 0; 8; 0; 131; 156; 200; 33; 16; 0; 0; 0; 0; 44; 0; 0; 0; 0; 0; 0
1984;11; 0; 0; 0; 0; 0; 0; 20; 0; 0; 0; 0; 25; 17; 0; 0; 0; 3; 23; 41; 0; 261; 114; 16; 5; 13; 77; 163; 5; 0; 195; 9999
1984;12; 7; 681; 231; 0; 82; 41; 164; 159; 606; 170; 0; 0; 142; 319; 358; 265; 52; 225; 0; 0; 0; 0; 0; 0; 39; 88; 562; 13; 375; 0; 165
1985;01; 0; 38; 0; 0; 0; 0; 94; 32; 719; 4; 0; 0; 0; 40; 0; 45; 242; 105; 45; 19; 41; 30; 89; 261; 281; 486; 438; 15; 0; 255; 10
1985;02; 0; 0; 1318; 0; 0; 0; 0; 0; 259; 161; 239; 132; 35; 0; 0; 47; 0; 0; 0; 0; 0; 0; 314; 85; 0; 18; 20; 400; 9999; 9999; 9999
1985;03; 249; 275; 393; 0; 66; 154; 145; 6; 0; 200; 203; 457; 4; 0; 27; 384; 0; 219; 421; 0; 0; 0; 0; 0; 0; 32; 0; 164; 0; 21; 0
1985;04; 0; 11; 39; 0; 0; 494; 0; 10; 0; 0; 0; 0; 119; 0; 277; 0; 20; 275; 0; 0; 0; 0; 0; 0; 0; 0; 0; 0; 0; 0; 9999
1985;05; 0; 0; 0; 0; 0; 0; 0; 0; 0; 77; 0; 0; 0; 0; 0; 0; 0; 0; 0; 0; 0; 126; 0; 0; 0; 0; 0; 0; 0; 0; 0
1985;06; 0; 0; 0; 12; 0; 0; 0; 0; 0; 0; 0; 0; 0; 0; 0; 0; 0; 0; 0; 0; 0; 0; 0; 0; 0; 0; 0; 0; 0; 0; 9999
1985;07; 0; 0; 0; 0; 0; 0; 0; 0; 0; 0; 0; 0; 0; 0; 0; 0; 0; 0; 0; 0; 0; 0; 0; 0; 0; 0; 0; 0; 0; 0; 0
1985;08; 0; 0; 0; 0; 0; 0; 0; 0; 0; 0; 0; 0; 0; 0; 0; 0; 0; 0; 0; 0; 0; 0; 0; 0; 0; 0; 0; 0; 0; 316; 0
1985;09; 100; 8; 0; 0; 0; 0; 18; 0; 0; 0; 0; 0; 0; 0; 0; 0; 0; 0; 0; 0; 0; 0; 0; 158; 0; 0; 0; 0; 0; 20; 9999
1985;10; 0; 0; 0; 0; 0; 0; 0; 0; 0; 0; 140; 0; 0; 0; 0; 0; 0; 0; 0; 0; 7; 0; 0; 0; 0; 0; 171; 0; 275; 10; 0
1985;11; 0; 569; 53; 277; 23; 0; 0; 0; 0; 0; 0; 120; 0; 0; 0; 0; 0; 0; 5; 175; 5; 0; 123; 24; 350; 147; 130; 370; 0; 0; 9999
1985;12; 0; 0; 391; 517; 0; 0; 12; 0; 0; 0; 0; 16; 0; 0; 568; 83; 0; 400; 5; 0; 0; 628; 12; 84; 20; 129; 0; 77; 0; 149; 0
1986;01; 6; 0; 24; 0; 618; 276; 6; 96; 10; 660; 9; 42; 400; 418; 34; 133; 0; 6; 69; 0; 47; 142; 0; 0; 58; 297; 0; 0; 0; 0; 0
1986;02; 0; 41; 18; 7; 0; 75; 0; 79; 0; 13; 0; 88; 3; 0; 213; 34; 72; 105; 78; 423; 29; 0; 0; 0; 59; 0; 0; 0; 9999; 9999; 9999
1986;03; 4; 42; 0; 13; 196; 43; 227; 9; 0; 164; 0; 0; 0; 0; 215; 31; 0; 0; 163; 0; 26; 151; 0; 80; 28; 46; 112; 124; 0; 395; 0
1986;04; 0; 0; 0; 0; 0; 0; 0; 0; 10; 0; 0; 0; 0; 0; 28; 71; 0; 0; 0; 0; 0; 6; 0; 0; 0; 136; 0; 18; 0; 0; 9999
1986;05; 0; 0; 0; 0; 0; 0; 0; 100; 584; 464; 5; 0; 50; 55; 0; 0; 0; 0; 19; 0; 0; 0; 0; 0; 0; 0; 0; 0; 0; 0; 98
1986;06; 0; 0; 0; 0; 0; 0; 0; 0; 0; 0; 0; 0; 0; 0; 0; 0; 0; 0; 0; 0; 0; 0; 0; 0; 0; 0; 0; 0; 0; 0; 9999
1986;07; 0; 0; 39; 20; 0; 0; 0; 0; 0; 0; 0; 0; 0; 0; 0; 0; 0; 0; 0; 0; 0; 0; 353; 260; 0; 0; 0; 0; 0; 0; 0
1986;08; 0; 0; 0; 0; 0; 0; 0; 0; 0; 0; 0; 33; 0; 0; 13; 67; 34; 0; 0; 0; 0; 124; 239; 91; 0; 38; 0; 0; 0; 0; 0
1986;09; 0; 0; 0; 0; 0; 65; 64; 0; 0; 0; 0; 0; 0; 0; 0; 0; 0; 0; 0; 0; 0; 0; 0; 0; 0; 0; 0; 0; 131; 40; 9999
1986;10; 0; 0; 0; 0; 0; 0; 0; 0; 0; 0; 0; 0; 0; 0; 0; 0; 0; 0; 0; 0; 433; 679; 59; 0; 0; 0; 0; 0; 0; 0; 0
1986;11; 0; 0; 50; 127; 78; 145; 0; 0; 0; 0; 554; 0; 86; 0; 0; 0; 0; 0; 0; 0; 25; 33; 0; 0; 0; 0; 0; 0; 0; 0; 9999
1986;12; 258; 120; 46; 0; 0; 0; 0; 100; 232; 92; 85; 76; 123; 162; 146; 174; 82; 0; 0; 0; 0; 0; 164; 112; 181; 306; 108; 541; 524; 761; 0
1987;01; 0; 120; 302; 31; 0; 0; 0; 0; 0; 0; 48; 12; 0; 0; 0; 0; 956; 285; 9; 0; 0; 0; 614; 449; 126; 412; 124; 153; 162; 63; 179
1987;02; 0; 0; 0; 0; 23; 15; 0; 0; 474; 323; 0; 7; 70; 0; 27; 1500; 102; 179; 0; 0; 0; 0; 0; 0; 0; 100; 205; 0; 9999; 9999; 9999
1987;03; 0; 0; 62; 98; 0; 0; 0; 227; 383; 464; 0; 0; 0; 0; 200; 312; 117; 0; 43; 173; 0; 0; 0; 22; 0; 0; 0; 0; 0; 0; 0
1987;04; 0; 0; 0; 59; 200; 0; 0; 35; 0; 45; 0; 0; 0; 0; 0; 0; 0; 0; 0; 0; 248; 0; 0; 0; 0; 0; 0; 0; 0; 170; 9999
1987;05; 0; 0; 43; 0; 0; 0; 0; 0; 116; 0; 0; 0; 0; 0; 0; 250; 0; 0; 225; 0; 0; 0; 0; 125; 0; 0; 0; 0; 0; 0; 0
1987;06; 0; 0; 0; 0; 0; 0; 0; 0; 0; 0; 0; 0; 35; 0; 0; 45; 0; 0; 0; 0; 0; 0; 22; 0; 10; 0; 0; 0; 0; 0; 9999
1987;07; 0; 0; 0; 0; 0; 0; 0; 0; 0; 45; 0; 0; 0; 0; 0; 0; 0; 0; 0; 0; 0; 0; 0; 0; 0; 0; 0; 0; 0; 0; 34
1987;08; 0; 0; 0; 0; 0; 0; 123; 0; 0; 0; 0; 0; 0; 0; 0; 0; 0; 0; 0; 0; 0; 0; 0; 0; 0; 0; 0; 0; 0; 0; 0
1987;09; 0; 0; 0; 0; 0; 46; 50; 46; 10; 0; 0; 9; 0; 0; 0; 0; 0; 0; 34; 0; 0; 377; 154; 424; 0; 5; 0; 0; 0; 0; 9999
1987;10; 0; 174; 0; 0; 0; 91; 0; 0; 0; 0; 0; 0; 0; 0; 0; 0; 0; 0; 0; 0; 0; 0; 0; 457; 1081; 0; 0; 0; 0; 0; 182
1987;11; 0; 0; 0; 0; 0; 362; 523; 0; 0; 0; 0; 0; 0; 647; 153; 367; 126; 0; 0; 0; 0; 97; 0; 0; 87; 476; 19; 0; 0; 296; 9999
1987;12; 0; 0; 60; 9; 46; 203; 256; 0; 0; 438; 19; 97; 73; 150; 0; 0; 0; 100; 43; 27; 0; 0; 0; 0; 0; 0; 0; 0; 0; 0; 232
1988;01; 216; 152; 0; 0; 16; 363; 314; 73; 247; 7; 476; 0; 0; 144; 22; 0; 6; 0; 0; 7; 23; 0; 26; 57; 12; 0; 7; 0; 0; 0; 0
1988;02; 0; 167; 0; 7; 149; 782; 528; 216; 924; 168; 0; 6; 0; 337; 446; 226; 140; 322; 0; 23; 10; 0; 0; 16; 112; 0; 94; 0; 13; 9999; 9999
1988;03; 21; 245; 212; 796; 14; 0; 27; 0; 0; 0; 0; 0; 0; 0; 0; 0; 199; 269; 114; 10; 0; 0; 0; 0; 0; 0; 222; 17; 0; 0; 0
1988;04; 0; 0; 22; 0; 0; 0; 175; 349; 32; 0; 19; 0; 19; 964; 0; 0; 286; 37; 162; 9; 7; 0; 0; 29; 0; 0; 0; 0; 0; 92; 9999
1988;05; 0; 0; 0; 0; 0; 0; 0; 24; 0; 0; 0; 0; 0; 0; 0; 0; 23; 475; 0; 0; 0; 0; 0; 0; 25; 0; 58; 0; 0; 42; 94
1988;06; 12; 0; 0; 474; 12; 0; 0; 0; 0; 0; 0; 0; 0; 0; 0; 0; 0; 0; 0; 0; 0; 0; 0; 0; 0; 0; 0; 0; 0; 0; 9999
1988;07; 0; 0; 0; 0; 0; 0; 0; 0; 0; 0; 0; 0; 0; 0; 0; 0; 0; 0; 0; 0; 0; 0; 0; 0; 0; 0; 0; 0; 0; 0; 0
1988;08; 0; 0; 0; 0; 0; 0; 0; 0; 0; 0; 0; 0; 0; 0; 0; 0; 0; 0; 0; 0; 0; 0; 0; 0; 0; 0; 0; 0; 0; 0; 0
1988;09; 0; 0; 0; 0; 0; 0; 0; 0; 0; 0; 0; 0; 0; 0; 0; 5; 0; 0; 0; 149; 0; 0; 0; 0; 0; 0; 0; 0; 0; 149; 9999
1988;10; 0; 0; 0; 64; 0; 7; 22; 0; 0; 0; 0; 0; 220; 0; 0; 0; 0; 0; 24; 459; 218; 0; 7; 470; 0; 0; 494; 0; 0; 0; 0
1988;11; 0; 64; 24; 46; 7; 0; 20; 120; 0; 0; 0; 0; 0; 0; 112; 0; 0; 0; 0; 0; 264; 220; 366; 69; 0; 0; 10; 0; 0; 0; 9999
1988;12; 133; 722; 29; 0; 112; 0; 0; 0; 0; 0; 14; 90; 0; 131; 189; 190; 0; 0; 0; 43; 16; 167; 79; 929; 160; 42; 12; 0; 0; 0; 19
1989;01; 0; 0; 13; 320; 49; 174; 267; 126; 174; 120; 50; 223; 0; 0; 124; 143; 217; 13; 20; 0; 13; 0; 19; 0; 0; 0; 0; 0; 0; 0; 0
1989;02; 0; 0; 369; 60; 17; 20; 23; 0; 336; 62; 272; 247; 0; 0; 219; 332; 37; 0; 147; 0; 0; 0; 22; 0; 27; 0; 49; 10; 9999; 9999; 9999
1989;03; 0; 370; 232; 0; 200; 0; 42; 0; 0; 0; 0; 0; 17; 216; 60; 37; 0; 30; 0; 0; 90; 0; 0; 17; 127; 0; 0; 97; 0; 0; 0
1989;04; 0; 0; 0; 27; 0; 0; 17; 0; 0; 0; 0; 348; 0; 0; 92; 0; 0; 0; 0; 25; 0; 0; 0; 0; 105; 0; 0; 0; 0; 0; 9999
1989;05; 0; 234; 557; 11; 0; 0; 0; 0; 11; 0; 0; 0; 0; 0; 0; 0; 0; 0; 0; 0; 0; 0; 0; 0; 0; 0; 0; 0; 0; 0; 0
1989;06; 0; 0; 0; 0; 0; 0; 0; 90; 69; 84; 0; 0; 0; 0; 0; 0; 0; 0; 0; 0; 0; 0; 0; 0; 100; 0; 0; 0; 0; 0; 9999
1989;07; 0; 0; 0; 0; 0; 22; 0; 0; 0; 0; 0; 0; 0; 0; 0; 0; 0; 0; 0; 0; 0; 0; 0; 0; 0; 0; 0; 0; 100; 72; 393
1989;08; 0; 0; 0; 0; 0; 0; 0; 0; 0; 0; 0; 0; 0; 0; 0; 0; 0; 0; 0; 0; 0; 47; 20; 0; 19; 170; 0; 250; 0; 0; 0
1989;09; 0; 27; 0; 0; 79; 70; 0; 0; 0; 370; 0; 0; 0; 227; 0; 0; 0; 0; 0; 0; 0; 0; 0; 0; 0; 0; 0; 0; 190; 0; 9999
1989;10; 0; 0; 0; 72; 0; 0; 0; 0; 0; 0; 0; 251; 81; 0; 0; 97; 0; 0; 0; 0; 0; 0; 0; 0; 0; 0; 54; 100; 247; 0; 0
1989;11; 0; 0; 0; 92; 49; 0; 0; 0; 179; 147; 60; 86; 340; 0; 0; 0; 18; 0; 70; 272; 47; 60; 0; 0; 77; 0; 0; 73; 0; 37; 9999
1989;12; 0; 0; 0; 0; 0; 70; 0; 0; 0; 260; 279; 1600; 370; 1400; 308; 39; 50; 0; 0; 43; 0; 0; 0; 0; 19; 0; 137; 184; 70; 287; 77
1990;01; 616; 160; 337; 727; 50; 0; 90; 0; 0; 0; 339; 0; 28; 132; 0; 137; 0; 0; 0; 0; 39; 0; 0; 0; 0; 0; 0; 60; 0; 0; 0
1990;02; 0; 0; 0; 0; 0; 0; 43; 27; 0; 0; 0; 239; 147; 0; 30; 17; 0; 0; 0; 0; 0; 0; 49; 279; 0; 233; 0; 254; 9999; 9999; 9999
1990;03; 139; 0; 82; 0; 0; 0; 0; 0; 0; 0; 0; 0; 0; 0; 160; 0; 39; 27; 0; 0; 60; 30; 72; 334; 72; 0; 520; 143; 0; 0; 0
1990;04; 0; 0; 0; 0; 0; 0; 0; 0; 447; 0; 0; 0; 0; 0; 0; 187; 490; 147; 20; 36; 0; 0; 0; 0; 0; 0; 0; 0; 0; 0; 9999
1990;05; 0; 13; 145; 0; 0; 12; 64; 0; 0; 0; 66; 67; 0; 0; 0; 142; 0; 172; 0; 0; 0; 0; 0; 0; 0; 0; 0; 0; 0; 0; 0
1990;06; 0; 0; 0; 0; 0; 0; 0; 0; 0; 0; 0; 0; 0; 0; 0; 0; 0; 0; 0; 0; 0; 0; 0; 0; 0; 0; 0; 0; 0; 0; 9999
1990;07; 0; 0; 0; 0; 0; 0; 182; 0; 0; 0; 110; 0; 0; 0; 0; 0; 0; 0; 0; 0; 0; 0; 0; 0; 0; 0; 0; 0; 0; 0; 0
1990;08; 0; 0; 0; 0; 0; 0; 0; 0; 0; 0; 0; 0; 0; 0; 0; 0; 0; 160; 0; 170; 0; 0; 0; 0; 0; 0; 0; 160; 0; 0; 0
1990;09; 33; 110; 0; 0; 0; 0; 0; 0; 0; 0; 0; 0; 100; 90; 0; 0; 0; 0; 0; 0; 0; 0; 0; 0; 0; 0; 0; 0; 0; 0; 9999
1990;10; 90; 140; 27; 37; 30; 0; 0; 0; 0; 0; 0; 0; 190; 0; 0; 0; 579; 550; 0; 0; 0; 0; 0; 0; 0; 0; 0; 0; 0; 0; 0
1990;11; 0; 0; 0; 0; 820; 142; 74; 130; 0; 90; 0; 0; 0; 0; 0; 0; 0; 0; 0; 0; 590; 0; 0; 53; 0; 0; 0; 0; 0; 0; 9999
1990;12; 0; 0; 0; 0; 0; 0; 0; 143; 493; 120; 110; 24; 0; 490; 0; 0; 566; 0; 0; 120; 0; 0; 0; 0; 34; 70; 0; 0; 0; 0; 0
1991;01; 0; 0; 0; 322; 220; 320; 0; 90; 0; 100; 0; 820; 220; 30; 330; 90; 230; 20; 37; 0; 130; 0; 0; 0; 0; 340; 1048; 846; 163; 0; 257
1991;02; 0; 370; 0; 0; 46; 96; 30; 130; 190; 160; 257; 240; 50; 0; 60; 40; 323; 0; 270; 0; 0; 140; 0; 0; 170; 50; 0; 50; 9999; 9999; 9999
1991;03; 20; 447; 0; 70; 160; 70; 60; 57; 0; 0; 0; 0; 34; 40; 130; 0; 0; 0; 0; 0; 0; 0; 430; 0; 20; 350; 520; 744; 174; 150; 612
1991;04; 120; 0; 0; 0; 27; 60; 0; 37; 0; 0; 0; 0; 0; 60; 0; 30; 0; 0; 577; 0; 0; 0; 0; 0; 30; 437; 160; 0; 0; 0; 9999
1991;05; 0; 0; 0; 0; 0; 0; 0; 0; 0; 0; 0; 0; 0; 0; 0; 537; 0; 0; 0; 0; 0; 0; 0; 0; 0; 0; 0; 0; 0; 0; 0
1991;06; 0; 0; 0; 0; 0; 0; 0; 0; 0; 0; 0; 0; 0; 0; 0; 0; 0; 0; 0; 0; 0; 0; 0; 0; 0; 0; 0; 0; 0; 0; 9999
1991;07; 0; 0; 0; 0; 0; 0; 0; 0; 0; 0; 0; 0; 0; 93; 0; 0; 30; 0; 0; 0; 0; 0; 0; 0; 0; 0; 0; 0; 0; 0; 0
1991;08; 0; 0; 0; 0; 0; 0; 0; 0; 0; 0; 0; 0; 0; 0; 0; 0; 0; 0; 0; 0; 0; 0; 0; 0; 0; 0; 0; 0; 0; 0; 0
1991;09; 0; 0; 70; 0; 0; 0; 0; 0; 0; 0; 0; 0; 0; 0; 0; 0; 0; 0; 71; 73; 0; 0; 0; 0; 0; 0; 0; 0; 235; 30; 9999
1991;10; 700; 0; 368; 0; 4; 60; 360; 0; 0; 30; 40; 0; 0; 0; 0; 0; 140; 0; 70; 160; 0; 0; 0; 0; 0; 0; 0; 0; 0; 0; 0
1991;11; 0; 30; 370; 0; 0; 0; 0; 60; 50; 180; 50; 350; 100; 0; 226; 0; 0; 0; 0; 0; 0; 0; 0; 0; 0; 0; 0; 0; 0; 140; 9999
1991;12; 0; 60; 0; 0; 0; 0; 340; 70; 270; 0; 350; 70; 240; 0; 60; 90; 190; 360; 390; 290; 60; 40; 390; 0; 90; 60; 0; 370; 70; 270; 0
1992;01; 79; 97; 90; 0; 70; 0; 0; 0; 0; 0; 0; 0; 0; 190; 77; 0; 170; 79; 190; 70; 90; 530; 1200; 590; 0; 90; 0; 0; 0; 640; 360
1992;02; 248; 238; 660; 450; 100; 0; 190; 137; 0; 0; 60; 0; 0; 0; 0; 0; 90; 0; 0; 0; 0; 0; 0; 0; 0; 60; 290; 70; 90; 9999; 9999
1992;03; 182; 121; 50; 0; 0; 0; 0; 0; 0; 250; 170; 270; 90; 0; 0; 0; 190; 90; 0; 0; 0; 0; 0; 0; 370; 90; 70; 30; 0; 50; 100
1992;04; 0; 200; 0; 0; 0; 0; 90; 0; 0; 0; 0; 0; 200; 70; 90; 0; 70; 0; 0; 0; 112; 0; 0; 0; 161; 149; 219; 0; 0; 0; 9999
1992;05; 0; 0; 0; 200; 70; 0; 0; 0; 0; 0; 0; 0; 0; 0; 0; 0; 0; 0; 0; 90; 0; 0; 0; 70; 0; 0; 0; 0; 0; 0; 0
1992;06; 0; 0; 0; 0; 0; 0; 0; 0; 0; 0; 0; 0; 0; 0; 0; 0; 0; 0; 0; 0; 0; 0; 0; 0; 0; 0; 0; 0; 0; 0; 9999
1992;07; 0; 0; 0; 0; 0; 0; 0; 0; 300; 129; 0; 0; 0; 0; 0; 0; 0; 0; 0; 0; 0; 0; 0; 0; 50; 0; 0; 0; 0; 0; 0
1992;08; 0; 0; 0; 0; 0; 0; 0; 0; 0; 0; 0; 0; 0; 0; 0; 0; 0; 0; 70; 0; 0; 0; 0; 0; 0; 0; 0; 0; 0; 0; 0
1992;09; 0; 0; 0; 0; 90; 170; 70; 0; 0; 0; 0; 0; 0; 0; 190; 0; 0; 90; 490; 0; 0; 0; 90; 0; 60; 170; 0; 470; 0; 0; 9999
1992;10; 0; 295; 370; 0; 0; 0; 190; 270; 170; 0; 0; 490; 160; 0; 0; 0; 193; 160; 0; 0; 0; 100; 0; 270; 0; 0; 90; 0; 970; 160; 140
1992;11; 0; 190; 70; 190; 0; 60; 0; 0; 0; 0; 379; 0; 0; 0; 0; 77; 90; 0; 0; 0; 90; 70; 67; 50; 700; 60; 47; 170; 0; 0; 9999
1992;12; 0; 142; 0; 0; 0; 0; 0; 0; 0; 190; 370; 670; 0; 0; 0; 0; 0; 270; 90; 0; 190; 0; 0; 0; 60; 0; 0; 0; 0; 0; 0
1993;01; 0; 0; 0; 90; 670; 0; 390; 270; 260; 100; 460; 70; 50; 0; 0; 0; 0; 170; 190; 0; 0; 30; 260; 290; 140; 279; 170; 0; 70; 0; 90
1993;02; 0; 290; 177; 40; 190; 700; 690; 270; 430; 0; 0; 0; 0; 0; 340; 90; 50; 30; 160; 290; 0; 90; 270; 240; 0; 30; 0; 0; 9999; 9999; 9999
1993;03; 665; 70; 90; 30; 0; 0; 0; 0; 0; 0; 0; 0; 0; 0; 0; 0; 37; 0; 190; 263; 143; 93; 0; 67; 73; 0; 39; 0; 74; 192; 40
1993;04; 0; 348; 0; 0; 0; 263; 0; 0; 939; 0; 0; 0; 0; 0; 0; 0; 0; 60; 0; 0; 0; 0; 0; 0; 0; 0; 0; 0; 0; 0; 9999
1993;05; 0; 0; 63; 0; 39; 67; 0; 0; 0; 0; 0; 0; 0; 0; 79; 0; 0; 0; 0; 0; 0; 0; 0; 0; 0; 0; 0; 0; 0; 0; 0
1993;06; 121; 0; 0; 0; 121; 0; 0; 0; 0; 0; 0; 0; 0; 0; 0; 0; 0; 0; 373; 0; 0; 0; 0; 0; 0; 0; 0; 0; 0; 0; 9999
1993;07; 0; 0; 0; 0; 0; 0; 0; 0; 0; 0; 0; 0; 0; 0; 0; 0; 0; 0; 0; 0; 0; 0; 0; 0; 0; 0; 0; 0; 0; 0; 0
1993;08; 0; 0; 0; 0; 0; 0; 0; 0; 0; 0; 0; 0; 0; 0; 167; 97; 0; 0; 0; 79; 0; 0; 0; 73; 0; 0; 0; 0; 0; 0; 0
1993;09; 0; 0; 0; 0; 0; 0; 0; 343; 32; 0; 73; 77; 0; 0; 93; 70; 345; 0; 0; 0; 0; 90; 0; 460; 165; 0; 447; 70; 0; 0; 9999
1993;10; 0; 40; 0; 0; 363; 79; 0; 0; 0; 0; 0; 0; 0; 0; 0; 0; 343; 0; 0; 0; 0; 0; 139; 0; 50; 457; 0; 0; 0; 0; 0
1993;11; 0; 0; 0; 0; 0; 0; 190; 537; 0; 0; 0; 0; 0; 0; 0; 0; 0; 43; 149; 0; 0; 139; 190; 63; 177; 0; 0; 69; 0; 0; 9999
1993;12; 0; 0; 0; 0; 90; 0; 49; 0; 463; 0; 653; 485; 67; 0; 63; 0; 90; 250; 80; 0; 273; 0; 0; 157; 363; 73; 0; 353; 347; 70; 43
1994;01; 615; 57; 0; 643; 327; 127; 0; 0; 290; 389; 0; 0; 139; 0; 343; 137; 0; 0; 70; 0; 39; 0; 0; 0; 175; 47; 190; 0; 0; 0; 0
1994;02; 0; 0; 0; 87; 0; 47; 39; 75; 0; 0; 0; 0; 0; 75; 70; 37; 0; 0; 0; 0; 0; 0; 0; 30; 0; 159; 280; 363; 9999; 9999; 9999
1994;03; 57; 230; 49; 0; 0; 49; 137; 0; 839; 0; 0; 439; 0; 0; 0; 0; 63; 0; 0; 47; 150; 0; 60; 0; 90; 490; 0; 289; 0; 0; 0
1994;04; 130; 0; 0; 0; 0; 0; 149; 95; 0; 0; 0; 0; 0; 0; 0; 59; 0; 265; 167; 153; 0; 47; 0; 0; 57; 0; 0; 0; 0; 0; 9999
1994;05; 0; 0; 0; 0; 0; 0; 0; 0; 0; 0; 0; 0; 150; 30; 149; 0; 0; 0; 0; 0; 0; 0; 47; 0; 0; 123; 0; 0; 0; 0; 0
1994;06; 0; 0; 0; 0; 0; 0; 0; 0; 0; 0; 0; 0; 0; 0; 0; 0; 0; 0; 0; 0; 0; 0; 123; 0; 70; 63; 0; 0; 0; 0; 9999
1994;07; 0; 0; 0; 0; 0; 0; 0; 0; 0; 0; 0; 0; 0; 0; 0; 0; 0; 0; 0; 0; 0; 0; 97; 0; 0; 0; 0; 0; 0; 0; 0
1994;08; 0; 0; 0; 0; 0; 0; 0; 0; 0; 0; 0; 0; 0; 0; 0; 0; 0; 0; 0; 0; 0; 0; 0; 0; 0; 0; 0; 0; 0; 0; 0
1994;09; 0; 0; 0; 0; 0; 0; 0; 0; 0; 0; 0; 0; 0; 0; 0; 0; 0; 0; 0; 0; 0; 0; 0; 0; 0; 0; 0; 0; 0; 0; 9999
1994;10; 0; 0; 0; 0; 0; 323; 493; 0; 0; 0; 0; 0; 0; 0; 77; 43; 0; 39; 0; 0; 0; 0; 0; 0; 177; 67; 483; 76; 90; 183; 0
1994;11; 0; 0; 66; 0; 0; 0; 47; 163; 0; 157; 0; 0; 0; 27; 0; 0; 0; 0; 980; 57; 155; 0; 0; 0; 0; 0; 0; 90; 163; 180; 9999
1994;12; 0; 0; 0; 0; 743; 145; 43; 79; 0; 59; 0; 0; 0; 39; 627; 0; 49; 247; 265; 329; 0; 177; 637; 67; 0; 160; 35; 0; 0; 0; 0
1995;01; 130; 264; 54; 390; 0; 0; 0; 0; 0; 0; 50; 0; 0; 0; 0; 0; 0; 0; 160; 0; 173; 360; 47; 0; 0; 57; 245; 233; 463; 267; 359
1995;02; 135; 420; 600; 487; 0; 0; 493; 927; 265; 182; 43; 97; 239; 360; 0; 247; 62; 43; 135; 148; 79; 0; 0; 0; 67; 0; 0; 0; 9999; 9999; 9999
1995;03; 36; 0; 0; 0; 0; 0; 70; 0; 0; 0; 0; 0; 0; 0; 0; 0; 0; 0; 0; 0; 435; 0; 90; 63; 393; 0; 0; 0; 0; 79; 65
1995;04; 458; 0; 0; 0; 0; 0; 0; 0; 0; 0; 0; 0; 43; 0; 0; 0; 0; 0; 0; 0; 0; 0; 0; 0; 0; 0; 73; 0; 59; 0; 9999
1995;05; 0; 0; 0; 0; 0; 665; 580; 50; 0; 0; 250; 0; 0; 0; 0; 349; 0; 0; 0; 0; 0; 0; 0; 0; 0; 0; 0; 0; 0; 0; 0
1995;06; 0; 0; 0; 0; 0; 0; 0; 0; 0; 0; 0; 0; 0; 0; 0; 0; 0; 0; 0; 0; 0; 0; 0; 0; 0; 90; 0; 0; 0; 0; 9999
1995;07; 0; 0; 0; 0; 0; 0; 0; 0; 0; 0; 0; 0; 0; 0; 0; 0; 0; 0; 0; 0; 0; 0; 0; 0; 0; 0; 0; 0; 0; 0; 0
1995;08; 0; 0; 0; 0; 0; 0; 0; 0; 0; 0; 0; 0; 0; 0; 0; 0; 0; 0; 0; 0; 0; 0; 0; 0; 0; 0; 0; 0; 0; 0; 0
1995;09; 0; 0; 0; 0; 0; 0; 0; 0; 0; 0; 0; 0; 0; 0; 0; 0; 0; 70; 343; 0; 0; 0; 0; 0; 0; 0; 267; 0; 0; 370; 9999
1995;10; 0; 65; 0; 0; 0; 0; 0; 0; 0; 0; 0; 0; 0; 540; 139; 0; 0; 0; 34; 0; 279; 0; 0; 0; 0; 0; 0; 0; 0; 50; 139
1995;11; 53; 0; 472; 267; 90; 0; 0; 0; 0; 0; 60; 73; 69; 0; 0; 0; 0; 0; 47; 0; 0; 0; 0; 1300; 137; 0; 0; 53; 0; 430; 9999
1995;12; 490; 0; 0; 73; 0; 0; 0; 150; 0; 0; 0; 63; 829; 700; 0; 0; 0; 42; 50; 0; 0; 1119; 12; 28; 20; 203; 229; 167; 107; 48; 39
1996;01; 0; 458; 93; 89; 31; 128; 255; 15; 48; 300; 246; 753; 329; 3; 41; 0; 0; 0; 118; 0; 0; 3; 0; 0; 71; 0; 1; 0; 0; 0; 0
1996;02; 0; 60; 205; 18; 0; 0; 85; 15; 0; 0; 0; 519; 40; 290; 50; 0; 0; 9; 0; 0; 26; 0; 166; 0; 0; 2; 5; 0; 0; 9999; 9999
1996;03; 0; 106; 0; 173; 0; 27; 226; 592; 71; 307; 0; 19; 37; 12; 0; 0; 51; 42; 113; 172; 60; 8; 398; 0; 0; 0; 149; 90; 18; 0; 0
1996;04; 0; 0; 0; 0; 0; 0; 0; 0; 0; 0; 11; 89; 0; 12; 87; 482; 48; 0; 0; 0; 0; 0; 0; 0; 0; 0; 0; 0; 0; 0; 9999
1996;05; 0; 0; 0; 0; 0; 0; 0; 0; 0; 30; 76; 0; 0; 0; 5; 26; 9; 20; 208; 0; 0; 0; 0; 0; 0; 0; 0; 0; 0; 0; 0
1996;06; 0; 0; 0; 0; 0; 0; 0; 0; 0; 0; 0; 0; 0; 0; 0; 0; 0; 0; 0; 0; 0; 0; 0; 0; 0; 0; 0; 0; 272; 0; 9999
1996;07; 0; 0; 0; 0; 0; 0; 0; 0; 0; 0; 0; 0; 0; 0; 0; 0; 0; 0; 0; 0; 0; 0; 0; 0; 0; 0; 0; 0; 0; 0; 0
1996;08; 0; 0; 0; 0; 0; 0; 0; 0; 0; 0; 39; 0; 0; 0; 59; 0; 0; 0; 0; 0; 0; 0; 0; 0; 0; 0; 0; 0; 0; 0; 0
1996;09; 0; 2; 0; 313; 25; 290; 0; 0; 0; 78; 5; 3; 0; 0; 0; 0; 0; 0; 0; 0; 0; 0; 0; 0; 0; 0; 0; 0; 485; 0; 9999
1996;10; 0; 0; 102; 12; 0; 0; 0; 173; 0; 0; 307; 0; 0; 0; 30; 0; 0; 0; 0; 0; 538; 0; 0; 0; 0; 289; 0; 250; 0; 2; 8
1996;11; 409; 127; 186; 223; 0; 0; 0; 0; 0; 0; 0; 0; 0; 47; 5; 179; 164; 29; 98; 141; 823; 433; 40; 0; 0; 0; 0; 0; 25; 38; 9999
1996;12; 26; 200; 180; 83; 0; 0; 0; 61; 0; 0; 0; 67; 5; 173; 199; 0; 90; 133; 0; 0; 387; 0; 507; 59; 2; 0; 254; 130; 111; 400; 140
1997;01; 31; 394; 1221; 857; 32; 12; 718; 100; 208; 64; 73; 11; 40; 454; 123; 93; 25; 380; 13; 9; 7; 2; 22; 233; 26; 32; 55; 293; 163; 138; 15
1997;02; 22; 46; 124; 75; 32; 0; 0; 0; 0; 11; 0; 0; 0; 0; 30; 137; 32; 21; 0; 64; 64; 4; 0; 233; 0; 19; 0; 16; 9999; 9999; 9999
1997;03; 0; 32; 1; 345; 409; 374; 87; 122; 351; 51; 0; 0; 0; 178; 150; 0; 17; 0; 0; 2; 20; 0; 0; 0; 0; 0; 0; 0; 0; 0; 87
1997;04; 225; 4; 0; 0; 0; 0; 0; 0; 0; 0; 0; 0; 0; 0; 0; 0; 0; 0; 31; 66; 0; 0; 0; 0; 0; 0; 0; 0; 0; 0; 9999
1997;05; 0; 0; 0; 0; 0; 0; 0; 0; 0; 0; 0; 0; 0; 0; 0; 0; 0; 0; 0; 0; 0; 0; 121; 0; 501; 8; 0; 0; 57; 0; 0
1997;06; 0; 0; 0; 19; 0; 38; 0; 0; 0; 0; 0; 85; 0; 0; 396; 233; 0; 0; 0; 0; 0; 0; 0; 0; 0; 0; 0; 0; 0; 0; 9999
1997;07; 0; 0; 0; 0; 0; 0; 0; 0; 0; 0; 0; 0; 0; 0; 0; 0; 0; 0; 0; 0; 0; 0; 0; 0; 0; 0; 0; 0; 0; 0; 0
1997;08; 0; 0; 0; 0; 0; 0; 0; 0; 0; 0; 0; 0; 0; 0; 0; 0; 0; 0; 0; 0; 0; 0; 0; 0; 0; 0; 0; 0; 0; 0; 0
1997;09; 0; 0; 0; 0; 0; 0; 0; 0; 0; 0; 0; 0; 0; 15; 36; 0; 0; 0; 4; 0; 136; 0; 0; 0; 11; 448; 215; 0; 0; 0; 9999
1997;10; 0; 59; 0; 0; 0; 100; 0; 91; 0; 0; 0; 0; 0; 0; 0; 0; 3; 95; 118; 535; 55; 0; 0; 0; 0; 31; 157; 0; 0; 0; 0
1997;11; 0; 0; 0; 0; 0; 0; 6; 0; 0; 0; 0; 32; 37; 0; 129; 172; 23; 235; 0; 0; 209; 19; 35; 5; 0; 0; 0; 222; 538; 356; 9999
1997;12; 178; 356; 46; 30; 160; 0; 27; 15; 30; 115; 0; 95; 7; 358; 156; 190; 77; 93; 0; 361; 0; 56; 66; 0; 0; 173; 0; 85; 57; 12; 28
