33
Ano,Mes,1,2,3,4,5,6,7,8,9,10,11,12,13,14,15,16,17,18,19,20,21,22,23,24,25,26,27,28,29,30,31
1940;08; 0; 0; 0; 0; 0; 0; 0; 1; 1; 0; 0; 0; 0; 0; 0; 3; 0; 0; 0; 0; 1; 0; 0; 0; 0; 1; 0; 0; 0; 0; 0
1940;09; 0; 0; 0; 0; 0; 0; 0; 0; 0; 0; 0; 1; 0; 0; 0; 0; 0; 0; 1; 1; 0; 0; 0; 90; 2; 0; 10; 0; 0; 0; 9999
1940;10; 1; 0; 0; 0; 2; 2; 1; 10; 0; 0; 0; 0; 0; 1; 0; 1; 0; 0; 0; 0; 0; 0; 0; 0; 0; 5; 20; 2; 10; 0; 0
1940;11; 6; 15; 10; 2; 0; 0; 0; 24; 20; 19; 15; 8; 1; 0; 0; 20; 25; 19; 2; 54; 0; 0; 0; 4; 10; 3; 0; 0; 50; 6; 9999
1940;12; 1; 0; 0; 6; 3; 14; 19; 25; 0; 1; 4; 6; 116; 51; 64; 360; 79; 240; 180; 125; 210; 94; 145; 500; 370; 282; 440; 180; 240; 214; 154
1941;01; 90; 64; 150; 0; 0; 0; 8; 211; 304; 184; 84; 67; 116; 0; 1; 29; 14; 0; 0; 0; 0; 0; 2; 0; 0; 25; 4; 6; 0; 0; 0
1941;02; 1; 0; 0; 1; 24; 19; 4; 75; 210; 6; 0; 0; 9; 20; 18; 0; 0; 0; 1; 0; 4; 0; 0; 0; 67; 41; 1; 0; 9999; 9999; 9999
1941;03; 0; 0; 0; 0; 2; 0; 0; 10; 0; 0; 0; 19; 0; 0; 5; 0; 0; 0; 2; 0; 0; 0; 1; 0; 21; 0; 0; 0; 0; 1; 0
1941;04; 0; 0; 0; 0; 1; 0; 2; 0; 0; 0; 10; 0; 0; 1; 0; 0; 0; 2; 0; 15; 0; 0; 0; 3; 0; 0; 0; 0; 0; 0; 9999
1941;05; 0; 0; 1; 0; 0; 0; 0; 2; 0; 0; 1; 0; 0; 0; 0; 0; 0; 0; 1; 10; 0; 0; 0; 0; 0; 1; 20; 81; 105; 2; 1
1941;06; 0; 0; 0; 1; 0; 2; 0; 0; 0; 10; 0; 0; 0; 1; 0; 0; 0; 2; 0; 1; 0; 0; 0; 0; 0; 3; 0; 15; 0; 0; 9999
1941;07; 0; 0; 1; 0; 0; 0; 2; 0; 0; 0; 0; 0; 0; 0; 61; 102; 79; 3; 0; 131; 6; 0; 0; 0; 0; 0; 0; 1; 0; 0; 0
1941;08; 0; 0; 0; 0; 1; 0; 0; 0; 0; 0; 2; 0; 0; 0; 0; 0; 0; 0; 1; 0; 0; 0; 0; 0; 1; 0; 0; 0; 0; 1; 3
1941;09; 0; 0; 0; 2; 50; 300; 5; 0; 0; 116; 170; 4; 0; 280; 200; 3; 41; 231; 0; 0; 142; 0; 0; 7; 10; 52; 8; 121; 0; 40; 9999
1941;10; 0; 0; 0; 0; 1; 0; 190; 10; 0; 0; 0; 2; 0; 0; 0; 4; 170; 8; 0; 1; 0; 0; 4; 0; 1; 0; 0; 4; 0; 0; 1
1941;11; 0; 0; 8; 270; 7; 190; 5; 280; 0; 0; 1; 50; 0; 0; 1; 0; 70; 0; 390; 0; 4; 120; 2; 0; 260; 120; 0; 0; 0; 200; 9999
1941;12; 120; 40; 0; 1; 0; 0; 2; 20; 0; 60; 180; 0; 0; 4; 0; 80; 560; 0; 0; 0; 4; 5; 0; 0; 1; 180; 0; 0; 50; 0; 0
1942;01; 80; 0; 100; 0; 150; 60; 0; 50; 20; 100; 180; 10; 0; 20; 10; 0; 240; 270; 0; 20; 0; 30; 0; 10; 210; 160; 40; 50; 160; 210; 0
1942;02; 390; 160; 90; 0; 20; 150; 0; 350; 10; 110; 0; 10; 20; 0; 100; 0; 120; 150; 270; 190; 0; 320; 160; 0; 10; 20; 0; 100; 9999; 9999; 9999
1942;03; 0; 100; 180; 220; 220; 350; 150; 0; 450; 270; 110; 350; 0; 1; 0; 2; 0; 20; 4; 0; 0; 0; 0; 1; 5; 0; 0; 4; 300; 0; 110
1942;04; 2; 0; 0; 130; 60; 1; 0; 0; 4; 90; 0; 1; 80; 200; 6; 0; 0; 1; 0; 80; 0; 0; 0; 60; 0; 2; 0; 0; 0; 0; 9999
1942;05; 0; 0; 1; 0; 0; 0; 0; 2; 0; 0; 1; 0; 0; 0; 0; 0; 0; 0; 1; 10; 0; 0; 0; 0; 0; 1; 20; 81; 105; 0; 1
1942;06; 0; 0; 0; 5; 25; 54; 25; 0; 0; 0; 0; 0; 0; 40; 50; 0; 0; 0; 0; 0; 0; 0; 3; 0; 0; 0; 0; 15; 0; 0; 9999
1942;07; 0; 0; 0; 50; 61; 0; 0; 0; 0; 79; 102; 0; 0; 0; 3; 0; 131; 0; 0; 0; 0; 1; 0; 2; 0; 0; 0; 1; 0; 0; 0
1942;08; 0; 0; 0; 0; 1; 0; 0; 0; 0; 0; 0; 1; 0; 2; 0; 0; 0; 0; 1; 0; 0; 0; 0; 0; 0; 0; 1; 0; 0; 0; 3
1942;09; 0; 0; 1; 2; 0; 0; 50; 5; 0; 0; 300; 0; 0; 0; 180; 0; 0; 250; 0; 0; 0; 10; 8; 0; 40; 3; 0; 5; 10; 0; 9999
1942;10; 0; 0; 0; 0; 0; 0; 0; 0; 0; 0; 0; 0; 150; 0; 0; 0; 0; 1; 0; 2; 10; 0; 0; 0; 0; 0; 400; 100; 0; 0; 0
1942;11; 41; 0; 0; 0; 0; 0; 0; 56; 14; 0; 0; 61; 340; 98; 0; 72; 0; 0; 79; 234; 0; 0; 0; 22; 233; 203; 61; 0; 65; 44; 9999
1942;12; 12; 21; 10; 5; 0; 0; 65; 0; 39; 74; 32; 0; 421; 188; 81; 34; 34; 24; 0; 134; 213; 64; 81; 152; 524; 60; 0; 286; 25; 81; 158
1943;01; 0; 280; 150; 100; 50; 100; 0; 200; 120; 80; 0; 0; 290; 250; 0; 0; 230; 150; 160; 250; 200; 300; 80; 150; 60; 0; 0; 120; 250; 0; 60
1943;02; 0; 0; 0; 0; 0; 0; 0; 0; 0; 0; 100; 0; 180; 150; 250; 200; 0; 0; 0; 200; 0; 400; 0; 0; 0; 0; 0; 0; 9999; 9999; 9999
1943;03; 0; 0; 0; 0; 0; 0; 0; 0; 0; 0; 0; 0; 0; 0; 0; 0; 0; 0; 0; 0; 0; 0; 0; 0; 0; 0; 0; 0; 0; 0; 0
1943;04; 0; 0; 0; 0; 0; 0; 0; 0; 0; 0; 0; 0; 0; 0; 0; 0; 0; 0; 0; 0; 0; 0; 0; 0; 0; 0; 0; 0; 0; 0; 9999
1943;05; 0; 0; 0; 0; 0; 0; 0; 0; 0; 0; 0; 0; 0; 0; 0; 0; 0; 0; 0; 0; 0; 0; 0; 0; 0; 0; 0; 0; 0; 0; 0
1943;06; 0; 0; 0; 0; 280; 0; 645; 0; 0; 0; 0; 0; 0; 0; 0; 0; 0; 0; 0; 0; 0; 0; 0; 0; 0; 0; 0; 0; 0; 0; 9999
1943;07; 0; 0; 0; 0; 0; 0; 0; 0; 0; 0; 0; 0; 0; 0; 0; 0; 0; 0; 0; 0; 0; 0; 0; 0; 0; 0; 0; 0; 0; 0; 0
1943;08; 0; 0; 0; 0; 0; 0; 0; 0; 0; 0; 0; 0; 0; 0; 0; 0; 0; 0; 0; 0; 0; 0; 0; 0; 0; 0; 0; 0; 0; 0; 0
1943;09; 0; 0; 0; 0; 0; 0; 0; 0; 0; 0; 220; 0; 0; 0; 0; 0; 0; 0; 70; 0; 0; 0; 0; 0; 0; 0; 0; 0; 0; 0; 9999
1943;10; 0; 0; 100; 150; 50; 0; 0; 0; 0; 0; 110; 810; 30; 20; 0; 0; 0; 0; 0; 0; 0; 0; 240; 200; 0; 320; 0; 0; 0; 0; 0
1943;11; 0; 0; 0; 0; 0; 0; 0; 0; 0; 200; 200; 0; 0; 0; 0; 0; 0; 200; 100; 0; 0; 0; 0; 0; 0; 0; 0; 0; 0; 0; 9999
1943;12; 100; 0; 200; 0; 0; 200; 0; 0; 0; 0; 0; 0; 0; 0; 0; 150; 100; 0; 0; 0; 0; 120; 0; 0; 0; 0; 0; 0; 0; 0; 0
1944;01; 0; 0; 0; 80; 0; 0; 0; 0; 0; 0; 0; 0; 0; 0; 0; 0; 0; 0; 0; 0; 0; 0; 90; 0; 200; 800; 40; 85; 0; 0; 0
1944;02; 0; 55; 0; 62; 0; 0; 0; 0; 0; 0; 0; 0; 0; 210; 323; 400; 146; 432; 255; 238; 39; 0; 0; 246; 380; 0; 26; 0; 97; 9999; 9999
1944;03; 0; 86; 0; 305; 0; 0; 50; 0; 0; 0; 0; 0; 102; 320; 119; 0; 25; 0; 0; 0; 0; 0; 0; 0; 0; 0; 0; 0; 300; 50; 0
1944;04; 0; 0; 0; 0; 0; 0; 0; 0; 0; 0; 0; 0; 0; 380; 240; 0; 0; 0; 760; 180; 255; 0; 0; 0; 0; 0; 0; 0; 0; 0; 9999
1944;05; 0; 0; 0; 0; 0; 0; 0; 0; 0; 0; 0; 0; 0; 0; 0; 0; 0; 0; 0; 0; 0; 0; 0; 0; 0; 0; 0; 0; 0; 0; 0
1944;06; 0; 0; 0; 0; 0; 0; 0; 0; 0; 0; 0; 0; 0; 0; 0; 0; 0; 0; 0; 0; 0; 0; 0; 0; 0; 0; 0; 0; 0; 0; 9999
1944;07; 0; 0; 0; 0; 0; 0; 0; 0; 0; 0; 0; 0; 0; 0; 0; 0; 0; 0; 0; 0; 0; 0; 0; 0; 0; 0; 0; 0; 0; 0; 0
1944;08; 0; 0; 0; 0; 0; 0; 0; 0; 0; 0; 0; 0; 0; 0; 0; 0; 0; 0; 0; 0; 0; 0; 0; 0; 0; 0; 0; 0; 0; 0; 0
1944;09; 0; 0; 0; 0; 0; 0; 0; 0; 0; 0; 0; 0; 0; 0; 0; 0; 0; 0; 0; 0; 0; 0; 0; 0; 0; 0; 0; 0; 0; 0; 9999
1944;10; 0; 0; 0; 0; 0; 0; 0; 0; 0; 0; 0; 51; 208; 70; 0; 0; 0; 0; 0; 18; 0; 0; 0; 0; 50; 18; 209; 38; 90; 50; 0
1944;11; 0; 150; 15; 0; 425; 55; 108; 0; 0; 25; 0; 0; 235; 0; 0; 29; 40; 0; 100; 206; 0; 102; 241; 225; 0; 35; 0; 0; 0; 0; 9999
1944;12; 0; 132; 102; 93; 0; 0; 0; 0; 0; 45; 0; 0; 0; 0; 0; 0; 0; 0; 52; 46; 0; 92; 354; 394; 0; 0; 0; 0; 50; 0; 0
1945;01; 80; 0; 80; 107; 196; 397; 145; 0; 0; 0; 0; 0; 0; 0; 0; 0; 205; 404; 0; 82; 71; 0; 0; 0; 0; 0; 0; 354; 84; 350; 1090
1945;02; 644; 230; 297; 0; 0; 140; 88; 83; 0; 72; 227; 46; 0; 253; 0; 0; 0; 61; 31; 62; 132; 0; 0; 0; 0; 0; 0; 38; 9999; 9999; 9999
1945;03; 0; 0; 0; 0; 0; 0; 0; 0; 0; 0; 0; 0; 0; 0; 0; 0; 0; 0; 0; 476; 0; 360; 76; 135; 0; 112; 0; 0; 0; 0; 0
1945;04; 283; 0; 0; 15; 29; 56; 0; 0; 0; 52; 0; 0; 0; 0; 0; 43; 15; 0; 87; 0; 0; 0; 68; 0; 0; 0; 0; 16; 143; 12; 9999
1945;05; 0; 0; 0; 0; 0; 0; 0; 0; 0; 0; 0; 0; 0; 13; 0; 24; 0; 0; 0; 0; 0; 0; 0; 0; 0; 0; 0; 0; 0; 0; 0
1945;06; 0; 0; 0; 0; 18; 21; 0; 0; 0; 0; 0; 0; 0; 0; 0; 0; 0; 0; 0; 30; 0; 0; 0; 0; 0; 0; 0; 0; 0; 0; 9999
1945;07; 0; 0; 0; 0; 0; 0; 0; 0; 0; 0; 0; 0; 0; 0; 0; 0; 0; 0; 0; 0; 0; 0; 0; 0; 0; 0; 0; 0; 0; 0; 0
1945;08; 0; 0; 0; 0; 0; 0; 0; 0; 0; 0; 0; 0; 0; 0; 0; 0; 0; 0; 0; 0; 0; 0; 0; 0; 0; 0; 0; 0; 0; 0; 0
1945;09; 42; 0; 0; 0; 0; 0; 0; 0; 0; 0; 0; 0; 0; 0; 0; 161; 32; 0; 0; 0; 0; 0; 0; 0; 0; 0; 0; 21; 0; 0; 9999
1945;10; 46; 0; 241; 0; 0; 0; 0; 638; 325; 0; 476; 0; 0; 0; 0; 0; 0; 0; 0; 0; 0; 0; 0; 0; 12; 0; 0; 0; 0; 0; 24
1945;11; 354; 916; 0; 0; 541; 0; 0; 216; 253; 0; 126; 951; 531; 0; 0; 0; 26; 142; 23; 0; 6; 0; 170; 0; 218; 219; 440; 0; 0; 0; 9999
1945;12; 0; 0; 0; 0; 0; 0; 0; 0; 179; 0; 249; 84; 0; 21; 52; 104; 716; 78; 0; 0; 0; 0; 0; 0; 604; 187; 134; 514; 0; 963; 147
1946;01; 0; 45; 86; 0; 124; 0; 47; 21; 0; 0; 32; 0; 0; 603; 0; 0; 0; 325; 0; 0; 0; 32; 0; 75; 124; 227; 348; 227; 155; 16; 0
1946;02; 0; 0; 25; 0; 18; 0; 433; 0; 0; 0; 280; 0; 143; 194; 130; 0; 0; 0; 0; 0; 0; 134; 208; 0; 0; 0; 0; 0; 9999; 9999; 9999
1946;03; 0; 400; 349; 0; 94; 0; 147; 17; 123; 231; 122; 239; 113; 14; 263; 126; 179; 0; 0; 0; 0; 0; 304; 55; 0; 0; 0; 0; 0; 0; 0
1946;04; 0; 0; 0; 0; 0; 0; 0; 0; 0; 15; 0; 0; 0; 0; 0; 0; 0; 0; 0; 0; 0; 0; 0; 0; 0; 0; 0; 0; 0; 18; 9999
1946;05; 10; 0; 0; 0; 0; 0; 0; 0; 0; 0; 0; 0; 0; 0; 0; 0; 0; 0; 0; 0; 0; 0; 0; 0; 0; 0; 0; 0; 0; 0; 0
1946;06; 0; 280; 32; 0; 0; 0; 0; 0; 0; 0; 0; 0; 0; 0; 0; 0; 0; 0; 0; 0; 0; 0; 0; 0; 0; 0; 0; 0; 0; 0; 9999
1946;07; 0; 0; 0; 0; 0; 0; 0; 68; 0; 0; 0; 0; 238; 79; 369; 0; 0; 0; 0; 0; 36; 0; 0; 0; 0; 0; 0; 0; 0; 0; 0
1946;08; 0; 0; 0; 0; 0; 0; 0; 0; 0; 0; 0; 0; 0; 0; 0; 0; 0; 0; 0; 0; 0; 0; 0; 0; 0; 0; 0; 0; 0; 0; 0
1946;09; 0; 0; 0; 0; 0; 0; 0; 0; 0; 0; 0; 0; 0; 0; 0; 0; 0; 0; 0; 0; 0; 0; 0; 0; 0; 0; 45; 10; 0; 0; 9999
1946;10; 0; 0; 0; 0; 0; 0; 0; 250; 46; 124; 0; 0; 18; 0; 234; 49; 0; 0; 86; 0; 0; 0; 0; 0; 0; 0; 0; 0; 0; 76; 102
1946;11; 779; 488; 198; 0; 0; 0; 0; 505; 0; 0; 0; 0; 0; 0; 0; 0; 0; 0; 0; 0; 0; 0; 0; 0; 0; 0; 0; 226; 19; 0; 9999
1946;12; 0; 0; 0; 0; 0; 98; 585; 76; 37; 0; 0; 0; 0; 0; 0; 156; 0; 0; 0; 0; 134; 82; 0; 413; 16; 10; 6; 0; 0; 76; 46
1947;01; 662; 119; 102; 66; 136; 0; 0; 0; 0; 0; 0; 0; 0; 471; 0; 0; 0; 0; 94; 0; 53; 0; 0; 426; 46; 42; 204; 87; 582; 48; 0
1947;02; 0; 0; 0; 0; 0; 0; 0; 52; 50; 0; 341; 0; 468; 294; 46; 0; 37; 99; 0; 0; 0; 0; 0; 126; 0; 289; 45; 386; 9999; 9999; 9999
1947;03; 165; 0; 12; 0; 0; 0; 280; 11; 0; 20; 4; 6; 1654; 126; 49; 242; 135; 213; 0; 0; 0; 0; 507; 28; 80; 155; 6; 0; 0; 0; 0
1947;04; 0; 0; 0; 0; 0; 0; 0; 0; 0; 0; 0; 0; 0; 0; 64; 0; 0; 0; 0; 0; 0; 0; 1; 0; 0; 0; 0; 0; 0; 0; 9999
1947;05; 0; 0; 49; 0; 0; 0; 0; 0; 0; 0; 245; 0; 0; 0; 0; 0; 0; 0; 90; 0; 0; 0; 16; 0; 0; 0; 0; 0; 0; 0; 0
1947;06; 0; 0; 0; 0; 0; 0; 0; 0; 0; 0; 0; 0; 0; 0; 0; 0; 0; 0; 95; 0; 0; 273; 0; 0; 0; 0; 0; 0; 0; 0; 9999
1947;07; 0; 0; 0; 0; 0; 0; 0; 241; 31; 0; 0; 0; 0; 0; 0; 0; 0; 0; 0; 0; 0; 0; 0; 0; 0; 0; 0; 0; 0; 0; 0
1947;08; 65; 0; 0; 0; 0; 0; 0; 0; 0; 0; 49; 0; 0; 0; 0; 0; 0; 0; 0; 0; 0; 0; 0; 0; 0; 0; 0; 178; 43; 0; 66
1947;09; 0; 0; 0; 59; 0; 0; 0; 0; 56; 363; 0; 0; 0; 0; 0; 0; 53; 0; 94; 0; 0; 0; 0; 17; 0; 0; 0; 369; 155; 0; 9999
1947;10; 55; 169; 0; 0; 523; 0; 0; 152; 0; 0; 0; 0; 0; 0; 0; 81; 0; 0; 0; 0; 0; 139; 257; 141; 132; 0; 0; 0; 0; 0; 0
1947;11; 140; 148; 75; 0; 0; 0; 0; 0; 305; 0; 0; 200; 78; 0; 0; 0; 0; 0; 0; 0; 0; 0; 0; 0; 898; 140; 35; 0; 0; 0; 9999
1947;12; 702; 80; 0; 0; 0; 0; 0; 153; 245; 0; 178; 5; 0; 71; 0; 84; 0; 169; 115; 0; 0; 0; 0; 0; 159; 146; 0; 0; 0; 0; 0
1948;01; 0; 158; 0; 215; 110; 0; 0; 324; 0; 0; 147; 0; 0; 0; 0; 353; 171; 200; 0; 0; 0; 173; 58; 0; 0; 0; 0; 0; 0; 0; 403
1948;02; 263; 0; 157; 0; 44; 39; 125; 112; 103; 146; 0; 0; 143; 125; 201; 161; 0; 0; 0; 0; 198; 0; 0; 172; 0; 0; 103; 167; 0; 9999; 9999
1948;03; 0; 0; 0; 0; 0; 0; 128; 0; 0; 608; 0; 0; 350; 202; 147; 251; 160; 0; 0; 0; 202; 0; 0; 0; 0; 0; 238; 0; 163; 0; 0
1948;04; 0; 0; 0; 0; 0; 0; 0; 0; 0; 0; 0; 0; 0; 0; 0; 0; 0; 0; 0; 0; 0; 0; 0; 0; 0; 0; 0; 0; 0; 0; 9999
1948;05; 0; 0; 0; 0; 0; 0; 0; 0; 0; 0; 0; 0; 0; 0; 0; 0; 0; 63; 60; 0; 0; 0; 0; 0; 0; 0; 0; 0; 0; 0; 0
1948;06; 0; 0; 0; 0; 0; 0; 0; 0; 0; 0; 0; 0; 0; 0; 0; 0; 0; 0; 0; 0; 0; 0; 0; 0; 0; 0; 0; 0; 0; 0; 9999
1948;07; 0; 0; 0; 0; 0; 0; 0; 0; 0; 0; 0; 0; 0; 0; 0; 0; 0; 0; 0; 0; 0; 0; 0; 0; 0; 0; 142; 0; 0; 0; 0
1948;08; 0; 0; 0; 0; 0; 0; 0; 0; 0; 0; 0; 0; 0; 0; 0; 0; 0; 0; 0; 0; 0; 0; 0; 0; 0; 0; 0; 0; 0; 0; 0
1948;09; 0; 0; 0; 0; 0; 0; 0; 0; 0; 0; 0; 0; 0; 0; 0; 0; 0; 0; 0; 0; 0; 0; 0; 0; 0; 0; 95; 0; 0; 0; 9999
1948;10; 123; 0; 0; 103; 98; 0; 0; 136; 0; 200; 0; 0; 84; 0; 184; 0; 0; 0; 0; 0; 0; 0; 0; 0; 0; 0; 0; 0; 256; 0; 0
1948;11; 0; 186; 79; 0; 0; 200; 164; 0; 0; 0; 0; 260; 0; 0; 0; 220; 0; 0; 0; 39; 0; 0; 0; 0; 0; 300; 82; 53; 0; 0; 9999
1948;12; 200; 0; 0; 0; 0; 0; 0; 0; 0; 0; 0; 183; 108; 0; 0; 0; 0; 430; 0; 0; 0; 0; 0; 0; 0; 0; 0; 0; 124; 0; 0
1949;01; 0; 0; 0; 284; 0; 0; 0; 0; 0; 0; 0; 0; 0; 0; 0; 168; 256; 192; 401; 191; 0; 0; 0; 0; 0; 0; 364; 0; 476; 199; 560
1949;02; 327; 0; 0; 0; 0; 0; 164; 412; 131; 0; 0; 0; 0; 0; 0; 174; 0; 0; 0; 496; 184; 0; 0; 0; 0; 195; 296; 0; 9999; 9999; 9999
1949;03; 0; 0; 0; 0; 0; 0; 0; 0; 0; 0; 0; 0; 0; 0; 0; 0; 0; 296; 0; 0; 184; 0; 0; 0; 0; 330; 122; 0; 275; 0; 303
1949;04; 0; 0; 0; 0; 0; 0; 0; 0; 0; 0; 0; 0; 0; 0; 0; 0; 0; 0; 0; 0; 0; 0; 0; 0; 196; 0; 0; 0; 0; 267; 9999
1949;05; 0; 0; 0; 0; 0; 0; 0; 0; 0; 0; 0; 0; 0; 0; 0; 0; 0; 0; 0; 0; 0; 0; 0; 0; 0; 0; 0; 0; 0; 0; 0
1949;06; 0; 0; 0; 0; 0; 0; 0; 0; 0; 0; 0; 0; 0; 0; 0; 0; 0; 0; 0; 0; 0; 0; 0; 0; 0; 0; 0; 0; 0; 0; 9999
1949;07; 0; 0; 0; 0; 0; 0; 0; 0; 0; 0; 0; 0; 0; 0; 0; 0; 0; 0; 0; 0; 0; 0; 0; 0; 0; 0; 0; 0; 0; 0; 0
1949;08; 0; 0; 0; 0; 0; 0; 0; 0; 0; 0; 0; 0; 0; 0; 0; 0; 0; 0; 0; 0; 0; 0; 0; 0; 0; 0; 0; 0; 0; 0; 0
1949;09; 0; 0; 0; 0; 0; 0; 0; 0; 0; 0; 0; 0; 0; 0; 0; 0; 0; 0; 0; 0; 0; 0; 0; 0; 0; 0; 0; 0; 0; 0; 9999
1949;10; 0; 0; 51; 0; 0; 83; 0; 0; 0; 0; 0; 0; 0; 0; 51; 60; 21; 0; 0; 10; 161; 0; 0; 0; 6; 21; 0; 498; 0; 0; 0
1949;11; 0; 0; 0; 0; 0; 141; 0; 26; 231; 45; 119; 0; 0; 0; 0; 0; 0; 0; 0; 61; 136; 141; 82; 0; 0; 0; 0; 0; 0; 0; 9999
1949;12; 279; 272; 27; 0; 141; 0; 79; 351; 302; 0; 14; 479; 148; 464; 289; 416; 0; 0; 0; 0; 0; 391; 78; 106; 401; 14; 0; 0; 0; 0; 0
1950;01; 0; 0; 0; 0; 0; 0; 0; 0; 0; 181; 310; 281; 0; 0; 0; 19; 102; 10; 278; 121; 18; 201; 0; 361; 448; 26; 723; 158; 0; 335; 61
1950;02; 34; 0; 0; 0; 802; 0; 180; 18; 226; 388; 0; 267; 0; 126; 0; 0; 0; 187; 265; 224; 276; 141; 0; 259; 14; 423; 34; 186; 9999; 9999; 9999
1950;03; 0; 0; 0; 0; 0; 623; 0; 0; 0; 162; 0; 115; 125; 0; 0; 0; 0; 0; 0; 0; 0; 0; 64; 0; 0; 0; 0; 0; 0; 0; 0
1950;04; 0; 54; 0; 0; 58; 0; 0; 0; 0; 0; 0; 546; 0; 13; 0; 28; 0; 0; 0; 0; 0; 0; 0; 0; 0; 67; 0; 0; 0; 0; 9999
1950;05; 0; 0; 0; 0; 0; 0; 0; 0; 0; 0; 0; 0; 0; 0; 0; 0; 0; 0; 0; 0; 0; 0; 0; 0; 0; 0; 0; 0; 0; 0; 0
1950;06; 0; 0; 0; 0; 0; 0; 0; 0; 0; 0; 0; 0; 0; 0; 0; 0; 0; 0; 0; 0; 0; 0; 0; 0; 0; 0; 0; 0; 0; 0; 9999
1950;07; 0; 0; 0; 0; 0; 0; 0; 0; 0; 0; 0; 0; 0; 0; 0; 0; 0; 0; 0; 0; 0; 0; 0; 0; 0; 0; 0; 0; 0; 0; 0
1950;08; 0; 0; 0; 0; 0; 0; 0; 0; 0; 0; 0; 0; 0; 0; 0; 0; 0; 0; 0; 0; 0; 0; 0; 0; 0; 0; 0; 0; 0; 0; 0
1950;09; 0; 0; 0; 0; 0; 0; 0; 0; 0; 0; 0; 0; 0; 0; 0; 0; 0; 0; 0; 0; 0; 0; 0; 0; 1325; 301; 0; 0; 0; 0; 9999
1950;10; 0; 0; 0; 52; 348; 383; 0; 0; 0; 23; 0; 0; 0; 18; 0; 0; 0; 142; 304; 0; 0; 0; 22; 132; 29; 0; 0; 0; 0; 164; 0
1950;11; 0; 0; 0; 0; 46; 0; 0; 0; 0; 0; 0; 0; 406; 217; 0; 516; 27; 0; 78; 0; 143; 0; 138; 0; 80; 523; 571; 492; 0; 288; 9999
1950;12; 163; 148; 0; 0; 0; 0; 474; 141; 0; 0; 799; 0; 101; 0; 509; 0; 0; 0; 0; 0; 0; 0; 0; 0; 0; 0; 0; 314; 48; 514; 26
1951;01; 52; 388; 0; 28; 65; 347; 0; 0; 0; 26; 0; 390; 446; 18; 116; 342; 63; 166; 236; 92; 12; 115; 0; 56; 282; 390; 100; 146; 0; 302; 12
1951;02; 0; 0; 0; 0; 0; 0; 232; 392; 102; 31; 131; 42; 0; 21; 42; 0; 164; 0; 72; 65; 156; 185; 0; 0; 0; 74; 0; 0; 9999; 9999; 9999
1951;03; 76; 0; 0; 0; 0; 294; 56; 64; 85; 0; 164; 0; 173; 0; 256; 42; 0; 0; 217; 144; 0; 0; 0; 0; 457; 89; 0; 0; 0; 0; 0
1951;04; 0; 305; 206; 0; 0; 416; 0; 0; 0; 0; 0; 0; 0; 0; 0; 0; 0; 0; 0; 0; 0; 0; 0; 0; 0; 0; 0; 0; 0; 0; 9999
1951;05; 0; 0; 0; 0; 0; 0; 0; 0; 0; 0; 0; 0; 0; 0; 0; 0; 0; 0; 135; 0; 0; 0; 0; 0; 0; 0; 0; 0; 121; 0; 0
1951;06; 0; 0; 0; 0; 0; 0; 0; 0; 0; 0; 0; 0; 0; 0; 0; 0; 0; 0; 0; 0; 0; 0; 0; 0; 0; 0; 0; 0; 0; 0; 9999
1951;07; 0; 0; 0; 0; 0; 0; 0; 0; 0; 0; 0; 0; 0; 0; 0; 0; 0; 0; 0; 0; 0; 0; 0; 0; 0; 0; 0; 0; 0; 0; 0
1951;08; 0; 0; 0; 0; 0; 0; 0; 0; 0; 0; 0; 0; 0; 0; 0; 0; 0; 0; 0; 0; 0; 0; 0; 0; 0; 0; 0; 0; 0; 0; 0
1951;09; 0; 0; 0; 0; 0; 0; 0; 0; 0; 0; 0; 0; 0; 0; 0; 0; 0; 0; 0; 0; 0; 0; 0; 0; 0; 0; 0; 0; 0; 0; 9999
1951;10; 0; 0; 0; 0; 0; 124; 0; 0; 0; 0; 0; 0; 0; 156; 124; 0; 0; 275; 0; 0; 0; 0; 0; 0; 0; 0; 0; 288; 0; 0; 0
1951;11; 0; 0; 0; 0; 0; 0; 0; 0; 0; 0; 0; 0; 0; 0; 0; 0; 340; 0; 124; 0; 0; 0; 342; 284; 396; 0; 366; 0; 0; 0; 9999
1951;12; 0; 306; 204; 506; 0; 0; 0; 0; 0; 0; 104; 0; 0; 0; 0; 0; 0; 0; 0; 0; 0; 300; 0; 0; 0; 0; 0; 0; 0; 0; 0
1952;01; 0; 306; 0; 0; 0; 0; 204; 0; 0; 0; 306; 0; 0; 204; 106; 0; 0; 306; 0; 0; 0; 0; 405; 406; 304; 507; 0; 204; 0; 0; 0
1952;02; 0; 0; 300; 405; 206; 304; 46; 204; 0; 0; 0; 204; 0; 402; 0; 0; 0; 202; 0; 302; 203; 104; 0; 1; 206; 0; 0; 4; 40; 9999; 9999
1952;03; 207; 405; 0; 0; 0; 20; 10; 0; 808; 107; 0; 0; 0; 407; 0; 104; 0; 0; 20; 60; 0; 0; 50; 101; 0; 0; 0; 0; 0; 50; 0
1952;04; 0; 0; 0; 0; 0; 205; 0; 0; 0; 0; 101; 0; 0; 0; 0; 0; 0; 0; 0; 0; 0; 0; 0; 0; 0; 0; 0; 0; 0; 0; 9999
1952;05; 0; 0; 0; 0; 0; 0; 0; 0; 0; 0; 0; 0; 0; 0; 0; 0; 0; 0; 0; 0; 0; 0; 0; 0; 0; 0; 0; 0; 0; 0; 0
1952;06; 0; 0; 0; 0; 0; 0; 0; 0; 0; 0; 0; 0; 0; 0; 84; 202; 104; 206; 0; 0; 0; 0; 0; 0; 0; 0; 0; 0; 0; 0; 9999
1952;07; 0; 0; 0; 0; 0; 0; 0; 0; 0; 0; 0; 0; 0; 0; 0; 0; 0; 0; 0; 0; 0; 0; 0; 0; 0; 0; 0; 0; 0; 0; 0
1952;08; 0; 0; 0; 0; 0; 0; 0; 0; 0; 0; 0; 0; 0; 0; 0; 0; 0; 0; 0; 0; 0; 0; 0; 0; 0; 0; 0; 0; 0; 0; 0
1952;09; 0; 0; 0; 0; 0; 202; 0; 0; 0; 0; 0; 0; 0; 0; 0; 0; 4; 2; 0; 0; 0; 0; 0; 0; 0; 0; 2; 0; 0; 0; 9999
1952;10; 0; 0; 0; 0; 0; 0; 0; 101; 0; 202; 0; 306; 4; 0; 0; 0; 101; 0; 202; 206; 200; 0; 0; 201; 0; 203; 0; 101; 0; 0; 0
1952;11; 0; 0; 0; 0; 0; 2; 5; 308; 206; 102; 0; 0; 0; 0; 0; 0; 308; 100; 0; 101; 0; 0; 0; 0; 0; 0; 0; 5; 4; 0; 9999
1952;12; 0; 0; 0; 0; 0; 0; 0; 0; 0; 0; 5; 101; 0; 0; 104; 0; 0; 0; 0; 0; 0; 0; 0; 0; 0; 0; 0; 0; 0; 0; 0
1953;01; 62; 164; 62; 204; 101; 0; 142; 134; 0; 0; 0; 0; 0; 0; 0; 0; 0; 0; 0; 0; 0; 0; 0; 0; 0; 0; 206; 184; 0; 0; 0
1953;02; 0; 0; 0; 207; 0; 364; 0; 0; 208; 0; 0; 0; 0; 202; 101; 0; 0; 20; 100; 0; 303; 204; 0; 0; 0; 0; 0; 102; 9999; 9999; 9999
1953;03; 0; 0; 0; 0; 0; 0; 0; 0; 0; 0; 0; 0; 3; 4; 201; 104; 0; 102; 100; 0; 204; 302; 0; 3; 102; 5; 0; 204; 0; 0; 0
1953;04; 0; 0; 50; 0; 0; 0; 0; 140; 0; 0; 0; 50; 0; 0; 0; 60; 0; 0; 0; 0; 40; 0; 0; 0; 0; 0; 0; 0; 0; 0; 9999
1953;05; 0; 0; 0; 10; 0; 0; 0; 0; 0; 0; 50; 0; 0; 0; 0; 0; 0; 0; 0; 0; 0; 152; 0; 0; 100; 0; 0; 0; 0; 0; 121
1953;06; 0; 0; 0; 0; 0; 0; 0; 0; 102; 155; 0; 0; 0; 0; 0; 0; 0; 0; 0; 0; 0; 0; 0; 0; 0; 0; 0; 0; 0; 0; 9999
1953;07; 0; 0; 0; 0; 0; 0; 0; 0; 52; 101; 40; 0; 0; 0; 0; 0; 0; 0; 20; 0; 0; 0; 0; 0; 0; 0; 0; 0; 0; 0; 0
1953;08; 0; 0; 0; 0; 0; 0; 0; 0; 0; 0; 0; 0; 0; 0; 0; 0; 0; 0; 0; 0; 0; 0; 0; 0; 0; 0; 0; 0; 0; 0; 0
1953;09; 0; 0; 20; 0; 0; 35; 0; 102; 64; 0; 0; 0; 0; 0; 0; 104; 0; 0; 0; 0; 0; 0; 0; 122; 0; 0; 52; 30; 0; 0; 9999
1953;10; 0; 0; 0; 0; 122; 41; 62; 0; 0; 0; 0; 0; 0; 0; 0; 123; 0; 204; 0; 282; 0; 0; 0; 0; 0; 0; 122; 0; 0; 0; 52
1953;11; 0; 0; 204; 122; 204; 152; 304; 0; 244; 202; 254; 202; 224; 304; 0; 0; 0; 0; 0; 204; 0; 202; 0; 0; 0; 0; 0; 0; 244; 0; 9999
1953;12; 306; 202; 0; 244; 304; 224; 0; 202; 0; 406; 204; 202; 0; 0; 204; 0; 0; 202; 0; 264; 242; 0; 0; 0; 0; 0; 0; 0; 64; 0; 0
1954;01; 0; 32; 90; 443; 124; 0; 0; 122; 0; 61; 0; 0; 0; 0; 0; 0; 0; 354; 0; 655; 104; 62; 102; 64; 0; 22; 0; 48; 0; 0; 0
1954;02; 12; 20; 282; 19; 252; 122; 64; 232; 0; 31; 10; 31; 0; 62; 54; 0; 10; 75; 128; 30; 0; 0; 0; 0; 0; 0; 0; 0; 9999; 9999; 9999
1954;03; 308; 104; 0; 0; 268; 0; 0; 65; 53; 402; 20; 45; 26; 0; 0; 0; 0; 0; 0; 0; 0; 0; 0; 0; 0; 0; 20; 41; 204; 272; 30
1954;04; 0; 0; 0; 0; 0; 0; 163; 0; 0; 0; 0; 0; 0; 0; 0; 0; 0; 0; 0; 0; 0; 0; 0; 0; 0; 0; 8; 0; 0; 352; 9999
1954;05; 0; 150; 0; 0; 0; 132; 0; 0; 353; 252; 0; 0; 234; 0; 0; 0; 0; 284; 0; 0; 453; 0; 0; 0; 0; 0; 0; 0; 0; 0; 0
1954;06; 0; 0; 122; 150; 182; 254; 0; 0; 0; 0; 0; 0; 0; 0; 0; 0; 0; 0; 0; 0; 0; 0; 0; 0; 0; 0; 0; 0; 0; 0; 9999
1954;07; 0; 0; 0; 0; 0; 0; 0; 0; 0; 0; 0; 0; 0; 0; 0; 0; 0; 0; 0; 0; 0; 0; 0; 0; 0; 0; 0; 0; 0; 0; 0
1954;08; 0; 0; 0; 0; 0; 0; 0; 0; 0; 0; 0; 0; 0; 0; 0; 0; 0; 0; 0; 0; 0; 0; 0; 0; 0; 0; 0; 0; 0; 0; 0
1954;09; 0; 0; 0; 0; 0; 0; 0; 0; 0; 0; 0; 0; 0; 0; 0; 0; 0; 0; 0; 0; 0; 0; 0; 0; 0; 0; 0; 0; 0; 0; 9999
1954;10; 308; 0; 0; 0; 0; 0; 0; 0; 0; 203; 74; 0; 0; 0; 165; 0; 0; 0; 0; 0; 324; 0; 0; 0; 0; 0; 43; 0; 0; 102; 0
1954;11; 0; 0; 0; 0; 0; 0; 0; 0; 0; 0; 0; 0; 0; 305; 0; 0; 0; 315; 0; 0; 130; 0; 0; 242; 0; 0; 152; 214; 0; 0; 9999
1954;12; 0; 0; 232; 0; 0; 0; 270; 0; 0; 346; 0; 350; 364; 212; 0; 0; 26; 0; 123; 0; 0; 120; 341; 0; 0; 0; 0; 2; 0; 0; 0
1955;01; 0; 364; 126; 102; 0; 0; 0; 0; 0; 72; 0; 0; 255; 362; 160; 202; 364; 139; 0; 0; 0; 0; 0; 189; 0; 0; 0; 0; 0; 0; 0
1955;02; 206; 0; 7; 0; 0; 0; 0; 2; 23; 0; 0; 182; 43; 0; 0; 0; 0; 0; 0; 324; 56; 0; 0; 186; 0; 102; 330; 0; 9999; 9999; 9999
1955;03; 0; 32; 0; 0; 0; 159; 0; 0; 202; 0; 0; 0; 58; 0; 334; 0; 0; 0; 0; 0; 0; 0; 0; 0; 0; 0; 23; 72; 14; 256; 0
1955;04; 0; 341; 18; 21; 222; 0; 0; 0; 0; 0; 0; 100; 0; 0; 148; 67; 0; 86; 0; 0; 0; 0; 0; 0; 0; 0; 0; 338; 0; 0; 9999
1955;05; 0; 0; 0; 0; 0; 0; 0; 0; 0; 0; 0; 0; 0; 0; 0; 0; 0; 0; 0; 43; 0; 0; 35; 0; 0; 0; 0; 0; 0; 0; 52
1955;06; 0; 0; 0; 32; 0; 0; 0; 0; 248; 0; 0; 0; 16; 0; 0; 0; 0; 0; 0; 0; 0; 0; 0; 0; 0; 0; 0; 0; 0; 0; 9999
1955;07; 0; 0; 0; 0; 0; 0; 0; 0; 0; 0; 0; 0; 0; 0; 0; 0; 0; 0; 0; 0; 0; 0; 0; 0; 0; 0; 0; 0; 0; 0; 0
1955;08; 0; 0; 0; 0; 0; 0; 0; 0; 0; 0; 0; 0; 0; 0; 0; 0; 0; 0; 0; 0; 0; 0; 0; 0; 0; 20; 5; 3; 0; 0; 0
1955;09; 0; 0; 0; 0; 0; 0; 0; 0; 0; 0; 0; 0; 0; 0; 0; 0; 0; 0; 0; 0; 0; 0; 0; 0; 0; 0; 0; 0; 0; 0; 9999
1955;10; 0; 0; 0; 0; 0; 0; 52; 71; 0; 0; 0; 263; 242; 381; 0; 673; 52; 0; 0; 0; 0; 0; 0; 122; 0; 0; 0; 553; 0; 14; 3
1955;11; 201; 302; 0; 0; 0; 253; 0; 0; 52; 62; 0; 0; 0; 0; 0; 0; 0; 21; 232; 0; 0; 0; 0; 0; 0; 0; 0; 0; 0; 0; 9999
1955;12; 184; 325; 107; 305; 316; 305; 204; 265; 204; 204; 0; 0; 0; 264; 317; 308; 204; 305; 304; 204; 0; 0; 0; 0; 0; 372; 87; 354; 51; 152; 302
1956;01; 253; 20; 0; 123; 0; 0; 0; 0; 131; 0; 0; 0; 0; 0; 0; 0; 0; 231; 0; 0; 26; 0; 0; 0; 0; 28; 0; 0; 0; 40; 0
1956;02; 100; 0; 0; 0; 0; 0; 0; 145; 0; 0; 36; 111; 165; 123; 225; 156; 32; 283; 305; 16; 0; 75; 0; 556; 112; 233; 162; 254; 12; 9999; 9999
1956;03; 12; 173; 0; 0; 0; 0; 0; 0; 0; 57; 0; 0; 0; 0; 12; 31; 37; 50; 522; 0; 0; 0; 0; 0; 0; 0; 0; 0; 0; 0; 0
1956;04; 0; 100; 0; 0; 0; 175; 0; 25; 157; 0; 0; 0; 15; 0; 0; 0; 0; 0; 311; 0; 0; 0; 0; 32; 0; 54; 21; 202; 0; 0; 9999
1956;05; 256; 3; 0; 41; 0; 5; 0; 286; 10; 0; 0; 0; 0; 0; 0; 0; 0; 0; 0; 71; 10; 0; 0; 0; 123; 0; 52; 0; 0; 0; 0
1956;06; 0; 0; 82; 0; 0; 0; 0; 0; 54; 46; 100; 85; 26; 32; 7; 0; 0; 0; 0; 0; 0; 0; 0; 0; 0; 0; 0; 21; 0; 0; 9999
1956;07; 0; 0; 0; 0; 0; 34; 0; 0; 0; 0; 0; 0; 0; 0; 0; 0; 0; 0; 0; 0; 76; 0; 0; 0; 0; 0; 0; 63; 0; 251; 0
1956;08; 378; 0; 0; 0; 0; 0; 113; 0; 0; 0; 0; 0; 0; 0; 0; 0; 0; 0; 0; 0; 0; 0; 0; 0; 0; 0; 0; 0; 0; 0; 0
1956;09; 0; 0; 0; 0; 0; 0; 0; 0; 177; 151; 0; 0; 0; 102; 0; 0; 0; 0; 0; 0; 0; 0; 0; 0; 0; 0; 0; 45; 72; 0; 9999
1956;10; 0; 0; 0; 0; 0; 0; 0; 0; 0; 23; 0; 0; 0; 0; 0; 22; 0; 0; 0; 0; 0; 0; 0; 0; 0; 121; 0; 546; 320; 0; 0
1956;11; 0; 0; 0; 21; 0; 0; 0; 0; 7; 0; 0; 0; 102; 0; 0; 0; 0; 0; 0; 0; 0; 55; 4; 0; 36; 0; 0; 0; 0; 0; 9999
1956;12; 0; 0; 0; 52; 325; 461; 278; 52; 0; 0; 0; 0; 502; 31; 254; 0; 0; 0; 281; 0; 0; 0; 325; 202; 562; 5; 0; 0; 0; 0; 187
1957;01; 0; 0; 0; 37; 0; 25; 0; 0; 148; 165; 0; 0; 358; 0; 252; 246; 26; 122; 24; 0; 0; 0; 0; 254; 0; 269; 0; 420; 0; 42; 0
1957;02; 0; 0; 143; 0; 240; 137; 213; 154; 132; 419; 104; 0; 0; 232; 321; 136; 0; 0; 0; 0; 0; 0; 0; 141; 0; 532; 21; 10; 9999; 9999; 9999
1957;03; 0; 0; 0; 0; 0; 52; 0; 0; 43; 104; 0; 0; 0; 0; 0; 0; 0; 0; 0; 502; 254; 155; 0; 0; 53; 0; 0; 0; 25; 81; 68
1957;04; 736; 142; 204; 164; 2; 4; 104; 0; 0; 0; 104; 0; 0; 83; 0; 0; 0; 0; 0; 0; 0; 0; 0; 0; 0; 0; 0; 0; 25; 102; 9999
1957;05; 0; 0; 0; 0; 0; 0; 0; 12; 23; 0; 0; 32; 0; 14; 0; 0; 0; 0; 0; 0; 0; 0; 0; 0; 0; 0; 0; 0; 0; 0; 0
1957;06; 0; 0; 0; 0; 0; 0; 0; 0; 0; 0; 0; 0; 0; 0; 0; 0; 0; 0; 0; 0; 0; 0; 0; 0; 0; 0; 0; 0; 0; 0; 9999
1957;07; 0; 0; 0; 246; 57; 21; 0; 0; 0; 0; 0; 0; 0; 0; 0; 0; 23; 51; 11; 0; 0; 0; 0; 0; 0; 0; 0; 0; 0; 0; 0
1957;08; 0; 0; 0; 0; 0; 0; 0; 0; 0; 0; 0; 0; 1; 107; 16; 0; 62; 0; 182; 0; 0; 0; 0; 0; 0; 0; 0; 0; 0; 12; 0
1957;09; 0; 0; 130; 713; 121; 1; 0; 0; 38; 0; 0; 9; 403; 0; 0; 24; 0; 0; 0; 4; 0; 20; 49; 103; 0; 2; 0; 0; 0; 100; 9999
1957;10; 0; 0; 0; 0; 0; 0; 0; 0; 0; 0; 0; 0; 0; 412; 0; 0; 0; 0; 0; 0; 0; 0; 83; 0; 0; 35; 0; 136; 632; 0; 0
1957;11; 0; 0; 0; 0; 0; 0; 0; 136; 364; 5; 0; 0; 0; 63; 0; 0; 156; 495; 289; 402; 43; 83; 0; 51; 0; 0; 0; 0; 0; 63; 9999
1957;12; 451; 102; 1; 83; 0; 0; 107; 0; 0; 0; 117; 352; 0; 0; 234; 126; 30; 125; 0; 0; 62; 103; 0; 0; 62; 0; 0; 0; 0; 0; 8
1958;01; 0; 0; 0; 0; 0; 0; 0; 0; 0; 0; 0; 0; 0; 12; 229; 3; 211; 206; 74; 0; 40; 186; 228; 0; 423; 249; 38; 107; 0; 0; 0
1958;02; 0; 0; 411; 56; 284; 69; 116; 0; 0; 0; 0; 5; 3; 0; 0; 0; 0; 0; 0; 8; 0; 0; 0; 5; 0; 6; 123; 156; 9999; 9999; 9999
1958;03; 115; 8; 154; 0; 0; 0; 0; 0; 0; 0; 0; 0; 0; 6; 116; 364; 282; 53; 2; 0; 0; 0; 0; 0; 0; 0; 0; 0; 0; 506; 0
1958;04; 78; 0; 0; 0; 168; 0; 0; 0; 30; 103; 36; 125; 206; 0; 0; 0; 0; 53; 120; 2; 0; 0; 0; 0; 1; 0; 0; 2; 0; 0; 9999
1958;05; 0; 82; 0; 18; 756; 28; 35; 0; 0; 0; 8; 6; 0; 0; 0; 0; 0; 0; 0; 0; 283; 259; 74; 299; 15; 3; 93; 0; 0; 2; 0
1958;06; 0; 0; 0; 0; 0; 0; 0; 0; 0; 0; 0; 0; 455; 0; 105; 14; 0; 0; 0; 0; 0; 0; 0; 0; 0; 0; 0; 0; 0; 0; 9999
1958;07; 0; 0; 0; 0; 0; 0; 0; 0; 0; 0; 312; 0; 0; 0; 81; 0; 0; 61; 3; 1; 0; 0; 4; 0; 0; 0; 0; 0; 0; 0; 0
1958;08; 0; 0; 0; 7; 0; 0; 0; 0; 0; 0; 0; 0; 0; 0; 0; 0; 0; 0; 0; 0; 0; 0; 0; 0; 0; 0; 0; 0; 229; 0; 0
1958;09; 0; 0; 0; 0; 0; 0; 0; 0; 0; 0; 0; 0; 263; 304; 452; 0; 0; 0; 0; 0; 0; 0; 0; 0; 0; 0; 0; 0; 0; 73; 9999
1958;10; 0; 0; 54; 0; 0; 0; 34; 12; 4; 29; 94; 2; 0; 0; 0; 0; 0; 241; 0; 0; 0; 0; 0; 0; 0; 0; 103; 282; 306; 114; 0
1958;11; 0; 3; 14; 15; 0; 0; 0; 0; 0; 0; 63; 2; 0; 3; 0; 0; 0; 179; 0; 0; 0; 16; 0; 0; 126; 0; 0; 302; 0; 0; 9999
1958;12; 0; 0; 0; 0; 206; 48; 0; 50; 312; 13; 62; 0; 0; 0; 91; 282; 206; 147; 78; 458; 0; 44; 59; 0; 0; 0; 68; 0; 189; 0; 0
1959;01; 0; 0; 322; 186; 0; 179; 266; 157; 13; 58; 0; 305; 264; 0; 0; 0; 0; 268; 1163; 0; 0; 0; 427; 141; 58; 12; 0; 0; 22; 0; 21
1959;02; 0; 319; 241; 110; 0; 0; 641; 0; 0; 0; 0; 0; 41; 12; 0; 0; 0; 0; 0; 0; 0; 0; 0; 0; 20; 34; 10; 0; 9999; 9999; 9999
1959;03; 0; 0; 0; 0; 0; 0; 0; 0; 314; 105; 0; 0; 10; 228; 0; 0; 0; 152; 422; 156; 272; 198; 58; 136; 85; 102; 64; 111; 153; 0; 0
1959;04; 0; 21; 0; 0; 0; 0; 0; 0; 0; 0; 0; 0; 0; 0; 0; 0; 0; 0; 0; 0; 0; 0; 223; 314; 0; 128; 13; 0; 0; 0; 9999
1959;05; 0; 0; 0; 0; 0; 0; 0; 0; 0; 0; 0; 0; 0; 0; 0; 0; 0; 0; 26; 0; 65; 0; 0; 0; 0; 0; 0; 0; 0; 0; 0
1959;06; 0; 0; 0; 0; 0; 136; 0; 0; 0; 0; 0; 0; 0; 0; 2; 0; 0; 0; 0; 0; 0; 0; 0; 0; 0; 0; 0; 0; 0; 0; 9999
1959;07; 0; 0; 0; 0; 0; 0; 0; 0; 0; 0; 0; 0; 0; 0; 0; 0; 0; 0; 0; 0; 0; 0; 0; 0; 0; 0; 0; 0; 0; 0; 0
1959;08; 0; 112; 0; 0; 0; 0; 0; 21; 0; 86; 0; 0; 0; 0; 42; 0; 0; 0; 0; 0; 0; 0; 0; 0; 0; 0; 0; 0; 0; 0; 0
1959;09; 0; 0; 0; 0; 0; 0; 0; 0; 0; 0; 0; 0; 0; 0; 0; 10; 0; 0; 0; 0; 0; 0; 0; 0; 0; 24; 0; 0; 0; 0; 9999
1959;10; 0; 0; 0; 0; 0; 0; 21; 0; 0; 0; 0; 0; 35; 27; 0; 0; 42; 14; 0; 0; 0; 0; 12; 0; 0; 0; 0; 0; 33; 0; 17
1959;11; 183; 0; 0; 0; 0; 78; 25; 103; 35; 126; 5; 0; 0; 0; 0; 0; 0; 0; 151; 2; 28; 287; 0; 0; 54; 454; 111; 6; 117; 0; 9999
1959;12; 0; 0; 0; 308; 6; 0; 52; 48; 584; 472; 515; 157; 0; 0; 24; 0; 0; 0; 221; 156; 0; 83; 18; 268; 0; 86; 0; 0; 20; 0; 0
1960;01; 57; 102; 0; 0; 0; 71; 39; 195; 0; 382; 105; 55; 137; 69; 0; 53; 0; 384; 69; 622; 235; 184; 158; 387; 23; 205; 0; 0; 0; 0; 259
1960;02; 6; 362; 402; 101; 0; 0; 0; 270; 0; 65; 58; 0; 0; 104; 0; 0; 0; 0; 0; 239; 187; 57; 373; 0; 161; 423; 0; 0; 455; 9999; 9999
1960;03; 262; 114; 125; 108; 0; 0; 0; 0; 0; 0; 0; 64; 0; 0; 259; 0; 118; 0; 43; 23; 0; 358; 126; 141; 10; 2; 0; 0; 0; 0; 0
1960;04; 31; 0; 0; 0; 0; 0; 0; 68; 0; 30; 0; 0; 0; 0; 0; 0; 0; 0; 0; 13; 0; 0; 0; 0; 0; 0; 0; 0; 32; 0; 9999
1960;05; 260; 0; 0; 0; 0; 0; 0; 0; 0; 37; 0; 13; 2; 0; 0; 116; 2; 0; 15; 0; 36; 2; 3; 0; 0; 0; 0; 0; 0; 0; 0
1960;06; 0; 0; 0; 0; 0; 0; 0; 0; 0; 0; 0; 15; 0; 0; 103; 44; 0; 0; 0; 22; 0; 0; 0; 75; 64; 21; 156; 2; 0; 0; 9999
1960;07; 0; 0; 0; 0; 0; 0; 0; 0; 0; 0; 0; 0; 0; 0; 0; 0; 0; 0; 0; 0; 0; 0; 0; 0; 0; 0; 0; 0; 0; 0; 0
1960;08; 0; 0; 0; 0; 0; 0; 0; 0; 0; 0; 0; 0; 0; 0; 0; 134; 0; 0; 0; 0; 0; 0; 0; 0; 0; 0; 0; 0; 0; 0; 0
1960;09; 9; 34; 0; 0; 0; 0; 0; 0; 0; 0; 0; 0; 0; 0; 0; 0; 206; 0; 0; 0; 0; 0; 0; 0; 0; 0; 0; 0; 0; 5; 9999
1960;10; 157; 15; 0; 0; 0; 0; 0; 68; 0; 0; 0; 0; 0; 0; 0; 29; 115; 0; 28; 0; 146; 9; 0; 0; 0; 106; 13; 0; 0; 0; 148
1960;11; 0; 16; 0; 0; 212; 0; 0; 297; 5; 0; 116; 105; 0; 97; 315; 17; 0; 0; 0; 241; 272; 83; 0; 381; 0; 753; 345; 56; 78; 354; 9999
1960;12; 0; 0; 13; 0; 0; 0; 36; 0; 0; 0; 0; 0; 289; 4; 415; 106; 301; 256; 592; 319; 102; 63; 10; 68; 51; 0; 195; 698; 0; 70; 158
1961;01; 68; 125; 52; 84; 145; 52; 302; 191; 13; 0; 0; 3; 88; 5; 1; 0; 122; 0; 0; 256; 35; 6; 0; 70; 227; 0; 0; 145; 113; 0; 0
1961;02; 0; 0; 0; 342; 393; 0; 83; 0; 240; 20; 0; 100; 568; 0; 0; 220; 83; 104; 47; 168; 0; 342; 399; 84; 0; 0; 93; 291; 9999; 9999; 9999
1961;03; 0; 305; 0; 0; 274; 563; 6; 6; 36; 0; 0; 64; 0; 24; 52; 0; 103; 235; 156; 86; 45; 0; 0; 0; 0; 0; 0; 0; 0; 0; 0
1961;04; 0; 0; 65; 26; 882; 13; 0; 0; 0; 0; 0; 0; 0; 0; 0; 0; 0; 0; 0; 53; 0; 0; 0; 0; 0; 112; 54; 0; 0; 0; 9999
1961;05; 0; 0; 18; 219; 554; 0; 0; 0; 23; 2; 0; 0; 0; 0; 0; 0; 0; 0; 0; 0; 0; 0; 0; 0; 0; 0; 0; 0; 0; 0; 0
1961;06; 0; 0; 0; 0; 21; 0; 0; 0; 0; 0; 0; 0; 0; 0; 0; 0; 0; 0; 0; 0; 0; 0; 2; 0; 0; 0; 0; 0; 0; 0; 9999
1961;07; 0; 0; 0; 0; 0; 0; 0; 0; 0; 0; 0; 0; 0; 0; 0; 0; 0; 0; 0; 0; 0; 0; 0; 0; 0; 0; 0; 0; 0; 0; 0
1961;08; 0; 0; 0; 0; 0; 0; 0; 0; 0; 0; 0; 0; 0; 0; 0; 0; 0; 0; 0; 0; 0; 0; 0; 0; 0; 0; 23; 0; 0; 0; 0
1961;09; 0; 0; 0; 0; 0; 0; 0; 0; 0; 0; 0; 0; 0; 0; 0; 0; 0; 0; 0; 0; 0; 0; 0; 0; 0; 0; 0; 0; 0; 0; 9999
1961;10; 0; 0; 0; 0; 0; 0; 0; 0; 0; 0; 47; 42; 41; 0; 504; 202; 104; 104; 203; 0; 0; 0; 0; 0; 60; 94; 0; 0; 0; 124; 0
1961;11; 0; 102; 202; 0; 0; 0; 0; 0; 0; 0; 202; 0; 262; 161; 0; 0; 0; 0; 0; 0; 204; 0; 0; 0; 0; 102; 0; 0; 0; 0; 9999
1961;12; 0; 0; 204; 711; 9; 101; 0; 2; 0; 102; 0; 112; 160; 0; 0; 202; 103; 42; 0; 41; 0; 0; 0; 43; 103; 0; 0; 104; 0; 0; 0
1962;01; 0; 0; 0; 152; 0; 0; 80; 0; 101; 0; 0; 0; 0; 0; 201; 304; 352; 284; 383; 221; 516; 0; 0; 0; 364; 80; 0; 0; 0; 0; 0
1962;02; 0; 85; 144; 165; 325; 55; 0; 65; 50; 92; 132; 0; 0; 0; 0; 0; 0; 310; 12; 0; 0; 132; 35; 0; 0; 0; 51; 13; 9999; 9999; 9999
1962;03; 30; 190; 93; 0; 0; 0; 0; 335; 0; 190; 170; 300; 75; 279; 50; 50; 160; 155; 0; 0; 0; 0; 1; 95; 0; 0; 0; 0; 0; 0; 0
1962;04; 0; 0; 0; 0; 0; 0; 0; 0; 0; 0; 0; 0; 0; 0; 0; 0; 0; 0; 0; 0; 0; 0; 0; 0; 0; 0; 0; 0; 63; 0; 9999
1962;05; 0; 0; 109; 0; 0; 13; 0; 0; 0; 0; 0; 0; 0; 0; 0; 0; 0; 0; 0; 0; 0; 0; 0; 0; 0; 0; 0; 0; 22; 0; 0
1962;06; 0; 0; 33; 0; 109; 55; 0; 0; 0; 0; 0; 0; 0; 0; 0; 0; 0; 0; 0; 0; 0; 0; 0; 0; 0; 0; 0; 0; 23; 0; 9999
1962;07; 0; 0; 0; 0; 0; 0; 0; 0; 0; 0; 0; 0; 0; 0; 0; 0; 0; 0; 0; 0; 0; 0; 0; 0; 0; 0; 0; 0; 0; 0; 0
1962;08; 0; 0; 0; 0; 0; 0; 0; 0; 0; 0; 0; 0; 0; 0; 0; 0; 0; 0; 0; 0; 0; 0; 0; 0; 0; 0; 0; 0; 0; 19; 0
1962;09; 0; 0; 0; 0; 0; 0; 209; 0; 195; 0; 0; 0; 0; 0; 0; 0; 0; 0; 0; 0; 0; 0; 79; 0; 0; 0; 0; 0; 109; 0; 9999
1962;10; 309; 409; 0; 0; 0; 0; 0; 200; 100; 550; 140; 0; 0; 0; 0; 0; 270; 0; 0; 0; 0; 0; 0; 50; 0; 0; 90; 90; 180; 0; 50
1962;11; 0; 0; 0; 0; 0; 70; 0; 0; 0; 0; 0; 0; 0; 0; 0; 0; 0; 0; 70; 179; 22; 0; 0; 0; 0; 0; 0; 124; 0; 115; 9999
1962;12; 300; 100; 300; 0; 400; 40; 100; 100; 20; 55; 82; 400; 165; 64; 10; 40; 82; 27; 179; 0; 22; 0; 0; 55; 60; 244; 125; 95; 200; 240; 300
1963;01; 347; 135; 0; 0; 0; 0; 182; 29; 0; 0; 0; 0; 0; 0; 355; 0; 123; 0; 0; 0; 0; 310; 0; 47; 200; 20; 14; 0; 93; 0; 0
1963;02; 0; 0; 0; 300; 255; 357; 0; 0; 0; 0; 0; 147; 100; 40; 40; 40; 0; 0; 0; 50; 59; 0; 70; 49; 0; 0; 0; 0; 9999; 9999; 9999
1963;03; 0; 0; 200; 0; 0; 0; 0; 0; 127; 0; 0; 0; 0; 0; 0; 0; 25; 30; 20; 0; 0; 70; 70; 83; 49; 0; 0; 0; 0; 0; 0
1963;04; 0; 0; 0; 0; 0; 0; 0; 0; 0; 0; 0; 0; 0; 0; 0; 93; 0; 0; 0; 0; 0; 0; 0; 0; 0; 0; 0; 0; 0; 0; 9999
1963;05; 0; 0; 0; 0; 0; 0; 0; 0; 0; 0; 0; 0; 0; 0; 0; 0; 52; 0; 0; 0; 0; 0; 0; 0; 0; 0; 0; 0; 0; 0; 0
1963;06; 0; 0; 0; 0; 0; 0; 0; 0; 0; 0; 0; 0; 0; 0; 0; 0; 0; 0; 0; 0; 0; 0; 0; 0; 0; 0; 0; 0; 0; 0; 9999
1963;07; 0; 0; 0; 0; 0; 0; 0; 0; 0; 0; 0; 0; 0; 0; 0; 0; 0; 0; 0; 0; 0; 0; 0; 0; 0; 0; 0; 0; 0; 0; 0
1963;08; 0; 0; 0; 0; 0; 0; 0; 0; 0; 0; 0; 0; 0; 0; 0; 0; 0; 0; 0; 0; 0; 0; 0; 0; 0; 0; 0; 0; 0; 0; 0
1963;09; 0; 0; 0; 0; 0; 0; 0; 0; 0; 0; 0; 0; 0; 0; 0; 0; 0; 0; 0; 0; 0; 0; 0; 0; 0; 0; 0; 0; 0; 0; 9999
1963;10; 0; 0; 0; 0; 0; 0; 0; 0; 36; 0; 0; 0; 0; 0; 0; 0; 24; 142; 0; 0; 15; 15; 0; 0; 0; 0; 15; 0; 0; 0; 0
1963;11; 153; 0; 0; 0; 10; 0; 0; 0; 0; 116; 0; 0; 0; 340; 50; 0; 148; 38; 0; 121; 0; 126; 0; 0; 0; 20; 21; 0; 0; 0; 9999
1963;12; 126; 30; 123; 43; 0; 0; 0; 0; 0; 0; 0; 0; 0; 0; 0; 0; 0; 0; 173; 0; 0; 0; 0; 0; 0; 0; 0; 0; 0; 0; 93
1964;01; 206; 0; 0; 0; 0; 0; 63; 0; 0; 166; 0; 0; 0; 93; 0; 0; 30; 0; 22; 0; 0; 0; 503; 160; 140; 43; 176; 231; 236; 0; 0
1964;02; 0; 30; 0; 23; 0; 0; 125; 0; 130; 0; 0; 0; 130; 200; 300; 422; 200; 92; 200; 50; 100; 50; 60; 100; 35; 40; 80; 80; 0; 9999; 9999
1964;03; 0; 50; 0; 0; 0; 0; 0; 0; 0; 0; 0; 0; 0; 0; 100; 0; 0; 0; 0; 185; 0; 0; 0; 0; 0; 0; 0; 75; 0; 100; 46
1964;04; 103; 547; 116; 0; 0; 0; 0; 0; 0; 0; 0; 0; 0; 0; 0; 0; 0; 0; 0; 0; 0; 0; 0; 0; 0; 0; 0; 200; 0; 0; 9999
1964;05; 0; 0; 0; 0; 402; 0; 0; 0; 0; 0; 0; 0; 0; 0; 0; 0; 0; 0; 0; 0; 305; 0; 150; 0; 0; 0; 0; 0; 0; 0; 0
1964;06; 0; 0; 0; 0; 0; 0; 0; 0; 0; 0; 0; 0; 0; 0; 0; 0; 0; 0; 0; 0; 0; 0; 0; 0; 0; 0; 0; 0; 0; 50; 9999
1964;07; 100; 13; 69; 0; 0; 0; 0; 0; 0; 0; 0; 0; 0; 0; 0; 0; 40; 0; 36; 0; 0; 0; 0; 0; 0; 0; 0; 0; 0; 50; 0
1964;08; 0; 0; 0; 0; 0; 0; 0; 0; 0; 0; 0; 0; 0; 0; 0; 0; 0; 0; 0; 0; 0; 0; 0; 0; 0; 0; 0; 0; 0; 0; 0
1964;09; 0; 0; 0; 0; 0; 0; 0; 0; 0; 0; 0; 0; 0; 0; 0; 0; 0; 0; 0; 0; 0; 0; 0; 343; 2; 1; 46; 6; 0; 84; 9999
1964;10; 100; 122; 500; 0; 0; 83; 100; 0; 0; 0; 0; 0; 0; 0; 0; 0; 0; 0; 120; 126; 0; 0; 0; 0; 0; 0; 0; 0; 0; 63; 0
1964;11; 0; 0; 0; 150; 0; 0; 0; 0; 0; 0; 0; 0; 0; 3; 7; 0; 7; 5; 7; 3; 100; 0; 0; 0; 0; 49; 0; 0; 0; 206; 9999
1964;12; 83; 303; 342; 0; 0; 0; 0; 0; 0; 9; 4; 4; 7; 0; 3; 100; 2; 2; 0; 4; 103; 4; 4; 6; 7; 0; 0; 190; 0; 0; 0
1965;01; 60; 50; 70; 190; 0; 0; 0; 50; 60; 50; 0; 0; 220; 280; 0; 100; 102; 0; 30; 0; 0; 0; 50; 63; 0; 0; 500; 350; 320; 0; 220
1965;02; 10; 0; 0; 0; 0; 0; 0; 0; 0; 0; 200; 100; 50; 100; 0; 0; 0; 50; 0; 200; 240; 120; 60; 0; 0; 200; 250; 0; 9999; 9999; 9999
1965;03; 13; 0; 20; 0; 90; 90; 30; 120; 206; 0; 0; 0; 15; 150; 190; 0; 0; 0; 0; 0; 40; 30; 58; 0; 260; 85; 0; 0; 0; 0; 0
1965;04; 0; 0; 0; 0; 0; 0; 0; 130; 200; 0; 210; 0; 0; 0; 0; 0; 0; 0; 0; 0; 0; 0; 0; 0; 0; 0; 0; 0; 0; 0; 9999
1965;05; 0; 0; 0; 0; 0; 0; 0; 0; 0; 0; 0; 0; 0; 0; 0; 0; 0; 0; 0; 0; 0; 0; 0; 0; 0; 0; 0; 0; 0; 0; 0
1965;06; 0; 0; 0; 0; 0; 0; 0; 0; 0; 0; 0; 0; 0; 0; 0; 0; 26; 0; 0; 0; 0; 0; 70; 15; 0; 186; 0; 0; 0; 0; 9999
1965;07; 0; 0; 0; 404; 30; 36; 0; 66; 24; 50; 0; 0; 0; 0; 0; 0; 0; 0; 0; 0; 0; 0; 0; 0; 0; 0; 0; 0; 0; 0; 78
1965;08; 0; 0; 0; 0; 0; 39; 0; 0; 0; 0; 0; 0; 0; 0; 0; 0; 0; 0; 0; 0; 0; 0; 0; 0; 0; 0; 0; 0; 0; 0; 0
1965;09; 0; 0; 0; 0; 0; 0; 0; 0; 0; 0; 0; 0; 0; 0; 0; 0; 0; 0; 0; 0; 0; 0; 0; 0; 0; 100; 450; 33; 10; 0; 9999
1965;10; 45; 0; 0; 0; 0; 0; 0; 0; 0; 0; 0; 0; 0; 0; 0; 0; 0; 230; 13; 0; 80; 353; 0; 0; 0; 0; 0; 0; 38; 0; 0
1965;11; 0; 0; 0; 0; 0; 0; 0; 33; 200; 33; 0; 55; 0; 0; 762; 11; 3; 1; 1; 20; 432; 30; 1; 1; 1; 1; 16; 227; 2; 96; 9999
1965;12; 10; 0; 106; 7; 38; 10; 97; 465; 142; 181; 207; 37; 0; 4; 14; 0; 16; 11; 5; 1; 0; 103; 0; 34; 6; 1; 32; 2; 57; 341; 0
1966;01; 19; 20; 58; 288; 401; 50; 1; 77; 126; 150; 51; 10; 29; 15; 1; 0; 65; 8; 0; 0; 0; 0; 0; 23; 434; 51; 68; 73; 30; 160; 242
1966;02; 70; 363; 17; 0; 0; 42; 230; 2; 0; 0; 41; 20; 11; 119; 1; 0; 0; 0; 0; 0; 0; 58; 0; 58; 9; 56; 9; 60; 9999; 9999; 9999
1966;03; 2; 260; 1; 45; 117; 310; 613; 243; 315; 3; 2; 1; 1; 0; 1; 1; 1; 0; 1; 0; 42; 1; 0; 0; 0; 4; 0; 350; 150; 1; 1
1966;04; 14; 0; 330; 1; 24; 119; 162; 2; 0; 0; 0; 0; 0; 0; 0; 0; 0; 0; 0; 0; 0; 0; 0; 0; 0; 120; 45; 0; 0; 0; 9999
1966;05; 0; 0; 14; 0; 0; 28; 330; 10; 0; 10; 0; 96; 57; 0; 0; 0; 0; 0; 0; 0; 23; 0; 210; 0; 0; 0; 0; 0; 0; 0; 0
1966;06; 0; 0; 0; 0; 0; 0; 0; 0; 0; 0; 0; 0; 0; 0; 0; 0; 0; 0; 0; 0; 0; 0; 0; 0; 0; 0; 0; 0; 0; 0; 9999
1966;07; 0; 0; 0; 0; 0; 0; 0; 5; 0; 0; 0; 0; 0; 0; 0; 0; 0; 0; 0; 0; 0; 0; 0; 10; 10; 0; 0; 0; 0; 0; 0
1966;08; 11; 73; 0; 0; 0; 0; 0; 0; 0; 0; 0; 0; 0; 0; 0; 0; 0; 0; 0; 0; 0; 0; 0; 0; 0; 0; 0; 4; 0; 4; 2
1966;09; 0; 1; 0; 0; 0; 11; 0; 0; 0; 0; 0; 0; 0; 0; 0; 0; 0; 0; 0; 0; 165; 4; 0; 0; 0; 0; 0; 0; 117; 79; 9999
1966;10; 0; 0; 0; 0; 0; 0; 0; 133; 60; 0; 0; 113; 5; 0; 0; 0; 46; 0; 2; 0; 0; 0; 308; 3; 0; 0; 0; 90; 6; 47; 365
1966;11; 123; 32; 0; 10; 41; 0; 0; 0; 10; 14; 37; 0; 55; 325; 30; 227; 100; 133; 85; 0; 0; 0; 150; 0; 0; 0; 0; 41; 0; 2; 9999
1966;12; 5; 0; 80; 9; 0; 193; 0; 41; 75; 0; 0; 0; 253; 0; 0; 510; 325; 192; 12; 160; 550; 398; 265; 142; 2; 1; 2; 150; 2; 1; 0
1967;01; 0; 0; 0; 41; 0; 84; 30; 50; 65; 200; 0; 144; 380; 122; 140; 242; 22; 215; 370; 61; 9; 332; 0; 25; 12; 305; 27; 16; 0; 33; 1
1967;02; 6; 477; 135; 1; 438; 257; 66; 0; 70; 57; 59; 0; 0; 20; 24; 65; 23; 12; 356; 20; 182; 43; 0; 0; 0; 0; 68; 0; 9999; 9999; 9999
1967;03; 530; 94; 0; 83; 0; 5; 2; 6; 5; 650; 26; 21; 376; 2; 50; 1; 0; 42; 15; 140; 0; 0; 0; 395; 0; 0; 506; 0; 25; 0; 0
1967;04; 6; 0; 137; 0; 0; 0; 0; 0; 0; 0; 0; 90; 0; 0; 0; 0; 145; 0; 0; 0; 33; 0; 0; 0; 0; 0; 68; 441; 0; 0; 9999
1967;05; 0; 18; 0; 20; 141; 0; 0; 1; 0; 0; 0; 0; 0; 0; 0; 0; 0; 0; 0; 0; 0; 0; 0; 0; 0; 0; 0; 0; 0; 0; 0
1967;06; 0; 0; 0; 91; 0; 80; 0; 217; 10; 1; 0; 2; 117; 44; 3; 0; 0; 0; 0; 0; 0; 0; 0; 0; 0; 0; 0; 0; 0; 0; 9999
1967;07; 0; 0; 0; 0; 0; 0; 0; 0; 0; 0; 0; 0; 0; 0; 0; 0; 0; 0; 0; 0; 0; 0; 20; 0; 0; 0; 0; 0; 0; 0; 0
1967;08; 0; 0; 0; 0; 0; 0; 0; 0; 0; 0; 0; 0; 0; 0; 0; 0; 0; 0; 0; 0; 0; 0; 0; 0; 0; 0; 0; 0; 0; 0; 0
1967;09; 0; 0; 0; 0; 0; 0; 0; 0; 0; 0; 0; 126; 152; 316; 0; 0; 0; 0; 0; 0; 0; 0; 0; 0; 0; 0; 0; 0; 0; 0; 9999
1967;10; 0; 80; 0; 0; 65; 0; 0; 0; 0; 0; 127; 0; 104; 0; 0; 0; 285; 0; 0; 83; 23; 0; 24; 110; 411; 230; 207; 155; 1; 0; 0
1967;11; 0; 4; 70; 83; 0; 0; 0; 0; 0; 34; 37; 44; 85; 6; 23; 0; 99; 24; 2; 0; 70; 0; 40; 335; 9; 539; 205; 7; 1; 0; 9999
1967;12; 0; 0; 0; 10; 265; 5; 0; 3; 50; 262; 65; 2; 0; 109; 45; 84; 183; 170; 70; 0; 65; 70; 323; 60; 32; 38; 251; 59; 73; 85; 244
1968;01; 0; 0; 25; 4; 0; 0; 0; 0; 0; 0; 325; 190; 118; 57; 188; 2; 160; 210; 145; 0; 0; 1; 6; 0; 134; 0; 0; 0; 19; 0; 0
1968;02; 0; 142; 0; 0; 0; 75; 0; 0; 0; 235; 0; 20; 257; 16; 23; 25; 70; 0; 0; 11; 0; 0; 0; 291; 19; 0; 0; 15; 0; 9999; 9999
1968;03; 5; 0; 0; 258; 2; 3; 0; 127; 20; 0; 0; 213; 120; 363; 609; 136; 14; 0; 0; 0; 0; 0; 88; 0; 0; 1; 0; 0; 0; 11; 2
1968;04; 46; 0; 0; 0; 0; 0; 0; 0; 0; 0; 0; 0; 0; 0; 0; 0; 0; 2; 0; 370; 72; 1; 0; 0; 0; 0; 0; 0; 0; 0; 9999
1968;05; 0; 0; 0; 0; 0; 0; 0; 0; 0; 0; 0; 0; 0; 0; 0; 7; 2; 0; 0; 0; 0; 0; 0; 0; 0; 0; 0; 0; 0; 0; 0
1968;06; 0; 0; 0; 0; 0; 0; 0; 0; 0; 0; 0; 0; 0; 0; 0; 0; 0; 0; 0; 0; 0; 0; 0; 0; 0; 0; 0; 0; 0; 0; 9999
1968;07; 0; 0; 0; 0; 0; 0; 0; 0; 0; 39; 52; 0; 0; 0; 0; 0; 0; 0; 0; 0; 0; 50; 0; 0; 0; 0; 0; 0; 0; 0; 0
1968;08; 0; 0; 0; 0; 2; 15; 0; 13; 134; 150; 2; 0; 0; 0; 0; 0; 0; 0; 0; 0; 0; 0; 0; 0; 0; 0; 0; 0; 0; 0; 108
1968;09; 49; 0; 0; 110; 2; 0; 0; 0; 0; 0; 0; 0; 0; 0; 0; 0; 0; 0; 0; 0; 58; 0; 0; 0; 0; 0; 0; 0; 0; 0; 9999
1968;10; 49; 0; 0; 0; 0; 0; 0; 0; 0; 0; 0; 0; 0; 0; 0; 40; 414; 75; 104; 0; 0; 95; 138; 0; 0; 0; 0; 303; 390; 70; 0
1968;11; 0; 0; 45; 3; 14; 20; 0; 0; 0; 0; 94; 0; 0; 17; 0; 0; 0; 230; 20; 0; 0; 0; 0; 0; 0; 0; 260; 196; 15; 180; 9999
1968;12; 30; 212; 186; 282; 1; 0; 19; 175; 0; 0; 0; 0; 0; 0; 0; 0; 292; 120; 182; 325; 0; 0; 0; 0; 0; 18; 50; 58; 8; 0; 0
1969;01; 0; 0; 145; 0; 0; 0; 0; 151; 1; 0; 0; 0; 30; 0; 0; 11; 40; 0; 105; 0; 0; 115; 761; 174; 0; 0; 0; 127; 0; 2; 0
1969;02; 0; 0; 555; 0; 0; 0; 0; 285; 0; 95; 0; 0; 0; 0; 0; 378; 46; 90; 5; 48; 30; 0; 0; 0; 20; 0; 0; 0; 9999; 9999; 9999
1969;03; 213; 0; 73; 27; 98; 51; 2; 0; 60; 0; 13; 5; 0; 0; 29; 0; 0; 0; 0; 0; 0; 5; 21; 0; 0; 0; 0; 0; 31; 12; 13
1969;04; 36; 0; 12; 0; 7; 294; 0; 0; 27; 0; 0; 0; 11; 275; 0; 0; 2; 0; 0; 0; 0; 0; 0; 0; 0; 0; 0; 0; 71; 0; 9999
1969;05; 0; 0; 0; 8; 0; 0; 0; 0; 0; 0; 0; 0; 0; 0; 0; 0; 0; 0; 0; 0; 0; 0; 0; 0; 0; 0; 0; 0; 0; 109; 0
1969;06; 0; 10; 305; 37; 0; 0; 0; 0; 0; 0; 0; 0; 0; 0; 0; 0; 0; 0; 0; 0; 0; 0; 0; 0; 0; 0; 0; 0; 0; 0; 9999
1969;07; 0; 0; 0; 0; 0; 0; 0; 0; 0; 0; 0; 0; 16; 0; 0; 0; 0; 0; 0; 0; 0; 0; 0; 0; 0; 0; 0; 0; 0; 0; 0
1969;08; 0; 0; 4; 0; 0; 0; 33; 0; 0; 0; 0; 0; 0; 0; 0; 0; 0; 0; 0; 0; 0; 0; 0; 0; 0; 0; 0; 0; 0; 0; 0
1969;09; 0; 0; 0; 0; 0; 0; 0; 0; 0; 0; 0; 0; 0; 0; 0; 0; 0; 0; 0; 0; 50; 0; 0; 0; 0; 0; 0; 0; 0; 115; 9999
1969;10; 211; 0; 13; 134; 0; 94; 15; 0; 0; 94; 77; 0; 0; 0; 0; 0; 0; 45; 15; 276; 0; 0; 345; 26; 0; 0; 0; 34; 0; 0; 280
1969;11; 21; 0; 2; 0; 0; 47; 138; 200; 34; 383; 110; 150; 146; 514; 42; 45; 132; 5; 128; 3; 29; 1; 0; 0; 0; 0; 0; 0; 0; 30; 9999
1969;12; 164; 9; 0; 0; 0; 0; 0; 0; 0; 0; 50; 225; 60; 226; 28; 0; 0; 0; 0; 10; 0; 0; 1035; 21; 148; 0; 86; 0; 0; 0; 293
1970;01; 205; 39; 0; 28; 1; 7; 1; 0; 0; 202; 0; 4; 0; 0; 0; 349; 513; 16; 650; 64; 7; 0; 8; 0; 0; 0; 0; 0; 128; 142; 325
1970;02; 19; 25; 0; 0; 15; 64; 56; 153; 0; 8; 16; 2; 600; 12; 406; 56; 183; 397; 215; 2; 123; 300; 166; 56; 177; 0; 1; 5; 9999; 9999; 9999
1970;03; 27; 40; 0; 0; 0; 35; 0; 0; 0; 0; 3; 100; 227; 0; 0; 0; 23; 629; 64; 194; 0; 0; 15; 13; 0; 0; 21; 0; 0; 0; 0
1970;04; 66; 60; 83; 102; 0; 4; 0; 0; 0; 0; 0; 0; 0; 0; 0; 0; 0; 31; 2; 0; 35; 0; 0; 0; 2; 0; 0; 0; 0; 3; 9999
1970;05; 0; 0; 0; 52; 0; 0; 0; 133; 17; 0; 0; 0; 0; 0; 0; 0; 0; 0; 0; 0; 55; 3; 50; 0; 0; 0; 0; 0; 0; 0; 0
1970;06; 0; 0; 0; 0; 0; 0; 0; 0; 0; 0; 0; 0; 0; 0; 0; 0; 0; 0; 0; 0; 0; 0; 2; 190; 10; 0; 8; 0; 0; 0; 9999
1970;07; 0; 0; 3; 0; 0; 0; 0; 0; 0; 0; 38; 72; 108; 11; 0; 0; 0; 0; 0; 0; 0; 0; 0; 0; 0; 0; 0; 0; 0; 0; 0
1970;08; 0; 0; 0; 0; 0; 0; 0; 0; 0; 0; 0; 0; 0; 0; 0; 0; 0; 0; 0; 0; 0; 0; 0; 0; 0; 48; 18; 2; 1; 79; 78
1970;09; 5; 0; 0; 110; 0; 0; 75; 0; 0; 30; 28; 0; 0; 5; 0; 42; 0; 0; 0; 0; 0; 0; 13; 0; 0; 18; 0; 0; 150; 112; 9999
1970;10; 0; 150; 280; 27; 4; 0; 0; 0; 0; 0; 0; 0; 166; 0; 0; 0; 3; 0; 0; 64; 5; 352; 98; 0; 87; 0; 0; 0; 76; 130; 0
1970;11; 0; 0; 30; 0; 0; 0; 81; 110; 286; 0; 0; 674; 0; 0; 10; 0; 0; 0; 0; 13; 0; 50; 0; 0; 0; 0; 0; 3; 245; 125; 9999
1970;12; 15; 5; 0; 0; 0; 0; 0; 0; 0; 490; 20; 83; 0; 0; 0; 105; 166; 675; 3; 8; 103; 0; 0; 0; 0; 0; 45; 0; 0; 0; 34
1971;01; 61; 176; 0; 26; 155; 0; 5; 5; 0; 0; 0; 0; 112; 121; 72; 0; 0; 14; 207; 0; 370; 105; 13; 0; 0; 0; 0; 0; 0; 0; 0
1971;02; 0; 0; 0; 0; 0; 0; 575; 185; 29; 2; 367; 0; 0; 105; 115; 169; 0; 0; 0; 208; 9; 37; 0; 0; 4; 120; 43; 182; 9999; 9999; 9999
1971;03; 0; 0; 0; 0; 0; 159; 353; 0; 0; 44; 80; 285; 123; 0; 2; 0; 88; 0; 0; 204; 52; 67; 2; 98; 0; 403; 2; 362; 111; 0; 0
1971;04; 21; 0; 0; 0; 0; 0; 0; 0; 38; 0; 39; 0; 24; 25; 0; 0; 33; 0; 0; 0; 97; 0; 2; 16; 0; 0; 0; 0; 0; 0; 9999
1971;05; 0; 0; 180; 19; 290; 0; 0; 17; 1; 0; 0; 0; 0; 0; 0; 0; 0; 0; 0; 0; 0; 0; 0; 0; 0; 4; 94; 2; 0; 0; 0
1971;06; 0; 0; 0; 0; 0; 0; 0; 0; 0; 0; 6; 145; 175; 60; 0; 104; 6; 9; 98; 11; 0; 0; 0; 0; 0; 0; 0; 0; 0; 0; 9999
1971;07; 0; 0; 0; 0; 32; 1; 0; 0; 0; 0; 0; 0; 0; 0; 0; 0; 0; 0; 0; 0; 0; 0; 0; 0; 0; 0; 0; 0; 0; 262; 35
1971;08; 0; 0; 0; 0; 0; 0; 0; 0; 0; 0; 0; 0; 0; 0; 0; 0; 0; 0; 0; 0; 0; 0; 0; 0; 0; 0; 0; 0; 0; 0; 0
1971;09; 0; 0; 0; 0; 0; 0; 23; 0; 157; 0; 0; 336; 0; 0; 0; 0; 0; 0; 0; 0; 0; 0; 0; 0; 18; 4; 121; 0; 5; 0; 9999
1971;10; 205; 0; 0; 3; 0; 392; 600; 0; 0; 0; 32; 465; 1; 0; 0; 21; 105; 1; 0; 0; 0; 0; 0; 0; 4; 39; 0; 0; 236; 0; 0
1971;11; 13; 675; 1; 417; 0; 0; 0; 0; 0; 45; 0; 6; 0; 0; 0; 0; 0; 99; 21; 0; 0; 0; 3; 0; 84; 0; 25; 103; 0; 77; 9999
1971;12; 149; 0; 0; 375; 20; 0; 0; 238; 528; 3; 45; 368; 0; 0; 0; 0; 1; 0; 48; 4; 1; 0; 28; 300; 15; 56; 930; 38; 0; 0; 0
1972;01; 0; 241; 0; 1; 0; 0; 0; 310; 1; 98; 2; 33; 0; 4; 1; 0; 0; 5; 0; 8; 2; 66; 261; 222; 35; 56; 362; 0; 0; 328; 1
1972;02; 58; 100; 103; 15; 370; 115; 231; 22; 100; 226; 103; 5; 7; 30; 171; 65; 5; 0; 2; 295; 77; 70; 81; 0; 183; 80; 0; 270; 0; 9999; 9999
1972;03; 0; 0; 0; 0; 176; 220; 0; 0; 61; 65; 0; 315; 0; 0; 0; 0; 0; 1; 0; 25; 7; 5; 0; 137; 0; 204; 9; 49; 0; 0; 55
1972;04; 71; 0; 2; 154; 0; 0; 192; 75; 0; 0; 0; 0; 0; 0; 60; 52; 0; 0; 0; 0; 0; 0; 0; 0; 0; 0; 0; 6; 0; 0; 9999
1972;05; 0; 0; 0; 0; 0; 0; 0; 0; 0; 0; 0; 0; 0; 0; 0; 0; 0; 0; 0; 0; 0; 0; 141; 15; 277; 2; 1; 0; 0; 0; 0
1972;06; 0; 0; 0; 0; 0; 0; 0; 0; 0; 0; 0; 0; 0; 0; 0; 0; 0; 0; 0; 0; 0; 0; 0; 0; 0; 0; 0; 0; 0; 0; 9999
1972;07; 0; 0; 0; 0; 0; 0; 0; 335; 0; 22; 190; 1; 411; 17; 0; 94; 1; 0; 0; 0; 0; 0; 0; 0; 0; 0; 54; 0; 0; 0; 0
1972;08; 0; 0; 0; 0; 261; 225; 77; 1; 1; 1; 0; 0; 14; 0; 0; 0; 0; 0; 0; 0; 0; 0; 0; 0; 0; 0; 0; 0; 0; 39; 0
1972;09; 1; 11; 0; 0; 0; 0; 116; 0; 0; 0; 36; 66; 0; 2; 0; 0; 0; 0; 0; 0; 0; 0; 0; 3; 73; 48; 0; 237; 109; 4; 9999
1972;10; 24; 106; 20; 210; 310; 0; 38; 0; 0; 202; 405; 40; 0; 0; 352; 0; 0; 0; 0; 0; 0; 0; 0; 0; 0; 0; 5; 5; 0; 73; 1
1972;11; 186; 404; 85; 165; 183; 1; 0; 0; 102; 0; 4; 30; 232; 18; 5; 305; 2; 114; 185; 68; 0; 6; 138; 0; 48; 239; 82; 2; 0; 0; 9999
1972;12; 239; 3; 0; 2; 0; 0; 0; 0; 0; 0; 0; 60; 1; 0; 0; 0; 0; 103; 15; 147; 0; 100; 298; 160; 1; 43; 172; 2; 0; 0; 10
1973;01; 0; 438; 3; 0; 0; 0; 0; 0; 0; 0; 0; 2; 0; 0; 0; 6; 511; 71; 77; 1; 113; 110; 147; 0; 130; 0; 68; 0; 0; 0; 381
1973;02; 243; 1; 0; 11; 262; 28; 16; 1; 0; 0; 0; 0; 0; 10; 112; 45; 5; 0; 147; 6; 0; 10; 31; 0; 0; 37; 31; 0; 9999; 9999; 9999
1973;03; 0; 3; 0; 0; 83; 0; 0; 0; 182; 132; 52; 0; 0; 0; 0; 0; 11; 104; 252; 0; 65; 44; 0; 0; 0; 5; 0; 0; 0; 700; 104
1973;04; 189; 92; 264; 0; 0; 0; 0; 69; 0; 893; 590; 274; 432; 7; 0; 0; 0; 11; 94; 7; 18; 128; 133; 0; 1; 0; 0; 0; 0; 0; 9999
1973;05; 0; 0; 0; 0; 145; 621; 1; 0; 90; 49; 8; 38; 2; 2; 0; 0; 0; 0; 0; 0; 0; 203; 1; 0; 21; 5; 0; 0; 0; 0; 0
1973;06; 0; 0; 0; 0; 0; 0; 0; 0; 0; 0; 10; 54; 0; 0; 0; 0; 0; 0; 110; 0; 0; 0; 0; 0; 0; 2; 12; 93; 400; 2; 9999
1973;07; 0; 0; 5; 0; 0; 0; 0; 0; 0; 0; 0; 0; 0; 0; 0; 0; 0; 2; 21; 0; 0; 20; 0; 0; 0; 0; 0; 43; 21; 1; 1
1973;08; 0; 0; 0; 0; 0; 7; 0; 0; 0; 0; 0; 0; 0; 0; 0; 0; 0; 0; 0; 0; 0; 0; 0; 0; 0; 0; 0; 0; 0; 0; 0
1973;09; 0; 570; 24; 0; 0; 0; 0; 0; 0; 0; 19; 0; 0; 0; 0; 0; 0; 0; 0; 0; 0; 0; 0; 0; 0; 104; 0; 0; 0; 0; 9999
1973;10; 0; 0; 0; 0; 0; 0; 270; 0; 9; 8; 0; 5; 36; 4; 0; 0; 0; 0; 270; 2; 0; 0; 0; 0; 0; 210; 70; 87; 0; 0; 32
1973;11; 51; 149; 0; 0; 0; 0; 0; 0; 0; 33; 0; 143; 30; 65; 0; 0; 111; 516; 95; 19; 0; 0; 5; 6; 14; 20; 0; 3; 0; 0; 9999
1973;12; 82; 0; 0; 18; 179; 253; 13; 129; 243; 1; 1; 0; 0; 330; 0; 34; 12; 395; 56; 0; 278; 74; 0; 587; 330; 180; 10; 273; 92; 208; 180
1974;01; 55; 257; 0; 1; 0; 0; 12; 2; 1; 0; 114; 0; 367; 180; 8; 240; 426; 165; 1; 0; 0; 135; 66; 0; 0; 87; 72; 3; 67; 1; 195
1974;02; 6; 29; 337; 2; 0; 0; 50; 0; 0; 0; 65; 0; 0; 460; 1; 20; 0; 6; 0; 0; 410; 0; 0; 0; 0; 0; 0; 0; 9999; 9999; 9999
1974;03; 0; 0; 0; 42; 6; 305; 428; 0; 23; 24; 143; 397; 99; 10; 258; 0; 0; 464; 382; 376; 457; 82; 3; 94; 10; 5; 0; 41; 1; 0; 0
1974;04; 43; 0; 25; 0; 0; 0; 161; 0; 0; 8; 1; 69; 96; 153; 1; 0; 20; 1; 0; 0; 0; 0; 0; 0; 3; 4; 0; 0; 0; 0; 9999
1974;05; 50; 0; 0; 0; 0; 0; 0; 0; 0; 0; 0; 0; 9; 0; 0; 0; 735; 0; 0; 0; 0; 0; 0; 0; 0; 0; 0; 0; 0; 0; 0
1974;06; 0; 0; 0; 25; 51; 2; 0; 0; 0; 0; 0; 0; 13; 10; 0; 0; 0; 0; 0; 0; 0; 170; 0; 0; 86; 253; 51; 1; 0; 0; 9999
1974;07; 0; 0; 0; 0; 0; 0; 0; 0; 0; 0; 0; 0; 0; 0; 0; 0; 0; 0; 0; 0; 0; 0; 0; 0; 0; 0; 0; 0; 0; 0; 0
1974;08; 0; 0; 0; 0; 0; 0; 0; 0; 0; 0; 0; 0; 20; 1; 0; 1; 0; 0; 0; 0; 0; 0; 0; 0; 0; 0; 0; 0; 0; 0; 0
1974;09; 0; 0; 0; 85; 0; 0; 0; 0; 0; 0; 0; 0; 0; 0; 0; 0; 0; 0; 0; 0; 18; 0; 0; 0; 0; 0; 130; 2; 5; 0; 9999
1974;10; 200; 4; 0; 0; 165; 0; 0; 0; 2; 20; 0; 0; 0; 0; 0; 0; 343; 0; 30; 0; 0; 2; 0; 0; 14; 356; 0; 6; 5; 235; 14
1974;11; 0; 0; 0; 0; 0; 5; 0; 0; 0; 0; 0; 0; 32; 0; 0; 0; 0; 0; 0; 0; 420; 120; 54; 0; 0; 0; 0; 245; 15; 0; 9999
1974;12; 29; 1; 40; 302; 226; 368; 24; 0; 0; 0; 0; 245; 11; 361; 129; 16; 192; 342; 204; 245; 180; 145; 60; 140; 90; 0; 31; 25; 3; 20; 41
1975;01; 335; 82; 0; 0; 0; 0; 305; 75; 40; 0; 24; 45; 125; 133; 0; 0; 0; 0; 2; 138; 20; 0; 0; 0; 0; 38; 0; 0; 115; 8; 76
1975;02; 0; 0; 80; 322; 2; 366; 275; 175; 103; 82; 0; 1; 0; 0; 0; 0; 0; 0; 0; 2; 0; 0; 360; 8; 3; 14; 0; 0; 9999; 9999; 9999
1975;03; 57; 0; 0; 1; 0; 0; 0; 0; 37; 249; 0; 0; 0; 0; 0; 50; 35; 0; 5; 0; 11; 76; 6; 117; 0; 0; 0; 0; 0; 0; 0
1975;04; 274; 0; 3; 0; 0; 0; 0; 0; 0; 30; 100; 5; 1; 0; 0; 280; 0; 1; 0; 0; 0; 0; 0; 0; 0; 0; 0; 0; 0; 0; 9999
1975;05; 40; 0; 0; 0; 0; 0; 0; 8; 0; 0; 0; 0; 0; 0; 0; 0; 0; 2; 0; 0; 0; 0; 0; 0; 0; 0; 0; 0; 0; 0; 0
1975;06; 0; 0; 0; 0; 0; 0; 0; 0; 0; 0; 0; 0; 0; 0; 0; 0; 0; 0; 0; 0; 0; 0; 0; 0; 0; 2; 0; 0; 35; 15; 9999
1975;07; 0; 0; 0; 95; 0; 10; 0; 0; 0; 0; 0; 0; 0; 0; 0; 0; 0; 6; 0; 0; 0; 0; 0; 0; 0; 0; 0; 0; 0; 0; 0
1975;08; 0; 0; 0; 0; 0; 0; 0; 0; 0; 0; 0; 0; 0; 0; 0; 0; 0; 0; 0; 0; 0; 0; 0; 0; 0; 0; 0; 0; 0; 0; 0
1975;09; 0; 0; 0; 0; 0; 0; 0; 0; 0; 0; 0; 0; 0; 0; 0; 0; 0; 0; 0; 0; 0; 0; 0; 32; 0; 25; 35; 125; 0; 20; 9999
1975;10; 251; 0; 40; 0; 0; 63; 0; 74; 0; 0; 0; 12; 0; 208; 25; 5; 0; 33; 385; 2; 0; 0; 0; 0; 0; 2; 0; 5; 0; 7; 383
1975;11; 0; 3; 5; 0; 2; 0; 220; 0; 0; 105; 11; 264; 2; 0; 0; 0; 40; 463; 106; 128; 735; 2; 0; 8; 844; 351; 358; 381; 90; 122; 9999
1975;12; 204; 3; 0; 25; 0; 0; 0; 430; 75; 0; 0; 3; 20; 40; 20; 3; 20; 26; 40; 0; 0; 0; 289; 5; 223; 195; 0; 55; 45; 32; 128
1976;01; 0; 60; 25; 120; 335; 0; 40; 2; 0; 0; 0; 0; 0; 0; 0; 158; 0; 0; 0; 0; 2; 228; 22; 1; 0; 0; 83; 124; 42; 0; 0
1976;02; 70; 440; 202; 33; 0; 95; 117; 318; 10; 0; 0; 0; 0; 0; 0; 144; 140; 110; 440; 24; 6; 127; 316; 72; 82; 877; 378; 34; 3; 9999; 9999
1976;03; 22; 99; 65; 40; 1; 0; 2; 45; 19; 0; 17; 7; 0; 28; 17; 17; 330; 0; 4; 104; 4; 112; 2; 0; 14; 155; 25; 94; 0; 0; 0
1976;04; 0; 0; 0; 0; 0; 0; 0; 0; 0; 96; 12; 264; 277; 206; 94; 0; 0; 0; 0; 0; 0; 0; 50; 0; 0; 0; 0; 0; 0; 0; 9999
1976;05; 0; 0; 0; 0; 254; 17; 0; 0; 0; 50; 0; 8; 2; 0; 0; 28; 17; 0; 21; 35; 14; 23; 0; 0; 0; 2; 0; 0; 523; 20; 0
1976;06; 2; 1; 0; 0; 42; 130; 0; 0; 0; 0; 0; 0; 0; 0; 0; 0; 0; 0; 0; 0; 0; 0; 0; 0; 0; 0; 0; 0; 0; 0; 9999
1976;07; 0; 0; 875; 237; 0; 0; 0; 0; 0; 110; 0; 0; 0; 0; 2; 0; 0; 0; 0; 0; 0; 0; 0; 0; 0; 0; 0; 0; 0; 0; 0
1976;08; 0; 0; 0; 0; 0; 14; 0; 0; 0; 128; 0; 0; 44; 655; 8; 0; 0; 0; 0; 210; 115; 0; 0; 0; 0; 0; 0; 0; 0; 0; 0
1976;09; 0; 0; 0; 0; 2; 127; 14; 0; 0; 0; 0; 0; 2; 732; 43; 340; 3; 0; 0; 0; 235; 0; 53; 0; 0; 0; 179; 241; 13; 0; 9999
1976;10; 0; 0; 0; 0; 0; 20; 0; 0; 250; 142; 0; 0; 0; 0; 0; 0; 0; 97; 24; 246; 5; 0; 3; 0; 502; 136; 5; 0; 0; 270; 0
1976;11; 227; 0; 5; 0; 125; 179; 0; 0; 0; 5; 5; 0; 159; 0; 73; 0; 137; 5; 0; 215; 154; 105; 0; 0; 0; 24; 0; 0; 0; 0; 9999
1976;12; 0; 169; 27; 0; 0; 4; 0; 73; 64; 92; 29; 5; 0; 0; 50; 37; 170; 0; 0; 0; 54; 402; 203; 188; 78; 553; 300; 776; 63; 0; 17
1977;01; 0; 0; 8; 0; 79; 30; 248; 57; 0; 0; 0; 0; 0; 0; 0; 0; 20; 3; 155; 238; 65; 0; 170; 315; 252; 82; 45; 4; 0; 170; 403
1977;02; 180; 3; 0; 250; 0; 0; 0; 0; 0; 0; 0; 10; 0; 0; 0; 31; 0; 0; 0; 0; 22; 0; 0; 12; 0; 0; 0; 0; 9999; 9999; 9999
1977;03; 0; 0; 0; 0; 91; 31; 60; 2; 260; 0; 0; 0; 0; 0; 5; 0; 0; 0; 210; 0; 105; 85; 0; 255; 23; 0; 13; 0; 223; 36; 33
1977;04; 0; 16; 0; 88; 392; 0; 0; 0; 195; 184; 23; 31; 110; 0; 0; 0; 0; 0; 0; 475; 3; 360; 1; 0; 0; 0; 0; 0; 0; 0; 9999
1977;05; 0; 0; 0; 0; 0; 0; 0; 0; 0; 0; 0; 0; 0; 0; 0; 0; 27; 0; 0; 0; 0; 0; 0; 0; 0; 0; 0; 0; 0; 0; 0
1977;06; 0; 215; 0; 25; 102; 68; 0; 0; 0; 0; 10; 0; 0; 0; 21; 3; 0; 0; 0; 0; 0; 0; 0; 0; 51; 0; 0; 0; 0; 0; 9999
1977;07; 0; 0; 0; 0; 0; 0; 0; 0; 0; 0; 0; 0; 0; 0; 0; 0; 0; 0; 2; 0; 0; 0; 0; 0; 30; 0; 0; 0; 0; 0; 0
1977;08; 0; 0; 0; 0; 0; 0; 0; 0; 0; 0; 0; 0; 0; 0; 0; 0; 0; 0; 0; 0; 0; 0; 0; 0; 0; 0; 0; 0; 0; 555; 84
1977;09; 89; 112; 20; 0; 0; 0; 300; 3; 0; 0; 0; 0; 0; 0; 0; 0; 0; 0; 20; 0; 75; 0; 110; 80; 46; 0; 0; 0; 0; 0; 9999
1977;10; 0; 175; 0; 0; 210; 318; 0; 0; 0; 0; 0; 0; 0; 0; 50; 0; 0; 2; 3; 7; 0; 0; 0; 0; 0; 0; 100; 597; 20; 0; 0
1977;11; 0; 61; 0; 0; 0; 0; 200; 0; 0; 0; 3; 25; 284; 82; 448; 202; 138; 270; 210; 220; 26; 6; 44; 50; 84; 3; 0; 0; 0; 482; 9999
1977;12; 140; 352; 154; 51; 30; 199; 0; 3; 0; 382; 184; 0; 0; 0; 4; 80; 0; 0; 437; 230; 30; 10; 13; 188; 0; 0; 0; 0; 0; 0; 4
1978;01; 130; 55; 340; 352; 3; 4; 550; 62; 170; 37; 35; 164; 405; 161; 2; 0; 343; 0; 0; 3; 0; 353; 0; 0; 0; 0; 0; 11; 0; 0; 140
1978;02; 0; 0; 0; 0; 0; 375; 0; 244; 0; 0; 0; 30; 174; 0; 15; 129; 0; 3; 0; 0; 131; 194; 45; 0; 0; 33; 18; 92; 9999; 9999; 9999
1978;03; 71; 0; 41; 230; 0; 0; 13; 421; 470; 532; 65; 0; 0; 257; 29; 0; 0; 23; 0; 0; 0; 0; 0; 0; 257; 0; 0; 0; 0; 64; 0
1978;04; 0; 8; 171; 18; 0; 0; 0; 0; 0; 0; 0; 0; 0; 0; 0; 0; 0; 390; 0; 0; 0; 14; 374; 17; 0; 0; 0; 0; 0; 0; 9999
1978;05; 0; 0; 0; 0; 0; 0; 0; 0; 0; 0; 0; 0; 0; 0; 10; 0; 225; 202; 152; 70; 93; 0; 283; 0; 0; 0; 3; 39; 8; 554; 16
1978;06; 0; 0; 0; 13; 0; 0; 0; 0; 270; 0; 0; 0; 0; 0; 0; 0; 0; 0; 0; 0; 0; 0; 0; 0; 0; 0; 0; 0; 0; 0; 9999
1978;07; 0; 0; 0; 0; 0; 0; 0; 0; 0; 0; 0; 0; 0; 0; 0; 282; 18; 24; 0; 5; 87; 19; 2; 0; 0; 0; 0; 0; 0; 0; 0
1978;08; 0; 0; 0; 0; 0; 0; 0; 0; 0; 0; 0; 0; 0; 0; 0; 0; 0; 0; 0; 0; 0; 0; 0; 0; 0; 0; 0; 0; 0; 0; 0
1978;09; 0; 0; 0; 0; 0; 94; 0; 27; 0; 0; 0; 0; 3; 0; 2; 0; 0; 39; 0; 0; 0; 0; 0; 0; 0; 0; 0; 0; 0; 0; 9999
1978;10; 0; 0; 0; 0; 0; 0; 0; 0; 0; 0; 20; 0; 0; 175; 100; 0; 144; 0; 170; 170; 0; 0; 0; 0; 0; 0; 0; 0; 44; 10; 550
1978;11; 210; 0; 154; 469; 15; 255; 0; 0; 0; 6; 990; 68; 276; 0; 0; 0; 335; 0; 0; 4; 16; 9; 0; 414; 50; 138; 196; 89; 5; 0; 9999
1978;12; 0; 0; 3; 10; 8; 0; 32; 43; 150; 110; 229; 0; 23; 20; 22; 221; 90; 100; 0; 0; 0; 0; 0; 35; 0; 33; 345; 182; 325; 38; 0
1979;01; 0; 0; 18; 56; 113; 80; 0; 0; 3; 0; 0; 323; 89; 0; 0; 0; 0; 0; 0; 100; 897; 95; 0; 0; 0; 21; 0; 90; 100; 214; 0
1979;02; 0; 0; 0; 203; 0; 0; 0; 0; 59; 0; 10; 82; 225; 258; 293; 0; 0; 165; 3; 0; 0; 0; 25; 0; 0; 0; 441; 0; 9999; 9999; 9999
1979;03; 0; 0; 41; 0; 0; 133; 0; 0; 56; 0; 167; 33; 454; 0; 220; 0; 0; 0; 0; 80; 0; 0; 0; 180; 81; 0; 0; 0; 0; 0; 0
1979;04; 0; 0; 0; 403; 94; 4; 0; 0; 0; 0; 0; 0; 0; 0; 22; 0; 0; 0; 0; 0; 0; 3; 0; 0; 0; 0; 0; 0; 79; 100; 9999
1979;05; 140; 86; 0; 50; 124; 0; 5; 0; 0; 0; 0; 0; 0; 0; 0; 0; 0; 0; 0; 0; 0; 0; 0; 0; 0; 0; 0; 0; 0; 400; 0
1979;06; 0; 0; 0; 0; 0; 0; 0; 0; 0; 0; 0; 0; 0; 0; 0; 0; 0; 0; 0; 0; 0; 0; 0; 0; 0; 0; 0; 0; 0; 0; 9999
1979;07; 0; 0; 0; 0; 0; 0; 0; 0; 0; 0; 0; 0; 0; 0; 0; 0; 0; 0; 0; 250; 0; 0; 3; 82; 68; 0; 9; 0; 0; 0; 0
1979;08; 0; 0; 0; 0; 0; 0; 0; 0; 0; 0; 0; 0; 0; 0; 0; 0; 0; 0; 200; 98; 0; 0; 0; 0; 0; 0; 43; 0; 0; 0; 0
1979;09; 0; 0; 0; 7; 284; 0; 0; 0; 0; 3; 54; 27; 0; 140; 588; 56; 0; 2; 0; 0; 0; 0; 225; 3; 0; 0; 0; 0; 0; 0; 9999
1979;10; 106; 0; 0; 0; 14; 0; 0; 0; 98; 0; 0; 130; 255; 374; 347; 134; 0; 0; 0; 0; 0; 0; 0; 0; 0; 0; 0; 0; 1; 0; 0
1979;11; 139; 100; 995; 203; 8; 0; 0; 282; 342; 164; 27; 2; 0; 22; 2; 0; 0; 0; 60; 0; 0; 0; 92; 9; 0; 110; 5; 0; 0; 0; 9999
1979;12; 0; 0; 119; 155; 45; 0; 0; 70; 0; 57; 100; 70; 150; 184; 70; 18; 2; 0; 0; 166; 3; 0; 856; 262; 395; 57; 157; 25; 0; 2; 5
1980;01; 30; 0; 0; 0; 0; 293; 0; 94; 100; 13; 3; 760; 0; 116; 25; 50; 13; 505; 100; 58; 55; 15; 9; 139; 110; 52; 180; 5; 16; 0; 150
1980;02; 70; 205; 0; 0; 0; 0; 0; 596; 20; 0; 370; 32; 35; 30; 20; 6; 30; 90; 190; 5; 0; 0; 0; 170; 131; 166; 111; 120; 64; 9999; 9999
1980;03; 3; 0; 0; 2; 0; 0; 1; 0; 47; 0; 0; 0; 35; 310; 0; 10; 61; 0; 0; 3; 0; 0; 0; 0; 0; 0; 0; 0; 0; 0; 0
1980;04; 0; 10; 68; 180; 393; 135; 0; 0; 0; 90; 180; 0; 425; 178; 403; 8; 0; 0; 0; 0; 0; 0; 0; 0; 0; 0; 0; 0; 0; 0; 9999
1980;05; 15; 3; 87; 25; 0; 0; 0; 0; 0; 0; 0; 3; 0; 0; 0; 0; 16; 0; 0; 0; 0; 0; 1; 0; 0; 0; 0; 0; 0; 0; 0
1980;06; 0; 2; 2; 8; 0; 0; 0; 0; 0; 0; 0; 0; 0; 0; 2; 0; 0; 0; 0; 0; 0; 0; 0; 0; 49; 700; 108; 1; 0; 0; 9999
1980;07; 0; 0; 0; 0; 0; 0; 0; 0; 0; 0; 0; 0; 0; 0; 0; 0; 0; 0; 0; 0; 0; 0; 0; 0; 0; 0; 0; 0; 0; 0; 0
1980;08; 2; 0; 0; 0; 0; 0; 2; 0; 0; 0; 0; 0; 3; 5; 0; 0; 0; 3; 0; 0; 0; 0; 0; 0; 0; 4; 5; 0; 0; 0; 0
1980;09; 0; 0; 0; 0; 0; 0; 0; 0; 0; 0; 0; 0; 270; 0; 0; 5; 3; 10; 137; 0; 430; 100; 12; 0; 0; 5; 0; 165; 3; 0; 9999
1980;10; 0; 0; 0; 0; 0; 0; 0; 0; 111; 0; 40; 253; 18; 0; 0; 0; 8; 0; 0; 0; 0; 0; 0; 0; 0; 0; 0; 0; 0; 0; 175
1980;11; 5; 7; 0; 0; 38; 0; 40; 362; 124; 594; 89; 3; 11; 0; 0; 0; 0; 0; 0; 274; 0; 0; 7; 412; 0; 17; 0; 12; 0; 97; 9999
1980;12; 754; 171; 93; 0; 116; 67; 0; 48; 0; 46; 0; 113; 52; 44; 49; 0; 0; 0; 0; 0; 0; 284; 3; 28; 154; 178; 58; 93; 112; 44; 47
1981;01; 0; 0; 5; 15; 0; 0; 210; 14; 0; 66; 235; 245; 107; 197; 160; 293; 47; 0; 8; 0; 22; 154; 0; 0; 44; 650; 25; 3; 0; 3; 0
1981;02; 4; 256; 42; 0; 0; 0; 0; 835; 22; 151; 183; 0; 18; 0; 0; 0; 0; 0; 0; 2; 5; 0; 0; 0; 0; 0; 0; 0; 9999; 9999; 9999
1981;03; 0; 0; 0; 10; 70; 0; 85; 97; 5; 0; 0; 0; 0; 0; 0; 8; 95; 250; 50; 0; 30; 0; 0; 0; 0; 0; 80; 356; 83; 0; 0
1981;04; 0; 0; 30; 0; 47; 0; 47; 6; 0; 0; 0; 0; 0; 0; 0; 2; 3; 0; 0; 0; 0; 0; 0; 2; 3; 0; 0; 129; 2; 9; 9999
1981;05; 0; 0; 0; 0; 0; 0; 0; 0; 0; 0; 0; 0; 0; 0; 0; 0; 0; 0; 0; 0; 155; 0; 0; 32; 0; 0; 0; 0; 0; 0; 0
1981;06; 0; 0; 0; 0; 0; 0; 290; 0; 0; 0; 0; 0; 0; 0; 0; 0; 100; 0; 9; 0; 3; 0; 0; 0; 0; 0; 0; 0; 0; 0; 9999
1981;07; 0; 0; 0; 0; 0; 0; 0; 0; 0; 0; 0; 0; 0; 0; 0; 0; 0; 0; 0; 0; 0; 0; 0; 0; 0; 0; 0; 0; 0; 0; 0
1981;08; 0; 0; 0; 0; 0; 0; 0; 0; 0; 0; 0; 0; 0; 0; 0; 0; 0; 20; 0; 0; 0; 0; 0; 0; 0; 0; 0; 0; 0; 0; 0
1981;09; 0; 0; 0; 0; 0; 0; 0; 0; 0; 0; 0; 0; 0; 0; 0; 0; 0; 0; 0; 0; 0; 0; 0; 2; 0; 180; 5; 0; 0; 12; 9999
1981;10; 0; 0; 177; 14; 0; 0; 35; 0; 0; 0; 0; 36; 102; 0; 0; 525; 2; 0; 2; 910; 130; 0; 0; 0; 0; 0; 425; 3; 0; 90; 0
1981;11; 7; 0; 55; 132; 25; 0; 0; 0; 20; 175; 125; 9; 395; 18; 0; 0; 14; 2; 300; 400; 18; 0; 31; 0; 146; 10; 0; 0; 0; 2; 9999
1981;12; 2; 430; 114; 8; 350; 27; 190; 137; 223; 240; 2; 22; 0; 7; 9; 69; 33; 25; 0; 2; 0; 0; 0; 4; 17; 0; 0; 206; 2; 0; 100
1982;01; 0; 2; 371; 128; 0; 0; 0; 0; 11; 780; 12; 476; 608; 2; 0; 0; 0; 378; 0; 8; 80; 0; 143; 349; 45; 0; 74; 34; 255; 85; 54
1982;02; 247; 578; 0; 0; 123; 229; 321; 0; 0; 0; 0; 0; 0; 0; 0; 0; 0; 0; 30; 0; 0; 0; 0; 14; 17; 25; 162; 231; 9999; 9999; 9999
1982;03; 0; 98; 3; 772; 0; 0; 0; 25; 27; 395; 702; 15; 70; 67; 0; 135; 103; 41; 0; 0; 327; 243; 351; 0; 0; 0; 29; 0; 0; 240; 2
1982;04; 0; 26; 121; 0; 0; 0; 0; 0; 0; 0; 108; 0; 0; 69; 220; 9; 2; 0; 0; 0; 0; 0; 0; 0; 0; 0; 0; 0; 0; 0; 9999
1982;05; 42; 0; 0; 0; 0; 0; 0; 0; 0; 0; 0; 0; 0; 0; 0; 0; 0; 0; 26; 0; 0; 0; 0; 0; 241; 316; 2; 0; 0; 0; 105
1982;06; 0; 0; 0; 0; 103; 11; 0; 0; 0; 0; 0; 0; 72; 0; 0; 2; 13; 7; 0; 0; 0; 0; 0; 24; 28; 0; 0; 0; 0; 95; 9999
1982;07; 0; 0; 0; 0; 0; 0; 0; 0; 0; 0; 0; 0; 0; 37; 3; 0; 0; 0; 140; 0; 0; 0; 0; 0; 0; 0; 0; 0; 0; 7; 25
1982;08; 0; 0; 0; 0; 0; 2; 87; 0; 0; 0; 152; 15; 0; 0; 0; 0; 0; 0; 0; 0; 0; 0; 0; 105; 0; 0; 41; 94; 0; 0; 0
1982;09; 0; 0; 0; 23; 0; 0; 0; 0; 0; 0; 0; 0; 0; 0; 0; 0; 0; 0; 0; 4; 0; 0; 31; 0; 0; 0; 17; 235; 3; 0; 9999
1982;10; 0; 6; 435; 7; 0; 0; 54; 25; 67; 3; 787; 0; 2; 114; 0; 0; 0; 30; 223; 0; 256; 3; 0; 39; 0; 3; 61; 207; 30; 4; 37
1982;11; 0; 0; 0; 0; 0; 262; 45; 0; 0; 106; 0; 246; 0; 2; 90; 103; 56; 13; 0; 0; 94; 9; 0; 311; 0; 0; 0; 0; 137; 0; 9999
1982;12; 5; 0; 124; 6; 0; 107; 48; 100; 3; 531; 166; 18; 3; 97; 0; 182; 405; 123; 56; 0; 29; 2; 47; 400; 0; 1; 10; 11; 5; 60; 7
1983;01; 129; 0; 0; 93; 21; 160; 286; 14; 3; 40; 0; 0; 55; 333; 122; 215; 214; 230; 385; 198; 90; 87; 0; 33; 0; 187; 205; 0; 0; 0; 55
1983;02; 355; 300; 970; 59; 16; 0; 233; 50; 69; 209; 7; 383; 0; 43; 0; 0; 0; 0; 100; 22; 0; 0; 0; 4; 0; 0; 0; 371; 9999; 9999; 9999
1983;03; 0; 197; 0; 76; 455; 357; 153; 112; 0; 0; 0; 0; 142; 0; 0; 0; 0; 15; 265; 128; 75; 30; 0; 0; 0; 145; 0; 51; 0; 0; 0
1983;04; 11; 7; 133; 0; 0; 53; 295; 20; 0; 0; 86; 133; 33; 0; 0; 0; 0; 0; 0; 0; 15; 120; 0; 0; 318; 393; 0; 0; 0; 0; 9999
1983;05; 0; 0; 0; 0; 0; 0; 0; 0; 0; 0; 0; 0; 0; 9; 0; 0; 0; 0; 0; 122; 61; 0; 133; 151; 17; 0; 0; 0; 248; 104; 391
1983;06; 31; 350; 3; 2; 20; 0; 102; 2; 0; 2; 0; 3; 0; 0; 0; 0; 0; 0; 0; 0; 0; 0; 0; 0; 0; 0; 0; 0; 0; 0; 9999
1983;07; 0; 0; 0; 0; 0; 0; 0; 0; 0; 0; 0; 0; 0; 0; 0; 0; 0; 60; 186; 140; 89; 0; 0; 0; 0; 0; 0; 0; 0; 0; 0
1983;08; 0; 0; 0; 0; 0; 0; 0; 0; 0; 0; 0; 0; 0; 0; 0; 0; 0; 0; 0; 0; 0; 0; 0; 0; 0; 0; 0; 0; 0; 0; 0
1983;09; 0; 0; 0; 0; 0; 125; 333; 370; 5; 0; 38; 50; 5; 0; 0; 30; 60; 0; 428; 122; 0; 0; 0; 637; 11; 0; 0; 0; 0; 0; 9999
1983;10; 0; 64; 0; 8; 2; 0; 70; 429; 0; 0; 0; 14; 707; 273; 278; 0; 0; 177; 105; 4; 0; 217; 305; 471; 5; 0; 0; 9; 0; 0; 214
1983;11; 15; 0; 15; 149; 367; 0; 0; 0; 0; 47; 123; 320; 47; 100; 370; 77; 0; 0; 0; 143; 45; 57; 3; 0; 0; 0; 0; 0; 114; 117; 9999
1983;12; 0; 35; 105; 0; 0; 0; 0; 0; 87; 122; 65; 127; 4; 167; 207; 557; 0; 0; 0; 0; 143; 6; 204; 17; 54; 3; 0; 78; 128; 187; 5
1984;01; 0; 365; 4; 0; 0; 0; 0; 71; 212; 0; 117; 0; 0; 0; 0; 0; 0; 2; 0; 0; 6; 685; 12; 104; 168; 265; 158; 112; 4; 0; 0
1984;02; 0; 83; 0; 0; 0; 0; 0; 135; 0; 2; 45; 320; 0; 0; 35; 221; 81; 0; 65; 56; 46; 0; 0; 0; 106; 8; 0; 0; 0; 9999; 9999
1984;03; 0; 0; 0; 10; 14; 89; 46; 281; 71; 0; 4; 0; 0; 0; 0; 0; 25; 0; 6; 0; 24; 79; 0; 0; 0; 0; 1; 0; 0; 0; 9999
1984;04; 0; 0; 29; 65; 5; 0; 0; 615; 38; 11; 0; 0; 0; 0; 0; 3; 1; 0; 47; 0; 149; 208; 0; 0; 0; 0; 0; 0; 665; 147; 9999
1984;05; 40; 60; 212; 0; 0; 0; 0; 0; 31; 0; 0; 0; 0; 209; 27; 0; 2; 338; 0; 0; 0; 0; 0; 0; 0; 0; 0; 0; 0; 0; 0
1984;06; 0; 0; 0; 0; 0; 0; 0; 0; 0; 0; 0; 0; 0; 0; 0; 0; 0; 0; 0; 0; 0; 0; 0; 0; 0; 0; 0; 0; 0; 0; 9999
1984;07; 0; 0; 0; 0; 0; 0; 0; 0; 0; 0; 0; 0; 0; 0; 0; 0; 0; 0; 0; 0; 0; 0; 0; 0; 0; 0; 0; 0; 50; 0; 0
1984;08; 0; 0; 44; 41; 0; 0; 0; 0; 0; 0; 0; 0; 0; 0; 0; 0; 0; 0; 0; 0; 113; 0; 112; 0; 2; 26; 0; 0; 0; 0; 170
1984;09; 0; 0; 0; 0; 0; 0; 38; 9; 119; 0; 0; 0; 0; 0; 0; 0; 98; 0; 0; 0; 292; 0; 0; 0; 0; 21; 285; 0; 0; 0; 9999
1984;10; 0; 0; 0; 0; 0; 0; 0; 2; 0; 0; 0; 0; 0; 50; 88; 135; 0; 145; 72; 21; 0; 0; 0; 0; 0; 0; 0; 0; 0; 0; 0
1984;11; 0; 0; 0; 0; 0; 14; 0; 0; 0; 6; 0; 146; 85; 0; 0; 0; 1065; 55; 17; 0; 355; 0; 0; 0; 277; 505; 29; 2; 0; 113; 9999
1984;12; 2; 659; 0; 0; 11; 35; 1; 3; 20; 0; 0; 236; 37; 352; 585; 43; 41; 180; 0; 0; 0; 0; 0; 0; 0; 0; 457; 0; 486; 0; 79
1985;01; 40; 73; 0; 0; 443; 0; 41; 86; 457; 0; 0; 0; 293; 30; 2; 23; 215; 98; 471; 567; 389; 21; 9; 166; 220; 537; 247; 6; 0; 0; 605
1985;02; 108; 0; 165; 0; 0; 0; 0; 0; 448; 0; 2; 0; 36; 0; 0; 0; 0; 12; 0; 0; 0; 0; 0; 69; 5; 147; 104; 24; 9999; 9999; 9999
1985;03; 442; 256; 97; 4; 265; 69; 7; 51; 2; 4; 21; 206; 2; 0; 0; 505; 35; 227; 82; 0; 7; 0; 0; 0; 0; 0; 0; 70; 0; 52; 0
1985;04; 57; 9; 35; 167; 1; 30; 0; 0; 0; 95; 0; 0; 7; 0; 20; 3; 49; 250; 0; 0; 0; 0; 0; 0; 0; 25; 0; 0; 0; 0; 9999
1985;05; 0; 0; 0; 0; 0; 0; 0; 0; 0; 0; 0; 0; 0; 0; 0; 0; 0; 0; 0; 0; 0; 33; 0; 0; 0; 0; 0; 0; 0; 0; 0
1985;06; 0; 0; 4; 5; 0; 0; 0; 0; 0; 0; 0; 0; 0; 0; 0; 0; 0; 0; 0; 0; 0; 0; 0; 0; 0; 0; 0; 0; 0; 0; 9999
1985;07; 0; 0; 0; 0; 0; 0; 2; 0; 0; 0; 0; 0; 0; 0; 0; 0; 0; 0; 0; 0; 0; 0; 0; 0; 0; 0; 0; 0; 0; 0; 0
1985;08; 0; 0; 0; 0; 0; 0; 0; 0; 0; 0; 0; 0; 0; 0; 0; 0; 0; 0; 0; 0; 0; 4; 0; 0; 0; 0; 0; 0; 0; 0; 0
1985;09; 110; 8; 0; 0; 0; 0; 0; 0; 0; 0; 0; 0; 0; 0; 0; 0; 0; 0; 0; 0; 0; 0; 0; 49; 0; 0; 0; 0; 0; 17; 9999
1985;10; 0; 0; 0; 0; 0; 0; 0; 2; 0; 0; 83; 0; 0; 0; 0; 0; 0; 40; 37; 0; 3; 0; 0; 0; 0; 0; 55; 0; 209; 0; 0
1985;11; 60; 368; 182; 366; 90; 0; 0; 0; 0; 0; 0; 60; 0; 0; 0; 0; 0; 0; 5; 200; 300; 72; 55; 11; 90; 210; 210; 35; 0; 0; 9999
1985;12; 0; 0; 308; 343; 0; 0; 0; 0; 0; 0; 0; 0; 0; 0; 116; 130; 0; 95; 0; 0; 5; 335; 0; 14; 22; 122; 525; 71; 0; 0; 0
1986;01; 0; 2; 84; 0; 28; 399; 21; 12; 172; 183; 18; 570; 500; 25; 12; 55; 0; 0; 56; 0; 0; 18; 0; 118; 0; 0; 70; 140; 0; 0; 0
1986;02; 0; 0; 24; 28; 0; 0; 8; 0; 0; 112; 0; 2; 0; 0; 177; 70; 18; 320; 275; 173; 20; 0; 0; 0; 0; 0; 2; 50; 9999; 9999; 9999
1986;03; 0; 0; 40; 42; 409; 5; 69; 8; 0; 40; 0; 0; 0; 0; 75; 28; 200; 0; 143; 12; 0; 15; 0; 65; 0; 45; 0; 0; 122; 196; 0
1986;04; 0; 0; 0; 0; 0; 0; 0; 355; 62; 0; 0; 0; 0; 53; 250; 220; 0; 0; 0; 0; 0; 8; 0; 0; 4; 108; 1; 0; 0; 0; 9999
1986;05; 0; 0; 0; 0; 0; 0; 0; 155; 224; 55; 12; 0; 445; 167; 0; 0; 0; 0; 180; 0; 0; 0; 0; 0; 0; 0; 0; 0; 0; 0; 145
1986;06; 3; 0; 0; 0; 0; 0; 0; 0; 0; 0; 0; 0; 0; 0; 0; 0; 0; 0; 0; 0; 0; 0; 0; 0; 0; 0; 0; 0; 0; 0; 9999
1986;07; 0; 0; 0; 3; 14; 0; 0; 0; 0; 0; 0; 0; 0; 0; 0; 0; 0; 0; 0; 0; 0; 0; 183; 227; 2; 0; 0; 0; 0; 0; 9
1986;08; 0; 0; 0; 0; 0; 0; 0; 0; 0; 0; 0; 12; 0; 20; 162; 132; 47; 0; 0; 0; 0; 15; 277; 21; 72; 48; 0; 0; 0; 0; 0
1986;09; 0; 0; 1; 0; 0; 0; 40; 0; 0; 0; 0; 0; 0; 0; 0; 0; 0; 0; 0; 0; 0; 0; 0; 0; 0; 3; 0; 0; 175; 0; 9999
1986;10; 0; 0; 0; 0; 0; 0; 0; 0; 37; 0; 13; 0; 0; 0; 0; 0; 0; 0; 0; 64; 92; 82; 233; 0; 0; 0; 45; 20; 0; 17; 0
1986;11; 0; 0; 0; 225; 64; 28; 3; 0; 0; 0; 17; 233; 0; 0; 0; 0; 6; 8; 22; 0; 0; 0; 0; 0; 0; 0; 0; 59; 2; 5; 9999
1986;12; 460; 85; 33; 6; 6; 0; 100; 96; 60; 43; 3; 4; 0; 0; 383; 220; 282; 0; 0; 0; 0; 2; 356; 27; 300; 360; 464; 126; 100; 222; 30
1987;01; 0; 0; 100; 80; 28; 28; 208; 0; 0; 0; 40; 150; 97; 0; 0; 207; 0; 800; 0; 14; 0; 0; 508; 150; 70; 30; 10; 110; 38; 5; 25
1987;02; 33; 114; 47; 320; 0; 15; 190; 3; 0; 10; 0; 0; 630; 100; 14; 805; 160; 49; 25; 0; 0; 0; 0; 0; 0; 155; 2; 0; 9999; 9999; 9999
1987;03; 0; 0; 0; 0; 7; 0; 0; 198; 146; 353; 6; 0; 0; 0; 118; 313; 3; 153; 69; 73; 103; 0; 0; 0; 0; 0; 0; 0; 2; 0; 0
1987;04; 0; 3; 0; 50; 66; 0; 0; 0; 0; 0; 0; 0; 0; 0; 18; 0; 0; 0; 0; 0; 62; 30; 0; 0; 0; 0; 0; 0; 0; 49; 9999
1987;05; 0; 0; 3; 0; 0; 0; 0; 0; 120; 0; 0; 20; 0; 0; 0; 129; 0; 0; 29; 0; 0; 82; 0; 20; 57; 0; 0; 0; 0; 0; 0
1987;06; 0; 0; 0; 0; 0; 0; 6; 3; 0; 3; 0; 0; 0; 0; 0; 28; 19; 1; 0; 0; 0; 0; 36; 35; 0; 0; 0; 0; 0; 0; 9999
1987;07; 0; 0; 0; 0; 0; 0; 0; 0; 0; 68; 0; 0; 0; 0; 0; 0; 0; 0; 0; 0; 0; 0; 0; 0; 0; 0; 0; 0; 0; 18; 12
1987;08; 0; 0; 0; 0; 0; 0; 33; 2; 0; 0; 0; 0; 0; 0; 0; 0; 0; 0; 0; 0; 0; 0; 0; 0; 0; 0; 0; 0; 0; 0; 0
1987;09; 0; 0; 0; 0; 0; 40; 0; 55; 0; 0; 53; 0; 0; 0; 0; 0; 0; 1; 114; 0; 0; 60; 53; 203; 0; 0; 0; 104; 0; 0; 9999
1987;10; 0; 193; 0; 0; 0; 147; 0; 0; 0; 0; 0; 0; 0; 14; 0; 3; 0; 0; 0; 0; 0; 0; 0; 333; 356; 0; 0; 0; 0; 0; 193
1987;11; 0; 0; 0; 0; 0; 327; 328; 0; 0; 0; 0; 0; 0; 480; 150; 276; 115; 0; 0; 0; 46; 105; 0; 0; 126; 15; 0; 90; 0; 226; 9999
1987;12; 0; 28; 136; 10; 5; 50; 291; 0; 0; 0; 123; 0; 125; 5; 0; 0; 4; 148; 7; 65; 0; 0; 0; 0; 0; 0; 0; 0; 9; 0; 0
1988;01; 0; 94; 0; 40; 110; 120; 37; 39; 191; 0; 70; 328; 23; 4; 0; 0; 50; 0; 0; 0; 0; 0; 45; 0; 38; 0; 67; 0; 530; 19; 0
1988;02; 0; 444; 195; 0; 286; 230; 334; 337; 92; 230; 80; 0; 0; 0; 176; 164; 38; 10; 4; 215; 119; 0; 0; 0; 0; 3; 0; 18; 0; 9999; 9999
1988;03; 0; 92; 52; 518; 148; 95; 0; 50; 0; 54; 10; 0; 0; 0; 0; 3; 15; 640; 233; 2; 0; 0; 0; 0; 0; 0; 0; 0; 0; 0; 0
1988;04; 0; 2; 0; 49; 1; 0; 0; 2; 117; 0; 291; 0; 127; 352; 1; 0; 15; 11; 253; 137; 135; 0; 0; 0; 0; 0; 0; 0; 225; 0; 9999
1988;05; 0; 0; 0; 0; 0; 53; 2; 0; 0; 0; 0; 0; 0; 0; 0; 48; 0; 139; 0; 0; 0; 0; 0; 0; 3; 0; 6; 0; 0; 140; 44
1988;06; 0; 0; 0; 255; 0; 0; 0; 0; 0; 0; 0; 0; 0; 11; 0; 0; 0; 0; 0; 0; 0; 0; 0; 0; 0; 2; 0; 0; 0; 0; 9999
1988;07; 0; 0; 0; 0; 0; 0; 0; 0; 0; 0; 0; 0; 0; 0; 0; 0; 0; 0; 0; 0; 0; 0; 0; 0; 0; 0; 0; 0; 0; 0; 0
1988;08; 0; 0; 0; 0; 0; 0; 0; 0; 0; 0; 0; 0; 0; 0; 0; 0; 0; 0; 0; 0; 0; 0; 0; 0; 0; 0; 0; 0; 0; 0; 0
1988;09; 0; 0; 0; 0; 0; 0; 0; 0; 0; 0; 0; 0; 0; 0; 0; 0; 0; 91; 0; 0; 0; 0; 0; 0; 0; 0; 0; 0; 57; 13; 9999
1988;10; 0; 0; 0; 0; 51; 113; 138; 0; 0; 0; 0; 1; 124; 1; 0; 0; 0; 0; 0; 57; 161; 0; 0; 248; 0; 0; 323; 0; 160; 0; 180
1988;11; 4; 49; 3; 0; 0; 98; 0; 0; 0; 0; 0; 0; 5; 0; 11; 0; 0; 0; 0; 100; 71; 95; 80; 2; 0; 0; 73; 0; 0; 0; 9999
1988;12; 2; 223; 57; 0; 0; 0; 0; 0; 0; 0; 50; 6; 0; 56; 15; 0; 0; 0; 0; 1; 4; 615; 13; 703; 11; 260; 6; 81; 0; 0; 313
1989;01; 0; 0; 212; 143; 27; 81; 106; 21; 23; 136; 87; 24; 89; 40; 132; 59; 175; 345; 12; 24; 0; 62; 0; 64; 0; 0; 0; 100; 0; 0; 0
1989;02; 0; 0; 590; 96; 157; 256; 0; 883; 4; 50; 242; 33; 97; 0; 71; 10; 10; 3; 29; 12; 0; 0; 0; 0; 395; 175; 0; 114; 9999; 9999; 9999
1989;03; 0; 3; 94; 15; 0; 0; 0; 0; 0; 0; 0; 0; 0; 185; 47; 116; 0; 26; 0; 0; 7; 0; 0; 0; 7; 1; 310; 47; 1; 58; 0
1989;04; 0; 0; 0; 0; 0; 0; 0; 22; 2; 0; 0; 0; 0; 0; 64; 14; 0; 0; 54; 0; 0; 0; 0; 0; 0; 0; 0; 0; 0; 2; 9999
1989;05; 0; 165; 0; 57; 18; 2; 0; 0; 0; 0; 0; 0; 0; 0; 0; 0; 0; 0; 0; 0; 0; 0; 0; 0; 0; 0; 0; 0; 0; 0; 0
1989;06; 0; 0; 0; 0; 0; 0; 0; 214; 37; 710; 25; 0; 0; 0; 0; 0; 0; 0; 0; 0; 0; 0; 0; 0; 23; 1; 0; 0; 46; 0; 9999
1989;07; 0; 0; 0; 0; 0; 1; 0; 0; 0; 0; 0; 0; 0; 0; 0; 0; 0; 0; 0; 0; 0; 0; 0; 0; 0; 0; 0; 16; 93; 176; 274
1989;08; 1; 0; 0; 0; 0; 8; 0; 0; 0; 3; 0; 0; 0; 0; 0; 0; 0; 0; 0; 0; 0; 15; 63; 0; 0; 185; 0; 100; 0; 0; 0
1989;09; 0; 37; 0; 0; 0; 9; 0; 0; 90; 149; 14; 0; 239; 0; 0; 0; 0; 0; 0; 17; 0; 0; 0; 0; 0; 0; 45; 2; 0; 0; 9999
1989;10; 0; 0; 0; 139; 0; 0; 0; 0; 0; 0; 0; 269; 0; 0; 0; 19; 0; 0; 0; 0; 0; 0; 0; 0; 0; 0; 462; 10; 0; 0; 0
1989;11; 0; 0; 0; 5; 1; 0; 0; 0; 44; 52; 47; 171; 178; 0; 0; 0; 0; 14; 0; 520; 577; 81; 132; 39; 281; 0; 0; 458; 0; 219; 9999
1989;12; 0; 30; 0; 0; 75; 6; 0; 0; 0; 12; 255; 130; 111; 713; 48; 21; 0; 0; 0; 77; 0; 0; 0; 0; 0; 56; 45; 205; 167; 328; 232
1990;01; 29; 331; 196; 17; 85; 131; 79; 30; 0; 29; 111; 87; 0; 28; 150; 155; 0; 0; 0; 0; 0; 0; 0; 0; 0; 0; 10; 0; 0; 0; 0
1990;02; 0; 0; 0; 0; 0; 173; 0; 4; 0; 0; 0; 3; 10; 0; 0; 0; 0; 0; 0; 0; 0; 0; 50; 0; 221; 37; 61; 257; 9999; 9999; 9999
1990;03; 244; 0; 0; 13; 0; 0; 0; 128; 0; 0; 0; 0; 0; 0; 26; 0; 114; 200; 29; 124; 102; 5; 268; 98; 142; 0; 125; 131; 6; 2; 0
1990;04; 0; 0; 0; 2; 0; 0; 0; 115; 43; 0; 0; 0; 0; 0; 0; 3; 98; 432; 0; 226; 0; 0; 0; 0; 0; 0; 0; 0; 0; 0; 9999
1990;05; 0; 3; 187; 1; 0; 10; 0; 0; 0; 0; 88; 56; 0; 0; 0; 173; 0; 46; 0; 0; 0; 0; 0; 0; 0; 0; 0; 0; 0; 0; 0
1990;06; 0; 0; 0; 0; 0; 0; 0; 0; 0; 0; 0; 0; 0; 0; 0; 0; 0; 0; 0; 0; 0; 0; 0; 0; 0; 0; 0; 0; 0; 0; 9999
1990;07; 0; 0; 0; 0; 10; 37; 0; 0; 0; 0; 104; 0; 0; 15; 0; 0; 0; 37; 0; 0; 0; 3; 0; 0; 0; 0; 0; 24; 1; 0; 0
1990;08; 0; 0; 0; 0; 0; 0; 0; 0; 0; 72; 0; 0; 0; 0; 0; 0; 191; 210; 0; 258; 170; 0; 0; 35; 4; 0; 0; 75; 23; 0; 16
1990;09; 5; 134; 0; 0; 0; 0; 0; 0; 0; 0; 0; 0; 30; 90; 0; 0; 0; 0; 0; 0; 0; 0; 0; 26; 0; 0; 0; 0; 0; 46; 9999
1990;10; 77; 8; 0; 98; 99; 0; 0; 0; 0; 0; 0; 0; 63; 0; 0; 0; 122; 415; 47; 14; 0; 0; 0; 0; 0; 0; 0; 0; 0; 0; 0
1990;11; 2; 2; 10; 0; 128; 0; 151; 1; 0; 0; 0; 0; 0; 0; 20; 48; 83; 11; 58; 0; 187; 0; 11; 37; 4; 0; 9; 39; 0; 0; 9999
1990;12; 0; 0; 0; 0; 0; 248; 1; 51; 0; 102; 259; 24; 0; 88; 324; 2; 288; 0; 126; 33; 0; 0; 0; 54; 7; 183; 0; 0; 0; 7; 0
1991;01; 0; 0; 0; 187; 415; 1; 0; 0; 82; 99; 0; 305; 36; 86; 365; 284; 413; 0; 0; 0; 73; 0; 0; 43; 0; 33; 763; 1219; 136; 0; 29
1991;02; 65; 449; 5; 0; 54; 8; 2; 56; 137; 353; 400; 93; 0; 0; 24; 0; 117; 0; 186; 0; 0; 49; 0; 0; 0; 0; 0; 60; 9999; 9999; 9999
1991;03; 0; 844; 5; 364; 91; 81; 198; 22; 0; 1; 0; 0; 0; 71; 88; 0; 0; 26; 0; 0; 44; 219; 14; 0; 1; 85; 579; 210; 300; 100; 218
1991;04; 21; 0; 0; 2; 22; 0; 0; 268; 0; 0; 0; 0; 0; 61; 0; 4; 0; 0; 47; 0; 0; 0; 0; 0; 75; 336; 104; 0; 0; 0; 9999
1991;05; 0; 0; 0; 0; 0; 0; 0; 389; 1; 0; 0; 0; 0; 0; 5; 64; 1; 0; 0; 0; 85; 1; 3; 0; 0; 0; 0; 0; 0; 0; 0
1991;06; 0; 0; 0; 0; 0; 0; 0; 0; 0; 0; 0; 0; 0; 0; 0; 0; 0; 0; 0; 0; 0; 2; 0; 0; 0; 0; 0; 0; 0; 0; 9999
1991;07; 0; 0; 0; 0; 0; 0; 0; 0; 0; 0; 0; 32; 0; 26; 0; 0; 0; 0; 0; 0; 0; 0; 0; 0; 0; 0; 0; 0; 0; 0; 0
1991;08; 0; 0; 0; 0; 0; 0; 0; 0; 0; 0; 0; 0; 0; 0; 0; 0; 0; 0; 0; 0; 0; 0; 0; 0; 0; 0; 0; 0; 0; 0; 0
1991;09; 0; 0; 0; 0; 0; 0; 0; 0; 0; 0; 0; 0; 0; 0; 0; 0; 0; 0; 10; 52; 0; 0; 0; 0; 0; 14; 0; 0; 188; 113; 9999
1991;10; 136; 1; 123; 0; 0; 25; 175; 0; 0; 0; 0; 0; 0; 0; 0; 0; 25; 0; 5; 0; 10; 0; 0; 0; 0; 0; 0; 0; 40; 0; 0
1991;11; 0; 89; 0; 0; 0; 0; 0; 0; 185; 0; 0; 87; 36; 0; 51; 0; 0; 0; 0; 0; 0; 0; 0; 0; 0; 0; 0; 0; 11; 4; 9999
1991;12; 0; 0; 0; 0; 0; 0; 124; 23; 169; 0; 318; 21; 24; 0; 11; 83; 86; 0; 54; 60; 9; 0; 11; 90; 15; 0; 0; 549; 3; 0; 11
1992;01; 82; 41; 38; 0; 81; 0; 0; 0; 0; 5; 0; 0; 113; 265; 0; 0; 219; 74; 59; 284; 2; 225; 266; 32; 49; 2; 0; 0; 0; 277; 0
1992;02; 143; 178; 328; 536; 374; 45; 487; 177; 3; 6; 4; 0; 0; 0; 0; 0; 0; 0; 16; 1; 0; 0; 10; 21; 0; 167; 1; 4; 11; 9999; 9999
1992;03; 130; 355; 1; 0; 2; 0; 0; 0; 0; 0; 360; 88; 0; 0; 40; 57; 236; 45; 0; 0; 76; 0; 0; 0; 154; 49; 4; 34; 17; 104; 110
1992;04; 60; 0; 0; 0; 0; 0; 0; 1; 0; 0; 0; 0; 317; 30; 1; 0; 33; 0; 0; 19; 158; 50; 7; 1; 0; 6; 33; 0; 0; 0; 9999
1992;05; 0; 0; 0; 219; 5; 91; 1; 0; 0; 0; 0; 0; 0; 0; 0; 0; 0; 0; 0; 39; 0; 0; 84; 55; 0; 0; 0; 0; 0; 0; 0
1992;06; 0; 0; 0; 0; 0; 0; 0; 0; 0; 0; 0; 0; 0; 0; 0; 0; 0; 0; 0; 0; 0; 0; 0; 0; 0; 0; 0; 0; 0; 0; 9999
1992;07; 0; 0; 0; 0; 0; 0; 0; 0; 120; 0; 0; 0; 0; 0; 0; 0; 0; 0; 0; 0; 0; 0; 0; 0; 0; 0; 0; 0; 0; 0; 0
1992;08; 0; 0; 0; 0; 0; 0; 0; 0; 0; 0; 0; 0; 0; 0; 0; 0; 0; 0; 0; 0; 0; 0; 0; 28; 0; 0; 0; 0; 0; 0; 0
1992;09; 1; 0; 4; 51; 52; 113; 5; 25; 0; 0; 0; 25; 44; 0; 169; 36; 0; 600; 461; 1; 0; 0; 0; 51; 23; 96; 5; 305; 0; 0; 9999
1992;10; 0; 409; 132; 0; 0; 0; 0; 18; 359; 0; 0; 237; 1; 42; 0; 0; 15; 5; 0; 0; 0; 6; 0; 0; 15; 0; 89; 73; 503; 16; 17
1992;11; 0; 109; 0; 2; 0; 14; 3; 0; 0; 0; 0; 0; 0; 76; 0; 47; 35; 3; 0; 0; 130; 0; 45; 0; 274; 109; 5; 8; 2; 0; 9999
1992;12; 12; 302; 1; 0; 159; 0; 0; 349; 0; 69; 308; 314; 0; 0; 0; 2; 0; 47; 34; 64; 254; 0; 0; 0; 0; 8; 0; 9; 0; 0; 0
1993;01; 0; 0; 0; 5; 380; 1; 3; 0; 120; 315; 230; 245; 1; 0; 0; 0; 0; 47; 13; 6; 26; 0; 0; 38; 0; 0; 546; 2; 169; 0; 0
1993;02; 8; 0; 11; 0; 342; 192; 46; 316; 284; 14; 3; 208; 102; 0; 434; 6; 348; 6; 48; 185; 0; 54; 90; 143; 193; 4; 2; 0; 9999; 9999; 9999
1993;03; 0; 0; 332; 0; 0; 0; 0; 0; 0; 0; 14; 2; 0; 0; 0; 0; 0; 0; 0; 40; 0; 4; 23; 164; 141; 24; 0; 50; 21; 51; 7
1993;04; 191; 120; 41; 1; 0; 372; 0; 12; 326; 1; 0; 0; 166; 60; 0; 0; 0; 0; 0; 0; 0; 0; 0; 0; 0; 0; 0; 0; 0; 0; 9999
1993;05; 0; 0; 0; 0; 7; 113; 0; 0; 0; 0; 0; 0; 0; 0; 128; 1; 0; 0; 0; 0; 0; 0; 0; 0; 0; 0; 0; 0; 0; 0; 186
1993;06; 185; 1; 0; 0; 181; 4; 0; 0; 0; 0; 0; 0; 0; 0; 0; 0; 0; 0; 73; 1; 0; 0; 0; 0; 0; 0; 0; 0; 0; 0; 9999
1993;07; 0; 0; 0; 0; 0; 0; 0; 0; 0; 0; 0; 0; 0; 0; 0; 3; 0; 0; 0; 0; 0; 0; 0; 0; 0; 0; 0; 0; 0; 0; 0
1993;08; 0; 22; 1; 0; 0; 0; 0; 0; 0; 0; 0; 0; 0; 0; 0; 34; 0; 0; 0; 130; 1; 0; 0; 62; 7; 1; 0; 0; 0; 0; 0
1993;09; 0; 0; 0; 0; 0; 0; 0; 37; 0; 0; 5; 31; 0; 0; 104; 30; 1; 0; 0; 0; 17; 327; 0; 213; 0; 0; 61; 31; 0; 0; 9999
1993;10; 0; 15; 0; 0; 127; 67; 0; 0; 0; 0; 0; 0; 0; 0; 0; 124; 220; 1; 0; 0; 61; 0; 18; 2; 153; 11; 0; 2; 0; 0; 0
1993;11; 0; 0; 0; 0; 0; 0; 40; 4; 0; 244; 16; 0; 0; 0; 0; 0; 4; 177; 5; 0; 0; 0; 444; 35; 79; 0; 0; 16; 0; 0; 9999
1993;12; 0; 40; 1; 275; 81; 0; 0; 26; 226; 0; 633; 4; 119; 9; 10; 4; 6; 69; 0; 25; 135; 0; 0; 206; 394; 70; 0; 22; 254; 180; 23
1994;01; 198; 22; 34; 236; 2; 59; 1; 113; 196; 98; 0; 0; 0; 0; 134; 103; 4; 0; 1; 6; 7; 9; 6; 0; 337; 47; 199; 9; 0; 388; 20
1994;02; 0; 0; 0; 29; 0; 3; 0; 8; 0; 0; 0; 0; 10; 2; 153; 10; 0; 0; 0; 0; 0; 0; 46; 0; 12; 95; 97; 130; 9999; 9999; 9999
1994;03; 13; 311; 650; 0; 0; 45; 45; 0; 9; 2; 0; 131; 0; 0; 0; 0; 0; 0; 0; 116; 60; 0; 111; 0; 86; 8; 4; 64; 4; 0; 18
1994;04; 26; 22; 0; 0; 0; 0; 114; 0; 0; 0; 0; 0; 0; 0; 7; 0; 0; 0; 47; 0; 0; 355; 39; 0; 0; 0; 0; 0; 0; 0; 9999
1994;05; 0; 0; 0; 0; 0; 0; 0; 0; 0; 0; 0; 0; 83; 84; 427; 0; 0; 0; 0; 0; 0; 0; 6; 0; 0; 0; 0; 28; 0; 0; 0
1994;06; 0; 0; 0; 0; 0; 0; 0; 0; 0; 0; 0; 0; 0; 0; 0; 0; 0; 0; 0; 0; 0; 2; 157; 0; 46; 18; 0; 0; 0; 0; 9999
1994;07; 0; 0; 0; 0; 0; 0; 0; 0; 0; 0; 0; 0; 0; 0; 0; 0; 0; 0; 0; 0; 0; 0; 63; 0; 0; 0; 0; 0; 0; 0; 0
1994;08; 0; 0; 0; 0; 0; 0; 0; 0; 0; 0; 0; 0; 0; 0; 0; 0; 0; 0; 0; 0; 0; 0; 0; 0; 0; 0; 0; 0; 0; 0; 0
1994;09; 0; 0; 0; 0; 0; 0; 0; 0; 0; 0; 0; 0; 0; 0; 0; 0; 0; 0; 0; 0; 0; 0; 0; 0; 0; 0; 0; 0; 0; 0; 9999
1994;10; 0; 0; 0; 0; 0; 0; 0; 30; 0; 0; 0; 0; 0; 0; 0; 0; 7; 35; 15; 0; 20; 30; 80; 0; 323; 0; 555; 75; 491; 73; 0
1994;11; 0; 0; 0; 0; 0; 30; 90; 0; 0; 10; 0; 26; 0; 113; 17; 5; 0; 135; 237; 7; 0; 0; 0; 0; 0; 0; 0; 99; 177; 113; 9999
1994;12; 0; 93; 90; 0; 55; 255; 35; 311; 102; 0; 16; 70; 20; 0; 0; 0; 0; 355; 121; 41; 0; 107; 751; 130; 85; 34; 55; 10; 12; 0; 32
1995;01; 186; 0; 4; 13; 643; 0; 0; 26; 0; 6; 40; 135; 355; 112; 0; 0; 0; 0; 0; 111; 0; 433; 30; 0; 0; 0; 127; 40; 45; 133; 127
1995;02; 95; 97; 20; 817; 661; 0; 480; 337; 85; 13; 31; 145; 397; 15; 233; 171; 28; 18; 94; 470; 40; 171; 0; 0; 0; 0; 0; 0; 9999; 9999; 9999
1995;03; 7; 66; 0; 0; 153; 0; 0; 0; 0; 0; 120; 0; 4; 26; 0; 0; 0; 0; 0; 7; 122; 816; 0; 72; 208; 0; 0; 0; 7; 20; 17
1995;04; 1005; 0; 0; 0; 0; 0; 126; 17; 431; 7; 8; 0; 33; 0; 0; 0; 0; 0; 0; 0; 22; 0; 0; 0; 0; 0; 18; 0; 0; 0; 9999
1995;05; 0; 0; 0; 0; 0; 242; 94; 3; 0; 0; 0; 0; 0; 0; 0; 73; 0; 0; 11; 0; 0; 0; 0; 0; 0; 0; 0; 0; 0; 0; 0
1995;06; 0; 0; 0; 0; 0; 0; 0; 0; 0; 0; 0; 0; 0; 0; 0; 0; 0; 23; 0; 0; 0; 0; 0; 0; 0; 83; 0; 0; 0; 0; 9999
1995;07; 0; 0; 0; 0; 0; 0; 0; 0; 5; 35; 78; 0; 0; 0; 0; 0; 0; 0; 0; 0; 0; 0; 0; 0; 0; 0; 0; 0; 0; 0; 0
1995;08; 0; 0; 0; 0; 0; 0; 0; 0; 0; 0; 0; 0; 0; 0; 0; 0; 0; 0; 0; 0; 0; 0; 0; 0; 0; 0; 0; 0; 0; 0; 0
1995;09; 0; 0; 0; 0; 0; 0; 0; 0; 0; 0; 0; 0; 0; 0; 0; 0; 0; 0; 355; 0; 0; 0; 0; 0; 67; 0; 10; 0; 12; 0; 9999
1995;10; 0; 87; 0; 0; 0; 0; 110; 0; 0; 0; 0; 0; 31; 511; 153; 57; 276; 67; 9; 95; 20; 0; 0; 0; 0; 0; 0; 0; 0; 49; 43
1995;11; 0; 0; 72; 19; 0; 0; 0; 0; 0; 0; 0; 103; 104; 55; 93; 0; 0; 0; 61; 0; 0; 0; 0; 20; 13; 0; 0; 235; 0; 0; 9999
1995;12; 0; 0; 0; 173; 0; 0; 0; 0; 0; 0; 0; 299; 685; 605; 0; 0; 0; 103; 50; 0; 5; 390; 21; 109; 40; 180; 143; 246; 72; 0; 0
1996;01; 0; 90; 438; 200; 32; 80; 208; 19; 430; 0; 0; 0; 49; 0; 0; 0; 0; 0; 0; 0; 0; 132; 0; 0; 0; 0; 0; 32; 0; 0; 0
1996;02; 0; 0; 199; 273; 40; 42; 60; 23; 0; 0; 0; 51; 0; 45; 0; 0; 0; 210; 0; 55; 2; 0; 421; 125; 0; 0; 36; 554; 0; 9999; 9999
1996;03; 0; 0; 0; 2; 0; 0; 93; 180; 193; 361; 110; 181; 0; 25; 59; 0; 60; 103; 23; 0; 617; 63; 15; 0; 0; 0; 0; 15; 0; 0; 57
1996;04; 0; 0; 0; 0; 0; 0; 0; 0; 20; 0; 255; 260; 0; 0; 0; 0; 123; 25; 0; 0; 0; 0; 0; 0; 0; 0; 0; 0; 0; 0; 9999
1996;05; 0; 0; 0; 0; 0; 0; 0; 0; 0; 60; 45; 0; 0; 13; 0; 36; 95; 105; 372; 0; 0; 17; 0; 0; 0; 0; 0; 0; 0; 0; 0
1996;06; 0; 0; 27; 0; 5; 0; 0; 0; 0; 0; 0; 0; 0; 0; 0; 0; 0; 0; 0; 0; 0; 0; 0; 0; 0; 0; 0; 47; 226; 0; 9999
1996;07; 0; 0; 0; 0; 0; 0; 0; 0; 0; 0; 0; 0; 0; 0; 0; 0; 0; 0; 0; 0; 0; 0; 0; 0; 0; 0; 0; 0; 0; 0; 0
1996;08; 0; 0; 0; 0; 0; 0; 0; 0; 0; 0; 100; 0; 0; 0; 0; 0; 0; 0; 0; 0; 0; 0; 0; 0; 0; 0; 0; 0; 0; 0; 0
1996;09; 100; 0; 392; 60; 130; 0; 10; 0; 477; 6; 10; 9999; 9999; 9999; 9999; 9999; 20; 0; 0; 0; 0; 0; 0; 0; 0; 0; 0; 0; 0; 0; 9999
1996;10; 0; 0; 0; 0; 0; 0; 0; 0; 20; 0; 105; 0; 0; 45; 0; 0; 0; 0; 0; 0; 0; 0; 0; 33; 171; 239; 0; 70; 0; 0; 40
1996;11; 400; 73; 170; 161; 0; 0; 0; 0; 0; 0; 0; 0; 0; 7; 83; 24; 95; 16; 277; 8; 285; 305; 30; 0; 0; 0; 0; 0; 0; 0; 9999
1996;12; 0; 20; 0; 147; 0; 0; 0; 6; 0; 0; 0; 0; 42; 34; 387; 0; 560; 297; 0; 0; 279; 0; 405; 90; 0; 30; 10; 0; 340; 445; 50
1997;01; 90; 270; 990; 200; 75; 0; 21; 10; 615; 0; 49; 0; 60; 0; 0; 45; 0; 90; 20; 10; 25; 0; 90; 110; 40; 10; 130; 55; 95; 205; 43
1997;02; 21; 95; 110; 95; 68; 0; 0; 0; 0; 0; 10; 50; 51; 0; 42; 105; 60; 165; 0; 0; 0; 0; 85; 0; 431; 0; 0; 35; 9999; 9999; 9999
1997;03; 170; 73; 0; 105; 147; 0; 0; 540; 0; 100; 5; 0; 0; 145; 0; 57; 125; 0; 5; 0; 0; 0; 0; 0; 0; 0; 0; 0; 0; 123; 75
1997;04; 110; 0; 0; 30; 0; 0; 0; 0; 0; 0; 0; 0; 0; 0; 0; 0; 0; 0; 0; 0; 220; 0; 0; 53; 0; 0; 0; 0; 0; 0; 9999
1997;05; 0; 0; 0; 0; 0; 0; 0; 0; 0; 0; 0; 0; 0; 0; 0; 30; 60; 0; 0; 0; 0; 0; 160; 0; 980; 0; 0; 0; 95; 0; 0
1997;06; 0; 0; 0; 70; 0; 490; 0; 0; 0; 0; 0; 200; 0; 0; 110; 360; 0; 0; 0; 0; 0; 0; 0; 0; 0; 0; 0; 0; 0; 0; 9999
1997;07; 0; 0; 0; 0; 0; 0; 0; 0; 0; 0; 0; 0; 0; 0; 0; 0; 0; 0; 0; 0; 20; 40; 0; 0; 0; 0; 0; 0; 0; 0; 0
1997;08; 0; 0; 0; 0; 0; 0; 0; 0; 0; 0; 0; 0; 0; 0; 0; 0; 0; 0; 0; 0; 0; 0; 0; 0; 0; 0; 0; 0; 0; 0; 0
1997;09; 0; 0; 0; 0; 0; 0; 0; 0; 0; 0; 0; 0; 20; 0; 0; 0; 0; 0; 10; 0; 340; 0; 0; 0; 35; 0; 0; 0; 0; 0; 9999
1997;10; 0; 10; 0; 0; 0; 0; 150; 5; 0; 0; 0; 0; 0; 0; 130; 45; 0; 0; 80; 0; 418; 165; 0; 0; 0; 45; 181; 0; 0; 0; 0
1997;11; 0; 0; 0; 190; 0; 0; 0; 40; 0; 0; 0; 201; 0; 0; 680; 245; 83; 110; 460; 0; 0; 150; 0; 0; 350; 0; 0; 440; 120; 90; 9999
1997;12; 460; 110; 65; 30; 110; 0; 310; 130; 40; 0; 10; 190; 60; 30; 20; 110; 113; 218; 25; 0; 0; 0; 0; 0; 0; 0; 0; 0; 0; 0; 0
