33
Ano,Mes,1,2,3,4,5,6,7,8,9,10,11,12,13,14,15,16,17,18,19,20,21,22,23,24,25,26,27,28,29,30,31
1974;07; 9999; 9999; 9999; 9999; 9999; 9999; 9999; 9999; 9999; 9999; 9999; 9999; 9999; 9999; 9999; 9999; 9999; 9999; 9999; 9999; 9999; 9999; 9999; 9999; 9999; 9999; 9999; 9999; 9999; 9999; 9999
1974;08; 0; 0; 0; 0; 0; 0; 0; 0; 0; 0; 0; 0; 19; 0; 44; 3; 0; 0; 0; 0; 0; 0; 0; 0; 0; 0; 0; 0; 0; 0; 0
1974;09; 0; 0; 0; 0; 0; 0; 0; 0; 0; 0; 0; 0; 0; 0; 0; 0; 0; 0; 0; 0; 133; 0; 0; 0; 0; 0; 83; 0; 207; 17; 9999
1974;10; 5; 21; 0; 0; 321; 0; 0; 0; 0; 7; 0; 0; 0; 0; 0; 0; 60; 0; 2; 12; 0; 0; 0; 20; 290; 150; 0; 144; 6; 183; 0
1974;11; 0; 0; 0; 0; 0; 164; 8; 0; 0; 0; 0; 0; 254; 0; 0; 0; 0; 0; 0; 0; 38; 117; 0; 0; 0; 0; 0; 93; 38; 12; 9999
1974;12; 0; 0; 254; 36; 376; 555; 354; 0; 0; 0; 0; 327; 28; 0; 27; 325; 54; 156; 60; 19; 164; 289; 36; 168; 280; 24; 0; 334; 22; 36; 224
1975;01; 380; 98; 0; 0; 0; 0; 111; 7; 0; 0; 103; 133; 120; 0; 17; 0; 0; 0; 164; 0; 0; 0; 0; 0; 1; 308; 310; 0; 354; 15; 183
1975;02; 26; 184; 0; 0; 73; 101; 27; 69; 3; 231; 19; 0; 0; 0; 0; 0; 105; 0; 156; 73; 0; 0; 108; 0; 74; 29; 0; 109; 9999; 9999; 9999
1975;03; 143; 0; 2; 0; 0; 64; 0; 0; 193; 0; 0; 0; 0; 0; 0; 0; 0; 0; 83; 452; 0; 0; 256; 148; 0; 0; 0; 8; 9; 9; 8
1975;04; 30; 98; 2; 0; 0; 0; 0; 0; 81; 26; 324; 3; 0; 0; 2; 12; 0; 0; 0; 0; 0; 0; 0; 0; 0; 0; 0; 0; 0; 0; 9999
1975;05; 5; 0; 168; 0; 0; 0; 0; 0; 0; 0; 0; 0; 0; 0; 0; 0; 0; 0; 0; 0; 0; 0; 0; 0; 0; 0; 0; 0; 0; 0; 0
1975;06; 0; 0; 0; 0; 0; 0; 0; 0; 0; 0; 0; 0; 0; 0; 0; 0; 0; 0; 0; 0; 0; 0; 0; 0; 0; 0; 0; 0; 0; 51; 9999
1975;07; 0; 0; 0; 336; 0; 48; 0; 0; 0; 0; 0; 0; 0; 0; 0; 0; 0; 5; 0; 0; 0; 0; 0; 0; 0; 0; 0; 0; 0; 0; 0
1975;08; 0; 0; 0; 0; 0; 0; 0; 0; 0; 0; 0; 0; 0; 0; 0; 0; 0; 0; 0; 0; 0; 0; 0; 0; 0; 0; 0; 0; 0; 0; 0
1975;09; 0; 0; 0; 0; 0; 0; 0; 0; 0; 0; 0; 0; 0; 0; 0; 0; 0; 0; 0; 0; 0; 0; 0; 11; 0; 0; 0; 60; 0; 0; 9999
1975;10; 70; 0; 36; 248; 0; 35; 0; 0; 39; 0; 0; 45; 0; 82; 0; 0; 300; 181; 169; 61; 0; 0; 0; 0; 0; 5; 0; 0; 0; 26; 73
1975;11; 0; 62; 0; 0; 0; 0; 404; 0; 36; 670; 0; 524; 0; 0; 0; 71; 59; 10; 2; 0; 20; 222; 0; 130; 307; 16; 253; 25; 0; 5; 9999
1975;12; 462; 214; 71; 0; 20; 0; 0; 80; 0; 0; 0; 24; 15; 498; 211; 0; 0; 23; 0; 0; 0; 2; 6; 54; 377; 30; 0; 70; 0; 0; 0
1976;01; 201; 122; 18; 133; 151; 0; 148; 995; 0; 0; 0; 24; 0; 0; 0; 72; 2; 0; 0; 54; 167; 110; 0; 0; 15; 0; 0; 16; 182; 0; 0
1976;02; 103; 285; 229; 145; 25; 23; 129; 213; 34; 14; 0; 0; 0; 2; 873; 26; 62; 100; 28; 246; 64; 23; 0; 723; 12; 28; 53; 18; 0; 9999; 9999
1976;03; 14; 6; 206; 12; 0; 0; 0; 0; 23; 54; 1; 2; 0; 68; 5; 0; 103; 12; 115; 36; 108; 32; 15; 153; 21; 6; 108; 2; 35; 5; 40
1976;04; 30; 50; 5; 12; 1; 0; 3; 150; 23; 60; 253; 61; 5; 86; 104; 125; 0; 3; 1; 1; 52; 2; 0; 1; 0; 2; 0; 1; 2; 0; 9999
1976;05; 2; 1; 0; 1; 2; 0; 3; 1; 12; 0; 0; 0; 4; 0; 0; 7; 0; 0; 0; 28; 67; 0; 0; 0; 0; 45; 0; 52; 543; 58; 0
1976;06; 0; 0; 0; 0; 0; 40; 0; 0; 0; 0; 0; 0; 0; 0; 0; 0; 0; 0; 0; 0; 0; 0; 0; 0; 0; 0; 0; 0; 0; 0; 9999
1976;07; 0; 0; 378; 0; 0; 0; 0; 0; 0; 158; 0; 0; 0; 0; 0; 0; 0; 0; 0; 0; 0; 27; 0; 0; 0; 0; 0; 0; 0; 0; 0
1976;08; 0; 0; 0; 0; 0; 33; 0; 0; 0; 8; 0; 18; 29; 482; 226; 0; 0; 0; 0; 162; 0; 0; 0; 0; 0; 0; 0; 0; 0; 0; 0
1976;09; 0; 0; 0; 0; 26; 68; 13; 0; 0; 0; 0; 0; 0; 85; 353; 402; 9999; 9999; 9999; 9999; 9999; 9999; 9999; 9999; 9999; 9999; 9999; 9999; 448; 0; 9999
1976;10; 0; 13; 0; 0; 0; 488; 0; 0; 429; 154; 0; 0; 0; 0; 0; 0; 147; 60; 64; 23; 0; 0; 0; 0; 41; 0; 0; 0; 0; 32; 0
1976;11; 148; 84; 0; 12; 241; 74; 0; 0; 0; 0; 0; 0; 145; 0; 0; 414; 0; 0; 0; 0; 251; 0; 12; 0; 0; 74; 132; 95; 24; 161; 9999
1976;12; 29; 15; 0; 0; 435; 0; 0; 81; 0; 16; 407; 87; 3; 0; 208; 18; 381; 2; 3; 4; 185; 63; 0; 116; 36; 84; 90; 262; 1; 0; 0
1977;01; 1; 123; 0; 56; 55; 32; 324; 37; 30; 0; 0; 0; 0; 2; 72; 0; 22; 278; 66; 394; 2; 1; 27; 7; 166; 155; 225; 93; 0; 6; 34
1977;02; 67; 34; 4; 92; 12; 1; 0; 2; 17; 0; 1; 0; 0; 0; 0; 0; 0; 0; 3; 0; 53; 0; 5; 101; 77; 47; 0; 12; 9999; 9999; 9999
1977;03; 117; 0; 655; 0; 4; 0; 9; 0; 0; 0; 0; 1; 0; 0; 5; 0; 0; 30; 29; 8; 37; 214; 15; 2; 0; 0; 19; 0; 2; 0; 322
1977;04; 2; 2; 0; 125; 36; 6; 0; 0; 7; 189; 23; 0; 0; 0; 0; 0; 0; 0; 23; 82; 5; 272; 0; 0; 0; 0; 0; 0; 0; 0; 9999
1977;05; 0; 0; 1; 0; 0; 0; 0; 0; 0; 0; 0; 0; 0; 0; 0; 16; 13; 0; 0; 0; 0; 0; 0; 0; 0; 0; 0; 0; 0; 0; 0
1977;06; 0; 0; 15; 4; 11; 1; 0; 0; 0; 0; 0; 0; 0; 0; 33; 12; 1; 0; 0; 0; 0; 41; 12; 0; 32; 0; 0; 0; 0; 0; 9999
1977;07; 0; 0; 0; 0; 0; 0; 0; 0; 0; 0; 0; 0; 0; 0; 0; 0; 0; 0; 17; 0; 0; 0; 2; 0; 1; 0; 0; 0; 0; 0; 0
1977;08; 0; 0; 0; 0; 0; 0; 0; 0; 0; 0; 0; 0; 0; 0; 0; 0; 0; 0; 0; 0; 0; 0; 0; 0; 0; 0; 0; 0; 4; 77; 39
1977;09; 121; 164; 19; 0; 0; 0; 70; 72; 0; 0; 0; 0; 0; 0; 0; 0; 0; 39; 6; 0; 189; 0; 155; 6; 0; 0; 0; 0; 0; 2; 9999
1977;10; 22; 0; 0; 0; 0; 0; 0; 0; 0; 0; 0; 0; 63; 65; 0; 0; 0; 0; 80; 0; 0; 0; 0; 0; 0; 5; 489; 177; 226; 0; 195
1977;11; 0; 258; 0; 0; 0; 0; 0; 0; 5; 0; 47; 108; 35; 26; 100; 428; 182; 0; 448; 144; 20; 496; 2; 0; 81; 0; 31; 67; 68; 193; 9999
1977;12; 417; 567; 77; 4; 168; 65; 0; 89; 0; 131; 25; 4; 0; 0; 2; 0; 0; 0; 50; 38; 288; 23; 419; 295; 0; 0; 0; 0; 0; 0; 0
1978;01; 10; 480; 142; 736; 51; 14; 138; 93; 220; 263; 183; 139; 39; 58; 1; 141; 173; 61; 0; 0; 0; 165; 10; 0; 0; 0; 0; 16; 0; 0; 18
1978;02; 0; 0; 0; 0; 265; 194; 113; 1; 0; 0; 0; 0; 0; 0; 0; 56; 8; 277; 0; 0; 5; 6; 228; 1; 56; 0; 5; 131; 9999; 9999; 9999
1978;03; 0; 4; 42; 1; 1; 0; 0; 10; 763; 597; 31; 0; 104; 269; 0; 0; 0; 0; 0; 0; 0; 0; 0; 0; 0; 0; 0; 0; 0; 43; 0
1978;04; 5; 12; 0; 32; 0; 0; 0; 0; 0; 0; 0; 1; 0; 0; 0; 0; 0; 0; 0; 0; 52; 0; 0; 0; 0; 0; 0; 0; 0; 0; 9999
1978;05; 0; 0; 0; 0; 0; 0; 0; 0; 0; 0; 0; 0; 0; 0; 0; 0; 375; 20; 0; 0; 25; 76; 35; 0; 0; 3; 0; 273; 5; 316; 30
1978;06; 0; 0; 0; 0; 0; 0; 0; 0; 218; 0; 0; 0; 0; 0; 0; 0; 0; 0; 0; 0; 0; 0; 0; 0; 0; 0; 0; 0; 0; 0; 9999
1978;07; 0; 0; 0; 0; 0; 0; 0; 0; 0; 0; 0; 0; 0; 0; 0; 57; 41; 69; 2; 156; 132; 11; 0; 12; 0; 0; 0; 0; 0; 0; 0
1978;08; 0; 0; 0; 0; 0; 0; 0; 0; 0; 0; 0; 0; 0; 0; 0; 0; 0; 0; 0; 0; 0; 0; 0; 0; 0; 0; 0; 0; 0; 0; 0
1978;09; 0; 0; 4; 0; 0; 47; 279; 55; 0; 0; 0; 0; 0; 0; 114; 0; 11; 7; 0; 0; 0; 5; 0; 0; 0; 0; 0; 0; 0; 0; 9999
1978;10; 0; 0; 0; 0; 0; 0; 0; 0; 0; 0; 14; 0; 0; 3; 0; 0; 56; 0; 227; 0; 0; 0; 0; 0; 0; 0; 4; 9; 2; 31; 16
1978;11; 236; 0; 171; 47; 113; 0; 0; 0; 297; 130; 257; 87; 0; 0; 0; 54; 31; 5; 0; 0; 4; 0; 752; 44; 0; 272; 33; 358; 0; 0; 9999
1978;12; 0; 0; 0; 0; 0; 0; 0; 426; 318; 9; 137; 178; 93; 14; 8; 174; 0; 36; 0; 0; 0; 0; 180; 0; 12; 125; 596; 935; 484; 1; 0
1979;01; 15; 105; 1; 109; 50; 155; 0; 19; 0; 0; 0; 70; 3; 656; 60; 0; 0; 0; 0; 0; 1066; 242; 0; 0; 0; 5; 0; 8; 550; 60; 0
1979;02; 0; 0; 0; 0; 0; 0; 0; 0; 0; 21; 159; 23; 3; 38; 193; 21; 0; 48; 0; 91; 0; 0; 190; 74; 0; 0; 0; 0; 9999; 9999; 9999
1979;03; 0; 0; 25; 3; 0; 0; 0; 0; 0; 0; 12; 131; 280; 152; 85; 0; 0; 0; 0; 0; 0; 0; 0; 61; 0; 0; 0; 0; 0; 0; 0
1979;04; 0; 0; 23; 58; 188; 8; 0; 0; 0; 0; 0; 0; 0; 0; 0; 0; 0; 0; 0; 0; 0; 0; 0; 0; 0; 0; 0; 0; 0; 14; 9999
1979;05; 81; 16; 0; 15; 432; 0; 9; 0; 54; 0; 0; 0; 0; 0; 0; 0; 0; 0; 0; 0; 0; 0; 0; 0; 0; 0; 0; 0; 83; 41; 0
1979;06; 0; 0; 0; 0; 0; 0; 0; 0; 0; 0; 0; 0; 0; 0; 0; 0; 0; 0; 0; 0; 0; 0; 0; 0; 0; 0; 0; 0; 0; 0; 9999
1979;07; 0; 0; 0; 0; 0; 0; 0; 0; 0; 0; 0; 0; 0; 0; 0; 0; 0; 0; 0; 149; 1; 0; 16; 151; 186; 0; 0; 0; 0; 0; 0
1979;08; 0; 0; 0; 0; 0; 0; 0; 0; 0; 0; 0; 0; 0; 0; 0; 0; 0; 13; 416; 0; 0; 0; 0; 0; 0; 0; 151; 0; 0; 0; 0
1979;09; 0; 11; 14; 0; 0; 0; 0; 0; 5; 128; 100; 62; 0; 172; 19; 31; 6; 0; 0; 0; 0; 0; 110; 12; 0; 0; 0; 0; 0; 0; 9999
1979;10; 0; 30; 0; 0; 0; 0; 0; 0; 12; 0; 0; 0; 0; 9; 387; 0; 0; 0; 0; 0; 0; 0; 0; 0; 0; 0; 432; 0; 0; 14; 55
1979;11; 0; 0; 145; 0; 0; 10; 0; 190; 316; 291; 29; 0; 0; 0; 38; 0; 0; 0; 36; 0; 0; 0; 230; 27; 21; 257; 0; 0; 0; 0; 9999
1979;12; 0; 244; 126; 57; 24; 0; 0; 15; 1; 0; 191; 0; 148; 12; 235; 931; 3; 0; 0; 0; 112; 541; 260; 386; 689; 31; 415; 180; 28; 3; 661
1980;01; 9; 0; 0; 0; 0; 0; 0; 178; 13; 183; 143; 45; 5; 185; 0; 6; 73; 643; 68; 10; 13; 2; 121; 0; 185; 0; 3; 17; 0; 15; 151
1980;02; 58; 0; 0; 0; 0; 0; 0; 10; 18; 72; 20; 114; 325; 31; 121; 0; 0; 117; 0; 0; 0; 0; 75; 95; 39; 64; 68; 96; 102; 9999; 9999
1980;03; 7; 0; 4; 0; 2; 3; 30; 0; 0; 0; 61; 0; 3; 13; 73; 35; 143; 160; 0; 0; 0; 0; 0; 0; 0; 0; 0; 0; 0; 0; 1
1980;04; 0; 0; 364; 91; 248; 3; 0; 0; 14; 11; 1; 0; 3; 5; 145; 509; 0; 0; 17; 0; 0; 0; 0; 0; 0; 0; 0; 0; 0; 0; 9999
1980;05; 0; 52; 6; 2; 0; 0; 0; 0; 0; 0; 0; 0; 0; 0; 0; 0; 0; 0; 0; 0; 0; 66; 0; 0; 0; 0; 0; 0; 0; 0; 0
1980;06; 0; 0; 8; 0; 0; 0; 0; 0; 0; 0; 0; 0; 0; 8; 0; 0; 0; 0; 0; 0; 0; 0; 0; 0; 18; 94; 219; 1; 0; 0; 9999
1980;07; 0; 0; 0; 0; 0; 0; 0; 0; 0; 0; 0; 0; 0; 0; 0; 0; 0; 0; 0; 0; 0; 0; 0; 0; 0; 0; 0; 0; 0; 0; 0
1980;08; 0; 0; 0; 0; 0; 0; 0; 0; 0; 0; 0; 0; 0; 0; 0; 0; 0; 0; 0; 0; 0; 0; 3; 6; 0; 35; 27; 0; 0; 0; 0
1980;09; 0; 0; 0; 0; 0; 0; 0; 0; 33; 0; 0; 0; 0; 0; 0; 12; 0; 0; 191; 17; 111; 5; 0; 0; 0; 0; 0; 223; 0; 0; 9999
1980;10; 0; 0; 0; 0; 0; 0; 0; 20; 36; 0; 71; 191; 3; 0; 0; 0; 0; 0; 0; 0; 0; 0; 0; 0; 0; 0; 0; 0; 0; 728; 354
1980;11; 0; 0; 0; 0; 5; 0; 28; 181; 54; 95; 0; 0; 0; 0; 0; 0; 0; 0; 0; 17; 0; 0; 191; 178; 3; 0; 0; 0; 0; 143; 9999
1980;12; 328; 93; 5; 0; 17; 80; 12; 811; 0; 55; 0; 0; 32; 38; 0; 0; 0; 0; 0; 0; 82; 3; 165; 0; 0; 108; 0; 445; 34; 0; 43
1981;01; 0; 2; 0; 83; 7; 0; 0; 33; 0; 126; 107; 156; 153; 296; 97; 19; 2; 0; 0; 0; 25; 157; 0; 0; 319; 246; 0; 0; 0; 0; 0
1981;02; 0; 45; 0; 0; 0; 119; 38; 0; 337; 0; 0; 731; 7; 0; 0; 0; 0; 0; 0; 16; 0; 0; 0; 0; 0; 14; 27; 0; 9999; 9999; 9999
1981;03; 29; 0; 0; 0; 0; 0; 374; 127; 244; 32; 0; 13; 0; 0; 0; 0; 114; 121; 297; 0; 154; 0; 20; 0; 0; 0; 0; 71; 15; 13; 0
1981;04; 0; 0; 0; 0; 107; 0; 0; 0; 0; 0; 0; 0; 0; 0; 0; 101; 0; 0; 0; 0; 0; 0; 0; 46; 0; 0; 0; 160; 1; 0; 9999
1981;05; 0; 0; 0; 0; 0; 0; 0; 0; 0; 0; 0; 0; 0; 0; 0; 0; 0; 0; 0; 0; 0; 0; 0; 0; 0; 0; 0; 0; 0; 0; 0
1981;06; 0; 0; 0; 0; 0; 0; 449; 0; 0; 0; 0; 0; 0; 0; 0; 6; 9999; 12; 0; 0; 0; 0; 0; 0; 0; 0; 0; 0; 0; 0; 9999
1981;07; 0; 0; 0; 0; 0; 0; 0; 0; 0; 0; 0; 0; 0; 0; 0; 0; 0; 0; 0; 0; 0; 0; 0; 0; 0; 0; 0; 0; 0; 0; 0
1981;08; 0; 0; 0; 0; 0; 0; 0; 0; 0; 0; 0; 0; 0; 0; 0; 0; 0; 9; 0; 0; 0; 0; 0; 0; 0; 0; 0; 0; 0; 0; 0
1981;09; 0; 0; 0; 21; 0; 0; 0; 0; 0; 0; 0; 0; 0; 0; 0; 0; 0; 0; 0; 0; 0; 0; 0; 0; 0; 0; 0; 0; 0; 0; 9999
1981;10; 0; 0; 0; 50; 0; 0; 100; 11; 0; 0; 0; 290; 0; 0; 0; 453; 0; 0; 0; 320; 0; 0; 0; 0; 0; 0; 735; 176; 88; 2; 0
1981;11; 33; 0; 36; 2; 0; 0; 0; 0; 0; 456; 28; 150; 19; 150; 10; 0; 2; 0; 5; 406; 6; 0; 0; 0; 0; 14; 0; 0; 0; 9; 9999
1981;12; 278; 250; 35; 24; 0; 0; 12; 78; 99; 14; 0; 68; 0; 0; 0; 343; 520; 401; 460; 7; 0; 0; 0; 0; 0; 0; 0; 85; 27; 0; 0
1982;01; 10; 0; 74; 204; 0; 0; 0; 700; 60; 455; 52; 152; 200; 14; 0; 0; 0; 64; 0; 16; 201; 0; 334; 452; 20; 79; 16; 201; 344; 206; 0
1982;02; 190; 36; 7; 74; 120; 407; 195; 0; 255; 244; 0; 0; 0; 0; 0; 410; 145; 0; 2; 0; 0; 0; 0; 14; 210; 117; 1; 221; 9999; 9999; 9999
1982;03; 0; 15; 28; 95; 0; 0; 7; 780; 145; 489; 150; 235; 5; 388; 261; 25; 34; 0; 0; 536; 133; 87; 7; 176; 21; 0; 0; 0; 7; 0; 0
1982;04; 0; 0; 0; 0; 0; 0; 0; 0; 0; 0; 0; 7; 172; 333; 25; 0; 0; 0; 0; 0; 0; 0; 0; 0; 0; 0; 0; 0; 0; 0; 9999
1982;05; 0; 0; 0; 0; 0; 0; 0; 0; 0; 0; 0; 0; 0; 0; 0; 0; 0; 0; 193; 0; 0; 0; 0; 0; 635; 3; 0; 0; 0; 0; 36
1982;06; 0; 0; 0; 0; 94; 6; 0; 0; 0; 0; 0; 0; 54; 0; 0; 0; 61; 0; 0; 0; 0; 0; 0; 0; 0; 0; 0; 0; 0; 6; 9999
1982;07; 0; 0; 0; 0; 0; 0; 0; 0; 0; 0; 0; 0; 0; 41; 0; 0; 11; 0; 28; 0; 0; 0; 0; 0; 0; 0; 0; 0; 0; 0; 6
1982;08; 0; 0; 0; 0; 6; 0; 0; 0; 0; 2; 40; 0; 0; 0; 0; 0; 0; 0; 0; 0; 0; 0; 0; 0; 0; 0; 5; 0; 0; 135; 0
1982;09; 0; 0; 0; 0; 0; 0; 0; 0; 0; 0; 0; 0; 0; 3; 7; 0; 0; 0; 49; 0; 0; 0; 0; 0; 25; 0; 0; 240; 0; 0; 9999
1982;10; 0; 0; 249; 0; 0; 78; 38; 16; 275; 52; 98; 8; 0; 88; 0; 0; 0; 155; 560; 0; 0; 243; 0; 0; 0; 0; 0; 0; 0; 220; 0
1982;11; 0; 0; 0; 0; 18; 313; 9999; 9999; 9999; 9999; 9999; 9999; 9999; 9999; 9999; 9999; 9999; 9999; 9999; 9999; 9999; 9999; 9999; 9999; 9999; 0; 0; 0; 0; 0; 9999
1982;12; 539; 0; 346; 0; 0; 26; 3; 78; 22; 0; 100; 25; 0; 149; 0; 18; 85; 435; 3; 4; 140; 21; 48; 404; 2; 0; 32; 0; 26; 173; 81
1983;01; 6; 428; 2; 45; 183; 32; 390; 4; 67; 0; 327; 2; 31; 384; 323; 147; 185; 476; 139; 247; 15; 168; 1; 0; 0; 41; 2; 5; 0; 107; 95
1983;02; 235; 202; 157; 49; 0; 0; 116; 424; 17; 33; 12; 7; 0; 9; 13; 0; 0; 0; 125; 310; 0; 0; 0; 0; 0; 5; 0; 0; 9999; 9999; 9999
1983;03; 0; 0; 0; 0; 3; 235; 165; 1; 0; 0; 0; 0; 161; 33; 22; 0; 0; 0; 475; 332; 1; 0; 19; 0; 0; 7; 7; 48; 0; 0; 0
1983;04; 0; 0; 0; 9; 0; 168; 368; 12; 0; 0; 92; 403; 2; 1; 1; 1; 0; 0; 0; 0; 170; 99; 2; 0; 9; 171; 1; 0; 0; 0; 9999
1983;05; 0; 0; 0; 0; 0; 0; 0; 0; 0; 0; 0; 2; 2; 0; 0; 0; 0; 7; 0; 50; 244; 0; 65; 153; 2; 0; 2; 0; 155; 100; 208
1983;06; 31; 91; 0; 0; 16; 12; 63; 1; 0; 49; 2; 0; 0; 2; 0; 2; 0; 0; 0; 0; 0; 0; 0; 0; 0; 0; 0; 0; 5; 0; 9999
1983;07; 0; 0; 0; 0; 0; 0; 0; 0; 0; 0; 0; 0; 0; 0; 0; 0; 0; 8; 261; 248; 8; 3; 1; 0; 0; 0; 0; 0; 0; 0; 0
1983;08; 0; 0; 0; 0; 0; 0; 0; 0; 0; 0; 0; 0; 0; 0; 0; 0; 0; 0; 0; 0; 0; 0; 0; 0; 0; 0; 0; 0; 0; 0; 0
1983;09; 0; 0; 0; 0; 0; 114; 296; 90; 0; 0; 6; 0; 3; 2; 10; 7; 0; 96; 94; 128; 1; 0; 0; 0; 0; 0; 0; 0; 0; 0; 9999
1983;10; 0; 3; 0; 15; 225; 5; 71; 5; 0; 0; 0; 0; 9; 143; 5; 0; 0; 221; 6; 0; 5; 9; 331; 76; 0; 0; 63; 33; 0; 0; 52
1983;11; 22; 5; 25; 0; 2; 0; 0; 0; 0; 0; 68; 269; 225; 0; 48; 58; 0; 0; 0; 43; 165; 197; 5; 0; 0; 0; 0; 0; 4; 1; 9999
1983;12; 0; 28; 6; 0; 0; 0; 0; 2; 210; 5; 259; 333; 5; 24; 262; 15; 0; 0; 41; 3; 26; 22; 48; 26; 151; 7; 24; 33; 75; 550; 5
1984;01; 43; 22; 0; 1; 0; 0; 0; 118; 184; 0; 16; 0; 17; 0; 0; 0; 0; 0; 0; 200; 6; 150; 266; 248; 17; 16; 332; 74; 93; 0; 0
1984;02; 0; 0; 61; 0; 0; 0; 436; 18; 0; 0; 0; 155; 0; 6; 17; 0; 2; 0; 0; 34; 0; 0; 8; 11; 0; 0; 12; 0; 0; 9999; 9999
1984;03; 0; 126; 0; 12; 0; 175; 263; 0; 0; 0; 0; 0; 0; 0; 0; 203; 0; 0; 12; 0; 32; 6; 0; 36; 0; 0; 0; 0; 29; 50; 601
1984;04; 2; 0; 297; 3; 0; 0; 0; 268; 0; 0; 0; 0; 0; 0; 0; 0; 231; 0; 0; 36; 70; 5; 0; 0; 0; 0; 0; 0; 333; 5; 9999
1984;05; 106; 56; 121; 0; 0; 0; 0; 0; 0; 0; 0; 0; 0; 0; 10; 16; 0; 239; 0; 0; 0; 0; 0; 0; 0; 0; 0; 0; 0; 0; 0
1984;06; 9999; 9999; 9999; 9999; 9999; 9999; 9999; 9999; 9999; 9999; 9999; 9999; 9999; 9999; 9999; 9999; 9999; 9999; 9999; 9999; 9999; 9999; 9999; 9999; 9999; 9999; 9999; 9999; 9999; 9999; 9999
1984;07; 0; 0; 0; 0; 0; 0; 0; 0; 0; 0; 0; 0; 0; 0; 0; 0; 0; 0; 0; 0; 0; 0; 0; 0; 0; 0; 0; 0; 70; 0; 0
1984;08; 0; 2; 93; 81; 0; 0; 0; 0; 0; 0; 0; 0; 0; 0; 0; 0; 0; 0; 0; 0; 220; 16; 245; 0; 24; 8; 0; 0; 0; 0; 67
1984;09; 0; 0; 0; 0; 0; 0; 0; 1; 192; 0; 0; 0; 0; 0; 0; 0; 34; 0; 19; 0; 29; 0; 0; 0; 0; 0; 254; 2; 0; 0; 9999
1984;10; 0; 0; 0; 0; 0; 0; 0; 0; 0; 75; 0; 0; 0; 0; 19; 0; 0; 208; 3; 0; 0; 0; 0; 0; 8; 0; 0; 0; 0; 0; 0
1984;11; 0; 0; 0; 0; 0; 0; 0; 0; 0; 0; 0; 133; 58; 0; 0; 0; 155; 28; 7; 0; 302; 363; 0; 0; 0; 2; 274; 0; 0; 0; 9999
1984;12; 0; 411; 18; 0; 20; 0; 185; 6; 111; 14; 5; 0; 125; 262; 664; 50; 58; 99; 0; 0; 0; 0; 0; 0; 0; 0; 111; 62; 64; 0; 50
1985;01; 246; 0; 0; 0; 151; 0; 75; 262; 108; 0; 0; 0; 0; 0; 24; 83; 417; 125; 284; 144; 71; 75; 212; 14; 117; 471; 15; 0; 0; 0; 0
1985;02; 159; 4; 0; 208; 24; 0; 0; 0; 25; 0; 8; 11; 26; 0; 252; 0; 0; 0; 0; 0; 0; 23; 488; 330; 217; 44; 2; 7; 9999; 9999; 9999
1985;03; 476; 8; 227; 110; 40; 42; 4; 1; 0; 0; 446; 234; 1; 1; 289; 322; 191; 132; 0; 0; 0; 0; 0; 0; 0; 0; 0; 0; 33; 8; 0
1985;04; 132; 11; 0; 691; 21; 3; 0; 0; 0; 0; 367; 0; 0; 0; 0; 0; 0; 346; 0; 0; 0; 0; 0; 0; 0; 0; 0; 0; 0; 0; 9999
1985;05; 40; 0; 0; 0; 0; 0; 0; 0; 0; 3; 1; 0; 0; 0; 0; 0; 0; 0; 0; 0; 0; 140; 1; 0; 0; 0; 0; 0; 0; 0; 0
1985;06; 0; 0; 22; 114; 0; 0; 0; 0; 0; 0; 0; 0; 0; 0; 0; 0; 0; 0; 0; 0; 0; 0; 0; 0; 0; 0; 0; 0; 0; 0; 9999
1985;07; 0; 0; 0; 0; 33; 146; 3; 0; 0; 0; 0; 0; 0; 0; 0; 0; 0; 0; 0; 0; 0; 0; 0; 0; 0; 0; 0; 0; 0; 0; 0
1985;08; 0; 0; 0; 0; 0; 0; 0; 0; 0; 0; 0; 0; 0; 0; 0; 0; 0; 0; 0; 0; 0; 0; 0; 0; 0; 0; 0; 0; 0; 0; 0
1985;09; 75; 0; 0; 0; 0; 0; 47; 0; 0; 0; 0; 0; 0; 0; 0; 0; 0; 0; 0; 0; 0; 0; 0; 5; 0; 0; 0; 0; 1; 28; 9999
1985;10; 0; 0; 0; 0; 0; 0; 0; 0; 0; 19; 3; 0; 0; 0; 0; 0; 28; 38; 0; 0; 0; 0; 0; 0; 0; 9; 0; 0; 327; 0; 150
1985;11; 24; 170; 30; 820; 250; 0; 0; 118; 0; 0; 0; 0; 42; 0; 0; 0; 0; 0; 0; 0; 0; 0; 0; 257; 396; 43; 65; 18; 0; 0; 9999
1985;12; 0; 0; 105; 241; 0; 0; 0; 0; 0; 0; 0; 0; 3; 0; 0; 12; 129; 178; 0; 0; 0; 304; 3; 0; 58; 178; 0; 30; 0; 79; 0
1986;01; 0; 31; 124; 0; 19; 171; 0; 213; 0; 3; 199; 86; 126; 0; 163; 8; 0; 0; 0; 0; 28; 0; 0; 0; 30; 0; 0; 0; 55; 0; 0
1986;02; 0; 0; 4; 46; 0; 0; 56; 20; 5; 50; 0; 108; 52; 44; 7; 8; 103; 23; 0; 16; 12; 61; 0; 36; 15; 0; 94; 0; 9999; 9999; 9999
1986;03; 0; 146; 47; 269; 335; 173; 431; 0; 0; 0; 0; 0; 0; 0; 0; 0; 0; 0; 161; 0; 0; 0; 341; 0; 14; 3; 0; 3; 0; 72; 0
1986;04; 0; 0; 0; 0; 0; 0; 0; 0; 0; 0; 0; 0; 0; 0; 149; 67; 0; 0; 0; 0; 99; 9; 0; 0; 0; 0; 0; 0; 0; 0; 9999
1986;05; 0; 0; 0; 0; 0; 0; 0; 63; 22; 1; 15; 0; 393; 127; 0; 0; 0; 38; 218; 9; 0; 0; 0; 0; 0; 0; 0; 0; 0; 0; 23
1986;06; 0; 1; 0; 0; 0; 0; 0; 0; 0; 0; 0; 0; 0; 0; 0; 0; 0; 0; 0; 0; 0; 0; 0; 0; 0; 0; 0; 0; 0; 0; 9999
1986;07; 0; 0; 0; 337; 6; 2; 0; 0; 0; 0; 0; 0; 0; 0; 0; 0; 0; 0; 0; 0; 0; 0; 190; 16; 0; 0; 0; 0; 0; 0; 21
1986;08; 17; 0; 0; 0; 0; 0; 0; 0; 0; 0; 0; 0; 0; 14; 0; 47; 39; 0; 0; 0; 0; 0; 505; 3; 4; 0; 0; 0; 0; 0; 0
1986;09; 0; 0; 0; 0; 0; 0; 21; 0; 0; 0; 0; 0; 0; 0; 0; 0; 0; 0; 0; 0; 0; 0; 0; 0; 0; 0; 0; 0; 84; 1; 9999
1986;10; 0; 0; 0; 0; 0; 0; 0; 0; 5; 9; 0; 0; 0; 0; 0; 0; 0; 0; 422; 2; 83; 186; 3; 0; 0; 0; 40; 0; 0; 0; 0
1986;11; 12; 6; 0; 65; 0; 0; 3; 0; 0; 0; 906; 81; 0; 0; 0; 0; 0; 0; 0; 0; 6; 0; 0; 0; 0; 0; 0; 0; 110; 629; 9999
1986;12; 389; 466; 75; 25; 353; 0; 0; 0; 68; 38; 19; 133; 0; 0; 223; 138; 0; 0; 0; 0; 0; 0; 88; 5; 280; 23; 99; 0; 37; 60; 0
1987;01; 0; 0; 0; 626; 0; 12; 0; 0; 0; 0; 27; 0; 4; 0; 0; 0; 0; 108; 0; 160; 4; 80; 216; 559; 386; 187; 186; 208; 296; 61; 87
1987;02; 20; 16; 4; 481; 1; 7; 0; 0; 9; 0; 0; 95; 13; 121; 26; 220; 0; 493; 234; 101; 0; 0; 17; 0; 6; 81; 1; 321; 9999; 9999; 9999
1987;03; 0; 0; 0; 0; 0; 0; 1; 600; 178; 260; 7; 0; 0; 0; 13; 0; 0; 0; 0; 0; 0; 0; 0; 0; 0; 0; 0; 0; 0; 0; 0
1987;04; 0; 0; 27; 146; 0; 0; 0; 0; 0; 0; 0; 0; 0; 0; 0; 0; 0; 0; 0; 59; 109; 0; 0; 0; 0; 0; 0; 0; 81; 20; 9999
1987;05; 0; 0; 0; 0; 0; 0; 0; 0; 109; 0; 0; 40; 0; 0; 0; 33; 0; 0; 37; 0; 0; 104; 0; 0; 0; 0; 0; 0; 0; 0; 0
1987;06; 0; 0; 0; 0; 0; 0; 0; 0; 0; 0; 0; 0; 0; 0; 0; 0; 7; 0; 0; 0; 0; 0; 11; 0; 0; 0; 0; 0; 0; 0; 9999
1987;07; 0; 0; 0; 0; 0; 0; 0; 0; 39; 0; 0; 0; 0; 0; 0; 0; 0; 0; 0; 0; 0; 0; 0; 0; 0; 0; 0; 0; 0; 27; 0
1987;08; 0; 0; 0; 0; 0; 0; 33; 0; 0; 0; 0; 0; 0; 0; 0; 0; 0; 0; 0; 0; 0; 0; 0; 0; 0; 0; 0; 0; 0; 0; 0
1987;09; 0; 0; 0; 0; 18; 0; 0; 59; 45; 0; 140; 0; 0; 0; 0; 0; 0; 0; 78; 0; 0; 0; 201; 200; 0; 0; 0; 16; 0; 0; 9999
1987;10; 0; 408; 0; 0; 87; 114; 0; 0; 0; 0; 0; 0; 0; 0; 0; 0; 0; 0; 0; 0; 0; 0; 0; 31; 472; 0; 90; 0; 0; 0; 0
1987;11; 0; 0; 3; 0; 0; 0; 299; 0; 0; 0; 0; 0; 0; 281; 403; 283; 0; 0; 0; 0; 27; 208; 0; 0; 767; 225; 203; 201; 142; 0; 9999
1987;12; 0; 0; 0; 79; 236; 356; 220; 0; 0; 0; 85; 8; 20; 31; 53; 40; 0; 0; 220; 100; 19; 0; 0; 0; 0; 0; 0; 0; 153; 31; 53
1988;01; 45; 0; 0; 0; 0; 118; 125; 56; 230; 0; 0; 69; 0; 67; 0; 0; 0; 0; 0; 0; 0; 0; 0; 278; 0; 0; 0; 0; 0; 0; 0
1988;02; 0; 0; 27; 0; 0; 467; 236; 63; 68; 69; 16; 110; 0; 0; 0; 13; 32; 0; 0; 283; 125; 0; 146; 0; 32; 0; 0; 445; 457; 9999; 9999
1988;03; 0; 93; 37; 9999; 9999; 9999; 373; 0; 96; 0; 0; 0; 0; 0; 0; 85; 45; 55; 200; 0; 0; 0; 0; 0; 0; 0; 0; 37; 0; 0; 0
1988;04; 0; 0; 0; 0; 0; 0; 0; 0; 383; 0; 473; 0; 240; 12; 215; 0; 0; 0; 87; 50; 0; 0; 0; 0; 0; 0; 0; 0; 0; 0; 9999
1988;05; 0; 0; 0; 0; 83; 0; 0; 0; 0; 0; 0; 0; 0; 0; 0; 0; 67; 2; 0; 0; 0; 0; 0; 0; 43; 23; 0; 0; 24; 0; 54
1988;06; 0; 0; 0; 116; 0; 0; 0; 0; 0; 0; 0; 0; 0; 0; 0; 0; 0; 0; 0; 0; 0; 0; 0; 0; 0; 0; 0; 0; 0; 0; 9999
1988;07; 0; 0; 0; 0; 0; 0; 0; 0; 0; 0; 0; 0; 0; 0; 0; 0; 0; 0; 0; 0; 0; 0; 0; 0; 0; 0; 0; 0; 0; 0; 0
1988;08; 0; 0; 0; 0; 0; 0; 0; 0; 0; 0; 0; 0; 0; 0; 0; 0; 0; 0; 0; 0; 0; 0; 0; 0; 0; 0; 0; 0; 0; 0; 0
1988;09; 0; 0; 0; 0; 0; 0; 0; 0; 0; 0; 0; 0; 0; 0; 0; 0; 19; 0; 0; 0; 0; 0; 0; 0; 0; 0; 0; 0; 0; 9; 9999
1988;10; 0; 0; 0; 0; 4; 0; 23; 0; 0; 0; 0; 118; 4; 0; 0; 0; 0; 0; 0; 81; 222; 0; 37; 264; 0; 0; 685; 0; 4; 0; 165
1988;11; 0; 83; 0; 18; 0; 0; 0; 0; 0; 0; 0; 0; 0; 0; 0; 0; 0; 0; 65; 223; 7; 6; 0; 0; 0; 0; 5; 0; 0; 0; 9999
1988;12; 45; 12; 43; 0; 0; 0; 12; 0; 0; 0; 0; 0; 15; 83; 5; 31; 0; 0; 0; 0; 0; 212; 454; 243; 36; 413; 4; 0; 43; 0; 24
1989;01; 0; 13; 12; 504; 525; 45; 0; 9; 0; 295; 53; 0; 285; 0; 335; 137; 65; 0; 27; 0; 70; 0; 73; 0; 0; 0; 0; 105; 0; 73; 31
1989;02; 0; 0; 15; 49; 124; 0; 94; 2; 224; 490; 233; 23; 26; 96; 235; 12; 289; 255; 86; 0; 0; 0; 19; 26; 0; 63; 59; 150; 9999; 9999; 9999
1989;03; 0; 0; 0; 0; 0; 0; 10; 0; 10; 0; 0; 0; 0; 420; 57; 112; 73; 27; 0; 159; 377; 0; 0; 78; 23; 91; 102; 26; 6; 0; 0
1989;04; 0; 0; 0; 0; 0; 0; 0; 0; 0; 0; 5; 350; 0; 55; 3; 0; 0; 0; 280; 0; 0; 0; 0; 0; 222; 0; 0; 0; 0; 240; 9999
1989;05; 0; 59; 0; 0; 0; 69; 0; 0; 0; 0; 0; 0; 0; 0; 0; 0; 0; 0; 0; 0; 0; 0; 0; 0; 0; 11; 0; 0; 0; 0; 0
1989;06; 0; 0; 0; 0; 0; 0; 0; 263; 0; 45; 0; 18; 0; 0; 0; 0; 27; 0; 0; 0; 0; 0; 0; 0; 147; 0; 0; 0; 165; 0; 9999
1989;07; 0; 0; 0; 0; 0; 0; 0; 0; 0; 0; 0; 0; 0; 0; 0; 0; 0; 0; 0; 0; 0; 0; 0; 0; 0; 0; 0; 0; 42; 177; 457
1989;08; 0; 0; 0; 0; 0; 0; 0; 0; 0; 0; 0; 0; 0; 0; 0; 0; 0; 0; 0; 0; 0; 0; 45; 0; 0; 24; 0; 184; 0; 0; 0
1989;09; 0; 77; 0; 0; 21; 57; 4; 0; 0; 0; 0; 0; 0; 9; 0; 0; 0; 0; 0; 0; 0; 0; 0; 7; 0; 13; 0; 0; 0; 0; 9999
1989;10; 0; 0; 0; 60; 0; 0; 0; 0; 0; 0; 0; 137; 0; 0; 22; 0; 0; 0; 0; 0; 0; 0; 0; 0; 0; 0; 181; 0; 0; 0; 0
1989;11; 0; 0; 0; 31; 25; 0; 0; 0; 94; 35; 25; 47; 400; 0; 0; 0; 0; 11; 0; 65; 60; 0; 0; 0; 0; 0; 0; 61; 50; 0; 9999
1989;12; 0; 202; 0; 0; 0; 270; 0; 0; 0; 0; 334; 23; 9999; 506; 262; 35; 0; 245; 903; 37; 0; 0; 0; 0; 0; 0; 500; 200; 205; 150; 102
1990;01; 153; 260; 225; 232; 0; 200; 0; 0; 0; 608; 495; 0; 241; 0; 0; 69; 0; 0; 0; 0; 0; 0; 0; 0; 0; 0; 0; 0; 53; 82; 0
1990;02; 0; 0; 0; 0; 0; 0; 221; 159; 0; 0; 104; 0; 157; 87; 0; 0; 0; 0; 0; 0; 0; 0; 238; 20; 31; 50; 0; 0; 9999; 9999; 9999
1990;03; 160; 40; 0; 0; 0; 13; 0; 0; 0; 0; 0; 0; 0; 0; 0; 0; 208; 0; 28; 0; 345; 0; 313; 45; 125; 0; 33; 12; 0; 0; 0
1990;04; 0; 0; 0; 0; 0; 0; 0; 0; 0; 10; 0; 0; 0; 0; 0; 12; 330; 281; 222; 91; 0; 0; 0; 0; 0; 0; 0; 0; 0; 0; 9999
1990;05; 0; 10; 160; 0; 0; 194; 0; 0; 0; 0; 20; 78; 0; 0; 0; 12; 0; 225; 0; 0; 0; 0; 0; 0; 0; 0; 0; 0; 0; 0; 0
1990;06; 0; 0; 0; 0; 0; 0; 0; 0; 0; 0; 0; 0; 0; 15; 0; 0; 0; 0; 0; 10; 0; 0; 0; 0; 0; 0; 0; 0; 0; 0; 9999
1990;07; 0; 0; 0; 0; 30; 0; 0; 0; 0; 16; 80; 0; 0; 10; 0; 0; 0; 0; 0; 0; 0; 0; 0; 0; 0; 0; 0; 3; 0; 0; 0
1990;08; 0; 0; 0; 0; 0; 0; 0; 0; 0; 0; 0; 0; 0; 0; 0; 0; 122; 195; 0; 276; 0; 186; 0; 0; 100; 0; 0; 208; 20; 0; 850
1990;09; 20; 85; 0; 0; 0; 0; 0; 5; 0; 0; 0; 0; 248; 25; 0; 0; 0; 0; 0; 0; 0; 0; 60; 0; 0; 0; 0; 0; 10; 80; 9999
1990;10; 95; 35; 0; 0; 0; 0; 0; 0; 0; 0; 0; 0; 32; 0; 0; 150; 0; 15; 75; 37; 123; 0; 0; 0; 0; 0; 0; 0; 55; 49; 0
1990;11; 0; 0; 0; 0; 45; 105; 95; 499; 0; 0; 0; 5; 0; 34; 29; 0; 29; 40; 0; 0; 100; 0; 12; 243; 0; 0; 4; 25; 0; 0; 9999
1990;12; 0; 0; 0; 0; 0; 0; 12; 10; 10; 46; 421; 0; 135; 159; 139; 57; 0; 0; 195; 0; 0; 0; 0; 0; 0; 168; 0; 0; 0; 0; 0
1991;01; 0; 0; 0; 494; 75; 586; 0; 0; 0; 41; 25; 345; 246; 45; 55; 200; 0; 0; 0; 0; 213; 0; 0; 0; 77; 40; 9999; 9999; 352; 133; 0
1991;02; 70; 100; 0; 0; 30; 0; 50; 0; 120; 9999; 9999; 40; 60; 0; 800; 0; 0; 20; 0; 0; 0; 0; 0; 0; 0; 0; 0; 0; 9999; 9999; 9999
1991;03; 0; 248; 0; 483; 1020; 0; 130; 0; 0; 0; 0; 0; 222; 50; 45; 0; 89; 0; 0; 25; 40; 0; 0; 0; 0; 21; 92; 38; 200; 108; 180
1991;04; 0; 0; 0; 0; 0; 0; 175; 0; 0; 0; 0; 0; 0; 9999; 9999; 9999; 9999; 9999; 9999; 9999; 9999; 9999; 9999; 9999; 9999; 9999; 0; 0; 0; 0; 9999
1991;05; 0; 0; 0; 0; 0; 0; 0; 12; 0; 0; 0; 0; 0; 0; 0; 237; 0; 0; 0; 12; 0; 0; 0; 0; 0; 0; 0; 0; 0; 0; 0
1991;06; 0; 0; 0; 0; 0; 0; 0; 0; 0; 0; 0; 0; 0; 0; 0; 0; 0; 0; 0; 0; 0; 46; 0; 0; 0; 7; 0; 0; 0; 0; 9999
1991;07; 0; 0; 0; 0; 0; 0; 0; 0; 0; 0; 0; 0; 0; 0; 4; 0; 0; 0; 0; 0; 0; 0; 0; 0; 0; 0; 0; 0; 0; 0; 0
1991;08; 0; 0; 0; 0; 0; 0; 0; 0; 0; 0; 0; 0; 0; 0; 0; 0; 0; 0; 0; 0; 0; 0; 0; 0; 0; 0; 0; 0; 0; 0; 0
1991;09; 0; 0; 0; 0; 0; 0; 0; 0; 0; 0; 0; 0; 0; 0; 0; 0; 0; 0; 48; 0; 0; 0; 0; 0; 0; 3; 0; 0; 175; 3; 9999
1991;10; 9999; 28; 341; 0; 0; 86; 0; 0; 0; 0; 0; 0; 0; 0; 0; 0; 208; 0; 0; 26; 0; 0; 0; 0; 0; 0; 0; 0; 0; 0; 0
1991;11; 0; 177; 0; 0; 0; 0; 6; 0; 0; 0; 0; 639; 0; 0; 266; 0; 0; 0; 0; 0; 0; 0; 0; 0; 0; 0; 63; 0; 0; 33; 9999
1991;12; 0; 72; 0; 0; 0; 0; 542; 118; 0; 0; 17; 408; 100; 0; 0; 0; 102; 0; 0; 198; 112; 0; 88; 250; 0; 0; 28; 600; 68; 34; 0
1992;01; 66; 411; 0; 0; 480; 33; 0; 0; 0; 350; 0; 0; 0; 0; 135; 0; 413; 250; 140; 120; 87; 97; 245; 0; 30; 88; 0; 0; 0; 510; 420
1992;02; 60; 290; 350; 0; 180; 30; 0; 0; 0; 0; 100; 0; 0; 0; 0; 83; 10; 0; 3; 3; 0; 0; 0; 0; 0; 19; 0; 21; 195; 9999; 9999
1992;03; 315; 174; 0; 9; 48; 0; 0; 0; 0; 0; 129; 0; 36; 0; 0; 145; 142; 0; 0; 0; 0; 0; 21; 0; 100; 0; 457; 0; 0; 350; 236
1992;04; 68; 0; 0; 0; 0; 0; 91; 4; 0; 0; 0; 0; 142; 173; 0; 0; 0; 0; 0; 120; 101; 0; 0; 0; 0; 0; 0; 0; 0; 0; 9999
1992;05; 0; 128; 0; 56; 30; 0; 0; 0; 0; 0; 0; 0; 0; 0; 0; 0; 0; 0; 0; 0; 0; 0; 0; 196; 0; 0; 0; 0; 0; 0; 0
1992;06; 0; 0; 0; 0; 0; 0; 0; 0; 0; 0; 0; 0; 0; 0; 0; 0; 0; 0; 0; 0; 0; 0; 0; 0; 0; 0; 0; 0; 0; 0; 9999
1992;07; 0; 0; 0; 0; 0; 0; 0; 0; 0; 0; 0; 0; 19; 0; 0; 0; 0; 0; 0; 0; 0; 0; 0; 0; 0; 0; 0; 0; 0; 0; 0
1992;08; 0; 0; 0; 0; 0; 0; 0; 0; 0; 0; 0; 0; 0; 0; 0; 0; 0; 4; 9; 0; 45; 10; 0; 1; 0; 0; 0; 0; 0; 0; 0
1992;09; 46; 8; 0; 24; 0; 218; 0; 0; 0; 0; 50; 0; 0; 0; 128; 0; 0; 250; 377; 0; 0; 0; 0; 0; 0; 160; 0; 0; 0; 0; 9999
1992;10; 0; 0; 9999; 0; 0; 0; 0; 440; 417; 0; 0; 35; 28; 195; 0; 0; 340; 5; 0; 0; 0; 126; 0; 0; 0; 0; 0; 0; 363; 226; 30
1992;11; 82; 0; 0; 53; 0; 0; 0; 0; 9999; 0; 0; 0; 65; 0; 0; 0; 0; 183; 0; 0; 0; 0; 0; 125; 0; 68; 351; 52; 0; 0; 9999
1992;12; 0; 0; 0; 0; 65; 0; 0; 9; 23; 150; 79; 0; 0; 0; 0; 0; 0; 105; 0; 0; 32; 0; 0; 0; 0; 0; 756; 0; 0; 15; 0
1993;01; 0; 0; 0; 0; 136; 0; 0; 85; 0; 257; 121; 37; 0; 0; 0; 19; 0; 0; 0; 0; 0; 0; 0; 0; 135; 0; 216; 0; 0; 0; 0
1993;02; 121; 139; 131; 0; 67; 166; 69; 88; 293; 77; 0; 79; 0; 109; 197; 545; 85; 48; 0; 104; 55; 0; 135; 41; 0; 0; 355; 0; 9999; 9999; 9999
1993;03; 75; 0; 91; 210; 0; 0; 0; 0; 0; 0; 0; 0; 155; 0; 0; 152; 0; 0; 0; 273; 0; 0; 35; 0; 0; 0; 23; 90; 328; 0; 45
1993;04; 0; 0; 0; 162; 0; 0; 0; 0; 223; 0; 0; 170; 45; 0; 0; 0; 0; 0; 0; 0; 0; 0; 0; 0; 0; 0; 0; 0; 0; 0; 9999
1993;05; 0; 0; 0; 0; 0; 89; 0; 0; 0; 0; 0; 0; 0; 0; 196; 0; 0; 0; 0; 0; 0; 0; 0; 0; 0; 0; 0; 0; 0; 0; 33
1993;06; 127; 0; 0; 0; 24; 0; 0; 0; 0; 0; 0; 0; 0; 0; 0; 0; 0; 0; 38; 0; 0; 0; 0; 0; 0; 0; 0; 0; 0; 0; 9999
1993;07; 0; 0; 0; 0; 0; 0; 0; 0; 0; 0; 0; 0; 0; 0; 0; 0; 0; 0; 0; 0; 0; 0; 0; 0; 0; 0; 0; 0; 0; 0; 0
1993;08; 0; 11; 0; 0; 0; 0; 0; 0; 0; 0; 0; 0; 0; 0; 0; 0; 0; 0; 0; 6; 0; 0; 0; 70; 0; 0; 0; 0; 0; 0; 0
1993;09; 0; 0; 0; 0; 0; 0; 0; 121; 0; 0; 0; 67; 0; 0; 161; 0; 0; 0; 0; 0; 0; 82; 21; 32; 0; 0; 137; 0; 0; 0; 9999
1993;10; 0; 217; 0; 29; 0; 0; 0; 0; 0; 0; 0; 0; 0; 0; 0; 0; 0; 0; 0; 166; 0; 0; 0; 0; 0; 219; 0; 0; 0; 0; 0
1993;11; 0; 57; 0; 0; 0; 0; 329; 0; 0; 0; 0; 0; 0; 0; 0; 0; 0; 24; 0; 0; 0; 0; 146; 0; 0; 141; 18; 0; 0; 0; 9999
1993;12; 0; 0; 0; 0; 0; 0; 22; 75; 208; 127; 223; 191; 0; 0; 137; 242; 370; 0; 77; 215; 0; 0; 0; 1252; 906; 205; 212; 0; 74; 0; 259
1994;01; 387; 0; 73; 95; 0; 0; 0; 0; 79; 0; 114; 0; 30; 36; 135; 0; 0; 0; 0; 63; 180; 0; 80; 0; 92; 0; 335; 128; 66; 0; 194
1994;02; 0; 0; 0; 0; 0; 9999; 0; 431; 0; 0; 0; 356; 0; 0; 105; 0; 0; 0; 0; 34; 0; 0; 655; 0; 0; 0; 34; 17; 9999; 9999; 9999
1994;03; 68; 228; 53; 0; 239; 0; 0; 164; 0; 14; 307; 0; 0; 0; 0; 0; 0; 0; 63; 452; 79; 0; 0; 0; 135; 0; 145; 0; 0; 0; 162
1994;04; 0; 0; 0; 0; 0; 0; 138; 0; 0; 0; 0; 0; 0; 0; 0; 0; 0; 0; 73; 0; 0; 274; 400; 24; 0; 0; 0; 0; 0; 0; 9999
1994;05; 0; 0; 0; 0; 0; 0; 0; 0; 0; 0; 0; 0; 0; 31; 0; 0; 0; 0; 0; 0; 0; 0; 0; 0; 0; 0; 0; 0; 10; 0; 0
1994;06; 0; 0; 0; 0; 0; 0; 0; 0; 0; 0; 0; 0; 0; 0; 0; 0; 0; 0; 0; 0; 0; 0; 19; 0; 62; 0; 0; 0; 0; 0; 9999
1994;07; 0; 0; 0; 0; 0; 0; 0; 0; 0; 0; 0; 0; 0; 0; 0; 0; 0; 0; 0; 0; 0; 0; 106; 0; 0; 0; 0; 0; 0; 0; 0
1994;08; 0; 0; 0; 0; 0; 0; 0; 0; 0; 0; 0; 0; 0; 0; 0; 0; 0; 0; 0; 0; 0; 0; 0; 0; 0; 0; 0; 0; 0; 0; 0
1994;09; 0; 0; 0; 0; 0; 0; 0; 0; 0; 0; 0; 0; 0; 0; 0; 0; 0; 0; 0; 0; 0; 0; 0; 0; 0; 0; 0; 0; 0; 0; 9999
1994;10; 0; 0; 0; 0; 0; 0; 0; 30; 0; 0; 0; 0; 0; 0; 0; 0; 0; 0; 0; 0; 0; 9999; 126; 0; 145; 0; 155; 1; 78; 0; 0
1994;11; 0; 0; 0; 0; 76; 0; 0; 0; 0; 0; 0; 133; 0; 59; 9999; 9999; 9999; 9999; 9999; 9999; 9999; 9999; 9999; 9999; 9999; 0; 207; 55; 212; 0; 9999
1994;12; 0; 0; 0; 0; 0; 0; 190; 0; 0; 0; 122; 0; 0; 0; 0; 22; 0; 0; 192; 0; 0; 245; 153; 217; 0; 0; 182; 156; 197; 0; 88
1995;01; 253; 0; 55; 467; 0; 0; 77; 0; 0; 0; 3; 118; 0; 0; 0; 0; 0; 0; 0; 0; 0; 101; 0; 0; 0; 0; 0; 0; 48; 0; 78
1995;02; 174; 0; 558; 632; 294; 517; 449; 402; 370; 0; 46; 372; 0; 74; 81; 210; 0; 115; 143; 372; 37; 0; 0; 0; 0; 0; 0; 106; 9999; 9999; 9999
1995;03; 0; 0; 0; 0; 0; 0; 0; 0; 81; 52; 0; 0; 342; 0; 0; 0; 0; 0; 0; 0; 0; 0; 0; 71; 0; 0; 0; 0; 0; 0; 0
1995;04; 544; 0; 0; 0; 0; 0; 24; 5; 246; 7; 0; 0; 0; 0; 0; 0; 0; 0; 0; 0; 0; 65; 0; 0; 0; 0; 0; 0; 0; 0; 9999
1995;05; 0; 0; 0; 0; 0; 63; 0; 167; 0; 0; 0; 0; 0; 0; 0; 0; 0; 0; 0; 0; 0; 0; 0; 0; 0; 0; 0; 0; 0; 0; 0
1995;06; 0; 0; 0; 0; 0; 0; 0; 0; 0; 0; 0; 0; 0; 0; 0; 0; 0; 123; 0; 0; 0; 0; 0; 0; 0; 0; 0; 0; 0; 0; 9999
1995;07; 0; 0; 0; 0; 0; 0; 0; 0; 0; 11; 0; 0; 0; 0; 0; 0; 0; 0; 0; 0; 0; 0; 0; 0; 0; 0; 0; 0; 0; 0; 0
1995;08; 0; 0; 0; 0; 0; 0; 0; 0; 0; 0; 0; 0; 0; 0; 0; 0; 0; 0; 0; 0; 0; 0; 0; 0; 0; 0; 0; 0; 0; 0; 0
1995;09; 0; 0; 0; 0; 0; 0; 0; 0; 0; 0; 0; 0; 0; 0; 0; 0; 0; 0; 163; 0; 0; 0; 0; 0; 80; 0; 190; 59; 27; 0; 9999
1995;10; 0; 0; 0; 0; 0; 0; 0; 0; 0; 0; 0; 0; 0; 323; 98; 0; 79; 45; 0; 0; 0; 0; 0; 0; 0; 0; 0; 0; 0; 0; 0
1995;11; 0; 0; 0; 44; 115; 0; 0; 0; 0; 0; 0; 82; 0; 0; 51; 0; 0; 0; 0; 0; 0; 0; 0; 0; 0; 0; 0; 0; 0; 0; 9999
1995;12; 0; 0; 41; 99; 0; 0; 0; 0; 0; 0; 0; 98; 273; 235; 0; 0; 0; 172; 0; 0; 72; 113; 0; 0; 0; 53; 41; 0; 0; 0; 0
1996;01; 0; 1082; 12; 71; 0; 0; 98; 0; 269; 0; 0; 0; 0; 0; 28; 0; 0; 0; 118; 0; 0; 0; 0; 0; 0; 0; 0; 0; 0; 0; 0
1996;02; 0; 0; 559; 367; 0; 0; 0; 0; 0; 0; 0; 0; 0; 0; 349; 0; 0; 0; 0; 0; 230; 0; 0; 0; 0; 0; 0; 86; 0; 9999; 9999
1996;03; 0; 0; 0; 0; 0; 0; 0; 1017; 326; 226; 257; 49; 0; 3; 0; 13; 318; 23; 0; 111; 74; 0; 0; 0; 0; 0; 128; 0; 7; 0; 0
1996;04; 0; 0; 0; 0; 0; 0; 0; 0; 0; 0; 0; 0; 0; 432; 634; 0; 367; 0; 0; 0; 0; 0; 0; 0; 0; 0; 0; 0; 0; 0; 9999
1996;05; 0; 0; 0; 0; 0; 0; 0; 0; 0; 0; 0; 0; 0; 0; 0; 189; 0; 0; 0; 0; 0; 0; 0; 67; 0; 15; 0; 0; 0; 0; 0
1996;06; 0; 0; 0; 0; 0; 0; 0; 0; 0; 0; 0; 0; 0; 0; 0; 0; 0; 0; 0; 0; 0; 0; 0; 0; 0; 0; 0; 0; 171; 0; 9999
1996;07; 0; 0; 0; 0; 0; 0; 0; 0; 0; 0; 0; 0; 0; 0; 0; 0; 0; 0; 0; 0; 0; 0; 0; 0; 0; 0; 0; 0; 0; 0; 0
1996;08; 0; 0; 0; 0; 0; 0; 0; 0; 0; 0; 0; 0; 0; 0; 79; 56; 0; 0; 0; 0; 0; 0; 0; 0; 0; 0; 0; 0; 0; 0; 0
1996;09; 105; 0; 0; 300; 29; 111; 0; 0; 67; 363; 0; 0; 0; 0; 0; 0; 0; 0; 0; 0; 0; 0; 0; 0; 0; 0; 0; 0; 27; 0; 9999
1996;10; 0; 0; 49; 0; 0; 0; 213; 0; 0; 0; 0; 273; 0; 0; 0; 0; 0; 0; 0; 0; 0; 0; 0; 0; 0; 195; 0; 275; 0; 0; 0
1996;11; 162; 251; 49; 54; 173; 0; 0; 81; 0; 0; 0; 0; 0; 0; 306; 365; 220; 0; 224; 21; 480; 565; 0; 0; 0; 0; 0; 0; 0; 0; 9999
1996;12; 0; 0; 352; 363; 0; 0; 0; 0; 0; 0; 0; 321; 9999; 9999; 9999; 0; 0; 161; 0; 0; 0; 0; 300; 0; 0; 0; 0; 0; 241; 178; 0
1997;01; 331; 323; 299; 0; 0; 0; 0; 0; 0; 0; 0; 0; 0; 0; 571; 200; 0; 0; 0; 493; 345; 10; 98; 0; 440; 385; 114; 0; 261; 62; 277
1997;02; 0; 312; 0; 122; 0; 0; 0; 0; 256; 0; 0; 0; 0; 0; 0; 0; 0; 0; 0; 0; 0; 0; 0; 0; 0; 0; 0; 0; 9999; 9999; 9999
1997;03; 0; 0; 203; 100; 174; 0; 0; 0; 47; 226; 9999; 9999; 9999; 9999; 9999; 9999; 9999; 9999; 9999; 9999; 9999; 9999; 9999; 9999; 9999; 9999; 9999; 9999; 9999; 9999; 9999
1997;04; 411; 0; 0; 0; 0; 0; 0; 0; 0; 0; 0; 0; 0; 0; 0; 0; 134; 0; 0; 0; 9999; 9999; 9999; 0; 0; 0; 0; 0; 0; 0; 9999
1997;05; 0; 0; 0; 0; 0; 0; 0; 0; 0; 0; 0; 0; 0; 0; 0; 30; 0; 0; 0; 0; 0; 0; 285; 0; 638; 0; 0; 53; 90; 0; 0
1997;06; 0; 0; 0; 0; 0; 723; 0; 0; 0; 0; 0; 0; 121; 0; 173; 221; 0; 0; 0; 0; 0; 0; 0; 0; 0; 0; 0; 0; 0; 0; 9999
1997;07; 0; 0; 0; 0; 0; 0; 0; 0; 0; 0; 0; 0; 0; 0; 0; 0; 0; 0; 0; 0; 0; 0; 0; 0; 0; 0; 0; 0; 0; 0; 0
1997;08; 0; 0; 0; 0; 0; 0; 0; 0; 0; 0; 0; 0; 0; 0; 0; 0; 0; 0; 0; 0; 0; 0; 0; 0; 0; 0; 0; 0; 0; 0; 0
1997;09; 0; 0; 0; 0; 0; 0; 0; 0; 0; 0; 0; 0; 0; 0; 0; 0; 0; 0; 0; 0; 385; 0; 0; 0; 213; 0; 0; 0; 314; 0; 9999
1997;10; 0; 0; 0; 0; 0; 0; 0; 0; 0; 0; 0; 0; 0; 0; 0; 110; 110; 0; 0; 0; 262; 0; 0; 0; 0; 0; 74; 0; 0; 0; 0
1997;11; 208; 0; 0; 0; 0; 0; 90; 0; 0; 0; 0; 224; 134; 0; 153; 323; 164; 0; 484; 0; 0; 83; 0; 0; 0; 0; 0; 844; 317; 0; 9999
1997;12; 0; 314; 41; 151; 0; 0; 29; 0; 0; 0; 0; 0; 0; 9999; 9999; 0; 0; 0; 56; 0; 0; 0; 0; 0; 0; 0; 0; 0; 165; 0; 130
