33
Ano,Mes,1,2,3,4,5,6,7,8,9,10,11,12,13,14,15,16,17,18,19,20,21,22,23,24,25,26,27,28,29,30,31
1965;01; 21; 124; 115; 0; 0; 0; 9; 113; 2; 6; 0; 0; 0; 0; 10; 30; 3; 187; 33; 0; 0; 0; 0; 25; 2; 1; 175; 213; 197; 151; 422
1965;02; 266; 42; 37; 94; 57; 57; 0; 0; 0; 0; 0; 171; 87; 9; 0; 0; 120; 0; 0; 0; 348; 322; 210; 57; 248; 10; 155; 15; 9999; 9999; 9999
1965;03; 84; 370; 150; 564; 0; 63; 15; 37; 35; 0; 0; 0; 0; 0; 148; 0; 0; 40; 51; 0; 0; 0; 0; 65; 1; 0; 0; 0; 0; 0; 0
1965;04; 0; 0; 0; 0; 0; 0; 0; 0; 165; 5; 0; 0; 0; 0; 0; 0; 0; 74; 0; 0; 0; 0; 0; 0; 0; 0; 0; 0; 160; 0; 9999
1965;05; 0; 0; 0; 0; 0; 0; 0; 0; 0; 0; 0; 0; 0; 0; 14; 0; 4; 0; 0; 0; 0; 0; 0; 0; 0; 0; 0; 0; 0; 0; 0
1965;06; 0; 0; 0; 0; 0; 0; 0; 0; 79; 0; 0; 0; 0; 0; 0; 0; 0; 0; 0; 0; 0; 0; 0; 0; 0; 0; 0; 0; 0; 0; 9999
1965;07; 0; 0; 0; 0; 190; 70; 50; 200; 160; 220; 0; 0; 0; 0; 0; 0; 0; 0; 0; 0; 0; 0; 0; 0; 0; 0; 0; 0; 0; 0; 50
1965;08; 0; 0; 0; 0; 0; 0; 0; 0; 0; 0; 0; 0; 0; 0; 0; 18; 0; 0; 0; 0; 0; 0; 0; 0; 0; 0; 0; 0; 0; 0; 0
1965;09; 0; 0; 0; 0; 0; 0; 0; 0; 0; 0; 0; 0; 0; 0; 0; 0; 0; 0; 0; 0; 0; 0; 0; 0; 0; 0; 38; 0; 0; 0; 9999
1965;10; 0; 0; 0; 0; 0; 0; 0; 0; 0; 120; 0; 0; 0; 50; 0; 0; 0; 390; 0; 0; 180; 0; 6; 280; 0; 0; 0; 160; 0; 0; 0
1965;11; 0; 0; 0; 0; 0; 0; 0; 0; 0; 0; 0; 0; 170; 0; 0; 0; 0; 0; 0; 0; 130; 0; 0; 0; 0; 0; 0; 260; 210; 190; 9999
1965;12; 160; 120; 0; 400; 100; 170; 140; 0; 260; 160; 230; 120; 0; 8; 260; 0; 0; 0; 0; 0; 0; 0; 5; 0; 0; 140; 8; 0; 4; 0; 5
1966;01; 0; 625; 0; 460; 0; 7; 0; 230; 0; 390; 0; 0; 0; 0; 0; 0; 0; 0; 170; 0; 0; 0; 0; 0; 150; 0; 0; 0; 0; 340; 8
1966;02; 0; 0; 0; 0; 0; 0; 150; 120; 100; 150; 100; 8; 0; 0; 0; 0; 0; 0; 0; 0; 45; 0; 3; 0; 0; 0; 0; 0; 9999; 9999; 9999
1966;03; 0; 291; 0; 663; 0; 256; 0; 38; 0; 0; 0; 0; 0; 0; 0; 0; 0; 0; 0; 0; 0; 0; 185; 0; 0; 45; 0; 0; 0; 0; 0
1966;04; 8; 0; 0; 0; 90; 0; 0; 0; 0; 0; 0; 0; 0; 0; 0; 0; 0; 0; 0; 0; 0; 0; 0; 0; 0; 160; 0; 0; 0; 0; 9999
1966;05; 0; 0; 0; 0; 0; 80; 0; 0; 0; 100; 50; 340; 80; 0; 0; 0; 0; 0; 0; 0; 410; 170; 290; 0; 0; 0; 0; 0; 0; 0; 0
1966;06; 0; 0; 0; 0; 0; 0; 0; 0; 0; 0; 0; 0; 0; 0; 0; 0; 0; 0; 0; 0; 0; 0; 0; 0; 0; 0; 0; 0; 0; 0; 9999
1966;07; 0; 0; 0; 0; 0; 0; 0; 0; 0; 0; 0; 0; 0; 0; 0; 0; 0; 0; 0; 0; 0; 0; 0; 90; 0; 0; 0; 0; 0; 0; 290
1966;08; 0; 0; 0; 0; 0; 0; 0; 0; 0; 0; 0; 0; 0; 0; 0; 0; 0; 0; 0; 0; 0; 0; 0; 0; 0; 0; 0; 0; 0; 320; 0
1966;09; 220; 0; 120; 0; 0; 0; 0; 0; 0; 0; 0; 0; 0; 0; 0; 0; 0; 0; 0; 0; 0; 0; 0; 0; 0; 0; 0; 0; 0; 0; 9999
1966;10; 0; 0; 0; 0; 0; 0; 0; 180; 120; 0; 0; 0; 0; 0; 0; 0; 0; 270; 0; 0; 0; 480; 0; 180; 0; 0; 1190; 0; 250; 0; 0
1966;11; 0; 0; 0; 0; 0; 0; 0; 0; 0; 0; 0; 210; 0; 80; 500; 130; 0; 0; 0; 0; 0; 0; 0; 0; 0; 0; 0; 0; 0; 0; 9999
1966;12; 0; 0; 0; 0; 0; 0; 0; 0; 0; 100; 0; 0; 0; 0; 490; 250; 130; 170; 210; 580; 280; 80; 8; 6; 0; 0; 0; 0; 0; 0; 0
1967;01; 0; 0; 0; 0; 0; 6; 0; 100; 150; 80; 120; 100; 370; 90; 160; 0; 6; 190; 0; 0; 380; 0; 0; 0; 0; 0; 0; 0; 0; 0; 0
1967;02; 0; 0; 0; 500; 120; 0; 0; 260; 350; 0; 0; 120; 0; 0; 120; 0; 0; 290; 0; 315; 230; 0; 0; 190; 0; 0; 0; 0; 9999; 9999; 9999
1967;03; 0; 140; 0; 140; 140; 0; 810; 295; 0; 0; 0; 0; 320; 120; 0; 0; 0; 0; 0; 0; 0; 0; 0; 0; 0; 0; 0; 270; 0; 0; 0
1967;04; 0; 0; 0; 0; 0; 0; 0; 0; 0; 0; 0; 0; 0; 0; 0; 0; 0; 0; 0; 0; 0; 0; 0; 0; 0; 0; 0; 0; 0; 0; 9999
1967;05; 0; 0; 0; 0; 0; 0; 0; 0; 0; 0; 0; 0; 0; 0; 0; 0; 0; 0; 0; 0; 0; 0; 0; 0; 0; 0; 0; 0; 0; 0; 0
1967;06; 0; 0; 0; 100; 0; 8; 230; 0; 0; 0; 2; 0; 0; 0; 0; 0; 0; 0; 0; 0; 0; 0; 0; 0; 0; 0; 0; 0; 0; 0; 9999
1967;07; 0; 0; 0; 0; 0; 0; 0; 0; 0; 5; 0; 0; 0; 0; 0; 0; 0; 0; 0; 0; 0; 0; 0; 0; 0; 0; 0; 0; 0; 0; 0
1967;08; 0; 0; 0; 0; 0; 0; 0; 0; 0; 0; 0; 0; 0; 0; 0; 0; 0; 0; 0; 0; 0; 0; 0; 0; 0; 0; 0; 0; 0; 0; 0
1967;09; 0; 0; 0; 0; 0; 0; 21; 0; 0; 0; 0; 0; 56; 265; 0; 0; 0; 0; 0; 0; 0; 0; 0; 0; 0; 0; 0; 0; 0; 0; 9999
1967;10; 0; 120; 0; 0; 0; 0; 0; 0; 0; 0; 0; 6; 74; 0; 0; 0; 0; 0; 8; 0; 0; 150; 0; 560; 0; 404; 202; 0; 0; 0; 0
1967;11; 0; 0; 8; 13; 0; 0; 0; 0; 0; 0; 0; 0; 210; 2; 0; 160; 250; 0; 0; 0; 0; 0; 0; 114; 58; 14; 0; 0; 0; 0; 9999
1967;12; 0; 0; 0; 487; 132; 0; 0; 80; 0; 610; 0; 0; 0; 0; 0; 50; 32; 54; 0; 342; 0; 0; 0; 0; 0; 0; 0; 0; 0; 0; 0
1968;01; 0; 350; 0; 0; 0; 0; 0; 0; 282; 190; 18; 14; 39; 31; 25; 5; 33; 7; 14; 0; 7; 0; 28; 0; 0; 0; 0; 0; 0; 0; 0
1968;02; 0; 0; 0; 0; 0; 34; 0; 0; 0; 0; 0; 0; 97; 0; 130; 309; 20; 57; 0; 0; 235; 0; 0; 93; 0; 0; 93; 0; 0; 9999; 9999
1968;03; 0; 0; 0; 0; 0; 55; 65; 0; 0; 0; 0; 38; 0; 35; 940; 90; 0; 0; 0; 0; 0; 0; 0; 0; 0; 0; 0; 0; 40; 0; 0
1968;04; 0; 0; 0; 0; 0; 0; 0; 0; 0; 0; 0; 0; 0; 0; 0; 0; 0; 0; 150; 0; 0; 0; 0; 0; 0; 0; 0; 260; 0; 0; 9999
1968;05; 0; 0; 0; 0; 0; 0; 0; 0; 0; 0; 40; 0; 0; 0; 0; 0; 0; 0; 0; 0; 0; 0; 0; 0; 0; 0; 0; 0; 0; 0; 0
1968;06; 0; 0; 0; 0; 0; 0; 0; 0; 0; 0; 0; 0; 0; 0; 0; 0; 0; 0; 0; 465; 0; 0; 0; 0; 0; 0; 0; 0; 0; 0; 9999
1968;07; 0; 0; 0; 0; 0; 0; 0; 0; 0; 30; 0; 0; 0; 0; 0; 0; 0; 0; 0; 0; 0; 0; 0; 0; 0; 0; 0; 0; 0; 0; 0
1968;08; 0; 0; 0; 60; 0; 0; 0; 0; 190; 0; 0; 0; 0; 0; 0; 0; 0; 0; 0; 0; 0; 0; 0; 0; 0; 0; 0; 0; 0; 0; 140
1968;09; 60; 20; 10; 0; 0; 0; 0; 0; 0; 0; 0; 0; 0; 0; 0; 0; 0; 0; 70; 380; 0; 0; 0; 0; 0; 0; 0; 0; 0; 0; 9999
1968;10; 0; 0; 0; 0; 0; 0; 0; 0; 0; 0; 0; 0; 0; 0; 0; 16; 195; 390; 193; 0; 0; 350; 230; 140; 20; 0; 10; 15; 0; 0; 0
1968;11; 0; 0; 0; 0; 0; 0; 0; 0; 0; 0; 0; 0; 0; 240; 110; 230; 5; 0; 0; 350; 10; 0; 0; 0; 0; 152; 710; 10; 480; 52; 9999
1968;12; 32; 315; 160; 0; 0; 5; 0; 0; 150; 0; 0; 0; 0; 0; 5; 0; 530; 5; 0; 145; 110; 160; 6; 150; 5; 7; 5; 8; 8; 6; 0
1969;01; 0; 160; 0; 0; 0; 0; 0; 0; 0; 560; 70; 0; 0; 0; 20; 40; 110; 30; 0; 100; 0; 20; 90; 50; 0; 0; 0; 80; 0; 40; 0
1969;02; 0; 0; 0; 0; 370; 0; 0; 0; 0; 0; 0; 0; 70; 0; 120; 0; 0; 0; 0; 130; 0; 0; 0; 10; 0; 0; 0; 0; 9999; 9999; 9999
1969;03; 0; 0; 360; 0; 70; 10; 0; 0; 0; 0; 0; 30; 10; 70; 0; 0; 0; 0; 0; 0; 135; 10; 0; 0; 0; 0; 0; 60; 0; 0; 0
1969;04; 15; 0; 0; 40; 0; 0; 0; 0; 0; 0; 0; 0; 0; 0; 0; 0; 0; 0; 0; 0; 20; 0; 0; 0; 0; 0; 20; 0; 0; 0; 9999
1969;05; 0; 0; 240; 0; 0; 0; 0; 0; 0; 0; 0; 0; 0; 0; 0; 0; 0; 0; 0; 0; 0; 0; 0; 0; 0; 0; 0; 0; 0; 0; 0
1969;06; 0; 90; 0; 0; 0; 0; 0; 0; 0; 0; 0; 0; 0; 0; 0; 0; 0; 0; 0; 120; 0; 0; 0; 0; 0; 0; 0; 0; 0; 0; 9999
1969;07; 0; 0; 0; 0; 0; 0; 0; 0; 0; 0; 0; 0; 15; 0; 0; 0; 0; 0; 0; 0; 0; 0; 0; 0; 0; 0; 0; 0; 0; 0; 0
1969;08; 0; 0; 0; 0; 0; 20; 0; 0; 0; 0; 0; 0; 0; 0; 0; 0; 0; 0; 0; 0; 0; 0; 0; 0; 0; 0; 0; 0; 0; 0; 0
1969;09; 0; 0; 0; 0; 40; 0; 0; 0; 0; 0; 0; 0; 0; 0; 0; 0; 0; 0; 0; 40; 0; 0; 0; 0; 0; 0; 0; 10; 570; 270; 9999
1969;10; 20; 40; 430; 10; 610; 10; 0; 0; 0; 0; 0; 0; 0; 0; 0; 1; 52; 0; 0; 0; 0; 35; 0; 0; 0; 0; 0; 0; 0; 102; 285
1969;11; 0; 140; 0; 6; 0; 55; 125; 30; 165; 5; 0; 660; 6; 0; 28; 160; 0; 0; 0; 3; 0; 0; 0; 0; 0; 0; 50; 475; 75; 95; 9999
1969;12; 0; 0; 0; 0; 15; 0; 0; 0; 120; 10; 60; 25; 70; 355; 0; 0; 0; 0; 60; 0; 0; 250; 5; 0; 0; 0; 0; 0; 0; 495; 420
1970;01; 0; 0; 195; 0; 0; 50; 0; 145; 0; 0; 0; 0; 0; 30; 660; 105; 0; 10; 0; 285; 0; 0; 0; 0; 0; 0; 0; 0; 0; 340; 70
1970;02; 0; 0; 0; 0; 35; 0; 0; 235; 0; 0; 0; 0; 0; 290; 5; 90; 35; 110; 35; 185; 45; 315; 20; 130; 0; 40; 190; 215; 9999; 9999; 9999
1970;03; 0; 15; 15; 65; 0; 0; 0; 0; 15; 0; 0; 65; 35; 0; 45; 320; 35; 10; 0; 0; 0; 0; 0; 0; 0; 65; 0; 0; 0; 0; 0
1970;04; 100; 25; 140; 0; 0; 0; 0; 0; 0; 75; 0; 0; 0; 0; 0; 0; 0; 0; 0; 0; 0; 0; 0; 0; 0; 0; 0; 0; 0; 0; 9999
1970;05; 0; 0; 0; 0; 0; 335; 85; 0; 70; 40; 55; 0; 0; 0; 0; 0; 0; 0; 5; 110; 5; 0; 0; 0; 0; 0; 0; 0; 0; 0; 0
1970;06; 0; 0; 0; 0; 0; 0; 0; 0; 0; 0; 0; 0; 0; 0; 0; 0; 0; 0; 0; 0; 0; 32; 355; 10; 0; 0; 0; 28; 0; 0; 9999
1970;07; 0; 0; 0; 0; 0; 0; 0; 0; 140; 4; 65; 175; 0; 0; 0; 0; 0; 0; 0; 0; 0; 0; 0; 0; 0; 0; 0; 0; 0; 0; 0
1970;08; 0; 0; 0; 0; 0; 0; 0; 0; 0; 0; 0; 0; 0; 0; 0; 0; 0; 0; 0; 0; 0; 0; 0; 0; 0; 80; 51; 5; 0; 22; 15
1970;09; 0; 0; 0; 0; 0; 230; 0; 0; 0; 0; 0; 32; 79; 0; 4; 0; 0; 0; 242; 70; 89; 1; 0; 0; 0; 0; 0; 6; 21; 0; 9999
1970;10; 192; 68; 490; 0; 0; 0; 0; 0; 23; 0; 0; 0; 22; 0; 0; 33; 32; 0; 0; 2; 41; 0; 0; 0; 0; 0; 116; 109; 0; 0; 0
1970;11; 0; 0; 0; 0; 0; 126; 19; 1; 0; 0; 0; 0; 28; 0; 0; 0; 0; 0; 0; 0; 31; 0; 0; 0; 0; 13; 22; 0; 6; 0; 9999
1970;12; 456; 1; 0; 0; 0; 0; 0; 0; 0; 46; 62; 0; 0; 8; 0; 0; 0; 0; 6; 0; 91; 41; 0; 16; 50; 0; 0; 35; 77; 5; 134
1971;01; 0; 155; 0; 465; 310; 55; 1; 112; 268; 0; 350; 0; 2; 0; 338; 0; 0; 0; 0; 0; 28; 26; 0; 0; 0; 0; 0; 0; 0; 0; 0
1971;02; 68; 0; 109; 0; 0; 0; 0; 63; 38; 107; 69; 65; 200; 0; 7; 6; 0; 0; 318; 0; 100; 0; 0; 207; 0; 30; 118; 0; 9999; 9999; 9999
1971;03; 0; 0; 0; 233; 0; 38; 0; 23; 0; 317; 14; 23; 0; 0; 0; 0; 0; 4; 9; 0; 0; 0; 67; 0; 0; 5; 0; 300; 0; 0; 15
1971;04; 41; 0; 0; 10; 0; 0; 0; 0; 20; 0; 0; 0; 0; 0; 25; 62; 86; 0; 0; 0; 21; 27; 25; 4; 0; 0; 0; 0; 0; 0; 9999
1971;05; 0; 0; 92; 32; 46; 0; 0; 0; 0; 0; 0; 0; 0; 0; 0; 0; 0; 0; 0; 0; 0; 0; 0; 0; 57; 194; 35; 130; 0; 0; 0
1971;06; 0; 0; 0; 0; 0; 0; 0; 0; 0; 22; 0; 294; 260; 9; 0; 44; 0; 262; 0; 95; 0; 0; 0; 0; 0; 0; 0; 0; 0; 0; 9999
1971;07; 0; 85; 0; 0; 303; 0; 0; 0; 0; 0; 0; 0; 0; 0; 0; 0; 0; 0; 0; 0; 0; 0; 0; 0; 0; 0; 0; 0; 0; 326; 1
1971;08; 0; 0; 0; 0; 0; 0; 0; 0; 0; 0; 0; 0; 0; 0; 0; 0; 0; 0; 0; 0; 0; 0; 0; 0; 0; 0; 0; 0; 0; 0; 0
1971;09; 0; 0; 0; 0; 0; 0; 27; 0; 103; 0; 0; 0; 0; 0; 0; 0; 0; 0; 0; 0; 0; 0; 0; 0; 166; 0; 218; 0; 42; 0; 9999
1971;10; 153; 0; 0; 0; 0; 0; 0; 0; 280; 0; 60; 13; 0; 0; 0; 0; 80; 0; 0; 0; 0; 50; 257; 0; 0; 0; 0; 0; 0; 0; 360
1971;11; 210; 456; 0; 27; 0; 0; 0; 0; 0; 0; 0; 0; 71; 34; 0; 0; 0; 0; 285; 0; 0; 0; 0; 0; 0; 0; 0; 0; 0; 0; 9999
1971;12; 195; 20; 48; 210; 270; 35; 0; 212; 61; 187; 0; 54; 147; 161; 199; 0; 0; 29; 0; 160; 15; 230; 60; 52; 2; 0; 34; 18; 27; 16; 0
1972;01; 0; 0; 0; 0; 0; 0; 210; 668; 0; 95; 18; 49; 4; 0; 19; 0; 30; 0; 0; 0; 0; 106; 170; 180; 129; 0; 310; 136; 130; 25; 15
1972;02; 127; 0; 321; 62; 89; 20; 43; 0; 214; 156; 310; 58; 72; 143; 54; 160; 0; 1; 32; 446; 156; 80; 0; 0; 0; 170; 0; 116; 0; 9999; 9999
1972;03; 0; 0; 0; 0; 0; 0; 116; 0; 0; 87; 8; 210; 0; 0; 0; 0; 0; 0; 62; 0; 71; 0; 0; 0; 0; 0; 0; 2; 0; 0; 0
1972;04; 0; 0; 0; 397; 0; 0; 0; 22; 0; 0; 0; 0; 0; 0; 76; 0; 0; 0; 0; 0; 0; 0; 0; 0; 0; 0; 0; 5; 0; 0; 9999
1972;05; 0; 0; 0; 0; 0; 0; 0; 375; 0; 0; 0; 0; 0; 0; 0; 0; 0; 0; 0; 0; 0; 0; 487; 159; 330; 1; 0; 0; 0; 0; 0
1972;06; 0; 0; 0; 0; 0; 0; 0; 0; 0; 0; 0; 0; 0; 0; 0; 0; 0; 0; 0; 0; 0; 0; 0; 0; 0; 0; 0; 0; 0; 0; 9999
1972;07; 0; 0; 0; 0; 0; 0; 0; 208; 0; 82; 44; 0; 24; 0; 40; 0; 0; 0; 0; 0; 0; 0; 0; 0; 0; 0; 42; 0; 0; 0; 0
1972;08; 0; 0; 0; 0; 17; 0; 0; 0; 0; 0; 0; 0; 35; 0; 0; 0; 0; 0; 0; 0; 0; 0; 18; 235; 0; 20; 0; 1; 0; 56; 0
1972;09; 10; 0; 0; 0; 29; 108; 0; 0; 0; 0; 220; 107; 0; 97; 0; 0; 0; 0; 0; 0; 0; 0; 0; 130; 14; 0; 0; 220; 105; 2; 9999
1972;10; 448; 670; 52; 150; 315; 0; 0; 0; 0; 3; 170; 3; 0; 0; 200; 0; 0; 0; 0; 0; 0; 0; 0; 0; 0; 0; 0; 7; 0; 20; 93
1972;11; 0; 209; 5; 0; 0; 0; 0; 0; 52; 358; 129; 0; 46; 0; 652; 615; 114; 37; 860; 4; 0; 0; 0; 0; 0; 200; 2; 0; 0; 0; 9999
1972;12; 299; 0; 17; 80; 0; 0; 30; 0; 0; 0; 0; 142; 0; 0; 0; 0; 0; 11; 5; 0; 0; 170; 70; 33; 2; 0; 0; 420; 70; 6; 75
1973;01; 0; 0; 70; 0; 0; 0; 0; 0; 80; 0; 30; 0; 0; 325; 0; 80; 165; 0; 0; 15; 5; 34; 685; 435; 45; 375; 10; 0; 12; 0; 0
1973;02; 0; 0; 0; 0; 70; 257; 0; 0; 0; 0; 0; 322; 0; 414; 717; 368; 85; 8; 5; 0; 0; 0; 0; 16; 0; 0; 0; 0; 9999; 9999; 9999
1973;03; 11; 0; 0; 21; 255; 0; 0; 8; 121; 135; 0; 0; 0; 0; 0; 0; 0; 0; 0; 51; 0; 211; 59; 0; 2; 26; 0; 0; 0; 141; 0
1973;04; 0; 0; 0; 0; 0; 0; 0; 0; 0; 1; 0; 123; 0; 0; 0; 0; 0; 0; 325; 0; 52; 0; 0; 0; 0; 0; 0; 0; 0; 0; 9999
1973;05; 0; 0; 582; 18; 0; 0; 0; 0; 0; 50; 0; 291; 0; 0; 0; 0; 0; 0; 0; 0; 0; 75; 0; 0; 78; 0; 0; 0; 0; 0; 0
1973;06; 0; 0; 0; 0; 0; 0; 0; 0; 0; 55; 0; 0; 0; 0; 0; 0; 0; 0; 90; 0; 0; 0; 0; 0; 31; 0; 42; 0; 0; 0; 9999
1973;07; 0; 178; 228; 0; 0; 0; 0; 0; 0; 0; 0; 0; 0; 0; 0; 0; 0; 2; 0; 0; 0; 0; 0; 0; 0; 0; 0; 16; 0; 0; 0
1973;08; 0; 0; 3; 0; 0; 0; 0; 0; 0; 0; 0; 0; 0; 0; 0; 0; 0; 0; 0; 0; 0; 0; 0; 0; 0; 463; 33; 0; 0; 0; 0
1973;09; 0; 1; 0; 0; 0; 1; 370; 0; 21; 15; 18; 2; 0; 5; 2; 0; 0; 0; 1; 0; 0; 1; 1; 0; 2; 11; 10; 0; 0; 5; 9999
1973;10; 0; 0; 0; 0; 0; 0; 588; 0; 60; 152; 0; 236; 295; 0; 0; 0; 0; 0; 88; 269; 0; 0; 0; 28; 0; 6; 255; 0; 0; 0; 99
1973;11; 10; 0; 84; 0; 0; 0; 0; 0; 0; 0; 0; 95; 238; 186; 0; 0; 167; 485; 192; 3; 0; 0; 0; 7; 179; 0; 0; 113; 0; 0; 9999
1973;12; 0; 0; 27; 0; 0; 123; 104; 0; 0; 0; 0; 0; 415; 276; 5; 63; 11; 115; 0; 6; 0; 17; 30; 0; 0; 187; 0; 7; 233; 153; 427
1974;01; 5; 98; 32; 0; 0; 0; 0; 105; 12; 2; 78; 230; 211; 15; 93; 0; 0; 295; 132; 0; 226; 510; 313; 0; 0; 0; 0; 0; 8; 0; 311
1974;02; 7; 477; 383; 8; 0; 0; 0; 0; 2; 0; 5; 48; 0; 0; 39; 60; 0; 0; 0; 107; 0; 0; 0; 147; 12; 2; 0; 0; 9999; 9999; 9999
1974;03; 0; 0; 58; 0; 227; 0; 2; 7; 205; 324; 327; 223; 28; 96; 9; 41; 263; 493; 216; 85; 0; 0; 0; 218; 4; 0; 0; 0; 0; 0; 0
1974;04; 0; 19; 0; 0; 688; 0; 0; 0; 646; 0; 0; 0; 0; 0; 0; 0; 0; 0; 0; 0; 0; 0; 0; 47; 0; 0; 0; 0; 0; 0; 9999
1974;05; 0; 0; 0; 0; 0; 0; 0; 0; 0; 0; 0; 0; 94; 0; 0; 0; 0; 0; 0; 364; 50; 0; 0; 0; 0; 0; 225; 0; 0; 0; 0
1974;06; 0; 0; 56; 32; 197; 0; 0; 0; 0; 0; 0; 265; 47; 0; 0; 0; 0; 0; 0; 0; 0; 239; 0; 0; 0; 0; 27; 0; 0; 0; 9999
1974;07; 0; 0; 0; 0; 0; 0; 0; 0; 0; 0; 0; 0; 0; 0; 0; 0; 0; 0; 0; 0; 0; 0; 0; 0; 0; 0; 0; 0; 0; 0; 0
1974;08; 0; 0; 0; 0; 0; 0; 0; 0; 0; 0; 0; 0; 13; 1; 0; 0; 0; 0; 0; 0; 0; 0; 0; 0; 0; 0; 0; 0; 0; 0; 0
1974;09; 0; 0; 3; 0; 0; 0; 0; 0; 0; 0; 0; 0; 0; 0; 0; 0; 0; 0; 0; 0; 0; 0; 0; 0; 0; 0; 5; 0; 233; 0; 9999
1974;10; 0; 0; 0; 12; 253; 0; 1; 3; 8; 5; 0; 0; 0; 0; 0; 0; 74; 0; 46; 25; 0; 0; 0; 295; 78; 178; 0; 65; 0; 143; 1
1974;11; 0; 0; 0; 0; 0; 682; 35; 0; 0; 0; 0; 0; 345; 2; 0; 0; 0; 0; 0; 0; 130; 12; 0; 0; 0; 0; 0; 223; 93; 0; 9999
1974;12; 4; 61; 240; 54; 166; 3; 30; 0; 0; 0; 0; 0; 0; 1; 71; 563; 180; 28; 162; 158; 40; 220; 120; 70; 99; 0; 138; 304; 0; 429; 237
1975;01; 167; 293; 54; 0; 0; 0; 85; 44; 0; 0; 382; 22; 34; 335; 0; 0; 0; 0; 0; 0; 0; 0; 0; 0; 135; 0; 115; 152; 0; 0; 0
1975;02; 24; 10; 52; 111; 185; 450; 280; 120; 50; 0; 0; 0; 0; 0; 0; 0; 0; 0; 0; 160; 0; 20; 35; 55; 190; 530; 0; 130; 9999; 9999; 9999
1975;03; 0; 0; 0; 0; 0; 0; 0; 0; 83; 0; 55; 0; 0; 0; 79; 0; 0; 0; 0; 0; 0; 0; 220; 0; 0; 0; 57; 0; 103; 93; 0
1975;04; 23; 258; 42; 0; 0; 0; 0; 0; 454; 1027; 617; 0; 0; 0; 0; 0; 0; 0; 0; 0; 0; 0; 0; 0; 0; 0; 0; 0; 0; 0; 9999
1975;05; 144; 0; 0; 0; 0; 0; 0; 0; 0; 0; 0; 0; 0; 0; 0; 0; 0; 0; 0; 0; 0; 0; 0; 0; 0; 0; 0; 0; 0; 0; 0
1975;06; 0; 0; 0; 0; 0; 0; 0; 0; 0; 0; 0; 0; 0; 0; 0; 0; 0; 0; 0; 0; 0; 0; 62; 18; 0; 0; 0; 0; 0; 0; 9999
1975;07; 0; 16; 0; 212; 0; 0; 0; 0; 0; 0; 0; 0; 0; 0; 0; 0; 31; 5; 0; 0; 0; 0; 0; 0; 0; 0; 0; 0; 0; 0; 0
1975;08; 0; 0; 0; 0; 0; 0; 0; 0; 0; 0; 0; 0; 0; 0; 0; 0; 0; 0; 0; 0; 0; 0; 0; 0; 0; 0; 0; 0; 0; 0; 0
1975;09; 0; 0; 0; 0; 0; 0; 0; 0; 0; 0; 0; 0; 0; 0; 0; 0; 0; 0; 0; 0; 0; 0; 12; 0; 0; 0; 24; 0; 0; 7; 9999
1975;10; 27; 0; 34; 0; 0; 19; 0; 50; 14; 0; 0; 39; 0; 10; 25; 0; 235; 808; 486; 0; 0; 0; 0; 0; 0; 5; 0; 0; 0; 0; 29
1975;11; 0; 490; 0; 0; 0; 0; 388; 0; 0; 205; 0; 5; 0; 0; 0; 0; 2; 80; 2; 0; 23; 0; 0; 43; 136; 147; 84; 57; 552; 45; 9999
1975;12; 134; 28; 65; 0; 641; 0; 0; 0; 1; 0; 0; 0; 0; 24; 18; 0; 0; 0; 93; 5; 0; 37; 0; 71; 232; 36; 13; 0; 0; 113; 0
1976;01; 254; 151; 0; 0; 234; 0; 58; 28; 304; 0; 0; 0; 0; 0; 0; 82; 0; 0; 0; 0; 106; 14; 0; 0; 0; 43; 253; 91; 0; 47; 0
1976;02; 36; 197; 286; 5; 0; 464; 633; 52; 490; 0; 0; 0; 0; 0; 0; 0; 37; 1; 0; 0; 115; 44; 0; 83; 0; 0; 36; 3; 271; 9999; 9999
1976;03; 0; 104; 0; 4; 0; 0; 0; 15; 0; 0; 0; 0; 0; 0; 91; 334; 0; 0; 0; 385; 49; 26; 0; 327; 29; 85; 119; 0; 0; 0; 0
1976;04; 0; 0; 0; 0; 0; 0; 0; 0; 8; 0; 467; 5; 32; 0; 76; 7; 0; 0; 0; 0; 128; 2; 0; 0; 0; 0; 0; 0; 0; 0; 9999
1976;05; 0; 0; 0; 0; 65; 0; 0; 0; 0; 49; 0; 0; 0; 0; 0; 0; 0; 134; 8; 136; 338; 2; 0; 0; 0; 0; 0; 218; 214; 56; 0
1976;06; 0; 0; 0; 0; 67; 22; 0; 0; 0; 0; 0; 0; 0; 0; 0; 0; 0; 0; 0; 0; 0; 0; 0; 0; 0; 0; 0; 0; 0; 0; 9999
1976;07; 0; 0; 14; 0; 0; 0; 0; 0; 0; 109; 2; 0; 0; 0; 0; 0; 0; 0; 0; 0; 0; 0; 0; 0; 0; 0; 0; 0; 0; 0; 0
1976;08; 0; 0; 0; 0; 2; 19; 0; 0; 0; 69; 82; 0; 2; 493; 0; 0; 0; 2; 29; 32; 0; 0; 0; 0; 0; 0; 0; 0; 0; 0; 0
1976;09; 0; 0; 0; 0; 380; 278; 26; 0; 0; 0; 0; 12; 9; 294; 46; 592; 0; 76; 0; 0; 0; 0; 36; 0; 0; 43; 395; 0; 0; 0; 9999
1976;10; 0; 0; 0; 0; 347; 76; 0; 0; 689; 4; 0; 0; 0; 0; 0; 0; 22; 14; 365; 0; 0; 0; 0; 7; 470; 152; 0; 0; 0; 0; 0
1976;11; 39; 403; 0; 197; 257; 298; 0; 0; 0; 0; 0; 0; 77; 0; 0; 136; 67; 0; 187; 0; 516; 0; 0; 0; 0; 0; 0; 4; 0; 1; 9999
1976;12; 182; 131; 0; 0; 0; 0; 0; 4; 0; 12; 0; 195; 0; 0; 31; 83; 254; 0; 42; 0; 507; 74; 68; 91; 2; 0; 0; 414; 0; 0; 0
1977;01; 0; 51; 220; 267; 490; 239; 2; 261; 792; 57; 0; 0; 0; 2; 0; 0; 51; 5; 107; 435; 0; 0; 12; 0; 572; 193; 69; 5; 0; 183; 282
1977;02; 30; 62; 0; 25; 184; 0; 6; 0; 0; 0; 0; 2; 0; 18; 0; 0; 0; 0; 72; 2; 0; 66; 35; 0; 16; 0; 0; 0; 9999; 9999; 9999
1977;03; 0; 0; 8; 0; 24; 0; 0; 0; 322; 0; 0; 0; 0; 114; 0; 0; 0; 154; 0; 0; 29; 3; 73; 0; 0; 0; 0; 0; 3; 130; 410
1977;04; 133; 2; 0; 0; 0; 0; 0; 0; 121; 532; 0; 0; 0; 0; 0; 0; 0; 0; 0; 4; 0; 0; 0; 0; 0; 0; 0; 0; 0; 3; 9999
1977;05; 0; 31; 0; 0; 0; 0; 0; 0; 13; 0; 0; 0; 0; 0; 0; 5; 0; 0; 0; 0; 0; 0; 0; 0; 0; 0; 0; 0; 0; 0; 0
1977;06; 41; 0; 0; 9; 0; 0; 0; 0; 0; 0; 0; 0; 0; 0; 0; 163; 5; 0; 0; 0; 6; 74; 0; 0; 0; 0; 0; 0; 0; 0; 9999
1977;07; 0; 0; 0; 0; 0; 0; 0; 0; 0; 0; 0; 0; 0; 0; 0; 0; 0; 0; 0; 0; 0; 9; 0; 0; 0; 0; 0; 0; 0; 0; 0
1977;08; 0; 0; 0; 0; 0; 0; 0; 0; 0; 0; 0; 0; 0; 0; 0; 0; 0; 0; 0; 0; 0; 0; 0; 0; 0; 0; 0; 0; 0; 19; 16
1977;09; 249; 105; 48; 0; 0; 0; 11; 28; 0; 0; 0; 0; 0; 0; 0; 0; 0; 87; 69; 0; 79; 0; 0; 9; 0; 0; 0; 0; 0; 4; 9999
1977;10; 0; 1; 0; 5; 0; 0; 0; 0; 0; 0; 0; 0; 0; 0; 0; 0; 384; 6; 4; 2; 0; 0; 0; 0; 0; 34; 7; 0; 132; 0; 0
1977;11; 0; 79; 0; 8; 0; 0; 0; 0; 165; 0; 47; 16; 0; 228; 414; 89; 546; 170; 307; 53; 2; 14; 491; 0; 81; 0; 0; 148; 1; 0; 9999
1977;12; 219; 424; 48; 75; 8; 180; 0; 2; 192; 156; 0; 0; 0; 0; 0; 0; 0; 0; 54; 193; 187; 218; 367; 302; 0; 0; 0; 0; 0; 0; 0
1978;01; 12; 194; 2; 231; 98; 19; 34; 45; 13; 724; 651; 251; 89; 471; 445; 230; 12; 125; 0; 0; 0; 10; 0; 0; 0; 0; 0; 0; 0; 0; 0
1978;02; 0; 0; 0; 0; 0; 0; 645; 0; 0; 28; 480; 0; 0; 0; 0; 0; 0; 0; 0; 0; 576; 5; 0; 0; 0; 0; 80; 46; 9999; 9999; 9999
1978;03; 0; 308; 276; 0; 57; 0; 0; 0; 17; 388; 128; 0; 0; 0; 29; 0; 0; 0; 0; 0; 0; 52; 0; 0; 0; 0; 0; 0; 12; 0; 0
1978;04; 158; 0; 0; 0; 0; 0; 0; 0; 0; 0; 0; 0; 0; 0; 0; 0; 0; 0; 0; 29; 0; 0; 0; 0; 0; 0; 0; 0; 0; 0; 9999
1978;05; 0; 0; 0; 0; 0; 0; 0; 0; 0; 0; 0; 0; 0; 0; 0; 131; 445; 350; 21; 0; 267; 9; 0; 0; 0; 46; 0; 110; 7; 635; 2
1978;06; 0; 0; 0; 0; 0; 0; 0; 0; 24; 0; 0; 0; 0; 0; 0; 0; 0; 0; 0; 0; 0; 0; 0; 0; 0; 0; 0; 0; 0; 0; 9999
1978;07; 0; 0; 0; 0; 0; 0; 0; 0; 0; 0; 0; 0; 0; 0; 0; 0; 152; 93; 0; 0; 286; 34; 0; 0; 0; 0; 0; 0; 0; 0; 0
1978;08; 0; 0; 0; 0; 0; 0; 0; 0; 0; 0; 0; 0; 0; 0; 0; 0; 0; 0; 0; 0; 0; 0; 0; 0; 0; 0; 0; 0; 0; 0; 0
1978;09; 5; 6; 65; 0; 53; 3; 0; 224; 0; 0; 0; 0; 0; 0; 423; 0; 21; 0; 0; 0; 7; 0; 0; 0; 0; 0; 0; 0; 0; 0; 9999
1978;10; 0; 0; 0; 0; 0; 0; 0; 0; 0; 63; 80; 0; 0; 10; 45; 0; 0; 0; 418; 0; 0; 0; 0; 0; 0; 0; 0; 7; 110; 8; 0
1978;11; 129; 0; 0; 248; 176; 0; 0; 0; 0; 27; 350; 4; 0; 0; 0; 0; 29; 0; 0; 0; 0; 437; 0; 227; 0; 0; 87; 49; 0; 0; 9999
1978;12; 0; 0; 64; 0; 0; 39; 200; 276; 439; 7; 41; 0; 0; 13; 174; 10; 35; 0; 0; 0; 0; 0; 0; 103; 0; 666; 726; 18; 2; 0; 0
1979;01; 0; 63; 122; 359; 214; 28; 8; 0; 0; 0; 6; 100; 204; 205; 0; 0; 5; 0; 0; 0; 0; 0; 0; 0; 128; 12; 32; 34; 602; 88; 0
1979;02; 0; 0; 0; 57; 0; 7; 18; 0; 21; 0; 0; 295; 74; 178; 65; 0; 5; 0; 3; 0; 0; 0; 139; 198; 0; 0; 0; 0; 9999; 9999; 9999
1979;03; 0; 1; 4; 0; 0; 0; 0; 0; 0; 40; 1; 432; 229; 96; 10; 0; 0; 0; 0; 0; 0; 0; 1; 30; 0; 0; 0; 0; 0; 0; 0
1979;04; 0; 0; 161; 31; 194; 7; 3; 0; 0; 0; 0; 0; 0; 0; 0; 0; 0; 0; 0; 0; 0; 0; 0; 0; 0; 0; 0; 0; 0; 86; 9999
1979;05; 1; 0; 0; 0; 24; 0; 6; 370; 31; 22; 0; 0; 0; 0; 0; 0; 0; 0; 0; 0; 0; 0; 0; 0; 0; 0; 0; 0; 0; 128; 0
1979;06; 0; 0; 0; 0; 0; 0; 0; 0; 0; 0; 0; 0; 0; 0; 2; 0; 0; 0; 0; 0; 0; 0; 0; 0; 0; 0; 0; 0; 0; 0; 9999
1979;07; 0; 0; 16; 104; 37; 0; 0; 0; 0; 0; 0; 0; 0; 0; 3; 0; 0; 0; 12; 173; 0; 0; 117; 186; 25; 0; 0; 0; 0; 0; 0
1979;08; 0; 0; 0; 0; 0; 0; 0; 0; 0; 0; 0; 0; 0; 0; 0; 0; 0; 126; 2; 0; 0; 0; 0; 0; 0; 15; 4; 0; 0; 0; 0
1979;09; 0; 7; 81; 0; 0; 0; 0; 0; 27; 250; 324; 42; 0; 15; 16; 115; 0; 0; 0; 0; 0; 0; 73; 56; 0; 0; 0; 0; 0; 0; 9999
1979;10; 129; 0; 2; 0; 0; 0; 0; 383; 0; 0; 0; 0; 0; 100; 320; 0; 0; 0; 0; 0; 0; 0; 0; 0; 0; 60; 437; 0; 5; 0; 67
1979;11; 0; 0; 118; 0; 6; 0; 0; 515; 720; 460; 12; 0; 0; 0; 1; 0; 0; 0; 54; 1; 0; 0; 0; 0; 19; 81; 0; 0; 0; 0; 9999
1979;12; 0; 71; 18; 0; 37; 0; 0; 0; 2; 0; 13; 109; 124; 49; 48; 196; 369; 56; 0; 147; 34; 82; 18; 137; 355; 156; 908; 76; 13; 0; 20
1980;01; 10; 0; 0; 0; 0; 0; 19; 41; 139; 172; 2; 2; 0; 0; 0; 0; 0; 99; 915; 4; 211; 3; 226; 6; 9; 0; 0; 0; 2; 0; 206
1980;02; 0; 0; 10; 0; 0; 0; 0; 11; 0; 0; 13; 177; 37; 118; 9; 0; 0; 2; 0; 0; 0; 0; 10; 282; 279; 689; 266; 199; 49; 9999; 9999
1980;03; 34; 0; 7; 138; 8; 92; 0; 25; 0; 0; 0; 0; 0; 3; 212; 72; 4; 0; 0; 0; 0; 0; 0; 0; 0; 0; 0; 0; 0; 4; 12
1980;04; 0; 181; 49; 0; 834; 0; 0; 0; 14; 33; 0; 272; 191; 13; 40; 14; 0; 0; 0; 0; 0; 0; 0; 0; 0; 0; 0; 0; 0; 0; 9999
1980;05; 0; 67; 1; 0; 0; 0; 0; 0; 0; 0; 206; 3; 0; 0; 0; 0; 0; 0; 0; 0; 16; 171; 0; 0; 0; 0; 0; 0; 0; 0; 0
1980;06; 0; 0; 13; 0; 0; 0; 0; 0; 0; 0; 0; 0; 0; 1; 0; 0; 0; 0; 0; 0; 0; 0; 0; 0; 10; 43; 232; 0; 0; 0; 9999
1980;07; 0; 0; 0; 0; 0; 0; 0; 0; 0; 0; 0; 0; 0; 0; 0; 0; 0; 0; 0; 0; 0; 0; 0; 0; 0; 0; 0; 19; 0; 0; 6
1980;08; 0; 0; 0; 0; 0; 59; 13; 0; 0; 0; 0; 0; 10; 14; 0; 0; 0; 0; 0; 0; 0; 0; 7; 0; 0; 17; 0; 0; 0; 0; 0
1980;09; 0; 0; 0; 0; 0; 0; 0; 0; 10; 0; 0; 0; 208; 29; 158; 125; 0; 49; 118; 11; 55; 122; 0; 0; 0; 0; 0; 243; 0; 0; 9999
1980;10; 0; 0; 0; 0; 0; 0; 0; 0; 17; 0; 243; 393; 3; 0; 0; 0; 0; 0; 0; 0; 0; 0; 6; 0; 0; 0; 0; 0; 0; 193; 358
1980;11; 0; 0; 0; 71; 581; 0; 430; 2; 128; 0; 1; 0; 0; 0; 0; 0; 0; 0; 83; 4; 0; 0; 141; 173; 0; 4; 0; 0; 50; 242; 9999
1980;12; 128; 148; 1; 36; 0; 0; 52; 0; 144; 0; 9; 89; 1550; 23; 0; 0; 0; 0; 12; 150; 0; 163; 61; 0; 21; 4; 192; 93; 11; 0; 0
1981;01; 0; 0; 3; 0; 153; 0; 0; 151; 0; 0; 0; 582; 237; 326; 135; 0; 0; 0; 0; 0; 71; 34; 0; 9; 214; 13; 0; 5; 0; 0; 0
1981;02; 285; 0; 0; 0; 0; 0; 0; 0; 0; 0; 9; 65; 8; 60; 250; 3; 0; 0; 24; 305; 229; 93; 233; 0; 3; 28; 5; 0; 9999; 9999; 9999
1981;03; 0; 0; 0; 0; 4; 6; 1; 0; 178; 0; 0; 0; 0; 0; 0; 36; 17; 8; 17; 0; 0; 0; 0; 0; 0; 45; 1; 94; 26; 29; 0
1981;04; 0; 0; 0; 0; 0; 0; 0; 0; 0; 0; 0; 0; 0; 0; 0; 182; 0; 0; 0; 0; 0; 0; 0; 272; 0; 3; 0; 643; 42; 0; 9999
1981;05; 0; 0; 0; 0; 0; 0; 0; 0; 0; 0; 0; 0; 0; 0; 0; 0; 0; 0; 0; 0; 0; 0; 0; 0; 0; 0; 0; 0; 0; 0; 0
1981;06; 0; 0; 25; 0; 0; 70; 535; 0; 0; 0; 0; 0; 0; 0; 0; 0; 254; 6; 0; 0; 0; 0; 0; 0; 0; 0; 0; 0; 0; 0; 9999
1981;07; 0; 0; 0; 0; 0; 0; 0; 0; 0; 0; 0; 0; 0; 0; 0; 0; 0; 0; 0; 0; 0; 0; 0; 0; 0; 0; 0; 0; 0; 0; 0
1981;08; 0; 0; 0; 0; 0; 0; 0; 0; 0; 0; 0; 0; 0; 0; 0; 0; 8; 90; 0; 0; 0; 0; 0; 0; 0; 0; 0; 0; 0; 0; 0
1981;09; 0; 0; 0; 129; 0; 0; 0; 0; 0; 0; 0; 0; 0; 0; 0; 0; 0; 0; 0; 0; 0; 0; 0; 0; 0; 0; 0; 0; 8; 2; 9999
1981;10; 0; 0; 0; 0; 68; 134; 237; 51; 0; 0; 0; 0; 66; 0; 0; 68; 0; 0; 0; 52; 0; 0; 0; 0; 0; 0; 363; 726; 0; 3; 42
1981;11; 2; 0; 9; 242; 39; 1; 500; 4; 0; 1102; 0; 2; 0; 13; 0; 0; 0; 0; 383; 651; 45; 0; 0; 0; 0; 8; 0; 0; 11; 10; 9999
1981;12; 11; 353; 24; 0; 0; 27; 229; 17; 81; 21; 0; 207; 2; 0; 0; 45; 19; 147; 24; 4; 0; 119; 115; 84; 0; 0; 499; 146; 0; 0; 0
1982;01; 18; 0; 7; 0; 0; 0; 14; 17; 21; 186; 211; 358; 0; 11; 0; 0; 0; 0; 0; 0; 0; 0; 117; 122; 0; 0; 162; 23; 65; 0; 0
1982;02; 4; 0; 0; 34; 278; 19; 41; 0; 0; 0; 0; 0; 0; 0; 0; 0; 120; 0; 0; 0; 0; 0; 0; 22; 196; 46; 4; 32; 9999; 9999; 9999
1982;03; 29; 151; 143; 0; 0; 0; 2; 8; 328; 340; 167; 392; 193; 188; 154; 39; 118; 4; 0; 0; 149; 152; 21; 87; 11; 0; 0; 0; 0; 0; 0
1982;04; 0; 0; 0; 0; 0; 0; 0; 0; 0; 0; 0; 0; 23; 27; 150; 0; 0; 0; 0; 0; 0; 0; 0; 0; 0; 0; 21; 0; 0; 0; 9999
1982;05; 0; 0; 0; 0; 0; 0; 0; 0; 0; 0; 0; 0; 0; 0; 0; 0; 2; 0; 97; 0; 0; 0; 1; 173; 346; 5; 0; 0; 0; 0; 3
1982;06; 0; 0; 0; 0; 170; 12; 0; 0; 0; 0; 0; 8; 61; 0; 0; 0; 1; 0; 0; 0; 11; 71; 0; 12; 0; 0; 0; 0; 0; 0; 9999
1982;07; 76; 0; 0; 0; 0; 0; 0; 0; 0; 0; 0; 0; 0; 128; 0; 0; 135; 4; 4; 0; 0; 0; 0; 0; 0; 0; 0; 0; 0; 7; 0
1982;08; 0; 0; 0; 0; 468; 11; 0; 0; 11; 0; 10; 0; 0; 0; 0; 0; 0; 0; 7; 0; 0; 0; 0; 0; 0; 0; 0; 0; 0; 3; 0
1982;09; 0; 0; 0; 0; 12; 0; 0; 0; 0; 0; 0; 0; 24; 0; 13; 0; 0; 0; 151; 0; 0; 0; 2; 0; 0; 0; 13; 70; 0; 0; 9999
1982;10; 0; 0; 109; 0; 0; 77; 58; 143; 110; 17; 43; 0; 0; 337; 0; 0; 0; 57; 71; 0; 98; 2; 0; 37; 0; 17; 72; 0; 0; 4; 0
1982;11; 0; 0; 0; 0; 9; 23; 3; 3; 10; 7; 37; 438; 0; 0; 49; 28; 0; 0; 0; 77; 155; 193; 32; 0; 0; 65; 16; 13; 582; 4; 9999
1982;12; 134; 31; 51; 0; 0; 0; 223; 0; 0; 0; 9; 6; 0; 2; 4; 199; 10; 227; 112; 110; 0; 263; 103; 82; 0; 0; 0; 0; 350; 23; 51
1983;01; 0; 15; 11; 0; 0; 34; 4; 11; 400; 103; 0; 0; 146; 7; 375; 244; 378; 188; 86; 483; 35; 0; 0; 0; 0; 0; 0; 0; 14; 386; 217
1983;02; 213; 221; 3; 2; 1; 0; 0; 143; 0; 14; 81; 0; 0; 47; 109; 0; 0; 0; 26; 0; 0; 12; 319; 0; 0; 111; 0; 0; 9999; 9999; 9999
1983;03; 0; 11; 0; 4; 0; 71; 162; 187; 2; 0; 0; 13; 203; 47; 0; 0; 0; 0; 49; 13; 0; 0; 0; 0; 0; 0; 0; 0; 0; 0; 0
1983;04; 0; 0; 14; 0; 71; 36; 2; 0; 0; 0; 12; 220; 0; 0; 0; 160; 0; 0; 0; 329; 15; 45; 0; 64; 95; 398; 4; 0; 0; 0; 9999
1983;05; 0; 0; 0; 0; 0; 0; 0; 0; 1; 0; 0; 0; 0; 0; 0; 0; 54; 13; 0; 6; 17; 0; 265; 50; 0; 0; 0; 32; 3; 193; 66
1983;06; 0; 132; 0; 0; 0; 4; 0; 0; 21; 0; 0; 0; 0; 0; 0; 0; 0; 0; 0; 0; 0; 0; 0; 0; 0; 0; 0; 0; 0; 0; 9999
1983;07; 0; 0; 0; 0; 0; 0; 0; 0; 0; 0; 0; 0; 0; 0; 0; 0; 0; 7; 352; 145; 11; 0; 5; 0; 0; 0; 0; 0; 0; 0; 0
1983;08; 0; 0; 0; 0; 0; 0; 0; 0; 0; 0; 0; 0; 0; 0; 0; 0; 0; 0; 0; 0; 0; 0; 0; 0; 0; 0; 0; 0; 0; 0; 0
1983;09; 0; 0; 0; 0; 0; 70; 440; 384; 54; 0; 2; 0; 0; 0; 0; 0; 0; 0; 481; 242; 0; 0; 0; 0; 151; 4; 0; 0; 0; 0; 9999
1983;10; 0; 1; 0; 0; 4; 95; 82; 0; 0; 0; 0; 0; 51; 12; 3; 0; 0; 135; 4; 0; 55; 31; 345; 157; 0; 11; 6; 0; 0; 74; 7
1983;11; 63; 207; 14; 5; 11; 0; 0; 0; 0; 8; 32; 289; 81; 0; 11; 0; 0; 0; 49; 410; 0; 307; 0; 0; 0; 0; 0; 0; 0; 0; 9999
1983;12; 0; 18; 218; 0; 0; 0; 6; 0; 3; 17; 117; 22; 23; 22; 174; 9; 0; 27; 0; 290; 211; 130; 87; 167; 675; 447; 11; 138; 0; 0; 0
1984;01; 0; 81; 0; 7; 0; 0; 0; 467; 0; 285; 0; 0; 1; 0; 0; 0; 0; 0; 0; 30; 0; 176; 236; 1; 9; 510; 667; 319; 13; 0; 0
1984;02; 0; 0; 0; 0; 0; 0; 145; 29; 39; 0; 47; 244; 175; 0; 39; 2; 483; 0; 5; 50; 0; 43; 0; 0; 0; 0; 0; 0; 0; 9999; 9999
1984;03; 0; 94; 81; 0; 0; 47; 420; 1; 52; 0; 6; 0; 0; 0; 0; 0; 0; 0; 28; 0; 0; 0; 0; 0; 0; 20; 0; 41; 85; 16; 93
1984;04; 0; 67; 12; 0; 8; 0; 0; 113; 0; 55; 0; 0; 0; 0; 0; 0; 0; 0; 43; 0; 0; 0; 0; 25; 78; 0; 0; 0; 93; 343; 9999
1984;05; 12; 77; 5; 0; 0; 0; 0; 0; 0; 0; 0; 0; 75; 2; 0; 0; 0; 392; 0; 0; 0; 0; 0; 0; 0; 0; 0; 0; 0; 0; 0
1984;06; 0; 0; 0; 0; 0; 0; 0; 0; 0; 0; 0; 0; 0; 0; 0; 0; 0; 0; 0; 0; 0; 0; 0; 0; 0; 0; 6; 0; 0; 0; 9999
1984;07; 0; 0; 0; 0; 0; 0; 0; 0; 0; 0; 0; 0; 0; 0; 0; 0; 0; 0; 0; 0; 0; 0; 0; 0; 0; 0; 0; 0; 62; 0; 0
1984;08; 0; 42; 135; 0; 0; 0; 0; 0; 0; 0; 0; 0; 0; 0; 0; 0; 0; 0; 0; 0; 61; 76; 328; 0; 34; 10; 0; 0; 0; 0; 0
1984;09; 0; 0; 0; 0; 0; 0; 29; 37; 1; 0; 0; 0; 0; 0; 0; 0; 80; 0; 0; 0; 17; 0; 0; 0; 0; 58; 294; 0; 0; 0; 9999
1984;10; 0; 0; 0; 0; 0; 0; 0; 0; 0; 491; 0; 0; 0; 0; 0; 0; 0; 225; 31; 0; 0; 0; 0; 41; 7; 0; 0; 0; 0; 0; 0
1984;11; 0; 0; 0; 0; 0; 0; 0; 0; 0; 6; 0; 54; 12; 0; 0; 0; 94; 27; 26; 0; 9; 313; 0; 0; 0; 12; 1; 96; 3; 18; 9999
1984;12; 0; 515; 6; 16; 0; 64; 155; 27; 227; 0; 0; 91; 37; 109; 21; 32; 146; 0; 0; 0; 0; 0; 0; 0; 10; 99; 12; 0; 21; 0; 2
1985;01; 145; 0; 0; 0; 0; 0; 30; 15; 130; 0; 0; 0; 0; 0; 13; 14; 141; 120; 0; 0; 254; 610; 74; 137; 187; 136; 0; 0; 0; 0; 0
1985;02; 0; 81; 0; 0; 0; 0; 0; 0; 51; 0; 0; 0; 0; 0; 0; 0; 0; 8; 0; 0; 0; 19; 140; 77; 152; 14; 112; 66; 9999; 9999; 9999
1985;03; 223; 71; 323; 10; 87; 7; 42; 15; 0; 70; 35; 29; 0; 0; 0; 27; 320; 5; 0; 0; 0; 11; 0; 0; 0; 0; 0; 18; 0; 208; 0
1985;04; 0; 0; 0; 0; 435; 447; 2; 55; 9; 0; 91; 0; 0; 0; 0; 0; 111; 131; 0; 0; 0; 0; 0; 0; 0; 0; 0; 0; 71; 97; 9999
1985;05; 0; 0; 0; 0; 0; 0; 0; 0; 0; 29; 0; 0; 0; 0; 0; 0; 0; 0; 0; 0; 41; 369; 0; 0; 0; 0; 0; 0; 0; 0; 0
1985;06; 0; 0; 271; 86; 0; 0; 0; 0; 0; 0; 0; 0; 0; 0; 0; 0; 0; 0; 0; 0; 0; 0; 0; 0; 0; 0; 0; 0; 0; 0; 9999
1985;07; 0; 6; 0; 0; 0; 583; 4; 0; 0; 0; 0; 0; 0; 0; 0; 0; 0; 0; 0; 0; 0; 0; 0; 0; 0; 0; 0; 0; 0; 0; 0
1985;08; 0; 0; 0; 0; 0; 0; 0; 0; 0; 0; 0; 0; 0; 0; 0; 0; 0; 0; 0; 0; 0; 0; 0; 0; 0; 0; 0; 0; 0; 0; 2
1985;09; 0; 15; 0; 19; 0; 0; 0; 0; 0; 0; 0; 0; 0; 0; 0; 0; 0; 0; 0; 0; 0; 0; 0; 7; 0; 0; 0; 0; 5; 0; 9999
1985;10; 0; 0; 0; 0; 0; 0; 0; 15; 0; 43; 0; 0; 0; 0; 0; 0; 0; 0; 8; 0; 0; 0; 0; 0; 59; 0; 0; 3; 140; 0; 0
1985;11; 0; 56; 211; 86; 0; 0; 0; 0; 0; 0; 0; 79; 0; 0; 0; 0; 0; 0; 0; 0; 0; 5; 0; 203; 435; 34; 49; 0; 0; 0; 9999
1985;12; 0; 0; 6; 4; 0; 0; 0; 0; 0; 0; 0; 0; 46; 0; 0; 54; 0; 0; 0; 0; 0; 43; 0; 128; 0; 0; 42; 0; 0; 0; 0
1986;01; 0; 281; 19; 0; 90; 350; 0; 37; 0; 0; 0; 62; 45; 39; 0; 0; 17; 0; 0; 0; 0; 88; 100; 0; 0; 59; 103; 0; 0; 0; 115
1986;02; 0; 0; 73; 124; 0; 0; 0; 64; 3; 60; 143; 2; 191; 51; 169; 257; 192; 1011; 0; 152; 169; 0; 0; 0; 0; 0; 0; 0; 9999; 9999; 9999
1986;03; 182; 0; 0; 0; 441; 512; 381; 14; 0; 0; 0; 40; 52; 0; 0; 0; 0; 0; 139; 0; 0; 0; 220; 7; 0; 9; 125; 0; 0; 94; 0
1986;04; 0; 0; 0; 0; 0; 0; 0; 0; 0; 0; 0; 3; 1; 0; 62; 15; 0; 0; 0; 347; 10; 205; 0; 0; 0; 0; 0; 0; 0; 0; 9999
1986;05; 0; 0; 0; 0; 0; 0; 0; 0; 24; 2; 40; 0; 174; 177; 0; 0; 0; 215; 67; 0; 0; 0; 0; 2; 0; 0; 7; 0; 0; 3; 154
1986;06; 0; 0; 0; 0; 0; 0; 0; 0; 0; 0; 0; 0; 0; 0; 0; 0; 0; 0; 0; 0; 0; 0; 0; 0; 0; 0; 0; 0; 0; 0; 9999
1986;07; 0; 0; 0; 6; 0; 0; 0; 0; 0; 0; 0; 0; 0; 0; 0; 0; 0; 0; 0; 0; 5; 0; 235; 1; 0; 0; 0; 0; 0; 0; 106
1986;08; 0; 0; 0; 0; 0; 0; 0; 0; 0; 0; 0; 0; 21; 75; 2; 75; 64; 0; 0; 0; 0; 36; 100; 155; 86; 0; 0; 0; 0; 0; 0
1986;09; 0; 0; 6; 15; 5; 0; 42; 0; 0; 0; 0; 0; 0; 0; 0; 0; 0; 0; 0; 0; 0; 0; 0; 0; 1; 53; 0; 0; 4; 0; 9999
1986;10; 0; 0; 0; 0; 0; 0; 0; 0; 0; 148; 1; 0; 0; 0; 0; 0; 0; 0; 214; 1; 99; 106; 0; 0; 0; 0; 0; 0; 0; 0; 0
1986;11; 0; 0; 0; 4; 0; 0; 0; 0; 0; 0; 7; 99; 0; 0; 0; 0; 0; 0; 0; 0; 0; 0; 0; 0; 0; 95; 0; 146; 514; 28; 9999
1986;12; 510; 665; 46; 6; 1; 0; 0; 0; 157; 186; 103; 1; 0; 9; 3; 13; 0; 51; 15; 0; 0; 0; 31; 0; 32; 512; 0; 0; 0; 0; 0
1987;01; 0; 80; 0; 9; 60; 2; 26; 6; 0; 0; 176; 2; 3; 1; 0; 233; 0; 39; 0; 46; 0; 0; 0; 172; 298; 643; 770; 68; 451; 58; 177
1987;02; 10; 146; 363; 113; 34; 153; 10; 0; 181; 1; 0; 0; 141; 24; 24; 4; 0; 166; 29; 155; 0; 0; 0; 0; 0; 13; 3; 0; 9999; 9999; 9999
1987;03; 87; 11; 279; 0; 0; 0; 152; 351; 393; 208; 0; 0; 0; 0; 0; 0; 0; 0; 7; 0; 0; 0; 0; 0; 0; 0; 48; 0; 0; 0; 0
1987;04; 0; 29; 344; 75; 0; 0; 0; 11; 0; 0; 9; 0; 0; 0; 0; 0; 0; 0; 0; 0; 85; 0; 0; 0; 0; 0; 0; 0; 9; 20; 9999
1987;05; 0; 4; 0; 0; 265; 0; 0; 0; 220; 0; 0; 0; 0; 0; 0; 142; 0; 0; 19; 0; 98; 87; 0; 66; 32; 0; 0; 0; 0; 0; 0
1987;06; 0; 0; 0; 0; 0; 0; 0; 0; 0; 0; 0; 0; 0; 0; 1; 28; 6; 0; 0; 0; 0; 0; 0; 0; 0; 0; 0; 0; 0; 0; 9999
1987;07; 0; 0; 0; 0; 0; 0; 0; 0; 59; 6; 0; 0; 0; 0; 0; 0; 0; 0; 0; 0; 0; 0; 0; 0; 0; 0; 0; 0; 0; 13; 0
1987;08; 0; 0; 0; 0; 0; 27; 103; 0; 0; 0; 0; 0; 0; 0; 0; 0; 0; 0; 0; 0; 0; 0; 0; 0; 0; 0; 0; 0; 0; 0; 0
1987;09; 0; 0; 13; 0; 0; 0; 23; 112; 38; 0; 485; 49; 0; 0; 0; 0; 0; 0; 0; 0; 0; 17; 218; 124; 0; 0; 0; 165; 0; 0; 9999
1987;10; 0; 305; 0; 0; 0; 259; 0; 0; 0; 0; 0; 0; 19; 0; 0; 0; 0; 0; 27; 43; 0; 0; 0; 35; 264; 0; 268; 0; 0; 2; 0
1987;11; 0; 10; 3; 0; 0; 421; 388; 232; 0; 91; 0; 0; 0; 20; 206; 75; 0; 0; 0; 0; 0; 16; 0; 0; 32; 114; 17; 0; 0; 0; 9999
1987;12; 0; 0; 136; 0; 55; 67; 0; 0; 44; 0; 0; 121; 19; 0; 0; 0; 583; 608; 275; 27; 2; 0; 0; 0; 0; 0; 0; 54; 22; 51; 0
1988;01; 385; 0; 0; 0; 0; 690; 416; 102; 584; 0; 0; 0; 0; 0; 191; 0; 0; 0; 0; 39; 0; 0; 27; 11; 0; 0; 0; 0; 0; 256; 0
1988;02; 12; 0; 0; 0; 60; 10; 293; 194; 37; 205; 4; 0; 0; 4; 0; 0; 19; 57; 5; 80; 8; 4; 1; 375; 47; 149; 2; 28; 32; 9999; 9999
1988;03; 118; 183; 81; 62; 19; 0; 55; 62; 0; 0; 3; 0; 0; 1; 6; 12; 50; 191; 318; 0; 0; 0; 0; 0; 0; 0; 0; 0; 0; 0; 0
1988;04; 58; 4; 0; 0; 7; 0; 0; 124; 2; 0; 0; 0; 8; 252; 0; 12; 2; 0; 155; 185; 0; 0; 0; 0; 0; 0; 0; 0; 0; 0; 9999
1988;05; 0; 0; 5; 23; 0; 0; 0; 0; 0; 0; 0; 0; 0; 0; 0; 0; 0; 34; 0; 0; 0; 63; 0; 66; 4; 24; 11; 0; 0; 123; 36
1988;06; 0; 0; 0; 3; 7; 0; 0; 0; 0; 0; 0; 0; 0; 0; 0; 0; 0; 0; 0; 0; 0; 0; 0; 0; 0; 11; 0; 0; 0; 0; 9999
1988;07; 0; 0; 0; 0; 0; 0; 0; 0; 0; 0; 0; 0; 0; 0; 0; 0; 0; 0; 0; 0; 0; 0; 0; 0; 0; 0; 0; 0; 0; 0; 0
1988;08; 0; 0; 0; 0; 0; 0; 0; 0; 0; 0; 0; 0; 0; 0; 0; 0; 0; 0; 0; 0; 0; 0; 0; 0; 0; 0; 0; 0; 0; 0; 0
1988;09; 0; 0; 0; 0; 0; 0; 0; 0; 0; 0; 0; 0; 0; 0; 33; 0; 0; 0; 0; 0; 0; 0; 0; 0; 0; 0; 0; 0; 0; 0; 9999
1988;10; 0; 0; 0; 3; 0; 0; 0; 0; 52; 0; 3; 47; 0; 0; 0; 0; 0; 0; 0; 199; 185; 0; 61; 259; 0; 260; 1; 0; 0; 2; 4
1988;11; 73; 4; 0; 0; 0; 0; 0; 0; 0; 0; 0; 0; 3; 0; 0; 0; 2; 0; 0; 134; 82; 0; 20; 0; 0; 0; 0; 0; 0; 0; 9999
1988;12; 296; 3; 97; 0; 0; 0; 0; 0; 0; 0; 0; 0; 0; 0; 22; 3; 0; 0; 0; 0; 0; 102; 13; 429; 22; 701; 190; 366; 23; 3; 0
1989;01; 50; 0; 4; 1342; 270; 87; 32; 18; 9; 12; 11; 361; 430; 0; 5; 227; 158; 57; 0; 16; 10; 0; 97; 0; 0; 0; 3; 15; 105; 127; 0
1989;02; 0; 0; 26; 215; 16; 4; 0; 0; 513; 197; 571; 151; 24; 163; 384; 144; 825; 207; 0; 0; 0; 129; 120; 39; 73; 113; 0; 0; 9999; 9999; 9999
1989;03; 0; 0; 0; 0; 0; 0; 0; 0; 0; 0; 0; 0; 26; 35; 54; 21; 0; 46; 199; 193; 321; 0; 4; 66; 0; 0; 11; 0; 0; 0; 0
1989;04; 0; 385; 0; 0; 208; 0; 0; 0; 0; 0; 21; 8; 40; 67; 0; 0; 0; 0; 11; 0; 0; 0; 0; 0; 0; 0; 0; 0; 0; 4; 9999
1989;05; 0; 99; 0; 39; 3; 0; 0; 0; 0; 0; 0; 0; 0; 0; 0; 0; 0; 0; 0; 13; 0; 0; 0; 0; 0; 0; 0; 0; 0; 0; 0
1989;06; 0; 0; 0; 0; 0; 0; 0; 201; 0; 0; 0; 0; 0; 0; 0; 41; 7; 0; 0; 0; 0; 0; 0; 0; 52; 0; 0; 11; 86; 0; 9999
1989;07; 0; 0; 0; 0; 0; 0; 0; 0; 0; 0; 0; 0; 0; 0; 0; 0; 0; 0; 0; 0; 0; 0; 0; 0; 0; 0; 0; 36; 0; 138; 84
1989;08; 0; 0; 0; 0; 0; 0; 0; 0; 37; 0; 0; 0; 0; 0; 0; 0; 0; 0; 0; 0; 66; 28; 24; 0; 0; 131; 0; 58; 0; 0; 0
1989;09; 62; 17; 0; 0; 3; 94; 4; 22; 164; 66; 10; 0; 124; 5; 0; 0; 0; 0; 0; 0; 0; 0; 0; 0; 218; 0; 2; 0; 0; 0; 9999
1989;10; 0; 0; 0; 199; 0; 0; 0; 0; 0; 0; 8; 189; 0; 0; 0; 3; 0; 0; 0; 0; 0; 0; 0; 0; 0; 0; 722; 0; 0; 0; 0
1989;11; 0; 0; 8; 215; 204; 0; 0; 0; 104; 6; 0; 159; 413; 0; 0; 0; 0; 0; 0; 18; 97; 4; 150; 0; 0; 0; 0; 7; 189; 0; 9999
1989;12; 0; 0; 477; 0; 209; 49; 77; 7; 23; 72; 297; 1137; 156; 12; 124; 2; 0; 11; 686; 181; 0; 0; 0; 0; 0; 47; 86; 11; 47; 79; 126
1990;01; 257; 165; 1; 141; 0; 85; 11; 38; 318; 757; 110; 533; 16; 118; 0; 0; 0; 0; 0; 53; 0; 0; 0; 0; 0; 0; 0; 116; 0; 42; 31
1990;02; 0; 0; 0; 0; 0; 0; 256; 0; 0; 0; 0; 0; 41; 0; 0; 0; 0; 0; 0; 0; 0; 0; 145; 0; 6; 0; 0; 0; 9999; 9999; 9999
1990;03; 0; 0; 117; 35; 0; 0; 71; 0; 29; 0; 0; 0; 0; 0; 0; 142; 0; 0; 260; 36; 12; 55; 156; 0; 368; 0; 180; 24; 0; 0; 0
1990;04; 0; 0; 113; 82; 0; 0; 0; 0; 43; 0; 0; 0; 0; 0; 0; 0; 622; 396; 304; 12; 0; 0; 0; 0; 0; 0; 0; 0; 0; 0; 9999
1990;05; 0; 19; 145; 0; 0; 0; 0; 0; 0; 0; 381; 185; 0; 0; 2; 130; 0; 68; 0; 0; 0; 0; 0; 0; 0; 0; 0; 3; 0; 0; 0
1990;06; 0; 0; 0; 0; 0; 0; 0; 0; 0; 0; 0; 0; 0; 0; 2; 0; 0; 0; 0; 54; 1; 0; 0; 0; 0; 2; 0; 0; 0; 0; 9999
1990;07; 0; 0; 0; 0; 0; 0; 0; 0; 0; 59; 16; 0; 0; 0; 0; 0; 0; 0; 0; 165; 2; 0; 0; 0; 0; 0; 0; 0; 0; 0; 0
1990;08; 0; 0; 0; 0; 0; 0; 0; 0; 0; 0; 0; 0; 0; 0; 0; 0; 54; 24; 30; 5; 186; 0; 0; 0; 1; 0; 0; 248; 7; 0; 74
1990;09; 26; 211; 0; 0; 0; 0; 0; 15; 0; 0; 0; 0; 227; 59; 0; 0; 0; 0; 0; 0; 0; 0; 260; 0; 0; 0; 0; 0; 225; 243; 9999
1990;10; 3; 76; 0; 0; 21; 0; 0; 0; 0; 0; 0; 0; 7; 0; 0; 6; 0; 0; 239; 30; 0; 0; 0; 0; 0; 0; 0; 0; 0; 0; 0
1990;11; 0; 22; 0; 161; 60; 205; 3; 39; 0; 0; 0; 19; 0; 0; 0; 0; 304; 0; 0; 0; 0; 125; 0; 51; 0; 0; 0; 56; 0; 0; 9999
1990;12; 0; 0; 0; 0; 0; 4; 65; 0; 60; 8; 173; 281; 48; 260; 61; 0; 0; 29; 64; 45; 0; 0; 0; 0; 11; 13; 0; 0; 0; 0; 0
1991;01; 0; 0; 103; 255; 52; 47; 0; 0; 42; 0; 0; 336; 60; 185; 332; 859; 0; 0; 0; 0; 0; 5; 0; 0; 510; 74; 617; 43; 304; 218; 118
1991;02; 392; 158; 40; 0; 355; 14; 2; 44; 7; 401; 1203; 32; 203; 0; 14; 0; 0; 0; 28; 0; 0; 0; 0; 0; 0; 0; 0; 2; 9999; 9999; 9999
1991;03; 0; 36; 0; 100; 102; 855; 102; 2; 12; 0; 0; 0; 91; 6; 531; 0; 0; 0; 0; 0; 12; 23; 5; 0; 0; 11; 0; 23; 0; 24; 15
1991;04; 0; 0; 0; 0; 23; 0; 0; 90; 0; 0; 0; 0; 13; 77; 0; 19; 0; 0; 216; 0; 0; 0; 0; 0; 186; 0; 0; 0; 0; 0; 9999
1991;05; 0; 0; 0; 0; 0; 0; 0; 3; 0; 0; 0; 0; 0; 0; 36; 52; 0; 0; 0; 0; 0; 0; 0; 0; 0; 0; 0; 0; 0; 0; 0
1991;06; 0; 0; 0; 0; 0; 0; 0; 0; 5; 0; 0; 0; 0; 0; 0; 0; 0; 0; 0; 1; 0; 66; 0; 11; 0; 0; 0; 0; 8; 0; 9999
1991;07; 0; 0; 0; 0; 0; 0; 0; 0; 0; 0; 0; 0; 28; 6; 1; 0; 0; 0; 0; 0; 0; 0; 0; 0; 0; 0; 0; 0; 0; 0; 0
1991;08; 0; 0; 0; 0; 0; 0; 0; 0; 0; 0; 0; 0; 0; 0; 0; 0; 0; 0; 0; 0; 0; 0; 0; 0; 0; 0; 0; 0; 0; 0; 0
1991;09; 0; 0; 0; 0; 0; 0; 0; 0; 0; 0; 0; 0; 0; 0; 0; 0; 0; 0; 78; 0; 0; 0; 0; 0; 0; 4; 0; 0; 43; 2; 9999
1991;10; 83; 3; 525; 0; 0; 0; 86; 0; 0; 0; 0; 0; 0; 0; 0; 0; 0; 0; 0; 0; 0; 0; 0; 0; 9; 0; 0; 0; 0; 0; 0
1991;11; 0; 15; 0; 0; 0; 0; 7; 0; 9; 0; 0; 22; 0; 0; 9; 0; 0; 0; 0; 37; 0; 0; 1; 0; 0; 0; 0; 0; 0; 52; 9999
1991;12; 0; 15; 0; 0; 0; 10; 366; 175; 147; 108; 18; 431; 261; 82; 0; 30; 172; 42; 87; 505; 31; 0; 0; 0; 33; 32; 0; 505; 0; 15; 0
1992;01; 0; 451; 144; 0; 23; 0; 0; 0; 0; 1; 0; 8; 0; 14; 0; 37; 27; 0; 0; 0; 16; 0; 3; 0; 0; 0; 0; 0; 0; 73; 65
1992;02; 11; 45; 46; 78; 0; 0; 7; 0; 0; 0; 0; 0; 0; 13; 0; 0; 0; 2; 0; 0; 0; 0; 58; 0; 0; 86; 0; 4; 64; 9999; 9999
1992;03; 142; 0; 456; 0; 7; 13; 0; 0; 53; 0; 84; 0; 74; 0; 52; 103; 70; 7; 0; 0; 0; 0; 0; 3; 37; 4; 0; 7; 61; 7; 233
1992;04; 0; 0; 0; 0; 0; 396; 17; 0; 0; 0; 0; 0; 615; 41; 0; 0; 0; 0; 0; 15; 73; 0; 0; 12; 0; 20; 0; 0; 0; 42; 9999
1992;05; 0; 300; 0; 111; 0; 87; 0; 0; 0; 0; 0; 0; 3; 250; 0; 0; 0; 0; 0; 234; 0; 0; 126; 0; 0; 8; 0; 0; 0; 0; 0
1992;06; 0; 0; 0; 0; 0; 0; 0; 0; 0; 0; 0; 0; 0; 0; 0; 0; 0; 0; 0; 0; 0; 0; 0; 0; 0; 0; 0; 0; 0; 0; 9999
1992;07; 0; 0; 0; 0; 0; 0; 60; 0; 0; 0; 0; 0; 9; 0; 0; 0; 0; 0; 0; 0; 0; 0; 0; 0; 0; 0; 0; 5; 17; 0; 0
1992;08; 0; 0; 0; 0; 0; 0; 0; 0; 0; 0; 0; 14; 0; 0; 0; 0; 0; 0; 5; 0; 0; 105; 15; 0; 0; 0; 0; 0; 0; 0; 107
1992;09; 18; 7; 27; 32; 49; 307; 16; 0; 0; 0; 4; 85; 0; 60; 152; 1; 16; 275; 160; 0; 0; 0; 0; 19; 0; 46; 0; 12; 0; 0; 9999
1992;10; 0; 211; 474; 0; 0; 0; 5; 0; 96; 0; 0; 487; 108; 4; 0; 0; 199; 30; 0; 0; 0; 0; 0; 0; 0; 0; 25; 0; 189; 38; 420
1992;11; 11; 0; 0; 304; 6; 0; 0; 0; 0; 109; 0; 0; 53; 0; 0; 0; 28; 0; 0; 0; 0; 11; 19; 0; 158; 297; 9; 1; 0; 0; 9999
1992;12; 0; 0; 0; 14; 0; 0; 0; 105; 15; 13; 7; 18; 0; 0; 0; 0; 0; 78; 0; 0; 0; 0; 0; 0; 6; 0; 230; 0; 0; 12; 0
1993;01; 0; 0; 0; 0; 105; 5; 0; 0; 93; 500; 282; 407; 146; 0; 0; 0; 0; 0; 17; 0; 0; 3; 3; 0; 20; 351; 0; 253; 0; 0; 0
1993;02; 11; 0; 65; 0; 31; 84; 122; 82; 601; 481; 228; 0; 22; 0; 2; 0; 58; 4; 93; 184; 26; 40; 17; 0; 0; 0; 0; 0; 9999; 9999; 9999
1993;03; 305; 7; 0; 0; 78; 0; 0; 0; 0; 0; 0; 0; 0; 0; 20; 0; 0; 19; 12; 17; 440; 252; 126; 0; 183; 0; 328; 10; 138; 103; 0
1993;04; 335; 665; 102; 0; 0; 0; 0; 18; 147; 0; 0; 9; 0; 0; 0; 22; 0; 0; 0; 0; 0; 0; 21; 26; 0; 0; 0; 0; 0; 0; 9999
1993;05; 0; 0; 0; 0; 0; 123; 0; 0; 0; 0; 0; 0; 0; 0; 86; 0; 0; 0; 0; 0; 0; 0; 0; 0; 0; 0; 0; 0; 0; 0; 142
1993;06; 127; 0; 0; 0; 238; 0; 0; 0; 0; 0; 0; 0; 0; 0; 0; 0; 0; 0; 0; 0; 0; 0; 0; 0; 0; 0; 0; 0; 0; 0; 9999
1993;07; 0; 0; 0; 0; 0; 0; 0; 0; 0; 0; 0; 0; 0; 0; 57; 0; 0; 0; 0; 0; 0; 0; 0; 0; 0; 0; 0; 0; 0; 0; 0
1993;08; 0; 0; 0; 0; 0; 0; 0; 0; 0; 0; 0; 0; 0; 0; 0; 0; 0; 0; 0; 0; 0; 0; 119; 15; 0; 0; 0; 0; 0; 0; 0
1993;09; 231; 0; 0; 0; 0; 0; 0; 99; 12; 0; 20; 0; 0; 14; 142; 4; 0; 0; 0; 0; 0; 84; 3; 19; 2; 0; 238; 0; 0; 0; 9999
1993;10; 0; 0; 0; 0; 100; 8; 0; 0; 0; 0; 0; 0; 0; 0; 2; 12; 0; 0; 0; 0; 0; 0; 0; 0; 0; 108; 343; 0; 0; 0; 0
1993;11; 0; 43; 0; 0; 0; 33; 0; 43; 0; 0; 0; 0; 0; 0; 0; 0; 0; 90; 2; 0; 0; 0; 52; 0; 2; 4; 93; 0; 0; 0; 9999
1993;12; 0; 0; 0; 0; 0; 0; 0; 0; 0; 0; 67; 207; 0; 0; 0; 158; 367; 0; 109; 0; 0; 0; 0; 21; 148; 3; 9999; 9999; 130; 22; 0
1994;01; 0; 0; 30; 0; 0; 0; 0; 45; 271; 151; 0; 0; 0; 0; 29; 116; 0; 0; 0; 0; 150; 51; 2; 20; 114; 104; 245; 177; 11; 0; 64
1994;02; 0; 0; 13; 0; 0; 225; 58; 0; 110; 0; 0; 0; 0; 0; 24; 0; 0; 38; 0; 0; 427; 0; 0; 227; 0; 0; 0; 75; 9999; 9999; 9999
1994;03; 37; 238; 61; 0; 0; 0; 8; 0; 0; 0; 288; 0; 0; 0; 0; 0; 0; 0; 18; 55; 84; 0; 0; 0; 113; 43; 0; 0; 0; 0; 505
1994;04; 0; 0; 0; 0; 0; 0; 701; 0; 0; 0; 0; 0; 0; 0; 3; 0; 0; 0; 4; 23; 0; 62; 0; 0; 0; 0; 0; 0; 0; 0; 9999
1994;05; 0; 0; 0; 0; 0; 0; 0; 0; 0; 0; 0; 0; 5; 0; 0; 0; 0; 0; 0; 98; 19; 0; 17; 0; 2; 0; 3; 66; 9; 0; 0
1994;06; 0; 0; 0; 0; 0; 0; 0; 0; 0; 0; 0; 0; 0; 0; 0; 0; 0; 0; 0; 0; 0; 35; 0; 0; 98; 0; 0; 0; 0; 0; 9999
1994;07; 0; 0; 0; 0; 0; 0; 0; 0; 64; 0; 0; 0; 0; 0; 0; 0; 0; 0; 0; 0; 0; 0; 62; 0; 0; 0; 0; 0; 0; 0; 0
1994;08; 0; 0; 0; 0; 0; 0; 0; 0; 0; 0; 0; 0; 0; 0; 0; 0; 0; 0; 0; 0; 0; 0; 0; 0; 0; 0; 0; 0; 0; 0; 0
1994;09; 0; 0; 0; 0; 0; 0; 0; 0; 0; 0; 0; 0; 0; 0; 0; 87; 0; 0; 0; 0; 0; 0; 0; 0; 0; 0; 0; 0; 0; 0; 9999
1994;10; 2; 0; 7; 9; 0; 0; 0; 6; 0; 0; 0; 0; 0; 123; 0; 0; 0; 0; 0; 0; 0; 9; 0; 0; 255; 0; 30; 27; 145; 158; 0
1994;11; 0; 98; 0; 0; 208; 0; 0; 0; 0; 16; 0; 0; 0; 0; 0; 0; 0; 0; 685; 90; 0; 0; 0; 0; 0; 0; 24; 437; 103; 0; 9999
1994;12; 0; 0; 0; 0; 0; 14; 103; 10; 0; 0; 0; 1; 0; 0; 0; 104; 0; 21; 0; 0; 0; 593; 430; 0; 0; 0; 0; 26; 153; 50; 31
1995;01; 68; 122; 134; 140; 198; 53; 72; 0; 91; 36; 2; 165; 0; 0; 0; 0; 0; 0; 0; 0; 123; 390; 0; 0; 0; 0; 0; 323; 455; 0; 73
1995;02; 357; 40; 213; 252; 145; 31; 286; 294; 790; 0; 223; 0; 0; 32; 0; 0; 0; 1; 214; 1350; 35; 87; 0; 0; 0; 0; 0; 11; 9999; 9999; 9999
1995;03; 0; 0; 0; 0; 0; 0; 0; 0; 291; 0; 0; 0; 139; 118; 0; 0; 0; 0; 0; 0; 22; 12; 0; 91; 34; 0; 0; 0; 0; 8; 215
1995;04; 482; 0; 0; 0; 0; 0; 0; 32; 0; 0; 0; 23; 0; 0; 0; 0; 0; 7; 0; 0; 31; 0; 0; 0; 0; 0; 0; 5; 0; 0; 9999
1995;05; 0; 0; 0; 0; 0; 14; 78; 0; 0; 26; 0; 0; 0; 0; 0; 0; 9; 0; 0; 0; 0; 0; 0; 0; 0; 0; 0; 0; 0; 0; 0
1995;06; 0; 0; 0; 0; 0; 0; 0; 0; 0; 0; 0; 0; 0; 0; 0; 0; 0; 92; 0; 0; 0; 0; 0; 0; 294; 12; 0; 0; 0; 0; 9999
1995;07; 0; 0; 0; 0; 0; 0; 0; 0; 173; 0; 33; 0; 0; 0; 0; 0; 0; 0; 0; 0; 0; 0; 0; 0; 0; 0; 0; 0; 0; 0; 0
1995;08; 0; 0; 0; 0; 0; 0; 0; 0; 0; 0; 0; 0; 0; 0; 0; 0; 0; 0; 0; 0; 0; 0; 0; 0; 0; 0; 0; 0; 0; 0; 0
1995;09; 0; 0; 0; 0; 0; 0; 0; 0; 0; 0; 0; 0; 0; 0; 0; 0; 0; 0; 6; 75; 0; 0; 0; 0; 340; 0; 13; 525; 99; 60; 9999
1995;10; 0; 0; 0; 0; 0; 0; 5; 155; 0; 0; 0; 0; 0; 91; 25; 22; 23; 205; 0; 0; 270; 0; 0; 0; 0; 0; 0; 0; 3; 116; 11
1995;11; 0; 0; 0; 19; 0; 0; 0; 0; 0; 0; 0; 349; 3; 0; 276; 76; 0; 20; 0; 0; 0; 0; 0; 61; 2; 0; 0; 0; 0; 0; 9999
1995;12; 0; 8; 113; 150; 22; 0; 0; 0; 0; 0; 99; 177; 165; 76; 0; 0; 0; 275; 58; 12; 14; 206; 36; 0; 11; 0; 44; 4; 8; 0; 0
1996;01; 0; 110; 24; 0; 4; 33; 0; 377; 218; 439; 0; 0; 0; 0; 0; 0; 0; 0; 53; 0; 722; 73; 0; 0; 0; 0; 5; 0; 0; 51; 0
1996;02; 280; 0; 0; 0; 55; 21; 42; 0; 0; 0; 0; 0; 92; 0; 0; 0; 0; 0; 82; 0; 0; 0; 231; 0; 0; 0; 0; 0; 21; 9999; 9999
1996;03; 61; 63; 75; 478; 12; 0; 2; 127; 62; 12; 0; 0; 0; 0; 227; 0; 126; 0; 0; 6; 0; 13; 0; 0; 0; 0; 153; 21; 0; 0; 0
1996;04; 166; 0; 0; 0; 0; 0; 0; 0; 0; 0; 1; 60; 0; 0; 0; 0; 311; 0; 0; 0; 0; 0; 0; 0; 0; 0; 0; 0; 0; 0; 9999
1996;05; 0; 0; 0; 0; 0; 0; 0; 0; 0; 128; 182; 0; 0; 0; 0; 39; 0; 430; 0; 126; 11; 0; 0; 0; 61; 0; 0; 0; 0; 0; 0
1996;06; 0; 0; 0; 0; 0; 0; 0; 0; 0; 0; 0; 0; 0; 0; 0; 0; 0; 0; 0; 0; 0; 0; 0; 0; 0; 0; 0; 62; 68; 0; 9999
1996;07; 0; 0; 0; 0; 0; 0; 0; 0; 0; 0; 0; 0; 0; 0; 0; 0; 0; 0; 0; 0; 0; 0; 0; 0; 0; 0; 0; 0; 10; 0; 0
1996;08; 0; 0; 0; 0; 0; 0; 0; 0; 0; 0; 0; 0; 0; 0; 79; 12; 0; 0; 0; 0; 0; 0; 0; 0; 0; 0; 0; 0; 0; 0; 0
1996;09; 25; 0; 0; 315; 39; 144; 0; 0; 178; 240; 41; 0; 0; 0; 0; 0; 0; 23; 0; 0; 0; 0; 0; 0; 6; 0; 0; 0; 0; 0; 9999
1996;10; 0; 0; 0; 0; 0; 0; 37; 0; 0; 175; 77; 0; 0; 125; 0; 0; 0; 0; 0; 209; 89; 0; 0; 0; 0; 242; 54; 32; 267; 0; 0
1996;11; 0; 0; 162; 0; 0; 0; 0; 149; 0; 0; 0; 0; 0; 0; 783; 113; 2; 0; 0; 571; 972; 3; 0; 0; 0; 0; 0; 10; 61; 53; 9999
1996;12; 0; 148; 13; 2; 92; 18; 0; 0; 0; 0; 28; 6; 32; 0; 0; 0; 307; 277; 0; 0; 0; 0; 0; 187; 0; 3; 57; 55; 466; 48; 190
1997;01; 182; 209; 50; 0; 0; 0; 0; 71; 0; 0; 231; 148; 0; 0; 52; 107; 70; 159; 23; 293; 315; 28; 24; 0; 2; 27; 20; 21; 0; 0; 41
1997;02; 40; 164; 679; 365; 0; 0; 80; 0; 0; 0; 4; 0; 5; 0; 18; 123; 0; 43; 0; 0; 1; 0; 0; 0; 0; 0; 0; 0; 9999; 9999; 9999
1997;03; 0; 0; 0; 0; 0; 17; 0; 29; 24; 0; 14; 0; 0; 14; 219; 62; 151; 0; 79; 0; 191; 0; 0; 0; 0; 0; 0; 0; 0; 0; 282
1997;04; 1084; 0; 0; 0; 0; 0; 0; 0; 0; 0; 0; 0; 0; 0; 0; 135; 54; 0; 0; 120; 5; 43; 0; 0; 0; 46; 0; 0; 0; 0; 9999
1997;05; 0; 0; 0; 0; 0; 0; 0; 0; 0; 0; 0; 0; 0; 4; 51; 7; 57; 0; 0; 0; 0; 0; 282; 0; 18; 0; 0; 91; 192; 0; 0
1997;06; 0; 0; 0; 90; 0; 1076; 0; 0; 0; 0; 0; 222; 0; 0; 479; 64; 0; 29; 505; 33; 0; 0; 0; 0; 0; 0; 0; 0; 0; 0; 9999
1997;07; 0; 0; 0; 0; 0; 0; 0; 0; 0; 0; 0; 0; 0; 0; 0; 0; 0; 0; 0; 0; 12; 22; 0; 0; 0; 0; 0; 0; 0; 0; 0
1997;08; 0; 0; 0; 0; 2; 0; 0; 0; 0; 0; 0; 0; 0; 0; 0; 0; 0; 0; 0; 0; 0; 0; 0; 0; 0; 0; 0; 0; 0; 0; 0
1997;09; 0; 0; 0; 0; 0; 0; 0; 0; 0; 0; 10; 0; 0; 0; 0; 215; 0; 0; 9; 0; 130; 0; 0; 0; 0; 0; 0; 0; 2; 1; 9999
1997;10; 0; 0; 0; 0; 0; 13; 87; 0; 0; 0; 0; 0; 0; 0; 0; 53; 276; 0; 0; 77; 436; 0; 0; 0; 0; 0; 223; 0; 0; 2; 0
1997;11; 3; 0; 0; 0; 0; 103; 0; 0; 0; 0; 0; 0; 0; 385; 0; 146; 161; 403; 18; 0; 0; 0; 0; 0; 0; 14; 0; 197; 279; 0; 9999
1997;12; 182; 261; 0; 177; 2; 0; 55; 0; 0; 0; 6; 0; 0; 0; 637; 17; 0; 0; 0; 0; 0; 0; 0; 0; 0; 0; 0; 0; 197; 0; 51
