33
Ano,Mes,1,2,3,4,5,6,7,8,9,10,11,12,13,14,15,16,17,18,19,20,21,22,23,24,25,26,27,28,29,30,31
1936;10; 0; 0; 0; 0; 0; 0; 0; 0; 0; 0; 0; 0; 0; 0; 0; 0; 0; 0; 143; 258; 0; 0; 0; 0; 0; 0; 0; 0; 0; 0; 0
1936;11; 0; 37; 0; 0; 329; 0; 0; 0; 0; 0; 406; 30; 65; 74; 0; 0; 0; 98; 0; 0; 0; 0; 206; 88; 182; 176; 0; 0; 0; 0; 9999
1936;12; 0; 80; 688; 295; 0; 0; 0; 0; 101; 0; 0; 0; 0; 470; 382; 83; 555; 612; 10; 0; 0; 0; 0; 0; 0; 400; 358; 68; 0; 0; 0
1937;01; 0; 0; 38; 363; 577; 244; 460; 209; 93; 0; 26; 0; 111; 47; 137; 0; 0; 34; 110; 0; 0; 0; 0; 0; 345; 75; 63; 0; 0; 0; 0
1937;02; 130; 0; 90; 56; 144; 60; 0; 0; 0; 0; 0; 195; 0; 70; 245; 122; 0; 0; 0; 0; 0; 0; 0; 95; 45; 88; 0; 0; 9999; 9999; 9999
1937;03; 25; 70; 165; 0; 62; 20; 0; 0; 0; 0; 0; 25; 0; 0; 10; 0; 0; 8; 38; 0; 0; 110; 0; 0; 0; 420; 0; 0; 0; 0; 0
1937;04; 0; 0; 0; 0; 19; 0; 75; 0; 51; 0; 0; 0; 0; 0; 0; 243; 0; 0; 0; 0; 0; 0; 0; 0; 0; 0; 0; 0; 0; 0; 9999
1937;05; 197; 65; 0; 0; 0; 0; 0; 0; 0; 0; 0; 0; 0; 0; 0; 276; 259; 0; 0; 0; 0; 0; 0; 0; 0; 0; 0; 0; 0; 0; 0
1937;06; 375; 0; 0; 0; 0; 172; 10; 0; 0; 0; 0; 0; 0; 0; 0; 0; 0; 0; 0; 0; 0; 0; 0; 0; 0; 0; 0; 0; 0; 0; 9999
1937;07; 0; 0; 0; 0; 0; 0; 0; 0; 0; 0; 0; 0; 0; 0; 0; 0; 0; 0; 0; 0; 0; 0; 0; 0; 0; 0; 0; 0; 0; 0; 0
1937;08; 0; 0; 0; 0; 0; 0; 0; 0; 0; 0; 0; 0; 0; 0; 0; 0; 0; 0; 0; 0; 0; 0; 0; 100; 150; 0; 0; 0; 0; 0; 0
1937;09; 0; 0; 0; 0; 0; 0; 0; 0; 0; 0; 0; 0; 0; 0; 0; 0; 0; 0; 0; 0; 0; 0; 0; 0; 0; 0; 0; 0; 0; 0; 9999
1937;10; 270; 0; 0; 0; 0; 0; 0; 0; 130; 52; 0; 0; 0; 0; 240; 204; 0; 0; 0; 0; 0; 0; 0; 0; 253; 17; 0; 0; 0; 0; 0
1937;11; 0; 0; 0; 0; 0; 0; 0; 110; 243; 0; 0; 0; 0; 0; 0; 80; 873; 87; 0; 0; 0; 0; 105; 80; 0; 0; 0; 0; 0; 92; 9999
1937;12; 0; 10; 33; 467; 332; 427; 24; 26; 409; 262; 209; 0; 0; 0; 0; 0; 195; 109; 0; 0; 37; 0; 0; 0; 0; 0; 0; 60; 110; 639; 0
1938;01; 0; 137; 0; 162; 419; 78; 0; 0; 0; 0; 0; 0; 145; 180; 0; 52; 81; 0; 0; 0; 0; 0; 164; 24; 0; 0; 76; 83; 0; 43; 11
1938;02; 0; 0; 108; 0; 0; 0; 0; 0; 10; 0; 70; 0; 0; 0; 0; 0; 0; 69; 0; 0; 0; 0; 0; 136; 0; 0; 0; 0; 9999; 9999; 9999
1938;03; 0; 0; 0; 0; 0; 0; 0; 0; 0; 0; 0; 0; 0; 0; 0; 0; 0; 0; 0; 0; 0; 0; 0; 0; 0; 0; 0; 0; 0; 0; 0
1938;04; 0; 0; 0; 0; 0; 0; 0; 24; 0; 0; 50; 0; 10; 0; 0; 90; 0; 0; 0; 0; 0; 88; 0; 0; 0; 0; 0; 0; 0; 0; 9999
1938;05; 0; 0; 0; 0; 0; 0; 0; 0; 0; 0; 0; 0; 0; 46; 0; 0; 200; 13; 59; 311; 176; 169; 76; 0; 0; 0; 0; 0; 0; 0; 0
1938;06; 0; 0; 0; 0; 0; 0; 0; 123; 0; 0; 0; 0; 0; 0; 0; 0; 0; 0; 0; 0; 0; 0; 0; 0; 0; 10; 0; 0; 0; 0; 9999
1938;07; 0; 0; 0; 0; 0; 0; 0; 0; 0; 0; 0; 0; 0; 0; 0; 0; 0; 0; 0; 0; 0; 0; 0; 0; 0; 0; 0; 0; 0; 0; 0
1938;08; 0; 140; 55; 0; 0; 0; 0; 10; 160; 0; 0; 0; 0; 0; 0; 0; 0; 0; 0; 0; 0; 0; 0; 0; 0; 0; 0; 0; 0; 0; 0
1938;09; 0; 0; 0; 0; 0; 0; 55; 234; 510; 0; 65; 0; 24; 52; 0; 0; 0; 0; 0; 0; 0; 0; 0; 0; 0; 0; 0; 0; 0; 0; 9999
1938;10; 0; 0; 0; 43; 0; 0; 0; 0; 0; 0; 0; 84; 208; 228; 156; 0; 172; 224; 210; 0; 206; 91; 150; 85; 152; 0; 84; 56; 84; 0; 0
1938;11; 0; 0; 46; 105; 193; 0; 0; 69; 0; 0; 154; 46; 253; 0; 0; 0; 0; 0; 103; 0; 203; 0; 186; 0; 0; 0; 108; 64; 0; 0; 9999
1938;12; 46; 0; 0; 0; 0; 0; 0; 6; 0; 4; 113; 160; 200; 103; 1030; 80; 180; 205; 412; 206; 309; 308; 106; 209; 213; 212; 266; 116; 8; 160; 180
1939;01; 313; 103; 0; 5; 0; 0; 6; 0; 0; 2; 0; 0; 0; 0; 3; 0; 0; 0; 0; 8; 165; 100; 100; 50; 4; 3; 100; 0; 140; 130; 0
1939;02; 9999; 9999; 9999; 9999; 9999; 9999; 9999; 9999; 9999; 9999; 9999; 9999; 9999; 9999; 9999; 9999; 9999; 9999; 9999; 9999; 9999; 9999; 9999; 9999; 9999; 9999; 9999; 9999; 9999; 9999; 9999
1939;03; 9999; 0; 0; 0; 0; 0; 0; 0; 0; 0; 0; 0; 0; 0; 0; 0; 0; 0; 0; 0; 0; 0; 0; 0; 0; 0; 0; 0; 0; 0; 0
1939;04; 9999; 0; 0; 0; 0; 0; 0; 0; 0; 0; 0; 0; 0; 0; 0; 0; 0; 0; 0; 0; 0; 0; 0; 0; 0; 0; 0; 0; 0; 0; 9999
1939;05; 9999; 0; 0; 0; 0; 0; 0; 0; 0; 0; 0; 0; 0; 0; 0; 0; 0; 0; 0; 0; 0; 0; 0; 0; 0; 0; 0; 0; 0; 0; 0
1939;06; 9999; 0; 0; 0; 0; 0; 0; 0; 0; 0; 0; 0; 0; 0; 0; 0; 0; 0; 0; 0; 0; 0; 0; 0; 0; 0; 0; 0; 0; 0; 9999
1939;07; 9999; 0; 0; 0; 0; 0; 0; 0; 0; 0; 0; 0; 0; 0; 0; 0; 0; 0; 0; 0; 0; 0; 0; 0; 0; 0; 0; 0; 0; 0; 0
1939;08; 9999; 0; 0; 0; 0; 0; 0; 0; 0; 0; 0; 0; 0; 0; 0; 0; 0; 0; 0; 0; 0; 0; 0; 0; 0; 0; 0; 0; 0; 0; 0
1939;09; 9999; 0; 0; 0; 0; 0; 0; 0; 0; 0; 0; 0; 0; 0; 0; 0; 0; 0; 0; 0; 0; 0; 0; 0; 0; 0; 0; 0; 0; 0; 9999
1939;10; 9999; 9999; 9999; 9999; 9999; 9999; 9999; 9999; 9999; 9999; 9999; 9999; 9999; 9999; 9999; 9999; 9999; 9999; 9999; 9999; 9999; 9999; 9999; 9999; 9999; 9999; 9999; 9999; 9999; 9999; 9999
1939;11; 9999; 9999; 9999; 9999; 9999; 9999; 9999; 9999; 9999; 9999; 9999; 9999; 9999; 9999; 9999; 9999; 9999; 9999; 9999; 9999; 9999; 9999; 9999; 9999; 9999; 9999; 9999; 9999; 9999; 9999; 9999
1939;12; 9999; 9999; 9999; 9999; 9999; 9999; 9999; 9999; 9999; 9999; 9999; 9999; 9999; 9999; 9999; 9999; 9999; 9999; 9999; 9999; 9999; 9999; 9999; 9999; 9999; 9999; 9999; 9999; 9999; 9999; 9999
1940;01; 9999; 9999; 9999; 9999; 9999; 9999; 9999; 9999; 9999; 9999; 9999; 9999; 9999; 9999; 9999; 9999; 9999; 9999; 9999; 9999; 9999; 9999; 9999; 9999; 9999; 9999; 9999; 9999; 9999; 9999; 9999
1940;02; 9999; 9999; 9999; 9999; 9999; 9999; 9999; 9999; 9999; 9999; 9999; 9999; 9999; 9999; 9999; 9999; 9999; 9999; 9999; 9999; 9999; 9999; 9999; 9999; 9999; 9999; 9999; 9999; 9999; 9999; 9999
1940;03; 9999; 9999; 9999; 9999; 9999; 9999; 9999; 9999; 9999; 9999; 9999; 9999; 9999; 9999; 9999; 9999; 9999; 9999; 9999; 9999; 9999; 9999; 9999; 9999; 9999; 9999; 9999; 9999; 9999; 9999; 9999
1940;04; 9999; 9999; 9999; 9999; 9999; 9999; 9999; 9999; 9999; 9999; 9999; 9999; 9999; 9999; 9999; 9999; 9999; 9999; 9999; 9999; 9999; 9999; 9999; 9999; 9999; 9999; 9999; 9999; 9999; 9999; 9999
1940;05; 9999; 9999; 9999; 9999; 9999; 9999; 9999; 9999; 9999; 9999; 9999; 9999; 9999; 9999; 9999; 9999; 9999; 9999; 9999; 9999; 9999; 9999; 9999; 9999; 9999; 9999; 9999; 9999; 9999; 9999; 9999
1940;06; 9999; 9999; 9999; 9999; 9999; 9999; 9999; 9999; 9999; 9999; 9999; 9999; 9999; 9999; 9999; 9999; 9999; 9999; 9999; 9999; 9999; 9999; 9999; 9999; 9999; 9999; 9999; 9999; 9999; 9999; 9999
1940;07; 9999; 9999; 9999; 9999; 9999; 9999; 9999; 9999; 9999; 9999; 9999; 9999; 9999; 9999; 9999; 9999; 9999; 9999; 9999; 9999; 9999; 9999; 9999; 9999; 9999; 9999; 9999; 9999; 9999; 9999; 9999
1940;08; 9999; 9999; 9999; 9999; 9999; 9999; 9999; 9999; 9999; 9999; 9999; 9999; 9999; 9999; 9999; 9999; 9999; 9999; 9999; 9999; 9999; 9999; 9999; 9999; 9999; 9999; 9999; 9999; 9999; 9999; 9999
1940;09; 9999; 9999; 9999; 9999; 9999; 9999; 9999; 9999; 9999; 9999; 9999; 9999; 9999; 9999; 9999; 9999; 9999; 9999; 9999; 9999; 9999; 9999; 9999; 9999; 9999; 9999; 9999; 9999; 9999; 9999; 9999
1940;10; 9999; 9999; 9999; 9999; 9999; 9999; 9999; 9999; 9999; 9999; 9999; 9999; 9999; 9999; 9999; 9999; 9999; 9999; 9999; 9999; 9999; 9999; 9999; 9999; 9999; 9999; 9999; 9999; 9999; 9999; 9999
1940;11; 9999; 9999; 9999; 9999; 9999; 9999; 9999; 9999; 9999; 9999; 9999; 9999; 9999; 9999; 9999; 9999; 9999; 9999; 9999; 9999; 9999; 9999; 9999; 9999; 9999; 9999; 9999; 9999; 9999; 9999; 9999
1940;12; 9999; 9999; 9999; 9999; 9999; 9999; 9999; 9999; 9999; 9999; 9999; 9999; 9999; 9999; 9999; 9999; 9999; 9999; 9999; 9999; 9999; 9999; 9999; 9999; 9999; 9999; 9999; 9999; 9999; 9999; 9999
1941;01; 9999; 9999; 9999; 9999; 9999; 9999; 9999; 9999; 9999; 9999; 9999; 9999; 9999; 9999; 9999; 9999; 9999; 9999; 9999; 9999; 9999; 9999; 9999; 9999; 9999; 9999; 9999; 9999; 9999; 9999; 9999
1941;02; 9999; 9999; 9999; 9999; 9999; 9999; 9999; 9999; 9999; 9999; 9999; 9999; 9999; 9999; 9999; 9999; 9999; 9999; 9999; 9999; 9999; 9999; 9999; 9999; 9999; 9999; 9999; 9999; 9999; 9999; 9999
1941;03; 0; 0; 0; 0; 0; 0; 0; 0; 0; 0; 0; 0; 0; 0; 0; 0; 0; 0; 0; 0; 0; 0; 0; 0; 0; 0; 0; 0; 0; 0; 0
1941;04; 0; 0; 0; 0; 0; 0; 0; 0; 0; 0; 0; 0; 0; 0; 0; 0; 0; 0; 0; 0; 0; 0; 0; 0; 0; 0; 0; 0; 0; 0; 9999
1941;05; 0; 0; 0; 0; 0; 0; 0; 0; 0; 0; 0; 0; 0; 0; 0; 0; 0; 0; 0; 0; 0; 0; 0; 0; 0; 0; 0; 20; 0; 0; 0
1941;06; 0; 0; 0; 0; 0; 0; 0; 0; 0; 0; 0; 0; 0; 0; 0; 0; 0; 0; 0; 0; 0; 0; 0; 0; 0; 75; 0; 0; 0; 0; 9999
1941;07; 0; 0; 0; 0; 0; 0; 0; 0; 112; 17; 0; 0; 0; 0; 0; 165; 0; 0; 5; 0; 0; 0; 0; 0; 0; 0; 0; 0; 0; 0; 0
1941;08; 0; 0; 0; 0; 0; 0; 0; 0; 0; 0; 0; 0; 0; 0; 0; 0; 0; 0; 0; 0; 0; 0; 0; 0; 0; 0; 0; 0; 0; 0; 0
1941;09; 0; 0; 273; 0; 0; 142; 263; 0; 0; 0; 116; 0; 290; 380; 0; 0; 36; 0; 0; 0; 54; 118; 165; 0; 0; 240; 0; 240; 93; 0; 9999
1941;10; 0; 0; 0; 0; 127; 0; 72; 118; 0; 0; 0; 0; 0; 0; 0; 22; 0; 0; 0; 0; 0; 0; 0; 0; 0; 0; 0; 0; 50; 0; 165
1941;11; 385; 0; 0; 55; 454; 395; 0; 0; 70; 0; 0; 103; 0; 0; 0; 0; 360; 0; 0; 0; 0; 60; 0; 0; 0; 80; 0; 0; 0; 254; 9999
1941;12; 371; 0; 57; 0; 11; 0; 0; 0; 0; 471; 245; 0; 0; 237; 0; 0; 0; 386; 0; 0; 0; 163; 0; 0; 0; 0; 0; 92; 79; 251; 0
1942;01; 230; 180; 0; 0; 0; 0; 0; 0; 8; 7; 0; 0; 0; 2; 0; 0; 0; 6; 0; 330; 0; 0; 0; 0; 0; 0; 85; 0; 118; 0; 205
1942;02; 140; 63; 223; 0; 0; 0; 0; 44; 21; 0; 0; 135; 56; 0; 0; 114; 27; 624; 220; 363; 411; 140; 2; 0; 0; 0; 0; 19; 9999; 9999; 9999
1942;03; 65; 95; 183; 318; 21; 87; 0; 0; 35; 84; 38; 39; 21; 6; 0; 0; 0; 0; 0; 2; 85; 0; 0; 0; 0; 0; 0; 0; 0; 0; 202
1942;04; 0; 0; 0; 187; 0; 0; 0; 0; 0; 0; 0; 0; 398; 418; 0; 0; 285; 0; 0; 0; 0; 189; 0; 0; 0; 0; 0; 0; 0; 0; 9999
1942;05; 0; 0; 0; 0; 0; 120; 40; 0; 0; 0; 0; 0; 0; 0; 0; 0; 0; 0; 0; 0; 0; 0; 0; 0; 0; 0; 0; 0; 0; 0; 0
1942;06; 0; 0; 0; 0; 0; 5; 0; 5; 60; 40; 0; 0; 0; 0; 0; 0; 0; 0; 0; 0; 0; 0; 0; 0; 0; 0; 0; 0; 0; 0; 9999
1942;07; 0; 0; 0; 0; 17; 0; 0; 0; 67; 4; 0; 0; 0; 0; 0; 0; 0; 0; 0; 0; 0; 0; 0; 0; 0; 0; 0; 0; 0; 0; 3
1942;08; 0; 0; 0; 0; 0; 0; 0; 0; 0; 0; 0; 0; 0; 0; 0; 0; 0; 0; 0; 0; 0; 0; 0; 0; 0; 0; 0; 0; 0; 0; 0
1942;09; 0; 0; 0; 0; 9999; 0; 9999; 0; 0; 0; 0; 0; 0; 0; 0; 0; 9999; 143; 0; 0; 0; 9999; 0; 0; 0; 0; 0; 0; 0; 0; 9999
1942;10; 0; 0; 0; 160; 0; 0; 6; 0; 0; 0; 0; 0; 0; 0; 0; 15; 0; 0; 0; 0; 0; 0; 0; 10; 95; 47; 0; 363; 0; 0; 0
1942;11; 106; 0; 0; 0; 0; 0; 0; 0; 80; 76; 0; 59; 120; 240; 1; 35; 0; 90; 10; 128; 0; 0; 0; 0; 0; 80; 0; 192; 0; 0; 9999
1942;12; 0; 80; 0; 0; 6; 15; 0; 0; 13; 116; 83; 0; 167; 367; 200; 13; 625; 0; 0; 0; 12; 42; 23; 18; 0; 184; 0; 33; 0; 272; 0
1943;01; 0; 186; 106; 93; 102; 24; 154; 1; 3; 21; 0; 0; 505; 187; 0; 0; 0; 281; 253; 4; 75; 103; 0; 302; 46; 118; 1; 36; 176; 639; 39
1943;02; 318; 0; 0; 0; 0; 0; 0; 0; 161; 22; 51; 0; 110; 295; 226; 2; 528; 0; 1; 352; 0; 275; 0; 140; 55; 74; 0; 0; 9999; 9999; 9999
1943;03; 0; 0; 0; 178; 69; 280; 34; 450; 34; 6; 31; 3; 8; 166; 7; 0; 0; 0; 0; 0; 0; 123; 174; 113; 0; 0; 0; 36; 16; 0; 225
1943;04; 0; 0; 0; 96; 0; 0; 0; 0; 0; 0; 0; 0; 0; 0; 245; 0; 0; 0; 0; 0; 0; 0; 0; 0; 0; 0; 0; 0; 0; 0; 9999
1943;05; 0; 0; 0; 0; 0; 0; 0; 0; 0; 0; 0; 0; 0; 0; 0; 0; 0; 0; 0; 0; 0; 0; 0; 0; 0; 0; 0; 0; 0; 0; 0
1943;06; 0; 0; 0; 0; 0; 93; 150; 0; 5; 0; 0; 0; 0; 0; 0; 0; 72; 0; 0; 0; 0; 0; 0; 0; 19; 0; 0; 0; 0; 0; 9999
1943;07; 0; 0; 0; 0; 0; 0; 0; 0; 0; 0; 0; 0; 0; 0; 0; 0; 0; 0; 0; 0; 0; 0; 0; 0; 0; 0; 0; 0; 0; 0; 0
1943;08; 0; 0; 0; 7; 12; 0; 0; 0; 0; 0; 0; 0; 0; 0; 0; 0; 0; 0; 0; 0; 0; 0; 0; 0; 12; 0; 0; 0; 0; 0; 0
1943;09; 0; 0; 0; 0; 0; 0; 0; 0; 0; 0; 0; 66; 0; 49; 0; 0; 0; 0; 0; 0; 0; 12; 544; 353; 0; 0; 0; 0; 0; 0; 9999
1943;10; 0; 0; 69; 91; 0; 0; 0; 0; 0; 54; 44; 2; 189; 32; 0; 0; 0; 0; 0; 0; 0; 266; 18; 0; 0; 37; 544; 157; 0; 0; 0
1943;11; 11; 74; 293; 252; 64; 0; 0; 0; 0; 322; 0; 0; 0; 0; 0; 0; 306; 225; 3; 0; 0; 0; 250; 1; 0; 0; 0; 0; 0; 0; 9999
1943;12; 465; 27; 0; 0; 0; 16; 0; 0; 0; 0; 0; 0; 81; 19; 65; 0; 332; 20; 0; 0; 0; 83; 149; 0; 0; 0; 0; 264; 0; 0; 82
1944;01; 0; 0; 0; 0; 84; 0; 0; 0; 25; 0; 0; 0; 590; 40; 0; 0; 0; 200; 30; 0; 0; 0; 0; 69; 208; 365; 26; 0; 0; 0; 0
1944;02; 44; 0; 0; 84; 0; 0; 0; 0; 92; 0; 0; 0; 0; 0; 68; 215; 80; 76; 470; 270; 0; 66; 0; 215; 233; 0; 108; 5; 0; 9999; 9999
1944;03; 187; 0; 115; 0; 59; 0; 0; 0; 495; 0; 0; 60; 0; 95; 66; 42; 0; 265; 30; 0; 0; 0; 0; 0; 0; 0; 0; 0; 0; 15; 0
1944;04; 130; 0; 0; 0; 0; 0; 0; 0; 0; 0; 0; 0; 0; 0; 257; 0; 481; 0; 0; 0; 49; 0; 0; 0; 0; 0; 0; 0; 0; 0; 9999
1944;05; 0; 0; 0; 0; 0; 0; 0; 0; 0; 0; 0; 0; 0; 0; 0; 0; 0; 0; 0; 0; 0; 0; 0; 0; 0; 0; 0; 0; 0; 0; 0
1944;06; 0; 0; 0; 0; 0; 0; 0; 0; 0; 0; 0; 0; 0; 0; 0; 0; 0; 0; 0; 0; 0; 0; 0; 0; 0; 0; 0; 0; 0; 0; 9999
1944;07; 0; 0; 0; 0; 0; 0; 0; 0; 0; 0; 0; 0; 0; 0; 0; 0; 0; 0; 0; 0; 0; 0; 0; 0; 0; 0; 0; 0; 0; 0; 0
1944;08; 0; 0; 0; 0; 0; 0; 0; 0; 0; 0; 0; 0; 0; 0; 0; 0; 0; 0; 0; 0; 0; 0; 0; 0; 0; 0; 0; 0; 0; 0; 0
1944;09; 0; 0; 0; 0; 0; 0; 0; 0; 0; 0; 0; 0; 0; 0; 0; 0; 0; 0; 0; 0; 0; 0; 0; 0; 0; 0; 0; 0; 0; 0; 9999
1944;10; 0; 0; 0; 0; 0; 0; 0; 0; 0; 0; 0; 0; 55; 451; 0; 0; 0; 5; 0; 5; 0; 0; 0; 0; 0; 93; 63; 225; 355; 297; 210
1944;11; 0; 0; 36; 52; 26; 193; 20; 90; 20; 0; 0; 0; 240; 0; 50; 0; 0; 0; 0; 0; 520; 0; 0; 230; 0; 123; 33; 0; 0; 0; 9999
1944;12; 359; 0; 0; 30; 63; 0; 0; 0; 0; 126; 23; 0; 0; 0; 0; 0; 0; 0; 0; 0; 0; 0; 2; 50; 0; 0; 14; 0; 0; 0; 0
1945;01; 0; 9999; 9999; 9999; 9999; 9999; 9999; 9999; 0; 0; 0; 0; 0; 0; 0; 9999; 9999; 9999; 0; 9999; 9999; 9999; 0; 0; 0; 0; 0; 9999; 9999; 9999; 300
1945;02; 320; 9999; 9999; 0; 0; 9999; 9999; 9999; 0; 0; 0; 9999; 30; 130; 9999; 10; 9999; 9999; 9999; 0; 9999; 9999; 0; 0; 0; 0; 0; 9999; 9999; 9999; 9999
1945;03; 0; 0; 9999; 9999; 0; 9999; 0; 0; 9999; 9999; 9999; 0; 0; 0; 0; 0; 0; 0; 0; 9999; 9999; 0; 0; 30; 9999; 0; 9999; 0; 0; 0; 0
1945;04; 9999; 0; 0; 0; 0; 0; 30; 0; 0; 0; 0; 0; 0; 0; 0; 0; 0; 9999; 0; 0; 0; 0; 0; 0; 0; 0; 0; 0; 0; 10; 9999
1945;05; 0; 0; 0; 0; 0; 0; 0; 0; 0; 0; 0; 0; 0; 0; 0; 0; 30; 0; 0; 0; 0; 0; 0; 0; 0; 0; 0; 0; 0; 0; 0
1945;06; 0; 0; 0; 0; 0; 30; 0; 0; 0; 0; 0; 0; 0; 0; 0; 0; 0; 0; 0; 9999; 104; 0; 200; 9999; 9999; 0; 0; 0; 0; 0; 9999
1945;07; 0; 0; 0; 9999; 0; 9999; 0; 0; 0; 0; 0; 0; 0; 0; 0; 0; 0; 0; 0; 0; 0; 0; 0; 0; 0; 0; 0; 0; 0; 0; 0
1945;08; 0; 0; 0; 0; 0; 0; 0; 0; 0; 0; 0; 0; 0; 0; 0; 0; 0; 0; 0; 9999; 0; 0; 0; 0; 0; 0; 0; 0; 0; 0; 5
1945;09; 0; 0; 0; 0; 0; 0; 0; 0; 0; 0; 0; 0; 0; 0; 0; 9999; 9999; 0; 0; 0; 0; 0; 0; 0; 0; 0; 0; 0; 0; 0; 9999
1945;10; 0; 0; 0; 9999; 0; 9999; 0; 0; 3; 0; 0; 0; 0; 0; 0; 0; 0; 66; 0; 0; 0; 0; 0; 0; 0; 66; 91; 133; 0; 0; 0
1945;11; 305; 330; 0; 0; 0; 0; 0; 0; 106; 40; 0; 0; 50; 104; 0; 0; 0; 550; 100; 0; 0; 6; 100; 5; 46; 4; 60; 137; 100; 0; 9999
1945;12; 0; 0; 0; 0; 0; 406; 40; 106; 22; 265; 0; 30; 40; 375; 585; 350; 0; 0; 0; 145; 0; 0; 0; 0; 0; 0; 100; 60; 404; 0; 335
1946;01; 210; 50; 0; 0; 250; 60; 165; 210; 0; 0; 0; 0; 9; 0; 65; 0; 0; 0; 0; 0; 0; 0; 0; 301; 250; 163; 0; 360; 0; 0; 0
1946;02; 0; 0; 0; 0; 0; 0; 0; 260; 0; 0; 0; 0; 200; 204; 134; 260; 0; 102; 0; 35; 0; 167; 2; 423; 100; 0; 0; 0; 9999; 9999; 9999
1946;03; 0; 40; 0; 155; 0; 260; 45; 0; 0; 0; 100; 25; 0; 96; 0; 80; 430; 0; 200; 0; 0; 170; 0; 0; 60; 0; 0; 0; 0; 0; 0
1946;04; 126; 470; 5; 0; 0; 0; 0; 0; 0; 0; 0; 0; 0; 0; 0; 0; 0; 0; 0; 0; 0; 0; 0; 0; 0; 0; 0; 0; 0; 0; 9999
1946;05; 0; 70; 0; 0; 0; 0; 0; 0; 0; 0; 0; 0; 2; 0; 0; 0; 0; 0; 0; 0; 180; 3; 0; 0; 0; 0; 0; 0; 0; 0; 0
1946;06; 0; 200; 70; 0; 0; 0; 0; 0; 0; 0; 0; 0; 0; 0; 0; 0; 0; 0; 0; 0; 0; 0; 0; 0; 0; 0; 0; 0; 0; 0; 9999
1946;07; 0; 0; 0; 0; 0; 20; 20; 0; 0; 0; 0; 260; 0; 165; 0; 350; 70; 0; 0; 0; 0; 0; 0; 0; 0; 0; 0; 0; 0; 0; 0
1946;08; 0; 0; 0; 0; 0; 0; 0; 0; 0; 0; 0; 0; 0; 0; 0; 0; 0; 0; 0; 0; 0; 0; 0; 0; 0; 0; 0; 0; 0; 0; 0
1946;09; 0; 0; 0; 0; 0; 0; 0; 0; 0; 0; 0; 0; 0; 0; 0; 0; 0; 0; 0; 0; 0; 0; 0; 0; 0; 0; 30; 0; 405; 0; 9999
1946;10; 0; 0; 0; 0; 0; 0; 0; 20; 0; 0; 0; 75; 190; 4; 0; 455; 170; 82; 0; 104; 0; 101; 240; 0; 0; 0; 0; 0; 0; 0; 0
1946;11; 160; 9999; 75; 0; 0; 0; 10; 208; 13; 0; 0; 0; 0; 0; 0; 0; 0; 0; 0; 106; 0; 0; 0; 0; 0; 80; 30; 0; 0; 9999; 9999
1946;12; 0; 0; 0; 0; 0; 0; 9999; 9999; 9999; 0; 0; 0; 0; 0; 0; 9999; 0; 40; 0; 0; 0; 9999; 9999; 100; 243; 9999; 9999; 0; 0; 0; 0
1947;01; 220; 100; 350; 330; 9999; 50; 0; 60; 5; 50; 0; 1; 0; 2; 240; 1; 0; 9999; 9999; 530; 500; 0; 0; 0; 9999; 390; 70; 60; 150; 50; 40
1947;02; 0; 0; 0; 20; 0; 60; 0; 0; 0; 20; 0; 0; 30; 190; 9999; 9999; 9999; 9999; 9999; 0; 0; 0; 0; 390; 50; 9999; 9999; 9999; 9999; 9999; 9999
1947;03; 40; 0; 9999; 9999; 9999; 120; 160; 9999; 60; 9999; 0; 9999; 0; 220; 290; 60; 0; 9999; 190; 40; 0; 0; 0; 0; 180; 0; 90; 40; 0; 30; 0
1947;04; 0; 0; 0; 0; 0; 0; 0; 0; 0; 0; 0; 5; 0; 0; 0; 0; 0; 0; 0; 80; 0; 0; 0; 0; 0; 0; 0; 0; 0; 0; 9999
1947;05; 0; 0; 0; 9999; 0; 20; 0; 0; 0; 0; 0; 90; 0; 0; 0; 0; 0; 0; 0; 80; 6; 0; 0; 20; 0; 0; 0; 0; 0; 0; 0
1947;06; 0; 0; 0; 0; 0; 0; 0; 0; 0; 0; 0; 0; 0; 0; 0; 0; 0; 0; 0; 180; 0; 0; 140; 0; 0; 24; 0; 0; 0; 0; 9999
1947;07; 0; 0; 0; 0; 0; 0; 0; 0; 70; 134; 0; 0; 0; 0; 0; 0; 0; 0; 0; 0; 0; 0; 0; 0; 0; 0; 0; 0; 0; 0; 0
1947;08; 60; 30; 0; 0; 0; 0; 0; 0; 0; 0; 0; 20; 0; 0; 0; 0; 0; 0; 0; 0; 0; 0; 0; 0; 0; 0; 0; 180; 235; 0; 0
1947;09; 0; 43; 0; 0; 140; 0; 0; 0; 100; 30; 0; 120; 0; 0; 0; 0; 0; 60; 130; 0; 0; 0; 0; 0; 190; 80; 0; 0; 0; 57; 9999
1947;10; 0; 530; 0; 290; 0; 30; 0; 0; 130; 70; 0; 0; 0; 0; 20; 157; 0; 0; 0; 46; 0; 0; 517; 530; 50; 136; 0; 0; 0; 0; 0
1947;11; 20; 54; 0; 250; 0; 0; 0; 0; 0; 160; 0; 0; 110; 156; 0; 0; 0; 0; 0; 0; 0; 0; 90; 0; 90; 390; 80; 330; 20; 0; 9999
1947;12; 0; 196; 670; 0; 0; 0; 0; 0; 40; 500; 125; 30; 181; 5; 120; 55; 155; 0; 0; 0; 70; 100; 0; 90; 0; 0; 260; 0; 0; 300; 0
1948;01; 20; 0; 0; 0; 173; 0; 0; 0; 60; 0; 470; 220; 0; 0; 170; 250; 90; 20; 0; 0; 60; 0; 60; 0; 0; 0; 0; 0; 0; 370; 0
1948;02; 40; 0; 0; 800; 0; 113; 6; 0; 10; 190; 90; 18; 0; 27; 310; 98; 0; 114; 73; 120; 130; 0; 20; 0; 110; 0; 0; 20; 158; 9999; 9999
1948;03; 190; 0; 0; 0; 0; 0; 0; 0; 0; 0; 205; 190; 130; 250; 363; 233; 40; 0; 92; 0; 11; 0; 15; 10; 107; 90; 0; 0; 7; 0; 0
1948;04; 0; 0; 0; 0; 0; 0; 0; 0; 0; 5; 0; 0; 0; 0; 0; 0; 0; 0; 0; 0; 0; 0; 0; 0; 0; 0; 0; 0; 0; 0; 9999
1948;05; 0; 0; 0; 0; 0; 0; 0; 0; 0; 0; 0; 0; 0; 0; 10; 0; 0; 234; 0; 45; 0; 0; 0; 0; 0; 0; 0; 0; 25; 0; 0
1948;06; 0; 0; 12; 0; 0; 0; 0; 0; 0; 0; 0; 0; 0; 0; 0; 0; 0; 0; 0; 0; 0; 0; 0; 0; 0; 0; 0; 0; 0; 0; 9999
1948;07; 0; 0; 0; 0; 0; 0; 0; 0; 0; 0; 0; 0; 0; 0; 0; 0; 0; 0; 0; 0; 0; 0; 0; 0; 130; 0; 7; 0; 300; 0; 0
1948;08; 0; 0; 40; 0; 0; 0; 0; 9999; 0; 0; 0; 147; 0; 0; 0; 0; 0; 0; 0; 0; 0; 0; 0; 0; 0; 0; 0; 0; 0; 0; 0
1948;09; 0; 0; 0; 0; 0; 0; 0; 0; 0; 0; 0; 46; 0; 0; 0; 0; 0; 0; 0; 0; 0; 0; 0; 0; 0; 0; 0; 0; 33; 52; 9999
1948;10; 0; 0; 0; 30; 801; 2; 60; 0; 0; 0; 150; 0; 185; 0; 0; 0; 0; 0; 0; 0; 0; 0; 0; 0; 9999; 0; 0; 9999; 0; 0; 0
1948;11; 9999; 40; 9999; 26; 0; 0; 352; 0; 0; 270; 0; 0; 0; 0; 250; 45; 0; 0; 0; 9999; 0; 0; 0; 0; 0; 60; 0; 0; 0; 0; 9999
1948;12; 9999; 9999; 9999; 9999; 9999; 9999; 9999; 9999; 9999; 9999; 9999; 9999; 9999; 9999; 9999; 9999; 9999; 9999; 9999; 9999; 9999; 9999; 9999; 9999; 9999; 9999; 9999; 9999; 9999; 9999; 9999
1949;01; 0; 0; 0; 0; 0; 0; 0; 0; 0; 0; 0; 0; 0; 0; 0; 0; 270; 278; 0; 0; 0; 0; 91; 130; 300; 0; 0; 100; 0; 200; 7
1949;02; 9999; 0; 0; 9999; 0; 9999; 160; 9999; 0; 0; 0; 0; 0; 0; 100; 9999; 9999; 20; 9999; 160; 9999; 0; 40; 0; 0; 0; 0; 0; 9999; 9999; 9999
1949;03; 0; 0; 0; 121; 0; 128; 0; 95; 0; 0; 0; 0; 0; 0; 0; 0; 0; 0; 0; 0; 0; 0; 100; 21; 9999; 0; 11; 0; 0; 20; 110
1949;04; 95; 0; 20; 0; 9999; 3; 0; 0; 259; 0; 0; 0; 0; 0; 0; 0; 0; 0; 0; 0; 0; 20; 0; 200; 0; 0; 0; 0; 0; 0; 9999
1949;05; 0; 0; 0; 269; 0; 9999; 0; 0; 0; 0; 9999; 0; 0; 0; 0; 0; 0; 0; 0; 0; 0; 0; 0; 0; 0; 0; 0; 0; 0; 9999; 0
1949;06; 0; 0; 0; 0; 57; 0; 0; 0; 0; 0; 48; 18; 18; 120; 70; 0; 0; 0; 0; 0; 0; 0; 0; 0; 0; 0; 0; 0; 0; 0; 9999
1949;07; 0; 0; 0; 0; 0; 0; 0; 0; 0; 0; 0; 0; 0; 0; 0; 0; 0; 0; 0; 0; 0; 0; 0; 0; 0; 0; 0; 0; 0; 0; 0
1949;08; 0; 0; 0; 0; 0; 0; 0; 0; 0; 0; 0; 0; 0; 0; 0; 0; 0; 0; 0; 0; 0; 0; 0; 0; 0; 0; 0; 0; 0; 0; 0
1949;09; 0; 0; 0; 0; 0; 0; 0; 0; 0; 0; 0; 0; 0; 0; 0; 0; 0; 0; 0; 0; 0; 0; 0; 0; 0; 0; 0; 0; 0; 0; 9999
1949;10; 0; 0; 0; 0; 0; 9999; 9999; 0; 0; 9999; 10; 90; 0; 0; 9999; 9999; 0; 0; 0; 0; 9999; 0; 0; 0; 80; 0; 26; 0; 0; 0; 0
1949;11; 0; 0; 0; 0; 150; 31; 0; 95; 350; 0; 0; 0; 0; 0; 0; 0; 0; 0; 0; 0; 20; 370; 54; 0; 0; 0; 0; 0; 0; 0; 9999
1949;12; 54; 165; 375; 30; 0; 0; 295; 200; 240; 0; 0; 822; 0; 0; 410; 155; 400; 0; 0; 0; 0; 9999; 30; 0; 0; 210; 410; 0; 0; 0; 0
1950;01; 0; 0; 0; 165; 155; 100; 137; 0; 0; 0; 0; 242; 0; 160; 0; 0; 13; 65; 250; 95; 190; 21; 312; 211; 27; 630; 170; 108; 106; 31; 0
1950;02; 405; 12; 94; 0; 0; 0; 201; 0; 200; 303; 216; 0; 0; 0; 0; 206; 0; 165; 163; 135; 205; 105; 106; 55; 12; 155; 0; 25; 9999; 9999; 9999
1950;03; 0; 0; 0; 0; 0; 207; 108; 0; 0; 15; 0; 15; 0; 0; 0; 0; 65; 0; 0; 0; 0; 0; 0; 0; 0; 0; 0; 0; 0; 0; 0
1950;04; 0; 0; 0; 0; 0; 0; 0; 0; 0; 0; 0; 0; 110; 62; 0; 40; 6; 20; 0; 0; 50; 0; 0; 0; 0; 0; 0; 65; 0; 70; 9999
1950;05; 0; 0; 0; 60; 0; 0; 0; 0; 0; 0; 0; 0; 0; 0; 0; 0; 0; 0; 0; 0; 0; 0; 0; 0; 0; 0; 0; 0; 0; 0; 0
1950;06; 0; 0; 0; 0; 0; 0; 0; 0; 10; 0; 0; 0; 0; 0; 0; 0; 32; 0; 0; 0; 0; 0; 0; 0; 0; 0; 0; 0; 0; 0; 9999
1950;07; 80; 0; 0; 0; 0; 0; 0; 0; 0; 0; 0; 0; 0; 0; 0; 0; 0; 0; 0; 0; 0; 0; 0; 0; 0; 0; 0; 0; 0; 0; 0
1950;08; 0; 0; 0; 0; 0; 0; 0; 0; 0; 0; 0; 0; 0; 0; 0; 0; 0; 0; 0; 0; 0; 0; 0; 0; 0; 0; 0; 0; 0; 0; 0
1950;09; 0; 0; 0; 0; 0; 0; 0; 0; 0; 0; 0; 0; 0; 0; 0; 0; 0; 0; 0; 0; 0; 5; 0; 0; 0; 28; 0; 0; 0; 0; 9999
1950;10; 0; 60; 0; 0; 0; 463; 0; 5; 0; 0; 0; 0; 40; 0; 0; 22; 0; 0; 0; 120; 0; 0; 0; 233; 45; 0; 0; 0; 0; 0; 254
1950;11; 0; 0; 0; 0; 0; 0; 0; 52; 175; 196; 0; 0; 280; 0; 0; 75; 22; 0; 565; 410; 7; 70; 40; 0; 0; 0; 0; 755; 0; 0; 9999
1950;12; 0; 196; 0; 0; 0; 152; 0; 78; 51; 60; 63; 160; 0; 0; 450; 0; 42; 0; 0; 0; 0; 0; 0; 0; 0; 0; 0; 0; 0; 0; 228
1951;01; 502; 70; 10; 38; 110; 384; 0; 0; 0; 0; 128; 0; 71; 0; 50; 137; 28; 0; 310; 206; 0; 52; 0; 60; 406; 300; 0; 160; 150; 330; 0
1951;02; 0; 0; 38; 65; 0; 0; 250; 243; 560; 0; 240; 0; 0; 640; 40; 0; 0; 244; 370; 100; 276; 88; 53; 0; 0; 0; 0; 0; 9999; 9999; 9999
1951;03; 0; 0; 0; 0; 130; 372; 130; 0; 0; 50; 0; 40; 0; 0; 370; 0; 0; 0; 0; 40; 190; 0; 35; 0; 150; 0; 0; 0; 0; 0; 0
1951;04; 0; 430; 110; 0; 0; 0; 0; 0; 0; 0; 0; 0; 0; 0; 30; 0; 0; 0; 0; 0; 0; 0; 0; 0; 0; 0; 17; 0; 0; 0; 9999
1951;05; 0; 0; 0; 0; 0; 0; 0; 0; 0; 0; 0; 0; 0; 0; 0; 0; 0; 0; 30; 0; 0; 0; 0; 0; 0; 0; 0; 0; 0; 80; 0
1951;06; 0; 0; 0; 0; 0; 0; 0; 0; 0; 0; 0; 0; 0; 0; 0; 0; 0; 0; 0; 0; 0; 0; 0; 0; 0; 0; 0; 0; 90; 0; 9999
1951;07; 0; 0; 0; 0; 15; 0; 0; 0; 0; 0; 0; 0; 0; 0; 0; 0; 0; 0; 0; 0; 0; 0; 0; 0; 0; 0; 0; 0; 0; 0; 0
1951;08; 0; 0; 0; 0; 180; 63; 0; 0; 0; 0; 0; 0; 0; 0; 0; 0; 0; 0; 0; 0; 0; 50; 60; 0; 0; 0; 0; 0; 0; 0; 0
1951;09; 0; 0; 0; 0; 0; 0; 0; 0; 0; 0; 0; 0; 0; 0; 0; 0; 0; 2; 0; 0; 0; 0; 0; 0; 0; 0; 0; 0; 0; 0; 9999
1951;10; 0; 0; 0; 0; 0; 0; 0; 0; 0; 0; 0; 0; 0; 0; 330; 0; 0; 0; 230; 0; 30; 0; 0; 0; 0; 0; 0; 0; 0; 0; 0
1951;11; 0; 0; 0; 0; 0; 0; 0; 0; 0; 0; 0; 0; 0; 0; 0; 0; 0; 800; 0; 44; 0; 0; 0; 0; 90; 0; 0; 406; 0; 0; 9999
1951;12; 0; 0; 206; 26; 0; 0; 200; 0; 207; 85; 15; 0; 108; 0; 0; 60; 0; 0; 0; 0; 0; 155; 30; 0; 0; 0; 0; 0; 0; 195; 0
1952;01; 0; 503; 0; 0; 0; 0; 0; 90; 0; 0; 0; 14; 0; 33; 733; 133; 25; 304; 34; 245; 0; 0; 34; 254; 106; 80; 0; 0; 32; 40; 157
1952;02; 0; 0; 355; 20; 144; 250; 125; 152; 14; 0; 0; 357; 95; 235; 0; 0; 0; 0; 460; 50; 407; 21; 0; 0; 300; 160; 16; 33; 0; 9999; 9999
1952;03; 0; 90; 147; 26; 0; 18; 0; 0; 0; 206; 259; 262; 0; 0; 454; 144; 10; 0; 0; 0; 35; 0; 37; 50; 127; 316; 0; 0; 0; 112; 0
1952;04; 0; 14; 0; 0; 0; 0; 0; 0; 0; 0; 0; 0; 0; 0; 0; 0; 0; 0; 0; 0; 0; 0; 0; 0; 0; 0; 0; 0; 0; 0; 9999
1952;05; 0; 0; 0; 0; 0; 0; 0; 0; 0; 0; 0; 0; 0; 0; 0; 0; 0; 0; 0; 0; 0; 0; 0; 0; 0; 0; 0; 0; 0; 0; 0
1952;06; 0; 0; 0; 0; 0; 0; 0; 0; 15; 300; 21; 31; 0; 21; 0; 0; 334; 250; 0; 0; 0; 0; 0; 0; 0; 0; 0; 0; 0; 0; 9999
1952;07; 9999; 0; 0; 0; 0; 0; 0; 0; 0; 0; 0; 0; 0; 0; 0; 0; 0; 0; 0; 0; 0; 0; 0; 0; 0; 0; 0; 0; 0; 0; 0
1952;08; 0; 0; 0; 0; 0; 0; 0; 0; 0; 0; 0; 0; 0; 0; 0; 0; 0; 0; 11; 0; 0; 0; 0; 0; 0; 0; 0; 61; 0; 0; 0
1952;09; 0; 0; 0; 0; 0; 20; 0; 0; 0; 0; 0; 0; 0; 0; 0; 21; 31; 136; 11; 11; 0; 0; 0; 0; 0; 0; 0; 0; 0; 0; 9999
1952;10; 0; 0; 0; 0; 0; 0; 0; 0; 41; 0; 0; 191; 11; 182; 0; 0; 33; 33; 242; 111; 0; 491; 21; 0; 33; 0; 160; 0; 0; 0; 0
1952;11; 87; 0; 154; 0; 0; 0; 0; 0; 0; 0; 121; 0; 0; 0; 0; 0; 0; 161; 0; 513; 164; 0; 0; 0; 0; 0; 0; 401; 0; 0; 9999
1952;12; 382; 0; 0; 0; 0; 0; 0; 0; 0; 0; 0; 402; 0; 0; 0; 0; 0; 0; 0; 90; 0; 0; 0; 0; 0; 0; 196; 0; 43; 0; 0
1953;01; 0; 241; 0; 41; 31; 22; 0; 0; 0; 0; 0; 0; 0; 0; 0; 0; 0; 0; 0; 0; 0; 21; 0; 133; 0; 100; 0; 33; 261; 341; 31
1953;02; 0; 0; 0; 0; 0; 0; 0; 0; 0; 0; 0; 41; 0; 386; 220; 0; 0; 0; 0; 73; 0; 0; 0; 0; 0; 0; 300; 0; 9999; 9999; 9999
1953;03; 0; 0; 0; 0; 0; 0; 0; 0; 0; 0; 100; 0; 0; 0; 0; 0; 0; 51; 0; 0; 0; 100; 10; 0; 31; 73; 402; 0; 143; 0; 0
1953;04; 0; 0; 305; 383; 0; 122; 0; 461; 0; 0; 0; 0; 0; 0; 0; 0; 0; 87; 0; 0; 0; 104; 0; 0; 0; 0; 0; 0; 0; 0; 9999
1953;05; 0; 0; 0; 0; 0; 191; 0; 0; 0; 0; 0; 0; 0; 31; 0; 0; 0; 0; 0; 0; 0; 0; 0; 64; 0; 65; 111; 0; 0; 0; 0
1953;06; 140; 0; 0; 0; 0; 0; 0; 0; 0; 162; 0; 0; 0; 0; 0; 0; 0; 0; 0; 0; 0; 0; 0; 0; 0; 0; 0; 0; 0; 0; 9999
1953;07; 0; 0; 0; 0; 0; 0; 0; 0; 0; 205; 0; 0; 0; 0; 0; 0; 0; 0; 0; 50; 0; 0; 0; 0; 0; 0; 0; 0; 0; 0; 0
1953;08; 0; 0; 0; 0; 0; 0; 0; 0; 0; 0; 0; 0; 0; 0; 0; 0; 0; 0; 0; 0; 0; 0; 0; 90; 0; 0; 0; 0; 0; 0; 0
1953;09; 0; 0; 0; 40; 0; 0; 0; 0; 0; 0; 0; 204; 0; 0; 0; 106; 0; 0; 0; 0; 0; 0; 0; 0; 0; 0; 0; 0; 0; 0; 9999
1953;10; 0; 0; 0; 0; 345; 0; 0; 8; 0; 0; 0; 0; 0; 1; 0; 0; 0; 0; 440; 0; 0; 0; 0; 0; 0; 0; 0; 0; 0; 0; 0
1953;11; 0; 520; 0; 0; 0; 0; 70; 0; 210; 0; 0; 0; 0; 300; 0; 0; 0; 0; 7; 0; 0; 0; 0; 21; 0; 0; 0; 0; 0; 0; 9999
1953;12; 0; 0; 0; 0; 0; 0; 0; 0; 0; 0; 0; 470; 0; 0; 0; 0; 0; 0; 0; 0; 0; 0; 0; 0; 0; 0; 0; 0; 0; 0; 0
1954;01; 408; 0; 9; 0; 608; 106; 6; 0; 0; 0; 40; 55; 0; 0; 0; 0; 0; 0; 305; 3; 103; 0; 0; 0; 0; 0; 8; 0; 0; 0; 0
1954;02; 0; 0; 5; 0; 0; 0; 0; 690; 101; 0; 650; 720; 0; 20; 0; 30; 1; 0; 70; 143; 0; 0; 0; 9; 0; 0; 0; 0; 9999; 9999; 9999
1954;03; 0; 0; 0; 0; 0; 0; 0; 492; 0; 104; 309; 80; 0; 0; 0; 0; 0; 0; 0; 0; 0; 0; 0; 0; 0; 0; 0; 103; 105; 106; 156
1954;04; 106; 60; 0; 0; 0; 0; 0; 0; 0; 0; 0; 0; 0; 0; 0; 0; 0; 0; 0; 0; 0; 0; 0; 0; 0; 0; 0; 0; 3; 2; 9999
1954;05; 0; 0; 0; 0; 0; 0; 0; 100; 207; 0; 109; 0; 0; 0; 0; 0; 0; 0; 0; 0; 202; 307; 0; 0; 0; 0; 0; 0; 0; 0; 0
1954;06; 0; 0; 0; 0; 0; 0; 0; 0; 0; 0; 0; 0; 0; 0; 0; 0; 0; 0; 0; 0; 0; 0; 0; 0; 0; 0; 0; 0; 0; 0; 9999
1954;07; 0; 0; 0; 0; 0; 0; 0; 0; 0; 0; 0; 0; 0; 0; 0; 0; 0; 0; 0; 0; 0; 0; 0; 0; 0; 0; 0; 0; 0; 0; 0
1954;08; 0; 0; 0; 0; 0; 0; 0; 0; 0; 0; 0; 0; 0; 0; 0; 0; 0; 0; 0; 0; 0; 0; 0; 0; 0; 0; 0; 0; 0; 0; 0
1954;09; 0; 0; 0; 0; 0; 0; 0; 0; 0; 0; 0; 0; 0; 0; 0; 0; 0; 0; 0; 40; 0; 0; 0; 0; 0; 22; 50; 0; 5; 0; 9999
1954;10; 48; 30; 6; 0; 0; 0; 0; 0; 0; 0; 0; 0; 0; 0; 0; 5; 0; 0; 0; 0; 4; 38; 0; 0; 0; 3; 0; 240; 0; 0; 0
1954;11; 0; 0; 0; 0; 0; 0; 0; 0; 0; 0; 0; 110; 1; 714; 40; 704; 0; 0; 0; 0; 0; 0; 0; 38; 0; 0; 0; 0; 29; 0; 9999
1954;12; 0; 0; 0; 102; 288; 0; 30; 180; 0; 0; 100; 73; 890; 25; 0; 170; 54; 0; 0; 90; 0; 0; 500; 0; 0; 0; 0; 155; 150; 0; 0
1955;01; 0; 0; 235; 120; 25; 0; 50; 0; 0; 0; 15; 96; 15; 105; 0; 305; 180; 0; 0; 0; 0; 0; 50; 60; 0; 0; 0; 0; 0; 0; 0
1955;02; 208; 70; 0; 302; 0; 0; 0; 70; 0; 0; 0; 0; 108; 0; 0; 0; 0; 0; 0; 0; 108; 0; 85; 0; 0; 0; 0; 0; 9999; 9999; 9999
1955;03; 0; 0; 60; 0; 0; 0; 0; 0; 52; 109; 300; 60; 52; 52; 52; 500; 0; 0; 0; 0; 0; 0; 0; 0; 0; 0; 0; 0; 0; 402; 0
1955;04; 0; 0; 102; 60; 0; 0; 0; 0; 0; 0; 0; 0; 202; 0; 0; 202; 60; 0; 0; 0; 0; 0; 0; 0; 0; 0; 0; 0; 102; 60; 9999
1955;05; 0; 0; 0; 0; 0; 0; 0; 0; 0; 0; 0; 0; 0; 0; 0; 0; 0; 0; 0; 0; 103; 0; 0; 0; 0; 0; 0; 0; 0; 0; 0
1955;06; 266; 0; 0; 0; 0; 0; 0; 0; 0; 0; 0; 0; 0; 0; 0; 0; 0; 0; 0; 0; 0; 0; 0; 0; 0; 0; 0; 0; 0; 0; 9999
1955;07; 0; 0; 0; 0; 0; 0; 0; 0; 0; 0; 0; 0; 0; 0; 0; 0; 0; 0; 0; 0; 0; 0; 0; 0; 0; 0; 0; 0; 0; 0; 0
1955;08; 0; 0; 0; 0; 0; 0; 0; 0; 0; 0; 0; 0; 0; 0; 0; 0; 0; 0; 0; 0; 0; 0; 0; 0; 0; 0; 0; 100; 0; 0; 0
1955;09; 0; 0; 0; 0; 0; 0; 0; 0; 0; 0; 0; 0; 0; 0; 0; 0; 0; 0; 0; 0; 0; 0; 0; 0; 0; 0; 0; 0; 0; 0; 9999
1955;10; 0; 0; 0; 0; 0; 0; 0; 0; 0; 0; 0; 0; 20; 20; 30; 0; 0; 0; 0; 0; 0; 0; 0; 0; 0; 0; 102; 203; 0; 0; 102
1955;11; 5; 105; 5; 0; 0; 0; 0; 0; 0; 100; 0; 0; 0; 0; 0; 0; 30; 0; 0; 0; 105; 0; 0; 0; 0; 0; 0; 0; 0; 0; 9999
1955;12; 0; 0; 9999; 100; 0; 0; 0; 380; 0; 0; 0; 0; 100; 0; 0; 0; 0; 0; 0; 0; 0; 0; 0; 0; 0; 100; 0; 9999; 9999; 9999; 9999
1956;01; 400; 20; 502; 105; 0; 0; 0; 0; 0; 0; 0; 0; 0; 0; 0; 0; 0; 0; 0; 0; 0; 0; 168; 0; 0; 0; 0; 132; 0; 0; 0
1956;02; 0; 0; 0; 0; 0; 0; 0; 0; 0; 182; 148; 156; 319; 200; 358; 0; 0; 0; 0; 0; 239; 0; 0; 505; 0; 0; 0; 452; 102; 9999; 9999
1956;03; 0; 205; 0; 0; 0; 0; 0; 0; 0; 0; 0; 0; 0; 0; 0; 0; 0; 0; 0; 0; 0; 0; 0; 0; 0; 0; 0; 0; 195; 0; 0
1956;04; 0; 0; 0; 0; 0; 0; 0; 0; 0; 407; 0; 0; 0; 0; 0; 0; 0; 0; 0; 0; 0; 0; 0; 0; 0; 30; 0; 206; 70; 0; 9999
1956;05; 0; 240; 15; 95; 102; 0; 0; 203; 204; 0; 0; 0; 0; 0; 0; 0; 0; 0; 0; 0; 0; 100; 0; 0; 102; 0; 0; 0; 0; 0; 0
1956;06; 109; 3; 0; 0; 0; 0; 0; 0; 103; 0; 0; 208; 0; 0; 0; 205; 0; 0; 0; 0; 0; 0; 0; 0; 0; 0; 0; 205; 0; 0; 9999
1956;07; 0; 0; 0; 0; 0; 0; 0; 0; 0; 0; 0; 0; 0; 0; 0; 0; 0; 0; 0; 0; 0; 0; 101; 129; 0; 0; 0; 0; 0; 0; 202
1956;08; 108; 0; 105; 204; 0; 0; 0; 0; 0; 0; 0; 0; 0; 0; 0; 0; 0; 0; 0; 0; 0; 0; 0; 0; 0; 0; 0; 0; 0; 0; 0
1956;09; 0; 0; 0; 0; 0; 0; 0; 0; 0; 5; 103; 407; 0; 102; 0; 0; 0; 0; 0; 0; 0; 0; 0; 0; 30; 0; 0; 0; 100; 0; 9999
1956;10; 0; 0; 0; 0; 0; 0; 0; 0; 0; 0; 0; 401; 0; 0; 0; 0; 0; 0; 0; 0; 0; 0; 0; 105; 0; 0; 103; 101; 0; 0; 0
1956;11; 0; 0; 0; 0; 100; 0; 0; 0; 0; 106; 206; 0; 50; 0; 0; 0; 0; 0; 0; 0; 0; 0; 0; 0; 0; 103; 0; 0; 0; 0; 9999
1956;12; 0; 0; 203; 0; 0; 304; 608; 0; 0; 0; 0; 0; 0; 18; 0; 0; 0; 0; 0; 0; 0; 0; 9999; 0; 0; 0; 10; 0; 0; 0; 0
1957;01; 0; 0; 0; 0; 0; 400; 102; 0; 70; 9999; 9999; 100; 40; 250; 380; 28; 39; 500; 0; 22; 0; 0; 0; 0; 240; 320; 0; 259; 0; 34; 0
1957;02; 53; 0; 0; 9999; 0; 34; 0; 209; 78; 91; 44; 65; 9999; 0; 56; 409; 0; 0; 0; 0; 0; 185; 58; 0; 334; 194; 548; 82; 9999; 9999; 9999
1957;03; 0; 0; 0; 0; 0; 0; 109; 0; 85; 0; 200; 0; 48; 22; 0; 0; 0; 0; 0; 0; 226; 406; 456; 0; 0; 0; 162; 100; 0; 105; 0
1957;04; 43; 0; 0; 0; 0; 0; 0; 0; 0; 0; 0; 0; 0; 0; 0; 122; 0; 0; 0; 0; 0; 0; 0; 0; 0; 0; 0; 0; 0; 128; 9999
1957;05; 203; 0; 0; 0; 0; 0; 0; 0; 0; 0; 0; 0; 0; 105; 0; 102; 0; 0; 0; 0; 0; 0; 0; 0; 0; 0; 0; 0; 0; 0; 0
1957;06; 0; 0; 0; 0; 0; 0; 75; 0; 0; 0; 0; 0; 0; 0; 0; 0; 224; 268; 56; 0; 0; 0; 0; 0; 0; 0; 0; 0; 0; 0; 9999
1957;07; 0; 0; 0; 0; 0; 0; 0; 0; 0; 0; 0; 0; 0; 0; 0; 0; 201; 408; 3; 0; 0; 0; 0; 0; 0; 0; 0; 0; 0; 0; 0
1957;08; 0; 0; 0; 0; 0; 0; 0; 0; 0; 0; 0; 0; 0; 108; 0; 0; 0; 0; 302; 0; 0; 0; 0; 0; 0; 0; 0; 0; 0; 0; 0
1957;09; 0; 158; 629; 40; 0; 0; 0; 0; 183; 0; 0; 0; 0; 0; 0; 0; 0; 0; 0; 0; 0; 360; 0; 0; 0; 0; 0; 0; 0; 0; 9999
1957;10; 0; 0; 0; 0; 0; 0; 0; 0; 0; 0; 0; 3; 0; 0; 28; 0; 0; 0; 0; 0; 198; 0; 0; 0; 0; 0; 0; 340; 108; 526; 0
1957;11; 0; 0; 0; 0; 0; 0; 0; 200; 100; 0; 0; 0; 0; 0; 0; 0; 0; 0; 60; 100; 60; 0; 0; 170; 75; 0; 0; 0; 0; 0; 9999
1957;12; 60; 240; 0; 0; 0; 0; 0; 110; 0; 0; 25; 40; 20; 60; 380; 0; 0; 0; 0; 0; 0; 70; 0; 0; 0; 0; 0; 0; 130; 0; 255
1958;01; 0; 0; 0; 0; 0; 0; 0; 0; 0; 0; 90; 0; 10; 0; 0; 0; 0; 365; 120; 50; 5; 0; 0; 0; 330; 740; 100; 265; 330; 0; 0
1958;02; 0; 0; 0; 60; 30; 0; 0; 390; 0; 0; 0; 30; 0; 0; 0; 0; 0; 0; 0; 0; 0; 0; 0; 0; 20; 40; 180; 470; 9999; 9999; 9999
1958;03; 0; 0; 0; 360; 0; 0; 0; 40; 0; 0; 0; 0; 0; 0; 0; 170; 0; 360; 13; 0; 0; 0; 0; 0; 0; 0; 0; 0; 0; 0; 40
1958;04; 0; 0; 0; 0; 0; 0; 0; 0; 0; 265; 0; 0; 0; 0; 0; 0; 0; 0; 106; 230; 0; 0; 0; 0; 0; 0; 0; 0; 0; 0; 9999
1958;05; 0; 0; 202; 100; 70; 0; 0; 0; 105; 0; 0; 0; 0; 0; 0; 0; 0; 0; 0; 0; 0; 0; 109; 20; 45; 75; 0; 0; 0; 0; 0
1958;06; 0; 0; 0; 0; 0; 0; 0; 0; 0; 0; 0; 0; 0; 75; 360; 0; 0; 0; 0; 0; 0; 0; 0; 0; 0; 0; 0; 0; 0; 0; 9999
1958;07; 0; 0; 0; 0; 0; 0; 0; 0; 0; 0; 0; 0; 0; 0; 0; 103; 0; 300; 30; 0; 0; 0; 0; 0; 0; 0; 0; 0; 0; 0; 0
1958;08; 0; 0; 0; 30; 0; 0; 0; 0; 0; 0; 0; 0; 0; 0; 0; 0; 0; 0; 0; 0; 0; 0; 0; 0; 0; 0; 0; 0; 0; 35; 0
1958;09; 20; 0; 0; 0; 0; 0; 0; 50; 0; 60; 0; 0; 0; 370; 0; 70; 0; 0; 0; 0; 0; 0; 0; 0; 0; 0; 0; 0; 0; 0; 9999
1958;10; 0; 0; 0; 0; 330; 0; 195; 0; 0; 0; 0; 230; 0; 0; 0; 0; 0; 105; 230; 0; 0; 0; 0; 0; 0; 120; 175; 115; 140; 0; 0
1958;11; 240; 70; 0; 0; 260; 0; 0; 0; 0; 0; 0; 0; 100; 0; 0; 0; 0; 0; 0; 0; 0; 0; 0; 0; 100; 0; 0; 0; 0; 0; 9999
1958;12; 103; 0; 0; 0; 0; 0; 0; 0; 0; 0; 0; 260; 0; 300; 50; 0; 205; 101; 0; 250; 0; 50; 0; 0; 0; 0; 0; 0; 0; 0; 0
1959;01; 0; 0; 0; 0; 510; 460; 100; 200; 350; 50; 0; 120; 60; 30; 0; 0; 0; 0; 0; 0; 0; 0; 0; 0; 0; 0; 510; 0; 0; 0; 0
1959;02; 0; 160; 102; 0; 6; 0; 0; 0; 0; 0; 0; 0; 0; 0; 0; 0; 300; 0; 0; 0; 0; 0; 0; 0; 100; 0; 20; 0; 9999; 9999; 9999
1959;03; 0; 0; 0; 0; 0; 0; 100; 110; 0; 0; 0; 0; 0; 0; 0; 0; 0; 0; 0; 60; 10; 9999; 1; 30; 0; 0; 0; 0; 50; 0; 0
1959;04; 0; 9999; 0; 0; 0; 0; 9999; 0; 0; 0; 0; 0; 5; 0; 0; 0; 0; 0; 0; 9999; 0; 0; 0; 21; 0; 0; 0; 0; 0; 0; 9999
1959;05; 0; 0; 0; 0; 0; 0; 0; 0; 0; 0; 0; 0; 0; 0; 0; 0; 0; 0; 0; 0; 0; 0; 0; 0; 0; 0; 0; 0; 0; 0; 0
1959;06; 0; 0; 0; 0; 0; 0; 0; 0; 0; 0; 0; 0; 0; 0; 0; 0; 0; 0; 0; 0; 0; 0; 0; 0; 0; 0; 0; 0; 0; 0; 9999
1959;07; 0; 0; 0; 0; 0; 0; 0; 0; 0; 0; 9999; 0; 0; 0; 0; 0; 0; 0; 0; 9999; 0; 0; 0; 0; 0; 0; 0; 0; 0; 0; 0
1959;08; 9999; 0; 0; 0; 0; 0; 0; 0; 0; 0; 0; 0; 0; 0; 0; 86; 40; 0; 0; 0; 0; 0; 80; 0; 0; 0; 82; 0; 82; 0; 0
1959;09; 0; 0; 0; 0; 0; 0; 0; 0; 0; 0; 0; 0; 0; 0; 0; 86; 40; 0; 0; 0; 0; 0; 80; 0; 0; 0; 82; 0; 82; 0; 9999
1959;10; 0; 0; 0; 0; 0; 0; 0; 0; 0; 0; 0; 0; 0; 0; 0; 0; 10; 9999; 0; 20; 9999; 0; 0; 0; 0; 0; 0; 0; 0; 0; 0
1959;11; 0; 0; 0; 0; 0; 0; 9999; 9999; 100; 9999; 0; 0; 0; 0; 0; 0; 0; 0; 150; 0; 0; 0; 0; 0; 0; 370; 40; 0; 0; 0; 9999
1959;12; 0; 0; 40; 90; 0; 5; 0; 8; 0; 0; 0; 0; 0; 0; 0; 0; 0; 0; 0; 0; 0; 0; 0; 0; 0; 0; 0; 4; 0; 0; 0
1960;01; 0; 0; 20; 22; 50; 40; 60; 70; 20; 100; 110; 65; 60; 30; 82; 130; 50; 110; 0; 0; 0; 160; 150; 0; 0; 0; 0; 0; 0; 0; 180
1960;02; 0; 0; 255; 95; 0; 0; 0; 100; 0; 0; 0; 5; 9999; 9999; 10; 0; 0; 0; 0; 0; 9999; 20; 80; 5; 85; 160; 4; 2; 5; 9999; 9999
1960;03; 5; 0; 0; 0; 15; 0; 0; 0; 2; 0; 0; 0; 0; 0; 2; 0; 0; 0; 0; 0; 10; 8; 0; 40; 20; 0; 0; 0; 0; 0; 0
1960;04; 0; 0; 0; 2; 0; 0; 1; 9; 5; 9; 0; 1; 0; 0; 0; 0; 0; 0; 0; 2; 0; 0; 0; 0; 0; 0; 0; 0; 9999; 80; 9999
1960;05; 100; 0; 0; 0; 0; 0; 0; 0; 0; 0; 0; 0; 4; 0; 0; 0; 0; 0; 0; 0; 0; 0; 1; 2; 0; 0; 0; 0; 0; 0; 0
1960;06; 0; 0; 0; 0; 0; 0; 0; 0; 0; 0; 0; 0; 0; 0; 8; 0; 0; 0; 0; 0; 0; 0; 0; 0; 0; 0; 12; 0; 0; 0; 9999
1960;07; 0; 0; 0; 0; 0; 0; 0; 0; 0; 0; 0; 0; 0; 0; 0; 0; 0; 0; 0; 0; 0; 0; 0; 0; 0; 0; 0; 0; 0; 0; 0
1960;08; 0; 0; 0; 0; 0; 0; 0; 0; 0; 0; 0; 0; 0; 0; 0; 0; 110; 0; 0; 0; 0; 0; 0; 0; 0; 0; 0; 0; 0; 0; 0
1960;09; 10; 48; 0; 0; 0; 0; 0; 0; 0; 0; 0; 0; 0; 0; 0; 0; 0; 0; 0; 0; 0; 0; 0; 0; 0; 0; 0; 0; 0; 45; 9999
1960;10; 0; 110; 0; 0; 0; 0; 0; 0; 0; 0; 0; 0; 0; 0; 0; 0; 0; 0; 0; 110; 30; 70; 4; 0; 0; 40; 0; 0; 0; 0; 1
1960;11; 140; 0; 0; 0; 110; 0; 0; 510; 150; 0; 0; 0; 0; 0; 0; 0; 0; 0; 0; 0; 0; 0; 0; 0; 0; 0; 105; 0; 0; 0; 9999
1960;12; 0; 0; 0; 0; 0; 0; 0; 0; 0; 0; 50; 50; 140; 130; 70; 250; 280; 350; 390; 320; 450; 0; 0; 0; 0; 0; 0; 0; 290; 100; 0
1961;01; 0; 0; 80; 560; 0; 0; 0; 0; 200; 0; 0; 0; 210; 0; 0; 0; 50; 30; 0; 0; 0; 0; 50; 290; 50; 0; 0; 0; 0; 0; 0
1961;02; 0; 0; 0; 0; 0; 750; 0; 0; 0; 0; 0; 80; 310; 0; 0; 80; 0; 0; 0; 385; 0; 0; 0; 0; 0; 80; 0; 220; 9999; 9999; 9999
1961;03; 10; 0; 0; 0; 0; 0; 0; 0; 0; 0; 0; 0; 0; 320; 0; 490; 0; 0; 80; 147; 118; 0; 0; 0; 0; 0; 0; 0; 0; 0; 0
1961;04; 0; 0; 0; 0; 50; 250; 140; 0; 0; 0; 0; 0; 0; 0; 0; 0; 70; 0; 0; 0; 0; 0; 0; 0; 0; 320; 0; 0; 0; 0; 9999
1961;05; 0; 0; 0; 250; 0; 0; 0; 0; 0; 0; 0; 0; 0; 0; 0; 0; 0; 0; 0; 0; 0; 0; 0; 0; 0; 0; 0; 0; 0; 0; 0
1961;06; 0; 0; 0; 0; 0; 0; 0; 0; 0; 0; 0; 0; 0; 0; 0; 0; 0; 0; 0; 0; 0; 0; 0; 0; 0; 0; 0; 0; 0; 0; 9999
1961;07; 0; 0; 0; 0; 0; 0; 0; 0; 0; 0; 0; 0; 0; 0; 0; 0; 0; 0; 0; 0; 0; 0; 0; 0; 0; 0; 0; 0; 0; 0; 0
1961;08; 0; 0; 0; 0; 0; 0; 0; 0; 0; 0; 0; 0; 0; 0; 0; 0; 0; 0; 0; 0; 0; 0; 0; 0; 0; 0; 0; 0; 0; 0; 0
1961;09; 0; 0; 0; 0; 0; 0; 0; 0; 0; 0; 0; 0; 0; 0; 0; 0; 0; 0; 0; 0; 0; 0; 0; 0; 0; 0; 0; 0; 0; 0; 9999
1961;10; 0; 0; 0; 0; 0; 0; 0; 0; 0; 0; 0; 0; 0; 0; 0; 3; 0; 0; 7; 0; 0; 0; 0; 0; 0; 0; 0; 90; 0; 70; 0
1961;11; 0; 0; 140; 0; 280; 0; 0; 0; 0; 0; 250; 200; 170; 530; 100; 0; 0; 0; 0; 0; 0; 0; 0; 32; 0; 0; 0; 13; 2; 0; 9999
1961;12; 0; 0; 0; 0; 0; 0; 0; 0; 0; 0; 0; 180; 0; 0; 0; 150; 0; 0; 0; 0; 280; 0; 0; 0; 0; 230; 0; 0; 145; 0; 0
1962;01; 0; 0; 0; 203; 0; 0; 0; 702; 60; 0; 0; 0; 0; 0; 0; 0; 0; 902; 702; 0; 0; 0; 0; 0; 0; 0; 0; 0; 0; 0; 0
1962;02; 0; 0; 0; 320; 690; 320; 280; 350; 0; 0; 0; 0; 0; 0; 0; 180; 0; 60; 180; 0; 0; 115; 120; 0; 0; 0; 160; 0; 9999; 9999; 9999
1962;03; 0; 0; 180; 0; 0; 0; 0; 0; 0; 0; 0; 360; 400; 0; 160; 180; 0; 0; 0; 0; 0; 0; 0; 230; 0; 0; 0; 0; 0; 0; 100
1962;04; 0; 100; 0; 0; 0; 0; 0; 0; 0; 0; 0; 0; 0; 0; 0; 0; 0; 0; 0; 0; 0; 0; 0; 0; 0; 0; 0; 0; 0; 0; 9999
1962;05; 0; 0; 0; 0; 0; 0; 0; 0; 0; 0; 0; 0; 0; 0; 0; 0; 0; 0; 0; 0; 0; 0; 0; 0; 0; 0; 0; 0; 0; 0; 0
1962;06; 8; 0; 7; 0; 150; 0; 100; 200; 0; 0; 0; 0; 0; 0; 0; 0; 0; 0; 0; 0; 0; 0; 0; 0; 0; 0; 0; 0; 0; 0; 9999
1962;07; 0; 0; 0; 0; 0; 0; 0; 0; 0; 0; 0; 0; 0; 0; 0; 0; 0; 0; 0; 0; 0; 0; 0; 0; 0; 0; 0; 0; 0; 0; 0
1962;08; 0; 0; 0; 0; 0; 0; 0; 0; 0; 0; 0; 0; 0; 0; 0; 50; 0; 0; 0; 0; 0; 0; 320; 0; 0; 0; 0; 0; 0; 0; 0
1962;09; 0; 0; 33; 0; 50; 70; 60; 0; 280; 0; 0; 0; 0; 0; 0; 0; 0; 0; 0; 0; 0; 0; 70; 0; 0; 0; 0; 0; 0; 245; 9999
1962;10; 0; 320; 50; 0; 0; 0; 0; 0; 660; 0; 300; 0; 0; 0; 0; 0; 0; 80; 40; 0; 220; 0; 0; 0; 210; 0; 0; 0; 310; 0; 190
1962;11; 0; 0; 0; 0; 0; 0; 60; 0; 0; 0; 0; 0; 0; 0; 0; 0; 0; 0; 0; 150; 250; 320; 0; 0; 0; 0; 0; 0; 0; 0; 9999
1962;12; 0; 0; 0; 0; 0; 0; 0; 50; 0; 0; 0; 90; 0; 0; 0; 0; 0; 0; 100; 0; 50; 0; 0; 0; 0; 0; 380; 220; 80; 80; 0
1963;01; 220; 380; 0; 0; 0; 0; 0; 0; 200; 0; 0; 350; 0; 0; 0; 0; 0; 100; 55; 0; 0; 0; 300; 90; 30; 0; 720; 225; 0; 155; 0
1963;02; 9999; 9999; 9999; 9999; 9999; 9999; 9999; 9999; 9999; 9999; 9999; 9999; 9999; 9999; 9999; 9999; 9999; 9999; 9999; 9999; 9999; 9999; 9999; 9999; 9999; 9999; 9999; 9999; 9999; 9999; 9999
1963;03; 0; 0; 0; 0; 0; 0; 0; 30; 0; 0; 0; 0; 0; 0; 0; 0; 0; 0; 0; 0; 0; 0; 0; 0; 220; 0; 0; 60; 15; 0; 0
1963;04; 9999; 0; 0; 0; 0; 0; 0; 0; 0; 0; 0; 0; 0; 0; 0; 0; 0; 0; 0; 0; 0; 0; 0; 0; 0; 0; 0; 0; 0; 0; 9999
1963;05; 0; 0; 0; 0; 0; 0; 0; 0; 0; 0; 0; 1; 0; 0; 0; 3; 0; 0; 0; 3; 0; 0; 0; 0; 1; 0; 0; 3; 0; 0; 0
1963;06; 9999; 9999; 9999; 9999; 9999; 9999; 9999; 9999; 9999; 9999; 9999; 9999; 9999; 9999; 9999; 9999; 9999; 9999; 9999; 9999; 9999; 9999; 9999; 9999; 9999; 9999; 9999; 9999; 9999; 9999; 9999
1963;07; 9999; 0; 0; 0; 0; 0; 0; 0; 0; 0; 0; 0; 0; 0; 0; 0; 0; 0; 0; 0; 0; 0; 0; 0; 0; 0; 0; 0; 0; 0; 0
1963;08; 9999; 0; 0; 0; 0; 0; 0; 0; 0; 0; 0; 0; 0; 0; 0; 0; 0; 0; 0; 0; 0; 0; 0; 0; 0; 0; 0; 0; 0; 0; 0
1963;09; 9999; 0; 0; 0; 0; 0; 0; 0; 0; 0; 0; 0; 0; 0; 0; 0; 0; 0; 0; 0; 0; 0; 0; 0; 0; 0; 0; 0; 0; 0; 9999
1963;10; 9999; 0; 0; 0; 0; 0; 0; 0; 0; 0; 0; 0; 0; 0; 0; 0; 0; 0; 0; 0; 0; 0; 0; 0; 0; 0; 0; 0; 0; 0; 0
1963;11; 9999; 9999; 9999; 9999; 9999; 9999; 9999; 9999; 9999; 9999; 9999; 9999; 9999; 9999; 9999; 9999; 9999; 9999; 9999; 9999; 9999; 9999; 9999; 9999; 9999; 9999; 9999; 9999; 9999; 9999; 9999
1963;12; 9999; 9999; 9999; 9999; 9999; 9999; 9999; 9999; 9999; 9999; 9999; 9999; 9999; 9999; 9999; 9999; 9999; 9999; 9999; 9999; 9999; 9999; 9999; 9999; 9999; 9999; 9999; 9999; 9999; 9999; 9999
1964;01; 9999; 9999; 9999; 9999; 9999; 9999; 9999; 9999; 9999; 9999; 9999; 9999; 9999; 9999; 9999; 9999; 9999; 9999; 9999; 9999; 9999; 9999; 9999; 9999; 9999; 9999; 9999; 9999; 9999; 9999; 9999
1964;02; 9999; 9999; 9999; 9999; 9999; 9999; 9999; 9999; 9999; 9999; 9999; 9999; 9999; 9999; 9999; 9999; 9999; 9999; 9999; 9999; 9999; 9999; 9999; 9999; 9999; 9999; 9999; 9999; 9999; 9999; 9999
1964;03; 9999; 9999; 9999; 9999; 9999; 9999; 9999; 9999; 9999; 9999; 9999; 9999; 9999; 9999; 9999; 9999; 9999; 9999; 9999; 9999; 9999; 9999; 9999; 9999; 9999; 9999; 9999; 9999; 9999; 9999; 9999
1964;04; 0; 0; 0; 0; 0; 0; 9999; 0; 0; 0; 0; 0; 0; 0; 0; 0; 9999; 0; 0; 0; 0; 0; 0; 0; 0; 0; 0; 93; 0; 0; 9999
1964;05; 0; 0; 0; 0; 0; 0; 0; 0; 0; 0; 0; 0; 0; 45; 0; 0; 0; 0; 0; 0; 0; 35; 0; 0; 0; 0; 0; 0; 0; 0; 0
1964;06; 9999; 9999; 9999; 9999; 9999; 9999; 9999; 9999; 9999; 9999; 9999; 9999; 9999; 9999; 9999; 9999; 9999; 9999; 9999; 9999; 9999; 9999; 9999; 9999; 9999; 9999; 9999; 9999; 9999; 9999; 9999
1964;07; 0; 0; 0; 0; 0; 0; 0; 9999; 0; 0; 0; 0; 0; 0; 0; 0; 0; 0; 0; 0; 0; 0; 0; 9999; 0; 0; 0; 0; 0; 0; 0
1964;08; 0; 0; 0; 0; 0; 0; 0; 0; 0; 0; 0; 0; 0; 0; 0; 0; 0; 0; 0; 0; 0; 0; 0; 0; 70; 0; 0; 0; 0; 0; 0
1964;09; 0; 0; 0; 0; 0; 0; 0; 0; 0; 0; 0; 0; 0; 0; 0; 0; 0; 0; 0; 0; 0; 0; 0; 30; 0; 0; 50; 0; 0; 0; 9999
1964;10; 0; 0; 50; 100; 200; 530; 0; 0; 0; 0; 0; 700; 35; 0; 0; 0; 0; 0; 0; 0; 0; 0; 0; 0; 0; 0; 0; 81; 25; 0; 0
1964;11; 50; 0; 0; 0; 0; 30; 0; 0; 0; 0; 0; 0; 0; 0; 50; 0; 0; 0; 0; 0; 0; 0; 100; 0; 0; 0; 0; 0; 0; 0; 9999
1964;12; 270; 100; 50; 0; 0; 0; 0; 0; 30; 50; 0; 400; 700; 0; 9; 0; 0; 0; 0; 0; 0; 120; 270; 0; 0; 0; 0; 400; 0; 0; 0
1965;01; 0; 0; 0; 0; 400; 0; 0; 0; 1; 50; 0; 0; 0; 0; 0; 0; 300; 3; 0; 0; 0; 0; 0; 0; 0; 0; 0; 100; 3; 0; 0
1965;02; 9999; 9999; 9999; 9999; 9999; 9999; 9999; 9999; 9999; 9999; 9999; 9999; 9999; 9999; 9999; 9999; 9999; 9999; 9999; 9999; 9999; 9999; 9999; 9999; 9999; 9999; 9999; 9999; 9999; 9999; 9999
1965;03; 9999; 9999; 9999; 9999; 9999; 9999; 9999; 9999; 9999; 9999; 9999; 9999; 9999; 9999; 9999; 9999; 9999; 9999; 9999; 9999; 9999; 9999; 9999; 9999; 9999; 9999; 9999; 9999; 9999; 9999; 9999
1965;04; 9999; 0; 0; 0; 0; 0; 0; 0; 0; 0; 0; 0; 0; 0; 0; 0; 0; 0; 0; 0; 0; 0; 0; 0; 0; 0; 0; 0; 0; 0; 9999
1965;05; 9999; 0; 0; 0; 0; 0; 0; 0; 0; 0; 0; 0; 0; 0; 0; 0; 0; 0; 0; 0; 0; 0; 0; 0; 0; 0; 0; 0; 0; 0; 0
1965;06; 9999; 9999; 9999; 9999; 9999; 9999; 9999; 9999; 9999; 9999; 9999; 9999; 9999; 9999; 9999; 9999; 9999; 9999; 9999; 9999; 9999; 9999; 9999; 9999; 9999; 9999; 9999; 9999; 9999; 9999; 9999
1965;07; 9999; 0; 0; 0; 0; 0; 0; 0; 0; 0; 0; 0; 0; 0; 0; 0; 0; 0; 0; 0; 0; 0; 0; 0; 0; 0; 0; 0; 0; 0; 0
1965;08; 9999; 0; 0; 0; 0; 0; 0; 0; 0; 0; 0; 0; 0; 0; 0; 0; 0; 0; 0; 0; 0; 0; 0; 0; 0; 0; 0; 0; 0; 0; 0
1965;09; 9999; 0; 0; 0; 0; 0; 0; 0; 0; 0; 0; 0; 0; 0; 0; 0; 0; 0; 0; 0; 0; 0; 0; 0; 0; 0; 0; 0; 0; 0; 9999
1965;10; 9999; 9999; 9999; 9999; 9999; 9999; 9999; 9999; 9999; 9999; 9999; 9999; 9999; 9999; 9999; 9999; 9999; 9999; 9999; 9999; 9999; 9999; 9999; 9999; 9999; 9999; 9999; 9999; 9999; 9999; 9999
1965;11; 9999; 9999; 9999; 9999; 9999; 9999; 9999; 9999; 9999; 9999; 9999; 9999; 9999; 9999; 9999; 9999; 9999; 9999; 9999; 9999; 9999; 9999; 9999; 9999; 9999; 9999; 9999; 9999; 9999; 9999; 9999
1965;12; 9999; 9999; 9999; 9999; 9999; 9999; 9999; 9999; 9999; 9999; 9999; 9999; 9999; 9999; 9999; 9999; 9999; 9999; 9999; 9999; 9999; 9999; 9999; 9999; 9999; 9999; 9999; 9999; 9999; 9999; 9999
1966;01; 9999; 9999; 9999; 9999; 9999; 9999; 9999; 9999; 9999; 9999; 9999; 9999; 9999; 9999; 9999; 9999; 9999; 9999; 9999; 9999; 9999; 9999; 9999; 9999; 9999; 9999; 9999; 9999; 9999; 9999; 9999
1966;02; 9999; 9999; 9999; 9999; 9999; 9999; 9999; 9999; 9999; 9999; 9999; 9999; 9999; 9999; 9999; 9999; 9999; 9999; 9999; 9999; 9999; 9999; 9999; 9999; 9999; 9999; 9999; 9999; 9999; 9999; 9999
1966;03; 9999; 9999; 9999; 9999; 9999; 9999; 9999; 9999; 9999; 9999; 9999; 9999; 9999; 9999; 9999; 9999; 9999; 9999; 9999; 9999; 9999; 9999; 9999; 9999; 9999; 9999; 9999; 9999; 9999; 9999; 9999
1966;04; 9999; 9999; 9999; 9999; 9999; 9999; 9999; 9999; 9999; 9999; 9999; 9999; 9999; 9999; 9999; 9999; 9999; 9999; 9999; 9999; 9999; 9999; 9999; 9999; 9999; 9999; 9999; 9999; 9999; 9999; 9999
1966;05; 9999; 9999; 9999; 9999; 9999; 9999; 9999; 9999; 9999; 9999; 9999; 9999; 9999; 9999; 9999; 9999; 9999; 9999; 9999; 9999; 9999; 9999; 9999; 9999; 9999; 9999; 9999; 9999; 9999; 9999; 9999
1966;06; 9999; 9999; 9999; 9999; 9999; 9999; 9999; 9999; 9999; 9999; 9999; 9999; 9999; 9999; 9999; 9999; 9999; 9999; 9999; 9999; 9999; 9999; 9999; 9999; 9999; 9999; 9999; 9999; 9999; 9999; 9999
1966;07; 9999; 9999; 9999; 9999; 9999; 9999; 9999; 9999; 9999; 9999; 9999; 9999; 9999; 9999; 9999; 9999; 9999; 9999; 9999; 9999; 9999; 9999; 9999; 9999; 9999; 9999; 9999; 9999; 9999; 9999; 9999
1966;08; 9999; 9999; 9999; 9999; 9999; 9999; 9999; 9999; 9999; 9999; 9999; 9999; 9999; 9999; 9999; 9999; 9999; 9999; 9999; 9999; 9999; 9999; 9999; 9999; 9999; 9999; 9999; 9999; 9999; 9999; 9999
1966;09; 9999; 9999; 9999; 9999; 9999; 9999; 9999; 9999; 9999; 9999; 9999; 9999; 9999; 9999; 9999; 9999; 9999; 9999; 9999; 9999; 9999; 9999; 9999; 9999; 9999; 9999; 9999; 9999; 9999; 9999; 9999
1966;10; 9999; 9999; 9999; 9999; 9999; 9999; 9999; 9999; 9999; 9999; 9999; 9999; 9999; 9999; 9999; 9999; 9999; 9999; 9999; 9999; 9999; 9999; 9999; 9999; 9999; 9999; 9999; 9999; 9999; 9999; 9999
1966;11; 9999; 9999; 9999; 9999; 9999; 9999; 9999; 9999; 9999; 9999; 9999; 9999; 9999; 9999; 9999; 9999; 9999; 9999; 9999; 9999; 9999; 9999; 9999; 9999; 9999; 9999; 9999; 9999; 9999; 9999; 9999
1966;12; 9999; 9999; 9999; 9999; 9999; 9999; 9999; 9999; 9999; 9999; 9999; 9999; 9999; 9999; 9999; 9999; 9999; 9999; 9999; 9999; 9999; 9999; 9999; 9999; 9999; 9999; 9999; 9999; 9999; 9999; 9999
1967;01; 0; 0; 80; 50; 0; 0; 0; 110; 80; 0; 0; 0; 0; 50; 0; 100; 80; 0; 0; 0; 80; 80; 50; 70; 35; 0; 0; 0; 0; 0; 0
1967;02; 80; 130; 75; 0; 100; 80; 0; 50; 0; 0; 0; 0; 0; 0; 70; 0; 0; 0; 80; 120; 150; 0; 0; 0; 0; 0; 0; 80; 9999; 9999; 9999
1967;03; 50; 0; 0; 0; 30; 0; 0; 0; 0; 0; 0; 0; 0; 20; 0; 0; 0; 0; 0; 0; 0; 0; 0; 0; 0; 0; 0; 0; 0; 0; 0
1967;04; 0; 70; 0; 0; 0; 0; 0; 0; 0; 0; 0; 0; 0; 0; 0; 0; 0; 0; 0; 0; 0; 0; 0; 0; 0; 0; 0; 0; 0; 0; 9999
1967;05; 0; 30; 0; 0; 0; 0; 0; 0; 0; 0; 0; 0; 0; 0; 0; 0; 0; 0; 0; 0; 0; 0; 0; 0; 0; 0; 0; 0; 0; 0; 0
1967;06; 9999; 9999; 9999; 9999; 9999; 9999; 9999; 9999; 9999; 9999; 9999; 9999; 9999; 9999; 9999; 9999; 9999; 9999; 9999; 9999; 9999; 9999; 9999; 9999; 9999; 9999; 9999; 9999; 9999; 9999; 9999
1967;07; 9999; 9999; 9999; 9999; 9999; 9999; 9999; 9999; 9999; 9999; 9999; 9999; 9999; 9999; 9999; 9999; 9999; 9999; 9999; 9999; 9999; 9999; 9999; 9999; 9999; 9999; 9999; 9999; 9999; 9999; 9999
1967;08; 0; 0; 0; 0; 0; 0; 0; 0; 0; 0; 0; 0; 0; 0; 0; 0; 0; 0; 0; 0; 0; 0; 0; 0; 0; 0; 0; 0; 0; 0; 0
1967;09; 0; 0; 0; 0; 0; 0; 0; 0; 0; 0; 0; 0; 0; 0; 0; 0; 0; 0; 0; 0; 0; 0; 0; 0; 0; 0; 0; 0; 0; 0; 9999
1967;10; 0; 0; 0; 0; 0; 0; 0; 0; 0; 0; 0; 60; 0; 0; 0; 40; 0; 0; 50; 0; 0; 0; 0; 60; 95; 100; 50; 0; 0; 0; 0
1967;11; 0; 0; 0; 0; 0; 0; 0; 0; 0; 50; 0; 0; 20; 0; 0; 0; 0; 0; 0; 0; 70; 0; 130; 20; 0; 0; 0; 0; 0; 0; 9999
1967;12; 9999; 9999; 9999; 9999; 9999; 9999; 9999; 9999; 9999; 9999; 9999; 9999; 9999; 9999; 9999; 9999; 9999; 9999; 9999; 9999; 9999; 9999; 9999; 9999; 9999; 9999; 9999; 9999; 9999; 9999; 9999
1968;01; 0; 0; 60; 120; 0; 0; 0; 0; 0; 0; 50; 20; 0; 72; 110; 140; 60; 0; 0; 0; 20; 130; 0; 0; 0; 0; 0; 0; 0; 0; 0
1968;02; 9999; 9999; 9999; 9999; 9999; 9999; 9999; 9999; 9999; 9999; 9999; 9999; 9999; 9999; 9999; 9999; 9999; 9999; 9999; 9999; 9999; 9999; 9999; 9999; 9999; 9999; 9999; 9999; 9999; 9999; 9999
1968;03; 9999; 0; 0; 0; 0; 0; 0; 0; 0; 0; 0; 0; 0; 0; 0; 0; 0; 0; 0; 0; 0; 0; 0; 0; 0; 0; 0; 0; 0; 0; 0
1968;04; 9999; 0; 0; 0; 0; 0; 0; 0; 0; 0; 0; 0; 0; 0; 0; 0; 0; 0; 0; 0; 0; 0; 0; 0; 0; 0; 0; 0; 0; 0; 9999
1968;05; 9999; 0; 0; 0; 0; 0; 0; 0; 0; 0; 0; 0; 0; 0; 0; 0; 0; 0; 0; 0; 0; 0; 0; 0; 0; 0; 0; 0; 0; 0; 0
1968;06; 9999; 9999; 9999; 9999; 9999; 9999; 9999; 9999; 9999; 9999; 9999; 9999; 9999; 9999; 9999; 9999; 9999; 9999; 9999; 9999; 9999; 9999; 9999; 9999; 9999; 9999; 9999; 9999; 9999; 9999; 9999
1968;07; 9999; 9999; 9999; 9999; 9999; 9999; 9999; 9999; 9999; 9999; 9999; 9999; 9999; 9999; 9999; 9999; 9999; 9999; 9999; 9999; 9999; 9999; 9999; 9999; 9999; 9999; 9999; 9999; 9999; 9999; 9999
1968;08; 9999; 0; 0; 0; 0; 0; 0; 0; 0; 0; 0; 0; 0; 0; 0; 0; 0; 0; 0; 0; 0; 0; 0; 0; 0; 0; 0; 0; 0; 0; 0
1968;09; 9999; 0; 0; 0; 0; 0; 0; 0; 0; 0; 0; 0; 0; 0; 0; 0; 0; 0; 0; 0; 0; 0; 0; 0; 0; 0; 0; 0; 0; 0; 9999
1968;10; 9999; 9999; 9999; 9999; 9999; 9999; 9999; 9999; 9999; 9999; 9999; 9999; 9999; 9999; 9999; 9999; 9999; 9999; 9999; 9999; 9999; 9999; 9999; 9999; 9999; 9999; 9999; 9999; 9999; 9999; 9999
1968;11; 9999; 9999; 9999; 9999; 9999; 9999; 9999; 9999; 9999; 9999; 9999; 9999; 9999; 9999; 9999; 9999; 9999; 9999; 9999; 9999; 9999; 9999; 9999; 9999; 9999; 9999; 9999; 9999; 9999; 9999; 9999
1968;12; 9999; 9999; 9999; 9999; 9999; 9999; 9999; 9999; 9999; 9999; 9999; 9999; 9999; 9999; 9999; 9999; 9999; 9999; 9999; 9999; 9999; 9999; 9999; 9999; 9999; 9999; 9999; 9999; 9999; 9999; 9999
1969;01; 7; 0; 0; 0; 3; 0; 0; 0; 0; 0; 7; 0; 0; 0; 0; 0; 9; 0; 0; 0; 18; 0; 27; 501; 200; 0; 45; 0; 68; 0; 2
1969;02; 0; 7; 5; 0; 0; 0; 0; 2; 25; 77; 0; 0; 0; 3; 0; 0; 0; 0; 63; 74; 2; 0; 222; 0; 0; 0; 4; 207; 9999; 9999; 9999
1969;03; 0; 0; 74; 70; 140; 27; 0; 40; 9999; 0; 0; 0; 0; 0; 0; 0; 0; 0; 0; 0; 0; 80; 0; 0; 140; 0; 160; 237; 0; 35; 48
1969;04; 0; 6; 9; 0; 100; 0; 0; 114; 0; 0; 0; 0; 128; 0; 0; 0; 0; 0; 0; 0; 0; 0; 0; 0; 0; 0; 0; 107; 0; 0; 9999
1969;05; 0; 0; 0; 0; 0; 0; 0; 0; 0; 0; 0; 0; 0; 0; 0; 0; 0; 0; 0; 0; 0; 0; 0; 0; 0; 0; 0; 0; 0; 265; 104
1969;06; 107; 75; 0; 0; 0; 0; 0; 0; 0; 0; 0; 0; 0; 0; 0; 0; 0; 0; 0; 0; 105; 0; 0; 0; 0; 0; 0; 0; 0; 0; 9999
1969;07; 0; 0; 0; 0; 0; 0; 0; 0; 0; 0; 0; 9999; 0; 0; 0; 0; 0; 0; 0; 0; 0; 0; 0; 0; 0; 0; 0; 0; 0; 0; 0
1969;08; 0; 0; 250; 0; 0; 0; 90; 0; 0; 0; 0; 0; 0; 0; 0; 0; 0; 0; 0; 0; 0; 0; 0; 0; 0; 0; 0; 0; 0; 0; 0
1969;09; 0; 0; 0; 0; 0; 0; 0; 0; 0; 0; 0; 0; 0; 0; 0; 0; 0; 0; 0; 87; 0; 0; 0; 0; 0; 0; 0; 0; 0; 302; 9999
1969;10; 9999; 9999; 9999; 0; 0; 9999; 0; 0; 0; 0; 0; 0; 0; 0; 0; 0; 0; 0; 435; 0; 0; 0; 0; 0; 0; 130; 0; 0; 160; 0; 0
1969;11; 63; 12; 0; 0; 0; 125; 35; 134; 408; 0; 0; 0; 409; 45; 0; 65; 45; 207; 292; 127; 45; 0; 0; 0; 0; 0; 0; 65; 108; 205; 9999
1969;12; 104; 0; 0; 180; 0; 145; 35; 0; 0; 0; 0; 560; 330; 0; 0; 0; 0; 0; 0; 0; 0; 87; 0; 125; 62; 0; 0; 0; 0; 0; 83
1970;01; 204; 0; 90; 0; 0; 0; 185; 610; 243; 0; 0; 0; 0; 14; 200; 304; 51; 165; 37; 0; 0; 0; 0; 100; 140; 0; 0; 0; 0; 234; 0
1970;02; 0; 35; 0; 70; 0; 97; 0; 26; 33; 54; 19; 0; 279; 45; 129; 493; 170; 147; 210; 461; 593; 217; 83; 0; 189; 93; 0; 0; 9999; 9999; 9999
1970;03; 0; 92; 0; 0; 0; 0; 42; 0; 0; 0; 83; 0; 0; 73; 0; 133; 0; 0; 0; 0; 0; 0; 0; 0; 0; 0; 0; 0; 0; 0; 145
1970;04; 125; 97; 307; 106; 0; 0; 0; 0; 0; 0; 0; 0; 0; 0; 0; 0; 0; 0; 0; 0; 0; 0; 0; 0; 0; 0; 0; 0; 8; 0; 9999
1970;05; 0; 0; 0; 0; 0; 0; 87; 0; 128; 0; 0; 0; 0; 0; 0; 0; 0; 0; 0; 0; 0; 0; 0; 0; 0; 0; 0; 0; 0; 0; 0
1970;06; 0; 0; 0; 0; 0; 0; 0; 0; 0; 90; 0; 0; 0; 0; 0; 0; 0; 0; 0; 0; 0; 120; 180; 100; 0; 0; 0; 95; 0; 0; 9999
1970;07; 0; 0; 0; 0; 0; 0; 0; 0; 0; 0; 86; 0; 102; 0; 0; 0; 0; 0; 0; 0; 0; 0; 0; 0; 0; 0; 0; 0; 0; 0; 0
1970;08; 0; 0; 0; 0; 0; 0; 0; 6; 0; 0; 0; 0; 0; 0; 0; 0; 0; 0; 0; 0; 0; 0; 0; 0; 0; 135; 240; 280; 0; 170; 0
1970;09; 0; 0; 0; 0; 0; 96; 0; 0; 195; 0; 0; 126; 165; 0; 140; 100; 0; 0; 0; 0; 0; 0; 0; 0; 82; 0; 0; 120; 0; 65; 9999
1970;10; 0; 120; 156; 0; 0; 0; 0; 0; 0; 0; 0; 140; 0; 0; 0; 0; 0; 0; 0; 0; 0; 0; 0; 0; 0; 0; 0; 240; 0; 0; 0
1970;11; 0; 170; 0; 0; 0; 0; 108; 700; 0; 0; 92; 0; 6; 0; 0; 0; 0; 0; 0; 0; 260; 158; 0; 0; 0; 0; 0; 0; 165; 103; 9999
1970;12; 0; 0; 0; 106; 0; 0; 200; 0; 0; 0; 105; 0; 0; 0; 0; 83; 0; 275; 0; 140; 0; 0; 9999; 100; 0; 0; 0; 9999; 9999; 0; 9999
1971;01; 0; 150; 8; 0; 0; 0; 0; 0; 0; 0; 0; 0; 9999; 0; 0; 8; 0; 0; 0; 13; 0; 0; 0; 0; 0; 0; 0; 0; 0; 0; 0
1971;02; 0; 0; 0; 0; 0; 40; 0; 0; 55; 0; 220; 0; 0; 4; 125; 0; 0; 0; 0; 0; 0; 0; 0; 0; 35; 0; 0; 0; 9999; 9999; 9999
1971;03; 0; 0; 0; 0; 285; 242; 0; 0; 0; 180; 605; 4; 78; 0; 0; 0; 0; 0; 0; 0; 87; 0; 0; 104; 155; 3; 94; 62; 0; 5; 0
1971;04; 0; 0; 0; 0; 0; 0; 0; 329; 249; 0; 0; 0; 70; 0; 0; 70; 0; 0; 0; 0; 124; 242; 0; 39; 0; 0; 0; 0; 0; 0; 9999
1971;05; 0; 260; 0; 62; 0; 0; 0; 0; 0; 0; 0; 0; 0; 0; 0; 0; 0; 0; 0; 0; 0; 0; 0; 0; 147; 0; 0; 0; 0; 0; 0
1971;06; 0; 0; 0; 0; 0; 0; 0; 0; 0; 6; 100; 9999; 4; 6; 5; 8; 5; 190; 240; 105; 0; 0; 0; 0; 0; 0; 0; 0; 0; 0; 9999
1971;07; 0; 0; 0; 0; 0; 0; 0; 0; 0; 0; 0; 0; 0; 0; 0; 0; 0; 0; 0; 0; 0; 0; 0; 0; 0; 0; 0; 0; 0; 0; 0
1971;08; 0; 0; 0; 0; 0; 0; 0; 0; 0; 0; 0; 0; 0; 0; 0; 0; 0; 0; 0; 0; 0; 0; 0; 0; 0; 0; 0; 0; 0; 0; 0
1971;09; 9999; 9999; 9999; 9999; 9999; 9999; 9999; 9999; 9999; 9999; 9999; 9999; 9999; 9999; 9999; 9999; 9999; 9999; 9999; 9999; 9999; 9999; 9999; 9999; 9999; 9999; 9999; 9999; 9999; 9999; 9999
1971;10; 0; 0; 0; 9; 0; 8; 0; 0; 0; 174; 297; 124; 2; 0; 0; 63; 0; 0; 0; 0; 0; 0; 0; 66; 3; 0; 107; 173; 7; 0; 0
1971;11; 0; 449; 6; 87; 0; 0; 0; 0; 0; 0; 0; 0; 19; 22; 0; 0; 0; 0; 14; 0; 0; 0; 0; 9999; 0; 8; 63; 89; 0; 0; 9999
1971;12; 106; 8; 44; 135; 11; 0; 0; 23; 406; 87; 47; 63; 104; 223; 110; 217; 12; 0; 0; 0; 21; 607; 206; 185; 273; 171; 96; 121; 3; 19; 0
1972;01; 0; 0; 57; 35; 0; 22; 54; 153; 1; 0; 0; 0; 0; 0; 0; 0; 0; 0; 28; 101; 52; 102; 283; 417; 2; 49; 288; 0; 84; 152; 2
1972;02; 464; 0; 8; 86; 45; 27; 154; 126; 2; 0; 146; 44; 0; 0; 38; 53; 0; 0; 6; 332; 227; 53; 37; 102; 117; 143; 236; 406; 4; 9999; 9999
1972;03; 13; 24; 83; 0; 0; 0; 0; 0; 0; 0; 0; 120; 0; 0; 0; 0; 64; 0; 0; 0; 0; 0; 0; 0; 0; 202; 0; 0; 0; 0; 0
1972;04; 245; 5; 0; 46; 0; 0; 0; 2; 0; 0; 0; 0; 0; 40; 68; 41; 0; 0; 0; 0; 0; 0; 0; 0; 0; 0; 0; 9; 0; 0; 9999
1972;05; 0; 0; 22; 0; 0; 0; 0; 0; 0; 0; 37; 0; 0; 0; 0; 0; 0; 0; 0; 0; 0; 0; 99; 5; 625; 0; 0; 0; 0; 0; 0
1972;06; 0; 0; 0; 0; 0; 0; 0; 0; 0; 0; 0; 0; 0; 0; 0; 0; 0; 0; 14; 1; 0; 0; 0; 0; 0; 0; 0; 0; 0; 0; 9999
1972;07; 0; 0; 0; 0; 0; 0; 0; 181; 0; 66; 36; 133; 755; 1; 0; 186; 2; 0; 0; 0; 0; 0; 0; 2; 0; 0; 35; 1; 0; 0; 0
1972;08; 0; 0; 0; 159; 141; 43; 278; 0; 0; 2; 0; 0; 17; 0; 0; 0; 0; 0; 0; 0; 0; 0; 0; 55; 1; 0; 0; 0; 0; 91; 0
1972;09; 4; 0; 0; 0; 0; 216; 0; 0; 0; 0; 28; 2; 0; 65; 0; 0; 0; 0; 0; 0; 0; 0; 0; 0; 43; 2; 38; 268; 13; 11; 9999
1972;10; 114; 14; 0; 73; 190; 5; 105; 0; 0; 28; 595; 9; 0; 0; 307; 0; 0; 0; 0; 0; 0; 0; 0; 0; 0; 0; 0; 0; 0; 276; 0
1972;11; 0; 327; 18; 171; 85; 0; 0; 0; 135; 0; 0; 130; 0; 137; 93; 265; 26; 0; 0; 283; 0; 0; 0; 0; 0; 81; 3; 0; 0; 0; 9999
1972;12; 296; 0; 17; 188; 1; 143; 41; 0; 0; 124; 0; 0; 0; 0; 0; 0; 0; 0; 0; 0; 7; 5; 468; 201; 263; 247; 18; 0; 488; 0; 199
1973;01; 5; 0; 57; 0; 0; 269; 33; 0; 0; 17; 0; 0; 176; 0; 164; 192; 89; 148; 0; 126; 4; 87; 0; 4; 0; 8; 0; 0; 0; 0; 0
1973;02; 278; 0; 26; 29; 146; 422; 2; 0; 0; 0; 0; 0; 28; 28; 0; 142; 14; 0; 0; 0; 0; 63; 1; 0; 37; 208; 0; 0; 9999; 9999; 9999
1973;03; 0; 0; 0; 0; 2; 0; 0; 0; 339; 137; 0; 0; 0; 0; 0; 0; 0; 145; 0; 0; 59; 37; 110; 157; 0; 0; 0; 0; 0; 77; 221
1973;04; 227; 106; 5; 0; 0; 0; 8; 13; 67; 130; 133; 239; 147; 64; 0; 0; 0; 0; 0; 13; 0; 18; 0; 0; 0; 0; 0; 0; 0; 0; 9999
1973;05; 0; 0; 0; 0; 0; 190; 0; 0; 0; 85; 69; 94; 56; 0; 0; 0; 0; 0; 0; 0; 0; 142; 2; 0; 0; 0; 0; 0; 0; 0; 0
1973;06; 0; 0; 0; 0; 0; 0; 0; 0; 0; 0; 0; 0; 0; 0; 0; 0; 0; 0; 88; 0; 0; 0; 0; 0; 0; 0; 0; 21; 0; 0; 9999
1973;07; 0; 0; 198; 0; 0; 0; 0; 0; 0; 0; 0; 0; 0; 0; 0; 0; 0; 0; 0; 0; 0; 86; 0; 0; 0; 0; 8; 224; 0; 0; 0
1973;08; 0; 0; 0; 0; 0; 188; 0; 0; 0; 0; 0; 0; 0; 0; 0; 0; 0; 0; 0; 0; 0; 0; 0; 0; 0; 0; 0; 0; 0; 0; 0
1973;09; 0; 401; 54; 0; 0; 0; 0; 6; 0; 0; 0; 0; 0; 0; 5; 0; 0; 0; 0; 0; 0; 0; 0; 0; 9; 0; 0; 0; 0; 0; 9999
1973;10; 0; 0; 0; 0; 0; 0; 29; 0; 65; 0; 0; 28; 0; 0; 0; 0; 0; 0; 340; 0; 0; 0; 0; 0; 4; 0; 3; 0; 0; 0; 186
1973;11; 226; 86; 296; 0; 0; 21; 0; 0; 0; 20; 0; 0; 46; 331; 0; 0; 0; 222; 442; 0; 0; 0; 83; 0; 47; 0; 0; 0; 0; 0; 9999
1973;12; 0; 0; 1; 309; 79; 13; 378; 491; 102; 35; 0; 0; 0; 8; 64; 27; 123; 223; 19; 38; 58; 10; 0; 90; 44; 348; 0; 6; 4; 82; 324
1974;01; 251; 80; 0; 0; 0; 17; 18; 511; 55; 0; 91; 331; 246; 205; 84; 7; 164; 5; 0; 0; 0; 2; 0; 0; 9; 0; 12; 200; 324; 4; 8
1974;02; 29; 166; 32; 0; 0; 0; 0; 18; 0; 88; 0; 0; 0; 7; 0; 0; 0; 214; 231; 140; 132; 0; 0; 32; 0; 0; 0; 0; 9999; 9999; 9999
1974;03; 0; 0; 0; 39; 55; 0; 169; 18; 40; 2; 74; 69; 32; 80; 66; 34; 0; 191; 144; 498; 466; 63; 23; 19; 56; 141; 40; 0; 0; 0; 0
1974;04; 0; 0; 0; 0; 0; 0; 0; 0; 0; 0; 6; 0; 0; 55; 0; 0; 0; 0; 0; 0; 0; 0; 0; 0; 13; 11; 80; 0; 0; 0; 9999
1974;05; 0; 0; 0; 0; 0; 0; 0; 0; 0; 0; 0; 0; 0; 16; 0; 0; 0; 0; 0; 0; 0; 0; 0; 0; 0; 0; 22; 0; 0; 0; 0
1974;06; 0; 0; 0; 39; 45; 0; 0; 0; 0; 13; 0; 32; 0; 0; 0; 0; 0; 0; 2; 0; 0; 144; 14; 0; 26; 234; 366; 0; 0; 0; 9999
1974;07; 0; 0; 0; 0; 0; 0; 0; 0; 0; 0; 0; 0; 0; 0; 0; 0; 0; 0; 0; 0; 0; 0; 0; 0; 0; 0; 0; 0; 0; 0; 0
1974;08; 0; 0; 0; 0; 0; 0; 0; 0; 0; 0; 0; 0; 24; 0; 77; 5; 0; 0; 0; 0; 0; 0; 0; 0; 0; 0; 0; 0; 0; 0; 0
1974;09; 0; 0; 0; 0; 0; 0; 0; 0; 0; 0; 0; 0; 0; 0; 0; 0; 0; 0; 0; 0; 255; 19; 0; 0; 0; 0; 0; 0; 131; 16; 9999
1974;10; 0; 9; 0; 0; 234; 0; 6; 0; 19; 5; 0; 0; 0; 0; 0; 0; 162; 0; 32; 0; 0; 6; 0; 0; 0; 110; 0; 0; 63; 240; 4
1974;11; 0; 0; 0; 0; 0; 3; 0; 0; 0; 0; 0; 0; 123; 9; 0; 0; 0; 0; 0; 0; 127; 68; 0; 0; 0; 3; 42; 139; 165; 370; 9999
1974;12; 0; 0; 129; 742; 42; 251; 0; 0; 0; 0; 0; 0; 9; 124; 64; 22; 244; 326; 137; 16; 59; 195; 254; 83; 0; 0; 421; 74; 0; 224; 0
1975;01; 138; 129; 0; 0; 0; 0; 0; 0; 0; 0; 146; 199; 89; 23; 64; 0; 0; 0; 0; 3; 0; 0; 0; 0; 0; 26; 0; 0; 24; 48; 171
1975;02; 182; 197; 258; 19; 16; 89; 22; 121; 12; 25; 0; 0; 0; 354; 0; 0; 74; 0; 144; 0; 131; 13; 442; 14; 0; 454; 0; 93; 9999; 9999; 9999
1975;03; 62; 0; 0; 0; 0; 0; 0; 0; 0; 0; 0; 0; 0; 0; 0; 0; 0; 0; 0; 0; 0; 123; 0; 0; 4; 0; 0; 0; 0; 0; 0
1975;04; 0; 22; 9; 0; 0; 0; 0; 0; 0; 253; 435; 0; 0; 0; 0; 197; 0; 0; 0; 0; 0; 0; 0; 0; 0; 0; 0; 0; 0; 0; 9999
1975;05; 0; 0; 0; 185; 0; 0; 164; 0; 0; 0; 0; 0; 0; 0; 0; 0; 0; 0; 0; 0; 0; 0; 0; 0; 0; 0; 0; 0; 0; 0; 0
1975;06; 0; 0; 0; 0; 0; 0; 0; 0; 0; 0; 0; 0; 0; 0; 0; 0; 0; 0; 0; 0; 0; 0; 0; 0; 0; 0; 0; 0; 0; 0; 9999
1975;07; 0; 0; 0; 172; 0; 0; 0; 0; 0; 0; 0; 0; 0; 0; 0; 0; 0; 0; 0; 0; 0; 0; 0; 0; 0; 0; 0; 0; 0; 0; 0
1975;08; 0; 0; 0; 0; 0; 0; 0; 0; 0; 0; 0; 0; 0; 0; 0; 0; 0; 0; 0; 0; 0; 0; 0; 0; 0; 0; 0; 0; 0; 0; 0
1975;09; 0; 0; 0; 0; 0; 0; 0; 0; 0; 0; 0; 0; 0; 0; 0; 0; 0; 0; 0; 0; 0; 0; 0; 0; 33; 0; 95; 189; 0; 20; 9999
1975;10; 226; 0; 177; 77; 0; 277; 0; 88; 0; 0; 0; 77; 0; 0; 0; 18; 0; 22; 199; 0; 0; 0; 0; 0; 0; 0; 0; 0; 0; 0; 355
1975;11; 0; 399; 0; 0; 0; 0; 399; 0; 0; 63; 0; 0; 66; 0; 0; 0; 55; 85; 72; 114; 555; 11; 0; 0; 388; 666; 46; 433; 66; 65; 9999
1975;12; 112; 245; 0; 148; 0; 0; 0; 0; 0; 251; 0; 0; 44; 655; 44; 0; 0; 88; 0; 0; 0; 4; 0; 0; 286; 144; 188; 13; 197; 0; 44
1976;01; 0; 11; 123; 165; 244; 13; 284; 211; 0; 0; 77; 311; 0; 0; 0; 267; 0; 0; 0; 121; 0; 99; 0; 0; 0; 0; 99; 3; 11; 0; 0
1976;02; 165; 97; 186; 4; 0; 0; 55; 348; 19; 0; 0; 0; 0; 0; 0; 33; 88; 66; 142; 14; 0; 222; 77; 26; 88; 3; 283; 341; 0; 9999; 9999
1976;03; 44; 261; 36; 0; 0; 0; 0; 0; 0; 0; 166; 46; 53; 0; 0; 44; 0; 255; 229; 398; 6; 0; 0; 175; 140; 377; 177; 259; 0; 0; 0
1976;04; 0; 0; 0; 0; 0; 0; 0; 0; 0; 122; 85; 166; 185; 33; 23; 0; 0; 0; 0; 0; 0; 0; 8; 0; 0; 0; 0; 0; 0; 0; 9999
1976;05; 0; 0; 0; 0; 0; 144; 0; 0; 0; 0; 0; 8; 0; 0; 0; 0; 0; 0; 144; 99; 0; 0; 0; 444; 0; 0; 0; 0; 522; 18; 0
1976;06; 0; 0; 0; 0; 0; 382; 0; 0; 0; 91; 0; 0; 0; 0; 0; 0; 0; 0; 0; 0; 0; 0; 0; 0; 0; 0; 0; 0; 0; 0; 9999
1976;07; 0; 0; 487; 347; 0; 0; 0; 0; 0; 111; 0; 0; 0; 0; 0; 0; 0; 0; 0; 0; 0; 0; 0; 0; 0; 0; 0; 0; 0; 0; 0
1976;08; 0; 0; 0; 0; 0; 0; 65; 0; 0; 116; 312; 349; 313; 0; 0; 0; 0; 0; 26; 331; 0; 0; 0; 0; 0; 0; 0; 0; 0; 0; 0
1976;09; 0; 0; 0; 0; 0; 148; 44; 0; 0; 0; 0; 0; 158; 179; 19; 314; 0; 0; 0; 0; 0; 0; 122; 0; 0; 0; 172; 322; 8; 0; 9999
1976;10; 31; 0; 0; 0; 42; 0; 0; 0; 84; 322; 0; 0; 0; 0; 0; 0; 0; 0; 89; 0; 0; 0; 0; 0; 462; 0; 0; 0; 0; 0; 0
1976;11; 548; 0; 0; 0; 0; 742; 192; 0; 0; 0; 0; 0; 92; 0; 0; 0; 3; 322; 24; 618; 0; 54; 178; 0; 0; 0; 0; 0; 5; 0; 9999
1976;12; 0; 136; 0; 0; 132; 32; 0; 0; 156; 6; 0; 0; 96; 0; 22; 265; 234; 144; 0; 0; 199; 1; 164; 22; 44; 199; 262; 556; 0; 0; 0
1977;01; 0; 92; 178; 0; 68; 449; 388; 0; 0; 0; 132; 0; 0; 0; 156; 0; 371; 133; 222; 618; 0; 0; 0; 178; 355; 236; 118; 111; 83; 76; 198
1977;02; 132; 0; 0; 0; 0; 0; 0; 0; 0; 0; 0; 0; 0; 0; 0; 0; 0; 0; 0; 0; 0; 0; 0; 8; 12; 0; 0; 0; 9999; 9999; 9999
1977;03; 0; 0; 0; 28; 12; 0; 54; 0; 0; 12; 48; 0; 0; 0; 16; 219; 68; 0; 0; 472; 162; 452; 0; 0; 0; 0; 0; 0; 0; 152; 71
1977;04; 48; 0; 0; 212; 439; 0; 0; 0; 196; 413; 0; 0; 0; 0; 0; 0; 0; 0; 0; 289; 112; 83; 0; 0; 0; 0; 0; 9; 0; 0; 9999
1977;05; 0; 0; 55; 0; 0; 0; 0; 0; 0; 0; 0; 0; 0; 0; 0; 0; 0; 0; 0; 0; 0; 0; 0; 0; 0; 0; 0; 0; 0; 0; 0
1977;06; 0; 21; 0; 36; 220; 240; 0; 0; 0; 0; 0; 0; 0; 0; 8; 0; 0; 0; 0; 0; 0; 0; 0; 0; 166; 0; 0; 0; 0; 0; 9999
1977;07; 0; 0; 0; 0; 0; 0; 0; 0; 0; 0; 0; 0; 0; 0; 0; 0; 0; 0; 8; 0; 0; 0; 0; 0; 52; 0; 14; 0; 0; 0; 0
1977;08; 0; 0; 0; 0; 0; 0; 0; 0; 0; 0; 0; 0; 0; 0; 0; 0; 0; 0; 0; 0; 0; 0; 0; 0; 0; 0; 0; 0; 37; 135; 99
1977;09; 0; 261; 0; 0; 0; 0; 0; 377; 0; 0; 0; 0; 0; 0; 0; 0; 0; 0; 8; 0; 42; 0; 0; 364; 72; 0; 0; 0; 9999; 22; 9999
1977;10; 0; 262; 452; 0; 0; 152; 0; 0; 0; 0; 0; 9; 8; 6; 0; 0; 0; 0; 122; 0; 0; 0; 0; 0; 0; 0; 21; 321; 68; 0; 0
1977;11; 0; 124; 0; 0; 0; 0; 0; 0; 0; 0; 47; 188; 29; 0; 152; 97; 569; 0; 26; 0; 0; 0; 0; 138; 112; 62; 0; 0; 262; 358; 9999
1977;12; 433; 124; 161; 112; 256; 311; 0; 538; 0; 0; 0; 0; 0; 0; 27; 0; 0; 0; 61; 152; 26; 186; 572; 98; 0; 0; 0; 0; 0; 9999; 9999
1978;01; 0; 164; 226; 0; 0; 28; 24; 0; 0; 298; 584; 68; 66; 2; 553; 662; 91; 0; 0; 0; 36; 0; 43; 0; 0; 0; 14; 14; 0; 0; 0
1978;02; 0; 0; 0; 0; 0; 0; 16; 0; 26; 0; 0; 123; 0; 8; 0; 0; 0; 0; 28; 0; 52; 0; 134; 0; 0; 0; 368; 14; 9999; 9999; 9999
1978;03; 0; 0; 0; 459; 0; 125; 162; 92; 1; 0; 0; 0; 0; 0; 0; 0; 0; 0; 0; 0; 0; 0; 0; 0; 0; 0; 0; 0; 0; 8; 0
1978;04; 0; 0; 48; 0; 0; 0; 0; 0; 0; 0; 42; 0; 0; 0; 0; 0; 68; 0; 0; 0; 0; 0; 132; 114; 0; 0; 0; 0; 0; 0; 9999
1978;05; 0; 0; 0; 0; 0; 0; 0; 0; 0; 0; 0; 0; 0; 0; 16; 0; 0; 168; 258; 0; 282; 255; 0; 0; 0; 0; 0; 0; 0; 94; 6
1978;06; 34; 0; 0; 0; 0; 0; 0; 0; 178; 88; 0; 0; 0; 0; 0; 0; 0; 0; 0; 0; 0; 0; 0; 336; 0; 0; 0; 0; 0; 0; 9999
1978;07; 0; 0; 0; 0; 0; 0; 0; 0; 0; 0; 0; 0; 0; 0; 0; 257; 0; 141; 0; 0; 188; 76; 0; 0; 0; 0; 0; 0; 0; 0; 0
1978;08; 0; 0; 0; 0; 0; 0; 0; 0; 0; 0; 0; 0; 0; 0; 0; 0; 0; 0; 0; 0; 0; 0; 0; 0; 0; 0; 0; 0; 0; 0; 0
1978;09; 0; 4; 0; 0; 0; 141; 0; 8; 0; 0; 0; 0; 0; 0; 0; 0; 0; 211; 0; 0; 0; 0; 28; 0; 0; 0; 0; 0; 0; 0; 9999
1978;10; 0; 0; 0; 0; 0; 0; 0; 0; 0; 0; 12; 0; 0; 83; 0; 0; 523; 0; 466; 0; 0; 0; 0; 0; 0; 0; 0; 21; 38; 38; 184
1978;11; 189; 0; 28; 49; 249; 0; 0; 0; 0; 38; 474; 252; 98; 0; 0; 0; 239; 0; 0; 0; 18; 12; 41; 94; 0; 0; 0; 318; 0; 0; 9999
1978;12; 0; 0; 0; 9; 0; 0; 0; 341; 254; 0; 98; 0; 0; 0; 182; 0; 0; 0; 0; 0; 0; 0; 0; 0; 0; 0; 352; 248; 169; 0; 0
1979;01; 122; 155; 42; 0; 0; 0; 0; 0; 0; 0; 9; 0; 0; 0; 0; 0; 0; 0; 0; 0; 256; 233; 0; 0; 0; 122; 26; 0; 236; 96; 0
1979;02; 0; 155; 0; 0; 199; 0; 0; 0; 0; 0; 0; 123; 324; 547; 468; 0; 0; 0; 46; 123; 132; 0; 112; 0; 0; 155; 0; 0; 9999; 9999; 9999
1979;03; 0; 67; 177; 51; 0; 0; 0; 0; 0; 0; 0; 44; 0; 141; 216; 0; 0; 31; 0; 24; 0; 0; 0; 0; 348; 0; 0; 0; 0; 0; 0
1979;04; 0; 0; 0; 137; 31; 0; 68; 0; 0; 0; 0; 0; 0; 0; 0; 0; 0; 0; 4; 0; 0; 0; 0; 0; 0; 0; 0; 0; 0; 354; 9999
1979;05; 0; 0; 14; 9999; 212; 0; 67; 568; 0; 0; 0; 0; 0; 0; 0; 0; 0; 0; 0; 0; 0; 0; 0; 21; 0; 0; 0; 0; 258; 0; 0
1979;06; 0; 0; 0; 0; 0; 0; 0; 0; 0; 0; 0; 0; 0; 0; 0; 0; 0; 0; 0; 0; 0; 0; 0; 0; 0; 0; 0; 0; 0; 0; 9999
1979;07; 0; 0; 0; 0; 0; 0; 0; 0; 0; 0; 0; 0; 0; 0; 0; 0; 0; 0; 0; 188; 0; 0; 0; 0; 44; 6; 0; 0; 0; 0; 0
1979;08; 0; 0; 0; 0; 0; 0; 0; 0; 0; 0; 0; 0; 12; 0; 0; 0; 0; 0; 0; 146; 0; 0; 0; 0; 0; 0; 76; 0; 0; 0; 0
1979;09; 0; 0; 218; 0; 26; 0; 0; 0; 0; 0; 61; 32; 0; 255; 283; 82; 121; 22; 0; 0; 0; 0; 0; 199; 0; 0; 0; 0; 0; 0; 9999
1979;10; 0; 0; 0; 0; 0; 0; 0; 426; 272; 0; 0; 0; 248; 0; 212; 0; 0; 0; 0; 0; 0; 0; 0; 0; 0; 0; 0; 0; 28; 28; 48
1979;11; 29; 198; 212; 0; 0; 0; 0; 9999; 251; 115; 121; 0; 0; 153; 16; 0; 0; 0; 125; 0; 0; 0; 0; 0; 262; 285; 0; 0; 0; 0; 9999
1979;12; 0; 0; 269; 121; 143; 0; 0; 0; 0; 0; 61; 0; 163; 0; 63; 21; 0; 0; 0; 43; 19; 0; 155; 264; 326; 194; 355; 47; 0; 0; 44
1980;01; 141; 0; 0; 0; 0; 0; 0; 127; 31; 24; 177; 376; 18; 0; 0; 0; 9; 197; 116; 0; 63; 61; 222; 0; 231; 212; 161; 0; 0; 0; 0
1980;02; 34; 122; 0; 0; 26; 0; 0; 0; 81; 0; 0; 0; 124; 68; 0; 112; 0; 533; 117; 0; 0; 0; 281; 0; 37; 9; 61; 511; 0; 9999; 9999
1980;03; 0; 0; 0; 0; 0; 0; 0; 0; 0; 16; 43; 121; 264; 0; 0; 0; 64; 56; 112; 121; 0; 0; 0; 0; 0; 0; 0; 0; 0; 0; 0
1980;04; 0; 0; 211; 252; 354; 0; 0; 42; 0; 0; 49; 22; 0; 198; 24; 54; 0; 0; 0; 0; 0; 0; 0; 0; 0; 0; 0; 0; 0; 0; 9999
1980;05; 0; 0; 0; 0; 61; 0; 0; 0; 0; 0; 0; 0; 82; 0; 0; 0; 0; 0; 0; 0; 0; 0; 0; 84; 0; 0; 0; 0; 0; 0; 0
1980;06; 0; 0; 18; 0; 0; 0; 0; 0; 0; 0; 0; 0; 0; 72; 0; 0; 0; 0; 0; 0; 0; 0; 64; 0; 0; 531; 182; 0; 0; 0; 9999
1980;07; 0; 0; 0; 0; 0; 0; 0; 0; 0; 0; 0; 0; 0; 0; 0; 0; 0; 0; 0; 0; 0; 0; 0; 0; 0; 0; 0; 0; 0; 0; 0
1980;08; 0; 0; 0; 0; 0; 0; 0; 0; 0; 0; 0; 0; 0; 0; 0; 0; 0; 0; 0; 0; 0; 0; 0; 0; 0; 82; 96; 0; 0; 0; 0
1980;09; 0; 0; 0; 0; 0; 0; 0; 0; 0; 0; 0; 248; 77; 0; 0; 9; 0; 54; 95; 0; 224; 255; 9999; 9999; 9999; 9999; 9999; 9999; 93; 9999; 9999
1980;10; 0; 0; 0; 0; 0; 0; 0; 0; 422; 382; 0; 448; 0; 0; 0; 0; 0; 0; 0; 0; 0; 0; 0; 0; 0; 0; 0; 0; 0; 0; 86
1980;11; 0; 0; 0; 0; 0; 0; 0; 328; 0; 139; 112; 36; 0; 0; 0; 0; 0; 0; 0; 344; 0; 0; 0; 355; 112; 0; 0; 0; 91; 602; 9999
1980;12; 192; 92; 122; 63; 24; 124; 81; 192; 0; 9999; 0; 9999; 184; 348; 0; 0; 0; 0; 0; 0; 0; 164; 162; 0; 112; 123; 142; 163; 142; 254; 18
1981;01; 0; 52; 0; 0; 122; 85; 326; 0; 36; 42; 164; 155; 822; 218; 712; 252; 276; 0; 0; 0; 146; 93; 9; 152; 0; 266; 0; 28; 0; 0; 0
1981;02; 0; 0; 21; 0; 0; 0; 42; 0; 0; 69; 111; 0; 0; 0; 0; 0; 0; 0; 0; 62; 32; 16; 0; 0; 0; 111; 28; 0; 9999; 9999; 9999
1981;03; 0; 0; 0; 0; 216; 81; 148; 0; 0; 0; 0; 0; 0; 0; 0; 0; 113; 399; 0; 0; 0; 0; 0; 0; 0; 0; 0; 0; 0; 326; 0
1981;04; 0; 0; 0; 0; 0; 0; 0; 0; 0; 0; 0; 0; 0; 0; 0; 197; 0; 0; 0; 0; 0; 0; 0; 0; 0; 0; 0; 212; 0; 0; 9999
1981;05; 0; 0; 0; 0; 0; 0; 0; 0; 0; 0; 0; 0; 0; 0; 0; 0; 0; 0; 0; 0; 262; 0; 0; 0; 0; 0; 0; 0; 65; 0; 0
1981;06; 0; 0; 0; 0; 0; 0; 324; 232; 0; 0; 0; 0; 0; 0; 0; 358; 118; 0; 0; 0; 0; 0; 0; 0; 9999; 9999; 9999; 9999; 12; 0; 9999
1981;07; 0; 0; 0; 0; 0; 0; 0; 0; 0; 0; 0; 0; 0; 0; 0; 0; 0; 0; 0; 0; 0; 0; 0; 0; 0; 0; 0; 0; 0; 0; 0
1981;08; 0; 0; 0; 0; 0; 0; 0; 0; 0; 0; 0; 26; 0; 0; 0; 0; 0; 29; 12; 0; 0; 0; 0; 0; 0; 0; 0; 0; 0; 0; 0
1981;09; 0; 0; 0; 53; 0; 0; 0; 0; 0; 0; 0; 0; 0; 0; 0; 0; 0; 0; 0; 0; 0; 0; 0; 0; 0; 38; 0; 0; 0; 0; 9999
1981;10; 0; 0; 85; 42; 65; 178; 0; 0; 0; 23; 0; 34; 322; 0; 0; 421; 0; 0; 0; 659; 0; 0; 0; 0; 0; 144; 175; 212; 0; 0; 32
1981;11; 0; 0; 0; 152; 314; 0; 0; 0; 216; 174; 9999; 0; 122; 22; 184; 0; 72; 179; 0; 218; 96; 0; 0; 0; 0; 28; 0; 0; 112; 23; 9999
1981;12; 248; 268; 0; 0; 32; 41; 81; 394; 996; 214; 0; 39; 184; 0; 0; 84; 272; 61; 54; 0; 0; 54; 226; 0; 0; 0; 0; 0; 0; 0; 0
1982;01; 0; 192; 512; 0; 0; 0; 0; 0; 0; 173; 221; 252; 81; 0; 0; 0; 0; 0; 0; 0; 0; 0; 321; 246; 0; 0; 0; 68; 199; 0; 0
1982;02; 86; 3; 161; 0; 25; 213; 221; 0; 0; 0; 0; 0; 0; 0; 0; 0; 4; 0; 0; 0; 0; 43; 111; 58; 55; 0; 3; 261; 9999; 9999; 9999
1982;03; 143; 52; 0; 0; 0; 0; 0; 0; 501; 141; 81; 269; 50; 131; 16; 96; 12; 393; 45; 11; 0; 430; 61; 0; 19; 1; 0; 13; 0; 67; 64
1982;04; 0; 51; 0; 0; 0; 0; 0; 0; 0; 0; 0; 0; 0; 2; 283; 3; 0; 0; 0; 0; 0; 0; 0; 0; 0; 0; 0; 0; 0; 0; 9999
1982;05; 1; 0; 0; 0; 0; 0; 0; 0; 0; 0; 0; 0; 0; 0; 0; 0; 0; 0; 0; 26; 0; 0; 0; 0; 94; 58; 0; 0; 0; 0; 46
1982;06; 50; 0; 0; 0; 150; 5; 0; 0; 0; 0; 0; 0; 93; 0; 0; 0; 127; 15; 0; 0; 1; 2; 0; 0; 41; 0; 28; 0; 9; 177; 9999
1982;07; 10; 0; 0; 0; 0; 0; 0; 0; 0; 0; 0; 0; 3; 34; 0; 0; 0; 0; 185; 0; 0; 0; 0; 0; 0; 0; 0; 0; 0; 47; 0
1982;08; 0; 0; 0; 0; 24; 3; 0; 0; 0; 0; 71; 12; 0; 0; 0; 0; 0; 0; 36; 0; 0; 0; 0; 0; 0; 0; 0; 0; 5; 52; 0
1982;09; 0; 0; 0; 0; 0; 0; 0; 0; 0; 0; 0; 0; 0; 0; 0; 0; 0; 0; 13; 0; 0; 2; 8; 0; 0; 0; 0; 79; 0; 0; 9999
1982;10; 0; 37; 246; 3; 0; 4; 23; 137; 67; 56; 519; 0; 151; 167; 0; 0; 4; 8; 142; 0; 390; 0; 0; 0; 55; 0; 0; 143; 2; 73; 49
1982;11; 0; 0; 0; 0; 0; 0; 110; 32; 0; 0; 68; 88; 0; 0; 46; 0; 35; 0; 0; 230; 15; 210; 0; 510; 0; 30; 271; 0; 48; 0; 9999
1982;12; 236; 89; 96; 0; 0; 63; 211; 114; 0; 0; 9; 100; 273; 19; 0; 77; 367; 20; 97; 121; 29; 112; 85; 291; 0; 0; 219; 0; 25; 40; 19
1983;01; 100; 0; 169; 0; 94; 611; 12; 145; 210; 441; 0; 0; 430; 179; 81; 150; 110; 249; 234; 89; 122; 0; 0; 5; 91; 0; 0; 0; 0; 0; 197
1983;02; 41; 316; 282; 0; 0; 31; 0; 243; 43; 18; 10; 247; 47; 8; 0; 0; 0; 0; 85; 54; 0; 0; 0; 0; 57; 3; 9; 287; 9999; 9999; 9999
1983;03; 5; 64; 241; 6; 0; 561; 243; 374; 0; 0; 0; 0; 76; 0; 2; 0; 0; 19; 81; 351; 41; 481; 435; 0; 0; 10; 45; 95; 4; 0; 0
1983;04; 156; 2; 12; 0; 0; 4; 381; 2; 0; 0; 22; 32; 91; 0; 0; 0; 0; 0; 0; 0; 105; 33; 5; 0; 393; 161; 4; 0; 1; 0; 9999
1983;05; 0; 0; 0; 281; 0; 0; 0; 0; 44; 0; 0; 0; 18; 27; 0; 0; 0; 2; 0; 253; 6; 0; 210; 121; 7; 0; 0; 0; 210; 105; 578
1983;06; 24; 144; 128; 41; 135; 47; 85; 1; 0; 214; 29; 0; 0; 0; 0; 0; 0; 0; 0; 0; 0; 0; 0; 0; 0; 0; 0; 131; 19; 0; 9999
1983;07; 0; 0; 0; 0; 0; 0; 0; 0; 0; 0; 0; 0; 0; 0; 0; 0; 0; 223; 71; 125; 254; 0; 0; 0; 0; 0; 0; 0; 0; 0; 0
1983;08; 0; 0; 0; 0; 0; 0; 0; 0; 0; 0; 0; 0; 0; 0; 0; 0; 0; 0; 0; 0; 0; 0; 0; 0; 0; 0; 0; 0; 0; 0; 0
1983;09; 0; 0; 11; 2; 12; 119; 128; 174; 20; 0; 12; 33; 91; 1; 0; 236; 29; 87; 441; 10; 1; 22; 57; 438; 4; 0; 0; 0; 0; 0; 9999
1983;10; 0; 18; 0; 194; 0; 0; 0; 0; 0; 0; 35; 148; 26; 69; 72; 26; 0; 106; 34; 0; 37; 41; 370; 341; 0; 0; 0; 0; 0; 0; 0
1983;11; 311; 0; 295; 15; 69; 0; 0; 0; 0; 0; 88; 436; 68; 11; 5; 14; 0; 0; 0; 123; 0; 64; 5; 0; 0; 0; 0; 0; 0; 6; 9999
1983;12; 0; 16; 121; 0; 0; 0; 30; 9; 0; 71; 191; 326; 14; 825; 288; 194; 8; 0; 0; 13; 105; 48; 845; 294; 44; 48; 9; 233; 6; 0; 50
1984;01; 2; 3; 98; 2; 38; 5; 1; 0; 0; 0; 0; 0; 0; 0; 0; 0; 0; 0; 0; 0; 344; 264; 8; 4; 57; 13; 100; 341; 0; 0; 0
1984;02; 0; 0; 9; 0; 0; 0; 36; 0; 7; 15; 0; 257; 18; 0; 0; 0; 0; 24; 0; 0; 0; 0; 7; 0; 16; 0; 0; 0; 0; 9999; 9999
1984;03; 0; 175; 0; 12; 0; 3; 5; 0; 108; 0; 0; 0; 0; 0; 0; 0; 0; 0; 0; 23; 0; 74; 0; 0; 0; 0; 0; 0; 0; 21; 0
1984;04; 0; 0; 0; 272; 21; 0; 0; 207; 0; 0; 0; 0; 0; 0; 0; 11; 152; 0; 0; 46; 379; 0; 0; 0; 0; 0; 12; 88; 278; 16; 9999
1984;05; 2; 42; 32; 0; 138; 0; 0; 0; 0; 0; 0; 0; 0; 72; 96; 0; 0; 169; 0; 0; 0; 0; 0; 0; 0; 0; 0; 0; 0; 0; 0
1984;06; 0; 0; 0; 0; 0; 0; 0; 0; 0; 0; 0; 0; 0; 0; 0; 0; 0; 0; 0; 0; 0; 0; 0; 0; 0; 0; 0; 0; 0; 0; 9999
1984;07; 0; 0; 0; 0; 0; 0; 0; 0; 0; 0; 0; 0; 0; 0; 0; 0; 0; 0; 0; 0; 0; 0; 0; 0; 0; 0; 0; 0; 0; 0; 0
1984;08; 0; 0; 163; 200; 0; 0; 0; 0; 0; 0; 0; 0; 0; 0; 0; 0; 0; 0; 0; 129; 61; 0; 154; 31; 51; 88; 0; 0; 0; 0; 13
1984;09; 0; 0; 0; 0; 0; 0; 81; 0; 79; 0; 0; 0; 0; 0; 0; 0; 98; 0; 0; 0; 194; 0; 0; 0; 0; 0; 359; 0; 0; 0; 9999
1984;10; 0; 0; 0; 0; 0; 0; 0; 0; 0; 77; 0; 0; 0; 0; 0; 0; 0; 0; 18; 0; 0; 0; 0; 0; 241; 0; 0; 0; 0; 0; 0
1984;11; 0; 0; 0; 0; 0; 138; 0; 0; 0; 41; 23; 233; 18; 0; 0; 0; 75; 0; 21; 0; 117; 0; 47; 0; 183; 112; 13; 0; 0; 0; 9999
1984;12; 85; 746; 9; 0; 19; 21; 5; 205; 3; 0; 0; 30; 244; 140; 341; 0; 0; 234; 0; 0; 0; 0; 0; 0; 0; 18; 0; 255; 30; 0; 190
1985;01; 71; 0; 0; 0; 101; 94; 0; 234; 381; 0; 0; 0; 0; 0; 0; 0; 187; 36; 86; 136; 177; 0; 394; 712; 542; 118; 218; 0; 3; 0; 420
1985;02; 20; 0; 0; 101; 12; 0; 0; 57; 0; 241; 161; 0; 153; 0; 111; 13; 25; 53; 0; 0; 0; 46; 181; 0; 0; 232; 8; 137; 9999; 9999; 9999
1985;03; 435; 21; 113; 0; 38; 17; 15; 0; 0; 0; 401; 126; 0; 0; 0; 0; 462; 354; 0; 0; 0; 31; 0; 0; 0; 0; 0; 0; 0; 0; 0
1985;04; 123; 0; 0; 35; 0; 0; 57; 0; 39; 18; 0; 0; 89; 0; 0; 0; 181; 452; 0; 0; 0; 0; 0; 0; 0; 0; 35; 0; 0; 0; 9999
1985;05; 21; 0; 0; 0; 0; 0; 0; 0; 0; 11; 0; 0; 0; 0; 0; 0; 0; 0; 0; 0; 0; 224; 0; 0; 0; 0; 0; 0; 0; 0; 0
1985;06; 0; 0; 0; 132; 0; 0; 0; 0; 0; 0; 0; 0; 0; 0; 0; 0; 0; 0; 0; 0; 0; 0; 0; 0; 0; 0; 0; 0; 0; 0; 9999
1985;07; 0; 0; 0; 0; 0; 0; 9; 0; 0; 0; 0; 0; 0; 0; 0; 0; 0; 0; 0; 0; 0; 0; 0; 0; 0; 0; 0; 0; 0; 0; 0
1985;08; 0; 0; 0; 0; 0; 0; 0; 0; 0; 0; 0; 0; 0; 0; 0; 0; 0; 0; 0; 0; 0; 0; 60; 0; 0; 0; 0; 0; 0; 0; 8
1985;09; 61; 203; 0; 18; 13; 57; 43; 0; 0; 0; 0; 0; 0; 0; 0; 0; 0; 0; 0; 0; 13; 0; 0; 191; 0; 0; 0; 0; 4; 70; 9999
1985;10; 0; 0; 0; 0; 0; 0; 0; 52; 0; 51; 0; 0; 0; 0; 0; 0; 0; 0; 0; 0; 0; 0; 0; 0; 17; 0; 14; 0; 88; 100; 0
1985;11; 6; 236; 591; 50; 2; 0; 0; 0; 0; 0; 0; 0; 0; 0; 0; 0; 0; 0; 0; 26; 5; 0; 0; 0; 100; 7; 236; 219; 62; 0; 9999
1985;12; 0; 0; 0; 500; 0; 0; 0; 0; 0; 0; 0; 0; 0; 0; 217; 100; 40; 23; 0; 0; 27; 43; 159; 63; 9; 34; 130; 16; 0; 95; 0
1986;01; 0; 56; 64; 0; 100; 36; 0; 10; 0; 23; 0; 629; 7; 0; 0; 0; 0; 36; 0; 0; 0; 6; 229; 52; 0; 316; 166; 0; 0; 0; 0
1986;02; 0; 0; 172; 28; 0; 0; 0; 6; 0; 200; 17; 0; 574; 455; 117; 107; 93; 112; 477; 226; 95; 26; 45; 0; 0; 128; 164; 55; 9999; 9999; 9999
1986;03; 0; 4; 0; 87; 242; 12; 293; 120; 231; 223; 0; 0; 0; 0; 0; 0; 6; 4; 112; 38; 0; 0; 0; 0; 273; 0; 0; 0; 0; 324; 0
1986;04; 0; 0; 0; 0; 0; 0; 0; 53; 0; 0; 0; 0; 244; 0; 266; 197; 0; 0; 0; 0; 0; 1; 0; 0; 0; 7; 56; 229; 0; 0; 9999
1986;05; 0; 0; 0; 0; 0; 0; 12; 42; 71; 13; 0; 0; 124; 36; 0; 0; 0; 0; 378; 0; 0; 0; 0; 0; 0; 0; 0; 0; 0; 0; 115
1986;06; 0; 0; 0; 0; 0; 0; 0; 0; 0; 0; 0; 0; 0; 0; 0; 0; 0; 0; 0; 0; 0; 0; 0; 0; 0; 0; 0; 0; 0; 0; 9999
1986;07; 0; 0; 0; 0; 0; 0; 0; 0; 0; 0; 0; 0; 0; 0; 0; 0; 0; 0; 0; 0; 0; 0; 217; 65; 9; 0; 0; 0; 0; 0; 0
1986;08; 15; 0; 0; 0; 0; 0; 0; 0; 0; 0; 0; 0; 11; 0; 74; 100; 12; 0; 0; 0; 23; 435; 68; 56; 106; 0; 0; 0; 0; 0; 0
1986;09; 0; 0; 0; 0; 0; 0; 0; 0; 0; 0; 0; 0; 0; 0; 0; 0; 0; 0; 0; 14; 0; 0; 0; 0; 0; 28; 0; 0; 169; 0; 9999
1986;10; 0; 0; 0; 0; 0; 0; 0; 0; 12; 0; 19; 0; 0; 0; 0; 0; 0; 0; 0; 29; 78; 360; 12; 0; 0; 0; 0; 452; 0; 7; 0
1986;11; 0; 0; 0; 103; 0; 109; 11; 0; 0; 29; 171; 377; 0; 0; 0; 0; 0; 0; 0; 0; 0; 0; 0; 211; 74; 0; 3; 0; 32; 107; 9999
1986;12; 382; 497; 148; 0; 3; 162; 176; 122; 717; 246; 0; 0; 0; 412; 85; 128; 226; 23; 0; 0; 0; 0; 129; 340; 37; 281; 261; 49; 363; 97; 0
1987;01; 45; 40; 69; 22; 85; 60; 0; 0; 0; 0; 79; 232; 0; 31; 0; 9; 195; 140; 21; 0; 0; 0; 442; 199; 41; 153; 53; 271; 26; 16; 177
1987;02; 54; 0; 42; 346; 4; 219; 0; 0; 0; 122; 0; 21; 41; 131; 0; 25; 0; 215; 0; 0; 0; 0; 0; 0; 0; 55; 0; 0; 9999; 9999; 9999
1987;03; 0; 12; 0; 0; 0; 0; 0; 45; 175; 401; 59; 0; 0; 0; 0; 29; 0; 42; 214; 31; 0; 0; 0; 0; 0; 0; 0; 0; 53; 0; 0
1987;04; 0; 0; 0; 383; 511; 0; 0; 0; 0; 0; 79; 141; 0; 107; 0; 0; 0; 0; 0; 0; 339; 111; 0; 0; 0; 0; 0; 0; 16; 13; 9999
1987;05; 0; 0; 0; 0; 39; 0; 8; 44; 200; 0; 0; 138; 0; 0; 0; 143; 0; 0; 3; 144; 8; 171; 0; 0; 125; 0; 0; 0; 37; 0; 0
1987;06; 0; 0; 0; 0; 0; 0; 0; 8; 0; 0; 0; 0; 0; 0; 0; 49; 32; 0; 0; 0; 0; 0; 129; 19; 0; 0; 0; 0; 0; 0; 9999
1987;07; 0; 0; 0; 0; 0; 0; 0; 0; 81; 32; 0; 0; 0; 0; 0; 0; 0; 0; 0; 0; 0; 0; 0; 0; 0; 0; 0; 0; 0; 7; 0
1987;08; 0; 0; 0; 0; 0; 0; 33; 0; 0; 0; 0; 0; 0; 0; 0; 0; 0; 0; 0; 0; 0; 0; 0; 0; 0; 0; 0; 0; 0; 0; 0
1987;09; 0; 0; 0; 0; 0; 56; 0; 3; 8; 0; 355; 0; 0; 0; 0; 0; 0; 67; 234; 0; 7; 171; 135; 43; 0; 0; 0; 63; 0; 6; 9999
1987;10; 0; 112; 0; 0; 0; 256; 0; 0; 0; 0; 0; 0; 0; 0; 0; 0; 37; 15; 0; 0; 22; 0; 0; 0; 44; 0; 0; 0; 123; 107; 0
1987;11; 0; 0; 0; 0; 0; 31; 111; 0; 0; 0; 0; 39; 0; 44; 201; 655; 441; 0; 0; 0; 13; 53; 0; 0; 336; 56; 0; 0; 0; 0; 9999
1987;12; 0; 0; 137; 0; 189; 182; 228; 0; 0; 0; 6; 0; 0; 96; 0; 0; 0; 24; 245; 0; 275; 167; 0; 0; 0; 0; 0; 82; 0; 4; 0
1988;01; 134; 0; 0; 0; 91; 63; 288; 377; 43; 116; 143; 0; 0; 269; 3; 0; 0; 0; 72; 28; 21; 0; 0; 89; 0; 0; 27; 52; 17; 4; 0
1988;02; 69; 22; 0; 0; 44; 450; 67; 21; 245; 75; 67; 0; 0; 0; 155; 0; 19; 251; 38; 511; 219; 63; 88; 0; 214; 0; 301; 89; 0; 9999; 9999
1988;03; 133; 143; 232; 128; 22; 69; 11; 12; 0; 54; 48; 0; 0; 0; 0; 0; 138; 174; 482; 0; 0; 0; 0; 0; 0; 0; 0; 0; 0; 0; 0
1988;04; 0; 0; 0; 16; 68; 0; 0; 82; 32; 0; 0; 0; 100; 188; 0; 0; 18; 0; 0; 264; 4; 0; 0; 0; 0; 0; 0; 194; 0; 0; 9999
1988;05; 0; 0; 0; 0; 32; 85; 0; 0; 6; 0; 0; 0; 55; 0; 5; 0; 24; 220; 0; 0; 0; 3; 0; 0; 50; 0; 0; 0; 0; 165; 102
1988;06; 0; 0; 0; 143; 1; 0; 0; 0; 0; 0; 0; 0; 0; 4; 114; 0; 0; 0; 0; 0; 0; 0; 0; 0; 3; 0; 0; 0; 0; 0; 9999
1988;07; 0; 0; 0; 0; 0; 0; 0; 0; 0; 0; 0; 0; 0; 0; 0; 0; 0; 0; 0; 0; 0; 0; 0; 0; 0; 0; 0; 0; 0; 0; 0
1988;08; 0; 0; 0; 0; 0; 0; 0; 0; 0; 0; 0; 0; 0; 0; 0; 0; 0; 0; 0; 0; 0; 0; 0; 0; 0; 0; 0; 0; 0; 0; 0
1988;09; 0; 0; 0; 0; 0; 0; 0; 0; 0; 0; 0; 0; 0; 0; 3; 3; 2; 14; 0; 0; 0; 0; 0; 0; 0; 0; 0; 0; 0; 3; 9999
1988;10; 0; 0; 0; 0; 410; 38; 0; 0; 0; 0; 0; 47; 183; 122; 0; 0; 0; 0; 18; 188; 28; 0; 26; 166; 0; 416; 116; 0; 0; 0; 71
1988;11; 128; 155; 0; 9; 12; 0; 0; 2; 0; 0; 0; 2; 92; 126; 0; 70; 66; 0; 0; 358; 54; 0; 18; 0; 0; 0; 251; 0; 0; 0; 9999
1988;12; 0; 4; 0; 0; 0; 0; 0; 0; 0; 0; 0; 12; 0; 75; 9; 0; 0; 0; 0; 114; 282; 86; 0; 288; 0; 116; 11; 0; 0; 0; 0
1989;01; 0; 63; 134; 42; 33; 343; 17; 176; 318; 140; 0; 221; 93; 0; 96; 132; 3; 39; 20; 0; 23; 91; 0; 0; 14; 0; 0; 34; 0; 0; 0
1989;02; 0; 0; 121; 438; 230; 38; 0; 581; 135; 138; 220; 128; 0; 8; 337; 23; 300; 0; 24; 0; 15; 74; 0; 0; 244; 858; 0; 0; 9999; 9999; 9999
1989;03; 37; 0; 313; 0; 0; 254; 0; 0; 152; 0; 0; 0; 0; 289; 653; 523; 123; 0; 0; 0; 15; 0; 0; 0; 267; 30; 59; 104; 2; 0; 0
1989;04; 0; 0; 122; 3; 0; 0; 0; 0; 0; 0; 0; 259; 0; 0; 14; 0; 0; 0; 12; 42; 0; 0; 0; 0; 0; 0; 0; 0; 0; 66; 9999
1989;05; 0; 39; 0; 62; 154; 112; 0; 0; 0; 0; 0; 0; 0; 0; 0; 0; 0; 0; 0; 0; 0; 0; 0; 0; 0; 0; 0; 0; 0; 0; 0
1989;06; 0; 0; 0; 0; 0; 0; 0; 0; 54; 158; 22; 22; 0; 0; 0; 0; 0; 0; 0; 0; 0; 0; 0; 0; 49; 0; 0; 0; 16; 0; 9999
1989;07; 0; 0; 0; 0; 0; 0; 0; 0; 0; 0; 0; 0; 0; 0; 0; 0; 0; 0; 0; 0; 0; 0; 0; 0; 0; 0; 0; 114; 224; 7; 347
1989;08; 0; 0; 0; 0; 0; 0; 0; 0; 0; 0; 0; 0; 0; 0; 0; 0; 0; 0; 0; 0; 0; 7; 60; 0; 0; 300; 0; 55; 0; 0; 0
1989;09; 9; 56; 0; 0; 0; 14; 63; 6; 210; 55; 0; 8; 8; 86; 159; 0; 0; 0; 0; 0; 0; 0; 0; 0; 0; 0; 110; 0; 0; 0; 9999
1989;10; 0; 0; 0; 13; 0; 0; 0; 0; 0; 0; 0; 442; 0; 0; 0; 11; 0; 0; 0; 0; 0; 22; 45; 0; 0; 6; 402; 20; 0; 0; 0
1989;11; 0; 0; 0; 32; 8; 0; 0; 0; 40; 300; 0; 95; 213; 0; 0; 0; 0; 242; 40; 185; 12; 296; 87; 59; 316; 0; 0; 194; 0; 12; 9999
1989;12; 0; 0; 0; 0; 0; 0; 95; 0; 0; 0; 157; 191; 661; 40; 76; 0; 0; 0; 0; 40; 0; 0; 0; 0; 0; 0; 76; 176; 79; 126; 441
1990;01; 92; 632; 285; 160; 43; 244; 0; 0; 0; 344; 286; 116; 144; 0; 0; 0; 0; 13; 0; 0; 0; 0; 80; 0; 0; 0; 0; 121; 0; 0; 0
1990;02; 0; 31; 0; 0; 0; 0; 13; 8; 0; 0; 0; 0; 0; 47; 113; 0; 0; 0; 0; 0; 0; 65; 258; 61; 228; 434; 86; 349; 9999; 9999; 9999
1990;03; 112; 0; 70; 111; 0; 0; 12; 49; 0; 0; 58; 0; 0; 0; 0; 0; 20; 170; 682; 85; 23; 85; 480; 84; 0; 0; 80; 79; 92; 0; 0
1990;04; 0; 0; 0; 0; 0; 13; 0; 75; 545; 0; 0; 0; 0; 0; 19; 47; 159; 66; 0; 228; 0; 0; 0; 0; 0; 0; 0; 0; 0; 0; 9999
1990;05; 45; 255; 14; 0; 0; 0; 0; 0; 0; 0; 77; 24; 0; 0; 0; 77; 20; 138; 0; 0; 0; 0; 0; 0; 0; 0; 0; 0; 0; 0; 0
1990;06; 0; 0; 0; 0; 0; 0; 0; 0; 0; 0; 0; 0; 0; 0; 19; 0; 0; 0; 0; 0; 36; 0; 0; 0; 0; 0; 0; 0; 0; 0; 9999
1990;07; 0; 0; 0; 0; 0; 11; 0; 0; 0; 0; 60; 0; 0; 15; 0; 0; 86; 0; 0; 0; 0; 0; 0; 0; 0; 0; 0; 27; 0; 0; 0
1990;08; 0; 0; 0; 0; 0; 0; 0; 0; 0; 0; 0; 0; 0; 0; 0; 0; 59; 60; 24; 395; 125; 0; 0; 0; 0; 0; 0; 133; 0; 0; 0
1990;09; 44; 116; 0; 0; 0; 0; 0; 22; 0; 0; 0; 0; 0; 120; 20; 0; 0; 0; 0; 0; 0; 0; 0; 175; 0; 0; 0; 0; 0; 12; 9999
1990;10; 90; 133; 5; 0; 0; 10; 18; 0; 0; 0; 0; 0; 141; 0; 0; 0; 47; 36; 3; 428; 112; 0; 0; 0; 0; 0; 0; 0; 0; 0; 0
1990;11; 0; 69; 13; 0; 50; 135; 0; 58; 153; 0; 0; 0; 13; 0; 0; 43; 95; 182; 0; 0; 0; 0; 0; 25; 29; 0; 11; 299; 0; 0; 9999
1990;12; 0; 0; 0; 0; 0; 0; 0; 12; 0; 0; 190; 255; 95; 90; 11; 200; 145; 0; 0; 434; 110; 0; 0; 0; 45; 195; 0; 0; 0; 0; 0
1991;01; 0; 0; 0; 37; 217; 0; 0; 0; 0; 0; 369; 98; 0; 143; 43; 421; 54; 0; 200; 0; 0; 0; 0; 0; 0; 60; 312; 52; 238; 13; 10
1991;02; 56; 363; 0; 0; 193; 0; 93; 43; 100; 180; 215; 0; 233; 29; 82; 0; 0; 15; 8; 0; 0; 0; 0; 0; 0; 0; 0; 0; 9999; 9999; 9999
1991;03; 290; 330; 300; 400; 44; 31; 231; 18; 0; 93; 0; 68; 186; 391; 0; 0; 0; 0; 0; 0; 0; 53; 40; 0; 0; 80; 130; 540; 350; 331; 573
1991;04; 57; 0; 0; 6; 0; 0; 0; 48; 0; 0; 0; 0; 29; 0; 5; 216; 0; 0; 83; 18; 0; 0; 0; 0; 315; 618; 193; 0; 0; 0; 9999
1991;05; 0; 0; 0; 0; 0; 0; 0; 251; 0; 0; 0; 0; 0; 0; 41; 142; 0; 0; 0; 7; 0; 123; 0; 0; 0; 0; 0; 0; 0; 0; 0
1991;06; 0; 0; 0; 0; 0; 0; 0; 0; 0; 0; 0; 0; 0; 0; 0; 0; 0; 0; 0; 0; 0; 0; 17; 0; 260; 0; 0; 0; 0; 0; 9999
1991;07; 0; 0; 0; 0; 0; 0; 0; 0; 0; 0; 0; 89; 0; 57; 0; 0; 0; 0; 0; 0; 0; 0; 0; 0; 0; 0; 0; 0; 0; 0; 0
1991;08; 0; 0; 0; 0; 0; 0; 0; 0; 0; 0; 0; 0; 0; 0; 0; 0; 0; 0; 0; 0; 0; 0; 0; 0; 0; 0; 0; 0; 0; 0; 0
1991;09; 0; 0; 0; 0; 0; 0; 0; 0; 0; 0; 0; 0; 0; 0; 0; 0; 0; 0; 0; 173; 0; 0; 0; 0; 0; 13; 0; 0; 126; 63; 9999
1991;10; 341; 0; 97; 0; 0; 56; 378; 6; 3; 0; 0; 0; 0; 0; 0; 0; 24; 43; 5; 161; 0; 0; 0; 0; 0; 0; 0; 0; 0; 0; 54
1991;11; 120; 22; 58; 0; 0; 0; 0; 0; 211; 263; 0; 0; 0; 0; 0; 0; 0; 0; 0; 0; 0; 0; 0; 0; 0; 0; 0; 0; 0; 300; 9999
1991;12; 27; 0; 0; 0; 0; 122; 90; 42; 257; 52; 85; 154; 252; 0; 0; 117; 240; 72; 241; 191; 0; 0; 68; 0; 16; 0; 93; 12; 0; 0; 21
1992;01; 0; 73; 80; 48; 38; 0; 0; 0; 27; 0; 0; 0; 6; 33; 13; 0; 0; 161; 86; 0; 0; 586; 161; 51; 25; 0; 0; 0; 131; 271; 68
1992;02; 105; 20; 25; 37; 140; 45; 23; 0; 39; 0; 0; 0; 0; 0; 0; 0; 0; 0; 0; 0; 0; 0; 0; 0; 139; 273; 0; 137; 123; 9999; 9999
1992;03; 0; 163; 0; 0; 91; 0; 0; 0; 76; 13; 0; 148; 13; 0; 0; 0; 421; 213; 31; 221; 0; 0; 0; 39; 54; 155; 21; 0; 0; 0; 225
1992;04; 0; 0; 0; 0; 0; 0; 0; 0; 0; 0; 0; 0; 0; 173; 0; 0; 0; 0; 0; 81; 219; 29; 0; 0; 0; 0; 98; 0; 0; 40; 9999
1992;05; 0; 344; 0; 359; 0; 0; 0; 0; 0; 0; 0; 0; 0; 0; 15; 0; 0; 0; 5; 37; 0; 0; 230; 57; 0; 0; 0; 0; 0; 0; 0
1992;06; 0; 0; 0; 0; 0; 0; 0; 0; 0; 0; 0; 0; 0; 0; 0; 0; 0; 0; 0; 0; 0; 0; 0; 0; 0; 0; 0; 0; 49; 0; 9999
1992;07; 0; 0; 0; 0; 0; 0; 49; 0; 311; 0; 0; 0; 0; 0; 0; 0; 0; 0; 0; 0; 0; 0; 0; 0; 0; 0; 0; 0; 0; 0; 0
1992;08; 0; 0; 0; 0; 0; 0; 0; 0; 0; 0; 0; 0; 36; 0; 0; 0; 0; 0; 34; 0; 0; 13; 53; 133; 0; 0; 0; 0; 0; 0; 0
1992;09; 0; 71; 0; 8; 10; 82; 85; 0; 0; 0; 0; 53; 85; 0; 58; 263; 0; 663; 98; 0; 0; 0; 0; 0; 8; 96; 22; 176; 0; 0; 9999
1992;10; 0; 257; 203; 0; 0; 0; 15; 63; 96; 0; 0; 105; 211; 36; 0; 0; 88; 20; 73; 0; 177; 0; 0; 0; 0; 0; 0; 66; 553; 257; 175
1992;11; 28; 0; 0; 27; 0; 23; 175; 0; 0; 0; 0; 0; 55; 0; 0; 0; 128; 0; 0; 0; 0; 53; 180; 0; 552; 123; 0; 121; 0; 0; 9999
1992;12; 0; 237; 0; 0; 0; 0; 0; 0; 0; 0; 200; 625; 0; 0; 0; 0; 127; 72; 272; 0; 0; 0; 0; 0; 0; 127; 0; 0; 0; 0; 0
1993;01; 0; 0; 0; 85; 0; 165; 0; 0; 35; 124; 145; 75; 174; 0; 0; 0; 0; 52; 98; 76; 54; 0; 0; 351; 51; 31; 0; 0; 0; 0; 45
1993;02; 0; 0; 0; 45; 91; 15; 41; 51; 278; 51; 0; 100; 128; 154; 292; 145; 0; 42; 0; 92; 0; 58; 689; 107; 29; 0; 98; 221; 9999; 9999; 9999
1993;03; 0; 0; 0; 0; 40; 0; 0; 0; 0; 0; 0; 0; 0; 0; 0; 0; 0; 0; 320; 0; 0; 17; 43; 429; 159; 0; 8; 167; 0; 7; 81
1993;04; 0; 100; 109; 32; 0; 4; 0; 0; 195; 0; 0; 0; 0; 0; 0; 0; 0; 0; 0; 0; 0; 0; 25; 203; 0; 0; 0; 0; 0; 0; 9999
1993;05; 0; 23; 39; 213; 0; 104; 0; 0; 0; 0; 0; 0; 0; 0; 115; 0; 0; 0; 0; 0; 0; 0; 0; 0; 0; 0; 0; 0; 0; 0; 291
1993;06; 122; 0; 0; 0; 0; 144; 0; 0; 0; 0; 0; 0; 0; 0; 0; 0; 0; 0; 85; 0; 0; 0; 0; 0; 0; 0; 0; 0; 0; 0; 9999
1993;07; 0; 0; 0; 0; 0; 0; 0; 0; 0; 0; 0; 0; 0; 0; 0; 41; 0; 0; 0; 0; 0; 0; 0; 0; 0; 0; 0; 0; 0; 0; 0
1993;08; 0; 27; 0; 0; 0; 0; 0; 0; 0; 0; 0; 0; 0; 0; 0; 9; 0; 0; 0; 15; 0; 0; 0; 133; 167; 59; 0; 0; 0; 0; 0
1993;09; 0; 0; 0; 0; 0; 0; 0; 17; 33; 0; 8; 33; 0; 0; 24; 156; 126; 0; 0; 0; 334; 176; 0; 165; 109; 0; 115; 34; 0; 0; 9999
1993;10; 0; 3; 0; 0; 52; 32; 0; 0; 0; 0; 0; 0; 0; 0; 0; 15; 51; 0; 0; 103; 52; 0; 18; 68; 17; 8; 0; 0; 0; 0; 0
1993;11; 0; 0; 0; 0; 0; 0; 322; 45; 306; 0; 37; 0; 0; 0; 0; 0; 0; 0; 4; 35; 0; 5; 118; 0; 32; 88; 115; 8; 0; 0; 9999
1993;12; 0; 0; 0; 63; 106; 0; 0; 123; 137; 0; 63; 54; 0; 0; 0; 154; 13; 18; 0; 119; 25; 0; 0; 0; 61; 78; 12; 2; 432; 25; 9
1994;01; 0; 392; 0; 19; 0; 0; 0; 18; 244; 289; 0; 0; 175; 82; 7; 206; 71; 0; 65; 869; 0; 35; 18; 17; 0; 35; 115; 69; 0; 0; 0
1994;02; 0; 0; 0; 24; 0; 333; 0; 10; 5; 0; 0; 86; 17; 0; 78; 136; 0; 5; 0; 89; 0; 0; 0; 0; 0; 254; 36; 0; 9999; 9999; 9999
1994;03; 485; 337; 13; 0; 0; 0; 77; 42; 0; 0; 191; 142; 0; 0; 0; 0; 0; 44; 0; 488; 25; 9; 62; 0; 29; 11; 200; 0; 0; 0; 0
1994;04; 149; 41; 0; 0; 0; 0; 6; 0; 0; 0; 0; 0; 0; 0; 109; 0; 0; 0; 18; 23; 0; 69; 117; 0; 95; 0; 0; 0; 0; 0; 9999
1994;05; 0; 0; 0; 0; 0; 0; 0; 0; 0; 0; 0; 0; 48; 23; 245; 243; 0; 0; 0; 0; 0; 0; 5; 23; 0; 3; 0; 52; 0; 0; 0
1994;06; 0; 0; 0; 0; 32; 0; 0; 0; 0; 0; 0; 0; 0; 0; 0; 0; 0; 0; 0; 0; 0; 0; 76; 0; 44; 65; 0; 0; 0; 0; 9999
1994;07; 0; 0; 0; 0; 0; 0; 0; 0; 105; 0; 0; 0; 0; 0; 0; 0; 0; 0; 0; 0; 0; 0; 85; 32; 0; 0; 0; 0; 0; 0; 0
1994;08; 0; 0; 0; 0; 0; 0; 0; 0; 0; 0; 0; 0; 0; 0; 0; 0; 0; 0; 0; 0; 0; 0; 0; 0; 0; 0; 0; 0; 0; 0; 0
1994;09; 0; 0; 0; 0; 0; 0; 0; 0; 0; 0; 0; 0; 0; 0; 0; 0; 0; 0; 0; 0; 0; 0; 0; 0; 0; 0; 0; 0; 0; 0; 9999
1994;10; 0; 0; 0; 0; 0; 0; 64; 0; 0; 0; 0; 0; 0; 75; 0; 0; 12; 0; 0; 0; 86; 265; 41; 0; 139; 0; 236; 44; 0; 0; 0
1994;11; 0; 0; 91; 0; 0; 36; 0; 0; 0; 45; 0; 0; 41; 171; 21; 112; 0; 0; 188; 0; 0; 0; 0; 0; 0; 0; 0; 131; 217; 145; 9999
1994;12; 0; 0; 122; 0; 528; 29; 24; 33; 0; 0; 61; 27; 49; 13; 0; 49; 0; 1054; 102; 0; 0; 206; 564; 71; 0; 42; 165; 14; 0; 0; 38
1995;01; 237; 53; 59; 454; 34; 0; 0; 7; 9; 23; 8; 0; 17; 0; 0; 0; 0; 31; 42; 0; 147; 0; 36; 0; 0; 0; 235; 43; 157; 321; 85
1995;02; 6; 102; 208; 676; 443; 0; 564; 206; 237; 62; 209; 42; 0; 193; 209; 316; 174; 58; 391; 205; 212; 0; 0; 0; 0; 0; 0; 0; 9999; 9999; 9999
1995;03; 0; 0; 0; 332; 352; 0; 0; 0; 19; 76; 0; 79; 0; 197; 101; 139; 0; 0; 0; 105; 0; 7; 0; 0; 415; 0; 0; 0; 0; 32; 122
1995;04; 459; 17; 5; 0; 0; 0; 0; 0; 32; 71; 0; 7; 0; 0; 0; 0; 0; 0; 0; 34; 69; 0; 0; 0; 0; 0; 0; 0; 0; 0; 9999
1995;05; 0; 0; 0; 0; 0; 21; 56; 29; 0; 0; 228; 0; 0; 0; 0; 0; 64; 0; 0; 0; 0; 0; 0; 0; 0; 0; 0; 0; 0; 0; 0
1995;06; 0; 0; 0; 0; 0; 0; 0; 0; 0; 0; 0; 0; 0; 0; 0; 0; 0; 68; 4; 0; 0; 34; 53; 0; 0; 82; 0; 0; 0; 0; 9999
1995;07; 0; 0; 0; 0; 0; 0; 0; 0; 111; 39; 63; 0; 0; 0; 0; 0; 0; 0; 0; 0; 0; 138; 0; 0; 0; 0; 0; 0; 0; 0; 0
1995;08; 0; 0; 0; 0; 0; 14; 0; 0; 0; 0; 0; 0; 0; 0; 0; 0; 0; 0; 0; 0; 0; 0; 0; 0; 0; 0; 0; 0; 0; 0; 0
1995;09; 0; 0; 0; 0; 0; 0; 0; 0; 0; 0; 0; 0; 0; 0; 0; 0; 0; 0; 42; 0; 0; 0; 0; 0; 26; 0; 64; 0; 0; 0; 9999
1995;10; 256; 56; 0; 0; 0; 0; 0; 105; 0; 0; 0; 0; 41; 952; 283; 129; 378; 243; 97; 5; 191; 0; 0; 0; 0; 0; 0; 0; 0; 35; 244
1995;11; 0; 0; 0; 0; 0; 0; 0; 61; 0; 0; 0; 13; 108; 31; 266; 26; 0; 0; 0; 0; 0; 0; 0; 57; 486; 0; 0; 82; 14; 0; 9999
1995;12; 0; 0; 0; 0; 51; 0; 0; 0; 15; 0; 0; 25; 293; 247; 0; 0; 0; 213; 223; 0; 0; 69; 0; 0; 251; 315; 52; 257; 158; 122; 0
1996;01; 0; 337; 312; 269; 0; 39; 167; 27; 107; 52; 614; 224; 8; 0; 0; 0; 0; 0; 161; 0; 0; 19; 0; 71; 0; 0; 2; 0; 6; 0; 0
1996;02; 0; 0; 27; 0; 0; 168; 0; 11; 0; 243; 0; 1195; 0; 166; 25; 0; 0; 52; 64; 258; 32; 0; 0; 595; 14; 49; 302; 19; 0; 9999; 9999
1996;03; 0; 31; 0; 97; 91; 0; 6; 261; 291; 506; 0; 43; 12; 0; 18; 0; 51; 345; 76; 22; 0; 0; 0; 0; 0; 0; 0; 302; 48; 0; 0
1996;04; 0; 7; 0; 0; 0; 0; 0; 0; 1; 0; 17; 6; 0; 0; 0; 72; 178; 21; 0; 0; 0; 0; 0; 0; 0; 0; 0; 0; 0; 0; 9999
1996;05; 0; 0; 0; 0; 0; 0; 0; 0; 112; 38; 0; 0; 0; 0; 368; 141; 61; 0; 34; 0; 0; 32; 155; 0; 0; 0; 0; 0; 0; 0; 0
1996;06; 0; 0; 0; 0; 0; 0; 5; 0; 0; 0; 0; 0; 0; 0; 0; 0; 0; 0; 0; 0; 0; 0; 0; 0; 0; 0; 0; 158; 148; 0; 9999
1996;07; 0; 0; 0; 0; 0; 0; 0; 0; 0; 0; 0; 0; 0; 0; 0; 0; 0; 0; 0; 0; 0; 0; 0; 0; 0; 0; 0; 0; 0; 0; 0
1996;08; 0; 0; 0; 0; 0; 0; 0; 0; 0; 0; 64; 8; 27; 0; 6; 0; 0; 0; 0; 0; 0; 0; 0; 0; 0; 0; 0; 0; 0; 0; 0
1996;09; 0; 54; 0; 479; 0; 111; 18; 0; 43; 227; 558; 191; 0; 0; 0; 0; 262; 0; 0; 0; 0; 0; 0; 0; 0; 0; 0; 0; 0; 4; 9999
1996;10; 0; 0; 419; 236; 0; 0; 58; 0; 0; 0; 519; 0; 0; 201; 0; 0; 0; 0; 0; 0; 149; 0; 0; 16; 0; 259; 7; 189; 0; 0; 0
1996;11; 257; 6; 191; 298; 0; 0; 0; 114; 0; 0; 0; 0; 0; 0; 0; 79; 0; 5; 98; 249; 761; 729; 23; 0; 0; 0; 0; 0; 0; 0; 9999
1996;12; 13; 0; 18; 56; 37; 29; 45; 95; 0; 27; 59; 181; 228; 205; 449; 0; 671; 287; 0; 0; 418; 87; 185; 203; 0; 0; 0; 243; 81; 159; 106
1997;01; 202; 398; 99; 3; 7; 0; 8; 0; 76; 0; 112; 98; 6; 12; 32; 46; 115; 62; 6; 11; 14; 0; 191; 294; 48; 112; 162; 506; 171; 0; 37
1997;02; 0; 31; 85; 0; 0; 0; 0; 0; 0; 5; 12; 0; 553; 0; 0; 305; 403; 152; 229; 0; 0; 0; 0; 19; 0; 0; 0; 0; 9999; 9999; 9999
1997;03; 0; 212; 151; 91; 117; 84; 0; 161; 15; 239; 0; 0; 0; 0; 0; 79; 58; 0; 0; 0; 21; 0; 0; 0; 0; 0; 0; 0; 0; 0; 19
1997;04; 231; 9; 0; 0; 0; 0; 0; 0; 0; 0; 0; 0; 0; 0; 0; 0; 0; 169; 0; 0; 0; 0; 0; 137; 0; 0; 0; 0; 0; 0; 9999
1997;05; 0; 0; 0; 0; 0; 0; 0; 0; 0; 0; 0; 0; 0; 0; 0; 41; 0; 0; 0; 0; 0; 0; 178; 0; 672; 0; 0; 0; 234; 0; 0
1997;06; 0; 0; 0; 111; 186; 472; 0; 0; 0; 0; 0; 139; 10; 0; 312; 549; 0; 0; 0; 0; 104; 0; 0; 0; 0; 0; 0; 0; 0; 0; 9999
1997;07; 0; 0; 0; 0; 0; 0; 0; 0; 0; 0; 0; 0; 0; 0; 0; 0; 0; 0; 0; 0; 0; 326; 0; 0; 0; 0; 0; 0; 0; 0; 0
1997;08; 0; 0; 0; 0; 0; 0; 0; 0; 0; 0; 0; 0; 0; 0; 0; 0; 0; 0; 0; 0; 0; 0; 0; 0; 0; 0; 0; 0; 0; 0; 0
1997;09; 0; 0; 0; 0; 0; 0; 0; 0; 0; 0; 0; 0; 23; 0; 275; 0; 0; 0; 0; 0; 167; 0; 0; 0; 0; 21; 0; 0; 0; 0; 9999
1997;10; 0; 5; 0; 0; 0; 6; 231; 0; 0; 0; 0; 0; 0; 0; 0; 14; 155; 0; 0; 77; 119; 221; 0; 0; 0; 104; 169; 0; 0; 0; 0
1997;11; 364; 0; 0; 0; 89; 277; 195; 19; 0; 0; 0; 5; 0; 6; 131; 39; 175; 102; 119; 0; 0; 304; 0; 9; 63; 7; 43; 195; 55; 0; 9999
1997;12; 0; 192; 5; 16; 63; 0; 259; 119; 175; 0; 0; 45; 0; 53; 139; 38; 0; 17; 10; 0; 0; 0; 0; 0; 131; 147; 0; 0; 315; 42; 0
