33
Ano,Mes,1,2,3,4,5,6,7,8,9,10,11,12,13,14,15,16,17,18,19,20,21,22,23,24,25,26,27,28,29,30,31
1972;01; 0; 0; 115; 0; 0; 0; 305; 34; 84; 0; 0; 0; 0; 0; 0; 0; 0; 0; 0; 0; 136; 232; 734; 29; 142; 331; 20; 29; 321; 0; 340
1972;02; 0; 139; 100; 111; 42; 21; 0; 0; 0; 0; 0; 145; 38; 23; 40; 0; 5; 76; 315; 120; 66; 87; 30; 62; 53; 222; 0; 0; 0; 9999; 9999
1972;03; 0; 58; 0; 0; 0; 0; 0; 0; 0; 0; 0; 260; 0; 0; 0; 0; 0; 0; 0; 0; 0; 0; 36; 0; 387; 0; 0; 0; 0; 0; 222
1972;04; 0; 142; 41; 17; 0; 0; 0; 0; 0; 0; 0; 0; 0; 0; 156; 0; 0; 0; 0; 0; 0; 0; 0; 0; 0; 0; 0; 0; 0; 0; 9999
1972;05; 9999; 9999; 9999; 9999; 9999; 9999; 9999; 9999; 9999; 9999; 0; 0; 0; 0; 0; 0; 0; 0; 0; 0; 0; 0; 73; 30; 560; 20; 0; 0; 0; 0; 0
1972;06; 0; 0; 0; 0; 0; 0; 0; 0; 0; 0; 0; 0; 0; 0; 0; 0; 0; 0; 10; 0; 0; 0; 0; 0; 0; 0; 0; 0; 0; 0; 9999
1972;07; 0; 0; 0; 0; 0; 0; 0; 217; 0; 54; 0; 0; 114; 721; 0; 0; 0; 0; 0; 0; 0; 0; 0; 0; 0; 0; 0; 0; 0; 0; 0
1972;08; 0; 0; 0; 147; 79; 135; 150; 0; 1; 0; 0; 0; 0; 0; 0; 0; 0; 0; 0; 0; 0; 0; 0; 43; 4; 0; 0; 0; 0; 107; 0
1972;09; 5; 0; 0; 0; 0; 182; 0; 0; 0; 0; 27; 7; 0; 24; 0; 0; 0; 0; 0; 0; 0; 0; 0; 0; 118; 5; 0; 43; 82; 0; 9999
1972;10; 35; 23; 3; 219; 182; 41; 151; 0; 0; 57; 483; 1; 0; 0; 365; 0; 0; 0; 0; 0; 0; 0; 0; 0; 0; 0; 0; 0; 0; 120; 242
1972;11; 402; 75; 621; 261; 296; 0; 0; 0; 73; 13; 10; 36; 0; 1; 36; 0; 63; 35; 0; 212; 6; 15; 0; 0; 0; 11; 0; 0; 0; 0; 9999
1972;12; 568; 0; 21; 26; 0; 251; 0; 0; 0; 221; 0; 25; 0; 0; 0; 0; 0; 0; 78; 0; 0; 0; 341; 114; 0; 45; 3; 0; 761; 0; 51
1973;01; 0; 268; 77; 0; 0; 169; 401; 0; 0; 0; 50; 0; 27; 0; 0; 83; 265; 0; 16; 113; 94; 59; 44; 0; 0; 0; 0; 0; 0; 0; 19
1973;02; 0; 0; 0; 22; 230; 131; 0; 0; 0; 0; 0; 92; 437; 173; 120; 24; 0; 13; 0; 232; 0; 92; 8; 0; 5; 265; 0; 0; 9999; 9999; 9999
1973;03; 0; 14; 0; 0; 0; 0; 0; 281; 326; 0; 0; 0; 0; 0; 0; 279; 0; 0; 0; 0; 34; 42; 41; 0; 0; 0; 0; 0; 169; 174; 122
1973;04; 36; 34; 32; 0; 0; 5; 46; 145; 631; 0; 22; 205; 0; 0; 0; 0; 0; 0; 27; 174; 0; 0; 0; 0; 0; 0; 0; 0; 0; 0; 9999
1973;05; 0; 0; 0; 0; 339; 14; 21; 0; 69; 19; 0; 0; 0; 0; 0; 0; 0; 0; 0; 0; 0; 257; 0; 71; 137; 0; 0; 0; 0; 0; 0
1973;06; 0; 0; 0; 0; 0; 0; 0; 0; 0; 0; 0; 0; 0; 0; 0; 0; 0; 0; 91; 0; 0; 0; 0; 0; 31; 0; 96; 40; 0; 0; 9999
1973;07; 0; 73; 115; 0; 0; 0; 0; 0; 0; 0; 0; 0; 0; 0; 0; 0; 0; 0; 0; 0; 0; 47; 0; 0; 0; 0; 0; 87; 0; 0; 0
1973;08; 0; 0; 0; 0; 0; 157; 0; 0; 0; 0; 0; 0; 0; 0; 0; 38; 0; 0; 0; 0; 0; 0; 0; 0; 0; 0; 0; 0; 0; 0; 0
1973;09; 0; 372; 67; 0; 0; 0; 0; 5; 0; 0; 0; 0; 0; 0; 0; 0; 0; 0; 0; 0; 0; 0; 0; 0; 0; 22; 0; 0; 0; 0; 9999
1973;10; 0; 0; 0; 0; 0; 0; 49; 0; 85; 0; 99; 222; 238; 0; 0; 0; 0; 0; 295; 0; 0; 0; 0; 0; 0; 0; 15; 0; 0; 0; 202
1973;11; 122; 123; 38; 0; 0; 0; 0; 0; 0; 0; 0; 0; 182; 92; 0; 0; 4; 208; 421; 0; 0; 0; 0; 0; 54; 0; 0; 0; 0; 0; 9999
1973;12; 0; 12; 0; 386; 102; 101; 190; 452; 141; 0; 0; 0; 0; 0; 0; 55; 39; 363; 5; 17; 11; 10; 0; 351; 53; 87; 4; 0; 0; 382; 286
1974;01; 369; 251; 0; 0; 173; 55; 9; 198; 20; 0; 15; 392; 192; 206; 87; 59; 122; 85; 0; 0; 0; 0; 0; 0; 26; 24; 161; 290; 124; 2; 3
1974;02; 62; 149; 8; 0; 0; 0; 0; 0; 0; 0; 0; 8; 361; 0; 355; 0; 176; 99; 5; 8; 0; 0; 0; 52; 34; 83; 0; 0; 9999; 9999; 9999
1974;03; 0; 0; 0; 0; 0; 0; 69; 0; 0; 0; 133; 86; 0; 75; 104; 33; 0; 371; 316; 243; 1077; 0; 0; 381; 92; 22; 4; 0; 0; 0; 0
1974;04; 0; 0; 0; 110; 0; 0; 0; 0; 0; 0; 0; 0; 0; 77; 0; 0; 0; 0; 0; 0; 0; 0; 0; 0; 36; 34; 22; 0; 0; 0; 9999
1974;05; 14; 0; 0; 0; 0; 0; 0; 0; 0; 0; 0; 0; 42; 5; 0; 0; 0; 0; 0; 2; 0; 0; 0; 0; 0; 0; 13; 0; 0; 0; 0
1974;06; 0; 0; 0; 38; 44; 0; 0; 0; 0; 6; 0; 56; 0; 0; 0; 0; 0; 0; 0; 0; 0; 150; 31; 0; 79; 20; 346; 0; 0; 0; 9999
1974;07; 0; 0; 0; 0; 0; 0; 0; 0; 0; 0; 0; 0; 0; 0; 0; 0; 0; 0; 0; 0; 0; 0; 0; 0; 0; 0; 0; 0; 0; 0; 0
1974;08; 0; 0; 0; 0; 0; 0; 0; 0; 0; 0; 0; 0; 19; 0; 14; 60; 0; 0; 0; 0; 0; 0; 0; 0; 0; 0; 0; 0; 0; 0; 0
1974;09; 0; 0; 0; 0; 0; 0; 0; 0; 0; 0; 0; 0; 0; 0; 0; 0; 0; 0; 0; 0; 236; 3; 0; 0; 0; 0; 0; 0; 212; 17; 9999
1974;10; 0; 18; 0; 0; 125; 0; 0; 2; 21; 5; 0; 0; 0; 0; 0; 0; 196; 0; 28; 12; 0; 5; 0; 0; 13; 236; 0; 0; 203; 205; 0
1974;11; 0; 0; 0; 0; 0; 6; 15; 0; 0; 0; 0; 0; 207; 0; 0; 0; 0; 0; 0; 0; 336; 84; 0; 0; 0; 0; 0; 329; 125; 10; 9999
1974;12; 0; 0; 0; 157; 59; 341; 0; 0; 0; 0; 0; 0; 0; 146; 19; 113; 123; 65; 234; 13; 148; 84; 375; 154; 0; 0; 266; 102; 30; 181; 6
1975;01; 182; 170; 0; 0; 0; 0; 0; 79; 0; 0; 32; 248; 98; 18; 13; 37; 0; 0; 0; 0; 0; 0; 0; 0; 0; 0; 68; 60; 16; 193; 25
1975;02; 123; 83; 337; 169; 120; 35; 49; 177; 0; 117; 0; 0; 0; 0; 0; 0; 0; 0; 0; 92; 0; 0; 478; 27; 0; 30; 0; 0; 9999; 9999; 9999
1975;03; 88; 0; 0; 0; 0; 0; 0; 0; 118; 0; 0; 0; 0; 0; 0; 0; 0; 0; 0; 0; 0; 444; 0; 0; 85; 0; 0; 0; 0; 0; 7
1975;04; 23; 0; 50; 0; 0; 0; 0; 0; 0; 158; 251; 15; 0; 0; 0; 249; 0; 0; 0; 0; 0; 0; 0; 0; 0; 0; 0; 0; 0; 0; 9999
1975;05; 0; 0; 0; 0; 0; 0; 173; 28; 0; 0; 0; 0; 0; 0; 0; 0; 0; 20; 0; 0; 0; 0; 0; 0; 0; 0; 0; 0; 0; 0; 0
1975;06; 0; 0; 0; 0; 0; 0; 0; 0; 0; 0; 0; 0; 0; 0; 0; 0; 0; 0; 0; 0; 0; 0; 0; 0; 0; 0; 0; 0; 0; 0; 9999
1975;07; 0; 0; 0; 156; 15; 0; 0; 0; 0; 0; 0; 0; 0; 0; 0; 0; 0; 23; 0; 0; 0; 0; 0; 0; 0; 0; 0; 0; 0; 0; 0
1975;08; 0; 0; 0; 0; 0; 0; 0; 0; 0; 0; 0; 0; 0; 0; 0; 0; 0; 0; 0; 0; 0; 0; 0; 0; 0; 0; 0; 0; 0; 0; 0
1975;09; 0; 0; 0; 0; 0; 0; 0; 0; 0; 0; 0; 0; 0; 0; 0; 0; 0; 0; 0; 0; 0; 0; 0; 0; 5; 0; 122; 187; 0; 27; 9999
1975;10; 322; 0; 314; 149; 0; 258; 0; 131; 34; 0; 0; 73; 0; 0; 32; 0; 0; 14; 189; 0; 0; 0; 0; 0; 0; 0; 0; 0; 0; 0; 315
1975;11; 0; 338; 0; 0; 0; 0; 224; 0; 0; 87; 9; 55; 0; 0; 0; 0; 95; 77; 87; 47; 639; 0; 0; 11; 947; 561; 82; 244; 24; 228; 9999
1975;12; 445; 87; 29; 6; 0; 0; 0; 0; 0; 0; 0; 17; 79; 482; 0; 0; 0; 62; 52; 0; 0; 0; 0; 220; 381; 299; 226; 200; 0; 72; 274
1976;01; 24; 0; 248; 108; 99; 0; 236; 294; 0; 0; 36; 454; 0; 0; 0; 40; 0; 0; 0; 203; 0; 0; 0; 0; 0; 0; 110; 609; 0; 362; 0
1976;02; 637; 67; 77; 4; 153; 9; 183; 473; 5; 0; 0; 0; 0; 0; 0; 69; 79; 109; 160; 68; 87; 250; 12; 33; 70; 151; 481; 336; 10; 9999; 9999
1976;03; 96; 105; 231; 3; 0; 0; 15; 0; 0; 30; 105; 192; 95; 320; 67; 7; 0; 612; 1102; 19; 0; 0; 0; 119; 105; 440; 187; 191; 0; 0; 0
1976;04; 0; 0; 0; 0; 0; 0; 0; 0; 0; 33; 25; 49; 5; 66; 80; 0; 0; 0; 0; 0; 0; 0; 0; 18; 0; 0; 0; 0; 0; 0; 9999
1976;05; 0; 0; 0; 0; 0; 0; 0; 0; 0; 0; 0; 0; 0; 0; 0; 0; 0; 0; 273; 305; 0; 0; 0; 0; 0; 0; 0; 0; 527; 0; 0
1976;06; 0; 0; 0; 0; 0; 577; 0; 0; 0; 0; 0; 0; 0; 17; 0; 0; 0; 0; 0; 0; 0; 0; 0; 0; 0; 0; 0; 0; 0; 0; 9999
1976;07; 0; 6; 530; 225; 0; 0; 0; 0; 31; 109; 0; 0; 0; 0; 0; 0; 0; 0; 0; 0; 0; 0; 0; 0; 0; 0; 0; 0; 0; 0; 0
1976;08; 0; 0; 0; 0; 0; 27; 0; 0; 0; 136; 11; 178; 353; 325; 5; 0; 0; 0; 0; 200; 5; 0; 0; 0; 0; 0; 0; 0; 0; 0; 0
1976;09; 0; 0; 0; 0; 14; 124; 67; 0; 0; 0; 0; 0; 221; 384; 19; 293; 0; 0; 0; 0; 0; 0; 12; 0; 0; 0; 193; 224; 0; 0; 9999
1976;10; 0; 0; 0; 0; 0; 52; 0; 0; 188; 330; 0; 0; 0; 0; 0; 0; 0; 2; 140; 31; 1; 0; 0; 0; 158; 3; 45; 0; 0; 0; 0
1976;11; 73; 0; 0; 0; 260; 145; 0; 0; 0; 0; 0; 0; 46; 0; 0; 0; 71; 0; 1; 131; 130; 212; 0; 0; 0; 0; 103; 0; 67; 0; 9999
1976;12; 0; 105; 0; 0; 122; 70; 0; 0; 137; 10; 0; 4; 0; 0; 0; 467; 247; 160; 0; 0; 71; 2; 0; 35; 0; 393; 147; 202; 15; 0; 0
1977;01; 0; 30; 74; 0; 240; 133; 126; 0; 0; 0; 30; 0; 0; 0; 375; 0; 298; 0; 249; 960; 0; 0; 43; 148; 64; 18; 348; 90; 408; 20; 91
1977;02; 218; 0; 0; 0; 0; 0; 0; 0; 0; 0; 3; 0; 0; 0; 0; 0; 0; 0; 0; 0; 0; 0; 0; 0; 0; 52; 0; 0; 9999; 9999; 9999
1977;03; 0; 0; 0; 19; 0; 0; 0; 0; 0; 0; 0; 0; 0; 0; 0; 0; 72; 0; 0; 0; 277; 412; 0; 28; 0; 0; 0; 0; 306; 10; 0
1977;04; 25; 0; 0; 257; 200; 0; 0; 0; 223; 503; 0; 0; 0; 0; 0; 0; 0; 0; 29; 241; 145; 160; 0; 0; 0; 0; 0; 0; 0; 0; 9999
1977;05; 0; 0; 65; 0; 0; 0; 0; 0; 0; 0; 0; 0; 0; 0; 0; 0; 0; 0; 0; 0; 0; 0; 0; 0; 0; 0; 0; 0; 0; 0; 0
1977;06; 0; 50; 0; 40; 219; 161; 0; 0; 0; 0; 0; 0; 0; 0; 23; 0; 0; 0; 0; 0; 0; 0; 0; 0; 110; 0; 0; 0; 0; 0; 9999
1977;07; 0; 0; 0; 0; 0; 0; 0; 0; 0; 0; 0; 0; 0; 0; 0; 0; 0; 13; 0; 0; 0; 0; 0; 0; 108; 0; 0; 0; 0; 0; 0
1977;08; 0; 0; 0; 0; 0; 0; 0; 0; 0; 0; 0; 0; 0; 0; 0; 0; 0; 0; 0; 0; 0; 0; 0; 0; 0; 0; 0; 0; 5; 202; 112
1977;09; 0; 216; 0; 0; 0; 0; 205; 96; 0; 0; 0; 0; 0; 0; 0; 0; 0; 0; 0; 0; 70; 0; 0; 350; 48; 0; 0; 0; 0; 0; 9999
1977;10; 0; 322; 0; 0; 0; 47; 0; 0; 0; 0; 0; 0; 16; 11; 0; 0; 0; 0; 246; 0; 0; 0; 0; 0; 0; 0; 9; 380; 54; 0; 0
1977;11; 0; 170; 0; 0; 0; 0; 0; 0; 0; 0; 13; 262; 47; 0; 223; 50; 729; 0; 20; 27; 0; 0; 0; 0; 15; 162; 0; 0; 14; 42; 9999
1977;12; 327; 98; 148; 215; 64; 12; 0; 142; 3; 23; 50; 0; 0; 0; 0; 0; 0; 0; 136; 197; 28; 134; 405; 131; 0; 0; 19; 0; 0; 0; 5
1978;01; 30; 105; 15; 6; 87; 16; 480; 133; 78; 485; 44; 353; 12; 5; 0; 447; 28; 0; 0; 0; 0; 0; 0; 0; 0; 0; 0; 250; 0; 0; 0
1978;02; 0; 0; 0; 0; 63; 0; 30; 0; 7; 0; 0; 0; 0; 740; 0; 110; 0; 9; 0; 17; 0; 305; 102; 0; 0; 0; 313; 33; 9999; 9999; 9999
1978;03; 0; 0; 118; 250; 44; 0; 122; 344; 16; 25; 0; 0; 0; 0; 0; 0; 0; 0; 0; 0; 0; 0; 0; 32; 0; 0; 0; 0; 46; 22; 19
1978;04; 0; 0; 29; 6; 0; 0; 0; 0; 0; 0; 0; 0; 0; 0; 0; 0; 0; 0; 0; 0; 7; 0; 19; 25; 0; 0; 0; 0; 0; 0; 9999
1978;05; 12; 0; 0; 0; 0; 0; 0; 0; 0; 0; 0; 0; 0; 0; 0; 0; 143; 55; 178; 0; 139; 5; 149; 0; 0; 0; 0; 0; 3; 120; 10
1978;06; 58; 0; 0; 0; 0; 0; 0; 0; 309; 0; 0; 0; 0; 0; 0; 0; 0; 0; 0; 0; 0; 0; 27; 0; 0; 0; 0; 0; 0; 0; 9999
1978;07; 0; 0; 0; 0; 0; 0; 0; 0; 0; 0; 0; 0; 0; 0; 0; 360; 0; 79; 0; 0; 174; 114; 0; 5; 0; 0; 0; 0; 0; 0; 0
1978;08; 0; 0; 0; 0; 0; 0; 0; 0; 0; 0; 0; 0; 0; 12; 4; 0; 0; 0; 0; 0; 0; 0; 0; 0; 0; 0; 0; 0; 0; 0; 0
1978;09; 0; 0; 23; 0; 0; 116; 0; 38; 0; 0; 0; 0; 0; 0; 0; 0; 66; 16; 0; 0; 0; 0; 8; 0; 0; 0; 0; 0; 0; 0; 9999
1978;10; 0; 0; 0; 0; 0; 0; 0; 0; 0; 0; 9; 0; 0; 38; 20; 51; 169; 0; 340; 140; 0; 0; 0; 0; 0; 0; 0; 87; 0; 170; 3
1978;11; 35; 0; 0; 53; 127; 167; 0; 0; 0; 61; 380; 528; 9; 0; 0; 0; 127; 0; 0; 0; 0; 0; 39; 690; 0; 0; 0; 440; 0; 0; 9999
1978;12; 0; 0; 8; 0; 0; 14; 43; 134; 400; 154; 0; 0; 0; 0; 258; 0; 53; 0; 0; 0; 0; 0; 0; 46; 0; 0; 207; 301; 48; 0; 30
1979;01; 0; 607; 7; 0; 0; 0; 0; 0; 0; 0; 0; 36; 0; 0; 0; 0; 0; 0; 0; 0; 360; 31; 0; 0; 0; 525; 0; 585; 80; 9999; 9999
1979;02; 242; 0; 0; 0; 0; 0; 0; 0; 0; 0; 42; 19; 838; 274; 122; 0; 0; 173; 103; 0; 0; 76; 38; 9999; 9999; 9999; 17; 46; 9999; 9999; 9999
1979;03; 0; 52; 159; 0; 0; 0; 0; 0; 0; 0; 0; 40; 381; 103; 206; 0; 0; 0; 0; 489; 0; 0; 20; 0; 23; 0; 0; 0; 0; 0; 0
1979;04; 0; 0; 0; 241; 80; 0; 76; 5; 0; 0; 0; 0; 0; 0; 0; 0; 0; 0; 0; 0; 0; 0; 0; 0; 0; 0; 0; 0; 43; 360; 9999
1979;05; 14; 0; 0; 281; 0; 0; 16; 204; 0; 0; 0; 0; 0; 0; 0; 0; 0; 0; 0; 0; 0; 0; 0; 35; 0; 0; 0; 0; 0; 246; 0
1979;06; 0; 0; 0; 0; 0; 0; 0; 0; 0; 0; 0; 0; 0; 0; 0; 0; 0; 0; 0; 0; 0; 0; 0; 0; 0; 0; 0; 0; 0; 0; 9999
1979;07; 0; 0; 0; 0; 0; 0; 0; 0; 0; 0; 0; 0; 0; 0; 0; 0; 0; 0; 0; 154; 0; 0; 0; 0; 0; 0; 15; 0; 0; 0; 0
1979;08; 0; 0; 0; 0; 0; 0; 0; 0; 0; 0; 0; 0; 31; 0; 2; 9999; 9999; 9; 75; 24; 0; 0; 0; 0; 0; 0; 130; 0; 0; 5; 0
1979;09; 0; 0; 458; 0; 31; 0; 0; 0; 0; 0; 44; 76; 0; 219; 259; 278; 15; 30; 0; 0; 0; 0; 186; 0; 0; 0; 0; 0; 0; 0; 9999
1979;10; 100; 0; 0; 0; 0; 41; 0; 136; 232; 0; 0; 178; 167; 112; 42; 4; 0; 0; 0; 0; 0; 0; 0; 0; 0; 0; 30; 37; 0; 0; 96
1979;11; 88; 930; 188; 4; 0; 0; 0; 0; 100; 42; 82; 0; 0; 0; 31; 0; 0; 0; 123; 0; 0; 0; 0; 0; 70; 130; 0; 0; 0; 0; 9999
1979;12; 0; 0; 570; 160; 98; 0; 0; 0; 0; 0; 11; 260; 0; 0; 246; 209; 0; 0; 0; 5; 0; 80; 51; 252; 145; 197; 275; 0; 0; 0; 50
1980;01; 0; 0; 0; 0; 0; 0; 0; 110; 0; 98; 22; 624; 0; 0; 0; 15; 7; 544; 51; 0; 10; 38; 189; 0; 301; 260; 157; 0; 0; 0; 0
1980;02; 698; 386; 0; 0; 0; 0; 0; 0; 108; 0; 34; 0; 149; 213; 0; 4; 0; 1211; 146; 20; 0; 0; 184; 271; 100; 55; 143; 224; 1; 9999; 9999
1980;03; 0; 0; 0; 0; 0; 0; 0; 0; 0; 72; 3; 55; 9; 140; 2; 350; 0; 0; 1; 0; 0; 0; 0; 0; 0; 0; 0; 0; 0; 0; 0
1980;04; 0; 395; 270; 252; 334; 0; 0; 41; 5; 51; 22; 24; 1; 3; 35; 49; 0; 0; 0; 0; 0; 0; 0; 0; 0; 0; 0; 0; 0; 0; 9999
1980;05; 0; 8; 3; 1; 0; 0; 0; 0; 0; 0; 0; 0; 0; 20; 0; 0; 0; 0; 0; 0; 0; 0; 9; 0; 0; 0; 4; 0; 0; 0; 0
1980;06; 0; 18; 0; 0; 0; 0; 0; 0; 0; 0; 0; 0; 0; 66; 0; 2; 0; 0; 0; 0; 0; 39; 0; 0; 0; 512; 213; 3; 0; 0; 9999
1980;07; 0; 0; 0; 0; 0; 0; 0; 0; 0; 2; 0; 0; 0; 0; 0; 0; 0; 0; 0; 0; 0; 0; 0; 0; 0; 0; 0; 0; 0; 0; 0
1980;08; 0; 0; 0; 0; 0; 0; 8; 0; 0; 0; 0; 0; 0; 0; 0; 1; 0; 0; 35; 0; 0; 0; 0; 0; 0; 132; 43; 1; 0; 0; 0
1980;09; 0; 0; 0; 0; 0; 0; 0; 0; 0; 0; 0; 140; 187; 0; 0; 1; 2; 29; 92; 1; 255; 118; 2; 0; 0; 0; 0; 15; 39; 0; 9999
1980;10; 0; 0; 0; 0; 0; 0; 0; 138; 461; 0; 0; 475; 2; 0; 0; 0; 0; 0; 0; 0; 0; 0; 0; 0; 0; 0; 0; 0; 0; 0; 44
1980;11; 0; 0; 0; 0; 0; 0; 0; 199; 15; 278; 5; 5; 0; 0; 0; 0; 0; 0; 0; 449; 0; 0; 32; 178; 66; 0; 0; 0; 35; 248; 9999
1980;12; 378; 358; 77; 182; 61; 50; 0; 128; 0; 55; 0; 82; 52; 357; 0; 0; 0; 0; 0; 0; 0; 362; 0; 41; 61; 103; 98; 0; 17; 106; 0
1981;01; 0; 0; 2; 36; 173; 2; 349; 8; 13; 49; 293; 156; 271; 44; 444; 134; 39; 339; 0; 0; 196; 463; 11; 0; 97; 87; 0; 45; 0; 0; 0
1981;02; 0; 0; 29; 0; 0; 7; 532; 0; 11; 539; 16; 6; 12; 0; 23; 0; 0; 0; 0; 163; 18; 4; 0; 0; 0; 112; 0; 0; 9999; 9999; 9999
1981;03; 0; 0; 29; 0; 58; 61; 24; 0; 186; 0; 0; 39; 0; 0; 0; 6; 0; 96; 0; 0; 0; 0; 0; 0; 0; 4; 0; 62; 92; 136; 0
1981;04; 0; 0; 0; 0; 0; 0; 0; 0; 0; 0; 0; 0; 0; 0; 0; 184; 0; 0; 0; 0; 0; 0; 0; 3; 8; 0; 0; 278; 0; 2; 9999
1981;05; 0; 0; 0; 0; 43; 0; 0; 0; 0; 0; 0; 0; 0; 0; 0; 0; 0; 0; 0; 0; 0; 0; 0; 0; 0; 0; 0; 0; 84; 0; 0
1981;06; 0; 0; 0; 0; 0; 0; 576; 12; 0; 0; 0; 0; 0; 0; 0; 148; 211; 25; 10; 0; 0; 0; 0; 0; 0; 0; 0; 0; 0; 0; 9999
1981;07; 0; 0; 8; 0; 0; 0; 0; 0; 0; 0; 0; 0; 0; 0; 0; 0; 0; 0; 0; 0; 0; 0; 0; 0; 1; 8; 0; 0; 0; 0; 0
1981;08; 0; 0; 0; 0; 0; 0; 0; 0; 0; 0; 0; 4; 0; 0; 0; 0; 0; 38; 13; 0; 0; 0; 0; 0; 0; 0; 0; 0; 0; 0; 0
1981;09; 0; 0; 0; 0; 0; 0; 0; 0; 0; 0; 0; 0; 0; 0; 0; 0; 0; 0; 0; 0; 0; 0; 4; 8; 0; 53; 0; 0; 0; 0; 9999
1981;10; 0; 0; 18; 58; 15; 2; 118; 0; 0; 0; 91; 0; 183; 0; 0; 390; 0; 0; 0; 909; 0; 0; 0; 0; 51; 0; 238; 1; 1; 7; 34
1981;11; 0; 0; 5; 129; 175; 0; 0; 243; 579; 246; 3; 0; 0; 65; 278; 0; 609; 9; 6; 246; 67; 0; 0; 0; 0; 0; 0; 0; 33; 10; 9999
1981;12; 277; 344; 12; 1; 64; 24; 50; 386; 374; 533; 0; 16; 405; 77; 0; 0; 46; 251; 1; 0; 0; 0; 0; 0; 0; 0; 0; 8; 0; 0; 0
1982;01; 29; 257; 13; 0; 0; 0; 0; 0; 91; 163; 62; 431; 43; 9; 0; 0; 0; 0; 0; 0; 3; 21; 291; 211; 0; 0; 0; 34; 181; 23; 0
1982;02; 0; 55; 127; 0; 215; 334; 359; 229; 0; 0; 0; 0; 0; 0; 0; 0; 0; 0; 0; 0; 0; 0; 18; 309; 7; 0; 26; 132; 9999; 9999; 9999
1982;03; 168; 144; 1; 0; 0; 0; 0; 0; 283; 186; 383; 151; 183; 350; 1; 93; 2; 6; 73; 53; 22; 455; 67; 0; 32; 0; 0; 0; 0; 11; 169
1982;04; 0; 0; 0; 0; 0; 0; 0; 0; 0; 0; 0; 4; 0; 3; 162; 1; 0; 0; 0; 0; 0; 0; 0; 0; 0; 0; 0; 0; 0; 0; 9999
1982;05; 0; 0; 0; 0; 0; 0; 0; 0; 0; 0; 0; 0; 0; 0; 0; 0; 0; 0; 38; 7; 0; 0; 0; 0; 154; 49; 0; 2; 2; 0; 57
1982;06; 0; 0; 0; 0; 61; 76; 0; 0; 0; 0; 0; 51; 123; 0; 0; 0; 140; 11; 0; 0; 2; 2; 0; 0; 16; 0; 22; 0; 16; 95; 9999
1982;07; 29; 2; 0; 0; 0; 0; 0; 0; 0; 0; 0; 0; 13; 39; 0; 1; 0; 0; 121; 0; 0; 0; 0; 0; 0; 0; 0; 0; 0; 65; 0
1982;08; 0; 0; 0; 0; 0; 37; 0; 0; 0; 8; 107; 0; 0; 0; 0; 0; 0; 0; 20; 0; 0; 0; 0; 0; 61; 0; 9; 0; 54; 0; 0
1982;09; 0; 0; 0; 0; 0; 3; 0; 0; 0; 0; 0; 0; 0; 0; 0; 0; 0; 0; 0; 0; 0; 0; 33; 0; 0; 0; 0; 44; 0; 0; 9999
1982;10; 0; 200; 360; 0; 0; 79; 105; 177; 171; 0; 463; 0; 203; 394; 0; 0; 0; 29; 140; 0; 25; 17; 52; 0; 7; 0; 0; 59; 0; 58; 9
1982;11; 0; 0; 0; 0; 0; 0; 21; 109; 0; 0; 54; 169; 0; 0; 0; 79; 12; 0; 27; 299; 25; 328; 0; 10; 25; 127; 83; 0; 43; 0; 9999
1982;12; 18; 15; 22; 0; 0; 15; 163; 103; 0; 0; 19; 53; 210; 9; 0; 90; 437; 41; 159; 0; 404; 0; 143; 333; 0; 0; 32; 49; 114; 33; 381
1983;01; 0; 0; 239; 0; 78; 463; 24; 0; 232; 7; 0; 0; 229; 224; 169; 77; 71; 127; 211; 53; 93; 0; 8; 13; 0; 0; 0; 0; 0; 0; 351
1983;02; 103; 281; 330; 13; 0; 0; 0; 266; 71; 27; 135; 0; 15; 0; 0; 0; 0; 0; 288; 0; 0; 0; 9; 0; 551; 49; 22; 273; 9999; 9999; 9999
1983;03; 0; 55; 0; 748; 0; 490; 409; 473; 0; 0; 0; 0; 24; 0; 0; 0; 0; 0; 314; 102; 112; 11; 13; 0; 0; 0; 31; 103; 0; 0; 0
1983;04; 0; 177; 0; 0; 0; 10; 362; 0; 0; 0; 55; 24; 6; 0; 0; 0; 0; 0; 0; 0; 113; 60; 0; 0; 331; 267; 36; 79; 0; 0; 9999
1983;05; 0; 0; 0; 0; 0; 0; 0; 0; 156; 0; 0; 0; 16; 10; 0; 0; 0; 0; 0; 290; 12; 0; 118; 86; 13; 0; 0; 0; 259; 104; 658
1983;06; 20; 174; 35; 78; 76; 12; 113; 3; 2; 323; 0; 0; 0; 0; 0; 0; 0; 0; 0; 0; 0; 0; 0; 0; 0; 0; 0; 0; 30; 0; 9999
1983;07; 0; 0; 0; 0; 0; 0; 0; 0; 0; 0; 0; 0; 0; 0; 0; 0; 0; 258; 38; 154; 285; 0; 0; 0; 0; 0; 0; 0; 0; 0; 0
1983;08; 0; 0; 0; 0; 0; 0; 0; 0; 0; 0; 0; 0; 0; 0; 0; 0; 0; 0; 0; 0; 0; 0; 0; 0; 0; 0; 0; 0; 0; 0; 0
1983;09; 0; 0; 9; 0; 48; 184; 226; 121; 15; 0; 0; 22; 84; 0; 0; 251; 7; 119; 500; 11; 0; 0; 7; 526; 9; 0; 0; 0; 0; 0; 9999
1983;10; 0; 0; 0; 77; 0; 0; 0; 0; 0; 0; 0; 238; 102; 62; 110; 0; 0; 318; 62; 0; 0; 48; 512; 258; 0; 0; 0; 0; 0; 0; 0
1983;11; 23; 74; 172; 0; 103; 0; 0; 0; 0; 0; 61; 364; 104; 0; 34; 20; 0; 0; 0; 69; 142; 118; 0; 0; 0; 0; 0; 0; 0; 84; 9999
1983;12; 0; 7; 0; 0; 0; 0; 60; 46; 0; 133; 158; 110; 2; 629; 518; 13; 0; 0; 0; 85; 221; 123; 571; 319; 98; 38; 16; 300; 15; 15; 10
1984;01; 7; 0; 68; 5; 3; 1; 0; 0; 0; 0; 0; 0; 0; 0; 0; 0; 0; 0; 0; 73; 115; 247; 51; 365; 236; 13; 337; 153; 0; 0; 108
1984;02; 0; 0; 0; 37; 0; 0; 37; 0; 23; 0; 0; 0; 0; 0; 0; 0; 0; 0; 0; 0; 35; 0; 0; 0; 83; 0; 0; 0; 0; 9999; 9999
1984;03; 0; 17; 0; 0; 0; 0; 118; 11; 414; 0; 0; 0; 0; 0; 0; 0; 0; 0; 0; 47; 0; 62; 0; 0; 0; 0; 55; 0; 0; 0; 0
1984;04; 0; 0; 0; 0; 22; 0; 0; 174; 0; 0; 0; 0; 0; 0; 0; 6; 190; 0; 0; 18; 54; 0; 0; 0; 0; 0; 0; 438; 146; 8; 9999
1984;05; 48; 22; 25; 0; 5; 0; 0; 0; 0; 0; 0; 0; 0; 164; 67; 0; 0; 166; 0; 0; 0; 0; 0; 0; 0; 0; 0; 0; 0; 0; 0
1984;06; 0; 0; 0; 0; 0; 0; 0; 0; 0; 0; 0; 0; 0; 0; 0; 0; 0; 0; 0; 0; 0; 0; 0; 0; 0; 0; 0; 0; 0; 0; 9999
1984;07; 0; 0; 0; 0; 0; 0; 0; 0; 0; 0; 0; 0; 0; 0; 0; 0; 0; 0; 0; 0; 0; 0; 0; 0; 0; 0; 0; 0; 0; 0; 0
1984;08; 0; 0; 241; 182; 0; 0; 0; 0; 0; 0; 0; 0; 0; 0; 0; 0; 0; 0; 0; 234; 69; 8; 96; 11; 29; 0; 0; 0; 0; 0; 0
1984;09; 0; 0; 0; 0; 0; 0; 35; 0; 124; 0; 0; 0; 0; 0; 0; 0; 39; 0; 0; 0; 109; 0; 0; 0; 6; 0; 330; 0; 0; 0; 9999
1984;10; 0; 0; 0; 0; 0; 0; 0; 0; 0; 28; 0; 0; 0; 0; 0; 0; 0; 33; 29; 0; 0; 0; 0; 0; 136; 3; 0; 0; 0; 0; 0
1984;11; 0; 0; 0; 0; 0; 5; 0; 0; 0; 3; 0; 365; 16; 0; 0; 0; 381; 12; 0; 0; 95; 35; 2; 0; 251; 175; 7; 15; 0; 0; 9999
1984;12; 135; 397; 12; 0; 0; 60; 38; 67; 0; 2; 15; 0; 26; 109; 398; 0; 2; 655; 0; 0; 0; 0; 0; 0; 45; 0; 0; 0; 85; 64; 319
1985;01; 51; 0; 0; 0; 0; 0; 320; 323; 518; 0; 0; 0; 0; 0; 0; 0; 127; 196; 45; 233; 247; 10; 336; 395; 210; 65; 95; 0; 0; 0; 17
1985;02; 21; 73; 0; 0; 0; 0; 0; 0; 44; 305; 35; 20; 49; 235; 185; 170; 0; 42; 0; 0; 0; 36; 177; 0; 0; 60; 0; 200; 9999; 9999; 9999
1985;03; 202; 49; 66; 0; 0; 41; 0; 20; 0; 0; 308; 28; 0; 0; 0; 533; 100; 170; 113; 0; 0; 0; 0; 0; 0; 0; 0; 0; 0; 0; 0
1985;04; 25; 0; 0; 441; 0; 0; 28; 9; 485; 0; 0; 137; 0; 0; 0; 0; 195; 572; 0; 0; 0; 0; 0; 0; 0; 25; 83; 0; 0; 0; 9999
1985;05; 33; 0; 0; 0; 0; 0; 0; 0; 0; 6; 0; 0; 0; 0; 0; 0; 0; 0; 0; 0; 0; 311; 0; 0; 0; 0; 0; 0; 0; 0; 0
1985;06; 0; 0; 47; 168; 0; 0; 0; 0; 0; 14; 0; 0; 0; 0; 0; 0; 0; 0; 0; 0; 0; 0; 0; 0; 0; 0; 0; 0; 0; 0; 9999
1985;07; 0; 0; 0; 0; 0; 0; 0; 0; 0; 0; 0; 0; 0; 0; 0; 0; 0; 0; 0; 0; 0; 0; 0; 0; 0; 0; 0; 0; 0; 0; 0
1985;08; 0; 0; 0; 0; 0; 0; 0; 0; 0; 0; 0; 0; 0; 0; 0; 0; 0; 0; 0; 0; 0; 0; 95; 0; 0; 0; 0; 0; 0; 0; 6
1985;09; 60; 2; 0; 24; 8; 0; 37; 0; 0; 0; 0; 0; 0; 0; 0; 0; 0; 0; 0; 0; 0; 0; 0; 40; 0; 0; 0; 0; 0; 33; 9999
1985;10; 0; 0; 0; 0; 0; 0; 0; 30; 0; 50; 0; 0; 0; 0; 0; 0; 7; 0; 0; 0; 0; 0; 0; 0; 78; 0; 140; 346; 0; 21; 0
1985;11; 112; 181; 650; 245; 3; 0; 0; 0; 0; 0; 0; 0; 0; 0; 0; 0; 0; 0; 0; 100; 16; 17; 0; 0; 63; 6; 0; 0; 61; 0; 9999
1985;12; 0; 80; 0; 340; 0; 0; 0; 0; 0; 0; 0; 0; 0; 21; 0; 35; 133; 24; 0; 0; 40; 62; 0; 61; 24; 30; 381; 365; 0; 0; 0
1986;01; 0; 0; 10; 0; 0; 25; 0; 0; 0; 98; 0; 447; 270; 0; 0; 45; 5; 0; 0; 0; 0; 48; 70; 244; 0; 85; 480; 0; 0; 0; 0
1986;02; 0; 108; 10; 0; 27; 0; 0; 176; 0; 323; 305; 0; 190; 0; 106; 130; 0; 168; 751; 0; 31; 25; 0; 0; 169; 181; 65; 10; 9999; 9999; 9999
1986;03; 106; 28; 0; 300; 205; 0; 44; 50; 0; 245; 0; 0; 0; 0; 0; 0; 68; 0; 106; 0; 0; 0; 0; 0; 0; 0; 0; 0; 0; 331; 0
1986;04; 0; 0; 0; 0; 0; 0; 0; 136; 0; 0; 0; 0; 0; 0; 890; 160; 0; 0; 0; 0; 0; 0; 35; 0; 0; 0; 0; 0; 0; 0; 9999
1986;05; 0; 0; 0; 0; 0; 0; 3; 67; 67; 9; 0; 0; 55; 40; 0; 0; 0; 0; 410; 0; 95; 0; 0; 0; 0; 0; 0; 0; 0; 0; 82
1986;06; 0; 0; 0; 0; 0; 0; 0; 0; 0; 0; 0; 0; 0; 0; 0; 0; 0; 0; 0; 0; 0; 0; 0; 0; 0; 0; 0; 0; 0; 0; 9999
1986;07; 0; 0; 0; 0; 0; 12; 0; 0; 0; 0; 0; 0; 0; 0; 0; 0; 0; 0; 0; 0; 0; 0; 266; 28; 0; 0; 0; 0; 0; 0; 0
1986;08; 6; 0; 0; 0; 0; 0; 0; 0; 0; 0; 0; 0; 4; 0; 0; 112; 9; 0; 0; 0; 45; 453; 54; 55; 144; 6; 0; 0; 0; 0; 0
1986;09; 0; 0; 0; 0; 0; 0; 0; 0; 0; 0; 0; 0; 0; 0; 0; 0; 0; 0; 0; 0; 0; 0; 0; 0; 0; 24; 0; 0; 111; 0; 9999
1986;10; 0; 0; 0; 0; 0; 0; 0; 17; 0; 0; 22; 0; 0; 0; 0; 0; 0; 0; 11; 35; 115; 695; 0; 0; 0; 0; 0; 56; 0; 0; 0
1986;11; 0; 11; 0; 25; 0; 148; 30; 0; 0; 75; 420; 171; 0; 0; 0; 0; 0; 0; 0; 0; 0; 0; 0; 0; 76; 5; 84; 0; 0; 454; 9999
1986;12; 10; 665; 150; 0; 8; 0; 68; 64; 272; 321; 0; 0; 0; 0; 68; 237; 115; 0; 0; 0; 36; 0; 304; 188; 150; 337; 192; 17; 88; 16; 56
1987;01; 0; 0; 150; 93; 89; 0; 0; 0; 0; 26; 0; 10; 0; 0; 0; 0; 0; 340; 0; 0; 0; 91; 260; 100; 154; 147; 205; 370; 111; 0; 266
1987;02; 196; 3; 63; 220; 25; 0; 13; 0; 0; 50; 0; 6; 56; 257; 0; 83; 0; 120; 0; 7; 0; 0; 0; 0; 0; 66; 0; 5; 9999; 9999; 9999
1987;03; 19; 0; 0; 0; 0; 0; 0; 0; 197; 473; 0; 0; 0; 0; 0; 181; 0; 150; 240; 21; 0; 0; 0; 0; 0; 0; 0; 0; 0; 24; 0
1987;04; 0; 7; 0; 168; 545; 8; 0; 0; 0; 0; 80; 0; 0; 0; 0; 0; 0; 0; 0; 0; 62; 56; 7; 0; 0; 0; 0; 0; 0; 10; 9999
1987;05; 0; 0; 0; 0; 51; 37; 0; 0; 289; 0; 0; 386; 0; 0; 0; 170; 0; 0; 15; 418; 0; 150; 0; 0; 102; 0; 0; 0; 46; 0; 0
1987;06; 0; 0; 0; 0; 0; 0; 0; 3; 0; 0; 0; 0; 0; 0; 0; 52; 0; 0; 0; 0; 0; 0; 139; 38; 0; 0; 0; 0; 0; 0; 9999
1987;07; 0; 0; 0; 0; 0; 0; 0; 0; 85; 0; 0; 0; 0; 0; 0; 0; 0; 0; 0; 0; 0; 0; 0; 0; 0; 0; 0; 0; 0; 42; 0
1987;08; 0; 0; 0; 0; 0; 2; 39; 0; 0; 0; 0; 0; 0; 0; 0; 0; 0; 0; 0; 0; 0; 0; 0; 0; 0; 0; 0; 0; 0; 0; 0
1987;09; 0; 0; 0; 0; 0; 0; 9; 12; 0; 0; 166; 13; 0; 0; 0; 0; 0; 0; 269; 0; 24; 67; 208; 6; 0; 0; 0; 156; 0; 0; 9999
1987;10; 0; 93; 0; 0; 0; 343; 0; 0; 0; 0; 0; 0; 0; 0; 20; 0; 0; 0; 0; 8; 36; 0; 0; 26; 0; 33; 0; 0; 69; 296; 0
1987;11; 0; 0; 0; 0; 0; 247; 15; 0; 0; 0; 0; 61; 0; 259; 327; 732; 251; 0; 0; 174; 0; 157; 0; 0; 129; 139; 0; 0; 0; 0; 9999
1987;12; 0; 0; 0; 37; 153; 126; 28; 0; 0; 100; 58; 0; 0; 0; 0; 0; 0; 153; 274; 0; 316; 0; 0; 0; 0; 0; 0; 0; 7; 52; 145
1988;01; 182; 0; 0; 0; 167; 175; 82; 262; 200; 256; 23; 0; 0; 28; 0; 0; 0; 58; 0; 0; 0; 127; 0; 0; 28; 0; 0; 0; 81; 28; 138
1988;02; 37; 109; 0; 0; 63; 277; 0; 227; 123; 69; 406; 0; 0; 159; 377; 74; 168; 91; 327; 130; 92; 0; 29; 0; 0; 57; 183; 0; 57; 9999; 9999
1988;03; 82; 179; 419; 160; 185; 89; 0; 14; 0; 55; 21; 0; 0; 0; 0; 0; 109; 218; 390; 0; 0; 0; 0; 0; 0; 0; 0; 0; 0; 0; 0
1988;04; 0; 0; 26; 0; 0; 0; 0; 81; 86; 0; 0; 24; 45; 286; 0; 0; 57; 0; 7; 43; 20; 0; 196; 0; 0; 0; 0; 182; 0; 0; 9999
1988;05; 0; 0; 0; 0; 89; 41; 0; 0; 0; 0; 0; 0; 36; 0; 72; 0; 2; 187; 0; 0; 0; 21; 0; 0; 10; 0; 0; 0; 0; 0; 252
1988;06; 0; 0; 0; 186; 0; 0; 0; 0; 0; 0; 0; 0; 0; 0; 115; 0; 0; 0; 0; 0; 0; 0; 0; 0; 0; 0; 0; 0; 0; 0; 9999
1988;07; 0; 0; 0; 0; 0; 0; 0; 0; 0; 0; 0; 0; 0; 0; 0; 0; 0; 0; 0; 0; 0; 0; 0; 0; 0; 0; 0; 0; 0; 0; 0
1988;08; 0; 0; 0; 0; 0; 0; 0; 0; 0; 0; 0; 0; 0; 0; 0; 0; 0; 0; 0; 0; 0; 0; 0; 0; 0; 0; 0; 0; 0; 0; 0
1988;09; 0; 0; 0; 0; 0; 0; 0; 0; 0; 0; 0; 0; 0; 0; 37; 0; 14; 89; 0; 0; 0; 0; 0; 0; 0; 0; 0; 4; 0; 0; 9999
1988;10; 0; 0; 0; 0; 81; 12; 0; 0; 0; 0; 0; 608; 228; 111; 0; 0; 0; 0; 9; 165; 64; 0; 180; 36; 0; 364; 74; 0; 0; 0; 13
1988;11; 81; 0; 0; 0; 0; 195; 0; 0; 0; 0; 0; 0; 0; 108; 2; 0; 0; 0; 0; 341; 15; 0; 18; 0; 0; 0; 463; 0; 0; 0; 9999
1988;12; 0; 0; 0; 0; 0; 0; 0; 0; 0; 0; 0; 511; 13; 253; 0; 0; 0; 0; 0; 16; 376; 113; 0; 280; 132; 34; 18; 0; 0; 53; 11
1989;01; 0; 15; 16; 55; 39; 503; 137; 400; 250; 44; 5; 50; 53; 0; 541; 156; 0; 28; 12; 0; 0; 23; 0; 0; 47; 0; 0; 10; 0; 0; 0
1989;02; 0; 0; 64; 124; 286; 0; 0; 30; 818; 24; 424; 187; 0; 0; 102; 0; 559; 22; 736; 0; 33; 0; 95; 0; 8; 205; 0; 0; 9999; 9999; 9999
1989;03; 0; 0; 0; 3; 54; 0; 0; 0; 0; 0; 0; 0; 0; 267; 649; 540; 0; 89; 0; 0; 0; 0; 0; 0; 0; 163; 40; 28; 76; 0; 0
1989;04; 0; 0; 84; 0; 0; 0; 0; 0; 0; 0; 0; 522; 0; 0; 0; 0; 0; 0; 18; 0; 0; 0; 0; 0; 0; 0; 0; 0; 0; 19; 9999
1989;05; 0; 0; 0; 12; 111; 17; 0; 0; 0; 0; 0; 0; 0; 0; 0; 0; 0; 0; 0; 0; 0; 0; 0; 0; 0; 0; 0; 0; 0; 0; 0
1989;06; 0; 0; 0; 0; 0; 0; 0; 60; 0; 0; 40; 3; 0; 0; 0; 0; 0; 0; 0; 0; 0; 0; 0; 0; 28; 0; 0; 0; 10; 0; 9999
1989;07; 0; 0; 0; 0; 0; 0; 0; 0; 0; 0; 0; 0; 0; 0; 0; 0; 0; 0; 0; 0; 0; 0; 0; 0; 0; 0; 0; 136; 182; 0; 369
1989;08; 0; 0; 0; 0; 0; 0; 0; 0; 0; 0; 0; 0; 0; 0; 0; 0; 0; 0; 0; 0; 0; 54; 24; 0; 0; 229; 0; 70; 0; 0; 0
1989;09; 5; 55; 0; 0; 0; 0; 87; 0; 200; 0; 116; 0; 35; 164; 128; 0; 0; 0; 0; 0; 0; 0; 0; 0; 0; 0; 137; 0; 0; 0; 9999
1989;10; 0; 0; 0; 139; 36; 0; 0; 0; 0; 0; 0; 20; 0; 0; 0; 0; 0; 0; 0; 0; 0; 0; 0; 0; 0; 0; 439; 0; 0; 0; 0
1989;11; 65; 0; 0; 0; 0; 0; 0; 0; 0; 245; 0; 0; 252; 0; 0; 0; 0; 152; 108; 62; 44; 168; 71; 12; 50; 0; 0; 539; 5; 596; 9999
1989;12; 0; 0; 0; 0; 0; 0; 0; 0; 0; 0; 180; 140; 443; 363; 7; 66; 0; 0; 0; 0; 0; 0; 0; 0; 0; 0; 170; 237; 78; 144; 322
1990;01; 248; 399; 320; 562; 172; 0; 35; 0; 130; 0; 128; 17; 1011; 0; 0; 36; 0; 0; 0; 0; 0; 0; 47; 0; 0; 0; 15; 11; 0; 0; 0
1990;02; 0; 0; 0; 0; 0; 30; 0; 0; 27; 0; 39; 0; 14; 487; 18; 0; 0; 0; 0; 0; 0; 0; 79; 0; 465; 493; 0; 252; 9999; 9999; 9999
1990;03; 52; 0; 0; 95; 0; 0; 0; 30; 210; 0; 0; 0; 0; 0; 0; 0; 0; 0; 314; 247; 4; 162; 422; 172; 11; 0; 40; 5; 0; 0; 0
1990;04; 0; 0; 0; 0; 0; 0; 0; 121; 156; 10; 0; 0; 0; 0; 0; 0; 86; 139; 0; 188; 0; 0; 0; 0; 0; 0; 0; 0; 0; 0; 9999
1990;05; 93; 314; 1; 0; 0; 0; 0; 0; 0; 0; 93; 15; 0; 0; 0; 55; 0; 98; 0; 0; 0; 0; 0; 0; 0; 0; 0; 0; 0; 0; 0
1990;06; 0; 0; 0; 0; 0; 0; 0; 0; 0; 0; 0; 0; 0; 0; 18; 0; 0; 0; 0; 0; 17; 0; 0; 0; 0; 0; 0; 1; 0; 0; 9999
1990;07; 0; 0; 0; 0; 0; 63; 0; 0; 0; 16; 59; 0; 0; 3; 0; 0; 106; 0; 0; 0; 0; 0; 0; 0; 0; 0; 0; 7; 0; 0; 0
1990;08; 0; 0; 0; 0; 0; 0; 0; 0; 0; 0; 0; 0; 0; 0; 0; 0; 88; 57; 45; 272; 115; 0; 0; 0; 0; 0; 0; 107; 0; 0; 0
1990;09; 0; 97; 0; 0; 0; 0; 0; 18; 0; 0; 0; 0; 20; 116; 0; 0; 0; 0; 0; 0; 0; 0; 0; 43; 0; 0; 0; 0; 0; 0; 9999
1990;10; 91; 43; 0; 9; 12; 0; 0; 0; 0; 0; 0; 0; 226; 0; 0; 0; 78; 112; 164; 383; 0; 0; 0; 0; 0; 0; 0; 0; 0; 0; 0
1990;11; 3; 45; 0; 0; 142; 0; 42; 14; 30; 0; 0; 0; 0; 0; 0; 0; 158; 309; 129; 0; 88; 12; 0; 28; 0; 0; 8; 264; 0; 0; 9999
1990;12; 0; 0; 0; 0; 18; 20; 0; 415; 0; 0; 0; 231; 48; 0; 25; 89; 0; 0; 0; 38; 0; 0; 0; 0; 13; 485; 0; 0; 0; 0; 0
1991;01; 0; 0; 31; 86; 208; 0; 0; 0; 0; 57; 28; 0; 0; 33; 374; 264; 8; 0; 0; 0; 124; 0; 0; 0; 0; 169; 422; 20; 97; 60; 0
1991;02; 0; 69; 0; 0; 66; 24; 78; 86; 214; 200; 265; 0; 49; 218; 0; 83; 0; 0; 0; 0; 0; 0; 0; 0; 0; 0; 0; 0; 9999; 9999; 9999
1991;03; 54; 232; 0; 402; 24; 10; 134; 120; 0; 0; 0; 210; 148; 331; 7; 0; 0; 0; 0; 0; 0; 57; 0; 0; 0; 150; 214; 488; 288; 280; 508
1991;04; 253; 0; 0; 0; 0; 0; 0; 109; 0; 0; 0; 0; 0; 0; 202; 428; 0; 0; 132; 15; 0; 0; 0; 0; 506; 507; 202; 0; 0; 0; 9999
1991;05; 0; 0; 0; 0; 0; 0; 0; 94; 0; 0; 0; 0; 0; 0; 33; 0; 0; 0; 0; 0; 0; 0; 152; 0; 0; 0; 0; 0; 0; 0; 0
1991;06; 0; 0; 0; 0; 0; 0; 0; 0; 0; 0; 0; 0; 0; 0; 0; 0; 0; 0; 0; 0; 0; 13; 0; 0; 0; 0; 0; 0; 0; 0; 9999
1991;07; 0; 107; 0; 0; 0; 0; 0; 0; 0; 0; 0; 125; 0; 25; 0; 18; 0; 0; 0; 0; 0; 0; 0; 0; 0; 0; 0; 0; 0; 0; 0
1991;08; 9999; 9999; 9999; 9999; 9999; 9999; 9999; 9999; 9999; 9999; 9999; 9999; 9999; 9999; 9999; 9999; 9999; 9999; 9999; 9999; 9999; 9999; 9999; 9999; 9999; 9999; 9999; 9999; 9999; 9999; 9999
1991;09; 0; 20; 0; 0; 0; 0; 0; 0; 0; 0; 0; 0; 0; 0; 0; 0; 0; 0; 0; 107; 0; 0; 0; 0; 0; 8; 0; 0; 263; 59; 9999
1991;10; 225; 0; 111; 0; 0; 82; 439; 0; 0; 0; 0; 0; 0; 0; 0; 0; 0; 41; 0; 0; 0; 0; 0; 0; 0; 0; 0; 0; 0; 0; 0
1991;11; 295; 0; 18; 0; 0; 0; 0; 0; 380; 56; 0; 0; 0; 0; 0; 0; 0; 0; 0; 0; 0; 0; 0; 0; 0; 0; 0; 0; 0; 254; 9999
1991;12; 0; 0; 0; 0; 0; 575; 136; 132; 118; 160; 162; 138; 88; 0; 0; 116; 206; 104; 74; 194; 0; 0; 15; 0; 0; 0; 245; 36; 0; 0; 161
1992;01; 0; 0; 0; 65; 0; 0; 0; 0; 0; 0; 0; 0; 18; 94; 26; 0; 0; 276; 0; 0; 0; 570; 241; 0; 0; 0; 0; 0; 24; 170; 165
1992;02; 0; 0; 161; 83; 115; 36; 344; 46; 0; 0; 0; 0; 0; 0; 0; 0; 0; 0; 0; 0; 0; 0; 0; 0; 181; 527; 0; 153; 38; 9999; 9999
1992;03; 0; 212; 0; 0; 135; 208; 0; 0; 0; 5; 8; 0; 0; 0; 0; 35; 117; 249; 0; 143; 4; 0; 0; 0; 48; 238; 59; 71; 0; 57; 38
1992;04; 363; 0; 0; 0; 0; 0; 0; 0; 0; 0; 0; 0; 18; 199; 0; 0; 0; 0; 0; 108; 0; 239; 0; 0; 0; 0; 0; 0; 0; 12; 9999
1992;05; 0; 177; 0; 359; 0; 0; 0; 0; 0; 0; 0; 2; 0; 6; 0; 0; 0; 0; 31; 57; 0; 0; 212; 0; 0; 0; 0; 0; 0; 0; 0
1992;06; 0; 0; 0; 0; 0; 0; 0; 0; 0; 0; 0; 0; 0; 0; 0; 0; 0; 0; 0; 0; 0; 0; 0; 0; 0; 0; 0; 0; 15; 0; 9999
1992;07; 0; 0; 0; 0; 0; 0; 0; 43; 337; 0; 0; 0; 0; 0; 0; 0; 0; 0; 0; 0; 0; 0; 0; 0; 0; 0; 0; 0; 0; 0; 0
1992;08; 0; 0; 0; 0; 0; 0; 0; 0; 0; 0; 0; 0; 48; 0; 0; 0; 0; 0; 15; 0; 0; 31; 0; 237; 0; 0; 0; 0; 0; 0; 0
1992;09; 0; 0; 0; 0; 63; 50; 98; 0; 0; 0; 0; 39; 31; 0; 91; 238; 0; 221; 166; 0; 0; 0; 0; 17; 57; 142; 5; 12; 0; 0; 9999
1992;10; 0; 283; 176; 0; 0; 0; 26; 0; 99; 0; 396; 0; 184; 0; 0; 0; 119; 0; 0; 0; 0; 0; 0; 0; 15; 0; 23; 109; 720; 363; 279
1992;11; 0; 327; 0; 0; 207; 31; 136; 136; 20; 41; 0; 0; 0; 121; 0; 0; 248; 0; 0; 0; 0; 48; 19; 0; 416; 392; 0; 0; 0; 0; 9999
1992;12; 15; 200; 0; 0; 0; 0; 0; 0; 0; 0; 185; 416; 0; 0; 0; 0; 0; 0; 0; 0; 66; 0; 0; 0; 11; 0; 0; 0; 0; 0; 0
1993;01; 0; 0; 0; 0; 0; 0; 411; 74; 84; 125; 152; 225; 144; 32; 0; 0; 0; 140; 15; 164; 18; 0; 0; 40; 38; 37; 62; 0; 0; 0; 77
1993;02; 0; 0; 44; 53; 310; 0; 0; 583; 289; 130; 1; 322; 520; 181; 216; 566; 14; 0; 0; 63; 0; 128; 378; 0; 259; 0; 0; 196; 9999; 9999; 9999
1993;03; 0; 31; 45; 0; 19; 135; 0; 0; 0; 0; 0; 0; 0; 0; 0; 0; 0; 0; 163; 9; 0; 102; 79; 98; 103; 14; 0; 682; 12; 0; 113
1993;04; 10; 118; 0; 0; 0; 0; 0; 0; 354; 0; 0; 9; 0; 0; 0; 0; 0; 0; 0; 0; 0; 0; 47; 188; 0; 0; 0; 0; 0; 0; 9999
1993;05; 0; 0; 64; 218; 0; 190; 0; 0; 0; 0; 0; 0; 0; 0; 75; 0; 0; 0; 0; 0; 0; 0; 0; 0; 0; 0; 0; 0; 0; 0; 225
1993;06; 74; 0; 0; 0; 0; 195; 0; 0; 0; 0; 22; 0; 0; 0; 0; 0; 0; 0; 80; 0; 0; 0; 0; 0; 0; 0; 0; 0; 0; 0; 9999
1993;07; 0; 0; 0; 0; 0; 0; 0; 0; 0; 0; 0; 0; 0; 0; 0; 45; 0; 0; 0; 0; 0; 0; 0; 0; 0; 0; 0; 0; 0; 0; 0
1993;08; 0; 9; 0; 0; 0; 0; 0; 0; 0; 0; 9; 0; 0; 0; 0; 18; 0; 0; 0; 19; 0; 0; 0; 98; 120; 0; 0; 0; 0; 0; 0
1993;09; 0; 0; 0; 0; 0; 0; 0; 33; 10; 0; 0; 28; 0; 0; 49; 196; 18; 0; 0; 0; 35; 249; 0; 145; 106; 0; 112; 48; 0; 0; 9999
1993;10; 0; 0; 0; 0; 52; 31; 0; 0; 0; 0; 0; 0; 0; 0; 0; 114; 220; 0; 0; 93; 85; 0; 150; 0; 50; 6; 162; 0; 0; 0; 0
1993;11; 0; 0; 0; 0; 0; 0; 0; 285; 141; 5; 6; 0; 0; 0; 0; 0; 0; 0; 7; 0; 0; 0; 59; 0; 28; 97; 135; 0; 0; 0; 9999
1993;12; 0; 25; 0; 290; 17; 0; 9; 0; 17; 0; 178; 106; 0; 0; 0; 220; 15; 123; 0; 105; 70; 0; 0; 0; 80; 95; 0; 0; 653; 51; 6
1994;01; 0; 43; 0; 53; 0; 0; 0; 0; 0; 267; 0; 0; 73; 66; 0; 21; 0; 0; 100; 425; 0; 152; 108; 319; 0; 75; 82; 53; 0; 0; 0
1994;02; 0; 0; 0; 0; 0; 58; 0; 0; 0; 271; 0; 5; 43; 129; 110; 0; 0; 0; 0; 141; 0; 0; 0; 0; 0; 453; 0; 0; 9999; 9999; 9999
1994;03; 0; 411; 27; 0; 0; 0; 62; 52; 0; 0; 0; 109; 0; 0; 0; 0; 0; 0; 0; 109; 15; 28; 0; 0; 0; 10; 277; 0; 0; 0; 0
1994;04; 124; 0; 0; 0; 0; 0; 11; 0; 0; 0; 0; 0; 0; 0; 18; 0; 0; 8; 0; 0; 0; 100; 0; 0; 0; 0; 300; 0; 0; 0; 9999
1994;05; 0; 0; 0; 0; 0; 0; 0; 0; 0; 0; 0; 0; 130; 66; 615; 20; 0; 0; 0; 0; 0; 0; 0; 0; 0; 0; 0; 89; 0; 0; 0
1994;06; 0; 0; 0; 0; 25; 0; 0; 0; 0; 0; 0; 0; 0; 0; 0; 0; 0; 0; 0; 0; 0; 0; 123; 0; 92; 0; 0; 0; 0; 0; 9999
1994;07; 0; 0; 0; 0; 0; 0; 0; 0; 64; 0; 0; 0; 0; 0; 0; 0; 0; 0; 0; 0; 0; 0; 137; 29; 0; 0; 0; 0; 0; 0; 0
1994;08; 0; 0; 0; 0; 0; 0; 0; 0; 0; 0; 0; 0; 0; 0; 0; 0; 0; 0; 0; 0; 0; 0; 0; 0; 0; 0; 0; 0; 0; 0; 0
1994;09; 0; 0; 0; 0; 0; 0; 0; 0; 0; 0; 0; 0; 0; 0; 0; 0; 0; 0; 0; 0; 0; 0; 0; 0; 0; 0; 0; 0; 0; 0; 9999
1994;10; 0; 0; 0; 0; 0; 0; 149; 0; 0; 0; 0; 0; 0; 68; 0; 0; 15; 0; 0; 0; 7; 245; 54; 52; 157; 0; 188; 163; 0; 0; 0
1994;11; 0; 0; 12; 0; 20; 0; 0; 0; 0; 126; 0; 0; 184; 38; 0; 253; 0; 0; 56; 2; 0; 0; 0; 0; 0; 0; 0; 145; 285; 120; 9999
1994;12; 0; 0; 155; 0; 0; 185; 16; 84; 0; 0; 0; 100; 0; 0; 0; 0; 111; 141; 141; 0; 0; 398; 730; 31; 0; 15; 180; 0; 0; 0; 41
1995;01; 233; 118; 177; 341; 145; 208; 0; 0; 112; 6; 21; 0; 0; 150; 0; 0; 0; 0; 0; 0; 77; 0; 108; 0; 0; 0; 409; 180; 333; 10; 2
1995;02; 6; 23; 493; 1190; 305; 56; 903; 280; 308; 10; 0; 173; 0; 365; 268; 303; 187; 0; 286; 326; 141; 0; 0; 0; 0; 0; 0; 0; 9999; 9999; 9999
1995;03; 0; 40; 0; 97; 32; 0; 0; 0; 12; 0; 69; 0; 0; 156; 46; 0; 0; 0; 0; 15; 2; 0; 2; 14; 330; 32; 0; 0; 0; 0; 183
1995;04; 790; 0; 0; 0; 0; 0; 0; 0; 6; 5; 0; 0; 0; 0; 0; 0; 0; 0; 0; 63; 32; 0; 0; 0; 0; 0; 0; 0; 0; 0; 9999
1995;05; 0; 0; 0; 0; 0; 26; 27; 53; 0; 0; 191; 0; 0; 0; 0; 0; 36; 140; 0; 0; 0; 0; 0; 0; 0; 0; 0; 0; 0; 0; 0
1995;06; 0; 0; 0; 0; 0; 0; 0; 0; 0; 0; 0; 0; 0; 0; 0; 0; 0; 41; 4; 0; 0; 0; 0; 0; 0; 75; 0; 0; 0; 0; 9999
1995;07; 0; 0; 0; 0; 0; 0; 0; 0; 69; 51; 92; 0; 0; 0; 0; 0; 0; 0; 0; 0; 0; 7; 0; 0; 0; 0; 0; 0; 0; 0; 0
1995;08; 0; 0; 0; 0; 0; 1; 0; 0; 0; 0; 0; 0; 0; 0; 0; 0; 0; 0; 0; 0; 0; 0; 0; 0; 0; 0; 0; 0; 0; 0; 0
1995;09; 0; 0; 0; 0; 0; 0; 0; 0; 0; 0; 0; 0; 0; 0; 0; 0; 0; 0; 60; 0; 0; 0; 0; 0; 34; 0; 31; 26; 0; 32; 9999
1995;10; 117; 0; 0; 0; 0; 15; 0; 472; 0; 0; 0; 0; 0; 635; 137; 29; 349; 293; 197; 0; 265; 66; 0; 0; 0; 0; 0; 0; 0; 310; 0
1995;11; 0; 31; 220; 141; 0; 0; 0; 36; 0; 0; 0; 51; 22; 4; 3; 38; 0; 0; 0; 0; 0; 0; 0; 156; 203; 0; 0; 10; 0; 0; 9999
1995;12; 0; 0; 0; 0; 0; 0; 0; 108; 0; 0; 0; 155; 521; 300; 0; 0; 0; 550; 162; 0; 0; 67; 0; 79; 0; 169; 26; 173; 0; 104; 43
1996;01; 0; 108; 270; 290; 1; 0; 350; 82; 176; 36; 0; 142; 11; 0; 0; 0; 0; 0; 27; 210; 138; 25; 0; 0; 0; 0; 0; 0; 237; 0; 0
1996;02; 0; 0; 96; 27; 0; 8; 27; 51; 0; 309; 0; 290; 0; 0; 117; 0; 0; 0; 8; 254; 0; 269; 0; 56; 4; 0; 14; 51; 109; 9999; 9999
1996;03; 0; 0; 0; 337; 0; 40; 0; 352; 160; 55; 0; 195; 27; 42; 10; 20; 40; 67; 0; 87; 0; 0; 0; 266; 0; 0; 0; 142; 294; 0; 0
1996;04; 0; 0; 0; 0; 0; 0; 0; 0; 0; 0; 3; 51; 0; 0; 0; 69; 206; 97; 0; 0; 0; 0; 0; 0; 0; 0; 0; 0; 0; 0; 9999
1996;05; 0; 0; 0; 0; 0; 0; 0; 0; 0; 130; 100; 0; 0; 0; 1; 186; 53; 33; 0; 0; 0; 49; 147; 0; 0; 0; 0; 0; 0; 0; 0
1996;06; 0; 0; 0; 0; 0; 0; 0; 0; 0; 0; 0; 0; 0; 0; 0; 0; 0; 0; 0; 0; 0; 0; 0; 0; 0; 0; 0; 31; 15; 0; 9999
1996;07; 0; 0; 0; 0; 0; 0; 0; 0; 0; 0; 0; 0; 0; 0; 0; 0; 0; 0; 0; 0; 0; 0; 0; 0; 0; 0; 0; 0; 0; 0; 0
1996;08; 0; 0; 0; 0; 0; 0; 0; 0; 0; 0; 48; 0; 8; 0; 39; 0; 0; 0; 0; 0; 0; 0; 0; 0; 0; 0; 0; 0; 0; 0; 0
1996;09; 0; 40; 0; 375; 27; 197; 14; 0; 61; 203; 400; 20; 0; 0; 0; 0; 154; 0; 0; 0; 0; 0; 0; 0; 7; 0; 0; 0; 0; 166; 9999
1996;10; 0; 0; 532; 160; 0; 0; 3; 0; 0; 0; 515; 0; 0; 88; 0; 0; 0; 0; 0; 0; 126; 0; 0; 16; 0; 436; 0; 185; 0; 0; 0
1996;11; 58; 0; 135; 51; 0; 0; 0; 0; 0; 0; 0; 0; 0; 7; 18; 0; 69; 159; 0; 545; 1021; 843; 15; 0; 0; 0; 0; 0; 0; 0; 9999
1996;12; 2; 0; 1; 95; 5; 55; 36; 63; 0; 117; 7; 283; 205; 24; 0; 0; 345; 149; 0; 0; 152; 358; 392; 518; 0; 0; 0; 13; 349; 154; 61
1997;01; 0; 76; 208; 0; 6; 84; 0; 0; 71; 0; 129; 180; 0; 15; 479; 1; 31; 0; 61; 4; 95; 5; 115; 136; 222; 55; 154; 276; 159; 6; 0
1997;02; 83; 149; 93; 5; 0; 0; 0; 0; 0; 2; 0; 0; 71; 3; 1; 311; 21; 418; 109; 81; 0; 0; 0; 13; 3; 1; 0; 0; 9999; 9999; 9999
1997;03; 0; 6; 18; 378; 47; 5; 0; 261; 58; 139; 0; 0; 0; 0; 0; 25; 103; 0; 0; 0; 0; 0; 0; 0; 0; 0; 0; 0; 0; 0; 0
1997;04; 261; 0; 0; 0; 0; 0; 0; 0; 0; 0; 0; 0; 0; 0; 0; 0; 0; 85; 0; 0; 14; 0; 0; 6; 0; 0; 0; 0; 0; 0; 9999
1997;05; 0; 0; 0; 0; 0; 0; 0; 0; 0; 0; 0; 0; 0; 0; 0; 39; 3; 0; 0; 0; 0; 0; 100; 0; 482; 0; 0; 0; 277; 0; 0
1997;06; 0; 0; 0; 106; 354; 483; 0; 0; 0; 0; 0; 104; 12; 0; 195; 472; 0; 0; 0; 0; 183; 0; 0; 0; 0; 0; 0; 0; 0; 0; 9999
1997;07; 0; 0; 0; 0; 0; 0; 0; 0; 0; 0; 0; 0; 0; 0; 0; 0; 0; 0; 0; 0; 0; 297; 0; 0; 0; 0; 0; 0; 0; 0; 0
1997;08; 0; 0; 0; 0; 0; 0; 0; 0; 0; 0; 0; 0; 0; 0; 0; 0; 0; 0; 0; 0; 0; 0; 0; 0; 0; 0; 0; 0; 0; 0; 0
1997;09; 0; 0; 0; 0; 0; 0; 0; 0; 0; 0; 0; 0; 0; 97; 71; 0; 0; 0; 0; 0; 133; 0; 0; 0; 12; 10; 0; 0; 0; 0; 9999
1997;10; 0; 25; 0; 0; 0; 0; 150; 0; 0; 0; 0; 0; 0; 0; 0; 12; 156; 0; 0; 150; 51; 275; 0; 0; 0; 46; 218; 0; 0; 0; 0
1997;11; 31; 27; 0; 0; 10; 406; 100; 28; 0; 0; 0; 65; 0; 88; 1013; 36; 119; 107; 202; 0; 0; 363; 0; 0; 118; 94; 42; 271; 84; 0; 9999
1997;12; 0; 172; 5; 45; 31; 0; 182; 386; 527; 0; 0; 3; 54; 174; 143; 15; 0; 0; 26; 0; 242; 13; 145; 0; 258; 23; 0; 0; 420; 0; 43
