33
Ano,Mes,1,2,3,4,5,6,7,8,9,10,11,12,13,14,15,16,17,18,19,20,21,22,23,24,25,26,27,28,29,30,31
1971;02; 0; 0; 0; 0; 0; 6; 157; 0; 23; 0; 194; 263; 0; 19; 0; 172; 0; 0; 0; 119; 90; 54; 0; 0; 31; 49; 667; 2; 9999; 9999; 9999
1971;03; 0; 0; 0; 0; 0; 215; 86; 0; 0; 174; 160; 100; 94; 0; 0; 0; 10; 136; 26; 0; 0; 29; 0; 0; 51; 35; 40; 313; 13; 41; 0
1971;04; 123; 0; 0; 0; 0; 0; 0; 0; 110; 66; 13; 0; 0; 11; 0; 0; 10; 4; 0; 0; 127; 105; 89; 4; 0; 0; 0; 0; 0; 0; 9999
1971;05; 0; 0; 44; 14; 15; 0; 25; 0; 0; 0; 0; 0; 0; 0; 0; 0; 0; 0; 0; 0; 0; 0; 0; 0; 0; 46; 57; 0; 0; 0; 0
1971;06; 0; 0; 0; 0; 0; 0; 0; 0; 0; 0; 0; 241; 210; 32; 3; 361; 256; 23; 220; 14; 0; 0; 0; 0; 0; 0; 0; 0; 0; 0; 9999
1971;07; 0; 0; 0; 0; 41; 0; 0; 0; 0; 0; 0; 0; 0; 0; 0; 0; 0; 0; 0; 0; 0; 0; 0; 0; 0; 0; 0; 0; 0; 307; 13
1971;08; 0; 0; 0; 15; 0; 0; 0; 0; 0; 0; 0; 0; 0; 0; 0; 0; 0; 0; 0; 0; 0; 0; 0; 0; 0; 0; 0; 0; 0; 0; 0
1971;09; 0; 0; 12; 0; 0; 0; 44; 0; 231; 0; 0; 216; 0; 0; 0; 0; 0; 0; 0; 0; 0; 0; 0; 0; 202; 0; 10; 0; 0; 0; 9999
1971;10; 379; 9; 260; 0; 24; 21; 206; 115; 0; 0; 429; 258; 7; 0; 62; 0; 0; 0; 0; 0; 0; 0; 0; 0; 51; 149; 0; 0; 430; 0; 0
1971;11; 5; 665; 21; 113; 0; 0; 0; 0; 0; 0; 0; 0; 18; 0; 0; 0; 0; 0; 7; 0; 0; 0; 19; 4; 1; 0; 0; 133; 110; 18; 9999
1971;12; 142; 0; 11; 635; 62; 0; 0; 143; 161; 65; 17; 59; 2; 92; 395; 0; 0; 0; 27; 5; 0; 5; 145; 211; 111; 125; 616; 58; 0; 107; 0
1972;01; 0; 132; 57; 131; 0; 0; 7; 167; 0; 120; 26; 0; 0; 0; 0; 0; 0; 0; 15; 20; 19; 154; 210; 452; 45; 422; 203; 2; 120; 158; 14
1972;02; 182; 0; 223; 2; 18; 105; 252; 128; 0; 14; 406; 5; 1; 16; 14; 25; 39; 3; 271; 189; 61; 70; 395; 203; 159; 247; 79; 349; 0; 9999; 9999
1972;03; 14; 0; 33; 0; 0; 0; 0; 0; 76; 0; 0; 75; 0; 0; 0; 0; 0; 0; 0; 0; 22; 29; 0; 0; 0; 1508; 316; 133; 0; 0; 0
1972;04; 209; 2; 115; 211; 0; 0; 0; 121; 0; 0; 0; 0; 0; 48; 0; 150; 0; 0; 0; 0; 0; 0; 0; 0; 0; 0; 0; 8; 0; 0; 9999
1972;05; 0; 0; 9; 0; 0; 0; 0; 0; 0; 0; 33; 0; 0; 0; 0; 0; 0; 0; 0; 0; 0; 0; 55; 131; 312; 0; 0; 0; 0; 0; 0
1972;06; 0; 0; 0; 0; 0; 0; 0; 0; 0; 0; 0; 0; 0; 0; 0; 0; 0; 0; 0; 0; 0; 0; 0; 0; 0; 0; 0; 0; 0; 0; 9999
1972;07; 0; 0; 0; 0; 0; 0; 0; 0; 0; 43; 80; 102; 0; 0; 0; 53; 0; 0; 0; 0; 0; 0; 0; 0; 0; 0; 0; 0; 0; 0; 0
1972;08; 0; 0; 0; 80; 201; 0; 160; 0; 0; 0; 0; 0; 0; 0; 0; 0; 0; 0; 0; 0; 0; 0; 0; 0; 0; 0; 0; 0; 0; 0; 0
1972;09; 0; 0; 0; 0; 0; 112; 0; 0; 0; 0; 0; 34; 0; 0; 31; 0; 0; 0; 0; 0; 0; 0; 0; 0; 72; 150; 126; 146; 0; 0; 9999
1972;10; 0; 0; 21; 70; 331; 275; 0; 0; 0; 179; 693; 17; 0; 0; 274; 0; 0; 0; 0; 0; 0; 0; 0; 0; 0; 0; 0; 0; 0; 0; 0
1972;11; 241; 430; 272; 113; 27; 0; 0; 0; 210; 0; 39; 6; 65; 236; 70; 290; 34; 101; 0; 291; 0; 41; 0; 0; 0; 0; 260; 88; 0; 0; 9999
1972;12; 369; 0; 0; 42; 0; 32; 0; 0; 0; 0; 0; 57; 0; 0; 0; 0; 0; 0; 0; 0; 0; 81; 236; 0; 14; 106; 511; 116; 1; 39; 0
1973;01; 0; 0; 75; 0; 0; 6; 0; 0; 3; 0; 0; 0; 51; 0; 97; 300; 193; 285; 0; 0; 56; 0; 51; 32; 197; 31; 150; 25; 0; 5; 325
1973;02; 35; 9; 130; 171; 62; 324; 0; 0; 0; 0; 0; 166; 1; 72; 75; 248; 0; 32; 129; 35; 0; 0; 0; 31; 0; 49; 0; 0; 9999; 9999; 9999
1973;03; 0; 0; 0; 167; 0; 0; 0; 52; 337; 0; 0; 0; 0; 0; 0; 24; 337; 0; 0; 0; 25; 12; 76; 0; 169; 0; 0; 0; 212; 35; 290
1973;04; 41; 7; 0; 0; 0; 0; 263; 105; 51; 7; 12; 126; 53; 0; 0; 0; 0; 108; 126; 231; 0; 0; 30; 33; 0; 0; 0; 0; 0; 0; 9999
1973;05; 0; 0; 0; 0; 82; 0; 0; 0; 89; 2; 148; 0; 0; 0; 0; 0; 0; 0; 0; 0; 129; 0; 0; 13; 2; 0; 0; 0; 0; 0; 0
1973;06; 0; 0; 0; 0; 0; 0; 0; 0; 0; 0; 0; 0; 0; 0; 0; 0; 0; 0; 0; 60; 0; 0; 0; 0; 0; 5; 44; 13; 6; 0; 9999
1973;07; 0; 0; 0; 0; 0; 0; 0; 0; 0; 0; 0; 0; 0; 0; 0; 0; 0; 0; 185; 0; 0; 24; 0; 0; 0; 0; 0; 95; 35; 0; 0
1973;08; 0; 0; 0; 0; 0; 18; 0; 0; 0; 0; 0; 0; 0; 0; 0; 52; 0; 0; 0; 0; 0; 0; 0; 0; 0; 0; 0; 0; 0; 0; 0
1973;09; 0; 473; 102; 0; 0; 0; 7; 0; 0; 0; 0; 0; 0; 0; 0; 0; 0; 0; 0; 0; 0; 6; 0; 0; 0; 48; 0; 0; 0; 0; 9999
1973;10; 0; 0; 0; 0; 0; 0; 160; 0; 74; 75; 10; 133; 63; 0; 0; 0; 0; 0; 335; 0; 0; 0; 0; 61; 0; 10; 0; 150; 0; 0; 142
1973;11; 262; 188; 40; 0; 0; 0; 0; 0; 0; 7; 6; 292; 48; 206; 0; 0; 20; 470; 308; 2; 0; 0; 145; 0; 0; 0; 0; 0; 0; 0; 9999
1973;12; 350; 0; 0; 680; 157; 75; 68; 301; 17; 0; 0; 0; 0; 238; 13; 33; 86; 479; 160; 52; 600; 33; 0; 93; 165; 55; 0; 259; 133; 238; 343
1974;01; 973; 104; 0; 45; 0; 54; 300; 293; 0; 16; 234; 180; 510; 182; 110; 151; 50; 0; 0; 0; 0; 22; 0; 210; 40; 321; 230; 179; 75; 354; 5
1974;02; 0; 26; 85; 0; 0; 0; 0; 0; 0; 0; 32; 0; 238; 0; 0; 14; 5; 26; 0; 50; 10; 0; 0; 37; 12; 17; 0; 0; 9999; 9999; 9999
1974;03; 0; 0; 0; 0; 32; 12; 89; 2; 0; 44; 200; 532; 21; 400; 160; 11; 50; 349; 455; 232; 15; 0; 25; 31; 105; 93; 0; 0; 0; 0; 0
1974;04; 0; 0; 0; 0; 0; 0; 101; 0; 0; 0; 50; 7; 41; 501; 0; 0; 0; 0; 0; 0; 0; 0; 0; 0; 12; 30; 0; 0; 0; 0; 9999
1974;05; 0; 0; 0; 0; 0; 0; 0; 0; 0; 0; 0; 0; 44; 19; 0; 0; 0; 0; 0; 0; 0; 0; 0; 0; 0; 0; 0; 10; 0; 0; 0
1974;06; 0; 0; 0; 37; 60; 0; 0; 0; 0; 0; 0; 0; 35; 0; 0; 0; 0; 0; 0; 0; 0; 380; 5; 0; 33; 0; 254; 0; 0; 0; 9999
1974;07; 0; 0; 0; 0; 0; 0; 0; 0; 0; 0; 0; 0; 0; 0; 0; 0; 0; 0; 0; 0; 0; 0; 0; 0; 0; 0; 0; 0; 0; 0; 0
1974;08; 0; 0; 0; 0; 0; 0; 0; 0; 0; 0; 0; 0; 24; 0; 0; 0; 0; 0; 0; 0; 0; 0; 0; 0; 0; 0; 0; 0; 0; 0; 0
1974;09; 0; 6; 5; 0; 0; 0; 0; 0; 0; 0; 0; 0; 0; 0; 0; 0; 0; 0; 0; 11; 79; 0; 0; 0; 0; 0; 0; 0; 0; 0; 9999
1974;10; 0; 0; 0; 0; 165; 0; 0; 0; 34; 0; 0; 0; 0; 0; 0; 0; 241; 0; 34; 14; 0; 0; 0; 0; 85; 125; 132; 7; 67; 437; 19
1974;11; 0; 0; 0; 0; 0; 0; 0; 0; 0; 0; 0; 0; 251; 37; 0; 0; 0; 0; 0; 0; 26; 21; 0; 0; 0; 0; 0; 169; 105; 177; 9999
1974;12; 232; 0; 59; 524; 251; 271; 0; 0; 0; 0; 0; 0; 3; 29; 325; 201; 260; 287; 879; 246; 57; 201; 157; 264; 756; 0; 37; 20; 115; 255; 16
1975;01; 19; 201; 0; 0; 127; 0; 2; 59; 0; 4; 9; 101; 84; 0; 65; 0; 158; 0; 31; 0; 65; 0; 0; 4; 0; 61; 0; 5; 210; 45; 0
1975;02; 265; 11; 310; 219; 0; 655; 293; 283; 19; 82; 0; 0; 0; 55; 68; 0; 0; 0; 0; 11; 0; 1; 270; 127; 2; 137; 13; 33; 9999; 9999; 9999
1975;03; 33; 0; 0; 0; 0; 0; 0; 0; 5; 145; 0; 25; 0; 0; 0; 0; 27; 3; 0; 0; 0; 0; 0; 410; 1; 0; 0; 0; 0; 0; 290
1975;04; 0; 0; 277; 0; 0; 0; 0; 0; 0; 582; 237; 0; 0; 0; 0; 368; 0; 0; 0; 0; 0; 0; 0; 0; 0; 0; 0; 0; 0; 0; 9999
1975;05; 0; 0; 0; 0; 0; 0; 0; 67; 0; 0; 0; 0; 0; 0; 0; 0; 0; 0; 0; 0; 0; 0; 0; 0; 0; 0; 0; 0; 0; 0; 0
1975;06; 0; 0; 0; 0; 0; 0; 0; 0; 0; 0; 0; 0; 0; 0; 0; 0; 0; 0; 0; 0; 0; 0; 0; 0; 0; 0; 0; 0; 0; 67; 9999
1975;07; 0; 0; 0; 157; 0; 20; 0; 0; 0; 0; 0; 0; 0; 0; 0; 0; 0; 29; 0; 0; 0; 0; 0; 0; 0; 0; 0; 0; 0; 0; 0
1975;08; 0; 0; 0; 0; 0; 0; 0; 0; 0; 0; 0; 0; 0; 0; 0; 0; 0; 0; 0; 0; 0; 0; 0; 0; 0; 0; 0; 0; 0; 0; 0
1975;09; 0; 0; 0; 0; 0; 0; 0; 0; 0; 0; 0; 0; 0; 0; 0; 0; 0; 0; 0; 0; 0; 0; 0; 61; 0; 0; 99; 0; 0; 82; 9999
1975;10; 0; 82; 54; 0; 0; 0; 0; 0; 63; 0; 0; 206; 0; 50; 58; 0; 0; 53; 0; 240; 0; 0; 0; 0; 0; 0; 0; 0; 0; 0; 90
1975;11; 44; 38; 0; 0; 0; 331; 0; 0; 0; 293; 0; 420; 0; 0; 0; 0; 411; 0; 23; 40; 582; 0; 338; 33; 531; 482; 31; 64; 10; 255; 9999
1975;12; 90; 89; 0; 29; 0; 0; 0; 0; 0; 0; 0; 0; 0; 0; 56; 0; 0; 77; 0; 0; 0; 0; 0; 47; 55; 29; 71; 208; 0; 0; 24
1976;01; 0; 64; 107; 408; 46; 0; 0; 0; 0; 103; 35; 0; 5; 0; 103; 0; 0; 0; 55; 0; 55; 87; 668; 0; 0; 226; 74; 0; 0; 0; 48
1976;02; 89; 246; 134; 43; 243; 654; 571; 40; 0; 0; 0; 0; 0; 0; 0; 184; 256; 180; 213; 57; 175; 84; 76; 166; 39; 13; 66; 162; 56; 9999; 9999
1976;03; 186; 68; 68; 0; 0; 0; 20; 0; 0; 0; 0; 14; 8; 46; 45; 9; 0; 0; 200; 323; 0; 70; 13; 80; 484; 65; 43; 295; 0; 0; 0
1976;04; 0; 0; 0; 0; 0; 0; 0; 0; 0; 171; 126; 198; 489; 40; 14; 0; 0; 0; 0; 0; 16; 136; 0; 0; 0; 0; 0; 0; 0; 0; 9999
1976;05; 0; 0; 0; 0; 0; 210; 0; 0; 15; 0; 0; 0; 0; 0; 0; 0; 0; 1; 0; 113; 0; 0; 0; 0; 5; 0; 0; 0; 614; 15; 0
1976;06; 0; 0; 0; 0; 0; 200; 0; 0; 0; 10; 0; 0; 0; 0; 0; 0; 0; 0; 0; 0; 0; 0; 0; 0; 0; 0; 0; 0; 0; 0; 9999
1976;07; 0; 0; 510; 223; 0; 0; 0; 0; 0; 127; 0; 0; 0; 0; 0; 0; 0; 0; 0; 0; 0; 0; 0; 0; 0; 0; 0; 0; 0; 0; 0
1976;08; 0; 0; 0; 0; 0; 4; 0; 0; 0; 155; 30; 0; 130; 110; 230; 0; 0; 30; 0; 175; 29; 0; 0; 0; 0; 0; 0; 0; 0; 0; 0
1976;09; 0; 0; 0; 0; 0; 120; 35; 0; 3; 0; 0; 0; 75; 542; 89; 393; 0; 0; 0; 0; 413; 0; 0; 42; 0; 0; 210; 104; 0; 0; 9999
1976;10; 0; 0; 0; 0; 0; 20; 0; 0; 0; 357; 0; 0; 0; 0; 0; 0; 0; 0; 64; 122; 0; 182; 0; 0; 502; 76; 38; 0; 0; 0; 553
1976;11; 0; 182; 0; 0; 241; 0; 164; 0; 0; 0; 0; 0; 262; 0; 0; 0; 431; 233; 0; 172; 297; 0; 0; 592; 0; 137; 5; 0; 158; 0; 9999
1976;12; 0; 419; 0; 0; 0; 98; 0; 0; 212; 5; 0; 0; 111; 83; 19; 33; 197; 252; 0; 0; 387; 0; 234; 148; 364; 412; 191; 281; 0; 8; 0
1977;01; 12; 29; 0; 42; 112; 6; 345; 0; 0; 0; 0; 37; 0; 0; 0; 0; 196; 28; 462; 375; 0; 0; 0; 89; 84; 89; 474; 199; 99; 413; 231
1977;02; 282; 0; 0; 3; 0; 0; 0; 0; 0; 0; 0; 0; 0; 0; 0; 0; 0; 0; 0; 0; 18; 0; 80; 112; 37; 0; 9999; 9999; 9999; 9999; 9999
1977;03; 0; 0; 0; 0; 39; 0; 29; 0; 0; 194; 174; 0; 0; 0; 0; 0; 0; 0; 65; 93; 189; 143; 0; 44; 11; 0; 15; 0; 539; 0; 269
1977;04; 159; 0; 0; 111; 15; 0; 0; 0; 322; 463; 49; 0; 235; 0; 0; 0; 285; 0; 241; 121; 308; 278; 0; 0; 0; 0; 0; 0; 0; 0; 9999
1977;05; 0; 0; 27; 349; 0; 0; 0; 0; 0; 0; 0; 0; 0; 0; 0; 0; 63; 0; 0; 0; 0; 0; 0; 0; 0; 0; 0; 0; 0; 0; 0
1977;06; 10; 226; 0; 25; 84; 0; 0; 0; 0; 0; 0; 0; 0; 11; 0; 0; 0; 0; 0; 0; 0; 0; 134; 0; 0; 0; 0; 0; 0; 0; 9999
1977;07; 0; 0; 0; 0; 0; 0; 0; 0; 0; 0; 0; 0; 0; 0; 0; 2; 0; 0; 0; 0; 0; 0; 0; 0; 0; 0; 0; 0; 0; 0; 0
1977;08; 0; 0; 0; 0; 0; 0; 0; 0; 0; 0; 0; 0; 0; 0; 0; 0; 0; 0; 0; 0; 0; 0; 0; 0; 0; 0; 0; 0; 2; 251; 82
1977;09; 174; 62; 0; 0; 0; 25; 290; 0; 0; 0; 0; 0; 0; 0; 0; 0; 0; 0; 69; 0; 185; 0; 0; 236; 78; 0; 0; 0; 0; 13; 9999
1977;10; 0; 278; 0; 0; 0; 16; 0; 0; 0; 0; 0; 0; 0; 10; 0; 0; 0; 11; 25; 24; 0; 0; 0; 0; 0; 0; 0; 465; 14; 0; 0
1977;11; 0; 63; 0; 0; 0; 0; 0; 0; 0; 0; 0; 331; 62; 0; 57; 111; 82; 34; 295; 68; 0; 1; 0; 15; 0; 25; 211; 22; 253; 297; 9999
1977;12; 454; 332; 124; 89; 266; 36; 0; 41; 0; 0; 0; 0; 0; 0; 0; 0; 0; 0; 54; 200; 0; 554; 436; 0; 0; 206; 0; 0; 10; 0; 221
1978;01; 55; 126; 73; 252; 20; 55; 53; 42; 124; 0; 49; 9; 6; 292; 37; 8; 656; 0; 0; 134; 0; 35; 119; 0; 0; 0; 61; 77; 0; 0; 84
1978;02; 0; 0; 0; 0; 0; 0; 0; 671; 0; 0; 0; 212; 87; 111; 0; 14; 120; 0; 0; 56; 0; 120; 37; 0; 0; 0; 3; 0; 9999; 9999; 9999
1978;03; 0; 92; 0; 286; 0; 0; 17; 9; 11; 0; 0; 0; 0; 0; 0; 0; 0; 0; 0; 0; 0; 0; 0; 0; 0; 0; 0; 0; 136; 82; 2
1978;04; 0; 0; 0; 0; 0; 0; 58; 0; 0; 0; 0; 0; 0; 0; 0; 47; 0; 0; 0; 6; 104; 9; 0; 0; 0; 0; 0; 0; 0; 0; 9999
1978;05; 0; 0; 0; 0; 0; 0; 0; 0; 0; 0; 0; 0; 0; 0; 17; 0; 137; 341; 35; 0; 77; 142; 0; 237; 0; 0; 0; 0; 267; 0; 21
1978;06; 0; 0; 0; 0; 0; 0; 0; 0; 319; 0; 0; 0; 0; 0; 0; 0; 0; 0; 0; 0; 0; 0; 0; 0; 0; 0; 0; 0; 0; 0; 9999
1978;07; 0; 0; 0; 0; 0; 0; 0; 0; 103; 0; 0; 0; 0; 0; 0; 378; 0; 42; 0; 0; 98; 92; 0; 0; 0; 0; 0; 0; 0; 0; 0
1978;08; 0; 0; 0; 0; 0; 0; 0; 0; 0; 0; 0; 0; 0; 1; 0; 0; 0; 0; 0; 0; 0; 0; 0; 0; 0; 0; 0; 0; 0; 0; 0
1978;09; 0; 0; 178; 0; 0; 52; 0; 149; 0; 0; 0; 0; 0; 0; 0; 0; 289; 0; 0; 0; 0; 0; 0; 0; 0; 0; 0; 0; 0; 0; 9999
1978;10; 0; 0; 0; 0; 0; 0; 0; 0; 0; 0; 54; 0; 0; 182; 0; 0; 0; 97; 467; 0; 0; 0; 0; 0; 0; 0; 0; 69; 0; 0; 0
1978;11; 254; 0; 0; 281; 149; 0; 0; 0; 0; 0; 1156; 159; 267; 0; 0; 0; 242; 128; 0; 223; 157; 5; 33; 191; 0; 0; 0; 689; 0; 0; 9999
1978;12; 0; 0; 0; 8; 29; 3; 41; 311; 296; 1161; 4; 0; 0; 0; 142; 112; 62; 77; 0; 0; 0; 32; 524; 0; 0; 300; 425; 393; 65; 146; 251
1979;01; 85; 147; 132; 100; 20; 13; 0; 0; 0; 0; 0; 0; 0; 132; 0; 0; 0; 0; 0; 89; 176; 413; 5; 51; 225; 0; 0; 45; 121; 88; 11
1979;02; 84; 0; 0; 0; 0; 262; 0; 0; 83; 0; 0; 64; 792; 796; 0; 9999; 13; 23; 0; 0; 0; 0; 84; 0; 0; 0; 52; 0; 9999; 9999; 9999
1979;03; 0; 0; 142; 0; 2; 76; 0; 0; 0; 0; 114; 0; 49; 118; 123; 0; 0; 118; 0; 0; 0; 0; 220; 0; 67; 0; 0; 0; 0; 0; 0
1979;04; 0; 0; 0; 240; 178; 27; 151; 0; 0; 0; 0; 0; 0; 0; 0; 0; 0; 0; 0; 0; 0; 0; 0; 0; 0; 0; 0; 0; 210; 231; 9999
1979;05; 0; 0; 58; 182; 0; 19; 12; 0; 0; 0; 0; 0; 0; 0; 0; 0; 0; 0; 0; 0; 0; 0; 0; 19; 0; 0; 0; 0; 497; 17; 0
1979;06; 0; 0; 0; 0; 0; 0; 0; 0; 0; 0; 0; 0; 0; 0; 9999; 0; 0; 0; 0; 0; 0; 0; 0; 0; 0; 0; 0; 0; 0; 0; 9999
1979;07; 0; 0; 0; 1; 0; 0; 0; 0; 0; 0; 0; 0; 0; 0; 0; 0; 0; 0; 247; 0; 0; 2; 18; 74; 0; 14; 0; 0; 0; 0; 0
1979;08; 0; 0; 0; 0; 0; 0; 0; 0; 0; 0; 0; 0; 0; 0; 0; 0; 0; 197; 97; 0; 0; 0; 0; 0; 53; 0; 0; 0; 0; 0; 0
1979;09; 0; 0; 335; 14; 0; 0; 0; 0; 0; 70; 0; 0; 237; 555; 207; 57; 0; 6; 0; 0; 0; 459; 0; 0; 0; 0; 0; 52; 0; 0; 9999
1979;10; 8; 0; 0; 89; 0; 0; 0; 0; 138; 0; 0; 231; 39; 0; 306; 75; 0; 0; 0; 0; 0; 0; 0; 0; 0; 0; 0; 0; 5; 0; 73
1979;11; 44; 32; 399; 39; 0; 0; 0; 30; 255; 18; 248; 0; 0; 15; 7; 0; 0; 0; 9; 0; 0; 0; 0; 8; 198; 158; 0; 0; 0; 0; 9999
1979;12; 0; 0; 9; 493; 338; 0; 0; 0; 0; 0; 6; 5; 192; 34; 92; 312; 0; 0; 0; 218; 333; 0; 233; 85; 512; 113; 577; 34; 0; 0; 114
1980;01; 87; 0; 0; 0; 0; 0; 0; 236; 16; 0; 311; 9999; 0; 0; 0; 0; 76; 127; 268; 31; 67; 0; 20; 36; 224; 36; 213; 0; 0; 0; 21
1980;02; 31; 61; 0; 0; 152; 0; 0; 64; 355; 0; 0; 0; 428; 3; 61; 44; 41; 278; 78; 55; 0; 0; 159; 108; 22; 3; 152; 263; 45; 9999; 9999
1980;03; 0; 0; 0; 0; 22; 0; 0; 0; 0; 19; 451; 372; 367; 248; 288; 262; 41; 24; 0; 0; 0; 0; 0; 0; 0; 0; 0; 0; 0; 0; 15
1980;04; 0; 0; 493; 163; 394; 260; 0; 109; 0; 25; 741; 558; 256; 364; 51; 0; 0; 0; 0; 0; 0; 0; 0; 0; 0; 0; 0; 0; 0; 9999; 9999
1980;05; 0; 0; 112; 54; 0; 0; 0; 0; 0; 0; 0; 64; 58; 0; 0; 0; 0; 0; 0; 178; 0; 0; 138; 58; 0; 0; 0; 0; 0; 0; 0
1980;06; 0; 0; 5; 9; 0; 0; 0; 0; 0; 0; 0; 0; 0; 111; 0; 0; 0; 0; 0; 0; 0; 14; 0; 0; 12; 588; 208; 0; 0; 0; 9999
1980;07; 0; 0; 0; 0; 0; 0; 0; 0; 0; 0; 0; 0; 0; 0; 0; 0; 0; 0; 0; 0; 0; 0; 0; 0; 0; 0; 0; 0; 0; 0; 3
1980;08; 0; 0; 0; 0; 0; 0; 24; 0; 0; 0; 0; 0; 219; 0; 0; 0; 0; 0; 0; 0; 0; 0; 0; 0; 0; 3; 6; 0; 0; 0; 0
1980;09; 0; 0; 0; 0; 0; 0; 0; 0; 0; 0; 9; 15; 311; 0; 8; 0; 6; 12; 92; 0; 102; 281; 0; 0; 0; 52; 43; 133; 0; 0; 9999
1980;10; 0; 0; 0; 0; 0; 0; 0; 59; 66; 15; 0; 415; 152; 0; 0; 0; 0; 0; 0; 0; 0; 0; 0; 9; 0; 101; 0; 0; 0; 0; 51
1980;11; 0; 0; 0; 0; 28; 0; 6; 662; 83; 94; 91; 63; 39; 0; 0; 0; 0; 0; 0; 222; 0; 0; 65; 439; 110; 0; 0; 0; 0; 186; 9999
1980;12; 956; 608; 262; 98; 81; 102; 52; 83; 0; 245; 0; 38; 86; 268; 58; 0; 0; 0; 0; 9; 8; 251; 3; 266; 227; 237; 559; 0; 233; 228; 37
1981;01; 0; 0; 0; 228; 199; 0; 20; 89; 0; 34; 209; 387; 138; 332; 528; 293; 248; 187; 254; 689; 727; 125; 8; 0; 372; 216; 6; 307; 0; 149; 0
1981;02; 0; 0; 0; 28; 0; 0; 112; 154; 76; 13; 29; 3; 6; 3; 0; 0; 0; 0; 0; 72; 0; 0; 0; 0; 0; 0; 0; 22; 9999; 9999; 9999
1981;03; 0; 0; 0; 0; 7; 0; 63; 144; 0; 0; 0; 0; 0; 0; 0; 0; 4; 611; 9999; 0; 0; 0; 0; 0; 0; 0; 14; 67; 128; 89; 0
1981;04; 0; 0; 0; 0; 0; 128; 0; 0; 0; 0; 0; 0; 0; 0; 16; 44; 0; 0; 0; 0; 0; 0; 0; 38; 28; 0; 0; 191; 0; 96; 9999
1981;05; 0; 0; 0; 0; 0; 0; 0; 0; 0; 0; 0; 0; 0; 0; 0; 0; 0; 0; 0; 0; 0; 102; 0; 0; 606; 0; 0; 102; 0; 0; 0
1981;06; 0; 0; 0; 0; 0; 0; 313; 0; 0; 0; 0; 0; 0; 0; 0; 109; 133; 10; 0; 0; 0; 0; 0; 0; 0; 0; 0; 0; 0; 0; 9999
1981;07; 0; 0; 0; 0; 0; 0; 0; 0; 0; 0; 0; 0; 0; 0; 0; 0; 0; 0; 0; 0; 0; 0; 0; 0; 0; 0; 0; 0; 0; 0; 0
1981;08; 0; 0; 0; 0; 0; 0; 0; 0; 0; 0; 0; 0; 0; 0; 0; 0; 0; 12; 0; 0; 0; 0; 0; 0; 0; 0; 0; 0; 0; 0; 0
1981;09; 0; 0; 0; 0; 0; 0; 0; 0; 0; 0; 0; 0; 0; 0; 0; 0; 0; 0; 0; 0; 0; 0; 0; 0; 0; 278; 0; 0; 0; 0; 9999
1981;10; 0; 0; 89; 34; 0; 0; 8; 0; 0; 0; 25; 425; 89; 0; 0; 403; 0; 0; 0; 1500; 52; 0; 0; 0; 94; 0; 440; 0; 0; 120; 0
1981;11; 0; 0; 48; 169; 157; 0; 0; 0; 71; 250; 132; 113; 6; 65; 140; 0; 0; 0; 21; 66; 50; 0; 0; 0; 0; 0; 0; 0; 0; 146; 9999
1981;12; 527; 23; 31; 0; 19; 138; 150; 277; 377; 310; 0; 351; 134; 0; 107; 54; 474; 184; 2; 0; 0; 64; 57; 159; 138; 9999; 49; 308; 104; 0; 24
1982;01; 0; 15; 258; 0; 0; 0; 0; 4; 0; 422; 270; 460; 146; 0; 0; 0; 0; 0; 24; 13; 220; 143; 324; 94; 273; 1; 5; 28; 134; 48; 0
1982;02; 0; 209; 18; 0; 0; 152; 154; 48; 0; 0; 0; 0; 0; 0; 0; 0; 0; 0; 0; 0; 0; 0; 0; 101; 0; 0; 62; 58; 9999; 9999; 9999
1982;03; 0; 59; 0; 21; 0; 0; 64; 102; 762; 742; 176; 204; 102; 14; 22; 141; 0; 20; 0; 0; 0; 657; 170; 0; 176; 0; 39; 31; 0; 11; 0
1982;04; 0; 0; 0; 11; 0; 0; 0; 0; 0; 0; 0; 0; 0; 65; 274; 0; 0; 0; 0; 0; 0; 0; 0; 0; 0; 0; 0; 0; 0; 0; 9999
1982;05; 0; 0; 0; 0; 0; 0; 0; 0; 0; 0; 0; 0; 0; 0; 0; 0; 0; 0; 0; 39; 0; 0; 0; 0; 10; 396; 0; 0; 0; 0; 72
1982;06; 0; 0; 0; 0; 69; 7; 0; 0; 0; 0; 0; 0; 42; 0; 0; 0; 39; 0; 0; 0; 0; 42; 0; 19; 0; 0; 36; 0; 0; 73; 9999
1982;07; 0; 0; 0; 0; 0; 0; 0; 0; 0; 0; 0; 0; 0; 43; 0; 0; 0; 0; 271; 0; 0; 0; 0; 0; 0; 0; 0; 0; 0; 42; 0
1982;08; 0; 0; 0; 0; 0; 0; 0; 0; 0; 0; 82; 0; 0; 0; 0; 0; 0; 0; 0; 0; 0; 0; 0; 0; 0; 0; 0; 31; 0; 0; 0
1982;09; 0; 0; 0; 0; 0; 0; 0; 0; 0; 0; 0; 0; 0; 0; 0; 0; 0; 0; 0; 0; 0; 0; 0; 0; 0; 0; 0; 141; 0; 0; 9999
1982;10; 0; 0; 647; 585; 0; 0; 193; 0; 0; 0; 723; 0; 119; 240; 0; 0; 458; 0; 0; 0; 278; 0; 422; 0; 0; 0; 123; 116; 64; 319; 0
1982;11; 0; 0; 0; 0; 0; 0; 0; 0; 0; 180; 620; 0; 0; 0; 300; 0; 0; 88; 213; 527; 30; 0; 0; 0; 0; 284; 234; 0; 114; 0; 9999
1982;12; 30; 0; 80; 0; 0; 111; 131; 76; 25; 0; 71; 0; 410; 25; 0; 418; 228; 52; 286; 128; 125; 254; 204; 720; 0; 0; 0; 128; 46; 182; 200
1983;01; 0; 0; 0; 57; 210; 137; 89; 7; 131; 0; 156; 309; 202; 501; 449; 81; 142; 140; 220; 537; 51; 0; 0; 5; 0; 6; 87; 62; 48; 0; 201
1983;02; 565; 520; 1000; 582; 0; 0; 0; 286; 192; 187; 3; 0; 35; 210; 0; 0; 170; 0; 56; 0; 0; 0; 0; 0; 0; 0; 0; 405; 9999; 9999; 9999
1983;03; 0; 86; 0; 255; 241; 0; 601; 0; 0; 0; 0; 0; 0; 0; 0; 0; 0; 211; 313; 121; 34; 0; 0; 58; 0; 0; 0; 30; 0; 0; 0
1983;04; 151; 37; 0; 0; 0; 0; 260; 0; 0; 0; 141; 192; 102; 0; 0; 0; 0; 0; 0; 0; 174; 0; 0; 0; 247; 0; 0; 0; 100; 0; 9999
1983;05; 0; 0; 0; 0; 0; 0; 0; 0; 0; 0; 0; 0; 0; 0; 41; 0; 0; 0; 0; 152; 0; 0; 0; 442; 0; 0; 0; 0; 205; 313; 602
1983;06; 155; 196; 63; 121; 64; 0; 92; 41; 0; 0; 40; 0; 0; 0; 0; 0; 0; 0; 0; 0; 0; 0; 0; 0; 0; 0; 0; 0; 0; 0; 9999
1983;07; 0; 0; 0; 0; 0; 0; 0; 0; 0; 0; 0; 0; 0; 0; 0; 0; 0; 258; 132; 90; 56; 0; 0; 0; 0; 0; 0; 0; 0; 0; 0
1983;08; 0; 0; 0; 0; 0; 0; 0; 0; 0; 0; 0; 0; 0; 0; 0; 0; 0; 0; 0; 0; 0; 0; 0; 0; 0; 0; 0; 0; 0; 0; 0
1983;09; 0; 0; 0; 0; 0; 160; 142; 480; 7; 0; 9; 7; 91; 0; 221; 0; 0; 300; 463; 482; 0; 0; 400; 370; 0; 0; 0; 0; 0; 0; 9999
1983;10; 451; 0; 0; 0; 0; 0; 551; 0; 0; 0; 333; 112; 296; 0; 0; 0; 0; 0; 0; 340; 500; 458; 280; 0; 0; 0; 0; 0; 0; 0; 0
1983;11; 193; 201; 300; 308; 0; 0; 0; 0; 0; 0; 400; 549; 0; 0; 0; 0; 0; 0; 130; 26; 0; 0; 0; 0; 0; 0; 0; 0; 130; 0; 9999
1983;12; 0; 93; 0; 48; 81; 0; 0; 128; 200; 300; 410; 500; 505; 430; 9999; 952; 112; 96; 0; 0; 278; 0; 543; 0; 0; 0; 39; 398; 0; 0; 425
1984;01; 0; 0; 46; 0; 0; 0; 0; 0; 0; 156; 0; 0; 0; 0; 0; 0; 0; 0; 0; 27; 64; 527; 0; 284; 82; 0; 167; 65; 0; 0; 0
1984;02; 0; 9999; 9999; 9999; 9999; 9999; 9999; 9999; 9999; 9999; 9999; 9999; 9999; 9999; 9999; 9999; 9999; 9999; 9999; 9999; 9999; 9999; 9999; 9999; 9999; 9999; 9999; 9999; 9999; 9999; 9999
1984;03; 9999; 9999; 9999; 9999; 9999; 9999; 9999; 1853; 61; 0; 0; 0; 0; 0; 0; 0; 0; 0; 0; 0; 83; 41; 0; 0; 0; 0; 0; 0; 0; 0; 0
1984;04; 0; 0; 0; 219; 0; 0; 0; 0; 0; 0; 0; 0; 0; 0; 0; 25; 407; 0; 0; 0; 163; 0; 0; 0; 0; 0; 120; 0; 177; 37; 9999
1984;05; 0; 30; 120; 0; 0; 0; 0; 4; 0; 0; 0; 0; 0; 151; 9; 0; 0; 6; 0; 0; 0; 0; 0; 0; 0; 0; 0; 0; 0; 0; 0
1984;06; 0; 0; 0; 0; 0; 0; 0; 0; 0; 0; 0; 0; 0; 0; 0; 0; 0; 0; 0; 0; 0; 0; 0; 0; 0; 0; 0; 0; 0; 0; 9999
1984;07; 0; 0; 0; 0; 0; 0; 0; 0; 0; 0; 0; 0; 0; 0; 0; 0; 0; 0; 0; 0; 0; 0; 0; 0; 0; 0; 0; 0; 0; 0; 0
1984;08; 0; 0; 62; 267; 0; 0; 0; 0; 0; 0; 0; 0; 0; 0; 0; 0; 0; 0; 0; 0; 175; 0; 287; 0; 64; 0; 0; 0; 87; 59; 0
1984;09; 0; 0; 0; 0; 0; 0; 187; 16; 378; 0; 0; 0; 0; 0; 0; 0; 9999; 0; 9999; 0; 9999; 0; 0; 0; 0; 9999; 9999; 9999; 0; 0; 9999
1984;10; 0; 0; 0; 0; 0; 0; 0; 0; 0; 9999; 0; 0; 0; 0; 0; 234; 0; 57; 0; 0; 0; 48; 0; 0; 36; 0; 0; 0; 0; 0; 0
1984;11; 110; 0; 0; 0; 0; 0; 0; 0; 0; 221; 0; 283; 60; 0; 0; 0; 43; 156; 32; 0; 289; 0; 19; 0; 286; 260; 0; 92; 0; 39; 9999
1984;12; 0; 637; 0; 0; 0; 0; 109; 136; 264; 0; 0; 44; 59; 335; 251; 0; 61; 73; 0; 0; 0; 0; 0; 0; 0; 0; 0; 172; 76; 0; 32
1985;01; 163; 41; 0; 0; 12; 0; 134; 327; 673; 0; 0; 0; 0; 243; 0; 0; 0; 519; 0; 138; 238; 71; 0; 0; 326; 400; 0; 0; 156; 23; 46
1985;02; 0; 0; 0; 0; 0; 0; 0; 0; 0; 0; 0; 511; 0; 0; 0; 0; 42; 0; 0; 0; 0; 0; 0; 218; 0; 89; 63; 76; 9999; 9999; 9999
1985;03; 223; 0; 17; 0; 0; 76; 0; 154; 0; 0; 69; 676; 0; 0; 0; 552; 46; 278; 0; 0; 0; 0; 0; 0; 0; 95; 38; 259; 0; 0; 0
1985;04; 0; 0; 0; 118; 0; 0; 0; 0; 126; 0; 0; 0; 41; 0; 0; 0; 18; 169; 0; 0; 0; 0; 0; 0; 0; 59; 0; 0; 0; 0; 9999
1985;05; 0; 0; 0; 0; 0; 0; 0; 0; 0; 0; 0; 0; 0; 0; 0; 0; 0; 0; 0; 0; 0; 313; 0; 0; 0; 0; 0; 0; 0; 0; 0
1985;06; 0; 0; 0; 0; 0; 0; 0; 2; 0; 0; 0; 0; 0; 0; 0; 0; 0; 0; 0; 0; 0; 0; 0; 0; 0; 0; 0; 0; 0; 0; 9999
1985;07; 0; 0; 0; 0; 0; 0; 9999; 9999; 9999; 9; 0; 0; 0; 0; 0; 0; 0; 0; 0; 0; 0; 0; 0; 0; 0; 0; 0; 0; 0; 0; 0
1985;08; 0; 0; 0; 0; 0; 0; 0; 0; 0; 0; 0; 0; 0; 0; 0; 0; 0; 0; 0; 0; 0; 0; 13; 0; 0; 0; 0; 0; 0; 0; 0
1985;09; 106; 86; 142; 0; 3; 0; 96; 0; 0; 0; 0; 0; 0; 0; 0; 0; 0; 0; 0; 0; 0; 0; 0; 127; 0; 0; 0; 0; 0; 20; 9999
1985;10; 0; 0; 0; 0; 0; 0; 0; 0; 0; 0; 47; 0; 0; 0; 0; 0; 0; 96; 5; 0; 14; 0; 0; 0; 5; 0; 82; 0; 421; 0; 0
1985;11; 18; 496; 38; 236; 180; 0; 0; 0; 0; 0; 0; 0; 0; 0; 0; 0; 0; 0; 0; 84; 79; 7; 5; 24; 149; 52; 35; 153; 0; 24; 9999
1985;12; 0; 0; 289; 318; 4; 0; 0; 0; 0; 0; 0; 62; 5; 0; 22; 541; 148; 0; 0; 0; 22; 123; 0; 25; 161; 149; 585; 0; 88; 0; 0
1986;01; 0; 212; 0; 0; 196; 252; 0; 9; 43; 7; 319; 378; 120; 236; 141; 370; 6; 28; 271; 0; 305; 344; 316; 4; 117; 0; 251; 0; 0; 0; 0
1986;02; 0; 0; 94; 51; 0; 21; 59; 32; 23; 76; 0; 14; 499; 212; 19; 121; 0; 73; 54; 295; 24; 0; 64; 0; 0; 0; 2; 233; 9999; 9999; 9999
1986;03; 0; 0; 42; 191; 306; 15; 114; 36; 141; 15; 0; 10; 24; 22; 0; 42; 174; 0; 18; 0; 0; 0; 0; 42; 0; 27; 29; 0; 61; 257; 0
1986;04; 0; 0; 0; 0; 0; 0; 0; 0; 129; 35; 0; 0; 0; 43; 195; 166; 0; 0; 0; 0; 0; 19; 4; 0; 0; 4; 329; 14; 0; 0; 9999
1986;05; 0; 0; 0; 0; 0; 0; 0; 145; 439; 122; 0; 0; 499; 82; 0; 0; 0; 0; 293; 0; 0; 0; 0; 0; 0; 0; 0; 0; 0; 0; 76
1986;06; 0; 0; 0; 0; 0; 0; 0; 0; 0; 0; 0; 0; 0; 0; 0; 0; 0; 0; 0; 0; 0; 0; 0; 0; 0; 0; 0; 0; 0; 0; 9999
1986;07; 0; 0; 0; 0; 0; 0; 0; 0; 0; 0; 0; 0; 0; 0; 0; 0; 0; 0; 0; 0; 0; 0; 383; 128; 0; 0; 0; 0; 0; 0; 0
1986;08; 58; 0; 0; 0; 0; 0; 0; 0; 0; 0; 0; 0; 0; 10; 3; 229; 31; 0; 0; 0; 0; 448; 84; 46; 259; 0; 0; 0; 0; 0; 0
1986;09; 0; 0; 0; 0; 0; 0; 35; 0; 0; 0; 0; 0; 0; 0; 0; 0; 0; 0; 0; 0; 0; 0; 0; 0; 0; 24; 0; 0; 188; 0; 9999
1986;10; 0; 0; 0; 0; 0; 0; 0; 0; 2; 0; 92; 0; 0; 0; 2; 0; 0; 0; 0; 8; 287; 628; 3; 0; 0; 0; 58; 0; 0; 0; 0
1986;11; 0; 0; 45; 0; 19; 376; 0; 0; 0; 0; 239; 128; 0; 0; 0; 0; 0; 0; 0; 0; 27; 0; 0; 0; 0; 0; 0; 0; 0; 171; 9999
1986;12; 140; 372; 0; 5; 56; 7; 0; 80; 139; 518; 0; 70; 0; 90; 141; 142; 272; 70; 0; 0; 0; 0; 459; 0; 214; 1267; 250; 100; 428; 11; 55
1987;01; 0; 7; 244; 103; 138; 0; 25; 0; 0; 0; 383; 0; 307; 0; 0; 20; 0; 272; 0; 252; 0; 2; 246; 212; 31; 70; 370; 115; 86; 0; 19
1987;02; 100; 0; 0; 47; 0; 231; 0; 0; 0; 6; 23; 3; 214; 238; 300; 45; 0; 0; 0; 148; 0; 0; 0; 0; 0; 311; 3; 0; 9999; 9999; 9999
1987;03; 144; 39; 0; 0; 0; 0; 0; 0; 256; 244; 9; 0; 0; 0; 412; 130; 0; 0; 691; 0; 15; 0; 0; 0; 0; 0; 0; 0; 5; 0; 0
1987;04; 13; 215; 24; 70; 589; 0; 0; 0; 0; 19; 39; 0; 0; 0; 0; 0; 0; 0; 0; 0; 27; 40; 0; 0; 0; 0; 0; 0; 0; 28; 9999
1987;05; 0; 0; 24; 0; 0; 35; 0; 29; 31; 1; 0; 0; 0; 0; 0; 114; 0; 21; 0; 34; 9999; 304; 18; 131; 6; 0; 0; 0; 0; 0; 0
1987;06; 0; 0; 0; 0; 0; 0; 3; 0; 3; 0; 0; 0; 0; 0; 0; 50; 1; 3; 0; 0; 0; 0; 150; 160; 0; 0; 0; 0; 0; 0; 9999
1987;07; 0; 0; 0; 0; 0; 0; 0; 0; 197; 1; 0; 0; 0; 0; 0; 0; 0; 0; 0; 0; 0; 0; 0; 0; 0; 0; 0; 0; 0; 8; 4
1987;08; 0; 0; 0; 0; 0; 2; 0; 3; 0; 0; 0; 0; 0; 0; 0; 0; 0; 0; 0; 0; 0; 0; 0; 0; 0; 0; 0; 0; 0; 0; 0
1987;09; 0; 0; 0; 0; 0; 7; 4; 20; 2; 0; 99; 2; 1; 0; 0; 0; 0; 2; 6; 0; 4; 316; 172; 0; 0; 0; 0; 9; 0; 4; 9999
1987;10; 0; 8; 0; 0; 0; 906; 2; 0; 0; 0; 0; 0; 0; 0; 0; 300; 2; 0; 0; 0; 0; 0; 0; 9; 0; 0; 0; 0; 0; 9; 0
1987;11; 0; 0; 0; 0; 0; 20; 0; 0; 400; 0; 0; 0; 0; 300; 400; 300; 0; 0; 0; 0; 0; 8; 0; 0; 407; 0; 0; 0; 0; 0; 9999
1987;12; 0; 0; 0; 170; 300; 1070; 0; 0; 0; 85; 0; 400; 170; 6; 0; 0; 0; 225; 0; 0; 500; 0; 0; 0; 0; 0; 0; 155; 0; 6; 80
1988;01; 0; 0; 100; 0; 250; 380; 930; 137; 400; 81; 0; 0; 0; 0; 0; 0; 0; 0; 0; 0; 200; 0; 6; 436; 425; 0; 0; 6; 100; 0; 170
1988;02; 0; 87; 0; 136; 100; 307; 400; 6; 0; 9999; 9999; 1392; 0; 500; 1345; 100; 180; 0; 120; 210; 0; 110; 0; 265; 140; 0; 295; 485; 0; 9999; 9999
1988;03; 280; 185; 150; 260; 9999; 9999; 9999; 9999; 9999; 211; 3; 0; 0; 0; 0; 0; 22; 145; 306; 2; 0; 0; 0; 0; 0; 0; 0; 5; 0; 0; 0
1988;04; 0; 0; 17; 6; 0; 0; 0; 572; 207; 0; 0; 0; 73; 314; 0; 0; 102; 27; 126; 150; 6; 19; 0; 2; 0; 74; 0; 0; 86; 0; 9999
1988;05; 0; 0; 0; 0; 0; 23; 0; 0; 0; 0; 0; 0; 0; 0; 0; 0; 11; 188; 0; 0; 0; 0; 0; 0; 0; 0; 0; 0; 0; 347; 89
1988;06; 0; 0; 0; 393; 0; 0; 0; 0; 0; 0; 0; 0; 0; 0; 130; 0; 0; 0; 0; 0; 0; 0; 0; 0; 0; 0; 0; 0; 0; 0; 9999
1988;07; 0; 0; 0; 0; 0; 0; 0; 0; 0; 17; 0; 0; 0; 0; 0; 0; 0; 0; 0; 0; 0; 0; 0; 0; 0; 0; 0; 0; 0; 0; 0
1988;08; 0; 0; 0; 0; 0; 0; 0; 0; 0; 0; 0; 0; 0; 0; 0; 0; 0; 0; 0; 0; 0; 0; 0; 0; 0; 0; 0; 0; 0; 0; 0
1988;09; 0; 0; 0; 0; 0; 0; 0; 0; 0; 0; 0; 0; 0; 0; 0; 4; 0; 62; 0; 0; 0; 0; 0; 0; 0; 0; 0; 0; 1; 20; 9999
1988;10; 0; 0; 0; 0; 32; 1; 97; 0; 0; 0; 0; 122; 229; 62; 0; 0; 0; 0; 31; 269; 8; 0; 0; 229; 0; 303; 128; 0; 0; 0; 68
1988;11; 223; 132; 0; 0; 0; 0; 0; 147; 0; 0; 0; 0; 0; 72; 162; 0; 0; 0; 0; 226; 73; 0; 66; 0; 0; 0; 188; 0; 0; 0; 9999
1988;12; 27; 209; 70; 0; 0; 0; 0; 0; 0; 15; 0; 0; 0; 90; 629; 6; 0; 0; 0; 87; 174; 190; 369; 363; 28; 177; 4; 57; 15; 0; 0
1989;01; 0; 0; 22; 234; 32; 208; 55; 181; 173; 93; 64; 148; 2; 353; 245; 21; 80; 0; 2; 213; 113; 103; 81; 202; 0; 17; 0; 0; 0; 0; 0
1989;02; 0; 0; 282; 426; 19; 34; 8; 99; 17; 103; 228; 267; 134; 224; 323; 97; 156; 0; 0; 0; 77; 7; 0; 0; 180; 696; 0; 0; 9999; 9999; 9999
1989;03; 441; 105; 24; 136; 0; 91; 0; 2; 0; 0; 0; 0; 0; 388; 0; 137; 61; 0; 0; 0; 0; 0; 0; 0; 17; 0; 3; 0; 24; 0; 0
1989;04; 0; 3; 167; 0; 0; 0; 0; 0; 48; 0; 0; 898; 0; 258; 142; 0; 0; 0; 8; 36; 0; 0; 0; 0; 0; 0; 0; 0; 0; 34; 9999
1989;05; 0; 65; 0; 166; 98; 6; 0; 0; 0; 0; 0; 0; 0; 0; 0; 0; 0; 0; 0; 0; 0; 0; 0; 0; 0; 0; 0; 0; 0; 0; 0
1989;06; 0; 0; 0; 0; 0; 0; 0; 164; 112; 0; 0; 0; 0; 0; 0; 0; 0; 0; 0; 0; 0; 0; 0; 1; 90; 1; 0; 0; 17; 0; 9999
1989;07; 0; 0; 0; 0; 0; 0; 0; 0; 0; 0; 0; 0; 0; 0; 0; 0; 0; 0; 0; 0; 0; 0; 0; 0; 0; 0; 0; 0; 264; 17; 298
1989;08; 0; 0; 0; 0; 0; 10; 0; 0; 0; 0; 0; 0; 0; 0; 0; 0; 0; 0; 0; 0; 0; 27; 43; 0; 0; 104; 0; 44; 0; 0; 0
1989;09; 2; 45; 0; 0; 6; 0; 35; 0; 159; 507; 6; 0; 0; 1; 36; 0; 0; 0; 0; 0; 0; 0; 0; 0; 0; 0; 69; 2; 0; 0; 9999
1989;10; 0; 0; 0; 64; 0; 0; 0; 0; 0; 0; 0; 612; 1; 0; 0; 28; 0; 0; 0; 0; 0; 0; 56; 0; 0; 0; 174; 70; 0; 0; 0
1989;11; 0; 0; 0; 28; 2; 0; 0; 0; 48; 141; 20; 124; 347; 2; 0; 0; 385; 86; 1; 281; 134; 220; 157; 0; 311; 0; 0; 334; 13; 20; 9999
1989;12; 0; 0; 0; 0; 0; 0; 0; 0; 0; 2; 75; 587; 305; 208; 172; 296; 0; 0; 0; 115; 0; 0; 0; 0; 0; 1; 48; 116; 118; 206; 356
1990;01; 484; 211; 350; 81; 138; 0; 149; 0; 18; 4; 166; 10; 212; 6; 93; 0; 13; 14; 15; 0; 0; 34; 21; 0; 0; 0; 182; 0; 0; 0; 0
1990;02; 0; 0; 0; 0; 0; 35; 50; 13; 24; 0; 0; 0; 459; 50; 216; 0; 0; 0; 0; 0; 14; 72; 73; 1; 303; 245; 17; 278; 9999; 9999; 9999
1990;03; 234; 4; 34; 253; 0; 0; 25; 324; 24; 0; 0; 0; 0; 0; 0; 23; 0; 52; 0; 5; 8; 2; 556; 127; 37; 0; 433; 218; 29; 0; 0
1990;04; 0; 0; 0; 0; 0; 20; 0; 0; 49; 0; 0; 0; 0; 0; 0; 35; 69; 291; 30; 47; 0; 0; 0; 0; 0; 0; 0; 0; 0; 0; 9999
1990;05; 2; 2; 273; 0; 0; 0; 27; 0; 0; 0; 254; 54; 0; 0; 0; 239; 0; 75; 0; 0; 0; 0; 0; 0; 0; 0; 0; 0; 0; 0; 0
1990;06; 0; 0; 0; 0; 0; 0; 0; 0; 0; 0; 0; 0; 0; 0; 0; 0; 0; 0; 0; 0; 11; 3; 0; 0; 0; 0; 0; 0; 0; 0; 9999
1990;07; 2; 0; 0; 0; 0; 57; 0; 0; 0; 0; 114; 0; 0; 62; 0; 0; 0; 0; 0; 0; 0; 8; 0; 0; 0; 0; 0; 4; 0; 0; 0
1990;08; 0; 0; 0; 0; 0; 0; 0; 0; 0; 127; 0; 0; 0; 0; 0; 0; 117; 172; 19; 325; 231; 0; 0; 0; 0; 0; 0; 145; 18; 0; 0
1990;09; 0; 85; 0; 0; 0; 0; 0; 0; 0; 0; 0; 0; 50; 145; 2; 0; 0; 0; 0; 0; 0; 0; 0; 47; 0; 0; 0; 0; 0; 7; 9999
1990;10; 125; 153; 4; 0; 68; 0; 0; 0; 0; 0; 0; 0; 34; 0; 0; 6; 73; 484; 3; 219; 71; 0; 0; 0; 0; 0; 0; 0; 0; 0; 15
1990;11; 0; 0; 0; 80; 108; 21; 0; 276; 75; 374; 0; 0; 0; 0; 0; 36; 172; 0; 55; 0; 72; 80; 0; 79; 0; 0; 65; 43; 0; 0; 9999
1990;12; 0; 0; 0; 0; 0; 0; 0; 23; 0; 294; 282; 69; 29; 22; 54; 18; 0; 0; 172; 98; 0; 0; 0; 22; 0; 73; 0; 0; 0; 0; 0
1991;01; 0; 0; 0; 122; 59; 49; 0; 0; 85; 0; 212; 80; 106; 22; 404; 329; 342; 20; 0; 0; 51; 0; 0; 104; 0; 64; 355; 442; 61; 34; 86
1991;02; 11; 274; 0; 0; 177; 74; 244; 59; 73; 429; 798; 44; 67; 0; 0; 63; 296; 7; 224; 0; 0; 0; 0; 0; 0; 0; 0; 0; 9999; 9999; 9999
1991;03; 3; 2; 303; 522; 256; 56; 71; 41; 0; 0; 77; 0; 160; 31; 0; 0; 0; 0; 16; 109; 64; 482; 0; 0; 7; 213; 244; 83; 212; 117; 83
1991;04; 244; 0; 0; 0; 0; 0; 0; 94; 3; 313; 0; 0; 4; 69; 2; 3; 0; 285; 23; 22; 0; 0; 0; 0; 123; 554; 93; 0; 0; 0; 9999
1991;05; 0; 0; 0; 0; 0; 0; 0; 95; 0; 0; 0; 0; 0; 0; 15; 51; 0; 0; 0; 0; 0; 0; 0; 0; 0; 0; 0; 0; 0; 0; 0
1991;06; 0; 0; 0; 0; 0; 0; 0; 0; 0; 0; 0; 0; 0; 0; 0; 0; 0; 0; 0; 0; 0; 0; 0; 0; 0; 0; 0; 0; 0; 0; 9999
1991;07; 0; 1; 0; 0; 0; 0; 0; 0; 0; 0; 0; 75; 0; 35; 0; 17; 154; 0; 0; 0; 0; 0; 0; 0; 0; 0; 0; 0; 0; 0; 0
1991;08; 0; 0; 0; 0; 0; 0; 0; 0; 0; 0; 0; 0; 0; 0; 0; 0; 0; 0; 0; 0; 0; 0; 0; 0; 0; 0; 0; 0; 0; 0; 0
1991;09; 0; 0; 0; 0; 0; 0; 0; 0; 0; 0; 0; 0; 0; 0; 0; 0; 0; 0; 68; 129; 0; 0; 0; 0; 0; 43; 0; 0; 236; 32; 9999
1991;10; 271; 0; 435; 0; 0; 0; 145; 91; 0; 0; 0; 0; 0; 0; 0; 0; 28; 0; 0; 318; 0; 0; 0; 0; 0; 0; 0; 0; 0; 0; 0
1991;11; 45; 107; 77; 0; 0; 0; 0; 0; 0; 140; 0; 0; 5; 9; 5; 0; 0; 0; 0; 0; 0; 0; 0; 0; 0; 0; 0; 0; 291; 196; 9999
1991;12; 18; 0; 0; 0; 0; 0; 151; 160; 231; 106; 438; 0; 41; 0; 23; 159; 3; 0; 100; 271; 0; 0; 44; 0; 29; 0; 0; 295; 0; 16; 10
1992;01; 3; 12; 79; 33; 21; 117; 0; 0; 0; 0; 0; 41; 0; 643; 0; 0; 93; 113; 59; 0; 330; 596; 963; 29; 0; 0; 0; 106; 44; 67; 163
1992;02; 31; 136; 268; 147; 55; 32; 16; 4; 0; 0; 0; 0; 0; 0; 0; 0; 0; 0; 0; 0; 0; 0; 0; 103; 0; 214; 81; 21; 62; 9999; 9999
1992;03; 321; 158; 0; 4; 16; 0; 0; 0; 0; 145; 220; 164; 0; 0; 0; 3; 1306; 33; 414; 3; 24; 0; 0; 0; 603; 102; 13; 0; 3; 224; 44
1992;04; 0; 0; 107; 0; 0; 0; 0; 10; 0; 0; 0; 0; 378; 146; 0; 0; 0; 0; 0; 77; 147; 16; 0; 0; 0; 434; 381; 0; 0; 5; 9999
1992;05; 0; 80; 0; 479; 0; 0; 25; 0; 0; 0; 0; 0; 0; 0; 0; 0; 0; 0; 0; 0; 0; 0; 196; 2; 0; 0; 0; 0; 0; 0; 0
1992;06; 0; 0; 0; 0; 0; 0; 0; 0; 0; 0; 0; 0; 0; 0; 0; 0; 0; 0; 0; 0; 0; 0; 0; 0; 0; 0; 0; 0; 0; 0; 9999
1992;07; 0; 0; 0; 0; 0; 0; 0; 4; 235; 0; 0; 0; 0; 0; 0; 0; 0; 0; 0; 0; 0; 0; 0; 0; 0; 0; 0; 0; 0; 0; 0
1992;08; 0; 0; 0; 0; 0; 0; 0; 0; 0; 0; 0; 0; 0; 0; 0; 0; 0; 0; 0; 0; 46; 0; 0; 116; 0; 0; 0; 0; 0; 0; 0
1992;09; 0; 0; 0; 19; 39; 104; 29; 0; 0; 0; 0; 33; 42; 0; 117; 362; 0; 470; 298; 0; 0; 0; 0; 0; 60; 53; 22; 234; 0; 0; 9999
1992;10; 0; 287; 245; 0; 0; 0; 0; 248; 194; 0; 0; 541; 190; 4; 0; 0; 111; 0; 33; 0; 0; 0; 0; 50; 215; 0; 58; 132; 468; 170; 126
1992;11; 0; 7; 9; 0; 53; 40; 7; 0; 428; 38; 0; 0; 5; 32; 0; 0; 26; 42; 0; 0; 135; 43; 174; 0; 85; 0; 14; 0; 0; 0; 9999
1992;12; 5; 47; 0; 0; 0; 20; 9; 0; 17; 0; 715; 170; 0; 0; 0; 0; 0; 93; 80; 0; 84; 0; 0; 0; 0; 0; 0; 0; 0; 0; 124
1993;01; 0; 0; 0; 73; 187; 0; 26; 30; 417; 131; 211; 81; 70; 87; 0; 0; 0; 0; 92; 11; 127; 0; 31; 0; 73; 278; 0; 0; 188; 0; 89
1993;02; 0; 92; 3; 219; 343; 311; 151; 408; 148; 11; 13; 342; 34; 252; 25; 51; 0; 42; 96; 129; 0; 48; 248; 16; 50; 18; 2; 51; 9999; 9999; 9999
1993;03; 98; 51; 32; 9; 0; 0; 0; 0; 0; 0; 0; 0; 0; 0; 345; 0; 0; 0; 32; 22; 105; 416; 362; 161; 757; 19; 0; 120; 41; 12; 0
1993;04; 0; 468; 7; 4; 0; 20; 0; 0; 203; 0; 0; 0; 0; 0; 3; 0; 0; 0; 0; 0; 0; 0; 0; 67; 0; 0; 0; 0; 0; 0; 9999
1993;05; 0; 0; 14; 55; 0; 118; 0; 0; 0; 0; 0; 0; 0; 0; 211; 0; 0; 0; 0; 0; 0; 0; 0; 0; 0; 0; 0; 0; 0; 0; 0
1993;06; 622; 0; 0; 0; 98; 24; 0; 0; 0; 0; 0; 0; 0; 0; 0; 0; 0; 0; 136; 0; 0; 0; 0; 0; 0; 0; 0; 0; 0; 0; 9999
1993;07; 0; 0; 0; 0; 0; 0; 0; 0; 0; 0; 0; 0; 0; 0; 0; 37; 0; 0; 0; 0; 0; 0; 0; 0; 0; 0; 0; 0; 0; 0; 0
1993;08; 0; 15; 0; 0; 0; 0; 0; 0; 0; 0; 0; 0; 0; 0; 11; 196; 0; 0; 0; 112; 0; 0; 0; 89; 13; 0; 0; 0; 0; 0; 0
1993;09; 0; 0; 0; 0; 0; 0; 0; 261; 0; 0; 3; 9; 0; 0; 84; 113; 0; 0; 0; 0; 0; 145; 0; 99; 121; 0; 102; 25; 0; 0; 9999
1993;10; 0; 327; 0; 0; 0; 0; 0; 0; 0; 0; 0; 0; 0; 0; 0; 292; 0; 59; 0; 0; 211; 0; 175; 0; 329; 18; 0; 0; 0; 0; 0
1993;11; 0; 0; 0; 0; 0; 0; 191; 90; 75; 0; 0; 0; 0; 0; 0; 0; 0; 123; 46; 0; 0; 0; 31; 0; 75; 0; 0; 9; 0; 0; 9999
1993;12; 0; 0; 0; 482; 57; 0; 0; 0; 71; 0; 64; 0; 0; 0; 0; 217; 61; 33; 99; 6; 0; 0; 0; 51; 259; 57; 3; 57; 554; 127; 37
1994;01; 20; 86; 53; 241; 8; 86; 43; 0; 174; 245; 0; 0; 59; 114; 40; 594; 0; 0; 27; 2; 407; 0; 51; 18; 327; 91; 40; 3; 0; 25; 0
1994;02; 0; 0; 0; 118; 0; 237; 0; 257; 0; 291; 0; 228; 39; 126; 88; 9; 154; 0; 0; 0; 0; 0; 0; 0; 91; 243; 359; 0; 9999; 9999; 9999
1994;03; 88; 220; 272; 0; 82; 7; 28; 8; 0; 0; 3; 269; 0; 0; 0; 0; 0; 68; 0; 553; 219; 0; 0; 0; 8; 22; 42; 60; 0; 0; 0
1994;04; 303; 23; 0; 0; 0; 0; 90; 13; 0; 0; 0; 0; 0; 0; 0; 0; 0; 0; 27; 0; 0; 631; 57; 99; 0; 0; 0; 144; 8; 0; 9999
1994;05; 0; 0; 0; 0; 0; 0; 0; 0; 0; 0; 0; 0; 41; 39; 352; 59; 0; 0; 0; 0; 0; 0; 0; 150; 0; 0; 0; 63; 0; 0; 0
1994;06; 0; 0; 0; 0; 0; 0; 0; 0; 0; 0; 0; 0; 0; 0; 0; 0; 0; 0; 0; 0; 0; 0; 82; 0; 5; 36; 0; 0; 0; 0; 9999
1994;07; 0; 0; 0; 0; 0; 0; 0; 0; 35; 0; 0; 0; 0; 0; 0; 0; 0; 0; 0; 0; 0; 0; 84; 37; 0; 0; 0; 0; 0; 0; 0
1994;08; 0; 0; 0; 0; 0; 0; 0; 0; 0; 0; 0; 0; 0; 0; 0; 0; 0; 0; 0; 0; 0; 0; 0; 0; 0; 0; 0; 0; 0; 0; 0
1994;09; 0; 0; 0; 0; 0; 0; 0; 0; 0; 0; 0; 0; 0; 0; 0; 0; 0; 0; 0; 0; 0; 0; 0; 0; 0; 0; 0; 0; 0; 0; 9999
1994;10; 60; 0; 0; 0; 0; 543; 119; 0; 0; 0; 0; 0; 0; 49; 0; 0; 69; 0; 0; 0; 22; 10; 68; 0; 239; 0; 69; 36; 259; 119; 0
1994;11; 0; 0; 5; 0; 6; 324; 47; 0; 0; 47; 0; 0; 0; 0; 0; 2; 40; 6; 300; 9; 0; 0; 0; 0; 0; 0; 0; 35; 548; 149; 9999
1994;12; 0; 0; 98; 0; 131; 70; 132; 185; 0; 4; 0; 64; 0; 0; 128; 0; 212; 82; 453; 4; 0; 30; 172; 153; 0; 0; 56; 18; 0; 13; 77
1995;01; 255; 225; 395; 375; 106; 13; 0; 0; 77; 25; 0; 26; 186; 0; 0; 0; 0; 0; 221; 11; 21; 125; 2; 0; 0; 0; 21; 8; 402; 70; 199
1995;02; 19; 337; 143; 890; 89; 0; 907; 291; 215; 35; 8; 509; 44; 148; 246; 36; 58; 136; 16; 139; 306; 0; 0; 0; 0; 0; 0; 0; 9999; 9999; 9999
1995;03; 0; 0; 0; 25; 251; 25; 70; 105; 386; 226; 0; 0; 186; 126; 255; 5; 0; 0; 0; 0; 0; 29; 0; 16; 289; 0; 0; 0; 0; 0; 93
1995;04; 638; 24; 0; 0; 0; 0; 0; 0; 529; 83; 0; 27; 36; 0; 0; 0; 0; 0; 0; 145; 24; 0; 0; 0; 0; 0; 7; 0; 0; 0; 9999
1995;05; 0; 0; 0; 0; 0; 85; 412; 2; 0; 0; 125; 0; 0; 0; 0; 0; 0; 0; 126; 0; 0; 0; 0; 0; 0; 0; 0; 0; 0; 0; 0
1995;06; 0; 0; 0; 0; 0; 0; 0; 0; 0; 0; 0; 0; 0; 0; 0; 0; 0; 24; 0; 0; 0; 0; 0; 0; 0; 173; 0; 0; 0; 0; 9999
1995;07; 0; 0; 0; 0; 0; 0; 0; 0; 0; 29; 116; 0; 0; 0; 0; 0; 0; 0; 0; 0; 0; 0; 0; 0; 0; 0; 0; 0; 0; 0; 0
1995;08; 0; 0; 0; 0; 0; 0; 0; 0; 0; 0; 0; 0; 0; 0; 0; 0; 0; 0; 0; 0; 0; 0; 0; 0; 0; 0; 0; 0; 0; 0; 0
1995;09; 0; 0; 0; 0; 0; 0; 0; 0; 0; 0; 0; 0; 0; 0; 0; 0; 0; 0; 8; 1; 0; 0; 0; 0; 102; 0; 261; 0; 0; 0; 9999
1995;10; 4; 261; 14; 0; 0; 27; 0; 103; 0; 0; 0; 0; 9; 849; 43; 4; 399; 143; 34; 0; 110; 0; 0; 0; 0; 0; 0; 0; 0; 0; 147
1995;11; 0; 2; 309; 9; 0; 0; 0; 0; 0; 0; 0; 547; 54; 303; 125; 0; 0; 0; 0; 0; 0; 0; 0; 106; 247; 0; 0; 13; 0; 0; 9999
1995;12; 0; 466; 0; 0; 0; 0; 0; 66; 0; 0; 0; 35; 614; 0; 0; 0; 0; 13; 314; 31; 153; 40; 144; 0; 0; 164; 103; 148; 146; 77; 13
1996;01; 0; 645; 458; 533; 32; 382; 355; 249; 612; 138; 0; 23; 295; 0; 0; 0; 0; 0; 58; 0; 248; 0; 0; 0; 0; 0; 0; 96; 0; 0; 11
1996;02; 40; 0; 19; 0; 0; 185; 124; 0; 0; 81; 0; 363; 0; 533; 103; 0; 0; 0; 0; 31; 58; 46; 0; 0; 7; 0; 0; 0; 0; 9999; 9999
1996;03; 0; 10; 353; 230; 64; 0; 18; 395; 246; 146; 64; 688; 6; 6; 0; 0; 64; 0; 14; 65; 16; 49; 0; 0; 0; 0; 0; 261; 0; 0; 62
1996;04; 121; 0; 0; 0; 0; 0; 0; 0; 0; 0; 48; 23; 0; 0; 0; 345; 613; 20; 0; 0; 0; 0; 0; 0; 0; 0; 0; 0; 0; 0; 9999
1996;05; 0; 0; 0; 0; 0; 0; 0; 0; 0; 33; 0; 0; 0; 0; 0; 208; 0; 0; 284; 0; 0; 0; 77; 0; 0; 0; 0; 0; 0; 0; 0
1996;06; 0; 0; 0; 0; 0; 0; 0; 0; 0; 0; 0; 0; 0; 0; 0; 0; 0; 0; 0; 0; 0; 0; 0; 0; 0; 0; 0; 79; 258; 0; 9999
1996;07; 0; 0; 0; 0; 0; 0; 0; 0; 0; 0; 0; 0; 0; 0; 0; 0; 0; 0; 0; 0; 0; 0; 0; 0; 0; 0; 0; 0; 0; 0; 0
1996;08; 0; 0; 0; 0; 0; 0; 0; 0; 0; 0; 68; 0; 0; 0; 3; 0; 0; 0; 0; 0; 0; 0; 0; 0; 0; 0; 0; 0; 0; 257; 0
1996;09; 0; 77; 0; 612; 92; 110; 18; 0; 0; 266; 33; 164; 0; 0; 0; 0; 48; 0; 0; 0; 0; 0; 0; 0; 0; 0; 0; 0; 0; 28; 9999
1996;10; 0; 0; 127; 120; 0; 0; 2; 0; 0; 109; 93; 1; 0; 71; 0; 0; 0; 0; 0; 0; 562; 0; 0; 6; 0; 252; 0; 218; 0; 0; 0
1996;11; 241; 0; 133; 192; 0; 0; 0; 0; 0; 0; 0; 0; 0; 6; 10; 86; 136; 216; 56; 546; 294; 805; 3; 0; 0; 4; 0; 0; 0; 0; 9999
1996;12; 36; 0; 217; 0; 6; 0; 31; 54; 0; 0; 0; 269; 130; 181; 0; 17; 247; 308; 0; 0; 329; 390; 233; 188; 0; 0; 0; 0; 82; 198; 40
1997;01; 114; 592; 288; 62; 114; 68; 309; 43; 128; 68; 102; 29; 113; 223; 46; 7; 130; 54; 54; 0; 1; 0; 43; 110; 258; 385; 162; 152; 59; 0; 35
1997;02; 15; 86; 74; 0; 0; 0; 11; 0; 0; 0; 0; 0; 390; 45; 84; 138; 63; 255; 258; 2; 43; 0; 0; 0; 58; 0; 0; 31; 9999; 9999; 9999
1997;03; 0; 53; 0; 37; 100; 36; 0; 505; 117; 32; 0; 0; 0; 0; 15; 17; 11; 0; 2; 0; 281; 0; 0; 0; 0; 0; 0; 0; 0; 126; 43
1997;04; 195; 0; 0; 0; 0; 0; 0; 0; 0; 0; 0; 0; 0; 0; 0; 0; 8; 322; 0; 44; 104; 0; 3; 163; 0; 0; 5; 0; 0; 0; 9999
1997;05; 0; 0; 0; 0; 0; 0; 0; 0; 0; 0; 0; 0; 0; 0; 0; 6; 19; 0; 0; 0; 0; 0; 223; 0; 534; 0; 0; 0; 103; 0; 0
1997;06; 0; 0; 0; 341; 125; 374; 8; 0; 0; 0; 0; 123; 20; 0; 173; 297; 0; 0; 0; 0; 0; 0; 0; 0; 0; 0; 0; 0; 0; 0; 9999
1997;07; 0; 0; 0; 0; 0; 0; 0; 0; 0; 0; 0; 0; 0; 0; 0; 0; 0; 0; 0; 0; 0; 60; 0; 0; 0; 0; 0; 0; 0; 0; 0
1997;08; 0; 0; 0; 0; 0; 0; 0; 0; 0; 0; 0; 0; 0; 0; 0; 0; 0; 0; 0; 0; 0; 0; 0; 0; 0; 0; 0; 0; 0; 0; 0
1997;09; 0; 0; 0; 0; 0; 0; 0; 0; 0; 0; 0; 0; 0; 12; 0; 0; 0; 0; 16; 0; 117; 0; 0; 0; 0; 44; 0; 0; 0; 0; 9999
1997;10; 376; 0; 0; 0; 0; 95; 63; 0; 0; 0; 0; 0; 0; 0; 0; 0; 217; 0; 0; 91; 219; 183; 0; 0; 0; 13; 362; 0; 0; 0; 0
1997;11; 0; 41; 0; 0; 88; 54; 232; 141; 0; 0; 0; 46; 0; 151; 580; 27; 137; 156; 345; 0; 0; 119; 0; 0; 2; 15; 144; 376; 336; 0; 9999
1997;12; 94; 359; 96; 8; 0; 0; 381; 83; 26; 0; 0; 0; 0; 454; 257; 59; 0; 21; 0; 0; 220; 145; 0; 37; 206; 724; 77; 0; 0; 32; 12
