33
Ano,Mes,1,2,3,4,5,6,7,8,9,10,11,12,13,14,15,16,17,18,19,20,21,22,23,24,25,26,27,28,29,30,31
1970;06; 9999; 9999; 9999; 9999; 9999; 9999; 9999; 9999; 9999; 9999; 0; 0; 0; 0; 3; 1; 0; 0; 112; 0; 0; 0; 19; 344; 13; 0; 13; 0; 0; 169; 9999
1970;07; 0; 0; 0; 0; 0; 0; 0; 0; 0; 0; 19; 36; 60; 13; 0; 0; 0; 0; 0; 0; 0; 0; 0; 0; 0; 0; 15; 0; 0; 0; 0
1970;08; 0; 0; 0; 0; 0; 0; 0; 0; 0; 0; 0; 0; 0; 0; 0; 0; 0; 0; 0; 0; 0; 0; 0; 0; 0; 26; 152; 153; 1; 0; 252
1970;09; 0; 0; 0; 0; 0; 0; 121; 0; 0; 0; 0; 33; 207; 32; 34; 7; 0; 0; 0; 32; 123; 10; 0; 0; 0; 0; 0; 0; 0; 0; 9999
1970;10; 0; 370; 142; 10; 13; 0; 0; 0; 134; 0; 0; 0; 120; 0; 0; 0; 0; 0; 0; 0; 11; 0; 0; 0; 0; 0; 0; 0; 0; 241; 0
1970;11; 0; 0; 0; 0; 0; 0; 0; 249; 121; 0; 0; 0; 0; 34; 21; 0; 0; 0; 0; 0; 0; 31; 0; 0; 0; 0; 0; 0; 0; 114; 9999
1970;12; 84; 0; 0; 0; 0; 0; 0; 0; 0; 120; 119; 0; 0; 0; 0; 0; 0; 35; 47; 41; 35; 0; 0; 0; 105; 0; 10; 0; 0; 12; 0
1971;01; 33; 0; 179; 38; 0; 657; 20; 3; 64; 75; 0; 0; 8; 0; 11; 0; 0; 0; 0; 0; 0; 10; 0; 0; 0; 0; 0; 9; 3; 11; 208
1971;02; 34; 0; 0; 21; 0; 0; 83; 0; 0; 0; 11; 0; 500; 10; 13; 0; 0; 0; 17; 280; 21; 19; 5; 0; 7; 192; 0; 135; 9999; 9999; 9999
1971;03; 0; 0; 0; 0; 21; 26; 158; 0; 86; 0; 0; 116; 58; 0; 0; 0; 10; 0; 0; 0; 161; 21; 22; 161; 0; 0; 2; 28; 20; 0; 0
1971;04; 0; 0; 0; 0; 0; 0; 0; 0; 0; 10; 0; 0; 0; 0; 0; 0; 0; 0; 0; 0; 180; 361; 73; 10; 0; 0; 0; 0; 0; 0; 9999
1971;05; 0; 0; 351; 8; 141; 2; 0; 0; 0; 0; 0; 0; 0; 0; 0; 0; 0; 0; 0; 0; 0; 0; 0; 0; 0; 57; 2; 0; 0; 0; 0
1971;06; 0; 0; 0; 0; 0; 0; 0; 0; 0; 0; 7; 195; 115; 5; 0; 221; 3; 0; 293; 161; 2; 0; 0; 0; 0; 0; 0; 0; 0; 0; 9999
1971;07; 0; 0; 0; 0; 443; 0; 0; 0; 0; 0; 0; 0; 0; 0; 0; 0; 0; 0; 0; 0; 0; 0; 0; 0; 0; 0; 0; 0; 0; 191; 3
1971;08; 0; 0; 0; 0; 0; 0; 0; 0; 0; 0; 0; 0; 0; 0; 0; 0; 0; 0; 0; 0; 0; 0; 0; 0; 0; 0; 0; 0; 0; 0; 0
1971;09; 0; 0; 0; 0; 0; 0; 114; 3; 106; 0; 0; 135; 0; 0; 0; 0; 0; 0; 0; 0; 0; 0; 0; 22; 231; 41; 4; 0; 0; 0; 9999
1971;10; 81; 0; 98; 0; 0; 0; 140; 185; 0; 0; 243; 122; 39; 0; 0; 20; 0; 0; 0; 0; 0; 0; 0; 0; 0; 11; 0; 0; 5; 0; 0
1971;11; 57; 421; 0; 0; 0; 0; 0; 0; 13; 0; 0; 0; 19; 73; 0; 0; 0; 2; 52; 0; 0; 0; 0; 0; 0; 0; 0; 0; 0; 31; 9999
1971;12; 54; 0; 41; 152; 0; 0; 0; 264; 106; 110; 7; 98; 0; 540; 0; 0; 0; 0; 170; 23; 0; 1; 820; 820; 0; 21; 280; 45; 0; 66; 0
1972;01; 14; 322; 123; 0; 49; 0; 6; 711; 0; 333; 2; 61; 0; 21; 57; 0; 0; 0; 0; 0; 0; 80; 253; 548; 1; 151; 149; 110; 317; 59; 8
1972;02; 229; 0; 30; 17; 13; 0; 11; 60; 37; 0; 7; 88; 243; 137; 81; 163; 3; 0; 0; 576; 339; 363; 175; 81; 34; 153; 14; 0; 0; 9999; 9999
1972;03; 0; 0; 14; 0; 108; 30; 3; 0; 0; 4; 117; 0; 0; 0; 0; 0; 0; 0; 434; 0; 14; 0; 59; 25; 0; 168; 0; 0; 0; 0; 0
1972;04; 98; 44; 95; 12; 0; 0; 0; 0; 0; 0; 0; 0; 0; 0; 68; 0; 0; 0; 0; 0; 0; 0; 0; 0; 0; 0; 35; 0; 0; 0; 9999
1972;05; 0; 0; 0; 0; 0; 0; 0; 26; 0; 0; 0; 0; 0; 0; 0; 0; 0; 0; 0; 0; 0; 0; 153; 100; 485; 0; 0; 0; 0; 0; 0
1972;06; 0; 0; 0; 0; 0; 0; 0; 0; 0; 0; 0; 0; 0; 0; 0; 0; 0; 0; 18; 0; 0; 0; 0; 0; 0; 0; 0; 0; 0; 0; 9999
1972;07; 0; 0; 0; 0; 0; 0; 0; 200; 0; 61; 0; 231; 370; 0; 12; 192; 53; 0; 0; 0; 0; 0; 0; 0; 0; 0; 53; 0; 0; 0; 0
1972;08; 0; 0; 0; 77; 37; 24; 73; 0; 0; 0; 0; 0; 70; 0; 0; 0; 0; 0; 0; 0; 0; 0; 16; 79; 0; 0; 0; 0; 0; 49; 0
1972;09; 0; 0; 0; 0; 0; 40; 0; 0; 0; 0; 203; 33; 0; 0; 0; 0; 0; 0; 0; 0; 0; 0; 132; 99; 71; 20; 0; 302; 76; 4; 9999
1972;10; 0; 175; 100; 267; 268; 0; 97; 0; 0; 2; 442; 1; 0; 0; 118; 0; 0; 0; 0; 0; 0; 0; 0; 0; 0; 0; 0; 11; 21; 17; 0
1972;11; 9; 44; 0; 0; 0; 0; 0; 161; 18; 4; 44; 5; 0; 69; 0; 356; 0; 97; 63; 104; 294; 0; 0; 0; 0; 147; 0; 0; 0; 0; 9999
1972;12; 123; 0; 2; 80; 300; 0; 0; 0; 0; 0; 0; 0; 0; 0; 0; 0; 0; 0; 107; 0; 0; 74; 337; 25; 0; 5; 0; 0; 0; 62; 0
1973;01; 0; 0; 0; 0; 0; 82; 0; 0; 70; 1; 0; 0; 26; 6; 0; 283; 23; 0; 0; 51; 0; 51; 323; 69; 0; 223; 0; 0; 0; 0; 0
1973;02; 0; 0; 19; 53; 91; 11; 206; 0; 0; 0; 0; 0; 0; 119; 258; 107; 102; 0; 0; 20; 0; 0; 81; 0; 0; 0; 0; 61; 9999; 9999; 9999
1973;03; 0; 34; 0; 0; 160; 0; 0; 95; 41; 23; 0; 0; 0; 0; 0; 0; 0; 0; 0; 0; 0; 274; 0; 72; 0; 68; 0; 0; 0; 489; 212
1973;04; 0; 73; 156; 0; 0; 0; 0; 6; 0; 81; 1; 19; 0; 0; 0; 0; 0; 0; 65; 0; 117; 0; 300; 0; 0; 0; 0; 0; 0; 0; 9999
1973;05; 0; 0; 291; 4; 0; 11; 0; 0; 0; 63; 0; 46; 0; 0; 0; 0; 0; 0; 0; 0; 0; 143; 0; 0; 80; 0; 0; 0; 0; 0; 0
1973;06; 0; 0; 0; 0; 0; 0; 0; 0; 0; 27; 0; 0; 0; 0; 0; 0; 0; 57; 7; 0; 0; 0; 0; 0; 10; 0; 1; 17; 0; 0; 9999
1973;07; 0; 1; 93; 0; 0; 0; 0; 0; 0; 0; 0; 0; 0; 0; 0; 0; 0; 0; 0; 0; 0; 6; 0; 0; 0; 0; 0; 62; 0; 0; 0
1973;08; 0; 0; 0; 0; 0; 40; 0; 0; 0; 0; 0; 0; 0; 0; 0; 0; 0; 0; 0; 0; 0; 0; 0; 0; 0; 2; 0; 19; 0; 0; 0
1973;09; 0; 395; 0; 0; 0; 0; 0; 0; 0; 10; 0; 0; 0; 0; 0; 0; 0; 0; 0; 0; 0; 0; 0; 0; 0; 140; 80; 0; 0; 0; 9999
1973;10; 0; 0; 0; 0; 0; 0; 319; 0; 137; 84; 0; 111; 0; 0; 0; 0; 0; 107; 216; 0; 0; 0; 0; 24; 0; 0; 35; 0; 0; 55; 179
1973;11; 82; 81; 0; 0; 0; 0; 0; 0; 0; 0; 1; 25; 57; 52; 0; 0; 29; 76; 309; 0; 0; 0; 0; 0; 30; 0; 0; 0; 0; 0; 9999
1973;12; 0; 0; 0; 226; 111; 30; 470; 473; 35; 0; 0; 0; 0; 0; 0; 92; 27; 141; 0; 0; 455; 285; 0; 152; 42; 18; 0; 155; 71; 381; 474
1974;01; 220; 5; 0; 0; 80; 0; 1; 52; 28; 0; 125; 348; 102; 562; 316; 181; 81; 621; 0; 221; 0; 0; 19; 0; 176; 0; 53; 0; 198; 0; 0
1974;02; 81; 227; 33; 0; 194; 15; 0; 0; 30; 0; 0; 0; 7; 59; 13; 147; 0; 0; 5; 0; 0; 193; 0; 100; 0; 0; 0; 0; 9999; 9999; 9999
1974;03; 0; 0; 0; 176; 141; 0; 49; 152; 139; 49; 62; 457; 85; 21; 84; 0; 488; 639; 506; 562; 0; 94; 0; 373; 186; 22; 0; 26; 0; 0; 0
1974;04; 0; 4; 0; 61; 0; 0; 0; 0; 0; 0; 0; 0; 0; 0; 0; 0; 0; 0; 0; 0; 0; 0; 0; 1; 10; 95; 0; 0; 0; 0; 9999
1974;05; 0; 0; 0; 0; 0; 0; 0; 0; 0; 0; 0; 0; 53; 0; 0; 0; 122; 0; 192; 39; 0; 0; 0; 0; 0; 0; 52; 0; 0; 0; 0
1974;06; 0; 0; 6; 12; 83; 0; 1; 0; 0; 0; 0; 369; 57; 0; 0; 0; 0; 0; 0; 0; 0; 238; 2; 0; 95; 0; 227; 0; 0; 0; 9999
1974;07; 0; 0; 0; 0; 0; 0; 0; 0; 0; 0; 0; 0; 0; 0; 0; 0; 0; 0; 0; 0; 0; 0; 0; 0; 0; 0; 0; 0; 0; 0; 0
1974;08; 0; 0; 0; 0; 0; 0; 0; 0; 0; 0; 0; 0; 0; 0; 0; 33; 0; 3; 0; 0; 0; 0; 0; 0; 0; 0; 0; 0; 0; 0; 0
1974;09; 0; 0; 0; 0; 0; 0; 0; 0; 0; 0; 0; 0; 0; 0; 0; 0; 0; 0; 0; 0; 7; 0; 0; 0; 0; 0; 29; 0; 312; 0; 9999
1974;10; 0; 130; 0; 0; 181; 0; 1; 0; 45; 5; 0; 0; 0; 0; 0; 0; 41; 0; 35; 221; 0; 10; 0; 0; 237; 2; 0; 0; 0; 45; 0
1974;11; 0; 0; 0; 0; 0; 82; 21; 0; 0; 0; 0; 0; 153; 0; 0; 0; 0; 0; 0; 0; 298; 5; 0; 0; 0; 0; 8; 112; 7; 0; 9999
1974;12; 0; 0; 41; 4; 42; 91; 21; 0; 0; 0; 0; 0; 6; 10; 130; 20; 165; 300; 293; 23; 200; 183; 37; 231; 0; 0; 0; 88; 134; 21; 151
1975;01; 327; 64; 0; 0; 0; 0; 91; 0; 0; 0; 0; 133; 151; 0; 13; 0; 0; 0; 0; 0; 0; 0; 0; 5; 37; 43; 0; 271; 0; 280; 10
1975;02; 0; 143; 205; 11; 230; 71; 195; 144; 0; 113; 0; 0; 0; 0; 0; 0; 126; 23; 0; 14; 0; 197; 360; 0; 0; 39; 0; 69; 9999; 9999; 9999
1975;03; 0; 0; 0; 0; 0; 0; 112; 0; 263; 127; 0; 0; 0; 0; 0; 0; 0; 88; 0; 0; 0; 0; 0; 363; 83; 0; 0; 0; 0; 0; 53
1975;04; 0; 0; 0; 0; 0; 0; 0; 0; 0; 201; 347; 0; 0; 0; 312; 0; 0; 0; 0; 0; 0; 0; 0; 0; 0; 0; 0; 0; 0; 0; 9999
1975;05; 26; 0; 0; 0; 0; 0; 6; 0; 0; 0; 0; 0; 0; 0; 0; 0; 0; 0; 0; 0; 0; 0; 0; 0; 0; 0; 0; 0; 0; 0; 0
1975;06; 0; 0; 0; 0; 0; 0; 0; 0; 0; 0; 0; 0; 0; 0; 0; 0; 0; 0; 0; 0; 0; 0; 0; 0; 0; 0; 0; 0; 0; 0; 9999
1975;07; 0; 0; 0; 200; 0; 95; 0; 0; 0; 0; 0; 0; 0; 0; 0; 0; 11; 33; 0; 0; 0; 0; 0; 0; 0; 0; 0; 0; 0; 0; 0
1975;08; 0; 0; 0; 0; 0; 0; 0; 0; 0; 0; 0; 0; 0; 0; 0; 0; 0; 0; 0; 0; 0; 0; 0; 0; 0; 0; 0; 0; 0; 0; 0
1975;09; 0; 0; 0; 0; 0; 0; 0; 0; 0; 0; 0; 0; 0; 0; 0; 0; 0; 0; 0; 0; 0; 0; 0; 0; 17; 0; 297; 0; 0; 275; 9999
1975;10; 63; 0; 84; 284; 25; 117; 0; 148; 0; 0; 0; 16; 0; 0; 213; 0; 24; 216; 102; 0; 0; 0; 0; 0; 0; 0; 0; 0; 0; 35; 0
1975;11; 0; 16; 0; 0; 0; 0; 68; 0; 0; 53; 0; 0; 0; 0; 0; 8; 3; 2; 62; 223; 421; 113; 0; 14; 147; 257; 40; 17; 18; 182; 9999
1975;12; 651; 71; 373; 116; 0; 0; 0; 0; 0; 121; 0; 9; 41; 22; 0; 0; 0; 54; 112; 0; 0; 0; 0; 104; 667; 313; 13; 0; 0; 51; 0
1976;01; 177; 240; 25; 13; 200; 7; 0; 13; 0; 0; 25; 21; 0; 0; 0; 31; 66; 0; 0; 512; 21; 19; 0; 0; 0; 115; 3; 42; 560; 1; 0
1976;02; 57; 161; 289; 39; 0; 40; 191; 82; 180; 3; 0; 0; 0; 0; 0; 4; 173; 169; 9; 6; 83; 349; 69; 55; 0; 0; 35; 0; 33; 9999; 9999
1976;03; 2; 331; 415; 308; 0; 0; 0; 0; 0; 21; 0; 133; 0; 10; 276; 0; 13; 43; 682; 543; 67; 11; 0; 2; 0; 12; 20; 0; 0; 0; 0
1976;04; 0; 0; 0; 0; 0; 0; 0; 0; 0; 121; 171; 139; 33; 75; 75; 0; 0; 0; 0; 0; 0; 0; 10; 0; 0; 0; 0; 0; 0; 0; 9999
1976;05; 0; 0; 0; 0; 256; 0; 0; 0; 0; 1; 0; 24; 0; 0; 0; 0; 5; 191; 42; 35; 53; 7; 0; 0; 0; 0; 0; 4; 363; 0; 0
1976;06; 0; 0; 0; 0; 182; 426; 0; 0; 0; 0; 0; 0; 0; 0; 0; 0; 0; 0; 0; 0; 0; 0; 0; 0; 0; 0; 0; 0; 0; 0; 9999
1976;07; 0; 0; 263; 3; 0; 0; 0; 0; 67; 38; 0; 0; 0; 0; 0; 0; 0; 0; 0; 0; 0; 0; 0; 0; 0; 0; 0; 0; 0; 0; 0
1976;08; 0; 0; 0; 0; 0; 0; 0; 0; 0; 121; 13; 8; 52; 371; 0; 0; 0; 3; 170; 73; 0; 0; 0; 0; 0; 0; 0; 0; 0; 0; 0
1976;09; 0; 0; 0; 0; 15; 133; 67; 0; 0; 0; 0; 9; 25; 13; 41; 296; 0; 0; 0; 0; 0; 0; 0; 0; 0; 47; 343; 0; 0; 0; 9999
1976;10; 0; 0; 0; 0; 32; 221; 0; 0; 613; 468; 0; 0; 0; 0; 0; 0; 0; 37; 119; 9; 0; 0; 0; 0; 51; 11; 0; 0; 0; 0; 11
1976;11; 74; 0; 0; 0; 0; 179; 0; 0; 0; 0; 0; 0; 0; 0; 0; 283; 0; 0; 0; 737; 248; 0; 0; 0; 0; 754; 384; 5; 97; 0; 9999
1976;12; 89; 178; 0; 0; 103; 0; 0; 12; 6; 63; 0; 3; 8; 68; 0; 57; 53; 60; 0; 0; 13; 0; 160; 337; 40; 84; 24; 423; 0; 0; 0
1977;01; 0; 95; 0; 0; 110; 68; 280; 141; 11; 0; 0; 5; 0; 0; 61; 0; 95; 110; 192; 1279; 0; 0; 54; 15; 166; 155; 127; 342; 0; 6; 68
1977;02; 140; 150; 0; 21; 117; 0; 0; 0; 0; 0; 0; 21; 0; 0; 0; 0; 0; 0; 0; 0; 0; 0; 0; 7; 38; 15; 20; 0; 9999; 9999; 9999
1977;03; 0; 0; 9; 0; 155; 0; 0; 228; 115; 0; 0; 0; 0; 87; 0; 160; 0; 0; 0; 0; 218; 115; 0; 6; 0; 0; 0; 0; 137; 83; 120
1977;04; 292; 0; 0; 43; 163; 0; 0; 0; 243; 160; 0; 0; 0; 0; 0; 0; 0; 0; 46; 42; 15; 0; 0; 0; 0; 0; 0; 0; 0; 0; 9999
1977;05; 0; 0; 0; 0; 0; 0; 0; 0; 0; 6; 0; 0; 0; 0; 0; 21; 0; 0; 0; 0; 0; 0; 0; 0; 0; 0; 0; 0; 0; 0; 0
1977;06; 3; 7; 0; 1; 413; 0; 0; 0; 0; 0; 0; 0; 0; 0; 46; 73; 1; 0; 0; 0; 0; 65; 13; 0; 0; 0; 0; 0; 0; 0; 9999
1977;07; 0; 0; 0; 0; 0; 0; 0; 0; 0; 0; 0; 0; 0; 0; 0; 0; 0; 31; 0; 0; 0; 0; 0; 6; 23; 0; 0; 0; 0; 0; 0
1977;08; 0; 0; 0; 0; 0; 0; 0; 0; 0; 0; 0; 0; 0; 0; 0; 0; 0; 0; 0; 0; 0; 0; 0; 0; 0; 0; 0; 0; 0; 36; 215
1977;09; 106; 112; 0; 0; 0; 0; 248; 105; 0; 0; 0; 0; 0; 0; 0; 0; 0; 0; 0; 0; 56; 0; 0; 179; 2; 0; 0; 0; 0; 0; 9999
1977;10; 0; 19; 0; 0; 0; 0; 0; 0; 0; 0; 0; 19; 0; 0; 0; 0; 332; 0; 0; 0; 0; 0; 0; 0; 0; 0; 123; 349; 374; 0; 0
1977;11; 0; 260; 0; 0; 0; 0; 0; 0; 193; 0; 33; 21; 368; 0; 163; 98; 229; 0; 198; 0; 76; 0; 203; 0; 59; 0; 0; 18; 89; 15; 9999
1977;12; 7; 867; 350; 513; 89; 182; 0; 457; 0; 337; 291; 0; 0; 0; 0; 0; 0; 0; 71; 101; 52; 115; 327; 339; 0; 0; 0; 0; 0; 0; 0
1978;01; 473; 160; 0; 0; 0; 0; 282; 274; 3; 137; 94; 52; 274; 35; 96; 16; 0; 0; 0; 0; 0; 64; 0; 0; 0; 0; 0; 0; 0; 0; 0
1978;02; 0; 0; 0; 0; 0; 0; 35; 0; 0; 0; 0; 265; 0; 0; 0; 0; 0; 8; 0; 0; 0; 112; 288; 0; 0; 10; 824; 18; 9999; 9999; 9999
1978;03; 0; 0; 108; 102; 0; 0; 0; 50; 382; 311; 260; 0; 0; 52; 13; 0; 0; 0; 0; 0; 0; 0; 0; 0; 0; 0; 0; 110; 0; 0; 0
1978;04; 7; 0; 0; 19; 0; 0; 0; 0; 0; 0; 0; 0; 0; 0; 0; 0; 0; 0; 0; 0; 195; 0; 0; 0; 0; 0; 0; 0; 0; 0; 9999
1978;05; 0; 0; 0; 0; 0; 0; 0; 0; 0; 0; 0; 0; 0; 0; 0; 0; 150; 410; 116; 0; 176; 0; 125; 0; 0; 0; 0; 0; 0; 131; 15
1978;06; 0; 0; 0; 0; 0; 0; 0; 0; 195; 0; 0; 0; 0; 0; 0; 0; 0; 0; 0; 0; 0; 0; 0; 0; 0; 0; 0; 0; 0; 0; 9999
1978;07; 0; 0; 0; 0; 0; 0; 0; 0; 0; 0; 0; 0; 0; 0; 0; 197; 0; 112; 0; 0; 510; 15; 0; 0; 0; 0; 0; 0; 0; 0; 0
1978;08; 0; 0; 0; 0; 0; 0; 0; 0; 0; 0; 0; 0; 0; 0; 0; 0; 0; 0; 0; 0; 0; 0; 0; 0; 0; 0; 0; 0; 0; 0; 0
1978;09; 0; 0; 0; 0; 0; 209; 0; 100; 0; 0; 0; 0; 0; 0; 298; 0; 32; 0; 0; 0; 0; 0; 0; 0; 0; 0; 0; 0; 0; 0; 9999
1978;10; 0; 0; 0; 0; 0; 0; 0; 0; 0; 0; 43; 0; 0; 131; 0; 0; 47; 0; 310; 0; 0; 0; 0; 0; 0; 0; 277; 0; 33; 360; 115
1978;11; 0; 0; 0; 71; 448; 0; 0; 0; 0; 0; 258; 61; 0; 0; 0; 0; 8; 0; 0; 0; 42; 197; 16; 0; 0; 0; 108; 0; 182; 0; 9999
1978;12; 0; 0; 0; 0; 0; 0; 92; 570; 1306; 0; 0; 0; 0; 0; 160; 0; 154; 29; 0; 0; 0; 0; 0; 95; 30; 339; 725; 103; 164; 0; 0
1979;01; 85; 150; 0; 0; 0; 0; 0; 0; 0; 0; 168; 37; 0; 0; 0; 0; 0; 0; 0; 0; 0; 0; 0; 0; 50; 801; 0; 148; 143; 0; 0
1979;02; 0; 0; 0; 0; 0; 0; 0; 8; 0; 307; 427; 46; 21; 225; 48; 0; 0; 33; 0; 0; 0; 0; 188; 72; 0; 0; 0; 0; 9999; 9999; 9999
1979;03; 0; 0; 146; 0; 0; 0; 0; 0; 0; 143; 487; 0; 165; 196; 245; 0; 0; 0; 0; 70; 0; 0; 0; 126; 0; 0; 0; 0; 0; 0; 0
1979;04; 0; 0; 0; 0; 307; 0; 0; 0; 0; 0; 0; 0; 0; 0; 62; 0; 0; 0; 0; 0; 0; 0; 0; 0; 0; 0; 0; 0; 0; 143; 9999
1979;05; 217; 0; 0; 456; 7; 0; 0; 22; 0; 17; 0; 0; 0; 0; 0; 0; 0; 0; 0; 0; 0; 0; 0; 0; 0; 0; 0; 0; 0; 156; 0
1979;06; 0; 0; 0; 0; 0; 0; 0; 0; 0; 0; 0; 0; 0; 0; 0; 0; 0; 0; 0; 0; 0; 0; 0; 0; 0; 0; 0; 0; 0; 0; 9999
1979;07; 0; 0; 0; 28; 0; 0; 0; 0; 0; 0; 0; 0; 0; 0; 0; 0; 0; 0; 0; 141; 0; 0; 0; 0; 0; 0; 28; 0; 0; 0; 0
1979;08; 0; 0; 0; 0; 0; 0; 0; 0; 0; 0; 0; 0; 25; 0; 0; 0; 0; 30; 160; 17; 0; 0; 0; 0; 0; 0; 210; 0; 0; 97; 0
1979;09; 0; 0; 17; 0; 0; 0; 0; 0; 0; 0; 168; 22; 0; 248; 506; 211; 0; 66; 0; 0; 0; 0; 111; 28; 0; 0; 0; 0; 0; 0; 9999
1979;10; 0; 0; 0; 0; 0; 0; 0; 0; 177; 0; 0; 0; 0; 305; 184; 0; 0; 0; 0; 0; 0; 0; 0; 0; 0; 17; 123; 0; 0; 0; 168
1979;11; 0; 81; 247; 0; 0; 0; 1019; 128; 99; 39; 151; 0; 0; 0; 0; 0; 0; 0; 221; 0; 0; 0; 135; 0; 0; 80; 0; 0; 0; 0; 9999
1979;12; 0; 0; 30; 27; 46; 0; 0; 0; 0; 0; 0; 664; 849; 25; 291; 392; 13; 0; 0; 9; 0; 129; 16; 134; 141; 0; 994; 0; 0; 31; 62
1980;01; 48; 0; 0; 0; 0; 0; 268; 0; 0; 0; 184; 22; 4; 0; 0; 0; 0; 0; 166; 27; 0; 11; 152; 0; 357; 216; 46; 0; 0; 0; 0
1980;02; 0; 0; 0; 0; 0; 0; 0; 0; 83; 14; 75; 203; 170; 0; 64; 0; 103; 143; 138; 0; 0; 0; 43; 229; 198; 155; 284; 81; 296; 9999; 9999
1980;03; 166; 0; 0; 0; 0; 0; 0; 0; 0; 0; 0; 0; 31; 192; 52; 210; 61; 0; 0; 0; 0; 0; 0; 0; 0; 0; 0; 0; 0; 0; 0
1980;04; 0; 0; 87; 17; 289; 145; 0; 0; 0; 92; 0; 0; 42; 7; 436; 4; 0; 0; 0; 0; 0; 0; 0; 0; 0; 0; 0; 0; 0; 0; 9999
1980;05; 0; 88; 0; 0; 0; 0; 0; 0; 0; 0; 156; 0; 0; 0; 0; 0; 0; 0; 0; 0; 0; 55; 0; 0; 0; 0; 0; 0; 0; 0; 0
1980;06; 0; 0; 0; 0; 0; 0; 0; 0; 0; 0; 0; 0; 0; 0; 0; 0; 0; 0; 0; 0; 0; 63; 0; 0; 167; 738; 143; 0; 0; 0; 9999
1980;07; 0; 0; 0; 0; 0; 0; 0; 0; 0; 0; 0; 0; 0; 0; 0; 0; 0; 0; 0; 0; 0; 0; 0; 0; 0; 0; 0; 0; 0; 0; 0
1980;08; 0; 0; 0; 0; 0; 0; 84; 0; 0; 0; 0; 0; 0; 0; 0; 0; 0; 0; 0; 0; 0; 0; 0; 0; 0; 0; 0; 0; 0; 0; 0
1980;09; 0; 0; 0; 0; 0; 0; 0; 0; 0; 46; 0; 0; 169; 0; 0; 31; 0; 21; 0; 73; 31; 53; 0; 0; 0; 0; 0; 247; 0; 0; 9999
1980;10; 0; 0; 0; 0; 0; 0; 0; 0; 132; 0; 22; 273; 0; 0; 0; 0; 0; 0; 0; 0; 0; 0; 0; 0; 0; 0; 0; 0; 66; 0; 26
1980;11; 0; 0; 0; 0; 46; 0; 226; 540; 139; 0; 0; 0; 0; 0; 0; 0; 0; 0; 0; 0; 0; 0; 0; 242; 0; 0; 0; 0; 112; 371; 9999
1980;12; 265; 80; 0; 89; 0; 60; 0; 95; 0; 0; 0; 0; 223; 213; 14; 0; 0; 0; 0; 0; 76; 9; 179; 76; 145; 243; 0; 236; 140; 125; 175
1981;01; 0; 0; 0; 0; 432; 0; 25; 151; 0; 282; 11; 9999; 43; 16; 133; 91; 0; 0; 0; 110; 413; 194; 255; 104; 0; 0; 0; 0; 0; 0; 54
1981;02; 0; 0; 0; 0; 132; 0; 86; 600; 0; 343; 0; 22; 0; 4; 37; 0; 0; 0; 0; 9; 384; 28; 0; 0; 0; 0; 0; 0; 9999; 9999; 9999
1981;03; 0; 0; 0; 0; 149; 0; 408; 30; 0; 0; 0; 0; 0; 0; 0; 8; 8; 623; 0; 0; 0; 0; 0; 0; 0; 0; 30; 153; 812; 2; 0
1981;04; 0; 0; 0; 0; 0; 0; 0; 0; 0; 0; 0; 0; 0; 0; 0; 114; 21; 0; 0; 0; 0; 0; 0; 71; 0; 0; 0; 311; 0; 0; 9999
1981;05; 0; 0; 0; 0; 0; 0; 0; 0; 0; 0; 0; 0; 0; 0; 0; 0; 0; 0; 398; 0; 0; 0; 0; 0; 0; 0; 0; 103; 0; 0; 0
1981;06; 0; 0; 0; 0; 0; 0; 441; 6; 0; 0; 0; 0; 0; 0; 0; 46; 252; 0; 0; 0; 0; 0; 0; 0; 0; 0; 0; 0; 0; 0; 9999
1981;07; 0; 0; 0; 0; 0; 0; 0; 0; 0; 0; 0; 0; 0; 0; 0; 0; 0; 0; 0; 0; 0; 0; 0; 0; 0; 0; 0; 0; 0; 0; 0
1981;08; 0; 0; 0; 0; 0; 0; 0; 0; 0; 0; 0; 0; 0; 0; 0; 0; 0; 20; 0; 0; 0; 0; 0; 0; 0; 0; 0; 0; 0; 0; 0
1981;09; 0; 0; 0; 0; 0; 0; 0; 0; 0; 0; 0; 0; 0; 0; 0; 0; 0; 0; 0; 0; 0; 0; 0; 0; 0; 68; 0; 0; 0; 0; 9999
1981;10; 0; 0; 0; 30; 0; 0; 41; 0; 0; 0; 26; 0; 479; 0; 0; 320; 0; 0; 0; 897; 0; 0; 0; 0; 0; 539; 0; 0; 0; 16; 31
1981;11; 0; 0; 24; 347; 20; 0; 0; 0; 53; 94; 0; 0; 0; 116; 0; 0; 0; 0; 218; 312; 24; 0; 0; 0; 0; 9999; 0; 0; 10; 87; 9999
1981;12; 268; 236; 0; 0; 50; 41; 351; 71; 283; 313; 0; 0; 3; 0; 0; 0; 0; 64; 0; 41; 0; 24; 13; 0; 9; 0; 0; 59; 0; 0; 0
1982;01; 0; 107; 658; 0; 0; 0; 269; 0; 952; 391; 686; 342; 0; 0; 0; 0; 0; 0; 0; 0; 66; 0; 478; 68; 0; 0; 78; 105; 0; 0; 225
1982;02; 59; 341; 66; 9; 257; 331; 16; 13; 196; 0; 5; 0; 0; 0; 0; 0; 0; 0; 0; 310; 0; 0; 42; 0; 95; 0; 981; 110; 9999; 9999; 9999
1982;03; 0; 543; 0; 0; 0; 0; 161; 0; 113; 481; 565; 259; 64; 30; 235; 300; 266; 137; 0; 0; 0; 236; 38; 26; 0; 13; 0; 0; 0; 0; 0
1982;04; 0; 0; 10; 0; 0; 0; 0; 0; 0; 0; 0; 0; 265; 28; 186; 0; 0; 0; 0; 0; 0; 0; 0; 0; 0; 0; 0; 0; 0; 0; 9999
1982;05; 0; 0; 0; 0; 0; 0; 0; 0; 0; 0; 0; 0; 0; 0; 0; 0; 0; 0; 46; 3; 0; 0; 112; 0; 537; 4; 0; 0; 0; 0; 126
1982;06; 0; 0; 0; 0; 0; 0; 0; 0; 0; 0; 0; 24; 75; 0; 0; 15; 0; 0; 0; 0; 30; 157; 0; 0; 3; 0; 0; 0; 75; 73; 9999
1982;07; 18; 0; 0; 0; 0; 0; 0; 0; 0; 0; 0; 0; 0; 98; 0; 0; 74; 0; 145; 0; 0; 0; 0; 0; 0; 0; 0; 0; 0; 24; 0
1982;08; 0; 0; 0; 0; 54; 0; 0; 0; 0; 0; 49; 0; 0; 0; 0; 0; 0; 0; 5; 0; 0; 0; 0; 0; 0; 0; 20; 0; 0; 0; 0
1982;09; 0; 0; 0; 0; 0; 0; 0; 0; 0; 0; 0; 0; 15; 0; 0; 0; 0; 0; 0; 0; 0; 29; 0; 0; 0; 0; 0; 463; 0; 0; 9999
1982;10; 0; 0; 166; 0; 0; 185; 344; 0; 148; 0; 392; 0; 256; 336; 0; 0; 0; 0; 343; 0; 0; 46; 0; 0; 3; 0; 0; 31; 0; 221; 0
1982;11; 0; 0; 0; 0; 0; 103; 0; 0; 0; 0; 0; 230; 0; 0; 0; 344; 7; 0; 0; 256; 11; 205; 0; 0; 0; 0; 10; 151; 31; 23; 9999
1982;12; 0; 0; 8; 0; 0; 0; 157; 0; 0; 0; 0; 0; 36; 0; 0; 424; 0; 267; 67; 0; 39; 49; 158; 253; 0; 0; 0; 61; 381; 7; 0
1983;01; 0; 61; 0; 0; 104; 426; 6; 63; 104; 0; 0; 0; 1274; 325; 490; 141; 202; 830; 183; 0; 64; 0; 0; 0; 0; 0; 0; 0; 0; 31; 32
1983;02; 140; 887; 189; 84; 0; 0; 20; 268; 0; 157; 28; 42; 77; 34; 42; 0; 0; 0; 147; 60; 0; 0; 31; 131; 0; 3; 0; 7; 9999; 9999; 9999
1983;03; 0; 172; 18; 0; 104; 389; 3; 329; 0; 0; 0; 0; 43; 96; 0; 0; 0; 0; 60; 295; 0; 0; 0; 0; 0; 2; 0; 26; 0; 0; 0
1983;04; 0; 0; 0; 0; 144; 202; 200; 16; 0; 0; 34; 203; 0; 0; 0; 0; 0; 0; 0; 0; 7; 26; 0; 0; 706; 596; 46; 0; 0; 0; 9999
1983;05; 0; 0; 0; 0; 0; 0; 0; 0; 333; 0; 0; 22; 26; 0; 0; 0; 0; 55; 0; 255; 0; 0; 112; 154; 0; 0; 0; 0; 25; 221; 492
1983;06; 13; 167; 53; 0; 0; 69; 176; 0; 11; 75; 0; 0; 0; 0; 0; 0; 0; 0; 0; 0; 0; 0; 0; 0; 0; 0; 0; 0; 5; 0; 9999
1983;07; 0; 0; 0; 0; 0; 0; 0; 0; 0; 0; 0; 0; 0; 0; 0; 0; 0; 62; 0; 0; 73; 0; 0; 0; 0; 0; 0; 0; 0; 0; 0
1983;08; 0; 0; 0; 0; 0; 0; 0; 0; 0; 0; 0; 0; 0; 0; 0; 0; 0; 0; 0; 0; 0; 0; 0; 0; 0; 0; 0; 0; 0; 0; 0
1983;09; 0; 0; 0; 0; 0; 99; 213; 208; 11; 0; 0; 49; 0; 0; 0; 149; 31; 434; 265; 0; 0; 0; 0; 141; 7; 0; 0; 0; 0; 0; 9999
1983;10; 0; 37; 0; 0; 0; 0; 53; 157; 0; 0; 0; 0; 0; 264; 0; 0; 0; 111; 16; 0; 0; 106; 715; 182; 0; 0; 0; 0; 0; 0; 0
1983;11; 110; 235; 175; 137; 204; 0; 0; 0; 0; 0; 21; 33; 357; 0; 0; 31; 0; 0; 0; 102; 0; 298; 0; 0; 0; 0; 0; 0; 0; 13; 9999
1983;12; 0; 0; 0; 0; 0; 0; 37; 0; 46; 247; 0; 10; 0; 0; 239; 75; 0; 218; 0; 238; 7; 0; 125; 108; 0; 0; 17; 371; 158; 94; 0
1984;01; 22; 66; 0; 68; 0; 0; 0; 285; 0; 19; 0; 0; 0; 0; 0; 0; 0; 0; 33; 0; 23; 216; 24; 0; 26; 175; 523; 121; 0; 0; 250
1984;02; 0; 209; 0; 0; 0; 0; 0; 0; 0; 0; 0; 61; 0; 0; 161; 72; 22; 0; 0; 0; 7; 0; 636; 0; 0; 78; 3; 0; 0; 9999; 9999
1984;03; 0; 0; 0; 116; 0; 150; 164; 273; 12; 0; 0; 0; 0; 0; 0; 0; 0; 20; 0; 3; 53; 73; 0; 0; 0; 0; 288; 0; 17; 48; 0
1984;04; 0; 0; 37; 0; 0; 0; 0; 0; 0; 0; 0; 0; 0; 0; 0; 0; 0; 89; 0; 25; 0; 0; 39; 0; 64; 0; 0; 0; 0; 0; 9999
1984;05; 13; 0; 144; 0; 0; 0; 0; 0; 0; 0; 0; 0; 0; 8; 0; 0; 3; 109; 0; 0; 0; 0; 0; 0; 0; 0; 0; 0; 0; 0; 0
1984;06; 0; 0; 0; 0; 0; 0; 0; 0; 0; 0; 0; 0; 0; 0; 0; 0; 0; 0; 0; 0; 0; 0; 0; 0; 0; 0; 0; 0; 0; 0; 9999
1984;07; 0; 0; 0; 0; 0; 0; 0; 0; 0; 0; 0; 0; 0; 0; 0; 0; 0; 0; 0; 0; 0; 0; 0; 0; 0; 0; 0; 13; 0; 0; 0
1984;08; 0; 0; 156; 102; 0; 0; 0; 0; 0; 0; 0; 0; 0; 0; 0; 0; 0; 0; 0; 5; 331; 40; 235; 0; 44; 24; 0; 0; 0; 13; 0
1984;09; 0; 0; 0; 0; 0; 0; 0; 0; 128; 0; 0; 0; 0; 0; 0; 0; 87; 0; 0; 0; 209; 0; 0; 0; 0; 65; 188; 0; 0; 0; 9999
1984;10; 0; 0; 0; 0; 0; 0; 0; 0; 0; 12; 0; 0; 0; 0; 0; 0; 0; 482; 0; 0; 0; 0; 0; 0; 0; 0; 0; 0; 0; 0; 0
1984;11; 0; 0; 0; 0; 0; 0; 0; 0; 0; 20; 0; 369; 25; 0; 0; 0; 225; 18; 0; 4; 42; 0; 0; 0; 0; 0; 26; 0; 0; 0; 9999
1984;12; 0; 233; 0; 0; 0; 173; 202; 0; 563; 0; 0; 0; 0; 187; 494; 0; 16; 0; 0; 0; 0; 0; 0; 0; 0; 0; 48; 0; 0; 0; 6
1985;01; 48; 35; 0; 0; 10; 70; 0; 107; 332; 0; 0; 0; 0; 70; 0; 83; 30; 364; 0; 0; 51; 218; 0; 176; 222; 431; 0; 0; 0; 0; 0
1985;02; 17; 24; 0; 0; 198; 0; 0; 0; 35; 0; 0; 382; 247; 0; 0; 10; 0; 42; 0; 0; 0; 270; 52; 0; 0; 0; 76; 279; 9999; 9999; 9999
1985;03; 60; 33; 6; 0; 4; 36; 105; 56; 0; 0; 178; 0; 0; 0; 0; 221; 31; 147; 8; 0; 0; 0; 0; 0; 0; 0; 0; 7; 0; 0; 0
1985;04; 33; 0; 0; 680; 0; 79; 0; 0; 0; 0; 63; 0; 0; 49; 12; 80; 297; 123; 0; 0; 0; 0; 0; 0; 0; 76; 92; 0; 0; 72; 9999
1985;05; 11; 0; 0; 0; 0; 0; 0; 0; 0; 0; 0; 0; 0; 0; 0; 0; 0; 0; 0; 0; 0; 155; 0; 0; 0; 0; 0; 0; 0; 0; 0
1985;06; 0; 0; 48; 36; 0; 0; 0; 0; 0; 0; 0; 0; 0; 0; 0; 0; 0; 0; 0; 0; 0; 0; 0; 0; 0; 0; 0; 0; 0; 0; 9999
1985;07; 0; 0; 0; 0; 0; 87; 0; 0; 0; 0; 0; 0; 0; 0; 0; 0; 0; 0; 0; 0; 0; 0; 0; 0; 0; 0; 0; 0; 0; 0; 0
1985;08; 0; 0; 0; 0; 0; 0; 0; 0; 0; 0; 0; 0; 0; 0; 0; 0; 0; 0; 0; 0; 0; 0; 30; 0; 0; 0; 0; 0; 0; 0; 0
1985;09; 134; 0; 0; 38; 13; 0; 0; 0; 0; 0; 0; 0; 0; 0; 0; 0; 0; 0; 0; 0; 0; 0; 0; 0; 0; 0; 0; 0; 25; 59; 9999
1985;10; 0; 0; 0; 0; 0; 0; 0; 0; 0; 0; 0; 0; 0; 0; 0; 0; 0; 0; 0; 0; 0; 0; 0; 0; 0; 0; 0; 0; 98; 0; 0
1985;11; 32; 126; 754; 455; 12; 0; 0; 0; 0; 0; 0; 0; 0; 0; 0; 0; 0; 0; 0; 0; 0; 124; 0; 57; 0; 63; 30; 71; 0; 0; 9999
1985;12; 0; 0; 64; 598; 0; 0; 0; 0; 0; 0; 0; 0; 0; 0; 25; 0; 32; 0; 0; 0; 60; 92; 10; 125; 0; 0; 0; 0; 0; 0; 0
1986;01; 0; 78; 0; 0; 60; 0; 0; 28; 0; 0; 51; 295; 0; 0; 0; 0; 0; 0; 0; 0; 0; 28; 0; 0; 0; 0; 82; 0; 0; 0; 0
1986;02; 0; 0; 110; 8; 0; 0; 40; 261; 0; 266; 12; 254; 0; 5; 333; 64; 332; 14; 0; 9; 258; 39; 0; 0; 0; 22; 0; 0; 9999; 9999; 9999
1986;03; 67; 0; 0; 19; 29; 0; 53; 290; 0; 85; 0; 32; 0; 0; 0; 98; 46; 24; 44; 0; 0; 0; 250; 4; 0; 73; 0; 0; 0; 180; 0
1986;04; 0; 0; 0; 0; 0; 0; 0; 0; 0; 0; 0; 0; 0; 0; 137; 25; 0; 0; 0; 0; 36; 82; 7; 0; 0; 0; 56; 0; 0; 0; 9999
1986;05; 0; 0; 0; 0; 0; 0; 0; 15; 222; 12; 70; 0; 434; 61; 0; 0; 0; 18; 506; 0; 0; 0; 0; 0; 0; 0; 0; 0; 0; 0; 16
1986;06; 0; 0; 0; 0; 0; 0; 0; 0; 0; 0; 0; 0; 9; 0; 0; 0; 0; 0; 0; 0; 0; 0; 0; 0; 0; 0; 0; 0; 0; 0; 9999
1986;07; 0; 0; 0; 0; 10; 0; 0; 0; 0; 0; 0; 0; 0; 0; 0; 0; 0; 0; 0; 0; 0; 0; 125; 32; 0; 0; 0; 0; 0; 0; 65
1986;08; 0; 0; 0; 0; 0; 0; 0; 0; 0; 0; 0; 0; 0; 23; 248; 176; 45; 0; 0; 0; 0; 280; 314; 0; 250; 0; 0; 0; 0; 0; 0
1986;09; 0; 0; 0; 0; 11; 0; 0; 0; 0; 0; 0; 0; 0; 0; 0; 0; 0; 0; 0; 0; 0; 0; 0; 0; 0; 27; 0; 0; 15; 0; 9999
1986;10; 0; 0; 0; 0; 0; 0; 0; 0; 0; 12; 26; 0; 0; 0; 0; 0; 0; 0; 360; 0; 24; 345; 0; 0; 0; 0; 19; 0; 0; 297; 0
1986;11; 0; 17; 0; 0; 0; 0; 0; 0; 0; 0; 45; 93; 0; 0; 0; 0; 0; 0; 0; 0; 15; 0; 0; 0; 0; 0; 0; 0; 40; 47; 9999
1986;12; 276; 500; 22; 0; 20; 0; 160; 0; 57; 34; 0; 0; 0; 89; 135; 0; 60; 49; 324; 0; 0; 16; 14; 35; 114; 35; 123; 49; 536; 34; 0
1987;01; 14; 0; 0; 88; 120; 0; 0; 0; 0; 0; 0; 0; 51; 0; 0; 55; 0; 116; 0; 0; 0; 0; 156; 525; 315; 115; 93; 354; 120; 183; 55
1987;02; 17; 155; 181; 305; 22; 21; 100; 0; 20; 0; 0; 0; 165; 236; 743; 76; 0; 72; 102; 0; 0; 0; 0; 30; 75; 0; 0; 0; 9999; 9999; 9999
1987;03; 10; 0; 0; 0; 0; 0; 96; 234; 120; 0; 0; 0; 0; 0; 0; 0; 0; 0; 0; 132; 0; 0; 0; 0; 0; 0; 0; 0; 0; 0; 0
1987;04; 0; 0; 95; 30; 0; 0; 0; 20; 0; 0; 0; 0; 0; 0; 0; 0; 0; 0; 0; 0; 10; 12; 0; 0; 0; 0; 0; 0; 0; 0; 9999
1987;05; 0; 0; 0; 0; 25; 5; 13; 0; 272; 0; 0; 276; 0; 0; 0; 174; 0; 0; 145; 192; 0; 25; 0; 0; 70; 0; 0; 0; 0; 0; 0
1987;06; 0; 0; 0; 0; 0; 58; 0; 0; 0; 0; 0; 0; 0; 6; 0; 35; 0; 0; 0; 0; 0; 0; 129; 0; 0; 0; 0; 0; 0; 0; 9999
1987;07; 0; 0; 0; 0; 0; 0; 0; 0; 215; 0; 0; 0; 0; 0; 0; 0; 0; 0; 0; 0; 0; 0; 0; 0; 0; 0; 0; 0; 0; 0; 0
1987;08; 0; 0; 0; 0; 0; 6; 79; 0; 0; 0; 0; 0; 0; 0; 0; 0; 0; 0; 0; 0; 0; 0; 0; 0; 0; 0; 0; 0; 0; 0; 0
1987;09; 0; 0; 0; 0; 0; 0; 8; 13; 0; 0; 50; 60; 0; 0; 0; 0; 0; 0; 50; 0; 0; 0; 465; 0; 0; 0; 0; 20; 0; 0; 9999
1987;10; 0; 375; 0; 0; 355; 0; 0; 0; 0; 0; 0; 0; 0; 0; 0; 0; 0; 0; 0; 7; 0; 0; 0; 151; 215; 0; 0; 0; 0; 0; 0
1987;11; 0; 0; 0; 0; 0; 40; 385; 0; 0; 0; 0; 0; 0; 25; 420; 30; 0; 0; 0; 0; 0; 0; 0; 0; 120; 215; 0; 0; 0; 0; 9999
1987;12; 0; 0; 17; 156; 57; 85; 15; 0; 0; 0; 0; 0; 0; 0; 0; 0; 0; 163; 100; 0; 0; 150; 0; 0; 0; 0; 0; 0; 183; 55; 0
1988;01; 0; 0; 0; 0; 315; 195; 555; 978; 0; 0; 55; 0; 0; 7; 230; 0; 0; 0; 0; 220; 62; 0; 0; 113; 117; 8; 0; 0; 0; 260; 0
1988;02; 20; 0; 0; 0; 0; 175; 55; 108; 330; 0; 0; 0; 0; 345; 485; 0; 500; 0; 29; 73; 0; 0; 25; 0; 0; 353; 355; 15; 0; 9999; 9999
1988;03; 0; 0; 165; 0; 340; 0; 0; 0; 0; 0; 0; 0; 0; 0; 0; 0; 50; 355; 55; 0; 0; 0; 0; 0; 0; 0; 0; 0; 0; 0; 0
1988;04; 0; 258; 0; 0; 0; 0; 0; 173; 0; 0; 0; 0; 187; 312; 0; 0; 0; 0; 0; 15; 0; 0; 0; 0; 0; 0; 0; 0; 0; 0; 9999
1988;05; 0; 0; 0; 0; 0; 0; 0; 0; 0; 0; 0; 0; 0; 0; 0; 0; 0; 120; 0; 0; 0; 0; 0; 0; 0; 0; 0; 0; 0; 16; 105
1988;06; 0; 0; 0; 0; 0; 0; 0; 0; 0; 0; 0; 0; 0; 18; 0; 0; 0; 0; 0; 0; 0; 0; 0; 0; 0; 0; 0; 0; 0; 0; 9999
1988;07; 0; 0; 0; 0; 0; 0; 0; 0; 0; 0; 0; 0; 0; 0; 0; 0; 0; 0; 0; 0; 0; 0; 0; 0; 0; 0; 0; 0; 0; 0; 0
1988;08; 0; 0; 0; 0; 0; 0; 0; 0; 0; 0; 0; 0; 0; 0; 0; 0; 0; 0; 0; 0; 0; 0; 0; 0; 0; 0; 0; 0; 0; 0; 0
1988;09; 0; 0; 0; 0; 0; 0; 0; 0; 0; 0; 0; 0; 0; 0; 0; 0; 0; 26; 0; 0; 0; 0; 0; 0; 0; 0; 0; 0; 0; 0; 9999
1988;10; 0; 0; 0; 0; 0; 16; 0; 0; 0; 0; 0; 255; 54; 41; 0; 0; 0; 0; 0; 108; 192; 0; 185; 320; 31; 270; 34; 0; 0; 170; 109
1988;11; 11; 97; 0; 0; 0; 0; 0; 4; 0; 0; 0; 325; 0; 0; 0; 0; 0; 0; 0; 434; 115; 16; 173; 0; 0; 0; 57; 0; 0; 0; 9999
1988;12; 11; 0; 155; 0; 0; 0; 0; 0; 0; 0; 0; 74; 0; 277; 70; 0; 0; 0; 0; 75; 95; 40; 0; 143; 0; 265; 115; 0; 0; 0; 55
1989;01; 0; 0; 0; 145; 387; 350; 149; 68; 250; 125; 145; 0; 0; 0; 420; 235; 0; 0; 0; 0; 45; 81; 0; 55; 44; 0; 0; 100; 0; 0; 0
1989;02; 0; 0; 22; 210; 95; 0; 64; 90; 55; 63; 430; 320; 0; 63; 72; 106; 38; 23; 0; 0; 0; 0; 0; 0; 0; 80; 0; 0; 9999; 9999; 9999
1989;03; 0; 0; 0; 0; 0; 0; 0; 0; 0; 0; 0; 0; 0; 221; 162; 24; 75; 0; 0; 206; 65; 0; 0; 0; 0; 121; 287; 0; 0; 8; 0
1989;04; 0; 0; 0; 0; 0; 0; 0; 0; 0; 0; 91; 0; 0; 121; 0; 0; 40; 0; 0; 0; 0; 0; 0; 0; 0; 0; 0; 0; 0; 225; 9999
1989;05; 0; 0; 0; 183; 36; 57; 0; 0; 0; 0; 0; 0; 0; 0; 0; 0; 0; 0; 0; 0; 0; 0; 0; 0; 0; 7; 0; 0; 0; 0; 0
1989;06; 0; 0; 0; 0; 0; 0; 0; 322; 0; 17; 61; 75; 0; 0; 0; 0; 10; 0; 0; 0; 0; 0; 0; 0; 25; 0; 0; 0; 65; 0; 9999
1989;07; 0; 0; 0; 0; 0; 0; 0; 0; 0; 0; 0; 0; 0; 0; 0; 0; 0; 0; 0; 0; 0; 0; 0; 0; 0; 0; 0; 84; 0; 76; 663
1989;08; 0; 0; 0; 0; 0; 0; 0; 0; 0; 0; 0; 0; 0; 0; 0; 0; 0; 0; 0; 0; 0; 101; 44; 0; 0; 17; 0; 10; 0; 0; 0
1989;09; 23; 77; 0; 0; 0; 35; 8; 0; 24; 44; 0; 0; 45; 21; 0; 0; 0; 0; 0; 0; 0; 0; 0; 0; 65; 0; 38; 0; 0; 0; 9999
1989;10; 0; 0; 0; 331; 0; 0; 0; 0; 0; 0; 0; 92; 0; 0; 0; 0; 0; 0; 0; 0; 0; 0; 0; 0; 0; 41; 284; 0; 0; 0; 0
1989;11; 0; 0; 0; 180; 0; 0; 0; 0; 0; 19; 0; 395; 80; 0; 0; 0; 0; 0; 0; 57; 106; 580; 45; 20; 80; 0; 0; 215; 0; 0; 9999
1989;12; 0; 0; 0; 0; 0; 0; 0; 0; 0; 160; 25; 450; 250; 0; 0; 0; 0; 0; 95; 35; 0; 0; 0; 0; 0; 27; 55; 18; 180; 152; 110
1990;01; 300; 55; 56; 312; 70; 237; 0; 465; 165; 400; 30; 100; 75; 30; 0; 0; 0; 0; 0; 470; 0; 0; 15; 0; 0; 0; 0; 175; 0; 0; 0
1990;02; 0; 40; 0; 0; 0; 0; 23; 0; 0; 0; 25; 0; 0; 75; 0; 0; 0; 0; 0; 0; 0; 0; 90; 0; 195; 0; 0; 0; 9999; 9999; 9999
1990;03; 45; 0; 100; 0; 0; 0; 165; 230; 0; 0; 0; 0; 0; 45; 235; 0; 165; 55; 65; 75; 67; 350; 65; 0; 0; 0; 56; 75; 0; 0; 0
1990;04; 0; 0; 0; 0; 0; 0; 0; 55; 0; 0; 0; 0; 0; 0; 0; 200; 55; 380; 60; 67; 0; 0; 0; 0; 0; 0; 0; 0; 0; 275; 9999
1990;05; 0; 106; 0; 0; 0; 0; 0; 0; 0; 0; 165; 300; 0; 0; 0; 200; 0; 90; 0; 0; 0; 0; 0; 0; 0; 0; 0; 0; 0; 0; 0
1990;06; 0; 0; 0; 0; 0; 0; 0; 0; 0; 0; 0; 0; 0; 0; 55; 0; 0; 0; 0; 0; 0; 0; 0; 0; 0; 0; 0; 0; 0; 0; 9999
1990;07; 0; 0; 0; 0; 0; 0; 0; 0; 0; 75; 0; 0; 0; 0; 0; 0; 0; 0; 76; 115; 0; 0; 0; 0; 0; 0; 0; 0; 0; 0; 0
1990;08; 0; 0; 0; 0; 0; 0; 0; 0; 0; 0; 0; 0; 0; 0; 0; 0; 95; 0; 0; 75; 86; 0; 0; 0; 15; 0; 0; 245; 0; 0; 0
1990;09; 31; 0; 0; 0; 0; 0; 0; 15; 0; 0; 0; 0; 225; 90; 0; 0; 0; 0; 0; 0; 0; 0; 50; 40; 0; 0; 0; 0; 0; 220; 9999
1990;10; 150; 0; 0; 0; 0; 0; 0; 0; 0; 0; 0; 0; 61; 0; 0; 0; 0; 0; 365; 0; 0; 0; 0; 0; 0; 0; 0; 0; 0; 0; 0
1990;11; 0; 0; 0; 0; 306; 220; 0; 90; 0; 0; 0; 0; 0; 0; 0; 0; 149; 70; 0; 0; 17; 0; 23; 125; 0; 0; 0; 150; 0; 0; 9999
1990;12; 0; 0; 0; 0; 0; 100; 27; 25; 0; 54; 200; 15; 210; 125; 40; 75; 215; 0; 0; 120; 0; 0; 0; 0; 0; 210; 0; 0; 0; 0; 0
1991;01; 0; 0; 0; 178; 300; 0; 0; 0; 0; 0; 306; 200; 30; 204; 0; 0; 0; 0; 0; 0; 0; 0; 0; 0; 0; 110; 107; 78; 10; 90; 95
1991;02; 80; 205; 43; 146; 0; 0; 110; 65; 200; 906; 560; 0; 0; 0; 0; 0; 0; 0; 70; 0; 0; 0; 0; 0; 0; 0; 0; 0; 9999; 9999; 9999
1991;03; 0; 0; 0; 135; 15; 0; 106; 0; 0; 9999; 9999; 9999; 9999; 9999; 9999; 9999; 9999; 9999; 9999; 9999; 9999; 9999; 9999; 9999; 9999; 9999; 9999; 9999; 9999; 9999; 9999
1991;04; 9999; 0; 0; 0; 0; 0; 0; 55; 0; 0; 0; 0; 80; 9; 0; 0; 0; 0; 117; 60; 0; 0; 0; 0; 368; 85; 0; 0; 0; 0; 9999
1991;05; 0; 0; 0; 0; 0; 0; 0; 135; 0; 0; 0; 0; 0; 0; 150; 0; 0; 0; 0; 0; 0; 0; 0; 0; 0; 0; 0; 0; 0; 0; 0
1991;06; 0; 0; 0; 0; 0; 0; 0; 0; 0; 0; 0; 0; 0; 0; 0; 0; 0; 0; 0; 30; 76; 80; 13; 0; 0; 0; 0; 0; 0; 0; 9999
1991;07; 0; 0; 0; 0; 0; 0; 0; 0; 0; 0; 0; 0; 0; 30; 0; 0; 0; 0; 0; 0; 0; 0; 0; 0; 0; 0; 0; 0; 0; 0; 0
1991;08; 0; 0; 0; 0; 0; 0; 0; 0; 0; 0; 0; 0; 0; 0; 0; 0; 0; 0; 0; 0; 0; 0; 0; 0; 0; 0; 0; 0; 0; 0; 0
1991;09; 0; 0; 0; 0; 0; 0; 0; 0; 0; 0; 0; 0; 0; 0; 0; 0; 0; 0; 0; 0; 0; 0; 0; 0; 0; 0; 0; 0; 0; 0; 9999
1991;10; 306; 0; 408; 0; 0; 30; 100; 0; 0; 0; 0; 0; 0; 0; 0; 0; 0; 0; 75; 0; 80; 0; 0; 0; 0; 0; 0; 0; 0; 0; 0
1991;11; 0; 175; 0; 0; 0; 0; 0; 0; 26; 0; 0; 0; 0; 200; 60; 0; 0; 0; 0; 0; 0; 0; 0; 0; 0; 0; 68; 0; 0; 216; 9999
1991;12; 0; 0; 0; 0; 0; 0; 0; 0; 65; 190; 20; 110; 0; 0; 10; 25; 255; 48; 50; 56; 0; 10; 0; 208; 120; 0; 0; 10; 0; 0; 0
1992;01; 0; 205; 0; 0; 35; 0; 0; 0; 0; 0; 0; 0; 37; 0; 0; 66; 0; 0; 0; 0; 0; 118; 120; 0; 0; 75; 0; 0; 0; 16; 40
1992;02; 120; 136; 375; 228; 0; 0; 85; 10; 0; 0; 0; 5; 0; 0; 0; 0; 0; 0; 0; 10; 0; 0; 5; 0; 400; 125; 0; 0; 0; 9999; 9999
1992;03; 0; 30; 96; 0; 5; 0; 0; 0; 0; 0; 260; 0; 0; 0; 0; 0; 105; 30; 0; 0; 0; 0; 110; 85; 30; 210; 0; 0; 20; 45; 140
1992;04; 0; 0; 0; 0; 0; 0; 35; 0; 0; 0; 0; 0; 250; 95; 0; 0; 0; 0; 0; 460; 0; 0; 0; 35; 0; 5; 0; 0; 0; 0; 9999
1992;05; 30; 100; 3; 142; 0; 0; 0; 0; 0; 0; 0; 0; 0; 290; 0; 0; 0; 0; 0; 10; 0; 300; 0; 0; 0; 0; 0; 0; 0; 0; 0
1992;06; 0; 0; 0; 0; 0; 0; 0; 0; 0; 0; 0; 0; 0; 0; 0; 0; 0; 0; 0; 0; 0; 0; 0; 0; 0; 0; 0; 0; 0; 0; 9999
1992;07; 0; 0; 0; 0; 0; 0; 0; 60; 0; 0; 0; 0; 0; 0; 0; 0; 0; 0; 0; 0; 0; 0; 0; 0; 0; 0; 0; 0; 0; 0; 0
1992;08; 0; 0; 0; 0; 0; 0; 0; 0; 0; 0; 0; 0; 0; 0; 0; 0; 0; 0; 0; 0; 0; 180; 246; 0; 0; 0; 0; 0; 0; 150; 0
1992;09; 32; 56; 19; 6; 187; 115; 19; 0; 0; 0; 0; 33; 0; 55; 0; 111; 62; 318; 64; 0; 0; 0; 0; 0; 0; 121; 5; 0; 0; 0; 9999
1992;10; 90; 206; 0; 0; 0; 0; 0; 0; 40; 0; 0; 142; 207; 0; 0; 0; 205; 0; 0; 0; 0; 35; 0; 0; 0; 0; 80; 0; 308; 200; 0
1992;11; 0; 0; 0; 25; 0; 0; 0; 0; 0; 0; 0; 0; 28; 0; 0; 0; 0; 0; 0; 0; 15; 0; 0; 0; 575; 75; 0; 0; 0; 0; 9999
1992;12; 197; 0; 0; 0; 0; 0; 0; 0; 0; 185; 327; 0; 0; 0; 0; 0; 0; 339; 0; 0; 0; 0; 0; 47; 0; 83; 0; 0; 0; 0; 0
1993;01; 0; 0; 0; 27; 55; 0; 0; 0; 135; 400; 200; 157; 18; 249; 0; 0; 0; 23; 0; 0; 63; 0; 0; 12; 0; 90; 0; 0; 0; 0; 15
1993;02; 0; 0; 345; 63; 575; 350; 0; 113; 491; 0; 13; 0; 0; 0; 419; 0; 223; 55; 0; 345; 313; 117; 0; 0; 0; 0; 0; 25; 9999; 9999; 9999
1993;03; 0; 85; 0; 0; 413; 0; 0; 0; 0; 0; 0; 0; 0; 0; 35; 0; 0; 0; 125; 0; 0; 53; 0; 195; 89; 0; 0; 55; 313; 307; 191
1993;04; 115; 80; 0; 0; 0; 0; 0; 0; 343; 15; 0; 237; 0; 0; 0; 0; 0; 0; 0; 0; 0; 0; 43; 0; 65; 0; 0; 0; 0; 0; 9999
1993;05; 0; 0; 0; 55; 0; 213; 0; 0; 0; 0; 0; 0; 0; 67; 0; 0; 0; 0; 0; 0; 0; 0; 0; 0; 0; 0; 0; 0; 0; 0; 183
1993;06; 0; 0; 0; 413; 0; 205; 0; 0; 0; 0; 0; 0; 0; 0; 0; 0; 0; 0; 117; 0; 0; 0; 0; 0; 0; 0; 0; 0; 0; 0; 9999
1993;07; 0; 0; 0; 0; 0; 0; 0; 0; 0; 0; 0; 0; 0; 0; 83; 0; 0; 0; 0; 0; 0; 0; 0; 0; 0; 0; 0; 0; 0; 0; 0
1993;08; 0; 0; 0; 0; 0; 0; 0; 0; 0; 0; 0; 0; 0; 0; 0; 283; 0; 0; 0; 75; 0; 0; 0; 97; 63; 0; 0; 0; 0; 0; 0
1993;09; 0; 0; 0; 0; 0; 0; 0; 175; 0; 0; 0; 0; 0; 0; 115; 137; 0; 0; 0; 0; 0; 0; 400; 205; 179; 0; 83; 0; 0; 0; 9999
1993;10; 0; 0; 0; 0; 95; 0; 0; 0; 0; 0; 0; 0; 0; 0; 0; 0; 0; 0; 0; 0; 0; 0; 135; 0; 0; 0; 0; 0; 0; 0; 0
1993;11; 0; 0; 0; 0; 0; 0; 243; 127; 0; 35; 32; 0; 0; 0; 0; 0; 0; 67; 0; 0; 0; 0; 36; 0; 197; 0; 0; 0; 0; 0; 9999
1993;12; 115; 0; 43; 69; 0; 71; 0; 0; 308; 0; 0; 125; 0; 0; 0; 313; 85; 217; 0; 123; 265; 0; 0; 205; 0; 113; 147; 0; 300; 207; 0
1994;01; 195; 113; 97; 59; 0; 0; 443; 395; 404; 300; 0; 0; 0; 0; 117; 0; 0; 0; 65; 97; 185; 300; 155; 0; 127; 200; 305; 375; 73; 225; 71
1994;02; 0; 0; 0; 0; 0; 403; 0; 53; 0; 0; 125; 0; 137; 169; 15; 0; 0; 0; 0; 43; 0; 115; 27; 0; 0; 263; 0; 0; 9999; 9999; 9999
1994;03; 97; 223; 85; 0; 55; 0; 37; 0; 0; 155; 139; 0; 0; 0; 0; 0; 0; 0; 225; 0; 174; 0; 0; 0; 0; 385; 0; 0; 0; 0; 0
1994;04; 0; 0; 0; 0; 0; 0; 287; 0; 0; 0; 0; 0; 0; 0; 0; 0; 0; 0; 135; 0; 0; 27; 0; 0; 0; 0; 0; 0; 0; 0; 9999
1994;05; 0; 0; 0; 0; 0; 0; 0; 0; 0; 0; 0; 0; 0; 0; 0; 0; 0; 0; 33; 0; 0; 0; 0; 0; 0; 0; 257; 0; 0; 0; 0
1994;06; 0; 0; 0; 0; 0; 0; 0; 0; 0; 0; 0; 0; 0; 0; 0; 0; 0; 0; 0; 0; 0; 0; 143; 0; 0; 157; 0; 0; 0; 0; 9999
1994;07; 0; 0; 0; 0; 0; 0; 45; 0; 0; 0; 0; 0; 0; 0; 0; 0; 0; 0; 0; 0; 0; 0; 167; 0; 0; 0; 0; 0; 0; 0; 0
1994;08; 0; 0; 0; 0; 0; 0; 0; 0; 0; 0; 0; 0; 0; 0; 0; 0; 0; 0; 0; 0; 0; 0; 0; 0; 0; 0; 0; 0; 0; 0; 0
1994;09; 0; 0; 0; 0; 0; 0; 0; 0; 0; 0; 0; 0; 0; 0; 0; 0; 0; 0; 0; 0; 0; 0; 0; 0; 0; 0; 0; 0; 0; 0; 9999
1994;10; 0; 0; 0; 0; 0; 0; 0; 0; 0; 0; 0; 0; 0; 0; 0; 0; 0; 18; 0; 0; 265; 0; 45; 0; 269; 437; 159; 0; 0; 0; 0
1994;11; 0; 65; 0; 0; 0; 0; 0; 0; 0; 49; 0; 0; 0; 127; 0; 39; 0; 187; 563; 0; 0; 0; 0; 0; 0; 0; 0; 247; 273; 0; 9999
1994;12; 0; 18; 0; 0; 295; 0; 0; 0; 0; 0; 0; 0; 0; 0; 0; 0; 0; 357; 0; 0; 353; 125; 0; 165; 0; 263; 0; 167; 103; 0; 408
1995;01; 247; 193; 405; 0; 129; 0; 0; 0; 43; 0; 0; 27; 0; 0; 31; 0; 0; 0; 0; 0; 0; 93; 215; 0; 0; 0; 133; 0; 0; 165; 403
1995;02; 147; 304; 129; 735; 403; 287; 500; 405; 561; 0; 179; 235; 217; 63; 0; 0; 0; 305; 173; 200; 0; 0; 0; 0; 0; 0; 0; 0; 9999; 9999; 9999
1995;03; 0; 0; 0; 0; 0; 0; 0; 0; 453; 157; 0; 0; 0; 325; 0; 0; 0; 0; 0; 0; 0; 0; 0; 473; 0; 0; 0; 405; 0; 208; 0
1995;04; 0; 0; 0; 0; 213; 0; 0; 0; 305; 0; 0; 0; 0; 0; 0; 0; 0; 0; 0; 0; 147; 0; 0; 85; 0; 0; 0; 0; 0; 0; 9999
1995;05; 0; 0; 0; 0; 0; 0; 82; 0; 0; 0; 115; 0; 94; 0; 0; 0; 0; 0; 0; 0; 37; 0; 0; 0; 0; 0; 0; 0; 0; 0; 0
1995;06; 0; 0; 0; 0; 0; 0; 0; 0; 0; 0; 0; 0; 0; 0; 0; 0; 0; 0; 75; 0; 0; 0; 0; 0; 63; 0; 0; 0; 0; 0; 9999
1995;07; 0; 0; 0; 0; 0; 0; 0; 0; 195; 213; 0; 0; 0; 0; 0; 0; 0; 0; 0; 0; 0; 15; 0; 0; 0; 0; 0; 0; 0; 0; 0
1995;08; 0; 0; 0; 0; 0; 0; 0; 0; 0; 0; 0; 0; 0; 0; 0; 0; 0; 0; 0; 0; 0; 0; 0; 0; 0; 0; 0; 0; 0; 0; 0
1995;09; 0; 0; 0; 0; 0; 0; 0; 0; 0; 0; 0; 0; 0; 0; 0; 0; 0; 0; 85; 43; 0; 0; 0; 0; 83; 0; 0; 97; 0; 45; 9999
1995;10; 0; 0; 0; 0; 0; 0; 157; 0; 0; 0; 0; 0; 0; 153; 112; 0; 205; 0; 0; 117; 0; 0; 0; 0; 0; 0; 0; 0; 0; 157; 0
1995;11; 0; 0; 45; 0; 0; 0; 0; 0; 0; 0; 0; 0; 0; 0; 0; 0; 0; 73; 0; 0; 0; 0; 0; 183; 0; 0; 0; 0; 0; 0; 9999
1995;12; 0; 0; 0; 0; 0; 0; 0; 0; 225; 0; 0; 0; 0; 0; 509; 0; 403; 256; 0; 359; 0; 0; 437; 0; 123; 65; 219; 0; 0; 353; 0
1996;01; 349; 85; 227; 402; 0; 187; 305; 202; 0; 0; 0; 65; 0; 0; 0; 0; 0; 47; 295; 183; 0; 145; 0; 0; 263; 0; 0; 0; 0; 0; 0
1996;02; 0; 0; 403; 0; 179; 73; 0; 0; 0; 0; 0; 0; 0; 0; 0; 0; 0; 0; 0; 0; 0; 0; 0; 0; 0; 0; 43; 0; 0; 9999; 9999
1996;03; 135; 0; 0; 0; 267; 0; 0; 221; 195; 0; 0; 375; 0; 0; 387; 0; 41; 0; 45; 0; 0; 0; 0; 37; 0; 0; 0; 0; 0; 0; 0
1996;04; 81; 45; 0; 0; 0; 0; 0; 0; 0; 0; 395; 0; 0; 0; 0; 0; 157; 0; 0; 0; 0; 0; 0; 0; 0; 0; 0; 0; 0; 0; 9999
1996;05; 0; 0; 0; 0; 0; 0; 0; 0; 15; 0; 0; 0; 0; 0; 0; 175; 0; 123; 0; 0; 0; 0; 115; 0; 0; 0; 0; 0; 0; 0; 0
1996;06; 0; 0; 0; 0; 117; 0; 25; 0; 0; 0; 0; 0; 0; 0; 0; 0; 0; 0; 0; 0; 0; 0; 0; 0; 0; 0; 0; 125; 0; 0; 9999
1996;07; 0; 0; 15; 0; 0; 0; 0; 0; 0; 0; 0; 0; 0; 0; 0; 0; 0; 0; 0; 0; 0; 0; 0; 0; 0; 0; 0; 0; 0; 0; 0
1996;08; 0; 0; 0; 0; 0; 0; 0; 0; 0; 0; 53; 0; 0; 0; 35; 0; 0; 0; 0; 0; 0; 0; 0; 0; 0; 0; 0; 0; 0; 0; 0
1996;09; 25; 0; 0; 395; 0; 0; 0; 173; 157; 193; 115; 0; 0; 0; 0; 63; 0; 0; 0; 0; 0; 0; 0; 0; 0; 0; 0; 0; 0; 0; 9999
1996;10; 0; 83; 55; 0; 0; 0; 95; 0; 0; 0; 0; 115; 0; 187; 0; 0; 0; 0; 0; 0; 183; 0; 0; 0; 0; 279; 0; 17; 0; 0; 0
1996;11; 600; 0; 0; 0; 143; 0; 0; 0; 0; 0; 0; 0; 503; 0; 0; 0; 0; 305; 0; 117; 0; 0; 0; 0; 0; 0; 0; 0; 0; 0; 9999
1996;12; 0; 0; 183; 0; 0; 271; 0; 0; 0; 0; 193; 0; 0; 0; 0; 0; 0; 95; 0; 0; 0; 0; 261; 337; 0; 145; 0; 0; 509; 0; 0
1997;01; 0; 0; 0; 184; 0; 0; 283; 0; 605; 0; 407; 0; 142; 0; 325; 263; 0; 300; 0; 194; 443; 176; 212; 0; 185; 123; 207; 0; 115; 97; 0
1997;02; 83; 176; 183; 0; 0; 0; 0; 62; 0; 0; 245; 0; 0; 87; 0; 305; 193; 471; 0; 0; 0; 0; 0; 0; 0; 0; 0; 0; 9999; 9999; 9999
1997;03; 0; 0; 0; 63; 0; 47; 0; 0; 361; 25; 0; 0; 0; 0; 0; 315; 0; 0; 0; 0; 0; 0; 0; 0; 0; 0; 0; 0; 0; 203; 55
1997;04; 9999; 0; 0; 0; 0; 0; 0; 0; 0; 0; 0; 0; 0; 0; 0; 0; 245; 0; 0; 193; 0; 0; 0; 0; 0; 0; 0; 0; 0; 0; 9999
1997;05; 0; 0; 0; 0; 0; 0; 0; 0; 0; 0; 0; 0; 0; 0; 0; 0; 75; 0; 0; 0; 0; 304; 0; 0; 263; 0; 0; 205; 0; 0; 0
1997;06; 0; 0; 0; 273; 0; 503; 305; 0; 0; 0; 0; 403; 0; 125; 93; 0; 0; 0; 0; 215; 0; 0; 0; 0; 0; 0; 0; 0; 0; 0; 9999
1997;07; 0; 0; 0; 0; 0; 0; 0; 0; 0; 0; 0; 0; 0; 0; 0; 0; 0; 0; 0; 0; 0; 0; 195; 0; 0; 0; 0; 0; 0; 0; 0
1997;08; 0; 0; 0; 0; 0; 0; 0; 0; 0; 0; 0; 0; 0; 0; 0; 0; 0; 0; 0; 0; 0; 0; 0; 0; 0; 0; 0; 0; 0; 0; 0
1997;09; 0; 0; 0; 0; 0; 0; 0; 0; 0; 0; 0; 0; 0; 0; 0; 0; 0; 0; 0; 175; 0; 0; 0; 0; 323; 0; 0; 0; 0; 0; 9999
1997;10; 0; 0; 0; 0; 0; 0; 0; 0; 0; 0; 0; 0; 0; 0; 0; 35; 0; 0; 152; 305; 0; 0; 0; 0; 0; 0; 0; 0; 0; 0; 0
1997;11; 0; 0; 0; 0; 0; 253; 0; 0; 0; 0; 0; 0; 0; 30; 0; 603; 401; 0; 0; 0; 0; 605; 0; 0; 0; 559; 0; 601; 0; 0; 9999
1997;12; 0; 95; 0; 0; 0; 0; 0; 185; 0; 0; 0; 0; 0; 93; 0; 0; 0; 0; 0; 225; 0; 0; 0; 0; 0; 0; 0; 0; 325; 0; 0
