33
Ano,Mes,1,2,3,4,5,6,7,8,9,10,11,12,13,14,15,16,17,18,19,20,21,22,23,24,25,26,27,28,29,30,31
1955;11; 0; 0; 0; 0; 0; 0; 0; 0; 0; 0; 0; 0; 0; 0; 0; 0; 0; 0; 0; 0; 4; 0; 0; 0; 0; 0; 0; 0; 0; 11; 9999
1955;12; 41; 5; 219; 2; 0; 0; 175; 0; 0; 0; 139; 69; 0; 0; 0; 237; 43; 47; 0; 0; 0; 0; 200; 14; 0; 337; 162; 362; 237; 129; 31
1956;01; 0; 184; 124; 0; 40; 5; 0; 0; 30; 0; 0; 0; 0; 0; 0; 0; 40; 0; 341; 202; 0; 0; 0; 0; 0; 71; 80; 0; 0; 0; 0
1956;02; 3; 0; 0; 0; 14; 0; 0; 0; 20; 103; 0; 224; 138; 0; 0; 0; 0; 0; 0; 1; 0; 246; 434; 122; 0; 9; 0; 211; 0; 9999; 9999
1956;03; 10; 5; 0; 0; 0; 0; 0; 0; 0; 45; 50; 65; 0; 0; 0; 0; 0; 9; 0; 0; 8; 97; 98; 0; 81; 12; 0; 0; 0; 60; 0
1956;04; 10; 0; 0; 0; 31; 19; 35; 0; 15; 89; 19; 0; 0; 0; 0; 0; 0; 0; 0; 0; 0; 205; 0; 0; 63; 25; 360; 49; 0; 0; 9999
1956;05; 309; 0; 0; 7; 255; 115; 348; 45; 6; 0; 0; 0; 0; 0; 0; 0; 0; 0; 0; 32; 0; 0; 0; 0; 916; 172; 4; 0; 0; 0; 200
1956;06; 107; 146; 0; 0; 0; 0; 0; 45; 280; 70; 33; 1; 0; 91; 0; 0; 0; 0; 0; 0; 0; 0; 0; 0; 0; 2; 115; 0; 0; 0; 9999
1956;07; 0; 0; 0; 0; 0; 0; 0; 0; 0; 0; 0; 0; 2; 0; 0; 0; 0; 0; 0; 0; 0; 0; 208; 0; 0; 0; 0; 0; 0; 262; 191
1956;08; 0; 41; 365; 0; 0; 0; 0; 0; 0; 0; 0; 0; 0; 0; 0; 0; 0; 0; 0; 0; 0; 0; 0; 0; 0; 0; 0; 0; 0; 0; 0
1956;09; 0; 0; 0; 0; 0; 0; 0; 0; 250; 304; 353; 0; 0; 0; 0; 0; 0; 0; 0; 0; 0; 0; 0; 0; 56; 0; 0; 0; 36; 0; 9999
1956;10; 0; 0; 0; 0; 0; 0; 0; 0; 47; 145; 0; 0; 0; 0; 0; 141; 0; 0; 0; 0; 0; 52; 5; 0; 0; 0; 340; 249; 7; 0; 0
1956;11; 0; 0; 0; 0; 0; 0; 0; 111; 158; 0; 0; 0; 0; 0; 0; 0; 0; 0; 0; 0; 10; 0; 0; 0; 0; 0; 0; 0; 0; 0; 9999
1956;12; 0; 0; 0; 0; 31; 314; 6; 0; 0; 0; 0; 40; 129; 0; 0; 0; 0; 0; 117; 6; 0; 0; 180; 0; 0; 0; 0; 11; 0; 0; 0
1957;01; 88; 0; 0; 0; 0; 0; 0; 14; 35; 123; 22; 43; 31; 5; 261; 0; 0; 0; 144; 0; 0; 0; 25; 160; 135; 0; 0; 13; 21; 49; 0
1957;02; 138; 92; 11; 0; 0; 160; 33; 127; 95; 96; 0; 0; 0; 64; 41; 327; 0; 0; 0; 0; 0; 0; 0; 0; 213; 40; 0; 18; 9999; 9999; 9999
1957;03; 0; 0; 0; 0; 0; 0; 70; 0; 546; 64; 0; 0; 0; 0; 0; 0; 0; 0; 0; 153; 168; 0; 0; 0; 29; 97; 0; 0; 501; 147; 80
1957;04; 283; 0; 0; 15; 12; 0; 0; 0; 0; 0; 0; 0; 0; 28; 42; 0; 0; 0; 0; 0; 0; 0; 0; 0; 0; 113; 0; 0; 120; 0; 9999
1957;05; 0; 0; 0; 0; 0; 0; 115; 0; 0; 0; 0; 0; 0; 0; 179; 0; 0; 0; 0; 0; 0; 0; 0; 0; 0; 0; 0; 0; 0; 0; 0
1957;06; 0; 0; 0; 0; 0; 0; 149; 0; 0; 22; 0; 0; 0; 0; 0; 0; 0; 0; 0; 0; 0; 0; 0; 0; 0; 0; 0; 0; 0; 0; 9999
1957;07; 111; 77; 137; 59; 0; 0; 0; 0; 0; 0; 0; 0; 0; 0; 0; 240; 642; 151; 140; 0; 0; 0; 0; 0; 0; 0; 0; 0; 0; 0; 0
1957;08; 0; 0; 0; 0; 0; 0; 0; 0; 0; 0; 0; 0; 0; 162; 0; 187; 40; 80; 0; 0; 0; 0; 0; 0; 0; 0; 0; 0; 0; 16; 0
1957;09; 0; 82; 39; 0; 0; 0; 103; 101; 0; 0; 0; 0; 0; 0; 0; 0; 0; 0; 43; 0; 102; 255; 33; 0; 0; 0; 0; 0; 0; 0; 9999
1957;10; 0; 0; 0; 0; 0; 0; 0; 0; 0; 0; 0; 0; 0; 0; 0; 0; 0; 2; 150; 0; 0; 0; 0; 2; 0; 125; 128; 0; 0; 0; 0
1957;11; 0; 0; 0; 0; 0; 140; 160; 0; 0; 0; 0; 40; 0; 0; 0; 0; 20; 0; 0; 10; 0; 0; 0; 0; 0; 0; 0; 0; 0; 0; 9999
1957;12; 377; 518; 24; 0; 0; 0; 22; 0; 0; 87; 323; 15; 453; 150; 238; 75; 180; 0; 0; 0; 0; 0; 0; 0; 0; 0; 0; 0; 0; 3; 0
1958;01; 0; 0; 0; 0; 0; 0; 0; 0; 0; 32; 0; 0; 35; 0; 912; 951; 0; 21; 163; 0; 310; 449; 285; 16; 33; 410; 32; 143; 10; 0; 0
1958;02; 0; 0; 300; 238; 60; 210; 0; 0; 0; 0; 0; 0; 0; 0; 0; 0; 0; 140; 0; 0; 0; 0; 0; 106; 410; 124; 100; 18; 9999; 9999; 9999
1958;03; 0; 13; 571; 27; 0; 0; 0; 0; 0; 0; 0; 0; 0; 401; 210; 200; 0; 0; 0; 0; 0; 0; 0; 0; 0; 0; 0; 0; 0; 160; 269
1958;04; 0; 0; 0; 0; 0; 0; 15; 42; 0; 25; 0; 430; 0; 0; 0; 0; 120; 30; 0; 0; 0; 0; 0; 0; 0; 0; 0; 0; 0; 37; 9999
1958;05; 0; 50; 32; 0; 0; 0; 0; 0; 0; 0; 0; 0; 0; 0; 0; 0; 0; 0; 0; 25; 198; 161; 96; 282; 0; 0; 92; 0; 0; 0; 0
1958;06; 0; 0; 0; 0; 0; 0; 0; 0; 0; 0; 0; 0; 0; 0; 562; 0; 0; 0; 0; 0; 0; 0; 0; 0; 0; 0; 0; 0; 0; 0; 9999
1958;07; 0; 0; 0; 0; 0; 0; 0; 0; 25; 15; 135; 0; 0; 90; 0; 0; 0; 0; 0; 0; 0; 0; 0; 0; 0; 0; 0; 0; 0; 0; 0
1958;08; 0; 0; 0; 0; 0; 0; 0; 0; 0; 0; 0; 0; 0; 0; 0; 0; 0; 0; 0; 0; 0; 0; 0; 0; 0; 0; 0; 0; 0; 0; 0
1958;09; 0; 0; 0; 9; 0; 0; 0; 0; 0; 0; 0; 144; 330; 52; 0; 0; 0; 0; 0; 0; 0; 0; 25; 12; 0; 0; 0; 0; 0; 0; 9999
1958;10; 0; 0; 0; 0; 0; 0; 0; 0; 0; 0; 200; 0; 0; 0; 0; 0; 0; 0; 0; 0; 0; 79; 96; 0; 0; 120; 0; 223; 0; 0; 0
1958;11; 0; 0; 0; 272; 0; 0; 0; 0; 0; 134; 131; 89; 0; 0; 0; 0; 0; 168; 0; 0; 0; 0; 0; 0; 0; 0; 0; 0; 0; 180; 9999
1958;12; 1; 0; 116; 0; 0; 0; 0; 222; 110; 172; 235; 30; 46; 0; 0; 4; 0; 116; 0; 0; 40; 0; 0; 0; 0; 0; 0; 0; 0; 0; 0
1959;01; 0; 0; 233; 224; 31; 0; 0; 1; 389; 0; 110; 289; 0; 0; 0; 358; 0; 774; 0; 45; 0; 0; 0; 212; 0; 0; 25; 73; 0; 0; 0
1959;02; 0; 160; 0; 13; 10; 143; 0; 97; 0; 12; 0; 264; 0; 0; 140; 0; 67; 7; 41; 0; 0; 0; 0; 560; 0; 0; 0; 532; 9999; 9999; 9999
1959;03; 0; 0; 0; 0; 0; 0; 0; 510; 221; 9; 0; 0; 0; 10; 0; 7; 23; 53; 6; 0; 0; 0; 1; 0; 0; 0; 0; 0; 0; 0; 0
1959;04; 0; 126; 0; 0; 0; 0; 0; 0; 0; 21; 0; 0; 0; 0; 0; 0; 0; 0; 0; 0; 0; 0; 30; 0; 0; 50; 0; 0; 0; 0; 9999
1959;05; 0; 0; 0; 0; 0; 0; 0; 0; 0; 40; 0; 0; 0; 0; 0; 150; 0; 218; 31; 0; 0; 0; 0; 0; 0; 0; 0; 0; 0; 0; 0
1959;06; 0; 0; 0; 0; 218; 0; 0; 0; 0; 0; 0; 0; 0; 0; 0; 0; 0; 0; 0; 0; 0; 0; 0; 0; 0; 0; 0; 0; 0; 0; 9999
1959;07; 0; 0; 0; 0; 0; 0; 0; 0; 0; 0; 0; 0; 0; 0; 0; 0; 0; 0; 0; 0; 0; 0; 0; 0; 0; 0; 0; 0; 0; 0; 234
1959;08; 0; 0; 0; 0; 0; 28; 14; 54; 0; 0; 28; 0; 2; 56; 0; 0; 0; 0; 0; 0; 0; 0; 0; 0; 0; 0; 0; 0; 0; 0; 0
1959;09; 0; 140; 19; 0; 0; 0; 0; 0; 0; 0; 0; 0; 0; 0; 0; 0; 0; 0; 0; 0; 0; 0; 0; 0; 259; 0; 0; 0; 0; 0; 9999
1959;10; 0; 0; 0; 0; 0; 0; 0; 0; 0; 0; 0; 380; 140; 190; 0; 0; 0; 0; 0; 190; 100; 140; 0; 0; 0; 0; 0; 47; 0; 0; 0
1959;11; 0; 0; 0; 0; 0; 409; 55; 0; 0; 0; 0; 28; 0; 0; 0; 0; 0; 0; 4; 0; 0; 0; 0; 0; 13; 3; 91; 0; 70; 0; 9999
1959;12; 0; 0; 49; 0; 0; 0; 50; 250; 118; 0; 0; 0; 0; 29; 0; 0; 133; 0; 38; 0; 125; 0; 31; 0; 0; 0; 0; 0; 0; 0; 0
1960;01; 0; 0; 0; 0; 47; 132; 128; 0; 0; 243; 336; 49; 0; 0; 0; 0; 27; 380; 40; 30; 315; 180; 0; 410; 0; 0; 70; 0; 0; 0; 0
1960;02; 0; 785; 68; 0; 0; 0; 295; 20; 72; 0; 70; 170; 70; 60; 226; 165; 0; 0; 399; 125; 0; 7; 70; 0; 21; 172; 720; 275; 34; 9999; 9999
1960;03; 0; 0; 0; 0; 0; 0; 0; 0; 0; 0; 47; 0; 16; 0; 0; 0; 0; 0; 0; 11; 122; 0; 206; 37; 0; 0; 0; 0; 0; 0; 100
1960;04; 0; 0; 0; 420; 89; 10; 0; 63; 0; 0; 0; 0; 0; 0; 0; 52; 252; 0; 265; 0; 0; 0; 0; 0; 0; 0; 0; 52; 0; 263; 9999
1960;05; 0; 0; 0; 0; 0; 0; 0; 0; 207; 0; 0; 0; 0; 86; 0; 0; 0; 0; 110; 80; 0; 0; 0; 0; 0; 0; 0; 0; 0; 0; 0
1960;06; 0; 0; 0; 0; 0; 0; 0; 0; 0; 0; 0; 0; 0; 0; 277; 63; 0; 0; 0; 0; 0; 0; 113; 0; 0; 83; 0; 0; 0; 0; 9999
1960;07; 0; 0; 0; 0; 0; 0; 0; 0; 0; 0; 0; 0; 0; 0; 0; 0; 0; 0; 0; 0; 0; 0; 0; 0; 0; 0; 0; 0; 0; 0; 0
1960;08; 0; 0; 0; 0; 0; 0; 0; 0; 0; 0; 0; 0; 0; 0; 116; 0; 5; 80; 0; 0; 0; 0; 0; 0; 0; 5; 0; 0; 0; 0; 0
1960;09; 0; 0; 0; 0; 0; 0; 0; 0; 0; 0; 0; 0; 0; 0; 0; 0; 0; 0; 0; 0; 0; 0; 0; 0; 0; 0; 0; 0; 0; 57; 9999
1960;10; 190; 0; 0; 0; 0; 0; 101; 0; 490; 0; 0; 0; 0; 0; 67; 0; 0; 0; 0; 116; 0; 0; 0; 0; 51; 401; 0; 0; 6; 190; 14
1960;11; 0; 0; 0; 785; 0; 0; 94; 372; 0; 471; 0; 0; 0; 57; 0; 0; 0; 0; 15; 130; 0; 0; 0; 0; 689; 0; 0; 0; 0; 0; 9999
1960;12; 0; 0; 0; 0; 0; 0; 0; 0; 0; 0; 0; 317; 0; 47; 101; 43; 128; 0; 0; 0; 202; 58; 0; 0; 190; 0; 0; 0; 185; 65; 136
1961;01; 94; 225; 73; 182; 84; 0; 207; 0; 113; 0; 129; 11; 0; 0; 0; 27; 0; 127; 0; 0; 296; 20; 0; 218; 0; 0; 0; 0; 64; 0; 0
1961;02; 0; 0; 0; 273; 0; 0; 2; 17; 0; 0; 0; 80; 0; 0; 7; 442; 14; 123; 0; 0; 1250; 56; 107; 119; 124; 325; 93; 97; 9999; 9999; 9999
1961;03; 0; 0; 0; 133; 263; 0; 0; 44; 0; 0; 0; 40; 13; 6; 0; 125; 82; 0; 0; 0; 0; 0; 0; 0; 0; 0; 0; 0; 0; 0; 0
1961;04; 0; 0; 30; 0; 0; 161; 0; 0; 0; 0; 0; 0; 0; 0; 0; 0; 0; 0; 98; 0; 0; 383; 96; 11; 3; 0; 0; 0; 0; 0; 9999
1961;05; 0; 0; 17; 0; 0; 0; 0; 0; 0; 0; 0; 0; 0; 0; 0; 0; 0; 0; 0; 0; 0; 0; 0; 0; 0; 0; 0; 0; 0; 0; 0
1961;06; 0; 0; 0; 0; 0; 0; 0; 0; 0; 0; 0; 0; 0; 0; 0; 0; 0; 0; 0; 0; 0; 0; 0; 0; 0; 0; 0; 0; 0; 0; 9999
1961;07; 0; 0; 0; 0; 0; 0; 0; 0; 0; 0; 0; 0; 0; 0; 0; 0; 0; 0; 0; 0; 0; 0; 0; 0; 0; 0; 0; 0; 0; 0; 0
1961;08; 0; 0; 0; 0; 0; 0; 0; 0; 0; 0; 0; 0; 0; 0; 0; 0; 0; 0; 0; 0; 0; 151; 0; 0; 43; 0; 4; 0; 0; 73; 0
1961;09; 0; 0; 0; 0; 163; 0; 0; 0; 0; 0; 0; 0; 0; 0; 0; 0; 0; 0; 0; 0; 0; 0; 0; 0; 0; 0; 0; 30; 0; 0; 9999
1961;10; 0; 0; 0; 0; 0; 0; 0; 0; 0; 0; 0; 0; 52; 17; 10; 46; 382; 0; 71; 0; 0; 0; 0; 0; 0; 148; 0; 0; 27; 197; 12
1961;11; 205; 6; 29; 0; 0; 12; 0; 0; 0; 0; 100; 0; 128; 31; 0; 0; 0; 0; 0; 5; 0; 19; 0; 0; 35; 0; 37; 367; 0; 5; 9999
1961;12; 109; 123; 23; 0; 0; 0; 0; 80; 0; 0; 0; 0; 0; 8; 400; 113; 0; 0; 0; 73; 38; 22; 89; 0; 70; 0; 0; 0; 37; 0; 0
1962;01; 0; 78; 26; 0; 0; 0; 102; 146; 97; 1; 131; 0; 2; 113; 5; 1; 0; 323; 375; 13; 0; 329; 106; 1; 230; 35; 0; 0; 0; 0; 0
1962;02; 0; 0; 0; 0; 0; 0; 0; 0; 0; 79; 93; 0; 0; 0; 0; 0; 23; 193; 26; 0; 48; 131; 400; 61; 0; 0; 0; 578; 9999; 9999; 9999
1962;03; 24; 21; 123; 0; 41; 0; 3; 0; 223; 108; 0; 385; 36; 38; 11; 0; 0; 0; 18; 0; 0; 0; 0; 15; 0; 0; 0; 0; 0; 0; 0
1962;04; 0; 0; 0; 0; 0; 0; 0; 57; 5; 0; 0; 0; 0; 0; 0; 23; 0; 0; 0; 0; 0; 0; 0; 2; 0; 0; 0; 0; 98; 0; 9999
1962;05; 30; 35; 2; 0; 0; 0; 0; 0; 0; 0; 0; 0; 0; 0; 24; 16; 0; 0; 0; 0; 0; 0; 0; 0; 0; 0; 0; 0; 0; 0; 0
1962;06; 0; 240; 60; 0; 214; 160; 275; 152; 60; 0; 0; 0; 0; 0; 0; 0; 0; 0; 0; 0; 0; 0; 0; 0; 0; 0; 0; 0; 0; 0; 9999
1962;07; 0; 0; 0; 0; 0; 0; 0; 0; 0; 0; 0; 0; 0; 0; 0; 0; 0; 27; 0; 0; 0; 0; 0; 0; 0; 0; 0; 0; 0; 0; 0
1962;08; 0; 0; 0; 0; 0; 0; 0; 0; 0; 0; 27; 0; 0; 0; 54; 12; 0; 0; 0; 0; 0; 111; 0; 0; 0; 0; 0; 0; 0; 0; 0
1962;09; 0; 58; 0; 0; 0; 0; 0; 122; 0; 0; 0; 0; 0; 0; 0; 0; 0; 0; 0; 0; 0; 0; 0; 0; 0; 0; 0; 7; 0; 0; 9999
1962;10; 240; 213; 330; 37; 0; 0; 246; 38; 28; 0; 81; 0; 0; 0; 0; 0; 198; 3; 1; 0; 0; 0; 152; 5; 0; 0; 0; 123; 821; 183; 0
1962;11; 0; 0; 0; 0; 0; 390; 0; 130; 0; 0; 0; 0; 0; 0; 0; 0; 0; 0; 0; 443; 5; 0; 0; 0; 0; 72; 211; 0; 140; 187; 9999
1962;12; 0; 0; 0; 40; 100; 0; 0; 0; 0; 0; 810; 0; 0; 0; 0; 73; 18; 47; 23; 61; 0; 28; 0; 0; 0; 110; 52; 22; 572; 27; 95
1963;01; 52; 0; 0; 0; 65; 0; 3; 78; 0; 0; 55; 0; 182; 98; 0; 65; 23; 399; 0; 0; 0; 94; 0; 199; 0; 91; 0; 20; 144; 484; 0
1963;02; 77; 0; 0; 383; 95; 316; 4; 0; 0; 0; 0; 0; 0; 0; 0; 0; 0; 85; 0; 260; 189; 49; 213; 350; 24; 0; 0; 0; 9999; 9999; 9999
1963;03; 0; 0; 41; 54; 0; 5; 0; 0; 0; 0; 0; 30; 0; 0; 0; 0; 0; 20; 113; 0; 89; 0; 169; 0; 56; 0; 246; 0; 0; 0; 0
1963;04; 0; 0; 0; 0; 0; 0; 0; 0; 0; 0; 0; 0; 0; 0; 375; 0; 0; 0; 0; 0; 0; 0; 0; 0; 0; 0; 0; 0; 0; 0; 9999
1963;05; 0; 0; 0; 0; 0; 0; 0; 0; 0; 0; 0; 0; 0; 0; 0; 0; 0; 0; 0; 0; 0; 0; 0; 0; 0; 0; 0; 0; 0; 0; 0
1963;06; 0; 0; 0; 0; 0; 0; 0; 0; 0; 0; 0; 0; 0; 0; 0; 0; 0; 0; 0; 0; 0; 0; 0; 0; 0; 0; 0; 0; 0; 0; 9999
1963;07; 0; 0; 0; 0; 0; 0; 0; 0; 0; 0; 0; 0; 0; 0; 0; 0; 0; 0; 0; 0; 0; 0; 0; 0; 0; 0; 0; 0; 0; 0; 0
1963;08; 0; 0; 0; 0; 0; 0; 0; 0; 0; 0; 0; 0; 0; 0; 0; 0; 21; 0; 0; 0; 0; 0; 0; 0; 0; 0; 0; 0; 0; 0; 0
1963;09; 0; 0; 0; 0; 0; 0; 0; 0; 0; 0; 0; 0; 0; 0; 0; 0; 0; 0; 0; 15; 18; 10; 11; 0; 0; 0; 7; 0; 0; 370; 9999
1963;10; 0; 0; 48; 0; 25; 177; 11; 0; 0; 0; 0; 0; 0; 0; 0; 0; 7; 29; 0; 0; 40; 55; 0; 0; 0; 28; 0; 5; 0; 0; 0
1963;11; 8; 0; 0; 0; 0; 0; 12; 64; 0; 0; 0; 0; 84; 15; 7; 0; 235; 15; 101; 0; 0; 0; 0; 0; 0; 0; 0; 0; 0; 0; 9999
1963;12; 200; 0; 49; 0; 0; 0; 0; 0; 0; 0; 0; 0; 38; 0; 0; 0; 0; 0; 45; 0; 0; 0; 0; 0; 0; 0; 0; 0; 0; 0; 0
1964;01; 0; 74; 158; 0; 0; 32; 0; 5; 0; 30; 0; 161; 9; 0; 0; 0; 0; 0; 0; 0; 0; 0; 178; 25; 8; 0; 32; 0; 3; 0; 0
1964;02; 220; 144; 24; 0; 0; 0; 182; 0; 150; 317; 36; 0; 146; 416; 125; 123; 210; 218; 157; 180; 0; 0; 0; 60; 0; 0; 0; 0; 0; 9999; 9999
1964;03; 31; 0; 67; 0; 0; 0; 0; 0; 0; 0; 0; 0; 0; 238; 0; 0; 0; 0; 0; 0; 0; 0; 0; 0; 0; 0; 15; 45; 96; 11; 0
1964;04; 0; 0; 0; 0; 0; 0; 0; 0; 0; 0; 0; 0; 0; 0; 0; 0; 108; 0; 10; 0; 0; 0; 0; 0; 0; 0; 0; 36; 0; 20; 9999
1964;05; 0; 0; 0; 0; 228; 0; 0; 0; 0; 0; 0; 4; 0; 0; 0; 0; 0; 0; 0; 0; 0; 0; 0; 0; 0; 0; 0; 0; 0; 0; 0
1964;06; 0; 0; 0; 0; 0; 0; 0; 0; 1; 4; 0; 0; 0; 0; 0; 0; 0; 0; 0; 0; 0; 0; 0; 0; 50; 0; 127; 0; 0; 0; 9999
1964;07; 2; 0; 0; 0; 0; 0; 0; 0; 0; 0; 0; 125; 0; 0; 0; 110; 0; 0; 0; 0; 0; 0; 0; 283; 0; 0; 0; 0; 0; 0; 0
1964;08; 0; 0; 0; 0; 0; 0; 0; 0; 0; 0; 0; 0; 0; 0; 0; 0; 0; 0; 496; 100; 0; 0; 0; 0; 0; 0; 0; 0; 0; 0; 0
1964;09; 0; 0; 0; 0; 0; 0; 0; 0; 0; 0; 0; 0; 0; 0; 0; 0; 0; 0; 0; 0; 0; 0; 47; 0; 0; 0; 70; 0; 0; 312; 9999
1964;10; 0; 11; 9; 0; 76; 639; 0; 0; 0; 0; 0; 0; 0; 0; 0; 0; 0; 0; 127; 10; 0; 0; 0; 0; 70; 289; 0; 0; 450; 222; 0
1964;11; 0; 0; 0; 0; 906; 0; 0; 0; 0; 0; 0; 0; 0; 265; 0; 0; 0; 30; 0; 321; 0; 0; 0; 0; 0; 0; 0; 0; 0; 0; 9999
1964;12; 75; 85; 150; 0; 0; 0; 0; 0; 0; 0; 0; 0; 103; 124; 17; 28; 0; 113; 0; 20; 34; 56; 210; 0; 88; 148; 0; 38; 0; 0; 0
1965;01; 0; 92; 54; 0; 0; 0; 0; 290; 0; 10; 0; 82; 0; 116; 0; 0; 0; 132; 321; 0; 0; 0; 195; 575; 85; 0; 509; 400; 1000; 0; 224
1965;02; 33; 0; 108; 51; 11; 0; 0; 0; 0; 0; 0; 124; 80; 42; 0; 0; 77; 0; 0; 0; 0; 412; 0; 0; 0; 0; 0; 70; 9999; 9999; 9999
1965;03; 0; 310; 0; 19; 0; 0; 48; 95; 0; 0; 0; 0; 0; 0; 121; 0; 0; 222; 401; 0; 0; 30; 0; 254; 0; 0; 0; 0; 0; 0; 0
1965;04; 0; 0; 0; 0; 0; 0; 0; 0; 0; 0; 0; 0; 0; 0; 0; 0; 0; 0; 0; 0; 0; 0; 0; 0; 0; 210; 0; 240; 0; 0; 9999
1965;05; 0; 0; 0; 0; 0; 0; 0; 0; 0; 0; 0; 65; 130; 400; 53; 50; 0; 0; 0; 0; 0; 0; 0; 0; 0; 0; 0; 0; 0; 0; 0
1965;06; 0; 0; 0; 0; 0; 0; 0; 343; 0; 25; 0; 0; 0; 0; 0; 0; 0; 0; 0; 0; 0; 0; 0; 0; 0; 0; 0; 0; 0; 0; 9999
1965;07; 0; 0; 0; 729; 103; 0; 55; 0; 178; 104; 0; 0; 0; 0; 0; 0; 0; 0; 0; 0; 0; 0; 0; 0; 0; 0; 0; 0; 65; 0; 0
1965;08; 0; 0; 0; 0; 0; 0; 0; 0; 0; 0; 0; 0; 0; 0; 0; 0; 0; 0; 0; 0; 0; 0; 0; 0; 0; 0; 0; 0; 0; 0; 0
1965;09; 0; 0; 0; 0; 0; 0; 0; 0; 0; 0; 0; 0; 0; 0; 0; 0; 0; 0; 0; 0; 0; 318; 0; 0; 0; 0; 0; 0; 0; 41; 9999
1965;10; 66; 0; 0; 0; 0; 0; 320; 0; 0; 0; 0; 0; 0; 0; 0; 0; 0; 95; 0; 0; 0; 0; 0; 100; 0; 0; 0; 118; 0; 0; 0
1965;11; 0; 0; 0; 80; 322; 0; 0; 0; 0; 0; 0; 0; 168; 10; 0; 0; 0; 0; 0; 0; 0; 0; 0; 0; 40; 57; 0; 0; 0; 0; 9999
1965;12; 0; 220; 163; 100; 234; 0; 0; 595; 84; 284; 355; 450; 5; 240; 57; 0; 0; 0; 0; 0; 0; 0; 0; 0; 153; 44; 116; 12; 0; 0; 55
1966;01; 88; 262; 48; 11; 0; 0; 100; 0; 0; 0; 0; 0; 0; 0; 0; 0; 0; 0; 183; 0; 0; 0; 0; 0; 0; 0; 0; 0; 0; 0; 183
1966;02; 800; 0; 0; 0; 0; 120; 84; 270; 40; 355; 0; 190; 57; 0; 0; 0; 0; 0; 0; 0; 100; 0; 0; 0; 0; 0; 0; 0; 9999; 9999; 9999
1966;03; 0; 0; 800; 0; 133; 0; 21; 10; 0; 0; 0; 0; 0; 0; 0; 0; 0; 0; 0; 0; 0; 0; 96; 60; 64; 0; 0; 0; 0; 0; 83
1966;04; 0; 0; 0; 0; 0; 0; 0; 0; 0; 0; 0; 0; 0; 0; 0; 0; 0; 0; 0; 0; 0; 0; 0; 0; 0; 0; 427; 0; 0; 0; 9999
1966;05; 0; 0; 0; 0; 182; 0; 0; 0; 75; 0; 158; 0; 0; 0; 0; 0; 0; 0; 0; 0; 210; 200; 323; 0; 0; 0; 0; 0; 0; 0; 0
1966;06; 0; 0; 0; 0; 0; 0; 0; 0; 0; 0; 0; 0; 0; 0; 0; 0; 0; 0; 0; 0; 0; 0; 0; 0; 0; 0; 0; 0; 0; 0; 9999
1966;07; 0; 0; 0; 0; 0; 0; 0; 0; 0; 0; 0; 0; 0; 0; 0; 0; 0; 0; 0; 0; 0; 0; 40; 0; 0; 0; 0; 0; 0; 15; 142
1966;08; 0; 0; 0; 0; 0; 0; 0; 0; 0; 0; 0; 0; 0; 0; 0; 0; 0; 0; 0; 0; 0; 0; 0; 0; 0; 0; 0; 0; 200; 0; 40
1966;09; 75; 14; 0; 0; 0; 0; 0; 0; 0; 0; 0; 0; 0; 0; 0; 0; 0; 0; 0; 75; 0; 0; 0; 0; 0; 0; 0; 9; 0; 0; 9999
1966;10; 0; 0; 0; 0; 0; 0; 115; 65; 0; 0; 0; 4; 0; 0; 0; 0; 0; 319; 0; 0; 0; 495; 0; 0; 0; 296; 932; 0; 53; 110; 0
1966;11; 70; 0; 0; 0; 0; 0; 0; 0; 0; 0; 0; 72; 0; 22; 146; 0; 0; 0; 0; 0; 0; 0; 0; 0; 0; 0; 151; 0; 0; 0; 9999
1966;12; 0; 0; 0; 0; 0; 0; 0; 0; 0; 603; 0; 0; 0; 0; 0; 130; 0; 80; 85; 397; 173; 0; 0; 0; 0; 0; 0; 0; 0; 0; 0
1967;01; 0; 0; 34; 31; 48; 0; 0; 0; 508; 342; 870; 25; 69; 75; 81; 0; 0; 616; 18; 0; 60; 32; 0; 0; 0; 0; 0; 0; 0; 0; 0
1967;02; 0; 0; 13; 138; 758; 0; 0; 0; 200; 106; 0; 0; 0; 0; 0; 15; 0; 437; 566; 0; 334; 0; 158; 0; 215; 0; 0; 0; 9999; 9999; 9999
1967;03; 115; 162; 0; 0; 0; 0; 348; 120; 10; 0; 36; 90; 188; 45; 0; 0; 0; 0; 0; 0; 0; 0; 0; 0; 0; 0; 0; 0; 0; 0; 108
1967;04; 27; 0; 0; 0; 0; 0; 0; 0; 0; 0; 0; 0; 0; 0; 0; 0; 0; 0; 0; 0; 0; 0; 48; 0; 0; 0; 0; 0; 0; 0; 9999
1967;05; 0; 0; 0; 0; 0; 0; 0; 0; 0; 0; 0; 0; 0; 0; 0; 0; 0; 0; 0; 0; 0; 0; 0; 0; 0; 0; 0; 0; 0; 0; 0
1967;06; 0; 0; 127; 0; 0; 0; 140; 142; 0; 0; 0; 49; 0; 0; 0; 0; 0; 0; 0; 0; 0; 0; 0; 0; 0; 0; 0; 0; 0; 0; 9999
1967;07; 0; 0; 0; 0; 0; 0; 0; 0; 0; 0; 0; 0; 0; 0; 0; 0; 0; 0; 0; 0; 0; 70; 0; 0; 0; 0; 0; 0; 0; 0; 0
1967;08; 0; 0; 0; 0; 0; 0; 0; 0; 0; 0; 0; 0; 0; 0; 0; 0; 0; 0; 0; 0; 0; 0; 0; 0; 0; 0; 0; 0; 0; 0; 0
1967;09; 0; 0; 0; 0; 0; 0; 0; 0; 0; 0; 0; 108; 70; 0; 0; 0; 0; 0; 0; 0; 0; 0; 0; 0; 0; 0; 0; 0; 0; 0; 9999
1967;10; 80; 0; 0; 0; 0; 0; 0; 0; 0; 0; 125; 10; 0; 0; 0; 0; 0; 50; 98; 0; 43; 62; 0; 0; 50; 528; 120; 0; 0; 0; 0
1967;11; 0; 50; 300; 0; 0; 0; 0; 0; 0; 20; 150; 0; 0; 44; 20; 26; 0; 0; 0; 0; 0; 0; 160; 122; 0; 2; 0; 0; 0; 0; 9999
1967;12; 0; 0; 451; 11; 0; 0; 0; 85; 366; 53; 0; 0; 0; 30; 0; 100; 400; 59; 0; 260; 0; 31; 0; 0; 0; 0; 0; 0; 62; 35; 135
1968;01; 20; 70; 65; 0; 0; 0; 0; 0; 75; 50; 455; 415; 0; 136; 30; 144; 276; 160; 0; 0; 18; 0; 120; 0; 0; 0; 0; 0; 0; 0; 0
1968;02; 0; 0; 0; 0; 0; 0; 0; 0; 0; 0; 0; 0; 20; 400; 665; 144; 0; 0; 0; 112; 0; 0; 195; 65; 0; 0; 0; 0; 0; 9999; 9999
1968;03; 0; 0; 0; 66; 20; 200; 266; 0; 0; 0; 0; 16; 0; 0; 520; 372; 0; 0; 0; 0; 0; 0; 0; 0; 0; 0; 0; 0; 0; 0; 0
1968;04; 0; 0; 0; 0; 0; 0; 0; 0; 0; 182; 0; 0; 0; 0; 0; 0; 0; 0; 150; 0; 0; 0; 0; 0; 0; 0; 0; 165; 0; 0; 9999
1968;05; 0; 0; 0; 0; 0; 0; 0; 175; 0; 0; 0; 0; 0; 0; 80; 0; 0; 0; 0; 0; 0; 0; 0; 0; 0; 0; 0; 0; 0; 0; 0
1968;06; 0; 0; 0; 0; 0; 0; 0; 0; 0; 0; 0; 0; 0; 0; 0; 0; 0; 0; 0; 158; 0; 0; 0; 0; 0; 0; 0; 0; 0; 0; 9999
1968;07; 0; 0; 0; 0; 0; 0; 0; 0; 34; 0; 0; 0; 0; 0; 0; 0; 0; 0; 0; 0; 0; 0; 0; 0; 0; 0; 0; 0; 0; 0; 0
1968;08; 0; 0; 0; 53; 0; 0; 0; 0; 160; 0; 0; 0; 0; 0; 0; 0; 0; 0; 0; 0; 0; 0; 0; 0; 0; 0; 0; 0; 41; 0; 0
1968;09; 0; 0; 0; 103; 0; 0; 0; 0; 0; 0; 0; 0; 0; 0; 0; 0; 0; 0; 24; 190; 0; 0; 0; 0; 0; 0; 0; 0; 0; 0; 9999
1968;10; 0; 0; 0; 0; 0; 0; 0; 0; 0; 0; 0; 0; 0; 0; 0; 225; 204; 140; 0; 0; 0; 7; 380; 34; 0; 0; 28; 0; 0; 0; 0
1968;11; 0; 0; 0; 0; 0; 0; 0; 0; 0; 68; 0; 0; 0; 0; 0; 98; 0; 0; 0; 0; 0; 0; 0; 0; 0; 200; 624; 0; 0; 13; 9999
1968;12; 314; 186; 30; 0; 0; 0; 0; 0; 0; 0; 0; 0; 0; 0; 0; 0; 0; 0; 0; 215; 143; 205; 0; 155; 104; 40; 22; 93; 112; 112; 0
1969;01; 0; 0; 0; 0; 0; 0; 0; 0; 0; 278; 15; 0; 0; 0; 0; 0; 0; 335; 0; 10; 35; 33; 0; 0; 0; 0; 0; 10; 25; 0; 0
1969;02; 0; 0; 0; 137; 206; 0; 0; 0; 30; 30; 0; 75; 0; 0; 0; 0; 0; 0; 0; 0; 0; 0; 0; 0; 148; 0; 0; 0; 9999; 9999; 9999
1969;03; 48; 0; 200; 46; 0; 0; 0; 0; 0; 0; 0; 0; 0; 0; 0; 150; 0; 0; 0; 0; 0; 380; 0; 0; 0; 17; 0; 310; 38; 0; 0
1969;04; 11; 0; 0; 210; 0; 0; 0; 0; 0; 0; 0; 20; 0; 0; 0; 0; 0; 0; 0; 0; 30; 0; 0; 0; 0; 0; 0; 0; 0; 0; 9999
1969;05; 0; 0; 0; 0; 0; 0; 0; 0; 0; 210; 0; 0; 0; 0; 0; 0; 0; 0; 0; 0; 0; 0; 0; 150; 0; 0; 0; 7; 0; 0; 0
1969;06; 0; 67; 0; 0; 0; 0; 0; 0; 0; 0; 0; 0; 0; 0; 0; 0; 0; 0; 0; 266; 0; 0; 0; 0; 0; 0; 0; 0; 0; 0; 9999
1969;07; 0; 0; 0; 0; 0; 0; 0; 0; 0; 0; 0; 39; 0; 0; 0; 0; 0; 0; 0; 0; 0; 0; 0; 0; 0; 0; 0; 0; 0; 0; 0
1969;08; 0; 0; 0; 0; 0; 83; 0; 0; 0; 0; 0; 0; 0; 0; 0; 0; 0; 0; 0; 0; 0; 0; 0; 0; 0; 0; 0; 0; 0; 0; 0
1969;09; 0; 0; 0; 390; 0; 0; 0; 0; 0; 0; 0; 0; 0; 0; 0; 0; 0; 10; 0; 45; 0; 0; 0; 0; 0; 0; 0; 1; 462; 290; 9999
1969;10; 0; 0; 417; 122; 5; 191; 0; 0; 0; 0; 0; 0; 0; 0; 0; 0; 110; 0; 0; 0; 0; 5; 0; 0; 0; 0; 0; 0; 0; 375; 110
1969;11; 0; 45; 0; 0; 0; 0; 14; 0; 130; 0; 0; 360; 200; 5; 0; 67; 0; 100; 30; 0; 35; 0; 0; 0; 0; 0; 0; 59; 0; 70; 9999
1969;12; 0; 0; 0; 0; 0; 0; 0; 0; 0; 105; 18; 55; 0; 0; 0; 0; 0; 0; 0; 0; 0; 110; 255; 473; 0; 0; 0; 0; 0; 687; 23
1970;01; 22; 21; 0; 0; 0; 0; 40; 620; 22; 0; 0; 0; 0; 0; 330; 15; 0; 0; 15; 150; 0; 0; 0; 0; 0; 0; 0; 0; 0; 40; 62
1970;02; 0; 0; 0; 0; 155; 0; 0; 268; 0; 37; 0; 0; 0; 35; 18; 72; 20; 255; 0; 300; 0; 0; 0; 23; 0; 0; 0; 0; 9999; 9999; 9999
1970;03; 105; 26; 45; 90; 0; 0; 0; 0; 0; 70; 0; 0; 221; 0; 0; 0; 92; 18; 0; 0; 0; 0; 0; 0; 0; 0; 205; 0; 0; 0; 0
1970;04; 52; 0; 125; 0; 0; 0; 0; 0; 0; 175; 0; 0; 0; 0; 0; 0; 0; 10; 0; 6; 0; 0; 0; 0; 0; 0; 0; 0; 0; 0; 9999
1970;05; 0; 90; 0; 0; 0; 198; 105; 0; 0; 45; 0; 0; 0; 0; 0; 0; 0; 0; 10; 34; 0; 0; 0; 0; 0; 0; 0; 0; 0; 0; 0
1970;06; 0; 0; 0; 0; 0; 70; 0; 0; 0; 0; 0; 0; 0; 0; 0; 0; 0; 0; 0; 0; 0; 0; 318; 0; 0; 10; 0; 0; 0; 0; 9999
1970;07; 0; 0; 0; 0; 0; 0; 0; 0; 51; 50; 0; 65; 0; 0; 0; 0; 0; 0; 0; 0; 0; 0; 0; 0; 0; 0; 0; 0; 0; 0; 0
1970;08; 0; 0; 0; 0; 0; 0; 0; 0; 0; 0; 0; 0; 0; 0; 0; 0; 0; 0; 0; 0; 0; 0; 0; 0; 14; 59; 62; 0; 0; 136; 4
1970;09; 0; 0; 0; 0; 0; 174; 0; 0; 0; 0; 98; 64; 336; 146; 4; 0; 0; 0; 217; 120; 61; 0; 0; 0; 0; 0; 0; 25; 15; 0; 9999
1970;10; 320; 200; 120; 50; 0; 0; 0; 16; 0; 0; 0; 258; 0; 0; 0; 0; 0; 0; 0; 48; 23; 0; 0; 0; 0; 0; 0; 0; 0; 0; 0
1970;11; 10; 0; 0; 0; 0; 369; 0; 62; 0; 0; 0; 0; 65; 26; 0; 0; 0; 0; 0; 0; 0; 0; 0; 10; 0; 0; 100; 18; 60; 579; 9999
1970;12; 0; 0; 0; 0; 0; 0; 0; 0; 19; 61; 44; 74; 164; 0; 0; 12; 80; 213; 0; 137; 291; 0; 0; 0; 0; 0; 0; 0; 10; 4; 0
1971;01; 190; 170; 246; 400; 100; 15; 190; 36; 0; 0; 0; 0; 0; 91; 0; 0; 0; 0; 0; 0; 38; 10; 0; 0; 0; 0; 0; 100; 20; 0; 0
1971;02; 0; 0; 65; 0; 0; 40; 48; 0; 80; 359; 0; 0; 570; 0; 0; 0; 0; 7; 45; 68; 52; 0; 10; 12; 25; 0; 0; 0; 9999; 9999; 9999
1971;03; 0; 0; 0; 0; 87; 240; 0; 181; 0; 14; 0; 0; 0; 0; 0; 0; 0; 18; 0; 140; 0; 0; 3; 0; 0; 0; 0; 445; 0; 0; 0
1971;04; 20; 0; 0; 0; 0; 0; 0; 0; 0; 0; 0; 0; 0; 0; 0; 40; 0; 0; 0; 0; 0; 0; 0; 0; 0; 0; 0; 0; 0; 0; 9999
1971;05; 0; 160; 3; 433; 7; 0; 0; 0; 0; 0; 0; 0; 0; 0; 0; 0; 0; 0; 0; 0; 0; 0; 0; 2; 440; 8; 28; 0; 0; 0; 0
1971;06; 0; 0; 0; 0; 0; 0; 0; 0; 0; 38; 173; 237; 0; 23; 332; 0; 250; 170; 355; 0; 0; 0; 0; 0; 0; 0; 0; 0; 0; 0; 9999
1971;07; 23; 0; 0; 387; 0; 0; 0; 0; 0; 0; 0; 0; 0; 0; 0; 0; 0; 0; 0; 0; 0; 0; 0; 0; 0; 0; 0; 0; 250; 0; 0
1971;08; 0; 0; 0; 0; 0; 51; 0; 0; 0; 0; 0; 0; 0; 0; 0; 0; 0; 0; 0; 0; 0; 0; 0; 0; 0; 0; 0; 0; 0; 0; 0
1971;09; 0; 0; 0; 32; 21; 122; 29; 0; 0; 0; 185; 0; 0; 0; 0; 0; 0; 0; 0; 0; 0; 0; 0; 183; 177; 206; 0; 0; 0; 198; 9999
1971;10; 0; 0; 0; 0; 0; 0; 0; 23; 68; 41; 13; 0; 0; 0; 0; 0; 0; 0; 0; 0; 53; 0; 0; 0; 0; 0; 0; 0; 0; 0; 449
1971;11; 406; 0; 0; 0; 0; 0; 0; 0; 0; 0; 0; 2; 10; 0; 0; 0; 0; 27; 0; 0; 0; 0; 0; 43; 18; 0; 134; 0; 6; 19; 9999
1971;12; 0; 0; 455; 37; 186; 0; 184; 57; 6; 4; 30; 232; 318; 150; 2; 0; 0; 0; 125; 17; 0; 1393; 75; 0; 0; 28; 13; 42; 166; 0; 0
1972;01; 0; 2; 0; 0; 0; 172; 225; 2; 60; 30; 30; 154; 0; 0; 0; 87; 0; 0; 0; 0; 45; 237; 396; 5; 0; 66; 155; 28; 14; 58; 56
1972;02; 0; 45; 0; 343; 13; 0; 446; 7; 0; 28; 135; 188; 24; 149; 25; 106; 18; 44; 259; 647; 503; 0; 146; 0; 51; 0; 118; 0; 0; 9999; 9999
1972;03; 0; 0; 0; 23; 34; 75; 0; 0; 150; 10; 0; 0; 0; 0; 0; 2; 142; 0; 0; 0; 0; 0; 0; 0; 7; 0; 0; 0; 0; 0; 0
1972;04; 0; 34; 100; 0; 0; 0; 0; 0; 0; 0; 0; 0; 0; 0; 0; 0; 0; 0; 0; 0; 0; 0; 0; 0; 0; 100; 0; 0; 0; 0; 9999
1972;05; 0; 0; 0; 0; 0; 0; 70; 0; 0; 0; 0; 0; 0; 0; 0; 0; 0; 0; 0; 0; 0; 171; 102; 400; 0; 0; 0; 0; 0; 0; 0
1972;06; 0; 0; 0; 0; 0; 0; 0; 0; 0; 0; 0; 0; 0; 0; 0; 0; 0; 0; 0; 0; 0; 0; 0; 0; 0; 0; 0; 0; 0; 0; 9999
1972;07; 0; 0; 0; 0; 0; 4; 276; 0; 80; 0; 18; 138; 0; 26; 61; 0; 0; 0; 0; 0; 0; 0; 0; 0; 0; 38; 0; 0; 0; 0; 0
1972;08; 0; 0; 0; 10; 0; 20; 0; 0; 0; 0; 0; 100; 0; 0; 0; 0; 0; 0; 0; 0; 0; 129; 154; 0; 7; 213; 0; 0; 123; 0; 0
1972;09; 0; 0; 0; 0; 0; 0; 0; 0; 0; 253; 0; 0; 3; 0; 0; 0; 0; 0; 0; 0; 0; 0; 70; 29; 0; 0; 410; 153; 61; 139; 9999
1972;10; 462; 131; 135; 273; 0; 3; 0; 0; 5; 140; 0; 0; 0; 44; 0; 0; 0; 0; 0; 0; 0; 0; 0; 0; 0; 0; 0; 17; 0; 11; 20
1972;11; 121; 73; 0; 0; 0; 0; 0; 151; 269; 282; 8; 0; 208; 0; 161; 11; 59; 223; 0; 153; 0; 0; 0; 0; 222; 0; 0; 0; 0; 120; 9999
1972;12; 7; 39; 29; 0; 0; 0; 0; 548; 14; 0; 0; 52; 0; 0; 0; 0; 0; 0; 0; 0; 169; 118; 35; 0; 0; 0; 320; 0; 243; 160; 0
1973;01; 18; 0; 0; 0; 0; 0; 0; 100; 45; 0; 17; 73; 31; 143; 0; 0; 0; 0; 189; 116; 91; 410; 492; 304; 262; 0; 0; 0; 0; 0; 0
1973;02; 0; 0; 0; 407; 15; 0; 0; 0; 0; 67; 181; 0; 344; 409; 19; 37; 14; 382; 0; 0; 0; 0; 76; 0; 6; 0; 0; 0; 9999; 9999; 9999
1973;03; 0; 0; 0; 0; 0; 0; 0; 16; 10; 0; 0; 0; 0; 0; 0; 0; 8; 0; 133; 162; 273; 0; 0; 0; 0; 0; 0; 0; 0; 381; 0
1973;04; 165; 0; 0; 0; 0; 0; 0; 0; 132; 34; 0; 0; 622; 0; 0; 0; 25; 262; 0; 108; 0; 0; 0; 0; 0; 0; 0; 0; 0; 0; 9999
1973;05; 0; 641; 0; 0; 0; 0; 0; 0; 380; 0; 91; 0; 0; 0; 0; 0; 0; 0; 0; 0; 28; 183; 0; 419; 0; 0; 0; 0; 0; 0; 0
1973;06; 0; 0; 0; 0; 0; 0; 0; 0; 38; 0; 0; 0; 0; 0; 0; 0; 37; 0; 0; 0; 0; 0; 0; 0; 0; 66; 0; 0; 0; 0; 9999
1973;07; 51; 104; 0; 0; 0; 0; 0; 0; 0; 0; 0; 0; 0; 0; 0; 0; 0; 0; 0; 0; 21; 0; 0; 0; 0; 0; 105; 0; 0; 0; 0
1973;08; 0; 0; 0; 0; 6; 0; 0; 0; 0; 0; 0; 0; 0; 0; 0; 0; 0; 0; 0; 0; 0; 0; 0; 0; 161; 0; 10; 0; 0; 0; 0
1973;09; 15; 0; 0; 0; 0; 97; 0; 0; 25; 0; 0; 0; 0; 0; 0; 0; 0; 0; 0; 35; 0; 0; 0; 0; 108; 290; 0; 0; 0; 0; 9999
1973;10; 7; 0; 0; 0; 0; 489; 0; 51; 98; 2; 366; 58; 0; 0; 0; 0; 0; 319; 0; 0; 0; 0; 44; 0; 0; 42; 0; 0; 0; 0; 405
1973;11; 47; 0; 0; 0; 0; 0; 0; 0; 72; 0; 112; 77; 23; 0; 0; 256; 442; 111; 0; 0; 0; 0; 0; 14; 0; 0; 24; 0; 0; 0; 9999
1973;12; 0; 149; 37; 98; 33; 14; 146; 0; 0; 0; 0; 5; 7; 0; 49; 95; 0; 0; 0; 32; 65; 0; 0; 153; 228; 214; 0; 46; 47; 15; 33
1974;01; 93; 0; 0; 0; 24; 1; 11; 142; 7; 252; 92; 303; 41; 21; 41; 0; 297; 23; 0; 0; 81; 44; 179; 65; 0; 0; 0; 38; 0; 21; 0
1974;02; 245; 419; 0; 36; 0; 0; 3; 0; 0; 5; 0; 0; 15; 0; 119; 0; 0; 0; 0; 0; 0; 0; 82; 0; 0; 0; 0; 0; 9999; 9999; 9999
1974;03; 0; 106; 72; 49; 0; 29; 31; 27; 336; 157; 149; 16; 17; 0; 44; 158; 349; 232; 3; 0; 0; 0; 14; 0; 0; 0; 0; 0; 0; 0; 0
1974;04; 0; 0; 119; 0; 11; 0; 0; 0; 42; 0; 0; 0; 0; 0; 0; 0; 0; 0; 0; 0; 0; 0; 26; 30; 0; 0; 0; 0; 0; 0; 9999
1974;05; 0; 0; 0; 0; 0; 0; 0; 0; 0; 0; 0; 125; 0; 0; 0; 0; 0; 617; 62; 0; 0; 0; 0; 0; 57; 147; 0; 0; 0; 0; 0
1974;06; 0; 60; 69; 200; 0; 0; 0; 0; 0; 0; 300; 24; 0; 0; 0; 0; 0; 0; 0; 0; 462; 0; 0; 0; 0; 119; 0; 0; 0; 0; 9999
1974;07; 0; 0; 0; 0; 0; 0; 0; 0; 0; 0; 0; 0; 0; 0; 0; 0; 0; 0; 0; 0; 0; 0; 0; 0; 0; 0; 0; 0; 0; 0; 0
1974;08; 0; 0; 0; 0; 0; 0; 0; 0; 0; 0; 0; 4; 0; 0; 0; 0; 0; 0; 0; 0; 0; 0; 0; 0; 0; 0; 0; 0; 0; 0; 0
1974;09; 0; 0; 0; 0; 0; 0; 0; 0; 0; 0; 0; 0; 0; 0; 0; 0; 0; 0; 0; 0; 0; 0; 0; 0; 0; 0; 34; 0; 127; 0; 9999
1974;10; 0; 11; 0; 363; 0; 0; 0; 0; 55; 0; 0; 0; 0; 0; 0; 0; 0; 0; 29; 20; 0; 16; 5; 223; 0; 127; 0; 132; 0; 161; 0
1974;11; 0; 0; 0; 0; 0; 396; 0; 0; 0; 0; 0; 0; 127; 0; 0; 0; 0; 0; 0; 0; 442; 8; 0; 0; 0; 0; 0; 49; 44; 0; 9999
1974;12; 27; 106; 433; 5; 21; 0; 0; 0; 0; 0; 0; 0; 83; 43; 83; 744; 221; 42; 2; 257; 21; 373; 73; 17; 96; 0; 0; 43; 234; 118; 266
1975;01; 120; 100; 0; 0; 0; 0; 13; 0; 0; 0; 848; 0; 112; 58; 0; 6; 0; 0; 1; 0; 0; 0; 0; 0; 14; 88; 215; 0; 344; 17; 4
1975;02; 0; 0; 159; 46; 30; 202; 1; 0; 0; 54; 0; 0; 0; 0; 0; 0; 1; 0; 6; 0; 2; 11; 193; 0; 163; 36; 80; 191; 9999; 9999; 9999
1975;03; 9; 23; 0; 0; 34; 27; 0; 0; 0; 0; 0; 0; 0; 23; 0; 5; 0; 0; 0; 2; 6; 6; 0; 0; 38; 0; 0; 0; 0; 383; 64
1975;04; 0; 288; 15; 0; 0; 0; 0; 0; 31; 469; 516; 2; 0; 0; 0; 0; 0; 0; 0; 0; 0; 0; 0; 0; 0; 0; 0; 0; 0; 0; 9999
1975;05; 172; 0; 0; 0; 0; 0; 0; 0; 0; 0; 0; 0; 0; 0; 0; 0; 0; 0; 0; 0; 0; 0; 0; 0; 0; 0; 0; 0; 0; 0; 0
1975;06; 0; 0; 0; 0; 0; 0; 0; 0; 0; 0; 0; 0; 0; 0; 0; 0; 0; 0; 0; 0; 0; 0; 79; 0; 0; 0; 0; 0; 0; 0; 9999
1975;07; 0; 0; 0; 145; 0; 0; 0; 0; 0; 0; 0; 0; 0; 0; 0; 0; 19; 9; 0; 0; 0; 0; 0; 0; 0; 0; 0; 0; 0; 0; 0
1975;08; 0; 0; 0; 0; 0; 0; 0; 0; 0; 0; 0; 0; 0; 0; 0; 0; 0; 0; 0; 0; 0; 0; 0; 0; 0; 0; 0; 0; 0; 0; 0
1975;09; 0; 0; 0; 0; 0; 0; 0; 0; 0; 0; 0; 0; 0; 0; 0; 0; 0; 0; 0; 0; 0; 0; 0; 71; 12; 1; 130; 0; 0; 1; 9999
1975;10; 7; 0; 0; 73; 0; 47; 0; 72; 0; 0; 0; 147; 0; 2; 12; 0; 94; 281; 325; 0; 0; 0; 0; 0; 0; 12; 0; 0; 0; 5; 101
1975;11; 0; 380; 0; 0; 0; 0; 270; 0; 58; 290; 0; 28; 0; 0; 0; 0; 0; 59; 0; 0; 4; 0; 3; 14; 188; 416; 65; 6; 162; 157; 9999
1975;12; 266; 130; 0; 0; 0; 0; 0; 0; 0; 0; 0; 0; 0; 338; 0; 0; 0; 0; 4; 27; 0; 0; 0; 39; 266; 63; 0; 0; 0; 326; 0
1976;01; 415; 13; 0; 136; 115; 0; 120; 35; 148; 12; 0; 0; 12; 354; 0; 0; 0; 0; 0; 6; 132; 0; 0; 0; 0; 52; 301; 77; 13; 2; 128
1976;02; 5; 325; 421; 277; 0; 161; 199; 6; 356; 115; 0; 0; 0; 0; 0; 3; 15; 0; 0; 49; 44; 117; 73; 183; 1; 0; 15; 0; 0; 9999; 9999
1976;03; 0; 6; 0; 0; 0; 0; 0; 0; 0; 0; 0; 41; 0; 0; 4; 0; 0; 0; 0; 371; 10; 18; 0; 161; 0; 648; 25; 0; 0; 0; 0
1976;04; 0; 0; 0; 0; 0; 0; 0; 0; 2; 5; 120; 3; 9; 0; 41; 0; 0; 0; 0; 0; 29; 0; 34; 0; 0; 0; 0; 0; 0; 0; 9999
1976;05; 0; 0; 0; 0; 14; 0; 0; 0; 0; 0; 0; 0; 0; 0; 0; 0; 227; 10; 12; 162; 97; 0; 0; 0; 0; 0; 0; 70; 290; 30; 0
1976;06; 0; 0; 0; 0; 208; 18; 0; 0; 0; 0; 0; 0; 0; 0; 0; 0; 0; 0; 0; 0; 0; 0; 0; 0; 0; 0; 0; 0; 0; 0; 9999
1976;07; 0; 0; 28; 0; 0; 0; 0; 0; 81; 116; 10; 0; 0; 0; 0; 0; 0; 0; 0; 0; 0; 9; 0; 0; 0; 0; 0; 0; 0; 0; 0
1976;08; 0; 0; 0; 0; 12; 13; 0; 0; 0; 100; 0; 0; 0; 546; 0; 0; 0; 13; 177; 0; 0; 0; 0; 0; 0; 0; 0; 0; 0; 0; 0
1976;09; 0; 0; 0; 0; 134; 243; 78; 0; 0; 0; 0; 5; 5; 28; 18; 628; 0; 0; 0; 0; 0; 0; 13; 0; 0; 130; 284; 0; 0; 0; 9999
1976;10; 0; 0; 0; 0; 240; 29; 0; 0; 250; 0; 0; 0; 0; 0; 0; 0; 0; 0; 167; 0; 0; 0; 0; 20; 0; 156; 0; 0; 0; 0; 12
1976;11; 8; 38; 0; 142; 303; 160; 0; 0; 0; 0; 0; 0; 45; 0; 0; 240; 50; 0; 17; 6; 55; 0; 0; 0; 0; 18; 0; 35; 7; 0; 9999
1976;12; 316; 0; 0; 0; 0; 0; 6; 0; 0; 0; 0; 180; 0; 40; 0; 110; 220; 0; 0; 0; 129; 21; 29; 52; 13; 60; 4; 378; 0; 0; 0
1977;01; 0; 0; 137; 470; 163; 22; 471; 255; 644; 4; 0; 29; 172; 0; 0; 0; 54; 20; 243; 910; 0; 0; 6; 45; 75; 39; 154; 7; 0; 0; 25
1977;02; 91; 64; 2; 46; 7; 0; 5; 0; 0; 0; 0; 0; 0; 0; 0; 0; 0; 0; 0; 0; 0; 0; 218; 0; 41; 0; 0; 103; 9999; 9999; 9999
1977;03; 0; 0; 430; 0; 140; 0; 0; 0; 0; 0; 0; 0; 0; 0; 0; 0; 13; 0; 0; 0; 6; 10; 34; 0; 0; 20; 0; 56; 29; 86; 168
1977;04; 43; 0; 0; 20; 0; 0; 0; 0; 0; 300; 7; 0; 0; 0; 0; 0; 0; 0; 0; 346; 0; 0; 0; 0; 0; 0; 0; 0; 0; 0; 9999
1977;05; 0; 0; 0; 0; 0; 0; 0; 0; 0; 0; 0; 0; 0; 0; 0; 0; 19; 0; 0; 0; 0; 0; 0; 0; 0; 0; 0; 0; 0; 0; 3
1977;06; 5; 0; 0; 113; 0; 0; 0; 0; 0; 0; 0; 0; 0; 0; 51; 282; 0; 0; 0; 0; 0; 170; 0; 0; 2; 0; 0; 0; 0; 0; 9999
1977;07; 0; 0; 0; 0; 0; 0; 0; 0; 0; 0; 0; 0; 0; 0; 0; 0; 0; 0; 0; 0; 0; 20; 0; 0; 8; 0; 0; 0; 0; 0; 0
1977;08; 0; 0; 0; 0; 0; 0; 0; 0; 0; 0; 0; 0; 0; 0; 0; 0; 0; 0; 0; 0; 0; 0; 0; 0; 0; 0; 0; 0; 0; 44; 60
1977;09; 133; 26; 0; 0; 0; 0; 19; 86; 0; 0; 0; 0; 0; 0; 0; 0; 2; 0; 11; 0; 70; 0; 0; 191; 0; 0; 0; 0; 0; 0; 9999
1977;10; 0; 0; 0; 0; 0; 0; 0; 0; 0; 0; 0; 0; 0; 0; 0; 0; 0; 0; 0; 0; 0; 0; 4; 0; 0; 12; 486; 0; 91; 0; 0
1977;11; 8; 394; 0; 196; 0; 0; 0; 0; 0; 0; 0; 4; 260; 230; 5; 225; 22; 57; 0; 0; 360; 0; 274; 15; 0; 0; 0; 220; 9; 19; 9999
1977;12; 26; 510; 740; 54; 37; 10; 0; 247; 68; 65; 0; 0; 0; 0; 0; 0; 0; 0; 2; 52; 145; 414; 575; 112; 0; 0; 0; 0; 0; 0; 0
1978;01; 0; 216; 0; 5; 66; 12; 10; 59; 43; 745; 48; 77; 0; 45; 190; 0; 16; 66; 0; 0; 0; 0; 0; 0; 0; 0; 0; 0; 0; 0; 0
1978;02; 0; 0; 0; 0; 0; 450; 330; 55; 0; 0; 0; 0; 0; 0; 0; 0; 0; 20; 0; 0; 340; 0; 75; 0; 0; 0; 224; 135; 9999; 9999; 9999
1978;03; 0; 136; 315; 0; 0; 0; 0; 0; 5; 515; 112; 0; 0; 0; 0; 0; 0; 0; 0; 0; 0; 0; 0; 0; 0; 0; 0; 0; 138; 0; 0
1978;04; 233; 0; 0; 0; 0; 0; 0; 0; 0; 0; 0; 0; 0; 0; 0; 0; 0; 0; 0; 2; 0; 0; 0; 0; 0; 0; 0; 0; 0; 0; 9999
1978;05; 0; 0; 0; 0; 0; 0; 0; 0; 0; 0; 0; 0; 0; 0; 0; 35; 245; 300; 60; 2; 112; 0; 1; 0; 0; 66; 0; 22; 7; 330; 0
1978;06; 0; 0; 0; 0; 0; 0; 0; 0; 80; 0; 0; 0; 0; 0; 0; 0; 0; 0; 0; 0; 0; 0; 0; 0; 0; 0; 0; 0; 0; 0; 9999
1978;07; 0; 0; 0; 0; 0; 0; 0; 0; 0; 0; 0; 0; 0; 0; 0; 170; 0; 144; 0; 84; 553; 22; 0; 0; 35; 0; 0; 0; 0; 0; 0
1978;08; 0; 0; 0; 0; 0; 0; 0; 0; 0; 0; 0; 0; 0; 0; 0; 0; 0; 0; 0; 0; 0; 0; 0; 0; 0; 0; 0; 0; 0; 0; 0
1978;09; 10; 0; 0; 0; 67; 119; 0; 343; 0; 0; 0; 0; 0; 0; 195; 0; 0; 0; 0; 0; 0; 0; 0; 0; 0; 0; 0; 0; 0; 0; 9999
1978;10; 0; 0; 0; 0; 0; 0; 0; 0; 0; 9; 7; 0; 0; 2; 0; 0; 37; 0; 411; 0; 0; 0; 0; 0; 0; 0; 0; 4; 32; 11; 0
1978;11; 24; 0; 0; 95; 176; 0; 0; 0; 0; 345; 65; 0; 0; 0; 0; 0; 67; 0; 0; 0; 0; 0; 0; 240; 0; 0; 54; 14; 0; 0; 9999
1978;12; 0; 0; 0; 0; 17; 14; 36; 170; 395; 23; 10; 0; 0; 0; 106; 215; 145; 6; 0; 0; 0; 0; 0; 0; 440; 622; 290; 0; 16; 0; 0
1979;01; 212; 17; 155; 22; 131; 6; 0; 0; 0; 0; 40; 6; 380; 130; 0; 0; 0; 0; 0; 0; 0; 0; 0; 0; 0; 0; 0; 30; 40; 0; 0
1979;02; 0; 0; 0; 0; 0; 0; 0; 0; 0; 0; 0; 304; 123; 847; 17; 39; 0; 0; 51; 0; 0; 0; 155; 90; 0; 0; 0; 1; 9999; 9999; 9999
1979;03; 0; 0; 20; 0; 0; 0; 0; 241; 0; 56; 0; 280; 464; 270; 0; 0; 0; 0; 0; 26; 0; 0; 24; 0; 0; 0; 0; 0; 0; 0; 0
1979;04; 0; 43; 521; 45; 590; 0; 0; 0; 0; 0; 0; 0; 0; 0; 0; 0; 0; 0; 0; 0; 0; 0; 0; 0; 0; 0; 0; 0; 0; 304; 9999
1979;05; 0; 0; 0; 0; 140; 0; 10; 222; 5; 41; 0; 5; 0; 0; 0; 0; 0; 0; 0; 0; 0; 0; 0; 0; 0; 0; 0; 0; 0; 0; 195
1979;06; 0; 0; 0; 0; 0; 0; 0; 0; 0; 0; 0; 0; 0; 0; 0; 0; 0; 0; 0; 0; 0; 0; 0; 0; 0; 0; 0; 0; 0; 0; 9999
1979;07; 0; 0; 117; 70; 0; 0; 0; 0; 0; 0; 0; 0; 0; 0; 0; 16; 0; 0; 0; 112; 0; 0; 20; 121; 0; 0; 0; 0; 0; 0; 0
1979;08; 0; 0; 0; 0; 0; 0; 0; 0; 0; 0; 0; 0; 0; 0; 0; 0; 0; 10; 0; 0; 0; 0; 0; 0; 0; 0; 64; 0; 0; 0; 0
1979;09; 0; 0; 0; 0; 0; 0; 0; 0; 15; 185; 194; 2; 0; 109; 254; 53; 0; 0; 0; 0; 0; 0; 177; 46; 0; 0; 0; 0; 0; 10; 9999
1979;10; 86; 0; 0; 0; 0; 0; 20; 7; 0; 0; 0; 0; 0; 32; 80; 0; 0; 0; 0; 0; 0; 0; 0; 0; 203; 564; 0; 0; 0; 0; 40
1979;11; 0; 630; 0; 0; 0; 0; 25; 177; 47; 342; 0; 0; 0; 0; 0; 0; 0; 0; 97; 0; 0; 0; 15; 110; 43; 384; 0; 0; 0; 0; 9999
1979;12; 0; 123; 10; 0; 80; 0; 0; 0; 0; 10; 72; 0; 160; 355; 35; 160; 210; 0; 86; 0; 60; 13; 14; 60; 125; 310; 395; 312; 0; 0; 68
1980;01; 33; 0; 0; 0; 0; 0; 0; 104; 5; 62; 333; 145; 0; 0; 0; 0; 0; 372; 104; 375; 4; 11; 74; 0; 201; 14; 0; 45; 13; 0; 107
1980;02; 15; 0; 0; 0; 0; 0; 0; 117; 18; 5; 0; 34; 400; 16; 1; 0; 15; 74; 9; 0; 0; 0; 0; 0; 366; 116; 852; 320; 117; 9999; 9999
1980;03; 234; 11; 0; 0; 0; 0; 62; 52; 0; 0; 0; 0; 0; 3; 151; 60; 0; 97; 0; 0; 0; 0; 0; 0; 0; 0; 0; 0; 0; 0; 11
1980;04; 0; 0; 691; 0; 80; 0; 0; 0; 40; 14; 0; 0; 0; 55; 19; 7; 0; 0; 0; 0; 0; 0; 0; 0; 0; 0; 0; 0; 0; 0; 9999
1980;05; 0; 0; 0; 0; 0; 0; 0; 0; 0; 0; 270; 0; 0; 0; 27; 0; 0; 0; 0; 35; 0; 61; 0; 0; 0; 0; 0; 0; 0; 9999; 9999
1980;06; 9999; 213; 9999; 9999; 9999; 9999; 9999; 9999; 9999; 9999; 9999; 9999; 9999; 9; 9999; 9999; 9999; 9999; 9999; 9999; 9999; 9999; 9999; 9999; 237; 109; 240; 9999; 9999; 9999; 9999
1980;07; 0; 0; 0; 0; 0; 0; 0; 0; 0; 0; 0; 0; 0; 0; 0; 0; 0; 0; 0; 0; 0; 0; 0; 0; 0; 0; 0; 0; 0; 0; 0
1980;08; 0; 0; 0; 0; 78; 0; 0; 0; 0; 0; 1; 0; 5; 0; 0; 0; 5; 0; 0; 0; 0; 0; 71; 0; 0; 0; 0; 0; 0; 0; 0
1980;09; 0; 0; 0; 0; 0; 0; 0; 0; 68; 0; 0; 0; 106; 42; 175; 35; 9999; 157; 67; 53; 141; 130; 0; 0; 0; 0; 0; 252; 0; 0; 9999
1980;10; 0; 0; 0; 0; 0; 0; 0; 4; 0; 0; 318; 227; 0; 0; 0; 0; 0; 0; 0; 0; 4; 0; 0; 0; 0; 0; 0; 0; 0; 0; 15
1980;11; 0; 0; 0; 344; 343; 0; 411; 0; 118; 0; 7; 0; 0; 0; 0; 0; 0; 0; 0; 0; 0; 2; 264; 208; 0; 0; 0; 190; 13; 0; 9999
1980;12; 109; 79; 0; 31; 28; 2; 13; 103; 223; 34; 97; 735; 190; 0; 0; 0; 0; 0; 0; 253; 0; 208; 727; 7; 684; 53; 540; 103; 0; 0; 0
1981;01; 0; 0; 0; 0; 13; 260; 0; 29; 0; 358; 0; 4; 275; 355; 108; 244; 0; 0; 0; 0; 179; 86; 0; 17; 24; 5; 0; 0; 0; 0; 0
1981;02; 11; 0; 0; 0; 0; 0; 0; 0; 0; 20; 57; 75; 71; 78; 0; 0; 0; 0; 0; 406; 404; 153; 46; 0; 25; 0; 0; 0; 9999; 9999; 9999
1981;03; 0; 0; 0; 0; 0; 146; 43; 50; 421; 0; 0; 91; 0; 0; 0; 215; 34; 16; 0; 0; 0; 0; 0; 0; 0; 121; 454; 267; 16; 0; 0
1981;04; 0; 0; 0; 0; 0; 0; 0; 0; 0; 0; 0; 0; 0; 0; 35; 0; 0; 0; 0; 0; 0; 0; 0; 194; 0; 0; 4; 210; 6; 5; 9999
1981;05; 0; 0; 0; 0; 0; 0; 0; 0; 0; 0; 0; 0; 0; 0; 0; 0; 0; 0; 0; 0; 0; 0; 0; 18; 0; 35; 0; 0; 0; 0; 0
1981;06; 0; 0; 17; 0; 0; 73; 339; 5; 0; 0; 0; 0; 0; 0; 0; 2; 187; 0; 0; 0; 0; 0; 0; 0; 0; 0; 0; 0; 0; 0; 9999
1981;07; 0; 0; 0; 0; 0; 0; 0; 0; 0; 0; 0; 0; 0; 0; 0; 0; 0; 0; 0; 0; 0; 0; 0; 0; 0; 0; 0; 0; 0; 0; 0
1981;08; 0; 0; 0; 0; 0; 0; 0; 0; 0; 0; 0; 0; 0; 0; 0; 0; 0; 46; 0; 0; 0; 0; 0; 0; 0; 0; 0; 0; 0; 0; 0
1981;09; 0; 0; 0; 0; 0; 0; 0; 0; 0; 0; 0; 0; 0; 0; 0; 0; 0; 0; 0; 0; 0; 0; 0; 0; 0; 55; 0; 0; 7; 0; 9999
1981;10; 0; 0; 0; 4; 161; 73; 5; 7; 0; 0; 0; 0; 238; 0; 0; 495; 0; 0; 0; 0; 142; 0; 0; 0; 0; 0; 600; 0; 0; 275; 0
1981;11; 0; 0; 0; 209; 0; 0; 0; 55; 0; 0; 0; 0; 0; 0; 0; 0; 0; 0; 375; 57; 77; 0; 0; 0; 0; 0; 0; 100; 5; 42; 9999
1981;12; 0; 406; 236; 24; 0; 0; 76; 9; 151; 0; 0; 0; 0; 0; 0; 309; 169; 95; 69; 55; 230; 115; 0; 5; 0; 0; 0; 150; 0; 0; 0
1982;01; 0; 110; 0; 0; 0; 0; 0; 200; 0; 25; 1018; 80; 108; 0; 0; 0; 0; 0; 0; 0; 0; 0; 186; 7; 0; 0; 105; 12; 26; 31; 16
1982;02; 61; 0; 235; 0; 409; 54; 185; 0; 0; 0; 0; 0; 0; 0; 0; 0; 0; 0; 0; 0; 0; 0; 17; 61; 0; 0; 80; 0; 9999; 9999; 9999
1982;03; 41; 72; 3; 0; 0; 0; 158; 134; 235; 312; 0; 508; 65; 500; 90; 127; 162; 236; 0; 152; 11; 7; 35; 57; 0; 0; 0; 0; 0; 0; 0
1982;04; 0; 0; 0; 0; 0; 0; 0; 0; 0; 0; 0; 110; 29; 467; 0; 0; 0; 0; 0; 0; 0; 0; 0; 0; 0; 0; 0; 0; 0; 5; 9999
1982;05; 0; 0; 0; 0; 0; 0; 0; 0; 0; 0; 0; 0; 0; 0; 0; 0; 46; 0; 48; 25; 0; 0; 456; 230; 0; 0; 0; 0; 0; 0; 0
1982;06; 0; 0; 0; 0; 0; 158; 0; 0; 0; 0; 0; 0; 0; 33; 0; 0; 0; 0; 0; 8; 51; 0; 0; 0; 0; 0; 0; 0; 3; 6; 9999
1982;07; 43; 0; 0; 0; 0; 0; 0; 0; 0; 0; 0; 0; 0; 136; 0; 0; 218; 75; 0; 31; 0; 0; 0; 0; 0; 0; 0; 0; 22; 0; 0
1982;08; 0; 0; 0; 74; 0; 0; 0; 0; 0; 0; 12; 0; 0; 0; 0; 0; 0; 0; 0; 0; 0; 0; 0; 0; 0; 0; 0; 0; 0; 0; 0
1982;09; 0; 0; 0; 0; 0; 65; 0; 0; 0; 0; 0; 0; 42; 0; 0; 0; 0; 0; 26; 0; 0; 2; 0; 0; 0; 0; 166; 0; 0; 0; 9999
1982;10; 0; 0; 170; 0; 0; 88; 53; 83; 333; 0; 113; 0; 265; 0; 0; 0; 59; 0; 0; 0; 0; 13; 0; 0; 0; 190; 0; 0; 0; 0; 0
1982;11; 0; 0; 0; 152; 48; 0; 281; 0; 220; 0; 0; 442; 0; 315; 0; 0; 78; 0; 0; 0; 144; 14; 74; 0; 0; 96; 0; 0; 0; 191; 9999
1982;12; 406; 0; 0; 0; 0; 0; 22; 0; 0; 0; 101; 26; 33; 74; 42; 314; 0; 68; 0; 265; 0; 89; 330; 48; 0; 0; 0; 166; 73; 19; 73
1983;01; 15; 0; 0; 107; 70; 122; 8; 62; 40; 3; 88; 0; 838; 41; 22; 387; 926; 629; 56; 43; 5; 0; 0; 0; 0; 0; 5; 0; 0; 9; 143
1983;02; 6; 160; 0; 2; 0; 9; 140; 0; 0; 0; 0; 59; 0; 8; 0; 0; 57; 37; 47; 0; 0; 0; 0; 0; 0; 0; 0; 0; 9999; 9999; 9999
1983;03; 37; 19; 13; 0; 0; 70; 84; 0; 0; 0; 0; 0; 749; 54; 0; 0; 0; 46; 0; 0; 0; 0; 0; 0; 0; 0; 40; 0; 0; 0; 0
1983;04; 0; 0; 0; 15; 0; 4; 43; 0; 0; 0; 316; 262; 0; 0; 15; 0; 0; 0; 0; 100; 6; 0; 0; 78; 138; 559; 14; 0; 0; 0; 9999
1983;05; 0; 0; 0; 0; 0; 0; 0; 0; 0; 0; 0; 215; 0; 0; 0; 0; 48; 0; 0; 112; 200; 0; 0; 165; 0; 0; 0; 0; 162; 171; 108
1983;06; 0; 114; 8; 0; 7; 13; 43; 0; 0; 3; 0; 0; 0; 0; 0; 0; 0; 0; 0; 0; 0; 0; 0; 0; 0; 0; 0; 0; 0; 0; 9999
1983;07; 0; 0; 0; 0; 0; 0; 0; 0; 0; 0; 0; 0; 0; 0; 0; 0; 0; 80; 102; 25; 2; 29; 0; 0; 0; 0; 0; 0; 0; 0; 0
1983;08; 0; 0; 0; 0; 0; 0; 0; 0; 0; 0; 0; 0; 0; 0; 0; 0; 0; 0; 0; 0; 0; 0; 0; 0; 0; 0; 0; 0; 0; 0; 0
1983;09; 0; 0; 4; 0; 0; 58; 371; 215; 62; 0; 6; 0; 0; 0; 6; 0; 0; 101; 408; 22; 0; 0; 0; 11; 14; 0; 0; 0; 0; 0; 9999
1983;10; 0; 3; 0; 0; 168; 0; 120; 0; 0; 0; 0; 0; 36; 7; 6; 0; 0; 77; 7; 0; 0; 0; 865; 23; 0; 0; 0; 0; 0; 0; 25
1983;11; 25; 85; 36; 500; 33; 0; 0; 0; 0; 0; 182; 6; 226; 3; 0; 0; 0; 0; 0; 27; 368; 0; 0; 0; 0; 0; 0; 0; 145; 0; 9999
1983;12; 9999; 48; 0; 0; 0; 0; 0; 0; 0; 0; 70; 0; 18; 94; 26; 0; 0; 243; 25; 125; 102; 410; 162; 65; 2; 54; 71; 89; 0; 86; 7
1984;01; 13; 0; 0; 51; 92; 0; 0; 125; 0; 260; 0; 42; 0; 0; 0; 0; 0; 0; 0; 0; 0; 50; 0; 76; 198; 563; 470; 108; 3; 0; 35
1984;02; 0; 0; 0; 0; 0; 0; 218; 0; 0; 0; 754; 0; 0; 134; 0; 90; 0; 0; 419; 0; 0; 0; 0; 0; 174; 0; 0; 0; 0; 9999; 9999
1984;03; 0; 183; 0; 0; 0; 77; 73; 109; 0; 0; 0; 0; 0; 0; 0; 0; 0; 163; 0; 0; 0; 0; 0; 0; 0; 0; 0; 57; 0; 73; 0
1984;04; 0; 0; 0; 0; 0; 0; 0; 0; 0; 0; 0; 0; 0; 0; 35; 73; 99; 0; 0; 0; 0; 0; 5; 15; 0; 0; 0; 0; 105; 263; 9999
1984;05; 58; 100; 0; 0; 0; 0; 0; 35; 58; 0; 0; 0; 0; 0; 0; 0; 0; 0; 0; 0; 0; 0; 0; 0; 0; 0; 0; 0; 0; 0; 0
1984;06; 0; 0; 0; 0; 0; 0; 0; 0; 0; 0; 0; 0; 0; 0; 0; 0; 0; 0; 0; 0; 0; 0; 0; 0; 0; 0; 0; 0; 0; 0; 9999
1984;07; 0; 0; 0; 0; 0; 0; 0; 0; 0; 0; 0; 0; 0; 0; 0; 0; 0; 0; 0; 0; 0; 0; 0; 0; 0; 0; 0; 0; 52; 0; 0
1984;08; 0; 0; 50; 0; 0; 0; 0; 0; 0; 0; 0; 0; 0; 0; 0; 0; 0; 0; 0; 0; 75; 215; 0; 50; 0; 43; 0; 0; 0; 0; 0
1984;09; 0; 0; 0; 0; 0; 0; 0; 0; 210; 0; 0; 0; 0; 0; 0; 0; 132; 0; 0; 13; 77; 0; 0; 0; 0; 76; 391; 0; 0; 0; 9999
1984;10; 0; 0; 0; 0; 0; 0; 0; 0; 0; 270; 0; 0; 0; 0; 0; 0; 0; 176; 37; 0; 0; 0; 0; 0; 0; 0; 0; 0; 0; 0; 0
1984;11; 0; 0; 0; 0; 0; 0; 0; 0; 0; 79; 37; 98; 0; 0; 0; 0; 0; 22; 13; 0; 76; 0; 0; 0; 0; 33; 0; 0; 0; 175; 9999
1984;12; 34; 107; 0; 0; 0; 224; 84; 33; 0; 0; 0; 0; 21; 139; 0; 769; 0; 0; 0; 0; 0; 0; 0; 0; 0; 0; 598; 0; 0; 31; 885
1985;01; 0; 0; 0; 0; 0; 0; 0; 391; 108; 0; 0; 0; 0; 77; 0; 654; 12; 0; 0; 0; 0; 0; 84; 147; 54; 196; 0; 0; 0; 0; 0
1985;02; 0; 0; 0; 0; 0; 0; 0; 0; 0; 0; 70; 200; 0; 0; 0; 0; 0; 0; 0; 0; 0; 0; 379; 32; 34; 0; 107; 69; 9999; 9999; 9999
1985;03; 144; 0; 0; 0; 0; 64; 8; 5; 0; 0; 0; 0; 0; 0; 210; 115; 334; 4; 0; 0; 0; 115; 0; 0; 0; 0; 0; 0; 0; 528; 0
1985;04; 0; 0; 0; 0; 366; 0; 0; 0; 0; 0; 0; 0; 0; 0; 113; 0; 148; 0; 0; 0; 0; 0; 0; 0; 0; 0; 0; 0; 41; 287; 9999
1985;05; 79; 0; 0; 0; 0; 0; 0; 0; 0; 0; 0; 0; 0; 0; 0; 0; 0; 0; 0; 0; 149; 517; 0; 0; 0; 0; 0; 0; 0; 0; 0
1985;06; 0; 0; 0; 0; 0; 0; 0; 0; 0; 0; 0; 0; 0; 0; 150; 0; 0; 0; 0; 0; 0; 0; 0; 0; 0; 0; 0; 0; 0; 0; 9999
1985;07; 0; 0; 0; 0; 0; 685; 0; 0; 0; 0; 0; 0; 0; 0; 0; 0; 0; 0; 0; 0; 0; 0; 0; 0; 0; 0; 0; 0; 0; 0; 0
1985;08; 0; 0; 0; 0; 0; 0; 0; 0; 0; 0; 0; 0; 0; 0; 0; 0; 0; 0; 0; 0; 0; 0; 0; 0; 0; 0; 0; 0; 0; 14; 0
1985;09; 17; 0; 0; 160; 0; 0; 0; 0; 0; 0; 0; 0; 0; 0; 0; 0; 0; 0; 0; 0; 0; 0; 0; 0; 0; 0; 0; 0; 0; 0; 9999
1985;10; 12; 0; 0; 0; 0; 0; 0; 100; 0; 0; 0; 0; 0; 0; 0; 0; 0; 0; 0; 0; 0; 0; 0; 17; 0; 0; 0; 0; 100; 0; 31
1985;11; 12; 82; 20; 515; 0; 0; 0; 0; 0; 0; 0; 0; 0; 0; 0; 0; 0; 0; 62; 0; 0; 0; 0; 0; 105; 0; 0; 0; 19; 0; 9999
1985;12; 0; 0; 116; 0; 0; 0; 0; 0; 0; 0; 0; 0; 0; 0; 0; 0; 0; 0; 0; 0; 0; 188; 117; 37; 0; 0; 0; 0; 0; 0; 0
1986;01; 0; 12; 0; 20; 95; 0; 366; 0; 0; 0; 0; 0; 42; 0; 0; 0; 0; 0; 0; 0; 0; 0; 0; 0; 0; 0; 0; 576; 32; 0; 0
1986;02; 0; 0; 0; 0; 0; 0; 0; 0; 0; 0; 0; 0; 0; 267; 150; 239; 759; 0; 0; 140; 126; 0; 0; 0; 0; 0; 0; 0; 9999; 9999; 9999
1986;03; 0; 0; 0; 320; 768; 32; 42; 103; 0; 187; 0; 164; 0; 0; 0; 0; 0; 0; 0; 159; 0; 0; 287; 0; 0; 0; 377; 0; 0; 217; 0
1986;04; 0; 0; 0; 0; 0; 0; 0; 0; 0; 0; 0; 0; 0; 0; 0; 0; 0; 0; 0; 207; 0; 320; 0; 0; 0; 0; 0; 0; 0; 0; 9999
1986;05; 0; 0; 0; 0; 0; 0; 0; 0; 276; 0; 60; 0; 0; 315; 0; 0; 0; 64; 72; 79; 0; 0; 0; 0; 0; 0; 0; 0; 0; 125; 215
1986;06; 0; 0; 0; 0; 0; 0; 0; 0; 0; 0; 0; 0; 0; 0; 0; 0; 0; 0; 0; 0; 0; 0; 0; 0; 0; 0; 0; 0; 0; 0; 9999
1986;07; 0; 0; 0; 0; 0; 0; 0; 0; 0; 0; 0; 0; 0; 0; 0; 0; 0; 0; 0; 0; 36; 0; 144; 0; 0; 0; 0; 0; 0; 0; 142
1986;08; 0; 0; 0; 0; 0; 0; 0; 0; 0; 0; 0; 0; 0; 0; 0; 80; 140; 0; 0; 0; 0; 0; 191; 5; 102; 0; 0; 0; 0; 0; 0
1986;09; 0; 0; 0; 0; 0; 0; 0; 0; 0; 5; 0; 0; 0; 0; 0; 0; 0; 0; 0; 0; 0; 0; 0; 0; 0; 0; 0; 5; 0; 0; 9999
1986;10; 0; 0; 0; 0; 0; 0; 0; 0; 0; 378; 0; 0; 0; 0; 0; 0; 0; 0; 309; 0; 54; 236; 0; 0; 0; 0; 0; 0; 0; 0; 0
1986;11; 0; 0; 378; 0; 286; 0; 0; 0; 0; 0; 195; 0; 0; 0; 0; 0; 0; 0; 0; 11; 0; 0; 0; 0; 0; 0; 0; 0; 140; 90; 9999
1986;12; 300; 209; 27; 0; 0; 0; 0; 0; 154; 133; 43; 0; 230; 252; 0; 0; 31; 0; 202; 56; 0; 0; 0; 134; 0; 0; 0; 0; 142; 0; 0
1987;01; 76; 7; 330; 0; 146; 112; 13; 0; 0; 0; 0; 0; 0; 0; 0; 0; 0; 312; 0; 0; 0; 0; 0; 0; 200; 400; 398; 152; 472; 709; 315
1987;02; 19; 90; 74; 134; 5; 12; 21; 62; 150; 0; 0; 0; 0; 0; 0; 115; 0; 82; 40; 119; 0; 0; 0; 0; 0; 0; 0; 0; 9999; 9999; 9999
1987;03; 0; 0; 0; 0; 0; 0; 119; 363; 149; 134; 0; 0; 0; 0; 0; 0; 0; 0; 0; 0; 0; 0; 0; 0; 0; 0; 0; 0; 0; 0; 0
1987;04; 0; 24; 0; 0; 0; 0; 0; 0; 0; 219; 0; 0; 0; 0; 0; 0; 0; 0; 0; 266; 0; 0; 0; 0; 0; 0; 0; 0; 0; 0; 9999
1987;05; 0; 0; 0; 0; 155; 0; 0; 0; 186; 0; 0; 0; 0; 0; 0; 136; 0; 0; 0; 0; 0; 0; 0; 73; 42; 0; 0; 0; 0; 0; 0
1987;06; 0; 0; 0; 0; 0; 96; 5; 0; 0; 0; 12; 0; 0; 0; 0; 79; 0; 0; 0; 0; 0; 0; 0; 0; 0; 0; 0; 0; 0; 0; 9999
1987;07; 0; 0; 0; 0; 0; 0; 0; 0; 79; 0; 0; 0; 0; 0; 0; 0; 0; 0; 0; 0; 0; 0; 0; 0; 0; 0; 0; 5; 0; 0; 0
1987;08; 0; 0; 0; 0; 0; 0; 95; 0; 0; 0; 0; 0; 0; 0; 0; 0; 0; 0; 0; 0; 0; 0; 0; 0; 0; 0; 0; 0; 0; 0; 0
1987;09; 0; 0; 0; 0; 0; 0; 60; 116; 37; 0; 400; 158; 0; 0; 0; 0; 0; 0; 0; 0; 0; 12; 0; 0; 0; 0; 5; 0; 42; 401; 9999
1987;10; 0; 0; 0; 0; 0; 120; 0; 0; 0; 0; 0; 0; 0; 0; 0; 0; 0; 0; 140; 196; 0; 0; 0; 0; 141; 0; 0; 0; 0; 0; 0
1987;11; 0; 0; 0; 0; 0; 0; 680; 19; 0; 0; 0; 0; 16; 296; 189; 43; 0; 0; 0; 0; 0; 0; 0; 0; 131; 0; 0; 0; 0; 0; 9999
1987;12; 0; 0; 0; 0; 316; 0; 0; 0; 102; 0; 0; 291; 0; 29; 0; 0; 185; 267; 915; 0; 0; 0; 0; 0; 0; 0; 0; 123; 41; 8; 15
1988;01; 0; 0; 0; 0; 0; 287; 355; 92; 429; 0; 0; 0; 0; 0; 90; 0; 0; 0; 0; 100; 0; 0; 212; 600; 0; 0; 0; 0; 0; 0; 0
1988;02; 32; 0; 0; 0; 0; 0; 235; 0; 0; 0; 60; 0; 0; 0; 0; 0; 0; 158; 0; 330; 0; 42; 37; 0; 0; 185; 152; 0; 0; 9999; 9999
1988;03; 0; 140; 128; 39; 0; 0; 0; 0; 0; 0; 0; 0; 0; 0; 0; 0; 253; 730; 420; 0; 0; 0; 0; 0; 0; 0; 0; 0; 0; 0; 0
1988;04; 95; 136; 0; 0; 0; 0; 450; 394; 0; 0; 0; 0; 56; 0; 0; 0; 0; 0; 0; 121; 0; 0; 0; 0; 0; 0; 0; 0; 0; 0; 9999
1988;05; 0; 0; 13; 66; 0; 0; 0; 0; 0; 0; 0; 0; 31; 0; 0; 0; 0; 0; 0; 0; 0; 0; 0; 0; 0; 0; 0; 0; 0; 32; 101
1988;06; 0; 0; 0; 0; 0; 0; 0; 0; 0; 0; 0; 0; 0; 29; 0; 0; 0; 0; 0; 0; 0; 0; 0; 0; 0; 0; 0; 0; 0; 0; 9999
1988;07; 0; 0; 0; 0; 0; 0; 0; 0; 0; 0; 0; 0; 0; 0; 0; 0; 0; 0; 0; 0; 0; 0; 0; 0; 0; 0; 0; 0; 0; 0; 0
1988;08; 0; 0; 0; 0; 0; 0; 0; 0; 0; 0; 0; 0; 0; 0; 0; 0; 0; 0; 0; 0; 0; 0; 0; 0; 0; 0; 0; 0; 0; 0; 0
1988;09; 0; 0; 0; 0; 0; 0; 0; 0; 0; 0; 0; 0; 0; 0; 54; 0; 0; 4; 0; 0; 0; 0; 0; 0; 0; 0; 0; 0; 0; 0; 9999
1988;10; 0; 0; 0; 70; 0; 0; 0; 0; 0; 0; 0; 0; 0; 0; 0; 0; 0; 0; 142; 300; 0; 0; 156; 50; 0; 180; 0; 0; 0; 0; 0
1988;11; 334; 29; 0; 0; 0; 0; 0; 0; 0; 0; 0; 0; 0; 0; 187; 0; 0; 398; 0; 39; 0; 487; 0; 0; 0; 0; 0; 0; 0; 0; 9999
1988;12; 38; 89; 0; 0; 0; 0; 0; 0; 0; 0; 0; 0; 0; 215; 0; 0; 0; 0; 0; 0; 0; 187; 0; 498; 254; 600; 518; 405; 0; 0; 15
1989;01; 104; 0; 70; 400; 61; 87; 89; 275; 736; 0; 290; 0; 300; 0; 0; 175; 52; 0; 54; 0; 0; 0; 290; 0; 0; 0; 0; 0; 59; 120; 110
1989;02; 0; 0; 0; 417; 900; 0; 0; 0; 386; 189; 79; 59; 0; 0; 65; 0; 534; 118; 0; 0; 0; 122; 32; 278; 10; 65; 0; 0; 9999; 9999; 9999
1989;03; 0; 0; 242; 0; 0; 39; 0; 0; 0; 0; 0; 0; 0; 0; 223; 0; 0; 0; 0; 185; 150; 7; 0; 220; 65; 0; 0; 0; 0; 0; 0
1989;04; 0; 0; 0; 0; 0; 0; 0; 0; 0; 51; 0; 0; 0; 0; 260; 0; 0; 0; 0; 0; 0; 0; 0; 0; 0; 0; 0; 0; 0; 26; 9999
1989;05; 0; 98; 0; 204; 0; 25; 0; 0; 0; 0; 0; 0; 0; 0; 0; 0; 0; 0; 0; 80; 0; 0; 0; 0; 0; 0; 0; 0; 0; 0; 0
1989;06; 0; 0; 0; 0; 0; 0; 0; 185; 0; 0; 9; 0; 0; 0; 0; 0; 0; 0; 0; 0; 0; 0; 0; 0; 60; 0; 0; 0; 112; 0; 9999
1989;07; 0; 0; 0; 0; 0; 0; 0; 0; 0; 0; 0; 0; 0; 0; 0; 0; 0; 0; 0; 0; 0; 0; 0; 0; 0; 0; 0; 0; 27; 15; 340
1989;08; 0; 0; 0; 0; 0; 0; 0; 0; 0; 0; 40; 0; 0; 0; 0; 0; 0; 0; 0; 0; 332; 8; 107; 0; 0; 0; 0; 148; 0; 0; 0
1989;09; 217; 0; 0; 0; 75; 70; 0; 164; 0; 35; 8; 0; 11; 13; 0; 0; 0; 0; 0; 0; 0; 0; 0; 23; 0; 0; 0; 0; 0; 0; 9999
1989;10; 0; 0; 0; 0; 0; 0; 0; 0; 0; 0; 27; 261; 0; 0; 0; 17; 0; 0; 0; 0; 0; 0; 0; 0; 0; 0; 674; 0; 0; 0; 0
1989;11; 0; 0; 0; 210; 0; 0; 0; 0; 0; 33; 19; 200; 251; 0; 0; 0; 0; 0; 0; 39; 100; 32; 0; 0; 0; 0; 0; 443; 104; 0; 9999
1989;12; 0; 0; 0; 0; 0; 0; 0; 0; 63; 787; 0; 303; 541; 83; 10; 0; 0; 0; 368; 80; 0; 0; 0; 0; 0; 0; 230; 0; 52; 130; 0
1990;01; 50; 0; 83; 234; 0; 49; 15; 48; 147; 1050; 210; 151; 40; 0; 0; 0; 0; 0; 0; 160; 0; 0; 26; 0; 0; 0; 0; 0; 0; 0; 158
1990;02; 0; 0; 0; 0; 0; 0; 90; 0; 0; 0; 0; 0; 162; 0; 0; 0; 0; 0; 0; 0; 0; 0; 0; 0; 0; 0; 0; 0; 9999; 9999; 9999
1990;03; 0; 0; 0; 0; 0; 0; 98; 6; 60; 0; 0; 0; 0; 0; 0; 0; 0; 0; 200; 32; 430; 78; 0; 0; 90; 0; 300; 61; 0; 0; 0
1990;04; 0; 0; 56; 0; 0; 0; 0; 0; 36; 0; 0; 0; 0; 0; 0; 0; 270; 873; 87; 130; 37; 0; 0; 0; 0; 0; 0; 0; 0; 0; 9999
1990;05; 0; 46; 131; 0; 0; 0; 0; 0; 0; 0; 285; 0; 0; 0; 51; 0; 0; 0; 0; 0; 0; 0; 0; 0; 0; 0; 0; 0; 0; 0; 0
1990;06; 0; 0; 0; 0; 0; 0; 0; 0; 0; 0; 0; 0; 0; 0; 0; 0; 0; 41; 0; 0; 0; 0; 0; 0; 37; 0; 0; 0; 0; 0; 9999
1990;07; 0; 0; 0; 0; 0; 0; 0; 0; 0; 200; 0; 0; 0; 0; 0; 0; 0; 0; 0; 0; 0; 0; 0; 0; 0; 0; 0; 0; 0; 0; 0
1990;08; 0; 0; 0; 0; 0; 0; 0; 0; 0; 0; 0; 0; 0; 0; 0; 0; 146; 114; 0; 56; 210; 0; 0; 0; 62; 36; 0; 234; 0; 0; 154
1990;09; 31; 0; 0; 0; 0; 0; 0; 0; 0; 0; 0; 0; 196; 0; 0; 0; 0; 0; 0; 0; 0; 0; 146; 0; 0; 0; 0; 0; 200; 306; 9999
1990;10; 261; 196; 0; 0; 0; 0; 0; 0; 0; 0; 0; 0; 0; 0; 0; 0; 0; 0; 120; 46; 0; 0; 0; 0; 0; 0; 0; 0; 0; 0; 0
1990;11; 0; 0; 191; 0; 225; 0; 0; 0; 0; 0; 0; 0; 0; 0; 0; 0; 0; 0; 0; 0; 0; 0; 400; 0; 0; 0; 0; 0; 0; 0; 9999
1990;12; 0; 0; 0; 0; 0; 32; 40; 0; 0; 31; 37; 70; 0; 376; 36; 0; 59; 0; 0; 130; 0; 0; 0; 0; 0; 0; 0; 0; 0; 0; 0
1991;01; 0; 0; 0; 340; 109; 0; 0; 0; 0; 0; 62; 360; 169; 45; 50; 160; 0; 0; 0; 0; 0; 0; 0; 0; 110; 25; 256; 0; 79; 45; 48
1991;02; 268; 50; 0; 0; 0; 137; 117; 170; 608; 193; 344; 213; 54; 0; 480; 0; 0; 0; 0; 0; 0; 0; 0; 0; 0; 0; 0; 0; 9999; 9999; 9999
1991;03; 6; 110; 0; 58; 180; 132; 177; 0; 0; 0; 0; 0; 44; 0; 0; 0; 0; 0; 0; 0; 70; 59; 0; 0; 0; 240; 0; 72; 40; 0; 0
1991;04; 0; 0; 0; 0; 0; 0; 0; 42; 0; 0; 0; 0; 87; 0; 0; 8; 0; 0; 625; 0; 0; 0; 0; 0; 66; 0; 0; 0; 0; 0; 9999
1991;05; 0; 0; 0; 0; 0; 0; 0; 0; 0; 0; 0; 0; 0; 0; 82; 0; 0; 0; 0; 0; 0; 0; 0; 0; 0; 0; 0; 0; 0; 0; 0
1991;06; 0; 0; 0; 0; 0; 0; 0; 0; 0; 0; 0; 0; 0; 0; 0; 0; 0; 0; 0; 0; 0; 463; 0; 44; 0; 0; 0; 0; 35; 0; 9999
1991;07; 0; 0; 0; 0; 0; 0; 0; 0; 0; 0; 0; 0; 234; 0; 0; 0; 0; 0; 0; 0; 0; 0; 0; 0; 0; 0; 0; 0; 0; 0; 0
1991;08; 0; 0; 0; 0; 0; 0; 0; 0; 0; 0; 0; 0; 0; 0; 0; 0; 0; 0; 0; 0; 0; 0; 0; 0; 0; 0; 0; 0; 0; 0; 0
1991;09; 0; 0; 0; 0; 0; 0; 0; 0; 0; 0; 0; 0; 0; 0; 0; 0; 0; 0; 58; 0; 0; 0; 0; 0; 0; 0; 0; 0; 120; 145; 9999
1991;10; 91; 0; 730; 0; 0; 0; 0; 42; 0; 0; 0; 0; 0; 0; 0; 0; 0; 0; 0; 0; 0; 0; 0; 0; 0; 0; 0; 0; 0; 0; 0
1991;11; 0; 0; 0; 0; 0; 0; 0; 0; 11; 0; 0; 0; 0; 0; 375; 0; 0; 0; 0; 0; 0; 0; 0; 0; 0; 0; 36; 0; 70; 67; 9999
1991;12; 0; 0; 0; 0; 0; 63; 190; 205; 8; 54; 0; 932; 0; 30; 0; 0; 88; 0; 80; 0; 70; 0; 0; 140; 0; 0; 0; 0; 0; 0; 0
1992;01; 0; 220; 0; 85; 35; 0; 0; 0; 262; 0; 0; 0; 83; 0; 64; 600; 34; 0; 0; 0; 0; 0; 0; 0; 0; 0; 0; 0; 77; 55; 114
1992;02; 0; 309; 323; 35; 0; 0; 0; 0; 0; 0; 5; 0; 0; 0; 26; 0; 0; 0; 0; 0; 0; 0; 0; 0; 0; 37; 0; 0; 0; 9999; 9999
1992;03; 0; 155; 0; 0; 0; 272; 0; 0; 0; 0; 22; 28; 0; 0; 0; 148; 0; 12; 0; 0; 0; 0; 0; 100; 34; 0; 0; 0; 0; 300; 35
1992;04; 0; 0; 0; 0; 0; 0; 250; 0; 0; 0; 0; 0; 486; 0; 0; 0; 0; 0; 0; 150; 276; 0; 0; 258; 37; 137; 0; 0; 0; 117; 9999
1992;05; 0; 455; 20; 275; 32; 376; 0; 0; 0; 0; 0; 0; 39; 525; 0; 0; 0; 0; 0; 15; 0; 0; 172; 0; 0; 0; 0; 0; 0; 0; 0
1992;06; 0; 0; 0; 0; 0; 0; 0; 0; 0; 0; 56; 0; 0; 0; 0; 0; 0; 0; 0; 0; 0; 0; 0; 0; 0; 0; 0; 0; 0; 0; 9999
1992;07; 0; 0; 0; 0; 0; 0; 0; 0; 0; 0; 0; 0; 39; 0; 0; 0; 0; 0; 0; 0; 50; 0; 0; 0; 0; 0; 0; 0; 0; 0; 0
1992;08; 0; 0; 0; 0; 0; 0; 0; 0; 0; 0; 0; 17; 0; 0; 0; 0; 0; 0; 0; 0; 0; 0; 214; 0; 0; 0; 0; 0; 0; 0; 40
1992;09; 43; 0; 40; 75; 88; 205; 68; 0; 0; 0; 0; 850; 0; 70; 305; 0; 0; 150; 260; 0; 0; 0; 0; 0; 62; 0; 0; 0; 0; 0; 9999
1992;10; 0; 150; 242; 0; 0; 0; 18; 0; 0; 0; 0; 0; 107; 0; 0; 0; 207; 0; 0; 0; 0; 0; 0; 0; 0; 0; 0; 0; 519; 0; 0
1992;11; 296; 46; 0; 430; 0; 0; 0; 0; 28; 0; 0; 0; 0; 0; 0; 0; 0; 0; 0; 8; 0; 0; 120; 0; 208; 0; 15; 0; 0; 0; 9999
1992;12; 0; 0; 0; 0; 0; 0; 68; 0; 0; 0; 72; 0; 0; 0; 0; 0; 0; 0; 72; 0; 0; 0; 0; 0; 0; 61; 75; 60; 0; 0; 0
1993;01; 0; 0; 0; 0; 0; 60; 0; 0; 108; 625; 170; 276; 0; 0; 0; 0; 0; 64; 140; 0; 48; 0; 0; 0; 0; 0; 0; 120; 0; 0; 0
1993;02; 0; 0; 0; 164; 0; 165; 100; 35; 551; 25; 0; 106; 0; 0; 350; 0; 0; 45; 270; 600; 20; 72; 80; 0; 0; 2; 0; 0; 9999; 9999; 9999
1993;03; 0; 150; 0; 0; 155; 0; 0; 0; 0; 0; 0; 0; 0; 0; 0; 0; 0; 0; 129; 416; 0; 437; 82; 53; 17; 0; 0; 242; 0; 0; 341
1993;04; 899; 192; 0; 0; 0; 0; 0; 0; 0; 0; 0; 0; 0; 0; 0; 0; 0; 0; 0; 0; 0; 0; 104; 62; 0; 0; 0; 0; 0; 0; 9999
1993;05; 0; 0; 0; 0; 111; 0; 0; 0; 0; 0; 0; 0; 0; 50; 0; 0; 0; 0; 0; 0; 0; 0; 0; 0; 0; 0; 0; 0; 0; 0; 37
1993;06; 0; 0; 0; 0; 445; 0; 0; 0; 0; 0; 0; 0; 0; 0; 0; 0; 0; 64; 93; 0; 0; 0; 0; 1; 0; 0; 0; 0; 0; 0; 9999
1993;07; 0; 0; 0; 0; 0; 0; 0; 4; 0; 0; 0; 0; 0; 0; 29; 0; 0; 0; 0; 0; 0; 0; 0; 0; 0; 0; 0; 0; 0; 0; 0
1993;08; 0; 0; 0; 0; 0; 0; 0; 0; 0; 0; 0; 0; 0; 0; 0; 113; 0; 0; 36; 298; 29; 0; 255; 85; 26; 0; 0; 0; 0; 0; 0
1993;09; 0; 0; 0; 0; 0; 0; 0; 34; 8; 0; 0; 7; 0; 8; 91; 83; 0; 21; 0; 0; 0; 79; 5; 76; 111; 0; 82; 0; 0; 0; 9999
1993;10; 0; 105; 0; 0; 31; 7; 0; 0; 0; 0; 0; 0; 0; 0; 0; 3; 0; 0; 0; 5; 0; 27; 0; 0; 3; 17; 4; 0; 0; 0; 0
1993;11; 0; 24; 0; 0; 0; 0; 112; 11; 0; 7; 159; 0; 0; 0; 0; 0; 0; 42; 12; 0; 0; 0; 25; 0; 0; 13; 18; 0; 0; 0; 9999
1993;12; 118; 4; 167; 121; 0; 0; 0; 0; 0; 168; 43; 0; 0; 0; 0; 158; 88; 74; 7; 61; 0; 0; 0; 6; 181; 17; 89; 138; 118; 217; 0
1994;01; 0; 3; 13; 48; 0; 0; 73; 32; 56; 68; 0; 0; 0; 0; 3; 76; 0; 0; 169; 0; 12; 321; 2; 468; 122; 191; 242; 70; 36; 13; 0
1994;02; 113; 0; 0; 0; 0; 490; 2; 0; 0; 21; 203; 0; 1; 0; 0; 0; 3; 0; 0; 2; 139; 243; 0; 0; 0; 89; 0; 4; 9999; 9999; 9999
1994;03; 44; 40; 3; 0; 0; 0; 0; 0; 0; 0; 97; 0; 30; 0; 0; 0; 0; 0; 0; 98; 13; 0; 0; 83; 29; 33; 8; 0; 0; 0; 28
1994;04; 68; 35; 0; 0; 2; 0; 303; 2; 0; 0; 0; 0; 0; 0; 18; 0; 0; 317; 0; 0; 0; 0; 2; 0; 0; 0; 0; 0; 0; 0; 9999
1994;05; 0; 0; 0; 0; 0; 0; 0; 0; 0; 0; 0; 0; 22; 0; 28; 0; 0; 0; 0; 32; 31; 0; 0; 0; 37; 0; 0; 132; 0; 0; 0
1994;06; 3; 0; 0; 0; 0; 0; 0; 0; 2; 0; 0; 0; 0; 0; 0; 0; 0; 0; 0; 0; 0; 57; 13; 0; 79; 0; 1; 0; 0; 0; 9999
1994;07; 0; 0; 0; 0; 0; 0; 0; 5; 7; 0; 0; 0; 0; 0; 0; 0; 0; 0; 0; 0; 0; 0; 68; 3; 0; 0; 0; 0; 0; 0; 0
1994;08; 0; 0; 0; 0; 0; 0; 0; 0; 0; 0; 0; 0; 0; 0; 0; 0; 0; 0; 0; 0; 0; 0; 0; 0; 0; 0; 0; 0; 0; 0; 0
1994;09; 0; 0; 0; 0; 0; 0; 0; 0; 0; 0; 0; 0; 0; 0; 0; 127; 0; 0; 0; 0; 0; 0; 0; 0; 1; 0; 0; 0; 0; 0; 9999
1994;10; 4; 0; 8; 142; 0; 0; 0; 0; 0; 0; 0; 0; 0; 68; 0; 16; 6; 183; 0; 0; 0; 0; 5; 0; 534; 0; 0; 168; 13; 5; 0
1994;11; 0; 3; 0; 0; 213; 785; 0; 0; 0; 31; 0; 0; 0; 2; 0; 0; 0; 17; 461; 0; 0; 0; 0; 0; 0; 0; 0; 371; 135; 0; 9999
1994;12; 0; 0; 0; 0; 0; 159; 373; 0; 0; 0; 3; 0; 0; 0; 0; 72; 3; 256; 74; 0; 9; 581; 332; 0; 0; 4; 0; 0; 0; 42; 48
1995;01; 5; 7; 2; 171; 46; 8; 56; 200; 214; 29; 2; 0; 0; 0; 0; 0; 0; 0; 0; 0; 17; 452; 0; 0; 0; 0; 4; 3; 97; 6; 19
1995;02; 57; 282; 16; 76; 271; 122; 1013; 169; 219; 0; 27; 29; 8; 260; 14; 337; 0; 0; 5; 357; 176; 303; 0; 0; 0; 0; 0; 0; 9999; 9999; 9999
1995;03; 0; 0; 0; 0; 0; 22; 0; 0; 0; 36; 12; 0; 756; 16; 0; 0; 0; 0; 0; 67; 20; 3; 0; 148; 0; 0; 0; 0; 0; 136; 2
1995;04; 354; 0; 0; 0; 0; 0; 2; 250; 214; 0; 1; 325; 0; 0; 0; 0; 0; 4; 0; 31; 34; 0; 0; 0; 6; 0; 0; 12; 0; 0; 9999
1995;05; 0; 0; 0; 0; 0; 4; 6; 0; 0; 69; 80; 0; 0; 0; 0; 0; 0; 1; 0; 0; 20; 0; 0; 0; 0; 0; 0; 0; 0; 0; 0
1995;06; 0; 0; 0; 0; 0; 0; 0; 0; 0; 0; 0; 0; 0; 0; 0; 0; 1; 164; 2; 0; 0; 0; 0; 32; 123; 27; 0; 0; 40; 14; 9999
1995;07; 0; 0; 0; 0; 0; 0; 0; 0; 43; 68; 3; 0; 0; 0; 0; 0; 0; 0; 0; 0; 69; 0; 2; 0; 0; 0; 0; 0; 0; 0; 0
1995;08; 0; 0; 0; 0; 0; 0; 0; 0; 0; 0; 0; 0; 0; 0; 0; 0; 0; 0; 0; 0; 0; 0; 0; 0; 0; 0; 0; 0; 0; 0; 0
1995;09; 0; 0; 0; 0; 0; 0; 0; 0; 0; 0; 0; 0; 0; 0; 0; 0; 0; 0; 57; 68; 3; 0; 0; 0; 48; 0; 29; 192; 79; 43; 9999
1995;10; 0; 0; 0; 0; 23; 25; 46; 68; 0; 0; 0; 0; 0; 185; 8; 56; 31; 62; 34; 0; 285; 0; 0; 0; 0; 0; 0; 17; 23; 103; 6
1995;11; 0; 0; 0; 0; 367; 0; 0; 0; 0; 0; 0; 323; 0; 186; 298; 103; 0; 0; 0; 0; 0; 0; 0; 6; 0; 0; 0; 141; 0; 0; 9999
1995;12; 0; 0; 0; 368; 16; 0; 0; 0; 0; 0; 0; 12; 73; 31; 0; 0; 0; 403; 166; 6; 123; 252; 357; 0; 0; 0; 314; 0; 79; 3; 0
1996;01; 0; 17; 22; 19; 0; 152; 135; 68; 41; 93; 0; 0; 321; 73; 0; 0; 0; 86; 0; 43; 350; 87; 43; 0; 0; 48; 6; 35; 0; 0; 0
1996;02; 0; 17; 0; 79; 84; 183; 31; 0; 0; 3; 0; 14; 326; 0; 0; 0; 0; 18; 68; 0; 31; 250; 0; 0; 0; 51; 274; 0; 134; 9999; 9999
1996;03; 0; 48; 0; 608; 0; 0; 0; 158; 263; 2; 0; 3; 0; 0; 312; 18; 139; 0; 0; 41; 0; 0; 0; 0; 0; 0; 18; 0; 0; 0; 0
1996;04; 29; 7; 0; 0; 0; 0; 0; 0; 0; 0; 161; 85; 0; 0; 0; 6; 52; 0; 0; 0; 0; 0; 0; 0; 0; 0; 0; 0; 0; 0; 9999
1996;05; 0; 0; 0; 0; 0; 0; 0; 0; 0; 135; 31; 0; 0; 292; 2; 196; 0; 381; 3; 34; 0; 12; 0; 149; 0; 117; 0; 0; 0; 0; 0
1996;06; 0; 0; 1; 0; 0; 13; 0; 0; 0; 0; 0; 0; 0; 0; 0; 0; 0; 0; 0; 0; 0; 1; 0; 0; 0; 0; 0; 281; 46; 0; 9999
1996;07; 0; 0; 0; 0; 0; 0; 0; 0; 0; 0; 0; 0; 0; 0; 0; 0; 0; 0; 0; 0; 0; 0; 0; 0; 0; 0; 0; 8; 25; 0; 0
1996;08; 0; 0; 0; 0; 0; 0; 0; 0; 0; 0; 72; 0; 0; 0; 47; 80; 0; 0; 0; 0; 0; 0; 0; 0; 0; 0; 0; 0; 0; 0; 0
1996;09; 12; 0; 0; 141; 24; 272; 0; 2; 404; 215; 11; 0; 0; 0; 0; 0; 31; 0; 0; 0; 0; 0; 0; 0; 1; 0; 0; 0; 36; 43; 9999
1996;10; 0; 0; 0; 0; 0; 0; 0; 0; 0; 0; 169; 0; 145; 139; 1; 0; 0; 0; 0; 221; 263; 0; 0; 0; 0; 473; 136; 124; 31; 0; 0
1996;11; 0; 448; 21; 0; 0; 0; 0; 147; 0; 0; 0; 0; 0; 70; 68; 41; 374; 0; 0; 1068; 571; 0; 0; 0; 0; 0; 0; 0; 13; 19; 9999
1996;12; 0; 0; 339; 0; 0; 66; 0; 142; 0; 0; 32; 385; 6; 0; 0; 0; 38; 271; 0; 0; 0; 0; 0; 141; 153; 0; 34; 26; 754; 191; 489
1997;01; 119; 227; 0; 0; 0; 0; 17; 0; 80; 38; 134; 568; 176; 0; 135; 253; 633; 58; 169; 121; 156; 413; 18; 35; 0; 86; 49; 9; 185; 120; 21
1997;02; 0; 312; 124; 259; 0; 0; 0; 0; 15; 0; 348; 0; 0; 0; 64; 120; 0; 61; 0; 0; 0; 0; 0; 21; 0; 0; 0; 0; 9999; 9999; 9999
1997;03; 0; 0; 26; 0; 228; 0; 0; 25; 97; 0; 0; 0; 0; 19; 58; 26; 0; 0; 0; 0; 0; 0; 0; 0; 0; 0; 0; 0; 0; 0; 173
1997;04; 861; 0; 0; 0; 0; 0; 0; 0; 0; 0; 0; 0; 0; 0; 0; 248; 386; 0; 0; 443; 0; 4; 0; 0; 0; 0; 0; 0; 0; 0; 9999
1997;05; 0; 0; 0; 0; 0; 0; 0; 0; 0; 0; 0; 0; 0; 0; 281; 300; 38; 0; 0; 0; 0; 58; 156; 0; 169; 0; 0; 17; 1; 0; 0
1997;06; 0; 0; 0; 237; 0; 793; 0; 0; 0; 0; 0; 420; 63; 0; 325; 92; 0; 76; 13; 34; 8; 0; 0; 0; 0; 0; 0; 0; 2; 0; 9999
1997;07; 0; 0; 0; 0; 0; 0; 0; 0; 0; 0; 0; 0; 0; 0; 0; 0; 0; 0; 0; 0; 49; 21; 0; 0; 0; 0; 0; 0; 0; 0; 0
1997;08; 0; 0; 0; 16; 3; 0; 0; 0; 0; 0; 0; 0; 0; 0; 0; 0; 0; 0; 0; 0; 0; 0; 0; 0; 0; 0; 0; 0; 0; 0; 0
1997;09; 0; 0; 0; 0; 0; 0; 0; 0; 0; 0; 0; 0; 0; 0; 0; 0; 0; 0; 4; 0; 26; 0; 0; 0; 0; 188; 0; 0; 0; 366; 9999
1997;10; 38; 0; 0; 0; 0; 0; 221; 0; 0; 0; 0; 0; 0; 0; 0; 101; 138; 2; 4; 342; 69; 0; 0; 0; 0; 86; 141; 0; 0; 0; 0
1997;11; 2; 0; 0; 0; 0; 120; 13; 0; 0; 0; 0; 0; 0; 193; 38; 330; 293; 447; 168; 39; 0; 0; 8; 0; 0; 131; 157; 163; 148; 0; 9999
1997;12; 34; 487; 0; 103; 18; 0; 25; 0; 0; 273; 0; 0; 0; 0; 398; 0; 0; 0; 0; 0; 0; 0; 0; 0; 0; 0; 0; 0; 62; 0; 0
