33
Ano,Mes,1,2,3,4,5,6,7,8,9,10,11,12,13,14,15,16,17,18,19,20,21,22,23,24,25,26,27,28,29,30,31
1957;11; 9999; 9999; 9999; 9999; 9999; 9999; 9999; 15; 95; 95; 23; 1; 78; 95; 95; 0; 0; 0; 24; 85; 147; 141; 0; 41; 170; 0; 0; 0; 0; 145; 9999
1957;12; 72; 0; 10; 173; 350; 170; 3; 105; 0; 15; 27; 10; 15; 52; 79; 35; 50; 60; 6; 0; 0; 212; 61; 0; 0; 0; 160; 160; 12; 0; 0
1958;01; 0; 0; 24; 0; 0; 0; 0; 0; 0; 0; 0; 31; 95; 0; 26; 68; 16; 500; 60; 95; 82; 22; 95; 165; 95; 0; 200; 22; 50; 0; 3
1958;02; 0; 83; 28; 52; 475; 213; 353; 82; 52; 45; 0; 0; 0; 131; 0; 0; 0; 0; 0; 0; 12; 43; 0; 0; 911; 321; 181; 45; 9999; 9999; 9999
1958;03; 51; 321; 95; 380; 271; 52; 15; 84; 82; 5; 0; 1; 0; 0; 70; 195; 95; 185; 301; 0; 0; 95; 151; 0; 101; 14; 14; 95; 190; 0; 156
1958;04; 185; 87; 0; 5; 0; 4; 95; 70; 0; 190; 53; 0; 191; 321; 95; 83; 10; 5; 291; 73; 40; 0; 2; 54; 70; 5; 0; 0; 1; 0; 9999
1958;05; 3; 75; 181; 198; 95; 291; 0; 1; 23; 52; 94; 191; 45; 47; 0; 0; 0; 0; 0; 4; 20; 95; 91; 35; 221; 125; 41; 95; 31; 0; 2
1958;06; 0; 0; 0; 0; 0; 0; 24; 50; 0; 0; 0; 52; 95; 190; 321; 126; 83; 50; 4; 95; 190; 83; 236; 0; 0; 0; 0; 0; 2; 0; 9999
1958;07; 0; 0; 0; 0; 0; 0; 0; 0; 0; 0; 1; 58; 20; 0; 30; 52; 271; 95; 50; 31; 0; 2; 3; 0; 0; 0; 0; 0; 0; 0; 0
1958;08; 0; 0; 0; 145; 24; 0; 0; 0; 0; 0; 0; 0; 1; 0; 0; 0; 0; 0; 0; 0; 0; 0; 0; 0; 0; 0; 0; 0; 2; 150; 0
1958;09; 53; 1; 0; 0; 0; 0; 0; 151; 190; 118; 71; 126; 155; 190; 108; 0; 0; 0; 0; 0; 0; 0; 1; 0; 95; 81; 0; 0; 0; 0; 9999
1958;10; 0; 50; 150; 0; 0; 300; 0; 0; 0; 0; 150; 50; 0; 0; 0; 100; 350; 150; 0; 0; 0; 0; 0; 0; 0; 100; 350; 200; 0; 100; 0
1958;11; 53; 20; 95; 61; 190; 52; 0; 90; 15; 38; 0; 0; 0; 31; 0; 0; 0; 30; 23; 0; 17; 0; 0; 67; 95; 285; 197; 2; 85; 0; 9999
1958;12; 0; 0; 0; 200; 0; 50; 0; 0; 100; 0; 150; 200; 0; 0; 200; 150; 200; 50; 100; 50; 100; 50; 0; 0; 0; 0; 0; 0; 0; 100; 200
1959;01; 195; 105; 193; 182; 185; 96; 15; 3; 84; 45; 86; 185; 83; 55; 125; 63; 0; 21; 23; 382; 0; 42; 180; 665; 183; 82; 0; 0; 0; 0; 0
1959;02; 0; 52; 53; 30; 20; 12; 0; 24; 532; 6; 42; 420; 0; 138; 280; 280; 165; 105; 0; 0; 0; 0; 0; 10; 0; 260; 230; 3; 9999; 9999; 9999
1959;03; 19; 0; 0; 47; 0; 91; 80; 42; 34; 0; 0; 161; 0; 40; 200; 70; 0; 0; 510; 130; 100; 43; 51; 171; 63; 32; 180; 0; 0; 61; 41
1959;04; 165; 5; 31; 250; 0; 0; 0; 0; 0; 0; 0; 0; 0; 0; 0; 0; 0; 0; 0; 0; 0; 0; 0; 12; 30; 0; 32; 160; 3; 0; 9999
1959;05; 0; 0; 0; 0; 80; 0; 81; 0; 0; 0; 0; 2; 11; 3; 0; 0; 0; 0; 52; 86; 50; 0; 0; 0; 0; 0; 0; 0; 0; 0; 0
1959;06; 0; 0; 0; 0; 0; 31; 80; 0; 0; 0; 0; 0; 0; 0; 0; 0; 0; 0; 0; 0; 0; 0; 0; 0; 0; 0; 0; 0; 0; 0; 9999
1959;07; 0; 0; 0; 0; 0; 0; 0; 0; 0; 0; 0; 0; 0; 0; 0; 0; 0; 0; 0; 0; 0; 0; 0; 0; 0; 0; 0; 0; 0; 0; 0
1959;08; 0; 0; 0; 120; 36; 0; 16; 0; 34; 0; 0; 0; 165; 0; 63; 85; 52; 0; 38; 20; 0; 0; 0; 0; 0; 0; 0; 0; 0; 0; 0
1959;09; 24; 0; 0; 0; 35; 30; 0; 0; 0; 0; 0; 0; 30; 165; 0; 45; 0; 0; 0; 0; 0; 0; 0; 0; 0; 90; 0; 0; 0; 0; 9999
1959;10; 0; 0; 0; 0; 0; 30; 0; 0; 0; 0; 52; 20; 125; 20; 145; 0; 85; 53; 106; 0; 30; 115; 95; 0; 0; 0; 0; 0; 33; 13; 0
1959;11; 253; 0; 37; 161; 0; 38; 21; 0; 463; 157; 0; 0; 351; 51; 0; 0; 0; 0; 188; 61; 0; 42; 51; 0; 0; 267; 221; 48; 0; 0; 9999
1959;12; 0; 0; 213; 44; 10; 23; 0; 66; 0; 73; 32; 0; 63; 0; 0; 136; 3; 10; 946; 181; 88; 8; 11; 42; 218; 45; 0; 13; 98; 0; 0
1960;01; 4; 225; 0; 0; 0; 465; 73; 67; 30; 38; 0; 162; 109; 103; 150; 0; 0; 95; 116; 51; 256; 523; 34; 328; 5; 0; 0; 0; 41; 0; 0
1960;02; 203; 179; 0; 140; 0; 0; 196; 213; 72; 45; 0; 0; 100; 0; 210; 85; 0; 0; 223; 185; 200; 100; 120; 48; 385; 126; 70; 60; 174; 9999; 9999
1960;03; 120; 52; 0; 0; 0; 0; 175; 0; 0; 0; 0; 32; 0; 83; 212; 0; 0; 57; 0; 0; 0; 95; 160; 30; 84; 53; 92; 182; 0; 0; 31
1960;04; 0; 31; 45; 0; 0; 20; 41; 62; 94; 163; 30; 95; 0; 0; 0; 0; 0; 0; 0; 115; 0; 0; 0; 0; 0; 0; 0; 0; 57; 95; 9999
1960;05; 163; 0; 0; 0; 0; 0; 0; 0; 0; 97; 23; 0; 0; 0; 0; 34; 0; 0; 0; 35; 12; 0; 63; 91; 0; 0; 0; 0; 0; 0; 2
1960;06; 6; 0; 0; 0; 0; 0; 0; 0; 0; 0; 0; 0; 0; 0; 50; 0; 0; 0; 0; 0; 0; 0; 92; 31; 95; 50; 0; 24; 0; 0; 9999
1960;07; 0; 0; 0; 0; 0; 0; 0; 0; 1; 0; 31; 0; 45; 0; 0; 0; 0; 0; 0; 0; 0; 0; 0; 41; 95; 0; 0; 0; 0; 0; 0
1960;08; 30; 0; 0; 0; 0; 10; 0; 0; 0; 0; 0; 0; 0; 0; 0; 100; 40; 0; 0; 50; 240; 0; 50; 0; 0; 0; 0; 50; 0; 0; 0
1960;09; 0; 33; 45; 40; 0; 0; 0; 0; 0; 0; 0; 0; 0; 0; 0; 0; 0; 0; 0; 0; 0; 0; 0; 0; 0; 0; 41; 61; 32; 81; 9999
1960;10; 0; 0; 21; 84; 5; 0; 0; 0; 0; 15; 0; 0; 31; 23; 31; 0; 0; 0; 0; 70; 92; 41; 84; 62; 0; 0; 85; 73; 968; 0; 0
1960;11; 43; 5; 51; 45; 65; 42; 87; 83; 74; 0; 71; 34; 63; 243; 0; 86; 37; 13; 83; 0; 254; 248; 306; 0; 21; 0; 0; 87; 3; 0; 9999
1960;12; 0; 0; 83; 0; 0; 47; 0; 93; 0; 0; 0; 0; 0; 82; 475; 168; 380; 380; 35; 171; 202; 184; 160; 127; 78; 57; 0; 95; 21; 85; 33
1961;01; 259; 0; 161; 0; 263; 0; 120; 0; 62; 473; 0; 0; 429; 97; 49; 0; 0; 0; 134; 62; 192; 95; 337; 21; 56; 392; 0; 387; 171; 0; 136
1961;02; 0; 87; 42; 46; 138; 39; 0; 84; 20; 224; 318; 290; 420; 253; 8; 0; 267; 2; 0; 336; 109; 76; 284; 333; 0; 0; 28; 71; 9999; 9999; 9999
1961;03; 305; 442; 35; 0; 0; 72; 303; 92; 409; 3; 0; 0; 13; 307; 45; 0; 87; 11; 306; 403; 405; 0; 0; 0; 0; 0; 106; 295; 405; 2; 604
1961;04; 0; 0; 0; 72; 0; 0; 80; 0; 68; 208; 0; 0; 13; 0; 0; 0; 0; 0; 0; 0; 91; 11; 0; 0; 0; 256; 0; 0; 0; 0; 9999
1961;05; 0; 0; 0; 0; 48; 0; 0; 0; 0; 28; 0; 84; 0; 0; 0; 0; 0; 0; 0; 0; 0; 27; 0; 0; 0; 0; 0; 0; 0; 0; 0
1961;06; 0; 0; 0; 0; 306; 0; 0; 0; 0; 0; 0; 0; 5; 0; 95; 25; 32; 47; 3; 0; 0; 12; 5; 7; 0; 0; 4; 5; 0; 0; 9999
1961;07; 0; 0; 0; 0; 0; 0; 0; 44; 32; 55; 5; 0; 0; 0; 0; 0; 0; 0; 0; 0; 0; 0; 0; 0; 0; 0; 4; 3; 150; 17; 0
1961;08; 0; 0; 0; 0; 0; 0; 0; 0; 0; 0; 0; 0; 0; 0; 0; 0; 0; 0; 0; 0; 0; 227; 0; 0; 0; 0; 0; 0; 0; 0; 0
1961;09; 0; 0; 0; 0; 0; 0; 42; 165; 21; 0; 0; 0; 0; 0; 0; 0; 0; 0; 0; 0; 0; 0; 35; 0; 0; 0; 0; 0; 0; 0; 9999
1961;10; 0; 0; 0; 0; 0; 0; 0; 0; 0; 0; 0; 53; 0; 0; 0; 73; 40; 95; 157; 0; 0; 0; 2; 181; 0; 140; 0; 0; 0; 21; 2
1961;11; 0; 0; 127; 80; 20; 54; 10; 0; 0; 0; 31; 50; 93; 70; 339; 20; 0; 0; 0; 0; 0; 2; 34; 3; 0; 0; 0; 133; 0; 0; 9999
1961;12; 0; 106; 104; 410; 60; 81; 63; 340; 0; 520; 0; 0; 20; 43; 56; 2; 103; 154; 36; 2; 0; 43; 327; 0; 0; 4; 102; 194; 3; 165; 44
1962;01; 0; 0; 22; 0; 0; 0; 0; 53; 343; 61; 1; 0; 0; 0; 0; 34; 52; 37; 20; 12; 85; 0; 0; 0; 91; 34; 40; 12; 40; 1140; 22
1962;02; 15; 21; 30; 103; 141; 563; 105; 0; 83; 265; 63; 394; 90; 0; 0; 15; 45; 0; 20; 31; 142; 210; 82; 260; 284; 0; 0; 0; 9999; 9999; 9999
1962;03; 0; 21; 671; 0; 0; 11; 15; 0; 0; 0; 235; 59; 289; 365; 200; 81; 0; 156; 0; 0; 113; 0; 0; 159; 128; 0; 0; 0; 0; 0; 0
1962;04; 0; 0; 0; 0; 0; 0; 0; 0; 0; 13; 20; 0; 0; 0; 0; 0; 0; 0; 1; 0; 0; 0; 0; 0; 34; 0; 0; 35; 2; 0; 9999
1962;05; 0; 21; 3; 0; 0; 0; 0; 0; 10; 0; 0; 0; 0; 0; 0; 0; 0; 0; 760; 0; 0; 0; 0; 0; 0; 0; 0; 0; 0; 21; 10
1962;06; 0; 0; 0; 23; 4; 21; 3; 15; 32; 0; 0; 0; 0; 4; 1; 0; 0; 0; 0; 0; 0; 0; 0; 0; 0; 0; 0; 0; 0; 0; 9999
1962;07; 0; 0; 0; 0; 0; 35; 0; 0; 0; 0; 7; 0; 0; 0; 0; 0; 0; 0; 0; 20; 53; 0; 0; 0; 71; 0; 0; 0; 0; 0; 0
1962;08; 0; 0; 0; 0; 0; 0; 0; 0; 0; 0; 0; 8; 0; 0; 0; 12; 0; 0; 0; 0; 0; 0; 264; 219; 0; 0; 0; 0; 0; 0; 0
1962;09; 0; 0; 20; 0; 0; 25; 162; 68; 140; 25; 0; 26; 55; 0; 0; 0; 0; 0; 0; 0; 0; 134; 155; 212; 0; 0; 0; 0; 230; 7; 9999
1962;10; 72; 13; 30; 35; 0; 0; 0; 0; 239; 173; 134; 381; 0; 91; 0; 0; 0; 0; 204; 21; 0; 0; 0; 42; 209; 0; 0; 85; 72; 124; 164
1962;11; 223; 0; 0; 0; 0; 170; 60; 87; 343; 105; 101; 78; 0; 0; 0; 0; 0; 195; 0; 0; 25; 457; 75; 0; 0; 0; 0; 0; 0; 3; 9999
1962;12; 5; 0; 90; 237; 0; 275; 45; 0; 0; 0; 73; 142; 375; 322; 178; 122; 85; 360; 306; 257; 32; 0; 22; 546; 0; 0; 265; 205; 300; 228; 86
1963;01; 0; 0; 0; 0; 0; 0; 0; 206; 0; 0; 144; 217; 77; 0; 168; 527; 57; 38; 394; 0; 28; 0; 86; 5; 64; 40; 0; 0; 0; 82; 64
1963;02; 82; 5; 61; 3; 10; 92; 168; 83; 187; 42; 80; 75; 127; 84; 51; 70; 32; 60; 167; 41; 20; 32; 1; 54; 70; 35; 0; 3; 9999; 9999; 9999
1963;03; 0; 0; 0; 5; 78; 215; 0; 0; 0; 0; 53; 0; 0; 0; 0; 0; 0; 0; 0; 50; 0; 0; 0; 1; 116; 0; 0; 0; 0; 238; 0
1963;04; 0; 0; 0; 0; 0; 0; 0; 0; 0; 0; 0; 0; 0; 0; 0; 23; 0; 0; 0; 0; 0; 0; 0; 0; 0; 0; 0; 0; 0; 0; 9999
1963;05; 0; 0; 0; 0; 2; 0; 0; 0; 0; 0; 0; 0; 0; 0; 0; 0; 41; 370; 1; 0; 0; 0; 0; 0; 0; 0; 0; 0; 0; 0; 0
1963;06; 0; 3; 1; 0; 4; 0; 0; 0; 0; 0; 0; 0; 0; 0; 73; 5; 0; 0; 0; 0; 0; 0; 0; 0; 0; 0; 0; 0; 0; 0; 9999
1963;07; 0; 0; 0; 0; 14; 0; 0; 0; 0; 0; 0; 0; 0; 0; 0; 0; 0; 0; 0; 0; 0; 0; 0; 0; 0; 0; 0; 0; 0; 0; 0
1963;08; 0; 0; 0; 0; 0; 0; 0; 0; 0; 0; 0; 0; 0; 0; 0; 0; 89; 86; 0; 0; 0; 0; 0; 0; 0; 0; 0; 0; 0; 0; 0
1963;09; 0; 0; 0; 0; 0; 0; 0; 0; 0; 0; 0; 0; 0; 0; 0; 0; 0; 0; 0; 0; 0; 0; 35; 0; 0; 0; 0; 0; 0; 0; 9999
1963;10; 51; 9; 0; 2; 131; 52; 66; 0; 0; 9; 0; 0; 0; 0; 302; 41; 0; 182; 0; 240; 6; 955; 102; 0; 0; 0; 126; 338; 0; 0; 0
1963;11; 0; 90; 100; 110; 0; 0; 100; 90; 275; 156; 103; 380; 0; 90; 275; 380; 90; 0; 90; 0; 275; 0; 0; 70; 0; 0; 0; 0; 0; 0; 9999
1963;12; 0; 1042; 126; 0; 0; 0; 94; 0; 0; 122; 287; 42; 0; 0; 0; 0; 0; 0; 432; 127; 0; 28; 0; 0; 0; 0; 0; 0; 0; 0; 0
1964;01; 120; 0; 110; 20; 25; 0; 0; 90; 190; 50; 60; 120; 0; 90; 110; 380; 100; 380; 275; 20; 380; 368; 380; 120; 380; 270; 180; 60; 265; 380; 0
1964;02; 0; 691; 45; 175; 0; 0; 0; 0; 0; 0; 380; 25; 0; 260; 180; 240; 122; 352; 253; 175; 225; 8; 0; 60; 0; 32; 87; 200; 135; 9999; 9999
1964;03; 130; 0; 0; 0; 0; 0; 0; 0; 0; 0; 0; 0; 0; 0; 100; 105; 0; 0; 0; 0; 0; 0; 0; 0; 0; 0; 0; 0; 28; 45; 25
1964;04; 242; 260; 0; 180; 0; 0; 0; 0; 0; 0; 0; 0; 0; 0; 0; 0; 0; 140; 0; 100; 0; 0; 60; 0; 0; 50; 300; 0; 350; 64; 9999
1964;05; 0; 0; 100; 0; 0; 0; 0; 50; 100; 0; 0; 0; 0; 0; 760; 0; 0; 0; 0; 0; 0; 0; 0; 0; 0; 0; 100; 380; 320; 0; 0
1964;06; 0; 0; 0; 0; 0; 0; 0; 0; 0; 0; 58; 100; 0; 0; 70; 45; 0; 0; 0; 0; 0; 0; 0; 0; 0; 45; 0; 0; 40; 82; 9999
1964;07; 22; 85; 72; 126; 163; 85; 0; 0; 0; 0; 0; 0; 0; 0; 0; 0; 40; 0; 0; 0; 0; 0; 0; 0; 0; 0; 0; 10; 0; 0; 0
1964;08; 0; 0; 0; 50; 52; 0; 0; 0; 0; 0; 0; 23; 0; 0; 0; 0; 0; 0; 0; 0; 145; 72; 0; 65; 0; 0; 0; 0; 0; 53; 0
1964;09; 0; 0; 85; 0; 0; 0; 0; 0; 0; 0; 0; 0; 30; 0; 0; 0; 0; 0; 0; 0; 0; 0; 0; 0; 0; 60; 43; 32; 0; 0; 9999
1964;10; 0; 146; 100; 58; 43; 48; 95; 60; 43; 0; 86; 0; 32; 70; 0; 0; 0; 0; 0; 142; 63; 55; 23; 0; 0; 104; 98; 0; 43; 62; 158
1964;11; 97; 36; 70; 0; 0; 100; 0; 0; 0; 58; 108; 10; 0; 0; 0; 0; 105; 0; 60; 0; 0; 46; 10; 71; 38; 65; 0; 0; 0; 0; 9999
1964;12; 0; 87; 42; 60; 95; 0; 0; 31; 0; 15; 0; 0; 48; 202; 0; 0; 35; 93; 16; 0; 0; 100; 95; 202; 0; 92; 64; 423; 34; 218; 0
1965;01; 60; 207; 110; 253; 660; 28; 0; 0; 260; 225; 154; 0; 2; 0; 70; 220; 40; 80; 182; 518; 116; 264; 362; 4; 0; 83; 266; 132; 202; 153; 104
1965;02; 288; 140; 0; 0; 40; 0; 186; 100; 0; 20; 40; 80; 0; 0; 145; 204; 120; 385; 0; 0; 98; 107; 0; 320; 268; 320; 0; 2; 9999; 9999; 9999
1965;03; 10; 0; 0; 95; 35; 0; 187; 115; 78; 345; 290; 0; 15; 0; 0; 0; 275; 0; 0; 135; 84; 0; 15; 30; 0; 0; 20; 0; 0; 0; 0
1965;04; 0; 0; 10; 0; 0; 0; 0; 10; 70; 30; 25; 0; 23; 82; 30; 0; 0; 0; 0; 145; 95; 183; 0; 0; 0; 0; 0; 10; 565; 270; 9999
1965;05; 95; 0; 0; 10; 0; 0; 0; 0; 0; 10; 125; 0; 0; 23; 47; 255; 80; 250; 50; 74; 36; 0; 0; 0; 0; 0; 0; 0; 0; 0; 0
1965;06; 0; 0; 30; 40; 0; 0; 0; 0; 0; 20; 0; 0; 0; 30; 0; 80; 50; 30; 0; 0; 0; 0; 0; 0; 52; 0; 0; 0; 0; 0; 9999
1965;07; 0; 0; 125; 0; 105; 95; 62; 30; 0; 70; 0; 0; 0; 0; 0; 65; 40; 0; 0; 0; 0; 0; 0; 0; 0; 0; 0; 0; 0; 0; 0
1965;08; 60; 0; 0; 10; 235; 0; 0; 0; 0; 0; 0; 0; 0; 0; 0; 0; 0; 0; 0; 670; 0; 0; 0; 0; 0; 0; 0; 0; 0; 0; 0
1965;09; 0; 0; 0; 0; 0; 0; 0; 0; 0; 0; 0; 40; 145; 0; 0; 0; 0; 0; 0; 0; 0; 0; 0; 0; 95; 62; 185; 34; 285; 0; 9999
1965;10; 34; 50; 23; 105; 0; 0; 0; 0; 0; 83; 185; 150; 57; 0; 50; 0; 0; 0; 0; 180; 0; 0; 0; 0; 60; 0; 42; 0; 73; 56; 95
1965;11; 110; 0; 0; 0; 0; 0; 2; 0; 2; 0; 0; 412; 181; 349; 175; 669; 387; 0; 0; 0; 0; 0; 0; 0; 0; 163; 445; 156; 93; 45; 9999
1965;12; 0; 217; 42; 30; 0; 0; 0; 103; 302; 453; 67; 50; 91; 4; 6; 30; 2; 0; 0; 0; 0; 200; 0; 0; 350; 0; 0; 192; 472; 71; 126
1966;01; 88; 42; 240; 0; 113; 500; 60; 62; 0; 593; 264; 210; 498; 569; 0; 0; 0; 0; 0; 14; 0; 0; 2; 0; 162; 0; 1; 0; 190; 0; 0
1966;02; 220; 54; 192; 0; 0; 0; 0; 0; 0; 0; 3; 0; 43; 697; 0; 0; 12; 0; 0; 150; 60; 447; 410; 80; 10; 880; 0; 0; 9999; 9999; 9999
1966;03; 35; 0; 44; 43; 50; 15; 637; 582; 508; 280; 264; 0; 0; 110; 0; 0; 0; 0; 0; 0; 135; 0; 140; 4; 0; 2; 180; 63; 100; 0; 0
1966;04; 20; 45; 90; 65; 100; 70; 10; 53; 10; 85; 30; 0; 0; 0; 0; 0; 0; 0; 0; 0; 0; 0; 0; 0; 0; 0; 14; 0; 0; 30; 9999
1966;05; 0; 0; 0; 0; 95; 120; 0; 0; 0; 0; 0; 80; 50; 35; 0; 0; 0; 0; 0; 0; 0; 0; 95; 60; 25; 0; 0; 0; 0; 0; 0
1966;06; 50; 0; 0; 65; 0; 0; 0; 0; 0; 0; 0; 0; 0; 0; 0; 0; 0; 0; 190; 0; 0; 0; 0; 0; 0; 0; 0; 0; 0; 0; 9999
1966;07; 20; 0; 0; 35; 0; 0; 0; 60; 0; 0; 0; 0; 0; 0; 0; 0; 0; 0; 0; 0; 0; 0; 0; 40; 95; 0; 0; 0; 0; 0; 100
1966;08; 85; 0; 0; 0; 0; 0; 0; 0; 0; 0; 20; 0; 0; 0; 0; 50; 70; 0; 0; 0; 0; 0; 0; 0; 180; 0; 0; 0; 0; 0; 0
1966;09; 0; 70; 45; 100; 60; 0; 0; 0; 0; 0; 0; 0; 0; 0; 0; 0; 95; 30; 0; 0; 0; 0; 0; 0; 0; 0; 0; 20; 185; 0; 9999
1966;10; 0; 0; 0; 20; 95; 15; 120; 275; 180; 25; 0; 0; 0; 0; 0; 0; 50; 60; 180; 40; 20; 83; 52; 0; 0; 0; 90; 185; 70; 65; 30
1966;11; 15; 180; 95; 70; 50; 35; 60; 85; 20; 105; 20; 45; 120; 50; 75; 185; 30; 95; 40; 0; 25; 60; 35; 10; 0; 0; 21; 0; 10; 0; 9999
1966;12; 0; 32; 0; 0; 42; 0; 0; 377; 0; 0; 134; 0; 88; 0; 0; 0; 0; 0; 0; 54; 251; 464; 521; 509; 330; 0; 0; 200; 304; 2; 0
1967;01; 4; 316; 210; 125; 340; 413; 260; 192; 0; 102; 201; 504; 350; 0; 0; 355; 282; 200; 0; 0; 5; 0; 40; 342; 414; 200; 196; 65; 472; 100; 112
1967;02; 254; 141; 250; 150; 453; 72; 4; 271; 1; 102; 464; 195; 5; 100; 86; 0; 0; 345; 432; 490; 0; 0; 0; 25; 28; 278; 0; 0; 9999; 9999; 9999
1967;03; 0; 70; 108; 0; 0; 80; 491; 124; 3; 100; 10; 30; 0; 0; 286; 214; 108; 18; 528; 4; 0; 163; 0; 0; 314; 196; 200; 33; 0; 0; 10
1967;04; 20; 0; 0; 10; 0; 0; 0; 0; 0; 20; 0; 0; 0; 0; 40; 65; 0; 0; 0; 0; 50; 20; 55; 0; 0; 0; 85; 10; 0; 0; 9999
1967;05; 0; 0; 30; 10; 25; 0; 0; 0; 0; 0; 0; 0; 0; 0; 0; 0; 0; 0; 0; 0; 0; 45; 0; 0; 0; 0; 0; 0; 0; 0; 0
1967;06; 0; 0; 0; 0; 0; 0; 30; 75; 0; 40; 85; 50; 120; 60; 0; 0; 0; 0; 0; 0; 0; 0; 0; 0; 0; 0; 20; 0; 0; 0; 9999
1967;07; 0; 0; 20; 0; 0; 0; 0; 0; 0; 0; 0; 50; 0; 0; 20; 45; 50; 35; 0; 0; 0; 0; 25; 0; 0; 0; 0; 0; 0; 0; 0
1967;08; 0; 0; 0; 20; 55; 40; 0; 0; 0; 0; 0; 0; 0; 0; 0; 0; 0; 0; 0; 0; 0; 0; 0; 0; 0; 0; 0; 0; 0; 0; 0
1967;09; 0; 0; 0; 0; 0; 0; 0; 55; 0; 25; 60; 15; 80; 50; 75; 0; 0; 0; 0; 0; 20; 55; 0; 0; 10; 0; 0; 25; 0; 0; 9999
1967;10; 0; 0; 0; 0; 20; 0; 30; 0; 0; 0; 0; 60; 43; 24; 0; 52; 30; 0; 10; 25; 70; 100; 85; 90; 125; 95; 60; 55; 0; 0; 0
1967;11; 0; 0; 100; 4; 0; 0; 0; 93; 0; 76; 100; 0; 53; 60; 0; 32; 401; 200; 270; 1; 0; 0; 232; 5; 165; 30; 484; 2; 53; 0; 9999
1967;12; 0; 0; 0; 37; 306; 284; 20; 0; 160; 253; 32; 0; 0; 50; 85; 58; 602; 83; 50; 26; 180; 202; 404; 95; 0; 0; 55; 70; 100; 52; 55
1968;01; 0; 5; 54; 35; 30; 0; 0; 35; 0; 5; 126; 200; 556; 400; 112; 115; 77; 87; 246; 120; 163; 52; 192; 65; 0; 0; 0; 0; 0; 0; 0
1968;02; 275; 80; 0; 0; 0; 0; 95; 50; 125; 40; 83; 30; 0; 25; 60; 205; 40; 0; 0; 0; 60; 25; 63; 75; 90; 100; 15; 40; 25; 9999; 9999
1968;03; 40; 0; 70; 20; 182; 0; 0; 10; 30; 134; 0; 0; 30; 411; 80; 273; 454; 40; 0; 0; 0; 0; 0; 95; 84; 46; 0; 32; 75; 10; 23
1968;04; 50; 32; 15; 63; 0; 0; 0; 0; 0; 0; 0; 0; 0; 0; 0; 0; 0; 0; 0; 30; 98; 55; 0; 15; 23; 0; 0; 0; 0; 23; 9999
1968;05; 0; 0; 0; 0; 0; 0; 0; 0; 0; 0; 12; 0; 0; 0; 0; 95; 0; 0; 0; 0; 0; 0; 80; 0; 0; 0; 0; 0; 0; 32; 0
1968;06; 0; 0; 0; 0; 0; 0; 0; 0; 0; 32; 0; 0; 0; 0; 0; 0; 0; 0; 0; 0; 45; 0; 0; 0; 0; 0; 0; 0; 0; 0; 9999
1968;07; 0; 0; 0; 0; 0; 0; 0; 0; 0; 0; 0; 20; 0; 0; 0; 0; 0; 0; 0; 0; 0; 95; 0; 0; 0; 0; 0; 45; 0; 0; 0
1968;08; 0; 0; 0; 0; 85; 0; 0; 180; 95; 0; 0; 0; 0; 0; 0; 0; 0; 0; 0; 0; 0; 25; 55; 0; 0; 0; 0; 0; 0; 0; 0
1968;09; 0; 0; 50; 82; 0; 0; 0; 0; 0; 0; 0; 0; 0; 0; 0; 0; 0; 0; 0; 0; 85; 0; 0; 0; 0; 0; 0; 0; 0; 0; 9999
1968;10; 0; 0; 0; 0; 0; 0; 0; 0; 20; 60; 45; 35; 60; 0; 0; 20; 45; 50; 105; 0; 0; 95; 25; 70; 20; 15; 0; 80; 60; 75; 0
1968;11; 0; 20; 0; 50; 95; 0; 0; 0; 0; 0; 55; 85; 0; 0; 0; 0; 80; 55; 60; 0; 0; 0; 0; 0; 0; 0; 0; 95; 40; 62; 9999
1968;12; 400; 500; 150; 200; 34; 0; 0; 0; 210; 0; 0; 0; 0; 0; 0; 0; 315; 30; 50; 95; 0; 0; 0; 0; 40; 85; 71; 360; 0; 0; 0
1969;01; 0; 0; 85; 93; 61; 55; 10; 45; 95; 0; 0; 32; 70; 63; 82; 41; 50; 30; 60; 0; 84; 60; 44; 92; 100; 36; 10; 105; 42; 0; 0
1969;02; 0; 0; 95; 10; 42; 0; 0; 0; 16; 0; 0; 0; 365; 0; 0; 28; 0; 0; 95; 82; 100; 50; 32; 81; 405; 72; 75; 19; 9999; 9999; 9999
1969;03; 85; 85; 100; 92; 41; 60; 0; 23; 63; 82; 50; 71; 80; 41; 20; 0; 0; 0; 0; 0; 0; 0; 52; 45; 30; 0; 0; 23; 41; 57; 60
1969;04; 50; 95; 72; 125; 51; 80; 43; 0; 60; 0; 0; 80; 0; 0; 0; 0; 0; 0; 0; 0; 0; 20; 0; 0; 0; 0; 0; 0; 0; 0; 9999
1969;05; 0; 0; 0; 0; 0; 0; 0; 0; 0; 0; 0; 0; 0; 95; 40; 0; 0; 0; 0; 0; 0; 0; 0; 0; 0; 0; 75; 52; 95; 0; 0
1969;06; 0; 60; 20; 0; 0; 0; 0; 0; 0; 0; 0; 0; 0; 0; 0; 0; 0; 0; 20; 0; 32; 95; 20; 82; 0; 0; 0; 0; 0; 0; 9999
1969;07; 0; 0; 0; 0; 0; 0; 0; 0; 0; 60; 0; 0; 85; 0; 0; 0; 0; 0; 0; 0; 0; 0; 23; 40; 0; 0; 0; 0; 0; 0; 0
1969;08; 0; 0; 95; 50; 0; 0; 95; 0; 0; 0; 0; 0; 0; 0; 0; 0; 55; 0; 0; 0; 0; 95; 0; 0; 0; 0; 0; 23; 85; 0; 0
1969;09; 0; 0; 0; 0; 23; 0; 0; 0; 0; 0; 0; 0; 0; 0; 0; 20; 22; 0; 0; 50; 0; 0; 0; 0; 0; 0; 0; 0; 0; 30; 9999
1969;10; 60; 100; 85; 93; 41; 53; 105; 145; 50; 63; 12; 51; 25; 0; 0; 0; 42; 55; 100; 85; 50; 35; 95; 52; 24; 30; 83; 60; 0; 50; 45
1969;11; 0; 0; 55; 90; 85; 0; 65; 30; 0; 82; 95; 100; 60; 180; 85; 40; 50; 82; 94; 186; 90; 85; 52; 65; 0; 0; 0; 0; 0; 0; 9999
1969;12; 95; 60; 105; 82; 20; 85; 60; 185; 50; 98; 40; 55; 30; 125; 35; 0; 0; 0; 0; 0; 0; 0; 0; 65; 70; 95; 120; 0; 42; 0; 0
1970;01; 50; 0; 42; 70; 95; 100; 185; 40; 275; 90; 82; 45; 60; 20; 0; 150; 185; 60; 275; 60; 45; 62; 80; 55; 32; 71; 43; 82; 0; 85; 30
1970;02; 80; 95; 180; 55; 12; 0; 0; 0; 62; 185; 95; 167; 52; 80; 43; 205; 150; 95; 220; 195; 274; 165; 94; 102; 50; 84; 126; 35; 9999; 9999; 9999
1970;03; 60; 0; 0; 0; 0; 95; 125; 45; 85; 0; 55; 94; 72; 275; 0; 55; 92; 103; 88; 125; 0; 0; 0; 0; 0; 60; 42; 0; 0; 0; 0
1970;04; 50; 0; 42; 0; 95; 120; 65; 82; 0; 0; 53; 0; 0; 0; 0; 0; 0; 0; 0; 0; 0; 0; 0; 0; 0; 0; 0; 95; 57; 125; 9999
1970;05; 0; 60; 95; 0; 0; 0; 0; 124; 52; 60; 0; 95; 25; 0; 0; 0; 0; 0; 0; 0; 25; 53; 0; 0; 0; 0; 0; 0; 0; 0; 0
1970;06; 0; 0; 0; 0; 0; 0; 0; 0; 0; 32; 0; 0; 0; 0; 82; 185; 0; 0; 0; 0; 0; 0; 0; 123; 145; 95; 0; 0; 0; 0; 9999
1970;07; 0; 53; 0; 0; 0; 0; 0; 0; 182; 45; 125; 50; 94; 21; 45; 0; 0; 0; 0; 52; 90; 125; 64; 0; 0; 0; 0; 0; 0; 0; 0
1970;08; 0; 0; 0; 0; 0; 0; 0; 0; 0; 25; 0; 0; 0; 0; 0; 0; 0; 0; 0; 0; 0; 0; 0; 0; 40; 95; 102; 75; 150; 274; 123
1970;09; 52; 0; 0; 55; 0; 0; 50; 0; 32; 53; 274; 30; 24; 82; 115; 324; 20; 12; 0; 0; 0; 34; 50; 0; 62; 105; 52; 105; 23; 0; 9999
1970;10; 0; 0; 0; 105; 83; 0; 0; 0; 183; 0; 0; 20; 132; 0; 0; 0; 0; 54; 92; 60; 35; 86; 185; 45; 50; 102; 95; 82; 0; 25; 0
1970;11; 0; 0; 95; 182; 215; 42; 0; 80; 328; 75; 40; 20; 62; 0; 95; 0; 0; 0; 40; 85; 0; 184; 0; 0; 0; 0; 0; 23; 125; 50; 9999
1970;12; 120; 90; 0; 0; 0; 0; 0; 0; 0; 95; 0; 95; 180; 53; 65; 102; 0; 0; 20; 45; 124; 60; 0; 0; 80; 85; 0; 0; 60; 0; 50
1971;01; 20; 52; 84; 30; 0; 180; 0; 25; 30; 0; 0; 26; 0; 325; 256; 81; 125; 92; 184; 20; 0; 75; 0; 0; 0; 0; 0; 0; 0; 0; 0
1971;02; 145; 12; 60; 0; 0; 0; 0; 0; 10; 60; 85; 124; 95; 60; 25; 50; 0; 0; 0; 60; 80; 45; 23; 100; 62; 780; 125; 206; 9999; 9999; 9999
1971;03; 10; 20; 10; 0; 0; 320; 215; 80; 276; 167; 180; 345; 95; 0; 23; 0; 0; 0; 0; 0; 60; 85; 10; 50; 31; 20; 30; 105; 95; 15; 50
1971;04; 20; 0; 85; 0; 50; 0; 0; 0; 52; 125; 50; 82; 0; 60; 45; 20; 62; 50; 105; 43; 0; 23; 124; 50; 95; 72; 0; 0; 0; 0; 9999
1971;05; 0; 0; 185; 20; 0; 0; 0; 0; 15; 0; 0; 0; 0; 0; 0; 0; 0; 0; 0; 0; 0; 0; 0; 0; 0; 69; 50; 80; 62; 0; 0
1971;06; 0; 0; 0; 0; 0; 0; 0; 0; 80; 0; 0; 210; 32; 50; 60; 82; 105; 506; 70; 95; 0; 0; 0; 0; 0; 0; 0; 0; 0; 0; 9999
1971;07; 0; 95; 235; 0; 50; 0; 0; 0; 0; 0; 0; 0; 0; 0; 0; 0; 0; 0; 0; 0; 0; 0; 0; 0; 0; 0; 0; 0; 0; 0; 23
1971;08; 0; 0; 0; 0; 0; 0; 0; 45; 0; 0; 0; 80; 0; 0; 30; 95; 0; 0; 0; 0; 0; 0; 0; 0; 0; 400; 670; 155; 50; 0; 10
1971;09; 0; 60; 0; 0; 0; 0; 0; 25; 325; 50; 30; 0; 265; 0; 0; 0; 0; 0; 0; 0; 0; 0; 0; 140; 95; 164; 0; 25; 32; 135; 9999
1971;10; 84; 52; 185; 0; 124; 70; 60; 62; 0; 0; 153; 95; 102; 50; 0; 32; 0; 0; 0; 0; 0; 0; 0; 0; 60; 195; 20; 0; 45; 90; 0
1971;11; 0; 204; 322; 0; 0; 0; 0; 30; 0; 0; 155; 0; 203; 185; 50; 0; 0; 0; 0; 475; 252; 105; 82; 50; 34; 202; 125; 250; 105; 82; 9999
1971;12; 80; 40; 63; 122; 94; 156; 0; 0; 117; 155; 0; 0; 44; 95; 123; 52; 0; 0; 15; 62; 23; 0; 79; 120; 348; 92; 186; 60; 0; 55; 0
1972;01; 0; 0; 52; 31; 0; 36; 15; 50; 0; 49; 27; 78; 89; 0; 0; 35; 146; 0; 55; 143; 165; 54; 207; 328; 66; 259; 187; 0; 0; 60; 72
1972;02; 113; 20; 103; 33; 40; 187; 92; 25; 0; 0; 125; 12; 93; 32; 188; 142; 0; 0; 42; 306; 95; 202; 30; 185; 50; 157; 85; 30; 81; 9999; 9999
1972;03; 0; 31; 90; 54; 128; 202; 554; 0; 34; 23; 70; 165; 258; 31; 0; 0; 40; 0; 0; 0; 0; 118; 0; 20; 386; 884; 0; 0; 0; 0; 36
1972;04; 338; 0; 10; 166; 147; 214; 25; 72; 788; 14; 0; 0; 0; 24; 95; 397; 163; 55; 111; 0; 0; 0; 0; 0; 0; 0; 0; 0; 0; 0; 9999
1972;05; 20; 0; 0; 0; 0; 0; 0; 0; 102; 0; 0; 0; 0; 0; 0; 0; 0; 0; 0; 82; 0; 0; 40; 24; 167; 0; 0; 0; 0; 0; 0
1972;06; 0; 0; 0; 0; 0; 0; 0; 0; 0; 0; 0; 0; 0; 53; 0; 0; 0; 0; 24; 0; 0; 0; 0; 0; 0; 0; 0; 0; 0; 0; 9999
1972;07; 0; 0; 0; 0; 0; 0; 0; 0; 0; 57; 5; 78; 456; 2; 0; 0; 0; 0; 1; 0; 0; 0; 0; 0; 0; 0; 75; 0; 0; 0; 0
1972;08; 0; 0; 0; 139; 157; 92; 2; 0; 77; 0; 0; 0; 95; 113; 0; 0; 0; 0; 0; 0; 0; 0; 26; 144; 0; 0; 0; 0; 0; 0; 50
1972;09; 24; 0; 0; 7; 122; 104; 1; 0; 0; 0; 0; 0; 9; 20; 167; 0; 0; 0; 0; 0; 0; 185; 685; 212; 12; 14; 0; 97; 79; 36; 9999
1972;10; 3; 0; 1; 117; 155; 213; 342; 95; 89; 606; 74; 5; 2; 1; 110; 144; 128; 0; 0; 0; 0; 0; 0; 0; 0; 0; 0; 27; 174; 83; 0
1972;11; 10; 200; 562; 264; 197; 0; 0; 0; 0; 20; 80; 3; 76; 40; 255; 76; 387; 155; 47; 139; 68; 150; 100; 0; 0; 54; 148; 0; 0; 0; 9999
1972;12; 148; 0; 36; 75; 25; 404; 50; 0; 0; 0; 471; 112; 133; 0; 0; 0; 0; 0; 0; 74; 0; 0; 309; 284; 150; 122; 277; 178; 244; 0; 302
1973;01; 102; 214; 63; 4; 29; 2; 100; 0; 12; 337; 300; 394; 0; 84; 190; 146; 995; 614; 13; 30; 0; 152; 5; 73; 0; 188; 81; 0; 0; 9; 124
1973;02; 302; 155; 414; 340; 293; 309; 550; 25; 0; 0; 0; 604; 0; 5; 121; 143; 58; 55; 162; 25; 5; 486; 0; 0; 80; 0; 0; 490; 9999; 9999; 9999
1973;03; 35; 0; 0; 62; 313; 145; 0; 0; 203; 159; 194; 147; 15; 102; 0; 0; 146; 0; 0; 0; 324; 160; 90; 306; 25; 281; 5; 2; 153; 0; 390
1973;04; 202; 426; 21; 0; 0; 0; 0; 322; 20; 59; 121; 365; 138; 0; 25; 50; 194; 0; 14; 10; 6; 379; 20; 0; 0; 0; 0; 1; 0; 0; 9999
1973;05; 0; 0; 0; 164; 371; 7; 65; 228; 1; 50; 0; 153; 0; 0; 12; 0; 0; 0; 0; 0; 0; 126; 2; 5; 3; 5; 0; 0; 0; 0; 0
1973;06; 2; 0; 0; 0; 0; 0; 0; 0; 0; 0; 0; 0; 0; 0; 0; 5; 0; 0; 22; 0; 0; 0; 0; 0; 0; 3; 78; 2; 14; 0; 9999
1973;07; 0; 8; 162; 20; 0; 0; 0; 0; 0; 0; 0; 0; 0; 0; 0; 0; 0; 0; 0; 50; 3; 64; 9; 100; 10; 0; 0; 204; 80; 0; 0
1973;08; 0; 0; 5; 2; 15; 67; 0; 0; 0; 0; 0; 0; 0; 0; 0; 0; 0; 0; 0; 0; 0; 0; 15; 0; 0; 0; 0; 0; 0; 0; 5
1973;09; 0; 317; 96; 0; 0; 0; 154; 87; 0; 5; 0; 0; 0; 0; 0; 0; 0; 0; 0; 47; 31; 70; 185; 314; 22; 33; 25; 171; 50; 48; 9999
1973;10; 159; 327; 10; 0; 0; 0; 102; 0; 160; 20; 207; 194; 59; 125; 32; 0; 4; 0; 210; 0; 0; 0; 0; 18; 668; 130; 95; 148; 0; 0; 244
1973;11; 102; 155; 554; 43; 0; 89; 0; 0; 0; 0; 30; 0; 78; 154; 351; 0; 0; 75; 95; 7; 0; 0; 59; 0; 297; 300; 3; 16; 0; 0; 9999
1973;12; 0; 0; 0; 158; 306; 149; 292; 165; 84; 25; 1; 0; 3; 149; 0; 28; 100; 975; 207; 76; 34; 202; 0; 28; 45; 377; 420; 5; 112; 146; 384
1974;01; 50; 288; 232; 93; 0; 397; 525; 28; 5; 14; 200; 336; 19; 208; 27; 696; 5; 0; 45; 0; 0; 6; 25; 0; 0; 0; 25; 80; 62; 98; 0
1974;02; 15; 92; 0; 0; 0; 0; 0; 0; 52; 0; 0; 3; 0; 0; 0; 23; 24; 72; 63; 365; 0; 0; 38; 0; 124; 10; 0; 0; 9999; 9999; 9999
1974;03; 0; 0; 0; 0; 3; 1; 392; 668; 359; 212; 5; 98; 55; 4; 3; 1; 0; 0; 97; 280; 256; 389; 134; 17; 345; 163; 0; 0; 0; 0; 0
1974;04; 0; 14; 312; 649; 11; 364; 216; 58; 0; 0; 83; 131; 30; 122; 0; 0; 0; 300; 0; 5; 260; 0; 3; 0; 200; 100; 15; 0; 0; 0; 9999
1974;05; 26; 0; 0; 0; 0; 0; 8; 5; 0; 0; 0; 9; 100; 0; 0; 0; 0; 0; 0; 45; 0; 0; 0; 0; 0; 0; 22; 136; 0; 0; 30
1974;06; 0; 0; 0; 52; 9; 0; 5; 19; 0; 0; 23; 260; 53; 17; 3; 0; 0; 0; 0; 0; 0; 157; 82; 4; 100; 73; 141; 58; 13; 0; 9999
1974;07; 0; 0; 0; 0; 0; 0; 0; 3; 0; 0; 0; 0; 0; 0; 0; 0; 0; 0; 0; 0; 0; 0; 42; 2; 0; 0; 0; 0; 0; 0; 0
1974;08; 0; 0; 0; 0; 0; 0; 0; 0; 73; 32; 107; 10; 0; 0; 27; 5; 0; 0; 16; 0; 0; 0; 0; 0; 0; 0; 0; 0; 0; 0; 0
1974;09; 0; 0; 124; 27; 5; 12; 169; 0; 0; 0; 0; 0; 0; 0; 0; 0; 0; 0; 0; 25; 164; 0; 0; 0; 0; 0; 0; 0; 5; 74; 9999
1974;10; 113; 156; 34; 0; 89; 0; 0; 0; 0; 0; 0; 0; 62; 0; 0; 0; 8; 0; 125; 151; 13; 39; 0; 5; 107; 11; 61; 35; 123; 187; 27
1974;11; 0; 5; 0; 0; 0; 0; 100; 0; 5; 85; 69; 0; 0; 95; 0; 200; 0; 7; 0; 0; 317; 31; 263; 0; 0; 0; 0; 100; 17; 247; 9999
1974;12; 69; 0; 23; 111; 239; 445; 81; 5; 0; 32; 96; 13; 0; 127; 333; 183; 111; 163; 190; 163; 4; 133; 65; 309; 183; 32; 12; 66; 397; 181; 58
1975;01; 33; 508; 307; 22; 43; 100; 39; 0; 24; 66; 0; 36; 200; 137; 47; 0; 0; 0; 0; 202; 155; 3; 47; 163; 126; 4; 0; 42; 19; 145; 19
1975;02; 169; 87; 243; 38; 99; 64; 28; 82; 59; 350; 0; 0; 0; 0; 63; 21; 0; 0; 350; 302; 10; 100; 208; 66; 0; 109; 10; 119; 9999; 9999; 9999
1975;03; 142; 0; 48; 0; 0; 0; 0; 238; 59; 0; 0; 0; 13; 41; 0; 0; 0; 0; 0; 0; 0; 181; 34; 0; 69; 200; 248; 54; 0; 0; 142
1975;04; 39; 53; 58; 237; 8; 0; 0; 0; 0; 16; 62; 9; 0; 0; 0; 318; 0; 0; 0; 0; 0; 0; 0; 0; 0; 0; 0; 0; 0; 0; 9999
1975;05; 0; 0; 0; 317; 18; 189; 72; 187; 0; 0; 0; 0; 0; 0; 0; 0; 0; 23; 19; 0; 0; 5; 0; 0; 0; 29; 0; 0; 0; 0; 0
1975;06; 0; 0; 0; 0; 49; 42; 0; 0; 0; 0; 0; 0; 0; 0; 40; 0; 0; 0; 0; 0; 0; 0; 0; 0; 0; 0; 0; 0; 14; 0; 9999
1975;07; 0; 0; 0; 250; 0; 2; 0; 0; 0; 0; 0; 0; 0; 0; 0; 0; 14; 54; 1; 5; 4; 2; 3; 0; 0; 0; 3; 0; 0; 0; 0
1975;08; 0; 0; 0; 0; 0; 0; 0; 0; 0; 0; 0; 0; 0; 0; 0; 0; 0; 3; 1; 0; 0; 0; 0; 0; 0; 0; 0; 0; 0; 0; 0
1975;09; 0; 11; 23; 0; 0; 0; 0; 0; 0; 0; 0; 0; 0; 0; 0; 9; 7; 16; 6; 2; 0; 0; 0; 52; 9; 62; 111; 69; 5; 3; 9999
1975;10; 203; 0; 117; 108; 57; 135; 150; 27; 1; 38; 226; 174; 366; 0; 64; 0; 0; 126; 172; 0; 18; 0; 0; 8; 1; 4; 0; 0; 0; 0; 213
1975;11; 377; 218; 182; 271; 61; 3; 61; 0; 0; 19; 8; 275; 0; 0; 92; 49; 12; 0; 539; 38; 313; 1; 3; 34; 35; 686; 479; 161; 26; 47; 9999
1975;12; 62; 9; 7; 0; 0; 93; 0; 0; 234; 72; 1; 62; 189; 926; 292; 1; 4; 0; 152; 112; 6; 3; 162; 52; 147; 455; 239; 32; 5; 1; 127
1976;01; 21; 2; 229; 31; 57; 11; 239; 13; 26; 142; 217; 23; 73; 137; 188; 0; 65; 21; 0; 0; 423; 190; 298; 23; 1; 0; 16; 30; 137; 2; 128
1976;02; 66; 453; 37; 0; 3; 355; 287; 398; 908; 83; 0; 0; 0; 0; 0; 0; 299; 88; 2; 99; 20; 88; 144; 276; 78; 14; 805; 110; 144; 9999; 9999
1976;03; 102; 71; 1; 0; 0; 0; 0; 62; 16; 41; 275; 238; 72; 23; 136; 144; 0; 42; 98; 11; 6; 201; 153; 0; 161; 205; 99; 63; 301; 19; 0
1976;04; 0; 0; 16; 149; 2; 0; 0; 22; 0; 136; 68; 546; 274; 229; 0; 0; 0; 0; 0; 0; 0; 0; 126; 12; 0; 0; 0; 0; 0; 0; 9999
1976;05; 48; 32; 20; 0; 52; 0; 0; 0; 0; 45; 12; 172; 0; 0; 0; 0; 0; 2; 133; 137; 63; 169; 2; 0; 103; 218; 3; 24; 487; 0; 0
1976;06; 0; 0; 0; 0; 0; 235; 0; 0; 0; 64; 0; 0; 27; 125; 0; 0; 0; 0; 0; 0; 0; 0; 0; 0; 0; 0; 0; 0; 0; 4; 9999
1976;07; 24; 387; 513; 405; 0; 0; 0; 0; 119; 132; 39; 0; 0; 0; 0; 0; 0; 0; 0; 0; 20; 0; 0; 0; 0; 0; 0; 0; 0; 0; 0
1976;08; 0; 0; 0; 0; 0; 96; 52; 0; 0; 89; 68; 112; 180; 163; 91; 2; 0; 3; 0; 139; 204; 96; 0; 0; 0; 0; 0; 0; 3; 96; 0
1976;09; 0; 0; 0; 0; 0; 163; 104; 93; 0; 0; 0; 2; 81; 92; 115; 130; 9; 19; 3; 0; 0; 0; 80; 0; 0; 0; 192; 406; 82; 0; 9999
1976;10; 0; 52; 46; 0; 0; 52; 2; 0; 0; 243; 11; 0; 0; 0; 0; 0; 0; 0; 98; 308; 453; 247; 0; 12; 71; 0; 43; 0; 0; 0; 0
1976;11; 0; 65; 0; 0; 63; 0; 0; 0; 0; 0; 80; 0; 282; 243; 0; 153; 247; 81; 0; 154; 223; 163; 0; 0; 0; 33; 223; 47; 44; 0; 9999
1976;12; 0; 234; 519; 13; 9; 225; 0; 0; 335; 357; 53; 65; 343; 7; 3; 13; 195; 237; 107; 3; 149; 22; 186; 65; 68; 149; 99; 38; 15; 53; 2
1977;01; 3; 0; 227; 23; 174; 117; 279; 0; 0; 0; 192; 0; 0; 0; 0; 56; 217; 95; 458; 277; 15; 0; 0; 0; 9; 116; 145; 137; 124; 797; 392
1977;02; 99; 340; 0; 0; 0; 0; 0; 11; 0; 0; 0; 0; 61; 0; 0; 0; 0; 0; 0; 0; 0; 28; 0; 61; 6; 16; 26; 0; 9999; 9999; 9999
1977;03; 0; 8; 49; 117; 48; 0; 149; 81; 0; 58; 653; 26; 12; 56; 0; 0; 92; 13; 123; 4; 11; 58; 0; 0; 5; 9; 77; 0; 238; 443; 35
1977;04; 89; 467; 249; 64; 25; 9; 99; 2; 47; 199; 8; 3; 1; 1; 0; 0; 0; 5; 95; 283; 418; 27; 312; 22; 69; 38; 23; 3; 0; 0; 9999
1977;05; 0; 48; 64; 8; 0; 0; 0; 0; 0; 0; 0; 0; 0; 0; 0; 0; 79; 75; 0; 0; 0; 0; 0; 0; 0; 0; 0; 0; 0; 0; 0
1977;06; 2; 0; 0; 23; 215; 29; 0; 2; 0; 0; 0; 0; 0; 0; 0; 7; 4; 0; 0; 0; 0; 0; 0; 4; 8; 6; 1; 0; 0; 0; 9999
1977;07; 0; 0; 0; 0; 0; 0; 0; 0; 0; 0; 0; 0; 0; 0; 0; 0; 0; 0; 82; 32; 5; 0; 0; 0; 28; 0; 0; 0; 0; 0; 0
1977;08; 0; 0; 37; 1; 0; 0; 0; 0; 0; 6; 0; 0; 0; 0; 0; 0; 0; 0; 32; 9; 0; 0; 0; 0; 0; 2; 0; 0; 0; 278; 18
1977;09; 12; 331; 113; 2; 0; 0; 37; 49; 0; 0; 0; 0; 0; 0; 0; 0; 0; 0; 149; 19; 113; 38; 0; 336; 209; 0; 0; 0; 0; 7; 9999
1977;10; 0; 308; 19; 0; 0; 47; 7; 0; 0; 0; 0; 0; 18; 56; 0; 0; 23; 57; 51; 0; 0; 0; 0; 0; 0; 12; 0; 38; 87; 5; 0
1977;11; 0; 62; 0; 0; 163; 4; 43; 0; 0; 0; 0; 16; 19; 13; 424; 280; 57; 2; 13; 3; 0; 98; 0; 264; 61; 67; 24; 0; 173; 516; 9999
1977;12; 92; 170; 229; 34; 4; 90; 0; 43; 140; 18; 115; 215; 0; 3; 0; 0; 0; 0; 48; 218; 186; 180; 324; 505; 10; 0; 150; 0; 0; 0; 0
1978;01; 3; 237; 507; 10; 0; 7; 157; 361; 112; 193; 429; 442; 176; 10; 493; 556; 170; 1; 0; 0; 242; 324; 6; 0; 0; 0; 0; 0; 28; 19; 61
1978;02; 0; 0; 0; 0; 0; 38; 872; 101; 5; 0; 55; 343; 17; 12; 50; 74; 67; 43; 163; 0; 0; 151; 186; 109; 49; 6; 0; 0; 9999; 9999; 9999
1978;03; 0; 0; 5; 221; 108; 488; 106; 318; 108; 100; 0; 0; 0; 13; 123; 0; 0; 0; 0; 0; 0; 0; 0; 4; 0; 29; 0; 40; 2; 139; 121
1978;04; 9; 321; 223; 0; 0; 0; 0; 0; 0; 8; 82; 0; 0; 0; 0; 0; 0; 68; 0; 3; 18; 83; 33; 8; 16; 0; 2; 0; 0; 0; 9999
1978;05; 0; 54; 0; 0; 0; 0; 0; 3; 0; 0; 0; 0; 0; 0; 0; 0; 195; 118; 3; 0; 84; 123; 2; 0; 0; 0; 0; 0; 0; 27; 18
1978;06; 17; 0; 0; 0; 0; 6; 3; 7; 312; 51; 0; 0; 0; 0; 0; 0; 0; 0; 0; 0; 0; 0; 6; 5; 5; 27; 0; 0; 0; 0; 9999
1978;07; 0; 0; 0; 0; 0; 0; 0; 0; 0; 0; 0; 0; 1; 0; 0; 186; 0; 167; 1; 0; 119; 4; 76; 0; 0; 0; 0; 0; 0; 0; 0
1978;08; 0; 0; 0; 0; 0; 0; 0; 0; 0; 0; 0; 0; 0; 38; 26; 0; 0; 0; 0; 0; 0; 0; 0; 46; 23; 0; 0; 0; 0; 0; 7
1978;09; 14; 26; 17; 0; 0; 50; 0; 23; 0; 0; 0; 0; 15; 0; 0; 40; 0; 0; 0; 0; 0; 0; 0; 0; 0; 0; 0; 0; 0; 3; 9999
1978;10; 0; 0; 0; 0; 0; 0; 2; 0; 0; 0; 27; 89; 0; 67; 21; 4; 166; 126; 247; 39; 6; 0; 0; 0; 0; 0; 0; 91; 3; 29; 0
1978;11; 315; 28; 9; 237; 160; 104; 0; 0; 0; 0; 307; 334; 200; 2; 4; 0; 118; 0; 0; 72; 238; 190; 142; 974; 42; 13; 5; 391; 0; 0; 9999
1978;12; 0; 0; 0; 0; 0; 0; 67; 253; 248; 503; 318; 9; 0; 0; 4; 121; 166; 41; 104; 0; 0; 6; 266; 4; 20; 0; 992; 100; 108; 81; 54
1979;01; 126; 384; 31; 92; 268; 6; 0; 0; 30; 6; 0; 61; 53; 39; 0; 0; 0; 36; 8; 221; 658; 770; 222; 82; 1; 0; 110; 9; 222; 82; 17
1979;02; 219; 231; 100; 45; 220; 143; 0; 0; 0; 55; 17; 25; 75; 76; 754; 79; 17; 69; 17; 27; 12; 318; 117; 0; 0; 0; 87; 0; 9999; 9999; 9999
1979;03; 0; 276; 421; 7; 0; 0; 46; 104; 0; 3; 6; 27; 68; 38; 143; 77; 4; 6; 14; 91; 4; 0; 0; 0; 233; 132; 203; 2; 0; 4; 0
1979;04; 0; 14; 0; 94; 46; 6; 55; 18; 10; 0; 0; 0; 3; 0; 0; 0; 0; 0; 1; 6; 0; 0; 9; 222; 131; 16; 2; 148; 98; 14; 9999
1979;05; 1; 0; 14; 199; 319; 0; 3; 49; 2; 6; 54; 2; 0; 0; 94; 0; 0; 0; 0; 0; 0; 2; 0; 54; 2; 0; 0; 0; 0; 156; 4
1979;06; 0; 0; 0; 0; 0; 0; 0; 2; 0; 0; 0; 0; 0; 5; 112; 4; 0; 0; 0; 0; 0; 0; 0; 0; 0; 3; 174; 2; 0; 0; 9999
1979;07; 0; 0; 0; 2; 0; 0; 0; 0; 81; 221; 226; 32; 0; 0; 0; 0; 0; 0; 0; 236; 0; 0; 0; 0; 29; 23; 12; 0; 0; 0; 0
1979;08; 0; 0; 0; 0; 0; 0; 0; 0; 0; 0; 0; 0; 57; 0; 167; 0; 0; 0; 110; 88; 34; 118; 0; 0; 0; 0; 64; 0; 0; 15; 0
1979;09; 0; 0; 90; 69; 131; 123; 2; 0; 0; 0; 2; 33; 2; 123; 134; 32; 49; 100; 162; 32; 4; 1; 54; 4; 0; 0; 0; 0; 0; 0; 9999
1979;10; 0; 8; 219; 88; 18; 0; 0; 200; 141; 62; 5; 0; 6; 23; 38; 12; 0; 0; 0; 0; 0; 0; 0; 0; 0; 0; 8; 0; 49; 16; 148
1979;11; 32; 332; 492; 141; 60; 0; 0; 0; 62; 120; 389; 1; 0; 0; 64; 0; 0; 0; 0; 66; 38; 0; 234; 17; 276; 469; 202; 5; 0; 0; 9999
1979;12; 0; 170; 162; 25; 249; 0; 0; 5; 0; 108; 5; 126; 17; 75; 47; 2; 117; 0; 0; 75; 53; 346; 491; 455; 197; 87; 717; 200; 0; 0; 5
1980;01; 325; 57; 0; 0; 0; 0; 0; 15; 33; 235; 227; 92; 198; 300; 237; 7; 230; 220; 97; 17; 107; 77; 0; 3; 66; 26; 19; 25; 987; 0; 0
1980;02; 43; 458; 214; 319; 144; 0; 0; 0; 73; 0; 0; 0; 0; 205; 187; 19; 139; 176; 277; 83; 22; 38; 20; 99; 0; 0; 9; 65; 0; 9999; 9999
1980;03; 0; 0; 0; 0; 0; 0; 0; 0; 0; 0; 92; 119; 12; 75; 393; 277; 47; 4; 1; 117; 0; 0; 0; 0; 1; 0; 0; 0; 0; 12; 167
1980;04; 184; 5; 369; 398; 327; 161; 59; 87; 3; 9; 2; 111; 73; 165; 179; 76; 143; 1; 0; 0; 0; 0; 0; 0; 0; 0; 0; 0; 0; 0; 9999
1980;05; 0; 1; 92; 39; 0; 0; 0; 0; 1; 0; 0; 9; 0; 0; 0; 0; 0; 0; 0; 52; 2; 0; 4; 3; 0; 0; 0; 0; 0; 0; 0
1980;06; 0; 0; 29; 78; 5; 6; 0; 0; 0; 0; 0; 0; 0; 81; 0; 0; 0; 0; 0; 0; 1; 53; 17; 0; 0; 273; 219; 0; 0; 0; 9999
1980;07; 0; 0; 45; 5; 4; 2; 0; 0; 0; 0; 0; 0; 0; 0; 9; 11; 3; 0; 0; 0; 0; 0; 4; 3; 0; 0; 0; 0; 0; 0; 48
1980;08; 138; 9; 0; 0; 0; 0; 7; 0; 0; 0; 0; 4; 11; 1; 0; 38; 1; 68; 0; 0; 0; 0; 0; 76; 27; 29; 111; 194; 4; 3; 0
1980;09; 0; 0; 0; 0; 0; 3; 1; 0; 0; 9; 28; 5; 1; 0; 0; 7; 6; 153; 57; 0; 204; 82; 6; 2; 5; 14; 2; 0; 13; 0; 9999
1980;10; 0; 0; 0; 0; 0; 94; 61; 67; 78; 18; 0; 283; 287; 427; 129; 4; 2; 0; 1; 0; 0; 0; 6; 55; 45; 67; 0; 0; 16; 103; 1
1980;11; 99; 11; 2; 1; 0; 19; 14; 124; 96; 80; 388; 451; 43; 89; 29; 0; 0; 2; 0; 182; 17; 3; 1; 81; 242; 11; 0; 0; 67; 46; 9999
1980;12; 387; 156; 85; 27; 133; 98; 0; 376; 138; 245; 132; 176; 92; 327; 94; 0; 0; 22; 0; 0; 0; 0; 209; 21; 87; 29; 227; 139; 128; 61; 497
1981;01; 3; 43; 159; 73; 20; 0; 232; 9; 153; 75; 141; 449; 176; 119; 368; 476; 207; 0; 8; 3; 43; 217; 59; 61; 211; 336; 2; 37; 0; 0; 0
1981;02; 6; 0; 0; 7; 2; 115; 96; 354; 785; 111; 194; 13; 3; 0; 0; 0; 0; 0; 0; 8; 29; 57; 2; 98; 0; 229; 0; 134; 9999; 9999; 9999
1981;03; 0; 0; 0; 124; 667; 389; 2; 451; 189; 136; 5; 3; 0; 0; 0; 174; 153; 132; 238; 96; 55; 89; 3; 0; 0; 1; 12; 236; 228; 87; 16
1981;04; 2; 15; 9; 2; 0; 0; 0; 2; 35; 5; 0; 0; 0; 0; 0; 38; 86; 298; 52; 0; 0; 0; 0; 0; 27; 0; 0; 23; 4; 13; 9999
1981;05; 11; 3; 0; 246; 14; 0; 0; 0; 0; 9; 0; 0; 0; 0; 0; 0; 68; 4; 0; 8; 28; 2; 0; 0; 0; 0; 0; 2; 16; 0; 0
1981;06; 0; 0; 0; 0; 0; 4; 346; 0; 0; 0; 0; 0; 0; 0; 5; 133; 129; 26; 3; 0; 2; 7; 0; 0; 0; 0; 0; 0; 0; 0; 9999
1981;07; 0; 0; 159; 147; 86; 19; 4; 0; 0; 0; 0; 0; 0; 0; 0; 0; 0; 0; 3; 39; 0; 0; 0; 9; 163; 16; 0; 0; 0; 0; 0
1981;08; 0; 0; 0; 0; 0; 0; 0; 0; 0; 41; 38; 6; 0; 88; 0; 0; 0; 63; 9; 0; 0; 0; 0; 0; 0; 0; 0; 0; 0; 0; 53
1981;09; 71; 4; 0; 37; 0; 0; 0; 0; 0; 0; 0; 0; 0; 0; 0; 0; 5; 0; 0; 0; 0; 7; 0; 0; 0; 14; 51; 0; 0; 68; 9999
1981;10; 39; 4; 0; 28; 54; 6; 109; 287; 13; 31; 34; 2; 131; 59; 5; 247; 0; 13; 4; 294; 1; 2; 0; 1; 22; 3; 19; 201; 23; 724; 169
1981;11; 36; 22; 29; 334; 186; 0; 0; 76; 223; 268; 379; 237; 89; 74; 243; 26; 0; 47; 0; 5; 207; 0; 0; 0; 0; 0; 34; 79; 0; 0; 9999
1981;12; 15; 81; 294; 98; 59; 5; 66; 323; 515; 284; 16; 0; 61; 72; 131; 64; 341; 432; 123; 41; 0; 0; 3; 0; 33; 36; 29; 162; 91; 11; 0
1982;01; 0; 1499; 331; 394; 213; 7; 3; 147; 12; 61; 205; 171; 19; 16; 0; 0; 0; 0; 19; 21; 66; 81; 262; 521; 74; 12; 0; 14; 651; 73; 0
1982;02; 2; 62; 517; 0; 76; 72; 263; 22; 1; 0; 0; 0; 0; 0; 0; 58; 13; 0; 47; 114; 73; 155; 234; 32; 25; 46; 161; 328; 9999; 9999; 9999
1982;03; 341; 113; 74; 109; 6; 23; 34; 361; 574; 243; 219; 672; 371; 232; 16; 27; 49; 38; 32; 58; 3; 26; 296; 167; 152; 15; 61; 13; 27; 41; 46
1982;04; 27; 225; 0; 8; 34; 89; 23; 27; 0; 3; 1; 4; 9; 7; 242; 114; 4; 13; 2; 0; 0; 0; 2; 3; 0; 0; 39; 38; 228; 3; 9999
1982;05; 1; 2; 0; 107; 144; 0; 0; 0; 0; 0; 0; 0; 0; 0; 0; 0; 0; 1; 0; 82; 0; 0; 12; 2; 188; 197; 1; 8; 3; 0; 0
1982;06; 113; 0; 3; 0; 0; 2; 0; 3; 0; 0; 0; 0; 68; 0; 0; 16; 28; 6; 0; 0; 0; 5; 221; 49; 54; 118; 3; 0; 32; 39; 9999
1982;07; 88; 37; 5; 0; 0; 0; 0; 0; 0; 0; 0; 0; 3; 71; 0; 0; 0; 0; 186; 4; 0; 0; 0; 0; 0; 0; 0; 0; 0; 111; 16
1982;08; 0; 0; 0; 1; 22; 9; 0; 0; 0; 0; 437; 266; 3; 2; 0; 0; 0; 0; 76; 16; 0; 0; 0; 107; 24; 0; 0; 0; 17; 561; 0
1982;09; 9; 7; 3; 0; 0; 23; 304; 3; 0; 0; 0; 0; 0; 0; 0; 0; 0; 0; 0; 23; 9; 2; 12; 3; 0; 0; 0; 123; 31; 22; 9999
1982;10; 2; 24; 85; 7; 21; 94; 4; 45; 43; 172; 259; 11; 282; 73; 12; 5; 3; 0; 7; 1; 4; 13; 2; 0; 6; 28; 22; 169; 247; 23; 0
1982;11; 0; 1; 0; 0; 0; 0; 41; 96; 5; 0; 42; 39; 34; 94; 345; 3; 151; 7; 2; 163; 64; 32; 25; 79; 8; 89; 162; 0; 3; 37; 9999
1982;12; 103; 22; 252; 313; 72; 34; 89; 114; 72; 4; 71; 132; 74; 86; 31; 667; 132; 32; 37; 43; 114; 85; 73; 91; 141; 21; 122; 81; 15; 29; 62
1983;01; 149; 64; 61; 32; 193; 306; 25; 0; 32; 185; 96; 267; 38; 443; 110; 73; 65; 155; 66; 164; 99; 81; 0; 263; 37; 26; 3; 35; 12; 1; 29
1983;02; 228; 329; 138; 107; 413; 9; 300; 32; 244; 88; 19; 112; 194; 150; 14; 0; 0; 0; 131; 0; 0; 0; 9; 89; 0; 131; 43; 144; 9999; 9999; 9999
1983;03; 0; 0; 78; 16; 31; 200; 361; 537; 0; 0; 0; 215; 137; 48; 20; 0; 0; 200; 224; 119; 292; 114; 14; 252; 71; 0; 3; 78; 0; 0; 61
1983;04; 23; 75; 0; 0; 52; 52; 440; 0; 20; 0; 2; 3; 92; 162; 12; 0; 4; 0; 0; 0; 0; 200; 80; 0; 117; 2; 18; 0; 102; 0; 9999
1983;05; 0; 0; 34; 172; 0; 0; 0; 0; 17; 1; 0; 2; 22; 600; 0; 19; 0; 7; 0; 100; 0; 0; 0; 140; 48; 15; 2; 24; 241; 188; 800
1983;06; 10; 59; 105; 127; 65; 165; 300; 6; 2; 158; 12; 130; 0; 0; 0; 0; 0; 0; 0; 0; 0; 0; 0; 0; 0; 0; 0; 1; 174; 0; 9999
1983;07; 0; 0; 0; 0; 0; 0; 0; 0; 0; 0; 0; 0; 0; 0; 0; 0; 0; 196; 8; 137; 196; 0; 0; 0; 0; 0; 0; 0; 0; 0; 0
1983;08; 0; 101; 38; 42; 0; 0; 0; 0; 0; 0; 0; 0; 0; 0; 0; 0; 0; 0; 0; 0; 40; 50; 0; 0; 0; 0; 0; 0; 0; 0; 0
1983;09; 0; 0; 19; 285; 108; 327; 83; 162; 131; 10; 45; 195; 0; 0; 0; 290; 0; 197; 217; 73; 9; 27; 219; 206; 160; 16; 0; 0; 0; 0; 9999
1983;10; 0; 99; 87; 35; 0; 132; 0; 0; 0; 0; 7; 67; 45; 320; 87; 0; 0; 50; 127; 42; 0; 144; 25; 495; 86; 7; 0; 0; 0; 0; 0
1983;11; 95; 0; 0; 86; 61; 0; 0; 0; 0; 142; 38; 427; 1; 0; 142; 63; 0; 0; 0; 191; 66; 192; 71; 0; 0; 0; 0; 0; 0; 186; 9999
1983;12; 332; 455; 47; 1; 0; 66; 296; 272; 19; 95; 0; 98; 95; 403; 331; 42; 87; 97; 93; 15; 112; 185; 281; 60; 201; 267; 49; 190; 87; 21; 114
1984;01; 95; 0; 52; 10; 0; 144; 5; 0; 0; 185; 17; 0; 0; 0; 0; 0; 0; 0; 0; 385; 98; 111; 424; 263; 205; 221; 122; 25; 5; 0; 1
1984;02; 0; 0; 0; 0; 0; 0; 34; 30; 0; 0; 24; 0; 0; 0; 0; 5; 95; 65; 0; 0; 0; 0; 0; 0; 0; 112; 0; 0; 0; 9999; 9999
1984;03; 23; 0; 154; 0; 105; 16; 19; 222; 33; 22; 27; 0; 0; 126; 5; 0; 0; 12; 0; 16; 27; 295; 364; 0; 0; 0; 5; 50; 0; 91; 495
1984;04; 9; 0; 1; 149; 5; 3; 114; 150; 40; 35; 13; 1; 0; 0; 0; 9; 219; 0; 162; 235; 15; 2; 0; 0; 66; 19; 33; 131; 0; 2; 9999
1984;05; 8; 145; 4; 0; 13; 0; 0; 0; 0; 0; 0; 0; 0; 66; 16; 0; 61; 184; 0; 0; 0; 0; 0; 0; 0; 0; 0; 0; 0; 0; 0
1984;06; 0; 0; 0; 0; 0; 0; 0; 0; 0; 0; 0; 0; 0; 0; 0; 0; 0; 0; 0; 0; 0; 0; 0; 0; 0; 0; 0; 0; 0; 0; 9999
1984;07; 0; 0; 0; 27; 0; 0; 0; 0; 0; 0; 0; 0; 0; 0; 0; 0; 0; 0; 0; 0; 0; 0; 0; 0; 0; 3; 0; 80; 0; 20; 80
1984;08; 0; 0; 53; 285; 0; 0; 0; 0; 0; 0; 0; 0; 0; 0; 2; 0; 0; 0; 0; 3; 2; 142; 38; 259; 17; 84; 0; 0; 10; 0; 0
1984;09; 0; 0; 26; 0; 0; 0; 95; 3; 183; 0; 4; 0; 1; 0; 0; 0; 9; 3; 2; 2; 127; 0; 0; 0; 204; 0; 228; 33; 0; 0; 9999
1984;10; 0; 0; 0; 0; 0; 0; 0; 15; 5; 0; 0; 10; 0; 0; 0; 31; 0; 0; 105; 235; 5; 5; 0; 0; 0; 2; 8; 0; 0; 0; 0
1984;11; 8; 0; 0; 0; 27; 222; 0; 20; 0; 83; 82; 71; 57; 33; 2; 0; 45; 45; 80; 2; 163; 5; 8; 70; 47; 88; 295; 75; 0; 8; 9999
1984;12; 98; 87; 5; 90; 0; 9; 0; 300; 30; 12; 5; 0; 29; 100; 300; 300; 310; 370; 8; 1; 0; 20; 0; 0; 0; 60; 61; 39; 19; 334; 14
1985;01; 208; 8; 234; 6; 3; 0; 125; 153; 448; 60; 8; 2; 0; 3; 255; 4; 309; 255; 193; 257; 142; 4; 570; 9999; 636; 5; 173; 146; 8; 380; 575
1985;02; 310; 68; 0; 0; 12; 300; 257; 0; 16; 3; 388; 428; 64; 2; 0; 340; 0; 0; 0; 1; 380; 546; 448; 449; 133; 136; 9; 277; 9999; 9999; 9999
1985;03; 664; 37; 62; 59; 38; 57; 63; 7; 402; 0; 86; 19; 0; 3; 29; 13; 302; 208; 103; 109; 2; 25; 0; 0; 0; 25; 23; 61; 25; 13; 0
1985;04; 409; 304; 0; 0; 0; 160; 202; 0; 79; 409; 4; 208; 89; 1; 3; 6; 31; 12; 107; 200; 70; 0; 0; 2; 1; 5; 5; 59; 97; 17; 9999
1985;05; 137; 30; 0; 0; 3; 0; 0; 0; 2; 65; 0; 0; 2; 4; 0; 0; 0; 0; 0; 0; 47; 300; 3; 0; 0; 0; 3; 0; 0; 0; 0
1985;06; 0; 0; 0; 37; 16; 0; 0; 0; 0; 100; 3; 0; 0; 0; 0; 0; 0; 0; 0; 0; 0; 0; 0; 0; 0; 0; 5; 0; 0; 0; 9999
1985;07; 0; 0; 0; 0; 0; 0; 37; 0; 0; 0; 22; 14; 0; 0; 0; 0; 3; 0; 0; 0; 0; 0; 0; 0; 0; 0; 0; 0; 0; 0; 0
1985;08; 0; 0; 0; 0; 0; 0; 0; 0; 0; 0; 0; 44; 3; 15; 0; 0; 0; 0; 0; 0; 0; 2; 144; 0; 0; 0; 0; 0; 0; 4; 149
1985;09; 150; 150; 305; 100; 127; 100; 21; 0; 0; 0; 0; 0; 0; 0; 0; 0; 0; 5; 0; 0; 39; 0; 0; 76; 0; 0; 0; 0; 67; 0; 9999
1985;10; 0; 0; 123; 3; 0; 0; 0; 39; 0; 0; 0; 0; 0; 0; 0; 0; 0; 3; 2; 0; 5; 9; 0; 0; 137; 85; 103; 2; 426; 7; 0
1985;11; 0; 356; 478; 124; 206; 34; 0; 0; 0; 0; 0; 0; 0; 0; 0; 0; 0; 0; 0; 0; 14; 88; 18; 24; 13; 30; 0; 210; 124; 103; 9999
1985;12; 0; 3; 232; 424; 283; 4; 0; 0; 0; 0; 0; 0; 0; 0; 0; 1; 0; 0; 0; 0; 0; 15; 0; 138; 300; 500; 700; 166; 105; 0; 142
1986;01; 9999; 9999; 9999; 9999; 9999; 9999; 9999; 9999; 9999; 9999; 9999; 9999; 9999; 9999; 9999; 9999; 9999; 9999; 9999; 9999; 9999; 9999; 9999; 9999; 9999; 9999; 9999; 9999; 9999; 9999; 2726
1986;02; 0; 0; 318; 191; 12; 105; 40; 20; 0; 163; 8; 26; 177; 71; 153; 148; 140; 15; 405; 609; 200; 140; 263; 0; 404; 264; 0; 124; 9999; 9999; 9999
1986;03; 0; 331; 267; 303; 172; 0; 284; 224; 242; 0; 20; 104; 13; 0; 0; 0; 0; 0; 81; 668; 74; 0; 0; 16; 9; 316; 0; 0; 0; 0; 217
1986;04; 4; 0; 0; 0; 0; 0; 20; 251; 25; 5; 0; 0; 35; 0; 295; 346; 42; 4; 0; 0; 0; 0; 40; 15; 0; 0; 69; 288; 47; 7; 9999
1986;05; 0; 0; 0; 0; 0; 0; 0; 7; 241; 36; 0; 0; 55; 40; 80; 30; 0; 0; 0; 398; 3; 0; 11; 165; 0; 0; 0; 0; 0; 0; 0
1986;06; 0; 0; 0; 0; 0; 0; 0; 0; 0; 0; 0; 100; 0; 0; 0; 0; 0; 0; 0; 0; 0; 0; 0; 0; 0; 6; 9; 0; 0; 0; 9999
1986;07; 0; 100; 209; 0; 9; 8; 100; 0; 0; 0; 0; 0; 0; 0; 0; 0; 0; 0; 0; 0; 93; 252; 73; 0; 0; 0; 0; 0; 0; 0; 0
1986;08; 138; 0; 0; 0; 0; 0; 0; 0; 0; 0; 0; 0; 20; 20; 0; 65; 0; 0; 3; 30; 100; 370; 0; 0; 158; 19; 0; 0; 3; 5; 0
1986;09; 2; 0; 0; 0; 0; 0; 0; 0; 0; 0; 0; 0; 0; 0; 0; 0; 0; 0; 0; 0; 302; 0; 0; 0; 0; 123; 203; 192; 46; 0; 9999
1986;10; 0; 0; 0; 0; 0; 0; 0; 0; 0; 72; 0; 0; 0; 0; 0; 0; 9999; 9999; 9999; 170; 23; 247; 0; 0; 0; 0; 0; 753; 0; 0; 0
1986;11; 0; 0; 0; 327; 0; 28; 33; 0; 129; 0; 363; 493; 67; 4; 0; 21; 0; 0; 0; 9999; 9999; 9999; 9999; 9999; 9999; 9999; 9999; 9999; 9999; 9999; 9999
1986;12; 9999; 9999; 9999; 9999; 9999; 9999; 9999; 9999; 9999; 9999; 1526; 32; 17; 28; 193; 6; 139; 5; 9; 78; 2; 277; 59; 77; 9999; 195; 378; 98; 84; 276; 59
1987;01; 1; 0; 98; 48; 4; 110; 0; 31; 0; 0; 14; 12; 689; 0; 33; 6; 609; 111; 500; 68; 0; 0; 5; 222; 194; 179; 159; 363; 117; 2; 9999
1987;02; 0; 0; 69; 16; 28; 0; 0; 0; 0; 391; 126; 3; 13; 53; 43; 303; 122; 10; 18; 4; 50; 0; 0; 0; 0; 11; 95; 0; 9999; 9999; 9999
1987;03; 0; 118; 0; 0; 0; 0; 0; 18; 442; 139; 162; 20; 0; 8; 0; 22; 2; 3; 92; 0; 53; 15; 0; 0; 0; 0; 0; 0; 0; 0; 0
1987;04; 0; 0; 46; 707; 985; 603; 2; 24; 7; 41; 26; 0; 0; 22; 4; 0; 0; 0; 0; 0; 0; 146; 2; 8; 18; 70; 50; 91; 2; 0; 9999
1987;05; 0; 100; 48; 0; 206; 133; 23; 13; 165; 59; 3; 18; 0; 0; 0; 203; 107; 144; 25; 114; 103; 65; 0; 0; 159; 34; 3; 7; 89; 4; 0
1987;06; 0; 0; 0; 0; 0; 0; 139; 96; 4; 2; 0; 0; 146; 107; 114; 382; 9; 0; 0; 0; 0; 0; 51; 34; 2; 0; 0; 0; 0; 1; 9999
1987;07; 0; 0; 0; 0; 0; 8; 0; 0; 52; 0; 0; 0; 0; 0; 0; 0; 0; 0; 0; 0; 0; 4; 4; 0; 0; 0; 0; 0; 0; 0; 69
1987;08; 156; 0; 0; 0; 0; 9; 39; 0; 0; 0; 0; 0; 0; 0; 0; 0; 0; 0; 0; 6; 0; 37; 2; 0; 0; 0; 0; 0; 0; 0; 0
1987;09; 54; 3; 0; 61; 4; 185; 27; 2; 0; 0; 180; 36; 10; 0; 0; 0; 6; 189; 149; 62; 130; 102; 44; 48; 16; 0; 0; 138; 6; 0; 9999
1987;10; 0; 0; 187; 103; 0; 297; 0; 0; 0; 0; 0; 0; 0; 12; 0; 0; 0; 0; 28; 172; 275; 2; 2; 4; 125; 105; 0; 0; 360; 38; 0
1987;11; 0; 0; 0; 0; 0; 0; 4; 0; 10; 142; 200; 3; 0; 37; 81; 118; 151; 0; 0; 0; 0; 45; 99; 4; 17; 91; 40; 0; 0; 0; 9999
1987;12; 0; 0; 2; 85; 90; 105; 195; 97; 71; 45; 34; 23; 57; 102; 0; 0; 0; 70; 414; 70; 4; 33; 0; 0; 0; 4; 0; 25; 5; 11; 67
1988;01; 192; 107; 217; 48; 95; 115; 89; 203; 192; 209; 160; 10; 110; 29; 4; 7; 103; 140; 10; 0; 14; 6; 42; 3; 99; 123; 165; 1; 9; 28; 87
1988;02; 187; 51; 47; 562; 142; 361; 27; 70; 61; 140; 110; 206; 110; 57; 22; 5; 55; 148; 93; 325; 35; 261; 464; 5; 0; 0; 249; 217; 0; 9999; 9999
1988;03; 0; 108; 27; 63; 48; 51; 247; 78; 121; 116; 0; 0; 0; 0; 0; 0; 368; 276; 487; 45; 0; 0; 0; 0; 0; 0; 0; 0; 0; 0; 0
1988;04; 0; 95; 235; 57; 81; 12; 5; 214; 82; 44; 9; 118; 167; 163; 0; 0; 5; 24; 6; 30; 0; 127; 78; 12; 5; 0; 78; 404; 205; 207; 9999
1988;05; 0; 0; 0; 0; 86; 175; 6; 0; 66; 0; 0; 0; 24; 62; 56; 0; 0; 230; 5; 0; 0; 158; 46; 9; 158; 8; 9; 0; 0; 47; 256
1988;06; 4; 0; 0; 175; 9; 0; 0; 0; 0; 0; 8; 0; 0; 287; 99; 12; 3; 0; 0; 0; 0; 0; 0; 0; 3; 71; 69; 5; 0; 0; 9999
1988;07; 0; 0; 0; 0; 0; 0; 0; 0; 6; 0; 5; 20; 9; 45; 0; 0; 0; 0; 0; 0; 0; 0; 0; 0; 0; 2; 1; 1; 0; 0; 0
1988;08; 0; 0; 0; 0; 0; 0; 0; 0; 0; 0; 17; 8; 0; 0; 0; 0; 0; 0; 0; 0; 0; 0; 0; 0; 0; 0; 0; 0; 0; 0; 0
1988;09; 0; 3; 18; 6; 15; 0; 0; 0; 0; 0; 0; 0; 0; 0; 84; 41; 98; 103; 92; 0; 0; 0; 0; 0; 0; 0; 0; 0; 101; 87; 9999
1988;10; 0; 0; 0; 0; 5; 178; 51; 0; 0; 0; 65; 234; 175; 17; 0; 0; 12; 249; 13; 139; 20; 58; 14; 2; 0; 215; 155; 86; 7; 4; 9
1988;11; 69; 288; 30; 224; 244; 208; 51; 151; 0; 0; 0; 0; 0; 117; 8; 1080; 8; 4; 9; 101; 43; 15; 8; 0; 0; 0; 25; 202; 8; 5; 9999
1988;12; 4; 10; 181; 1; 0; 0; 0; 0; 0; 0; 2; 47; 3; 0; 76; 33; 1; 0; 0; 5; 365; 142; 233; 100; 125; 158; 50; 2; 1; 9; 39
1989;01; 27; 195; 389; 191; 162; 169; 219; 103; 87; 142; 72; 83; 95; 207; 13; 99; 7; 32; 11; 5; 27; 0; 3; 23; 5; 0; 0; 133; 9; 17; 2
1989;02; 0; 91; 144; 257; 50; 33; 14; 192; 270; 307; 170; 338; 193; 222; 219; 69; 24; 99; 113; 47; 0; 0; 0; 32; 328; 184; 1; 10; 9999; 9999; 9999
1989;03; 135; 154; 4; 67; 43; 39; 81; 661; 400; 286; 7; 0; 0; 178; 126; 152; 80; 46; 10; 38; 3; 1; 0; 0; 22; 57; 49; 81; 43; 4; 2
1989;04; 82; 85; 3; 49; 0; 0; 3; 17; 31; 2; 0; 178; 132; 8; 24; 75; 2; 4; 38; 215; 6; 2; 4; 0; 0; 0; 0; 0; 0; 0; 9999
1989;05; 0; 98; 52; 0; 4; 37; 11; 198; 102; 6; 0; 0; 4; 0; 0; 0; 0; 0; 0; 0; 0; 2; 0; 0; 1; 67; 43; 30; 6; 4; 3
1989;06; 1; 1; 0; 0; 0; 0; 8; 5; 0; 0; 4; 6; 6; 0; 0; 0; 17; 1; 0; 0; 0; 0; 2; 1; 1; 3; 0; 0; 0; 0; 9999
1989;07; 0; 0; 0; 0; 0; 10; 5; 12; 1; 2; 0; 0; 0; 0; 0; 0; 0; 0; 0; 0; 0; 0; 0; 0; 0; 4; 124; 263; 18; 16; 199
1989;08; 0; 0; 0; 0; 0; 7; 2; 0; 0; 0; 0; 8; 61; 1; 0; 0; 2; 0; 0; 0; 0; 0; 49; 2; 0; 141; 32; 54; 8; 1; 3
1989;09; 90; 18; 2; 0; 0; 0; 2; 1; 64; 30; 0; 0; 100; 10; 9; 2; 7; 1; 1; 0; 0; 0; 0; 0; 0; 10; 161; 180; 31; 7; 9999
1989;10; 0; 0; 0; 165; 12; 0; 0; 0; 0; 0; 0; 128; 2; 0; 8; 55; 6; 0; 0; 0; 11; 6; 9; 0; 0; 0; 120; 10; 0; 0; 0
1989;11; 60; 1; 0; 30; 9; 0; 0; 0; 4; 159; 23; 75; 234; 0; 0; 0; 0; 505; 8; 162; 4; 100; 82; 2; 128; 4; 0; 0; 0; 3; 9999
1989;12; 28; 129; 7; 0; 0; 0; 0; 0; 0; 0; 45; 289; 188; 604; 673; 97; 111; 93; 2; 354; 46; 8; 0; 0; 0; 1; 398; 202; 124; 181; 205
1990;01; 198; 200; 184; 295; 40; 69; 27; 85; 0; 3; 17; 72; 4; 2; 0; 0; 0; 0; 24; 52; 97; 100; 99; 46; 0; 11; 8; 12; 0; 0; 0
1990;02; 0; 0; 85; 0; 0; 90; 4; 1; 22; 85; 45; 0; 75; 58; 2; 4; 0; 0; 0; 1; 0; 0; 174; 102; 188; 513; 2; 321; 9999; 9999; 9999
1990;03; 208; 4; 142; 272; 1; 150; 85; 7; 58; 89; 8; 80; 55; 3; 2; 68; 18; 257; 31; 128; 16; 55; 97; 23; 47; 98; 322; 44; 0; 0; 0
1990;04; 0; 0; 3; 231; 36; 252; 6; 40; 51; 248; 4; 0; 0; 2; 36; 0; 9; 44; 815; 170; 9; 3; 0; 0; 0; 0; 0; 0; 0; 4; 9999
1990;05; 99; 114; 5; 4; 2; 6; 228; 2; 5; 2; 7; 150; 222; 5; 116; 151; 100; 64; 0; 0; 0; 0; 0; 0; 0; 0; 0; 0; 0; 0; 0
1990;06; 0; 0; 0; 0; 0; 0; 0; 0; 0; 0; 29; 8; 0; 0; 4; 2; 4; 0; 0; 0; 0; 0; 0; 0; 0; 0; 0; 0; 0; 0; 9999
1990;07; 0; 0; 0; 0; 0; 106; 0; 0; 0; 0; 93; 85; 30; 4; 0; 0; 160; 53; 110; 17; 4; 39; 27; 0; 0; 12; 64; 5; 0; 0; 0
1990;08; 0; 0; 0; 0; 3; 0; 0; 0; 0; 0; 0; 0; 0; 0; 0; 0; 180; 59; 6; 182; 5; 18; 6; 3; 0; 0; 0; 123; 7; 4; 3
1990;09; 10; 80; 4; 2; 13; 14; 1; 0; 0; 0; 0; 0; 24; 336; 98; 8; 0; 0; 0; 0; 0; 0; 300; 292; 48; 15; 0; 0; 0; 5; 9999
1990;10; 5; 128; 2; 8; 202; 60; 3; 0; 0; 0; 0; 8; 87; 9; 1; 40; 590; 25; 9; 4; 137; 3; 91; 47; 23; 5; 0; 0; 2; 0; 69
1990;11; 3; 1; 20; 0; 99; 287; 144; 0; 0; 2; 5; 24; 0; 0; 0; 0; 27; 254; 2; 0; 21; 0; 84; 57; 92; 50; 3; 1; 0; 0; 9999
1990;12; 0; 0; 0; 92; 0; 0; 0; 300; 178; 3; 70; 49; 10; 48; 42; 102; 98; 33; 0; 97; 55; 23; 0; 0; 150; 299; 251; 392; 50; 304; 0
1991;01; 0; 4; 53; 121; 299; 22; 0; 0; 99; 51; 73; 430; 189; 397; 162; 408; 596; 484; 92; 54; 100; 5; 9; 117; 4; 198; 155; 60; 0; 14; 2
1991;02; 81; 46; 1; 135; 41; 397; 59; 47; 31; 98; 82; 4; 167; 29; 1; 9999; 9999; 9999; 9999; 9999; 9999; 9999; 9999; 9999; 9999; 100; 7; 41; 9999; 9999; 9999
1991;03; 9999; 9999; 9999; 9999; 9999; 9999; 9999; 9999; 9999; 9999; 9999; 9999; 9999; 9999; 9999; 9999; 9999; 9999; 9999; 9999; 9999; 9999; 9999; 9999; 9999; 174; 9999; 9999; 9999; 9999; 9999
1991;04; 9999; 9999; 9999; 9999; 9999; 9999; 9999; 9999; 9999; 9999; 9999; 9999; 9999; 9999; 9999; 9999; 9999; 9999; 9999; 9999; 9999; 9999; 9999; 9999; 84; 9999; 963; 9999; 71; 4; 9999
1991;05; 95; 67; 41; 369; 0; 34; 205; 47; 11; 2; 11; 52; 0; 0; 27; 48; 2; 0; 0; 0; 3; 3; 46; 9; 44; 72; 6; 0; 0; 0; 0
1991;06; 0; 0; 1; 9999; 9999; 9999; 9999; 9999; 9999; 9999; 9999; 9999; 9999; 9999; 9999; 9999; 9999; 9999; 9999; 9999; 9999; 9999; 9999; 9999; 9999; 9999; 9999; 9999; 9999; 9999; 9999
1991;07; 9999; 9999; 9999; 9999; 9999; 9999; 9999; 9999; 9999; 9999; 9999; 9999; 9999; 9999; 9999; 9999; 9999; 9999; 9999; 9999; 9999; 9999; 9999; 26; 14; 0; 0; 0; 0; 3; 1
1991;08; 0; 24; 6; 0; 0; 0; 0; 12; 17; 38; 8; 0; 4; 31; 2; 1; 0; 0; 0; 0; 2; 0; 0; 0; 0; 0; 0; 0; 0; 0; 0
1991;09; 20; 45; 17; 0; 0; 0; 0; 0; 0; 0; 0; 0; 0; 0; 0; 0; 11; 0; 0; 242; 0; 0; 3; 18; 4; 170; 20; 9999; 9999; 9999; 9999
1991;10; 554; 0; 0; 310; 0; 30; 9999; 9999; 668; 89; 0; 0; 0; 0; 0; 0; 0; 0; 0; 75; 0; 0; 0; 0; 0; 0; 0; 0; 0; 0; 0
1991;11; 0; 0; 327; 288; 0; 13; 0; 0; 0; 121; 0; 0; 376; 50; 9999; 9999; 49; 0; 5; 0; 0; 10; 0; 0; 3; 0; 0; 20; 0; 0; 9999
1991;12; 9999; 70; 0; 2; 0; 0; 38; 9999; 120; 180; 0; 55; 34; 0; 45; 154; 42; 115; 31; 46; 9999; 9999; 1; 25; 39; 54; 155; 288; 0; 0; 79
1992;01; 9999; 137; 277; 474; 0; 15; 3; 0; 4; 75; 0; 0; 0; 196; 0; 0; 1253; 567; 48; 0; 213; 671; 145; 204; 14; 0; 0; 93; 0; 141; 363
1992;02; 33; 58; 147; 14; 46; 71; 257; 126; 84; 255; 48; 3; 0; 17; 0; 0; 0; 0; 0; 114; 0; 13; 0; 64; 0; 151; 22; 5; 140; 9999; 9999
1992;03; 2; 155; 82; 153; 0; 0; 5; 211; 4; 130; 23; 17; 100; 65; 0; 5; 43; 188; 21; 77; 0; 150; 39; 463; 0; 170; 0; 0; 0; 563; 183
1992;04; 38; 74; 70; 0; 0; 0; 0; 0; 10; 10; 0; 0; 22; 261; 118; 114; 53; 0; 0; 9; 23; 19; 0; 0; 4; 0; 525; 234; 4; 0; 9999
1992;05; 0; 0; 196; 0; 9999; 270; 30; 4; 3; 0; 5; 0; 3; 0; 35; 0; 0; 0; 91; 72; 11; 3; 21; 143; 0; 0; 0; 2; 1; 0; 0
1992;06; 0; 10; 6; 4; 0; 0; 0; 0; 0; 0; 0; 0; 0; 0; 7; 4; 0; 0; 6; 0; 0; 0; 0; 0; 0; 0; 0; 0; 0; 0; 9999
1992;07; 0; 0; 0; 0; 0; 0; 317; 659; 282; 3; 0; 0; 0; 0; 0; 0; 0; 10; 0; 0; 0; 0; 12; 5; 139; 0; 0; 0; 2; 0; 0
1992;08; 0; 4; 50; 0; 0; 2; 0; 0; 8; 19; 0; 0; 16; 3; 0; 0; 0; 0; 19; 0; 0; 150; 82; 29; 0; 0; 0; 0; 8; 0; 0
1992;09; 25; 15; 0; 20; 25; 30; 677; 115; 40; 2; 0; 24; 203; 0; 130; 108; 108; 70; 0; 0; 38; 4; 0; 0; 108; 89; 92; 87; 109; 38; 9999
1992;10; 530; 152; 269; 0; 0; 0; 38; 19; 25; 0; 0; 363; 1678; 20; 0; 0; 0; 133; 100; 0; 150; 0; 24; 4; 0; 0; 0; 63; 72; 117; 58
1992;11; 106; 227; 28; 46; 252; 477; 894; 71; 0; 310; 0; 0; 0; 0; 0; 36; 144; 11; 7; 0; 116; 0; 75; 97; 515; 88; 362; 895; 16; 0; 9999
1992;12; 18; 174; 290; 0; 0; 0; 0; 191; 15; 0; 377; 0; 0; 256; 0; 0; 265; 0; 0; 102; 117; 126; 0; 0; 0; 151; 0; 4; 0; 5; 14
1993;01; 0; 0; 0; 0; 57; 0; 0; 510; 0; 0; 88; 21; 27; 20; 0; 0; 0; 185; 130; 287; 207; 72; 63; 0; 167; 84; 0; 233; 26; 40; 69
1993;02; 54; 2; 25; 188; 77; 133; 52; 125; 74; 10; 125; 57; 115; 130; 315; 488; 652; 0; 90; 0; 35; 121; 20; 0; 77; 117; 124; 242; 9999; 9999; 9999
1993;03; 37; 0; 15; 105; 14; 48; 58; 0; 0; 435; 9999; 9999; 305; 0; 0; 9; 0; 92; 30; 9999; 9999; 984; 0; 65; 15; 9999; 7; 0; 9999; 206; 210
1993;04; 0; 20; 0; 10; 12; 17; 317; 420; 0; 30; 25; 0; 0; 0; 0; 0; 0; 0; 0; 0; 0; 0; 468; 0; 165; 0; 0; 0; 0; 0; 9999
1993;05; 80; 22; 35; 26; 0; 67; 0; 0; 0; 57; 13; 5; 0; 0; 82; 66; 118; 4; 0; 0; 0; 0; 0; 0; 0; 0; 0; 42; 167; 188; 291
1993;06; 44; 48; 0; 25; 22; 289; 77; 0; 0; 0; 0; 18; 25; 46; 0; 0; 15; 0; 25; 0; 0; 0; 0; 0; 0; 0; 0; 0; 6; 2; 9999
1993;07; 0; 0; 0; 2; 13; 0; 0; 7; 0; 0; 1; 4; 0; 0; 0; 35; 9; 12; 177; 0; 0; 9; 3; 17; 20; 0; 6; 1; 10; 20; 10
1993;08; 0; 0; 6; 2; 8; 0; 0; 0; 0; 1; 0; 2; 0; 0; 1; 2; 11; 2; 5; 9; 17; 14; 10; 23; 139; 0; 0; 2; 8; 0; 0
1993;09; 0; 0; 1; 0; 2; 18; 0; 5; 13; 0; 0; 0; 290; 0; 6; 62; 98; 0; 0; 0; 72; 96; 98; 88; 66; 0; 0; 2; 0; 0; 9999
1993;10; 18; 98; 32; 0; 99; 96; 0; 0; 0; 0; 0; 0; 0; 0; 0; 0; 0; 98; 74; 99; 0; 0; 92; 99; 0; 200; 100; 93; 2; 0; 0
1993;11; 0; 0; 35; 0; 3; 0; 0; 90; 33; 12; 3; 0; 0; 0; 0; 0; 0; 62; 0; 98; 99; 0; 30; 100; 9; 400; 300; 0; 0; 0; 9999
1993;12; 0; 19; 13; 0; 0; 38; 0; 24; 6; 4; 100; 400; 0; 2; 100; 52; 9; 208; 0; 0; 99; 0; 100; 97; 300; 96; 0; 95; 47; 93; 177
1994;01; 78; 32; 0; 100; 85; 405; 78; 300; 502; 0; 8; 26; 28; 59; 5; 43; 33; 17; 0; 38; 12; 99; 100; 206; 4; 3; 300; 99; 400; 95; 0
1994;02; 0; 0; 0; 0; 0; 406; 0; 0; 15; 0; 3; 99; 100; 0; 82; 7; 9; 0; 0; 0; 0; 0; 0; 22; 0; 97; 99; 53; 9999; 9999; 9999
1994;03; 13; 13; 206; 108; 47; 89; 405; 67; 506; 100; 205; 98; 302; 48; 67; 101; 46; 0; 104; 75; 97; 20; 99; 160; 83; 402; 203; 99; 0; 0; 180
1994;04; 98; 105; 403; 0; 0; 0; 0; 23; 100; 99; 49; 0; 0; 26; 92; 0; 112; 131; 102; 98; 0; 82; 72; 8; 32; 0; 0; 6; 23; 68; 9999
1994;05; 48; 88; 0; 2; 0; 8; 98; 56; 22; 0; 12; 1; 99; 202; 100; 62; 3; 9; 0; 0; 5; 0; 7; 1; 22; 100; 88; 206; 2; 48; 0
1994;06; 0; 6; 58; 18; 4; 2; 0; 0; 98; 92; 0; 0; 8; 2; 3; 0; 1; 4; 43; 1; 0; 13; 13; 0; 0; 206; 0; 1; 0; 39; 9999
1994;07; 0; 2; 0; 38; 6; 0; 1; 0; 8; 14; 2; 0; 98; 0; 3; 0; 0; 98; 0; 0; 18; 0; 100; 300; 83; 39; 0; 0; 3; 0; 3
1994;08; 0; 0; 3; 7; 13; 0; 47; 5; 3; 0; 0; 1; 0; 7; 3; 0; 100; 0; 11; 0; 100; 0; 0; 0; 12; 4; 22; 2; 0; 0; 0
1994;09; 0; 0; 18; 14; 106; 0; 2; 0; 100; 0; 5; 0; 35; 99; 0; 1; 17; 33; 29; 9; 7; 0; 0; 1; 82; 0; 12; 14; 100; 0; 9999
1994;10; 100; 85; 0; 99; 17; 0; 0; 100; 13; 0; 100; 0; 300; 80; 11; 39; 0; 3; 35; 91; 12; 2; 77; 94; 100; 308; 50; 0; 11; 43; 0
1994;11; 1160; 0; 103; 0; 0; 77; 25; 100; 13; 0; 300; 5; 99; 27; 11; 33; 1; 400; 17; 0; 100; 69; 9999; 9999; 9999; 9999; 9999; 9999; 9999; 9999; 9999
1994;12; 9999; 9999; 9999; 9999; 9999; 9999; 9999; 9999; 9999; 9999; 9999; 9999; 9999; 9999; 9999; 9999; 9999; 9999; 9999; 9999; 9999; 9999; 9999; 9999; 9999; 9999; 9999; 9999; 9999; 9999; 9999
1995;01; 9999; 9999; 9999; 9999; 9999; 9999; 9999; 9999; 9999; 9999; 9999; 9999; 9999; 9999; 9999; 9999; 9999; 9999; 9999; 9999; 9999; 9999; 9999; 9999; 9999; 9999; 9999; 9999; 9999; 9999; 9999
1995;02; 9999; 9999; 9999; 9999; 9999; 9999; 9999; 9999; 9999; 9999; 9999; 9999; 9999; 9999; 9999; 9999; 9999; 9999; 9999; 9999; 9999; 9999; 9999; 9999; 9999; 9999; 9999; 9999; 9999; 9999; 9999
1995;03; 9999; 9999; 9999; 9999; 9999; 9999; 9999; 9999; 9999; 9999; 9999; 9999; 9999; 9999; 9999; 9999; 9999; 9999; 9999; 9999; 9999; 9999; 9999; 9999; 9999; 9999; 9999; 9999; 9999; 9999; 9999
1995;04; 9999; 9999; 9999; 9999; 9999; 9999; 9999; 9999; 9999; 9999; 9999; 9999; 9999; 9999; 9999; 9999; 9999; 9999; 9999; 9999; 9999; 9999; 9999; 9999; 9999; 9999; 9999; 9999; 9999; 9999; 9999
1995;05; 9999; 9999; 9999; 9999; 9999; 9999; 9999; 9999; 9999; 9999; 9999; 9999; 9999; 9999; 9999; 9999; 9999; 9999; 9999; 9999; 9999; 9999; 9999; 9999; 9999; 9999; 9999; 9999; 9999; 9999; 9999
1995;06; 9999; 0; 0; 0; 0; 0; 0; 0; 0; 0; 0; 0; 0; 0; 0; 0; 0; 5; 39; 127; 5; 4; 7; 0; 0; 47; 4; 3; 1; 1; 9999
1995;07; 10; 1; 3; 3; 0; 0; 0; 0; 107; 351; 13; 5; 0; 0; 0; 0; 0; 0; 0; 0; 5; 73; 3; 0; 0; 0; 0; 0; 0; 0; 25
1995;08; 9999; 9999; 9999; 9999; 9999; 9999; 9999; 9999; 9999; 9999; 9999; 9999; 9999; 9999; 9999; 9999; 9999; 9999; 9999; 9999; 9999; 9999; 9999; 9999; 9999; 9999; 9999; 9999; 9999; 9999; 9999
1995;09; 9999; 9999; 9999; 9999; 9999; 9999; 9999; 9999; 9999; 9999; 9999; 9999; 9999; 9999; 9999; 9999; 9999; 9999; 9999; 9999; 9999; 9999; 9999; 9999; 9999; 9999; 9999; 9999; 9999; 9999; 9999
1995;10; 9999; 9999; 9999; 9999; 9999; 9999; 9999; 9999; 9999; 9999; 9999; 9999; 9999; 9999; 9999; 9999; 9999; 9999; 9999; 9999; 9999; 9999; 9999; 9999; 9999; 9999; 9999; 9999; 9999; 9999; 9999
1995;11; 9999; 9999; 9999; 9999; 9999; 9999; 9999; 9999; 9999; 9999; 9999; 9999; 9999; 9999; 9999; 9999; 9999; 9999; 9999; 9999; 9999; 9999; 9999; 9999; 9999; 9999; 9999; 9999; 9999; 9999; 9999
1995;12; 9999; 9999; 9999; 9999; 9999; 9999; 9999; 9999; 9999; 9999; 9999; 9999; 9999; 9999; 8; 2; 0; 0; 6; 55; 0; 0; 38; 46; 100; 100; 34; 100; 100; 70; 135
1996;01; 9; 320; 351; 355; 45; 10; 205; 35; 100; 84; 78; 531; 10; 0; 0; 0; 0; 0; 85; 83; 83; 20; 35; 33; 175; 263; 0; 0; 0; 0; 3
1996;02; 50; 1; 155; 90; 9; 5; 33; 105; 105; 167; 367; 67; 675; 213; 245; 37; 13; 0; 73; 39; 100; 73; 3; 15; 208; 1; 75; 5; 0; 9999; 9999
1996;03; 0; 5; 125; 61; 39; 93; 245; 255; 177; 515; 15; 33; 24; 50; 130; 150; 140; 70; 113; 27; 50; 313; 55; 115; 1; 0; 45; 3; 95; 1; 0
1996;04; 61; 3; 0; 0; 1; 0; 0; 41; 0; 31; 190; 311; 80; 0; 3; 39; 163; 89; 5; 17; 7; 0; 3; 0; 0; 0; 144; 37; 3; 0; 9999
1996;05; 0; 0; 31; 55; 0; 0; 0; 0; 0; 0; 7; 0; 0; 0; 0; 173; 179; 3; 27; 0; 0; 17; 25; 121; 15; 0; 0; 0; 0; 0; 0
1996;06; 0; 25; 33; 3; 5; 1; 43; 0; 0; 0; 0; 0; 0; 0; 0; 0; 0; 0; 0; 0; 0; 0; 0; 0; 0; 0; 0; 171; 177; 5; 9999
1996;07; 3; 2; 0; 1; 0; 0; 0; 8; 4; 2; 0; 0; 0; 0; 0; 3; 0; 0; 0; 0; 0; 0; 0; 0; 0; 0; 0; 0; 3; 0; 10
1996;08; 0; 0; 0; 0; 0; 0; 0; 0; 0; 0; 131; 15; 3; 0; 73; 1; 0; 0; 0; 0; 0; 0; 0; 0; 0; 0; 0; 0; 0; 11; 0
1996;09; 0; 53; 0; 351; 7; 13; 57; 3; 10; 245; 306; 207; 155; 3; 1; 0; 20; 23; 5; 0; 0; 0; 0; 0; 0; 45; 0; 0; 1; 35; 9999
1996;10; 0; 10; 0; 0; 3; 1; 7; 20; 3; 1; 47; 21; 45; 434; 19; 9; 1; 0; 0; 0; 97; 47; 33; 235; 3; 125; 49; 305; 3; 0; 0
1996;11; 61; 29; 233; 28; 11; 0; 0; 0; 0; 0; 0; 0; 232; 23; 15; 57; 61; 405; 77; 207; 604; 205; 125; 19; 1; 0; 0; 0; 0; 0; 9999
1996;12; 130; 0; 7; 119; 5; 60; 17; 0; 0; 0; 0; 73; 177; 53; 135; 1; 0; 70; 37; 1; 3; 37; 97; 129; 125; 167; 141; 301; 121; 63; 193
1997;01; 3; 5; 77; 61; 21; 73; 11; 1; 0; 0; 25; 109; 20; 97; 233; 73; 20; 10; 40; 30; 50; 90; 325; 69; 7; 234; 631; 51; 1; 10; 7
1997;02; 16; 0; 3; 0; 0; 0; 12; 1; 0; 270; 14; 0; 30; 29; 1; 4; 54; 25; 193; 1; 7; 211; 43; 78; 94; 118; 6; 17; 9999; 9999; 9999
1997;03; 58; 163; 138; 19; 2; 8; 1; 176; 0; 0; 1; 0; 0; 53; 135; 378; 0; 13; 120; 1; 1; 0; 0; 1; 1; 4; 8; 4; 5; 8; 10
1997;04; 247; 308; 0; 3; 8; 2; 62; 16; 7; 2; 0; 0; 0; 0; 0; 2; 1; 1; 0; 0; 7; 217; 178; 236; 0; 0; 1; 0; 1; 0; 9999
1997;05; 0; 0; 0; 1; 34; 3; 2; 1; 0; 73; 34; 2; 1; 7; 2; 3; 2; 1; 1; 2; 0; 0; 225; 2; 478; 4; 3; 2; 3; 4; 58
1997;06; 5; 3; 4; 14; 234; 372; 0; 0; 0; 0; 0; 78; 4; 3; 90; 528; 0; 0; 0; 0; 247; 2; 0; 0; 0; 0; 0; 0; 0; 1; 9999
1997;07; 4; 2; 0; 0; 0; 4; 1; 0; 0; 0; 0; 0; 0; 0; 0; 0; 0; 0; 0; 0; 0; 170; 0; 0; 0; 2; 0; 0; 0; 0; 0
1997;08; 0; 0; 0; 3; 8; 5; 1; 1; 53; 18; 0; 0; 0; 0; 0; 0; 0; 0; 0; 0; 0; 0; 50; 102; 1; 0; 0; 0; 0; 0; 0
1997;09; 0; 0; 0; 0; 29; 1; 0; 0; 0; 1; 3; 4; 205; 387; 132; 3; 0; 0; 2; 2; 65; 9; 5; 4; 25; 89; 59; 4; 3; 376; 9999
1997;10; 3; 43; 19; 36; 14; 0; 46; 27; 23; 0; 0; 0; 0; 0; 0; 123; 156; 59; 3; 2; 404; 169; 7; 10; 0; 102; 182; 3; 0; 0; 625
1997;11; 0; 306; 13; 0; 21; 2; 41; 2; 0; 0; 0; 0; 0; 0; 408; 467; 173; 328; 121; 86; 3; 159; 31; 128; 269; 27; 18; 52; 493; 6; 9999
1997;12; 2; 144; 127; 0; 335; 1; 18; 0; 98; 2; 3; 129; 241; 171; 96; 209; 103; 170; 2; 10; 23; 15; 0; 0; 53; 71; 0; 0; 561; 0; 213
