33
Ano,Mes,1,2,3,4,5,6,7,8,9,10,11,12,13,14,15,16,17,18,19,20,21,22,23,24,25,26,27,28,29,30,31
1957;08; 0; 0; 0; 0; 0; 0; 0; 0; 0; 0; 0; 0; 0; 145; 0; 0; 0; 4; 44; 0; 0; 5; 0; 0; 0; 0; 0; 0; 0; 0; 0
1957;09; 178; 0; 197; 384; 102; 0; 0; 0; 0; 0; 0; 0; 67; 0; 0; 42; 0; 0; 0; 0; 0; 89; 0; 148; 0; 0; 0; 0; 26; 0; 9999
1957;10; 0; 0; 0; 0; 0; 0; 0; 0; 0; 0; 0; 0; 0; 63; 0; 0; 0; 0; 0; 0; 0; 0; 69; 109; 0; 0; 0; 42; 448; 241; 0
1957;11; 0; 0; 0; 68; 52; 0; 0; 48; 186; 125; 39; 0; 39; 98; 19; 0; 0; 110; 11; 0; 88; 0; 353; 75; 157; 49; 0; 0; 0; 0; 9999
1957;12; 0; 81; 129; 28; 41; 0; 0; 38; 0; 0; 0; 0; 0; 0; 0; 0; 0; 48; 0; 0; 0; 49; 0; 0; 0; 0; 0; 0; 88; 35; 0
1958;01; 0; 8; 0; 0; 0; 0; 0; 0; 0; 0; 66; 0; 0; 0; 65; 3; 0; 49; 86; 11; 323; 492; 33; 11; 37; 126; 48; 183; 325; 24; 0
1958;02; 0; 116; 0; 0; 220; 78; 126; 351; 0; 235; 0; 0; 0; 0; 0; 0; 0; 0; 0; 73; 0; 190; 0; 0; 62; 105; 234; 47; 9999; 9999; 9999
1958;03; 28; 686; 255; 0; 444; 139; 0; 88; 25; 0; 0; 0; 0; 0; 0; 0; 63; 404; 523; 0; 0; 47; 46; 0; 135; 0; 0; 0; 0; 0; 14
1958;04; 20; 20; 0; 0; 0; 0; 107; 0; 0; 69; 0; 0; 0; 94; 26; 0; 0; 26; 178; 219; 0; 0; 61; 45; 0; 0; 0; 0; 0; 0; 9999
1958;05; 0; 0; 158; 173; 9; 64; 0; 291; 0; 0; 0; 0; 225; 33; 0; 0; 0; 0; 0; 0; 0; 22; 101; 16; 82; 5; 0; 67; 0; 0; 0
1958;06; 0; 0; 0; 0; 0; 0; 0; 0; 0; 0; 0; 0; 0; 32; 611; 33; 0; 122; 4; 0; 0; 0; 0; 0; 0; 0; 0; 0; 0; 0; 9999
1958;07; 0; 0; 0; 0; 0; 0; 0; 0; 0; 0; 0; 0; 0; 0; 0; 0; 0; 247; 0; 0; 0; 0; 0; 0; 0; 0; 0; 0; 0; 0; 0
1958;08; 0; 0; 0; 83; 74; 0; 0; 0; 0; 0; 0; 0; 0; 0; 0; 0; 0; 0; 0; 0; 0; 0; 0; 0; 0; 0; 0; 0; 0; 8; 0
1958;09; 0; 0; 0; 0; 0; 0; 0; 98; 109; 255; 0; 0; 162; 56; 41; 0; 0; 0; 0; 0; 0; 0; 0; 0; 125; 0; 0; 0; 0; 0; 9999
1958;10; 0; 35; 351; 140; 4; 0; 239; 3; 15; 4; 47; 0; 0; 0; 0; 0; 0; 127; 34; 0; 0; 0; 0; 0; 0; 0; 65; 378; 95; 0; 35
1958;11; 50; 164; 0; 0; 36; 0; 0; 0; 0; 0; 0; 0; 260; 5; 0; 0; 0; 108; 0; 27; 9; 0; 0; 154; 8; 194; 25; 0; 0; 0; 9999
1958;12; 23; 0; 0; 0; 0; 0; 35; 0; 519; 0; 13; 366; 133; 4; 0; 0; 106; 104; 699; 98; 34; 50; 89; 24; 0; 0; 0; 0; 0; 5; 298
1959;01; 0; 0; 0; 0; 177; 692; 47; 226; 250; 0; 2; 98; 58; 33; 94; 0; 0; 0; 25; 32; 58; 218; 0; 0; 0; 0; 202; 0; 0; 0; 0
1959;02; 0; 0; 32; 79; 0; 0; 0; 45; 468; 0; 0; 0; 28; 303; 0; 199; 21; 0; 349; 0; 0; 0; 0; 0; 0; 475; 251; 54; 9999; 9999; 9999
1959;03; 132; 0; 0; 7; 0; 0; 85; 36; 43; 0; 0; 0; 0; 32; 0; 0; 0; 0; 353; 123; 0; 34; 259; 0; 32; 210; 36; 235; 0; 0; 508
1959;04; 366; 0; 42; 191; 2; 0; 0; 0; 0; 0; 0; 0; 0; 0; 0; 0; 0; 0; 0; 0; 0; 0; 0; 0; 0; 0; 43; 4; 0; 0; 9999
1959;05; 0; 0; 0; 45; 115; 0; 57; 0; 0; 0; 0; 0; 0; 0; 0; 0; 0; 0; 0; 13; 53; 0; 0; 0; 0; 0; 0; 0; 0; 0; 0
1959;06; 0; 0; 0; 0; 0; 0; 0; 0; 0; 0; 0; 0; 0; 0; 0; 0; 0; 0; 0; 0; 0; 0; 0; 0; 0; 0; 0; 0; 0; 0; 9999
1959;07; 0; 0; 0; 0; 0; 0; 0; 0; 0; 0; 0; 0; 0; 0; 0; 0; 0; 0; 0; 0; 0; 0; 0; 0; 0; 0; 0; 0; 0; 0; 0
1959;08; 0; 0; 0; 3; 33; 0; 0; 21; 17; 6; 0; 0; 161; 0; 127; 16; 0; 0; 0; 0; 0; 0; 0; 0; 0; 0; 0; 0; 0; 0; 0
1959;09; 0; 0; 0; 0; 21; 2; 0; 0; 0; 0; 0; 0; 0; 0; 0; 63; 0; 0; 0; 0; 0; 0; 0; 0; 0; 0; 102; 0; 0; 0; 9999
1959;10; 0; 0; 0; 0; 0; 0; 0; 0; 0; 0; 0; 31; 0; 35; 18; 0; 0; 349; 134; 47; 0; 48; 30; 0; 0; 0; 0; 0; 0; 42; 0
1959;11; 310; 0; 0; 0; 0; 53; 58; 99; 283; 55; 0; 60; 195; 0; 0; 0; 0; 0; 71; 53; 30; 193; 0; 0; 0; 334; 120; 78; 0; 0; 9999
1959;12; 0; 0; 0; 20; 70; 0; 0; 63; 0; 50; 199; 0; 113; 0; 0; 0; 34; 23; 200; 258; 179; 0; 32; 626; 49; 0; 0; 20; 0; 0; 0
1960;01; 0; 0; 0; 0; 0; 370; 36; 57; 22; 34; 25; 186; 57; 111; 133; 5; 30; 0; 247; 39; 49; 125; 30; 82; 130; 0; 0; 0; 0; 0; 122
1960;02; 208; 34; 0; 152; 0; 0; 0; 191; 0; 0; 0; 0; 316; 0; 4; 3; 0; 0; 48; 53; 381; 74; 136; 72; 85; 225; 46; 93; 128; 9999; 9999
1960;03; 45; 0; 144; 0; 169; 34; 32; 0; 0; 0; 0; 246; 65; 43; 0; 350; 57; 0; 0; 144; 0; 52; 92; 310; 382; 127; 0; 0; 0; 0; 0
1960;04; 25; 0; 0; 0; 0; 0; 0; 0; 97; 0; 0; 5; 0; 0; 0; 0; 0; 0; 0; 0; 0; 0; 0; 0; 0; 0; 0; 0; 56; 9; 9999
1960;05; 156; 0; 0; 0; 0; 0; 0; 0; 0; 0; 0; 0; 0; 0; 0; 106; 0; 0; 0; 0; 222; 5; 0; 0; 0; 0; 0; 0; 0; 0; 0
1960;06; 24; 0; 0; 0; 0; 0; 0; 0; 0; 0; 0; 0; 0; 0; 72; 13; 0; 0; 0; 0; 0; 0; 0; 27; 0; 0; 0; 102; 0; 0; 9999
1960;07; 0; 0; 0; 0; 0; 0; 0; 0; 0; 0; 0; 0; 0; 0; 0; 0; 0; 0; 0; 0; 0; 0; 0; 0; 49; 8; 0; 0; 0; 0; 0
1960;08; 0; 0; 0; 0; 0; 0; 0; 0; 0; 0; 0; 0; 0; 0; 0; 143; 16; 0; 0; 0; 0; 0; 15; 0; 0; 0; 0; 117; 0; 0; 0
1960;09; 34; 0; 0; 0; 0; 0; 0; 0; 0; 0; 0; 0; 0; 0; 0; 0; 0; 0; 0; 0; 0; 0; 0; 0; 0; 8; 0; 0; 109; 17; 9999
1960;10; 190; 0; 2; 15; 0; 0; 0; 124; 0; 0; 0; 0; 0; 0; 0; 0; 0; 0; 98; 141; 35; 0; 49; 8; 0; 91; 63; 40; 15; 0; 0
1960;11; 32; 12; 0; 0; 0; 61; 0; 0; 8; 0; 304; 0; 17; 0; 47; 0; 0; 55; 279; 232; 91; 107; 0; 0; 0; 0; 37; 90; 249; 11; 9999
1960;12; 0; 80; 0; 0; 33; 0; 599; 249; 0; 0; 0; 0; 0; 62; 0; 80; 37; 8; 592; 346; 47; 68; 0; 92; 0; 68; 146; 0; 0; 17; 69
1961;01; 412; 187; 58; 0; 763; 0; 31; 0; 13; 112; 0; 0; 364; 189; 2; 0; 0; 0; 30; 20; 384; 0; 97; 14; 87; 415; 0; 154; 46; 12; 114
1961;02; 0; 0; 0; 0; 0; 0; 37; 65; 0; 30; 24; 103; 251; 125; 55; 0; 193; 0; 0; 316; 176; 35; 126; 197; 89; 57; 97; 389; 9999; 9999; 9999
1961;03; 135; 250; 0; 0; 0; 24; 13; 109; 49; 0; 0; 8; 289; 0; 550; 20; 0; 0; 114; 98; 81; 0; 0; 0; 0; 0; 118; 25; 0; 0; 17
1961;04; 0; 0; 0; 0; 23; 29; 0; 28; 0; 0; 0; 0; 0; 0; 0; 0; 0; 0; 0; 0; 0; 64; 0; 0; 59; 409; 148; 0; 0; 0; 9999
1961;05; 0; 0; 0; 226; 9; 0; 0; 0; 10; 36; 54; 0; 0; 0; 0; 0; 0; 0; 0; 0; 0; 0; 0; 0; 0; 0; 0; 0; 0; 0; 0
1961;06; 0; 0; 0; 0; 0; 0; 0; 0; 0; 0; 0; 0; 0; 0; 0; 112; 29; 0; 0; 0; 0; 24; 0; 0; 0; 0; 0; 0; 0; 0; 9999
1961;07; 0; 0; 0; 0; 0; 0; 0; 0; 0; 0; 0; 0; 0; 0; 0; 0; 0; 0; 0; 0; 0; 0; 0; 0; 0; 0; 0; 0; 0; 0; 0
1961;08; 0; 0; 0; 0; 0; 0; 0; 0; 0; 0; 0; 0; 0; 19; 0; 0; 0; 0; 0; 0; 0; 0; 0; 0; 0; 3; 151; 0; 0; 0; 0
1961;09; 0; 0; 0; 0; 0; 0; 18; 0; 0; 0; 0; 0; 0; 0; 0; 0; 0; 0; 0; 0; 0; 0; 0; 0; 0; 0; 0; 0; 0; 0; 9999
1961;10; 0; 0; 0; 0; 0; 0; 0; 0; 0; 0; 0; 61; 0; 65; 0; 281; 26; 183; 30; 0; 0; 0; 46; 103; 0; 95; 0; 0; 0; 0; 0
1961;11; 0; 0; 29; 170; 28; 0; 152; 0; 0; 0; 0; 47; 49; 0; 45; 0; 0; 0; 0; 0; 0; 78; 0; 51; 46; 183; 0; 17; 148; 0; 9999
1961;12; 0; 0; 114; 244; 25; 14; 140; 190; 15; 20; 0; 0; 101; 0; 18; 13; 20; 101; 102; 0; 0; 10; 84; 9; 229; 74; 153; 68; 24; 99; 23
1962;01; 0; 0; 6; 119; 0; 0; 0; 457; 71; 128; 0; 63; 0; 0; 5; 725; 26; 164; 161; 265; 133; 62; 0; 0; 30; 233; 245; 24; 0; 0; 0
1962;02; 17; 25; 340; 67; 252; 285; 149; 36; 62; 38; 11; 513; 59; 0; 20; 0; 47; 5; 51; 51; 402; 77; 7; 61; 128; 0; 0; 0; 9999; 9999; 9999
1962;03; 0; 0; 380; 0; 0; 0; 0; 0; 0; 0; 144; 92; 477; 352; 183; 28; 31; 84; 0; 173; 312; 0; 0; 0; 65; 0; 0; 0; 0; 0; 0
1962;04; 0; 0; 0; 41; 5; 0; 0; 0; 0; 42; 0; 0; 0; 0; 0; 0; 12; 113; 111; 0; 0; 0; 0; 0; 0; 0; 24; 0; 0; 13; 9999
1962;05; 0; 181; 24; 40; 0; 0; 0; 0; 0; 0; 0; 0; 0; 0; 0; 0; 0; 0; 0; 0; 0; 0; 0; 0; 0; 0; 0; 0; 0; 0; 0
1962;06; 0; 0; 0; 35; 23; 5; 22; 0; 4; 0; 0; 0; 0; 0; 0; 0; 0; 0; 0; 0; 0; 0; 0; 0; 0; 0; 0; 0; 0; 0; 9999
1962;07; 0; 0; 0; 0; 0; 0; 0; 0; 0; 0; 0; 0; 0; 0; 0; 0; 0; 0; 0; 145; 0; 0; 0; 0; 31; 0; 0; 0; 0; 0; 2
1962;08; 0; 0; 0; 0; 0; 0; 0; 0; 0; 0; 0; 36; 0; 0; 0; 0; 0; 0; 0; 0; 0; 0; 192; 215; 0; 0; 0; 0; 0; 0; 0
1962;09; 0; 0; 0; 0; 0; 53; 28; 9; 133; 0; 0; 0; 0; 5; 0; 0; 0; 0; 0; 0; 0; 111; 64; 35; 0; 0; 0; 0; 0; 124; 9999
1962;10; 208; 10; 38; 8; 12; 0; 0; 0; 92; 78; 116; 246; 42; 0; 0; 0; 3; 0; 26; 53; 23; 0; 0; 0; 188; 0; 0; 0; 52; 361; 88
1962;11; 10; 0; 0; 0; 0; 28; 9; 69; 99; 18; 25; 3; 0; 0; 0; 0; 0; 30; 0; 23; 48; 244; 7; 0; 60; 0; 0; 0; 0; 0; 9999
1962;12; 0; 0; 0; 193; 24; 109; 21; 18; 0; 17; 13; 196; 207; 20; 5; 0; 64; 191; 280; 148; 265; 0; 0; 1215; 0; 0; 95; 36; 123; 146; 96
1963;01; 63; 21; 29; 0; 0; 0; 0; 0; 0; 16; 0; 0; 0; 0; 0; 392; 24; 73; 153; 3; 24; 0; 65; 8; 0; 0; 0; 0; 0; 0; 300
1963;02; 167; 15; 0; 152; 451; 258; 62; 10; 0; 0; 29; 0; 284; 13; 121; 0; 0; 0; 0; 0; 127; 240; 0; 96; 42; 151; 0; 0; 9999; 9999; 9999
1963;03; 0; 88; 71; 35; 104; 0; 0; 104; 0; 0; 0; 184; 0; 27; 0; 0; 0; 0; 0; 0; 0; 0; 0; 66; 300; 0; 0; 0; 109; 38; 27
1963;04; 15; 0; 0; 0; 0; 0; 0; 0; 0; 0; 0; 0; 0; 0; 0; 0; 0; 0; 0; 0; 0; 0; 0; 0; 0; 0; 0; 0; 0; 0; 9999
1963;05; 0; 0; 0; 0; 12; 0; 0; 0; 0; 0; 0; 0; 0; 0; 0; 0; 7; 31; 0; 0; 0; 0; 0; 0; 0; 0; 0; 0; 0; 0; 0
1963;06; 0; 0; 0; 0; 0; 0; 0; 0; 0; 0; 0; 0; 0; 0; 0; 0; 0; 0; 0; 9; 0; 0; 0; 0; 0; 0; 0; 0; 0; 0; 9999
1963;07; 0; 0; 0; 0; 13; 0; 0; 0; 0; 0; 0; 0; 0; 0; 0; 0; 0; 0; 0; 0; 0; 0; 0; 0; 0; 0; 0; 0; 0; 0; 0
1963;08; 0; 0; 0; 0; 0; 0; 0; 0; 0; 0; 0; 0; 0; 0; 0; 0; 32; 36; 0; 0; 0; 0; 0; 0; 0; 0; 0; 0; 0; 0; 0
1963;09; 0; 0; 0; 0; 0; 0; 0; 0; 0; 0; 0; 0; 0; 0; 0; 0; 0; 0; 0; 0; 0; 0; 0; 0; 0; 0; 0; 0; 0; 0; 9999
1963;10; 44; 0; 0; 0; 136; 0; 13; 0; 0; 356; 0; 0; 0; 0; 0; 20; 10; 160; 79; 11; 0; 332; 82; 16; 0; 0; 26; 341; 0; 0; 0
1963;11; 0; 69; 75; 0; 0; 0; 0; 220; 15; 36; 90; 0; 0; 126; 124; 239; 0; 30; 0; 0; 119; 0; 0; 106; 0; 0; 207; 13; 0; 0; 9999
1963;12; 0; 0; 22; 0; 0; 0; 90; 16; 3; 0; 199; 0; 0; 0; 0; 0; 0; 0; 0; 402; 18; 0; 5; 0; 0; 0; 19; 75; 401; 8; 31
1964;01; 0; 145; 499; 220; 0; 0; 0; 0; 315; 0; 5; 0; 0; 163; 0; 0; 0; 40; 0; 3; 144; 0; 73; 413; 240; 48; 138; 32; 356; 0; 0
1964;02; 0; 659; 3; 65; 21; 0; 0; 395; 0; 120; 22; 12; 665; 96; 87; 64; 6; 50; 98; 451; 148; 10; 73; 71; 86; 59; 0; 68; 60; 9999; 9999
1964;03; 7; 16; 0; 0; 0; 0; 0; 20; 134; 0; 0; 0; 0; 0; 149; 18; 0; 1; 0; 0; 24; 0; 0; 0; 0; 0; 0; 0; 17; 3; 5
1964;04; 242; 164; 11; 43; 18; 0; 0; 0; 0; 0; 0; 60; 0; 0; 8; 0; 0; 0; 26; 0; 0; 0; 0; 36; 0; 192; 190; 0; 72; 0; 9999
1964;05; 191; 0; 22; 5; 0; 164; 0; 0; 0; 0; 0; 0; 0; 8; 0; 0; 0; 0; 0; 0; 0; 0; 0; 0; 0; 0; 0; 0; 17; 38; 22
1964;06; 0; 0; 0; 0; 0; 0; 0; 0; 0; 0; 0; 10; 0; 17; 0; 30; 0; 0; 0; 0; 0; 0; 0; 0; 0; 43; 0; 13; 13; 93; 9999
1964;07; 0; 0; 101; 133; 0; 17; 0; 0; 0; 0; 0; 0; 0; 0; 0; 0; 14; 15; 0; 12; 0; 0; 0; 0; 0; 4; 0; 41; 0; 0; 0
1964;08; 0; 0; 0; 32; 0; 0; 0; 0; 0; 0; 0; 0; 18; 0; 0; 0; 0; 0; 0; 57; 82; 0; 0; 0; 0; 0; 0; 0; 0; 0; 0
1964;09; 0; 0; 139; 0; 0; 0; 0; 0; 0; 0; 0; 0; 7; 0; 0; 0; 0; 0; 0; 0; 0; 0; 0; 0; 56; 72; 289; 0; 32; 0; 9999
1964;10; 81; 32; 44; 166; 20; 17; 135; 84; 11; 0; 317; 66; 160; 9; 0; 0; 0; 95; 0; 16; 79; 30; 0; 0; 26; 0; 182; 0; 0; 0; 136
1964;11; 0; 20; 9; 0; 0; 117; 0; 0; 0; 0; 9; 0; 0; 0; 0; 140; 34; 0; 0; 12; 209; 10; 0; 17; 0; 0; 0; 0; 0; 0; 9999
1964;12; 173; 29; 35; 168; 19; 0; 0; 0; 0; 0; 13; 0; 42; 282; 88; 0; 9; 79; 16; 0; 0; 0; 28; 17; 17; 8; 238; 9; 0; 120; 2
1965;01; 0; 28; 372; 313; 216; 9; 0; 0; 291; 159; 176; 0; 0; 121; 423; 0; 77; 12; 3; 189; 45; 0; 160; 0; 62; 96; 8; 542; 151; 69; 22
1965;02; 26; 128; 113; 0; 31; 10; 0; 10; 8; 1; 33; 63; 23; 4; 115; 106; 9; 166; 1; 0; 0; 120; 167; 146; 774; 175; 26; 54; 9999; 9999; 9999
1965;03; 0; 0; 79; 51; 25; 0; 92; 0; 35; 132; 60; 0; 0; 0; 0; 0; 36; 7; 0; 252; 59; 77; 15; 0; 0; 0; 46; 12; 0; 0; 0
1965;04; 0; 0; 0; 0; 0; 0; 0; 0; 0; 99; 17; 0; 0; 0; 11; 0; 0; 0; 0; 420; 52; 58; 0; 0; 0; 0; 0; 13; 184; 68; 9999
1965;05; 50; 0; 0; 0; 0; 0; 0; 0; 0; 0; 0; 56; 0; 0; 33; 0; 1; 114; 143; 50; 0; 0; 0; 0; 0; 0; 0; 0; 0; 0; 0
1965;06; 0; 0; 106; 25; 20; 0; 0; 0; 0; 0; 0; 0; 0; 0; 0; 34; 9; 208; 0; 0; 0; 0; 0; 0; 0; 0; 42; 0; 0; 0; 9999
1965;07; 0; 68; 0; 0; 54; 47; 52; 8; 0; 65; 37; 0; 0; 0; 0; 42; 11; 0; 0; 0; 0; 0; 0; 0; 0; 0; 0; 0; 0; 0; 0
1965;08; 43; 0; 0; 0; 16; 0; 0; 0; 0; 0; 0; 0; 0; 0; 0; 0; 0; 0; 0; 108; 15; 0; 0; 0; 0; 0; 0; 0; 0; 0; 0
1965;09; 0; 0; 0; 0; 0; 0; 0; 0; 0; 0; 0; 0; 0; 0; 0; 0; 0; 0; 0; 0; 14; 0; 0; 0; 0; 37; 173; 321; 11; 0; 9999
1965;10; 100; 329; 17; 0; 0; 0; 0; 0; 39; 31; 73; 77; 0; 0; 52; 0; 0; 0; 0; 39; 23; 0; 69; 0; 25; 360; 4; 0; 200; 122; 9
1965;11; 0; 0; 0; 0; 0; 0; 22; 0; 0; 206; 0; 32; 0; 3; 242; 140; 215; 10; 0; 0; 0; 0; 67; 0; 0; 221; 170; 616; 158; 17; 9999
1965;12; 8; 7; 0; 54; 0; 0; 40; 183; 70; 483; 62; 25; 32; 23; 88; 1; 0; 0; 0; 0; 51; 0; 45; 2; 8; 80; 143; 179; 686; 2; 211
1966;01; 0; 210; 91; 0; 336; 71; 117; 191; 21; 339; 50; 33; 371; 213; 312; 9; 0; 0; 25; 0; 0; 0; 0; 0; 0; 0; 85; 0; 247; 0; 0
1966;02; 180; 48; 0; 0; 0; 0; 0; 0; 0; 0; 0; 0; 0; 0; 0; 0; 42; 131; 0; 0; 42; 442; 533; 356; 0; 240; 0; 0; 9999; 9999; 9999
1966;03; 0; 49; 7; 156; 3; 88; 659; 216; 182; 399; 0; 0; 322; 5; 0; 0; 0; 0; 0; 0; 33; 0; 0; 0; 0; 0; 23; 0; 65; 0; 0
1966;04; 0; 38; 0; 68; 112; 0; 10; 0; 0; 0; 54; 46; 0; 0; 0; 0; 0; 0; 0; 0; 0; 37; 0; 0; 0; 19; 0; 0; 6; 255; 9999
1966;05; 0; 0; 0; 0; 270; 0; 12; 4; 0; 0; 0; 39; 0; 0; 15; 0; 0; 0; 0; 0; 0; 0; 30; 0; 0; 0; 0; 0; 0; 0; 0
1966;06; 0; 0; 0; 0; 0; 0; 0; 0; 0; 0; 0; 0; 0; 0; 0; 0; 0; 0; 0; 0; 0; 0; 0; 0; 0; 0; 0; 0; 0; 0; 9999
1966;07; 0; 0; 0; 0; 0; 0; 0; 0; 0; 0; 0; 0; 0; 0; 0; 0; 41; 0; 0; 0; 0; 0; 0; 33; 3; 0; 0; 0; 0; 0; 22
1966;08; 184; 29; 0; 0; 0; 0; 14; 0; 0; 0; 0; 0; 0; 0; 0; 18; 0; 0; 0; 0; 0; 0; 0; 0; 209; 332; 0; 0; 0; 0; 0
1966;09; 0; 13; 183; 3; 0; 0; 0; 0; 0; 0; 0; 0; 0; 0; 0; 0; 13; 0; 0; 0; 60; 0; 0; 0; 0; 0; 0; 0; 142; 0; 9999
1966;10; 0; 0; 0; 0; 0; 0; 34; 472; 275; 0; 0; 0; 19; 5; 0; 0; 0; 0; 419; 0; 0; 0; 170; 0; 0; 0; 36; 109; 72; 102; 8
1966;11; 0; 527; 21; 6; 0; 0; 20; 0; 0; 391; 232; 153; 116; 11; 26; 292; 119; 152; 13; 0; 0; 0; 0; 0; 0; 0; 0; 0; 0; 93; 9999
1966;12; 0; 23; 0; 21; 0; 0; 0; 295; 19; 0; 0; 494; 0; 27; 0; 72; 130; 0; 0; 113; 213; 631; 251; 546; 29; 0; 59; 310; 0; 210; 0
1967;01; 0; 19; 165; 0; 251; 156; 99; 0; 0; 120; 118; 479; 402; 17; 0; 129; 137; 99; 15; 312; 14; 6; 9; 273; 173; 9; 479; 0; 0; 0; 112
1967;02; 5; 33; 75; 31; 241; 117; 88; 47; 24; 82; 208; 52; 0; 0; 51; 0; 0; 242; 385; 118; 289; 0; 0; 0; 0; 0; 0; 0; 9999; 9999; 9999
1967;03; 135; 0; 52; 260; 0; 255; 55; 299; 163; 68; 0; 54; 0; 0; 143; 56; 31; 12; 208; 196; 0; 0; 0; 141; 0; 22; 0; 0; 61; 9; 0
1967;04; 257; 0; 0; 0; 0; 0; 0; 0; 0; 0; 0; 0; 0; 0; 0; 0; 55; 0; 0; 0; 0; 54; 0; 0; 0; 0; 0; 0; 13; 0; 9999
1967;05; 0; 0; 0; 0; 4; 0; 0; 0; 0; 0; 0; 0; 0; 0; 0; 0; 0; 0; 0; 0; 0; 0; 0; 0; 0; 0; 0; 0; 0; 0; 0
1967;06; 0; 0; 0; 0; 0; 0; 91; 16; 0; 0; 41; 33; 90; 20; 0; 0; 0; 0; 0; 0; 0; 0; 0; 0; 0; 32; 0; 0; 0; 0; 9999
1967;07; 0; 0; 0; 0; 0; 45; 0; 0; 0; 0; 0; 12; 0; 0; 10; 0; 7; 24; 0; 0; 0; 0; 27; 0; 0; 0; 0; 0; 0; 0; 0
1967;08; 0; 0; 0; 0; 0; 0; 0; 0; 0; 0; 0; 0; 0; 0; 0; 4; 0; 0; 0; 0; 0; 0; 0; 0; 0; 0; 0; 0; 0; 0; 0
1967;09; 0; 0; 0; 0; 0; 0; 0; 27; 100; 21; 0; 112; 50; 139; 0; 0; 0; 0; 0; 0; 6; 0; 42; 0; 0; 0; 60; 0; 0; 0; 9999
1967;10; 2; 0; 0; 0; 0; 0; 0; 0; 0; 0; 0; 0; 0; 175; 0; 35; 106; 0; 0; 6; 24; 200; 192; 7; 250; 172; 412; 63; 321; 7; 0
1967;11; 0; 0; 45; 0; 0; 0; 0; 90; 0; 0; 0; 0; 51; 82; 6; 99; 405; 83; 96; 27; 0; 0; 0; 47; 44; 0; 118; 31; 22; 8; 9999
1967;12; 0; 0; 5; 0; 714; 11; 0; 0; 160; 63; 5; 19; 14; 0; 0; 26; 66; 54; 63; 4; 59; 153; 55; 20; 14; 0; 34; 130; 85; 52; 4
1968;01; 0; 0; 230; 61; 40; 11; 0; 0; 0; 0; 8; 47; 96; 72; 173; 34; 4; 0; 296; 245; 8; 25; 24; 95; 151; 0; 0; 0; 0; 0; 0
1968;02; 17; 0; 0; 0; 0; 0; 0; 300; 318; 28; 0; 0; 0; 0; 18; 147; 158; 0; 0; 0; 0; 0; 9; 143; 290; 47; 18; 14; 65; 9999; 9999
1968;03; 0; 0; 0; 221; 234; 0; 0; 213; 25; 29; 116; 0; 99; 0; 51; 67; 175; 0; 0; 0; 0; 0; 0; 0; 0; 0; 0; 0; 109; 76; 0
1968;04; 20; 0; 0; 3; 0; 142; 0; 0; 0; 0; 0; 0; 0; 0; 0; 0; 0; 0; 0; 0; 14; 0; 0; 0; 0; 0; 0; 0; 0; 0; 9999
1968;05; 0; 0; 0; 0; 0; 0; 0; 0; 0; 4; 49; 0; 0; 0; 0; 68; 6; 0; 0; 0; 0; 0; 0; 0; 0; 0; 0; 0; 0; 0; 0
1968;06; 0; 0; 0; 0; 0; 0; 0; 0; 14; 0; 0; 0; 0; 0; 0; 0; 0; 0; 0; 0; 16; 0; 0; 0; 0; 0; 0; 0; 0; 0; 9999
1968;07; 0; 0; 0; 0; 0; 0; 0; 0; 0; 17; 0; 0; 0; 0; 0; 0; 0; 0; 0; 0; 0; 12; 0; 0; 0; 0; 9; 0; 0; 0; 0
1968;08; 0; 0; 0; 0; 17; 146; 0; 0; 195; 3; 0; 0; 0; 0; 0; 0; 0; 0; 0; 0; 0; 0; 11; 17; 0; 0; 0; 0; 0; 0; 0
1968;09; 1; 0; 0; 296; 17; 0; 0; 0; 0; 0; 0; 0; 0; 0; 0; 0; 0; 0; 0; 0; 0; 51; 0; 0; 0; 0; 0; 0; 0; 19; 9999
1968;10; 99; 0; 0; 0; 0; 0; 0; 0; 0; 17; 35; 30; 0; 27; 0; 0; 53; 0; 22; 0; 0; 52; 31; 24; 13; 0; 0; 0; 0; 0; 194
1968;11; 0; 0; 12; 0; 0; 0; 0; 0; 42; 0; 0; 0; 0; 0; 0; 0; 0; 200; 3; 0; 0; 0; 0; 0; 0; 0; 0; 0; 258; 91; 9999
1968;12; 134; 933; 101; 30; 0; 205; 0; 0; 36; 79; 0; 0; 0; 0; 0; 0; 73; 0; 0; 7; 0; 0; 0; 0; 0; 196; 583; 128; 224; 110; 0
1969;01; 0; 0; 6; 0; 15; 12; 0; 86; 98; 28; 29; 29; 6; 0; 0; 56; 47; 234; 0; 0; 51; 91; 12; 454; 27; 27; 13; 364; 336; 0; 0
1969;02; 0; 0; 71; 108; 26; 0; 0; 0; 0; 0; 0; 0; 341; 10; 106; 0; 0; 0; 0; 235; 87; 0; 6; 165; 0; 49; 0; 0; 9999; 9999; 9999
1969;03; 783; 11; 15; 0; 38; 9; 0; 0; 93; 0; 0; 0; 17; 45; 0; 0; 0; 0; 0; 0; 0; 0; 0; 45; 1; 5; 156; 174; 0; 12; 37
1969;04; 0; 36; 0; 41; 0; 100; 0; 0; 69; 0; 0; 224; 0; 0; 0; 0; 0; 0; 0; 0; 0; 0; 5; 0; 0; 10; 0; 0; 51; 0; 9999
1969;05; 0; 0; 0; 20; 0; 0; 0; 0; 0; 0; 0; 0; 0; 3; 0; 0; 0; 0; 0; 0; 0; 0; 0; 0; 0; 2; 0; 19; 0; 141; 40
1969;06; 0; 108; 0; 0; 0; 0; 0; 0; 0; 0; 0; 0; 0; 0; 0; 0; 0; 0; 0; 0; 0; 0; 0; 0; 14; 0; 0; 0; 0; 0; 9999
1969;07; 0; 0; 0; 0; 0; 0; 0; 0; 0; 5; 0; 0; 32; 0; 0; 0; 0; 0; 0; 0; 0; 0; 34; 0; 0; 0; 0; 0; 0; 0; 0
1969;08; 0; 0; 222; 63; 0; 0; 72; 0; 0; 0; 0; 0; 0; 0; 0; 110; 0; 0; 0; 0; 0; 0; 0; 0; 0; 0; 0; 0; 0; 0; 0
1969;09; 0; 0; 0; 0; 0; 0; 0; 0; 0; 0; 0; 0; 10; 0; 97; 0; 27; 0; 0; 0; 150; 0; 0; 0; 0; 0; 0; 0; 0; 0; 9999
1969;10; 154; 29; 0; 143; 52; 4; 52; 4; 0; 0; 0; 0; 0; 0; 0; 0; 0; 0; 10; 266; 26; 0; 164; 24; 0; 0; 0; 0; 0; 61; 372
1969;11; 143; 62; 225; 35; 0; 0; 0; 22; 24; 147; 3; 51; 32; 138; 0; 38; 47; 78; 70; 59; 106; 17; 134; 0; 0; 0; 0; 0; 157; 4; 9999
1969;12; 175; 133; 7; 0; 0; 0; 614; 50; 31; 0; 0; 0; 480; 275; 0; 0; 0; 0; 0; 0; 0; 0; 0; 0; 160; 24; 0; 0; 0; 0; 0
1970;01; 64; 0; 89; 0; 0; 133; 375; 279; 216; 519; 0; 0; 0; 27; 0; 227; 148; 64; 231; 638; 0; 0; 0; 25; 0; 0; 0; 142; 0; 0; 38
1970;02; 0; 132; 6; 0; 0; 132; 0; 0; 0; 0; 161; 318; 199; 130; 315; 193; 12; 10; 293; 208; 129; 136; 78; 0; 0; 0; 0; 0; 9999; 9999; 9999
1970;03; 0; 0; 0; 0; 0; 0; 232; 0; 12; 195; 0; 0; 338; 143; 236; 0; 199; 113; 0; 660; 0; 0; 0; 0; 0; 0; 22; 0; 0; 0; 0
1970;04; 101; 0; 228; 159; 174; 0; 6; 0; 0; 0; 0; 0; 68; 0; 0; 0; 0; 0; 0; 0; 0; 0; 0; 0; 0; 0; 0; 0; 0; 183; 9999
1970;05; 0; 2; 0; 0; 0; 0; 0; 29; 26; 6; 0; 0; 0; 0; 0; 0; 0; 0; 0; 0; 39; 0; 0; 0; 0; 0; 0; 0; 0; 0; 0
1970;06; 0; 0; 0; 0; 0; 0; 0; 0; 0; 0; 0; 0; 0; 0; 0; 48; 0; 0; 0; 0; 0; 0; 0; 211; 15; 0; 0; 0; 0; 56; 9999
1970;07; 29; 0; 20; 0; 0; 0; 0; 0; 25; 1; 14; 0; 5; 21; 0; 0; 0; 0; 0; 0; 0; 154; 35; 0; 0; 101; 0; 0; 0; 0; 0
1970;08; 0; 0; 0; 0; 0; 0; 0; 0; 44; 14; 0; 0; 0; 0; 0; 0; 0; 0; 0; 0; 0; 0; 0; 0; 0; 156; 169; 297; 112; 221; 264
1970;09; 0; 0; 0; 0; 0; 0; 81; 0; 0; 13; 157; 0; 0; 91; 0; 97; 25; 0; 0; 0; 0; 0; 31; 0; 0; 0; 0; 0; 69; 0; 9999
1970;10; 0; 0; 16; 247; 121; 0; 0; 0; 87; 0; 0; 0; 36; 0; 0; 0; 0; 0; 75; 87; 0; 0; 192; 92; 79; 35; 0; 0; 0; 0; 0
1970;11; 0; 0; 49; 22; 0; 0; 0; 349; 244; 0; 0; 0; 0; 68; 59; 0; 0; 0; 0; 84; 0; 120; 0; 0; 0; 0; 0; 0; 17; 74; 9999
1970;12; 58; 64; 37; 0; 0; 0; 0; 0; 0; 6; 9; 13; 24; 0; 0; 63; 121; 0; 278; 276; 173; 22; 0; 0; 61; 0; 0; 0; 0; 0; 69
1971;01; 40; 51; 10; 34; 15; 0; 34; 0; 0; 0; 0; 13; 0; 292; 28; 319; 0; 33; 40; 0; 0; 208; 0; 0; 0; 0; 0; 0; 0; 34; 0
1971;02; 0; 5; 0; 0; 0; 0; 0; 0; 124; 0; 0; 0; 262; 0; 0; 0; 156; 0; 0; 0; 288; 165; 97; 0; 2; 497; 0; 0; 9999; 9999; 9999
1971;03; 0; 0; 0; 180; 0; 490; 132; 102; 0; 3; 240; 92; 106; 1; 0; 0; 0; 0; 0; 0; 59; 145; 0; 142; 205; 159; 154; 166; 139; 0; 331
1971;04; 0; 0; 20; 0; 0; 0; 0; 0; 100; 117; 17; 0; 26; 0; 0; 0; 13; 0; 0; 27; 0; 75; 0; 119; 0; 0; 0; 0; 0; 0; 9999
1971;05; 0; 0; 55; 0; 0; 0; 0; 0; 72; 0; 0; 0; 0; 0; 0; 0; 0; 0; 0; 0; 0; 0; 0; 0; 0; 18; 0; 0; 6; 0; 0
1971;06; 0; 0; 0; 0; 0; 0; 0; 8; 0; 0; 6; 150; 17; 7; 0; 69; 82; 187; 75; 77; 26; 0; 0; 0; 0; 0; 0; 0; 0; 0; 9999
1971;07; 0; 0; 128; 0; 0; 0; 0; 0; 0; 0; 0; 0; 0; 0; 0; 0; 0; 0; 0; 0; 0; 0; 0; 0; 0; 0; 0; 0; 0; 0; 29
1971;08; 0; 0; 0; 0; 0; 0; 0; 0; 0; 0; 55; 141; 0; 0; 0; 9; 0; 0; 0; 0; 0; 0; 0; 0; 0; 47; 89; 37; 26; 0; 0
1971;09; 29; 0; 0; 0; 0; 0; 0; 0; 225; 11; 0; 65; 19; 0; 0; 0; 0; 0; 0; 0; 0; 0; 0; 131; 115; 54; 0; 13; 52; 4; 9999
1971;10; 0; 0; 46; 0; 31; 0; 0; 134; 0; 0; 649; 287; 0; 5; 0; 0; 0; 63; 39; 0; 0; 0; 0; 0; 0; 161; 0; 0; 132; 0; 0
1971;11; 0; 442; 64; 33; 0; 0; 87; 0; 0; 0; 63; 0; 163; 84; 0; 0; 0; 0; 0; 77; 0; 0; 83; 116; 186; 91; 163; 49; 0; 0; 9999
1971;12; 172; 14; 0; 73; 0; 0; 0; 0; 30; 478; 0; 0; 0; 0; 279; 15; 0; 0; 0; 68; 0; 0; 89; 401; 50; 0; 92; 0; 27; 123; 0
1972;01; 0; 27; 0; 20; 0; 23; 0; 70; 0; 89; 10; 0; 19; 0; 0; 0; 0; 0; 7; 347; 151; 92; 154; 156; 40; 47; 116; 0; 3; 36; 438
1972;02; 64; 21; 27; 41; 0; 19; 0; 260; 0; 146; 81; 0; 60; 99; 19; 0; 0; 0; 0; 193; 76; 65; 13; 4; 533; 0; 12; 33; 0; 9999; 9999
1972;03; 0; 4; 35; 0; 0; 0; 111; 0; 94; 42; 47; 31; 155; 0; 0; 0; 0; 0; 46; 0; 0; 0; 120; 324; 30; 109; 41; 0; 0; 0; 0
1972;04; 78; 0; 0; 27; 15; 0; 0; 0; 16; 0; 0; 0; 0; 0; 0; 44; 0; 0; 1; 0; 0; 0; 0; 0; 0; 0; 0; 0; 0; 0; 9999
1972;05; 0; 0; 0; 0; 0; 0; 0; 0; 0; 0; 0; 0; 0; 0; 0; 0; 0; 0; 0; 0; 26; 0; 7; 0; 126; 0; 0; 0; 0; 0; 0
1972;06; 0; 0; 0; 0; 0; 0; 0; 0; 0; 0; 0; 0; 0; 0; 0; 0; 0; 0; 20; 0; 0; 0; 0; 0; 0; 0; 0; 0; 0; 0; 9999
1972;07; 0; 0; 0; 0; 0; 0; 0; 0; 0; 52; 5; 46; 252; 0; 0; 7; 0; 0; 0; 0; 0; 0; 0; 0; 0; 0; 62; 0; 0; 0; 0
1972;08; 0; 0; 0; 56; 35; 189; 79; 0; 21; 0; 0; 0; 0; 23; 0; 0; 0; 0; 0; 0; 0; 0; 0; 159; 0; 0; 0; 0; 0; 22; 0
1972;09; 10; 0; 0; 0; 50; 60; 0; 0; 0; 0; 0; 7; 0; 0; 128; 0; 0; 0; 0; 0; 0; 0; 34; 8; 34; 13; 0; 45; 76; 16; 9999
1972;10; 5; 0; 0; 52; 60; 0; 131; 15; 0; 166; 382; 4; 0; 0; 41; 7; 6; 0; 0; 0; 0; 0; 0; 0; 12; 26; 0; 378; 222; 0; 0
1972;11; 0; 204; 203; 90; 6; 10; 0; 0; 19; 10; 20; 47; 25; 238; 63; 283; 46; 7; 32; 78; 8; 0; 21; 0; 0; 32; 33; 0; 0; 0; 9999
1972;12; 119; 0; 9; 210; 41; 46; 45; 0; 0; 0; 0; 0; 20; 0; 0; 0; 0; 0; 150; 119; 0; 0; 223; 104; 42; 0; 148; 364; 144; 0; 370
1973;01; 0; 221; 14; 0; 0; 0; 61; 0; 356; 94; 33; 38; 0; 0; 0; 197; 102; 57; 0; 0; 0; 157; 0; 0; 29; 203; 81; 0; 45; 59; 30
1973;02; 64; 32; 0; 0; 300; 924; 686; 0; 0; 0; 0; 0; 0; 47; 21; 155; 82; 47; 0; 0; 124; 0; 0; 0; 16; 0; 293; 0; 9999; 9999; 9999
1973;03; 6; 0; 0; 57; 317; 0; 0; 0; 155; 10; 0; 119; 0; 0; 0; 0; 0; 133; 2; 0; 45; 259; 829; 188; 0; 10; 0; 0; 0; 0; 311
1973;04; 122; 55; 12; 0; 0; 19; 0; 0; 0; 0; 4; 19; 11; 0; 43; 214; 0; 0; 0; 0; 39; 62; 0; 0; 0; 0; 0; 0; 0; 0; 9999
1973;05; 0; 0; 0; 11; 57; 15; 0; 5; 0; 35; 9; 279; 0; 0; 0; 0; 0; 0; 0; 0; 0; 98; 0; 0; 0; 0; 17; 0; 0; 0; 0
1973;06; 0; 0; 0; 0; 0; 0; 0; 0; 0; 0; 0; 0; 0; 0; 0; 0; 0; 0; 13; 0; 0; 4; 0; 0; 0; 0; 0; 69; 14; 0; 9999
1973;07; 0; 0; 200; 9; 0; 0; 0; 0; 0; 2; 3; 1; 1; 1; 1; 0; 0; 0; 0; 29; 8; 20; 0; 0; 0; 0; 0; 57; 70; 0; 0
1973;08; 0; 0; 0; 0; 19; 46; 0; 0; 0; 2; 0; 2; 0; 0; 0; 0; 2; 0; 0; 0; 1; 0; 0; 0; 0; 0; 0; 0; 0; 0; 0
1973;09; 0; 192; 107; 0; 0; 0; 0; 3; 0; 17; 0; 0; 0; 0; 80; 0; 0; 0; 0; 0; 0; 176; 2; 0; 0; 13; 24; 37; 8; 0; 9999
1973;10; 2; 0; 0; 0; 0; 0; 13; 0; 467; 22; 123; 134; 2; 12; 0; 0; 0; 0; 93; 0; 0; 0; 0; 15; 262; 3; 57; 55; 0; 0; 94
1973;11; 110; 29; 335; 2; 0; 74; 0; 0; 0; 0; 3; 2; 5; 88; 79; 0; 0; 114; 100; 15; 0; 0; 20; 0; 95; 53; 0; 0; 22; 0; 9999
1973;12; 0; 0; 0; 325; 25; 77; 261; 76; 11; 22; 3; 36; 0; 0; 117; 0; 59; 428; 83; 84; 30; 533; 0; 0; 112; 61; 9; 0; 0; 78; 170
1974;01; 61; 27; 4; 168; 0; 0; 0; 0; 0; 0; 139; 41; 142; 134; 47; 280; 6; 29; 0; 0; 0; 3; 0; 0; 86; 0; 25; 75; 124; 0; 66
1974;02; 32; 149; 0; 0; 0; 0; 0; 0; 0; 26; 19; 0; 43; 0; 141; 195; 71; 67; 39; 61; 0; 8; 21; 0; 331; 0; 0; 0; 9999; 9999; 9999
1974;03; 0; 0; 0; 0; 0; 92; 21; 207; 102; 0; 479; 19; 0; 0; 5; 0; 0; 51; 122; 508; 268; 479; 123; 33; 448; 0; 0; 0; 0; 0; 0
1974;04; 0; 3; 2; 0; 68; 21; 0; 0; 0; 0; 26; 5; 0; 179; 0; 2; 3; 0; 0; 0; 17; 0; 0; 0; 89; 53; 3; 0; 0; 0; 9999
1974;05; 12; 0; 0; 0; 0; 0; 5; 0; 0; 0; 0; 0; 4; 0; 0; 0; 0; 0; 0; 0; 127; 0; 0; 0; 0; 0; 0; 6; 0; 0; 0
1974;06; 0; 0; 0; 0; 4; 0; 0; 7; 0; 0; 0; 202; 80; 15; 3; 0; 0; 0; 0; 0; 0; 65; 2; 0; 76; 93; 121; 0; 0; 0; 9999
1974;07; 2; 0; 0; 0; 0; 0; 0; 0; 0; 0; 0; 0; 0; 0; 0; 0; 0; 0; 0; 0; 0; 0; 0; 0; 17; 0; 0; 0; 0; 0; 0
1974;08; 0; 0; 0; 0; 0; 0; 0; 0; 3; 8; 0; 0; 0; 0; 28; 2; 0; 0; 0; 0; 0; 0; 0; 0; 0; 0; 0; 0; 0; 0; 0
1974;09; 0; 0; 25; 2; 0; 0; 0; 0; 0; 0; 0; 0; 0; 0; 0; 0; 0; 0; 0; 8; 0; 0; 0; 0; 0; 0; 0; 0; 16; 0; 9999
1974;10; 0; 18; 0; 0; 29; 0; 0; 0; 0; 0; 0; 0; 0; 0; 0; 0; 273; 0; 59; 63; 0; 76; 0; 0; 85; 12; 45; 85; 87; 150; 4
1974;11; 0; 0; 0; 0; 0; 0; 45; 0; 0; 0; 7; 0; 0; 106; 0; 0; 0; 0; 0; 0; 160; 25; 111; 0; 0; 0; 0; 26; 0; 8; 9999
1974;12; 117; 144; 63; 180; 29; 183; 11; 22; 0; 0; 179; 0; 0; 32; 235; 10; 0; 87; 543; 44; 0; 527; 10; 222; 132; 34; 46; 8; 373; 11; 0
1975;01; 84; 215; 34; 0; 0; 0; 40; 210; 7; 18; 0; 22; 194; 71; 40; 0; 16; 0; 479; 131; 65; 0; 0; 71; 0; 0; 0; 0; 40; 15; 73
1975;02; 30; 99; 223; 73; 66; 51; 0; 4; 43; 9; 0; 0; 0; 0; 0; 0; 0; 0; 80; 333; 0; 131; 98; 95; 0; 12; 193; 433; 9999; 9999; 9999
1975;03; 246; 6; 0; 0; 0; 0; 0; 0; 93; 12; 0; 0; 0; 18; 0; 0; 45; 0; 0; 0; 0; 251; 36; 0; 179; 108; 0; 73; 0; 0; 37
1975;04; 78; 0; 234; 55; 6; 0; 7; 0; 0; 0; 9; 0; 0; 0; 0; 203; 0; 0; 0; 0; 0; 0; 0; 0; 0; 0; 0; 0; 7; 0; 9999
1975;05; 0; 0; 0; 344; 0; 162; 20; 7; 0; 0; 0; 0; 0; 0; 0; 20; 0; 16; 0; 0; 0; 20; 0; 0; 0; 0; 0; 0; 0; 0; 0
1975;06; 0; 0; 6; 0; 5; 0; 6; 0; 3; 0; 0; 0; 0; 0; 0; 0; 0; 0; 0; 0; 0; 0; 0; 0; 0; 0; 0; 0; 67; 0; 9999
1975;07; 0; 0; 0; 99; 0; 9; 0; 0; 0; 0; 0; 0; 0; 0; 0; 0; 0; 16; 0; 0; 0; 0; 0; 0; 0; 0; 0; 0; 0; 0; 0
1975;08; 0; 0; 0; 0; 0; 0; 0; 0; 0; 0; 0; 0; 0; 0; 0; 0; 0; 0; 0; 0; 0; 0; 0; 0; 0; 0; 0; 0; 0; 0; 0
1975;09; 0; 0; 0; 0; 0; 0; 0; 0; 0; 0; 0; 0; 0; 0; 0; 0; 0; 0; 0; 0; 0; 0; 0; 34; 5; 0; 68; 45; 0; 0; 9999
1975;10; 149; 0; 53; 43; 0; 233; 0; 30; 0; 0; 0; 266; 74; 0; 46; 0; 0; 0; 187; 0; 5; 0; 0; 0; 0; 42; 0; 0; 0; 0; 137
1975;11; 31; 143; 141; 27; 0; 0; 44; 0; 0; 44; 0; 94; 0; 0; 0; 0; 0; 63; 458; 19; 303; 0; 0; 18; 35; 648; 290; 78; 0; 0; 9999
1975;12; 72; 0; 0; 0; 0; 0; 0; 0; 364; 0; 0; 55; 431; 179; 22; 0; 0; 12; 68; 0; 83; 0; 41; 0; 379; 634; 55; 0; 29; 0; 58
1976;01; 0; 0; 35; 86; 61; 63; 0; 31; 93; 375; 65; 857; 0; 364; 0; 0; 0; 0; 5; 0; 168; 283; 88; 0; 3; 0; 16; 35; 111; 0; 25
1976;02; 0; 24; 48; 0; 0; 167; 212; 330; 223; 0; 0; 0; 0; 0; 0; 0; 32; 38; 29; 32; 43; 43; 336; 69; 0; 137; 508; 13; 137; 9999; 9999
1976;03; 83; 55; 39; 79; 0; 0; 0; 0; 0; 0; 2; 11; 19; 362; 36; 48; 0; 105; 113; 86; 0; 13; 28; 0; 5; 1100; 71; 160; 32; 0; 0
1976;04; 0; 0; 0; 269; 0; 0; 0; 13; 0; 81; 18; 332; 108; 54; 0; 0; 0; 0; 0; 0; 0; 5; 218; 0; 0; 0; 0; 0; 0; 56; 9999
1976;05; 0; 0; 0; 0; 54; 8; 0; 0; 0; 62; 0; 209; 0; 0; 0; 0; 0; 0; 42; 284; 47; 124; 0; 0; 379; 77; 0; 6; 392; 0; 7
1976;06; 0; 0; 0; 0; 0; 192; 0; 0; 0; 3; 0; 0; 15; 91; 14; 0; 0; 0; 0; 0; 0; 0; 0; 0; 0; 0; 0; 0; 16; 3; 9999
1976;07; 5; 185; 235; 596; 0; 0; 0; 0; 12; 107; 0; 0; 0; 0; 0; 0; 0; 0; 0; 0; 0; 138; 0; 0; 0; 0; 0; 0; 5; 0; 0
1976;08; 0; 0; 0; 0; 0; 37; 7; 0; 0; 35; 33; 106; 111; 133; 5; 0; 0; 0; 0; 73; 83; 9; 0; 0; 0; 0; 0; 0; 0; 0; 0
1976;09; 0; 0; 0; 0; 0; 160; 92; 184; 3; 0; 0; 0; 95; 221; 39; 156; 3; 0; 0; 0; 0; 0; 30; 0; 0; 0; 169; 385; 16; 0; 9999
1976;10; 0; 0; 0; 0; 0; 23; 0; 0; 0; 291; 0; 0; 0; 0; 0; 0; 0; 0; 93; 66; 4; 16; 6; 0; 64; 0; 53; 0; 0; 0; 0
1976;11; 43; 0; 0; 0; 83; 88; 0; 0; 0; 65; 42; 0; 186; 9; 0; 0; 186; 69; 445; 89; 468; 30; 0; 0; 0; 0; 57; 11; 0; 0; 9999
1976;12; 0; 75; 130; 105; 31; 229; 0; 0; 357; 11; 7; 0; 95; 13; 0; 50; 182; 63; 21; 20; 25; 7; 109; 0; 4; 216; 14; 59; 0; 0; 0
1977;01; 0; 0; 30; 1; 43; 85; 164; 0; 0; 0; 151; 0; 0; 138; 0; 52; 269; 17; 547; 119; 0; 0; 0; 21; 73; 546; 4; 72; 33; 127; 175
1977;02; 142; 0; 0; 0; 0; 0; 0; 10; 0; 53; 0; 0; 0; 0; 0; 0; 0; 0; 0; 0; 0; 0; 0; 0; 19; 0; 27; 0; 9999; 9999; 9999
1977;03; 0; 270; 0; 37; 35; 11; 0; 827; 0; 0; 0; 83; 0; 285; 0; 0; 123; 0; 92; 0; 23; 14; 103; 3; 9; 0; 50; 0; 145; 40; 11
1977;04; 74; 37; 0; 9; 53; 0; 0; 0; 13; 2; 0; 0; 0; 0; 0; 0; 0; 0; 0; 34; 27; 3; 46; 22; 0; 2; 0; 0; 0; 0; 9999
1977;05; 0; 0; 30; 211; 0; 0; 0; 0; 0; 0; 0; 0; 0; 0; 0; 0; 72; 9; 2; 0; 0; 0; 0; 6; 0; 0; 0; 0; 0; 0; 29
1977;06; 0; 0; 0; 0; 175; 60; 0; 0; 0; 0; 0; 0; 7; 0; 0; 0; 2; 0; 0; 0; 0; 0; 0; 0; 9; 0; 0; 0; 0; 0; 9999
1977;07; 0; 0; 0; 0; 0; 0; 0; 0; 0; 0; 0; 0; 0; 0; 0; 0; 0; 24; 0; 0; 0; 0; 0; 0; 20; 0; 0; 0; 0; 0; 0
1977;08; 0; 0; 0; 0; 0; 0; 0; 0; 0; 0; 0; 0; 0; 0; 0; 0; 0; 0; 0; 0; 0; 0; 0; 0; 0; 0; 0; 0; 0; 149; 51
1977;09; 0; 183; 4; 0; 0; 0; 178; 41; 0; 0; 0; 0; 0; 0; 0; 0; 0; 0; 46; 7; 40; 22; 33; 55; 123; 0; 0; 0; 0; 0; 9999
1977;10; 0; 126; 22; 0; 0; 0; 33; 0; 0; 0; 0; 0; 0; 3; 0; 0; 0; 49; 76; 0; 0; 0; 0; 0; 13; 0; 0; 7; 0; 0; 0
1977;11; 0; 9; 0; 0; 0; 0; 43; 5; 0; 7; 0; 0; 59; 3; 148; 169; 104; 0; 6; 0; 0; 0; 264; 496; 99; 56; 0; 0; 73; 939; 9999
1977;12; 30; 46; 31; 55; 0; 112; 26; 18; 4; 0; 45; 47; 0; 11; 0; 0; 0; 0; 34; 195; 41; 351; 315; 31; 0; 0; 346; 0; 0; 0; 0
1978;01; 0; 11; 55; 12; 0; 0; 157; 0; 0; 63; 102; 95; 0; 95; 227; 249; 10; 0; 0; 0; 0; 29; 0; 0; 0; 0; 0; 0; 57; 156; 0
1978;02; 0; 0; 0; 0; 0; 27; 422; 0; 0; 0; 0; 124; 213; 3; 0; 0; 43; 65; 61; 0; 0; 41; 142; 0; 89; 0; 0; 0; 9999; 9999; 9999
1978;03; 0; 0; 5; 68; 151; 142; 77; 776; 53; 751; 0; 0; 0; 0; 0; 0; 0; 0; 0; 0; 0; 0; 0; 0; 0; 18; 0; 136; 0; 187; 86
1978;04; 0; 0; 15; 0; 0; 0; 0; 0; 0; 0; 303; 0; 0; 0; 0; 122; 3; 46; 0; 0; 46; 4; 9; 0; 0; 0; 0; 0; 0; 0; 9999
1978;05; 5; 0; 0; 0; 0; 0; 0; 0; 0; 0; 0; 0; 0; 0; 0; 0; 125; 36; 4; 0; 52; 114; 62; 0; 0; 0; 0; 0; 0; 11; 15
1978;06; 12; 0; 0; 0; 0; 16; 0; 0; 242; 46; 0; 0; 0; 0; 0; 0; 0; 0; 0; 0; 6; 14; 0; 4; 4; 4; 0; 0; 0; 0; 9999
1978;07; 0; 0; 0; 2; 0; 0; 0; 0; 0; 0; 0; 0; 0; 0; 0; 162; 0; 0; 0; 17; 19; 36; 26; 0; 0; 0; 0; 0; 0; 0; 0
1978;08; 0; 0; 0; 0; 0; 0; 0; 0; 0; 0; 0; 0; 0; 0; 35; 0; 0; 0; 0; 0; 0; 0; 0; 0; 8; 0; 0; 0; 0; 0; 52
1978;09; 20; 7; 0; 0; 0; 28; 63; 0; 0; 0; 0; 0; 0; 0; 0; 6; 0; 0; 0; 0; 0; 0; 0; 0; 0; 0; 0; 0; 0; 0; 9999
1978;10; 0; 0; 131; 0; 0; 0; 0; 0; 0; 0; 64; 130; 0; 0; 76; 0; 209; 91; 147; 15; 0; 0; 0; 0; 0; 0; 0; 17; 0; 3; 4
1978;11; 300; 18; 0; 46; 63; 192; 0; 0; 0; 0; 160; 205; 122; 0; 0; 0; 75; 0; 0; 0; 53; 0; 0; 889; 0; 0; 0; 429; 0; 0; 9999
1978;12; 0; 0; 0; 0; 0; 0; 159; 109; 98; 326; 271; 0; 0; 0; 0; 216; 0; 0; 4; 0; 0; 0; 0; 0; 0; 0; 294; 119; 237; 167; 306
1979;01; 0; 22; 39; 14; 23; 0; 0; 0; 0; 0; 0; 31; 31; 53; 0; 0; 0; 0; 0; 27; 292; 540; 0; 0; 141; 10; 608; 0; 86; 334; 3
1979;02; 3; 4; 0; 0; 57; 89; 0; 0; 0; 36; 0; 194; 91; 41; 184; 0; 0; 329; 8; 37; 21; 74; 56; 0; 0; 0; 11; 0; 9999; 9999; 9999
1979;03; 0; 523; 42; 134; 0; 12; 183; 0; 0; 0; 72; 483; 22; 65; 59; 54; 0; 21; 0; 0; 0; 0; 0; 0; 397; 2; 0; 5; 0; 0; 0
1979;04; 0; 0; 0; 7; 45; 34; 17; 6; 0; 0; 0; 0; 0; 0; 0; 0; 0; 0; 0; 29; 0; 0; 0; 25; 0; 3; 0; 33; 21; 51; 9999
1979;05; 0; 0; 0; 0; 111; 0; 0; 274; 0; 3; 4; 0; 0; 4; 55; 0; 0; 0; 0; 0; 0; 0; 0; 30; 0; 0; 0; 0; 0; 84; 0
1979;06; 0; 0; 0; 0; 0; 0; 0; 0; 0; 0; 0; 0; 0; 10; 0; 0; 0; 0; 0; 0; 0; 0; 0; 0; 0; 0; 0; 260; 0; 0; 9999
1979;07; 0; 0; 0; 0; 0; 0; 0; 0; 77; 41; 5; 0; 0; 0; 0; 0; 0; 0; 0; 93; 0; 0; 0; 0; 1; 3; 0; 0; 0; 0; 0
1979;08; 0; 0; 0; 0; 0; 0; 0; 0; 0; 0; 0; 0; 191; 0; 92; 0; 0; 0; 82; 153; 22; 18; 0; 1; 0; 0; 163; 0; 0; 6; 0
1979;09; 0; 0; 58; 5; 3; 14; 0; 0; 0; 0; 0; 8; 0; 110; 192; 60; 0; 164; 75; 11; 0; 0; 79; 9; 0; 0; 0; 0; 0; 73; 9999
1979;10; 0; 0; 156; 67; 0; 0; 197; 53; 224; 31; 0; 0; 0; 0; 25; 0; 0; 0; 0; 0; 0; 0; 0; 0; 0; 0; 0; 53; 84; 0; 361
1979;11; 164; 0; 406; 0; 0; 0; 0; 0; 53; 137; 361; 0; 0; 0; 241; 0; 0; 0; 0; 27; 3; 0; 85; 27; 228; 72; 66; 0; 0; 0; 9999
1979;12; 0; 24; 160; 259; 138; 0; 0; 0; 24; 0; 0; 130; 245; 0; 0; 0; 0; 0; 0; 18; 12; 182; 230; 18; 44; 284; 154; 0; 0; 0; 0
1980;01; 223; 34; 0; 0; 0; 0; 0; 22; 16; 82; 293; 340; 101; 112; 25; 0; 190; 120; 80; 4; 226; 18; 0; 0; 2; 5; 12; 0; 226; 0; 0
1980;02; 27; 214; 33; 6; 0; 0; 0; 0; 254; 0; 0; 0; 4; 74; 5; 0; 34; 19; 85; 0; 0; 99; 60; 0; 0; 0; 119; 118; 0; 9999; 9999
1980;03; 0; 0; 0; 7; 0; 0; 0; 0; 35; 0; 189; 244; 0; 41; 12; 194; 102; 0; 325; 323; 0; 0; 0; 0; 0; 0; 0; 0; 0; 25; 29
1980;04; 21; 9; 83; 356; 449; 81; 34; 44; 0; 0; 0; 83; 0; 122; 59; 37; 3; 0; 0; 0; 0; 0; 0; 0; 0; 0; 0; 0; 0; 0; 9999
1980;05; 0; 0; 58; 37; 0; 2; 0; 0; 0; 0; 0; 7; 0; 0; 0; 0; 0; 12; 0; 0; 0; 0; 0; 0; 0; 0; 0; 0; 0; 0; 0
1980;06; 0; 2; 9; 22; 0; 0; 0; 0; 0; 0; 0; 0; 0; 11; 0; 0; 0; 0; 0; 0; 0; 0; 14; 0; 0; 275; 0; 0; 0; 0; 9999
1980;07; 0; 0; 0; 0; 0; 0; 0; 0; 0; 0; 0; 0; 0; 0; 0; 0; 0; 0; 0; 0; 0; 0; 0; 0; 0; 0; 0; 0; 0; 0; 7
1980;08; 2; 0; 0; 0; 0; 0; 54; 0; 0; 0; 0; 0; 0; 0; 0; 21; 0; 65; 0; 0; 0; 0; 0; 49; 8; 19; 83; 9; 0; 0; 0
1980;09; 0; 0; 0; 0; 0; 0; 0; 0; 0; 0; 39; 0; 0; 0; 0; 0; 5; 106; 135; 0; 227; 29; 0; 0; 0; 11; 0; 0; 0; 0; 9999
1980;10; 0; 0; 0; 0; 0; 0; 0; 29; 36; 18; 0; 311; 105; 187; 38; 0; 0; 0; 0; 0; 0; 0; 56; 25; 0; 0; 0; 0; 228; 23; 0
1980;11; 0; 0; 0; 0; 0; 0; 0; 278; 129; 58; 429; 337; 0; 0; 0; 0; 0; 0; 0; 68; 0; 0; 0; 99; 96; 0; 0; 0; 0; 73; 9999
1980;12; 210; 451; 165; 8; 37; 86; 192; 25; 0; 157; 0; 23; 640; 101; 60; 0; 0; 0; 0; 0; 0; 44; 381; 32; 0; 0; 423; 592; 10; 83; 25
1981;01; 0; 172; 26; 0; 8; 0; 161; 0; 0; 196; 0; 168; 95; 68; 29; 440; 175; 194; 0; 0; 8; 66; 0; 0; 86; 0; 0; 0; 0; 0; 0
1981;02; 0; 0; 0; 0; 0; 266; 63; 149; 235; 28; 6; 0; 0; 0; 0; 0; 0; 0; 0; 6; 0; 12; 0; 0; 0; 6; 37; 0; 9999; 9999; 9999
1981;03; 0; 0; 0; 29; 68; 0; 8; 186; 24; 29; 0; 0; 0; 0; 0; 29; 82; 280; 5; 16; 3; 0; 0; 0; 0; 0; 0; 31; 78; 51; 0
1981;04; 0; 0; 136; 0; 0; 11; 0; 0; 0; 0; 0; 0; 0; 0; 0; 97; 66; 25; 9; 0; 0; 0; 0; 0; 37; 0; 0; 13; 7; 10; 9999
1981;05; 0; 0; 0; 0; 0; 0; 0; 0; 0; 0; 0; 0; 0; 0; 0; 0; 7; 0; 0; 22; 28; 0; 0; 0; 0; 0; 0; 655; 62; 7; 0
1981;06; 0; 0; 0; 0; 0; 0; 197; 0; 0; 0; 0; 0; 0; 0; 39; 102; 57; 5; 0; 0; 3; 0; 0; 0; 0; 0; 0; 0; 0; 0; 9999
1981;07; 0; 0; 99; 0; 0; 0; 4; 0; 0; 0; 0; 0; 0; 0; 0; 0; 0; 0; 27; 44; 0; 0; 0; 3; 57; 8; 0; 0; 2; 0; 0
1981;08; 0; 0; 0; 0; 0; 0; 0; 0; 0; 0; 32; 0; 3; 0; 0; 0; 0; 94; 0; 0; 0; 0; 0; 0; 0; 0; 0; 0; 0; 0; 0
1981;09; 13; 0; 0; 34; 0; 0; 0; 0; 0; 0; 0; 0; 0; 0; 0; 0; 0; 0; 0; 0; 0; 0; 0; 0; 0; 0; 53; 36; 0; 0; 9999
1981;10; 23; 0; 0; 0; 0; 0; 15; 237; 12; 0; 26; 0; 62; 0; 0; 289; 0; 0; 0; 229; 0; 0; 0; 0; 0; 0; 34; 41; 0; 43; 57
1981;11; 0; 87; 0; 149; 221; 0; 0; 182; 0; 152; 53; 26; 142; 36; 19; 0; 0; 79; 0; 0; 388; 0; 0; 0; 0; 215; 76; 0; 0; 0; 9999
1981;12; 0; 18; 5; 20; 5; 152; 35; 213; 185; 346; 0; 64; 0; 106; 0; 10; 542; 11; 28; 0; 0; 0; 0; 0; 0; 0; 130; 21; 87; 0; 0
1982;01; 0; 590; 481; 38; 0; 24; 3; 0; 5; 159; 93; 229; 0; 0; 0; 41; 0; 0; 0; 0; 0; 0; 139; 283; 6; 0; 0; 0; 120; 150; 0
1982;02; 0; 0; 161; 0; 13; 52; 106; 8; 0; 0; 0; 0; 0; 0; 0; 0; 257; 0; 0; 0; 0; 0; 0; 141; 33; 103; 303; 438; 9999; 9999; 9999
1982;03; 4; 105; 0; 57; 0; 0; 46; 237; 23; 262; 158; 134; 169; 24; 7; 25; 590; 46; 0; 107; 21; 0; 246; 73; 373; 148; 72; 0; 32; 11; 267
1982;04; 84; 0; 27; 109; 0; 0; 0; 14; 0; 0; 0; 0; 0; 120; 64; 85; 0; 13; 0; 0; 0; 0; 0; 0; 0; 0; 4; 0; 72; 0; 9999
1982;05; 0; 0; 0; 7; 10; 0; 0; 0; 0; 0; 0; 0; 2; 0; 0; 0; 0; 0; 0; 47; 0; 0; 0; 0; 12; 47; 0; 0; 0; 0; 0
1982;06; 5; 0; 0; 0; 0; 0; 0; 0; 0; 0; 0; 0; 112; 0; 0; 0; 39; 68; 0; 0; 0; 0; 264; 15; 18; 51; 88; 0; 0; 0; 9999
1982;07; 60; 0; 0; 0; 0; 0; 0; 0; 0; 0; 0; 0; 0; 26; 0; 0; 0; 0; 167; 51; 0; 0; 0; 0; 0; 0; 0; 0; 0; 138; 0
1982;08; 0; 0; 0; 0; 21; 6; 0; 0; 0; 0; 114; 68; 0; 0; 0; 0; 0; 0; 41; 0; 12; 0; 0; 23; 0; 0; 0; 0; 0; 99; 0
1982;09; 0; 0; 0; 0; 0; 0; 21; 0; 0; 0; 0; 0; 0; 0; 0; 0; 0; 0; 0; 0; 0; 0; 0; 0; 0; 0; 0; 131; 0; 0; 9999
1982;10; 0; 0; 127; 0; 0; 0; 0; 8; 109; 0; 177; 0; 267; 93; 0; 0; 0; 0; 0; 6; 0; 0; 0; 0; 0; 0; 0; 56; 167; 222; 0
1982;11; 0; 0; 0; 37; 0; 0; 62; 41; 13; 0; 90; 45; 0; 0; 212; 0; 4; 0; 0; 55; 47; 5; 224; 0; 50; 34; 31; 0; 0; 0; 9999
1982;12; 533; 176; 172; 24; 7; 0; 127; 192; 14; 0; 4; 196; 30; 7; 112; 38; 11; 8; 147; 41; 10; 38; 43; 94; 41; 43; 8; 74; 53; 674; 56
1983;01; 16; 0; 0; 0; 0; 285; 0; 15; 42; 0; 6; 336; 138; 27; 4; 0; 13; 132; 14; 158; 246; 0; 0; 63; 69; 72; 4; 0; 0; 0; 0
1983;02; 100; 413; 52; 145; 0; 2; 5; 38; 256; 15; 0; 81; 120; 107; 0; 0; 0; 0; 0; 0; 0; 0; 0; 0; 57; 8; 69; 93; 9999; 9999; 9999
1983;03; 0; 142; 698; 23; 293; 444; 192; 142; 0; 0; 0; 0; 491; 0; 34; 0; 0; 0; 0; 484; 47; 77; 36; 47; 3; 0; 0; 255; 14; 0; 0
1983;04; 0; 17; 29; 0; 0; 308; 293; 11; 0; 0; 0; 17; 4; 7; 9; 0; 0; 0; 0; 0; 11; 218; 117; 0; 122; 2; 7; 0; 0; 0; 9999
1983;05; 0; 0; 15; 66; 2; 0; 0; 0; 0; 4; 2; 1; 13; 112; 18; 2; 2; 5; 0; 103; 4; 0; 0; 50; 24; 1; 0; 0; 268; 422; 386
1983;06; 16; 49; 81; 164; 80; 76; 292; 2; 62; 126; 19; 75; 26; 3; 1; 2; 0; 2; 3; 3; 2; 2; 2; 1; 1; 2; 0; 27; 169; 0; 9999
1983;07; 2; 1; 0; 2; 2; 0; 0; 0; 0; 0; 2; 1; 0; 0; 2; 1; 1; 76; 97; 45; 257; 5; 2; 2; 1; 0; 0; 2; 1; 1; 2
1983;08; 1; 117; 0; 2; 0; 1; 1; 1; 2; 0; 0; 2; 1; 0; 0; 1; 0; 0; 0; 0; 65; 2; 0; 2; 1; 1; 1; 1; 1; 1; 0
1983;09; 0; 0; 28; 116; 73; 367; 79; 88; 115; 6; 0; 12; 117; 3; 1; 279; 13; 236; 219; 35; 17; 4; 230; 268; 63; 0; 0; 0; 0; 0; 9999
1983;10; 0; 57; 119; 28; 1; 0; 0; 0; 0; 0; 2; 34; 38; 117; 42; 2; 2; 0; 104; 6; 3; 1; 230; 411; 2; 0; 0; 0; 0; 25; 0
1983;11; 22; 0; 403; 5; 43; 2; 0; 0; 0; 179; 11; 134; 13; 0; 6; 34; 3; 1; 0; 41; 117; 109; 5; 0; 0; 0; 0; 0; 0; 100; 9999
1983;12; 179; 544; 35; 4; 28; 56; 61; 2; 0; 25; 0; 136; 44; 282; 253; 0; 370; 8; 2; 81; 6; 34; 81; 114; 84; 56; 4; 524; 43; 0; 95
1984;01; 0; 0; 3; 2; 0; 315; 23; 2; 0; 6; 43; 1; 0; 0; 0; 0; 0; 0; 0; 13; 285; 22; 146; 28; 112; 26; 188; 42; 8; 0; 5
1984;02; 3; 11; 0; 0; 0; 0; 4; 293; 0; 0; 0; 0; 0; 0; 59; 37; 53; 2; 0; 0; 0; 0; 0; 0; 0; 28; 0; 0; 0; 9999; 9999
1984;03; 0; 18; 0; 0; 0; 43; 0; 168; 4; 0; 9; 0; 0; 16; 5; 0; 0; 0; 4; 0; 77; 5; 75; 0; 0; 1; 0; 385; 2; 227; 23
1984;04; 2; 0; 0; 114; 3; 0; 4; 9; 3; 1; 0; 0; 0; 0; 0; 0; 4; 49; 11; 440; 241; 7; 0; 0; 52; 3; 47; 7; 0; 12; 9999
1984;05; 23; 38; 171; 0; 312; 50; 2; 2; 2; 1; 3; 0; 1; 82; 27; 2; 42; 238; 2; 2; 2; 3; 2; 2; 2; 1; 2; 2; 2; 1; 0
1984;06; 0; 1; 1; 2; 1; 1; 1; 0; 0; 0; 0; 2; 2; 0; 0; 0; 0; 2; 2; 0; 0; 2; 2; 1; 1; 1; 1; 4; 28; 2; 9999
1984;07; 0; 0; 3; 2; 2; 1; 0; 0; 1; 0; 1; 0; 0; 0; 0; 0; 0; 2; 2; 0; 0; 0; 0; 0; 0; 0; 0; 46; 2; 0; 0
1984;08; 0; 0; 128; 67; 3; 0; 0; 0; 0; 0; 0; 0; 0; 0; 0; 8; 17; 2; 0; 0; 12; 2; 86; 106; 17; 122; 0; 0; 5; 0; 0
1984;09; 0; 0; 2; 0; 0; 0; 183; 7; 90; 0; 0; 0; 0; 0; 0; 0; 0; 0; 0; 0; 97; 0; 0; 0; 0; 0; 130; 15; 0; 0; 9999
1984;10; 0; 0; 0; 0; 0; 0; 0; 0; 0; 0; 0; 0; 0; 0; 0; 8; 27; 0; 226; 76; 0; 0; 0; 0; 0; 0; 0; 0; 0; 0; 0
1984;11; 0; 0; 0; 0; 0; 224; 86; 0; 0; 32; 53; 96; 63; 24; 0; 2; 27; 122; 2; 0; 92; 0; 0; 0; 15; 276; 19; 142; 0; 0; 9999
1984;12; 269; 254; 0; 11; 0; 0; 0; 299; 6; 0; 0; 5; 16; 44; 85; 99; 41; 180; 1; 0; 0; 34; 0; 0; 0; 63; 196; 54; 6; 69; 38
1985;01; 2; 0; 138; 12; 0; 0; 12; 104; 496; 38; 0; 0; 0; 91; 2; 0; 151; 206; 130; 55; 198; 20; 81; 36; 342; 73; 25; 33; 165; 76; 425
1985;02; 85; 262; 2; 3; 3; 88; 1; 156; 47; 1; 12; 128; 79; 2; 0; 68; 16; 3; 0; 2; 6; 9; 125; 113; 78; 632; 105; 378; 9999; 9999; 9999
1985;03; 167; 253; 9; 89; 18; 77; 34; 7; 95; 2; 55; 28; 2; 381; 575; 110; 155; 192; 13; 28; 2; 198; 0; 0; 1; 2; 36; 304; 495; 16; 2
1985;04; 12; 9; 3; 2; 2; 1; 0; 208; 12; 18; 1; 125; 8; 9; 2; 0; 98; 37; 102; 13; 0; 2; 2; 2; 2; 0; 0; 2; 2; 28; 9999
1985;05; 108; 45; 11; 3; 2; 2; 2; 2; 1; 3; 72; 2; 0; 0; 0; 0; 0; 2; 2; 2; 6; 365; 2; 3; 2; 2; 2; 3; 3; 2; 0
1985;06; 0; 0; 0; 68; 9; 3; 3; 2; 2; 26; 2; 2; 2; 3; 2; 2; 2; 0; 0; 0; 2; 2; 2; 0; 0; 0; 0; 0; 2; 2; 9999
1985;07; 2; 0; 0; 2; 0; 12; 2; 2; 0; 0; 0; 0; 0; 2; 0; 0; 1; 1; 2; 2; 2; 2; 0; 0; 1; 0; 0; 1; 2; 1; 0
1985;08; 1; 0; 0; 0; 0; 0; 0; 0; 0; 0; 0; 6; 0; 0; 0; 0; 0; 0; 0; 0; 4; 0; 106; 2; 0; 0; 0; 0; 0; 0; 69
1985;09; 97; 250; 2; 8; 82; 47; 100; 2; 0; 0; 0; 0; 0; 0; 0; 0; 0; 0; 0; 0; 62; 0; 0; 81; 5; 0; 0; 0; 2; 319; 9999
1985;10; 0; 0; 72; 0; 0; 0; 0; 45; 0; 3; 17; 0; 0; 0; 0; 0; 0; 0; 0; 0; 0; 0; 32; 0; 276; 3; 8; 0; 128; 9; 626
1985;11; 0; 218; 291; 28; 49; 34; 2; 0; 0; 0; 0; 0; 0; 0; 0; 0; 0; 0; 0; 0; 59; 195; 1; 12; 9; 42; 173; 112; 25; 32; 9999
1985;12; 2; 0; 18; 394; 52; 2; 0; 0; 0; 0; 0; 0; 0; 0; 6; 37; 146; 0; 0; 0; 2; 0; 5; 218; 237; 49; 382; 5; 0; 0; 4
1986;01; 153; 0; 98; 0; 0; 118; 0; 0; 18; 7; 10; 282; 5; 250; 18; 0; 0; 0; 0; 0; 13; 112; 17; 35; 76; 3; 71; 33; 0; 278; 0
1986;02; 0; 0; 139; 180; 208; 2; 0; 9; 13; 16; 127; 16; 235; 50; 6; 28; 7; 17; 234; 89; 149; 132; 524; 2; 0; 18; 138; 5; 9999; 9999; 9999
1986;03; 0; 287; 8; 242; 658; 180; 72; 177; 61; 15; 2; 2; 87; 0; 0; 51; 0; 506; 162; 96; 43; 0; 0; 31; 15; 5; 77; 2; 2; 187; 1
1986;04; 0; 0; 4; 3; 2; 0; 0; 109; 12; 45; 79; 2; 2; 3; 36; 88; 22; 2; 2; 1; 0; 0; 2; 0; 0; 0; 13; 81; 25; 2; 9999
1986;05; 3; 3; 2; 2; 3; 3; 2; 27; 135; 237; 3; 22; 99; 2; 0; 0; 2; 2; 152; 3; 32; 1; 3; 2; 2; 0; 3; 0; 0; 0; 45
1986;06; 2; 2; 2; 0; 4; 3; 2; 2; 2; 3; 2; 2; 11; 2; 3; 2; 0; 1; 2; 3; 2; 2; 2; 3; 2; 15; 1; 2; 2; 2; 9999
1986;07; 2; 75; 208; 0; 38; 2; 13; 3; 15; 3; 3; 2; 2; 3; 3; 3; 3; 3; 3; 0; 0; 28; 226; 10; 2; 0; 0; 0; 0; 2; 2
1986;08; 128; 2; 2; 1; 1; 1; 0; 2; 2; 2; 2; 0; 386; 2; 26; 23; 33; 0; 6; 12; 158; 160; 21; 97; 13; 0; 1; 0; 0; 0; 0
1986;09; 0; 0; 0; 0; 0; 0; 0; 0; 0; 0; 0; 0; 0; 0; 0; 0; 0; 0; 0; 167; 243; 0; 0; 0; 0; 106; 85; 8; 83; 0; 9999
1986;10; 0; 0; 0; 0; 0; 0; 0; 0; 0; 0; 42; 0; 0; 0; 0; 0; 0; 0; 0; 26; 130; 252; 13; 0; 0; 0; 0; 13; 0; 0; 0
1986;11; 50; 0; 0; 235; 71; 29; 21; 35; 10; 118; 209; 160; 0; 0; 0; 0; 0; 0; 0; 0; 0; 0; 0; 395; 29; 115; 0; 0; 208; 0; 9999
1986;12; 46; 32; 6; 140; 41; 332; 48; 17; 254; 131; 2; 0; 0; 10; 32; 11; 59; 5; 50; 26; 45; 18; 77; 403; 52; 135; 187; 366; 89; 121; 18
1987;01; 87; 0; 17; 53; 6; 5; 0; 0; 0; 0; 0; 15; 730; 15; 0; 67; 212; 2; 0; 36; 5; 166; 0; 331; 142; 118; 20; 161; 292; 28; 13
1987;02; 0; 2; 31; 18; 41; 0; 0; 0; 7; 46; 5; 0; 0; 120; 72; 63; 695; 73; 4; 25; 0; 0; 3; 2; 0; 0; 0; 0; 9999; 9999; 9999
1987;03; 214; 2; 8; 0; 0; 0; 0; 0; 215; 176; 114; 2; 4; 0; 0; 0; 0; 0; 36; 7; 58; 15; 2; 8; 0; 0; 0; 0; 0; 0; 0
1987;04; 0; 0; 92; 738; 230; 456; 0; 125; 3; 29; 230; 0; 0; 65; 58; 0; 0; 0; 0; 0; 146; 460; 2; 2; 155; 2; 12; 10; 0; 0; 9999
1987;05; 0; 0; 0; 0; 291; 273; 8; 6; 143; 5; 0; 2; 3; 2; 18; 115; 2; 98; 3; 68; 188; 45; 2; 3; 166; 2; 1; 3; 141; 2; 2
1987;06; 2; 2; 5; 4; 4; 2; 293; 141; 1; 0; 5; 4; 2; 10; 278; 236; 15; 0; 2; 2; 3; 4; 122; 23; 0; 4; 2; 2; 5; 4; 9999
1987;07; 3; 3; 0; 0; 0; 0; 3; 4; 3; 95; 2; 3; 5; 3; 3; 3; 2; 2; 3; 3; 3; 0; 0; 3; 2; 2; 3; 3; 3; 0; 2
1987;08; 3; 5; 2; 1; 0; 2; 19; 2; 2; 0; 0; 0; 0; 0; 0; 0; 0; 6; 7; 0; 0; 0; 0; 0; 0; 0; 0; 0; 0; 0; 0
1987;09; 7; 0; 0; 8; 6; 178; 0; 0; 0; 0; 92; 3; 18; 0; 0; 0; 119; 158; 122; 6; 8; 272; 3; 18; 77; 3; 0; 62; 2; 0; 9999
1987;10; 0; 78; 62; 0; 0; 586; 5; 2; 2; 0; 0; 0; 0; 0; 0; 0; 15; 38; 6; 98; 110; 25; 2; 3; 66; 0; 0; 319; 220; 0; 0
1987;11; 0; 0; 0; 0; 0; 0; 0; 0; 0; 0; 26; 2; 0; 0; 8; 352; 13; 0; 0; 0; 0; 245; 0; 0; 0; 68; 50; 0; 0; 0; 9999
1987;12; 0; 99; 68; 357; 25; 22; 50; 56; 42; 93; 109; 113; 120; 292; 0; 0; 0; 17; 550; 206; 450; 44; 7; 0; 0; 0; 196; 31; 6; 5; 182
1988;01; 203; 186; 117; 125; 14; 86; 87; 136; 215; 350; 62; 2; 65; 0; 0; 175; 163; 0; 62; 0; 0; 0; 0; 0; 362; 0; 0; 16; 282; 8; 17
1988;02; 122; 0; 0; 25; 286; 51; 35; 292; 38; 17; 110; 36; 50; 8; 267; 208; 39; 316; 139; 200; 31; 125; 0; 0; 0; 22; 8; 151; 0; 9999; 9999
1988;03; 55; 128; 296; 25; 230; 2; 85; 22; 3; 2; 0; 0; 0; 0; 0; 0; 908; 297; 996; 0; 0; 0; 3; 2; 2; 2; 3; 0; 2; 2; 2
1988;04; 23; 27; 66; 3; 35; 18; 0; 93; 26; 2; 2; 282; 98; 76; 2; 0; 0; 0; 0; 27; 0; 0; 17; 2; 0; 0; 11; 188; 19; 3; 9999
1988;05; 0; 2; 0; 0; 158; 60; 1; 2; 8; 3; 2; 3; 21; 115; 2; 132; 10; 277; 18; 7; 2; 15; 84; 58; 136; 2; 0; 0; 3; 387; 35
1988;06; 0; 2; 2; 106; 5; 3; 2; 2; 3; 2; 0; 0; 3; 86; 55; 0; 0; 2; 3; 2; 0; 0; 0; 0; 3; 38; 5; 2; 0; 0; 9999
1988;07; 0; 0; 2; 3; 3; 2; 0; 0; 0; 0; 0; 0; 0; 0; 0; 0; 0; 0; 0; 0; 0; 0; 0; 0; 0; 3; 2; 0; 0; 0; 0
1988;08; 0; 0; 2; 2; 0; 0; 0; 0; 0; 0; 0; 0; 0; 0; 0; 0; 0; 0; 0; 0; 0; 0; 0; 0; 0; 0; 0; 0; 0; 0; 0
1988;09; 0; 0; 0; 0; 0; 0; 0; 0; 0; 0; 0; 0; 0; 0; 95; 8; 5; 209; 7; 0; 0; 0; 13; 0; 0; 0; 0; 0; 22; 9; 9999
1988;10; 0; 0; 0; 0; 47; 82; 0; 0; 0; 0; 0; 0; 582; 10; 0; 0; 0; 192; 6; 190; 188; 16; 5; 32; 0; 186; 92; 31; 0; 0; 9
1988;11; 35; 166; 2; 6; 82; 88; 0; 252; 2; 0; 0; 0; 0; 528; 65; 163; 0; 0; 0; 0; 18; 0; 23; 21; 0; 0; 76; 0; 0; 0; 9999
1988;12; 0; 75; 92; 3; 0; 0; 0; 0; 0; 8; 0; 28; 0; 145; 112; 5; 0; 0; 0; 0; 436; 135; 113; 632; 100; 35; 23; 3; 0; 90; 25
1989;01; 117; 68; 27; 128; 43; 60; 179; 35; 46; 345; 26; 523; 95; 100; 125; 80; 0; 54; 48; 87; 2; 41; 0; 247; 0; 0; 0; 25; 0; 0; 0
1989;02; 0; 0; 118; 26; 93; 111; 3; 75; 83; 191; 128; 42; 6; 578; 407; 156; 0; 0; 0; 78; 0; 37; 3; 0; 156; 290; 0; 0; 9999; 9999; 9999
1989;03; 18; 216; 118; 52; 218; 2; 2; 0; 123; 0; 0; 0; 0; 775; 20; 85; 0; 155; 0; 0; 0; 0; 0; 0; 0; 0; 0; 36; 0; 0; 0
1989;04; 68; 82; 36; 17; 0; 0; 0; 0; 88; 0; 0; 185; 0; 0; 0; 0; 0; 0; 0; 153; 0; 0; 0; 0; 0; 0; 0; 0; 0; 0; 9999
1989;05; 0; 215; 0; 0; 0; 93; 2; 21; 8; 0; 0; 0; 0; 0; 0; 0; 0; 0; 0; 0; 0; 0; 0; 0; 0; 89; 8; 22; 0; 0; 0
1989;06; 0; 0; 0; 0; 0; 0; 0; 0; 15; 0; 61; 265; 0; 2; 2; 2; 2; 1; 0; 0; 0; 0; 0; 0; 76; 8; 0; 0; 0; 0; 9999
1989;07; 0; 0; 0; 0; 0; 12; 2; 0; 0; 0; 0; 0; 0; 0; 0; 0; 0; 0; 0; 0; 0; 0; 0; 0; 0; 0; 89; 158; 87; 16; 165
1989;08; 0; 0; 0; 0; 0; 0; 13; 0; 0; 0; 0; 0; 0; 0; 0; 0; 0; 0; 0; 0; 0; 0; 76; 0; 0; 142; 2; 18; 0; 0; 0
1989;09; 0; 45; 0; 0; 0; 9; 0; 0; 245; 33; 0; 0; 238; 51; 10; 0; 0; 0; 0; 0; 0; 0; 0; 0; 0; 82; 236; 48; 26; 0; 9999
1989;10; 0; 0; 0; 0; 0; 0; 0; 0; 0; 0; 0; 136; 0; 0; 0; 65; 0; 0; 0; 16; 0; 0; 42; 0; 0; 0; 0; 47; 0; 0; 0
1989;11; 0; 0; 0; 186; 2; 0; 0; 0; 0; 205; 60; 8; 112; 0; 0; 0; 0; 158; 0; 58; 0; 20; 160; 28; 100; 2; 0; 0; 0; 86; 9999
1989;12; 60; 0; 0; 0; 8; 0; 0; 0; 0; 0; 0; 116; 71; 528; 296; 55; 0; 0; 0; 689; 114; 0; 0; 0; 0; 12; 203; 125; 27; 70; 83
1990;01; 220; 370; 68; 2; 76; 3; 76; 0; 0; 0; 0; 15; 55; 0; 0; 25; 0; 0; 0; 0; 0; 26; 22; 63; 0; 0; 958; 56; 0; 0; 0
1990;02; 0; 0; 0; 0; 0; 255; 0; 0; 0; 0; 332; 23; 252; 340; 25; 0; 0; 0; 0; 0; 0; 0; 1205; 63; 284; 325; 8; 247; 9999; 9999; 9999
1990;03; 288; 3; 5; 0; 68; 0; 72; 0; 0; 68; 0; 397; 82; 0; 0; 5; 82; 110; 6; 92; 3; 120; 185; 21; 76; 250; 6; 225; 0; 0; 0
1990;04; 0; 0; 0; 120; 0; 176; 0; 73; 21; 262; 0; 0; 0; 0; 25; 0; 0; 120; 82; 36; 0; 0; 0; 0; 0; 0; 0; 0; 0; 0; 9999
1990;05; 45; 186; 0; 0; 0; 0; 56; 0; 47; 0; 0; 88; 2; 0; 0; 71; 160; 20; 2; 2; 0; 0; 0; 0; 0; 0; 0; 0; 0; 0; 0
1990;06; 0; 0; 0; 0; 0; 0; 0; 0; 0; 0; 0; 0; 0; 0; 0; 0; 0; 0; 0; 0; 0; 0; 0; 0; 0; 0; 0; 0; 0; 0; 9999
1990;07; 0; 0; 0; 0; 0; 122; 0; 0; 0; 0; 108; 12; 9; 0; 18; 0; 100; 40; 68; 59; 3; 23; 0; 0; 0; 16; 0; 52; 4; 0; 0
1990;08; 0; 0; 0; 0; 0; 0; 0; 0; 0; 0; 0; 0; 0; 0; 0; 0; 130; 108; 0; 360; 18; 22; 1; 3; 0; 0; 0; 46; 10; 0; 0
1990;09; 0; 100; 2; 3; 0; 0; 0; 0; 0; 0; 0; 0; 58; 206; 95; 8; 0; 0; 0; 0; 0; 0; 0; 365; 16; 2; 0; 0; 0; 3; 9999
1990;10; 65; 100; 33; 246; 3; 52; 0; 0; 0; 0; 0; 31; 173; 0; 0; 150; 92; 33; 2; 83; 27; 0; 0; 0; 62; 41; 0; 0; 12; 0; 22
1990;11; 0; 71; 66; 0; 0; 56; 3; 0; 106; 0; 0; 0; 0; 0; 0; 0; 0; 0; 18; 0; 0; 0; 0; 181; 0; 0; 0; 360; 2; 0; 9999
1990;12; 0; 0; 0; 0; 0; 0; 0; 166; 3; 0; 35; 41; 250; 20; 120; 33; 12; 0; 63; 65; 86; 0; 0; 2; 147; 30; 10; 61; 0; 105; 0
1991;01; 0; 0; 22; 136; 87; 0; 0; 0; 0; 66; 31; 275; 14; 88; 60; 472; 36; 2; 33; 8; 5; 0; 0; 0; 28; 180; 336; 5; 13; 0; 0
1991;02; 56; 85; 66; 78; 25; 382; 658; 55; 16; 87; 62; 5; 2; 0; 0; 65; 37; 92; 610; 23; 0; 0; 93; 8; 0; 0; 0; 45; 9999; 9999; 9999
1991;03; 0; 100; 107; 8; 507; 75; 53; 385; 0; 0; 0; 10; 36; 228; 53; 0; 0; 0; 0; 5; 108; 132; 3; 0; 55; 65; 252; 306; 332; 223; 75
1991;04; 2; 0; 63; 0; 48; 2; 2; 0; 0; 0; 0; 0; 0; 22; 81; 360; 0; 0; 16; 0; 0; 0; 0; 0; 0; 362; 153; 91; 0; 15; 9999
1991;05; 0; 0; 0; 0; 0; 0; 3; 58; 0; 0; 0; 0; 0; 0; 0; 61; 0; 0; 0; 0; 8; 0; 50; 0; 0; 0; 0; 0; 0; 0; 0
1991;06; 0; 0; 0; 0; 0; 0; 0; 0; 0; 0; 0; 0; 0; 0; 0; 0; 35; 0; 0; 0; 0; 0; 33; 45; 203; 0; 0; 0; 0; 26; 9999
1991;07; 8; 0; 0; 0; 0; 0; 0; 0; 0; 0; 0; 15; 21; 72; 8; 0; 0; 0; 0; 0; 0; 0; 0; 0; 0; 0; 0; 0; 0; 0; 0
1991;08; 0; 0; 50; 0; 0; 0; 0; 55; 33; 0; 0; 0; 0; 0; 0; 0; 0; 0; 0; 0; 0; 0; 0; 0; 0; 0; 0; 0; 0; 0; 0
1991;09; 0; 22; 0; 0; 0; 0; 0; 0; 0; 0; 0; 0; 0; 0; 0; 0; 0; 0; 0; 128; 0; 0; 0; 0; 0; 216; 0; 0; 112; 145; 9999
1991;10; 490; 2; 360; 2; 6; 0; 695; 5; 32; 380; 85; 0; 0; 0; 0; 0; 0; 0; 0; 7; 12; 0; 0; 0; 0; 0; 33; 82; 0; 0; 3
1991;11; 0; 78; 140; 0; 0; 0; 0; 0; 363; 45; 0; 0; 273; 608; 64; 42; 0; 0; 0; 0; 0; 0; 0; 0; 0; 0; 0; 0; 0; 75; 9999
1991;12; 505; 23; 0; 0; 0; 72; 173; 0; 0; 314; 75; 2; 83; 0; 0; 180; 235; 155; 218; 136; 0; 0; 63; 0; 3; 78; 166; 758; 2; 506; 0
1992;01; 145; 0; 76; 162; 23; 0; 0; 0; 0; 42; 0; 3; 267; 32; 0; 8; 170; 265; 92; 7; 33; 562; 277; 380; 3; 4; 76; 2; 700; 62; 215
1992;02; 46; 0; 0; 0; 0; 67; 150; 110; 0; 0; 0; 0; 0; 0; 0; 0; 0; 0; 0; 131; 16; 0; 0; 0; 0; 67; 120; 128; 0; 9999; 9999
1992;03; 0; 73; 36; 62; 210; 12; 116; 80; 0; 696; 0; 0; 9; 45; 0; 0; 360; 54; 383; 178; 5; 0; 0; 0; 0; 55; 26; 8; 0; 28; 25
1992;04; 158; 0; 0; 0; 0; 0; 0; 7; 13; 25; 0; 0; 0; 215; 112; 0; 0; 0; 0; 0; 0; 66; 0; 0; 166; 652; 273; 0; 0; 0; 9999
1992;05; 0; 192; 0; 560; 75; 0; 0; 0; 47; 0; 0; 0; 0; 0; 38; 0; 0; 0; 40; 145; 48; 0; 140; 28; 0; 0; 0; 0; 0; 0; 0
1992;06; 88; 0; 0; 0; 0; 0; 0; 0; 0; 0; 0; 0; 0; 0; 0; 0; 0; 0; 0; 0; 0; 0; 0; 0; 0; 0; 0; 0; 0; 0; 9999
1992;07; 0; 0; 40; 0; 0; 0; 5; 245; 338; 235; 136; 0; 0; 0; 0; 0; 0; 0; 0; 0; 0; 0; 0; 20; 110; 8; 0; 0; 0; 0; 0
1992;08; 0; 0; 0; 0; 0; 0; 0; 0; 0; 0; 0; 0; 56; 0; 0; 0; 0; 0; 0; 17; 0; 88; 56; 60; 0; 0; 0; 0; 27; 0; 0
1992;09; 0; 0; 0; 0; 42; 133; 308; 0; 0; 0; 0; 76; 175; 0; 32; 123; 18; 330; 0; 0; 0; 0; 0; 0; 0; 145; 13; 462; 0; 0; 9999
1992;10; 0; 0; 150; 76; 0; 0; 0; 172; 337; 112; 0; 45; 380; 0; 0; 0; 345; 6; 150; 25; 0; 28; 0; 0; 190; 0; 0; 80; 75; 43; 3
1992;11; 148; 240; 0; 3; 142; 58; 200; 94; 195; 92; 0; 0; 0; 0; 0; 62; 105; 16; 0; 0; 61; 50; 100; 31; 110; 33; 135; 62; 0; 0; 9999
1992;12; 0; 128; 0; 0; 0; 0; 0; 108; 25; 596; 442; 635; 283; 0; 0; 0; 0; 263; 290; 0; 16; 0; 0; 0; 0; 0; 0; 0; 130; 0; 0
1993;01; 0; 63; 445; 0; 0; 38; 92; 0; 0; 56; 122; 148; 56; 0; 0; 0; 100; 46; 365; 430; 125; 6; 0; 0; 0; 98; 510; 0; 126; 0; 0
1993;02; 95; 0; 34; 778; 7; 42; 16; 0; 0; 20; 85; 33; 150; 5; 1245; 236; 0; 0; 0; 0; 23; 240; 3; 46; 75; 56; 84; 86; 9999; 9999; 9999
1993;03; 5; 0; 0; 113; 510; 0; 0; 0; 0; 18; 140; 266; 10; 55; 0; 0; 37; 250; 33; 110; 258; 0; 0; 333; 96; 0; 100; 44; 196; 142; 5
1993;04; 85; 43; 32; 64; 0; 0; 0; 0; 152; 0; 0; 0; 0; 0; 0; 0; 0; 0; 0; 0; 0; 0; 285; 480; 175; 0; 0; 0; 0; 0; 9999
1993;05; 0; 0; 0; 48; 0; 80; 0; 0; 0; 0; 0; 0; 0; 0; 48; 0; 0; 0; 0; 0; 0; 0; 0; 0; 0; 0; 0; 0; 0; 0; 206
1993;06; 77; 38; 0; 0; 0; 90; 253; 0; 0; 0; 127; 15; 62; 0; 0; 0; 0; 0; 65; 0; 0; 0; 0; 0; 0; 0; 0; 0; 0; 0; 9999
1993;07; 0; 0; 0; 0; 0; 0; 0; 0; 0; 0; 0; 0; 0; 0; 38; 162; 0; 0; 0; 0; 0; 0; 0; 0; 0; 0; 13; 17; 0; 0; 0
1993;08; 0; 0; 42; 0; 0; 0; 0; 0; 0; 0; 0; 0; 0; 0; 0; 0; 0; 0; 0; 0; 0; 0; 0; 22; 100; 0; 0; 0; 0; 0; 0
1993;09; 0; 0; 0; 0; 0; 0; 0; 0; 25; 0; 130; 110; 0; 0; 16; 165; 84; 0; 0; 0; 78; 300; 12; 252; 51; 0; 93; 48; 0; 0; 9999
1993;10; 0; 50; 0; 430; 300; 3; 0; 0; 0; 0; 0; 0; 0; 0; 0; 0; 135; 36; 0; 382; 0; 232; 45; 150; 77; 0; 0; 0; 0; 0; 0
1993;11; 0; 0; 46; 0; 0; 21; 0; 0; 100; 0; 0; 0; 0; 0; 0; 0; 0; 62; 570; 95; 0; 0; 0; 28; 0; 567; 346; 0; 0; 0; 9999
1993;12; 0; 36; 0; 0; 48; 0; 0; 100; 42; 0; 630; 418; 0; 0; 0; 0; 0; 46; 68; 75; 173; 0; 0; 0; 155; 2; 80; 141; 193; 82; 166
1994;01; 372; 860; 66; 52; 66; 0; 0; 0; 273; 252; 0; 0; 26; 155; 227; 3; 0; 0; 108; 100; 257; 0; 62; 0; 0; 0; 72; 85; 30; 144; 322
1994;02; 0; 80; 0; 0; 0; 0; 20; 10; 515; 0; 0; 100; 0; 288; 0; 0; 0; 28; 0; 0; 0; 0; 0; 0; 0; 28; 6; 465; 9999; 9999; 9999
1994;03; 45; 160; 155; 0; 0; 0; 123; 2; 42; 0; 50; 315; 24; 26; 140; 0; 150; 0; 125; 228; 9; 162; 140; 0; 0; 11; 340; 0; 0; 0; 0
1994;04; 88; 5; 156; 0; 0; 0; 0; 55; 47; 0; 0; 0; 47; 122; 228; 0; 0; 0; 61; 55; 0; 0; 30; 21; 42; 0; 0; 0; 106; 0; 9999
1994;05; 0; 0; 0; 0; 0; 0; 0; 0; 0; 0; 94; 0; 0; 490; 693; 288; 0; 0; 0; 0; 0; 0; 0; 0; 0; 0; 30; 191; 2; 26; 0
1994;06; 0; 0; 0; 0; 32; 0; 0; 0; 28; 20; 0; 0; 0; 0; 0; 0; 7; 0; 0; 0; 0; 0; 175; 0; 0; 0; 0; 0; 0; 0; 9999
1994;07; 0; 0; 0; 0; 0; 0; 0; 0; 70; 0; 0; 0; 0; 0; 0; 0; 0; 0; 0; 0; 0; 0; 0; 175; 0; 0; 0; 0; 0; 0; 0
1994;08; 0; 0; 0; 0; 0; 0; 0; 0; 0; 0; 0; 0; 0; 0; 0; 0; 0; 0; 0; 0; 0; 0; 0; 0; 0; 0; 0; 0; 0; 0; 0
1994;09; 0; 0; 0; 0; 55; 0; 0; 0; 0; 0; 0; 0; 0; 0; 0; 0; 0; 0; 0; 0; 0; 0; 0; 0; 0; 0; 0; 63; 0; 0; 9999
1994;10; 0; 0; 0; 0; 0; 0; 15; 40; 0; 0; 0; 0; 0; 0; 0; 6; 5; 72; 36; 0; 205; 0; 0; 0; 0; 0; 186; 220; 162; 5; 28
1994;11; 0; 0; 0; 0; 0; 18; 40; 28; 0; 0; 0; 0; 128; 26; 0; 0; 295; 28; 396; 200; 0; 0; 0; 0; 0; 0; 0; 8; 175; 38; 9999
1994;12; 0; 0; 0; 0; 175; 21; 112; 83; 0; 24; 0; 0; 0; 0; 0; 252; 225; 126; 225; 0; 0; 26; 520; 326; 0; 0; 0; 56; 0; 0; 36
1995;01; 150; 27; 190; 128; 0; 40; 0; 0; 0; 0; 0; 15; 0; 0; 95; 0; 0; 0; 225; 350; 226; 137; 0; 0; 0; 16; 0; 47; 200; 488; 0
1995;02; 313; 0; 252; 705; 600; 0; 155; 252; 223; 24; 127; 585; 251; 102; 213; 28; 421; 7; 182; 75; 228; 0; 0; 0; 0; 0; 0; 0; 9999; 9999; 9999
1995;03; 0; 66; 0; 145; 0; 0; 0; 0; 0; 147; 15; 0; 342; 706; 0; 73; 0; 0; 0; 167; 300; 315; 24; 0; 265; 15; 37; 0; 0; 455; 100
1995;04; 55; 0; 0; 0; 0; 0; 0; 0; 0; 0; 0; 33; 12; 0; 0; 0; 0; 0; 0; 158; 0; 25; 175; 0; 0; 0; 0; 0; 0; 0; 9999
1995;05; 0; 0; 72; 0; 0; 0; 110; 43; 0; 0; 378; 0; 0; 0; 0; 0; 16; 115; 112; 0; 0; 42; 0; 0; 0; 125; 0; 0; 0; 0; 0
1995;06; 0; 0; 0; 0; 0; 0; 0; 0; 0; 0; 0; 0; 0; 0; 0; 0; 0; 0; 40; 22; 0; 0; 0; 0; 0; 46; 0; 0; 0; 20; 9999
1995;07; 0; 0; 0; 0; 0; 0; 0; 0; 126; 330; 44; 0; 0; 0; 0; 0; 0; 0; 0; 0; 25; 108; 0; 0; 0; 0; 0; 0; 0; 0; 0
1995;08; 0; 0; 0; 0; 32; 177; 0; 0; 0; 0; 0; 0; 0; 0; 0; 0; 36; 0; 0; 0; 0; 0; 0; 0; 0; 0; 0; 0; 0; 0; 0
1995;09; 0; 0; 0; 0; 0; 0; 0; 0; 0; 0; 0; 0; 0; 0; 0; 0; 0; 38; 5; 120; 31; 0; 0; 0; 23; 0; 355; 0; 475; 6; 9999
1995;10; 0; 75; 0; 0; 0; 0; 175; 0; 0; 18; 0; 0; 0; 555; 275; 37; 636; 135; 6; 115; 366; 100; 0; 0; 0; 0; 0; 0; 28; 232; 524
1995;11; 107; 215; 0; 0; 0; 0; 66; 255; 0; 0; 700; 326; 622; 31; 127; 90; 0; 0; 256; 0; 13; 0; 0; 216; 285; 58; 0; 60; 0; 0; 9999
1995;12; 0; 0; 0; 0; 207; 123; 0; 0; 0; 0; 0; 0; 455; 273; 0; 0; 0; 0; 133; 126; 0; 0; 145; 118; 56; 592; 156; 210; 83; 51; 92
1996;01; 0; 210; 172; 500; 73; 76; 350; 586; 20; 6; 0; 0; 0; 0; 0; 0; 0; 0; 92; 100; 192; 120; 0; 508; 0; 165; 0; 155; 236; 0; 3
1996;02; 33; 0; 0; 100; 0; 0; 212; 328; 0; 295; 120; 628; 184; 8; 300; 0; 0; 7; 29; 31; 0; 406; 80; 0; 0; 0; 213; 60; 0; 9999; 9999
1996;03; 0; 0; 333; 86; 0; 406; 40; 125; 120; 126; 48; 22; 81; 123; 0; 745; 10; 330; 155; 0; 17; 92; 0; 0; 0; 0; 0; 162; 0; 0; 0
1996;04; 495; 0; 0; 0; 0; 0; 0; 0; 0; 0; 8; 182; 58; 0; 0; 0; 52; 81; 0; 0; 0; 0; 0; 0; 0; 0; 0; 45; 0; 0; 9999
1996;05; 0; 0; 30; 0; 0; 0; 0; 0; 0; 0; 0; 13; 0; 0; 0; 126; 166; 0; 12; 0; 0; 8; 2; 0; 17; 0; 0; 0; 0; 0; 0
1996;06; 0; 0; 0; 0; 0; 0; 0; 0; 0; 0; 0; 0; 0; 0; 0; 0; 0; 0; 0; 0; 0; 0; 0; 0; 0; 0; 0; 50; 151; 0; 9999
1996;07; 0; 0; 0; 0; 0; 0; 0; 0; 0; 0; 0; 0; 0; 0; 0; 0; 0; 0; 0; 0; 0; 0; 0; 0; 0; 0; 0; 0; 0; 0; 0
1996;08; 0; 0; 0; 0; 0; 0; 0; 0; 0; 0; 47; 65; 5; 10; 200; 0; 0; 0; 0; 0; 0; 0; 0; 0; 0; 0; 0; 0; 3; 0; 0
1996;09; 0; 62; 0; 260; 0; 175; 86; 0; 0; 220; 415; 196; 0; 0; 0; 0; 0; 0; 0; 0; 0; 0; 0; 0; 0; 75; 0; 0; 10; 0; 9999
1996;10; 0; 0; 0; 110; 0; 0; 0; 0; 5; 0; 30; 0; 0; 32; 486; 0; 0; 0; 0; 0; 210; 142; 0; 93; 5; 86; 155; 0; 0; 0; 0
1996;11; 154; 6; 230; 151; 0; 0; 0; 0; 0; 0; 0; 0; 48; 51; 36; 5; 8; 165; 0; 158; 565; 194; 32; 51; 0; 0; 0; 0; 0; 0; 9999
1996;12; 0; 100; 250; 155; 11; 31; 2; 23; 0; 0; 0; 628; 66; 8; 0; 0; 233; 5; 15; 31; 0; 30; 65; 46; 0; 0; 0; 0; 13; 0; 0
1997;01; 0; 42; 140; 25; 86; 45; 0; 746; 8; 23; 240; 246; 15; 146; 144; 95; 120; 455; 0; 0; 76; 0; 22; 0; 20; 55; 110; 155; 8; 10; 6
1997;02; 110; 25; 0; 0; 0; 0; 0; 0; 0; 140; 0; 0; 0; 0; 46; 90; 52; 0; 115; 0; 0; 26; 100; 0; 12; 71; 63; 6; 9999; 9999; 9999
1997;03; 0; 10; 68; 25; 18; 0; 0; 77; 0; 0; 0; 0; 0; 0; 0; 350; 89; 0; 32; 0; 345; 88; 0; 0; 0; 0; 0; 0; 0; 5; 10
1997;04; 95; 0; 0; 0; 0; 0; 0; 0; 0; 0; 0; 0; 12; 0; 0; 0; 0; 0; 390; 0; 0; 0; 150; 6; 0; 0; 0; 0; 13; 0; 9999
1997;05; 0; 0; 0; 0; 13; 0; 0; 0; 0; 73; 0; 0; 0; 0; 0; 0; 0; 0; 0; 0; 0; 0; 58; 0; 300; 0; 0; 0; 110; 0; 0
1997;06; 0; 0; 0; 0; 6; 130; 0; 0; 0; 0; 0; 30; 0; 0; 35; 150; 0; 0; 0; 0; 122; 0; 0; 0; 0; 0; 0; 0; 0; 0; 9999
1997;07; 0; 0; 0; 0; 0; 0; 0; 0; 0; 0; 0; 0; 0; 0; 0; 0; 0; 0; 0; 0; 0; 128; 0; 0; 0; 0; 0; 0; 0; 0; 0
1997;08; 0; 0; 0; 0; 0; 27; 0; 0; 0; 0; 0; 0; 0; 0; 0; 0; 0; 0; 0; 0; 0; 0; 0; 0; 151; 0; 0; 0; 0; 0; 0
1997;09; 0; 0; 0; 0; 0; 78; 0; 0; 0; 0; 0; 0; 0; 15; 237; 92; 0; 0; 0; 0; 90; 0; 0; 0; 0; 45; 6; 0; 0; 295; 9999
1997;10; 0; 46; 0; 0; 0; 0; 0; 8; 0; 0; 0; 0; 0; 0; 0; 185; 96; 0; 0; 0; 261; 125; 0; 0; 0; 45; 200; 0; 0; 0; 75
1997;11; 0; 0; 0; 92; 75; 0; 0; 100; 0; 0; 0; 0; 0; 0; 1000; 160; 516; 284; 75; 8; 0; 90; 185; 176; 573; 0; 12; 100; 95; 0; 9999
1997;12; 0; 76; 80; 0; 195; 0; 0; 0; 52; 0; 0; 191; 200; 15; 10; 66; 75; 84; 37; 18; 0; 0; 0; 0; 0; 204; 0; 0; 118; 0; 0
