33
Ano,Mes,1,2,3,4,5,6,7,8,9,10,11,12,13,14,15,16,17,18,19,20,21,22,23,24,25,26,27,28,29,30,31
1972;11; 0; 5; 177; 237; 106; 12; 0; 0; 0; 0; 103; 42; 11; 115; 195; 3; 367; 209; 42; 125; 0; 0; 19; 2; 170; 166; 35; 3; 2; 10; 9999
1972;12; 5; 0; 18; 131; 12; 27; 262; 2; 1; 35; 215; 19; 4; 95; 0; 0; 0; 0; 57; 128; 0; 0; 473; 95; 309; 30; 208; 22; 84; 30; 89
1973;01; 0; 76; 81; 5; 3; 25; 31; 0; 184; 450; 146; 10; 36; 0; 209; 203; 951; 96; 6; 87; 1; 249; 38; 60; 21; 202; 7; 12; 2; 112; 2
1973;02; 79; 49; 90; 447; 115; 130; 276; 0; 2; 0; 8; 114; 19; 12; 14; 143; 417; 182; 38; 0; 0; 0; 0; 15; 128; 0; 516; 21; 9999; 9999; 9999
1973;03; 27; 0; 0; 2; 36; 1; 1; 0; 325; 80; 0; 122; 0; 2; 0; 0; 0; 207; 0; 2; 122; 79; 123; 110; 15; 23; 2; 2; 0; 5; 462
1973;04; 260; 88; 13; 1; 59; 0; 6; 35; 64; 0; 31; 11; 102; 2; 63; 65; 151; 0; 59; 0; 2; 186; 2; 2; 8; 1; 0; 3; 1; 1; 9999
1973;05; 0; 1; 1; 1; 55; 30; 34; 20; 10; 75; 24; 202; 0; 0; 14; 2; 0; 0; 1; 1; 1; 115; 31; 1; 1; 3; 3; 4; 0; 1; 1
1973;06; 1; 0; 0; 0; 0; 0; 0; 0; 0; 0; 0; 0; 0; 0; 0; 0; 0; 0; 45; 0; 0; 0; 0; 0; 0; 4; 0; 117; 7; 0; 9999
1973;07; 0; 0; 167; 12; 0; 0; 0; 0; 3; 0; 0; 0; 0; 0; 0; 0; 0; 0; 53; 40; 0; 95; 0; 93; 6; 0; 0; 93; 12; 0; 0
1973;08; 0; 0; 0; 0; 0; 66; 0; 0; 0; 0; 0; 0; 0; 0; 0; 0; 0; 0; 0; 0; 0; 0; 0; 0; 0; 0; 0; 0; 0; 0; 0
1973;09; 0; 203; 143; 0; 0; 0; 2; 0; 0; 16; 0; 0; 0; 0; 90; 0; 0; 0; 0; 0; 0; 128; 0; 0; 3; 74; 12; 0; 0; 0; 9999
1973;10; 0; 0; 0; 0; 0; 0; 78; 0; 248; 10; 135; 318; 106; 10; 0; 0; 0; 0; 201; 10; 0; 0; 0; 56; 459; 8; 76; 32; 0; 15; 456
1973;11; 317; 109; 227; 0; 0; 25; 0; 0; 0; 0; 0; 0; 75; 116; 7; 0; 0; 148; 132; 0; 0; 0; 93; 0; 65; 0; 0; 0; 0; 0; 9999
1973;12; 0; 32; 3; 451; 170; 188; 282; 202; 31; 9; 0; 22; 76; 25; 0; 107; 285; 663; 293; 140; 117; 354; 0; 60; 74; 220; 67; 2; 10; 52; 637
1974;01; 108; 10; 29; 8; 0; 194; 4; 48; 144; 36; 300; 134; 224; 275; 127; 585; 10; 38; 28; 2; 0; 3; 27; 286; 5; 78; 66; 100; 80; 0; 70
1974;02; 11; 152; 0; 0; 4; 0; 0; 0; 0; 0; 0; 38; 17; 0; 0; 22; 0; 112; 8; 367; 38; 0; 7; 0; 158; 0; 0; 0; 9999; 9999; 9999
1974;03; 0; 0; 2; 0; 0; 4; 42; 70; 16; 28; 31; 60; 48; 28; 0; 71; 0; 2; 34; 243; 141; 197; 20; 93; 128; 28; 0; 0; 0; 0; 0
1974;04; 0; 5; 18; 151; 4; 17; 0; 0; 0; 0; 66; 139; 0; 124; 0; 0; 6; 2; 0; 5; 28; 0; 15; 0; 41; 120; 0; 0; 0; 0; 9999
1974;05; 34; 0; 0; 0; 0; 0; 0; 0; 0; 0; 0; 0; 32; 29; 0; 0; 0; 0; 0; 154; 12; 0; 0; 0; 0; 0; 21; 149; 0; 0; 2
1974;06; 0; 0; 0; 29; 18; 0; 0; 22; 0; 0; 19; 444; 36; 0; 0; 0; 0; 0; 0; 0; 2; 89; 17; 0; 88; 140; 175; 0; 0; 0; 9999
1974;07; 0; 0; 0; 0; 0; 0; 0; 0; 0; 0; 0; 0; 0; 0; 0; 0; 0; 0; 0; 0; 0; 0; 0; 0; 0; 0; 0; 0; 0; 0; 0
1974;08; 0; 0; 0; 0; 0; 0; 0; 0; 13; 0; 0; 0; 0; 0; 23; 12; 0; 0; 0; 0; 0; 0; 0; 0; 0; 0; 0; 0; 13; 0; 0
1974;09; 0; 0; 55; 0; 0; 0; 0; 0; 0; 0; 0; 0; 0; 0; 0; 0; 0; 0; 0; 44; 40; 0; 0; 0; 0; 0; 0; 0; 8; 6; 9999
1974;10; 0; 129; 34; 0; 86; 0; 0; 0; 2; 8; 0; 0; 52; 0; 0; 0; 0; 0; 44; 47; 8; 15; 0; 0; 92; 16; 19; 31; 122; 229; 0
1974;11; 0; 0; 0; 0; 0; 0; 110; 0; 0; 0; 165; 6; 0; 127; 0; 0; 0; 0; 0; 0; 334; 100; 140; 0; 0; 0; 0; 200; 44; 80; 9999
1974;12; 108; 10; 51; 43; 65; 128; 6; 0; 0; 6; 164; 0; 0; 184; 100; 25; 50; 272; 115; 36; 3; 200; 176; 670; 213; 76; 47; 3; 128; 503; 89
1975;01; 120; 318; 69; 0; 0; 54; 73; 0; 5; 43; 6; 105; 175; 133; 63; 0; 0; 19; 0; 33; 70; 0; 51; 87; 69; 32; 0; 10; 0; 35; 29
1975;02; 271; 171; 271; 126; 172; 37; 2; 97; 138; 145; 0; 0; 0; 0; 4; 180; 0; 0; 140; 96; 16; 124; 164; 136; 19; 212; 8; 154; 9999; 9999; 9999
1975;03; 131; 20; 33; 1; 82; 1; 0; 493; 50; 0; 42; 6; 0; 29; 0; 0; 0; 0; 0; 0; 0; 176; 104; 4; 67; 21; 7; 0; 0; 0; 107
1975;04; 344; 5; 57; 70; 19; 0; 0; 0; 0; 10; 52; 0; 0; 0; 0; 149; 0; 0; 0; 0; 0; 0; 0; 0; 0; 0; 0; 0; 0; 0; 9999
1975;05; 0; 0; 0; 258; 0; 127; 145; 35; 0; 0; 0; 0; 0; 0; 0; 0; 0; 0; 0; 0; 0; 36; 0; 0; 3; 0; 0; 0; 0; 0; 0
1975;06; 0; 0; 0; 0; 18; 0; 55; 0; 0; 0; 0; 0; 0; 0; 55; 0; 0; 0; 0; 0; 0; 0; 0; 0; 0; 0; 0; 0; 0; 0; 9999
1975;07; 0; 0; 0; 208; 0; 12; 0; 0; 0; 0; 0; 0; 0; 0; 0; 0; 10; 45; 0; 0; 0; 0; 0; 0; 0; 0; 0; 0; 0; 0; 0
1975;08; 0; 0; 0; 0; 0; 0; 0; 0; 0; 0; 0; 0; 0; 0; 0; 0; 0; 0; 0; 0; 0; 0; 0; 0; 0; 0; 0; 0; 0; 0; 0
1975;09; 0; 0; 0; 0; 0; 0; 0; 0; 0; 0; 0; 0; 0; 0; 0; 0; 0; 0; 0; 0; 0; 0; 0; 25; 12; 0; 89; 90; 0; 0; 9999
1975;10; 209; 0; 170; 225; 9; 82; 13; 51; 0; 0; 0; 361; 2; 0; 69; 0; 0; 57; 317; 13; 0; 0; 0; 0; 0; 0; 0; 0; 0; 153; 169
1975;11; 63; 122; 70; 0; 0; 0; 158; 5; 0; 61; 0; 97; 0; 0; 13; 0; 27; 6; 84; 30; 425; 4; 0; 0; 57; 485; 258; 8; 115; 128; 9999
1975;12; 275; 0; 11; 2; 0; 15; 2; 0; 286; 193; 0; 106; 314; 317; 198; 0; 0; 59; 117; 1; 0; 17; 20; 11; 143; 550; 456; 16; 121; 50; 31
1976;01; 1; 0; 94; 33; 6; 0; 42; 48; 50; 186; 172; 72; 0; 24; 0; 254; 49; 74; 38; 0; 28; 9; 63; 0; 0; 14; 150; 47; 97; 0; 25
1976;02; 83; 116; 189; 50; 14; 292; 290; 268; 804; 21; 0; 0; 1; 1; 0; 28; 109; 34; 2; 116; 6; 219; 292; 184; 7; 80; 405; 244; 176; 9999; 9999
1976;03; 67; 79; 0; 3; 2; 0; 0; 22; 116; 38; 139; 165; 9; 6; 21; 31; 24; 287; 10; 350; 1; 69; 4; 0; 317; 194; 156; 334; 0; 0; 0
1976;04; 0; 0; 0; 21; 17; 0; 0; 2; 0; 115; 76; 318; 250; 94; 2; 0; 0; 0; 0; 0; 0; 0; 166; 0; 0; 0; 0; 0; 0; 35; 9999
1976;05; 7; 0; 0; 0; 40; 12; 0; 0; 0; 53; 0; 102; 23; 0; 0; 0; 0; 0; 85; 131; 0; 115; 0; 0; 148; 212; 0; 36; 548; 36; 0
1976;06; 0; 0; 0; 0; 0; 297; 0; 0; 0; 19; 15; 0; 6; 200; 20; 0; 0; 0; 0; 0; 0; 0; 0; 3; 0; 0; 0; 0; 0; 0; 9999
1976;07; 29; 94; 363; 762; 0; 0; 2; 6; 32; 227; 2; 0; 2; 0; 0; 2; 3; 3; 0; 0; 0; 69; 1; 0; 0; 2; 0; 0; 0; 0; 0
1976;08; 2; 0; 0; 0; 0; 98; 177; 0; 0; 79; 39; 95; 142; 180; 8; 0; 0; 0; 0; 83; 132; 2; 0; 0; 0; 0; 0; 0; 0; 4; 0
1976;09; 0; 5; 0; 0; 0; 165; 139; 316; 18; 0; 0; 0; 111; 154; 29; 324; 7; 0; 2; 2; 0; 0; 57; 3; 0; 0; 208; 364; 20; 0; 9999
1976;10; 0; 0; 0; 0; 0; 40; 0; 0; 0; 377; 0; 0; 0; 0; 0; 0; 0; 0; 69; 24; 6; 16; 88; 0; 78; 0; 41; 0; 8; 3; 0
1976;11; 4; 41; 0; 0; 63; 144; 0; 0; 0; 0; 36; 0; 69; 52; 0; 0; 220; 96; 469; 60; 352; 97; 0; 0; 0; 35; 138; 218; 26; 0; 9999
1976;12; 0; 278; 152; 8; 281; 95; 0; 0; 304; 11; 8; 61; 37; 250; 5; 62; 286; 275; 0; 73; 86; 98; 35; 1; 25; 249; 205; 87; 0; 5; 0
1977;01; 3; 53; 12; 31; 268; 364; 246; 0; 0; 0; 98; 0; 0; 0; 0; 27; 144; 57; 823; 241; 4; 0; 0; 0; 138; 86; 221; 166; 163; 381; 366
1977;02; 174; 17; 26; 11; 27; 0; 0; 49; 0; 0; 7; 0; 69; 0; 0; 0; 0; 0; 0; 0; 0; 0; 0; 55; 13; 0; 61; 0; 9999; 9999; 9999
1977;03; 0; 0; 16; 276; 6; 0; 10; 26; 0; 0; 37; 0; 0; 16; 0; 0; 4; 3; 336; 0; 40; 52; 113; 17; 0; 2; 150; 0; 209; 241; 17
1977;04; 55; 304; 3; 25; 122; 0; 0; 0; 18; 146; 5; 0; 0; 0; 0; 0; 0; 0; 338; 468; 277; 31; 112; 0; 2; 0; 3; 0; 0; 0; 9999
1977;05; 0; 0; 28; 57; 0; 0; 0; 0; 0; 0; 0; 0; 0; 0; 0; 0; 73; 32; 7; 0; 0; 0; 0; 0; 0; 0; 0; 0; 0; 0; 0
1977;06; 3; 0; 0; 13; 262; 121; 0; 0; 0; 0; 0; 0; 0; 0; 0; 0; 14; 0; 0; 0; 0; 0; 0; 0; 26; 39; 0; 0; 0; 0; 9999
1977;07; 0; 0; 0; 0; 0; 0; 0; 0; 0; 0; 0; 0; 0; 0; 0; 0; 0; 53; 15; 0; 0; 0; 0; 0; 45; 0; 0; 0; 0; 0; 0
1977;08; 0; 0; 0; 0; 0; 0; 0; 0; 0; 0; 0; 0; 0; 0; 0; 0; 0; 0; 0; 0; 0; 0; 0; 0; 0; 0; 0; 0; 0; 119; 90
1977;09; 0; 158; 0; 0; 0; 0; 98; 82; 4; 0; 0; 0; 0; 0; 0; 0; 0; 2; 115; 12; 188; 0; 0; 139; 199; 0; 0; 0; 0; 5; 9999
1977;10; 4; 479; 107; 0; 0; 46; 0; 19; 0; 0; 0; 0; 22; 148; 0; 0; 3; 43; 116; 0; 0; 0; 0; 0; 0; 0; 0; 26; 67; 0; 0
1977;11; 0; 37; 0; 27; 36; 0; 25; 0; 0; 0; 0; 0; 80; 8; 383; 331; 61; 0; 7; 4; 0; 14; 57; 138; 77; 38; 0; 67; 39; 268; 9999
1977;12; 160; 185; 437; 77; 0; 123; 0; 24; 0; 22; 96; 34; 11; 103; 0; 0; 0; 0; 177; 423; 193; 294; 157; 28; 0; 0; 40; 0; 0; 0; 0
1978;01; 4; 26; 60; 0; 62; 24; 259; 67; 69; 53; 414; 236; 50; 12; 85; 201; 78; 2; 0; 0; 0; 91; 28; 12; 0; 0; 0; 0; 0; 31; 184
1978;02; 0; 0; 0; 0; 11; 82; 246; 0; 0; 0; 0; 290; 241; 62; 305; 72; 106; 163; 100; 0; 0; 285; 34; 0; 0; 0; 0; 31; 9999; 9999; 9999
1978;03; 0; 0; 0; 233; 278; 150; 148; 946; 55; 0; 0; 0; 0; 78; 21; 0; 0; 0; 0; 0; 0; 0; 0; 0; 0; 136; 47; 31; 0; 114; 3
1978;04; 19; 35; 0; 0; 0; 0; 0; 0; 0; 0; 456; 0; 0; 0; 0; 0; 0; 0; 0; 0; 42; 17; 149; 27; 0; 0; 0; 0; 0; 0; 9999
1978;05; 18; 29; 2; 0; 0; 0; 0; 0; 0; 0; 0; 0; 0; 0; 0; 0; 284; 54; 38; 0; 129; 216; 0; 0; 0; 0; 0; 0; 26; 38; 59
1978;06; 17; 0; 0; 0; 0; 0; 0; 0; 524; 40; 0; 0; 0; 0; 0; 0; 0; 0; 0; 0; 0; 7; 91; 0; 0; 0; 0; 0; 0; 0; 9999
1978;07; 0; 0; 0; 0; 0; 0; 0; 0; 0; 0; 0; 0; 0; 0; 0; 231; 2; 0; 51; 0; 49; 49; 78; 0; 0; 0; 0; 0; 0; 0; 0
1978;08; 0; 0; 0; 0; 0; 0; 0; 0; 0; 0; 0; 0; 0; 0; 36; 0; 0; 0; 0; 0; 0; 0; 0; 12; 0; 0; 0; 0; 0; 0; 27
1978;09; 13; 54; 16; 3; 0; 67; 0; 0; 0; 0; 0; 0; 0; 0; 0; 13; 21; 4; 0; 0; 0; 0; 0; 0; 0; 0; 0; 0; 0; 7; 9999
1978;10; 0; 5; 0; 0; 0; 0; 0; 0; 0; 0; 58; 0; 0; 38; 113; 0; 188; 13; 296; 121; 0; 0; 0; 0; 0; 0; 0; 55; 7; 20; 5
1978;11; 328; 2; 0; 454; 190; 209; 0; 0; 0; 0; 406; 233; 180; 0; 0; 8; 48; 0; 0; 167; 76; 61; 147; 363; 0; 0; 11; 494; 0; 5; 9999
1978;12; 0; 0; 0; 0; 0; 0; 122; 163; 249; 532; 52; 0; 0; 0; 0; 100; 29; 37; 16; 0; 0; 0; 0; 29; 42; 0; 773; 422; 189; 146; 283
1979;01; 2; 114; 76; 11; 25; 0; 0; 0; 33; 0; 0; 178; 68; 0; 0; 0; 0; 0; 0; 13; 693; 502; 11; 29; 0; 7; 252; 3; 186; 251; 18
1979;02; 0; 5; 5; 0; 107; 289; 0; 0; 6; 80; 3; 19; 339; 258; 502; 6; 0; 93; 57; 29; 29; 30; 117; 0; 0; 0; 100; 0; 9999; 9999; 9999
1979;03; 0; 151; 189; 0; 0; 119; 12; 21; 0; 251; 0; 29; 25; 477; 118; 44; 0; 0; 0; 44; 7; 0; 0; 97; 171; 52; 25; 0; 0; 0; 0
1979;04; 0; 2; 0; 132; 198; 119; 64; 12; 0; 0; 0; 0; 0; 0; 0; 0; 0; 0; 114; 0; 0; 0; 2; 236; 198; 20; 0; 45; 192; 119; 9999
1979;05; 0; 0; 0; 170; 406; 5; 0; 66; 0; 0; 0; 0; 0; 6; 96; 0; 0; 0; 0; 0; 0; 0; 0; 53; 0; 0; 0; 0; 0; 174; 20
1979;06; 0; 0; 0; 0; 0; 0; 0; 0; 0; 6; 0; 0; 0; 0; 0; 0; 0; 0; 0; 0; 0; 0; 0; 0; 0; 0; 0; 0; 0; 0; 9999
1979;07; 0; 0; 0; 12; 0; 0; 0; 0; 14; 41; 14; 4; 0; 0; 0; 0; 5; 0; 0; 377; 65; 0; 0; 0; 55; 40; 3; 0; 0; 0; 0
1979;08; 0; 0; 0; 0; 0; 0; 0; 0; 0; 0; 0; 0; 151; 0; 216; 0; 0; 0; 132; 159; 13; 9; 0; 0; 0; 0; 153; 0; 0; 0; 0
1979;09; 0; 0; 65; 11; 0; 40; 0; 0; 0; 0; 0; 75; 0; 188; 169; 232; 3; 195; 47; 0; 0; 0; 59; 15; 3; 0; 0; 0; 0; 0; 9999
1979;10; 0; 0; 49; 99; 2; 0; 0; 197; 301; 0; 0; 0; 2; 22; 128; 31; 0; 0; 0; 0; 0; 0; 0; 0; 0; 0; 11; 71; 0; 12; 128
1979;11; 216; 212; 592; 301; 0; 0; 0; 129; 88; 81; 451; 0; 0; 0; 137; 0; 0; 0; 39; 16; 0; 0; 371; 60; 282; 91; 72; 4; 0; 0; 9999
1979;12; 0; 60; 147; 56; 263; 0; 0; 0; 0; 13; 24; 188; 124; 95; 126; 18; 3; 0; 0; 5; 3; 42; 197; 18; 158; 188; 242; 0; 0; 0; 6
1980;01; 474; 19; 0; 0; 0; 0; 0; 27; 44; 384; 641; 66; 312; 14; 5; 0; 138; 424; 274; 77; 263; 89; 6; 2; 133; 43; 123; 4; 239; 0; 0
1980;02; 27; 755; 101; 104; 6; 0; 0; 152; 0; 0; 0; 0; 3; 219; 83; 22; 226; 229; 294; 23; 11; 59; 0; 3; 0; 0; 34; 145; 12; 9999; 9999
1980;03; 0; 0; 0; 0; 0; 0; 0; 0; 127; 0; 89; 78; 0; 73; 275; 66; 37; 0; 0; 0; 0; 0; 0; 0; 0; 0; 0; 0; 0; 0; 91
1980;04; 49; 0; 408; 837; 362; 39; 6; 105; 0; 88; 29; 103; 11; 257; 372; 130; 40; 0; 0; 0; 0; 0; 0; 0; 0; 0; 0; 0; 0; 0; 9999
1980;05; 0; 5; 123; 45; 0; 0; 0; 0; 0; 0; 0; 8; 0; 0; 0; 0; 0; 0; 0; 0; 0; 0; 11; 0; 0; 0; 0; 0; 0; 0; 0
1980;06; 0; 0; 10; 0; 0; 0; 0; 0; 0; 0; 0; 0; 0; 121; 0; 0; 0; 0; 0; 0; 0; 34; 0; 0; 0; 496; 230; 0; 0; 0; 9999
1980;07; 0; 0; 0; 0; 0; 0; 0; 0; 0; 0; 0; 0; 0; 0; 0; 0; 0; 0; 0; 0; 0; 0; 12; 0; 0; 0; 0; 0; 0; 0; 19
1980;08; 0; 0; 0; 0; 0; 0; 51; 0; 0; 0; 0; 0; 0; 0; 0; 64; 0; 95; 5; 0; 0; 0; 0; 85; 38; 34; 171; 13; 0; 0; 0
1980;09; 0; 0; 0; 0; 0; 0; 0; 0; 0; 0; 90; 2; 0; 0; 0; 20; 0; 153; 171; 0; 231; 90; 3; 0; 0; 0; 0; 0; 31; 0; 9999
1980;10; 0; 0; 0; 0; 0; 0; 0; 78; 118; 2; 0; 324; 126; 73; 37; 0; 0; 0; 15; 0; 0; 0; 0; 0; 0; 2; 2; 0; 7; 47; 2
1980;11; 5; 0; 0; 0; 0; 10; 44; 193; 180; 145; 114; 233; 0; 0; 0; 0; 0; 0; 0; 226; 22; 2; 1; 186; 201; 0; 0; 0; 113; 168; 9999
1980;12; 724; 291; 50; 37; 309; 109; 2; 120; 137; 5; 12; 2; 138; 406; 34; 2; 0; 74; 0; 0; 0; 282; 2; 9; 67; 43; 52; 93; 164; 216; 567
1981;01; 0; 100; 221; 276; 61; 15; 184; 47; 175; 37; 138; 481; 478; 300; 723; 562; 78; 0; 16; 0; 20; 72; 8; 79; 11; 765; 4; 10; 9; 0; 0
1981;02; 10; 0; 11; 0; 0; 306; 5; 360; 217; 296; 94; 44; 14; 0; 0; 0; 0; 0; 0; 0; 0; 114; 0; 77; 0; 121; 0; 0; 9999; 9999; 9999
1981;03; 0; 0; 3; 34; 129; 99; 40; 208; 154; 32; 111; 0; 0; 0; 0; 44; 315; 75; 104; 7; 0; 36; 0; 0; 0; 8; 22; 182; 314; 263; 1
1981;04; 0; 0; 22; 0; 0; 94; 0; 0; 0; 0; 0; 0; 0; 0; 0; 24; 94; 442; 4; 0; 0; 0; 0; 5; 6; 29; 0; 15; 2; 16; 9999
1981;05; 0; 0; 0; 0; 22; 0; 0; 0; 0; 24; 4; 0; 0; 0; 0; 0; 13; 0; 0; 7; 160; 0; 0; 0; 0; 0; 0; 3; 22; 11; 0
1981;06; 0; 0; 0; 0; 0; 0; 445; 24; 0; 0; 0; 0; 0; 0; 0; 154; 211; 46; 7; 0; 9; 4; 0; 0; 0; 0; 0; 0; 0; 0; 9999
1981;07; 0; 0; 102; 127; 10; 3; 0; 0; 0; 0; 0; 0; 0; 0; 0; 0; 0; 0; 4; 34; 3; 0; 0; 0; 88; 22; 0; 0; 0; 0; 0
1981;08; 0; 0; 0; 0; 0; 0; 0; 0; 0; 2; 38; 3; 0; 74; 3; 0; 0; 175; 0; 0; 0; 0; 0; 0; 0; 0; 0; 0; 0; 0; 0
1981;09; 17; 0; 0; 25; 0; 0; 0; 0; 0; 0; 0; 0; 0; 0; 0; 0; 0; 0; 0; 0; 0; 0; 0; 0; 0; 14; 128; 12; 9; 64; 9999
1981;10; 29; 0; 0; 13; 11; 56; 108; 191; 0; 3; 45; 7; 66; 3; 3; 325; 0; 0; 0; 534; 3; 0; 0; 0; 8; 44; 38; 197; 59; 321; 116
1981;11; 17; 90; 106; 385; 132; 0; 0; 609; 337; 336; 136; 40; 34; 137; 154; 15; 0; 0; 0; 19; 248; 0; 0; 0; 63; 2; 39; 0; 67; 13; 9999
1981;12; 29; 4; 21; 0; 91; 8; 275; 183; 216; 604; 51; 51; 54; 0; 2; 46; 619; 271; 0; 32; 0; 0; 74; 23; 84; 6; 31; 119; 10; 0; 0
1982;01; 5; 1192; 430; 37; 87; 44; 0; 198; 35; 109; 206; 497; 4; 0; 0; 0; 0; 0; 0; 0; 328; 162; 489; 380; 0; 0; 4; 47; 173; 104; 0
1982;02; 6; 32; 95; 0; 292; 55; 308; 179; 2; 105; 0; 0; 0; 0; 0; 0; 145; 0; 122; 0; 0; 2; 54; 50; 122; 138; 0; 47; 9999; 9999; 9999
1982;03; 382; 219; 9; 3; 0; 0; 12; 8; 191; 487; 390; 272; 122; 86; 85; 27; 55; 75; 81; 24; 0; 38; 322; 129; 8; 20; 279; 160; 63; 40; 109
1982;04; 25; 26; 0; 14; 0; 0; 0; 0; 0; 0; 0; 3; 68; 0; 338; 186; 0; 0; 0; 0; 0; 0; 0; 0; 0; 0; 0; 0; 52; 0; 9999
1982;05; 0; 0; 0; 3; 0; 0; 0; 0; 0; 0; 0; 0; 0; 0; 0; 0; 0; 21; 0; 164; 0; 0; 0; 0; 41; 531; 5; 0; 0; 0; 0
1982;06; 72; 0; 0; 0; 0; 24; 0; 0; 0; 0; 0; 0; 93; 0; 0; 15; 49; 47; 0; 0; 0; 7; 292; 73; 87; 112; 70; 0; 36; 20; 9999
1982;07; 183; 3; 0; 0; 0; 0; 0; 2; 0; 0; 0; 0; 7; 95; 0; 0; 0; 0; 208; 35; 3; 0; 0; 0; 0; 0; 0; 0; 0; 82; 3
1982;08; 0; 0; 0; 0; 19; 27; 0; 0; 0; 0; 139; 104; 0; 0; 0; 0; 0; 0; 15; 0; 0; 0; 0; 21; 137; 0; 0; 5; 7; 94; 7
1982;09; 0; 0; 0; 0; 0; 0; 112; 0; 0; 0; 0; 0; 0; 0; 0; 0; 0; 0; 4; 9; 0; 0; 0; 0; 0; 0; 0; 116; 0; 0; 9999
1982;10; 0; 6; 258; 0; 11; 127; 0; 49; 39; 0; 225; 0; 424; 114; 0; 2; 0; 0; 8; 0; 49; 64; 0; 0; 12; 64; 0; 158; 416; 126; 30
1982;11; 0; 0; 0; 0; 13; 0; 59; 12; 17; 164; 100; 118; 0; 0; 125; 1; 9; 0; 0; 246; 84; 61; 68; 64; 0; 33; 209; 0; 4; 28; 9999
1982;12; 120; 51; 307; 34; 5; 6; 176; 130; 21; 0; 108; 253; 89; 101; 120; 115; 239; 99; 40; 71; 50; 92; 142; 174; 153; 5; 64; 7; 13; 37; 131
1983;01; 411; 120; 135; 0; 73; 242; 70; 0; 23; 0; 9; 21; 125; 134; 212; 256; 225; 282; 158; 402; 314; 42; 71; 50; 23; 304; 0; 24; 0; 0; 41
1983;02; 463; 696; 191; 188; 0; 3; 160; 25; 412; 59; 57; 148; 104; 131; 39; 0; 0; 213; 0; 0; 0; 0; 0; 0; 107; 60; 49; 2; 9999; 9999; 9999
1983;03; 0; 4; 254; 338; 12; 100; 729; 765; 3; 0; 0; 0; 17; 45; 2; 0; 0; 0; 148; 187; 26; 164; 5; 216; 68; 0; 0; 119; 2; 0; 0
1983;04; 0; 17; 1; 0; 0; 112; 688; 16; 0; 0; 0; 54; 96; 10; 3; 0; 0; 0; 0; 0; 60; 238; 0; 0; 236; 6; 3; 0; 161; 8; 9999
1983;05; 0; 0; 8; 15; 2; 0; 0; 0; 17; 0; 0; 0; 178; 275; 11; 0; 0; 22; 2; 110; 4; 3; 0; 168; 3; 0; 0; 0; 545; 284; 507
1983;06; 34; 98; 254; 157; 108; 169; 455; 0; 17; 266; 2; 285; 10; 3; 0; 0; 0; 0; 0; 3; 0; 0; 0; 0; 0; 0; 0; 46; 174; 5; 9999
1983;07; 0; 2; 0; 0; 0; 0; 0; 0; 0; 0; 0; 0; 0; 0; 0; 0; 0; 113; 198; 45; 295; 3; 0; 0; 0; 0; 0; 0; 0; 0; 0
1983;08; 0; 142; 7; 0; 0; 0; 0; 0; 0; 0; 0; 0; 0; 0; 0; 0; 0; 0; 0; 0; 39; 0; 0; 0; 0; 0; 0; 0; 0; 0; 0
1983;09; 0; 0; 37; 38; 6; 608; 147; 131; 103; 0; 0; 9; 169; 0; 0; 348; 24; 160; 259; 19; 2; 36; 247; 413; 224; 0; 0; 0; 0; 0; 9999
1983;10; 0; 155; 79; 11; 108; 180; 354; 0; 0; 0; 0; 0; 25; 234; 178; 8; 0; 93; 103; 6; 0; 4; 149; 396; 0; 0; 0; 0; 0; 0; 16
1983;11; 284; 21; 121; 16; 160; 0; 0; 0; 0; 34; 125; 449; 50; 0; 157; 8; 0; 0; 0; 255; 33; 167; 34; 0; 0; 0; 0; 0; 60; 20; 9999
1983;12; 27; 309; 251; 0; 0; 130; 5; 101; 26; 63; 4; 167; 228; 630; 506; 6; 242; 123; 68; 11; 23; 126; 169; 278; 111; 57; 66; 137; 53; 0; 0
1984;01; 204; 0; 410; 27; 3; 115; 4; 2; 0; 167; 5; 0; 0; 0; 0; 0; 0; 0; 0; 119; 135; 64; 137; 33; 120; 21; 389; 65; 15; 14; 4
1984;02; 0; 0; 0; 91; 0; 0; 35; 38; 44; 0; 14; 0; 0; 0; 24; 15; 32; 109; 0; 0; 0; 5; 0; 0; 0; 168; 0; 0; 135; 9999; 9999
1984;03; 53; 14; 22; 21; 15; 18; 0; 179; 0; 32; 30; 0; 0; 0; 0; 61; 0; 0; 45; 60; 29; 128; 13; 0; 0; 0; 2; 8; 0; 38; 221
1984;04; 0; 0; 0; 186; 14; 0; 1; 30; 0; 4; 0; 0; 0; 0; 0; 11; 26; 0; 185; 164; 10; 0; 0; 0; 4; 0; 70; 51; 0; 22; 9999
1984;05; 58; 51; 165; 3; 192; 12; 0; 0; 0; 0; 0; 0; 0; 223; 35; 5; 137; 91; 0; 0; 0; 0; 0; 0; 0; 0; 0; 0; 0; 0; 0
1984;06; 0; 0; 0; 0; 0; 0; 0; 0; 0; 0; 0; 0; 0; 0; 0; 0; 0; 0; 0; 0; 0; 0; 0; 0; 0; 0; 0; 0; 0; 0; 9999
1984;07; 0; 0; 0; 3; 2; 0; 0; 0; 0; 0; 0; 0; 0; 0; 0; 0; 0; 0; 0; 0; 0; 0; 0; 0; 0; 0; 0; 130; 0; 13; 0
1984;08; 0; 0; 251; 234; 3; 0; 0; 0; 0; 0; 0; 0; 0; 0; 0; 0; 0; 0; 0; 9; 44; 8; 440; 208; 17; 193; 0; 0; 0; 0; 0
1984;09; 72; 59; 0; 0; 0; 0; 197; 12; 203; 0; 5; 0; 0; 0; 0; 0; 0; 0; 0; 0; 334; 0; 0; 0; 67; 0; 249; 92; 2; 0; 9999
1984;10; 0; 0; 0; 0; 0; 0; 0; 2; 20; 0; 11; 0; 0; 0; 0; 132; 0; 0; 44; 157; 0; 0; 4; 0; 169; 0; 0; 0; 0; 0; 0
1984;11; 0; 0; 0; 0; 0; 325; 6; 49; 0; 48; 203; 70; 109; 5; 0; 0; 82; 48; 49; 0; 198; 24; 11; 129; 149; 152; 76; 32; 0; 0; 9999
1984;12; 264; 260; 22; 36; 0; 28; 0; 343; 16; 38; 0; 3; 106; 211; 183; 7; 117; 336; 0; 0; 0; 17; 0; 0; 0; 300; 100; 87; 17; 283; 38
1985;01; 43; 195; 139; 234; 0; 0; 19; 243; 459; 3; 0; 0; 0; 3; 91; 58; 88; 155; 348; 72; 463; 46; 336; 32; 54; 152; 0; 2; 46; 89; 138
1985;02; 187; 244; 14; 6; 11; 17; 191; 72; 63; 44; 144; 33; 122; 326; 197; 3; 128; 229; 0; 0; 558; 129; 274; 118; 34; 144; 104; 148; 9999; 9999; 9999
1985;03; 92; 60; 25; 129; 4; 44; 71; 45; 42; 146; 199; 161; 3; 0; 36; 380; 448; 388; 25; 2; 2; 94; 7; 0; 0; 94; 33; 2; 92; 0; 0
1985;04; 49; 62; 0; 0; 96; 155; 28; 7; 30; 146; 0; 49; 3; 0; 0; 24; 212; 24; 84; 13; 0; 0; 0; 0; 0; 0; 11; 67; 0; 0; 9999
1985;05; 13; 39; 1; 0; 0; 0; 0; 0; 0; 34; 10; 3; 2; 0; 0; 0; 0; 0; 0; 0; 3; 248; 3; 0; 0; 0; 0; 0; 0; 0; 0
1985;06; 0; 0; 0; 113; 0; 0; 0; 0; 0; 31; 0; 0; 0; 0; 0; 0; 0; 0; 0; 0; 0; 0; 0; 0; 0; 0; 0; 0; 0; 0; 9999
1985;07; 0; 0; 0; 0; 0; 0; 46; 0; 0; 0; 0; 0; 0; 0; 0; 0; 0; 0; 0; 0; 0; 0; 0; 0; 0; 0; 0; 0; 0; 0; 0
1985;08; 0; 0; 0; 0; 0; 0; 0; 0; 0; 0; 0; 15; 0; 7; 0; 0; 0; 0; 0; 0; 0; 0; 92; 0; 0; 0; 0; 15; 2; 0; 248
1985;09; 128; 159; 0; 0; 239; 133; 48; 0; 0; 0; 0; 0; 0; 0; 0; 0; 0; 0; 0; 0; 27; 0; 0; 187; 7; 0; 0; 0; 5; 221; 9999
1985;10; 0; 0; 10; 0; 0; 0; 0; 34; 0; 6; 9; 0; 0; 0; 0; 0; 0; 0; 10; 0; 13; 0; 0; 5; 128; 0; 244; 0; 309; 59; 389
1985;11; 118; 54; 364; 106; 13; 0; 14; 0; 0; 0; 0; 0; 0; 0; 0; 0; 0; 0; 0; 0; 11; 52; 12; 68; 8; 88; 70; 120; 0; 25; 9999
1985;12; 0; 0; 77; 389; 41; 6; 0; 0; 0; 0; 0; 0; 0; 0; 74; 0; 9; 0; 0; 0; 19; 30; 458; 135; 309; 281; 1256; 266; 71; 20; 14
1986;01; 18; 58; 142; 0; 0; 202; 0; 3; 65; 54; 187; 352; 30; 74; 236; 194; 3; 101; 0; 0; 3; 28; 88; 33; 92; 49; 233; 9; 0; 0; 0
1986;02; 0; 0; 63; 25; 27; 26; 30; 75; 33; 50; 10; 58; 128; 0; 147; 65; 96; 72; 112; 139; 655; 188; 23; 0; 95; 47; 101; 80; 9999; 9999; 9999
1986;03; 0; 146; 251; 266; 133; 12; 139; 269; 123; 59; 33; 0; 3; 0; 4; 0; 0; 0; 24; 355; 3; 0; 0; 16; 53; 50; 162; 0; 46; 219; 17
1986;04; 0; 0; 0; 0; 0; 0; 196; 267; 107; 198; 25; 0; 0; 0; 333; 313; 2; 0; 0; 0; 0; 18; 157; 9; 0; 3; 32; 67; 43; 0; 9999
1986;05; 0; 0; 0; 0; 0; 0; 0; 63; 198; 330; 40; 209; 283; 0; 0; 0; 0; 0; 311; 0; 24; 0; 0; 0; 0; 3; 8; 0; 0; 0; 183
1986;06; 24; 0; 0; 0; 0; 0; 0; 0; 0; 0; 0; 0; 0; 0; 0; 0; 0; 0; 0; 0; 0; 0; 0; 0; 0; 47; 0; 0; 0; 0; 9999
1986;07; 0; 2; 34; 3; 53; 80; 16; 24; 0; 0; 0; 0; 0; 0; 0; 0; 0; 0; 0; 0; 0; 4; 210; 3; 12; 0; 0; 0; 0; 0; 0
1986;08; 145; 3; 0; 0; 0; 0; 0; 0; 0; 0; 0; 0; 113; 0; 2; 8; 35; 0; 12; 3; 171; 251; 19; 162; 27; 7; 0; 0; 0; 0; 0
1986;09; 0; 0; 0; 0; 0; 0; 0; 0; 0; 0; 0; 0; 0; 0; 0; 0; 0; 0; 0; 303; 42; 0; 0; 0; 0; 8; 67; 16; 94; 3; 9999
1986;10; 0; 0; 0; 0; 0; 0; 0; 0; 0; 0; 63; 0; 0; 0; 0; 0; 0; 0; 0; 40; 106; 247; 57; 0; 0; 0; 0; 163; 157; 0; 0
1986;11; 111; 0; 69; 20; 0; 12; 24; 6; 2; 28; 166; 252; 18; 0; 0; 0; 0; 0; 6; 0; 0; 0; 0; 80; 156; 15; 10; 4; 251; 225; 9999
1986;12; 53; 163; 35; 102; 138; 10; 89; 61; 189; 415; 2; 4; 97; 0; 405; 277; 223; 119; 0; 0; 78; 53; 97; 126; 157; 201; 491; 273; 52; 92; 20
1987;01; 23; 26; 97; 108; 6; 11; 22; 18; 0; 22; 18; 12; 291; 0; 36; 524; 617; 53; 81; 20; 159; 0; 11; 430; 321; 415; 173; 153; 91; 113; 1
1987;02; 0; 0; 107; 26; 18; 0; 8; 0; 0; 73; 4; 0; 49; 48; 124; 726; 340; 10; 28; 20; 0; 0; 2; 0; 17; 0; 204; 5; 9999; 9999; 9999
1987;03; 0; 101; 31; 0; 0; 0; 0; 15; 620; 314; 142; 0; 0; 0; 168; 20; 0; 7; 11; 0; 26; 21; 0; 0; 0; 0; 0; 0; 0; 0; 0
1987;04; 0; 0; 0; 251; 409; 555; 0; 29; 0; 132; 46; 0; 0; 10; 11; 0; 0; 0; 0; 0; 25; 167; 0; 0; 32; 36; 32; 0; 0; 0; 9999
1987;05; 0; 40; 0; 0; 271; 235; 33; 16; 178; 0; 0; 12; 0; 0; 0; 162; 0; 175; 5; 35; 157; 149; 0; 0; 116; 0; 0; 0; 140; 2; 0
1987;06; 0; 0; 0; 0; 0; 0; 124; 20; 0; 3; 0; 0; 0; 0; 85; 288; 11; 0; 4; 0; 0; 0; 84; 11; 0; 0; 0; 0; 0; 0; 9999
1987;07; 0; 0; 0; 0; 0; 0; 0; 0; 0; 97; 0; 0; 0; 0; 0; 0; 0; 0; 0; 0; 0; 0; 0; 0; 0; 0; 0; 0; 0; 0; 73
1987;08; 68; 0; 0; 0; 0; 0; 93; 0; 6; 0; 0; 0; 0; 0; 0; 0; 0; 9; 0; 0; 0; 5; 0; 0; 0; 0; 0; 0; 0; 0; 0
1987;09; 0; 0; 0; 73; 0; 133; 52; 0; 0; 0; 118; 39; 0; 0; 0; 0; 0; 381; 199; 0; 25; 497; 0; 73; 93; 0; 0; 70; 0; 0; 9999
1987;10; 0; 126; 0; 0; 0; 267; 47; 0; 0; 0; 0; 0; 0; 0; 0; 0; 8; 0; 10; 49; 84; 38; 2; 0; 258; 17; 0; 0; 74; 15; 0
1987;11; 0; 0; 0; 0; 0; 7; 15; 0; 14; 5; 0; 0; 0; 0; 79; 408; 80; 0; 0; 0; 0; 198; 26; 0; 47; 167; 78; 0; 0; 0; 9999
1987;12; 0; 0; 42; 56; 744; 364; 6; 20; 51; 31; 50; 108; 3; 480; 0; 11; 0; 64; 649; 9; 13; 57; 0; 0; 0; 0; 0; 45; 198; 8; 0
1988;01; 108; 3; 247; 0; 67; 302; 209; 240; 279; 494; 152; 0; 37; 13; 7; 0; 675; 13; 5; 0; 39; 0; 56; 0; 162; 1; 0; 0; 85; 0; 0
1988;02; 117; 16; 0; 201; 58; 20; 21; 110; 106; 157; 298; 131; 59; 1; 69; 0; 86; 265; 97; 376; 0; 361; 87; 2; 0; 8; 88; 66; 0; 9999; 9999
1988;03; 0; 173; 128; 29; 171; 0; 500; 77; 31; 0; 7; 0; 0; 0; 0; 0; 747; 594; 679; 0; 0; 0; 0; 0; 0; 0; 0; 0; 0; 0; 0
1988;04; 0; 31; 136; 0; 4; 0; 0; 189; 9; 3; 0; 274; 171; 313; 0; 0; 25; 0; 2; 10; 28; 57; 22; 5; 0; 0; 2; 134; 15; 7; 9999
1988;05; 0; 0; 0; 0; 27; 101; 0; 0; 80; 0; 0; 0; 74; 143; 0; 2; 0; 270; 68; 0; 0; 82; 170; 59; 366; 0; 0; 0; 0; 325; 48
1988;06; 0; 0; 0; 318; 184; 5; 0; 0; 0; 0; 0; 0; 0; 45; 115; 0; 0; 0; 0; 0; 0; 0; 0; 0; 7; 19; 0; 0; 0; 0; 9999
1988;07; 0; 0; 0; 0; 0; 0; 0; 0; 0; 0; 0; 0; 0; 26; 0; 0; 0; 0; 0; 0; 0; 0; 0; 0; 0; 0; 0; 0; 0; 0; 0
1988;08; 0; 0; 0; 0; 0; 0; 0; 0; 0; 0; 0; 0; 0; 0; 0; 0; 0; 0; 0; 0; 0; 0; 0; 0; 0; 0; 0; 0; 0; 0; 0
1988;09; 0; 0; 0; 0; 0; 0; 0; 0; 0; 0; 0; 0; 0; 0; 66; 0; 0; 271; 0; 0; 0; 0; 0; 0; 0; 0; 0; 0; 32; 0; 9999
1988;10; 0; 0; 0; 0; 157; 254; 0; 0; 0; 0; 0; 26; 450; 21; 0; 0; 0; 221; 17; 126; 119; 70; 7; 22; 0; 224; 96; 58; 9; 0; 6
1988;11; 130; 111; 0; 0; 11; 69; 19; 73; 0; 0; 0; 9; 0; 150; 63; 75; 0; 0; 0; 84; 42; 86; 114; 0; 0; 0; 89; 40; 0; 0; 9999
1988;12; 1; 46; 39; 9; 0; 0; 0; 0; 0; 62; 0; 348; 0; 11; 283; 3; 8; 0; 3; 48; 209; 106; 183; 339; 140; 124; 94; 43; 5; 1; 47
1989;01; 278; 48; 35; 107; 169; 247; 350; 237; 153; 282; 62; 166; 111; 279; 148; 81; 8; 40; 7; 38; 22; 0; 0; 31; 0; 0; 0; 24; 10; 0; 7
1989;02; 0; 123; 85; 259; 94; 134; 74; 100; 477; 476; 117; 99; 49; 203; 197; 166; 0; 17; 191; 165; 0; 0; 2; 6; 148; 336; 0; 0; 9999; 9999; 9999
1989;03; 139; 333; 0; 197; 25; 250; 44; 207; 110; 30; 0; 3; 0; 453; 200; 199; 15; 16; 0; 0; 0; 0; 0; 346; 0; 28; 26; 0; 58; 0; 2
1989;04; 7; 56; 139; 60; 0; 0; 0; 0; 61; 0; 0; 133; 40; 35; 0; 0; 0; 0; 3; 70; 0; 0; 0; 0; 0; 0; 0; 0; 0; 0; 9999
1989;05; 0; 93; 25; 5; 49; 69; 6; 32; 0; 0; 0; 0; 0; 0; 0; 0; 0; 0; 0; 0; 0; 2; 0; 0; 0; 14; 0; 99; 9; 0; 0
1989;06; 0; 0; 0; 0; 0; 0; 0; 0; 11; 0; 10; 196; 0; 0; 0; 0; 0; 0; 0; 0; 0; 0; 0; 0; 63; 72; 3; 0; 0; 0; 9999
1989;07; 0; 0; 0; 0; 0; 7; 0; 0; 4; 0; 0; 0; 0; 0; 0; 0; 0; 0; 4; 0; 5; 0; 0; 0; 0; 0; 93; 171; 63; 85; 403
1989;08; 0; 0; 0; 0; 0; 3; 0; 0; 0; 0; 0; 5; 3; 0; 0; 0; 0; 0; 0; 0; 0; 0; 105; 0; 0; 188; 0; 36; 0; 0; 0
1989;09; 5; 86; 0; 0; 0; 10; 11; 0; 321; 46; 0; 0; 58; 85; 20; 0; 0; 0; 0; 0; 0; 0; 0; 0; 3; 22; 276; 22; 23; 0; 9999
1989;10; 0; 0; 0; 52; 0; 0; 0; 0; 0; 5; 0; 177; 3; 0; 0; 35; 0; 0; 0; 0; 0; 5; 5; 0; 0; 0; 0; 6; 0; 0; 0
1989;11; 3; 0; 0; 95; 13; 0; 0; 0; 0; 331; 72; 53; 378; 3; 0; 0; 0; 215; 3; 58; 14; 66; 82; 7; 116; 0; 0; 0; 45; 0; 9999
1989;12; 59; 0; 0; 0; 0; 0; 0; 0; 0; 0; 58; 355; 150; 417; 1034; 169; 13; 117; 7; 168; 114; 0; 0; 0; 0; 0; 251; 72; 113; 80; 412
1990;01; 237; 621; 105; 182; 83; 113; 311; 0; 0; 81; 30; 81; 0; 25; 2; 0; 0; 0; 14; 1; 0; 91; 121; 2; 0; 7; 61; 0; 3; 0; 0
1990;02; 0; 0; 0; 0; 0; 12; 9; 4; 0; 112; 97; 6; 71; 38; 58; 10; 0; 0; 0; 0; 0; 0; 461; 32; 34; 880; 17; 364; 9999; 9999; 9999
1990;03; 344; 2; 21; 12; 0; 0; 36; 153; 5; 10; 6; 6; 0; 17; 60; 3; 32; 64; 103; 116; 34; 649; 71; 73; 95; 51; 59; 231; 0; 12; 0
1990;04; 0; 0; 0; 4; 30; 30; 15; 0; 27; 7; 2; 0; 0; 0; 10; 0; 0; 118; 96; 99; 0; 0; 0; 0; 11; 0; 0; 0; 0; 0; 9999
1990;05; 2; 129; 5; 0; 0; 0; 77; 0; 0; 0; 17; 25; 1; 0; 0; 115; 65; 70; 4; 0; 0; 0; 0; 0; 0; 0; 0; 0; 0; 0; 0
1990;06; 0; 0; 0; 0; 0; 0; 0; 0; 0; 0; 4; 0; 0; 0; 7; 0; 0; 0; 0; 0; 21; 17; 0; 0; 0; 0; 0; 0; 0; 0; 9999
1990;07; 4; 0; 0; 0; 0; 202; 0; 0; 0; 0; 77; 5; 3; 0; 2; 0; 247; 93; 158; 32; 0; 3; 13; 0; 0; 4; 0; 9; 0; 6; 0
1990;08; 0; 0; 0; 0; 0; 0; 0; 0; 0; 161; 0; 0; 0; 0; 0; 0; 190; 427; 12; 304; 7; 0; 0; 9; 0; 0; 0; 67; 3; 0; 0
1990;09; 22; 150; 0; 0; 0; 13; 0; 0; 0; 0; 0; 0; 42; 371; 97; 0; 0; 0; 0; 0; 0; 0; 20; 353; 0; 0; 0; 0; 0; 0; 9999
1990;10; 15; 295; 123; 0; 20; 4; 54; 64; 0; 0; 0; 147; 63; 0; 0; 363; 149; 37; 0; 246; 25; 12; 0; 0; 102; 34; 0; 0; 0; 0; 144
1990;11; 0; 26; 0; 0; 17; 32; 6; 0; 0; 0; 10; 6; 6; 0; 0; 0; 49; 0; 9; 0; 0; 0; 0; 47; 56; 43; 4; 248; 0; 0; 9999
1990;12; 0; 0; 0; 24; 0; 0; 0; 163; 6; 0; 168; 349; 28; 141; 238; 167; 56; 33; 0; 266; 20; 25; 22; 357; 37; 428; 103; 92; 0; 110; 0
1991;01; 0; 19; 94; 116; 129; 9; 0; 0; 6; 95; 150; 450; 15; 611; 274; 1289; 93; 15; 0; 5; 23; 0; 380; 0; 0; 181; 580; 57; 12; 238; 12
1991;02; 359; 70; 14; 82; 75; 46; 0; 138; 72; 189; 92; 2; 94; 0; 0; 4; 122; 2; 258; 0; 161; 16; 0; 36; 0; 0; 0; 0; 9999; 9999; 9999
1991;03; 452; 0; 31; 92; 114; 167; 62; 107; 31; 0; 53; 27; 57; 180; 49; 4; 0; 0; 0; 0; 4; 501; 156; 95; 43; 245; 153; 253; 636; 358; 202
1991;04; 97; 0; 0; 0; 93; 5; 0; 0; 19; 105; 0; 0; 46; 41; 58; 337; 0; 0; 111; 50; 0; 0; 0; 0; 19; 678; 267; 3; 0; 25; 9999
1991;05; 0; 0; 0; 0; 0; 0; 44; 73; 0; 0; 0; 0; 0; 0; 0; 98; 0; 0; 0; 0; 13; 0; 73; 0; 0; 0; 0; 0; 0; 0; 0
1991;06; 0; 0; 0; 0; 0; 0; 0; 0; 6; 72; 0; 0; 0; 0; 0; 0; 44; 0; 0; 0; 0; 11; 59; 14; 154; 0; 0; 0; 0; 32; 9999
1991;07; 0; 10; 0; 0; 0; 0; 0; 0; 0; 0; 0; 26; 0; 101; 0; 0; 0; 0; 0; 0; 0; 0; 0; 0; 0; 0; 0; 0; 0; 0; 0
1991;08; 0; 0; 2; 0; 0; 0; 0; 32; 18; 0; 0; 0; 0; 0; 0; 0; 0; 0; 0; 0; 0; 0; 0; 0; 0; 0; 0; 0; 0; 0; 0
1991;09; 0; 39; 48; 5; 0; 0; 0; 0; 0; 0; 0; 0; 0; 0; 0; 0; 0; 0; 0; 117; 0; 0; 0; 0; 0; 236; 0; 0; 134; 166; 9999
1991;10; 498; 7; 249; 0; 0; 0; 640; 11; 4; 74; 52; 0; 0; 0; 0; 0; 0; 85; 0; 268; 9; 0; 0; 0; 0; 0; 0; 0; 0; 86; 2
1991;11; 88; 89; 137; 0; 0; 0; 0; 0; 170; 15; 0; 22; 75; 43; 2; 4; 5; 0; 0; 0; 0; 0; 0; 0; 0; 0; 0; 0; 7; 115; 9999
1991;12; 181; 108; 0; 0; 0; 43; 83; 17; 37; 201; 128; 111; 2; 0; 46; 405; 100; 144; 44; 171; 0; 0; 47; 0; 64; 50; 31; 363; 0; 121; 15
1992;01; 289; 43; 176; 53; 44; 0; 0; 0; 0; 76; 4; 109; 86; 12; 0; 6; 204; 126; 53; 21; 0; 346; 432; 400; 0; 33; 0; 0; 7; 10; 139
1992;02; 273; 9; 20; 16; 61; 50; 158; 196; 74; 12; 0; 0; 0; 143; 0; 0; 0; 6; 13; 0; 38; 0; 0; 131; 0; 101; 107; 104; 13; 9999; 9999
1992;03; 0; 101; 70; 28; 42; 0; 28; 0; 27; 99; 3; 6; 120; 39; 0; 16; 195; 158; 243; 33; 0; 0; 0; 87; 0; 258; 8; 0; 0; 173; 65
1992;04; 27; 0; 24; 0; 0; 0; 0; 2; 0; 0; 0; 0; 0; 427; 234; 5; 205; 0; 0; 0; 16; 21; 6; 0; 35; 2; 49; 15; 0; 5; 9999
1992;05; 0; 203; 0; 507; 21; 13; 22; 3; 0; 0; 0; 0; 0; 0; 22; 0; 0; 0; 2; 188; 0; 0; 94; 37; 0; 0; 0; 0; 0; 0; 0
1992;06; 0; 0; 0; 0; 0; 0; 0; 0; 0; 0; 0; 0; 0; 0; 0; 0; 0; 0; 0; 0; 0; 0; 0; 0; 0; 0; 0; 0; 0; 0; 9999
1992;07; 0; 0; 0; 0; 0; 0; 42; 241; 862; 63; 0; 0; 0; 0; 0; 0; 0; 0; 0; 0; 0; 0; 0; 5; 32; 0; 0; 0; 0; 0; 0
1992;08; 0; 0; 0; 0; 0; 0; 0; 0; 0; 0; 0; 0; 54; 25; 0; 0; 0; 0; 5; 7; 0; 101; 127; 65; 0; 0; 0; 0; 17; 4; 0
1992;09; 0; 12; 0; 4; 6; 3; 234; 0; 0; 2; 0; 79; 137; 0; 10; 374; 12; 299; 10; 0; 0; 0; 0; 0; 0; 162; 13; 458; 0; 0; 9999
1992;10; 0; 17; 334; 9; 0; 0; 75; 78; 261; 20; 0; 35; 428; 0; 0; 0; 0; 7; 106; 0; 25; 0; 0; 15; 0; 0; 0; 202; 110; 114; 76
1992;11; 20; 2; 132; 16; 77; 90; 280; 45; 0; 148; 77; 25; 0; 154; 0; 19; 166; 18; 0; 0; 3; 69; 89; 0; 324; 35; 144; 18; 0; 0; 9999
1992;12; 40; 546; 24; 0; 0; 0; 0; 262; 0; 260; 162; 238; 107; 0; 0; 15; 51; 200; 68; 0; 0; 325; 0; 0; 12; 136; 0; 0; 0; 10; 24
1993;01; 0; 0; 73; 67; 0; 9; 39; 32; 44; 78; 141; 76; 53; 3; 0; 0; 0; 109; 134; 102; 88; 168; 50; 103; 38; 187; 6; 16; 3; 8; 97
1993;02; 0; 3; 0; 411; 137; 98; 115; 78; 150; 5; 393; 31; 95; 64; 463; 526; 154; 0; 249; 0; 60; 96; 13; 50; 289; 251; 58; 102; 9999; 9999; 9999
1993;03; 60; 46; 0; 61; 8; 2; 0; 15; 0; 13; 74; 151; 269; 34; 0; 41; 5; 28; 102; 68; 311; 16; 0; 267; 10; 0; 0; 33; 0; 6; 142
1993;04; 0; 15; 163; 61; 0; 10; 0; 0; 299; 0; 0; 0; 0; 0; 0; 0; 0; 0; 0; 0; 0; 5; 0; 75; 112; 0; 0; 0; 0; 0; 9999
1993;05; 26; 17; 73; 26; 56; 121; 0; 0; 0; 0; 0; 0; 0; 0; 60; 0; 0; 0; 0; 0; 0; 0; 0; 0; 0; 0; 0; 0; 0; 0; 564
1993;06; 29; 2; 0; 0; 0; 168; 0; 0; 27; 0; 75; 6; 0; 0; 0; 0; 0; 0; 198; 0; 0; 0; 0; 0; 0; 0; 0; 0; 0; 0; 9999
1993;07; 0; 0; 0; 0; 0; 0; 0; 0; 0; 0; 0; 0; 0; 0; 24; 142; 0; 0; 0; 0; 0; 0; 0; 0; 0; 0; 0; 0; 0; 0; 0
1993;08; 0; 0; 11; 28; 0; 0; 0; 0; 0; 0; 7; 0; 0; 0; 0; 0; 2; 0; 0; 0; 0; 0; 0; 51; 164; 0; 0; 0; 0; 0; 0
1993;09; 0; 0; 0; 0; 0; 0; 0; 0; 19; 0; 89; 36; 0; 0; 12; 218; 108; 0; 0; 0; 98; 345; 34; 244; 56; 89; 33; 184; 0; 4; 9999
1993;10; 0; 137; 5; 4; 186; 37; 5; 0; 0; 0; 0; 0; 0; 0; 0; 15; 79; 0; 38; 11; 0; 572; 3; 136; 46; 0; 13; 0; 0; 0; 0
1993;11; 0; 0; 4; 0; 0; 28; 74; 27; 54; 14; 0; 0; 0; 0; 0; 0; 0; 28; 87; 145; 0; 0; 0; 19; 0; 495; 106; 12; 0; 0; 9999
1993;12; 0; 26; 10; 107; 50; 0; 0; 228; 15; 11; 50; 92; 0; 6; 136; 92; 25; 133; 2; 95; 37; 0; 0; 0; 145; 5; 4; 0; 123; 116; 241
1994;01; 12; 84; 0; 44; 9; 0; 0; 13; 307; 430; 0; 0; 22; 54; 210; 3; 0; 52; 15; 18; 75; 12; 210; 0; 54; 18; 6; 277; 68; 0; 0
1994;02; 0; 0; 0; 0; 0; 270; 10; 127; 66; 0; 4; 106; 0; 0; 2; 0; 0; 23; 43; 0; 0; 0; 0; 0; 0; 0; 0; 97; 9999; 9999; 9999
1994;03; 50; 154; 61; 20; 0; 7; 43; 27; 4; 258; 136; 42; 171; 17; 33; 401; 125; 0; 139; 70; 125; 2; 178; 0; 19; 39; 503; 5; 0; 41; 97
1994;04; 178; 139; 0; 0; 0; 0; 0; 20; 78; 0; 0; 0; 0; 147; 127; 19; 0; 0; 74; 63; 0; 0; 7; 31; 0; 0; 22; 0; 0; 0; 9999
1994;05; 0; 0; 0; 0; 0; 0; 0; 0; 0; 0; 0; 0; 0; 304; 655; 218; 0; 0; 0; 0; 0; 0; 0; 0; 0; 0; 33; 251; 10; 0; 0
1994;06; 0; 0; 0; 0; 52; 0; 0; 0; 17; 0; 0; 0; 0; 0; 0; 0; 0; 0; 0; 0; 0; 0; 256; 0; 19; 26; 0; 0; 0; 0; 9999
1994;07; 0; 0; 0; 0; 0; 0; 0; 0; 80; 0; 0; 0; 0; 0; 0; 0; 0; 0; 0; 0; 0; 0; 0; 350; 0; 0; 0; 0; 0; 0; 0
1994;08; 0; 0; 0; 0; 0; 0; 0; 0; 0; 0; 0; 0; 0; 0; 0; 0; 0; 0; 0; 0; 0; 0; 0; 0; 0; 0; 0; 0; 0; 0; 0
1994;09; 0; 0; 0; 4; 10; 0; 0; 0; 3; 0; 0; 0; 0; 0; 0; 0; 0; 0; 0; 0; 0; 0; 0; 0; 0; 0; 0; 0; 0; 0; 9999
1994;10; 0; 0; 0; 0; 0; 0; 4; 9; 0; 0; 0; 0; 0; 0; 0; 0; 108; 6; 0; 0; 132; 0; 83; 43; 40; 84; 289; 231; 39; 0; 5
1994;11; 0; 0; 0; 0; 21; 30; 108; 13; 5; 27; 0; 0; 143; 12; 434; 3; 109; 76; 239; 146; 0; 4; 0; 0; 0; 0; 0; 97; 114; 151; 9999
1994;12; 0; 0; 0; 0; 0; 185; 481; 348; 8; 0; 16; 177; 282; 140; 51; 162; 108; 203; 253; 8; 0; 219; 963; 79; 0; 747; 187; 24; 0; 0; 0
1995;01; 110; 93; 79; 280; 22; 25; 0; 3; 86; 0; 0; 4; 0; 0; 80; 0; 0; 188; 204; 44; 213; 261; 76; 2; 4; 0; 239; 0; 226; 361; 48
1995;02; 179; 21; 68; 837; 668; 0; 226; 141; 183; 421; 6; 54; 24; 28; 311; 46; 676; 20; 93; 55; 302; 0; 0; 0; 0; 2; 0; 0; 9999; 9999; 9999
1995;03; 6; 0; 0; 34; 20; 13; 263; 18; 10; 0; 0; 0; 13; 206; 11; 73; 0; 0; 0; 20; 106; 303; 36; 4; 260; 20; 0; 0; 0; 241; 241
1995;04; 76; 36; 31; 0; 0; 0; 0; 0; 0; 19; 0; 60; 20; 0; 0; 0; 0; 0; 0; 0; 88; 17; 0; 0; 0; 0; 0; 0; 0; 0; 9999
1995;05; 0; 0; 3; 3; 0; 34; 450; 94; 0; 0; 260; 0; 0; 0; 0; 0; 118; 17; 7; 2; 2; 3; 0; 0; 0; 7; 0; 0; 0; 0; 0
1995;06; 0; 0; 0; 0; 0; 0; 0; 0; 0; 0; 0; 0; 0; 0; 0; 0; 0; 7; 26; 16; 0; 0; 0; 0; 0; 117; 0; 0; 0; 0; 9999
1995;07; 0; 0; 0; 0; 0; 0; 0; 0; 100; 390; 46; 0; 0; 0; 0; 0; 0; 0; 0; 0; 8; 78; 0; 0; 0; 0; 0; 0; 0; 0; 0
1995;08; 0; 0; 0; 0; 4; 139; 0; 0; 0; 0; 0; 0; 0; 0; 0; 0; 0; 0; 0; 0; 0; 0; 0; 0; 0; 0; 0; 0; 0; 0; 0
1995;09; 0; 0; 0; 0; 0; 0; 0; 0; 0; 0; 0; 0; 17; 0; 0; 0; 0; 34; 105; 25; 14; 4; 0; 0; 24; 0; 273; 0; 37; 63; 9999
1995;10; 0; 230; 0; 0; 0; 0; 40; 0; 6; 205; 0; 0; 27; 1245; 434; 32; 624; 230; 66; 15; 148; 6; 0; 0; 0; 0; 0; 0; 22; 76; 400
1995;11; 87; 65; 0; 0; 0; 0; 2; 0; 55; 0; 29; 208; 278; 80; 180; 192; 93; 0; 60; 0; 0; 0; 0; 317; 24; 69; 0; 0; 4; 0; 9999
1995;12; 0; 25; 0; 0; 65; 102; 0; 275; 151; 5; 0; 0; 493; 189; 0; 0; 0; 0; 78; 98; 0; 0; 5; 78; 295; 172; 62; 268; 60; 193; 41
1996;01; 0; 271; 572; 515; 50; 19; 327; 344; 66; 131; 518; 131; 28; 0; 0; 0; 0; 0; 57; 103; 75; 26; 5; 8; 17; 30; 0; 0; 0; 0; 59
1996;02; 3; 4; 20; 310; 34; 25; 28; 44; 153; 125; 817; 199; 249; 38; 111; 2; 101; 0; 44; 39; 38; 21; 0; 202; 0; 0; 77; 141; 0; 9999; 9999
1996;03; 0; 36; 6; 26; 10; 63; 383; 225; 113; 450; 23; 40; 231; 98; 53; 24; 11; 80; 67; 47; 120; 80; 186; 465; 0; 0; 0; 0; 86; 0; 0
1996;04; 115; 0; 0; 0; 0; 0; 0; 0; 0; 0; 92; 41; 11; 0; 5; 36; 116; 91; 0; 0; 0; 0; 0; 0; 0; 0; 12; 0; 0; 90; 9999
1996;05; 0; 0; 53; 54; 0; 0; 0; 0; 0; 0; 41; 0; 0; 0; 0; 123; 193; 0; 26; 0; 0; 9; 39; 27; 46; 0; 0; 0; 0; 0; 0
1996;06; 0; 0; 5; 0; 15; 0; 41; 0; 0; 0; 0; 0; 0; 0; 0; 0; 0; 0; 0; 0; 0; 0; 0; 0; 0; 0; 0; 118; 207; 0; 9999
1996;07; 0; 0; 0; 6; 0; 0; 0; 0; 0; 0; 0; 0; 0; 0; 0; 0; 0; 0; 0; 0; 0; 0; 0; 0; 0; 0; 0; 25; 0; 0; 0
1996;08; 0; 0; 0; 0; 0; 0; 0; 0; 0; 0; 217; 14; 0; 0; 75; 0; 0; 0; 0; 0; 0; 0; 0; 0; 0; 0; 0; 0; 0; 0; 0
1996;09; 0; 41; 0; 291; 7; 208; 37; 0; 0; 232; 464; 264; 131; 115; 0; 0; 15; 0; 0; 0; 0; 0; 0; 0; 0; 74; 0; 0; 184; 0; 9999
1996;10; 0; 0; 0; 443; 4; 0; 65; 0; 0; 0; 82; 30; 75; 110; 201; 0; 0; 0; 0; 0; 324; 52; 0; 262; 0; 83; 21; 107; 0; 0; 0
1996;11; 147; 54; 71; 108; 0; 0; 0; 0; 0; 0; 0; 0; 54; 75; 7; 86; 143; 361; 0; 203; 776; 187; 0; 0; 0; 0; 0; 0; 0; 0; 9999
1996;12; 65; 19; 169; 289; 51; 91; 103; 23; 0; 0; 37; 148; 134; 136; 122; 61; 84; 90; 0; 0; 0; 97; 87; 262; 302; 115; 40; 162; 111; 129; 122
1997;01; 0; 0; 77; 12; 35; 65; 0; 0; 35; 0; 16; 80; 47; 12; 218; 383; 251; 55; 34; 460; 53; 40; 267; 189; 146; 177; 247; 577; 18; 0; 0
1997;02; 33; 5; 7; 7; 2; 0; 0; 0; 40; 22; 0; 150; 55; 0; 0; 0; 158; 265; 218; 0; 51; 0; 233; 130; 99; 96; 52; 39; 9999; 9999; 9999
1997;03; 3; 28; 45; 19; 0; 14; 43; 283; 14; 0; 0; 0; 0; 480; 36; 53; 19; 36; 0; 0; 18; 11; 0; 0; 0; 0; 0; 0; 0; 0; 10
1997;04; 277; 443; 28; 0; 6; 0; 6; 0; 0; 0; 0; 0; 0; 3; 0; 0; 0; 4; 2; 0; 46; 20; 6; 119; 0; 9; 0; 0; 0; 0; 9999
1997;05; 0; 0; 0; 0; 0; 0; 0; 0; 0; 5; 0; 0; 0; 0; 0; 0; 0; 0; 0; 0; 0; 0; 198; 0; 358; 30; 0; 0; 94; 6; 46
1997;06; 0; 0; 0; 11; 258; 335; 0; 0; 0; 0; 0; 66; 6; 0; 103; 650; 0; 0; 0; 6; 178; 0; 0; 0; 0; 0; 0; 0; 0; 0; 9999
1997;07; 0; 0; 0; 0; 0; 0; 0; 0; 0; 0; 0; 0; 0; 0; 0; 0; 0; 0; 0; 0; 0; 121; 0; 0; 0; 0; 0; 0; 0; 0; 0
1997;08; 0; 0; 0; 0; 0; 0; 0; 0; 38; 7; 0; 0; 0; 0; 0; 0; 0; 0; 0; 0; 0; 0; 0; 13; 75; 0; 0; 0; 0; 0; 0
1997;09; 0; 0; 0; 0; 0; 15; 0; 0; 0; 0; 0; 0; 0; 26; 233; 60; 0; 0; 0; 0; 96; 0; 0; 0; 21; 81; 0; 0; 0; 315; 9999
1997;10; 0; 47; 3; 0; 0; 0; 41; 0; 0; 0; 0; 0; 0; 0; 13; 121; 78; 0; 0; 8; 367; 199; 0; 2; 0; 77; 270; 0; 0; 0; 19
1997;11; 0; 22; 0; 0; 33; 2; 21; 61; 0; 0; 0; 302; 27; 0; 244; 485; 224; 210; 153; 4; 0; 112; 4; 133; 74; 44; 39; 102; 201; 0; 9999
1997;12; 0; 118; 188; 0; 303; 0; 54; 3; 34; 0; 0; 65; 0; 18; 181; 330; 18; 37; 0; 0; 0; 3; 0; 0; 102; 17; 18; 0; 684; 0; 0
