33
Ano,Mes,1,2,3,4,5,6,7,8,9,10,11,12,13,14,15,16,17,18,19,20,21,22,23,24,25,26,27,28,29,30,31
1936;09; 9999; 9999; 9999; 9999; 9999; 9999; 34; 0; 33; 107; 9999; 9999; 136; 0; 0; 63; 116; 0; 0; 111; 9999; 9999; 9999; 9999; 9999; 9999; 9999; 9999; 9999; 9999; 9999
1936;10; 9999; 9999; 9999; 9999; 9999; 9999; 9999; 9999; 9999; 9999; 90; 9999; 9999; 9999; 6; 0; 0; 38; 9999; 9999; 237; 9999; 9999; 9999; 9999; 9999; 9999; 9999; 50; 9999; 9999
1936;11; 13; 56; 0; 0; 109; 481; 0; 0; 0; 330; 428; 0; 0; 30; 0; 0; 136; 0; 0; 358; 0; 0; 165; 256; 73; 13; 9999; 9999; 9999; 9999; 9999
1936;12; 0; 0; 0; 0; 0; 0; 0; 0; 0; 0; 0; 0; 0; 0; 0; 9999; 9999; 9999; 9999; 9999; 9999; 9999; 9999; 9999; 9999; 9999; 9999; 9999; 9999; 9999; 9999
1937;01; 9999; 9999; 9999; 9999; 9999; 9999; 9999; 9999; 9999; 9999; 9999; 9999; 9999; 9999; 9999; 9999; 9999; 9999; 9999; 9999; 9999; 9999; 9999; 9999; 9999; 9999; 9999; 9999; 9999; 9999; 9999
1937;02; 9999; 9999; 9999; 9999; 9999; 9999; 9999; 9999; 9999; 9999; 9999; 9999; 9999; 9999; 9999; 9999; 9999; 9999; 9999; 9999; 9999; 9999; 9999; 9999; 9999; 9999; 9999; 9999; 9999; 9999; 9999
1937;03; 9999; 9999; 9999; 9999; 9999; 9999; 9999; 9999; 9999; 9999; 9999; 9999; 9999; 9999; 9999; 9999; 9999; 9999; 9999; 9999; 9999; 9999; 9999; 9999; 9999; 9999; 9999; 9999; 9999; 9999; 9999
1937;04; 9999; 9999; 9999; 9999; 9999; 9999; 9999; 9999; 9999; 9999; 9999; 9999; 9999; 9999; 9999; 9999; 9999; 9999; 9999; 9999; 9999; 9999; 9999; 9999; 9999; 9999; 9999; 9999; 9999; 9999; 9999
1937;05; 9999; 9999; 9999; 9999; 9999; 9999; 9999; 9999; 9999; 9999; 9999; 9999; 9999; 9999; 9999; 9999; 9999; 9999; 9999; 9999; 9999; 9999; 9999; 9999; 9999; 9999; 9999; 9999; 9999; 9999; 9999
1937;06; 9999; 9999; 9999; 9999; 9999; 9999; 9999; 9999; 9999; 9999; 9999; 9999; 9999; 9999; 9999; 9999; 9999; 9999; 9999; 9999; 9999; 9999; 9999; 9999; 9999; 9999; 9999; 9999; 9999; 9999; 9999
1937;07; 9999; 9999; 9999; 9999; 9999; 9999; 9999; 9999; 9999; 9999; 9999; 9999; 9999; 9999; 9999; 9999; 9999; 9999; 9999; 9999; 9999; 9999; 9999; 9999; 9999; 9999; 9999; 9999; 9999; 9999; 9999
1937;08; 9999; 9999; 9999; 9999; 9999; 9999; 9999; 9999; 9999; 9999; 9999; 9999; 9999; 9999; 9999; 9999; 9999; 9999; 9999; 9999; 9999; 9999; 9999; 9999; 9999; 9999; 9999; 9999; 9999; 9999; 9999
1937;09; 9999; 9999; 9999; 9999; 9999; 9999; 9999; 9999; 9999; 9999; 9999; 9999; 9999; 9999; 9999; 9999; 9999; 9999; 9999; 9999; 9999; 9999; 9999; 9999; 9999; 9999; 9999; 9999; 9999; 9999; 9999
1937;10; 9999; 9999; 9999; 9999; 9999; 9999; 9999; 9999; 9999; 9999; 9999; 9999; 9999; 9999; 9999; 9999; 9999; 9999; 9999; 9999; 9999; 9999; 9999; 9999; 9999; 9999; 9999; 9999; 9999; 9999; 9999
1937;11; 9999; 9999; 9999; 9999; 9999; 9999; 9999; 9999; 9999; 9999; 9999; 9999; 9999; 9999; 9999; 9999; 9999; 9999; 9999; 9999; 9999; 9999; 9999; 9999; 9999; 9999; 9999; 9999; 9999; 9999; 9999
1937;12; 9999; 9999; 9999; 9999; 9999; 9999; 9999; 9999; 9999; 9999; 9999; 9999; 9999; 9999; 9999; 9999; 9999; 9999; 9999; 9999; 9999; 9999; 9999; 9999; 9999; 9999; 9999; 9999; 9999; 9999; 9999
1938;01; 9999; 9999; 9999; 9999; 9999; 9999; 9999; 9999; 9999; 9999; 9999; 9999; 9999; 9999; 9999; 9999; 9999; 9999; 9999; 9999; 9999; 9999; 9999; 9999; 9999; 9999; 9999; 9999; 9999; 9999; 9999
1938;02; 0; 0; 0; 0; 0; 0; 0; 0; 0; 0; 0; 0; 0; 0; 0; 9999; 9999; 9999; 9999; 9999; 9999; 9999; 9999; 9999; 9999; 9999; 9999; 9999; 9999; 9999; 9999
1938;03; 0; 0; 6; 0; 0; 0; 57; 269; 7; 25; 370; 0; 0; 270; 302; 0; 0; 0; 0; 0; 4; 1; 0; 0; 0; 0; 0; 0; 1; 156; 2
1938;04; 0; 0; 0; 0; 0; 0; 0; 0; 0; 0; 0; 0; 0; 0; 0; 9999; 9999; 9999; 9999; 9999; 9999; 9999; 9999; 9999; 9999; 9999; 9999; 9999; 9999; 9999; 9999
1938;05; 0; 0; 0; 0; 0; 0; 0; 0; 0; 0; 0; 0; 0; 0; 0; 9999; 9999; 9999; 9999; 9999; 9999; 9999; 9999; 9999; 9999; 9999; 9999; 9999; 9999; 9999; 9999
1938;06; 0; 0; 0; 0; 0; 0; 0; 0; 0; 0; 0; 0; 0; 0; 0; 9999; 9999; 9999; 9999; 9999; 9999; 9999; 9999; 9999; 9999; 9999; 9999; 9999; 9999; 9999; 9999
1938;07; 0; 0; 0; 0; 0; 0; 0; 0; 0; 0; 0; 0; 0; 0; 0; 9999; 9999; 9999; 9999; 9999; 9999; 9999; 9999; 9999; 9999; 9999; 9999; 9999; 9999; 9999; 9999
1938;08; 0; 0; 0; 0; 0; 0; 0; 0; 0; 0; 0; 0; 0; 0; 0; 9999; 9999; 9999; 9999; 9999; 9999; 9999; 9999; 9999; 9999; 9999; 9999; 9999; 9999; 9999; 9999
1938;09; 0; 0; 0; 0; 0; 0; 0; 0; 0; 0; 0; 0; 0; 0; 0; 9999; 9999; 9999; 9999; 9999; 9999; 9999; 9999; 9999; 9999; 9999; 9999; 9999; 9999; 9999; 9999
1938;10; 9999; 9999; 9999; 9999; 9999; 9999; 9999; 9999; 9999; 9999; 9999; 9999; 9999; 9999; 9999; 9999; 9999; 9999; 9999; 9999; 9999; 9999; 9999; 9999; 9999; 9999; 9999; 9999; 9999; 9999; 9999
1938;11; 100; 0; 0; 166; 13; 0; 103; 39; 129; 306; 4; 40; 0; 0; 0; 57; 64; 182; 9999; 9999; 174; 196; 2; 80; 0; 4; 40; 22; 0; 21; 9999
1938;12; 180; 255; 0; 0; 0; 0; 0; 220; 27; 100; 0; 0; 12; 20; 46; 239; 0; 128; 142; 0; 49; 79; 6; 12; 1332; 28; 305; 6; 3; 0; 15
1939;01; 67; 29; 3; 0; 10; 37; 0; 55; 23; 39; 0; 0; 26; 10; 0; 248; 34; 83; 0; 0; 91; 448; 668; 0; 0; 0; 0; 31; 190; 10; 0
1939;02; 0; 5; 118; 130; 3; 0; 30; 0; 120; 952; 100; 0; 0; 29; 0; 0; 0; 0; 67; 4; 8; 209; 0; 0; 19; 0; 20; 0; 9999; 9999; 9999
1939;03; 25; 105; 0; 0; 0; 0; 0; 0; 39; 81; 0; 0; 0; 140; 0; 0; 0; 0; 0; 0; 38; 174; 0; 100; 42; 1; 14; 0; 90; 132; 0
1939;04; 10; 27; 21; 0; 3; 15; 10; 0; 0; 14; 0; 66; 9999; 9999; 9999; 9999; 49; 9999; 9999; 9999; 9999; 9999; 9999; 411; 0; 104; 121; 9999; 9999; 9999; 9999
1939;05; 0; 0; 0; 12; 112; 0; 0; 303; 329; 9999; 9999; 52; 9999; 9999; 9999; 9999; 9999; 9999; 9999; 9999; 9999; 9999; 9999; 9999; 9999; 9999; 9999; 8; 139; 59; 0
1939;06; 0; 0; 66; 5; 1; 9999; 9999; 9999; 9999; 180; 2; 9999; 9999; 9999; 9999; 1; 9999; 9999; 9999; 9999; 9999; 9999; 9999; 9999; 9999; 9999; 9999; 25; 61; 9999; 9999
1939;07; 9999; 9999; 9999; 9999; 9999; 9999; 9999; 9999; 9999; 9999; 9999; 2; 9999; 9999; 9999; 9999; 9999; 9999; 9999; 9999; 2; 16; 61; 0; 140; 0; 0; 5; 9999; 9999; 9999
1939;08; 0; 0; 0; 0; 0; 0; 0; 0; 0; 0; 0; 0; 0; 0; 0; 0; 0; 0; 0; 0; 0; 1; 0; 0; 0; 0; 0; 0; 0; 0; 0
1939;09; 34; 0; 0; 1; 9999; 9999; 9999; 9999; 9999; 9999; 9999; 24; 1; 0; 0; 1; 0; 203; 9999; 9999; 9999; 9999; 9999; 9999; 9999; 9999; 9999; 9999; 14; 2; 9999
1939;10; 9999; 9999; 9999; 9999; 9999; 9999; 9999; 9999; 9999; 9999; 9999; 9999; 9999; 9999; 9999; 9999; 9999; 9999; 9999; 9999; 9999; 9999; 9999; 9999; 9999; 9999; 9999; 9999; 9999; 9999; 9999
1939;11; 0; 0; 10; 0; 198; 114; 1; 25; 134; 26; 0; 67; 29; 67; 35; 0; 0; 91; 40; 0; 56; 203; 4; 0; 10; 498; 42; 0; 3; 398; 9999
1939;12; 496; 0; 62; 1; 24; 403; 0; 0; 0; 0; 193; 331; 2; 0; 0; 0; 19; 100; 70; 170; 0; 724; 173; 205; 481; 218; 185; 44; 0; 0; 361
1940;01; 156; 75; 216; 48; 90; 30; 117; 229; 315; 34; 439; 174; 50; 30; 0; 0; 0; 22; 35; 167; 952; 27; 105; 0; 107; 17; 0; 5; 0; 41; 70
1940;02; 20; 263; 247; 608; 3; 66; 233; 572; 0; 0; 0; 286; 399; 107; 41; 6; 21; 2; 49; 6; 0; 179; 169; 1; 0; 0; 0; 0; 0; 9999; 9999
1940;03; 0; 0; 6; 0; 0; 57; 269; 7; 12; 161; 222; 0; 0; 278; 24; 0; 0; 0; 0; 4; 1; 0; 0; 0; 0; 0; 0; 1; 156; 2; 0
1940;04; 0; 0; 0; 0; 0; 11; 0; 0; 0; 112; 0; 0; 0; 0; 0; 0; 684; 11; 0; 0; 0; 0; 0; 0; 0; 216; 3; 70; 0; 56; 9999
1940;05; 0; 0; 162; 0; 0; 0; 0; 0; 0; 0; 0; 0; 0; 0; 0; 21; 3; 0; 5; 0; 0; 0; 0; 0; 0; 0; 0; 0; 0; 0; 0
1940;06; 21; 0; 0; 0; 0; 0; 0; 0; 0; 0; 0; 0; 0; 0; 0; 9; 0; 0; 0; 0; 0; 0; 0; 0; 0; 0; 0; 0; 0; 0; 9999
1940;07; 0; 0; 0; 0; 0; 0; 0; 0; 0; 0; 0; 0; 0; 0; 0; 0; 0; 0; 0; 0; 0; 0; 14; 0; 0; 0; 0; 0; 0; 0; 0
1940;08; 0; 0; 0; 0; 0; 0; 0; 0; 1; 0; 0; 0; 0; 0; 0; 0; 1; 0; 0; 0; 0; 0; 0; 0; 0; 0; 252; 0; 0; 0; 147
1940;09; 0; 0; 0; 0; 0; 0; 0; 0; 0; 0; 0; 70; 1; 0; 0; 0; 0; 0; 0; 0; 20; 5; 0; 296; 5; 0; 0; 0; 0; 0; 9999
1940;10; 0; 0; 0; 0; 0; 0; 0; 1; 0; 0; 352; 92; 0; 0; 0; 0; 0; 54; 0; 0; 119; 25; 0; 41; 98; 21; 13; 84; 18; 1; 0
1940;11; 0; 73; 0; 37; 231; 0; 0; 85; 12; 130; 326; 20; 109; 441; 414; 21; 125; 1; 92; 138; 30; 15; 0; 0; 280; 109; 250; 158; 0; 0; 9999
1940;12; 0; 0; 130; 0; 0; 0; 7; 0; 3; 46; 0; 705; 5; 4; 323; 26; 22; 0; 1; 33; 180; 3; 117; 25; 25; 0; 13; 212; 12; 168; 128
1941;01; 360; 10; 4; 277; 37; 0; 0; 0; 0; 20; 148; 27; 198; 0; 1; 0; 5; 0; 0; 0; 0; 82; 44; 167; 74; 0; 0; 0; 0; 0; 0
1941;02; 32; 192; 0; 1; 0; 1; 0; 0; 0; 6; 0; 55; 0; 0; 0; 0; 294; 55; 0; 0; 47; 118; 0; 68; 155; 3; 0; 0; 9999; 9999; 9999
1941;03; 0; 20; 0; 50; 3; 0; 0; 0; 0; 0; 0; 8; 35; 112; 9; 1; 0; 0; 0; 26; 184; 111; 380; 33; 371; 1; 1; 0; 0; 0; 16
1941;04; 0; 57; 0; 0; 0; 0; 58; 67; 7; 0; 101; 0; 1; 0; 0; 0; 0; 18; 0; 0; 0; 0; 0; 0; 0; 0; 0; 0; 0; 0; 9999
1941;05; 0; 0; 0; 0; 0; 0; 0; 0; 0; 0; 0; 0; 0; 0; 0; 31; 0; 0; 0; 0; 0; 0; 0; 0; 0; 0; 0; 35; 1; 0; 0
1941;06; 0; 0; 0; 0; 0; 0; 0; 0; 0; 0; 0; 0; 1; 0; 0; 0; 0; 0; 0; 0; 0; 0; 0; 0; 0; 129; 1; 1; 0; 0; 9999
1941;07; 0; 0; 0; 0; 0; 0; 0; 0; 212; 0; 0; 0; 0; 0; 7; 124; 0; 0; 0; 0; 0; 0; 0; 0; 0; 0; 0; 0; 0; 0; 0
1941;08; 0; 0; 0; 0; 0; 0; 0; 0; 0; 0; 0; 0; 0; 0; 1; 0; 56; 0; 0; 0; 0; 0; 3; 0; 0; 0; 0; 0; 0; 0; 0
1941;09; 0; 230; 371; 1; 0; 358; 25; 0; 0; 0; 93; 1; 145; 555; 5; 0; 0; 86; 0; 0; 23; 0; 38; 268; 7; 77; 158; 6; 2; 0; 9999
1941;10; 24; 0; 0; 0; 207; 167; 0; 263; 1; 0; 0; 0; 0; 0; 0; 54; 58; 0; 0; 0; 0; 0; 0; 0; 0; 0; 0; 0; 0; 21; 143
1941;11; 239; 0; 0; 76; 7; 849; 0; 47; 1; 0; 0; 0; 0; 4; 0; 0; 350; 0; 0; 0; 0; 91; 0; 0; 1; 73; 35; 0; 0; 13; 9999
1941;12; 12; 433; 18; 0; 0; 0; 2; 72; 185; 344; 14; 5; 70; 50; 48; 1; 470; 280; 26; 0; 90; 405; 180; 3; 0; 0; 0; 34; 225; 162; 313
1942;01; 155; 43; 0; 0; 0; 0; 1; 0; 10; 126; 0; 0; 0; 20; 0; 24; 118; 415; 0; 40; 0; 0; 8; 0; 12; 1; 266; 0; 102; 161; 8
1942;02; 127; 53; 86; 12; 0; 0; 0; 0; 95; 10; 0; 52; 41; 121; 4; 27; 26; 132; 135; 25; 47; 203; 0; 0; 29; 0; 0; 34; 9999; 9999; 9999
1942;03; 71; 257; 230; 122; 384; 37; 50; 0; 0; 244; 59; 138; 35; 62; 51; 0; 0; 0; 1; 0; 26; 0; 123; 0; 0; 0; 0; 35; 0; 0; 29
1942;04; 9999; 9999; 9999; 9999; 9999; 9999; 9999; 9999; 9999; 9999; 9999; 9999; 9999; 9999; 9999; 9999; 9999; 9999; 9999; 9999; 9999; 9999; 9999; 9999; 9999; 9999; 9999; 9999; 9999; 9999; 9999
1942;05; 0; 0; 0; 12; 220; 0; 0; 0; 0; 0; 0; 0; 0; 0; 0; 0; 0; 0; 0; 0; 0; 0; 0; 0; 0; 0; 0; 0; 0; 0; 0
1942;06; 0; 0; 0; 0; 0; 2; 0; 0; 140; 2; 80; 20; 0; 0; 0; 0; 0; 0; 30; 10; 0; 0; 0; 0; 0; 0; 0; 0; 0; 0; 9999
1942;07; 0; 0; 0; 52; 40; 0; 0; 0; 0; 71; 100; 0; 0; 0; 0; 0; 0; 0; 0; 0; 0; 0; 0; 0; 0; 0; 0; 0; 0; 0; 0
1942;08; 0; 0; 0; 0; 0; 0; 0; 0; 0; 0; 0; 0; 0; 0; 0; 0; 0; 0; 0; 0; 0; 0; 0; 0; 0; 0; 0; 0; 0; 0; 0
1942;09; 0; 0; 0; 0; 1; 0; 64; 5; 0; 0; 0; 0; 0; 0; 0; 0; 40; 96; 7; 0; 0; 1; 0; 39; 10; 0; 0; 0; 0; 2; 9999
1942;10; 0; 0; 0; 245; 99; 0; 0; 1; 0; 0; 0; 0; 0; 16; 1; 312; 0; 0; 0; 0; 0; 0; 0; 21; 323; 99; 0; 383; 84; 0; 0
1942;11; 0; 143; 0; 0; 0; 0; 0; 0; 4; 69; 0; 0; 61; 39; 273; 57; 8; 0; 0; 0; 50; 0; 0; 0; 97; 0; 85; 180; 223; 0; 9999
1942;12; 0; 189; 5; 35; 0; 24; 8; 0; 0; 148; 189; 0; 11; 300; 69; 0; 0; 0; 0; 0; 68; 229; 163; 126; 23; 0; 0; 60; 87; 0; 0
1943;01; 0; 0; 5; 125; 110; 0; 28; 162; 0; 0; 52; 10; 130; 310; 356; 0; 0; 60; 266; 266; 228; 71; 109; 0; 407; 21; 12; 105; 33; 181; 294
1943;02; 272; 171; 0; 0; 0; 0; 0; 0; 0; 122; 33; 17; 9999; 101; 95; 270; 82; 190; 361; 9999; 250; 11; 326; 20; 86; 16; 9999; 150; 9999; 9999; 9999
1943;03; 11; 0; 0; 0; 150; 8; 425; 285; 205; 7; 168; 1; 39; 52; 185; 0; 0; 0; 0; 0; 0; 17; 0; 0; 0; 118; 15; 0; 171; 1; 77
1943;04; 0; 0; 0; 0; 0; 0; 0; 0; 0; 0; 0; 0; 31; 1; 216; 1; 0; 0; 0; 0; 0; 0; 0; 0; 0; 0; 0; 0; 0; 0; 9999
1943;05; 9999; 9999; 9999; 9999; 9999; 9999; 9999; 9999; 9999; 9999; 9999; 9999; 9999; 9999; 9999; 9999; 9999; 9999; 9999; 9999; 9999; 9999; 9999; 9999; 9999; 9999; 9999; 9999; 9999; 9999; 9999
1943;06; 9999; 9999; 9999; 9999; 9999; 9999; 9999; 9999; 9999; 9999; 9999; 9999; 9999; 9999; 9999; 9999; 9999; 9999; 9999; 9999; 9999; 9999; 9999; 9999; 9999; 9999; 9999; 9999; 9999; 9999; 9999
1943;07; 9999; 9999; 9999; 9999; 9999; 9999; 9999; 9999; 9999; 9999; 9999; 9999; 9999; 9999; 9999; 9999; 9999; 9999; 9999; 9999; 9999; 9999; 9999; 9999; 9999; 9999; 9999; 9999; 9999; 9999; 9999
1943;08; 9999; 9999; 9999; 9999; 9999; 9999; 9999; 9999; 9999; 9999; 9999; 9999; 9999; 9999; 9999; 9999; 9999; 9999; 9999; 9999; 9999; 9999; 9999; 9999; 9999; 9999; 9999; 9999; 9999; 9999; 9999
1943;09; 9999; 9999; 9999; 9999; 9999; 9999; 9999; 9999; 9999; 9999; 9999; 9999; 9999; 9999; 9999; 9999; 9999; 9999; 9999; 9999; 9999; 9999; 9999; 9999; 9999; 9999; 9999; 9999; 9999; 9999; 9999
1943;10; 0; 0; 0; 245; 99; 0; 0; 1; 0; 0; 0; 0; 0; 16; 1; 312; 0; 0; 0; 0; 0; 0; 0; 21; 323; 99; 0; 383; 84; 0; 0
1943;11; 0; 143; 0; 0; 0; 0; 0; 0; 4; 69; 0; 0; 61; 39; 273; 57; 8; 0; 0; 0; 50; 0; 0; 0; 97; 0; 85; 180; 223; 0; 9999
1943;12; 0; 189; 5; 35; 0; 24; 8; 0; 0; 148; 189; 0; 11; 300; 69; 0; 0; 0; 0; 0; 68; 229; 163; 126; 23; 0; 0; 60; 87; 0; 0
1944;01; 0; 0; 0; 222; 101; 76; 4; 244; 0; 0; 6; 0; 262; 43; 5; 0; 0; 131; 41; 0; 0; 0; 0; 58; 79; 531; 144; 0; 0; 0; 2
1944;02; 21; 199; 0; 0; 0; 0; 0; 3; 18; 0; 0; 0; 0; 0; 8; 232; 60; 7; 497; 424; 29; 169; 4; 26; 110; 0; 164; 18; 217; 9999; 9999
1944;03; 103; 3; 322; 3; 0; 603; 0; 0; 5; 38; 0; 0; 0; 0; 14; 22; 25; 102; 1; 239; 0; 0; 0; 0; 0; 0; 0; 28; 13; 0; 0
1944;04; 147; 4; 0; 0; 0; 0; 0; 0; 0; 0; 27; 0; 0; 0; 5; 1; 65; 86; 101; 74; 135; 0; 0; 0; 0; 0; 0; 0; 0; 0; 9999
1944;05; 0; 0; 0; 0; 0; 0; 0; 0; 0; 0; 0; 0; 0; 0; 0; 0; 0; 0; 0; 0; 0; 0; 0; 0; 0; 6; 0; 0; 0; 0; 0
1944;06; 0; 0; 0; 0; 21; 0; 0; 0; 0; 0; 0; 0; 0; 0; 0; 0; 0; 0; 11; 0; 0; 0; 0; 0; 0; 0; 0; 0; 0; 0; 9999
1944;07; 0; 0; 0; 0; 0; 0; 14; 0; 0; 0; 0; 0; 0; 0; 0; 0; 0; 0; 0; 0; 0; 0; 0; 0; 0; 0; 0; 0; 0; 0; 0
1944;08; 0; 0; 0; 0; 0; 0; 0; 0; 0; 0; 0; 0; 0; 0; 0; 0; 0; 0; 0; 0; 0; 0; 0; 0; 0; 0; 0; 0; 0; 0; 0
1944;09; 0; 0; 31; 1; 0; 0; 0; 0; 0; 0; 0; 0; 0; 0; 0; 0; 0; 0; 0; 0; 0; 0; 0; 0; 0; 0; 0; 0; 0; 0; 9999
1944;10; 0; 0; 0; 0; 0; 0; 0; 0; 0; 1; 0; 0; 95; 539; 0; 0; 39; 0; 0; 145; 0; 0; 0; 0; 0; 215; 57; 56; 127; 912; 4
1944;11; 0; 0; 65; 37; 91; 62; 91; 119; 136; 0; 0; 0; 177; 251; 320; 0; 0; 0; 0; 0; 391; 0; 2; 472; 1; 210; 0; 0; 0; 11; 9999
1944;12; 0; 0; 31; 7; 150; 0; 0; 0; 0; 95; 69; 0; 0; 0; 0; 0; 11; 32; 0; 0; 0; 0; 4; 54; 42; 0; 0; 130; 0; 0; 0
1945;01; 0; 30; 90; 13; 36; 472; 219; 35; 0; 0; 0; 0; 12; 0; 0; 92; 375; 110; 0; 92; 48; 10; 72; 0; 0; 0; 213; 54; 834; 831; 127
1945;02; 351; 362; 0; 0; 0; 46; 390; 56; 269; 0; 0; 0; 212; 15; 156; 3; 0; 3; 72; 226; 18; 34; 19; 0; 0; 0; 0; 75; 9999; 9999; 9999
1945;03; 16; 0; 739; 6; 2; 21; 39; 5; 21; 100; 0; 0; 0; 0; 145; 29; 0; 0; 0; 0; 508; 3; 0; 20; 0; 17; 84; 0; 0; 0; 0
1945;04; 197; 276; 0; 18; 174; 102; 0; 24; 0; 0; 0; 0; 0; 0; 0; 0; 0; 0; 0; 60; 0; 0; 0; 0; 0; 0; 0; 80; 0; 34; 9999
1945;05; 0; 0; 0; 0; 0; 0; 0; 0; 0; 0; 0; 0; 0; 0; 0; 0; 9; 7; 0; 0; 0; 0; 0; 0; 0; 0; 0; 103; 80; 0; 0
1945;06; 0; 0; 0; 0; 0; 89; 25; 0; 0; 0; 0; 0; 0; 0; 0; 0; 0; 0; 0; 219; 218; 26; 143; 224; 174; 39; 0; 0; 0; 0; 9999
1945;07; 0; 0; 0; 0; 182; 0; 101; 0; 0; 0; 0; 0; 0; 0; 0; 0; 0; 0; 0; 0; 0; 0; 0; 0; 0; 0; 0; 0; 0; 0; 0
1945;08; 0; 0; 0; 0; 0; 0; 0; 0; 0; 0; 0; 0; 0; 0; 0; 0; 0; 0; 0; 0; 0; 0; 0; 0; 0; 0; 0; 0; 0; 0; 5
1945;09; 0; 0; 0; 0; 0; 0; 0; 0; 0; 0; 0; 0; 0; 5; 0; 278; 141; 0; 0; 0; 0; 0; 0; 0; 0; 0; 0; 0; 0; 0; 9999
1945;10; 0; 0; 0; 45; 9; 126; 0; 0; 323; 16; 0; 0; 0; 0; 0; 0; 0; 408; 0; 0; 0; 0; 0; 42; 0; 40; 43; 38; 9; 30; 0
1945;11; 730; 564; 0; 0; 0; 111; 10; 1; 305; 0; 0; 0; 254; 132; 0; 0; 0; 50; 241; 0; 39; 289; 0; 122; 6; 11; 15; 128; 10; 11; 9999
1945;12; 0; 0; 0; 0; 0; 442; 186; 21; 43; 150; 49; 107; 6; 0; 313; 345; 273; 17; 0; 0; 27; 0; 0; 0; 0; 9; 302; 90; 286; 104; 415
1946;01; 467; 416; 0; 18; 99; 88; 71; 297; 40; 0; 0; 208; 13; 0; 175; 22; 0; 0; 12; 6; 281; 29; 0; 106; 6; 849; 17; 411; 211; 144; 101
1946;02; 0; 180; 200; 0; 0; 0; 0; 97; 40; 16; 15; 0; 135; 20; 58; 124; 2; 2; 0; 5; 0; 0; 92; 275; 15; 0; 0; 0; 9999; 9999; 9999
1946;03; 0; 5; 0; 209; 43; 297; 70; 0; 82; 140; 52; 63; 11; 19; 23; 33; 155; 0; 7; 0; 5; 0; 0; 25; 648; 0; 0; 0; 0; 0; 0
1946;04; 87; 215; 0; 0; 0; 0; 100; 940; 0; 0; 0; 0; 12; 0; 0; 0; 0; 37; 9; 0; 0; 0; 0; 0; 0; 0; 0; 0; 0; 0; 9999
1946;05; 0; 16; 0; 0; 0; 0; 0; 0; 0; 0; 0; 0; 82; 0; 0; 0; 0; 0; 0; 0; 24; 44; 0; 0; 0; 0; 0; 0; 0; 0; 0
1946;06; 0; 281; 120; 0; 0; 0; 0; 0; 0; 0; 0; 0; 0; 0; 0; 66; 0; 0; 0; 0; 0; 0; 0; 0; 0; 0; 0; 0; 0; 5; 9999
1946;07; 0; 0; 0; 0; 0; 0; 22; 20; 11; 0; 0; 178; 96; 107; 0; 262; 86; 0; 0; 0; 0; 0; 0; 106; 0; 0; 0; 0; 0; 0; 0
1946;08; 0; 0; 0; 0; 0; 0; 0; 0; 0; 0; 0; 0; 0; 0; 0; 0; 0; 0; 0; 0; 0; 0; 0; 0; 0; 0; 0; 0; 0; 0; 0
1946;09; 0; 0; 0; 0; 0; 0; 0; 0; 0; 0; 0; 0; 0; 0; 0; 0; 0; 0; 0; 0; 0; 0; 0; 0; 0; 0; 0; 181; 0; 0; 9999
1946;10; 0; 0; 0; 0; 0; 0; 0; 41; 2; 0; 0; 32; 0; 7; 20; 506; 123; 260; 0; 153; 0; 70; 104; 0; 0; 0; 0; 0; 0; 0; 123
1946;11; 101; 350; 55; 0; 0; 0; 65; 314; 35; 0; 0; 0; 0; 0; 0; 0; 0; 0; 0; 39; 0; 20; 0; 0; 0; 268; 0; 0; 9999; 58; 9999
1946;12; 42; 0; 0; 0; 0; 28; 208; 455; 141; 1; 305; 0; 0; 0; 0; 0; 152; 155; 0; 0; 2; 142; 77; 58; 147; 42; 108; 0; 0; 50; 53
1947;01; 208; 86; 190; 507; 37; 229; 0; 0; 18; 33; 0; 170; 0; 161; 262; 402; 6; 6; 60; 145; 278; 0; 0; 0; 291; 266; 161; 142; 35; 11; 18
1947;02; 0; 8; 0; 20; 0; 32; 8; 0; 18; 0; 0; 0; 40; 3; 110; 247; 239; 407; 374; 13; 0; 100; 0; 504; 114; 335; 547; 60; 9999; 9999; 9999
1947;03; 157; 7; 20; 0; 154; 76; 190; 50; 20; 122; 67; 165; 0; 0; 103; 38; 0; 25; 297; 0; 0; 0; 0; 0; 0; 0; 55; 0; 0; 0; 0
1947;04; 0; 0; 0; 0; 0; 0; 8; 0; 0; 0; 5; 0; 0; 0; 0; 0; 0; 0; 64; 0; 0; 0; 0; 0; 0; 0; 0; 0; 0; 0; 9999
1947;05; 0; 0; 0; 80; 0; 0; 16; 0; 0; 0; 0; 75; 0; 0; 0; 0; 0; 0; 0; 215; 0; 0; 0; 0; 82; 0; 0; 0; 0; 0; 0
1947;06; 0; 0; 0; 0; 0; 0; 0; 0; 0; 0; 0; 0; 0; 0; 0; 0; 0; 0; 0; 302; 0; 0; 87; 0; 0; 52; 0; 0; 0; 0; 9999
1947;07; 0; 0; 0; 0; 7; 0; 0; 3; 174; 116; 0; 0; 0; 0; 0; 0; 0; 0; 0; 0; 0; 0; 0; 0; 0; 0; 0; 0; 0; 0; 0
1947;08; 70; 79; 0; 0; 0; 0; 0; 0; 0; 0; 14; 0; 0; 0; 0; 0; 0; 0; 0; 0; 0; 0; 0; 0; 3; 0; 0; 229; 282; 0; 0
1947;09; 82; 118; 0; 0; 14; 0; 0; 0; 50; 0; 0; 102; 0; 0; 0; 0; 0; 23; 128; 0; 0; 0; 0; 0; 0; 155; 0; 100; 0; 0; 9999
1947;10; 0; 180; 25; 27; 0; 68; 0; 0; 74; 64; 0; 0; 0; 0; 85; 85; 0; 0; 65; 8; 0; 75; 254; 127; 112; 0; 0; 0; 0; 0; 0
1947;11; 0; 43; 156; 4; 0; 0; 0; 0; 0; 135; 0; 365; 0; 105; 0; 0; 0; 0; 0; 0; 3; 3; 61; 70; 156; 473; 205; 475; 0; 0; 9999
1947;12; 0; 0; 545; 0; 0; 0; 0; 0; 345; 200; 619; 62; 304; 119; 49; 0; 298; 108; 0; 55; 72; 50; 10; 13; 36; 0; 246; 0; 65; 426; 0
1948;01; 10; 0; 0; 0; 0; 0; 0; 0; 183; 1; 0; 400; 476; 97; 3; 277; 20; 23; 0; 0; 0; 1; 24; 0; 5; 0; 22; 0; 0; 34; 49
1948;02; 9999; 9999; 9999; 9999; 9999; 9999; 9999; 9999; 9999; 9999; 9999; 9999; 9999; 9999; 9999; 9999; 9999; 9999; 9999; 9999; 9999; 9999; 9999; 9999; 9999; 9999; 9999; 9999; 9999; 9999; 9999
1948;03; 9999; 9999; 9999; 9999; 9999; 9999; 9999; 9999; 9999; 9999; 9999; 9999; 9999; 9999; 9999; 9999; 9999; 9999; 9999; 9999; 9999; 9999; 9999; 9999; 9999; 9999; 9999; 9999; 9999; 9999; 9999
1948;04; 9999; 9999; 9999; 9999; 9999; 9999; 9999; 9999; 0; 22; 0; 0; 0; 0; 0; 0; 0; 0; 0; 33; 0; 0; 0; 0; 0; 0; 0; 0; 0; 0; 9999
1948;05; 0; 0; 0; 0; 0; 0; 0; 0; 0; 0; 0; 0; 0; 0; 0; 0; 300; 0; 195; 0; 0; 0; 0; 0; 0; 0; 0; 0; 35; 0; 0
1948;06; 0; 0; 183; 0; 0; 0; 0; 0; 0; 0; 0; 0; 0; 0; 0; 0; 0; 0; 0; 0; 0; 0; 0; 0; 0; 0; 0; 0; 0; 0; 9999
1948;07; 0; 0; 0; 0; 0; 0; 0; 0; 0; 0; 0; 16; 0; 0; 0; 0; 0; 0; 0; 0; 0; 0; 0; 0; 120; 0; 17; 0; 108; 1; 20
1948;08; 0; 0; 0; 0; 0; 0; 0; 105; 0; 0; 0; 34; 0; 0; 0; 0; 0; 0; 0; 0; 0; 0; 0; 0; 0; 0; 0; 32; 0; 0; 0
1948;09; 0; 0; 0; 0; 0; 0; 0; 0; 0; 0; 0; 80; 0; 11; 0; 0; 0; 0; 0; 0; 0; 0; 0; 0; 0; 48; 0; 10; 0; 82; 9999
1948;10; 0; 0; 1; 3; 86; 50; 51; 0; 0; 0; 93; 295; 9; 0; 1; 0; 0; 0; 0; 0; 0; 0; 0; 0; 0; 0; 0; 104; 0; 1; 6
1948;11; 1; 267; 15; 15; 5; 18; 25; 165; 10; 0; 70; 0; 0; 0; 0; 141; 110; 34; 94; 0; 32; 0; 0; 0; 0; 0; 208; 0; 0; 0; 9999
1948;12; 9999; 9999; 9999; 9999; 9999; 9999; 9999; 9999; 9999; 9999; 9999; 9999; 9999; 9999; 9999; 9999; 9999; 9999; 9999; 9999; 9999; 9999; 9999; 9999; 9999; 9999; 9999; 9999; 9999; 9999; 9999
1949;01; 9999; 9999; 9999; 9999; 9999; 9999; 9999; 9999; 9999; 9999; 9999; 9999; 9999; 9999; 9999; 9999; 9999; 9999; 9999; 9999; 9999; 9999; 9999; 9999; 9999; 9999; 9999; 9999; 9999; 9999; 9999
1949;02; 9999; 9999; 9999; 9999; 9999; 9999; 9999; 9999; 9999; 9999; 9999; 9999; 9999; 9999; 9999; 9999; 9999; 9999; 9999; 9999; 9999; 9999; 9999; 9999; 9999; 9999; 9999; 9999; 9999; 9999; 9999
1949;03; 9999; 9999; 9999; 9999; 9999; 9999; 9999; 9999; 9999; 9999; 9999; 9999; 9999; 9999; 9999; 9999; 9999; 9999; 9999; 9999; 9999; 9999; 9999; 9999; 9999; 9999; 9999; 9999; 9999; 9999; 9999
1949;04; 9999; 9999; 9999; 9999; 9999; 9999; 9999; 9999; 9999; 9999; 9999; 9999; 9999; 9999; 9999; 9999; 9999; 9999; 9999; 9999; 9999; 9999; 9999; 9999; 9999; 9999; 9999; 9999; 9999; 9999; 9999
1949;05; 9999; 9999; 9999; 9999; 9999; 9999; 9999; 9999; 9999; 9999; 9999; 9999; 9999; 9999; 9999; 9999; 9999; 9999; 9999; 9999; 9999; 9999; 9999; 9999; 9999; 9999; 9999; 9999; 9999; 9999; 9999
1949;06; 9999; 9999; 9999; 9999; 9999; 9999; 9999; 9999; 9999; 9999; 9999; 9999; 9999; 9999; 9999; 9999; 9999; 9999; 9999; 9999; 9999; 9999; 9999; 9999; 9999; 9999; 9999; 9999; 9999; 9999; 9999
1949;07; 9999; 9999; 9999; 9999; 9999; 9999; 9999; 9999; 9999; 9999; 9999; 9999; 9999; 9999; 9999; 9999; 9999; 9999; 9999; 9999; 9999; 9999; 9999; 9999; 9999; 9999; 9999; 9999; 9999; 9999; 9999
1949;08; 9999; 9999; 9999; 9999; 9999; 9999; 9999; 9999; 9999; 9999; 9999; 9999; 9999; 9999; 9999; 9999; 9999; 9999; 9999; 9999; 9999; 9999; 9999; 9999; 9999; 9999; 9999; 9999; 9999; 9999; 9999
1949;09; 9999; 9999; 9999; 9999; 9999; 9999; 9999; 9999; 9999; 9999; 9999; 9999; 9999; 9999; 9999; 9999; 9999; 9999; 9999; 9999; 9999; 9999; 9999; 9999; 9999; 9999; 9999; 9999; 9999; 9999; 9999
1949;10; 9999; 9999; 9999; 9999; 9999; 9999; 9999; 9999; 9999; 9999; 9999; 9999; 9999; 9999; 9999; 9999; 9999; 9999; 9999; 9999; 9999; 9999; 9999; 9999; 9999; 9999; 9999; 9999; 9999; 9999; 9999
1949;11; 9999; 9999; 9999; 9999; 9999; 9999; 9999; 9999; 9999; 9999; 9999; 9999; 9999; 9999; 9999; 9999; 9999; 9999; 9999; 9999; 9999; 9999; 9999; 9999; 9999; 9999; 9999; 9999; 9999; 9999; 9999
1949;12; 9999; 9999; 9999; 9999; 9999; 9999; 9999; 9999; 9999; 9999; 9999; 9999; 9999; 9999; 9999; 9999; 9999; 9999; 9999; 9999; 9999; 9999; 9999; 9999; 9999; 9999; 9999; 9999; 9999; 9999; 9999
1950;01; 9999; 9999; 9999; 9999; 9999; 9999; 9999; 9999; 9999; 9999; 9999; 9999; 9999; 9999; 9999; 9999; 9999; 9999; 9999; 9999; 9999; 9999; 9999; 9999; 9999; 9999; 9999; 9999; 9999; 9999; 9999
1950;02; 9999; 9999; 9999; 9999; 9999; 9999; 9999; 9999; 9999; 9999; 9999; 9999; 9999; 9999; 9999; 9999; 9999; 9999; 9999; 9999; 9999; 9999; 9999; 9999; 9999; 9999; 9999; 9999; 9999; 9999; 9999
1950;03; 9999; 9999; 9999; 9999; 9999; 9999; 9999; 9999; 9999; 9999; 9999; 9999; 9999; 9999; 9999; 9999; 9999; 9999; 9999; 9999; 9999; 9999; 9999; 9999; 9999; 9999; 9999; 9999; 9999; 9999; 9999
1950;04; 9999; 9999; 9999; 9999; 9999; 9999; 9999; 9999; 9999; 9999; 9999; 9999; 9999; 9999; 9999; 9999; 9999; 9999; 9999; 9999; 9999; 9999; 9999; 9999; 9999; 9999; 9999; 9999; 9999; 9999; 9999
1950;05; 9999; 9999; 9999; 9999; 9999; 9999; 9999; 9999; 9999; 9999; 9999; 9999; 9999; 9999; 9999; 9999; 9999; 9999; 9999; 9999; 9999; 9999; 9999; 9999; 9999; 9999; 9999; 9999; 9999; 9999; 9999
1950;06; 9999; 9999; 9999; 9999; 9999; 9999; 9999; 9999; 9999; 9999; 9999; 9999; 9999; 9999; 9999; 9999; 9999; 9999; 9999; 9999; 9999; 9999; 9999; 9999; 9999; 9999; 9999; 9999; 9999; 9999; 9999
1950;07; 9999; 9999; 9999; 9999; 9999; 9999; 9999; 9999; 9999; 9999; 9999; 9999; 9999; 9999; 9999; 9999; 9999; 9999; 9999; 9999; 9999; 9999; 9999; 9999; 9999; 9999; 9999; 9999; 9999; 9999; 9999
1950;08; 9999; 9999; 9999; 9999; 9999; 9999; 9999; 9999; 9999; 9999; 9999; 9999; 9999; 9999; 9999; 9999; 9999; 9999; 9999; 9999; 9999; 9999; 9999; 9999; 9999; 9999; 9999; 9999; 9999; 9999; 9999
1950;09; 9999; 9999; 9999; 9999; 9999; 9999; 9999; 9999; 9999; 9999; 9999; 9999; 9999; 9999; 9999; 9999; 9999; 9999; 9999; 9999; 9999; 9999; 9999; 9999; 9999; 9999; 9999; 9999; 9999; 9999; 9999
1950;10; 9999; 9999; 9999; 9999; 9999; 9999; 9999; 9999; 9999; 9999; 9999; 9999; 9999; 9999; 9999; 9999; 9999; 9999; 9999; 9999; 9999; 9999; 9999; 9999; 9999; 9999; 9999; 9999; 9999; 9999; 9999
1950;11; 9999; 9999; 9999; 9999; 9999; 9999; 9999; 9999; 9999; 9999; 9999; 9999; 9999; 9999; 9999; 9999; 9999; 9999; 9999; 9999; 9999; 9999; 9999; 9999; 9999; 9999; 9999; 9999; 9999; 9999; 9999
1950;12; 9999; 9999; 9999; 9999; 9999; 9999; 9999; 9999; 9999; 9999; 9999; 9999; 9999; 9999; 9999; 9999; 9999; 9999; 9999; 9999; 9999; 9999; 9999; 9999; 9999; 9999; 9999; 9999; 9999; 9999; 9999
1951;01; 9999; 9999; 9999; 9999; 9999; 9999; 9999; 9999; 9999; 9999; 9999; 9999; 9999; 9999; 9999; 9999; 9999; 9999; 9999; 9999; 9999; 9999; 9999; 9999; 9999; 9999; 9999; 9999; 9999; 9999; 9999
1951;02; 9999; 9999; 9999; 9999; 9999; 9999; 9999; 9999; 9999; 9999; 9999; 9999; 9999; 9999; 9999; 9999; 9999; 9999; 9999; 9999; 9999; 9999; 9999; 9999; 9999; 9999; 9999; 9999; 9999; 9999; 9999
1951;03; 9999; 9999; 9999; 9999; 9999; 9999; 9999; 9999; 9999; 9999; 9999; 9999; 9999; 9999; 9999; 9999; 9999; 9999; 9999; 9999; 9999; 9999; 9999; 9999; 9999; 9999; 9999; 9999; 9999; 9999; 9999
1951;04; 9999; 9999; 9999; 9999; 9999; 9999; 9999; 9999; 9999; 9999; 9999; 9999; 9999; 9999; 9999; 9999; 9999; 9999; 9999; 9999; 9999; 9999; 9999; 9999; 9999; 9999; 9999; 9999; 9999; 9999; 9999
1951;05; 9999; 9999; 9999; 9999; 9999; 9999; 9999; 9999; 9999; 9999; 9999; 9999; 9999; 9999; 9999; 9999; 9999; 9999; 9999; 9999; 9999; 9999; 9999; 9999; 9999; 9999; 9999; 9999; 9999; 9999; 9999
1951;06; 9999; 9999; 9999; 9999; 9999; 9999; 9999; 9999; 9999; 9999; 9999; 9999; 9999; 9999; 9999; 9999; 9999; 9999; 9999; 9999; 9999; 9999; 9999; 9999; 9999; 9999; 9999; 9999; 9999; 9999; 9999
1951;07; 9999; 9999; 9999; 9999; 9999; 9999; 9999; 9999; 9999; 9999; 9999; 9999; 9999; 9999; 9999; 9999; 9999; 9999; 9999; 9999; 9999; 9999; 9999; 9999; 9999; 9999; 9999; 9999; 9999; 9999; 9999
1951;08; 9999; 9999; 9999; 9999; 9999; 9999; 9999; 9999; 9999; 9999; 9999; 9999; 9999; 9999; 9999; 9999; 9999; 9999; 9999; 9999; 9999; 9999; 9999; 9999; 9999; 9999; 9999; 9999; 9999; 9999; 9999
1951;09; 9999; 9999; 9999; 9999; 9999; 9999; 9999; 9999; 9999; 9999; 9999; 9999; 9999; 9999; 9999; 9999; 9999; 9999; 9999; 9999; 9999; 9999; 9999; 9999; 9999; 9999; 9999; 9999; 9999; 9999; 9999
1951;10; 9999; 9999; 9999; 9999; 9999; 9999; 9999; 9999; 9999; 9999; 9999; 9999; 9999; 9999; 9999; 9999; 9999; 9999; 9999; 9999; 9999; 9999; 9999; 9999; 9999; 9999; 9999; 9999; 9999; 9999; 9999
1951;11; 9999; 9999; 9999; 9999; 9999; 9999; 9999; 9999; 9999; 9999; 9999; 9999; 9999; 9999; 9999; 9999; 9999; 9999; 9999; 9999; 9999; 9999; 9999; 9999; 9999; 9999; 9999; 9999; 9999; 9999; 9999
1951;12; 9999; 9999; 9999; 9999; 9999; 9999; 9999; 9999; 9999; 9999; 9999; 9999; 9999; 9999; 9999; 9999; 9999; 9999; 9999; 9999; 9999; 9999; 9999; 9999; 9999; 9999; 9999; 9999; 9999; 9999; 9999
1952;01; 9999; 9999; 9999; 9999; 9999; 9999; 9999; 9999; 9999; 9999; 9999; 9999; 9999; 9999; 9999; 9999; 9999; 9999; 9999; 9999; 9999; 9999; 9999; 9999; 9999; 9999; 9999; 9999; 9999; 9999; 9999
1952;02; 9999; 9999; 9999; 9999; 9999; 9999; 9999; 9999; 9999; 9999; 9999; 9999; 9999; 9999; 9999; 9999; 9999; 9999; 9999; 9999; 9999; 9999; 9999; 9999; 9999; 9999; 9999; 9999; 9999; 9999; 9999
1952;03; 9999; 9999; 9999; 9999; 9999; 9999; 9999; 9999; 9999; 9999; 9999; 9999; 9999; 9999; 9999; 9999; 9999; 9999; 9999; 9999; 9999; 9999; 9999; 9999; 9999; 9999; 9999; 9999; 9999; 9999; 9999
1952;04; 9999; 9999; 9999; 9999; 9999; 9999; 9999; 9999; 9999; 9999; 9999; 9999; 9999; 9999; 9999; 9999; 9999; 9999; 9999; 9999; 9999; 9999; 9999; 9999; 9999; 9999; 9999; 9999; 9999; 9999; 9999
1952;05; 9999; 9999; 9999; 9999; 9999; 9999; 9999; 9999; 9999; 9999; 9999; 9999; 9999; 9999; 9999; 9999; 9999; 9999; 9999; 9999; 9999; 9999; 9999; 9999; 9999; 9999; 9999; 9999; 9999; 9999; 9999
1952;06; 9999; 9999; 9999; 9999; 9999; 9999; 9999; 9999; 9999; 9999; 9999; 9999; 9999; 9999; 9999; 9999; 9999; 9999; 9999; 9999; 9999; 9999; 9999; 9999; 9999; 9999; 9999; 9999; 9999; 9999; 9999
1952;07; 9999; 9999; 9999; 9999; 9999; 9999; 9999; 9999; 9999; 9999; 9999; 9999; 9999; 9999; 9999; 9999; 9999; 9999; 9999; 9999; 9999; 9999; 9999; 9999; 9999; 9999; 9999; 9999; 9999; 9999; 9999
1952;08; 9999; 9999; 9999; 9999; 9999; 9999; 9999; 9999; 9999; 9999; 9999; 9999; 9999; 9999; 9999; 9999; 9999; 9999; 9999; 9999; 9999; 9999; 9999; 9999; 9999; 9999; 9999; 9999; 9999; 9999; 9999
1952;09; 9999; 9999; 9999; 9999; 9999; 9999; 9999; 9999; 9999; 9999; 9999; 9999; 9999; 9999; 9999; 9999; 9999; 9999; 9999; 9999; 9999; 9999; 9999; 9999; 9999; 9999; 9999; 9999; 9999; 9999; 9999
1952;10; 9999; 9999; 9999; 9999; 9999; 9999; 9999; 9999; 9999; 9999; 9999; 9999; 9999; 9999; 9999; 9999; 9999; 9999; 9999; 9999; 9999; 9999; 9999; 9999; 9999; 9999; 9999; 9999; 9999; 9999; 9999
1952;11; 9999; 9999; 9999; 9999; 9999; 9999; 9999; 9999; 9999; 9999; 9999; 9999; 9999; 9999; 9999; 9999; 9999; 9999; 9999; 9999; 9999; 9999; 9999; 9999; 9999; 9999; 9999; 9999; 9999; 9999; 9999
1952;12; 9999; 9999; 9999; 9999; 9999; 9999; 9999; 9999; 9999; 9999; 9999; 9999; 9999; 9999; 9999; 9999; 9999; 9999; 9999; 9999; 9999; 9999; 9999; 9999; 9999; 9999; 9999; 9999; 9999; 9999; 9999
1953;01; 9999; 9999; 9999; 9999; 9999; 9999; 9999; 9999; 9999; 9999; 9999; 9999; 9999; 9999; 9999; 9999; 9999; 9999; 9999; 9999; 9999; 9999; 9999; 9999; 9999; 9999; 9999; 9999; 9999; 9999; 9999
1953;02; 9999; 9999; 9999; 9999; 9999; 9999; 9999; 9999; 9999; 9999; 9999; 9999; 9999; 9999; 9999; 9999; 9999; 9999; 9999; 9999; 9999; 9999; 9999; 9999; 9999; 9999; 9999; 9999; 9999; 9999; 9999
1953;03; 9999; 9999; 9999; 9999; 9999; 9999; 9999; 9999; 9999; 9999; 9999; 9999; 9999; 9999; 9999; 9999; 9999; 9999; 9999; 9999; 9999; 9999; 9999; 9999; 9999; 9999; 9999; 9999; 9999; 9999; 9999
1953;04; 9999; 9999; 9999; 9999; 9999; 9999; 9999; 9999; 9999; 9999; 9999; 9999; 9999; 9999; 9999; 9999; 9999; 9999; 9999; 9999; 9999; 9999; 9999; 9999; 9999; 9999; 9999; 9999; 9999; 9999; 9999
1953;05; 9999; 9999; 9999; 9999; 9999; 9999; 9999; 9999; 9999; 9999; 9999; 9999; 9999; 9999; 9999; 9999; 9999; 9999; 9999; 9999; 9999; 9999; 9999; 9999; 9999; 9999; 9999; 9999; 9999; 9999; 9999
1953;06; 9999; 9999; 9999; 9999; 9999; 9999; 9999; 9999; 9999; 9999; 9999; 9999; 9999; 9999; 9999; 9999; 9999; 9999; 9999; 9999; 9999; 9999; 9999; 9999; 9999; 9999; 9999; 9999; 9999; 9999; 9999
1953;07; 9999; 9999; 9999; 9999; 9999; 9999; 9999; 9999; 9999; 9999; 9999; 9999; 9999; 9999; 9999; 9999; 9999; 9999; 9999; 9999; 9999; 9999; 9999; 9999; 9999; 9999; 9999; 9999; 9999; 9999; 9999
1953;08; 9999; 9999; 9999; 9999; 9999; 9999; 9999; 9999; 9999; 9999; 9999; 9999; 9999; 9999; 9999; 9999; 9999; 9999; 9999; 9999; 9999; 9999; 9999; 9999; 9999; 9999; 9999; 9999; 9999; 9999; 9999
1953;09; 9999; 9999; 9999; 9999; 9999; 9999; 9999; 9999; 9999; 9999; 9999; 9999; 9999; 9999; 9999; 9999; 9999; 9999; 9999; 9999; 9999; 9999; 9999; 9999; 9999; 9999; 9999; 9999; 9999; 9999; 9999
1953;10; 9999; 9999; 9999; 9999; 9999; 9999; 9999; 9999; 9999; 9999; 9999; 9999; 9999; 9999; 9999; 9999; 9999; 9999; 9999; 9999; 9999; 9999; 9999; 9999; 9999; 9999; 9999; 9999; 9999; 9999; 9999
1953;11; 9999; 9999; 9999; 9999; 9999; 9999; 9999; 9999; 9999; 9999; 9999; 9999; 9999; 9999; 9999; 9999; 9999; 9999; 9999; 9999; 9999; 9999; 9999; 9999; 9999; 9999; 9999; 9999; 9999; 9999; 9999
1953;12; 9999; 9999; 9999; 9999; 9999; 9999; 9999; 9999; 9999; 9999; 9999; 9999; 9999; 9999; 9999; 9999; 9999; 9999; 9999; 9999; 9999; 9999; 9999; 9999; 9999; 9999; 9999; 9999; 9999; 9999; 9999
1954;01; 9999; 9999; 9999; 9999; 9999; 9999; 9999; 9999; 9999; 9999; 9999; 9999; 9999; 9999; 9999; 9999; 9999; 9999; 9999; 9999; 9999; 9999; 9999; 9999; 9999; 9999; 9999; 9999; 9999; 9999; 9999
1954;02; 9999; 9999; 9999; 9999; 9999; 9999; 9999; 9999; 9999; 9999; 9999; 9999; 9999; 9999; 9999; 9999; 9999; 9999; 9999; 9999; 9999; 9999; 9999; 9999; 9999; 9999; 9999; 9999; 9999; 9999; 9999
1954;03; 9999; 9999; 9999; 9999; 9999; 9999; 9999; 9999; 9999; 9999; 9999; 9999; 9999; 9999; 9999; 9999; 9999; 9999; 9999; 9999; 9999; 9999; 9999; 9999; 9999; 9999; 9999; 9999; 9999; 9999; 9999
1954;04; 9999; 9999; 9999; 9999; 9999; 9999; 9999; 9999; 9999; 9999; 9999; 9999; 9999; 9999; 9999; 9999; 9999; 9999; 9999; 9999; 9999; 9999; 9999; 9999; 9999; 9999; 9999; 9999; 9999; 9999; 9999
1954;05; 9999; 9999; 9999; 9999; 9999; 9999; 9999; 9999; 9999; 9999; 9999; 9999; 9999; 9999; 9999; 9999; 9999; 9999; 9999; 9999; 9999; 9999; 9999; 9999; 9999; 9999; 9999; 9999; 9999; 9999; 9999
1954;06; 9999; 9999; 9999; 9999; 9999; 9999; 9999; 9999; 9999; 9999; 9999; 9999; 9999; 9999; 9999; 9999; 9999; 9999; 9999; 9999; 9999; 9999; 9999; 9999; 9999; 9999; 9999; 9999; 9999; 9999; 9999
1954;07; 9999; 9999; 9999; 9999; 9999; 9999; 9999; 9999; 9999; 9999; 9999; 9999; 9999; 9999; 9999; 9999; 9999; 9999; 9999; 9999; 9999; 9999; 9999; 9999; 9999; 9999; 9999; 9999; 9999; 9999; 9999
1954;08; 9999; 9999; 9999; 9999; 9999; 9999; 9999; 9999; 9999; 9999; 9999; 9999; 9999; 9999; 9999; 9999; 9999; 9999; 9999; 9999; 9999; 9999; 9999; 9999; 9999; 9999; 9999; 9999; 9999; 9999; 9999
1954;09; 9999; 9999; 9999; 9999; 9999; 9999; 9999; 9999; 9999; 9999; 9999; 9999; 9999; 9999; 9999; 9999; 9999; 9999; 9999; 9999; 9999; 9999; 9999; 9999; 9999; 9999; 9999; 9999; 9999; 9999; 9999
1954;10; 9999; 9999; 9999; 9999; 9999; 9999; 9999; 9999; 9999; 9999; 9999; 9999; 9999; 9999; 9999; 9999; 9999; 9999; 9999; 9999; 9999; 9999; 9999; 9999; 9999; 9999; 9999; 9999; 9999; 9999; 9999
1954;11; 9999; 9999; 9999; 9999; 9999; 9999; 9999; 9999; 9999; 9999; 9999; 9999; 9999; 9999; 9999; 9999; 9999; 9999; 9999; 9999; 9999; 9999; 9999; 9999; 9999; 9999; 9999; 9999; 9999; 9999; 9999
1954;12; 9999; 9999; 9999; 9999; 9999; 9999; 9999; 9999; 9999; 9999; 9999; 9999; 9999; 9999; 9999; 9999; 9999; 9999; 9999; 9999; 9999; 9999; 9999; 9999; 9999; 9999; 9999; 9999; 9999; 9999; 9999
1955;01; 9999; 9999; 9999; 9999; 9999; 9999; 9999; 9999; 9999; 9999; 9999; 9999; 9999; 9999; 9999; 9999; 9999; 9999; 9999; 9999; 9999; 9999; 9999; 9999; 9999; 9999; 9999; 9999; 9999; 9999; 9999
1955;02; 9999; 9999; 9999; 9999; 9999; 9999; 9999; 9999; 9999; 9999; 9999; 9999; 9999; 9999; 9999; 9999; 9999; 9999; 9999; 9999; 9999; 9999; 9999; 9999; 9999; 9999; 9999; 9999; 9999; 9999; 9999
1955;03; 9999; 9999; 9999; 9999; 9999; 9999; 9999; 9999; 9999; 9999; 9999; 9999; 9999; 9999; 9999; 9999; 9999; 9999; 9999; 9999; 9999; 9999; 9999; 9999; 9999; 9999; 9999; 9999; 9999; 9999; 9999
1955;04; 9999; 9999; 9999; 9999; 9999; 9999; 9999; 9999; 9999; 9999; 9999; 9999; 9999; 9999; 9999; 9999; 9999; 9999; 9999; 9999; 9999; 9999; 9999; 9999; 9999; 9999; 9999; 9999; 9999; 9999; 9999
1955;05; 9999; 9999; 9999; 9999; 9999; 9999; 9999; 9999; 9999; 9999; 9999; 9999; 9999; 9999; 9999; 9999; 9999; 9999; 9999; 9999; 9999; 9999; 9999; 9999; 9999; 9999; 9999; 9999; 9999; 9999; 9999
1955;06; 9999; 9999; 9999; 9999; 9999; 9999; 9999; 9999; 9999; 9999; 9999; 9999; 9999; 9999; 9999; 9999; 9999; 9999; 9999; 9999; 9999; 9999; 9999; 9999; 9999; 9999; 9999; 9999; 9999; 9999; 9999
1955;07; 9999; 9999; 9999; 9999; 9999; 9999; 9999; 9999; 9999; 9999; 9999; 9999; 9999; 9999; 9999; 9999; 9999; 9999; 9999; 9999; 9999; 9999; 9999; 9999; 9999; 9999; 9999; 9999; 9999; 9999; 9999
1955;08; 9999; 9999; 9999; 9999; 9999; 9999; 9999; 9999; 9999; 9999; 9999; 9999; 9999; 9999; 9999; 9999; 9999; 9999; 9999; 9999; 9999; 9999; 9999; 9999; 9999; 9999; 9999; 9999; 9999; 9999; 9999
1955;09; 9999; 9999; 9999; 9999; 9999; 9999; 9999; 9999; 9999; 9999; 9999; 9999; 9999; 9999; 9999; 9999; 9999; 9999; 9999; 9999; 9999; 9999; 9999; 9999; 9999; 9999; 9999; 9999; 9999; 9999; 9999
1955;10; 9999; 9999; 9999; 9999; 9999; 9999; 9999; 9999; 9999; 9999; 9999; 9999; 9999; 9999; 9999; 9999; 9999; 9999; 9999; 9999; 9999; 9999; 9999; 9999; 9999; 9999; 9999; 9999; 9999; 9999; 9999
1955;11; 9999; 9999; 9999; 9999; 9999; 9999; 9999; 9999; 9999; 9999; 9999; 9999; 9999; 9999; 9999; 9999; 9999; 9999; 9999; 9999; 9999; 9999; 9999; 9999; 9999; 9999; 9999; 9999; 9999; 9999; 9999
1955;12; 9999; 9999; 9999; 9999; 9999; 9999; 9999; 9999; 9999; 9999; 9999; 9999; 9999; 9999; 9999; 9999; 9999; 9999; 9999; 9999; 9999; 9999; 9999; 9999; 9999; 9999; 9999; 9999; 9999; 9999; 9999
1956;01; 9999; 9999; 9999; 9999; 9999; 9999; 9999; 9999; 9999; 9999; 9999; 9999; 9999; 9999; 9999; 9999; 9999; 9999; 9999; 9999; 9999; 9999; 9999; 9999; 9999; 9999; 9999; 9999; 9999; 9999; 9999
1956;02; 9999; 9999; 9999; 9999; 9999; 9999; 9999; 9999; 9999; 9999; 9999; 9999; 9999; 9999; 9999; 9999; 9999; 9999; 9999; 9999; 9999; 9999; 9999; 9999; 9999; 9999; 9999; 9999; 9999; 9999; 9999
1956;03; 9999; 9999; 9999; 9999; 9999; 9999; 9999; 9999; 9999; 9999; 9999; 9999; 9999; 9999; 9999; 9999; 9999; 9999; 9999; 9999; 9999; 9999; 9999; 9999; 9999; 9999; 9999; 9999; 9999; 9999; 9999
1956;04; 9999; 9999; 9999; 9999; 9999; 9999; 9999; 9999; 9999; 9999; 9999; 9999; 9999; 9999; 9999; 9999; 9999; 9999; 9999; 9999; 9999; 9999; 9999; 9999; 9999; 9999; 9999; 9999; 9999; 9999; 9999
1956;05; 9999; 9999; 9999; 9999; 9999; 9999; 9999; 9999; 9999; 9999; 9999; 9999; 9999; 9999; 9999; 9999; 9999; 9999; 9999; 9999; 9999; 9999; 9999; 9999; 9999; 9999; 9999; 9999; 9999; 9999; 9999
1956;06; 9999; 9999; 9999; 9999; 9999; 9999; 9999; 9999; 9999; 9999; 9999; 9999; 9999; 9999; 9999; 9999; 9999; 9999; 9999; 9999; 9999; 9999; 9999; 9999; 9999; 9999; 9999; 9999; 9999; 9999; 9999
1956;07; 9999; 9999; 9999; 9999; 9999; 9999; 9999; 9999; 9999; 9999; 9999; 9999; 9999; 9999; 9999; 9999; 9999; 9999; 9999; 9999; 9999; 9999; 9999; 9999; 9999; 9999; 9999; 9999; 9999; 9999; 9999
1956;08; 9999; 9999; 9999; 9999; 9999; 9999; 9999; 9999; 9999; 9999; 9999; 9999; 9999; 9999; 9999; 9999; 9999; 9999; 9999; 9999; 9999; 9999; 9999; 9999; 9999; 9999; 9999; 9999; 9999; 9999; 9999
1956;09; 9999; 9999; 9999; 9999; 9999; 9999; 9999; 9999; 9999; 9999; 9999; 9999; 9999; 9999; 9999; 9999; 9999; 9999; 9999; 9999; 9999; 9999; 9999; 9999; 9999; 9999; 9999; 9999; 9999; 9999; 9999
1956;10; 9999; 9999; 9999; 9999; 9999; 9999; 9999; 9999; 9999; 9999; 9999; 9999; 9999; 9999; 9999; 9999; 9999; 9999; 9999; 9999; 9999; 9999; 9999; 9999; 9999; 9999; 9999; 9999; 9999; 9999; 9999
1956;11; 9999; 9999; 9999; 9999; 9999; 9999; 9999; 9999; 9999; 9999; 9999; 9999; 9999; 9999; 9999; 9999; 9999; 9999; 9999; 9999; 9999; 9999; 9999; 9999; 9999; 9999; 9999; 9999; 9999; 9999; 9999
1956;12; 9999; 9999; 9999; 9999; 9999; 9999; 9999; 9999; 9999; 9999; 9999; 9999; 9999; 9999; 9999; 9999; 9999; 9999; 9999; 9999; 9999; 9999; 9999; 9999; 9999; 9999; 9999; 9999; 9999; 9999; 9999
1957;01; 9999; 9999; 9999; 9999; 9999; 9999; 9999; 9999; 9999; 9999; 9999; 9999; 9999; 9999; 9999; 9999; 9999; 9999; 9999; 9999; 9999; 9999; 9999; 9999; 9999; 9999; 9999; 9999; 9999; 9999; 9999
1957;02; 9999; 9999; 9999; 9999; 9999; 9999; 9999; 9999; 9999; 9999; 9999; 9999; 9999; 9999; 9999; 9999; 9999; 9999; 9999; 9999; 9999; 9999; 9999; 9999; 9999; 9999; 9999; 9999; 9999; 9999; 9999
1957;03; 9999; 9999; 9999; 9999; 9999; 9999; 9999; 9999; 9999; 9999; 9999; 9999; 9999; 9999; 9999; 9999; 9999; 9999; 9999; 9999; 9999; 9999; 9999; 9999; 9999; 9999; 9999; 9999; 9999; 9999; 9999
1957;04; 9999; 9999; 9999; 9999; 9999; 9999; 9999; 9999; 9999; 9999; 9999; 9999; 9999; 9999; 9999; 9999; 9999; 9999; 9999; 9999; 9999; 9999; 9999; 9999; 9999; 9999; 9999; 9999; 9999; 9999; 9999
1957;05; 9999; 9999; 9999; 9999; 9999; 9999; 9999; 9999; 9999; 9999; 9999; 9999; 9999; 9999; 9999; 9999; 9999; 9999; 9999; 9999; 9999; 9999; 9999; 9999; 9999; 9999; 9999; 9999; 9999; 9999; 9999
1957;06; 9999; 9999; 9999; 9999; 9999; 9999; 9999; 9999; 9999; 9999; 9999; 9999; 9999; 9999; 9999; 9999; 9999; 9999; 9999; 9999; 9999; 9999; 9999; 9999; 9999; 9999; 9999; 9999; 9999; 9999; 9999
1957;07; 9999; 9999; 9999; 9999; 9999; 9999; 9999; 9999; 9999; 9999; 9999; 9999; 9999; 9999; 9999; 9999; 9999; 9999; 9999; 9999; 9999; 9999; 9999; 9999; 9999; 9999; 9999; 9999; 9999; 9999; 9999
1957;08; 9999; 9999; 9999; 9999; 9999; 9999; 9999; 9999; 9999; 9999; 9999; 9999; 9999; 9999; 9999; 9999; 9999; 9999; 9999; 9999; 9999; 9999; 9999; 9999; 9999; 9999; 9999; 9999; 9999; 9999; 9999
1957;09; 9999; 9999; 9999; 9999; 9999; 9999; 9999; 9999; 9999; 9999; 9999; 9999; 9999; 9999; 9999; 9999; 9999; 9999; 9999; 9999; 9999; 9999; 9999; 9999; 9999; 9999; 9999; 9999; 9999; 9999; 9999
1957;10; 9999; 9999; 9999; 9999; 9999; 9999; 9999; 9999; 9999; 9999; 9999; 9999; 9999; 9999; 9999; 9999; 9999; 9999; 9999; 9999; 9999; 9999; 9999; 9999; 9999; 9999; 9999; 9999; 9999; 9999; 9999
1957;11; 9999; 9999; 9999; 9999; 9999; 9999; 9999; 9999; 9999; 9999; 9999; 9999; 9999; 9999; 9999; 9999; 9999; 9999; 9999; 9999; 9999; 9999; 9999; 9999; 9999; 9999; 9999; 9999; 9999; 9999; 9999
1957;12; 9999; 9999; 9999; 9999; 9999; 9999; 9999; 9999; 9999; 9999; 9999; 9999; 9999; 9999; 9999; 9999; 9999; 9999; 9999; 9999; 9999; 9999; 9999; 9999; 9999; 9999; 9999; 9999; 9999; 9999; 9999
1958;01; 9999; 9999; 9999; 9999; 9999; 9999; 9999; 9999; 9999; 9999; 9999; 9999; 9999; 9999; 9999; 9999; 9999; 9999; 9999; 9999; 9999; 9999; 9999; 9999; 9999; 9999; 9999; 9999; 9999; 9999; 9999
1958;02; 9999; 9999; 9999; 9999; 9999; 9999; 9999; 9999; 9999; 9999; 9999; 9999; 9999; 9999; 9999; 9999; 9999; 9999; 9999; 9999; 9999; 9999; 9999; 9999; 9999; 9999; 9999; 9999; 9999; 9999; 9999
1958;03; 9999; 9999; 9999; 9999; 9999; 9999; 9999; 9999; 9999; 9999; 9999; 9999; 9999; 9999; 9999; 9999; 9999; 9999; 9999; 9999; 9999; 9999; 9999; 9999; 9999; 9999; 9999; 9999; 9999; 9999; 9999
1958;04; 9999; 9999; 9999; 9999; 9999; 9999; 9999; 9999; 9999; 9999; 9999; 9999; 9999; 9999; 9999; 9999; 9999; 9999; 9999; 9999; 9999; 9999; 9999; 9999; 9999; 9999; 9999; 9999; 9999; 9999; 9999
1958;05; 9999; 9999; 9999; 9999; 9999; 9999; 9999; 9999; 9999; 9999; 9999; 9999; 9999; 9999; 9999; 9999; 9999; 9999; 9999; 9999; 9999; 9999; 9999; 9999; 9999; 9999; 9999; 9999; 9999; 9999; 9999
1958;06; 9999; 9999; 9999; 9999; 9999; 9999; 9999; 9999; 9999; 9999; 9999; 9999; 9999; 9999; 9999; 9999; 9999; 9999; 9999; 9999; 9999; 9999; 9999; 9999; 9999; 9999; 9999; 9999; 9999; 9999; 9999
1958;07; 9999; 9999; 9999; 9999; 9999; 9999; 9999; 9999; 9999; 9999; 9999; 9999; 9999; 9999; 9999; 9999; 9999; 9999; 9999; 9999; 9999; 9999; 9999; 9999; 9999; 9999; 9999; 9999; 9999; 9999; 9999
1958;08; 9999; 9999; 9999; 9999; 9999; 9999; 9999; 9999; 9999; 9999; 9999; 9999; 9999; 9999; 9999; 9999; 9999; 9999; 9999; 9999; 9999; 9999; 9999; 9999; 9999; 9999; 9999; 9999; 9999; 9999; 9999
1958;09; 9999; 9999; 9999; 9999; 9999; 9999; 9999; 9999; 9999; 9999; 9999; 9999; 9999; 9999; 9999; 9999; 9999; 9999; 9999; 9999; 9999; 9999; 9999; 9999; 9999; 9999; 9999; 9999; 9999; 9999; 9999
1958;10; 9999; 9999; 9999; 9999; 9999; 9999; 9999; 9999; 9999; 9999; 9999; 9999; 9999; 9999; 9999; 9999; 9999; 9999; 9999; 9999; 9999; 9999; 9999; 9999; 9999; 9999; 9999; 9999; 9999; 9999; 9999
1958;11; 9999; 9999; 9999; 9999; 9999; 9999; 9999; 9999; 9999; 9999; 9999; 9999; 9999; 9999; 9999; 9999; 9999; 9999; 9999; 9999; 9999; 9999; 9999; 9999; 9999; 9999; 9999; 9999; 9999; 9999; 9999
1958;12; 9999; 9999; 9999; 9999; 9999; 9999; 9999; 9999; 9999; 9999; 9999; 9999; 9999; 9999; 9999; 9999; 9999; 9999; 9999; 9999; 9999; 9999; 9999; 9999; 9999; 9999; 9999; 9999; 9999; 9999; 9999
1959;01; 9999; 9999; 9999; 9999; 9999; 9999; 9999; 9999; 9999; 9999; 9999; 9999; 9999; 9999; 9999; 9999; 9999; 9999; 9999; 9999; 9999; 9999; 9999; 9999; 9999; 9999; 9999; 9999; 9999; 9999; 9999
1959;02; 9999; 9999; 9999; 9999; 9999; 9999; 9999; 9999; 9999; 9999; 9999; 9999; 9999; 9999; 9999; 9999; 9999; 9999; 9999; 9999; 9999; 9999; 9999; 9999; 9999; 9999; 9999; 9999; 9999; 9999; 9999
1959;03; 9999; 9999; 9999; 9999; 9999; 9999; 9999; 9999; 9999; 9999; 9999; 9999; 9999; 9999; 9999; 9999; 9999; 9999; 9999; 9999; 9999; 9999; 9999; 9999; 9999; 9999; 9999; 9999; 9999; 9999; 9999
1959;04; 9999; 9999; 9999; 9999; 9999; 9999; 9999; 9999; 9999; 9999; 9999; 9999; 9999; 9999; 9999; 9999; 9999; 9999; 9999; 9999; 9999; 9999; 9999; 9999; 9999; 9999; 9999; 9999; 9999; 9999; 9999
1959;05; 9999; 9999; 9999; 9999; 9999; 9999; 9999; 9999; 9999; 9999; 9999; 9999; 9999; 9999; 9999; 9999; 9999; 9999; 9999; 9999; 9999; 9999; 9999; 9999; 9999; 9999; 9999; 9999; 9999; 9999; 9999
1959;06; 9999; 9999; 9999; 9999; 9999; 9999; 9999; 9999; 9999; 9999; 9999; 9999; 9999; 9999; 9999; 9999; 9999; 9999; 9999; 9999; 9999; 9999; 9999; 9999; 9999; 9999; 9999; 9999; 9999; 9999; 9999
1959;07; 9999; 9999; 9999; 9999; 9999; 9999; 9999; 9999; 9999; 9999; 9999; 9999; 9999; 9999; 9999; 9999; 9999; 9999; 9999; 9999; 9999; 9999; 9999; 9999; 9999; 9999; 9999; 9999; 9999; 9999; 9999
1959;08; 9999; 9999; 9999; 9999; 9999; 9999; 9999; 9999; 9999; 9999; 9999; 9999; 9999; 9999; 9999; 9999; 9999; 9999; 9999; 9999; 9999; 9999; 9999; 9999; 9999; 9999; 9999; 9999; 9999; 9999; 9999
1959;09; 9999; 9999; 9999; 9999; 9999; 9999; 9999; 9999; 9999; 9999; 9999; 9999; 9999; 9999; 9999; 9999; 9999; 9999; 9999; 9999; 9999; 9999; 9999; 9999; 9999; 9999; 9999; 9999; 9999; 9999; 9999
1959;10; 9999; 9999; 9999; 9999; 9999; 9999; 9999; 9999; 9999; 9999; 9999; 9999; 9999; 9999; 9999; 9999; 9999; 9999; 9999; 9999; 9999; 9999; 9999; 9999; 9999; 9999; 9999; 9999; 9999; 9999; 9999
1959;11; 9999; 9999; 9999; 9999; 9999; 9999; 9999; 9999; 9999; 9999; 9999; 9999; 9999; 9999; 9999; 9999; 9999; 9999; 9999; 9999; 9999; 9999; 9999; 9999; 9999; 9999; 9999; 9999; 9999; 9999; 9999
1959;12; 9999; 9999; 9999; 9999; 9999; 9999; 9999; 9999; 9999; 9999; 9999; 9999; 9999; 9999; 9999; 9999; 9999; 9999; 9999; 9999; 9999; 9999; 9999; 9999; 9999; 9999; 9999; 9999; 9999; 9999; 9999
1960;01; 9999; 9999; 9999; 9999; 9999; 9999; 9999; 9999; 9999; 9999; 9999; 9999; 9999; 9999; 9999; 9999; 9999; 9999; 9999; 9999; 9999; 9999; 9999; 9999; 9999; 9999; 9999; 9999; 9999; 9999; 9999
1960;02; 9999; 9999; 9999; 9999; 9999; 9999; 9999; 9999; 9999; 9999; 9999; 9999; 9999; 9999; 9999; 9999; 9999; 9999; 9999; 9999; 9999; 9999; 9999; 9999; 9999; 9999; 9999; 9999; 9999; 9999; 9999
1960;03; 9999; 9999; 9999; 9999; 9999; 9999; 9999; 9999; 9999; 9999; 9999; 9999; 9999; 9999; 9999; 9999; 9999; 9999; 9999; 9999; 9999; 9999; 9999; 9999; 9999; 9999; 9999; 9999; 9999; 9999; 9999
1960;04; 9999; 9999; 9999; 9999; 9999; 9999; 9999; 9999; 9999; 9999; 9999; 9999; 9999; 9999; 9999; 9999; 9999; 9999; 9999; 9999; 9999; 9999; 9999; 9999; 9999; 9999; 9999; 9999; 9999; 9999; 9999
1960;05; 9999; 9999; 9999; 9999; 9999; 9999; 9999; 9999; 9999; 9999; 9999; 9999; 9999; 9999; 9999; 9999; 9999; 9999; 9999; 9999; 9999; 9999; 9999; 9999; 9999; 9999; 9999; 9999; 9999; 9999; 9999
1960;06; 9999; 9999; 9999; 9999; 9999; 9999; 9999; 9999; 9999; 9999; 9999; 9999; 9999; 9999; 9999; 9999; 9999; 9999; 9999; 9999; 9999; 9999; 9999; 9999; 9999; 9999; 9999; 9999; 9999; 9999; 9999
1960;07; 9999; 9999; 9999; 9999; 9999; 9999; 9999; 9999; 9999; 9999; 9999; 9999; 9999; 9999; 9999; 9999; 9999; 9999; 9999; 9999; 9999; 9999; 9999; 9999; 9999; 9999; 9999; 9999; 9999; 9999; 9999
1960;08; 9999; 9999; 9999; 9999; 9999; 9999; 9999; 9999; 9999; 9999; 9999; 9999; 9999; 9999; 9999; 9999; 9999; 9999; 9999; 9999; 9999; 9999; 9999; 9999; 9999; 9999; 9999; 9999; 9999; 9999; 9999
1960;09; 9999; 9999; 9999; 9999; 9999; 9999; 9999; 9999; 9999; 9999; 9999; 9999; 9999; 9999; 9999; 9999; 9999; 9999; 9999; 9999; 9999; 9999; 9999; 9999; 9999; 9999; 9999; 9999; 9999; 9999; 9999
1960;10; 9999; 9999; 9999; 9999; 9999; 9999; 9999; 9999; 9999; 9999; 9999; 9999; 9999; 9999; 9999; 9999; 9999; 9999; 9999; 9999; 9999; 9999; 9999; 9999; 9999; 9999; 9999; 9999; 9999; 9999; 9999
1960;11; 9999; 9999; 9999; 9999; 9999; 9999; 9999; 9999; 9999; 9999; 9999; 9999; 9999; 9999; 9999; 9999; 9999; 9999; 9999; 9999; 9999; 9999; 9999; 9999; 9999; 9999; 9999; 9999; 9999; 9999; 9999
1960;12; 9999; 9999; 9999; 9999; 9999; 9999; 9999; 9999; 9999; 9999; 9999; 9999; 9999; 9999; 9999; 9999; 9999; 9999; 9999; 9999; 9999; 9999; 9999; 9999; 9999; 9999; 9999; 9999; 9999; 9999; 9999
1961;01; 9999; 9999; 9999; 9999; 9999; 9999; 9999; 9999; 9999; 9999; 9999; 9999; 9999; 9999; 9999; 9999; 9999; 9999; 9999; 9999; 9999; 9999; 9999; 9999; 9999; 9999; 9999; 9999; 9999; 9999; 9999
1961;02; 9999; 9999; 9999; 9999; 9999; 9999; 9999; 9999; 9999; 9999; 9999; 9999; 9999; 9999; 9999; 9999; 9999; 9999; 9999; 9999; 9999; 9999; 9999; 9999; 9999; 9999; 9999; 9999; 9999; 9999; 9999
1961;03; 9999; 9999; 9999; 9999; 9999; 9999; 9999; 9999; 9999; 9999; 9999; 9999; 9999; 9999; 9999; 9999; 9999; 9999; 9999; 9999; 9999; 9999; 9999; 9999; 9999; 9999; 9999; 9999; 9999; 9999; 9999
1961;04; 9999; 9999; 9999; 9999; 9999; 9999; 9999; 9999; 9999; 9999; 9999; 9999; 9999; 9999; 9999; 9999; 9999; 9999; 9999; 9999; 9999; 9999; 9999; 9999; 9999; 9999; 9999; 9999; 9999; 9999; 9999
1961;05; 9999; 9999; 9999; 9999; 9999; 9999; 9999; 9999; 9999; 9999; 9999; 9999; 9999; 9999; 9999; 9999; 9999; 9999; 9999; 9999; 9999; 9999; 9999; 9999; 9999; 9999; 9999; 9999; 9999; 9999; 9999
1961;06; 9999; 9999; 9999; 9999; 9999; 9999; 9999; 9999; 9999; 9999; 9999; 9999; 9999; 9999; 9999; 9999; 9999; 9999; 9999; 9999; 9999; 9999; 9999; 9999; 9999; 9999; 9999; 9999; 9999; 9999; 9999
1961;07; 9999; 9999; 9999; 9999; 9999; 9999; 9999; 9999; 9999; 9999; 9999; 9999; 9999; 9999; 9999; 9999; 9999; 9999; 9999; 9999; 9999; 9999; 9999; 9999; 9999; 9999; 9999; 9999; 9999; 9999; 9999
1961;08; 9999; 9999; 9999; 9999; 9999; 9999; 9999; 9999; 9999; 9999; 9999; 9999; 9999; 9999; 9999; 9999; 9999; 9999; 9999; 9999; 9999; 9999; 9999; 9999; 9999; 9999; 9999; 9999; 9999; 9999; 9999
1961;09; 9999; 9999; 9999; 9999; 9999; 9999; 9999; 9999; 9999; 9999; 9999; 9999; 9999; 9999; 9999; 9999; 9999; 9999; 9999; 9999; 9999; 9999; 9999; 9999; 9999; 9999; 9999; 9999; 9999; 9999; 9999
1961;10; 9999; 9999; 9999; 9999; 9999; 9999; 9999; 9999; 9999; 9999; 9999; 9999; 9999; 9999; 9999; 9999; 9999; 9999; 9999; 9999; 9999; 9999; 9999; 9999; 9999; 9999; 9999; 9999; 9999; 9999; 9999
1961;11; 0; 66; 198; 75; 205; 0; 80; 0; 0; 0; 30; 204; 300; 20; 109; 0; 0; 0; 0; 0; 0; 69; 16; 142; 45; 42; 9999; 9999; 8; 9999; 9999
1961;12; 0; 86; 104; 208; 303; 66; 0; 62; 13; 0; 0; 0; 101; 0; 58; 32; 0; 707; 105; 32; 0; 24; 13; 303; 0; 207; 202; 33; 30; 303; 0
1962;01; 0; 0; 0; 60; 0; 0; 0; 232; 37; 96; 0; 0; 0; 0; 140; 0; 15; 320; 395; 23; 34; 247; 0; 0; 20; 0; 123; 0; 0; 0; 0
1962;02; 0; 0; 11; 609; 210; 284; 102; 0; 40; 40; 0; 102; 0; 0; 0; 58; 0; 0; 462; 0; 0; 112; 112; 9; 120; 0; 0; 0; 9999; 9999; 9999
1962;03; 95; 7; 380; 0; 0; 423; 0; 0; 0; 0; 310; 188; 314; 5; 338; 12; 33; 26; 0; 142; 24; 0; 0; 0; 337; 2; 0; 0; 0; 0; 0
1962;04; 0; 8; 0; 0; 0; 0; 0; 0; 0; 40; 0; 0; 0; 0; 0; 0; 0; 0; 12; 0; 0; 0; 0; 0; 0; 0; 0; 0; 0; 22; 9999
1962;05; 0; 90; 290; 24; 0; 0; 0; 0; 0; 0; 0; 0; 0; 0; 0; 0; 0; 0; 0; 0; 0; 0; 0; 0; 0; 0; 0; 0; 0; 0; 0
1962;06; 0; 0; 0; 103; 0; 0; 100; 0; 142; 12; 0; 0; 0; 0; 0; 0; 0; 0; 0; 0; 0; 0; 0; 0; 0; 0; 0; 0; 0; 0; 9999
1962;07; 0; 0; 0; 0; 0; 24; 0; 0; 0; 0; 45; 0; 0; 0; 0; 0; 0; 0; 0; 43; 0; 0; 0; 0; 16; 0; 0; 0; 0; 0; 15
1962;08; 0; 0; 0; 0; 0; 0; 0; 0; 0; 0; 0; 45; 0; 0; 0; 55; 0; 0; 0; 0; 0; 0; 253; 311; 0; 0; 0; 0; 0; 0; 0
1962;09; 0; 0; 23; 0; 0; 0; 52; 0; 75; 0; 0; 5; 0; 6; 0; 0; 0; 0; 0; 0; 0; 3; 12; 0; 0; 0; 0; 0; 10; 30; 9999
1962;10; 95; 151; 79; 216; 73; 0; 0; 0; 485; 18; 624; 432; 0; 0; 0; 0; 0; 140; 77; 270; 0; 0; 0; 0; 283; 8; 0; 0; 87; 562; 69
1962;11; 0; 0; 0; 0; 0; 0; 92; 0; 21; 0; 0; 0; 0; 0; 0; 0; 0; 0; 0; 27; 130; 80; 0; 0; 0; 0; 0; 0; 75; 0; 9999
1962;12; 132; 0; 0; 96; 0; 26; 0; 0; 0; 0; 75; 80; 175; 34; 0; 0; 0; 686; 42; 0; 8; 0; 34; 104; 0; 0; 5; 168; 120; 601; 219
1963;01; 190; 355; 32; 23; 0; 0; 0; 84; 397; 0; 0; 603; 16; 0; 0; 363; 0; 14; 0; 0; 24; 0; 64; 0; 78; 321; 192; 0; 88; 0; 55
1963;02; 102; 28; 0; 60; 0; 805; 253; 46; 0; 270; 0; 9; 0; 55; 0; 0; 240; 2; 268; 840; 137; 26; 8; 250; 130; 0; 0; 0; 9999; 9999; 9999
1963;03; 0; 0; 0; 0; 171; 42; 0; 52; 0; 0; 0; 0; 0; 21; 0; 0; 0; 0; 140; 58; 0; 0; 0; 87; 51; 3; 0; 0; 88; 0; 0
1963;04; 0; 0; 0; 0; 0; 0; 0; 0; 0; 0; 0; 16; 0; 0; 0; 20; 36; 0; 0; 0; 0; 0; 0; 0; 0; 0; 0; 0; 0; 0; 9999
1963;05; 0; 0; 0; 0; 0; 0; 0; 0; 0; 0; 0; 0; 0; 0; 0; 0; 0; 22; 0; 0; 0; 0; 0; 0; 0; 0; 0; 0; 0; 0; 0
1963;06; 0; 0; 0; 0; 0; 0; 0; 0; 0; 0; 0; 0; 0; 0; 0; 0; 0; 0; 0; 0; 0; 0; 0; 0; 0; 0; 0; 0; 0; 0; 9999
1963;07; 0; 0; 0; 0; 0; 0; 0; 0; 0; 0; 0; 0; 0; 0; 0; 0; 0; 0; 0; 0; 0; 0; 0; 0; 0; 0; 0; 0; 0; 0; 0
1963;08; 0; 0; 0; 0; 0; 0; 0; 0; 0; 0; 0; 0; 0; 0; 0; 0; 0; 0; 0; 0; 0; 0; 0; 0; 0; 0; 0; 0; 0; 0; 0
1963;09; 0; 0; 0; 0; 0; 0; 0; 0; 0; 0; 0; 0; 0; 0; 0; 0; 0; 0; 0; 0; 0; 0; 0; 0; 0; 0; 0; 0; 0; 0; 9999
1963;10; 0; 0; 15; 5; 0; 0; 15; 0; 0; 0; 0; 0; 0; 17; 57; 10; 0; 3; 3; 0; 52; 872; 151; 0; 260; 64; 59; 195; 0; 0; 0
1963;11; 0; 270; 0; 0; 0; 96; 0; 29; 122; 0; 325; 0; 0; 281; 0; 137; 0; 220; 0; 55; 5; 0; 0; 0; 0; 0; 0; 0; 182; 0; 9999
1963;12; 0; 312; 190; 0; 0; 8; 20; 76; 0; 0; 127; 0; 0; 0; 0; 0; 0; 0; 0; 570; 2; 0; 0; 0; 0; 0; 0; 5; 0; 0; 213
1964;01; 0; 0; 186; 0; 0; 0; 0; 12; 106; 36; 0; 0; 0; 0; 0; 0; 0; 0; 0; 0; 0; 34; 34; 509; 106; 76; 105; 75; 0; 10; 0
1964;02; 104; 85; 64; 0; 0; 0; 0; 0; 0; 26; 32; 102; 207; 484; 0; 122; 160; 106; 140; 455; 0; 0; 0; 0; 25; 35; 76; 0; 0; 9999; 9999
1964;03; 76; 0; 0; 0; 0; 24; 0; 136; 0; 0; 0; 0; 0; 0; 0; 46; 0; 0; 0; 0; 55; 0; 0; 0; 0; 0; 0; 10; 130; 12; 0
1964;04; 27; 55; 220; 53; 0; 7; 0; 0; 0; 0; 0; 0; 0; 0; 0; 0; 0; 0; 4; 0; 0; 0; 0; 0; 0; 0; 0; 0; 0; 0; 9999
1964;05; 204; 3; 0; 0; 3; 415; 0; 0; 0; 0; 8; 0; 0; 0; 42; 0; 0; 0; 0; 0; 9; 21; 0; 0; 0; 0; 0; 0; 0; 0; 0
1964;06; 0; 0; 0; 0; 0; 0; 0; 0; 0; 0; 0; 0; 0; 10; 2; 0; 32; 0; 0; 0; 0; 0; 0; 0; 0; 37; 0; 90; 28; 0; 9999
1964;07; 0; 0; 0; 273; 0; 0; 0; 34; 0; 0; 0; 0; 0; 0; 0; 0; 35; 0; 0; 0; 0; 0; 0; 0; 55; 42; 15; 0; 0; 0; 0
1964;08; 0; 0; 0; 0; 0; 0; 0; 0; 0; 0; 0; 0; 15; 0; 0; 0; 0; 0; 0; 38; 38; 0; 0; 0; 0; 0; 0; 0; 0; 0; 0
1964;09; 0; 0; 0; 0; 0; 0; 0; 0; 0; 0; 0; 0; 0; 0; 0; 0; 0; 0; 0; 0; 0; 0; 0; 5; 355; 140; 0; 155; 45; 0; 9999
1964;10; 465; 0; 190; 0; 0; 6; 348; 192; 0; 0; 0; 0; 0; 0; 0; 0; 0; 0; 0; 30; 193; 104; 0; 0; 0; 0; 98; 0; 0; 10; 432
1964;11; 0; 0; 0; 0; 0; 280; 0; 0; 0; 0; 0; 0; 0; 0; 0; 0; 3; 0; 0; 0; 439; 98; 0; 0; 0; 0; 0; 0; 0; 0; 9999
1964;12; 318; 428; 42; 201; 0; 0; 0; 0; 0; 0; 140; 145; 46; 263; 63; 7; 172; 385; 61; 0; 0; 88; 270; 267; 403; 160; 0; 82; 79; 332; 0
1965;01; 0; 302; 0; 232; 100; 0; 0; 0; 74; 38; 0; 0; 60; 108; 108; 489; 0; 193; 222; 205; 123; 0; 0; 0; 0; 0; 0; 91; 305; 0; 0
1965;02; 304; 53; 0; 0; 34; 290; 0; 0; 0; 0; 0; 0; 17; 0; 98; 4; 0; 289; 50; 0; 0; 174; 650; 101; 56; 245; 377; 0; 9999; 9999; 9999
1965;03; 152; 105; 0; 11; 0; 63; 202; 66; 85; 646; 70; 0; 0; 20; 10; 5; 121; 0; 0; 570; 0; 0; 25; 26; 0; 69; 9; 0; 0; 0; 0
1965;04; 0; 0; 0; 0; 0; 0; 0; 10; 0; 4; 0; 0; 0; 0; 0; 33; 0; 0; 0; 0; 0; 0; 0; 0; 0; 0; 0; 0; 215; 167; 9999
1965;05; 60; 0; 0; 0; 0; 0; 0; 0; 0; 0; 0; 55; 0; 0; 232; 0; 0; 146; 180; 0; 0; 0; 0; 0; 0; 0; 0; 0; 0; 0; 0
1965;06; 0; 0; 0; 0; 0; 0; 0; 0; 0; 0; 0; 0; 0; 0; 0; 143; 119; 0; 0; 0; 0; 0; 0; 78; 55; 0; 0; 0; 0; 0; 9999
1965;07; 0; 0; 0; 0; 110; 58; 11; 25; 131; 225; 103; 0; 0; 0; 0; 124; 0; 0; 0; 0; 0; 0; 0; 0; 0; 0; 0; 0; 0; 0; 65
1965;08; 0; 0; 0; 0; 0; 0; 0; 199; 0; 0; 0; 0; 0; 0; 0; 0; 0; 0; 0; 0; 0; 0; 0; 0; 0; 0; 0; 0; 0; 0; 0
1965;09; 0; 0; 0; 0; 0; 0; 0; 0; 0; 0; 0; 0; 0; 0; 0; 0; 0; 0; 0; 0; 0; 0; 0; 58; 0; 205; 22; 358; 0; 0; 9999
1965;10; 385; 442; 0; 0; 0; 0; 0; 0; 121; 228; 188; 5; 0; 0; 195; 0; 0; 0; 106; 42; 0; 40; 170; 0; 15; 86; 0; 0; 278; 145; 0
1965;11; 0; 0; 0; 0; 0; 0; 0; 0; 28; 610; 0; 0; 0; 0; 463; 12; 500; 0; 0; 0; 0; 0; 0; 0; 0; 4; 171; 225; 85; 12; 9999
1965;12; 24; 0; 3; 185; 80; 92; 99; 312; 140; 606; 80; 200; 116; 0; 94; 0; 108; 0; 0; 0; 0; 2; 0; 97; 78; 0; 3; 0; 84; 27; 102
1966;01; 38; 0; 122; 55; 385; 50; 2; 71; 204; 130; 44; 0; 302; 0; 0; 0; 0; 0; 0; 0; 0; 0; 0; 0; 93; 14; 218; 500; 5; 14; 200
1966;02; 225; 68; 0; 0; 258; 26; 45; 39; 0; 0; 13; 0; 0; 75; 37; 0; 3; 7; 109; 175; 10; 56; 0; 121; 60; 203; 0; 25; 9999; 9999; 9999
1966;03; 105; 50; 114; 760; 477; 244; 780; 102; 128; 54; 0; 0; 0; 35; 35; 0; 0; 0; 0; 0; 0; 0; 0; 0; 0; 89; 291; 16; 178; 0; 0
1966;04; 0; 583; 0; 6; 185; 13; 98; 0; 0; 0; 0; 0; 0; 0; 0; 0; 0; 0; 0; 0; 0; 0; 0; 0; 0; 0; 0; 0; 90; 0; 9999
1966;05; 0; 0; 0; 30; 0; 350; 178; 0; 0; 0; 0; 5; 50; 0; 0; 0; 0; 0; 0; 0; 0; 0; 92; 0; 0; 0; 0; 0; 50; 0; 0
1966;06; 0; 0; 0; 0; 0; 0; 0; 0; 0; 0; 0; 0; 0; 0; 0; 0; 0; 0; 0; 0; 0; 0; 0; 0; 0; 0; 0; 0; 0; 0; 9999
1966;07; 0; 0; 0; 0; 0; 0; 0; 0; 0; 0; 0; 0; 0; 0; 0; 3; 0; 0; 0; 0; 0; 0; 21; 9; 0; 0; 0; 0; 0; 0; 13
1966;08; 180; 40; 0; 0; 0; 0; 0; 0; 0; 0; 0; 0; 0; 0; 0; 0; 0; 0; 0; 0; 0; 0; 0; 0; 0; 70; 0; 0; 0; 0; 0
1966;09; 10; 0; 50; 10; 0; 0; 0; 0; 0; 0; 0; 0; 0; 0; 0; 0; 2; 0; 0; 13; 75; 0; 0; 0; 0; 0; 0; 0; 215; 25; 9999
1966;10; 0; 0; 0; 0; 0; 0; 170; 264; 11; 0; 0; 0; 0; 0; 0; 0; 7; 0; 235; 0; 0; 0; 402; 0; 0; 0; 23; 182; 192; 10; 2
1966;11; 20; 267; 0; 345; 0; 65; 7; 27; 0; 73; 6; 9; 101; 369; 0; 293; 0; 124; 0; 0; 0; 0; 0; 0; 0; 0; 0; 0; 50; 0; 9999
1966;12; 0; 0; 16; 170; 0; 115; 306; 0; 0; 0; 0; 0; 168; 0; 10; 199; 90; 0; 30; 106; 360; 601; 597; 599; 0; 0; 30; 177; 0; 0; 0
1967;01; 0; 31; 19; 146; 98; 38; 45; 352; 0; 278; 35; 607; 298; 235; 125; 113; 315; 28; 38; 59; 455; 191; 7; 82; 314; 0; 0; 0; 0; 0; 313
1967;02; 5; 110; 87; 2; 85; 155; 117; 5; 0; 55; 6; 0; 8; 0; 0; 221; 4; 82; 414; 149; 275; 0; 57; 25; 0; 2; 0; 7; 9999; 9999; 9999
1967;03; 39; 0; 7; 5; 0; 70; 8; 70; 165; 173; 5; 0; 25; 225; 24; 122; 0; 0; 0; 274; 0; 0; 0; 0; 525; 0; 46; 0; 45; 55; 0
1967;04; 300; 18; 0; 0; 0; 0; 0; 0; 0; 0; 0; 0; 0; 0; 0; 0; 0; 0; 18; 0; 0; 50; 0; 0; 14; 0; 0; 30; 0; 0; 9999
1967;05; 0; 0; 206; 169; 0; 0; 0; 0; 0; 0; 0; 0; 0; 0; 0; 0; 0; 0; 0; 0; 0; 0; 0; 0; 0; 0; 0; 0; 0; 0; 0
1967;06; 0; 0; 0; 22; 0; 93; 250; 60; 0; 0; 53; 5; 138; 194; 0; 0; 0; 0; 0; 0; 0; 0; 0; 0; 0; 0; 0; 0; 0; 0; 9999
1967;07; 0; 0; 0; 0; 0; 0; 0; 0; 0; 0; 0; 0; 0; 0; 34; 0; 0; 0; 0; 0; 0; 0; 47; 0; 0; 0; 0; 0; 0; 0; 0
1967;08; 0; 0; 0; 0; 0; 0; 0; 0; 0; 0; 0; 0; 0; 0; 0; 0; 0; 178; 0; 0; 0; 0; 0; 0; 0; 0; 0; 0; 0; 0; 0
1967;09; 0; 0; 0; 0; 0; 0; 0; 25; 31; 0; 77; 18; 65; 0; 170; 0; 0; 0; 0; 0; 19; 0; 0; 0; 0; 0; 0; 0; 0; 0; 9999
1967;10; 0; 67; 0; 0; 80; 0; 0; 0; 0; 0; 0; 100; 0; 0; 0; 44; 475; 0; 65; 6; 12; 0; 0; 190; 35; 208; 496; 112; 0; 0; 0
1967;11; 0; 0; 18; 105; 0; 0; 0; 0; 0; 0; 12; 11; 128; 48; 0; 15; 54; 70; 82; 0; 0; 0; 353; 43; 0; 97; 0; 0; 70; 0; 9999
1967;12; 0; 0; 0; 12; 41; 25; 0; 26; 395; 0; 0; 50; 31; 21; 42; 25; 182; 272; 58; 12; 65; 85; 133; 0; 13; 296; 250; 25; 168; 137; 0
1968;01; 0; 0; 311; 135; 20; 0; 0; 0; 0; 0; 0; 370; 135; 260; 30; 240; 150; 250; 145; 30; 0; 350; 0; 220; 300; 0; 0; 0; 0; 0; 0
1968;02; 0; 0; 0; 0; 0; 0; 67; 0; 0; 0; 0; 0; 0; 68; 302; 178; 44; 0; 0; 0; 12; 0; 7; 65; 0; 41; 378; 10; 43; 9999; 9999
1968;03; 0; 0; 0; 0; 128; 51; 0; 91; 140; 0; 63; 34; 2; 27; 40; 68; 0; 320; 0; 0; 0; 0; 36; 0; 0; 0; 0; 0; 180; 0; 0
1968;04; 0; 0; 26; 0; 0; 152; 0; 0; 0; 0; 0; 0; 0; 0; 0; 0; 0; 0; 0; 186; 0; 0; 0; 0; 0; 0; 0; 0; 0; 8; 9999
1968;05; 0; 0; 0; 0; 0; 0; 0; 0; 0; 5; 0; 0; 0; 0; 0; 105; 0; 0; 0; 0; 0; 0; 0; 0; 0; 0; 0; 0; 0; 0; 0
1968;06; 0; 0; 0; 0; 0; 0; 0; 0; 0; 0; 0; 0; 0; 0; 0; 0; 0; 0; 0; 0; 25; 0; 0; 0; 0; 0; 0; 0; 0; 0; 9999
1968;07; 0; 0; 0; 0; 0; 0; 0; 0; 0; 22; 0; 0; 0; 0; 0; 0; 0; 0; 0; 0; 0; 0; 0; 0; 0; 0; 0; 0; 0; 0; 0
1968;08; 0; 0; 0; 0; 35; 36; 0; 6; 133; 24; 0; 0; 0; 0; 0; 0; 0; 0; 0; 0; 0; 0; 0; 0; 0; 13; 0; 0; 0; 0; 60
1968;09; 16; 0; 0; 206; 0; 0; 0; 0; 0; 0; 0; 0; 0; 0; 0; 0; 0; 0; 0; 0; 26; 74; 0; 0; 0; 0; 0; 0; 0; 0; 9999
1968;10; 62; 0; 0; 0; 0; 0; 0; 0; 0; 0; 0; 0; 0; 0; 0; 62; 494; 103; 138; 0; 0; 5; 185; 274; 8; 0; 335; 5; 5; 45; 0
1968;11; 0; 0; 472; 0; 65; 0; 0; 0; 0; 0; 0; 0; 0; 0; 0; 0; 0; 45; 213; 0; 0; 0; 0; 0; 0; 0; 94; 3; 0; 260; 9999
1968;12; 0; 485; 110; 37; 10; 23; 0; 86; 0; 0; 0; 0; 0; 0; 0; 0; 194; 53; 12; 118; 0; 0; 0; 0; 0; 170; 0; 50; 0; 46; 0
1969;01; 0; 0; 265; 45; 50; 23; 0; 0; 0; 0; 45; 10; 0; 0; 0; 0; 495; 0; 80; 0; 0; 100; 30; 480; 0; 0; 230; 20; 0; 0; 0
1969;02; 0; 0; 284; 0; 0; 0; 0; 8; 0; 0; 0; 0; 0; 3; 0; 133; 129; 237; 0; 762; 28; 0; 272; 40; 0; 0; 0; 555; 9999; 9999; 9999
1969;03; 176; 0; 64; 0; 150; 20; 0; 0; 0; 0; 33; 496; 0; 11; 0; 0; 0; 0; 0; 0; 0; 52; 59; 0; 224; 0; 45; 79; 64; 0; 0
1969;04; 0; 28; 0; 0; 55; 27; 0; 0; 21; 0; 0; 0; 0; 33; 0; 0; 0; 0; 0; 0; 0; 0; 0; 105; 0; 0; 0; 0; 85; 0; 9999
1969;05; 0; 0; 0; 25; 0; 0; 0; 0; 0; 0; 0; 0; 0; 0; 0; 0; 0; 0; 0; 0; 0; 0; 0; 0; 70; 0; 0; 0; 0; 63; 84
1969;06; 0; 151; 74; 58; 0; 0; 0; 0; 0; 0; 0; 0; 0; 0; 0; 0; 0; 0; 0; 0; 0; 0; 18; 0; 0; 0; 0; 0; 0; 0; 9999
1969;07; 0; 0; 0; 0; 0; 0; 0; 0; 4; 0; 0; 0; 0; 0; 0; 0; 0; 0; 0; 0; 0; 0; 0; 0; 0; 0; 0; 0; 0; 0; 0
1969;08; 0; 0; 0; 312; 0; 0; 0; 0; 0; 0; 0; 0; 0; 0; 0; 40; 0; 0; 0; 0; 0; 0; 0; 0; 0; 0; 0; 0; 0; 0; 0
1969;09; 0; 0; 0; 0; 21; 0; 0; 0; 0; 0; 0; 0; 0; 0; 0; 0; 0; 0; 0; 0; 100; 0; 0; 0; 0; 13; 0; 5; 0; 90; 9999
1969;10; 210; 12; 0; 45; 120; 95; 76; 0; 0; 94; 0; 0; 0; 0; 0; 0; 0; 16; 0; 195; 0; 0; 157; 0; 0; 0; 207; 0; 28; 0; 183
1969;11; 20; 35; 70; 0; 0; 0; 100; 0; 72; 305; 0; 0; 120; 620; 0; 0; 290; 95; 205; 190; 43; 25; 130; 0; 0; 0; 0; 0; 85; 100; 9999
1969;12; 80; 0; 0; 0; 208; 241; 0; 96; 0; 0; 0; 0; 413; 0; 274; 0; 0; 0; 0; 0; 0; 0; 0; 60; 142; 0; 0; 0; 0; 0; 0
1970;01; 360; 3; 0; 190; 0; 5; 300; 750; 80; 330; 0; 0; 0; 0; 40; 130; 250; 55; 0; 50; 50; 304; 0; 0; 260; 250; 0; 0; 0; 0; 440
1970;02; 0; 40; 96; 14; 128; 141; 0; 0; 0; 358; 367; 334; 80; 37; 74; 327; 84; 64; 502; 313; 37; 1220; 100; 0; 0; 0; 0; 0; 9999; 9999; 9999
1970;03; 0; 3; 15; 0; 0; 79; 0; 0; 0; 0; 0; 0; 374; 168; 315; 0; 113; 0; 73; 68; 0; 0; 0; 0; 0; 334; 0; 0; 0; 0; 0
1970;04; 95; 15; 22; 132; 316; 0; 0; 0; 75; 0; 0; 0; 0; 0; 0; 0; 0; 0; 0; 0; 0; 0; 0; 0; 0; 0; 0; 0; 0; 41; 9999
1970;05; 0; 0; 0; 34; 0; 0; 15; 75; 0; 0; 17; 0; 0; 0; 0; 0; 0; 0; 0; 0; 237; 0; 0; 0; 0; 0; 0; 0; 0; 0; 0
1970;06; 0; 0; 0; 0; 0; 0; 0; 0; 0; 0; 0; 0; 0; 0; 0; 43; 0; 0; 0; 0; 0; 0; 0; 428; 152; 0; 47; 0; 40; 0; 9999
1970;07; 0; 10; 15; 0; 0; 0; 0; 0; 0; 0; 5; 0; 40; 8; 0; 0; 0; 0; 0; 0; 0; 0; 0; 50; 99; 0; 0; 0; 0; 0; 0
1970;08; 0; 0; 0; 0; 0; 0; 0; 0; 0; 0; 0; 0; 0; 0; 0; 0; 0; 0; 0; 0; 0; 0; 0; 0; 0; 83; 367; 270; 116; 0; 238
1970;09; 0; 0; 0; 0; 0; 0; 60; 7; 90; 100; 113; 0; 103; 0; 0; 101; 135; 0; 0; 0; 0; 5; 84; 0; 0; 0; 0; 0; 205; 3; 9999
1970;10; 0; 0; 28; 0; 288; 0; 0; 0; 0; 0; 0; 5; 88; 0; 0; 0; 0; 0; 0; 316; 0; 54; 2; 0; 0; 270; 0; 0; 65; 0; 0
1970;11; 0; 0; 109; 17; 0; 0; 0; 0; 651; 0; 0; 290; 0; 29; 0; 33; 0; 0; 0; 0; 0; 0; 81; 0; 0; 0; 0; 5; 0; 182; 9999
1970;12; 155; 463; 0; 40; 80; 0; 0; 0; 71; 143; 12; 102; 54; 280; 0; 0; 0; 145; 18; 0; 0; 45; 0; 0; 0; 455; 0; 104; 0; 0; 0
1971;01; 0; 257; 0; 57; 64; 0; 0; 0; 20; 0; 0; 0; 24; 200; 125; 130; 0; 26; 0; 0; 0; 0; 0; 0; 0; 0; 0; 0; 5; 0; 280
1971;02; 0; 0; 10; 0; 0; 0; 0; 0; 85; 0; 190; 0; 0; 0; 90; 0; 0; 0; 0; 438; 0; 0; 0; 32; 177; 62; 187; 0; 9999; 9999; 9999
1971;03; 0; 0; 0; 0; 0; 177; 244; 0; 44; 10; 270; 652; 10; 0; 14; 0; 0; 0; 58; 0; 0; 42; 0; 1; 218; 348; 18; 307; 100; 0; 0
1971;04; 0; 0; 0; 0; 0; 0; 0; 0; 145; 84; 0; 0; 0; 0; 0; 0; 63; 0; 0; 0; 95; 107; 133; 39; 0; 0; 0; 0; 0; 0; 9999
1971;05; 0; 0; 107; 0; 11; 34; 0; 0; 0; 0; 0; 0; 0; 0; 0; 0; 0; 0; 0; 0; 0; 0; 0; 0; 50; 75; 2; 0; 0; 0; 0
1971;06; 0; 0; 0; 0; 0; 0; 0; 0; 0; 0; 0; 16; 57; 65; 0; 350; 15; 175; 200; 86; 0; 0; 0; 0; 0; 0; 0; 0; 0; 0; 9999
1971;07; 0; 0; 30; 0; 41; 0; 0; 0; 0; 0; 0; 0; 0; 0; 0; 0; 0; 0; 0; 0; 0; 0; 0; 0; 0; 0; 0; 0; 0; 208; 30
1971;08; 0; 0; 0; 0; 0; 0; 0; 0; 0; 0; 0; 80; 0; 0; 0; 0; 0; 0; 0; 0; 0; 0; 0; 0; 0; 0; 0; 0; 0; 0; 9999
