33
Ano,Mes,1,2,3,4,5,6,7,8,9,10,11,12,13,14,15,16,17,18,19,20,21,22,23,24,25,26,27,28,29,30,31
1932;01; 7; 16; 0; 0; 0; 0; 0; 2; 6; 0; 0; 0; 0; 19; 36; 623; 37; 24; 0; 0; 77; 0; 84; 116; 25; 309; 34; 22; 1; 0; 0
1932;02; 0; 0; 0; 0; 0; 0; 424; 0; 0; 507; 166; 28; 323; 0; 0; 0; 0; 0; 0; 0; 0; 0; 0; 0; 0; 0; 0; 0; 18; 9999; 9999
1932;03; 0; 288; 0; 37; 0; 0; 6; 114; 38; 1; 104; 2; 0; 0; 0; 274; 0; 0; 73; 0; 3; 9; 1; 0; 78; 212; 350; 6; 19; 2; 1
1932;04; 1; 0; 0; 2; 0; 12; 0; 0; 0; 0; 0; 0; 0; 0; 0; 0; 0; 0; 0; 0; 65; 4; 0; 0; 0; 0; 0; 0; 0; 0; 9999
1932;05; 0; 0; 0; 0; 0; 0; 0; 0; 0; 248; 1; 2; 0; 1; 0; 0; 70; 0; 1; 1; 0; 0; 17; 0; 10; 1; 174; 15; 0; 0; 12
1932;06; 9999; 9999; 9999; 9999; 9999; 9999; 9999; 9999; 9999; 9999; 9999; 9999; 9999; 9999; 9999; 9999; 9999; 9999; 9999; 9999; 9999; 9999; 9999; 9999; 9999; 9999; 9999; 9999; 9999; 9999; 9999
1932;07; 9999; 9999; 9999; 9999; 9999; 9999; 9999; 9999; 9999; 9999; 9999; 9999; 9999; 9999; 9999; 9999; 9999; 9999; 9999; 9999; 9999; 9999; 9999; 9999; 9999; 9999; 9999; 9999; 9999; 9999; 9999
1932;08; 9999; 9999; 9999; 9999; 9999; 9999; 9999; 9999; 9999; 9999; 9999; 9999; 9999; 9999; 9999; 9999; 9999; 9999; 9999; 9999; 9999; 9999; 9999; 9999; 9999; 9999; 9999; 9999; 9999; 9999; 9999
1932;09; 9999; 9999; 9999; 9999; 9999; 9999; 9999; 9999; 9999; 9999; 9999; 9999; 9999; 9999; 9999; 9999; 9999; 9999; 9999; 9999; 9999; 9999; 9999; 9999; 9999; 9999; 9999; 9999; 9999; 9999; 9999
1932;10; 9999; 9999; 9999; 9999; 9999; 9999; 9999; 9999; 9999; 9999; 9999; 9999; 9999; 9999; 9999; 9999; 9999; 9999; 9999; 9999; 9999; 9999; 9999; 9999; 9999; 9999; 9999; 9999; 9999; 9999; 9999
1932;11; 9999; 9999; 9999; 9999; 9999; 9999; 9999; 9999; 9999; 9999; 9999; 9999; 9999; 9999; 9999; 9999; 9999; 9999; 9999; 9999; 9999; 9999; 9999; 9999; 9999; 9999; 9999; 9999; 9999; 9999; 9999
1932;12; 9999; 9999; 9999; 9999; 9999; 9999; 9999; 9999; 9999; 9999; 9999; 9999; 9999; 9999; 9999; 9999; 9999; 9999; 9999; 9999; 9999; 9999; 9999; 9999; 9999; 9999; 9999; 9999; 9999; 9999; 9999
1933;01; 9999; 9999; 9999; 9999; 9999; 9999; 9999; 9999; 9999; 9999; 9999; 9999; 9999; 9999; 9999; 9999; 9999; 9999; 9999; 9999; 9999; 9999; 9999; 9999; 9999; 9999; 9999; 9999; 9999; 9999; 9999
1933;02; 9999; 9999; 9999; 9999; 9999; 9999; 9999; 9999; 9999; 9999; 9999; 9999; 9999; 9999; 9999; 9999; 9999; 9999; 9999; 9999; 9999; 9999; 9999; 9999; 9999; 9999; 9999; 9999; 9999; 9999; 9999
1933;03; 9999; 9999; 9999; 9999; 9999; 9999; 9999; 9999; 9999; 9999; 9999; 9999; 9999; 9999; 9999; 9999; 9999; 9999; 9999; 9999; 9999; 9999; 9999; 9999; 9999; 9999; 9999; 9999; 9999; 9999; 9999
1933;04; 9999; 9999; 9999; 9999; 9999; 9999; 9999; 9999; 9999; 9999; 9999; 9999; 9999; 9999; 9999; 9999; 9999; 9999; 9999; 9999; 9999; 9999; 9999; 9999; 9999; 9999; 9999; 9999; 9999; 9999; 9999
1933;05; 9999; 9999; 9999; 9999; 9999; 9999; 9999; 9999; 9999; 9999; 9999; 9999; 9999; 9999; 9999; 9999; 9999; 9999; 9999; 9999; 9999; 9999; 9999; 9999; 9999; 9999; 9999; 9999; 9999; 9999; 9999
1933;06; 9999; 9999; 9999; 9999; 9999; 9999; 9999; 9999; 9999; 9999; 9999; 9999; 9999; 9999; 9999; 9999; 9999; 9999; 9999; 9999; 9999; 9999; 9999; 9999; 9999; 9999; 9999; 9999; 9999; 9999; 9999
1933;07; 9999; 9999; 9999; 9999; 9999; 9999; 9999; 9999; 9999; 9999; 9999; 9999; 9999; 9999; 9999; 9999; 9999; 9999; 9999; 9999; 9999; 9999; 9999; 9999; 9999; 9999; 9999; 9999; 9999; 9999; 9999
1933;08; 9999; 9999; 9999; 9999; 9999; 9999; 9999; 9999; 9999; 9999; 9999; 9999; 9999; 9999; 9999; 9999; 9999; 9999; 9999; 9999; 9999; 9999; 9999; 9999; 9999; 9999; 9999; 9999; 9999; 9999; 9999
1933;09; 9999; 9999; 9999; 9999; 9999; 9999; 9999; 9999; 9999; 9999; 9999; 9999; 9999; 9999; 9999; 9999; 9999; 9999; 9999; 9999; 9999; 9999; 9999; 9999; 9999; 9999; 9999; 9999; 9999; 9999; 9999
1933;10; 9999; 9999; 9999; 9999; 9999; 9999; 9999; 9999; 9999; 9999; 9999; 9999; 9999; 9999; 9999; 9999; 9999; 9999; 9999; 9999; 9999; 9999; 9999; 9999; 9999; 9999; 9999; 9999; 9999; 9999; 9999
1933;11; 9999; 9999; 9999; 9999; 9999; 9999; 9999; 9999; 9999; 9999; 9999; 9999; 9999; 9999; 9999; 9999; 9999; 9999; 9999; 9999; 9999; 9999; 9999; 9999; 9999; 9999; 9999; 9999; 9999; 9999; 9999
1933;12; 9999; 9999; 9999; 9999; 9999; 9999; 9999; 9999; 9999; 9999; 9999; 9999; 9999; 9999; 9999; 9999; 9999; 9999; 9999; 9999; 9999; 9999; 9999; 9999; 9999; 9999; 9999; 9999; 9999; 9999; 9999
1934;01; 9999; 9999; 9999; 9999; 9999; 9999; 9999; 9999; 9999; 9999; 9999; 9999; 9999; 9999; 9999; 9999; 9999; 9999; 9999; 9999; 9999; 9999; 9999; 9999; 9999; 9999; 9999; 9999; 9999; 9999; 9999
1934;02; 9999; 9999; 9999; 9999; 9999; 9999; 9999; 9999; 9999; 9999; 9999; 9999; 9999; 9999; 9999; 9999; 9999; 9999; 9999; 9999; 9999; 9999; 9999; 9999; 9999; 9999; 9999; 9999; 9999; 9999; 9999
1934;03; 9999; 9999; 9999; 9999; 9999; 9999; 9999; 9999; 9999; 9999; 9999; 9999; 9999; 9999; 9999; 9999; 9999; 9999; 9999; 9999; 9999; 9999; 9999; 9999; 9999; 9999; 9999; 9999; 9999; 9999; 9999
1934;04; 9999; 9999; 9999; 9999; 9999; 9999; 9999; 9999; 9999; 9999; 9999; 9999; 9999; 9999; 9999; 9999; 9999; 9999; 9999; 9999; 9999; 9999; 9999; 9999; 9999; 9999; 9999; 9999; 9999; 9999; 9999
1934;05; 9999; 9999; 9999; 9999; 9999; 9999; 9999; 9999; 9999; 9999; 9999; 9999; 9999; 9999; 9999; 9999; 9999; 9999; 9999; 9999; 9999; 9999; 9999; 9999; 9999; 9999; 9999; 9999; 9999; 9999; 9999
1934;06; 9999; 9999; 9999; 9999; 9999; 9999; 9999; 9999; 9999; 9999; 9999; 9999; 9999; 9999; 9999; 9999; 9999; 9999; 9999; 9999; 9999; 9999; 9999; 9999; 9999; 9999; 9999; 9999; 9999; 9999; 9999
1934;07; 9999; 9999; 9999; 9999; 9999; 9999; 9999; 9999; 9999; 9999; 9999; 9999; 9999; 9999; 9999; 9999; 9999; 9999; 9999; 9999; 9999; 9999; 9999; 9999; 9999; 9999; 9999; 9999; 9999; 9999; 9999
1934;08; 9999; 9999; 9999; 9999; 9999; 9999; 9999; 9999; 9999; 9999; 9999; 9999; 9999; 9999; 9999; 9999; 9999; 9999; 9999; 9999; 9999; 9999; 9999; 9999; 9999; 9999; 9999; 9999; 9999; 9999; 9999
1934;09; 9999; 9999; 9999; 9999; 9999; 9999; 9999; 9999; 9999; 9999; 9999; 9999; 9999; 9999; 9999; 9999; 9999; 9999; 9999; 9999; 9999; 9999; 9999; 9999; 9999; 9999; 9999; 9999; 9999; 9999; 9999
1934;10; 9999; 9999; 9999; 9999; 9999; 9999; 9999; 9999; 9999; 9999; 9999; 9999; 9999; 9999; 9999; 9999; 9999; 9999; 9999; 9999; 9999; 9999; 9999; 9999; 9999; 9999; 9999; 9999; 9999; 9999; 9999
1934;11; 9999; 9999; 9999; 9999; 9999; 9999; 9999; 9999; 9999; 9999; 9999; 9999; 9999; 9999; 9999; 9999; 9999; 9999; 9999; 9999; 9999; 9999; 9999; 9999; 9999; 9999; 9999; 9999; 9999; 9999; 9999
1934;12; 9999; 9999; 9999; 9999; 9999; 9999; 9999; 9999; 9999; 9999; 9999; 9999; 9999; 9999; 9999; 9999; 9999; 9999; 9999; 9999; 9999; 9999; 9999; 9999; 9999; 9999; 9999; 9999; 9999; 9999; 9999
1935;01; 9999; 9999; 9999; 9999; 9999; 9999; 9999; 9999; 9999; 9999; 9999; 9999; 9999; 9999; 9999; 9999; 9999; 9999; 9999; 9999; 9999; 9999; 9999; 9999; 9999; 9999; 9999; 9999; 9999; 9999; 9999
1935;02; 9999; 9999; 9999; 9999; 9999; 9999; 9999; 9999; 9999; 9999; 9999; 9999; 9999; 9999; 9999; 9999; 9999; 9999; 9999; 9999; 9999; 9999; 9999; 9999; 9999; 9999; 9999; 9999; 9999; 9999; 9999
1935;03; 9999; 9999; 9999; 9999; 9999; 9999; 9999; 9999; 9999; 9999; 9999; 9999; 9999; 9999; 9999; 9999; 9999; 9999; 9999; 9999; 9999; 9999; 9999; 9999; 9999; 9999; 9999; 9999; 9999; 9999; 9999
1935;04; 9999; 9999; 9999; 9999; 9999; 9999; 9999; 9999; 9999; 9999; 9999; 9999; 9999; 9999; 9999; 9999; 9999; 9999; 9999; 9999; 9999; 9999; 9999; 9999; 9999; 9999; 9999; 9999; 9999; 9999; 9999
1935;05; 9999; 9999; 9999; 9999; 9999; 9999; 9999; 9999; 9999; 9999; 9999; 9999; 9999; 9999; 9999; 9999; 9999; 9999; 9999; 9999; 9999; 9999; 9999; 9999; 9999; 9999; 9999; 9999; 9999; 9999; 9999
1935;06; 9999; 9999; 9999; 9999; 9999; 9999; 9999; 9999; 9999; 9999; 9999; 9999; 9999; 9999; 9999; 9999; 9999; 9999; 9999; 9999; 9999; 9999; 9999; 9999; 9999; 9999; 9999; 9999; 9999; 9999; 9999
1935;07; 9999; 9999; 9999; 9999; 9999; 9999; 9999; 9999; 9999; 9999; 9999; 9999; 9999; 9999; 9999; 9999; 9999; 9999; 9999; 9999; 9999; 9999; 9999; 9999; 9999; 9999; 9999; 9999; 9999; 9999; 9999
1935;08; 9999; 9999; 9999; 9999; 9999; 9999; 9999; 9999; 9999; 9999; 9999; 9999; 9999; 9999; 9999; 9999; 9999; 9999; 9999; 9999; 9999; 9999; 9999; 9999; 9999; 9999; 9999; 9999; 9999; 9999; 9999
1935;09; 9999; 9999; 9999; 9999; 9999; 9999; 9999; 9999; 9999; 9999; 9999; 9999; 9999; 9999; 9999; 9999; 9999; 9999; 9999; 9999; 9999; 9999; 9999; 9999; 9999; 9999; 9999; 9999; 9999; 9999; 9999
1935;10; 9999; 9999; 9999; 9999; 9999; 9999; 9999; 9999; 9999; 9999; 9999; 9999; 9999; 9999; 9999; 9999; 9999; 9999; 9999; 9999; 9999; 9999; 9999; 9999; 9999; 9999; 9999; 9999; 9999; 9999; 9999
1935;11; 9999; 9999; 9999; 9999; 9999; 9999; 9999; 9999; 9999; 9999; 9999; 9999; 9999; 9999; 9999; 9999; 9999; 9999; 9999; 9999; 9999; 9999; 9999; 9999; 9999; 9999; 9999; 9999; 9999; 9999; 9999
1935;12; 9999; 9999; 9999; 9999; 9999; 9999; 9999; 9999; 9999; 9999; 9999; 9999; 9999; 9999; 9999; 9999; 9999; 9999; 9999; 9999; 9999; 9999; 9999; 9999; 9999; 9999; 9999; 9999; 9999; 9999; 9999
1936;01; 360; 30; 311; 15; 144; 154; 0; 0; 0; 0; 110; 180; 7; 0; 0; 0; 10; 0; 38; 66; 0; 0; 0; 0; 0; 0; 0; 0; 0; 0; 0
1936;02; 0; 180; 24; 0; 70; 478; 5; 0; 0; 0; 0; 0; 0; 0; 0; 0; 0; 70; 4; 10; 39; 15; 0; 0; 788; 0; 0; 25; 0; 9999; 9999
1936;03; 0; 99; 282; 115; 26; 208; 45; 10; 0; 0; 109; 0; 3; 104; 21; 70; 0; 0; 444; 0; 0; 50; 291; 0; 0; 54; 0; 0; 0; 0; 0
1936;04; 0; 0; 0; 65; 0; 0; 0; 0; 4; 13; 0; 0; 458; 0; 0; 0; 0; 0; 0; 60; 50; 35; 0; 0; 0; 0; 0; 0; 0; 70; 9999
1936;05; 65; 0; 8; 0; 0; 0; 0; 0; 0; 0; 0; 0; 0; 0; 0; 0; 0; 0; 0; 0; 0; 0; 0; 0; 0; 0; 0; 36; 21; 0; 0
1936;06; 0; 0; 0; 0; 0; 0; 0; 0; 0; 0; 0; 0; 0; 0; 0; 0; 0; 0; 0; 0; 0; 0; 0; 0; 0; 0; 0; 0; 0; 0; 9999
1936;07; 0; 0; 0; 0; 0; 0; 0; 0; 0; 0; 0; 0; 4; 102; 0; 0; 0; 0; 0; 0; 0; 0; 0; 0; 0; 0; 0; 0; 0; 0; 0
1936;08; 0; 0; 0; 0; 45; 94; 0; 0; 8; 0; 0; 0; 0; 0; 16; 124; 0; 0; 0; 0; 9; 122; 56; 0; 7; 98; 27; 82; 6; 0; 0
1936;09; 0; 0; 0; 0; 0; 0; 0; 98; 20; 0; 110; 90; 0; 15; 0; 61; 0; 0; 170; 106; 0; 0; 169; 0; 0; 0; 0; 0; 0; 0; 9999
1936;10; 9999; 9999; 9999; 9999; 9999; 9999; 9999; 9999; 9999; 9999; 9999; 9999; 9999; 9999; 9999; 9999; 9999; 9999; 9999; 9999; 9999; 9999; 9999; 9999; 9999; 9999; 9999; 9999; 9999; 9999; 9999
1936;11; 9999; 9999; 9999; 9999; 9999; 9999; 9999; 9999; 9999; 9999; 9999; 9999; 9999; 9999; 9999; 9999; 9999; 9999; 9999; 9999; 9999; 9999; 9999; 9999; 9999; 9999; 9999; 9999; 9999; 9999; 9999
1936;12; 9999; 9999; 9999; 9999; 9999; 9999; 9999; 9999; 9999; 9999; 9999; 9999; 9999; 9999; 9999; 9999; 9999; 9999; 9999; 9999; 9999; 9999; 9999; 9999; 9999; 9999; 9999; 9999; 9999; 9999; 9999
1937;01; 0; 0; 28; 268; 52; 0; 0; 30; 17; 301; 7; 256; 212; 154; 5; 0; 25; 22; 8; 136; 0; 0; 0; 469; 6; 20; 0; 0; 0; 0; 0
1937;02; 18; 0; 20; 28; 10; 0; 6; 0; 0; 128; 108; 0; 0; 100; 320; 0; 12; 0; 0; 120; 13; 0; 797; 0; 139; 1; 0; 275; 9999; 9999; 9999
1937;03; 41; 0; 350; 228; 1; 287; 1; 130; 0; 414; 214; 2; 0; 0; 0; 0; 12; 0; 0; 0; 546; 0; 0; 0; 200; 0; 0; 0; 0; 0; 0
1937;04; 0; 0; 0; 26; 246; 280; 168; 102; 0; 0; 0; 0; 0; 0; 340; 79; 0; 0; 0; 3; 0; 0; 4; 0; 0; 0; 0; 0; 0; 100; 9999
1937;05; 85; 0; 7; 9; 0; 0; 0; 0; 0; 0; 0; 84; 0; 0; 31; 542; 6; 14; 0; 0; 0; 0; 5; 0; 0; 0; 0; 0; 0; 0; 8
1937;06; 495; 0; 0; 0; 277; 184; 0; 0; 0; 0; 0; 0; 0; 0; 0; 0; 0; 0; 0; 0; 0; 0; 0; 0; 10; 0; 0; 0; 0; 0; 9999
1937;07; 0; 0; 0; 0; 0; 0; 0; 0; 0; 0; 0; 0; 0; 0; 0; 0; 0; 0; 0; 0; 0; 0; 0; 0; 0; 0; 0; 0; 0; 0; 0
1937;08; 0; 0; 0; 0; 0; 0; 0; 0; 0; 0; 6; 0; 0; 0; 0; 0; 0; 0; 0; 0; 0; 95; 292; 228; 0; 0; 0; 25; 74; 0; 0
1937;09; 0; 0; 0; 0; 0; 0; 0; 0; 0; 10; 16; 0; 0; 0; 0; 0; 0; 0; 0; 0; 0; 0; 0; 0; 0; 0; 0; 0; 4; 30; 9999
1937;10; 142; 22; 0; 20; 48; 4; 70; 364; 22; 3; 0; 6; 0; 0; 706; 30; 0; 0; 24; 8; 0; 0; 0; 0; 105; 298; 0; 0; 0; 0; 0
1937;11; 0; 0; 270; 0; 0; 0; 25; 0; 308; 0; 0; 0; 0; 0; 0; 237; 232; 50; 0; 0; 0; 0; 0; 10; 0; 0; 0; 0; 0; 0; 9999
1937;12; 0; 12; 5; 0; 12; 0; 84; 30; 0; 0; 160; 0; 0; 0; 0; 0; 224; 94; 30; 0; 0; 0; 0; 0; 0; 16; 0; 206; 0; 81; 0
1938;01; 2; 0; 19; 9; 736; 125; 0; 0; 0; 0; 0; 0; 129; 34; 0; 158; 0; 64; 368; 21; 68; 0; 45; 0; 0; 20; 3; 0; 115; 40; 0
1938;02; 0; 0; 0; 26; 208; 0; 328; 12; 32; 50; 385; 0; 165; 96; 0; 0; 0; 3; 390; 10; 0; 50; 296; 0; 0; 56; 0; 0; 9999; 9999; 9999
1938;03; 9; 99; 0; 0; 201; 0; 0; 0; 0; 0; 0; 0; 0; 0; 0; 0; 0; 0; 0; 0; 50; 0; 75; 20; 0; 0; 0; 0; 70; 0; 0
1938;04; 55; 10; 0; 0; 12; 0; 0; 32; 0; 102; 75; 0; 0; 0; 0; 0; 30; 0; 0; 5; 0; 165; 0; 0; 0; 0; 0; 0; 0; 30; 9999
1938;05; 0; 0; 0; 0; 0; 0; 0; 0; 0; 0; 0; 0; 0; 70; 0; 0; 304; 0; 20; 502; 190; 120; 80; 0; 0; 0; 130; 0; 0; 0; 0
1938;06; 0; 0; 0; 0; 0; 0; 0; 0; 0; 0; 0; 0; 0; 0; 0; 0; 0; 0; 0; 0; 0; 0; 0; 0; 20; 0; 0; 30; 0; 0; 9999
1938;07; 62; 0; 0; 0; 0; 0; 0; 0; 0; 0; 0; 0; 0; 8; 0; 0; 0; 0; 0; 43; 0; 0; 0; 0; 0; 0; 0; 0; 0; 0; 0
1938;08; 0; 14; 43; 14; 0; 7; 0; 0; 44; 0; 0; 0; 0; 0; 0; 0; 0; 0; 0; 0; 0; 0; 0; 0; 0; 0; 0; 0; 0; 0; 0
1938;09; 0; 0; 0; 0; 0; 0; 0; 275; 60; 85; 80; 0; 0; 140; 0; 0; 0; 0; 0; 0; 0; 0; 0; 0; 0; 0; 0; 0; 0; 0; 9999
1938;10; 0; 30; 98; 0; 0; 0; 0; 0; 0; 0; 0; 0; 3; 80; 800; 0; 40; 78; 186; 364; 0; 0; 79; 0; 64; 0; 0; 0; 295; 0; 58
1938;11; 109; 0; 0; 0; 0; 0; 0; 0; 0; 0; 12; 0; 0; 7; 0; 0; 440; 0; 70; 0; 15; 135; 0; 0; 0; 0; 15; 6; 0; 46; 9999
1938;12; 237; 15; 37; 0; 0; 0; 0; 75; 25; 530; 0; 0; 285; 16; 12; 466; 228; 0; 14; 0; 350; 0; 145; 0; 313; 0; 0; 0; 0; 0; 16
1939;01; 345; 308; 109; 202; 0; 203; 55; 15; 59; 10; 0; 97; 0; 0; 90; 0; 190; 10; 0; 0; 0; 13; 133; 177; 0; 0; 0; 0; 0; 0; 23
1939;02; 0; 142; 0; 50; 35; 0; 0; 102; 33; 55; 20; 0; 0; 0; 0; 0; 0; 0; 0; 140; 157; 245; 145; 1; 0; 0; 0; 50; 9999; 9999; 9999
1939;03; 90; 40; 0; 0; 0; 0; 0; 0; 30; 10; 125; 0; 118; 0; 0; 5; 3; 165; 0; 10; 0; 5; 5; 0; 512; 18; 118; 0; 14; 16; 49
1939;04; 0; 0; 0; 0; 0; 0; 0; 0; 0; 0; 0; 0; 0; 0; 0; 0; 0; 0; 0; 0; 0; 0; 0; 48; 0; 12; 5; 0; 0; 0; 9999
1939;05; 0; 0; 0; 0; 3; 7; 0; 6; 664; 0; 0; 76; 0; 0; 35; 0; 0; 0; 0; 0; 0; 0; 0; 0; 0; 0; 0; 0; 438; 614; 0
1939;06; 8; 0; 25; 265; 0; 0; 0; 0; 0; 0; 235; 0; 0; 0; 0; 228; 76; 8; 0; 0; 0; 0; 0; 0; 0; 0; 0; 0; 76; 0; 9999
1939;07; 0; 0; 0; 0; 0; 0; 0; 0; 0; 0; 0; 0; 15; 25; 0; 0; 0; 0; 0; 5; 0; 3; 28; 0; 125; 0; 0; 0; 5; 0; 0
1939;08; 0; 0; 0; 0; 0; 0; 0; 0; 0; 0; 0; 0; 0; 0; 0; 0; 0; 0; 0; 0; 0; 0; 0; 0; 0; 0; 0; 0; 0; 0; 0
1939;09; 0; 0; 0; 0; 0; 0; 0; 0; 0; 0; 0; 2; 15; 0; 0; 100; 0; 121; 0; 0; 0; 0; 0; 0; 0; 75; 0; 0; 0; 0; 9999
1939;10; 330; 18; 0; 0; 240; 0; 0; 0; 0; 0; 0; 0; 0; 0; 0; 0; 0; 0; 0; 0; 0; 0; 0; 19; 0; 0; 0; 0; 2; 0; 0
1939;11; 0; 0; 0; 3; 0; 0; 0; 50; 390; 0; 160; 0; 0; 8; 0; 120; 320; 136; 33; 65; 190; 90; 245; 0; 0; 98; 245; 2; 0; 39; 9999
1939;12; 28; 87; 0; 184; 0; 266; 14; 418; 0; 1; 0; 145; 65; 55; 0; 0; 0; 280; 286; 271; 125; 72; 296; 0; 130; 253; 146; 185; 55; 0; 0
1940;01; 102; 204; 210; 20; 0; 58; 63; 334; 297; 198; 202; 18; 312; 35; 0; 0; 0; 0; 0; 95; 0; 90; 0; 235; 210; 0; 515; 0; 0; 0; 0
1940;02; 656; 235; 130; 209; 0; 0; 85; 15; 0; 0; 0; 35; 100; 30; 53; 155; 6; 92; 246; 24; 0; 164; 42; 0; 0; 0; 0; 0; 0; 9999; 9999
1940;03; 0; 0; 0; 0; 0; 0; 0; 56; 94; 18; 113; 0; 0; 102; 0; 0; 0; 0; 0; 0; 0; 0; 0; 0; 21; 55; 0; 126; 17; 202; 0
1940;04; 38; 0; 0; 0; 9; 0; 0; 0; 0; 0; 0; 0; 0; 0; 0; 230; 0; 0; 0; 0; 0; 0; 81; 0; 0; 190; 76; 54; 0; 0; 9999
1940;05; 0; 136; 0; 0; 0; 0; 0; 0; 0; 0; 0; 0; 0; 0; 0; 125; 0; 0; 0; 0; 0; 0; 0; 0; 0; 0; 0; 0; 0; 32; 0
1940;06; 0; 0; 0; 0; 0; 0; 0; 0; 0; 0; 0; 0; 0; 0; 0; 0; 0; 0; 0; 0; 0; 0; 0; 0; 0; 0; 0; 0; 0; 0; 9999
1940;07; 0; 0; 0; 0; 0; 0; 0; 0; 0; 0; 0; 0; 0; 0; 0; 0; 0; 0; 0; 0; 0; 38; 0; 0; 0; 0; 0; 0; 12; 2; 0
1940;08; 0; 0; 0; 0; 0; 0; 0; 0; 2; 0; 0; 0; 0; 0; 0; 0; 0; 0; 0; 0; 0; 0; 0; 0; 5; 28; 0; 0; 0; 0; 0
1940;09; 164; 0; 0; 0; 0; 0; 0; 0; 0; 0; 0; 4; 24; 0; 0; 0; 0; 0; 0; 0; 0; 120; 0; 54; 18; 0; 0; 0; 0; 0; 9999
1940;10; 0; 0; 0; 0; 0; 0; 0; 0; 0; 0; 0; 305; 0; 0; 0; 0; 0; 0; 0; 0; 238; 84; 0; 0; 24; 0; 5; 38; 153; 55; 0
1940;11; 0; 0; 0; 0; 10; 0; 0; 0; 68; 0; 294; 572; 23; 220; 20; 7; 3; 0; 0; 0; 0; 10; 75; 0; 25; 0; 86; 17; 0; 0; 9999
1940;12; 0; 129; 0; 40; 10; 0; 0; 0; 0; 0; 50; 2; 5; 85; 2; 591; 4; 0; 0; 414; 338; 80; 0; 0; 0; 0; 18; 2; 12; 0; 20
1941;01; 280; 315; 0; 53; 346; 0; 0; 0; 0; 28; 16; 70; 368; 16; 0; 0; 15; 0; 0; 0; 10; 165; 40; 102; 68; 23; 0; 0; 0; 0; 0
1941;02; 0; 90; 0; 23; 15; 8; 285; 25; 34; 0; 0; 0; 12; 0; 0; 0; 0; 22; 10; 0; 0; 0; 0; 82; 32; 29; 0; 0; 9999; 9999; 9999
1941;03; 0; 0; 0; 354; 0; 0; 0; 0; 0; 0; 0; 0; 394; 75; 0; 0; 68; 0; 0; 0; 0; 24; 0; 13; 305; 83; 10; 0; 0; 0; 0
1941;04; 327; 4; 25; 0; 0; 0; 0; 37; 210; 0; 0; 0; 0; 0; 0; 0; 0; 254; 0; 0; 0; 0; 0; 0; 0; 0; 0; 0; 0; 0; 9999
1941;05; 0; 0; 0; 0; 0; 0; 15; 0; 0; 0; 0; 0; 0; 0; 0; 0; 56; 0; 0; 0; 0; 0; 0; 0; 0; 0; 0; 136; 0; 0; 0
1941;06; 0; 0; 0; 0; 0; 0; 0; 0; 0; 0; 0; 0; 14; 0; 0; 0; 0; 0; 0; 0; 0; 0; 0; 0; 0; 44; 62; 0; 0; 0; 9999
1941;07; 0; 0; 0; 0; 0; 0; 0; 0; 0; 250; 0; 0; 0; 0; 0; 28; 264; 0; 0; 0; 0; 0; 0; 0; 0; 0; 0; 0; 0; 0; 0
1941;08; 0; 0; 4; 0; 0; 0; 0; 0; 0; 0; 0; 0; 0; 0; 0; 15; 1; 102; 0; 0; 0; 0; 0; 14; 0; 0; 0; 0; 0; 0; 0
1941;09; 0; 0; 95; 145; 0; 0; 140; 0; 0; 0; 18; 0; 22; 40; 34; 0; 0; 75; 10; 0; 245; 5; 0; 5; 125; 32; 583; 178; 16; 13; 9999
1941;10; 11; 108; 10; 0; 0; 0; 0; 34; 12; 0; 0; 0; 0; 0; 0; 0; 280; 0; 0; 0; 0; 0; 0; 0; 0; 0; 0; 58; 0; 0; 0
1941;11; 380; 0; 0; 60; 35; 375; 0; 0; 15; 0; 0; 60; 378; 0; 0; 0; 355; 42; 0; 0; 3; 32; 0; 0; 0; 140; 162; 0; 0; 56; 9999
1941;12; 120; 45; 0; 0; 0; 0; 0; 0; 187; 32; 0; 0; 0; 5; 9; 138; 0; 164; 0; 0; 70; 0; 0; 0; 0; 0; 0; 0; 93; 55; 365
1942;01; 260; 320; 0; 0; 0; 0; 0; 0; 0; 10; 50; 0; 0; 0; 0; 0; 285; 230; 0; 52; 55; 0; 0; 0; 0; 0; 10; 0; 20; 26; 74
1942;02; 4; 27; 90; 378; 0; 0; 0; 0; 22; 25; 28; 28; 9; 6; 0; 0; 0; 0; 450; 40; 308; 0; 0; 0; 0; 0; 0; 138; 9999; 9999; 9999
1942;03; 195; 0; 88; 713; 496; 66; 115; 0; 0; 25; 5; 542; 20; 192; 48; 0; 0; 0; 0; 0; 195; 0; 0; 0; 0; 0; 0; 84; 0; 0; 6
1942;04; 0; 0; 0; 0; 215; 0; 22; 265; 0; 0; 0; 0; 0; 370; 80; 14; 0; 0; 0; 0; 160; 0; 0; 0; 0; 0; 0; 0; 0; 0; 9999
1942;05; 0; 0; 0; 0; 0; 23; 135; 28; 0; 0; 0; 0; 0; 0; 0; 0; 0; 0; 0; 0; 0; 0; 0; 0; 0; 0; 0; 0; 0; 0; 0
1942;06; 0; 0; 0; 0; 0; 0; 62; 0; 256; 18; 120; 0; 0; 0; 0; 89; 100; 0; 15; 0; 0; 0; 0; 0; 0; 0; 0; 0; 0; 0; 9999
1942;07; 0; 0; 0; 23; 0; 0; 0; 0; 5; 107; 32; 0; 0; 0; 0; 0; 0; 0; 16; 0; 0; 0; 0; 0; 0; 0; 0; 0; 0; 0; 0
1942;08; 0; 0; 0; 0; 0; 0; 0; 0; 0; 0; 0; 0; 0; 0; 0; 0; 0; 0; 0; 0; 0; 0; 0; 0; 0; 0; 0; 0; 0; 0; 0
1942;09; 0; 0; 0; 0; 42; 25; 0; 0; 0; 0; 0; 0; 0; 0; 0; 0; 65; 0; 160; 0; 0; 0; 22; 0; 18; 0; 0; 0; 0; 0; 9999
1942;10; 48; 0; 0; 0; 328; 0; 0; 0; 0; 0; 0; 0; 0; 62; 15; 4; 0; 0; 0; 0; 0; 0; 0; 0; 40; 0; 0; 115; 0; 0; 0
1942;11; 0; 22; 32; 0; 0; 0; 0; 0; 0; 0; 0; 0; 10; 20; 0; 0; 0; 0; 0; 38; 3; 0; 0; 0; 183; 322; 224; 110; 0; 5; 9999
1942;12; 265; 70; 0; 0; 0; 0; 0; 592; 65; 0; 165; 40; 0; 187; 318; 30; 0; 0; 0; 12; 144; 135; 115; 314; 5; 0; 55; 182; 0; 0; 0
1943;01; 0; 0; 33; 252; 0; 0; 0; 34; 0; 0; 14; 0; 0; 365; 122; 0; 0; 115; 152; 62; 2; 0; 210; 3; 285; 0; 0; 50; 7; 120; 158
1943;02; 373; 18; 0; 0; 0; 0; 0; 0; 0; 15; 15; 118; 0; 472; 45; 54; 0; 330; 18; 0; 32; 0; 65; 0; 0; 0; 0; 12; 9999; 9999; 9999
1943;03; 0; 34; 38; 14; 5; 0; 13; 180; 0; 0; 5; 0; 0; 285; 452; 0; 0; 0; 0; 0; 0; 0; 0; 0; 0; 0; 0; 49; 50; 135; 0
1943;04; 0; 0; 0; 0; 0; 0; 0; 0; 0; 0; 0; 0; 0; 0; 52; 113; 5; 0; 0; 0; 0; 0; 0; 0; 0; 0; 0; 0; 0; 0; 9999
1943;05; 0; 0; 0; 0; 0; 0; 0; 0; 0; 0; 0; 0; 0; 0; 0; 0; 0; 0; 0; 0; 0; 0; 0; 0; 0; 0; 0; 0; 0; 0; 0
1943;06; 0; 0; 0; 0; 0; 46; 0; 170; 0; 0; 0; 0; 0; 0; 0; 0; 0; 0; 0; 0; 0; 0; 0; 0; 0; 2; 3; 0; 0; 0; 9999
1943;07; 0; 0; 0; 0; 0; 125; 0; 0; 0; 0; 0; 0; 0; 0; 0; 0; 0; 0; 0; 0; 0; 0; 0; 0; 0; 0; 0; 0; 0; 0; 0
1943;08; 0; 0; 0; 0; 0; 0; 0; 0; 0; 0; 0; 0; 0; 0; 0; 0; 0; 0; 0; 0; 0; 0; 0; 47; 20; 0; 0; 0; 0; 0; 0
1943;09; 0; 0; 0; 0; 0; 0; 0; 0; 0; 0; 168; 46; 122; 183; 0; 0; 0; 0; 57; 0; 0; 112; 5; 135; 122; 0; 0; 0; 0; 0; 9999
1943;10; 0; 0; 0; 330; 190; 0; 0; 0; 0; 0; 413; 80; 0; 91; 128; 0; 0; 0; 0; 0; 0; 164; 273; 0; 40; 0; 0; 638; 50; 0; 0
1943;11; 0; 5; 45; 238; 0; 0; 0; 0; 0; 0; 52; 0; 0; 0; 0; 0; 48; 298; 20; 0; 0; 0; 0; 95; 0; 0; 0; 0; 0; 0; 9999
1943;12; 154; 58; 0; 0; 0; 0; 0; 0; 0; 0; 0; 0; 25; 283; 15; 0; 0; 0; 0; 0; 0; 0; 5; 0; 0; 58; 0; 0; 24; 12; 164
1944;01; 15; 0; 0; 0; 0; 0; 23; 1020; 0; 75; 0; 0; 0; 0; 0; 0; 295; 0; 0; 0; 0; 0; 0; 10; 221; 162; 0; 0; 0; 0; 22
1944;02; 0; 20; 0; 0; 0; 0; 0; 0; 62; 0; 0; 0; 0; 0; 130; 115; 214; 130; 50; 360; 225; 0; 182; 22; 0; 275; 62; 47; 0; 9999; 9999
1944;03; 70; 49; 160; 0; 135; 22; 0; 0; 0; 0; 110; 162; 20; 5; 202; 0; 175; 34; 152; 0; 0; 0; 0; 0; 0; 0; 0; 0; 0; 0; 0
1944;04; 75; 0; 0; 0; 0; 0; 0; 0; 0; 0; 0; 0; 0; 0; 0; 0; 30; 0; 0; 30; 47; 0; 0; 0; 0; 0; 0; 0; 0; 0; 9999
1944;05; 0; 0; 0; 0; 0; 0; 0; 0; 0; 0; 0; 11; 0; 0; 0; 0; 0; 0; 0; 0; 0; 0; 0; 0; 0; 0; 0; 0; 0; 0; 0
1944;06; 0; 0; 0; 0; 51; 0; 0; 0; 0; 0; 0; 0; 0; 0; 0; 0; 0; 0; 52; 0; 0; 0; 0; 0; 0; 0; 0; 0; 0; 0; 9999
1944;07; 0; 0; 0; 0; 0; 0; 0; 0; 0; 0; 0; 0; 0; 0; 0; 0; 0; 0; 0; 0; 0; 0; 0; 0; 0; 0; 0; 0; 0; 0; 0
1944;08; 0; 0; 0; 0; 0; 0; 0; 0; 0; 0; 0; 0; 0; 0; 0; 0; 0; 0; 0; 0; 0; 0; 0; 0; 0; 0; 0; 0; 0; 0; 0
1944;09; 0; 0; 26; 0; 0; 0; 60; 0; 0; 0; 0; 0; 0; 0; 0; 0; 0; 0; 0; 0; 0; 0; 0; 0; 0; 50; 47; 17; 0; 0; 9999
1944;10; 0; 0; 0; 0; 0; 0; 0; 0; 0; 0; 0; 0; 0; 67; 0; 0; 0; 0; 41; 0; 0; 0; 0; 0; 0; 16; 32; 0; 205; 0; 0
1944;11; 0; 0; 160; 8; 2; 140; 0; 430; 160; 0; 0; 0; 0; 50; 230; 0; 0; 0; 0; 0; 40; 0; 0; 111; 0; 230; 0; 0; 0; 0; 9999
1944;12; 0; 372; 18; 151; 0; 0; 0; 0; 0; 27; 0; 0; 0; 0; 0; 0; 0; 19; 0; 0; 0; 0; 18; 32; 0; 0; 0; 0; 0; 0; 0
1945;01; 0; 129; 81; 12; 9; 53; 67; 148; 0; 0; 0; 0; 0; 0; 0; 0; 0; 246; 13; 0; 69; 0; 0; 0; 0; 0; 0; 217; 0; 0; 195
1945;02; 42; 0; 113; 0; 0; 0; 56; 0; 0; 48; 0; 96; 0; 0; 0; 0; 41; 79; 394; 42; 87; 98; 15; 0; 0; 0; 0; 0; 9999; 9999; 9999
1945;03; 9999; 9999; 9999; 9999; 9999; 9999; 9999; 9999; 9999; 9999; 9999; 9999; 9999; 9999; 9999; 9999; 9999; 9999; 9999; 9999; 9999; 9999; 9999; 9999; 9999; 9999; 9999; 9999; 9999; 9999; 9999
1945;04; 0; 0; 0; 0; 8; 0; 0; 0; 0; 0; 0; 0; 68; 0; 0; 0; 0; 0; 0; 406; 0; 0; 0; 0; 0; 0; 0; 65; 80; 53; 9999
1945;05; 0; 0; 0; 0; 0; 0; 0; 0; 0; 0; 0; 0; 0; 0; 0; 0; 0; 0; 0; 0; 0; 0; 0; 0; 0; 0; 7; 350; 2; 0; 0
1945;06; 0; 0; 0; 0; 0; 0; 0; 0; 0; 0; 0; 0; 0; 0; 0; 0; 0; 0; 14; 368; 880; 110; 129; 210; 162; 0; 0; 0; 0; 0; 9999
1945;07; 0; 0; 0; 0; 292; 98; 81; 0; 0; 0; 0; 0; 0; 0; 0; 0; 0; 0; 0; 0; 0; 0; 0; 0; 0; 0; 0; 0; 0; 0; 0
1945;08; 0; 0; 0; 0; 0; 0; 0; 0; 0; 0; 0; 0; 0; 0; 0; 0; 0; 0; 0; 0; 15; 8; 0; 0; 0; 0; 0; 0; 0; 0; 0
1945;09; 0; 0; 0; 0; 0; 0; 0; 0; 0; 0; 0; 0; 0; 0; 0; 173; 49; 0; 0; 0; 0; 0; 0; 1; 0; 0; 0; 0; 0; 0; 9999
1945;10; 0; 0; 0; 5; 170; 194; 0; 0; 0; 0; 0; 0; 0; 0; 0; 0; 0; 0; 0; 0; 0; 0; 0; 0; 0; 0; 120; 322; 0; 255; 0
1945;11; 550; 26; 0; 0; 0; 27; 0; 8; 149; 0; 0; 75; 491; 35; 0; 0; 0; 0; 0; 68; 4; 19; 0; 0; 0; 0; 0; 203; 0; 0; 9999
1945;12; 0; 0; 0; 0; 22; 49; 39; 1; 0; 0; 0; 0; 0; 195; 390; 155; 257; 6; 0; 0; 0; 0; 0; 0; 0; 0; 675; 400; 202; 0; 0
1946;01; 17; 0; 0; 0; 67; 202; 142; 24; 0; 0; 19; 6; 265; 0; 242; 0; 0; 0; 98; 7; 33; 0; 0; 0; 124; 0; 32; 946; 15; 0; 12
1946;02; 0; 7; 495; 0; 0; 0; 0; 100; 127; 8; 0; 12; 0; 0; 108; 34; 30; 0; 0; 195; 240; 235; 72; 63; 100; 545; 0; 286; 9999; 9999; 9999
1946;03; 0; 122; 0; 145; 116; 174; 0; 0; 0; 0; 154; 1; 14; 0; 17; 0; 0; 0; 0; 0; 0; 0; 0; 0; 53; 0; 0; 0; 0; 0; 0
1946;04; 215; 0; 0; 0; 0; 0; 0; 0; 0; 0; 0; 0; 0; 0; 0; 0; 21; 0; 0; 0; 0; 0; 0; 0; 0; 0; 0; 0; 0; 0; 9999
1946;05; 0; 6; 0; 0; 0; 0; 0; 0; 0; 0; 0; 5; 0; 0; 0; 0; 0; 0; 0; 0; 3; 0; 0; 0; 0; 0; 0; 0; 0; 0; 0
1946;06; 245; 222; 18; 1; 0; 0; 0; 0; 0; 0; 0; 0; 0; 0; 0; 24; 0; 0; 0; 0; 0; 0; 0; 0; 0; 0; 0; 0; 0; 9; 9999
1946;07; 18; 0; 0; 0; 0; 0; 0; 1; 14; 0; 21; 69; 258; 109; 0; 103; 0; 0; 24; 0; 0; 0; 0; 71; 0; 0; 0; 0; 0; 0; 0
1946;08; 0; 0; 0; 0; 0; 0; 30; 0; 0; 0; 0; 0; 0; 0; 0; 0; 0; 0; 0; 0; 0; 0; 0; 0; 0; 0; 0; 0; 0; 0; 0
1946;09; 0; 0; 0; 0; 0; 0; 0; 0; 0; 0; 0; 0; 0; 0; 0; 95; 0; 0; 0; 0; 0; 0; 0; 5; 0; 0; 0; 0; 99; 130; 9999
1946;10; 0; 0; 0; 0; 0; 0; 0; 205; 40; 0; 14; 0; 6; 0; 0; 0; 545; 99; 83; 42; 0; 0; 0; 0; 0; 0; 0; 0; 0; 0; 0
1946;11; 0; 145; 120; 0; 0; 0; 2; 306; 670; 10; 0; 0; 0; 0; 0; 0; 0; 0; 0; 110; 0; 0; 0; 0; 0; 305; 0; 0; 0; 0; 9999
1946;12; 0; 0; 0; 0; 0; 18; 0; 0; 0; 73; 0; 96; 0; 0; 0; 0; 46; 97; 0; 0; 1; 20; 200; 107; 103; 157; 347; 1; 0; 0; 105
1947;01; 95; 105; 325; 190; 304; 72; 9; 275; 219; 61; 21; 91; 102; 202; 248; 0; 119; 0; 69; 122; 205; 0; 0; 50; 140; 10; 22; 78; 69; 32; 142
1947;02; 0; 0; 0; 0; 0; 0; 0; 0; 0; 0; 90; 38; 101; 110; 100; 195; 334; 561; 772; 0; 0; 0; 14; 626; 54; 245; 457; 0; 9999; 9999; 9999
1947;03; 0; 0; 35; 5; 32; 132; 67; 0; 0; 0; 614; 0; 0; 0; 0; 100; 0; 164; 0; 0; 0; 0; 0; 0; 0; 0; 0; 0; 0; 0; 0
1947;04; 0; 0; 0; 0; 0; 0; 0; 101; 0; 0; 0; 0; 0; 0; 0; 0; 0; 0; 22; 23; 0; 0; 0; 0; 0; 0; 0; 0; 0; 0; 9999
1947;05; 0; 0; 0; 135; 0; 0; 0; 0; 0; 0; 0; 0; 0; 0; 0; 0; 0; 0; 46; 236; 0; 0; 0; 0; 0; 0; 0; 0; 0; 0; 0
1947;06; 0; 0; 0; 0; 0; 0; 0; 0; 0; 0; 0; 0; 0; 0; 0; 0; 0; 0; 0; 227; 7; 0; 297; 0; 0; 0; 0; 0; 0; 0; 9999
1947;07; 0; 0; 0; 1; 29; 0; 0; 19; 127; 0; 0; 0; 0; 0; 0; 0; 0; 0; 0; 0; 0; 0; 0; 0; 0; 0; 0; 153; 0; 0; 0
1947;08; 106; 80; 0; 0; 0; 0; 0; 0; 0; 100; 0; 0; 0; 0; 0; 0; 0; 0; 0; 0; 0; 0; 0; 0; 67; 0; 0; 283; 130; 0; 0
1947;09; 141; 2; 0; 32; 0; 0; 0; 0; 0; 0; 0; 0; 0; 0; 0; 0; 0; 320; 92; 0; 0; 0; 0; 0; 275; 190; 0; 0; 0; 0; 9999
1947;10; 0; 92; 0; 6; 0; 0; 0; 60; 431; 0; 0; 0; 0; 0; 60; 0; 0; 0; 0; 0; 5; 2; 109; 75; 1; 0; 0; 0; 0; 0; 0
1947;11; 0; 0; 0; 40; 0; 0; 0; 0; 0; 23; 0; 0; 108; 0; 0; 0; 0; 0; 0; 0; 0; 0; 49; 0; 242; 10; 0; 89; 0; 0; 9999
1947;12; 0; 0; 0; 0; 0; 0; 0; 0; 0; 0; 300; 0; 1; 0; 360; 200; 755; 0; 0; 636; 300; 46; 10; 0; 106; 0; 0; 0; 4; 204; 0
1948;01; 0; 0; 0; 132; 0; 0; 0; 0; 0; 0; 10; 139; 0; 35; 283; 46; 69; 0; 101; 60; 149; 144; 202; 0; 0; 0; 0; 0; 0; 100; 90
1948;02; 62; 146; 21; 252; 0; 193; 78; 11; 516; 320; 336; 0; 0; 353; 0; 228; 0; 0; 0; 0; 15; 161; 16; 7; 0; 0; 146; 104; 0; 9999; 9999
1948;03; 23; 0; 0; 0; 0; 0; 0; 0; 0; 0; 0; 471; 0; 6; 0; 218; 345; 0; 0; 0; 0; 0; 23; 0; 50; 160; 0; 0; 0; 0; 0
1948;04; 0; 0; 0; 96; 0; 0; 0; 0; 8; 0; 0; 0; 0; 0; 0; 0; 0; 0; 0; 0; 0; 0; 0; 0; 0; 0; 0; 0; 0; 0; 9999
1948;05; 0; 0; 0; 0; 0; 0; 0; 0; 0; 0; 0; 0; 0; 0; 4; 0; 0; 0; 0; 10; 0; 0; 0; 0; 0; 0; 0; 0; 92; 0; 0
1948;06; 0; 0; 0; 0; 0; 0; 0; 0; 0; 0; 0; 0; 0; 0; 0; 0; 0; 0; 0; 0; 0; 0; 0; 0; 0; 0; 0; 0; 0; 0; 9999
1948;07; 0; 0; 0; 0; 0; 0; 0; 0; 0; 0; 0; 0; 0; 0; 0; 0; 0; 0; 0; 55; 0; 0; 0; 45; 44; 0; 128; 113; 103; 0; 0
1948;08; 0; 0; 0; 0; 0; 0; 0; 142; 0; 0; 2; 5; 0; 0; 0; 0; 0; 0; 0; 0; 0; 0; 0; 0; 0; 0; 0; 0; 0; 0; 0
1948;09; 0; 0; 0; 0; 0; 0; 0; 0; 0; 0; 0; 0; 0; 0; 0; 0; 0; 0; 0; 0; 0; 0; 0; 0; 0; 0; 0; 0; 0; 32; 9999
1948;10; 0; 60; 0; 0; 504; 0; 0; 0; 0; 0; 176; 35; 172; 0; 58; 0; 0; 0; 0; 0; 0; 0; 0; 0; 0; 0; 0; 210; 0; 248; 11
1948;11; 0; 14; 37; 0; 0; 301; 0; 375; 71; 0; 70; 0; 0; 0; 0; 521; 0; 0; 0; 0; 0; 0; 0; 0; 0; 0; 259; 0; 0; 0; 9999
1948;12; 46; 26; 0; 37; 0; 0; 0; 0; 0; 25; 0; 0; 0; 0; 0; 0; 89; 64; 54; 0; 0; 0; 0; 0; 0; 0; 0; 0; 0; 0; 0
1949;01; 0; 0; 0; 0; 0; 0; 0; 0; 16; 135; 16; 1018; 1626; 236; 0; 0; 0; 0; 0; 0; 0; 0; 0; 0; 0; 0; 0; 68; 170; 175; 0
1949;02; 0; 0; 0; 0; 101; 320; 4; 124; 275; 0; 0; 0; 0; 0; 0; 100; 370; 71; 0; 40; 300; 45; 100; 0; 0; 0; 0; 0; 9999; 9999; 9999
1949;03; 205; 0; 0; 75; 255; 0; 400; 204; 320; 0; 0; 0; 0; 0; 0; 0; 0; 0; 0; 2; 0; 0; 112; 152; 5; 0; 0; 25; 0; 0; 0
1949;04; 120; 195; 61; 0; 0; 0; 0; 0; 0; 0; 0; 0; 0; 0; 0; 0; 0; 0; 0; 0; 0; 0; 65; 0; 145; 0; 0; 0; 0; 0; 9999
1949;05; 0; 0; 0; 155; 0; 0; 0; 0; 0; 0; 0; 214; 0; 0; 0; 0; 0; 0; 0; 0; 0; 0; 0; 0; 0; 0; 0; 0; 0; 0; 0
1949;06; 0; 0; 0; 0; 0; 164; 0; 0; 0; 0; 100; 0; 65; 16; 29; 0; 0; 0; 0; 0; 0; 0; 0; 0; 0; 0; 0; 0; 0; 0; 9999
1949;07; 0; 0; 0; 0; 0; 0; 0; 0; 0; 0; 0; 0; 0; 0; 0; 0; 0; 1; 0; 0; 0; 0; 0; 0; 0; 0; 0; 0; 0; 0; 0
1949;08; 0; 0; 0; 0; 0; 0; 0; 0; 0; 0; 0; 0; 0; 0; 0; 0; 0; 0; 0; 0; 0; 2; 0; 0; 0; 0; 0; 0; 0; 0; 87
1949;09; 0; 0; 0; 0; 0; 0; 0; 0; 0; 0; 0; 0; 0; 0; 0; 0; 0; 0; 0; 0; 0; 0; 0; 0; 0; 0; 0; 0; 0; 0; 9999
1949;10; 0; 0; 0; 0; 45; 0; 13; 72; 0; 0; 0; 57; 0; 0; 0; 0; 8; 0; 0; 0; 2; 0; 0; 0; 0; 0; 0; 0; 241; 0; 0
1949;11; 0; 0; 0; 0; 0; 190; 70; 0; 0; 90; 0; 0; 0; 0; 0; 0; 0; 0; 0; 95; 51; 203; 0; 0; 0; 0; 0; 0; 0; 0; 9999
1949;12; 490; 140; 173; 6; 0; 0; 0; 948; 127; 0; 0; 2; 0; 0; 0; 198; 284; 0; 0; 0; 0; 0; 35; 70; 10; 0; 72; 0; 108; 0; 0
1950;01; 0; 567; 196; 27; 199; 38; 0; 43; 0; 0; 65; 0; 0; 35; 29; 0; 334; 255; 727; 473; 0; 0; 119; 7; 10; 53; 0; 11; 0; 70; 0
1950;02; 0; 51; 105; 231; 0; 0; 7; 860; 460; 255; 31; 0; 23; 61; 0; 13; 0; 40; 91; 195; 0; 0; 225; 54; 13; 0; 0; 0; 9999; 9999; 9999
1950;03; 0; 0; 15; 0; 0; 28; 0; 186; 0; 0; 0; 0; 0; 0; 0; 0; 174; 264; 132; 0; 173; 0; 0; 0; 0; 0; 0; 0; 0; 134; 0
1950;04; 41; 0; 68; 0; 0; 0; 0; 0; 0; 0; 0; 0; 0; 0; 0; 0; 900; 78; 125; 0; 0; 0; 0; 0; 0; 0; 0; 5; 0; 98; 9999
1950;05; 0; 0; 0; 135; 0; 0; 0; 0; 0; 0; 0; 0; 0; 0; 0; 0; 0; 0; 0; 0; 0; 0; 0; 0; 0; 0; 0; 0; 0; 0; 0
1950;06; 0; 0; 0; 0; 0; 0; 120; 0; 0; 0; 0; 0; 0; 0; 0; 75; 0; 0; 0; 0; 0; 0; 0; 0; 0; 0; 0; 0; 0; 0; 9999
1950;07; 8; 0; 0; 0; 0; 0; 0; 0; 0; 0; 0; 0; 0; 0; 0; 0; 0; 0; 0; 0; 0; 0; 0; 0; 0; 0; 0; 0; 0; 0; 0
1950;08; 0; 0; 0; 0; 0; 0; 0; 0; 0; 0; 0; 0; 0; 0; 0; 0; 0; 0; 0; 0; 0; 0; 0; 0; 0; 0; 0; 0; 0; 0; 0
1950;09; 0; 0; 0; 0; 0; 0; 0; 0; 0; 0; 0; 0; 0; 0; 0; 0; 0; 0; 0; 0; 0; 0; 0; 0; 0; 0; 0; 0; 0; 0; 9999
1950;10; 0; 117; 0; 0; 0; 100; 0; 0; 60; 0; 24; 0; 221; 0; 0; 0; 156; 0; 0; 406; 0; 0; 0; 0; 0; 0; 0; 0; 0; 0; 90
1950;11; 0; 0; 0; 0; 0; 0; 0; 0; 0; 502; 10; 90; 80; 0; 0; 0; 80; 0; 0; 0; 0; 85; 105; 0; 0; 0; 210; 40; 210; 0; 9999
1950;12; 0; 0; 0; 0; 8; 0; 0; 0; 0; 0; 66; 65; 0; 65; 40; 0; 0; 0; 0; 0; 0; 148; 0; 117; 0; 0; 20; 0; 0; 170; 95
1951;01; 110; 0; 320; 325; 85; 83; 40; 0; 0; 0; 0; 0; 120; 56; 390; 14; 160; 145; 300; 24; 0; 105; 0; 0; 500; 85; 24; 0; 64; 195; 0
1951;02; 0; 0; 0; 0; 0; 133; 0; 168; 0; 0; 0; 0; 0; 72; 0; 0; 160; 35; 113; 150; 134; 5; 234; 7; 0; 94; 0; 0; 9999; 9999; 9999
1951;03; 0; 0; 0; 0; 0; 23; 42; 140; 65; 30; 0; 10; 0; 0; 80; 118; 1260; 15; 36; 210; 0; 0; 0; 10; 0; 0; 0; 0; 0; 0; 0
1951;04; 0; 410; 0; 0; 0; 0; 0; 0; 0; 0; 0; 0; 0; 0; 50; 0; 0; 0; 0; 0; 0; 0; 0; 0; 0; 0; 0; 0; 0; 0; 9999
1951;05; 0; 0; 0; 0; 0; 0; 0; 0; 0; 0; 0; 0; 0; 0; 0; 0; 0; 0; 3; 0; 0; 0; 0; 0; 0; 0; 0; 0; 0; 40; 0
1951;06; 0; 0; 0; 0; 0; 0; 85; 0; 0; 0; 0; 0; 0; 0; 0; 0; 0; 0; 0; 0; 0; 0; 0; 0; 0; 56; 0; 9; 34; 0; 9999
1951;07; 0; 0; 0; 0; 0; 0; 0; 0; 0; 0; 0; 0; 0; 0; 0; 0; 0; 0; 0; 0; 0; 0; 0; 0; 0; 0; 0; 0; 0; 0; 0
1951;08; 0; 0; 0; 0; 0; 42; 0; 0; 0; 0; 0; 0; 0; 0; 0; 0; 0; 0; 0; 0; 0; 150; 10; 0; 0; 0; 0; 0; 0; 0; 0
1951;09; 0; 0; 0; 0; 0; 0; 0; 0; 0; 0; 0; 0; 0; 0; 0; 0; 30; 0; 0; 0; 0; 0; 0; 0; 0; 0; 0; 0; 0; 0; 9999
1951;10; 0; 0; 0; 0; 0; 127; 0; 0; 0; 0; 3; 0; 0; 0; 40; 41; 0; 0; 315; 143; 4; 0; 0; 0; 0; 0; 0; 0; 82; 0; 0
1951;11; 0; 110; 8; 0; 0; 0; 0; 0; 0; 0; 0; 0; 0; 82; 0; 0; 0; 0; 0; 0; 195; 18; 114; 157; 504; 354; 0; 96; 38; 0; 9999
1951;12; 197; 0; 81; 0; 0; 10; 20; 226; 13; 0; 0; 0; 0; 0; 0; 0; 0; 0; 0; 0; 0; 130; 113; 0; 0; 0; 0; 0; 110; 33; 0
1952;01; 115; 20; 0; 0; 0; 0; 0; 420; 0; 37; 0; 0; 200; 0; 34; 30; 440; 0; 0; 0; 0; 0; 0; 0; 110; 280; 0; 0; 0; 0; 265
1952;02; 180; 0; 46; 0; 10; 100; 0; 40; 0; 0; 0; 176; 485; 310; 0; 0; 0; 0; 56; 0; 193; 0; 0; 20; 220; 200; 0; 0; 290; 9999; 9999
1952;03; 0; 73; 40; 15; 5; 0; 0; 0; 45; 165; 103; 65; 0; 0; 45; 310; 53; 0; 0; 370; 63; 0; 0; 0; 34; 204; 0; 0; 0; 0; 0
1952;04; 336; 0; 0; 0; 0; 0; 145; 0; 0; 0; 0; 10; 0; 0; 0; 0; 0; 0; 0; 0; 0; 0; 0; 0; 0; 0; 0; 0; 0; 0; 9999
1952;05; 0; 0; 0; 0; 0; 0; 0; 0; 0; 0; 0; 0; 0; 0; 0; 0; 0; 0; 0; 0; 0; 0; 0; 0; 0; 0; 0; 0; 0; 0; 0
1952;06; 0; 0; 0; 0; 0; 0; 0; 0; 186; 102; 2; 0; 33; 136; 56; 0; 376; 42; 0; 0; 0; 0; 0; 0; 0; 0; 0; 0; 0; 0; 9999
1952;07; 0; 0; 0; 0; 0; 0; 0; 0; 0; 0; 0; 0; 0; 0; 0; 0; 0; 0; 0; 12; 0; 0; 0; 0; 0; 0; 0; 0; 0; 0; 0
1952;08; 0; 0; 0; 0; 0; 0; 0; 0; 0; 0; 0; 0; 0; 0; 0; 0; 0; 0; 0; 0; 0; 0; 0; 0; 0; 0; 34; 19; 0; 0; 0
1952;09; 0; 0; 0; 0; 6; 130; 3; 0; 0; 0; 0; 0; 4; 0; 0; 26; 148; 2; 20; 0; 0; 0; 0; 0; 0; 0; 0; 0; 0; 0; 9999
1952;10; 0; 0; 0; 0; 0; 0; 40; 20; 111; 0; 67; 86; 7; 69; 0; 0; 0; 63; 430; 5; 122; 270; 23; 0; 50; 24; 20; 0; 26; 0; 0
1952;11; 0; 0; 122; 0; 0; 0; 0; 42; 10; 0; 49; 0; 0; 0; 0; 0; 0; 147; 0; 368; 5; 0; 0; 0; 0; 0; 0; 17; 0; 0; 9999
1952;12; 37; 0; 0; 0; 0; 0; 0; 0; 0; 0; 0; 72; 5; 0; 0; 0; 0; 0; 0; 0; 0; 0; 0; 0; 0; 0; 226; 0; 22; 0; 380
1953;01; 480; 201; 0; 5; 133; 19; 23; 500; 0; 0; 0; 0; 42; 0; 0; 0; 0; 0; 0; 0; 0; 140; 0; 0; 0; 0; 0; 90; 480; 170; 161
1953;02; 61; 9; 61; 0; 0; 0; 0; 0; 0; 443; 135; 95; 0; 376; 55; 0; 0; 0; 0; 42; 0; 0; 0; 217; 23; 0; 0; 0; 9999; 9999; 9999
1953;03; 150; 34; 0; 0; 0; 0; 0; 0; 0; 0; 0; 0; 0; 0; 0; 8; 0; 0; 0; 18; 17; 15; 77; 225; 45; 16; 0; 0; 0; 5; 0
1953;04; 0; 0; 7; 154; 0; 0; 0; 54; 0; 0; 0; 0; 0; 24; 0; 5; 0; 0; 0; 0; 0; 340; 13; 0; 0; 0; 0; 0; 0; 0; 9999
1953;05; 0; 0; 0; 14; 20; 0; 0; 0; 0; 0; 0; 0; 0; 0; 0; 0; 0; 0; 0; 0; 0; 0; 54; 30; 0; 13; 133; 0; 0; 0; 91
1953;06; 62; 0; 0; 0; 0; 0; 0; 0; 0; 135; 0; 0; 0; 0; 0; 0; 0; 0; 0; 0; 0; 0; 0; 0; 0; 0; 0; 0; 0; 0; 9999
1953;07; 0; 0; 0; 0; 0; 0; 0; 0; 0; 161; 0; 0; 0; 0; 0; 0; 0; 0; 0; 72; 0; 0; 0; 0; 0; 0; 0; 0; 0; 0; 0
1953;08; 0; 0; 0; 0; 0; 0; 0; 0; 0; 0; 0; 0; 0; 0; 0; 0; 0; 0; 0; 13; 3; 0; 0; 183; 0; 0; 0; 0; 0; 0; 0
1953;09; 0; 0; 0; 0; 0; 0; 202; 0; 0; 71; 227; 126; 0; 0; 134; 218; 0; 0; 0; 0; 119; 0; 0; 98; 0; 0; 0; 0; 0; 0; 9999
1953;10; 0; 0; 144; 5; 164; 46; 104; 0; 0; 0; 0; 0; 0; 12; 0; 0; 0; 35; 0; 0; 0; 0; 41; 18; 0; 0; 0; 0; 0; 0; 0
1953;11; 344; 180; 20; 0; 0; 0; 0; 283; 33; 0; 0; 122; 0; 25; 218; 0; 0; 0; 0; 165; 0; 0; 0; 0; 0; 0; 0; 0; 34; 0; 9999
1953;12; 571; 640; 34; 1; 0; 182; 0; 0; 0; 0; 0; 38; 3; 0; 0; 0; 53; 0; 0; 0; 0; 0; 0; 0; 0; 0; 0; 233; 252; 0; 0
1954;01; 0; 11; 446; 216; 142; 490; 35; 10; 50; 0; 34; 0; 0; 0; 16; 0; 0; 1; 138; 39; 300; 143; 0; 204; 0; 0; 0; 0; 43; 0; 0
1954;02; 18; 0; 0; 248; 93; 312; 664; 536; 0; 0; 0; 0; 80; 51; 3; 0; 808; 632; 0; 0; 0; 0; 0; 47; 0; 8; 0; 0; 9999; 9999; 9999
1954;03; 0; 0; 0; 0; 0; 0; 0; 0; 73; 185; 496; 0; 112; 0; 0; 0; 0; 0; 121; 0; 0; 0; 0; 0; 0; 0; 4; 26; 0; 0; 121
1954;04; 0; 0; 63; 0; 0; 0; 0; 0; 0; 0; 0; 0; 0; 0; 0; 0; 0; 0; 0; 0; 0; 0; 0; 0; 0; 0; 0; 254; 2; 232; 9999
1954;05; 12; 0; 0; 0; 0; 0; 523; 0; 405; 74; 95; 0; 26; 13; 0; 0; 275; 133; 127; 0; 268; 14; 0; 0; 0; 0; 0; 0; 0; 0; 0
1954;06; 0; 0; 0; 30; 50; 456; 97; 0; 0; 0; 0; 0; 0; 0; 0; 0; 0; 0; 48; 0; 0; 0; 40; 0; 0; 0; 0; 0; 0; 0; 9999
1954;07; 0; 0; 0; 0; 0; 0; 0; 0; 0; 0; 0; 0; 0; 0; 0; 165; 0; 0; 0; 0; 0; 0; 0; 0; 0; 0; 0; 0; 0; 0; 0
1954;08; 0; 0; 0; 0; 0; 0; 0; 0; 0; 0; 0; 0; 0; 0; 0; 0; 0; 0; 0; 0; 0; 0; 0; 0; 0; 0; 0; 0; 0; 0; 0
1954;09; 0; 0; 0; 0; 0; 0; 0; 0; 0; 0; 0; 0; 0; 0; 0; 0; 0; 0; 0; 0; 0; 7; 18; 0; 0; 0; 8; 45; 0; 10; 9999
1954;10; 160; 0; 0; 0; 0; 0; 0; 0; 0; 0; 0; 0; 0; 0; 0; 199; 0; 0; 0; 0; 80; 80; 0; 0; 0; 0; 0; 200; 0; 70; 0
1954;11; 0; 0; 0; 0; 0; 0; 0; 0; 0; 0; 70; 0; 0; 0; 0; 0; 0; 0; 0; 0; 0; 0; 0; 35; 0; 0; 0; 0; 0; 20; 9999
1954;12; 0; 0; 0; 398; 18; 0; 0; 152; 0; 10; 94; 0; 540; 0; 0; 0; 328; 0; 273; 328; 0; 23; 10; 0; 0; 0; 0; 0; 176; 0; 0
1955;01; 0; 0; 208; 0; 170; 232; 0; 0; 0; 0; 0; 45; 95; 65; 85; 0; 5; 60; 0; 0; 0; 0; 0; 150; 0; 0; 0; 0; 0; 0; 91
1955;02; 594; 10; 0; 3; 0; 0; 0; 0; 0; 0; 0; 34; 570; 15; 0; 0; 0; 0; 0; 0; 6; 242; 330; 0; 0; 0; 230; 582; 9999; 9999; 9999
1955;03; 0; 733; 200; 10; 0; 223; 74; 0; 0; 16; 102; 0; 0; 0; 0; 65; 0; 0; 0; 0; 0; 0; 0; 0; 0; 0; 0; 70; 0; 136; 17
1955;04; 0; 0; 0; 0; 0; 0; 0; 0; 0; 0; 179; 0; 3; 0; 121; 529; 0; 0; 0; 0; 0; 0; 0; 0; 0; 0; 0; 0; 80; 0; 9999
1955;05; 0; 0; 0; 0; 0; 0; 0; 0; 0; 0; 0; 0; 0; 0; 0; 0; 0; 0; 0; 165; 0; 0; 0; 13; 0; 0; 0; 0; 0; 35; 97
1955;06; 70; 0; 0; 0; 0; 0; 0; 0; 120; 0; 0; 0; 463; 106; 0; 0; 0; 0; 0; 0; 0; 0; 0; 0; 0; 0; 0; 0; 0; 0; 9999
1955;07; 0; 0; 46; 0; 96; 0; 0; 0; 0; 0; 0; 0; 0; 0; 0; 0; 0; 0; 0; 0; 0; 0; 0; 0; 0; 0; 0; 0; 0; 0; 0
1955;08; 0; 0; 0; 0; 0; 0; 0; 0; 0; 0; 0; 0; 0; 0; 0; 0; 0; 0; 0; 0; 0; 0; 0; 0; 0; 4; 202; 190; 72; 135; 0
1955;09; 0; 0; 0; 0; 0; 0; 0; 0; 0; 0; 0; 0; 0; 0; 0; 0; 0; 0; 0; 0; 0; 0; 0; 0; 0; 0; 0; 0; 0; 0; 9999
1955;10; 0; 0; 0; 0; 0; 0; 45; 21; 0; 0; 0; 0; 345; 0; 0; 0; 0; 0; 0; 0; 7; 0; 0; 0; 0; 0; 0; 366; 0; 0; 52
1955;11; 0; 380; 220; 0; 0; 0; 576; 0; 36; 0; 0; 0; 0; 0; 0; 0; 0; 121; 34; 42; 0; 583; 43; 0; 0; 0; 0; 0; 0; 0; 9999
1955;12; 0; 25; 140; 686; 0; 0; 0; 0; 0; 0; 0; 0; 419; 0; 0; 0; 3; 22; 0; 0; 0; 0; 27; 0; 0; 10; 0; 0; 723; 188; 57
1956;01; 14; 9; 26; 10; 0; 0; 39; 0; 0; 0; 0; 0; 0; 0; 0; 0; 0; 18; 0; 0; 151; 0; 0; 0; 30; 0; 2; 0; 0; 0; 0
1956;02; 0; 0; 0; 0; 0; 0; 0; 0; 0; 96; 12; 122; 40; 71; 0; 260; 100; 127; 0; 260; 0; 0; 463; 92; 178; 123; 0; 0; 0; 9999; 9999
1956;03; 0; 5; 0; 0; 0; 0; 0; 0; 0; 0; 72; 45; 109; 0; 9; 0; 0; 80; 0; 0; 0; 0; 4; 0; 199; 108; 15; 0; 310; 0; 0
1956;04; 0; 0; 0; 0; 0; 0; 243; 30; 0; 200; 40; 2; 0; 0; 0; 0; 0; 0; 0; 2; 0; 0; 0; 0; 53; 0; 0; 570; 21; 0; 9999
1956;05; 0; 302; 12; 0; 510; 7; 103; 119; 10; 0; 0; 0; 0; 0; 0; 0; 0; 0; 0; 0; 1; 8; 0; 2; 390; 755; 0; 0; 0; 0; 0
1956;06; 530; 30; 10; 0; 0; 0; 0; 0; 22; 2; 8; 203; 350; 4; 86; 0; 0; 0; 0; 0; 0; 0; 0; 0; 0; 0; 10; 0; 0; 0; 9999
1956;07; 0; 0; 0; 0; 0; 0; 29; 0; 0; 0; 0; 0; 0; 122; 0; 0; 0; 0; 0; 0; 0; 0; 300; 351; 0; 0; 0; 114; 0; 112; 57
1956;08; 160; 0; 60; 183; 0; 0; 108; 84; 0; 0; 0; 0; 0; 0; 0; 0; 0; 0; 0; 0; 0; 0; 0; 55; 0; 0; 0; 0; 0; 0; 0
1956;09; 0; 0; 0; 0; 0; 0; 0; 0; 0; 346; 152; 0; 0; 132; 0; 0; 10; 0; 0; 0; 0; 0; 0; 0; 0; 74; 0; 0; 36; 54; 9999
1956;10; 0; 0; 0; 0; 0; 0; 0; 0; 0; 0; 303; 234; 0; 0; 0; 0; 0; 0; 0; 0; 0; 0; 196; 0; 0; 0; 0; 500; 40; 143; 0
1956;11; 0; 0; 0; 0; 0; 0; 0; 0; 0; 0; 0; 0; 0; 0; 0; 0; 0; 0; 0; 0; 0; 0; 0; 0; 0; 0; 0; 0; 0; 0; 9999
1956;12; 0; 0; 0; 0; 0; 0; 325; 16; 0; 0; 0; 0; 0; 43; 0; 0; 0; 0; 0; 0; 23; 0; 0; 0; 127; 0; 0; 0; 0; 0; 0
1957;01; 5; 0; 0; 0; 0; 0; 0; 25; 275; 493; 560; 0; 0; 0; 497; 773; 600; 40; 0; 0; 0; 0; 132; 0; 204; 0; 0; 0; 0; 0; 0
1957;02; 80; 0; 112; 24; 0; 20; 155; 3; 2; 0; 480; 0; 0; 0; 290; 303; 13; 0; 0; 0; 0; 0; 0; 0; 0; 278; 40; 0; 9999; 9999; 9999
1957;03; 0; 0; 0; 0; 0; 4; 2; 0; 13; 11; 17; 52; 13; 0; 0; 0; 0; 0; 0; 0; 35; 310; 44; 26; 0; 23; 96; 0; 0; 0; 134
1957;04; 70; 58; 0; 69; 0; 0; 0; 0; 0; 0; 0; 0; 0; 0; 275; 93; 0; 0; 0; 0; 0; 0; 0; 0; 0; 0; 50; 0; 0; 150; 9999
1957;05; 0; 0; 0; 0; 0; 0; 88; 0; 0; 24; 0; 0; 0; 0; 0; 0; 169; 0; 0; 0; 0; 0; 0; 0; 0; 0; 0; 0; 0; 0; 0
1957;06; 0; 0; 4; 0; 0; 0; 0; 271; 0; 0; 0; 0; 0; 0; 0; 0; 0; 0; 0; 0; 0; 0; 0; 0; 0; 0; 0; 0; 28; 17; 9999
1957;07; 2; 110; 65; 465; 327; 23; 0; 0; 0; 0; 0; 0; 0; 0; 0; 243; 213; 327; 66; 134; 0; 0; 0; 0; 15; 0; 0; 0; 0; 0; 0
1957;08; 0; 0; 0; 0; 0; 0; 0; 0; 0; 0; 0; 0; 0; 35; 0; 0; 250; 34; 182; 0; 0; 225; 0; 0; 0; 0; 0; 0; 0; 0; 97
1957;09; 0; 0; 59; 237; 0; 0; 0; 205; 173; 0; 0; 0; 175; 0; 0; 7; 30; 0; 0; 18; 12; 25; 233; 46; 0; 0; 0; 0; 0; 0; 9999
1957;10; 0; 0; 0; 0; 0; 0; 0; 0; 0; 0; 0; 133; 54; 62; 0; 0; 0; 0; 0; 0; 0; 0; 0; 0; 0; 0; 702; 456; 83; 0; 31
1957;11; 0; 0; 0; 114; 0; 0; 0; 65; 58; 0; 0; 0; 31; 20; 0; 0; 48; 15; 52; 28; 140; 0; 0; 0; 0; 0; 0; 0; 0; 0; 9999
1957;12; 0; 24; 64; 64; 0; 0; 0; 0; 0; 0; 13; 0; 69; 177; 130; 6; 331; 0; 0; 0; 0; 0; 0; 0; 0; 105; 35; 2; 0; 0; 0
1958;01; 0; 31; 0; 0; 0; 0; 0; 0; 113; 0; 0; 40; 49; 1; 227; 0; 0; 298; 8; 5; 0; 10; 0; 567; 159; 15; 356; 1132; 14; 0; 0
1958;02; 0; 0; 0; 26; 83; 0; 140; 114; 0; 0; 0; 0; 119; 3; 0; 0; 0; 0; 6; 11; 0; 58; 0; 0; 5; 0; 556; 290; 9999; 9999; 9999
1958;03; 153; 200; 0; 93; 0; 18; 0; 112; 0; 0; 0; 0; 0; 0; 0; 226; 376; 58; 0; 0; 0; 0; 0; 0; 0; 0; 0; 0; 0; 0; 226
1958;04; 491; 10; 0; 0; 0; 0; 0; 0; 34; 112; 0; 5; 100; 0; 0; 0; 0; 4; 28; 7; 0; 0; 0; 0; 0; 0; 0; 0; 0; 0; 9999
1958;05; 0; 0; 225; 72; 89; 0; 0; 0; 0; 0; 0; 0; 45; 0; 0; 0; 0; 0; 0; 0; 0; 609; 12; 0; 71; 61; 4; 106; 0; 0; 0
1958;06; 0; 0; 0; 0; 0; 0; 0; 0; 0; 0; 0; 0; 0; 136; 803; 0; 45; 0; 0; 0; 0; 0; 0; 0; 0; 0; 0; 0; 0; 0; 9999
1958;07; 0; 0; 0; 0; 0; 0; 0; 0; 0; 0; 0; 0; 0; 0; 0; 24; 0; 0; 148; 0; 0; 0; 0; 0; 0; 0; 0; 0; 0; 0; 0
1958;08; 0; 0; 0; 0; 0; 0; 0; 0; 0; 0; 0; 0; 0; 0; 0; 0; 0; 0; 0; 0; 0; 0; 0; 0; 0; 0; 0; 0; 0; 24; 0
1958;09; 0; 0; 0; 0; 0; 0; 0; 75; 0; 12; 240; 481; 0; 0; 0; 0; 0; 0; 0; 0; 0; 0; 0; 0; 0; 126; 100; 0; 0; 0; 9999
1958;10; 0; 0; 0; 0; 0; 0; 27; 0; 0; 0; 268; 0; 0; 0; 0; 0; 0; 145; 0; 0; 0; 0; 0; 157; 22; 136; 418; 256; 24; 0; 0
1958;11; 98; 0; 0; 0; 102; 0; 0; 0; 0; 0; 0; 0; 0; 98; 0; 0; 0; 83; 135; 35; 0; 0; 0; 15; 180; 0; 0; 0; 0; 5; 9999
1958;12; 186; 0; 0; 31; 0; 0; 0; 0; 110; 0; 201; 635; 0; 0; 30; 28; 435; 235; 35; 20; 412; 120; 0; 0; 0; 0; 0; 0; 0; 0; 0
1959;01; 0; 0; 0; 730; 289; 52; 0; 0; 0; 15; 0; 110; 300; 263; 88; 0; 33; 260; 170; 0; 20; 0; 27; 140; 0; 0; 0; 0; 0; 0; 0
1959;02; 0; 165; 38; 12; 104; 34; 37; 8; 19; 0; 0; 0; 65; 51; 0; 0; 106; 166; 39; 95; 0; 0; 0; 0; 0; 0; 0; 378; 9999; 9999; 9999
1959;03; 0; 0; 0; 0; 0; 0; 0; 0; 182; 44; 0; 0; 145; 165; 0; 0; 0; 90; 145; 42; 193; 83; 61; 108; 0; 0; 32; 0; 0; 0; 0
1959;04; 69; 0; 0; 0; 0; 0; 175; 0; 0; 0; 0; 0; 0; 0; 0; 0; 0; 0; 0; 0; 24; 0; 82; 0; 0; 0; 300; 0; 0; 0; 9999
1959;05; 0; 19; 0; 0; 0; 0; 0; 0; 0; 0; 0; 7; 0; 0; 0; 0; 0; 0; 301; 60; 194; 0; 0; 0; 0; 0; 0; 0; 0; 35; 0
1959;06; 0; 0; 0; 178; 4; 0; 0; 0; 0; 0; 0; 0; 0; 0; 0; 0; 0; 0; 0; 0; 0; 0; 0; 0; 0; 0; 0; 0; 0; 0; 9999
1959;07; 0; 0; 0; 0; 0; 0; 0; 0; 0; 0; 0; 0; 0; 0; 0; 0; 0; 0; 0; 0; 0; 0; 0; 0; 0; 0; 0; 0; 0; 0; 5
1959;08; 158; 74; 5; 0; 0; 70; 4; 0; 0; 0; 15; 241; 0; 98; 31; 0; 0; 0; 0; 0; 0; 0; 0; 0; 0; 0; 0; 0; 0; 0; 0
1959;09; 0; 0; 0; 6; 0; 0; 0; 0; 0; 0; 0; 0; 0; 0; 0; 0; 0; 0; 0; 0; 0; 0; 0; 0; 0; 96; 8; 0; 0; 0; 9999
1959;10; 0; 0; 0; 0; 0; 0; 0; 0; 0; 0; 0; 54; 470; 0; 0; 0; 0; 0; 143; 5; 208; 20; 0; 0; 0; 0; 0; 0; 35; 0; 0
1959;11; 0; 0; 0; 0; 0; 0; 0; 0; 0; 41; 152; 20; 101; 0; 0; 0; 0; 0; 55; 0; 0; 0; 0; 0; 110; 675; 109; 0; 144; 0; 9999
1959;12; 0; 0; 0; 52; 215; 0; 314; 220; 242; 622; 0; 0; 0; 0; 0; 0; 0; 0; 0; 0; 0; 288; 40; 16; 192; 0; 0; 0; 0; 0; 0
1960;01; 63; 172; 0; 0; 0; 73; 338; 277; 252; 28; 384; 36; 155; 0; 0; 0; 17; 109; 34; 102; 268; 50; 0; 95; 0; 0; 0; 8; 0; 0; 0
1960;02; 0; 654; 145; 0; 0; 0; 0; 0; 15; 25; 125; 24; 0; 0; 0; 0; 0; 0; 92; 46; 161; 478; 31; 17; 50; 323; 142; 372; 40; 9999; 9999
1960;03; 0; 48; 59; 0; 0; 0; 0; 0; 0; 46; 0; 1; 0; 34; 126; 60; 0; 0; 0; 0; 52; 142; 46; 0; 0; 0; 0; 0; 0; 0; 24
1960;04; 0; 0; 6; 0; 83; 65; 0; 110; 0; 32; 0; 0; 0; 0; 0; 0; 0; 0; 125; 145; 0; 0; 0; 0; 0; 0; 0; 0; 32; 0; 9999
1960;05; 29; 0; 0; 0; 0; 0; 0; 0; 0; 0; 15; 0; 0; 0; 83; 61; 0; 0; 0; 65; 200; 0; 0; 0; 0; 0; 0; 0; 0; 0; 0
1960;06; 0; 0; 0; 0; 0; 0; 0; 0; 0; 0; 0; 0; 0; 0; 90; 0; 0; 0; 0; 0; 0; 0; 128; 191; 0; 0; 79; 0; 0; 0; 9999
1960;07; 0; 0; 0; 0; 0; 0; 0; 0; 0; 0; 0; 0; 0; 0; 0; 0; 0; 0; 0; 0; 0; 0; 0; 0; 0; 0; 0; 0; 0; 0; 0
1960;08; 0; 0; 0; 0; 0; 0; 0; 0; 0; 0; 0; 0; 0; 0; 0; 120; 0; 0; 0; 0; 0; 0; 0; 0; 0; 0; 0; 0; 0; 0; 0
1960;09; 0; 15; 0; 0; 0; 0; 0; 0; 0; 0; 0; 0; 0; 0; 0; 0; 0; 0; 0; 0; 0; 0; 0; 0; 0; 0; 0; 0; 0; 0; 9999
1960;10; 95; 0; 0; 0; 0; 0; 0; 300; 0; 0; 0; 0; 0; 26; 0; 5; 68; 47; 0; 146; 25; 64; 74; 0; 0; 0; 52; 0; 0; 0; 26
1960;11; 50; 40; 0; 0; 4; 14; 0; 343; 0; 128; 134; 254; 4; 20; 50; 0; 0; 0; 0; 0; 480; 70; 0; 0; 0; 52; 0; 0; 0; 20; 9999
1960;12; 0; 0; 0; 0; 0; 0; 0; 0; 0; 0; 0; 0; 28; 0; 188; 0; 418; 1240; 270; 0; 4; 1144; 12; 22; 0; 20; 0; 0; 0; 45; 0
1961;01; 95; 226; 42; 0; 608; 126; 140; 0; 0; 0; 24; 1; 23; 20; 0; 0; 0; 0; 0; 180; 510; 0; 0; 0; 0; 0; 0; 27; 0; 378; 0
1961;02; 96; 0; 190; 32; 470; 0; 0; 0; 118; 16; 0; 72; 6; 0; 0; 13; 20; 41; 20; 54; 0; 259; 0; 270; 30; 0; 385; 114; 9999; 9999; 9999
1961;03; 194; 0; 0; 0; 0; 0; 4; 10; 12; 0; 0; 0; 0; 0; 0; 167; 0; 56; 118; 0; 112; 200; 152; 303; 91; 0; 65; 0; 0; 0; 0
1961;04; 0; 0; 0; 64; 836; 168; 0; 0; 0; 0; 0; 0; 0; 0; 0; 0; 0; 0; 0; 0; 0; 164; 48; 0; 0; 95; 16; 0; 0; 0; 9999
1961;05; 0; 0; 75; 227; 13; 0; 0; 0; 0; 0; 0; 0; 0; 0; 0; 0; 0; 0; 0; 0; 0; 0; 0; 0; 0; 0; 0; 0; 0; 0; 0
1961;06; 0; 0; 0; 0; 0; 0; 0; 0; 0; 0; 0; 0; 0; 0; 2; 0; 0; 0; 0; 0; 0; 0; 0; 0; 0; 0; 0; 0; 0; 0; 9999
1961;07; 0; 0; 0; 0; 0; 0; 0; 0; 0; 0; 0; 0; 0; 0; 0; 0; 0; 0; 0; 0; 0; 0; 0; 0; 0; 0; 0; 0; 0; 0; 0
1961;08; 0; 0; 0; 0; 0; 0; 0; 0; 0; 0; 0; 0; 0; 0; 0; 0; 0; 0; 0; 0; 0; 0; 0; 0; 0; 2; 3; 0; 2; 4; 18
1961;09; 0; 0; 0; 0; 0; 0; 0; 0; 0; 0; 0; 0; 0; 0; 0; 0; 0; 0; 0; 0; 0; 0; 0; 0; 0; 0; 0; 0; 171; 0; 9999
1961;10; 0; 0; 0; 0; 0; 0; 0; 0; 0; 0; 62; 56; 0; 0; 0; 204; 40; 105; 0; 62; 0; 0; 0; 0; 0; 45; 370; 0; 0; 6; 289
1961;11; 0; 0; 0; 0; 0; 18; 58; 0; 0; 0; 0; 570; 0; 489; 101; 0; 0; 0; 0; 73; 0; 0; 62; 0; 0; 0; 0; 260; 0; 0; 9999
1961;12; 0; 161; 38; 32; 0; 0; 0; 42; 0; 0; 0; 0; 106; 0; 0; 154; 90; 30; 0; 85; 0; 71; 0; 40; 32; 735; 0; 0; 0; 0; 0
1962;01; 0; 0; 622; 60; 0; 0; 0; 220; 450; 340; 0; 0; 0; 0; 108; 372; 125; 15; 350; 10; 0; 44; 0; 0; 0; 0; 0; 0; 0; 0; 0
1962;02; 0; 0; 0; 495; 349; 0; 0; 0; 0; 0; 216; 0; 0; 0; 0; 635; 0; 0; 502; 0; 0; 258; 182; 15; 16; 0; 0; 0; 9999; 9999; 9999
1962;03; 0; 0; 0; 29; 43; 13; 0; 0; 0; 140; 170; 760; 320; 420; 58; 36; 8; 122; 416; 58; 0; 0; 0; 0; 0; 0; 0; 0; 0; 0; 0
1962;04; 0; 0; 72; 0; 0; 0; 0; 0; 0; 35; 0; 0; 0; 0; 0; 0; 0; 0; 150; 0; 0; 0; 0; 0; 0; 0; 0; 0; 41; 147; 9999
1962;05; 0; 8; 49; 28; 0; 0; 0; 0; 0; 0; 0; 0; 0; 0; 0; 0; 0; 0; 0; 0; 0; 0; 0; 0; 0; 0; 0; 0; 10; 0; 0
1962;06; 0; 0; 654; 25; 0; 32; 30; 46; 28; 0; 0; 0; 0; 0; 0; 0; 0; 0; 0; 0; 0; 0; 0; 0; 0; 0; 0; 0; 0; 0; 9999
1962;07; 0; 0; 0; 0; 0; 1; 0; 0; 0; 8; 7; 0; 0; 0; 0; 0; 0; 0; 18; 0; 0; 0; 0; 0; 0; 0; 0; 0; 0; 0; 0
1962;08; 0; 0; 0; 0; 0; 0; 0; 0; 0; 0; 0; 111; 0; 0; 0; 0; 8; 0; 0; 0; 0; 0; 198; 0; 0; 0; 0; 0; 0; 0; 0
1962;09; 0; 0; 0; 0; 20; 0; 0; 0; 35; 0; 0; 56; 0; 10; 0; 0; 0; 0; 0; 0; 12; 19; 0; 0; 0; 0; 0; 0; 50; 1; 9999
1962;10; 35; 209; 197; 310; 90; 0; 0; 0; 140; 15; 43; 180; 0; 0; 0; 0; 0; 340; 246; 363; 0; 0; 0; 40; 0; 0; 0; 0; 180; 25; 1220
1962;11; 0; 0; 0; 0; 0; 0; 25; 0; 102; 0; 0; 0; 0; 0; 0; 0; 0; 1; 80; 60; 62; 62; 0; 0; 0; 0; 0; 0; 0; 0; 9999
1962;12; 13; 0; 0; 48; 43; 91; 0; 0; 0; 0; 0; 540; 202; 0; 0; 0; 13; 4; 10; 0; 0; 0; 32; 0; 0; 71; 50; 50; 0; 680; 325
1963;01; 280; 155; 0; 0; 0; 0; 0; 62; 100; 70; 0; 85; 105; 0; 102; 225; 368; 200; 10; 120; 0; 0; 0; 0; 0; 193; 0; 0; 105; 0; 51
1963;02; 456; 0; 0; 82; 65; 0; 105; 0; 0; 0; 0; 0; 0; 108; 0; 0; 351; 0; 0; 23; 320; 232; 0; 20; 142; 30; 0; 0; 9999; 9999; 9999
1963;03; 0; 0; 0; 0; 0; 0; 27; 28; 0; 0; 0; 0; 0; 0; 0; 0; 0; 0; 0; 0; 0; 0; 0; 260; 90; 1; 33; 0; 0; 0; 0
1963;04; 0; 0; 0; 0; 0; 0; 0; 0; 0; 0; 0; 0; 0; 0; 0; 53; 0; 0; 0; 0; 0; 0; 0; 0; 0; 0; 0; 0; 0; 0; 9999
1963;05; 0; 0; 0; 0; 0; 0; 0; 0; 0; 0; 0; 0; 0; 0; 0; 0; 0; 45; 0; 0; 0; 0; 0; 0; 0; 0; 0; 0; 0; 0; 0
1963;06; 0; 0; 0; 0; 0; 0; 0; 0; 0; 0; 0; 0; 0; 0; 0; 0; 0; 0; 0; 0; 0; 0; 0; 0; 0; 0; 0; 0; 0; 0; 9999
1963;07; 0; 0; 0; 0; 0; 0; 0; 0; 0; 0; 0; 0; 0; 0; 0; 0; 0; 0; 0; 0; 0; 0; 0; 0; 0; 0; 0; 0; 0; 0; 0
1963;08; 0; 0; 0; 0; 0; 0; 0; 0; 0; 0; 0; 0; 0; 0; 0; 0; 0; 0; 0; 0; 0; 0; 0; 0; 0; 0; 0; 0; 0; 0; 0
1963;09; 0; 0; 0; 0; 0; 0; 0; 0; 0; 0; 0; 0; 0; 0; 0; 0; 0; 0; 0; 0; 0; 68; 0; 53; 0; 0; 12; 0; 0; 35; 9999
1963;10; 0; 0; 0; 0; 0; 121; 102; 0; 0; 0; 0; 0; 0; 0; 23; 0; 0; 150; 54; 0; 0; 400; 215; 0; 0; 0; 116; 282; 0; 0; 0
1963;11; 0; 0; 0; 0; 0; 0; 0; 70; 195; 0; 25; 0; 0; 576; 0; 378; 0; 6; 227; 0; 465; 0; 0; 0; 0; 0; 186; 0; 0; 25; 9999
1963;12; 0; 50; 0; 0; 23; 0; 97; 196; 0; 0; 0; 0; 0; 0; 0; 0; 0; 0; 0; 515; 0; 0; 0; 0; 0; 0; 0; 0; 0; 0; 62
1964;01; 75; 285; 0; 0; 0; 0; 0; 115; 0; 0; 0; 0; 0; 0; 0; 0; 4; 0; 0; 0; 0; 230; 170; 2; 0; 45; 48; 0; 0; 0; 40
1964;02; 0; 85; 45; 0; 0; 0; 0; 45; 23; 100; 275; 165; 355; 210; 165; 850; 253; 475; 90; 125; 58; 0; 10; 20; 32; 0; 0; 0; 0; 9999; 9999
1964;03; 28; 0; 30; 0; 0; 0; 0; 0; 0; 0; 0; 0; 0; 0; 100; 203; 0; 0; 0; 0; 0; 0; 0; 0; 0; 0; 0; 72; 130; 134; 34
1964;04; 0; 0; 0; 15; 0; 0; 0; 0; 0; 0; 0; 0; 0; 0; 0; 0; 0; 0; 250; 0; 0; 0; 0; 0; 0; 0; 0; 0; 0; 0; 9999
1964;05; 542; 4; 0; 0; 32; 115; 0; 0; 0; 0; 0; 0; 0; 23; 0; 0; 0; 0; 0; 0; 0; 0; 0; 0; 0; 0; 0; 0; 0; 0; 0
1964;06; 0; 0; 0; 0; 0; 0; 0; 0; 0; 0; 27; 2; 0; 164; 67; 0; 0; 0; 0; 0; 0; 0; 0; 0; 0; 0; 0; 0; 0; 0; 9999
1964;07; 0; 24; 24; 213; 0; 0; 0; 0; 50; 0; 0; 0; 0; 0; 0; 0; 12; 0; 0; 11; 0; 0; 0; 0; 296; 26; 0; 32; 0; 0; 0
1964;08; 0; 0; 0; 10; 0; 0; 0; 0; 0; 0; 0; 0; 0; 0; 0; 0; 0; 0; 245; 60; 82; 0; 0; 0; 0; 0; 0; 0; 0; 0; 0
1964;09; 0; 0; 52; 0; 0; 0; 0; 0; 0; 0; 0; 0; 0; 0; 0; 0; 0; 0; 0; 0; 0; 0; 0; 35; 255; 323; 0; 179; 13; 0; 9999
1964;10; 325; 0; 0; 0; 0; 0; 363; 213; 0; 0; 0; 0; 0; 0; 0; 0; 0; 0; 0; 159; 5; 68; 0; 0; 0; 0; 305; 0; 0; 304; 15
1964;11; 17; 0; 0; 0; 172; 98; 63; 0; 0; 0; 0; 0; 0; 0; 0; 200; 35; 0; 10; 0; 20; 0; 0; 0; 0; 0; 35; 0; 0; 0; 9999
1964;12; 678; 280; 150; 34; 0; 0; 0; 0; 196; 0; 10; 100; 65; 602; 182; 2; 0; 197; 0; 0; 0; 36; 535; 110; 365; 168; 0; 0; 24; 14; 0
1965;01; 0; 0; 0; 90; 72; 0; 0; 123; 624; 0; 66; 16; 72; 155; 366; 112; 102; 452; 30; 250; 0; 0; 0; 165; 0; 0; 48; 41; 417; 498; 0
1965;02; 370; 196; 122; 0; 230; 52; 0; 0; 0; 0; 0; 0; 20; 430; 0; 40; 0; 70; 80; 0; 120; 380; 1; 130; 211; 0; 870; 420; 9999; 9999; 9999
1965;03; 70; 25; 100; 2; 0; 0; 160; 0; 30; 301; 0; 0; 0; 0; 0; 35; 0; 0; 12; 0; 0; 0; 250; 5; 60; 60; 0; 0; 0; 0; 0
1965;04; 0; 0; 0; 0; 0; 0; 0; 0; 50; 9; 0; 0; 0; 0; 0; 0; 0; 0; 0; 30; 0; 0; 0; 0; 0; 0; 0; 0; 560; 100; 9999
1965;05; 0; 0; 0; 0; 0; 0; 0; 0; 0; 0; 0; 68; 80; 10; 470; 0; 0; 140; 311; 0; 0; 2; 0; 0; 0; 0; 0; 0; 0; 0; 0
1965;06; 0; 0; 0; 0; 0; 0; 0; 0; 40; 0; 0; 0; 0; 0; 0; 0; 0; 0; 0; 0; 0; 0; 0; 160; 0; 0; 0; 0; 0; 0; 9999
1965;07; 0; 0; 0; 0; 98; 96; 85; 0; 125; 130; 85; 0; 0; 0; 0; 0; 0; 0; 0; 0; 0; 0; 0; 0; 0; 0; 0; 0; 0; 0; 56
1965;08; 3; 0; 0; 0; 0; 0; 65; 0; 0; 0; 0; 0; 0; 0; 32; 14; 0; 0; 0; 0; 0; 0; 0; 0; 0; 0; 0; 0; 0; 0; 0
1965;09; 0; 0; 0; 0; 0; 0; 0; 0; 0; 0; 0; 0; 0; 0; 0; 0; 0; 0; 0; 0; 0; 0; 0; 0; 0; 52; 195; 275; 20; 0; 9999
1965;10; 440; 310; 0; 0; 0; 0; 0; 0; 10; 0; 320; 0; 0; 0; 30; 0; 0; 0; 194; 20; 150; 0; 300; 0; 30; 0; 0; 170; 70; 0; 0
1965;11; 0; 0; 0; 0; 0; 420; 0; 0; 185; 0; 0; 0; 164; 51; 0; 0; 0; 0; 0; 0; 4; 0; 0; 0; 0; 0; 510; 0; 233; 25; 9999
1965;12; 35; 0; 0; 0; 150; 215; 340; 500; 235; 150; 203; 32; 47; 5; 146; 42; 0; 0; 0; 0; 0; 0; 0; 0; 0; 72; 215; 0; 145; 0; 0
1966;01; 161; 60; 0; 143; 0; 0; 0; 150; 3; 52; 50; 0; 0; 0; 24; 0; 0; 0; 0; 0; 0; 0; 0; 0; 0; 0; 0; 505; 219; 0; 52
1966;02; 62; 170; 0; 0; 0; 30; 250; 0; 8; 138; 45; 70; 140; 175; 0; 0; 0; 0; 0; 0; 0; 64; 35; 45; 10; 0; 0; 0; 9999; 9999; 9999
1966;03; 0; 0; 0; 140; 0; 215; 126; 0; 2; 3; 0; 0; 0; 0; 0; 0; 0; 0; 0; 0; 0; 0; 116; 0; 20; 0; 0; 0; 0; 0; 0
1966;04; 178; 0; 45; 0; 0; 26; 0; 0; 0; 0; 0; 0; 0; 0; 0; 0; 0; 0; 0; 0; 0; 0; 0; 0; 0; 280; 0; 0; 0; 0; 9999
1966;05; 0; 0; 0; 0; 0; 80; 0; 0; 0; 0; 0; 52; 0; 0; 0; 0; 0; 0; 0; 0; 8; 7; 82; 0; 0; 0; 0; 0; 0; 0; 0
1966;06; 0; 0; 0; 0; 0; 0; 0; 0; 0; 0; 0; 0; 0; 0; 0; 0; 0; 0; 0; 0; 0; 0; 0; 20; 0; 0; 0; 0; 0; 0; 9999
1966;07; 0; 0; 0; 0; 0; 0; 0; 0; 0; 0; 0; 0; 0; 0; 0; 0; 0; 0; 0; 0; 0; 0; 2; 28; 0; 0; 0; 0; 0; 0; 83
1966;08; 0; 0; 0; 0; 0; 0; 0; 0; 0; 143; 0; 0; 0; 0; 0; 0; 0; 0; 0; 0; 0; 0; 0; 0; 10; 0; 0; 0; 0; 34; 38
1966;09; 134; 84; 105; 22; 0; 0; 0; 0; 0; 0; 0; 0; 0; 0; 0; 0; 0; 0; 0; 30; 0; 0; 0; 0; 0; 0; 0; 0; 332; 0; 9999
1966;10; 0; 0; 0; 0; 0; 0; 36; 25; 218; 0; 0; 0; 0; 0; 0; 0; 0; 0; 0; 0; 0; 0; 142; 22; 0; 0; 0; 771; 56; 41; 26
1966;11; 2; 0; 0; 0; 0; 0; 0; 0; 0; 0; 0; 110; 215; 0; 0; 96; 0; 256; 0; 0; 60; 0; 0; 0; 0; 0; 0; 0; 0; 0; 9999
1966;12; 0; 0; 0; 0; 0; 0; 111; 21; 0; 0; 22; 23; 72; 0; 53; 300; 68; 17; 268; 105; 983; 350; 180; 30; 0; 0; 0; 124; 0; 0; 0
1967;01; 0; 0; 202; 0; 4; 52; 0; 0; 0; 0; 125; 145; 60; 160; 40; 350; 40; 26; 278; 0; 65; 115; 0; 0; 0; 42; 265; 0; 19; 235; 10
1967;02; 0; 260; 370; 0; 320; 80; 80; 173; 60; 170; 460; 0; 26; 0; 0; 0; 443; 70; 300; 89; 0; 50; 0; 0; 0; 0; 0; 0; 9999; 9999; 9999
1967;03; 155; 0; 0; 0; 0; 158; 655; 86; 0; 100; 0; 0; 83; 14; 15; 0; 0; 0; 0; 0; 0; 0; 0; 0; 0; 0; 0; 0; 0; 350; 0
1967;04; 0; 0; 0; 0; 0; 0; 0; 0; 0; 0; 0; 0; 0; 0; 0; 145; 0; 0; 0; 0; 0; 0; 0; 0; 0; 0; 0; 0; 0; 0; 9999
1967;05; 0; 0; 0; 0; 0; 0; 0; 0; 0; 0; 0; 0; 0; 0; 0; 0; 0; 0; 0; 0; 0; 0; 0; 0; 0; 0; 0; 0; 0; 0; 0
1967;06; 0; 0; 0; 0; 0; 148; 46; 0; 0; 0; 40; 20; 0; 25; 0; 0; 0; 0; 0; 0; 0; 0; 0; 0; 0; 0; 0; 0; 0; 0; 9999
1967;07; 0; 0; 0; 0; 0; 0; 0; 0; 0; 0; 80; 88; 0; 0; 0; 0; 0; 0; 0; 0; 0; 0; 84; 0; 0; 0; 0; 0; 0; 0; 0
1967;08; 0; 0; 0; 0; 0; 0; 0; 0; 0; 0; 0; 0; 0; 0; 0; 0; 0; 0; 0; 0; 0; 0; 0; 0; 0; 0; 0; 0; 0; 0; 0
1967;09; 0; 0; 0; 0; 0; 0; 0; 147; 75; 0; 0; 0; 0; 289; 0; 0; 0; 0; 0; 0; 0; 0; 12; 0; 0; 0; 0; 0; 0; 0; 9999
1967;10; 0; 65; 0; 0; 0; 0; 0; 0; 0; 0; 0; 0; 0; 0; 0; 0; 0; 0; 0; 53; 174; 45; 52; 65; 64; 278; 675; 28; 0; 86; 0
1967;11; 0; 0; 0; 0; 0; 0; 0; 0; 0; 0; 0; 0; 32; 0; 78; 122; 330; 0; 0; 0; 0; 0; 105; 104; 20; 15; 5; 0; 0; 0; 9999
1967;12; 0; 0; 0; 166; 0; 0; 0; 0; 65; 102; 155; 3; 0; 0; 117; 20; 452; 20; 90; 0; 280; 110; 273; 0; 0; 0; 0; 0; 23; 17; 203
1968;01; 0; 18; 95; 234; 0; 0; 0; 0; 0; 0; 16; 85; 385; 15; 28; 145; 236; 142; 144; 0; 151; 344; 0; 150; 0; 0; 0; 0; 0; 0; 0
1968;02; 0; 0; 0; 0; 0; 0; 22; 0; 0; 0; 0; 0; 0; 32; 186; 160; 0; 0; 0; 0; 0; 68; 0; 200; 0; 0; 0; 0; 0; 9999; 9999
1968;03; 0; 0; 0; 0; 30; 13; 353; 38; 17; 0; 50; 5; 56; 51; 0; 0; 0; 0; 0; 0; 0; 0; 0; 0; 0; 0; 0; 0; 0; 0; 0
1968;04; 0; 0; 0; 0; 0; 0; 0; 0; 0; 0; 0; 0; 0; 0; 0; 0; 0; 0; 0; 580; 45; 0; 0; 0; 0; 0; 0; 0; 0; 0; 9999
1968;05; 0; 0; 0; 0; 0; 0; 0; 0; 0; 0; 0; 0; 0; 0; 0; 112; 0; 0; 0; 0; 0; 0; 0; 0; 0; 0; 0; 0; 0; 0; 0
1968;06; 0; 0; 0; 0; 0; 0; 0; 0; 0; 0; 0; 0; 0; 0; 0; 0; 0; 0; 0; 0; 227; 0; 0; 0; 0; 0; 0; 0; 0; 0; 9999
1968;07; 0; 0; 0; 0; 0; 0; 0; 0; 0; 112; 0; 0; 0; 0; 0; 0; 0; 0; 0; 0; 0; 45; 0; 0; 0; 0; 0; 0; 0; 0; 0
1968;08; 0; 0; 0; 0; 0; 0; 0; 10; 204; 49; 0; 0; 0; 0; 0; 0; 0; 0; 0; 0; 0; 0; 0; 0; 0; 0; 0; 0; 0; 0; 212
1968;09; 0; 0; 0; 54; 0; 0; 0; 0; 0; 0; 0; 0; 0; 0; 0; 0; 0; 0; 0; 15; 40; 0; 0; 0; 0; 0; 0; 0; 0; 0; 9999
1968;10; 0; 0; 0; 0; 0; 0; 0; 0; 0; 0; 0; 0; 0; 0; 0; 0; 232; 52; 155; 0; 0; 0; 405; 135; 0; 0; 127; 16; 0; 0; 114
1968;11; 0; 0; 0; 115; 0; 0; 0; 0; 0; 0; 0; 0; 0; 0; 0; 0; 0; 0; 0; 0; 0; 0; 0; 0; 0; 0; 46; 135; 38; 56; 9999
1968;12; 38; 150; 147; 83; 0; 68; 0; 0; 0; 0; 0; 0; 0; 0; 0; 0; 32; 82; 0; 0; 0; 0; 60; 56; 28; 398; 0; 0; 30; 230; 60
1969;01; 0; 0; 0; 602; 0; 0; 0; 0; 0; 0; 0; 25; 49; 0; 0; 190; 0; 0; 40; 80; 170; 0; 100; 182; 0; 67; 0; 512; 191; 32; 0
1969;02; 0; 0; 20; 0; 0; 0; 0; 146; 10; 270; 0; 0; 0; 0; 0; 0; 25; 102; 53; 0; 0; 0; 0; 0; 0; 0; 0; 0; 9999; 9999; 9999
1969;03; 645; 65; 50; 0; 218; 0; 0; 0; 0; 129; 0; 0; 0; 0; 0; 0; 0; 0; 0; 0; 0; 148; 550; 0; 0; 0; 75; 0; 150; 58; 0
1969;04; 0; 82; 0; 0; 121; 0; 0; 0; 5; 0; 0; 20; 0; 0; 0; 0; 0; 0; 0; 0; 0; 0; 19; 0; 0; 0; 0; 0; 21; 0; 9999
1969;05; 0; 0; 0; 34; 0; 0; 0; 0; 0; 0; 0; 0; 0; 0; 0; 0; 0; 0; 0; 0; 0; 0; 0; 0; 52; 0; 0; 0; 0; 52; 195
1969;06; 0; 245; 70; 0; 0; 0; 0; 0; 0; 0; 0; 0; 0; 0; 0; 0; 0; 0; 0; 0; 124; 0; 0; 0; 0; 0; 0; 0; 0; 0; 9999
1969;07; 0; 0; 0; 0; 0; 0; 0; 0; 0; 0; 0; 0; 195; 35; 0; 0; 0; 0; 0; 0; 0; 0; 0; 0; 0; 0; 0; 0; 0; 0; 0
1969;08; 0; 0; 0; 0; 0; 0; 79; 0; 0; 0; 0; 0; 0; 0; 0; 44; 0; 0; 0; 0; 0; 0; 0; 0; 0; 0; 0; 0; 0; 0; 0
1969;09; 0; 0; 0; 0; 102; 0; 0; 0; 0; 0; 0; 0; 16; 0; 0; 0; 0; 0; 4; 15; 117; 0; 0; 0; 0; 0; 0; 0; 0; 253; 9999
1969;10; 352; 20; 16; 112; 258; 0; 146; 0; 0; 142; 0; 0; 0; 0; 0; 0; 0; 0; 0; 130; 0; 0; 242; 0; 0; 0; 0; 0; 0; 106; 162
1969;11; 0; 0; 0; 0; 0; 176; 10; 180; 53; 112; 0; 0; 535; 375; 158; 0; 95; 338; 340; 235; 73; 12; 0; 0; 0; 0; 0; 0; 230; 90; 9999
1969;12; 110; 0; 0; 0; 0; 0; 0; 0; 0; 0; 0; 105; 25; 0; 0; 0; 0; 0; 0; 0; 0; 0; 55; 58; 30; 0; 0; 0; 0; 0; 112
1970;01; 205; 5; 95; 0; 0; 0; 62; 260; 20; 50; 0; 0; 0; 0; 260; 603; 56; 155; 42; 172; 40; 22; 0; 0; 0; 0; 0; 0; 0; 0; 31
1970;02; 170; 0; 0; 0; 21; 1; 52; 90; 0; 80; 0; 76; 0; 318; 218; 660; 0; 170; 190; 50; 53; 904; 53; 20; 15; 0; 0; 0; 9999; 9999; 9999
1970;03; 25; 0; 68; 0; 200; 0; 88; 0; 0; 30; 28; 0; 45; 407; 0; 0; 90; 6; 0; 0; 0; 0; 0; 0; 38; 0; 0; 0; 0; 0; 0
1970;04; 0; 142; 0; 21; 87; 0; 0; 0; 0; 0; 0; 0; 0; 0; 0; 0; 0; 0; 0; 0; 0; 0; 0; 0; 0; 0; 0; 0; 80; 0; 9999
1970;05; 0; 15; 14; 0; 0; 0; 70; 180; 0; 0; 0; 0; 0; 0; 0; 0; 0; 0; 0; 0; 0; 0; 0; 0; 0; 0; 0; 0; 0; 0; 0
1970;06; 0; 0; 0; 0; 0; 23; 0; 12; 0; 36; 0; 0; 0; 27; 0; 0; 60; 123; 0; 0; 125; 0; 106; 0; 0; 0; 0; 0; 0; 0; 9999
1970;07; 0; 24; 0; 0; 0; 0; 0; 3; 0; 0; 0; 5; 28; 0; 0; 0; 0; 0; 0; 0; 0; 0; 0; 0; 0; 0; 0; 0; 0; 0; 0
1970;08; 0; 0; 0; 0; 0; 0; 0; 0; 0; 0; 0; 0; 0; 0; 0; 0; 0; 0; 0; 0; 0; 0; 0; 0; 20; 255; 270; 210; 0; 58; 196
1970;09; 0; 0; 0; 0; 0; 0; 106; 0; 0; 0; 93; 0; 60; 20; 0; 90; 0; 0; 0; 5; 139; 156; 0; 0; 0; 0; 0; 0; 128; 4; 9999
1970;10; 0; 100; 35; 90; 26; 0; 0; 0; 238; 0; 0; 0; 41; 0; 0; 0; 0; 104; 210; 103; 0; 0; 0; 0; 0; 23; 0; 0; 0; 0; 0
1970;11; 0; 0; 0; 0; 0; 0; 0; 418; 42; 0; 0; 0; 0; 65; 72; 0; 0; 0; 0; 0; 0; 0; 0; 0; 0; 0; 0; 0; 12; 198; 9999
1970;12; 4; 13; 0; 0; 0; 0; 0; 0; 0; 445; 0; 122; 0; 422; 0; 0; 112; 0; 62; 0; 122; 12; 0; 0; 87; 84; 0; 0; 0; 75; 0
1971;01; 12; 440; 62; 60; 0; 92; 260; 0; 102; 17; 0; 0; 0; 0; 100; 0; 0; 0; 0; 0; 0; 0; 0; 0; 0; 0; 0; 0; 0; 60; 94
1971;02; 0; 180; 0; 0; 0; 123; 0; 0; 0; 20; 12; 0; 15; 60; 0; 0; 0; 0; 15; 225; 0; 0; 20; 0; 15; 0; 0; 0; 9999; 9999; 9999
1971;03; 0; 0; 0; 195; 0; 560; 24; 0; 20; 0; 125; 70; 10; 0; 0; 0; 0; 0; 0; 0; 238; 30; 0; 226; 215; 140; 0; 75; 200; 0; 0
1971;04; 0; 0; 0; 0; 0; 0; 0; 0; 0; 0; 14; 0; 0; 0; 0; 0; 4; 0; 0; 0; 0; 62; 135; 0; 0; 0; 0; 0; 0; 0; 9999
1971;05; 0; 0; 130; 0; 115; 0; 0; 0; 0; 0; 0; 0; 0; 0; 0; 0; 0; 0; 0; 0; 0; 0; 0; 0; 142; 116; 4; 0; 0; 0; 0
1971;06; 0; 0; 0; 0; 0; 0; 0; 57; 0; 3; 42; 12; 8; 1; 162; 69; 148; 368; 108; 12; 0; 22; 0; 0; 0; 0; 0; 0; 0; 0; 9999
1971;07; 0; 5; 12; 0; 283; 5; 0; 0; 0; 0; 0; 0; 0; 0; 0; 0; 0; 0; 0; 0; 0; 0; 0; 0; 0; 0; 5; 26; 0; 212; 18
1971;08; 0; 0; 0; 0; 0; 0; 0; 0; 0; 0; 0; 0; 0; 0; 0; 0; 0; 0; 0; 0; 0; 0; 0; 0; 0; 0; 0; 0; 0; 0; 0
1971;09; 0; 0; 0; 0; 0; 0; 0; 28; 48; 0; 0; 0; 0; 0; 0; 0; 0; 0; 0; 0; 0; 0; 0; 0; 0; 0; 0; 0; 0; 0; 9999
