33
Ano,Mes,1,2,3,4,5,6,7,8,9,10,11,12,13,14,15,16,17,18,19,20,21,22,23,24,25,26,27,28,29,30,31
1937;01; 475; 70; 107; 128; 0; 0; 0; 0; 30; 635; 130; 247; 338; 84; 40; 0; 0; 0; 0; 1030; 0; 165; 0; 10; 120; 0; 0; 0; 0; 0; 0
1937;02; 0; 0; 475; 0; 0; 0; 0; 0; 0; 0; 35; 0; 0; 0; 325; 25; 0; 0; 0; 44; 70; 0; 145; 42; 410; 0; 0; 0; 9999; 9999; 9999
1937;03; 9999; 0; 0; 0; 0; 0; 0; 0; 0; 0; 0; 0; 0; 0; 0; 0; 0; 0; 0; 0; 0; 0; 0; 0; 0; 0; 0; 0; 0; 0; 0
1937;04; 9999; 0; 0; 0; 0; 0; 0; 0; 0; 0; 0; 0; 0; 0; 0; 0; 0; 0; 0; 0; 0; 0; 0; 0; 0; 0; 0; 0; 0; 0; 9999
1937;05; 9999; 0; 0; 0; 0; 0; 0; 0; 0; 0; 0; 0; 0; 0; 0; 0; 0; 0; 0; 0; 0; 0; 0; 0; 0; 0; 0; 0; 0; 0; 0
1937;06; 9999; 0; 0; 0; 0; 0; 0; 0; 0; 0; 0; 0; 0; 0; 0; 0; 0; 0; 0; 0; 0; 0; 0; 0; 0; 0; 0; 0; 0; 0; 9999
1937;07; 9999; 0; 0; 0; 0; 0; 0; 0; 0; 0; 0; 0; 0; 0; 0; 0; 0; 0; 0; 0; 0; 0; 0; 0; 0; 0; 0; 0; 0; 0; 0
1937;08; 9999; 0; 0; 0; 0; 0; 0; 0; 0; 0; 0; 0; 0; 0; 0; 0; 0; 0; 0; 0; 0; 0; 0; 0; 0; 0; 0; 0; 0; 0; 0
1937;09; 9999; 0; 0; 0; 0; 0; 0; 0; 0; 0; 0; 0; 0; 0; 0; 0; 0; 0; 0; 0; 0; 0; 0; 0; 0; 0; 0; 0; 0; 0; 9999
1937;10; 9999; 0; 0; 0; 0; 0; 0; 0; 0; 0; 9999; 0; 0; 0; 0; 0; 0; 0; 0; 0; 0; 0; 0; 0; 0; 0; 0; 0; 0; 0; 0
1937;11; 9999; 9999; 9999; 9999; 9999; 9999; 9999; 9999; 9999; 9999; 9999; 9999; 9999; 9999; 9999; 9999; 9999; 9999; 9999; 9999; 9999; 9999; 9999; 9999; 9999; 9999; 9999; 9999; 9999; 9999; 9999
1937;12; 9999; 9999; 9999; 9999; 9999; 9999; 9999; 9999; 9999; 9999; 9999; 9999; 9999; 9999; 9999; 9999; 9999; 9999; 9999; 9999; 9999; 9999; 9999; 9999; 9999; 9999; 9999; 9999; 9999; 9999; 9999
1938;01; 10; 45; 15; 0; 150; 51; 0; 0; 0; 0; 50; 210; 70; 1; 45; 45; 31; 27; 0; 0; 68; 0; 0; 80; 0; 1; 5; 70; 0; 0; 0
1938;02; 0; 0; 0; 90; 140; 0; 0; 0; 260; 50; 0; 0; 0; 1; 0; 0; 150; 40; 0; 1; 40; 30; 0; 0; 90; 0; 0; 0; 9999; 9999; 9999
1938;03; 10; 30; 0; 0; 150; 40; 0; 0; 0; 0; 0; 0; 0; 0; 0; 0; 310; 0; 0; 30; 0; 20; 0; 0; 0; 0; 0; 30; 0; 60; 0
1938;04; 220; 0; 0; 0; 15; 0; 0; 0; 150; 0; 0; 0; 0; 0; 0; 0; 0; 20; 0; 0; 0; 0; 0; 0; 0; 0; 0; 0; 20; 0; 9999
1938;05; 0; 0; 0; 0; 0; 0; 0; 0; 0; 0; 0; 0; 0; 0; 0; 0; 0; 30; 0; 100; 0; 270; 0; 0; 0; 100; 0; 0; 0; 0; 0
1938;06; 0; 0; 0; 0; 0; 0; 0; 0; 0; 0; 0; 0; 0; 0; 0; 0; 0; 0; 0; 0; 0; 0; 0; 0; 0; 0; 0; 0; 0; 0; 9999
1938;07; 0; 0; 0; 0; 0; 0; 0; 0; 0; 0; 0; 0; 0; 0; 0; 0; 0; 0; 0; 0; 0; 0; 0; 0; 0; 0; 0; 0; 0; 0; 0
1938;08; 0; 0; 0; 0; 0; 330; 0; 0; 0; 0; 0; 0; 0; 0; 0; 0; 0; 0; 0; 0; 0; 0; 0; 0; 0; 0; 0; 0; 0; 0; 0
1938;09; 0; 0; 0; 0; 0; 0; 0; 0; 70; 0; 0; 0; 880; 0; 0; 0; 0; 0; 0; 0; 0; 0; 0; 0; 20; 0; 0; 0; 0; 0; 9999
1938;10; 200; 0; 0; 0; 0; 0; 0; 0; 0; 0; 20; 150; 250; 20; 30; 0; 0; 0; 660; 0; 0; 800; 10; 40; 0; 0; 0; 60; 0; 20; 0
1938;11; 0; 0; 0; 0; 0; 0; 0; 0; 0; 0; 0; 0; 0; 0; 0; 0; 0; 0; 0; 0; 100; 0; 0; 0; 0; 280; 0; 0; 0; 0; 9999
1938;12; 0; 0; 0; 0; 0; 0; 0; 60; 30; 0; 0; 1020; 420; 0; 240; 0; 0; 0; 0; 0; 0; 0; 20; 0; 0; 0; 0; 0; 0; 0; 0
1939;01; 9999; 9999; 9999; 9999; 9999; 9999; 9999; 9999; 9999; 9999; 9999; 9999; 9999; 9999; 9999; 9999; 9999; 9999; 9999; 9999; 9999; 9999; 9999; 9999; 9999; 9999; 9999; 9999; 9999; 9999; 9999
1939;02; 9999; 9999; 9999; 9999; 9999; 9999; 9999; 9999; 9999; 9999; 9999; 9999; 9999; 9999; 9999; 9999; 9999; 9999; 9999; 9999; 9999; 9999; 9999; 9999; 9999; 9999; 9999; 9999; 9999; 9999; 9999
1939;03; 9999; 9999; 9999; 9999; 9999; 9999; 9999; 9999; 9999; 9999; 9999; 9999; 9999; 9999; 9999; 9999; 9999; 9999; 9999; 9999; 9999; 9999; 9999; 9999; 9999; 9999; 9999; 9999; 9999; 9999; 9999
1939;04; 9999; 9999; 9999; 9999; 9999; 9999; 9999; 9999; 9999; 9999; 9999; 9999; 9999; 9999; 9999; 9999; 9999; 9999; 9999; 9999; 9999; 9999; 9999; 9999; 9999; 9999; 9999; 9999; 9999; 9999; 9999
1939;05; 9999; 9999; 9999; 9999; 9999; 9999; 9999; 9999; 9999; 9999; 9999; 9999; 9999; 9999; 9999; 9999; 9999; 9999; 9999; 9999; 9999; 9999; 9999; 9999; 9999; 9999; 9999; 9999; 9999; 9999; 9999
1939;06; 9999; 9999; 9999; 9999; 9999; 9999; 9999; 9999; 9999; 9999; 9999; 9999; 9999; 9999; 9999; 9999; 9999; 9999; 9999; 9999; 9999; 9999; 9999; 9999; 9999; 9999; 9999; 9999; 9999; 9999; 9999
1939;07; 9999; 9999; 9999; 9999; 9999; 9999; 9999; 9999; 9999; 9999; 9999; 9999; 9999; 9999; 9999; 9999; 9999; 9999; 9999; 9999; 9999; 9999; 9999; 9999; 9999; 9999; 9999; 9999; 9999; 9999; 9999
1939;08; 9999; 9999; 9999; 9999; 9999; 9999; 9999; 9999; 9999; 9999; 9999; 9999; 9999; 9999; 9999; 9999; 9999; 9999; 9999; 9999; 9999; 9999; 9999; 9999; 9999; 9999; 9999; 9999; 9999; 9999; 9999
1939;09; 9999; 9999; 9999; 9999; 9999; 9999; 9999; 9999; 9999; 9999; 9999; 9999; 9999; 9999; 9999; 9999; 9999; 9999; 9999; 9999; 9999; 9999; 9999; 9999; 9999; 9999; 9999; 9999; 9999; 9999; 9999
1939;10; 9999; 9999; 9999; 9999; 9999; 9999; 9999; 9999; 9999; 9999; 9999; 9999; 9999; 9999; 9999; 9999; 9999; 9999; 9999; 9999; 9999; 9999; 9999; 9999; 9999; 9999; 9999; 9999; 9999; 9999; 9999
1939;11; 9999; 9999; 9999; 9999; 9999; 9999; 9999; 9999; 9999; 9999; 9999; 9999; 9999; 9999; 9999; 9999; 9999; 9999; 9999; 9999; 9999; 9999; 9999; 9999; 9999; 9999; 9999; 9999; 9999; 9999; 9999
1939;12; 9999; 9999; 9999; 9999; 9999; 9999; 9999; 9999; 9999; 9999; 9999; 9999; 9999; 9999; 9999; 9999; 9999; 9999; 9999; 9999; 9999; 9999; 9999; 9999; 9999; 9999; 9999; 9999; 9999; 9999; 9999
1940;01; 0; 260; 40; 200; 100; 720; 350; 50; 260; 130; 530; 640; 100; 0; 0; 0; 35; 70; 60; 10; 0; 0; 0; 90; 100; 60; 0; 0; 0; 0; 0
1940;02; 100; 100; 100; 0; 0; 0; 0; 0; 0; 0; 0; 0; 0; 400; 170; 110; 0; 0; 0; 0; 40; 100; 50; 0; 0; 0; 0; 0; 0; 9999; 9999
1940;03; 0; 0; 0; 0; 0; 100; 0; 120; 80; 0; 0; 0; 0; 0; 0; 0; 0; 0; 0; 0; 0; 0; 0; 0; 0; 0; 40; 40; 130; 5; 0
1940;04; 0; 0; 0; 5; 0; 80; 0; 0; 0; 0; 0; 0; 0; 0; 40; 145; 10; 0; 0; 0; 0; 0; 70; 0; 0; 270; 0; 0; 0; 20; 9999
1940;05; 0; 290; 0; 0; 0; 0; 0; 0; 0; 0; 0; 0; 0; 0; 250; 0; 0; 0; 0; 0; 0; 0; 0; 0; 0; 0; 0; 0; 0; 0; 0
1940;06; 0; 0; 0; 0; 0; 0; 0; 0; 0; 0; 0; 0; 0; 0; 20; 0; 0; 0; 0; 0; 0; 0; 0; 0; 0; 0; 0; 0; 0; 0; 9999
1940;07; 0; 0; 0; 0; 0; 0; 0; 0; 0; 0; 0; 0; 0; 0; 0; 0; 0; 0; 0; 0; 0; 10; 0; 0; 0; 0; 0; 0; 20; 5; 0
1940;08; 0; 0; 0; 0; 0; 0; 0; 60; 0; 0; 0; 0; 0; 0; 0; 10; 0; 0; 0; 0; 0; 0; 10; 0; 50; 130; 110; 0; 0; 0; 0
1940;09; 0; 0; 0; 0; 0; 0; 0; 0; 40; 0; 0; 0; 0; 0; 0; 0; 0; 0; 0; 0; 10; 30; 0; 20; 0; 0; 0; 0; 0; 0; 9999
1940;10; 0; 0; 0; 0; 0; 0; 0; 0; 40; 60; 200; 0; 0; 0; 0; 0; 0; 0; 0; 340; 0; 0; 20; 0; 0; 0; 0; 20; 250; 0; 0
1940;11; 0; 0; 0; 60; 0; 0; 0; 0; 0; 300; 400; 0; 0; 0; 0; 150; 0; 0; 40; 0; 270; 0; 0; 0; 0; 250; 120; 180; 0; 0; 9999
1940;12; 0; 0; 180; 0; 0; 0; 0; 0; 0; 0; 0; 90; 100; 20; 0; 0; 0; 0; 0; 160; 260; 0; 0; 0; 0; 0; 140; 100; 0; 10; 0
1941;01; 0; 0; 0; 210; 0; 0; 0; 0; 0; 0; 40; 0; 0; 200; 50; 0; 0; 0; 0; 0; 0; 0; 410; 170; 0; 0; 0; 0; 0; 0; 0
1941;02; 0; 0; 0; 50; 0; 30; 100; 46; 0; 0; 0; 0; 0; 1; 0; 0; 1; 0; 0; 0; 0; 1; 1; 0; 0; 0; 0; 0; 9999; 9999; 9999
1941;03; 0; 0; 0; 0; 0; 0; 0; 0; 0; 0; 160; 100; 120; 235; 260; 260; 0; 0; 0; 0; 130; 50; 0; 3; 69; 0; 0; 0; 0; 0; 0
1941;04; 0; 0; 0; 0; 0; 0; 0; 6; 7; 0; 0; 0; 0; 0; 0; 0; 5; 0; 0; 0; 0; 0; 0; 0; 0; 0; 0; 0; 0; 0; 9999
1941;05; 0; 0; 0; 0; 0; 0; 0; 0; 0; 0; 0; 0; 0; 0; 0; 0; 30; 0; 0; 0; 0; 0; 0; 5; 8; 0; 0; 0; 0; 0; 0
1941;06; 0; 0; 0; 0; 0; 0; 0; 0; 0; 0; 0; 0; 0; 0; 0; 0; 0; 0; 0; 0; 0; 0; 0; 0; 0; 0; 0; 0; 0; 0; 9999
1941;07; 0; 0; 0; 0; 0; 0; 0; 0; 0; 0; 0; 0; 0; 100; 230; 300; 180; 0; 0; 0; 0; 0; 0; 0; 0; 0; 0; 0; 0; 0; 0
1941;08; 0; 0; 0; 30; 10; 0; 0; 0; 0; 0; 0; 0; 0; 0; 1; 7; 0; 0; 0; 0; 0; 0; 2; 0; 0; 0; 0; 0; 0; 0; 0
1941;09; 0; 0; 7; 0; 0; 0; 0; 0; 0; 1; 6; 0; 0; 0; 0; 0; 0; 140; 0; 0; 0; 242; 52; 0; 0; 265; 0; 60; 40; 0; 9999
1941;10; 160; 40; 60; 0; 0; 0; 0; 44; 0; 0; 0; 0; 0; 0; 0; 40; 10; 0; 0; 0; 0; 0; 0; 0; 0; 0; 0; 0; 0; 0; 260
1941;11; 0; 0; 400; 200; 65; 0; 0; 0; 0; 0; 0; 18; 9; 0; 0; 0; 320; 0; 0; 0; 0; 280; 0; 0; 0; 290; 0; 0; 0; 230; 9999
1941;12; 200; 0; 0; 0; 0; 0; 0; 0; 250; 300; 220; 0; 130; 0; 100; 0; 0; 100; 0; 190; 0; 0; 0; 0; 0; 0; 0; 0; 0; 260; 0
1942;01; 0; 0; 0; 0; 0; 7; 0; 0; 0; 0; 0; 0; 0; 0; 340; 20; 0; 0; 0; 0; 90; 20; 0; 0; 10; 0; 30; 80; 100; 60; 20
1942;02; 400; 400; 680; 60; 240; 240; 640; 0; 0; 0; 230; 500; 0; 420; 50; 0; 70; 0; 0; 104; 0; 0; 0; 0; 0; 0; 0; 70; 9999; 9999; 9999
1942;03; 0; 40; 60; 40; 10; 0; 0; 0; 0; 0; 820; 860; 100; 80; 100; 0; 0; 300; 0; 230; 0; 0; 0; 0; 0; 1200; 0; 0; 0; 280; 0
1942;04; 0; 0; 0; 680; 50; 0; 0; 0; 0; 0; 0; 0; 210; 820; 0; 0; 0; 0; 50; 0; 0; 0; 0; 0; 0; 0; 50; 0; 0; 154; 9999
1942;05; 0; 0; 0; 0; 0; 25; 50; 0; 0; 0; 0; 0; 0; 0; 160; 0; 0; 0; 0; 42; 0; 0; 0; 0; 0; 0; 0; 0; 0; 0; 0
1942;06; 0; 0; 0; 40; 70; 45; 0; 175; 115; 120; 125; 0; 0; 0; 0; 0; 110; 0; 0; 0; 0; 0; 0; 0; 0; 0; 0; 0; 0; 0; 9999
1942;07; 0; 0; 0; 470; 0; 0; 0; 0; 0; 100; 110; 0; 0; 0; 0; 0; 0; 0; 0; 0; 0; 0; 0; 0; 0; 0; 0; 0; 0; 0; 0
1942;08; 0; 0; 0; 0; 0; 0; 0; 0; 0; 0; 0; 0; 0; 0; 0; 0; 0; 0; 0; 0; 0; 0; 0; 0; 0; 0; 0; 0; 0; 0; 0
1942;09; 0; 0; 0; 0; 0; 0; 0; 0; 0; 0; 0; 0; 0; 0; 0; 230; 0; 330; 0; 0; 0; 13; 0; 0; 70; 0; 0; 0; 0; 150; 9999
1942;10; 0; 0; 10; 0; 0; 0; 0; 0; 0; 0; 0; 0; 10; 0; 0; 0; 0; 0; 0; 0; 0; 80; 62; 0; 0; 0; 0; 220; 0; 0; 0
1942;11; 0; 0; 0; 0; 0; 0; 0; 0; 35; 0; 0; 0; 0; 0; 0; 0; 10; 16; 0; 51; 0; 0; 0; 35; 0; 260; 50; 0; 0; 70; 9999
1942;12; 33; 0; 0; 0; 0; 0; 0; 170; 0; 0; 165; 0; 0; 180; 74; 0; 0; 0; 0; 0; 375; 16; 10; 46; 44; 5; 61; 0; 0; 0; 0
1943;01; 0; 0; 210; 10; 0; 0; 0; 0; 0; 0; 0; 0; 10; 318; 6; 0; 353; 147; 65; 0; 10; 6; 58; 90; 353; 0; 0; 0; 20; 83; 40
1943;02; 72; 0; 0; 0; 0; 0; 0; 0; 0; 240; 0; 0; 0; 20; 80; 40; 0; 60; 0; 0; 0; 40; 190; 0; 50; 0; 20; 0; 9999; 9999; 9999
1943;03; 0; 90; 0; 30; 0; 0; 0; 0; 0; 0; 20; 250; 252; 30; 80; 0; 0; 0; 0; 0; 0; 0; 0; 0; 0; 0; 0; 0; 0; 60; 0
1943;04; 0; 0; 0; 0; 0; 0; 0; 0; 0; 0; 30; 0; 0; 330; 50; 0; 0; 0; 0; 0; 0; 0; 0; 0; 0; 0; 0; 0; 0; 0; 9999
1943;05; 0; 0; 0; 0; 0; 0; 0; 0; 5; 0; 0; 0; 0; 0; 0; 0; 0; 0; 0; 0; 0; 0; 0; 70; 0; 0; 50; 0; 0; 0; 0
1943;06; 0; 0; 0; 0; 0; 220; 0; 203; 0; 0; 0; 0; 0; 0; 0; 0; 0; 0; 0; 0; 0; 0; 0; 0; 0; 0; 0; 0; 0; 0; 9999
1943;07; 0; 0; 0; 0; 56; 0; 0; 0; 0; 0; 0; 0; 0; 0; 0; 0; 0; 0; 0; 0; 0; 0; 0; 0; 0; 0; 0; 0; 0; 0; 0
1943;08; 0; 0; 0; 0; 0; 0; 0; 0; 0; 0; 0; 0; 0; 0; 0; 0; 0; 0; 0; 0; 0; 0; 130; 15; 0; 0; 0; 0; 0; 0; 0
1943;09; 0; 0; 0; 0; 0; 0; 0; 0; 0; 110; 0; 0; 50; 0; 0; 0; 0; 0; 50; 0; 230; 70; 103; 5; 0; 0; 0; 0; 0; 0; 9999
1943;10; 0; 0; 0; 250; 0; 0; 0; 0; 125; 0; 275; 180; 260; 245; 0; 0; 0; 0; 0; 25; 150; 355; 0; 0; 0; 0; 400; 570; 0; 0; 0
1943;11; 0; 280; 78; 0; 0; 0; 0; 0; 0; 75; 0; 0; 0; 0; 0; 0; 120; 75; 0; 0; 0; 0; 0; 215; 0; 0; 0; 0; 0; 145; 9999
1943;12; 0; 0; 0; 0; 0; 0; 0; 0; 0; 0; 0; 170; 30; 0; 175; 0; 0; 0; 0; 0; 0; 0; 0; 250; 0; 0; 0; 0; 220; 0; 0
1944;01; 0; 0; 25; 70; 80; 0; 50; 0; 50; 0; 50; 20; 270; 0; 0; 50; 0; 220; 0; 0; 0; 0; 0; 80; 40; 150; 0; 0; 0; 0; 0
1944;02; 0; 80; 140; 0; 0; 0; 0; 0; 0; 0; 0; 0; 150; 220; 90; 40; 0; 0; 0; 400; 440; 0; 260; 150; 0; 0; 220; 0; 0; 9999; 9999
1944;03; 0; 170; 50; 0; 50; 0; 0; 620; 0; 280; 0; 100; 0; 0; 0; 160; 30; 0; 0; 0; 0; 0; 0; 0; 0; 0; 0; 20; 0; 50; 0
1944;04; 0; 0; 0; 0; 0; 0; 0; 0; 30; 0; 0; 0; 0; 0; 250; 0; 0; 0; 115; 0; 0; 0; 0; 0; 0; 0; 0; 0; 0; 0; 9999
1944;05; 0; 0; 0; 0; 0; 0; 0; 0; 0; 15; 60; 0; 0; 0; 0; 0; 0; 0; 0; 0; 0; 0; 0; 0; 0; 0; 0; 0; 0; 0; 0
1944;06; 0; 0; 0; 110; 0; 0; 0; 0; 0; 0; 0; 0; 0; 60; 0; 0; 60; 0; 0; 0; 0; 0; 0; 0; 0; 90; 0; 0; 0; 0; 9999
1944;07; 9999; 0; 0; 0; 0; 0; 0; 0; 0; 0; 0; 0; 0; 0; 0; 0; 0; 0; 0; 0; 0; 0; 0; 0; 0; 0; 0; 0; 0; 0; 0
1944;08; 9999; 0; 0; 0; 0; 0; 0; 0; 0; 0; 0; 0; 0; 0; 0; 0; 0; 0; 0; 0; 0; 0; 0; 0; 0; 0; 0; 0; 0; 0; 0
1944;09; 9999; 0; 0; 0; 0; 0; 0; 0; 0; 0; 0; 0; 0; 0; 0; 0; 0; 0; 0; 0; 0; 0; 0; 0; 0; 0; 0; 0; 0; 0; 9999
1944;10; 9999; 9999; 9999; 9999; 9999; 9999; 9999; 9999; 9999; 9999; 9999; 9999; 9999; 9999; 9999; 9999; 9999; 9999; 9999; 9999; 9999; 9999; 9999; 9999; 9999; 9999; 9999; 9999; 9999; 9999; 9999
1944;11; 9999; 9999; 9999; 9999; 9999; 9999; 9999; 9999; 9999; 9999; 9999; 9999; 9999; 9999; 9999; 9999; 9999; 9999; 9999; 9999; 9999; 9999; 9999; 9999; 9999; 9999; 9999; 9999; 9999; 9999; 9999
1944;12; 9999; 9999; 9999; 9999; 9999; 9999; 9999; 9999; 9999; 9999; 9999; 9999; 9999; 9999; 9999; 9999; 9999; 9999; 9999; 9999; 9999; 9999; 9999; 9999; 9999; 9999; 9999; 9999; 9999; 9999; 9999
1945;01; 0; 0; 0; 0; 0; 0; 0; 0; 0; 0; 0; 0; 0; 0; 0; 784; 0; 0; 0; 0; 200; 0; 0; 0; 0; 0; 0; 0; 110; 350; 150
1945;02; 0; 190; 0; 40; 80; 110; 0; 0; 300; 0; 40; 0; 0; 0; 0; 65; 50; 150; 400; 220; 0; 230; 190; 20; 0; 0; 0; 0; 9999; 9999; 9999
1945;03; 0; 0; 0; 0; 0; 0; 0; 0; 200; 0; 0; 0; 0; 0; 0; 0; 0; 0; 0; 220; 0; 0; 0; 0; 100; 0; 0; 0; 0; 0; 0
1945;04; 0; 0; 0; 0; 275; 0; 0; 0; 0; 35; 0; 0; 0; 0; 0; 0; 0; 425; 0; 0; 0; 0; 0; 0; 0; 0; 100; 0; 70; 0; 9999
1945;05; 0; 0; 0; 0; 0; 0; 0; 0; 0; 0; 0; 0; 0; 0; 0; 0; 0; 124; 0; 0; 0; 0; 0; 0; 0; 0; 0; 0; 0; 0; 0
1945;06; 0; 0; 0; 0; 0; 0; 0; 0; 0; 0; 0; 0; 0; 0; 0; 0; 30; 0; 370; 630; 0; 310; 100; 200; 0; 0; 0; 0; 0; 0; 9999
1945;07; 0; 0; 0; 0; 436; 35; 5; 52; 0; 0; 90; 0; 0; 0; 0; 0; 0; 0; 0; 0; 0; 0; 0; 0; 0; 0; 0; 0; 0; 0; 0
1945;08; 0; 0; 0; 0; 0; 0; 0; 0; 0; 0; 0; 0; 0; 0; 0; 0; 0; 0; 0; 0; 78; 0; 0; 0; 0; 0; 0; 0; 0; 0; 0
1945;09; 0; 0; 0; 0; 0; 0; 0; 0; 0; 0; 0; 0; 0; 30; 318; 0; 0; 0; 0; 0; 0; 0; 0; 280; 0; 0; 0; 82; 0; 60; 9999
1945;10; 9999; 9999; 9999; 9999; 9999; 9999; 9999; 9999; 9999; 9999; 9999; 9999; 9999; 9999; 9999; 9999; 9999; 9999; 9999; 9999; 9999; 9999; 9999; 9999; 9999; 9999; 9999; 9999; 9999; 9999; 9999
1945;11; 230; 0; 0; 0; 150; 0; 0; 220; 0; 0; 0; 0; 0; 0; 0; 0; 0; 0; 0; 194; 90; 0; 0; 0; 0; 0; 0; 40; 0; 0; 9999
1945;12; 0; 0; 0; 0; 160; 0; 0; 0; 0; 0; 0; 0; 547; 51; 117; 143; 144; 112; 0; 0; 0; 0; 0; 0; 0; 0; 134; 820; 123; 0; 0
1946;01; 0; 0; 0; 0; 233; 113; 400; 115; 153; 46; 0; 0; 25; 2; 53; 0; 0; 0; 97; 85; 126; 0; 0; 115; 154; 146; 5; 38; 84; 120; 13
1946;02; 162; 96; 67; 0; 0; 0; 0; 0; 50; 97; 45; 0; 0; 6; 0; 13; 489; 93; 16; 376; 415; 317; 89; 276; 89; 100; 196; 161; 9999; 9999; 9999
1946;03; 24; 364; 177; 16; 80; 155; 0; 0; 0; 50; 130; 0; 2; 17; 0; 0; 0; 0; 0; 0; 0; 0; 0; 67; 0; 0; 0; 0; 0; 0; 0
1946;04; 162; 60; 0; 0; 0; 0; 0; 0; 0; 0; 0; 0; 0; 0; 15; 0; 0; 0; 0; 0; 0; 0; 0; 0; 0; 0; 0; 0; 0; 0; 9999
1946;05; 0; 0; 0; 0; 0; 0; 0; 0; 0; 0; 65; 86; 98; 0; 0; 0; 0; 0; 0; 0; 0; 0; 0; 0; 0; 0; 0; 0; 0; 0; 0
1946;06; 787; 909; 0; 0; 0; 0; 0; 0; 0; 0; 0; 0; 0; 0; 0; 0; 0; 0; 0; 0; 0; 0; 0; 0; 0; 0; 0; 0; 0; 0; 9999
1946;07; 0; 0; 0; 0; 0; 0; 0; 129; 0; 0; 350; 304; 275; 0; 251; 0; 0; 0; 0; 0; 0; 0; 350; 0; 0; 0; 0; 0; 0; 0; 0
1946;08; 0; 0; 0; 0; 0; 0; 34; 0; 0; 0; 0; 0; 0; 0; 0; 0; 0; 0; 0; 0; 0; 0; 0; 0; 0; 0; 0; 0; 0; 35; 0
1946;09; 0; 0; 0; 0; 17; 0; 0; 0; 0; 0; 0; 0; 0; 0; 200; 0; 0; 0; 0; 0; 0; 0; 45; 36; 0; 0; 280; 0; 45; 0; 9999
1946;10; 0; 0; 0; 0; 0; 0; 20; 400; 0; 0; 0; 0; 0; 0; 0; 55; 10; 135; 140; 0; 0; 50; 0; 0; 0; 0; 0; 0; 0; 0; 0
1946;11; 0; 0; 95; 0; 0; 0; 0; 90; 190; 0; 0; 0; 0; 0; 0; 0; 0; 0; 0; 0; 210; 0; 0; 0; 100; 140; 0; 0; 30; 0; 9999
1946;12; 0; 0; 0; 0; 0; 0; 0; 0; 0; 27; 157; 38; 0; 0; 0; 0; 0; 20; 240; 250; 0; 280; 200; 90; 70; 45; 20; 0; 0; 0; 240
1947;01; 20; 80; 180; 15; 0; 0; 302; 580; 5; 0; 0; 230; 80; 260; 10; 95; 87; 80; 60; 300; 0; 0; 55; 0; 140; 10; 10; 290; 300; 30; 0
1947;02; 0; 0; 0; 30; 0; 0; 0; 0; 0; 95; 0; 0; 10; 160; 0; 630; 305; 730; 350; 0; 0; 0; 225; 330; 250; 240; 0; 0; 9999; 9999; 9999
1947;03; 0; 0; 0; 0; 350; 0; 0; 0; 5; 400; 100; 0; 0; 0; 0; 0; 0; 435; 0; 0; 0; 30; 0; 0; 0; 0; 0; 0; 0; 0; 0
1947;04; 0; 0; 0; 0; 0; 0; 50; 0; 0; 0; 0; 0; 0; 0; 0; 0; 0; 0; 300; 0; 0; 0; 0; 0; 0; 0; 0; 0; 0; 90; 9999
1947;05; 20; 445; 0; 0; 193; 0; 0; 0; 0; 0; 0; 0; 0; 0; 0; 0; 0; 0; 45; 415; 0; 0; 180; 0; 0; 0; 0; 0; 0; 0; 0
1947;06; 0; 0; 0; 0; 0; 0; 0; 0; 0; 0; 0; 0; 0; 0; 0; 0; 0; 0; 0; 0; 0; 50; 0; 0; 0; 0; 0; 0; 0; 0; 9999
1947;07; 0; 0; 0; 70; 0; 0; 0; 180; 120; 45; 0; 0; 0; 0; 0; 0; 0; 0; 0; 0; 0; 0; 0; 0; 0; 0; 0; 130; 0; 0; 290
1947;08; 0; 0; 0; 0; 0; 0; 0; 0; 0; 0; 0; 30; 0; 0; 0; 0; 0; 0; 0; 0; 0; 0; 50; 30; 0; 0; 75; 140; 0; 170; 10
1947;09; 177; 0; 70; 0; 0; 0; 0; 480; 0; 0; 0; 0; 0; 0; 0; 0; 145; 80; 0; 0; 0; 0; 0; 690; 600; 0; 0; 0; 0; 0; 9999
1947;10; 70; 0; 0; 0; 0; 0; 0; 360; 60; 35; 0; 0; 0; 0; 0; 0; 0; 0; 0; 0; 0; 120; 90; 0; 0; 0; 0; 0; 0; 0; 0
1947;11; 0; 0; 125; 0; 0; 0; 0; 0; 0; 30; 0; 90; 0; 0; 0; 0; 0; 0; 0; 0; 0; 0; 0; 420; 0; 0; 0; 0; 0; 0; 9999
1947;12; 0; 0; 0; 0; 0; 0; 0; 0; 0; 480; 0; 0; 0; 90; 0; 40; 30; 0; 0; 0; 170; 0; 0; 0; 30; 170; 0; 25; 0; 0; 0
1948;01; 20; 80; 10; 0; 0; 60; 0; 0; 0; 0; 450; 50; 0; 0; 30; 290; 0; 30; 380; 109; 460; 106; 0; 140; 35; 0; 138; 0; 26; 0; 40
1948;02; 0; 0; 650; 0; 0; 445; 0; 0; 900; 160; 0; 0; 120; 320; 0; 0; 0; 0; 257; 0; 0; 0; 0; 0; 180; 50; 0; 120; 0; 9999; 9999
1948;03; 0; 0; 0; 0; 0; 0; 0; 0; 0; 70; 180; 0; 0; 0; 0; 0; 0; 80; 0; 0; 0; 0; 0; 0; 0; 0; 0; 0; 0; 0; 0
1948;04; 0; 0; 190; 220; 0; 0; 0; 39; 0; 0; 0; 0; 0; 0; 0; 0; 0; 0; 0; 0; 0; 0; 0; 0; 0; 0; 0; 0; 0; 0; 9999
1948;05; 0; 0; 0; 0; 0; 0; 0; 0; 0; 0; 0; 0; 0; 0; 15; 25; 0; 0; 0; 0; 0; 0; 0; 0; 0; 0; 0; 130; 0; 0; 0
1948;06; 0; 0; 0; 0; 0; 0; 0; 0; 0; 0; 0; 27; 8; 0; 0; 0; 0; 0; 0; 0; 0; 0; 0; 0; 0; 0; 0; 0; 0; 0; 9999
1948;07; 0; 22; 0; 0; 0; 0; 0; 0; 0; 0; 0; 0; 3; 151; 233; 20; 0; 0; 21; 0; 0; 0; 150; 110; 0; 200; 250; 1; 102; 0; 0
1948;08; 0; 1; 0; 24; 0; 0; 51; 0; 0; 0; 0; 450; 0; 0; 0; 0; 0; 0; 0; 0; 0; 0; 0; 0; 0; 40; 0; 0; 0; 0; 0
1948;09; 0; 0; 0; 0; 0; 0; 0; 0; 0; 0; 0; 0; 0; 0; 0; 0; 0; 0; 0; 0; 0; 0; 0; 0; 0; 0; 321; 0; 0; 0; 9999
1948;10; 0; 0; 0; 360; 0; 0; 0; 0; 0; 0; 0; 0; 22; 195; 0; 0; 0; 0; 0; 0; 0; 0; 0; 0; 0; 0; 166; 625; 70; 0; 0
1948;11; 0; 155; 0; 10; 180; 0; 190; 0; 0; 0; 0; 0; 0; 0; 280; 170; 0; 0; 0; 0; 0; 0; 0; 0; 10; 0; 0; 0; 0; 0; 9999
1948;12; 0; 60; 0; 0; 0; 0; 0; 30; 0; 0; 0; 0; 0; 0; 0; 220; 90; 0; 0; 0; 0; 0; 0; 0; 0; 0; 0; 160; 0; 140; 0
1949;01; 0; 0; 0; 0; 0; 0; 0; 172; 0; 300; 50; 32; 380; 82; 0; 0; 250; 326; 0; 0; 0; 0; 0; 100; 0; 25; 0; 0; 0; 73; 0
1949;02; 0; 0; 0; 0; 60; 0; 100; 170; 0; 0; 0; 0; 0; 0; 0; 200; 100; 0; 0; 30; 220; 170; 180; 110; 0; 0; 20; 40; 9999; 9999; 9999
1949;03; 0; 220; 0; 0; 0; 0; 40; 80; 10; 0; 0; 0; 0; 0; 0; 0; 0; 0; 0; 0; 70; 0; 0; 0; 170; 0; 40; 80; 0; 0; 140
1949;04; 670; 0; 0; 0; 0; 0; 0; 0; 0; 0; 0; 0; 0; 0; 0; 0; 0; 0; 0; 0; 0; 40; 0; 0; 130; 0; 0; 0; 0; 0; 9999
1949;05; 0; 0; 230; 0; 0; 0; 260; 0; 0; 0; 200; 0; 0; 0; 0; 0; 0; 0; 0; 0; 0; 0; 0; 0; 0; 0; 0; 0; 0; 0; 0
1949;06; 0; 0; 0; 0; 0; 0; 0; 0; 0; 6; 19; 0; 300; 0; 0; 0; 0; 0; 0; 0; 0; 0; 0; 0; 0; 0; 0; 0; 0; 0; 9999
1949;07; 9999; 0; 0; 0; 0; 0; 0; 0; 0; 0; 0; 0; 0; 0; 0; 0; 0; 0; 0; 0; 0; 0; 0; 0; 0; 0; 0; 0; 0; 0; 0
1949;08; 0; 0; 0; 0; 0; 0; 0; 0; 0; 0; 0; 0; 0; 0; 0; 0; 0; 0; 0; 0; 0; 35; 0; 0; 0; 0; 0; 0; 0; 160; 0
1949;09; 0; 0; 0; 0; 70; 0; 0; 0; 0; 0; 0; 0; 0; 0; 0; 0; 0; 0; 0; 0; 0; 0; 0; 0; 0; 0; 0; 0; 0; 0; 9999
1949;10; 0; 0; 0; 80; 0; 0; 150; 0; 0; 0; 0; 0; 0; 0; 0; 0; 0; 0; 0; 310; 0; 0; 0; 0; 0; 0; 200; 0; 130; 0; 0
1949;11; 0; 0; 0; 0; 0; 225; 30; 0; 120; 0; 0; 0; 0; 0; 0; 0; 0; 20; 0; 15; 0; 35; 0; 0; 0; 0; 0; 0; 0; 0; 9999
1949;12; 640; 590; 150; 0; 0; 0; 80; 280; 0; 0; 0; 0; 100; 0; 0; 315; 390; 0; 0; 0; 0; 0; 280; 0; 0; 0; 0; 40; 0; 40; 220
1950;01; 0; 240; 0; 0; 0; 50; 0; 0; 0; 0; 50; 0; 50; 20; 0; 0; 0; 480; 400; 180; 0; 0; 0; 0; 380; 0; 20; 280; 0; 0; 470
1950;02; 30; 60; 90; 140; 0; 0; 0; 200; 500; 0; 0; 0; 240; 215; 0; 0; 115; 0; 0; 210; 0; 0; 50; 120; 140; 0; 0; 0; 9999; 9999; 9999
1950;03; 0; 0; 300; 60; 0; 160; 0; 0; 0; 0; 0; 0; 0; 0; 10; 0; 40; 120; 0; 0; 0; 0; 0; 0; 0; 0; 0; 0; 0; 160; 0
1950;04; 90; 0; 110; 0; 0; 0; 0; 0; 0; 0; 0; 0; 0; 0; 0; 0; 0; 0; 0; 240; 0; 0; 0; 0; 0; 0; 40; 110; 110; 0; 9999
1950;05; 0; 0; 230; 0; 0; 0; 0; 0; 0; 0; 0; 0; 0; 0; 0; 0; 0; 0; 0; 0; 0; 0; 0; 0; 0; 0; 0; 0; 0; 0; 0
1950;06; 0; 0; 0; 0; 0; 0; 0; 0; 0; 0; 0; 0; 0; 0; 0; 0; 0; 0; 0; 0; 0; 0; 0; 0; 0; 0; 0; 0; 0; 0; 9999
1950;07; 80; 0; 0; 0; 0; 0; 0; 210; 0; 0; 0; 0; 0; 0; 0; 0; 0; 0; 0; 0; 0; 0; 0; 0; 0; 0; 0; 0; 0; 0; 0
1950;08; 0; 0; 0; 0; 0; 0; 0; 0; 0; 0; 0; 0; 0; 0; 0; 0; 0; 0; 0; 0; 0; 0; 0; 0; 0; 0; 0; 0; 0; 0; 0
1950;09; 0; 0; 0; 0; 0; 0; 0; 0; 0; 0; 0; 0; 0; 0; 0; 0; 0; 0; 0; 0; 0; 160; 20; 0; 0; 0; 0; 0; 0; 0; 9999
1950;10; 0; 120; 0; 0; 60; 320; 0; 0; 0; 80; 35; 150; 280; 0; 0; 0; 170; 0; 70; 200; 0; 0; 0; 0; 0; 60; 0; 0; 0; 0; 10
1950;11; 0; 0; 0; 0; 0; 0; 0; 0; 120; 0; 0; 150; 80; 0; 0; 30; 0; 0; 0; 80; 40; 0; 0; 0; 0; 0; 0; 470; 130; 0; 9999
1950;12; 0; 30; 0; 0; 0; 0; 0; 0; 0; 70; 40; 0; 0; 0; 0; 0; 0; 0; 0; 0; 0; 0; 20; 0; 0; 0; 0; 70; 0; 140; 0
1951;01; 430; 0; 90; 270; 250; 20; 20; 0; 30; 0; 0; 440; 0; 180; 90; 20; 290; 170; 0; 40; 220; 0; 0; 120; 308; 114; 10; 120; 0; 0; 0
1951;02; 0; 0; 0; 350; 210; 0; 0; 170; 0; 0; 0; 0; 0; 30; 80; 380; 70; 300; 280; 30; 141; 0; 0; 0; 0; 300; 0; 0; 9999; 9999; 9999
1951;03; 0; 40; 0; 70; 540; 140; 0; 0; 0; 0; 370; 190; 0; 0; 390; 190; 340; 170; 0; 0; 0; 0; 0; 0; 0; 0; 0; 0; 0; 0; 150
1951;04; 0; 0; 0; 0; 0; 0; 0; 0; 0; 0; 0; 0; 0; 0; 140; 0; 0; 0; 0; 0; 0; 0; 0; 0; 120; 0; 0; 0; 0; 0; 9999
1951;05; 0; 0; 70; 0; 0; 0; 0; 0; 0; 0; 0; 0; 0; 0; 0; 0; 0; 0; 160; 0; 0; 0; 0; 0; 0; 0; 0; 0; 0; 0; 0
1951;06; 0; 0; 0; 0; 0; 0; 0; 0; 0; 0; 0; 0; 0; 0; 0; 0; 0; 0; 0; 0; 0; 0; 0; 0; 0; 150; 100; 320; 70; 0; 9999
1951;07; 0; 0; 0; 0; 0; 0; 0; 0; 0; 0; 0; 0; 0; 0; 0; 0; 0; 0; 0; 0; 0; 0; 0; 0; 0; 0; 0; 0; 0; 0; 0
1951;08; 0; 0; 0; 0; 250; 80; 0; 0; 0; 0; 0; 0; 0; 0; 0; 0; 0; 0; 0; 20; 40; 20; 0; 0; 0; 0; 0; 0; 0; 0; 0
1951;09; 0; 0; 0; 0; 0; 0; 0; 0; 0; 0; 0; 0; 0; 0; 0; 0; 130; 0; 0; 0; 0; 0; 0; 0; 30; 0; 0; 0; 0; 0; 9999
1951;10; 0; 0; 0; 0; 30; 260; 0; 0; 0; 0; 0; 0; 0; 0; 180; 380; 0; 630; 0; 150; 0; 0; 0; 0; 0; 0; 0; 200; 0; 0; 0
1951;11; 0; 0; 0; 0; 0; 0; 0; 150; 0; 0; 0; 0; 0; 0; 120; 60; 0; 0; 40; 0; 0; 80; 0; 630; 510; 0; 0; 30; 0; 0; 9999
1951;12; 0; 0; 0; 0; 0; 280; 0; 120; 100; 0; 80; 0; 0; 0; 0; 40; 0; 0; 0; 0; 0; 230; 0; 0; 0; 0; 0; 0; 330; 0; 0
1952;01; 100; 0; 0; 0; 0; 60; 0; 110; 0; 0; 0; 70; 0; 0; 60; 10; 0; 0; 0; 0; 0; 0; 200; 870; 10; 90; 0; 0; 0; 40; 0
1952;02; 0; 540; 360; 0; 210; 0; 20; 20; 0; 0; 0; 490; 500; 0; 0; 0; 0; 20; 580; 200; 220; 0; 0; 0; 290; 160; 0; 0; 40; 9999; 9999
1952;03; 9999; 0; 0; 0; 0; 0; 0; 0; 0; 0; 0; 0; 0; 0; 0; 0; 0; 0; 0; 0; 0; 0; 0; 0; 0; 0; 0; 0; 0; 0; 0
1952;04; 400; 0; 0; 0; 0; 0; 0; 0; 0; 35; 0; 0; 0; 0; 0; 0; 0; 0; 0; 0; 0; 0; 10; 0; 0; 0; 0; 0; 0; 0; 9999
1952;05; 0; 0; 0; 0; 0; 0; 0; 0; 0; 0; 0; 0; 0; 0; 0; 0; 0; 0; 0; 0; 0; 0; 0; 0; 0; 0; 0; 0; 0; 0; 0
1952;06; 0; 0; 0; 0; 0; 0; 0; 0; 150; 0; 0; 0; 40; 170; 50; 0; 350; 0; 0; 0; 0; 0; 0; 0; 0; 0; 0; 0; 0; 0; 9999
1952;07; 0; 0; 0; 0; 0; 0; 0; 0; 0; 0; 0; 0; 0; 20; 0; 0; 0; 0; 0; 0; 0; 10; 0; 0; 0; 0; 0; 0; 0; 0; 0
1952;08; 0; 0; 0; 0; 0; 0; 0; 0; 0; 0; 0; 0; 0; 0; 0; 0; 0; 0; 40; 0; 0; 0; 0; 0; 0; 0; 30; 5; 0; 0; 0
1952;09; 0; 0; 0; 0; 180; 50; 0; 0; 0; 0; 0; 0; 1; 0; 140; 0; 10; 25; 170; 0; 0; 0; 0; 0; 0; 0; 0; 0; 0; 0; 9999
1952;10; 0; 0; 0; 0; 0; 0; 320; 0; 405; 0; 10; 0; 70; 65; 0; 0; 0; 0; 0; 730; 220; 220; 0; 0; 170; 0; 0; 0; 0; 0; 0
1952;11; 9999; 9999; 9999; 9999; 9999; 9999; 9999; 9999; 9999; 9999; 9999; 9999; 9999; 9999; 9999; 9999; 9999; 9999; 9999; 9999; 9999; 9999; 9999; 9999; 9999; 9999; 9999; 9999; 9999; 9999; 9999
1952;12; 9999; 9999; 9999; 9999; 9999; 9999; 9999; 9999; 9999; 9999; 9999; 9999; 9999; 9999; 9999; 9999; 9999; 9999; 9999; 9999; 9999; 9999; 9999; 9999; 9999; 9999; 9999; 9999; 9999; 9999; 9999
1953;01; 600; 340; 50; 30; 0; 120; 35; 645; 25; 0; 0; 0; 0; 0; 0; 20; 0; 0; 0; 45; 50; 0; 130; 0; 0; 0; 0; 0; 0; 60; 100
1953;02; 90; 50; 0; 0; 0; 0; 0; 0; 0; 140; 430; 40; 540; 160; 240; 0; 0; 0; 0; 0; 0; 0; 0; 0; 0; 30; 0; 125; 9999; 9999; 9999
1953;03; 0; 60; 90; 0; 0; 0; 0; 0; 0; 220; 10; 30; 0; 220; 0; 0; 0; 0; 0; 5; 0; 0; 0; 240; 0; 20; 0; 0; 0; 0; 0
1953;04; 0; 40; 30; 0; 0; 0; 0; 365; 0; 0; 0; 0; 0; 0; 0; 180; 0; 0; 0; 0; 0; 350; 0; 0; 0; 0; 0; 0; 0; 0; 9999
1953;05; 0; 0; 30; 0; 70; 0; 0; 0; 0; 0; 30; 0; 0; 0; 0; 0; 0; 0; 0; 0; 0; 0; 25; 0; 0; 365; 40; 0; 0; 0; 290
1953;06; 10; 0; 0; 0; 0; 0; 0; 0; 10; 200; 0; 0; 0; 0; 0; 0; 0; 0; 0; 0; 0; 0; 0; 0; 0; 0; 0; 0; 0; 0; 9999
1953;07; 0; 0; 0; 20; 0; 0; 0; 0; 0; 90; 0; 0; 0; 0; 0; 0; 0; 0; 80; 190; 0; 0; 0; 0; 0; 0; 0; 0; 0; 0; 0
1953;08; 0; 0; 0; 0; 0; 0; 0; 0; 0; 0; 0; 0; 0; 0; 0; 0; 0; 0; 0; 0; 0; 0; 0; 90; 0; 0; 0; 0; 0; 0; 0
1953;09; 0; 0; 0; 0; 0; 0; 0; 0; 0; 0; 100; 0; 0; 0; 75; 210; 0; 0; 0; 0; 90; 0; 0; 215; 0; 19; 0; 0; 0; 0; 9999
1953;10; 0; 0; 0; 155; 230; 185; 50; 0; 0; 0; 0; 0; 0; 40; 0; 0; 20; 0; 60; 0; 0; 80; 143; 0; 0; 0; 0; 0; 0; 265; 0
1953;11; 285; 225; 0; 0; 0; 0; 130; 0; 0; 0; 0; 152; 10; 130; 160; 0; 0; 0; 0; 16; 0; 0; 0; 0; 0; 0; 0; 0; 0; 0; 9999
1953;12; 0; 0; 0; 0; 0; 0; 0; 0; 0; 0; 0; 0; 137; 0; 127; 70; 0; 0; 0; 0; 0; 0; 0; 0; 0; 110; 33; 420; 0; 0; 0
1954;01; 0; 10; 650; 350; 0; 0; 46; 0; 44; 0; 0; 0; 0; 4; 63; 0; 21; 4; 62; 15; 0; 0; 0; 0; 0; 0; 0; 0; 16; 1; 0
1954;02; 9; 0; 0; 0; 0; 210; 880; 180; 0; 0; 1; 0; 40; 0; 0; 85; 0; 0; 0; 0; 0; 0; 0; 0; 0; 0; 0; 10; 9999; 9999; 9999
1954;03; 255; 0; 0; 0; 0; 100; 150; 300; 135; 80; 330; 140; 145; 0; 0; 0; 0; 0; 0; 0; 0; 0; 0; 0; 0; 0; 0; 170; 0; 20; 60
1954;04; 0; 0; 0; 0; 0; 0; 0; 0; 0; 0; 0; 0; 0; 0; 0; 0; 0; 0; 0; 0; 0; 0; 0; 0; 0; 0; 470; 590; 10; 215; 9999
1954;05; 0; 0; 0; 50; 0; 0; 150; 0; 470; 93; 265; 0; 267; 30; 0; 0; 215; 116; 482; 0; 140; 0; 0; 0; 0; 0; 0; 0; 0; 0; 0
1954;06; 0; 0; 0; 15; 373; 353; 136; 0; 0; 0; 32; 0; 0; 0; 0; 0; 0; 0; 35; 0; 0; 0; 300; 0; 0; 0; 0; 0; 0; 0; 9999
1954;07; 0; 0; 0; 0; 0; 0; 0; 0; 0; 0; 0; 0; 26; 0; 60; 282; 0; 0; 0; 0; 0; 0; 0; 0; 0; 0; 0; 0; 0; 0; 0
1954;08; 0; 0; 0; 0; 0; 0; 0; 0; 0; 0; 0; 0; 0; 0; 0; 0; 0; 0; 0; 0; 0; 0; 0; 0; 0; 0; 0; 0; 0; 0; 0
1954;09; 0; 0; 0; 0; 0; 0; 0; 0; 0; 0; 0; 0; 0; 30; 0; 0; 0; 0; 0; 80; 0; 0; 97; 0; 0; 5; 0; 30; 12; 114; 9999
1954;10; 55; 0; 0; 0; 0; 0; 0; 0; 0; 0; 525; 0; 0; 0; 0; 390; 0; 140; 0; 0; 85; 125; 0; 0; 0; 0; 0; 40; 0; 85; 0
1954;11; 0; 0; 0; 0; 0; 0; 0; 0; 0; 0; 515; 0; 0; 0; 0; 0; 0; 0; 0; 0; 0; 0; 0; 20; 0; 0; 0; 0; 0; 0; 9999
1954;12; 0; 0; 160; 40; 0; 0; 5; 0; 0; 20; 0; 5; 675; 0; 0; 0; 190; 0; 185; 0; 0; 0; 0; 0; 175; 0; 0; 25; 2; 0; 0
1955;01; 0; 830; 50; 0; 85; 0; 0; 0; 0; 835; 0; 0; 20; 302; 0; 0; 10; 370; 0; 0; 0; 0; 15; 0; 0; 0; 0; 15; 0; 0; 0
1955;02; 0; 0; 0; 0; 0; 0; 0; 0; 0; 175; 50; 30; 205; 0; 0; 0; 0; 0; 0; 0; 3; 150; 145; 0; 0; 0; 135; 70; 9999; 9999; 9999
1955;03; 0; 225; 10; 0; 0; 120; 320; 0; 0; 0; 65; 0; 0; 0; 190; 450; 0; 0; 0; 0; 0; 0; 20; 130; 0; 0; 15; 170; 0; 85; 60
1955;04; 0; 0; 0; 0; 0; 0; 0; 0; 0; 0; 215; 0; 73; 0; 155; 535; 635; 0; 0; 0; 0; 0; 0; 0; 0; 0; 0; 495; 15; 0; 9999
1955;05; 0; 0; 0; 0; 0; 0; 0; 0; 0; 0; 0; 0; 0; 0; 0; 20; 0; 0; 0; 200; 0; 0; 0; 0; 0; 0; 0; 0; 0; 155; 0
1955;06; 0; 0; 0; 0; 10; 0; 0; 0; 110; 0; 0; 0; 660; 230; 0; 0; 0; 0; 0; 37; 0; 0; 0; 0; 0; 0; 0; 0; 0; 0; 9999
1955;07; 0; 0; 0; 30; 342; 25; 0; 25; 0; 0; 0; 0; 0; 0; 0; 0; 0; 0; 0; 0; 0; 0; 0; 0; 0; 0; 0; 0; 0; 5; 130
1955;08; 0; 0; 0; 0; 0; 0; 0; 0; 0; 0; 17; 5; 0; 0; 42; 0; 0; 0; 0; 0; 0; 0; 0; 0; 0; 105; 165; 375; 125; 60; 0
1955;09; 0; 0; 15; 0; 0; 0; 0; 0; 0; 0; 0; 0; 0; 0; 0; 0; 0; 0; 0; 0; 0; 0; 0; 0; 0; 0; 0; 0; 0; 0; 9999
1955;10; 0; 0; 0; 0; 0; 0; 30; 0; 0; 0; 0; 0; 320; 0; 0; 0; 0; 0; 0; 0; 0; 0; 0; 0; 0; 0; 0; 625; 0; 0; 0
1955;11; 405; 240; 455; 0; 0; 0; 50; 0; 200; 0; 0; 0; 0; 0; 0; 0; 15; 0; 165; 0; 0; 425; 0; 0; 0; 0; 0; 0; 0; 50; 9999
1955;12; 275; 0; 30; 45; 0; 0; 0; 60; 0; 0; 0; 0; 360; 0; 0; 0; 0; 0; 0; 0; 0; 0; 0; 0; 0; 60; 0; 0; 470; 80; 75
1956;01; 430; 10; 15; 115; 35; 0; 0; 105; 0; 0; 0; 0; 0; 65; 0; 0; 0; 0; 0; 265; 10; 0; 0; 0; 125; 100; 20; 0; 30; 55; 15
1956;02; 0; 0; 0; 0; 0; 0; 0; 0; 0; 0; 235; 10; 338; 45; 0; 0; 0; 0; 0; 0; 0; 0; 172; 0; 92; 20; 0; 0; 10; 9999; 9999
1956;03; 10; 0; 0; 0; 0; 0; 0; 0; 0; 0; 55; 0; 0; 0; 15; 0; 0; 230; 0; 0; 0; 0; 0; 50; 220; 0; 225; 0; 0; 0; 0
1956;04; 10; 0; 0; 0; 0; 25; 0; 20; 0; 30; 270; 10; 0; 0; 0; 10; 0; 0; 0; 15; 0; 0; 5; 0; 60; 5; 5; 700; 75; 0; 9999
1956;05; 0; 200; 0; 0; 255; 20; 125; 260; 20; 0; 0; 0; 0; 0; 0; 0; 0; 0; 0; 0; 0; 25; 0; 35; 185; 840; 20; 0; 0; 0; 180
1956;06; 300; 92; 0; 0; 0; 0; 0; 0; 20; 10; 45; 110; 239; 0; 10; 0; 0; 0; 0; 0; 0; 0; 0; 40; 0; 0; 153; 0; 0; 0; 9999
1956;07; 0; 0; 0; 0; 0; 0; 0; 0; 0; 0; 0; 0; 0; 170; 0; 0; 0; 0; 0; 0; 0; 0; 30; 525; 0; 0; 0; 95; 0; 410; 137
1956;08; 410; 0; 232; 310; 8; 0; 160; 20; 0; 0; 0; 0; 0; 0; 0; 0; 0; 0; 0; 0; 0; 0; 55; 135; 0; 0; 0; 0; 0; 0; 0
1956;09; 0; 0; 0; 0; 0; 0; 0; 0; 0; 325; 150; 0; 0; 125; 40; 0; 0; 0; 0; 0; 0; 0; 0; 20; 0; 25; 0; 0; 0; 360; 9999
1956;10; 0; 0; 0; 0; 0; 0; 0; 0; 0; 30; 275; 10; 0; 0; 0; 0; 0; 50; 0; 0; 0; 0; 225; 0; 0; 0; 0; 140; 0; 85; 0
1956;11; 0; 0; 0; 0; 0; 0; 0; 0; 100; 0; 0; 20; 0; 0; 0; 0; 0; 0; 0; 0; 0; 0; 0; 0; 0; 85; 0; 0; 0; 0; 9999
1956;12; 0; 0; 0; 0; 0; 0; 264; 30; 0; 0; 0; 0; 0; 119; 0; 0; 0; 0; 0; 0; 0; 196; 60; 135; 0; 0; 0; 0; 0; 0; 0
1957;01; 0; 0; 0; 0; 0; 0; 170; 96; 145; 272; 139; 0; 0; 2; 219; 215; 11; 0; 0; 0; 68; 66; 17; 55; 4; 0; 110; 32; 0; 15; 50
1957;02; 108; 13; 460; 15; 0; 0; 0; 71; 87; 185; 213; 0; 0; 0; 137; 95; 84; 0; 0; 0; 0; 0; 0; 0; 0; 32; 202; 0; 9999; 9999; 9999
1957;03; 0; 175; 0; 0; 0; 0; 10; 0; 0; 64; 0; 20; 0; 0; 0; 0; 0; 0; 0; 0; 120; 1050; 0; 0; 0; 83; 50; 0; 0; 220; 143
1957;04; 160; 82; 0; 0; 0; 0; 0; 0; 0; 0; 0; 0; 0; 0; 25; 0; 0; 0; 0; 0; 0; 0; 0; 0; 0; 0; 63; 0; 0; 85; 9999
1957;05; 0; 0; 0; 0; 0; 0; 90; 20; 0; 0; 0; 0; 0; 0; 0; 0; 0; 0; 0; 0; 0; 0; 0; 0; 0; 0; 0; 0; 0; 0; 0
1957;06; 0; 0; 0; 0; 0; 0; 0; 190; 0; 0; 20; 0; 0; 0; 0; 0; 0; 0; 0; 0; 0; 0; 0; 0; 0; 0; 0; 0; 140; 205; 9999
1957;07; 171; 308; 32; 201; 400; 0; 0; 0; 0; 0; 0; 0; 0; 0; 40; 382; 299; 158; 240; 242; 0; 0; 0; 0; 0; 0; 0; 0; 0; 0; 45
1957;08; 0; 2; 0; 0; 0; 0; 0; 0; 0; 0; 0; 11; 30; 139; 0; 0; 420; 38; 165; 0; 0; 0; 0; 0; 0; 0; 0; 0; 0; 31; 7
1957;09; 0; 0; 11; 575; 0; 0; 0; 355; 102; 0; 0; 0; 225; 0; 0; 42; 0; 0; 0; 135; 11; 46; 300; 11; 0; 0; 0; 0; 0; 0; 9999
1957;10; 0; 0; 0; 0; 0; 0; 0; 0; 0; 0; 0; 10; 5; 0; 0; 0; 0; 0; 0; 65; 2; 0; 0; 0; 0; 0; 20; 495; 0; 0; 0
1957;11; 0; 0; 7; 0; 0; 0; 0; 15; 190; 30; 0; 0; 110; 0; 0; 0; 265; 0; 32; 30; 0; 0; 0; 0; 0; 0; 0; 0; 0; 0; 9999
1957;12; 80; 70; 190; 12; 0; 0; 0; 0; 0; 0; 0; 20; 305; 60; 190; 225; 315; 30; 0; 0; 0; 0; 0; 0; 0; 0; 0; 50; 0; 0; 0
1958;01; 0; 280; 75; 0; 0; 0; 0; 0; 0; 0; 0; 215; 20; 0; 110; 0; 10; 8; 40; 0; 0; 0; 0; 0; 0; 20; 0; 0; 0; 0; 0
1958;02; 0; 0; 0; 0; 110; 0; 65; 50; 0; 0; 0; 0; 0; 0; 0; 0; 0; 0; 0; 0; 40; 0; 20; 0; 30; 310; 440; 10; 9999; 9999; 9999
1958;03; 10; 0; 0; 0; 0; 65; 0; 0; 0; 0; 0; 0; 0; 0; 60; 56; 40; 0; 0; 23; 0; 0; 0; 0; 0; 0; 0; 0; 0; 0; 220
1958;04; 400; 0; 0; 0; 0; 0; 0; 0; 80; 175; 0; 0; 135; 25; 0; 0; 0; 45; 0; 0; 0; 0; 0; 0; 0; 0; 0; 0; 0; 0; 9999
1958;05; 0; 165; 54; 80; 0; 0; 0; 0; 0; 0; 0; 0; 0; 0; 0; 0; 0; 0; 0; 0; 0; 440; 30; 16; 200; 148; 15; 217; 0; 0; 0
1958;06; 0; 0; 0; 0; 0; 0; 0; 0; 0; 0; 0; 0; 0; 103; 545; 0; 195; 70; 0; 0; 0; 0; 0; 0; 0; 0; 0; 0; 0; 0; 9999
1958;07; 0; 0; 0; 0; 0; 0; 0; 0; 0; 0; 0; 0; 0; 0; 0; 35; 0; 0; 15; 0; 0; 0; 0; 0; 0; 25; 0; 0; 0; 0; 0
1958;08; 0; 0; 0; 12; 0; 0; 0; 0; 0; 0; 0; 0; 0; 0; 0; 0; 0; 0; 0; 0; 0; 0; 0; 0; 0; 0; 0; 0; 70; 0; 0
1958;09; 0; 0; 16; 0; 0; 0; 40; 98; 0; 30; 0; 0; 240; 664; 155; 0; 0; 0; 0; 0; 0; 0; 0; 10; 0; 0; 0; 0; 0; 0; 9999
1958;10; 0; 0; 0; 0; 0; 0; 20; 0; 0; 0; 336; 10; 0; 0; 0; 0; 0; 20; 0; 0; 0; 0; 0; 25; 0; 320; 360; 300; 58; 0; 0
1958;11; 0; 0; 0; 0; 20; 0; 0; 0; 0; 0; 590; 0; 0; 75; 0; 0; 0; 0; 64; 274; 0; 0; 0; 0; 242; 0; 0; 0; 0; 135; 9999
1958;12; 0; 0; 0; 71; 0; 0; 102; 0; 500; 0; 60; 0; 0; 0; 0; 0; 210; 90; 170; 340; 20; 120; 0; 0; 0; 0; 0; 0; 0; 0; 0
1959;01; 0; 0; 0; 45; 701; 300; 0; 0; 0; 0; 0; 0; 20; 0; 0; 0; 129; 528; 0; 0; 0; 0; 0; 54; 0; 0; 0; 24; 0; 0; 220
1959;02; 126; 12; 180; 24; 110; 340; 90; 37; 62; 0; 0; 54; 0; 0; 0; 13; 0; 65; 15; 52; 0; 0; 0; 0; 0; 212; 0; 2; 9999; 9999; 9999
1959;03; 0; 0; 0; 0; 0; 0; 0; 455; 0; 0; 0; 0; 178; 90; 0; 0; 28; 31; 179; 5; 0; 0; 22; 10; 40; 0; 0; 0; 0; 0; 11
1959;04; 22; 0; 9; 0; 0; 28; 0; 0; 0; 0; 32; 0; 0; 0; 0; 0; 0; 0; 0; 97; 21; 0; 663; 0; 0; 0; 71; 0; 0; 0; 9999
1959;05; 0; 0; 0; 0; 0; 0; 0; 0; 0; 0; 0; 0; 0; 0; 0; 0; 0; 0; 326; 308; 82; 0; 0; 0; 0; 0; 0; 0; 0; 0; 0
1959;06; 0; 20; 0; 0; 0; 95; 0; 0; 0; 0; 0; 0; 0; 0; 0; 0; 0; 0; 0; 0; 0; 0; 0; 0; 0; 0; 0; 0; 0; 0; 9999
1959;07; 0; 102; 0; 0; 0; 0; 0; 0; 0; 0; 0; 0; 0; 0; 0; 0; 0; 0; 0; 0; 0; 0; 0; 0; 0; 0; 0; 0; 0; 0; 0
1959;08; 205; 5; 1; 0; 0; 0; 45; 0; 0; 0; 0; 110; 232; 57; 0; 134; 0; 0; 0; 0; 0; 0; 0; 0; 0; 0; 0; 0; 0; 0; 0
1959;09; 0; 0; 55; 40; 0; 0; 0; 0; 0; 0; 0; 0; 13; 0; 0; 0; 0; 0; 0; 0; 0; 0; 0; 0; 0; 89; 0; 0; 0; 0; 9999
1959;10; 0; 0; 0; 0; 0; 0; 0; 0; 0; 0; 0; 88; 332; 13; 0; 0; 0; 0; 418; 133; 49; 0; 0; 0; 0; 0; 0; 0; 89; 0; 0
1959;11; 0; 0; 0; 0; 0; 0; 0; 251; 0; 288; 0; 248; 182; 0; 0; 0; 0; 0; 0; 0; 0; 0; 0; 0; 0; 236; 0; 0; 70; 97; 9999
1959;12; 0; 0; 0; 83; 0; 0; 13; 51; 60; 69; 0; 0; 0; 0; 0; 0; 0; 0; 165; 20; 0; 113; 0; 67; 105; 0; 0; 0; 0; 0; 0
1960;01; 72; 0; 0; 0; 0; 0; 803; 313; 0; 65; 197; 0; 0; 0; 0; 0; 0; 144; 32; 0; 0; 45; 0; 1298; 13; 0; 0; 288; 0; 0; 0
1960;02; 0; 0; 36; 0; 0; 0; 0; 0; 365; 122; 46; 14; 0; 16; 50; 75; 205; 0; 85; 295; 0; 36; 356; 198; 0; 0; 112; 295; 431; 9999; 9999
1960;03; 16; 18; 0; 0; 0; 0; 0; 0; 0; 85; 0; 465; 0; 48; 44; 0; 46; 0; 0; 0; 64; 84; 0; 0; 0; 0; 0; 0; 0; 0; 0
1960;04; 268; 62; 0; 22; 224; 31; 446; 13; 0; 132; 0; 0; 0; 0; 0; 0; 0; 121; 154; 55; 0; 0; 0; 0; 0; 0; 0; 0; 0; 0; 9999
1960;05; 111; 0; 0; 0; 0; 0; 0; 0; 0; 0; 0; 0; 0; 0; 108; 48; 0; 0; 0; 175; 35; 253; 0; 0; 0; 0; 0; 0; 0; 0; 0
1960;06; 0; 0; 0; 0; 0; 0; 0; 0; 0; 0; 0; 0; 0; 0; 64; 0; 0; 182; 0; 0; 0; 0; 375; 225; 0; 0; 102; 0; 0; 0; 9999
1960;07; 0; 0; 0; 0; 0; 0; 0; 0; 0; 0; 0; 0; 0; 0; 0; 0; 0; 0; 0; 0; 0; 0; 0; 0; 0; 0; 0; 0; 0; 0; 0
1960;08; 64; 67; 0; 0; 0; 0; 0; 0; 0; 0; 0; 0; 0; 25; 210; 0; 85; 0; 38; 0; 0; 0; 0; 0; 0; 0; 23; 0; 0; 0; 0
1960;09; 38; 60; 28; 0; 0; 0; 0; 0; 0; 0; 0; 0; 0; 0; 0; 0; 0; 0; 0; 0; 0; 0; 0; 0; 63; 0; 0; 0; 0; 28; 9999
1960;10; 0; 42; 0; 0; 0; 0; 0; 45; 170; 130; 0; 0; 0; 12; 0; 23; 165; 0; 0; 14; 0; 4; 30; 0; 68; 78; 225; 0; 0; 0; 74
1960;11; 135; 0; 116; 0; 175; 22; 0; 334; 0; 0; 452; 58; 15; 0; 70; 0; 0; 0; 0; 25; 313; 0; 0; 0; 0; 384; 0; 0; 0; 0; 9999
1960;12; 225; 0; 0; 0; 0; 0; 0; 0; 0; 0; 0; 0; 0; 84; 0; 0; 0; 1216; 152; 0; 0; 32; 132; 0; 0; 34; 0; 0; 313; 335; 0
1961;01; 186; 174; 92; 212; 0; 0; 0; 284; 0; 0; 748; 282; 0; 0; 0; 142; 123; 33; 162; 63; 204; 0; 0; 0; 0; 0; 0; 0; 245; 0; 0
1961;02; 0; 0; 0; 0; 358; 24; 0; 0; 0; 0; 0; 0; 346; 0; 0; 0; 35; 0; 12; 0; 0; 42; 0; 256; 78; 185; 688; 425; 9999; 9999; 9999
1961;03; 183; 15; 0; 0; 0; 0; 0; 0; 0; 0; 0; 45; 556; 235; 452; 45; 0; 57; 273; 43; 62; 165; 0; 0; 0; 0; 0; 0; 0; 0; 0
1961;04; 0; 0; 0; 231; 623; 285; 0; 0; 0; 0; 0; 0; 0; 0; 0; 0; 0; 0; 0; 0; 0; 0; 192; 0; 0; 264; 0; 0; 0; 0; 9999
1961;05; 0; 0; 45; 244; 0; 0; 0; 0; 0; 0; 0; 0; 0; 0; 0; 0; 0; 0; 0; 0; 0; 0; 0; 0; 0; 0; 0; 0; 0; 0; 0
1961;06; 0; 0; 0; 0; 0; 95; 0; 0; 0; 0; 0; 0; 0; 0; 42; 0; 0; 0; 0; 0; 0; 0; 0; 0; 0; 0; 0; 0; 0; 0; 9999
1961;07; 0; 0; 0; 0; 0; 0; 0; 0; 0; 0; 0; 0; 0; 0; 0; 0; 0; 0; 0; 0; 0; 0; 0; 0; 0; 0; 0; 0; 0; 0; 0
1961;08; 0; 0; 0; 0; 0; 0; 0; 0; 0; 0; 0; 0; 0; 0; 0; 0; 0; 0; 0; 0; 0; 0; 0; 0; 0; 0; 25; 0; 0; 75; 46
1961;09; 0; 0; 0; 0; 0; 18; 0; 0; 20; 0; 0; 0; 0; 0; 0; 0; 0; 0; 0; 0; 0; 0; 0; 0; 0; 0; 0; 0; 42; 0; 9999
1961;10; 0; 0; 0; 13; 0; 0; 0; 0; 62; 0; 32; 23; 0; 0; 49; 380; 0; 318; 0; 545; 0; 46; 0; 0; 0; 59; 11; 0; 0; 21; 300
1961;11; 10; 470; 11; 0; 0; 0; 0; 0; 0; 0; 0; 0; 0; 0; 81; 0; 0; 0; 0; 0; 22; 0; 12; 24; 0; 0; 67; 0; 0; 0; 9999
1961;12; 0; 0; 141; 0; 0; 0; 0; 0; 0; 0; 0; 0; 150; 0; 0; 0; 191; 0; 0; 207; 12; 161; 86; 295; 384; 348; 20; 216; 0; 0; 0
1962;01; 0; 0; 279; 0; 0; 0; 0; 317; 0; 0; 0; 0; 0; 0; 56; 259; 0; 15; 41; 0; 0; 0; 0; 20; 10; 400; 0; 0; 0; 0; 0
1962;02; 0; 0; 0; 462; 75; 0; 0; 0; 0; 0; 10; 0; 0; 0; 0; 238; 12; 0; 65; 0; 0; 213; 185; 30; 0; 0; 0; 0; 9999; 9999; 9999
1962;03; 15; 70; 346; 0; 194; 0; 0; 0; 0; 95; 171; 284; 3; 96; 0; 90; 137; 30; 532; 205; 0; 0; 0; 0; 0; 0; 0; 0; 0; 0; 0
1962;04; 0; 0; 0; 0; 0; 0; 0; 0; 0; 28; 0; 0; 0; 0; 0; 0; 74; 0; 52; 0; 0; 0; 0; 0; 0; 0; 0; 0; 57; 265; 9999
1962;05; 50; 10; 40; 0; 0; 0; 0; 0; 0; 0; 0; 0; 0; 0; 0; 0; 0; 62; 0; 0; 0; 0; 0; 0; 0; 0; 0; 0; 45; 0; 0
1962;06; 0; 0; 372; 16; 0; 85; 20; 220; 0; 0; 0; 0; 0; 0; 0; 0; 0; 0; 0; 0; 0; 0; 145; 0; 0; 0; 0; 0; 0; 0; 9999
1962;07; 0; 0; 0; 0; 0; 0; 0; 0; 0; 40; 0; 0; 0; 0; 0; 0; 0; 0; 108; 30; 0; 0; 0; 10; 0; 0; 0; 0; 0; 0; 0
1962;08; 0; 0; 0; 0; 0; 0; 0; 0; 0; 0; 0; 210; 0; 0; 0; 210; 22; 0; 0; 0; 0; 0; 142; 0; 0; 0; 0; 0; 0; 0; 0
1962;09; 0; 0; 14; 0; 0; 0; 31; 0; 161; 0; 0; 137; 0; 48; 0; 0; 0; 0; 44; 110; 0; 0; 0; 0; 0; 0; 0; 0; 0; 0; 9999
1962;10; 0; 250; 223; 217; 76; 0; 0; 210; 372; 0; 103; 223; 0; 0; 0; 0; 147; 0; 0; 20; 0; 0; 0; 0; 0; 0; 0; 0; 232; 176; 10
1962;11; 0; 0; 0; 0; 0; 0; 0; 24; 35; 0; 0; 0; 0; 0; 0; 0; 0; 0; 55; 162; 25; 0; 0; 0; 0; 0; 0; 0; 60; 35; 9999
1962;12; 0; 0; 0; 95; 0; 372; 0; 0; 0; 0; 0; 0; 14; 0; 0; 0; 0; 363; 200; 0; 0; 0; 0; 0; 0; 0; 115; 0; 0; 50; 64
1963;01; 28; 246; 0; 0; 0; 0; 0; 0; 16; 0; 0; 375; 12; 71; 310; 12; 125; 202; 81; 28; 0; 0; 45; 0; 0; 255; 0; 0; 0; 0; 0
1963;02; 232; 23; 32; 115; 66; 0; 45; 0; 0; 0; 0; 0; 0; 0; 0; 0; 20; 0; 145; 0; 52; 43; 14; 23; 51; 170; 0; 0; 9999; 9999; 9999
1963;03; 0; 0; 300; 0; 0; 0; 0; 35; 245; 0; 8; 370; 0; 0; 370; 0; 0; 0; 221; 50; 0; 0; 0; 63; 0; 190; 0; 47; 0; 0; 0
1963;04; 0; 0; 0; 0; 0; 0; 0; 0; 0; 0; 0; 0; 0; 0; 0; 96; 0; 0; 0; 0; 0; 0; 0; 0; 0; 0; 0; 0; 0; 0; 9999
1963;05; 0; 0; 0; 120; 0; 0; 0; 0; 0; 0; 0; 0; 0; 0; 0; 0; 0; 0; 0; 0; 0; 0; 0; 0; 0; 0; 0; 0; 0; 0; 0
1963;06; 0; 0; 0; 0; 0; 0; 0; 0; 0; 0; 0; 0; 451; 266; 0; 0; 0; 0; 0; 0; 0; 0; 0; 0; 0; 0; 0; 0; 0; 0; 9999
1963;07; 0; 0; 0; 0; 0; 0; 0; 0; 0; 0; 0; 0; 0; 0; 0; 0; 0; 0; 0; 0; 0; 0; 0; 0; 0; 0; 0; 0; 0; 0; 0
1963;08; 0; 0; 0; 0; 0; 0; 0; 0; 0; 0; 0; 0; 0; 0; 0; 0; 0; 0; 0; 0; 0; 0; 0; 0; 0; 0; 0; 0; 0; 0; 0
1963;09; 0; 0; 0; 0; 0; 0; 0; 0; 0; 0; 0; 0; 0; 0; 0; 0; 0; 0; 0; 0; 0; 15; 35; 0; 0; 38; 8; 46; 174; 0; 9999
1963;10; 0; 0; 0; 0; 0; 0; 565; 0; 0; 0; 0; 0; 0; 0; 206; 35; 0; 102; 244; 49; 0; 93; 4; 0; 8; 0; 204; 190; 11; 0; 0
1963;11; 0; 0; 0; 0; 0; 0; 0; 45; 37; 0; 0; 0; 0; 442; 0; 0; 0; 135; 0; 149; 274; 0; 0; 0; 0; 0; 0; 0; 0; 254; 9999
1963;12; 0; 6; 0; 2; 34; 126; 0; 437; 505; 0; 0; 39; 0; 0; 0; 0; 0; 7; 0; 15; 0; 0; 0; 0; 0; 0; 0; 0; 0; 0; 0
1964;01; 211; 0; 0; 0; 0; 0; 89; 7; 0; 0; 0; 6; 0; 0; 0; 12; 0; 112; 0; 0; 0; 112; 0; 0; 183; 85; 334; 51; 0; 0; 0
1964;02; 50; 356; 35; 0; 0; 0; 0; 304; 10; 31; 140; 65; 294; 643; 288; 654; 357; 145; 138; 0; 0; 0; 156; 45; 0; 0; 0; 15; 0; 9999; 9999
1964;03; 0; 65; 0; 0; 0; 0; 0; 0; 0; 0; 0; 0; 0; 25; 128; 2; 0; 0; 0; 0; 0; 0; 0; 0; 115; 78; 287; 486; 0; 0; 28
1964;04; 0; 0; 0; 0; 8; 12; 0; 0; 0; 0; 0; 0; 0; 0; 0; 0; 9; 0; 0; 0; 0; 0; 0; 0; 0; 0; 0; 0; 294; 308; 9999
1964;05; 0; 0; 0; 46; 24; 0; 0; 0; 0; 0; 0; 0; 0; 0; 0; 0; 0; 0; 0; 0; 0; 0; 0; 0; 0; 0; 0; 0; 0; 0; 0
1964;06; 0; 0; 0; 0; 0; 0; 0; 0; 0; 85; 104; 25; 154; 105; 50; 0; 0; 0; 0; 0; 0; 0; 0; 0; 8; 0; 5; 18; 19; 30; 9999
1964;07; 23; 68; 247; 15; 0; 8; 0; 0; 0; 0; 0; 0; 0; 0; 0; 79; 0; 2; 0; 0; 0; 0; 0; 112; 0; 0; 0; 0; 0; 0; 0
1964;08; 3; 0; 0; 239; 18; 64; 2; 0; 0; 0; 0; 0; 0; 0; 0; 0; 0; 0; 0; 0; 0; 0; 0; 0; 0; 0; 0; 0; 0; 0; 0
1964;09; 0; 10; 0; 0; 0; 0; 0; 1; 0; 1; 0; 0; 0; 0; 0; 0; 0; 0; 0; 0; 0; 0; 10; 0; 57; 225; 478; 0; 57; 0; 9999
1964;10; 0; 13; 0; 0; 0; 20; 223; 20; 0; 0; 0; 0; 0; 0; 0; 0; 0; 0; 3; 197; 0; 0; 0; 0; 0; 596; 0; 287; 54; 36; 0
1964;11; 10; 10; 704; 35; 0; 0; 0; 0; 0; 0; 0; 0; 0; 0; 125; 0; 0; 8; 3; 324; 0; 0; 0; 0; 0; 0; 0; 0; 245; 0; 9999
1964;12; 155; 55; 192; 0; 0; 0; 0; 0; 0; 0; 47; 234; 108; 0; 45; 5; 35; 0; 0; 0; 95; 115; 53; 378; 56; 7; 52; 56; 52; 0; 0
1965;01; 0; 0; 80; 170; 0; 0; 0; 172; 194; 0; 0; 142; 43; 6; 16; 202; 151; 252; 204; 10; 0; 0; 0; 0; 0; 0; 42; 554; 8; 18; 480
1965;02; 0; 0; 0; 310; 0; 150; 172; 0; 0; 0; 0; 0; 162; 160; 0; 0; 0; 0; 0; 200; 220; 120; 49; 0; 330; 120; 200; 550; 9999; 9999; 9999
1965;03; 60; 125; 0; 0; 0; 0; 0; 71; 0; 287; 0; 0; 0; 0; 209; 0; 309; 97; 0; 0; 23; 0; 190; 0; 308; 75; 0; 0; 0; 0; 0
1965;04; 0; 0; 0; 0; 0; 0; 105; 0; 253; 0; 0; 0; 0; 0; 0; 0; 100; 0; 0; 0; 0; 0; 0; 0; 0; 105; 0; 630; 40; 0; 9999
1965;05; 0; 0; 0; 0; 0; 0; 0; 48; 0; 172; 193; 586; 0; 571; 0; 0; 315; 204; 0; 0; 0; 0; 0; 0; 0; 0; 0; 0; 0; 0; 0
1965;06; 0; 0; 0; 0; 0; 0; 50; 0; 0; 105; 0; 0; 0; 0; 147; 81; 0; 0; 0; 0; 0; 0; 100; 0; 0; 0; 0; 0; 0; 0; 9999
1965;07; 14; 0; 0; 300; 314; 0; 0; 224; 0; 51; 0; 0; 0; 18; 0; 0; 0; 0; 0; 0; 0; 0; 0; 0; 0; 0; 0; 0; 0; 0; 0
1965;08; 30; 0; 0; 6; 0; 35; 0; 0; 0; 0; 0; 0; 0; 0; 140; 0; 0; 0; 0; 0; 0; 0; 0; 0; 0; 0; 0; 0; 0; 0; 0
1965;09; 0; 0; 0; 0; 0; 0; 0; 0; 0; 0; 241; 0; 23; 0; 0; 0; 0; 0; 0; 0; 0; 0; 0; 0; 0; 243; 260; 34; 0; 0; 9999
1965;10; 671; 0; 0; 0; 0; 0; 0; 0; 0; 62; 0; 0; 0; 0; 0; 0; 0; 74; 0; 0; 196; 0; 0; 27; 0; 0; 0; 0; 0; 0; 0
1965;11; 0; 0; 0; 0; 300; 441; 0; 0; 0; 0; 20; 0; 0; 402; 0; 0; 0; 0; 0; 0; 0; 0; 0; 0; 0; 65; 0; 0; 0; 0; 9999
1965;12; 100; 0; 124; 156; 0; 203; 77; 0; 407; 0; 210; 250; 0; 0; 127; 0; 0; 0; 0; 0; 67; 0; 0; 177; 0; 200; 133; 72; 10; 0; 0
1966;01; 620; 50; 50; 15; 15; 10; 10; 20; 10; 387; 0; 0; 0; 0; 0; 0; 0; 0; 111; 127; 0; 0; 0; 0; 35; 0; 0; 0; 0; 101; 75
1966;02; 0; 0; 105; 0; 95; 0; 100; 0; 75; 135; 0; 53; 707; 0; 0; 0; 0; 0; 0; 0; 80; 70; 120; 395; 0; 10; 0; 0; 9999; 9999; 9999
1966;03; 0; 0; 0; 0; 330; 0; 0; 0; 0; 0; 0; 0; 0; 0; 25; 0; 0; 0; 0; 0; 35; 0; 337; 0; 0; 0; 230; 0; 0; 0; 0
1966;04; 0; 350; 0; 0; 45; 0; 0; 0; 0; 0; 0; 0; 0; 0; 0; 0; 0; 0; 0; 0; 0; 0; 0; 0; 230; 0; 0; 0; 0; 0; 9999
1966;05; 0; 0; 0; 0; 230; 0; 0; 0; 0; 0; 0; 0; 0; 0; 0; 0; 0; 0; 0; 0; 0; 140; 0; 0; 0; 0; 0; 0; 0; 0; 0
1966;06; 0; 0; 0; 0; 0; 0; 0; 0; 0; 0; 0; 0; 0; 0; 0; 0; 0; 0; 0; 0; 0; 0; 48; 0; 0; 0; 0; 0; 0; 372; 9999
1966;07; 0; 34; 21; 0; 0; 0; 0; 0; 0; 0; 0; 0; 0; 0; 0; 0; 0; 0; 0; 0; 0; 71; 0; 0; 0; 0; 0; 0; 0; 30; 0
1966;08; 0; 0; 0; 0; 0; 0; 0; 0; 0; 0; 0; 0; 0; 0; 0; 0; 0; 0; 0; 0; 0; 0; 0; 0; 0; 0; 0; 0; 70; 305; 255
1966;09; 100; 160; 30; 0; 0; 0; 0; 0; 0; 0; 0; 0; 0; 0; 0; 20; 0; 0; 91; 0; 0; 0; 0; 0; 0; 0; 70; 0; 0; 0; 9999
1966;10; 0; 0; 0; 0; 0; 0; 0; 150; 0; 0; 0; 0; 0; 0; 0; 0; 0; 0; 0; 0; 0; 300; 0; 0; 0; 0; 620; 1001; 0; 800; 100
1966;11; 60; 0; 0; 0; 0; 0; 0; 100; 0; 0; 0; 0; 360; 0; 150; 0; 20; 0; 0; 0; 0; 0; 0; 0; 0; 0; 0; 0; 0; 20; 9999
1966;12; 0; 0; 0; 0; 0; 0; 0; 140; 0; 0; 0; 35; 0; 300; 0; 0; 450; 630; 0; 320; 20; 0; 0; 0; 0; 0; 0; 0; 0; 0; 0
1967;01; 0; 0; 65; 0; 165; 0; 0; 0; 100; 0; 45; 185; 0; 0; 135; 0; 0; 385; 50; 0; 800; 85; 0; 0; 0; 0; 0; 0; 0; 0; 0
1967;02; 140; 110; 10; 20; 0; 30; 0; 0; 380; 0; 0; 0; 50; 0; 0; 50; 50; 0; 0; 0; 30; 30; 0; 10; 40; 0; 0; 0; 9999; 9999; 9999
1967;03; 0; 0; 0; 0; 85; 62; 0; 0; 0; 330; 250; 250; 300; 380; 0; 0; 0; 0; 0; 0; 0; 0; 0; 0; 0; 0; 0; 260; 70; 0; 0
1967;04; 0; 0; 0; 0; 0; 0; 0; 0; 0; 0; 0; 0; 0; 0; 0; 0; 0; 0; 0; 0; 0; 0; 0; 0; 0; 0; 0; 0; 0; 0; 9999
1967;05; 0; 0; 0; 0; 0; 0; 0; 0; 0; 0; 0; 0; 0; 0; 0; 0; 0; 0; 0; 0; 0; 0; 0; 0; 0; 0; 0; 0; 0; 0; 0
1967;06; 0; 0; 0; 58; 302; 158; 17; 0; 0; 30; 150; 201; 265; 42; 0; 0; 0; 0; 0; 0; 0; 0; 0; 0; 0; 0; 0; 0; 0; 0; 9999
1967;07; 0; 0; 0; 0; 0; 0; 0; 0; 0; 0; 175; 0; 0; 130; 0; 0; 0; 0; 0; 0; 0; 0; 0; 0; 196; 0; 0; 0; 0; 0; 0
1967;08; 0; 0; 0; 0; 0; 0; 0; 0; 0; 0; 12; 0; 0; 0; 0; 0; 0; 0; 0; 0; 0; 0; 0; 0; 0; 0; 0; 0; 0; 0; 0
1967;09; 0; 0; 0; 0; 0; 0; 0; 120; 0; 100; 0; 160; 0; 0; 0; 0; 0; 0; 0; 0; 0; 0; 0; 0; 0; 0; 0; 0; 0; 0; 9999
1967;10; 300; 0; 0; 0; 0; 0; 0; 0; 0; 0; 0; 0; 0; 0; 0; 0; 0; 30; 100; 465; 155; 0; 0; 20; 165; 110; 0; 0; 0; 0; 0
1967;11; 0; 20; 0; 0; 0; 0; 0; 0; 0; 0; 35; 75; 0; 0; 650; 50; 0; 0; 0; 0; 0; 0; 165; 0; 0; 40; 55; 0; 0; 0; 9999
1967;12; 0; 60; 0; 0; 0; 0; 0; 40; 280; 40; 0; 0; 0; 50; 80; 60; 0; 150; 0; 370; 10; 160; 0; 0; 0; 0; 0; 0; 0; 50; 60
1968;01; 110; 100; 120; 0; 0; 0; 0; 0; 0; 0; 370; 130; 0; 0; 90; 950; 640; 90; 190; 80; 100; 440; 380; 60; 30; 0; 0; 0; 0; 0; 0
1968;02; 0; 0; 0; 0; 0; 0; 0; 0; 0; 0; 105; 0; 140; 90; 10; 0; 0; 0; 0; 0; 40; 0; 200; 0; 0; 0; 0; 0; 0; 9999; 9999
1968;03; 0; 0; 0; 25; 15; 210; 95; 20; 0; 0; 80; 55; 0; 0; 0; 0; 0; 0; 0; 0; 0; 0; 0; 0; 0; 0; 0; 0; 0; 0; 0
1968;04; 0; 0; 0; 0; 0; 0; 0; 0; 0; 0; 0; 0; 0; 0; 0; 0; 0; 30; 0; 0; 0; 0; 0; 0; 0; 0; 0; 20; 0; 0; 9999
1968;05; 0; 0; 0; 0; 0; 0; 0; 0; 0; 0; 0; 0; 0; 180; 150; 0; 0; 0; 0; 0; 0; 0; 0; 0; 0; 0; 0; 0; 0; 0; 0
1968;06; 0; 0; 0; 0; 0; 0; 120; 0; 0; 0; 0; 0; 0; 0; 0; 0; 0; 0; 0; 160; 0; 0; 0; 0; 0; 0; 0; 0; 0; 0; 9999
1968;07; 0; 0; 0; 0; 0; 0; 0; 0; 0; 0; 0; 0; 0; 0; 0; 0; 0; 0; 0; 0; 0; 0; 0; 0; 0; 0; 0; 0; 0; 0; 0
1968;08; 0; 0; 0; 0; 0; 0; 0; 740; 0; 0; 0; 0; 0; 0; 0; 0; 0; 0; 0; 0; 0; 0; 0; 0; 0; 0; 0; 0; 0; 201; 0
1968;09; 0; 0; 40; 0; 0; 0; 0; 0; 0; 0; 0; 0; 0; 0; 0; 0; 0; 0; 0; 315; 0; 0; 0; 0; 0; 0; 0; 0; 105; 0; 9999
1968;10; 0; 0; 0; 0; 0; 0; 0; 0; 0; 0; 0; 0; 0; 0; 0; 265; 0; 240; 0; 0; 0; 120; 280; 40; 0; 0; 210; 0; 0; 0; 0
1968;11; 0; 0; 0; 0; 0; 0; 0; 0; 0; 105; 0; 0; 0; 0; 0; 0; 0; 0; 0; 0; 0; 0; 0; 0; 0; 0; 0; 0; 430; 460; 9999
1968;12; 80; 30; 0; 0; 0; 0; 0; 0; 0; 0; 0; 0; 0; 0; 0; 120; 70; 0; 0; 0; 0; 30; 400; 150; 130; 110; 50; 0; 100; 0; 0
1969;01; 0; 0; 0; 0; 0; 0; 0; 0; 0; 100; 100; 0; 0; 0; 0; 0; 0; 0; 140; 0; 0; 390; 20; 0; 0; 0; 70; 0; 0; 0; 30
1969;02; 0; 0; 50; 0; 0; 0; 20; 0; 0; 0; 0; 0; 0; 0; 0; 130; 110; 30; 160; 0; 0; 0; 0; 0; 0; 0; 440; 0; 9999; 9999; 9999
1969;03; 270; 600; 0; 220; 80; 0; 0; 0; 0; 0; 0; 0; 0; 0; 0; 0; 0; 0; 0; 0; 90; 0; 0; 0; 0; 100; 490; 0; 0; 0; 0
1969;04; 150; 0; 150; 20; 30; 0; 0; 150; 0; 0; 0; 0; 0; 0; 0; 0; 0; 0; 0; 0; 0; 0; 0; 0; 0; 0; 0; 45; 0; 0; 9999
1969;05; 0; 0; 0; 0; 0; 0; 0; 0; 0; 0; 0; 0; 0; 0; 0; 0; 0; 0; 0; 0; 1; 0; 109; 2; 173; 57; 55; 41; 0; 86; 0
1969;06; 260; 0; 0; 0; 0; 0; 0; 0; 0; 0; 0; 0; 0; 42; 158; 0; 0; 0; 0; 107; 25; 0; 0; 0; 0; 0; 0; 0; 0; 30; 9999
1969;07; 0; 0; 0; 0; 0; 0; 8; 9; 0; 0; 0; 152; 0; 0; 0; 0; 0; 0; 0; 0; 0; 0; 0; 0; 0; 0; 0; 0; 0; 0; 0
1969;08; 0; 28; 0; 0; 0; 90; 0; 0; 0; 0; 0; 0; 0; 0; 0; 0; 0; 0; 0; 0; 0; 0; 0; 0; 0; 0; 0; 0; 0; 0; 0
1969;09; 0; 0; 0; 45; 0; 0; 0; 0; 0; 0; 0; 0; 0; 0; 0; 0; 0; 0; 105; 245; 0; 0; 0; 0; 0; 21; 24; 20; 0; 118; 9999
1969;10; 83; 35; 144; 282; 0; 235; 0; 0; 0; 0; 0; 0; 0; 0; 0; 0; 0; 0; 386; 0; 0; 111; 0; 0; 0; 0; 0; 0; 0; 188; 0
1969;11; 0; 71; 0; 0; 0; 0; 380; 0; 260; 0; 0; 0; 280; 0; 34; 130; 54; 0; 627; 0; 47; 0; 0; 0; 0; 0; 0; 0; 35; 103; 9999
1969;12; 0; 0; 0; 0; 0; 0; 0; 0; 0; 0; 0; 155; 0; 0; 0; 0; 0; 0; 0; 0; 0; 480; 111; 0; 0; 0; 0; 0; 0; 0; 146
1970;01; 134; 80; 0; 0; 0; 0; 0; 238; 137; 0; 0; 0; 0; 0; 820; 0; 0; 0; 0; 0; 0; 0; 0; 0; 0; 0; 0; 0; 0; 0; 0
1970;02; 165; 0; 0; 188; 0; 670; 0; 0; 82; 0; 0; 0; 0; 0; 0; 0; 0; 0; 693; 245; 0; 967; 0; 0; 0; 0; 0; 0; 9999; 9999; 9999
1970;03; 0; 0; 0; 86; 0; 0; 0; 0; 30; 100; 20; 110; 0; 0; 0; 0; 170; 0; 0; 0; 0; 0; 0; 0; 0; 0; 0; 0; 0; 0; 0
1970;04; 0; 30; 42; 0; 186; 0; 0; 0; 0; 0; 0; 0; 0; 0; 0; 0; 0; 0; 0; 0; 0; 0; 0; 0; 0; 0; 0; 0; 70; 0; 9999
1970;05; 0; 0; 0; 0; 0; 0; 314; 0; 0; 0; 0; 0; 0; 0; 0; 0; 0; 0; 0; 0; 0; 0; 0; 0; 0; 0; 0; 0; 0; 0; 0
1970;06; 0; 0; 0; 0; 0; 0; 0; 234; 0; 0; 0; 0; 0; 0; 90; 0; 0; 0; 155; 0; 0; 0; 0; 162; 0; 0; 0; 0; 0; 220; 9999
1970;07; 0; 40; 0; 0; 0; 0; 0; 0; 0; 0; 0; 0; 62; 0; 0; 0; 0; 0; 0; 0; 0; 0; 0; 0; 0; 0; 0; 0; 0; 0; 0
1970;08; 0; 0; 0; 0; 0; 0; 0; 0; 0; 0; 0; 0; 0; 0; 0; 0; 0; 0; 0; 0; 0; 0; 0; 0; 0; 320; 480; 265; 0; 0; 147
1970;09; 0; 0; 0; 0; 0; 0; 116; 0; 0; 0; 37; 0; 0; 0; 0; 0; 0; 0; 0; 0; 213; 340; 18; 0; 0; 0; 0; 0; 0; 0; 9999
1970;10; 0; 316; 170; 0; 0; 0; 0; 0; 0; 0; 0; 0; 320; 0; 0; 0; 0; 110; 0; 0; 0; 0; 0; 0; 0; 0; 0; 0; 0; 0; 0
1970;11; 0; 87; 0; 0; 0; 0; 20; 560; 0; 0; 0; 0; 0; 42; 0; 0; 0; 0; 0; 0; 0; 60; 0; 0; 0; 0; 0; 0; 95; 0; 9999
1970;12; 95; 0; 0; 0; 0; 0; 0; 0; 0; 1050; 45; 187; 68; 50; 0; 0; 0; 65; 0; 58; 263; 193; 115; 52; 143; 0; 0; 125; 428; 143; 113
1971;01; 0; 383; 88; 165; 223; 124; 40; 0; 0; 185; 0; 0; 0; 0; 0; 0; 0; 0; 0; 0; 0; 0; 0; 0; 0; 0; 0; 127; 229; 0; 0
1971;02; 57; 117; 0; 0; 0; 0; 0; 0; 0; 251; 322; 0; 37; 100; 0; 0; 0; 0; 0; 99; 139; 185; 0; 0; 137; 0; 0; 0; 9999; 9999; 9999
1971;03; 0; 0; 0; 85; 0; 70; 0; 0; 0; 0; 0; 490; 363; 40; 0; 13; 20; 190; 0; 0; 114; 12; 225; 88; 0; 70; 0; 0; 0; 0; 0
1971;04; 0; 0; 0; 0; 0; 0; 0; 0; 0; 0; 0; 0; 0; 0; 0; 0; 0; 0; 0; 0; 170; 96; 88; 0; 0; 0; 0; 0; 0; 0; 9999
1971;05; 0; 0; 260; 20; 147; 0; 30; 0; 0; 0; 0; 0; 0; 0; 0; 0; 0; 0; 0; 0; 0; 0; 0; 0; 0; 239; 0; 0; 0; 0; 0
1971;06; 0; 0; 0; 0; 0; 0; 0; 0; 64; 0; 0; 0; 0; 0; 66; 222; 0; 249; 568; 0; 196; 0; 0; 0; 0; 0; 0; 0; 0; 0; 9999
1971;07; 58; 0; 107; 0; 362; 0; 0; 0; 0; 0; 0; 0; 0; 0; 0; 0; 0; 0; 0; 0; 0; 0; 0; 0; 0; 0; 0; 0; 0; 181; 0
1971;08; 0; 0; 0; 0; 0; 0; 0; 13; 0; 35; 0; 0; 0; 0; 0; 0; 0; 0; 0; 0; 0; 0; 0; 0; 0; 0; 0; 0; 0; 0; 0
1971;09; 0; 0; 0; 0; 0; 0; 130; 0; 0; 0; 25; 140; 0; 0; 0; 0; 0; 0; 0; 0; 0; 0; 0; 80; 210; 75; 55; 0; 0; 0; 9999
1971;10; 590; 24; 0; 30; 0; 0; 0; 161; 0; 0; 71; 62; 0; 0; 0; 0; 0; 0; 0; 0; 0; 0; 0; 0; 11; 16; 0; 0; 0; 0; 0
1971;11; 0; 64; 0; 0; 0; 0; 0; 0; 0; 193; 0; 0; 0; 295; 0; 0; 0; 30; 57; 0; 0; 0; 0; 0; 0; 13; 24; 0; 0; 0; 9999
1971;12; 117; 0; 103; 495; 0; 0; 0; 222; 0; 0; 0; 0; 0; 558; 259; 0; 0; 0; 0; 0; 0; 0; 187; 0; 0; 0; 0; 105; 0; 0; 192
1972;01; 0; 0; 203; 0; 0; 63; 192; 136; 0; 232; 0; 0; 0; 153; 56; 0; 0; 0; 58; 124; 223; 850; 963; 52; 0; 359; 0; 75; 183; 183; 52
1972;02; 213; 16; 24; 0; 0; 0; 0; 53; 0; 0; 105; 317; 241; 133; 82; 25; 58; 0; 15; 442; 151; 0; 173; 0; 0; 485; 0; 53; 0; 9999; 9999
1972;03; 0; 0; 0; 0; 0; 292; 0; 0; 0; 32; 0; 0; 0; 0; 0; 0; 0; 67; 0; 0; 0; 0; 0; 0; 0; 0; 0; 0; 0; 0; 0
1972;04; 283; 0; 291; 193; 0; 0; 0; 0; 0; 0; 0; 0; 0; 0; 53; 0; 0; 0; 0; 0; 0; 0; 0; 0; 0; 0; 0; 0; 0; 0; 9999
1972;05; 0; 0; 0; 0; 0; 0; 0; 243; 0; 0; 0; 0; 0; 0; 0; 0; 0; 0; 0; 0; 0; 0; 213; 123; 0; 0; 0; 0; 0; 0; 0
1972;06; 0; 0; 0; 0; 0; 0; 0; 0; 0; 0; 0; 0; 0; 0; 0; 0; 0; 24; 93; 0; 0; 0; 0; 0; 0; 0; 0; 0; 0; 0; 9999
1972;07; 0; 0; 0; 0; 0; 0; 0; 631; 5; 0; 0; 135; 582; 0; 144; 75; 0; 0; 0; 0; 0; 0; 25; 0; 0; 119; 126; 0; 0; 0; 0
1972;08; 0; 0; 0; 337; 7; 61; 32; 0; 0; 0; 0; 0; 89; 0; 0; 0; 0; 0; 0; 0; 0; 0; 61; 0; 17; 9; 23; 29; 53; 184; 0
1972;09; 0; 0; 0; 0; 0; 0; 0; 0; 0; 0; 154; 0; 0; 77; 0; 0; 0; 0; 0; 0; 0; 0; 249; 0; 54; 106; 112; 187; 423; 15; 9999
1972;10; 0; 108; 869; 534; 163; 0; 6; 0; 0; 152; 594; 0; 0; 0; 167; 0; 0; 0; 0; 0; 0; 0; 0; 0; 0; 0; 0; 245; 153; 0; 71
1972;11; 0; 203; 0; 0; 0; 0; 0; 171; 0; 34; 0; 20; 0; 236; 0; 341; 15; 0; 0; 277; 0; 0; 0; 0; 135; 9; 0; 0; 0; 0; 9999
1972;12; 124; 551; 167; 0; 0; 0; 0; 0; 0; 0; 0; 115; 0; 0; 0; 0; 0; 0; 0; 0; 0; 0; 287; 53; 0; 0; 0; 0; 0; 339; 0
1973;01; 0; 0; 0; 0; 109; 0; 0; 115; 19; 25; 0; 0; 0; 293; 0; 15; 0; 0; 0; 122; 62; 165; 502; 86; 207; 39; 0; 0; 0; 0; 0
1973;02; 0; 0; 0; 0; 106; 0; 0; 0; 0; 0; 161; 83; 32; 396; 111; 62; 133; 112; 131; 0; 0; 0; 0; 94; 367; 93; 0; 0; 9999; 9999; 9999
1973;03; 0; 0; 0; 0; 21; 0; 0; 0; 471; 0; 0; 0; 0; 0; 0; 0; 0; 0; 0; 116; 0; 0; 0; 145; 0; 0; 0; 0; 0; 0; 0
1973;04; 0; 32; 0; 0; 0; 0; 0; 0; 0; 0; 0; 0; 0; 0; 0; 0; 0; 213; 0; 0; 0; 0; 0; 0; 0; 0; 0; 0; 0; 0; 9999
1973;05; 0; 0; 325; 54; 105; 13; 0; 0; 0; 198; 1; 1; 0; 0; 0; 0; 0; 0; 0; 0; 0; 382; 0; 0; 0; 0; 0; 0; 0; 0; 0
1973;06; 0; 0; 0; 0; 0; 0; 0; 0; 0; 115; 0; 0; 0; 0; 0; 0; 0; 162; 0; 0; 0; 0; 0; 0; 209; 5; 161; 9; 0; 0; 9999
1973;07; 0; 353; 378; 0; 0; 0; 0; 0; 0; 0; 0; 0; 0; 0; 0; 0; 0; 0; 0; 41; 0; 118; 0; 0; 0; 0; 0; 86; 0; 0; 0
1973;08; 0; 0; 0; 0; 135; 0; 3; 0; 0; 0; 0; 0; 0; 0; 0; 0; 0; 0; 0; 0; 0; 0; 0; 0; 0; 53; 515; 238; 12; 0; 0
1973;09; 25; 176; 14; 0; 0; 32; 6; 0; 0; 41; 0; 0; 25; 0; 0; 0; 0; 0; 0; 0; 0; 0; 0; 0; 0; 0; 39; 0; 0; 0; 9999
1973;10; 0; 0; 0; 0; 0; 0; 205; 0; 106; 52; 419; 242; 0; 0; 0; 0; 0; 33; 174; 0; 0; 0; 3; 6; 0; 0; 32; 0; 0; 0; 823
1973;11; 341; 44; 0; 0; 0; 0; 0; 0; 0; 0; 0; 25; 59; 0; 0; 0; 45; 396; 23; 0; 0; 0; 0; 0; 57; 0; 0; 21; 0; 0; 9999
1973;12; 29; 0; 89; 487; 336; 95; 119; 313; 6; 0; 0; 0; 0; 0; 0; 185; 23; 21; 9; 115; 15; 0; 0; 241; 19; 12; 242; 406; 329; 331; 304
1974;01; 55; 0; 0; 0; 5; 6; 0; 63; 42; 85; 106; 131; 0; 399; 438; 39; 185; 104; 122; 115; 8; 0; 201; 0; 64; 0; 246; 0; 0; 0; 348
1974;02; 14; 0; 73; 5; 0; 0; 0; 0; 14; 0; 0; 51; 0; 0; 0; 0; 0; 151; 0; 0; 94; 178; 0; 294; 0; 0; 0; 0; 9999; 9999; 9999
1974;03; 0; 0; 0; 0; 0; 0; 166; 0; 22; 42; 384; 27; 107; 78; 0; 21; 471; 333; 192; 96; 0; 0; 0; 16; 3; 9; 0; 0; 0; 0; 0
1974;04; 0; 29; 0; 86; 56; 6; 0; 0; 0; 0; 91; 0; 0; 0; 0; 0; 0; 0; 0; 0; 0; 0; 0; 0; 52; 32; 0; 0; 0; 0; 9999
1974;05; 0; 0; 0; 0; 0; 0; 0; 0; 0; 0; 0; 0; 66; 0; 0; 0; 0; 0; 698; 68; 0; 0; 0; 0; 0; 0; 241; 0; 0; 0; 0
1974;06; 0; 112; 214; 0; 5; 0; 0; 18; 0; 22; 0; 318; 16; 0; 0; 0; 0; 117; 6; 0; 0; 102; 0; 0; 265; 391; 63; 0; 0; 0; 9999
1974;07; 0; 0; 0; 0; 0; 0; 0; 0; 0; 0; 0; 0; 0; 0; 0; 0; 0; 0; 0; 20; 0; 0; 0; 0; 0; 0; 0; 0; 0; 0; 0
1974;08; 0; 0; 0; 0; 0; 0; 0; 0; 4; 0; 0; 0; 33; 0; 68; 0; 0; 4; 0; 0; 0; 0; 0; 0; 0; 0; 11; 9; 18; 86; 0
1974;09; 39; 0; 0; 0; 0; 0; 0; 0; 0; 0; 0; 0; 0; 0; 0; 0; 0; 0; 0; 6; 0; 0; 0; 0; 0; 0; 206; 0; 126; 0; 9999
1974;10; 0; 181; 0; 169; 132; 0; 0; 0; 0; 0; 0; 0; 0; 0; 0; 0; 11; 0; 10; 0; 0; 0; 0; 6; 529; 66; 0; 3; 283; 411; 0
1974;11; 0; 0; 0; 0; 0; 192; 0; 0; 0; 0; 0; 224; 0; 0; 0; 0; 0; 0; 0; 0; 223; 0; 0; 0; 0; 0; 0; 368; 0; 21; 9999
1974;12; 146; 244; 261; 102; 0; 0; 0; 0; 0; 0; 0; 0; 548; 52; 206; 0; 121; 411; 36; 0; 117; 491; 217; 23; 0; 0; 0; 393; 0; 244; 406
1975;01; 215; 0; 0; 0; 0; 0; 0; 0; 0; 0; 129; 132; 0; 12; 0; 78; 102; 0; 113; 0; 0; 0; 0; 0; 0; 48; 12; 0; 0; 0; 0
1975;02; 0; 0; 426; 108; 525; 0; 78; 80; 0; 470; 0; 0; 0; 14; 0; 0; 0; 0; 12; 36; 560; 35; 52; 0; 90; 0; 12; 316; 9999; 9999; 9999
1975;03; 0; 28; 234; 0; 0; 0; 0; 0; 68; 0; 0; 0; 0; 6; 0; 0; 0; 0; 0; 0; 0; 0; 0; 0; 140; 0; 0; 0; 0; 86; 0
1975;04; 0; 0; 0; 0; 0; 0; 0; 0; 0; 48; 46; 12; 0; 0; 350; 0; 0; 0; 0; 0; 0; 0; 0; 0; 0; 0; 0; 0; 0; 0; 9999
1975;05; 280; 0; 0; 0; 0; 180; 0; 0; 0; 0; 0; 0; 0; 0; 0; 0; 0; 0; 0; 0; 0; 0; 0; 0; 0; 0; 0; 0; 0; 0; 0
1975;06; 0; 34; 118; 52; 6; 3; 0; 0; 0; 0; 0; 0; 0; 0; 0; 0; 0; 0; 0; 0; 0; 63; 68; 0; 0; 0; 0; 0; 0; 0; 9999
1975;07; 0; 26; 0; 332; 0; 152; 2; 0; 0; 0; 0; 0; 0; 1; 0; 0; 356; 36; 0; 1; 0; 2; 0; 1; 0; 0; 0; 0; 0; 0; 1
1975;08; 0; 0; 0; 0; 0; 13; 133; 0; 0; 0; 0; 0; 0; 0; 1; 0; 0; 0; 0; 0; 0; 0; 0; 0; 0; 0; 0; 0; 0; 0; 0
1975;09; 0; 0; 0; 0; 0; 0; 0; 0; 0; 0; 0; 0; 0; 0; 0; 0; 0; 0; 0; 0; 0; 24; 5; 186; 0; 0; 190; 40; 0; 306; 9999
1975;10; 27; 5; 95; 720; 230; 33; 0; 130; 30; 0; 39; 43; 0; 4; 0; 0; 71; 273; 98; 0; 0; 0; 0; 0; 0; 0; 0; 0; 0; 0; 0
1975;11; 277; 20; 0; 0; 0; 138; 173; 0; 0; 256; 0; 20; 0; 0; 10; 0; 0; 22; 0; 0; 165; 0; 0; 322; 493; 672; 0; 0; 273; 833; 9999
1975;12; 458; 156; 35; 137; 0; 0; 52; 0; 0; 12; 53; 0; 57; 256; 0; 0; 0; 0; 0; 48; 0; 0; 123; 216; 223; 0; 0; 0; 2; 0; 0
1976;01; 143; 0; 154; 0; 181; 0; 23; 343; 177; 83; 47; 36; 89; 0; 0; 226; 0; 0; 0; 0; 1; 5; 0; 0; 2; 7; 74; 382; 0; 0; 309
1976;02; 101; 89; 152; 37; 2; 97; 273; 14; 23; 0; 0; 0; 0; 0; 0; 221; 23; 184; 75; 182; 125; 128; 0; 11; 13; 0; 10; 113; 4; 9999; 9999
1976;03; 0; 151; 0; 108; 0; 0; 14; 0; 0; 8; 7; 0; 0; 0; 0; 0; 293; 347; 129; 274; 233; 51; 0; 0; 0; 25; 58; 0; 0; 0; 0
1976;04; 0; 0; 0; 0; 0; 0; 30; 0; 0; 201; 232; 34; 9; 3; 162; 0; 0; 0; 0; 0; 0; 0; 63; 0; 0; 0; 0; 0; 0; 0; 9999
1976;05; 0; 0; 0; 0; 0; 0; 0; 0; 31; 242; 4; 13; 4; 0; 0; 0; 12; 35; 54; 42; 125; 0; 0; 0; 0; 0; 0; 374; 817; 0; 7
1976;06; 0; 4; 0; 0; 26; 913; 4; 3; 0; 0; 0; 0; 17; 26; 4; 0; 3; 2; 0; 0; 0; 0; 0; 3; 0; 0; 0; 2; 1; 0; 9999
1976;07; 18; 19; 471; 3; 3; 2; 37; 173; 228; 523; 0; 0; 3; 0; 62; 5; 1; 0; 0; 1; 2; 0; 0; 0; 0; 0; 0; 0; 0; 0; 0
1976;08; 0; 0; 0; 0; 7; 191; 2; 0; 0; 169; 0; 121; 488; 443; 0; 0; 2; 0; 399; 5; 0; 0; 2; 0; 0; 1; 0; 0; 0; 0; 0
1976;09; 0; 0; 0; 0; 75; 92; 162; 574; 4; 0; 0; 0; 173; 0; 12; 275; 3; 1; 0; 0; 0; 0; 91; 0; 0; 0; 293; 32; 0; 0; 9999
1976;10; 0; 0; 0; 0; 203; 24; 0; 0; 283; 26; 0; 0; 0; 0; 0; 0; 0; 7; 448; 0; 0; 0; 0; 0; 243; 24; 6; 0; 0; 0; 0
1976;11; 393; 0; 0; 194; 0; 198; 0; 0; 0; 0; 0; 0; 0; 173; 0; 0; 114; 0; 0; 28; 323; 0; 0; 0; 0; 0; 68; 0; 0; 0; 9999
1976;12; 76; 601; 0; 0; 0; 0; 0; 119; 212; 0; 0; 0; 0; 0; 0; 188; 132; 0; 0; 0; 342; 0; 593; 0; 78; 76; 171; 92; 0; 0; 0
1977;01; 0; 0; 0; 21; 342; 221; 453; 68; 266; 0; 73; 0; 0; 114; 0; 18; 383; 92; 168; 79; 0; 0; 0; 0; 0; 0; 21; 193; 148; 232; 0
1977;02; 125; 472; 31; 0; 23; 101; 399; 432; 0; 0; 0; 0; 0; 0; 0; 0; 0; 0; 0; 0; 0; 0; 4; 0; 0; 0; 0; 3; 9999; 9999; 9999
1977;03; 0; 120; 0; 208; 42; 0; 0; 0; 0; 0; 0; 0; 0; 0; 0; 0; 0; 0; 0; 0; 63; 54; 112; 0; 58; 0; 76; 12; 251; 537; 108
1977;04; 371; 0; 11; 5; 0; 0; 0; 0; 483; 89; 24; 0; 0; 0; 0; 0; 0; 0; 21; 18; 0; 0; 0; 0; 0; 0; 0; 0; 0; 0; 9999
1977;05; 18; 0; 0; 0; 0; 0; 0; 0; 0; 0; 0; 0; 0; 0; 0; 0; 4; 0; 0; 0; 0; 0; 0; 0; 0; 0; 0; 0; 0; 2; 0
1977;06; 0; 48; 0; 0; 0; 9; 0; 0; 2; 0; 0; 0; 0; 0; 90; 96; 5; 0; 0; 0; 169; 146; 19; 0; 39; 0; 1; 0; 0; 0; 9999
1977;07; 0; 0; 0; 0; 0; 0; 0; 0; 0; 0; 0; 0; 0; 0; 0; 30; 0; 27; 8; 0; 0; 3; 72; 0; 191; 0; 2; 0; 0; 0; 0
1977;08; 0; 0; 0; 0; 0; 0; 0; 0; 0; 0; 0; 0; 0; 0; 0; 0; 0; 0; 0; 0; 0; 0; 0; 0; 9; 0; 0; 0; 0; 46; 49
1977;09; 0; 8; 0; 0; 0; 0; 56; 53; 0; 0; 0; 0; 0; 0; 0; 0; 14; 94; 46; 0; 69; 0; 0; 0; 0; 0; 0; 0; 0; 0; 9999
1977;10; 0; 182; 0; 0; 0; 0; 0; 0; 0; 0; 0; 0; 7; 0; 0; 213; 391; 0; 0; 0; 0; 0; 0; 0; 0; 0; 0; 136; 0; 0; 0
1977;11; 0; 925; 0; 131; 0; 0; 79; 0; 0; 0; 287; 106; 0; 0; 168; 23; 32; 0; 0; 134; 0; 0; 0; 12; 49; 0; 0; 32; 0; 0; 9999
1977;12; 18; 265; 163; 291; 233; 321; 18; 14; 56; 33; 20; 0; 0; 0; 0; 0; 0; 0; 0; 91; 232; 393; 68; 0; 0; 0; 0; 0; 0; 0; 0
1978;01; 0; 54; 0; 0; 0; 34; 93; 0; 85; 12; 0; 0; 0; 0; 0; 0; 0; 61; 0; 0; 0; 0; 0; 0; 0; 0; 258; 0; 0; 0; 0
1978;02; 0; 0; 0; 0; 65; 0; 12; 0; 0; 0; 19; 67; 0; 0; 0; 0; 0; 0; 0; 0; 186; 261; 48; 0; 0; 0; 0; 41; 9999; 9999; 9999
1978;03; 0; 21; 765; 152; 0; 0; 0; 0; 38; 88; 321; 23; 5; 0; 0; 0; 0; 0; 0; 0; 0; 0; 0; 78; 0; 0; 0; 228; 316; 0; 0
1978;04; 0; 0; 0; 0; 0; 0; 0; 0; 0; 0; 0; 0; 0; 0; 0; 0; 0; 0; 0; 0; 0; 0; 0; 0; 0; 0; 0; 0; 0; 0; 9999
1978;05; 0; 0; 0; 0; 0; 0; 0; 0; 0; 0; 0; 0; 0; 0; 38; 0; 639; 58; 4; 0; 548; 8; 4; 0; 0; 3; 0; 0; 0; 21; 0
1978;06; 0; 0; 0; 0; 0; 0; 0; 18; 364; 0; 0; 3; 0; 0; 0; 0; 0; 0; 0; 0; 0; 0; 0; 0; 0; 0; 4; 0; 0; 0; 9999
1978;07; 0; 0; 0; 0; 0; 0; 0; 0; 0; 0; 0; 0; 0; 0; 0; 549; 4; 126; 3; 219; 321; 113; 114; 41; 0; 0; 0; 0; 0; 0; 0
1978;08; 0; 0; 0; 0; 0; 0; 0; 0; 0; 0; 0; 0; 0; 12; 0; 0; 0; 0; 0; 0; 19; 0; 0; 0; 0; 0; 0; 0; 0; 0; 0
1978;09; 0; 0; 0; 0; 135; 36; 0; 188; 6; 0; 0; 0; 0; 141; 0; 0; 246; 0; 0; 0; 0; 0; 0; 0; 0; 0; 0; 0; 0; 0; 9999
1978;10; 0; 0; 0; 0; 0; 0; 0; 0; 0; 0; 46; 0; 62; 0; 0; 0; 11; 0; 672; 0; 0; 0; 0; 0; 0; 0; 0; 19; 117; 346; 0
1978;11; 0; 0; 0; 395; 163; 13; 0; 0; 0; 0; 178; 189; 0; 0; 0; 0; 43; 0; 0; 34; 32; 65; 5; 0; 0; 0; 0; 418; 0; 0; 9999
1978;12; 0; 0; 0; 0; 0; 0; 79; 171; 0; 0; 0; 0; 0; 0; 307; 69; 182; 0; 0; 0; 0; 0; 53; 174; 0; 712; 439; 0; 0; 0; 0
1979;01; 227; 0; 363; 284; 0; 0; 0; 0; 0; 0; 0; 152; 0; 0; 0; 0; 0; 0; 0; 0; 0; 0; 0; 0; 0; 8; 0; 100; 26; 12; 0
1979;02; 0; 0; 0; 0; 0; 0; 0; 0; 0; 0; 371; 13; 236; 288; 0; 0; 0; 0; 0; 0; 0; 45; 5; 0; 0; 0; 26; 51; 9999; 9999; 9999
1979;03; 0; 0; 0; 0; 0; 0; 0; 0; 39; 0; 0; 65; 407; 6; 0; 0; 0; 0; 0; 0; 0; 0; 0; 2; 159; 0; 0; 0; 0; 0; 0
1979;04; 0; 46; 0; 37; 184; 26; 0; 0; 0; 0; 0; 0; 0; 0; 0; 0; 0; 0; 0; 0; 0; 0; 0; 0; 0; 0; 0; 0; 0; 211; 9999
1979;05; 3; 0; 0; 569; 52; 0; 99; 42; 56; 81; 0; 0; 0; 0; 178; 0; 4; 0; 0; 0; 0; 0; 5; 0; 0; 0; 0; 0; 0; 193; 0
1979;06; 0; 0; 0; 0; 0; 0; 0; 0; 0; 0; 0; 0; 0; 0; 0; 0; 0; 0; 0; 0; 0; 0; 0; 0; 0; 0; 0; 0; 0; 0; 9999
1979;07; 0; 0; 113; 0; 2; 0; 0; 0; 0; 202; 0; 0; 0; 0; 0; 47; 0; 0; 0; 126; 0; 0; 0; 0; 7; 338; 20; 0; 0; 0; 0
1979;08; 0; 0; 0; 0; 0; 13; 0; 0; 0; 0; 0; 0; 66; 0; 12; 0; 0; 217; 196; 0; 0; 0; 0; 0; 0; 23; 105; 0; 0; 0; 0
1979;09; 0; 61; 34; 79; 0; 0; 0; 0; 0; 21; 89; 26; 0; 339; 4; 76; 0; 62; 15; 0; 0; 0; 345; 5; 0; 0; 0; 0; 0; 35; 9999
1979;10; 46; 1; 0; 0; 0; 0; 169; 171; 165; 0; 0; 0; 0; 169; 0; 0; 0; 0; 0; 0; 0; 0; 0; 0; 0; 246; 6; 0; 19; 361; 254
1979;11; 0; 0; 0; 0; 0; 0; 0; 453; 35; 166; 36; 0; 0; 0; 61; 16; 0; 0; 43; 0; 0; 0; 556; 2; 174; 55; 0; 0; 0; 0; 9999
1979;12; 49; 11; 31; 0; 64; 0; 0; 6; 0; 52; 346; 57; 24; 339; 284; 649; 12; 0; 0; 0; 0; 0; 0; 0; 0; 0; 0; 0; 0; 0; 42
1980;01; 49; 0; 0; 0; 0; 4; 181; 22; 141; 196; 1; 0; 0; 0; 0; 0; 0; 0; 148; 0; 76; 0; 8; 16; 271; 526; 0; 0; 0; 0; 0
1980;02; 196; 43; 0; 0; 0; 0; 0; 104; 0; 271; 76; 48; 471; 14; 2; 25; 18; 31; 63; 0; 0; 0; 0; 4; 0; 74; 479; 401; 322; 9999; 9999
1980;03; 181; 0; 0; 5; 0; 9; 0; 0; 0; 0; 0; 0; 60; 337; 9999; 391; 0; 0; 0; 0; 0; 0; 0; 0; 0; 0; 0; 0; 0; 96; 0
1980;04; 0; 0; 12; 233; 67; 98; 0; 0; 0; 29; 0; 0; 0; 338; 108; 0; 0; 0; 0; 0; 0; 0; 0; 0; 0; 0; 0; 0; 0; 0; 9999
1980;05; 0; 21; 0; 0; 0; 0; 0; 0; 0; 25; 108; 0; 0; 0; 0; 0; 0; 0; 0; 23; 0; 131; 0; 0; 0; 0; 0; 0; 0; 0; 0
1980;06; 0; 0; 28; 0; 0; 0; 0; 0; 0; 0; 0; 0; 0; 0; 0; 0; 0; 0; 0; 0; 0; 31; 0; 0; 201; 166; 119; 0; 0; 0; 9999
1980;07; 0; 117; 13; 9; 0; 0; 0; 0; 0; 0; 0; 0; 0; 0; 0; 0; 0; 0; 0; 0; 0; 0; 0; 0; 0; 0; 0; 0; 0; 0; 142
1980;08; 0; 0; 0; 0; 0; 104; 0; 0; 71; 0; 29; 0; 0; 0; 4; 0; 0; 0; 0; 38; 0; 0; 36; 6; 0; 0; 0; 0; 0; 0; 0
1980;09; 0; 0; 0; 0; 0; 0; 0; 0; 131; 13; 0; 0; 0; 26; 149; 85; 0; 61; 4; 194; 46; 52; 0; 0; 0; 0; 0; 31; 0; 0; 9999
1980;10; 0; 0; 0; 0; 0; 0; 0; 67; 166; 0; 119; 343; 0; 0; 0; 0; 0; 0; 0; 6; 0; 4; 69; 0; 0; 0; 24; 13; 0; 0; 0
1980;11; 0; 0; 0; 0; 0; 0; 94; 27; 148; 17; 0; 12; 0; 0; 0; 0; 0; 0; 0; 16; 0; 0; 179; 0; 16; 0; 0; 0; 158; 68; 9999
1980;12; 103; 182; 319; 89; 0; 196; 0; 0; 0; 0; 0; 671; 136; 121; 0; 0; 0; 0; 0; 35; 0; 208; 242; 23; 193; 15; 271; 24; 295; 83; 121
1981;01; 0; 0; 0; 0; 22; 63; 62; 62; 0; 19; 31; 17; 5; 22; 43; 0; 0; 6; 0; 14; 711; 72; 31; 0; 0; 6; 0; 0; 0; 0; 0
1981;02; 0; 0; 187; 0; 0; 0; 0; 0; 0; 0; 0; 0; 0; 8; 0; 0; 0; 0; 0; 0; 25; 168; 0; 0; 0; 0; 0; 0; 9999; 9999; 9999
1981;03; 0; 0; 0; 258; 0; 0; 54; 113; 121; 0; 0; 0; 0; 0; 0; 0; 145; 43; 0; 0; 0; 0; 0; 0; 0; 0; 0; 5; 91; 0; 0
1981;04; 0; 0; 0; 0; 0; 0; 0; 0; 0; 0; 0; 0; 0; 0; 0; 219; 0; 0; 0; 0; 0; 0; 0; 134; 0; 24; 0; 675; 0; 0; 9999
1981;05; 0; 0; 0; 0; 0; 0; 0; 0; 0; 0; 0; 0; 0; 0; 0; 0; 0; 0; 0; 43; 0; 0; 0; 0; 0; 0; 0; 0; 0; 0; 0
1981;06; 0; 0; 32; 13; 0; 41; 175; 15; 0; 0; 0; 0; 113; 27; 0; 378; 162; 1; 0; 5; 0; 0; 0; 0; 0; 0; 0; 0; 0; 0; 9999
1981;07; 0; 53; 0; 0; 0; 0; 0; 0; 0; 0; 0; 0; 0; 0; 0; 0; 0; 0; 51; 25; 0; 0; 0; 24; 38; 0; 0; 0; 0; 0; 0
1981;08; 0; 0; 0; 0; 0; 0; 0; 0; 25; 0; 24; 7; 0; 0; 0; 0; 0; 16; 0; 0; 0; 0; 0; 0; 0; 0; 0; 0; 0; 0; 0
1981;09; 0; 0; 0; 0; 0; 0; 0; 0; 0; 0; 0; 0; 0; 0; 0; 0; 0; 0; 0; 0; 0; 0; 0; 0; 27; 0; 0; 0; 0; 4; 9999
1981;10; 0; 0; 0; 0; 221; 327; 116; 0; 0; 0; 135; 0; 31; 0; 0; 141; 0; 0; 51; 190; 0; 0; 0; 0; 0; 0; 346; 41; 0; 0; 0
1981;11; 0; 0; 0; 137; 0; 0; 0; 0; 158; 197; 0; 0; 0; 0; 0; 161; 0; 0; 351; 63; 0; 0; 0; 0; 0; 0; 0; 0; 0; 0; 9999
1981;12; 131; 89; 0; 0; 0; 521; 251; 0; 148; 34; 0; 0; 0; 0; 579; 36; 0; 0; 0; 0; 77; 0; 15; 173; 85; 0; 0; 62; 0; 0; 0
1982;01; 0; 125; 0; 0; 0; 0; 0; 148; 0; 19; 519; 207; 0; 0; 0; 0; 0; 0; 0; 0; 0; 0; 662; 0; 0; 0; 0; 90; 0; 198; 0
1982;02; 235; 146; 17; 19; 157; 282; 55; 0; 583; 289; 8; 0; 0; 0; 0; 0; 51; 9; 0; 44; 62; 5; 36; 11; 177; 2; 69; 0; 9999; 9999; 9999
1982;03; 0; 23; 0; 0; 0; 0; 0; 0; 0; 0; 20; 131; 4; 0; 152; 200; 15; 218; 38; 0; 0; 456; 8; 0; 0; 0; 0; 0; 178; 0; 0
1982;04; 0; 0; 0; 0; 0; 0; 0; 0; 0; 0; 0; 0; 263; 42; 0; 0; 0; 0; 0; 0; 0; 0; 0; 0; 0; 0; 0; 0; 0; 0; 9999
1982;05; 0; 0; 0; 0; 0; 0; 0; 0; 0; 0; 0; 0; 0; 0; 0; 0; 0; 0; 59; 63; 0; 0; 78; 54; 395; 31; 15; 0; 0; 0; 0
1982;06; 0; 0; 4; 0; 4; 0; 0; 1; 0; 0; 173; 362; 108; 15; 0; 97; 0; 0; 0; 107; 3; 388; 147; 17; 142; 249; 61; 0; 171; 0; 9999
1982;07; 245; 0; 0; 0; 0; 0; 0; 0; 0; 0; 0; 0; 161; 19; 0; 0; 11; 387; 39; 0; 1; 0; 0; 0; 0; 0; 0; 0; 0; 24; 0
1982;08; 0; 0; 0; 133; 13; 0; 0; 0; 0; 2; 23; 0; 0; 0; 0; 0; 0; 0; 106; 0; 0; 0; 2; 0; 0; 0; 0; 0; 0; 0; 0
1982;09; 0; 0; 0; 0; 0; 0; 0; 0; 0; 0; 0; 0; 0; 0; 0; 0; 0; 0; 4; 0; 0; 0; 0; 0; 0; 0; 2; 283; 0; 0; 9999
1982;10; 0; 419; 19; 0; 12; 0; 0; 303; 0; 0; 57; 0; 524; 0; 0; 0; 0; 291; 0; 0; 525; 91; 0; 35; 0; 0; 0; 0; 0; 0; 6
1982;11; 0; 0; 0; 6; 41; 171; 0; 0; 0; 0; 355; 532; 0; 69; 0; 35; 0; 0; 0; 42; 90; 31; 157; 141; 0; 24; 127; 157; 204; 0; 9999
1982;12; 61; 0; 213; 0; 0; 0; 298; 3; 0; 0; 0; 377; 133; 237; 271; 471; 57; 169; 28; 11; 243; 0; 187; 60; 0; 0; 0; 14; 56; 245; 0
1983;01; 25; 0; 0; 0; 61; 2; 70; 105; 21; 0; 41; 25; 41; 431; 74; 236; 2; 270; 45; 0; 17; 0; 0; 0; 0; 0; 0; 6; 0; 0; 33
1983;02; 127; 7; 0; 10; 0; 0; 0; 239; 107; 137; 75; 0; 56; 23; 53; 18; 0; 91; 2; 5; 0; 0; 0; 2; 0; 3; 41; 75; 9999; 9999; 9999
1983;03; 17; 51; 12; 835; 89; 559; 17; 19; 0; 0; 0; 0; 309; 0; 0; 0; 0; 0; 35; 0; 0; 0; 0; 0; 0; 0; 74; 17; 0; 0; 0
1983;04; 0; 0; 0; 0; 0; 0; 531; 3; 0; 0; 0; 149; 0; 0; 49; 0; 0; 0; 0; 19; 0; 168; 0; 0; 148; 297; 22; 0; 4; 0; 9999
1983;05; 0; 0; 0; 0; 0; 0; 0; 193; 0; 0; 77; 71; 99; 16; 0; 0; 82; 42; 0; 313; 5; 0; 8; 275; 2; 0; 0; 68; 298; 454; 481
1983;06; 2; 35; 14; 111; 215; 612; 667; 0; 35; 36; 227; 21; 2; 0; 1; 0; 0; 2; 0; 0; 0; 0; 0; 0; 64; 91; 2; 0; 74; 0; 9999
1983;07; 0; 0; 0; 0; 17; 0; 0; 0; 0; 0; 0; 0; 0; 0; 0; 0; 59; 6; 0; 1; 0; 2; 0; 0; 0; 0; 0; 0; 0; 0; 0
1983;08; 0; 0; 0; 0; 0; 0; 0; 0; 0; 0; 0; 0; 0; 0; 0; 0; 0; 0; 0; 0; 0; 0; 0; 0; 0; 0; 0; 0; 0; 0; 0
1983;09; 0; 20; 0; 0; 128; 214; 268; 127; 11; 0; 0; 0; 34; 0; 184; 116; 633; 276; 0; 0; 0; 41; 0; 21; 99; 0; 0; 0; 0; 0; 9999
1983;10; 121; 0; 0; 0; 0; 0; 0; 0; 0; 56; 0; 0; 221; 0; 0; 0; 0; 228; 0; 0; 0; 300; 149; 43; 0; 0; 0; 0; 0; 0; 0
1983;11; 153; 0; 6; 63; 0; 0; 0; 0; 0; 0; 68; 0; 187; 0; 0; 0; 0; 0; 0; 115; 0; 473; 0; 0; 0; 0; 0; 0; 0; 0; 9999
1983;12; 34; 0; 0; 0; 0; 0; 62; 0; 0; 0; 0; 715; 0; 772; 0; 0; 0; 113; 137; 198; 23; 0; 0; 0; 0; 0; 0; 83; 243; 73; 98
1984;01; 21; 123; 0; 150; 31; 0; 0; 0; 0; 0; 49; 21; 0; 0; 0; 0; 0; 0; 0; 0; 26; 162; 91; 0; 0; 0; 26; 83; 485; 114; 24
1984;02; 0; 0; 0; 273; 0; 0; 0; 0; 74; 5; 0; 34; 0; 0; 0; 0; 0; 0; 0; 0; 0; 73; 0; 0; 0; 0; 0; 0; 0; 9999; 9999
1984;03; 198; 0; 0; 0; 0; 72; 45; 68; 0; 0; 0; 0; 0; 0; 0; 0; 0; 0; 129; 0; 114; 71; 0; 0; 0; 0; 63; 0; 5; 37; 0
1984;04; 0; 0; 0; 12; 34; 0; 0; 0; 0; 0; 0; 0; 0; 0; 349; 43; 0; 0; 112; 0; 0; 0; 0; 172; 0; 0; 3; 0; 0; 0; 9999
1984;05; 32; 23; 0; 0; 0; 0; 0; 0; 0; 0; 0; 0; 83; 31; 212; 0; 0; 13; 0; 0; 0; 0; 0; 0; 0; 0; 0; 0; 0; 0; 0
1984;06; 0; 0; 0; 0; 0; 0; 0; 0; 0; 0; 0; 0; 0; 0; 0; 0; 0; 0; 0; 0; 0; 0; 0; 0; 0; 0; 0; 0; 0; 0; 9999
1984;07; 0; 0; 0; 0; 25; 58; 0; 0; 0; 0; 0; 0; 0; 0; 0; 0; 0; 0; 0; 0; 0; 0; 0; 0; 0; 0; 0; 0; 0; 0; 0
1984;08; 0; 0; 153; 18; 0; 0; 0; 0; 0; 0; 0; 0; 0; 0; 0; 0; 0; 0; 0; 59; 173; 225; 3; 0; 34; 86; 0; 0; 0; 0; 0
1984;09; 0; 0; 0; 0; 0; 0; 0; 0; 0; 0; 0; 0; 0; 0; 0; 0; 0; 0; 0; 72; 468; 0; 0; 0; 0; 6; 372; 0; 0; 0; 9999
1984;10; 0; 0; 0; 0; 0; 0; 17; 0; 0; 0; 0; 0; 0; 0; 0; 0; 0; 43; 0; 0; 0; 0; 0; 0; 0; 0; 0; 0; 0; 0; 9999
1984;11; 0; 0; 94; 0; 0; 0; 0; 16; 0; 0; 0; 192; 5; 0; 0; 0; 72; 0; 0; 159; 0; 0; 8; 0; 0; 0; 0; 0; 0; 0; 9999
1984;12; 16; 603; 17; 0; 0; 322; 192; 92; 16; 0; 0; 42; 0; 329; 433; 0; 0; 262; 0; 0; 0; 0; 0; 0; 0; 0; 0; 0; 0; 0; 523
1985;01; 24; 0; 0; 0; 0; 56; 256; 332; 33; 0; 0; 0; 53; 0; 0; 8; 0; 0; 0; 0; 4; 317; 234; 0; 0; 0; 0; 0; 0; 0; 0
1985;02; 0; 0; 143; 0; 0; 0; 0; 0; 33; 0; 67; 147; 127; 163; 65; 0; 0; 0; 106; 41; 93; 375; 189; 36; 0; 0; 34; 89; 9999; 9999; 9999
1985;03; 0; 0; 42; 12; 0; 92; 82; 52; 53; 63; 35; 0; 0; 0; 0; 194; 593; 286; 0; 0; 0; 287; 0; 0; 0; 0; 0; 0; 0; 0; 0
1985;04; 0; 0; 0; 0; 71; 173; 0; 0; 0; 0; 13; 0; 0; 0; 229; 253; 71; 103; 0; 0; 0; 0; 0; 0; 0; 0; 0; 0; 389; 0; 9999
1985;05; 40; 0; 0; 0; 0; 0; 0; 0; 0; 0; 0; 0; 0; 0; 0; 0; 0; 0; 0; 0; 392; 639; 0; 0; 0; 0; 0; 0; 0; 0; 0
1985;06; 0; 0; 78; 137; 0; 0; 0; 0; 0; 0; 0; 5; 0; 0; 0; 0; 0; 0; 0; 0; 0; 0; 0; 0; 0; 0; 0; 0; 0; 0; 9999
1985;07; 0; 13; 34; 0; 0; 164; 34; 0; 0; 0; 0; 0; 0; 0; 0; 0; 0; 0; 0; 0; 0; 0; 0; 0; 0; 0; 0; 0; 0; 0; 0
1985;08; 0; 0; 0; 0; 0; 0; 0; 0; 0; 0; 0; 0; 0; 0; 0; 0; 0; 0; 0; 0; 0; 93; 0; 0; 0; 0; 0; 0; 0; 0; 123
1985;09; 52; 34; 0; 139; 37; 0; 0; 0; 0; 0; 0; 0; 0; 0; 0; 0; 0; 0; 0; 0; 0; 0; 0; 0; 0; 0; 0; 0; 0; 0; 9999
1985;10; 0; 0; 0; 0; 0; 0; 0; 9; 0; 0; 0; 0; 0; 0; 0; 0; 0; 0; 0; 0; 38; 0; 0; 0; 48; 0; 0; 53; 22; 16; 66
1985;11; 59; 101; 63; 66; 0; 0; 0; 0; 0; 0; 0; 0; 0; 0; 0; 0; 0; 0; 0; 0; 637; 218; 0; 0; 122; 8; 644; 0; 0; 0; 9999
1985;12; 0; 0; 0; 109; 0; 0; 0; 0; 0; 0; 0; 0; 0; 0; 46; 0; 374; 0; 0; 0; 317; 60; 0; 45; 123; 0; 272; 0; 0; 0; 0
1986;01; 0; 42; 0; 80; 0; 82; 0; 0; 0; 0; 0; 173; 0; 0; 0; 0; 0; 0; 0; 0; 158; 0; 96; 167; 0; 19; 0; 0; 0; 0; 0
1986;02; 0; 0; 278; 0; 0; 0; 0; 0; 21; 368; 0; 117; 0; 59; 112; 105; 114; 96; 0; 178; 384; 0; 8; 0; 0; 53; 0; 315; 9999; 9999; 9999
1986;03; 0; 0; 76; 0; 124; 8; 107; 0; 0; 140; 4; 19; 0; 0; 0; 0; 0; 41; 114; 0; 0; 0; 301; 0; 0; 0; 107; 0; 47; 0; 0
1986;04; 0; 0; 0; 0; 0; 0; 0; 0; 0; 0; 0; 19; 0; 0; 284; 0; 0; 0; 0; 0; 387; 310; 0; 0; 0; 0; 0; 0; 0; 0; 9999
1986;05; 0; 0; 0; 0; 0; 0; 0; 0; 277; 0; 83; 0; 246; 0; 0; 0; 0; 145; 111; 0; 337; 0; 0; 0; 0; 0; 0; 0; 0; 0; 0
1986;06; 0; 0; 390; 0; 0; 0; 0; 0; 0; 0; 0; 0; 0; 0; 0; 0; 0; 0; 0; 0; 0; 0; 0; 0; 0; 0; 0; 0; 0; 0; 9999
1986;07; 0; 0; 0; 0; 0; 0; 0; 0; 0; 0; 0; 0; 0; 0; 0; 0; 0; 0; 0; 0; 0; 24; 37; 25; 0; 0; 0; 0; 0; 0; 70
1986;08; 0; 0; 0; 0; 0; 0; 0; 0; 0; 0; 0; 26; 29; 117; 252; 132; 120; 11; 8; 7; 134; 346; 484; 0; 30; 0; 0; 0; 0; 0; 0
1986;09; 0; 0; 0; 0; 0; 0; 0; 0; 0; 0; 0; 0; 0; 0; 0; 0; 0; 0; 0; 67; 0; 0; 0; 0; 226; 0; 0; 237; 0; 0; 9999
1986;10; 0; 0; 0; 0; 0; 0; 0; 0; 0; 158; 7; 0; 0; 0; 0; 0; 0; 0; 0; 12; 203; 107; 0; 0; 0; 0; 0; 0; 0; 0; 0
1986;11; 0; 2; 157; 0; 0; 0; 0; 0; 0; 93; 0; 65; 0; 0; 0; 0; 0; 0; 0; 0; 0; 0; 27; 0; 0; 23; 36; 57; 268; 152; 9999
1986;12; 8; 418; 451; 119; 783; 53; 194; 243; 444; 0; 0; 0; 0; 0; 131; 0; 408; 202; 47; 15; 0; 0; 0; 0; 0; 0; 0; 0; 511; 0; 0
1987;01; 0; 0; 0; 0; 0; 213; 0; 33; 0; 0; 0; 21; 219; 71; 0; 220; 0; 0; 0; 0; 0; 0; 0; 52; 692; 20; 40; 36; 113; 37; 147
1987;02; 0; 123; 277; 85; 47; 50; 57; 0; 61; 16; 0; 0; 0; 382; 187; 52; 0; 165; 17; 165; 85; 0; 0; 0; 242; 0; 0; 0; 9999; 9999; 9999
1987;03; 0; 0; 0; 0; 0; 0; 0; 62; 146; 92; 0; 0; 0; 0; 0; 0; 0; 13; 287; 0; 0; 0; 0; 0; 0; 0; 0; 190; 0; 0; 0
1987;04; 0; 0; 382; 0; 0; 0; 17; 0; 0; 178; 11; 0; 0; 0; 0; 0; 0; 0; 0; 0; 27; 0; 0; 0; 0; 0; 0; 0; 0; 0; 9999
1987;05; 0; 0; 0; 0; 123; 0; 0; 0; 70; 0; 0; 65; 0; 0; 50; 431; 0; 336; 26; 154; 193; 37; 0; 0; 0; 0; 0; 0; 62; 0; 0
1987;06; 0; 0; 0; 0; 0; 0; 0; 0; 0; 0; 0; 0; 112; 938; 589; 286; 0; 0; 0; 0; 0; 0; 351; 0; 0; 0; 0; 0; 0; 0; 9999
1987;07; 0; 0; 0; 0; 0; 0; 0; 0; 144; 0; 0; 0; 0; 0; 0; 0; 0; 0; 0; 0; 0; 0; 0; 0; 0; 0; 0; 0; 0; 50; 90
1987;08; 0; 0; 0; 0; 0; 18; 52; 0; 0; 0; 0; 0; 0; 0; 0; 0; 0; 0; 0; 0; 0; 0; 0; 0; 0; 0; 0; 0; 0; 0; 0
1987;09; 0; 0; 0; 0; 0; 0; 0; 0; 0; 0; 0; 185; 0; 0; 0; 0; 0; 304; 0; 19; 0; 164; 0; 0; 0; 0; 0; 71; 0; 0; 9999
1987;10; 0; 342; 0; 0; 0; 182; 0; 0; 0; 0; 0; 0; 0; 0; 0; 0; 0; 46; 373; 179; 0; 13; 0; 0; 17; 99; 0; 69; 0; 0; 0
1987;11; 0; 0; 0; 0; 0; 340; 334; 0; 0; 91; 0; 0; 0; 87; 642; 254; 0; 0; 0; 0; 0; 0; 0; 0; 213; 41; 0; 0; 0; 0; 9999
1987;12; 9; 0; 0; 0; 242; 171; 0; 0; 247; 0; 0; 0; 51; 0; 0; 0; 33; 464; 12; 0; 0; 0; 0; 0; 0; 0; 0; 0; 61; 0; 69
1988;01; 0; 0; 0; 0; 0; 158; 27; 0; 0; 13; 0; 0; 0; 265; 0; 0; 0; 0; 472; 11; 0; 139; 0; 138; 39; 0; 71; 0; 0; 323; 0
1988;02; 43; 152; 0; 0; 0; 0; 0; 0; 82; 0; 0; 0; 0; 59; 24; 0; 0; 0; 0; 42; 0; 0; 0; 0; 0; 0; 58; 37; 0; 9999; 9999
1988;03; 395; 156; 278; 98; 0; 0; 0; 0; 0; 0; 0; 0; 0; 0; 0; 91; 342; 917; 125; 0; 0; 0; 0; 0; 0; 0; 0; 0; 0; 0; 0
1988;04; 66; 113; 0; 0; 0; 0; 0; 45; 0; 0; 0; 0; 105; 241; 0; 0; 0; 0; 0; 0; 0; 0; 0; 0; 0; 81; 0; 0; 0; 0; 9999
1988;05; 0; 0; 33; 41; 135; 6; 0; 0; 0; 0; 0; 0; 107; 0; 0; 0; 148; 295; 0; 76; 43; 115; 0; 26; 0; 0; 0; 0; 13; 259; 88
1988;06; 0; 0; 0; 172; 0; 0; 0; 0; 0; 0; 0; 0; 0; 92; 0; 0; 0; 0; 0; 0; 217; 0; 0; 0; 137; 0; 0; 0; 0; 0; 9999
1988;07; 0; 0; 0; 0; 0; 0; 0; 0; 0; 0; 0; 0; 0; 0; 0; 0; 0; 0; 0; 0; 0; 0; 0; 0; 0; 0; 0; 0; 0; 0; 0
1988;08; 0; 0; 0; 0; 0; 0; 0; 0; 0; 0; 0; 0; 0; 0; 0; 0; 0; 0; 0; 0; 0; 0; 0; 0; 0; 0; 0; 0; 0; 0; 0
1988;09; 0; 0; 0; 0; 0; 0; 0; 0; 0; 0; 0; 0; 0; 0; 147; 9; 73; 133; 0; 0; 0; 0; 0; 0; 0; 0; 0; 0; 0; 0; 9999
1988;10; 0; 0; 0; 0; 0; 0; 0; 0; 0; 0; 0; 249; 36; 0; 0; 0; 0; 0; 0; 174; 45; 0; 457; 60; 0; 381; 54; 2; 0; 447; 0
1988;11; 239; 0; 0; 0; 0; 0; 0; 0; 0; 0; 0; 0; 272; 0; 0; 0; 0; 84; 0; 429; 79; 320; 15; 0; 0; 0; 0; 0; 0; 0; 9999
1988;12; 0; 5; 0; 0; 0; 0; 0; 0; 0; 0; 0; 0; 0; 369; 0; 0; 0; 0; 0; 0; 435; 0; 3; 0; 281; 175; 0; 156; 52; 61; 251
1989;01; 107; 202; 23; 285; 480; 143; 78; 96; 0; 148; 243; 356; 41; 0; 141; 264; 0; 0; 0; 0; 0; 0; 0; 0; 121; 0; 69; 43; 0; 0; 69
1989;02; 0; 0; 0; 0; 0; 71; 0; 0; 0; 0; 59; 131; 0; 0; 333; 24; 52; 125; 0; 0; 0; 50; 0; 0; 7; 273; 13; 0; 9999; 9999; 9999
1989;03; 58; 0; 0; 81; 0; 10; 0; 0; 0; 0; 0; 0; 31; 94; 0; 0; 0; 15; 163; 649; 83; 0; 0; 0; 0; 131; 0; 283; 0; 0; 0
1989;04; 0; 48; 0; 0; 0; 0; 0; 0; 0; 0; 0; 0; 0; 245; 0; 0; 0; 0; 24; 0; 0; 0; 0; 0; 0; 0; 0; 111; 0; 63; 9999
1989;05; 5; 0; 0; 128; 8; 80; 0; 0; 0; 0; 0; 0; 0; 0; 0; 0; 0; 0; 0; 0; 0; 0; 33; 0; 0; 0; 0; 0; 0; 0; 0
1989;06; 0; 0; 0; 0; 0; 0; 0; 186; 0; 0; 140; 0; 0; 0; 0; 61; 0; 0; 0; 0; 0; 0; 0; 0; 149; 0; 0; 127; 0; 0; 9999
1989;07; 0; 0; 0; 0; 0; 0; 0; 0; 0; 0; 0; 0; 0; 0; 0; 0; 0; 0; 0; 0; 0; 0; 0; 0; 42; 64; 286; 121; 278; 392; 270
1989;08; 0; 0; 0; 0; 0; 0; 0; 0; 0; 0; 0; 0; 0; 0; 0; 0; 0; 0; 0; 0; 148; 115; 0; 0; 98; 113; 46; 0; 0; 0; 0
1989;09; 222; 0; 0; 0; 84; 29; 277; 4; 0; 220; 67; 0; 62; 162; 0; 0; 0; 0; 0; 0; 0; 0; 0; 86; 1; 0; 0; 0; 0; 0; 9999
1989;10; 0; 0; 0; 0; 0; 0; 0; 0; 0; 0; 8; 144; 0; 0; 0; 40; 0; 0; 0; 0; 0; 0; 0; 0; 0; 0; 0; 419; 0; 0; 0
1989;11; 0; 0; 153; 8; 0; 0; 0; 0; 31; 0; 21; 185; 153; 0; 0; 0; 0; 0; 0; 12; 449; 311; 72; 0; 305; 0; 0; 182; 0; 0; 9999
1989;12; 0; 0; 0; 0; 0; 0; 0; 0; 0; 131; 0; 0; 12; 0; 0; 0; 0; 33; 142; 0; 0; 0; 0; 0; 0; 146; 185; 410; 98; 108; 542
1990;01; 386; 149; 0; 0; 0; 187; 124; 85; 180; 487; 247; 161; 70; 28; 0; 98; 0; 0; 0; 0; 0; 0; 0; 0; 0; 0; 0; 0; 0; 0; 26
1990;02; 0; 0; 0; 300; 0; 0; 0; 0; 0; 0; 0; 146; 0; 0; 0; 0; 0; 0; 0; 0; 0; 0; 825; 18; 60; 0; 0; 0; 9999; 9999; 9999
1990;03; 74; 0; 0; 0; 0; 60; 0; 0; 220; 0; 0; 0; 60; 57; 0; 0; 0; 24; 20; 100; 370; 0; 0; 120; 0; 109; 0; 0; 0; 0; 0
1990;04; 0; 0; 0; 0; 0; 0; 0; 79; 0; 0; 0; 0; 0; 0; 0; 223; 95; 110; 36; 0; 0; 0; 0; 0; 0; 0; 0; 114; 50; 0; 9999
1990;05; 80; 0; 0; 0; 0; 0; 0; 0; 0; 170; 0; 0; 0; 0; 70; 60; 128; 0; 0; 0; 0; 0; 0; 0; 0; 0; 0; 0; 0; 0; 0
1990;06; 0; 0; 0; 0; 0; 0; 0; 0; 0; 0; 0; 0; 0; 0; 83; 0; 0; 0; 0; 0; 66; 0; 0; 0; 0; 0; 0; 0; 0; 0; 9999
1990;07; 0; 0; 0; 0; 0; 0; 0; 0; 0; 80; 0; 0; 0; 0; 0; 185; 316; 14; 95; 2; 7; 97; 20; 0; 12; 0; 100; 0; 0; 0; 0
1990;08; 0; 0; 0; 0; 0; 0; 0; 0; 0; 0; 0; 0; 0; 0; 0; 0; 176; 22; 269; 30; 0; 0; 0; 0; 40; 0; 370; 0; 0; 0; 20
1990;09; 85; 0; 0; 0; 0; 0; 20; 0; 0; 0; 0; 483; 38; 0; 0; 0; 0; 0; 0; 0; 0; 150; 170; 0; 0; 0; 0; 0; 130; 80; 9999
1990;10; 272; 0; 0; 234; 4; 0; 0; 0; 0; 0; 0; 216; 0; 200; 28; 0; 0; 292; 72; 0; 0; 0; 0; 0; 0; 0; 0; 0; 0; 0; 72
1990;11; 25; 0; 0; 380; 420; 0; 0; 0; 28; 0; 0; 0; 0; 157; 0; 415; 16; 0; 68; 0; 334; 0; 0; 0; 0; 0; 0; 0; 0; 0; 9999
1990;12; 0; 0; 48; 0; 0; 162; 0; 0; 0; 0; 285; 77; 300; 262; 10; 0; 0; 0; 0; 386; 0; 0; 0; 0; 0; 0; 0; 0; 0; 0; 0
1991;01; 0; 0; 0; 0; 0; 0; 0; 0; 0; 0; 0; 80; 0; 277; 100; 0; 0; 0; 0; 0; 0; 65; 620; 0; 82; 101; 369; 0; 0; 136; 319
1991;02; 173; 415; 345; 0; 0; 158; 289; 701; 200; 703; 40; 73; 0; 201; 0; 0; 0; 16; 0; 0; 0; 0; 0; 0; 0; 0; 0; 910; 9999; 9999; 9999
1991;03; 0; 151; 35; 43; 115; 303; 185; 219; 9; 0; 0; 0; 0; 0; 188; 0; 0; 0; 0; 0; 1120; 54; 0; 0; 0; 0; 0; 0; 0; 50; 60
1991;04; 60; 0; 0; 0; 0; 0; 0; 0; 0; 0; 0; 0; 0; 0; 0; 0; 0; 145; 908; 56; 0; 0; 0; 0; 362; 0; 0; 0; 0; 0; 9999
1991;05; 0; 0; 0; 0; 0; 0; 36; 0; 0; 0; 0; 0; 0; 0; 198; 0; 0; 0; 0; 0; 0; 0; 92; 0; 0; 0; 0; 0; 0; 0; 0
1991;06; 0; 0; 0; 0; 0; 0; 0; 38; 0; 0; 0; 0; 0; 0; 0; 0; 0; 0; 0; 168; 304; 26; 80; 75; 0; 0; 0; 0; 145; 0; 9999
1991;07; 0; 0; 0; 0; 0; 0; 0; 0; 0; 210; 0; 0; 88; 0; 0; 0; 0; 0; 0; 0; 0; 0; 0; 0; 0; 0; 0; 0; 0; 0; 0
1991;08; 0; 0; 0; 0; 0; 0; 0; 26; 28; 0; 0; 0; 0; 0; 0; 0; 0; 0; 0; 0; 0; 0; 0; 0; 0; 0; 0; 0; 0; 0; 0
1991;09; 0; 0; 0; 0; 0; 0; 0; 0; 0; 0; 0; 0; 0; 0; 0; 0; 0; 0; 80; 0; 0; 0; 0; 97; 26; 8; 0; 0; 8; 35; 9999
1991;10; 213; 110; 97; 0; 50; 80; 0; 0; 0; 60; 0; 0; 0; 0; 0; 0; 0; 0; 333; 0; 0; 0; 0; 0; 133; 0; 0; 0; 0; 0; 30
1991;11; 202; 162; 0; 0; 0; 0; 0; 0; 23; 0; 0; 42; 0; 1303; 40; 0; 0; 0; 0; 0; 0; 0; 0; 0; 0; 0; 87; 0; 0; 25; 9999
1991;12; 0; 0; 0; 0; 0; 0; 408; 195; 414; 274; 213; 505; 3; 0; 141; 462; 21; 26; 200; 305; 0; 73; 43; 100; 79; 0; 112; 0; 0; 0; 0
1992;01; 0; 0; 0; 222; 13; 0; 0; 0; 0; 0; 0; 0; 183; 0; 0; 0; 0; 0; 0; 0; 0; 0; 0; 0; 0; 60; 0; 0; 0; 47; 19
1992;02; 42; 97; 67; 3; 0; 35; 9; 0; 24; 0; 0; 0; 0; 0; 0; 0; 56; 28; 67; 0; 0; 0; 0; 0; 0; 266; 51; 0; 0; 9999; 9999
1992;03; 6; 0; 0; 401; 65; 123; 68; 52; 0; 486; 221; 78; 0; 37; 0; 0; 93; 4; 32; 0; 0; 0; 35; 178; 233; 173; 19; 29; 93; 104; 5
1992;04; 234; 0; 0; 0; 0; 0; 0; 0; 0; 0; 0; 0; 173; 0; 0; 0; 0; 0; 0; 405; 0; 0; 0; 46; 0; 711; 0; 0; 0; 138; 9999
1992;05; 0; 253; 418; 0; 0; 83; 0; 0; 0; 0; 0; 0; 283; 139; 0; 0; 0; 0; 0; 53; 0; 10; 334; 0; 0; 0; 0; 0; 0; 24; 35
1992;06; 14; 0; 0; 0; 0; 0; 0; 0; 0; 0; 0; 0; 0; 0; 0; 0; 0; 0; 0; 0; 0; 0; 0; 0; 0; 0; 0; 135; 18; 0; 9999
1992;07; 0; 0; 0; 0; 0; 0; 65; 23; 0; 0; 0; 0; 0; 0; 0; 0; 0; 0; 0; 0; 0; 0; 0; 0; 0; 0; 0; 0; 0; 0; 0
1992;08; 0; 0; 0; 0; 0; 0; 0; 0; 0; 0; 0; 0; 0; 0; 0; 0; 0; 21; 0; 0; 0; 33; 177; 0; 0; 0; 0; 0; 0; 0; 0
1992;09; 11; 60; 77; 15; 150; 105; 122; 0; 0; 0; 0; 692; 0; 0; 350; 0; 0; 262; 140; 0; 0; 0; 0; 0; 267; 0; 0; 0; 0; 0; 9999
1992;10; 0; 207; 200; 0; 0; 0; 0; 0; 150; 0; 0; 230; 0; 0; 0; 0; 165; 0; 0; 0; 0; 0; 0; 0; 0; 0; 355; 150; 865; 0; 0
1992;11; 0; 0; 9; 303; 0; 0; 0; 0; 0; 0; 0; 0; 0; 0; 0; 0; 0; 0; 0; 0; 0; 358; 70; 0; 500; 90; 19; 0; 0; 0; 9999
1992;12; 400; 0; 0; 0; 0; 0; 0; 0; 0; 0; 90; 0; 0; 0; 0; 0; 0; 0; 170; 0; 0; 10; 0; 0; 0; 100; 0; 0; 0; 0; 0
1993;01; 0; 0; 0; 0; 0; 0; 0; 0; 291; 150; 280; 500; 120; 110; 0; 0; 0; 0; 0; 0; 330; 0; 0; 10; 0; 170; 300; 0; 0; 0; 0
1993;02; 200; 0; 309; 0; 46; 124; 53; 62; 220; 26; 335; 145; 0; 0; 168; 0; 275; 40; 75; 60; 600; 230; 223; 0; 0; 0; 0; 0; 9999; 9999; 9999
1993;03; 0; 0; 0; 70; 0; 0; 0; 0; 0; 0; 0; 0; 0; 55; 0; 0; 0; 51; 480; 0; 0; 557; 322; 0; 0; 0; 0; 0; 533; 0; 463
1993;04; 245; 0; 0; 0; 0; 0; 415; 0; 0; 82; 0; 0; 0; 0; 0; 0; 0; 0; 0; 0; 0; 0; 0; 205; 0; 0; 0; 0; 0; 0; 9999
1993;05; 0; 0; 0; 204; 0; 253; 0; 0; 0; 0; 0; 0; 0; 143; 44; 0; 0; 0; 0; 0; 0; 0; 0; 0; 0; 0; 0; 0; 0; 0; 489
1993;06; 0; 0; 0; 0; 322; 0; 0; 0; 0; 203; 0; 0; 0; 0; 0; 0; 0; 260; 0; 0; 0; 0; 0; 0; 0; 0; 0; 0; 0; 0; 9999
1993;07; 0; 0; 0; 0; 0; 0; 0; 0; 0; 0; 0; 0; 36; 41; 0; 0; 0; 0; 0; 0; 0; 0; 0; 0; 0; 0; 0; 0; 0; 110; 53
1993;08; 0; 0; 0; 0; 0; 0; 0; 0; 0; 0; 0; 0; 0; 0; 0; 12; 0; 40; 45; 0; 0; 0; 35; 143; 173; 0; 0; 0; 0; 0; 0
1993;09; 0; 0; 0; 24; 0; 0; 0; 105; 10; 20; 25; 0; 0; 6; 128; 0; 0; 0; 0; 0; 0; 472; 103; 247; 20; 0; 76; 0; 0; 0; 9999
1993;10; 171; 355; 0; 0; 0; 0; 0; 0; 0; 0; 0; 0; 0; 0; 0; 0; 0; 0; 0; 0; 0; 0; 200; 0; 0; 0; 141; 0; 0; 0; 0
1993;11; 0; 0; 0; 0; 0; 0; 312; 213; 0; 0; 0; 0; 0; 0; 0; 0; 57; 80; 0; 0; 0; 0; 35; 0; 555; 9; 196; 0; 0; 0; 9999
1993;12; 21; 0; 30; 130; 0; 140; 104; 0; 0; 260; 484; 0; 0; 0; 0; 79; 0; 0; 0; 0; 0; 0; 0; 0; 53; 131; 35; 220; 0; 0; 0
1994;01; 0; 0; 0; 0; 0; 0; 106; 31; 0; 0; 0; 0; 0; 0; 0; 0; 0; 0; 0; 59; 0; 0; 0; 0; 326; 192; 640; 450; 721; 0; 0
1994;02; 0; 0; 0; 0; 0; 0; 336; 21; 115; 0; 0; 0; 110; 0; 87; 60; 0; 0; 0; 0; 0; 0; 70; 309; 0; 0; 0; 155; 9999; 9999; 9999
1994;03; 400; 0; 170; 0; 0; 0; 0; 0; 0; 0; 0; 0; 0; 0; 0; 0; 0; 0; 0; 0; 27; 0; 0; 0; 5; 159; 0; 0; 0; 0; 450
1994;04; 70; 155; 0; 0; 0; 0; 0; 0; 0; 0; 0; 0; 0; 3; 0; 0; 0; 200; 140; 0; 0; 60; 251; 0; 0; 0; 0; 0; 0; 0; 9999
1994;05; 0; 0; 0; 0; 0; 0; 0; 0; 0; 0; 0; 200; 0; 52; 171; 0; 0; 0; 0; 0; 0; 0; 0; 0; 332; 28; 0; 0; 0; 0; 0
1994;06; 258; 0; 0; 124; 0; 0; 0; 16; 65; 0; 0; 0; 0; 0; 0; 0; 0; 0; 0; 18; 46; 93; 0; 0; 0; 0; 0; 0; 0; 0; 9999
1994;07; 0; 0; 0; 0; 0; 0; 0; 61; 0; 0; 0; 0; 0; 0; 0; 0; 0; 0; 0; 0; 0; 0; 125; 0; 0; 0; 0; 0; 0; 0; 0
1994;08; 0; 0; 0; 0; 0; 0; 0; 0; 0; 0; 0; 0; 0; 0; 0; 0; 0; 0; 0; 0; 0; 0; 0; 0; 0; 0; 0; 0; 0; 0; 0
1994;09; 0; 0; 0; 0; 0; 0; 0; 0; 0; 0; 0; 0; 2; 0; 0; 167; 0; 0; 0; 0; 0; 0; 0; 0; 0; 0; 0; 0; 0; 33; 9999
1994;10; 163; 0; 202; 193; 0; 0; 0; 0; 0; 0; 0; 0; 0; 0; 0; 0; 0; 87; 0; 0; 120; 0; 0; 0; 93; 0; 145; 0; 0; 0; 0
1994;11; 0; 459; 0; 0; 365; 36; 0; 0; 0; 0; 0; 25; 0; 435; 0; 0; 0; 960; 115; 0; 0; 0; 0; 0; 0; 0; 70; 0; 270; 0; 9999
1994;12; 0; 70; 0; 0; 0; 229; 57; 3; 0; 0; 200; 0; 0; 0; 0; 0; 640; 0; 130; 0; 0; 212; 163; 0; 0; 0; 25; 233; 0; 315; 0
1995;01; 350; 0; 42; 23; 14; 0; 141; 83; 670; 40; 346; 292; 5; 0; 0; 13; 0; 0; 0; 53; 0; 0; 0; 0; 0; 0; 163; 0; 0; 20; 0
1995;02; 0; 470; 150; 60; 84; 63; 49; 0; 0; 29; 3; 0; 360; 0; 600; 45; 0; 0; 23; 66; 130; 0; 0; 0; 0; 0; 0; 0; 9999; 9999; 9999
1995;03; 0; 0; 0; 370; 0; 290; 0; 0; 0; 227; 0; 0; 0; 0; 0; 0; 0; 0; 0; 0; 0; 0; 0; 0; 457; 0; 0; 0; 0; 370; 600
1995;04; 0; 30; 0; 0; 0; 0; 0; 0; 300; 0; 0; 0; 0; 0; 0; 0; 0; 0; 0; 393; 0; 0; 0; 73; 0; 0; 0; 0; 0; 0; 9999
1995;05; 0; 0; 0; 0; 0; 0; 259; 0; 0; 0; 0; 0; 0; 0; 0; 215; 0; 0; 0; 0; 13; 0; 0; 0; 0; 0; 0; 0; 0; 0; 0
1995;06; 0; 0; 0; 0; 0; 0; 0; 0; 0; 0; 0; 0; 0; 0; 0; 0; 27; 40; 0; 0; 0; 0; 0; 0; 41; 2; 0; 0; 40; 0; 9999
1995;07; 0; 0; 0; 0; 0; 0; 0; 194; 163; 625; 35; 0; 0; 0; 0; 0; 0; 0; 0; 69; 7; 0; 0; 0; 0; 0; 0; 0; 0; 0; 0
1995;08; 0; 0; 0; 54; 4; 0; 0; 0; 0; 0; 0; 0; 0; 0; 0; 0; 0; 0; 0; 0; 0; 0; 0; 0; 0; 0; 0; 0; 0; 0; 0
1995;09; 0; 0; 0; 0; 0; 0; 0; 0; 0; 0; 0; 0; 0; 0; 0; 0; 0; 0; 146; 237; 0; 0; 0; 93; 421; 0; 103; 0; 0; 0; 9999
1995;10; 0; 0; 0; 0; 0; 50; 0; 15; 0; 0; 0; 0; 0; 176; 42; 441; 487; 76; 0; 0; 182; 0; 0; 0; 0; 0; 0; 0; 92; 62; 0
1995;11; 0; 0; 226; 0; 8; 0; 0; 0; 0; 0; 0; 92; 0; 0; 86; 0; 0; 0; 0; 0; 0; 0; 0; 0; 0; 0; 77; 0; 0; 0; 9999
1995;12; 0; 0; 0; 208; 0; 0; 0; 0; 0; 0; 0; 161; 299; 0; 0; 0; 0; 200; 0; 263; 26; 3; 86; 24; 0; 311; 167; 111; 0; 0; 0
1996;01; 0; 0; 0; 0; 472; 443; 32; 9; 141; 110; 0; 112; 25; 0; 0; 0; 0; 43; 221; 0; 30; 12; 287; 3; 0; 12; 0; 0; 0; 0; 0
1996;02; 71; 0; 265; 11; 0; 53; 16; 0; 62; 0; 102; 459; 0; 0; 0; 0; 0; 290; 0; 140; 0; 0; 0; 0; 0; 0; 168; 17; 280; 9999; 9999
1996;03; 18; 0; 0; 467; 0; 0; 810; 143; 143; 0; 0; 0; 0; 0; 566; 15; 62; 0; 552; 47; 0; 0; 0; 0; 6; 0; 0; 228; 0; 0; 87
1996;04; 142; 0; 0; 0; 0; 0; 0; 0; 0; 0; 236; 8; 0; 0; 0; 21; 192; 0; 0; 0; 0; 0; 0; 0; 0; 0; 0; 0; 0; 0; 9999
1996;05; 0; 0; 0; 0; 0; 0; 0; 0; 0; 91; 0; 0; 0; 0; 0; 27; 0; 11; 0; 0; 0; 40; 137; 0; 0; 0; 0; 0; 0; 0; 0
1996;06; 0; 0; 0; 0; 0; 176; 0; 0; 0; 0; 0; 0; 0; 0; 0; 0; 0; 0; 0; 0; 0; 0; 0; 0; 0; 0; 0; 0; 0; 0; 9999
1996;07; 0; 0; 23; 0; 0; 0; 0; 0; 22; 0; 0; 0; 0; 0; 0; 0; 0; 0; 0; 0; 0; 0; 0; 0; 0; 0; 0; 70; 0; 0; 0
1996;08; 0; 0; 0; 0; 0; 0; 0; 0; 0; 181; 0; 0; 0; 0; 0; 0; 0; 0; 0; 0; 0; 0; 0; 0; 0; 0; 0; 0; 0; 0; 0
1996;09; 0; 76; 228; 321; 0; 0; 0; 0; 391; 186; 67; 0; 0; 0; 0; 0; 60; 0; 0; 0; 0; 0; 0; 0; 224; 0; 0; 0; 18; 0; 9999
1996;10; 0; 0; 0; 123; 0; 0; 0; 0; 0; 0; 525; 0; 130; 163; 0; 0; 0; 0; 0; 162; 34; 0; 0; 0; 53; 516; 59; 0; 0; 0; 0
1996;11; 34; 0; 75; 112; 0; 0; 0; 0; 0; 0; 0; 0; 0; 72; 63; 48; 116; 0; 0; 51; 55; 0; 0; 0; 0; 0; 0; 0; 0; 0; 9999
1996;12; 0; 0; 190; 0; 13; 135; 61; 24; 0; 0; 108; 76; 143; 33; 0; 0; 255; 151; 0; 595; 48; 652; 162; 0; 0; 0; 238; 40; 129; 14; 33
1997;01; 0; 0; 0; 0; 0; 43; 6; 0; 399; 13; 337; 84; 119; 0; 0; 37; 83; 0; 247; 186; 200; 193; 351; 339; 1045; 97; 32; 500; 13; 4; 0
1997;02; 11; 212; 222; 7; 0; 0; 71; 16; 0; 146; 0; 105; 0; 199; 405; 56; 151; 12; 212; 51; 8; 0; 12; 191; 0; 0; 0; 0; 9999; 9999; 9999
1997;03; 0; 0; 0; 104; 0; 63; 126; 0; 0; 155; 0; 0; 0; 0; 19; 21; 0; 0; 0; 0; 0; 0; 0; 0; 0; 0; 0; 0; 0; 0; 0
1997;04; 121; 50; 53; 0; 0; 0; 0; 0; 0; 0; 0; 0; 0; 0; 0; 0; 191; 0; 0; 256; 213; 0; 0; 0; 0; 0; 0; 0; 0; 0; 9999
1997;05; 0; 0; 0; 0; 0; 0; 0; 0; 0; 0; 0; 0; 0; 0; 0; 149; 0; 0; 0; 0; 0; 182; 0; 0; 331; 0; 0; 82; 4; 0; 0
1997;06; 0; 0; 6; 134; 889; 288; 8; 0; 0; 0; 0; 93; 4; 99; 312; 17; 0; 0; 0; 25; 121; 0; 0; 0; 0; 0; 0; 127; 314; 0; 9999
1997;07; 13; 0; 0; 0; 0; 0; 0; 0; 0; 0; 0; 0; 0; 0; 0; 0; 0; 0; 0; 0; 139; 4; 0; 0; 0; 0; 0; 0; 0; 0; 0
1997;08; 0; 0; 0; 0; 13; 0; 0; 0; 0; 0; 0; 0; 0; 0; 0; 0; 0; 0; 0; 0; 0; 0; 0; 332; 0; 0; 0; 0; 0; 0; 0
1997;09; 0; 0; 0; 0; 0; 87; 0; 0; 0; 0; 0; 0; 0; 220; 118; 0; 0; 0; 0; 0; 278; 0; 0; 0; 0; 347; 0; 0; 0; 365; 9999
1997;10; 211; 56; 0; 0; 0; 15; 681; 0; 0; 0; 0; 0; 0; 0; 0; 0; 23; 0; 0; 344; 0; 0; 0; 0; 0; 300; 51; 0; 0; 8; 466
1997;11; 0; 0; 0; 0; 0; 22; 86; 141; 0; 0; 0; 0; 0; 0; 0; 0; 441; 600; 548; 0; 0; 0; 361; 17; 0; 0; 415; 300; 23; 0; 9999
1997;12; 0; 152; 16; 108; 9; 0; 0; 193; 0; 0; 0; 0; 337; 93; 195; 0; 0; 0; 0; 0; 0; 0; 0; 0; 0; 0; 0; 163; 618; 118; 0
