33
Ano,Mes,1,2,3,4,5,6,7,8,9,10,11,12,13,14,15,16,17,18,19,20,21,22,23,24,25,26,27,28,29,30,31
1970;06; 0; 0; 0; 0; 0; 0; 0; 0; 0; 0; 0; 0; 0; 0; 0; 0; 0; 0; 118; 0; 0; 0; 245; 216; 0; 0; 7; 0; 3; 14; 9999
1970;07; 0; 0; 0; 0; 0; 0; 0; 0; 0; 8; 36; 65; 0; 50; 0; 0; 0; 0; 0; 0; 0; 0; 0; 0; 0; 0; 0; 0; 0; 0; 0
1970;08; 0; 0; 0; 0; 0; 0; 0; 0; 0; 0; 0; 0; 0; 0; 0; 0; 0; 0; 0; 0; 0; 0; 0; 0; 0; 229; 263; 242; 92; 12; 146
1970;09; 0; 0; 0; 0; 0; 0; 155; 0; 10; 0; 0; 0; 112; 14; 24; 97; 10; 0; 0; 27; 155; 0; 0; 0; 0; 0; 0; 0; 143; 0; 9999
1970;10; 167; 0; 99; 265; 23; 0; 0; 0; 157; 0; 223; 0; 0; 0; 0; 0; 0; 0; 0; 69; 19; 48; 0; 0; 0; 0; 0; 0; 0; 0; 0
1970;11; 0; 0; 58; 0; 0; 0; 560; 268; 0; 0; 0; 7; 0; 0; 0; 0; 0; 0; 0; 0; 0; 52; 0; 0; 0; 0; 5; 0; 0; 50; 9999
1970;12; 82; 58; 0; 0; 0; 0; 0; 0; 110; 480; 165; 165; 0; 0; 0; 47; 323; 0; 181; 27; 231; 68; 0; 0; 0; 0; 41; 0; 2; 113; 49
1971;01; 83; 172; 42; 203; 27; 16; 30; 25; 19; 0; 0; 0; 0; 0; 249; 0; 0; 0; 0; 0; 0; 0; 0; 0; 0; 0; 0; 0; 10; 0; 0
1971;02; 30; 45; 0; 0; 0; 0; 724; 0; 15; 43; 113; 0; 13; 89; 0; 0; 0; 0; 0; 142; 23; 0; 103; 0; 68; 402; 0; 0; 9999; 9999; 9999
1971;03; 0; 0; 0; 0; 0; 0; 63; 223; 8; 63; 7; 0; 220; 0; 0; 0; 0; 0; 0; 0; 152; 0; 0; 0; 39; 10; 3; 88; 375; 0; 0
1971;04; 0; 0; 0; 0; 0; 0; 0; 0; 0; 23; 0; 0; 0; 0; 0; 0; 6; 0; 0; 0; 45; 124; 0; 0; 0; 0; 0; 0; 0; 0; 9999
1971;05; 0; 0; 0; 279; 15; 26; 9; 0; 0; 0; 0; 0; 0; 0; 0; 0; 0; 0; 0; 0; 0; 0; 0; 0; 0; 173; 0; 0; 0; 0; 0
1971;06; 0; 0; 0; 0; 0; 0; 0; 0; 9; 0; 5; 125; 35; 0; 33; 0; 0; 183; 203; 205; 18; 0; 0; 0; 0; 0; 0; 0; 0; 0; 9999
1971;07; 0; 0; 18; 0; 328; 0; 0; 0; 0; 0; 0; 0; 0; 0; 0; 0; 0; 0; 0; 0; 0; 0; 0; 0; 0; 0; 0; 0; 0; 362; 8
1971;08; 0; 0; 0; 0; 0; 0; 0; 0; 0; 0; 0; 0; 0; 0; 0; 0; 0; 0; 0; 0; 0; 0; 0; 0; 0; 0; 0; 0; 0; 0; 0
1971;09; 0; 0; 0; 0; 0; 0; 79; 32; 65; 0; 0; 63; 198; 0; 0; 0; 0; 0; 0; 0; 0; 0; 0; 0; 220; 20; 0; 0; 0; 0; 9999
1971;10; 228; 0; 0; 0; 0; 0; 138; 53; 0; 0; 0; 0; 198; 0; 0; 0; 0; 0; 0; 0; 0; 0; 0; 0; 0; 0; 0; 0; 0; 0; 0
1971;11; 0; 298; 0; 14; 0; 0; 0; 0; 0; 14; 0; 0; 0; 0; 0; 0; 0; 45; 0; 178; 0; 0; 0; 0; 0; 0; 44; 0; 0; 0; 9999
1971;12; 0; 105; 124; 348; 0; 0; 0; 0; 0; 45; 0; 0; 0; 945; 0; 0; 0; 46; 0; 0; 0; 28; 129; 0; 0; 0; 84; 0; 48; 30; 0
1972;01; 0; 0; 186; 0; 0; 0; 0; 438; 28; 0; 0; 0; 0; 0; 0; 0; 0; 0; 0; 113; 84; 728; 143; 0; 0; 667; 269; 79; 78; 629; 0
1972;02; 673; 68; 0; 112; 0; 0; 111; 216; 82; 0; 0; 294; 137; 0; 254; 82; 112; 0; 0; 234; 178; 0; 0; 138; 347; 34; 5; 0; 0; 9999; 9999
1972;03; 0; 0; 0; 131; 30; 0; 63; 0; 0; 0; 268; 0; 0; 0; 0; 38; 0; 0; 3; 0; 0; 38; 0; 0; 0; 0; 0; 0; 0; 0; 0
1972;04; 264; 0; 246; 44; 0; 0; 0; 0; 0; 0; 0; 0; 0; 0; 0; 0; 0; 0; 0; 0; 0; 0; 0; 0; 0; 0; 0; 17; 0; 0; 9999
1972;05; 0; 0; 0; 0; 0; 0; 0; 20; 0; 0; 0; 0; 0; 0; 0; 0; 0; 0; 0; 0; 0; 0; 208; 7; 387; 0; 0; 0; 0; 0; 0
1972;06; 0; 0; 0; 0; 0; 0; 0; 0; 0; 0; 0; 0; 0; 0; 0; 0; 0; 0; 23; 0; 0; 0; 0; 0; 0; 0; 0; 0; 0; 0; 9999
1972;07; 0; 0; 0; 0; 0; 0; 0; 0; 113; 95; 0; 0; 215; 473; 0; 713; 0; 0; 0; 0; 0; 0; 0; 0; 0; 0; 48; 0; 0; 0; 0
1972;08; 0; 0; 0; 200; 0; 0; 181; 0; 0; 0; 0; 0; 0; 16; 0; 0; 0; 0; 0; 0; 0; 0; 78; 105; 0; 0; 0; 0; 0; 48; 0
1972;09; 0; 0; 0; 0; 0; 86; 0; 0; 0; 0; 224; 4; 0; 0; 0; 0; 0; 0; 0; 0; 0; 0; 54; 73; 139; 0; 0; 182; 47; 0; 9999
1972;10; 0; 149; 67; 583; 293; 0; 81; 0; 0; 20; 589; 0; 0; 0; 132; 0; 0; 0; 0; 0; 0; 0; 0; 0; 0; 0; 0; 196; 58; 0; 0
1972;11; 0; 0; 0; 58; 0; 0; 0; 0; 198; 0; 0; 0; 0; 9; 0; 108; 219; 0; 0; 0; 39; 0; 0; 0; 68; 169; 0; 0; 0; 0; 9999
1972;12; 362; 44; 0; 0; 0; 72; 0; 0; 0; 0; 0; 52; 0; 0; 0; 0; 0; 0; 0; 0; 0; 87; 487; 2; 0; 0; 0; 0; 1; 93; 15
1973;01; 0; 0; 1; 0; 0; 36; 24; 0; 100; 0; 0; 0; 293; 167; 0; 173; 0; 0; 0; 0; 104; 185; 143; 78; 63; 0; 0; 0; 0; 0; 0
1973;02; 15; 0; 0; 150; 0; 0; 227; 0; 0; 0; 0; 0; 0; 203; 92; 341; 0; 0; 1; 0; 0; 24; 0; 0; 0; 0; 0; 0; 9999; 9999; 9999
1973;03; 0; 0; 0; 82; 189; 0; 0; 0; 79; 0; 13; 0; 0; 0; 0; 0; 0; 0; 0; 17; 0; 139; 0; 113; 0; 87; 0; 0; 0; 112; 200
1973;04; 136; 0; 0; 49; 0; 0; 0; 0; 15; 19; 0; 5; 0; 0; 0; 0; 0; 0; 0; 0; 0; 0; 0; 0; 0; 0; 0; 0; 0; 0; 9999
1973;05; 0; 0; 86; 195; 36; 200; 0; 0; 0; 15; 0; 17; 0; 0; 0; 0; 0; 0; 0; 0; 0; 265; 0; 0; 0; 264; 0; 0; 0; 0; 0
1973;06; 0; 0; 0; 0; 0; 0; 0; 0; 0; 0; 0; 0; 0; 0; 0; 0; 0; 73; 17; 0; 0; 0; 0; 0; 129; 0; 178; 0; 0; 0; 9999
1973;07; 0; 111; 148; 0; 0; 0; 0; 0; 0; 0; 0; 0; 0; 0; 0; 0; 0; 0; 0; 0; 0; 0; 0; 0; 0; 0; 0; 35; 0; 0; 0
1973;08; 0; 0; 0; 0; 0; 176; 0; 0; 0; 0; 0; 0; 0; 0; 0; 0; 0; 0; 0; 0; 0; 0; 0; 0; 0; 0; 0; 45; 0; 0; 0
1973;09; 0; 291; 0; 0; 0; 0; 0; 0; 0; 59; 0; 0; 0; 0; 0; 0; 0; 0; 0; 0; 15; 0; 0; 0; 0; 87; 13; 0; 0; 0; 9999
1973;10; 0; 0; 0; 0; 0; 0; 189; 0; 181; 19; 0; 100; 7; 0; 0; 0; 0; 0; 127; 0; 0; 0; 0; 0; 15; 0; 0; 0; 0; 150; 150
1973;11; 38; 0; 0; 0; 0; 0; 0; 0; 0; 0; 0; 183; 520; 0; 100; 0; 132; 175; 0; 0; 0; 0; 0; 6; 0; 0; 0; 0; 0; 0; 9999
1973;12; 0; 0; 25; 162; 152; 180; 182; 345; 0; 0; 0; 0; 0; 0; 0; 51; 98; 131; 0; 25; 22; 37; 0; 293; 364; 147; 0; 0; 73; 388; 183
1974;01; 537; 23; 10; 0; 0; 122; 0; 0; 41; 0; 11; 204; 107; 342; 172; 333; 0; 120; 0; 0; 0; 0; 0; 0; 0; 0; 100; 90; 0; 0; 10
1974;02; 104; 100; 0; 40; 0; 21; 0; 19; 62; 0; 0; 0; 0; 15; 0; 110; 0; 125; 0; 41; 0; 0; 0; 243; 0; 0; 0; 0; 9999; 9999; 9999
1974;03; 0; 0; 0; 66; 0; 0; 0; 0; 0; 100; 346; 498; 94; 0; 0; 256; 580; 848; 452; 3584; 58; 0; 0; 183; 18; 1; 0; 4; 0; 0; 0
1974;04; 0; 0; 37; 43; 0; 0; 0; 0; 0; 0; 0; 0; 0; 0; 0; 0; 0; 0; 0; 0; 0; 0; 0; 0; 0; 76; 0; 0; 0; 0; 9999
1974;05; 0; 0; 0; 0; 0; 0; 0; 0; 0; 0; 0; 0; 83; 0; 0; 0; 0; 0; 140; 23; 0; 0; 0; 0; 0; 0; 110; 0; 0; 0; 0
1974;06; 0; 0; 29; 0; 61; 0; 15; 72; 0; 0; 62; 269; 14; 0; 0; 0; 0; 0; 0; 0; 0; 241; 0; 0; 159; 275; 186; 0; 0; 0; 9999
1974;07; 0; 0; 0; 0; 0; 0; 0; 0; 0; 0; 0; 0; 0; 0; 0; 0; 0; 0; 0; 0; 0; 0; 0; 0; 0; 0; 0; 0; 0; 0; 0
1974;08; 0; 0; 0; 0; 0; 0; 0; 0; 0; 0; 0; 0; 13; 0; 0; 0; 0; 12; 0; 0; 0; 0; 0; 0; 0; 0; 0; 0; 0; 8; 0
1974;09; 0; 0; 0; 6; 0; 0; 0; 0; 0; 0; 0; 0; 0; 0; 0; 0; 0; 0; 0; 0; 2; 0; 0; 0; 0; 0; 7; 0; 159; 0; 9999
1974;10; 0; 98; 0; 2; 151; 0; 0; 0; 15; 0; 0; 0; 0; 0; 0; 0; 0; 0; 30; 0; 0; 74; 0; 0; 134; 0; 0; 0; 697; 365; 0
1974;11; 0; 0; 0; 0; 0; 88; 0; 0; 0; 0; 0; 0; 75; 0; 0; 0; 0; 0; 0; 0; 531; 0; 0; 0; 0; 0; 0; 336; 0; 0; 9999
1974;12; 0; 78; 0; 236; 45; 68; 0; 0; 0; 0; 0; 0; 68; 86; 295; 0; 49; 190; 149; 0; 380; 406; 23; 168; 0; 0; 0; 329; 26; 370; 165
1975;01; 131; 155; 0; 0; 0; 0; 213; 0; 0; 0; 77; 23; 738; 0; 0; 0; 0; 0; 0; 0; 0; 0; 0; 0; 0; 98; 0; 0; 0; 59; 91
1975;02; 0; 0; 40; 156; 127; 202; 42; 170; 0; 340; 0; 0; 0; 0; 0; 0; 0; 0; 0; 92; 2; 113; 407; 2; 4; 0; 0; 68; 9999; 9999; 9999
1975;03; 0; 0; 0; 0; 0; 0; 0; 190; 0; 30; 0; 0; 0; 0; 0; 10; 0; 0; 0; 115; 0; 0; 0; 59; 343; 0; 0; 0; 0; 0; 142
1975;04; 0; 0; 0; 0; 0; 0; 0; 0; 0; 230; 415; 0; 0; 0; 280; 0; 0; 0; 0; 0; 0; 0; 0; 0; 0; 0; 0; 0; 0; 0; 9999
1975;05; 34; 0; 0; 0; 0; 41; 19; 0; 0; 0; 0; 0; 0; 0; 0; 0; 0; 0; 0; 0; 0; 0; 0; 0; 0; 0; 0; 0; 0; 0; 0
1975;06; 0; 0; 14; 15; 0; 0; 0; 0; 0; 0; 0; 0; 0; 0; 0; 0; 0; 0; 0; 0; 0; 0; 0; 0; 0; 0; 0; 0; 0; 0; 9999
1975;07; 0; 0; 0; 195; 0; 45; 0; 0; 0; 0; 0; 0; 0; 0; 0; 0; 66; 25; 0; 0; 0; 0; 0; 0; 0; 0; 0; 0; 0; 0; 0
1975;08; 0; 0; 0; 0; 0; 0; 0; 0; 0; 0; 0; 0; 0; 0; 0; 0; 0; 0; 0; 0; 0; 0; 0; 0; 0; 0; 0; 0; 0; 0; 0
1975;09; 0; 0; 0; 0; 0; 0; 0; 0; 0; 0; 0; 0; 0; 0; 0; 0; 0; 0; 0; 0; 0; 0; 0; 0; 0; 3; 76; 0; 0; 340; 9999
1975;10; 56; 0; 192; 150; 59; 122; 0; 270; 0; 0; 0; 38; 0; 0; 0; 0; 23; 125; 135; 0; 0; 0; 0; 0; 0; 0; 0; 0; 0; 0; 0
1975;11; 49; 110; 0; 0; 0; 0; 175; 0; 0; 25; 0; 89; 0; 0; 0; 0; 90; 17; 0; 456; 375; 48; 0; 6; 163; 373; 17; 0; 358; 1139; 9999
1975;12; 402; 60; 82; 345; 0; 0; 0; 0; 0; 55; 0; 0; 154; 80; 0; 0; 0; 80; 40; 0; 0; 0; 24; 73; 264; 13; 0; 0; 65; 203; 0
1976;01; 10; 32; 198; 129; 368; 13; 0; 45; 95; 0; 37; 47; 0; 0; 0; 131; 0; 0; 0; 2; 6; 45; 0; 0; 0; 0; 151; 105; 0; 44; 0
1976;02; 0; 124; 341; 43; 0; 27; 74; 190; 0; 3; 0; 0; 0; 0; 0; 870; 39; 107; 1; 13; 100; 0; 240; 94; 50; 0; 615; 0; 239; 9999; 9999
1976;03; 2; 213; 210; 185; 0; 0; 0; 45; 0; 0; 0; 0; 0; 0; 0; 0; 10; 43; 25; 353; 568; 2; 0; 0; 0; 23; 30; 0; 0; 0; 0
1976;04; 0; 0; 0; 0; 0; 0; 0; 0; 0; 105; 213; 60; 42; 35; 50; 0; 0; 0; 0; 0; 0; 0; 77; 0; 0; 0; 0; 0; 0; 0; 9999
1976;05; 0; 0; 0; 0; 190; 0; 0; 0; 0; 140; 0; 12; 0; 0; 0; 0; 188; 88; 125; 178; 44; 4; 0; 0; 0; 0; 0; 65; 624; 0; 0
1976;06; 0; 0; 0; 0; 92; 663; 2; 0; 0; 0; 0; 0; 0; 34; 0; 0; 0; 0; 0; 0; 0; 0; 0; 0; 0; 0; 0; 0; 0; 0; 9999
1976;07; 0; 117; 240; 0; 0; 0; 0; 12; 233; 50; 0; 0; 0; 0; 0; 0; 0; 0; 0; 0; 0; 0; 0; 0; 0; 0; 0; 0; 0; 0; 0
1976;08; 0; 0; 0; 0; 0; 0; 0; 0; 0; 158; 19; 172; 82; 395; 0; 0; 0; 10; 183; 12; 0; 0; 0; 0; 0; 0; 0; 0; 0; 0; 0
1976;09; 0; 0; 0; 0; 12; 163; 76; 0; 0; 0; 0; 0; 80; 21; 7; 236; 0; 0; 0; 0; 0; 0; 0; 0; 0; 0; 498; 19; 0; 0; 9999
1976;10; 0; 0; 0; 0; 110; 112; 0; 0; 532; 0; 0; 0; 0; 0; 0; 0; 0; 164; 145; 0; 0; 0; 0; 0; 273; 18; 0; 0; 0; 0; 0
1976;11; 14; 0; 0; 21; 5; 318; 0; 0; 0; 0; 0; 0; 0; 0; 0; 0; 0; 0; 0; 529; 87; 0; 0; 0; 0; 0; 0; 0; 108; 0; 9999
1976;12; 9; 480; 0; 0; 0; 0; 0; 0; 28; 0; 0; 65; 0; 0; 0; 289; 83; 0; 0; 0; 122; 0; 189; 38; 43; 200; 130; 116; 0; 0; 0
1977;01; 0; 0; 0; 0; 219; 1940; 338; 220; 0; 0; 0; 0; 0; 0; 0; 0; 592; 26; 710; 720; 0; 0; 0; 0; 0; 189; 258; 256; 0; 0; 0
1977;02; 133; 116; 0; 123; 13; 0; 0; 0; 0; 0; 0; 21; 0; 0; 0; 0; 0; 0; 0; 0; 0; 0; 185; 65; 0; 0; 0; 0; 9999; 9999; 9999
1977;03; 0; 0; 0; 35; 0; 0; 0; 1; 0; 0; 0; 0; 0; 0; 0; 0; 3; 0; 0; 116; 497; 0; 0; 0; 0; 0; 0; 0; 237; 210; 71
1977;04; 43; 0; 0; 13; 12; 0; 0; 0; 107; 219; 0; 0; 0; 0; 0; 0; 0; 0; 25; 370; 0; 0; 0; 0; 0; 0; 0; 0; 0; 0; 9999
1977;05; 0; 181; 0; 0; 0; 0; 0; 0; 0; 0; 0; 0; 0; 0; 0; 18; 0; 0; 0; 0; 0; 0; 0; 0; 0; 0; 0; 0; 0; 0; 0
1977;06; 1; 0; 0; 0; 98; 0; 0; 0; 0; 0; 0; 0; 0; 0; 29; 70; 0; 0; 0; 0; 0; 67; 13; 0; 0; 0; 0; 0; 0; 0; 9999
1977;07; 0; 0; 0; 0; 0; 0; 0; 0; 0; 0; 0; 0; 0; 0; 0; 0; 0; 0; 0; 0; 0; 0; 0; 25; 15; 0; 0; 0; 0; 0; 0
1977;08; 0; 0; 0; 0; 0; 0; 0; 0; 0; 0; 0; 0; 0; 0; 0; 0; 0; 0; 0; 0; 0; 0; 0; 0; 0; 0; 0; 0; 0; 31; 36
1977;09; 16; 28; 0; 0; 0; 0; 552; 164; 0; 0; 0; 0; 0; 0; 0; 0; 0; 0; 61; 0; 0; 0; 0; 0; 0; 0; 0; 0; 0; 3; 9999
1977;10; 0; 28; 0; 0; 0; 0; 0; 0; 0; 0; 0; 0; 0; 36; 0; 0; 138; 0; 0; 0; 0; 0; 0; 0; 0; 0; 0; 442; 0; 0; 0
1977;11; 0; 122; 0; 0; 0; 0; 0; 0; 92; 0; 0; 24; 100; 0; 76; 29; 143; 0; 45; 0; 228; 0; 0; 472; 26; 0; 0; 72; 0; 0; 9999
1977;12; 15; 1538; 587; 427; 221; 114; 0; 92; 0; 0; 310; 0; 0; 0; 0; 0; 0; 0; 615; 0; 45; 311; 276; 39; 0; 0; 0; 0; 0; 0; 0
1978;01; 0; 0; 0; 0; 32; 15; 0; 92; 0; 339; 68; 24; 0; 0; 0; 0; 0; 0; 0; 0; 0; 238; 0; 0; 0; 0; 65; 0; 0; 0; 30
1978;02; 0; 0; 0; 0; 0; 549; 18; 0; 0; 0; 0; 6; 0; 0; 0; 0; 12; 35; 0; 0; 0; 469; 72; 0; 0; 0; 0; 116; 9999; 9999; 9999
1978;03; 0; 0; 165; 19; 0; 0; 0; 31; 145; 298; 262; 0; 0; 83; 0; 0; 0; 0; 0; 0; 0; 0; 0; 0; 0; 0; 0; 8; 89; 0; 0
1978;04; 0; 0; 0; 0; 0; 0; 0; 0; 0; 0; 0; 0; 0; 0; 0; 0; 0; 0; 0; 0; 0; 0; 0; 0; 0; 0; 0; 0; 0; 0; 9999
1978;05; 0; 0; 0; 0; 0; 0; 0; 0; 0; 0; 0; 0; 0; 0; 0; 23; 192; 291; 121; 0; 142; 0; 0; 0; 0; 0; 0; 0; 0; 76; 6
1978;06; 0; 0; 0; 0; 0; 0; 0; 2; 165; 0; 0; 0; 0; 0; 0; 0; 0; 0; 0; 0; 0; 0; 0; 0; 0; 0; 0; 0; 0; 0; 9999
1978;07; 0; 0; 0; 0; 0; 0; 0; 0; 0; 0; 0; 0; 0; 0; 0; 158; 0; 190; 0; 158; 358; 123; 0; 0; 20; 0; 0; 0; 0; 0; 0
1978;08; 0; 0; 0; 0; 0; 0; 0; 0; 0; 0; 0; 0; 0; 9; 0; 0; 0; 0; 0; 0; 0; 0; 0; 0; 0; 0; 0; 0; 0; 0; 0
1978;09; 39; 0; 0; 0; 164; 345; 0; 87; 0; 0; 0; 0; 0; 0; 378; 46; 0; 0; 0; 0; 0; 0; 0; 0; 0; 0; 0; 0; 0; 0; 9999
1978;10; 0; 0; 0; 0; 0; 0; 0; 0; 0; 0; 10; 0; 0; 27; 9; 0; 20; 0; 527; 0; 0; 0; 0; 0; 0; 0; 0; 516; 0; 19; 30
1978;11; 0; 0; 0; 83; 246; 76; 0; 0; 0; 0; 550; 256; 0; 0; 0; 0; 13; 0; 0; 4; 0; 6; 12; 13; 0; 0; 19; 672; 0; 0; 9999
1978;12; 0; 0; 14; 0; 12; 0; 30; 673; 370; 0; 0; 0; 0; 0; 45; 80; 125; 53; 0; 0; 0; 0; 0; 0; 0; 176; 478; 10; 64; 0; 0
1979;01; 28; 24; 90; 0; 53; 0; 0; 0; 0; 0; 2; 8; 0; 0; 0; 0; 0; 0; 0; 0; 0; 0; 0; 0; 0; 5; 0; 0; 387; 43; 0
1979;02; 0; 0; 0; 0; 0; 0; 0; 0; 0; 534; 419; 0; 124; 98; 82; 0; 0; 0; 0; 0; 0; 0; 23; 0; 0; 0; 0; 0; 9999; 9999; 9999
1979;03; 0; 138; 0; 0; 0; 0; 0; 0; 0; 145; 225; 0; 160; 30; 0; 0; 0; 0; 0; 0; 0; 0; 0; 0; 0; 0; 0; 0; 0; 0; 0
1979;04; 0; 0; 0; 653; 73; 0; 0; 0; 0; 0; 0; 0; 0; 0; 0; 0; 0; 0; 98; 0; 0; 0; 0; 0; 0; 0; 0; 0; 61; 129; 9999
1979;05; 0; 0; 0; 273; 287; 0; 0; 854; 0; 0; 12; 0; 0; 0; 0; 0; 0; 0; 0; 0; 0; 0; 0; 0; 0; 0; 0; 0; 0; 129; 0
1979;06; 0; 0; 0; 0; 0; 0; 0; 0; 0; 0; 0; 0; 0; 0; 0; 0; 0; 0; 0; 0; 0; 0; 0; 0; 0; 0; 0; 0; 0; 0; 9999
1979;07; 0; 0; 0; 0; 0; 0; 0; 0; 0; 0; 0; 0; 0; 0; 0; 0; 0; 0; 0; 142; 0; 0; 0; 0; 0; 106; 8; 0; 0; 0; 0
1979;08; 0; 0; 0; 0; 0; 0; 0; 0; 0; 0; 0; 0; 35; 0; 4; 0; 0; 234; 68; 0; 0; 0; 0; 0; 0; 0; 135; 0; 0; 0; 0
1979;09; 0; 0; 87; 20; 0; 0; 0; 0; 0; 2; 73; 67; 0; 328; 9999; 9999; 0; 111; 0; 0; 0; 0; 273; 0; 0; 0; 0; 0; 0; 0; 9999
1979;10; 212; 2; 0; 0; 0; 0; 32; 149; 39; 0; 0; 0; 0; 213; 0; 0; 0; 0; 0; 0; 0; 0; 0; 0; 0; 45; 6; 0; 0; 0; 45
1979;11; 0; 0; 73; 224; 0; 0; 107; 145; 436; 61; 0; 0; 0; 0; 9; 0; 0; 0; 24; 0; 0; 0; 114; 0; 0; 164; 0; 0; 0; 0; 9999
1979;12; 0; 23; 0; 16; 150; 0; 0; 0; 0; 0; 39; 189; 418; 116; 219; 148; 13; 0; 0; 816; 0; 181; 137; 35; 79; 68; 160; 0; 0; 0; 0
1980;01; 62; 0; 0; 0; 0; 0; 0; 247; 21; 100; 0; 53; 0; 0; 0; 0; 9; 0; 19; 0; 15; 0; 11; 229; 0; 312; 72; 0; 0; 0; 0
1980;02; 53; 0; 0; 0; 0; 0; 99; 0; 0; 54; 274; 672; 103; 8; 36; 174; 56; 300; 0; 0; 0; 0; 68; 256; 34; 196; 229; 59; 165; 9999; 9999
1980;03; 72; 0; 0; 12; 13; 0; 0; 0; 0; 0; 0; 0; 0; 82; 0; 0; 212; 0; 0; 0; 0; 0; 0; 0; 0; 0; 0; 0; 0; 0; 0
1980;04; 0; 0; 0; 0; 75; 47; 0; 0; 0; 65; 0; 0; 0; 0; 75; 16; 0; 0; 0; 0; 0; 0; 0; 0; 0; 0; 0; 0; 0; 0; 9999
1980;05; 0; 40; 0; 0; 0; 0; 0; 0; 0; 0; 0; 16; 0; 0; 0; 0; 0; 0; 0; 0; 0; 176; 0; 0; 0; 0; 0; 0; 0; 0; 0
1980;06; 0; 0; 134; 41; 0; 0; 0; 0; 0; 0; 0; 0; 0; 45; 0; 0; 0; 0; 0; 0; 0; 1; 0; 0; 49; 631; 398; 0; 0; 0; 9999
1980;07; 0; 0; 0; 0; 0; 0; 0; 0; 0; 0; 0; 0; 0; 0; 0; 0; 0; 0; 0; 0; 0; 0; 0; 0; 0; 0; 0; 0; 0; 0; 0
1980;08; 0; 0; 0; 0; 0; 0; 41; 0; 0; 0; 0; 0; 0; 0; 0; 0; 0; 0; 0; 0; 0; 0; 2; 0; 0; 0; 0; 0; 0; 0; 0
1980;09; 0; 0; 0; 0; 0; 0; 0; 0; 0; 7; 0; 0; 47; 0; 78; 25; 0; 106; 60; 32; 43; 75; 0; 0; 0; 0; 0; 130; 0; 0; 9999
1980;10; 0; 0; 0; 0; 0; 0; 0; 64; 19; 0; 28; 45; 0; 0; 0; 0; 0; 0; 0; 0; 0; 0; 0; 0; 0; 0; 0; 0; 0; 0; 56
1980;11; 0; 0; 0; 0; 4; 0; 336; 345; 160; 0; 13; 0; 0; 0; 0; 0; 0; 0; 0; 0; 0; 0; 23; 76; 0; 0; 0; 0; 390; 147; 9999
1980;12; 261; 570; 3; 0; 20; 17; 0; 0; 0; 0; 0; 0; 235; 0; 25; 0; 0; 0; 0; 46; 0; 234; 0; 0; 378; 248; 43; 159; 0; 32; 70
1981;01; 0; 0; 0; 0; 61; 0; 0; 127; 42; 18; 138; 342; 17; 310; 598; 124; 0; 334; 8; 359; 309; 670; 39; 0; 0; 165; 0; 0; 0; 0; 0
1981;02; 0; 0; 0; 0; 127; 336; 73; 0; 48; 0; 0; 195; 74; 0; 13; 0; 0; 0; 0; 0; 545; 241; 14; 0; 0; 16; 0; 0; 9999; 9999; 9999
1981;03; 0; 0; 0; 0; 0; 0; 0; 0; 12; 0; 0; 28; 0; 0; 0; 9; 160; 0; 21; 0; 0; 0; 0; 0; 0; 17; 4; 173; 183; 51; 0
1981;04; 0; 0; 0; 0; 0; 0; 0; 0; 0; 0; 0; 0; 0; 0; 0; 232; 0; 0; 0; 0; 0; 0; 0; 36; 38; 0; 0; 221; 0; 0; 9999
1981;05; 0; 0; 0; 0; 106; 0; 0; 0; 0; 0; 0; 0; 0; 0; 0; 0; 0; 0; 0; 0; 0; 0; 0; 0; 0; 0; 0; 0; 0; 0; 0
1981;06; 0; 0; 0; 0; 0; 22; 346; 0; 0; 0; 0; 0; 0; 0; 0; 272; 210; 0; 0; 0; 0; 0; 0; 0; 0; 0; 0; 0; 0; 0; 9999
1981;07; 0; 0; 30; 0; 0; 0; 0; 0; 0; 0; 0; 0; 0; 0; 0; 0; 0; 0; 0; 0; 0; 0; 0; 0; 0; 0; 0; 0; 0; 0; 0
1981;08; 0; 0; 0; 0; 0; 0; 0; 0; 0; 0; 0; 0; 0; 0; 0; 0; 0; 20; 0; 0; 0; 0; 0; 0; 0; 0; 0; 0; 0; 0; 0
1981;09; 0; 0; 0; 0; 0; 0; 0; 0; 0; 0; 0; 0; 0; 0; 0; 0; 0; 0; 0; 0; 0; 0; 0; 0; 0; 0; 0; 0; 0; 20; 9999
1981;10; 0; 0; 0; 0; 49; 100; 4; 0; 0; 0; 95; 0; 68; 0; 0; 240; 0; 0; 0; 532; 0; 0; 0; 0; 0; 10; 161; 18; 0; 112; 48
1981;11; 0; 0; 41; 135; 82; 0; 4; 0; 0; 138; 56; 0; 0; 0; 0; 0; 23; 0; 119; 362; 0; 0; 0; 0; 0; 0; 0; 0; 0; 69; 9999
1981;12; 62; 2; 0; 0; 469; 0; 117; 223; 96; 92; 0; 0; 140; 0; 0; 0; 12; 160; 0; 0; 0; 132; 98; 0; 364; 0; 0; 148; 0; 0; 0
1982;01; 0; 57; 151; 0; 0; 0; 0; 955; 0; 409; 402; 435; 0; 0; 0; 0; 0; 0; 0; 0; 0; 0; 514; 0; 0; 0; 0; 19; 82; 324; 81
1982;02; 0; 226; 26; 0; 475; 271; 121; 0; 65; 0; 0; 0; 0; 0; 0; 0; 0; 0; 0; 0; 0; 0; 0; 384; 213; 146; 114; 9999; 9999; 9999; 9999
1982;03; 0; 139; 0; 0; 0; 0; 0; 0; 190; 103; 128; 238; 159; 0; 152; 297; 207; 138; 0; 0; 0; 195; 12; 0; 0; 23; 0; 0; 0; 0; 0
1982;04; 0; 0; 0; 0; 0; 0; 0; 0; 0; 0; 0; 0; 267; 0; 398; 0; 0; 0; 0; 0; 0; 0; 0; 0; 0; 0; 0; 0; 0; 0; 9999
1982;05; 0; 0; 0; 0; 0; 0; 0; 0; 0; 0; 0; 0; 0; 0; 0; 0; 0; 0; 107; 0; 0; 0; 69; 0; 283; 30; 0; 0; 0; 0; 169
1982;06; 0; 0; 0; 0; 0; 0; 0; 0; 0; 0; 0; 387; 159; 0; 0; 158; 0; 0; 0; 48; 0; 69; 6; 0; 121; 9; 0; 0; 126; 0; 9999
1982;07; 111; 0; 0; 0; 0; 0; 0; 0; 0; 0; 0; 0; 27; 28; 0; 0; 23; 165; 15; 0; 0; 0; 0; 0; 0; 0; 0; 0; 0; 13; 0
1982;08; 0; 0; 0; 0; 28; 0; 0; 1; 0; 0; 23; 0; 0; 0; 0; 0; 0; 0; 6; 0; 0; 0; 29; 0; 0; 0; 0; 0; 59; 0; 0
1982;09; 0; 0; 0; 0; 0; 0; 0; 0; 0; 0; 0; 0; 0; 0; 0; 0; 0; 0; 0; 0; 0; 2; 0; 0; 0; 0; 2; 100; 0; 0; 9999
1982;10; 0; 219; 112; 0; 0; 0; 105; 219; 129; 0; 417; 0; 795; 3; 0; 0; 0; 372; 0; 0; 1; 137; 0; 0; 0; 0; 0; 0; 109; 217; 0
1982;11; 0; 0; 0; 0; 0; 285; 0; 0; 0; 0; 59; 120; 0; 0; 0; 26; 0; 0; 0; 129; 0; 43; 0; 0; 0; 0; 0; 0; 149; 0; 9999
1982;12; 164; 0; 11; 0; 0; 0; 128; 0; 0; 0; 0; 45; 0; 75; 0; 338; 75; 23; 143; 0; 62; 0; 224; 210; 0; 0; 0; 0; 48; 95; 20
1983;01; 256; 0; 98; 0; 43; 38; 23; 34; 89; 0; 0; 224; 545; 265; 175; 234; 252; 384; 154; 16; 71; 0; 0; 0; 0; 171; 0; 0; 0; 63; 0
1983;02; 26; 446; 137; 0; 0; 0; 0; 387; 0; 184; 0; 0; 193; 0; 0; 0; 0; 0; 163; 0; 0; 0; 32; 65; 0; 171; 0; 38; 9999; 9999; 9999
1983;03; 16; 0; 0; 11; 229; 45; 32; 0; 34; 0; 0; 0; 103; 0; 0; 0; 0; 0; 163; 0; 0; 0; 0; 0; 0; 0; 0; 32; 0; 0; 0
1983;04; 0; 0; 0; 0; 0; 11; 186; 0; 0; 0; 0; 125; 0; 0; 0; 0; 0; 0; 0; 0; 0; 17; 0; 0; 237; 314; 45; 0; 0; 0; 9999
1983;05; 0; 0; 0; 0; 0; 0; 0; 0; 130; 0; 0; 0; 43; 0; 0; 0; 0; 38; 0; 210; 0; 0; 189; 362; 0; 0; 0; 212; 279; 298; 663
1983;06; 10; 71; 31; 57; 63; 306; 308; 0; 25; 0; 0; 0; 0; 0; 0; 0; 0; 0; 0; 0; 0; 0; 0; 0; 0; 0; 0; 6; 29; 0; 9999
1983;07; 0; 0; 0; 0; 0; 0; 0; 0; 0; 0; 0; 0; 0; 0; 0; 0; 0; 36; 0; 13; 30; 0; 0; 0; 0; 0; 0; 0; 0; 0; 9999
1983;08; 0; 0; 0; 0; 0; 0; 0; 0; 0; 0; 0; 0; 0; 0; 0; 0; 0; 0; 0; 0; 0; 0; 0; 0; 0; 0; 0; 0; 0; 0; 0
1983;09; 0; 0; 51; 0; 0; 196; 423; 225; 8; 0; 0; 0; 20; 0; 0; 126; 279; 586; 124; 4; 0; 0; 0; 71; 0; 0; 0; 0; 0; 0; 9999
1983;10; 0; 0; 0; 0; 0; 0; 0; 0; 0; 0; 0; 0; 89; 141; 52; 0; 0; 23; 46; 0; 0; 0; 326; 215; 0; 0; 0; 0; 0; 0; 0
1983;11; 40; 152; 9; 243; 38; 0; 0; 0; 0; 0; 50; 178; 0; 0; 7; 0; 0; 0; 0; 0; 0; 279; 0; 0; 0; 0; 0; 0; 0; 91; 9999
1983;12; 0; 0; 0; 0; 0; 0; 0; 0; 13; 0; 0; 13; 0; 26; 182; 42; 0; 32; 0; 186; 42; 487; 545; 61; 0; 0; 43; 226; 377; 120; 6
1984;01; 0; 178; 0; 0; 0; 0; 0; 162; 0; 0; 0; 0; 0; 0; 0; 0; 0; 0; 0; 0; 0; 0; 239; 0; 334; 157; 745; 187; 13; 0; 0
1984;02; 0; 0; 0; 0; 0; 0; 182; 0; 0; 0; 0; 0; 0; 0; 0; 40; 43; 0; 0; 0; 0; 0; 370; 0; 298; 72; 0; 0; 0; 9999; 9999
1984;03; 0; 0; 0; 0; 0; 94; 127; 95; 2; 0; 0; 0; 0; 0; 0; 0; 0; 0; 0; 43; 6; 2; 0; 0; 0; 0; 243; 0; 0; 0; 0
1984;04; 0; 0; 231; 58; 10; 0; 0; 0; 0; 0; 0; 0; 0; 0; 67; 0; 0; 0; 0; 0; 0; 0; 31; 34; 29; 0; 0; 0; 0; 0; 9999
1984;05; 58; 69; 83; 0; 0; 0; 0; 0; 0; 0; 0; 0; 0; 2; 6; 0; 76; 0; 0; 0; 0; 0; 0; 0; 0; 0; 0; 0; 0; 0; 0
1984;06; 0; 0; 0; 0; 0; 0; 0; 0; 0; 0; 0; 0; 0; 0; 0; 0; 0; 0; 0; 0; 0; 0; 0; 0; 0; 0; 0; 0; 0; 0; 9999
1984;07; 0; 0; 0; 0; 0; 0; 0; 0; 0; 0; 0; 0; 0; 0; 0; 0; 0; 0; 0; 0; 0; 0; 0; 0; 0; 0; 0; 0; 0; 0; 0
1984;08; 0; 0; 242; 12; 0; 0; 0; 0; 0; 0; 0; 0; 0; 0; 0; 0; 0; 0; 0; 56; 141; 75; 87; 0; 0; 58; 0; 0; 0; 0; 0
1984;09; 0; 0; 0; 0; 0; 0; 0; 0; 149; 0; 0; 0; 0; 0; 0; 0; 98; 0; 2; 26; 192; 0; 0; 0; 9; 183; 0; 0; 0; 0; 9999
1984;10; 0; 0; 0; 0; 0; 0; 0; 0; 0; 0; 0; 0; 8; 0; 0; 0; 0; 148; 0; 0; 0; 0; 0; 0; 0; 0; 0; 0; 0; 0; 0
1984;11; 0; 0; 0; 0; 0; 0; 21; 0; 0; 0; 0; 413; 0; 0; 0; 0; 38; 56; 0; 0; 4; 0; 6; 0; 0; 31; 24; 0; 0; 0; 9999
1984;12; 0; 6; 0; 0; 0; 12; 5; 1; 0; 0; 0; 18; 112; 267; 315; 0; 59; 76; 0; 0; 0; 0; 0; 0; 0; 35; 109; 0; 0; 0; 123
1985;01; 0; 0; 0; 0; 0; 0; 35; 285; 67; 0; 0; 0; 0; 175; 0; 130; 354; 0; 0; 0; 0; 37; 62; 52; 138; 0; 0; 0; 0; 0; 0
1985;02; 0; 0; 0; 0; 18; 0; 51; 29; 0; 0; 154; 0; 3; 0; 0; 0; 74; 248; 0; 0; 0; 280; 149; 0; 0; 0; 0; 38; 9999; 9999; 9999
1985;03; 12; 43; 0; 0; 0; 19; 49; 389; 65; 178; 243; 0; 0; 0; 0; 221; 89; 499; 0; 0; 52; 0; 0; 0; 0; 0; 0; 324; 0; 0; 0
1985;04; 0; 0; 0; 341; 0; 0; 0; 0; 0; 0; 18; 0; 0; 0; 0; 132; 438; 29; 0; 0; 0; 0; 0; 0; 0; 173; 105; 0; 0; 3; 9999
1985;05; 13; 0; 0; 0; 0; 0; 0; 0; 0; 7; 0; 0; 0; 0; 0; 0; 0; 0; 0; 0; 25; 334; 0; 0; 0; 0; 0; 0; 0; 0; 0
1985;06; 0; 0; 54; 60; 0; 0; 0; 0; 0; 0; 0; 0; 0; 0; 0; 0; 0; 0; 0; 0; 0; 0; 0; 0; 0; 0; 0; 0; 0; 0; 9999
1985;07; 0; 0; 0; 0; 0; 85; 148; 0; 0; 0; 0; 0; 0; 0; 0; 0; 0; 0; 0; 0; 0; 0; 0; 0; 0; 0; 0; 0; 0; 0; 0
1985;08; 0; 0; 0; 0; 0; 0; 0; 0; 0; 0; 0; 0; 0; 0; 0; 0; 0; 0; 0; 0; 0; 0; 2; 0; 0; 0; 0; 0; 0; 0; 0
1985;09; 68; 0; 0; 85; 3; 32; 0; 0; 0; 0; 0; 0; 0; 0; 0; 0; 0; 0; 0; 0; 0; 0; 0; 0; 0; 0; 0; 0; 0; 68; 9999
1985;10; 0; 0; 0; 0; 0; 0; 0; 0; 0; 19; 0; 0; 0; 0; 0; 1; 0; 0; 107; 0; 0; 0; 0; 0; 43; 87; 0; 0; 587; 0; 0
1985;11; 0; 184; 358; 90; 0; 0; 0; 0; 0; 0; 0; 0; 0; 0; 0; 0; 0; 0; 0; 0; 265; 142; 0; 192; 98; 178; 235; 0; 0; 0; 9999
1985;12; 0; 0; 0; 198; 0; 0; 0; 0; 0; 0; 0; 0; 0; 0; 468; 0; 26; 0; 0; 0; 145; 112; 0; 0; 253; 0; 55; 0; 0; 0; 0
1986;01; 0; 91; 0; 0; 54; 78; 0; 0; 0; 0; 0; 19; 0; 0; 0; 0; 0; 0; 0; 0; 0; 0; 0; 4; 0; 0; 242; 0; 0; 0; 153
1986;02; 0; 0; 39; 0; 0; 0; 223; 57; 0; 48; 0; 229; 0; 57; 176; 93; 158; 43; 0; 46; 338; 26; 0; 0; 0; 48; 0; 0; 9999; 9999; 9999
1986;03; 74; 0; 0; 0; 5; 0; 43; 0; 0; 46; 0; 34; 0; 0; 0; 0; 0; 0; 0; 9; 0; 0; 135; 0; 46; 21; 0; 93; 0; 174; 0
1986;04; 0; 0; 0; 0; 0; 0; 0; 0; 0; 0; 0; 0; 0; 0; 69; 0; 0; 0; 0; 0; 81; 0; 18; 0; 0; 0; 0; 0; 0; 0; 9999
1986;05; 0; 0; 0; 0; 0; 0; 0; 334; 98; 37; 0; 0; 178; 2; 0; 0; 0; 65; 396; 0; 2; 0; 0; 0; 0; 0; 0; 0; 0; 0; 2
1986;06; 0; 0; 0; 0; 0; 0; 0; 0; 0; 0; 0; 0; 0; 0; 0; 0; 0; 0; 0; 0; 0; 0; 0; 0; 0; 0; 0; 0; 0; 0; 9999
1986;07; 0; 0; 0; 0; 0; 0; 0; 0; 0; 0; 0; 0; 0; 0; 0; 0; 0; 0; 0; 0; 0; 0; 160; 0; 0; 0; 0; 0; 0; 0; 65
1986;08; 0; 0; 0; 0; 0; 0; 0; 0; 0; 0; 0; 0; 7; 82; 198; 157; 163; 0; 0; 0; 43; 358; 207; 0; 64; 0; 0; 0; 0; 0; 0
1986;09; 0; 0; 0; 0; 0; 0; 0; 0; 0; 0; 0; 0; 0; 0; 0; 0; 0; 0; 0; 0; 0; 0; 0; 0; 0; 135; 0; 0; 78; 0; 9999
1986;10; 0; 0; 0; 0; 0; 0; 0; 0; 0; 99; 0; 0; 0; 0; 0; 0; 0; 0; 67; 33; 60; 313; 0; 0; 0; 0; 0; 0; 0; 0; 0
1986;11; 0; 0; 0; 114; 0; 0; 17; 0; 0; 0; 51; 12; 0; 0; 0; 0; 0; 0; 0; 0; 0; 0; 0; 9; 0; 0; 19; 0; 319; 0; 9999
1986;12; 51; 523; 285; 50; 23; 0; 257; 0; 67; 148; 0; 0; 0; 0; 20; 0; 0; 173; 14; 0; 0; 0; 543; 0; 24; 0; 0; 0; 0; 239; 0
1987;01; 0; 0; 0; 175; 273; 38; 17; 0; 0; 0; 0; 0; 375; 0; 30; 335; 0; 0; 0; 0; 0; 37; 93; 0; 497; 595; 178; 135; 34; 412; 85
1987;02; 0; 37; 105; 134; 54; 38; 0; 0; 0; 0; 0; 0; 0; 312; 284; 253; 0; 239; 0; 83; 0; 0; 0; 0; 99; 0; 0; 0; 9999; 9999; 9999
1987;03; 0; 0; 0; 0; 0; 0; 0; 297; 148; 46; 0; 0; 0; 0; 0; 0; 0; 0; 68; 163; 0; 0; 0; 0; 0; 0; 0; 0; 0; 0; 0
1987;04; 0; 0; 56; 0; 0; 0; 0; 0; 19; 0; 0; 0; 0; 0; 0; 0; 0; 0; 0; 0; 169; 0; 0; 0; 0; 0; 0; 0; 0; 0; 9999
1987;05; 0; 0; 0; 0; 36; 157; 0; 0; 192; 0; 0; 425; 0; 0; 0; 234; 0; 0; 37; 34; 5; 28; 0; 64; 0; 0; 0; 2; 45; 0; 0
1987;06; 0; 0; 0; 0; 0; 3; 0; 0; 0; 0; 0; 0; 0; 69; 41; 121; 0; 0; 0; 0; 0; 0; 176; 0; 0; 0; 0; 0; 0; 0; 9999
1987;07; 0; 0; 0; 0; 0; 0; 0; 0; 189; 0; 0; 0; 0; 0; 0; 0; 0; 0; 0; 0; 0; 0; 0; 0; 0; 0; 0; 0; 0; 10; 0
1987;08; 0; 0; 0; 0; 0; 10; 34; 0; 0; 0; 0; 0; 0; 0; 0; 0; 0; 0; 0; 0; 0; 0; 0; 0; 0; 0; 0; 0; 0; 0; 3
1987;09; 0; 0; 0; 0; 0; 8; 0; 15; 0; 0; 132; 0; 0; 0; 0; 0; 0; 84; 143; 0; 16; 130; 49; 0; 0; 0; 0; 0; 0; 0; 9999
1987;10; 10; 272; 0; 0; 0; 104; 0; 0; 0; 0; 0; 0; 0; 0; 0; 0; 0; 0; 0; 112; 0; 0; 0; 0; 98; 0; 0; 0; 0; 0; 0
1987;11; 0; 0; 0; 0; 0; 210; 16; 0; 0; 0; 0; 0; 0; 207; 15; 0; 0; 0; 0; 0; 0; 0; 0; 0; 56; 82; 0; 0; 0; 0; 9999
1987;12; 0; 0; 0; 0; 37; 0; 65; 0; 18; 0; 0; 0; 0; 0; 0; 0; 125; 49; 36; 0; 0; 0; 0; 0; 0; 0; 0; 28; 0; 0; 0
1988;01; 0; 0; 0; 0; 0; 93; 194; 323; 0; 148; 0; 0; 0; 24; 0; 0; 0; 0; 0; 546; 149; 0; 0; 0; 0; 0; 0; 0; 33; 600; 0
1988;02; 0; 42; 0; 0; 0; 0; 0; 151; 210; 90; 169; 0; 0; 116; 112; 0; 463; 0; 98; 378; 0; 0; 0; 0; 0; 172; 108; 0; 19; 9999; 9999
1988;03; 0; 27; 0; 790; 15; 0; 0; 0; 0; 0; 0; 0; 0; 0; 0; 0; 286; 303; 135; 0; 0; 0; 0; 0; 0; 0; 0; 0; 0; 0; 0
1988;04; 0; 187; 0; 0; 0; 0; 0; 216; 0; 0; 0; 0; 165; 324; 0; 0; 69; 49; 34; 0; 10; 0; 0; 0; 0; 79; 0; 0; 0; 0; 9999
1988;05; 0; 0; 0; 29; 0; 0; 0; 0; 0; 0; 0; 0; 0; 0; 0; 0; 0; 21; 0; 0; 0; 0; 0; 0; 0; 0; 0; 0; 0; 139; 68
1988;06; 0; 0; 0; 64; 0; 0; 0; 0; 0; 0; 0; 0; 0; 0; 0; 0; 0; 0; 0; 0; 0; 0; 0; 0; 0; 0; 0; 0; 0; 0; 9999
1988;07; 0; 0; 0; 0; 0; 0; 0; 0; 0; 0; 0; 0; 0; 0; 0; 0; 0; 0; 0; 0; 0; 0; 0; 0; 0; 0; 0; 0; 0; 0; 0
1988;08; 0; 0; 0; 0; 0; 0; 0; 0; 0; 0; 0; 0; 0; 0; 0; 0; 0; 0; 0; 0; 0; 0; 0; 0; 0; 0; 0; 0; 0; 0; 0
1988;09; 0; 0; 0; 0; 0; 0; 0; 0; 0; 0; 0; 0; 0; 0; 105; 0; 48; 0; 0; 0; 0; 0; 0; 0; 0; 0; 0; 0; 0; 0; 9999
1988;10; 0; 0; 0; 0; 0; 0; 0; 0; 0; 0; 0; 265; 109; 0; 0; 0; 0; 0; 0; 249; 43; 0; 321; 0; 0; 312; 52; 15; 0; 376; 0
1988;11; 34; 0; 0; 0; 0; 0; 0; 0; 0; 0; 0; 0; 0; 0; 0; 0; 0; 0; 0; 78; 217; 0; 0; 0; 0; 0; 0; 0; 0; 0; 9999
1988;12; 0; 0; 0; 0; 0; 0; 0; 0; 0; 0; 0; 0; 0; 0; 0; 0; 0; 0; 0; 0; 0; 4; 87; 373; 24; 123; 83; 7; 0; 0; 0
1989;01; 0; 0; 60; 127; 647; 190; 85; 0; 0; 12; 0; 0; 0; 0; 356; 223; 0; 0; 0; 67; 0; 27; 0; 0; 697; 0; 0; 0; 53; 0; 0
1989;02; 0; 0; 0; 0; 0; 0; 238; 0; 41; 54; 0; 603; 0; 88; 23; 14; 0; 0; 0; 0; 0; 0; 0; 211; 5; 0; 0; 0; 9999; 9999; 9999
1989;03; 0; 0; 0; 0; 0; 0; 0; 0; 0; 0; 0; 0; 0; 59; 404; 2; 19; 0; 148; 265; 38; 0; 0; 0; 0; 19; 0; 0; 12; 0; 0
1989;04; 0; 27; 0; 0; 0; 0; 0; 0; 0; 0; 0; 0; 0; 219; 0; 0; 0; 0; 0; 0; 0; 0; 0; 0; 0; 0; 0; 0; 0; 0; 9999
1989;05; 0; 0; 0; 52; 37; 24; 0; 0; 0; 0; 0; 0; 0; 0; 0; 0; 0; 0; 0; 0; 0; 0; 0; 0; 0; 0; 0; 0; 0; 0; 0
1989;06; 0; 0; 0; 0; 0; 0; 0; 238; 0; 0; 428; 0; 0; 0; 0; 0; 0; 0; 0; 0; 0; 0; 0; 0; 79; 0; 0; 0; 65; 0; 9999
1989;07; 0; 0; 0; 0; 0; 0; 0; 0; 0; 0; 0; 0; 0; 0; 0; 0; 0; 0; 0; 0; 0; 0; 0; 0; 0; 14; 200; 126; 0; 520; 291
1989;08; 0; 0; 0; 0; 0; 0; 0; 0; 0; 0; 0; 0; 0; 0; 0; 0; 0; 0; 0; 0; 0; 176; 17; 0; 0; 90; 0; 0; 0; 0; 0
1989;09; 0; 13; 0; 0; 0; 23; 223; 35; 0; 172; 194; 0; 87; 9; 0; 0; 0; 0; 0; 0; 0; 0; 0; 0; 36; 0; 32; 0; 0; 0; 9999
1989;10; 0; 0; 0; 234; 0; 0; 0; 0; 0; 0; 13; 0; 0; 0; 0; 0; 0; 0; 0; 0; 0; 0; 0; 0; 132; 0; 339; 0; 0; 0; 0
1989;11; 0; 0; 0; 0; 37; 0; 0; 0; 0; 0; 0; 295; 9999; 9999; 0; 0; 0; 0; 0; 492; 430; 170; 0; 0; 0; 0; 0; 279; 0; 0; 9999
1989;12; 0; 0; 0; 1; 0; 0; 0; 0; 0; 0; 78; 550; 876; 92; 0; 0; 0; 0; 98; 0; 0; 0; 0; 0; 0; 279; 194; 158; 228; 182; 200
1990;01; 0; 225; 495; 0; 0; 180; 120; 184; 0; 445; 285; 87; 0; 0; 0; 212; 0; 0; 0; 21; 0; 0; 148; 0; 0; 0; 0; 0; 0; 0; 0
1990;02; 0; 0; 0; 0; 0; 0; 329; 0; 0; 0; 0; 0; 0; 0; 0; 0; 0; 0; 0; 0; 0; 0; 65; 0; 0; 0; 0; 0; 9999; 9999; 9999
1990;03; 0; 0; 0; 0; 0; 0; 0; 0; 0; 0; 0; 0; 0; 0; 439; 0; 0; 0; 6; 0; 18; 24; 434; 0; 0; 0; 240; 457; 34; 0; 0
1990;04; 0; 0; 0; 0; 0; 0; 0; 0; 0; 0; 0; 0; 0; 0; 0; 0; 0; 369; 156; 68; 0; 0; 0; 0; 0; 0; 0; 0; 0; 0; 9999
1990;05; 0; 359; 0; 0; 0; 0; 0; 0; 0; 0; 0; 254; 0; 0; 0; 0; 0; 65; 0; 0; 0; 0; 0; 0; 0; 0; 0; 0; 0; 0; 0
1990;06; 0; 0; 0; 0; 0; 0; 0; 0; 0; 0; 0; 0; 0; 0; 0; 0; 0; 0; 0; 0; 0; 0; 0; 0; 0; 0; 0; 0; 0; 0; 9999
1990;07; 0; 0; 0; 0; 0; 0; 0; 0; 0; 38; 0; 0; 0; 0; 0; 0; 105; 0; 20; 0; 0; 0; 0; 0; 0; 0; 0; 0; 0; 0; 0
1990;08; 0; 0; 0; 0; 0; 0; 0; 0; 0; 0; 0; 0; 0; 0; 0; 0; 89; 32; 0; 128; 0; 0; 0; 0; 0; 0; 0; 159; 0; 0; 0
1990;09; 0; 198; 0; 0; 0; 0; 0; 0; 0; 0; 0; 0; 198; 68; 0; 0; 0; 0; 0; 0; 0; 0; 51; 0; 0; 0; 0; 0; 0; 75; 9999
1990;10; 172; 34; 0; 0; 0; 0; 0; 0; 0; 0; 0; 0; 68; 0; 179; 0; 0; 0; 489; 0; 24; 0; 0; 0; 0; 0; 0; 0; 0; 0; 0
1990;11; 0; 0; 0; 0; 54; 195; 0; 0; 0; 0; 0; 0; 0; 0; 0; 0; 0; 892; 0; 0; 0; 0; 0; 5; 0; 0; 0; 8; 0; 0; 9999
1990;12; 0; 0; 0; 0; 0; 0; 39; 0; 0; 386; 178; 242; 106; 100; 184; 215; 172; 0; 263; 238; 0; 0; 0; 0; 556; 130; 0; 0; 0; 0; 0
1991;01; 0; 0; 0; 127; 185; 0; 0; 0; 0; 248; 0; 0; 189; 0; 26; 0; 0; 0; 0; 0; 0; 0; 0; 0; 78; 0; 278; 0; 0; 293; 143
1991;02; 83; 0; 347; 0; 0; 0; 9999; 9999; 9999; 9999; 9999; 9999; 9999; 0; 0; 0; 0; 223; 0; 0; 0; 0; 0; 0; 0; 0; 108; 0; 9999; 9999; 9999
1991;03; 143; 0; 258; 124; 0; 486; 132; 0; 0; 0; 0; 0; 0; 0; 0; 0; 0; 0; 378; 0; 0; 0; 0; 0; 0; 155; 98; 59; 185; 239; 158
1991;04; 0; 0; 0; 0; 0; 0; 0; 0; 0; 0; 0; 0; 0; 0; 0; 0; 0; 169; 224; 0; 0; 0; 0; 0; 169; 0; 0; 0; 0; 0; 9999
1991;05; 0; 0; 0; 0; 0; 0; 0; 0; 0; 0; 0; 0; 0; 0; 578; 0; 0; 0; 0; 0; 62; 0; 0; 0; 0; 0; 0; 0; 0; 0; 0
1991;06; 0; 0; 0; 0; 0; 0; 0; 0; 0; 0; 0; 0; 0; 0; 0; 0; 0; 0; 286; 0; 0; 0; 0; 0; 0; 0; 0; 0; 0; 0; 9999
1991;07; 0; 0; 0; 0; 0; 0; 0; 0; 0; 0; 0; 0; 68; 0; 213; 304; 0; 0; 0; 0; 0; 0; 0; 0; 0; 0; 0; 0; 0; 0; 0
1991;08; 0; 0; 0; 0; 0; 0; 0; 0; 0; 0; 0; 0; 0; 0; 0; 0; 0; 0; 0; 0; 0; 0; 0; 0; 0; 0; 0; 0; 0; 0; 0
1991;09; 0; 0; 0; 0; 0; 0; 0; 0; 0; 0; 0; 0; 0; 0; 0; 0; 0; 0; 0; 0; 0; 0; 0; 0; 0; 0; 0; 0; 194; 60; 9999
1991;10; 0; 5; 157; 0; 71; 153; 0; 0; 164; 0; 0; 0; 0; 0; 0; 0; 0; 196; 0; 0; 0; 0; 0; 0; 0; 0; 0; 0; 0; 0; 0
1991;11; 100; 0; 0; 0; 0; 0; 0; 0; 0; 0; 0; 0; 0; 119; 0; 0; 0; 0; 0; 0; 0; 0; 0; 0; 0; 0; 0; 0; 0; 0; 9999
1991;12; 0; 0; 0; 0; 0; 0; 0; 126; 0; 144; 211; 84; 0; 0; 400; 316; 0; 176; 411; 0; 0; 100; 0; 0; 0; 0; 170; 0; 0; 0; 0
1992;01; 0; 0; 0; 226; 117; 0; 0; 0; 0; 0; 0; 0; 21; 0; 0; 0; 0; 0; 0; 0; 0; 30; 58; 0; 0; 153; 0; 0; 0; 0; 0
1992;02; 219; 521; 345; 58; 0; 0; 19; 411; 30; 0; 0; 0; 0; 0; 0; 0; 0; 0; 51; 0; 0; 0; 0; 0; 0; 9; 0; 33; 5; 9999; 9999
1992;03; 7; 193; 40; 9999; 9999; 9999; 9999; 9999; 9999; 9999; 0; 43; 0; 0; 0; 0; 100; 0; 73; 0; 0; 0; 0; 9999; 9999; 9999; 9999; 9999; 96; 11; 0
1992;04; 0; 0; 0; 0; 0; 0; 77; 0; 0; 0; 0; 0; 167; 451; 0; 0; 0; 0; 0; 38; 0; 0; 0; 64; 282; 0; 0; 0; 0; 8; 9999
1992;05; 0; 0; 612; 0; 0; 0; 0; 0; 0; 0; 0; 0; 0; 0; 0; 0; 0; 0; 83; 0; 0; 0; 98; 0; 0; 0; 0; 0; 0; 0; 0
1992;06; 0; 0; 0; 0; 0; 0; 0; 0; 0; 0; 0; 0; 0; 0; 0; 0; 0; 0; 0; 0; 0; 0; 0; 0; 0; 0; 0; 0; 0; 0; 9999
1992;07; 0; 0; 0; 0; 0; 0; 0; 0; 0; 0; 0; 0; 0; 0; 0; 0; 9999; 9999; 9999; 9999; 9999; 9999; 9999; 9999; 9999; 9999; 9999; 9999; 9999; 9999; 9999
1992;08; 9999; 9999; 9999; 9999; 9999; 9999; 9999; 9999; 9999; 9999; 9999; 9999; 9999; 9999; 9999; 9999; 9999; 9999; 9999; 9999; 9999; 9999; 9999; 9999; 9999; 9999; 9999; 9999; 9999; 9999; 9999
1992;09; 9999; 9999; 9999; 9999; 9999; 9999; 9999; 9999; 9999; 9999; 9999; 9999; 9999; 9999; 9999; 9999; 9999; 9999; 9999; 9999; 9999; 9999; 9999; 9999; 9999; 9999; 9999; 9999; 9999; 9999; 9999
1992;10; 9999; 9999; 9999; 9999; 9999; 9999; 9999; 9999; 9999; 9999; 9999; 9999; 9999; 9999; 9999; 9999; 9999; 9999; 9999; 9999; 9999; 9999; 9999; 9999; 9999; 9999; 9999; 9999; 9999; 9999; 9999
1992;11; 0; 0; 0; 0; 0; 0; 0; 0; 0; 0; 0; 0; 0; 0; 0; 0; 0; 0; 0; 0; 0; 103; 0; 410; 180; 0; 0; 0; 81; 0; 9999
1992;12; 427; 0; 0; 0; 0; 0; 0; 0; 0; 78; 367; 365; 0; 0; 0; 0; 0; 325; 0; 476; 0; 0; 0; 0; 111; 12; 0; 0; 0; 0; 0
1993;01; 0; 0; 0; 0; 144; 0; 200; 185; 437; 295; 385; 0; 7; 0; 0; 0; 22; 0; 4; 5; 31; 0; 0; 0; 0; 459; 35; 175; 0; 0; 273
1993;02; 0; 67; 0; 152; 217; 339; 170; 52; 150; 0; 47; 0; 43; 0; 21; 203; 120; 0; 300; 390; 131; 15; 89; 0; 0; 0; 0; 0; 9999; 9999; 9999
1993;03; 0; 135; 0; 0; 117; 0; 0; 0; 0; 0; 0; 0; 0; 0; 0; 107; 0; 0; 48; 0; 64; 14; 47; 13; 113; 190; 100; 0; 517; 13; 230
1993;04; 216; 371; 13; 0; 0; 0; 0; 0; 423; 0; 0; 379; 29; 0; 0; 0; 0; 0; 0; 0; 0; 0; 0; 0; 0; 0; 0; 0; 0; 0; 9999
1993;05; 0; 0; 0; 49; 0; 373; 0; 0; 0; 0; 0; 0; 0; 145; 156; 0; 0; 0; 0; 0; 0; 0; 0; 0; 0; 0; 0; 0; 0; 61; 100
1993;06; 0; 0; 0; 0; 350; 5; 0; 0; 0; 0; 0; 0; 0; 0; 0; 0; 0; 125; 111; 0; 0; 0; 0; 0; 0; 0; 0; 0; 0; 0; 9999
1993;07; 0; 0; 0; 0; 0; 0; 0; 0; 0; 0; 0; 0; 0; 0; 145; 0; 0; 0; 0; 0; 0; 0; 0; 0; 0; 0; 0; 0; 0; 78; 0
1993;08; 0; 0; 0; 0; 0; 0; 0; 0; 0; 0; 0; 0; 0; 0; 0; 180; 0; 0; 0; 64; 0; 0; 6; 624; 100; 0; 0; 0; 0; 0; 0
1993;09; 0; 0; 0; 0; 0; 0; 0; 183; 0; 0; 46; 0; 0; 0; 189; 404; 0; 0; 0; 0; 0; 155; 187; 11; 570; 0; 108; 0; 0; 0; 9999
1993;10; 335; 0; 0; 0; 6; 0; 0; 0; 0; 0; 0; 0; 0; 0; 3; 0; 0; 0; 332; 0; 0; 240; 70; 0; 0; 0; 0; 0; 0; 0; 0
1993;11; 0; 0; 0; 0; 0; 0; 300; 68; 0; 0; 85; 0; 0; 0; 0; 0; 325; 0; 0; 0; 0; 0; 0; 0; 35; 0; 0; 0; 0; 0; 9999
1993;12; 0; 0; 0; 12; 0; 63; 100; 0; 40; 395; 185; 137; 0; 0; 0; 10; 56; 19; 0; 0; 0; 0; 0; 0; 19; 339; 17; 17; 508; 220; 3
1994;01; 0; 0; 0; 31; 0; 0; 0; 69; 244; 269; 0; 0; 0; 47; 150; 0; 0; 0; 67; 0; 218; 0; 523; 16; 0; 269; 355; 333; 0; 27; 23
1994;02; 0; 0; 0; 0; 0; 129; 0; 25; 0; 0; 0; 0; 84; 0; 0; 0; 0; 90; 0; 0; 81; 90; 55; 155; 48; 200; 0; 0; 9999; 9999; 9999
1994;03; 79; 0; 0; 0; 0; 0; 0; 0; 0; 34; 33; 425; 0; 0; 0; 0; 0; 0; 0; 251; 203; 0; 0; 0; 27; 161; 0; 0; 0; 0; 80
1994;04; 0; 490; 0; 0; 0; 0; 97; 0; 0; 0; 0; 0; 0; 0; 44; 0; 0; 0; 247; 0; 0; 30; 0; 0; 0; 0; 0; 0; 0; 0; 9999
1994;05; 0; 0; 0; 0; 0; 0; 0; 0; 0; 0; 0; 0; 3; 38; 0; 0; 0; 0; 0; 0; 9; 0; 0; 0; 100; 0; 2; 153; 0; 0; 0
1994;06; 0; 0; 0; 0; 93; 0; 0; 0; 17; 0; 0; 0; 0; 0; 0; 0; 0; 0; 0; 0; 0; 0; 93; 0; 110; 0; 0; 0; 0; 0; 9999
1994;07; 0; 0; 0; 0; 0; 0; 0; 18; 35; 0; 0; 0; 0; 0; 0; 0; 0; 0; 0; 0; 0; 0; 54; 0; 0; 0; 0; 0; 0; 0; 0
1994;08; 0; 0; 0; 0; 0; 0; 0; 0; 0; 0; 0; 0; 0; 0; 0; 0; 0; 0; 0; 0; 0; 0; 0; 0; 0; 0; 0; 0; 0; 0; 0
1994;09; 0; 0; 0; 0; 0; 0; 0; 0; 0; 0; 0; 0; 0; 0; 0; 0; 0; 0; 0; 0; 0; 0; 0; 0; 0; 0; 0; 0; 0; 66; 9999
1994;10; 0; 0; 0; 3; 0; 0; 0; 0; 0; 0; 0; 0; 0; 0; 0; 0; 0; 162; 0; 0; 0; 197; 0; 0; 173; 0; 251; 19; 0; 0; 0
1994;11; 0; 0; 0; 0; 34; 0; 263; 0; 0; 7; 0; 0; 0; 49; 0; 106; 0; 365; 553; 0; 0; 0; 0; 0; 0; 0; 0; 98; 213; 0; 9999
1994;12; 0; 0; 0; 0; 0; 175; 28; 40; 0; 0; 0; 0; 7; 0; 0; 0; 0; 116; 98; 0; 0; 239; 203; 0; 0; 0; 0; 26; 5; 0; 231
1995;01; 187; 180; 154; 0; 256; 0; 0; 47; 106; 0; 0; 110; 0; 0; 27; 0; 0; 0; 93; 60; 43; 30; 336; 0; 0; 0; 0; 23; 42; 0; 128
1995;02; 210; 151; 345; 352; 462; 311; 68; 47; 293; 69; 90; 47; 0; 279; 69; 0; 12; 170; 473; 563; 82; 0; 0; 0; 0; 0; 0; 0; 9999; 9999; 9999
1995;03; 0; 80; 0; 0; 20; 0; 0; 0; 26; 745; 80; 0; 0; 4; 0; 0; 0; 0; 0; 0; 0; 65; 0; 30; 260; 0; 0; 0; 0; 0; 234
1995;04; 353; 0; 0; 0; 0; 0; 0; 155; 15; 0; 197; 3; 0; 0; 0; 0; 0; 0; 0; 60; 200; 0; 0; 0; 0; 0; 0; 0; 0; 0; 9999
1995;05; 0; 0; 0; 0; 0; 70; 45; 0; 0; 160; 162; 0; 0; 0; 0; 0; 0; 0; 60; 0; 0; 0; 0; 0; 0; 0; 0; 0; 0; 0; 0
1995;06; 0; 0; 0; 0; 0; 0; 0; 0; 0; 0; 0; 0; 0; 0; 0; 0; 0; 50; 0; 0; 0; 0; 0; 9; 15; 61; 0; 0; 0; 15; 9999
1995;07; 0; 0; 0; 0; 0; 0; 0; 0; 84; 94; 3; 0; 0; 0; 0; 0; 0; 0; 0; 0; 9; 69; 0; 0; 0; 0; 0; 0; 0; 0; 0
1995;08; 0; 0; 0; 0; 0; 0; 0; 0; 0; 0; 0; 0; 0; 0; 0; 0; 0; 0; 0; 0; 0; 0; 0; 0; 0; 0; 0; 0; 0; 0; 0
1995;09; 0; 0; 0; 0; 0; 0; 0; 0; 0; 0; 0; 0; 0; 0; 0; 0; 0; 0; 144; 22; 0; 0; 0; 0; 270; 0; 6; 83; 41; 0; 9999
1995;10; 0; 0; 0; 0; 0; 39; 0; 61; 0; 0; 0; 0; 0; 484; 5; 129; 197; 191; 0; 0; 255; 3; 0; 0; 0; 0; 0; 0; 112; 88; 53
1995;11; 0; 0; 0; 0; 0; 0; 0; 0; 0; 0; 0; 51; 0; 0; 107; 0; 0; 0; 0; 0; 0; 0; 0; 0; 138; 0; 0; 227; 0; 0; 9999
1995;12; 0; 0; 0; 27; 0; 0; 0; 0; 0; 0; 0; 59; 118; 462; 0; 0; 0; 205; 830; 0; 45; 177; 8; 211; 195; 321; 0; 83; 144; 114; 0
1996;01; 0; 0; 357; 41; 28; 10; 255; 4; 0; 97; 0; 0; 45; 81; 0; 0; 0; 193; 53; 0; 19; 127; 0; 0; 0; 0; 0; 203; 0; 0; 0
1996;02; 0; 0; 53; 87; 0; 0; 23; 0; 0; 120; 0; 173; 0; 0; 0; 0; 0; 0; 178; 19; 0; 185; 93; 0; 2; 0; 951; 45; 43; 9999; 9999
1996;03; 5; 187; 0; 0; 68; 0; 430; 244; 244; 36; 0; 0; 0; 0; 214; 40; 260; 0; 0; 27; 0; 0; 0; 0; 0; 0; 0; 0; 0; 0; 0
1996;04; 0; 27; 0; 0; 0; 0; 0; 0; 0; 0; 73; 11; 0; 0; 0; 0; 212; 0; 0; 0; 0; 0; 0; 0; 0; 0; 0; 0; 0; 0; 9999
1996;05; 0; 0; 0; 0; 0; 0; 0; 0; 0; 42; 25; 0; 0; 129; 0; 111; 0; 30; 2; 0; 0; 27; 146; 38; 0; 0; 0; 0; 0; 0; 0
1996;06; 0; 0; 0; 0; 15; 12; 37; 0; 0; 0; 0; 0; 0; 0; 0; 0; 0; 0; 0; 0; 0; 0; 0; 0; 0; 0; 0; 91; 19; 0; 9999
1996;07; 0; 0; 3; 0; 0; 0; 0; 0; 0; 0; 0; 0; 0; 0; 0; 0; 0; 0; 0; 0; 0; 0; 0; 0; 0; 0; 0; 0; 0; 0; 0
1996;08; 0; 0; 0; 0; 0; 0; 0; 0; 0; 115; 11; 0; 0; 0; 0; 0; 0; 0; 0; 0; 0; 0; 0; 0; 0; 0; 0; 0; 0; 0; 0
1996;09; 0; 52; 0; 313; 59; 219; 0; 7; 154; 195; 179; 0; 0; 0; 0; 0; 53; 0; 0; 0; 0; 0; 0; 0; 14; 0; 0; 0; 0; 4; 9999
1996;10; 0; 0; 162; 16; 0; 0; 138; 0; 151; 0; 0; 0; 48; 95; 0; 0; 0; 0; 0; 182; 0; 0; 0; 0; 0; 448; 0; 78; 0; 0; 0
1996;11; 34; 152; 49; 343; 0; 0; 0; 0; 0; 0; 0; 0; 0; 79; 0; 279; 87; 0; 0; 255; 127; 0; 0; 0; 0; 0; 0; 0; 0; 0; 9999
1996;12; 0; 0; 0; 0; 6; 110; 8; 59; 0; 0; 33; 25; 83; 0; 0; 0; 68; 289; 0; 25; 101; 0; 162; 0; 0; 0; 0; 101; 33; 116; 9
1997;01; 0; 0; 69; 0; 0; 0; 388; 0; 225; 5; 672; 111; 148; 139; 9; 157; 71; 47; 20; 208; 589; 170; 263; 30; 297; 165; 111; 76; 58; 20; 0
1997;02; 7; 208; 157; 66; 27; 19; 0; 0; 0; 0; 565; 0; 110; 0; 77; 0; 0; 653; 29; 0; 0; 0; 0; 0; 0; 171; 0; 0; 9999; 9999; 9999
1997;03; 0; 0; 0; 0; 6; 0; 0; 0; 366; 0; 0; 0; 0; 0; 85; 243; 0; 0; 0; 0; 0; 3; 0; 0; 0; 0; 0; 0; 0; 0; 0
1997;04; 261; 0; 17; 0; 0; 0; 0; 0; 0; 0; 0; 0; 0; 0; 0; 0; 152; 51; 0; 0; 260; 0; 0; 0; 0; 0; 0; 0; 0; 0; 9999
1997;05; 0; 0; 0; 0; 0; 0; 0; 0; 0; 0; 0; 0; 0; 0; 0; 218; 21; 0; 0; 0; 0; 146; 225; 0; 238; 0; 0; 50; 129; 0; 0
1997;06; 0; 0; 0; 255; 195; 566; 0; 0; 0; 0; 0; 212; 33; 0; 194; 92; 0; 3; 0; 44; 194; 0; 0; 0; 0; 0; 0; 0; 0; 0; 9999
1997;07; 0; 0; 0; 0; 0; 0; 0; 0; 0; 0; 0; 0; 0; 0; 0; 0; 0; 0; 0; 0; 87; 353; 0; 0; 0; 0; 0; 0; 0; 0; 0
1997;08; 0; 0; 0; 0; 0; 0; 0; 0; 0; 0; 0; 0; 0; 0; 0; 0; 0; 0; 0; 0; 0; 0; 0; 0; 0; 0; 0; 0; 0; 0; 0
1997;09; 0; 0; 0; 0; 0; 0; 0; 0; 0; 0; 0; 0; 0; 114; 0; 0; 0; 0; 0; 0; 341; 0; 0; 0; 9; 88; 0; 0; 0; 3; 9999
1997;10; 89; 0; 0; 0; 0; 0; 0; 0; 0; 0; 0; 0; 0; 0; 0; 0; 95; 0; 0; 0; 398; 0; 0; 0; 0; 22; 162; 0; 0; 0; 0
1997;11; 0; 0; 0; 0; 0; 0; 161; 21; 0; 0; 0; 0; 0; 0; 36; 120; 237; 322; 366; 0; 0; 0; 0; 0; 0; 20; 260; 402; 15; 0; 9999
1997;12; 0; 363; 0; 0; 19; 0; 0; 52; 60; 0; 0; 0; 0; 77; 179; 0; 0; 0; 0; 0; 0; 7; 0; 0; 16; 85; 0; 0; 161; 0; 0
