33
Ano,Mes,1,2,3,4,5,6,7,8,9,10,11,12,13,14,15,16,17,18,19,20,21,22,23,24,25,26,27,28,29,30,31
1936;05; 9999; 9999; 9999; 9999; 9999; 9999; 9999; 9999; 9999; 9999; 9999; 9999; 9999; 9999; 9999; 9999; 9999; 9999; 0; 0; 0; 0; 0; 0; 0; 0; 0; 0; 49; 0; 0
1936;06; 0; 0; 0; 77; 0; 0; 0; 0; 0; 0; 0; 0; 0; 0; 0; 0; 0; 0; 0; 0; 0; 0; 0; 0; 0; 0; 0; 0; 0; 0; 9999
1936;07; 0; 0; 0; 0; 0; 0; 0; 0; 0; 0; 0; 0; 6; 4; 0; 0; 0; 0; 0; 0; 0; 0; 0; 0; 0; 0; 0; 0; 0; 0; 0
1936;08; 0; 0; 0; 0; 24; 100; 0; 0; 0; 0; 0; 0; 0; 0; 0; 140; 0; 0; 0; 0; 0; 5; 160; 0; 0; 126; 75; 46; 0; 0; 0
1936;09; 0; 0; 0; 0; 0; 0; 0; 0; 186; 56; 0; 155; 103; 0; 0; 0; 0; 144; 0; 0; 0; 0; 0; 0; 0; 0; 0; 0; 0; 0; 9999
1936;10; 0; 0; 0; 0; 0; 0; 0; 0; 0; 7; 0; 0; 0; 0; 0; 0; 0; 0; 0; 52; 0; 0; 0; 0; 0; 0; 0; 0; 0; 322; 0
1936;11; 0; 29; 0; 0; 368; 8; 0; 0; 0; 0; 0; 0; 0; 0; 0; 0; 0; 0; 0; 0; 0; 0; 0; 0; 0; 0; 0; 0; 0; 0; 9999
1936;12; 64; 798; 57; 0; 0; 0; 0; 146; 0; 0; 0; 0; 0; 212; 510; 210; 415; 209; 287; 0; 0; 50; 0; 310; 105; 0; 0; 5; 0; 0; 0
1937;01; 303; 0; 254; 434; 8; 0; 0; 91; 207; 0; 0; 5; 285; 106; 0; 0; 0; 64; 0; 0; 108; 249; 0; 104; 0; 0; 0; 0; 0; 0; 0
1937;02; 0; 105; 88; 0; 0; 0; 0; 0; 0; 0; 0; 0; 0; 0; 308; 0; 0; 106; 0; 188; 0; 0; 576; 258; 122; 0; 0; 0; 9999; 9999; 9999
1937;03; 205; 103; 208; 84; 126; 606; 148; 0; 0; 170; 134; 355; 0; 0; 0; 0; 0; 0; 0; 201; 0; 0; 0; 0; 0; 0; 0; 0; 0; 0; 3
1937;04; 0; 0; 0; 533; 202; 161; 0; 0; 0; 0; 0; 0; 0; 0; 208; 88; 0; 247; 0; 0; 0; 0; 0; 0; 0; 0; 0; 0; 0; 0; 9999
1937;05; 201; 0; 0; 0; 0; 0; 0; 0; 0; 0; 0; 0; 0; 0; 0; 372; 164; 0; 0; 0; 0; 0; 0; 0; 0; 0; 0; 0; 0; 0; 0
1937;06; 0; 0; 0; 0; 546; 102; 0; 0; 0; 0; 0; 0; 0; 0; 0; 0; 0; 0; 0; 0; 0; 0; 0; 0; 0; 0; 0; 0; 0; 0; 9999
1937;07; 0; 0; 0; 0; 0; 0; 0; 0; 0; 0; 0; 0; 0; 0; 0; 0; 0; 0; 0; 0; 0; 0; 0; 0; 0; 0; 0; 0; 0; 0; 0
1937;08; 0; 0; 0; 0; 0; 0; 0; 0; 0; 0; 0; 0; 0; 0; 0; 0; 0; 0; 0; 0; 0; 191; 303; 244; 100; 0; 0; 0; 55; 0; 0
1937;09; 0; 0; 0; 0; 0; 0; 0; 0; 0; 0; 0; 0; 0; 0; 0; 0; 0; 0; 0; 0; 0; 0; 0; 0; 0; 0; 0; 0; 0; 0; 9999
1937;10; 235; 343; 0; 0; 55; 0; 0; 0; 204; 0; 0; 0; 0; 0; 512; 107; 0; 360; 180; 0; 0; 0; 0; 0; 0; 257; 0; 0; 0; 0; 0
1937;11; 150; 102; 0; 0; 0; 0; 102; 106; 0; 0; 0; 0; 0; 0; 148; 126; 82; 0; 0; 0; 0; 0; 231; 0; 0; 0; 0; 0; 0; 0; 9999
1937;12; 0; 0; 0; 0; 0; 0; 0; 0; 226; 124; 132; 0; 0; 0; 0; 0; 0; 0; 0; 0; 0; 0; 0; 0; 0; 0; 0; 0; 0; 0; 0
1938;01; 9999; 9999; 9999; 9999; 9999; 9999; 9999; 9999; 9999; 9999; 9999; 9999; 9999; 9999; 9999; 9999; 9999; 9999; 9999; 9999; 9999; 9999; 9999; 9999; 9999; 9999; 9999; 9999; 9999; 9999; 9999
1938;02; 9999; 9999; 9999; 9999; 9999; 9999; 9999; 9999; 9999; 9999; 9999; 9999; 9999; 9999; 9999; 9999; 9999; 9999; 9999; 9999; 9999; 9999; 9999; 9999; 9999; 9999; 9999; 9999; 9999; 9999; 9999
1938;03; 9999; 9999; 9999; 9999; 9999; 9999; 9999; 9999; 9999; 9999; 9999; 9999; 9999; 9999; 9999; 9999; 9999; 9999; 9999; 9999; 9999; 9999; 9999; 9999; 9999; 9999; 9999; 9999; 9999; 9999; 9999
1938;04; 9999; 9999; 9999; 9999; 9999; 9999; 9999; 9999; 9999; 9999; 9999; 9999; 9999; 9999; 9999; 9999; 9999; 9999; 9999; 9999; 9999; 9999; 9999; 9999; 9999; 9999; 9999; 9999; 9999; 9999; 9999
1938;05; 0; 0; 0; 0; 0; 0; 0; 0; 0; 0; 0; 0; 0; 0; 0; 0; 490; 153; 310; 304; 0; 208; 0; 0; 0; 196; 0; 0; 0; 0; 0
1938;06; 0; 0; 0; 0; 0; 0; 0; 0; 0; 0; 0; 0; 0; 0; 0; 0; 0; 0; 0; 0; 0; 0; 0; 0; 0; 0; 0; 0; 0; 0; 9999
1938;07; 0; 0; 0; 0; 0; 0; 0; 0; 0; 0; 0; 0; 205; 43; 0; 0; 0; 0; 0; 0; 0; 0; 0; 0; 0; 0; 0; 0; 0; 0; 0
1938;08; 0; 0; 0; 0; 0; 0; 0; 0; 0; 0; 0; 0; 0; 0; 0; 0; 0; 0; 0; 0; 0; 0; 0; 0; 0; 0; 0; 0; 0; 0; 0
1938;09; 0; 0; 0; 0; 0; 0; 42; 94; 88; 72; 0; 0; 6; 585; 0; 0; 0; 0; 0; 0; 0; 0; 0; 0; 0; 0; 0; 0; 0; 0; 9999
1938;10; 0; 14; 3; 0; 0; 0; 0; 0; 0; 0; 0; 72; 133; 0; 0; 0; 0; 0; 105; 208; 0; 0; 470; 0; 24; 0; 0; 12; 342; 0; 22
1938;11; 0; 0; 0; 0; 0; 0; 12; 20; 0; 162; 0; 0; 0; 0; 0; 0; 0; 0; 0; 0; 27; 35; 140; 0; 0; 0; 53; 32; 0; 97; 9999
1938;12; 72; 0; 0; 0; 0; 0; 17; 76; 88; 16; 0; 108; 94; 0; 45; 94; 40; 52; 40; 0; 0; 24; 123; 93; 21; 60; 21; 0; 0; 0; 4
1939;01; 86; 25; 33; 0; 0; 263; 117; 0; 3; 1; 0; 0; 133; 0; 0; 0; 84; 0; 0; 0; 0; 49; 383; 0; 103; 0; 0; 0; 0; 0; 0
1939;02; 0; 0; 0; 0; 0; 0; 0; 0; 0; 0; 0; 0; 0; 0; 0; 0; 0; 0; 0; 0; 0; 453; 115; 0; 0; 0; 0; 50; 9999; 9999; 9999
1939;03; 0; 0; 0; 0; 0; 0; 0; 0; 1; 0; 197; 12; 5; 32; 0; 0; 186; 2; 200; 52; 406; 220; 0; 0; 0; 0; 32; 35; 98; 14; 0
1939;04; 0; 0; 0; 42; 0; 0; 0; 0; 0; 34; 0; 0; 0; 0; 11; 0; 0; 0; 0; 0; 0; 0; 0; 0; 0; 92; 20; 0; 0; 0; 9999
1939;05; 0; 0; 0; 1; 0; 0; 0; 204; 635; 0; 0; 161; 0; 0; 28; 0; 0; 0; 13; 0; 0; 0; 0; 0; 0; 0; 0; 0; 409; 27; 2
1939;06; 0; 0; 90; 100; 0; 1; 0; 1; 0; 62; 203; 0; 0; 0; 0; 205; 41; 5; 0; 0; 0; 0; 0; 0; 0; 0; 0; 0; 205; 1; 9999
1939;07; 0; 0; 0; 0; 0; 0; 0; 0; 0; 0; 0; 131; 12; 0; 0; 0; 0; 0; 0; 0; 78; 217; 125; 0; 64; 14; 0; 0; 0; 0; 0
1939;08; 0; 0; 0; 0; 0; 0; 0; 0; 0; 0; 0; 0; 0; 0; 0; 0; 0; 0; 0; 0; 0; 0; 0; 0; 0; 0; 0; 0; 0; 0; 0
1939;09; 0; 0; 23; 3; 0; 0; 0; 0; 0; 0; 0; 15; 155; 0; 0; 12; 0; 264; 0; 0; 0; 0; 0; 0; 0; 0; 0; 44; 0; 0; 9999
1939;10; 0; 0; 0; 153; 0; 0; 0; 0; 0; 0; 0; 0; 0; 0; 0; 0; 0; 0; 0; 0; 0; 0; 105; 86; 72; 0; 0; 12; 0; 0; 0
1939;11; 0; 0; 5; 0; 117; 429; 0; 115; 724; 658; 45; 0; 0; 0; 183; 24; 264; 92; 43; 11; 23; 4; 15; 0; 2; 35; 107; 0; 0; 0; 9999
1939;12; 0; 132; 0; 101; 0; 533; 0; 307; 0; 102; 0; 91; 0; 0; 0; 0; 0; 0; 303; 405; 3; 374; 0; 206; 804; 484; 215; 163; 53; 0; 0
1940;01; 0; 13; 11; 0; 0; 14; 0; 51; 62; 41; 0; 10; 12; 0; 0; 0; 76; 0; 17; 0; 0; 0; 0; 46; 0; 10; 0; 0; 0; 0; 0
1940;02; 60; 0; 126; 4; 0; 0; 0; 0; 0; 0; 0; 186; 0; 0; 0; 422; 0; 72; 65; 0; 0; 24; 0; 36; 0; 0; 0; 0; 0; 9999; 9999
1940;03; 0; 0; 0; 0; 0; 0; 0; 201; 0; 364; 293; 0; 0; 64; 0; 0; 0; 0; 0; 0; 0; 0; 0; 0; 0; 0; 0; 24; 85; 0; 0
1940;04; 0; 0; 0; 0; 0; 0; 0; 0; 0; 23; 0; 0; 0; 24; 157; 5; 0; 0; 0; 0; 0; 0; 333; 0; 0; 736; 115; 286; 0; 0; 9999
1940;05; 21; 103; 0; 0; 0; 0; 0; 0; 0; 0; 0; 0; 0; 0; 0; 0; 0; 0; 0; 0; 0; 0; 0; 0; 0; 0; 0; 0; 0; 0; 103
1940;06; 0; 0; 0; 0; 0; 0; 0; 0; 0; 0; 0; 0; 0; 0; 53; 0; 0; 0; 0; 0; 0; 0; 0; 0; 0; 0; 0; 0; 0; 0; 9999
1940;07; 0; 0; 0; 0; 0; 0; 0; 0; 0; 0; 0; 0; 82; 0; 0; 0; 0; 0; 0; 0; 0; 16; 0; 0; 0; 0; 0; 4; 0; 0; 0
1940;08; 0; 0; 0; 0; 0; 0; 0; 0; 32; 0; 0; 0; 0; 0; 0; 0; 0; 0; 0; 0; 0; 0; 0; 0; 0; 0; 0; 0; 0; 19; 0
1940;09; 0; 0; 0; 0; 0; 0; 0; 0; 0; 0; 0; 0; 0; 0; 0; 0; 0; 0; 0; 0; 0; 12; 0; 0; 0; 0; 0; 0; 0; 0; 9999
1940;10; 0; 0; 0; 0; 0; 0; 0; 0; 0; 40; 152; 180; 0; 0; 0; 0; 0; 0; 0; 0; 252; 0; 0; 32; 0; 0; 0; 52; 348; 107; 0
1940;11; 0; 0; 0; 0; 71; 0; 0; 0; 0; 0; 120; 45; 0; 0; 0; 0; 6; 0; 0; 0; 0; 295; 423; 0; 184; 103; 200; 86; 0; 0; 9999
1940;12; 9999; 9999; 9999; 9999; 9999; 9999; 9999; 9999; 9999; 9999; 9999; 9999; 9999; 9999; 9999; 9999; 9999; 9999; 9999; 9999; 9999; 9999; 9999; 9999; 9999; 9999; 9999; 9999; 9999; 9999; 9999
1941;01; 0; 0; 0; 23; 80; 0; 0; 0; 0; 160; 100; 0; 80; 303; 0; 0; 0; 0; 0; 0; 0; 0; 0; 0; 383; 4; 0; 6; 0; 0; 0
1941;02; 0; 0; 185; 6; 0; 0; 367; 600; 20; 0; 0; 0; 0; 0; 0; 0; 0; 3; 513; 0; 0; 0; 0; 180; 0; 55; 0; 0; 9999; 9999; 9999
1941;03; 0; 0; 0; 134; 7; 0; 0; 0; 0; 0; 0; 0; 53; 182; 4; 254; 62; 0; 0; 0; 130; 50; 0; 0; 20; 10; 0; 203; 0; 0; 0
1941;04; 37; 47; 0; 0; 0; 0; 0; 0; 0; 0; 0; 0; 0; 0; 0; 0; 0; 40; 0; 0; 0; 0; 0; 0; 0; 0; 0; 0; 0; 0; 9999
1941;05; 0; 0; 0; 0; 0; 75; 0; 0; 0; 0; 0; 0; 0; 0; 0; 29; 153; 0; 0; 0; 0; 0; 0; 0; 0; 0; 0; 100; 0; 0; 0
1941;06; 0; 0; 0; 0; 0; 0; 0; 0; 0; 0; 0; 0; 0; 0; 0; 0; 0; 254; 0; 0; 0; 0; 0; 0; 0; 0; 0; 0; 0; 0; 9999
1941;07; 0; 0; 0; 0; 0; 0; 0; 0; 0; 0; 0; 0; 0; 0; 13; 125; 278; 38; 0; 0; 0; 0; 0; 0; 0; 0; 65; 0; 0; 0; 0
1941;08; 0; 0; 0; 105; 0; 0; 0; 0; 0; 0; 0; 0; 0; 0; 201; 3; 69; 32; 0; 0; 0; 0; 0; 0; 0; 0; 0; 0; 0; 0; 0
1941;09; 0; 0; 140; 40; 0; 0; 130; 0; 0; 0; 4; 0; 0; 101; 0; 0; 0; 6; 0; 0; 107; 11; 0; 11; 0; 85; 94; 231; 0; 8; 9999
1941;10; 5; 0; 127; 0; 0; 21; 0; 165; 140; 0; 0; 0; 0; 0; 0; 0; 170; 0; 0; 0; 0; 15; 0; 0; 0; 0; 0; 0; 20; 80; 90
1941;11; 61; 0; 1; 273; 525; 92; 32; 0; 0; 0; 0; 0; 0; 0; 0; 0; 260; 50; 0; 0; 210; 100; 353; 0; 0; 234; 2; 0; 0; 204; 9999
1941;12; 174; 28; 0; 0; 0; 0; 0; 0; 0; 482; 353; 0; 184; 388; 106; 254; 0; 201; 20; 164; 146; 0; 0; 0; 0; 0; 0; 0; 0; 477; 318
1942;01; 0; 151; 0; 0; 0; 82; 0; 0; 0; 0; 0; 0; 0; 102; 3; 0; 0; 0; 0; 0; 24; 0; 0; 0; 0; 0; 0; 0; 1; 242; 91
1942;02; 102; 32; 211; 130; 6; 23; 14; 23; 0; 0; 0; 0; 131; 351; 25; 0; 0; 0; 0; 0; 0; 0; 0; 0; 0; 0; 0; 135; 9999; 9999; 9999
1942;03; 103; 0; 4; 734; 650; 4; 0; 0; 0; 0; 0; 0; 24; 0; 156; 80; 0; 380; 0; 0; 0; 0; 0; 0; 310; 20; 90; 130; 0; 0; 140
1942;04; 0; 0; 0; 0; 330; 3; 80; 0; 0; 0; 0; 0; 0; 80; 324; 1; 0; 0; 0; 0; 0; 0; 0; 0; 0; 0; 0; 0; 0; 0; 9999
1942;05; 0; 0; 0; 0; 0; 90; 123; 0; 60; 0; 0; 0; 0; 0; 160; 45; 0; 0; 0; 0; 0; 0; 0; 0; 0; 0; 0; 0; 0; 0; 0
1942;06; 0; 0; 0; 0; 380; 151; 0; 583; 610; 172; 0; 0; 0; 0; 0; 0; 0; 0; 12; 0; 0; 0; 0; 0; 0; 0; 0; 0; 0; 0; 9999
1942;07; 0; 0; 0; 119; 0; 0; 0; 1; 9; 146; 3; 0; 0; 0; 0; 0; 0; 0; 0; 8; 0; 0; 0; 0; 0; 0; 0; 0; 0; 0; 0
1942;08; 0; 0; 0; 0; 0; 0; 0; 0; 0; 0; 0; 0; 0; 0; 0; 0; 0; 0; 0; 0; 0; 0; 0; 0; 0; 0; 0; 0; 0; 0; 0
1942;09; 0; 0; 0; 0; 322; 0; 0; 0; 0; 0; 0; 0; 0; 0; 0; 0; 190; 60; 239; 0; 0; 0; 177; 0; 40; 0; 0; 0; 0; 4; 9999
1942;10; 4; 0; 1; 0; 3; 0; 0; 1; 0; 0; 0; 0; 0; 2; 0; 0; 0; 0; 0; 0; 0; 0; 0; 196; 62; 0; 0; 377; 45; 0; 0
1942;11; 0; 0; 0; 0; 0; 0; 0; 0; 1; 0; 0; 0; 0; 0; 0; 0; 0; 0; 0; 75; 0; 0; 0; 0; 0; 0; 0; 0; 0; 225; 9999
1942;12; 0; 0; 0; 0; 0; 0; 0; 123; 0; 15; 10; 0; 0; 67; 0; 370; 0; 0; 0; 6; 303; 230; 104; 540; 0; 0; 0; 0; 0; 0; 0
1943;01; 0; 4; 0; 0; 0; 0; 0; 105; 4; 201; 9; 115; 6; 0; 167; 0; 0; 53; 105; 0; 0; 5; 3; 0; 333; 0; 0; 0; 0; 105; 0
1943;02; 31; 0; 0; 0; 0; 0; 0; 0; 101; 506; 40; 60; 0; 86; 122; 0; 109; 607; 0; 0; 50; 0; 260; 2; 110; 4; 15; 109; 9999; 9999; 9999
1943;03; 19; 0; 0; 113; 13; 0; 0; 0; 0; 260; 185; 43; 105; 415; 203; 0; 0; 0; 0; 0; 0; 0; 0; 0; 0; 0; 0; 0; 187; 32; 23
1943;04; 0; 0; 0; 0; 0; 0; 0; 0; 0; 0; 0; 0; 0; 25; 57; 116; 26; 0; 0; 0; 0; 0; 0; 0; 0; 0; 0; 0; 0; 0; 9999
1943;05; 0; 0; 0; 0; 0; 0; 0; 0; 0; 0; 0; 0; 0; 0; 0; 0; 0; 0; 0; 0; 0; 0; 0; 15; 0; 0; 0; 0; 0; 0; 0
1943;06; 0; 0; 0; 0; 10; 0; 65; 214; 0; 0; 0; 11; 0; 0; 0; 0; 12; 0; 0; 0; 0; 0; 0; 0; 0; 4; 0; 0; 0; 0; 9999
1943;07; 0; 0; 0; 0; 0; 0; 0; 0; 0; 0; 0; 0; 0; 0; 0; 0; 0; 0; 0; 0; 0; 0; 0; 0; 0; 0; 0; 0; 0; 0; 0
1943;08; 0; 0; 0; 0; 0; 0; 0; 0; 0; 0; 0; 0; 0; 0; 0; 0; 0; 0; 0; 0; 0; 0; 0; 0; 0; 0; 0; 0; 0; 0; 0
1943;09; 0; 0; 0; 0; 0; 0; 0; 0; 0; 0; 262; 0; 0; 46; 12; 0; 0; 0; 0; 30; 0; 242; 80; 245; 0; 0; 0; 0; 0; 0; 9999
1943;10; 0; 0; 0; 30; 63; 0; 0; 0; 0; 0; 0; 282; 153; 350; 5; 0; 0; 0; 0; 0; 0; 31; 15; 0; 0; 0; 105; 47; 0; 0; 0
1943;11; 0; 0; 90; 0; 0; 0; 0; 0; 0; 0; 103; 0; 0; 0; 0; 0; 0; 363; 0; 0; 0; 0; 5; 0; 0; 0; 0; 0; 0; 0; 9999
1943;12; 105; 0; 0; 0; 0; 0; 0; 0; 0; 0; 0; 0; 25; 0; 55; 0; 80; 0; 0; 0; 0; 0; 0; 0; 0; 0; 300; 52; 0; 0; 0
1944;01; 0; 0; 0; 0; 0; 0; 0; 0; 0; 0; 0; 0; 57; 0; 0; 0; 25; 136; 0; 0; 0; 0; 0; 0; 0; 40; 0; 0; 0; 0; 0
1944;02; 0; 0; 0; 0; 0; 0; 0; 0; 0; 0; 0; 0; 0; 38; 271; 118; 23; 0; 98; 0; 12; 0; 0; 76; 42; 0; 0; 192; 0; 9999; 9999
1944;03; 38; 0; 62; 0; 0; 0; 0; 0; 34; 502; 102; 0; 0; 0; 86; 0; 98; 0; 0; 162; 0; 0; 0; 0; 0; 0; 0; 0; 23; 0; 0
1944;04; 0; 0; 0; 0; 0; 0; 0; 0; 0; 247; 101; 0; 0; 0; 0; 0; 0; 0; 0; 385; 0; 0; 0; 0; 0; 0; 0; 0; 0; 0; 9999
1944;05; 0; 0; 0; 0; 0; 0; 0; 0; 0; 0; 0; 0; 0; 0; 0; 0; 0; 0; 0; 0; 0; 0; 0; 0; 0; 0; 0; 0; 0; 0; 0
1944;06; 9999; 9999; 9999; 9999; 9999; 9999; 9999; 9999; 9999; 9999; 9999; 9999; 9999; 9999; 9999; 9999; 9999; 9999; 9999; 9999; 9999; 9999; 9999; 9999; 9999; 9999; 9999; 9999; 9999; 9999; 9999
1944;07; 0; 0; 0; 0; 0; 65; 0; 0; 0; 0; 0; 0; 0; 0; 0; 0; 0; 0; 0; 0; 0; 0; 0; 0; 0; 0; 0; 0; 0; 0; 0
1944;08; 9999; 9999; 9999; 9999; 9999; 9999; 9999; 9999; 9999; 9999; 9999; 9999; 9999; 9999; 9999; 9999; 9999; 9999; 9999; 9999; 9999; 9999; 9999; 9999; 9999; 9999; 9999; 9999; 9999; 9999; 9999
1944;09; 9999; 9999; 9999; 9999; 9999; 9999; 9999; 9999; 9999; 9999; 9999; 9999; 9999; 9999; 9999; 9999; 9999; 9999; 9999; 9999; 9999; 9999; 9999; 9999; 9999; 9999; 9999; 9999; 9999; 9999; 9999
1944;10; 0; 0; 0; 0; 0; 0; 0; 0; 0; 0; 0; 0; 0; 0; 0; 0; 0; 0; 0; 0; 0; 0; 0; 0; 0; 1; 0; 5; 319; 0; 0
1944;11; 9999; 9999; 9999; 9999; 9999; 9999; 9999; 9999; 9999; 9999; 9999; 9999; 9999; 9999; 9999; 9999; 9999; 9999; 9999; 9999; 9999; 9999; 9999; 9999; 9999; 9999; 9999; 9999; 9999; 9999; 9999
1944;12; 0; 0; 0; 0; 0; 0; 0; 0; 0; 0; 0; 0; 0; 0; 0; 0; 0; 0; 0; 0; 0; 0; 0; 70; 0; 0; 0; 0; 0; 0; 0
1945;01; 0; 0; 0; 0; 423; 204; 0; 0; 0; 0; 0; 0; 0; 0; 0; 0; 300; 108; 0; 0; 0; 250; 0; 0; 0; 0; 0; 234; 0; 360; 44
1945;02; 400; 180; 0; 0; 0; 180; 507; 0; 0; 0; 0; 0; 0; 0; 190; 0; 300; 0; 170; 16; 58; 29; 123; 42; 0; 154; 0; 0; 9999; 9999; 9999
1945;03; 0; 0; 0; 0; 0; 0; 37; 0; 310; 300; 0; 0; 0; 0; 0; 230; 0; 0; 0; 0; 61; 0; 0; 0; 0; 350; 200; 0; 0; 0; 0
1945;04; 0; 0; 0; 0; 0; 0; 0; 0; 0; 0; 90; 0; 0; 0; 0; 0; 0; 0; 0; 40; 0; 0; 0; 0; 0; 0; 0; 0; 152; 0; 9999
1945;05; 0; 0; 0; 0; 0; 0; 0; 0; 0; 0; 21; 0; 0; 0; 30; 0; 22; 0; 0; 0; 0; 0; 0; 0; 0; 0; 0; 0; 0; 0; 0
1945;06; 0; 0; 0; 0; 70; 110; 0; 0; 0; 0; 0; 0; 0; 0; 0; 0; 0; 10; 0; 560; 480; 80; 345; 0; 202; 0; 0; 0; 0; 0; 9999
1945;07; 0; 0; 0; 0; 232; 50; 0; 0; 0; 20; 0; 0; 0; 0; 0; 0; 0; 0; 0; 0; 0; 0; 0; 0; 0; 0; 0; 0; 0; 0; 0
1945;08; 0; 0; 0; 0; 0; 0; 0; 0; 0; 0; 0; 0; 0; 0; 0; 0; 0; 0; 0; 0; 0; 0; 0; 0; 0; 0; 0; 0; 0; 0; 0
1945;09; 0; 0; 0; 0; 0; 0; 0; 0; 0; 0; 0; 0; 0; 3; 0; 0; 50; 0; 0; 0; 0; 0; 23; 0; 0; 0; 0; 21; 0; 0; 9999
1945;10; 0; 0; 253; 201; 0; 0; 0; 0; 0; 0; 0; 0; 0; 0; 0; 0; 0; 0; 0; 0; 0; 0; 0; 0; 0; 515; 203; 0; 0; 0; 0
1945;11; 0; 0; 0; 23; 140; 70; 0; 180; 0; 0; 0; 950; 0; 150; 0; 0; 0; 0; 0; 0; 0; 0; 0; 0; 0; 0; 0; 53; 0; 0; 9999
1945;12; 0; 0; 0; 0; 0; 40; 0; 0; 0; 0; 0; 110; 165; 35; 22; 0; 210; 0; 0; 0; 0; 0; 0; 0; 0; 50; 0; 603; 165; 0; 0
1946;01; 0; 0; 0; 0; 0; 0; 45; 100; 240; 61; 0; 213; 185; 124; 105; 0; 0; 0; 0; 65; 0; 0; 0; 155; 55; 695; 302; 0; 0; 130; 151
1946;02; 110; 165; 0; 0; 0; 0; 0; 167; 0; 10; 0; 195; 0; 0; 0; 55; 0; 0; 110; 150; 350; 40; 21; 405; 0; 205; 350; 103; 9999; 9999; 9999
1946;03; 21; 600; 0; 0; 0; 72; 0; 0; 0; 0; 110; 0; 105; 23; 153; 55; 0; 0; 0; 0; 0; 0; 0; 31; 0; 0; 0; 0; 0; 0; 0
1946;04; 0; 355; 0; 0; 0; 0; 0; 0; 0; 0; 0; 0; 0; 0; 0; 0; 35; 0; 0; 0; 0; 0; 0; 0; 0; 0; 0; 0; 0; 0; 9999
1946;05; 0; 25; 0; 0; 0; 0; 0; 0; 0; 0; 25; 0; 101; 0; 0; 0; 53; 0; 0; 0; 0; 0; 0; 0; 0; 0; 0; 0; 0; 0; 0
1946;06; 505; 301; 0; 0; 0; 0; 0; 0; 0; 0; 0; 0; 0; 0; 208; 0; 0; 0; 0; 0; 0; 0; 0; 0; 0; 0; 0; 0; 0; 0; 9999
1946;07; 0; 0; 0; 0; 0; 0; 0; 0; 152; 0; 0; 105; 81; 53; 105; 0; 0; 0; 0; 0; 0; 0; 0; 0; 0; 0; 0; 0; 0; 0; 0
1946;08; 0; 0; 0; 0; 0; 0; 0; 0; 0; 0; 0; 0; 0; 0; 0; 0; 0; 0; 0; 0; 0; 0; 0; 0; 0; 0; 0; 0; 0; 0; 0
1946;09; 0; 0; 0; 0; 0; 0; 0; 0; 0; 0; 0; 0; 0; 0; 101; 0; 0; 0; 0; 0; 0; 15; 0; 55; 14; 0; 0; 0; 0; 0; 9999
1946;10; 0; 0; 0; 0; 0; 0; 0; 103; 0; 0; 0; 0; 0; 131; 0; 0; 102; 0; 0; 0; 0; 0; 0; 0; 0; 0; 0; 0; 0; 0; 0
1946;11; 0; 0; 0; 0; 0; 0; 0; 51; 0; 0; 0; 0; 0; 0; 0; 0; 0; 0; 0; 0; 81; 0; 0; 0; 0; 0; 0; 0; 0; 0; 9999
1946;12; 0; 0; 0; 0; 0; 0; 0; 0; 405; 201; 51; 156; 0; 0; 0; 0; 103; 0; 50; 103; 0; 35; 300; 0; 503; 0; 405; 0; 0; 0; 0
1947;01; 0; 0; 0; 0; 0; 0; 0; 0; 153; 0; 0; 0; 150; 0; 42; 0; 52; 103; 253; 181; 103; 0; 0; 603; 0; 0; 0; 0; 104; 103; 601
1947;02; 0; 350; 0; 0; 0; 605; 183; 0; 0; 0; 0; 304; 203; 550; 383; 0; 353; 985; 0; 0; 0; 0; 0; 252; 602; 851; 373; 0; 9999; 9999; 9999
1947;03; 0; 0; 0; 0; 183; 432; 501; 0; 0; 301; 0; 0; 0; 0; 0; 0; 183; 201; 0; 0; 0; 0; 0; 0; 0; 0; 0; 0; 0; 0; 0
1947;04; 0; 0; 0; 0; 0; 0; 0; 0; 0; 0; 0; 0; 0; 0; 0; 0; 0; 0; 12; 0; 0; 0; 0; 0; 602; 0; 0; 0; 0; 0; 9999
1947;05; 9999; 9999; 9999; 9999; 9999; 9999; 9999; 9999; 9999; 9999; 9999; 9999; 9999; 9999; 9999; 9999; 9999; 9999; 9999; 9999; 9999; 9999; 9999; 9999; 9999; 9999; 9999; 9999; 9999; 9999; 9999
1947;06; 0; 0; 0; 0; 0; 0; 0; 0; 0; 0; 0; 0; 0; 0; 0; 0; 0; 0; 0; 0; 0; 0; 0; 0; 0; 0; 0; 0; 0; 0; 9999
1947;07; 0; 0; 0; 0; 51; 0; 0; 0; 212; 101; 0; 0; 0; 0; 0; 0; 0; 0; 0; 0; 0; 0; 0; 0; 0; 0; 0; 153; 0; 0; 0
1947;08; 101; 0; 0; 0; 0; 0; 0; 0; 0; 0; 105; 0; 0; 0; 0; 0; 0; 0; 0; 0; 0; 0; 0; 52; 0; 0; 0; 402; 305; 203; 401
1947;09; 455; 151; 0; 0; 0; 0; 0; 0; 104; 306; 104; 0; 0; 0; 0; 0; 0; 0; 0; 0; 0; 0; 0; 0; 82; 0; 0; 82; 126; 102; 9999
1947;10; 9999; 9999; 9999; 9999; 9999; 9999; 9999; 9999; 9999; 9999; 9999; 9999; 9999; 9999; 9999; 9999; 9999; 9999; 9999; 9999; 9999; 9999; 9999; 9999; 9999; 9999; 9999; 9999; 9999; 9999; 9999
1947;11; 9999; 9999; 9999; 9999; 9999; 9999; 9999; 9999; 9999; 9999; 9999; 9999; 9999; 9999; 9999; 9999; 9999; 9999; 9999; 9999; 9999; 9999; 9999; 9999; 9999; 9999; 9999; 9999; 9999; 9999; 9999
1947;12; 9999; 9999; 9999; 9999; 9999; 9999; 9999; 9999; 9999; 9999; 9999; 9999; 9999; 9999; 9999; 9999; 9999; 9999; 9999; 9999; 9999; 9999; 9999; 9999; 9999; 9999; 9999; 9999; 9999; 9999; 9999
1948;01; 9999; 9999; 9999; 9999; 9999; 9999; 9999; 9999; 9999; 9999; 9999; 9999; 9999; 9999; 9999; 9999; 9999; 9999; 9999; 9999; 9999; 9999; 9999; 9999; 9999; 9999; 9999; 9999; 9999; 9999; 9999
1948;02; 9999; 9999; 9999; 9999; 9999; 9999; 9999; 9999; 9999; 9999; 9999; 9999; 9999; 9999; 9999; 9999; 9999; 9999; 9999; 9999; 9999; 9999; 9999; 9999; 9999; 9999; 9999; 9999; 9999; 9999; 9999
1948;03; 9999; 9999; 9999; 9999; 9999; 9999; 9999; 9999; 9999; 9999; 9999; 9999; 9999; 9999; 9999; 9999; 9999; 9999; 9999; 9999; 9999; 9999; 9999; 9999; 9999; 9999; 9999; 9999; 9999; 9999; 9999
1948;04; 9999; 9999; 9999; 9999; 9999; 9999; 9999; 9999; 9999; 9999; 9999; 9999; 9999; 9999; 9999; 9999; 9999; 9999; 9999; 9999; 9999; 9999; 9999; 9999; 9999; 9999; 9999; 9999; 9999; 9999; 9999
1948;05; 9999; 9999; 9999; 9999; 9999; 9999; 9999; 9999; 9999; 9999; 9999; 9999; 9999; 9999; 9999; 9999; 9999; 9999; 9999; 9999; 9999; 9999; 9999; 9999; 9999; 9999; 9999; 9999; 9999; 9999; 9999
1948;06; 9999; 9999; 9999; 9999; 9999; 9999; 9999; 9999; 9999; 9999; 9999; 9999; 9999; 9999; 9999; 9999; 9999; 9999; 9999; 9999; 9999; 9999; 9999; 9999; 9999; 9999; 9999; 9999; 9999; 9999; 9999
1948;07; 9999; 9999; 9999; 9999; 9999; 9999; 9999; 9999; 9999; 9999; 9999; 9999; 9999; 9999; 9999; 9999; 9999; 9999; 9999; 9999; 9999; 9999; 9999; 9999; 9999; 9999; 9999; 9999; 9999; 9999; 9999
1948;08; 9999; 9999; 9999; 9999; 9999; 9999; 9999; 9999; 9999; 9999; 9999; 9999; 9999; 9999; 9999; 9999; 9999; 9999; 9999; 9999; 9999; 9999; 9999; 9999; 9999; 9999; 9999; 9999; 9999; 9999; 9999
1948;09; 9999; 9999; 9999; 9999; 9999; 9999; 9999; 9999; 9999; 9999; 9999; 9999; 9999; 9999; 9999; 9999; 9999; 9999; 9999; 9999; 9999; 9999; 9999; 9999; 9999; 9999; 9999; 9999; 9999; 9999; 9999
1948;10; 9999; 9999; 9999; 9999; 9999; 9999; 9999; 9999; 9999; 9999; 9999; 9999; 9999; 9999; 9999; 9999; 9999; 9999; 9999; 9999; 9999; 9999; 9999; 9999; 9999; 9999; 9999; 9999; 9999; 9999; 9999
1948;11; 9999; 9999; 9999; 9999; 9999; 9999; 9999; 9999; 9999; 9999; 9999; 9999; 9999; 9999; 9999; 9999; 9999; 9999; 9999; 9999; 9999; 9999; 9999; 9999; 9999; 9999; 9999; 9999; 9999; 9999; 9999
1948;12; 9999; 9999; 9999; 9999; 9999; 9999; 9999; 9999; 9999; 9999; 9999; 9999; 9999; 9999; 9999; 9999; 9999; 9999; 9999; 9999; 9999; 9999; 9999; 9999; 9999; 9999; 9999; 9999; 9999; 9999; 9999
1949;01; 9999; 9999; 9999; 9999; 9999; 9999; 9999; 9999; 9999; 9999; 9999; 9999; 9999; 9999; 9999; 9999; 9999; 9999; 9999; 9999; 9999; 9999; 9999; 9999; 9999; 9999; 9999; 9999; 9999; 9999; 9999
1949;02; 9999; 9999; 9999; 9999; 9999; 9999; 9999; 9999; 9999; 9999; 9999; 9999; 9999; 9999; 9999; 9999; 9999; 9999; 9999; 9999; 9999; 9999; 9999; 9999; 9999; 9999; 9999; 9999; 9999; 9999; 9999
1949;03; 9999; 9999; 9999; 9999; 9999; 9999; 9999; 9999; 9999; 9999; 9999; 9999; 9999; 9999; 9999; 9999; 9999; 9999; 9999; 9999; 9999; 9999; 9999; 9999; 9999; 9999; 9999; 9999; 9999; 9999; 9999
1949;04; 208; 0; 0; 0; 0; 0; 0; 2; 95; 0; 0; 0; 0; 0; 0; 0; 0; 0; 0; 0; 0; 0; 2; 0; 70; 0; 0; 0; 0; 0; 9999
1949;05; 0; 0; 0; 0; 0; 65; 0; 0; 0; 18; 0; 0; 0; 0; 0; 0; 0; 0; 0; 0; 0; 0; 0; 0; 0; 0; 0; 0; 0; 0; 0
1949;06; 0; 0; 0; 0; 0; 0; 0; 0; 0; 0; 0; 4; 5; 265; 0; 0; 0; 0; 0; 0; 0; 0; 0; 0; 0; 0; 0; 0; 0; 0; 9999
1949;07; 0; 0; 0; 0; 0; 0; 0; 0; 0; 0; 0; 0; 0; 0; 0; 0; 0; 0; 0; 0; 0; 0; 0; 0; 0; 0; 0; 0; 0; 0; 0
1949;08; 0; 0; 0; 0; 0; 0; 0; 0; 0; 0; 0; 0; 0; 0; 0; 0; 0; 0; 0; 0; 0; 0; 0; 0; 0; 0; 0; 0; 0; 0; 0
1949;09; 0; 0; 0; 0; 0; 0; 0; 0; 0; 0; 0; 0; 0; 0; 0; 0; 0; 0; 0; 0; 0; 0; 0; 0; 0; 0; 93; 0; 0; 0; 9999
1949;10; 9999; 9999; 9999; 9999; 9999; 9999; 9999; 9999; 9999; 9999; 9999; 9999; 9999; 9999; 9999; 9999; 9999; 9999; 9999; 9999; 9999; 9999; 9999; 9999; 9999; 9999; 9999; 9999; 9999; 9999; 9999
1949;11; 9999; 9999; 9999; 9999; 9999; 9999; 9999; 9999; 9999; 9999; 9999; 9999; 9999; 9999; 9999; 9999; 9999; 9999; 9999; 9999; 9999; 9999; 9999; 9999; 9999; 9999; 9999; 9999; 9999; 9999; 9999
1949;12; 9999; 9999; 9999; 9999; 9999; 9999; 9999; 9999; 9999; 9999; 9999; 9999; 9999; 9999; 9999; 9999; 9999; 9999; 9999; 9999; 9999; 9999; 9999; 9999; 9999; 9999; 9999; 9999; 9999; 9999; 9999
1950;01; 9999; 9999; 9999; 9999; 9999; 9999; 9999; 9999; 9999; 9999; 9999; 9999; 9999; 9999; 9999; 9999; 9999; 9999; 9999; 9999; 9999; 9999; 9999; 9999; 9999; 9999; 9999; 9999; 9999; 9999; 9999
1950;02; 9999; 9999; 9999; 9999; 9999; 9999; 9999; 9999; 9999; 9999; 9999; 9999; 9999; 9999; 9999; 9999; 9999; 9999; 9999; 9999; 9999; 9999; 9999; 9999; 9999; 9999; 9999; 9999; 9999; 9999; 9999
1950;03; 9999; 9999; 9999; 9999; 9999; 9999; 9999; 9999; 9999; 9999; 9999; 9999; 9999; 9999; 9999; 9999; 9999; 9999; 9999; 9999; 9999; 9999; 9999; 9999; 9999; 9999; 9999; 9999; 9999; 9999; 9999
1950;04; 9999; 9999; 9999; 9999; 9999; 9999; 9999; 9999; 9999; 9999; 9999; 9999; 9999; 9999; 9999; 9999; 9999; 9999; 9999; 9999; 9999; 9999; 9999; 9999; 9999; 9999; 9999; 9999; 9999; 9999; 9999
1950;05; 9999; 9999; 9999; 9999; 9999; 9999; 9999; 9999; 9999; 9999; 9999; 9999; 9999; 9999; 9999; 9999; 9999; 9999; 9999; 9999; 9999; 9999; 9999; 9999; 9999; 9999; 9999; 9999; 9999; 9999; 9999
1950;06; 9999; 9999; 9999; 9999; 9999; 9999; 9999; 9999; 9999; 9999; 9999; 9999; 9999; 9999; 9999; 9999; 9999; 9999; 9999; 9999; 9999; 9999; 9999; 9999; 9999; 9999; 9999; 9999; 9999; 9999; 9999
1950;07; 9999; 9999; 9999; 9999; 9999; 9999; 9999; 9999; 9999; 9999; 9999; 9999; 9999; 9999; 9999; 9999; 9999; 9999; 9999; 9999; 9999; 9999; 9999; 9999; 9999; 9999; 9999; 9999; 9999; 9999; 9999
1950;08; 9999; 9999; 9999; 9999; 9999; 9999; 9999; 9999; 9999; 9999; 9999; 9999; 9999; 9999; 9999; 9999; 9999; 9999; 9999; 9999; 9999; 9999; 9999; 9999; 9999; 9999; 9999; 9999; 9999; 9999; 9999
1950;09; 9999; 9999; 9999; 9999; 9999; 9999; 9999; 9999; 9999; 9999; 9999; 9999; 9999; 9999; 9999; 9999; 9999; 9999; 9999; 9999; 9999; 9999; 9999; 9999; 9999; 9999; 9999; 9999; 9999; 9999; 9999
1950;10; 0; 0; 0; 0; 0; 0; 0; 0; 0; 0; 0; 0; 0; 0; 0; 9999; 9999; 9999; 9999; 9999; 9999; 9999; 9999; 9999; 9999; 9999; 9999; 9999; 9999; 9999; 9999
1950;11; 0; 0; 0; 0; 0; 0; 0; 0; 0; 0; 0; 0; 0; 0; 0; 9999; 9999; 9999; 9999; 9999; 9999; 9999; 9999; 9999; 9999; 9999; 9999; 9999; 9999; 9999; 9999
1950;12; 0; 0; 0; 0; 0; 0; 0; 0; 0; 0; 0; 0; 0; 0; 0; 9999; 9999; 9999; 9999; 9999; 9999; 9999; 9999; 9999; 9999; 9999; 9999; 9999; 9999; 9999; 9999
1951;01; 9999; 9999; 9999; 9999; 9999; 9999; 9999; 9999; 9999; 9999; 9999; 9999; 9999; 9999; 9999; 9999; 9999; 9999; 9999; 9999; 9999; 9999; 9999; 9999; 9999; 9999; 9999; 9999; 9999; 9999; 9999
1951;02; 9999; 9999; 9999; 9999; 9999; 9999; 9999; 9999; 9999; 9999; 9999; 9999; 9999; 9999; 9999; 9999; 9999; 9999; 9999; 9999; 9999; 9999; 9999; 9999; 9999; 9999; 9999; 9999; 9999; 9999; 9999
1951;03; 9999; 9999; 9999; 9999; 9999; 9999; 9999; 9999; 9999; 9999; 9999; 9999; 9999; 9999; 9999; 9999; 9999; 9999; 9999; 9999; 9999; 9999; 9999; 9999; 9999; 9999; 9999; 9999; 9999; 9999; 9999
1951;04; 9999; 9999; 9999; 9999; 9999; 9999; 9999; 9999; 9999; 9999; 9999; 9999; 9999; 9999; 9999; 9999; 9999; 9999; 9999; 9999; 9999; 9999; 9999; 9999; 9999; 9999; 9999; 9999; 9999; 9999; 9999
1951;05; 9999; 9999; 9999; 9999; 9999; 9999; 9999; 9999; 9999; 9999; 9999; 9999; 9999; 9999; 9999; 9999; 9999; 9999; 9999; 9999; 9999; 9999; 9999; 9999; 9999; 9999; 9999; 9999; 9999; 9999; 9999
1951;06; 9999; 9999; 9999; 9999; 9999; 9999; 9999; 9999; 9999; 9999; 9999; 9999; 9999; 9999; 9999; 9999; 9999; 9999; 9999; 9999; 9999; 9999; 9999; 9999; 9999; 9999; 9999; 9999; 9999; 9999; 9999
1951;07; 9999; 9999; 9999; 9999; 9999; 9999; 9999; 9999; 9999; 9999; 9999; 9999; 9999; 9999; 9999; 9999; 9999; 9999; 9999; 9999; 9999; 9999; 9999; 9999; 9999; 9999; 9999; 9999; 9999; 9999; 9999
1951;08; 9999; 9999; 9999; 9999; 9999; 9999; 9999; 9999; 9999; 9999; 9999; 9999; 9999; 9999; 9999; 9999; 9999; 9999; 9999; 9999; 9999; 9999; 9999; 9999; 9999; 9999; 9999; 9999; 9999; 9999; 9999
1951;09; 9999; 9999; 9999; 9999; 9999; 9999; 9999; 9999; 9999; 9999; 9999; 9999; 9999; 9999; 9999; 9999; 9999; 9999; 9999; 9999; 9999; 9999; 9999; 9999; 9999; 9999; 9999; 9999; 9999; 9999; 9999
1951;10; 9999; 9999; 9999; 9999; 9999; 9999; 9999; 9999; 9999; 9999; 9999; 9999; 9999; 9999; 9999; 9999; 9999; 9999; 9999; 9999; 9999; 9999; 9999; 9999; 9999; 9999; 9999; 9999; 9999; 9999; 9999
1951;11; 9999; 9999; 9999; 9999; 9999; 9999; 9999; 9999; 9999; 9999; 9999; 9999; 9999; 9999; 9999; 9999; 9999; 9999; 9999; 9999; 9999; 9999; 9999; 9999; 9999; 9999; 9999; 9999; 9999; 9999; 9999
1951;12; 9999; 9999; 9999; 9999; 9999; 9999; 9999; 9999; 9999; 9999; 9999; 9999; 9999; 9999; 9999; 9999; 9999; 9999; 9999; 9999; 9999; 9999; 9999; 9999; 9999; 9999; 9999; 9999; 9999; 9999; 9999
1952;01; 9999; 9999; 9999; 9999; 9999; 9999; 9999; 9999; 9999; 9999; 9999; 9999; 9999; 9999; 9999; 9999; 9999; 9999; 9999; 9999; 9999; 9999; 9999; 9999; 9999; 9999; 9999; 9999; 9999; 9999; 9999
1952;02; 9999; 9999; 9999; 9999; 9999; 9999; 9999; 9999; 9999; 9999; 9999; 9999; 9999; 9999; 9999; 9999; 9999; 9999; 9999; 9999; 9999; 9999; 9999; 9999; 9999; 9999; 9999; 9999; 9999; 9999; 9999
1952;03; 9999; 9999; 9999; 9999; 9999; 9999; 9999; 9999; 9999; 9999; 9999; 9999; 9999; 9999; 9999; 9999; 9999; 9999; 9999; 9999; 9999; 9999; 9999; 9999; 9999; 9999; 9999; 9999; 9999; 9999; 9999
1952;04; 9999; 9999; 9999; 9999; 9999; 9999; 9999; 9999; 9999; 9999; 9999; 9999; 9999; 9999; 9999; 9999; 9999; 9999; 9999; 9999; 9999; 9999; 9999; 9999; 9999; 9999; 9999; 9999; 9999; 9999; 9999
1952;05; 0; 0; 0; 0; 0; 0; 0; 0; 0; 0; 0; 0; 0; 0; 0; 0; 0; 0; 0; 0; 0; 0; 0; 0; 0; 0; 0; 0; 0; 0; 0
1952;06; 9999; 9999; 9999; 9999; 9999; 9999; 9999; 9999; 9999; 9999; 9999; 9999; 9999; 9999; 9999; 9999; 9999; 9999; 9999; 9999; 9999; 9999; 9999; 9999; 9999; 9999; 9999; 9999; 9999; 9999; 9999
1952;07; 0; 0; 0; 0; 0; 0; 0; 0; 0; 0; 0; 0; 0; 0; 0; 0; 0; 0; 0; 0; 0; 0; 0; 0; 0; 0; 0; 0; 0; 0; 0
1952;08; 0; 0; 0; 0; 0; 0; 0; 0; 0; 0; 0; 0; 0; 0; 0; 0; 0; 0; 0; 0; 0; 0; 0; 0; 0; 0; 0; 0; 0; 0; 0
1952;09; 0; 0; 0; 0; 0; 0; 0; 0; 0; 0; 0; 0; 0; 0; 0; 0; 0; 0; 0; 0; 0; 0; 0; 0; 0; 0; 0; 0; 0; 0; 9999
1952;10; 0; 0; 0; 0; 0; 0; 0; 0; 0; 0; 0; 0; 0; 0; 0; 0; 0; 110; 0; 60; 0; 40; 50; 0; 50; 0; 0; 0; 0; 0; 0
1952;11; 0; 110; 0; 60; 0; 0; 0; 0; 0; 0; 70; 0; 0; 0; 0; 0; 0; 0; 0; 50; 0; 0; 0; 0; 0; 0; 0; 0; 0; 0; 9999
1952;12; 0; 0; 0; 0; 0; 0; 0; 0; 0; 50; 0; 0; 0; 0; 0; 0; 0; 0; 0; 0; 0; 0; 0; 0; 0; 0; 0; 0; 0; 45; 403
1953;01; 43; 15; 50; 250; 5; 22; 12; 48; 0; 0; 0; 0; 20; 0; 0; 170; 0; 0; 0; 0; 0; 0; 2; 16; 0; 1; 2; 0; 0; 270; 50
1953;02; 0; 5; 250; 0; 0; 0; 0; 0; 0; 5; 230; 0; 0; 0; 0; 0; 0; 0; 0; 200; 130; 0; 0; 0; 0; 0; 60; 0; 9999; 9999; 9999
1953;03; 9999; 9999; 9999; 9999; 9999; 9999; 9999; 9999; 9999; 9999; 9999; 9999; 9999; 9999; 9999; 9999; 9999; 9999; 9999; 9999; 9999; 9999; 9999; 9999; 9999; 9999; 9999; 9999; 9999; 9999; 9999
1953;04; 9999; 9999; 9999; 9999; 9999; 9999; 9999; 9999; 9999; 9999; 9999; 9999; 9999; 9999; 9999; 9999; 9999; 9999; 9999; 9999; 9999; 9999; 9999; 9999; 9999; 9999; 9999; 9999; 9999; 9999; 9999
1953;05; 9999; 9999; 9999; 9999; 9999; 9999; 9999; 9999; 9999; 9999; 9999; 9999; 9999; 9999; 9999; 9999; 9999; 9999; 9999; 9999; 9999; 9999; 9999; 9999; 9999; 9999; 9999; 9999; 9999; 9999; 9999
1953;06; 0; 0; 0; 0; 0; 0; 0; 3; 10; 0; 0; 0; 0; 0; 0; 0; 0; 0; 0; 0; 0; 0; 0; 0; 0; 0; 0; 0; 0; 0; 9999
1953;07; 0; 0; 0; 0; 0; 0; 0; 0; 0; 0; 0; 0; 0; 0; 0; 0; 0; 0; 50; 0; 0; 0; 0; 0; 0; 0; 0; 0; 0; 0; 0
1953;08; 0; 0; 0; 0; 0; 0; 0; 0; 0; 0; 0; 0; 0; 0; 0; 0; 0; 0; 0; 0; 0; 0; 0; 0; 0; 0; 0; 0; 0; 0; 0
1953;09; 0; 0; 0; 0; 0; 0; 0; 0; 0; 0; 220; 0; 0; 0; 100; 50; 0; 0; 0; 0; 0; 0; 0; 180; 60; 0; 0; 0; 0; 0; 9999
1953;10; 9999; 9999; 9999; 9999; 9999; 9999; 9999; 9999; 9999; 9999; 9999; 9999; 9999; 9999; 9999; 9999; 9999; 9999; 9999; 9999; 9999; 9999; 9999; 9999; 9999; 9999; 9999; 9999; 9999; 9999; 9999
1953;11; 0; 340; 0; 0; 0; 340; 150; 0; 0; 0; 0; 0; 80; 200; 0; 0; 0; 70; 240; 0; 0; 0; 0; 0; 0; 0; 0; 470; 40; 390; 9999
1953;12; 260; 0; 0; 0; 350; 0; 0; 0; 0; 0; 20; 0; 180; 0; 0; 0; 0; 0; 0; 0; 0; 0; 0; 0; 0; 0; 40; 0; 0; 0; 0
1954;01; 0; 0; 550; 560; 60; 290; 20; 0; 0; 0; 0; 0; 0; 0; 0; 20; 0; 40; 290; 270; 0; 0; 0; 0; 0; 0; 0; 0; 0; 0; 0
1954;02; 0; 0; 0; 0; 0; 380; 630; 150; 0; 0; 0; 0; 0; 0; 280; 30; 0; 360; 0; 0; 0; 0; 0; 0; 0; 0; 0; 0; 9999; 9999; 9999
1954;03; 0; 0; 0; 0; 0; 22; 1; 0; 8; 32; 0; 0; 53; 0; 0; 0; 0; 0; 0; 0; 0; 0; 0; 0; 0; 0; 0; 0; 0; 0; 0
1954;04; 0; 0; 0; 0; 0; 0; 0; 0; 0; 0; 0; 0; 0; 0; 0; 0; 0; 0; 0; 0; 0; 0; 0; 0; 0; 0; 190; 830; 20; 180; 9999
1954;05; 0; 0; 0; 0; 0; 0; 8; 0; 48; 72; 8; 0; 0; 8; 0; 0; 12; 12; 26; 0; 11; 0; 0; 0; 0; 0; 0; 0; 0; 0; 0
1954;06; 0; 0; 70; 110; 490; 420; 0; 0; 0; 0; 0; 0; 0; 0; 0; 0; 0; 0; 70; 0; 0; 0; 0; 0; 0; 0; 0; 0; 0; 0; 9999
1954;07; 0; 0; 0; 0; 0; 0; 0; 0; 0; 0; 0; 0; 10; 65; 5; 0; 0; 0; 0; 0; 0; 0; 0; 0; 0; 0; 0; 0; 0; 0; 0
1954;08; 0; 0; 0; 0; 0; 0; 0; 0; 0; 0; 0; 0; 0; 0; 0; 0; 0; 0; 0; 0; 0; 0; 0; 0; 0; 0; 0; 0; 0; 0; 0
1954;09; 0; 0; 0; 0; 0; 0; 0; 0; 0; 0; 0; 0; 0; 0; 0; 0; 0; 0; 0; 46; 0; 11; 0; 0; 0; 0; 0; 7; 8; 12; 9999
1954;10; 4; 0; 0; 15; 0; 0; 37; 0; 0; 0; 190; 0; 0; 0; 0; 0; 0; 6; 0; 0; 230; 0; 0; 0; 0; 0; 0; 100; 400; 0; 0
1954;11; 0; 0; 0; 0; 0; 0; 0; 0; 0; 0; 94; 0; 0; 0; 0; 0; 0; 0; 0; 0; 0; 0; 0; 0; 0; 0; 0; 0; 0; 0; 9999
1954;12; 0; 0; 560; 40; 0; 0; 0; 0; 0; 0; 0; 0; 570; 0; 0; 0; 20; 160; 0; 0; 20; 0; 0; 0; 0; 0; 220; 140; 0; 0; 0
1955;01; 0; 0; 0; 0; 0; 0; 0; 0; 0; 0; 0; 0; 0; 30; 7; 0; 3; 5; 0; 0; 0; 0; 0; 0; 0; 0; 0; 0; 0; 0; 0
1955;02; 32; 3; 0; 0; 0; 0; 0; 0; 0; 0; 0; 0; 0; 0; 0; 0; 0; 0; 0; 10; 0; 0; 0; 0; 0; 0; 0; 32; 9999; 9999; 9999
1955;03; 0; 8; 0; 0; 0; 28; 32; 0; 265; 0; 13; 0; 0; 0; 0; 700; 0; 0; 0; 0; 0; 38; 0; 0; 0; 0; 0; 3; 0; 95; 0
1955;04; 0; 0; 0; 0; 0; 0; 0; 0; 0; 0; 53; 0; 0; 0; 87; 0; 12; 3; 0; 0; 0; 0; 0; 0; 0; 0; 0; 24; 0; 0; 9999
1955;05; 9999; 9999; 9999; 9999; 9999; 9999; 9999; 9999; 9999; 9999; 9999; 9999; 9999; 9999; 9999; 9999; 9999; 9999; 9999; 9999; 9999; 9999; 9999; 9999; 9999; 9999; 9999; 9999; 9999; 9999; 9999
1955;06; 0; 0; 0; 0; 220; 0; 0; 0; 210; 0; 0; 0; 0; 0; 0; 0; 0; 0; 0; 0; 0; 0; 0; 0; 0; 0; 0; 0; 0; 0; 9999
1955;07; 10; 10; 0; 0; 0; 0; 0; 0; 0; 0; 0; 0; 0; 0; 0; 0; 0; 0; 0; 0; 0; 0; 0; 0; 0; 0; 0; 0; 0; 0; 0
1955;08; 0; 0; 0; 0; 0; 0; 0; 0; 0; 0; 0; 0; 0; 0; 0; 0; 0; 0; 0; 0; 0; 0; 0; 0; 0; 0; 0; 307; 108; 0; 0
1955;09; 0; 0; 0; 0; 0; 0; 0; 0; 0; 0; 0; 0; 0; 0; 0; 0; 0; 0; 0; 0; 0; 0; 0; 0; 0; 0; 0; 0; 0; 0; 9999
1955;10; 0; 0; 0; 0; 0; 0; 0; 0; 0; 0; 0; 32; 0; 0; 0; 0; 0; 0; 0; 0; 0; 0; 0; 0; 0; 0; 0; 0; 31; 25; 0
1955;11; 34; 23; 0; 0; 0; 0; 14; 0; 0; 0; 0; 0; 0; 0; 0; 0; 0; 0; 0; 0; 0; 0; 0; 0; 0; 0; 0; 0; 0; 0; 9999
1955;12; 0; 0; 0; 0; 0; 0; 0; 0; 0; 0; 0; 0; 0; 97; 0; 0; 0; 1; 145; 0; 0; 13; 0; 0; 0; 0; 19; 10; 16; 4; 20
1956;01; 14; 21; 37; 14; 10; 0; 0; 0; 9; 0; 0; 0; 0; 0; 0; 0; 0; 0; 0; 0; 0; 0; 0; 0; 0; 0; 0; 0; 24; 0; 0
1956;02; 0; 0; 0; 0; 0; 0; 0; 0; 0; 84; 0; 206; 14; 10; 0; 4; 0; 0; 0; 0; 0; 0; 0; 0; 0; 0; 0; 8; 8; 9999; 9999
1956;03; 0; 0; 0; 0; 0; 0; 0; 0; 0; 0; 29; 0; 0; 0; 59; 0; 0; 55; 0; 0; 0; 0; 58; 0; 78; 0; 98; 0; 0; 0; 196
1956;04; 0; 0; 0; 65; 0; 0; 95; 0; 0; 204; 0; 0; 0; 0; 0; 0; 0; 0; 0; 0; 0; 0; 0; 0; 0; 0; 0; 48; 0; 0; 9999
1956;05; 0; 0; 0; 303; 43; 0; 0; 0; 0; 0; 0; 0; 0; 0; 0; 0; 605; 0; 0; 0; 0; 0; 0; 0; 0; 0; 0; 0; 0; 605; 602
1956;06; 602; 0; 0; 0; 0; 0; 0; 202; 206; 0; 204; 208; 0; 0; 0; 0; 0; 0; 0; 0; 0; 0; 0; 0; 0; 0; 0; 0; 0; 0; 9999
1956;07; 0; 0; 0; 0; 0; 0; 0; 0; 0; 0; 0; 0; 0; 0; 0; 0; 0; 0; 0; 0; 0; 302; 302; 0; 0; 0; 403; 804; 0; 0; 0
1956;08; 605; 504; 406; 504; 0; 202; 204; 0; 0; 0; 0; 0; 0; 0; 0; 0; 0; 0; 0; 0; 0; 0; 0; 0; 0; 0; 0; 0; 0; 0; 0
1956;09; 0; 0; 0; 0; 0; 0; 0; 0; 508; 402; 0; 0; 0; 0; 0; 0; 0; 0; 0; 0; 0; 0; 0; 0; 0; 0; 0; 0; 0; 0; 9999
1956;10; 0; 0; 0; 0; 204; 0; 0; 0; 0; 0; 0; 0; 0; 0; 0; 0; 0; 0; 0; 404; 0; 0; 0; 0; 0; 0; 0; 403; 0; 401; 0
1956;11; 0; 0; 0; 0; 0; 0; 0; 85; 0; 0; 0; 0; 0; 0; 0; 0; 0; 0; 0; 0; 0; 0; 0; 0; 0; 0; 0; 0; 0; 0; 9999
1956;12; 0; 0; 0; 0; 0; 202; 0; 0; 0; 0; 0; 0; 6; 0; 0; 0; 0; 0; 307; 0; 0; 0; 401; 0; 0; 0; 0; 0; 0; 0; 0
1957;01; 0; 0; 0; 0; 0; 0; 205; 404; 0; 106; 0; 0; 0; 209; 201; 0; 0; 1; 0; 8; 104; 50; 0; 1; 7; 0; 304; 0; 105; 0; 503
1957;02; 208; 106; 0; 0; 0; 0; 0; 102; 206; 307; 0; 0; 0; 0; 0; 0; 0; 0; 0; 0; 0; 0; 0; 0; 202; 0; 0; 0; 9999; 9999; 9999
1957;03; 0; 0; 0; 0; 0; 0; 0; 202; 0; 0; 0; 0; 0; 0; 0; 0; 0; 0; 0; 0; 0; 0; 0; 105; 0; 603; 0; 504; 0; 302; 106
1957;04; 0; 0; 0; 3; 0; 0; 0; 0; 0; 0; 0; 0; 0; 82; 0; 0; 0; 0; 0; 0; 0; 0; 0; 0; 0; 172; 0; 0; 0; 84; 9999
1957;05; 0; 0; 0; 0; 0; 0; 0; 0; 102; 0; 0; 0; 1; 0; 0; 0; 0; 0; 0; 0; 0; 0; 0; 0; 0; 0; 0; 0; 0; 0; 0
1957;06; 0; 0; 0; 0; 0; 0; 211; 0; 0; 3; 0; 0; 0; 0; 0; 0; 0; 0; 0; 0; 0; 0; 0; 0; 0; 0; 0; 0; 0; 124; 9999
1957;07; 202; 153; 205; 0; 0; 0; 0; 0; 0; 0; 0; 0; 0; 0; 302; 323; 344; 381; 305; 0; 0; 0; 0; 0; 0; 0; 0; 0; 0; 0; 0
1957;08; 0; 0; 0; 0; 0; 0; 0; 0; 0; 0; 0; 0; 0; 7; 0; 102; 4; 203; 0; 0; 0; 0; 0; 0; 0; 0; 0; 0; 0; 0; 0
1957;09; 0; 0; 202; 0; 0; 0; 152; 156; 0; 0; 0; 4; 0; 0; 0; 0; 0; 0; 184; 0; 222; 305; 0; 0; 0; 0; 0; 0; 0; 0; 9999
1957;10; 0; 0; 0; 0; 0; 0; 0; 0; 0; 0; 0; 0; 0; 0; 0; 0; 0; 0; 0; 107; 0; 0; 0; 0; 0; 0; 505; 0; 0; 0; 0
1957;11; 0; 0; 3; 0; 0; 0; 0; 280; 0; 0; 0; 260; 0; 0; 0; 5; 120; 5; 510; 0; 0; 0; 0; 0; 0; 0; 0; 0; 0; 0; 9999
1957;12; 155; 112; 0; 0; 0; 0; 0; 0; 0; 0; 0; 85; 0; 125; 132; 205; 0; 0; 0; 0; 0; 0; 0; 0; 0; 0; 0; 0; 0; 0; 8
1958;01; 9999; 9999; 9999; 9999; 9999; 9999; 9999; 9999; 9999; 9999; 9999; 9999; 9999; 9999; 9999; 9999; 9999; 9999; 9999; 9999; 9999; 9999; 9999; 9999; 9999; 9999; 9999; 9999; 9999; 9999; 9999
1958;02; 0; 0; 0; 0; 19; 2; 4; 0; 0; 0; 0; 0; 0; 0; 0; 0; 0; 0; 0; 0; 210; 0; 0; 0; 130; 180; 0; 0; 9999; 9999; 9999
1958;03; 0; 0; 520; 0; 0; 0; 0; 130; 0; 0; 0; 0; 0; 110; 110; 110; 86; 0; 0; 0; 0; 0; 0; 0; 0; 0; 0; 0; 0; 0; 373
1958;04; 9999; 9999; 9999; 9999; 9999; 9999; 9999; 9999; 9999; 9999; 9999; 9999; 9999; 9999; 9999; 9999; 9999; 9999; 9999; 9999; 9999; 9999; 9999; 9999; 9999; 9999; 9999; 9999; 9999; 9999; 9999
1958;05; 9999; 9999; 9999; 9999; 9999; 9999; 9999; 9999; 9999; 9999; 9999; 9999; 9999; 9999; 9999; 9999; 9999; 9999; 9999; 9999; 9999; 9999; 9999; 9999; 9999; 9999; 9999; 9999; 9999; 9999; 9999
1958;06; 9999; 9999; 9999; 9999; 9999; 9999; 9999; 9999; 9999; 9999; 9999; 9999; 9999; 9999; 9999; 9999; 9999; 9999; 9999; 9999; 9999; 9999; 9999; 9999; 9999; 9999; 9999; 9999; 9999; 9999; 9999
1958;07; 9999; 9999; 9999; 9999; 9999; 9999; 9999; 9999; 9999; 9999; 9999; 9999; 9999; 9999; 9999; 9999; 9999; 9999; 9999; 9999; 9999; 9999; 9999; 9999; 9999; 9999; 9999; 9999; 9999; 9999; 9999
1958;08; 9999; 9999; 9999; 9999; 9999; 9999; 9999; 9999; 9999; 9999; 9999; 9999; 9999; 9999; 9999; 9999; 9999; 9999; 9999; 9999; 9999; 9999; 9999; 9999; 9999; 9999; 9999; 9999; 9999; 9999; 9999
1958;09; 9999; 9999; 9999; 9999; 9999; 9999; 9999; 9999; 9999; 9999; 9999; 9999; 9999; 9999; 9999; 9999; 9999; 9999; 9999; 9999; 9999; 9999; 9999; 9999; 9999; 9999; 9999; 9999; 9999; 9999; 9999
1958;10; 0; 0; 0; 0; 0; 0; 0; 0; 0; 0; 0; 0; 0; 0; 0; 9999; 9999; 9999; 9999; 9999; 9999; 9999; 9999; 9999; 9999; 9999; 9999; 9999; 9999; 9999; 9999
1958;11; 0; 0; 0; 0; 0; 0; 0; 0; 0; 0; 0; 0; 0; 0; 0; 9999; 9999; 9999; 9999; 9999; 9999; 9999; 9999; 9999; 9999; 9999; 9999; 9999; 9999; 9999; 9999
1958;12; 0; 0; 0; 0; 0; 0; 0; 0; 0; 0; 0; 0; 0; 0; 0; 9999; 9999; 9999; 9999; 9999; 9999; 9999; 9999; 9999; 9999; 9999; 9999; 9999; 9999; 9999; 9999
1959;01; 9999; 9999; 9999; 9999; 9999; 9999; 9999; 9999; 9999; 9999; 9999; 9999; 9999; 9999; 9999; 9999; 9999; 9999; 9999; 9999; 9999; 9999; 9999; 9999; 9999; 9999; 9999; 9999; 9999; 9999; 9999
1959;02; 9999; 9999; 9999; 9999; 9999; 9999; 9999; 9999; 9999; 9999; 9999; 9999; 9999; 9999; 9999; 9999; 9999; 9999; 9999; 9999; 9999; 9999; 9999; 9999; 9999; 9999; 9999; 9999; 9999; 9999; 9999
1959;03; 9999; 9999; 9999; 9999; 9999; 9999; 9999; 9999; 9999; 9999; 9999; 9999; 9999; 9999; 9999; 9999; 9999; 9999; 9999; 9999; 9999; 9999; 9999; 9999; 9999; 9999; 9999; 9999; 9999; 9999; 9999
1959;04; 9999; 9999; 9999; 9999; 9999; 9999; 9999; 9999; 9999; 9999; 9999; 9999; 9999; 9999; 9999; 9999; 9999; 9999; 9999; 9999; 9999; 9999; 9999; 9999; 9999; 9999; 9999; 9999; 9999; 9999; 9999
1959;05; 9999; 9999; 9999; 9999; 9999; 9999; 9999; 9999; 9999; 9999; 9999; 9999; 9999; 9999; 9999; 9999; 9999; 9999; 9999; 9999; 9999; 9999; 9999; 9999; 9999; 9999; 9999; 9999; 9999; 9999; 9999
1959;06; 9999; 9999; 9999; 9999; 9999; 9999; 9999; 9999; 9999; 9999; 9999; 9999; 9999; 9999; 9999; 9999; 9999; 9999; 9999; 9999; 9999; 9999; 9999; 9999; 9999; 9999; 9999; 9999; 9999; 9999; 9999
1959;07; 9999; 9999; 9999; 9999; 9999; 9999; 9999; 9999; 9999; 9999; 9999; 9999; 9999; 9999; 9999; 9999; 9999; 9999; 9999; 9999; 9999; 9999; 9999; 9999; 9999; 9999; 9999; 9999; 9999; 9999; 9999
1959;08; 9999; 9999; 9999; 9999; 9999; 9999; 9999; 9999; 9999; 9999; 9999; 9999; 9999; 9999; 9999; 9999; 9999; 9999; 9999; 9999; 9999; 9999; 9999; 9999; 9999; 9999; 9999; 9999; 9999; 9999; 9999
1959;09; 9999; 9999; 9999; 9999; 9999; 9999; 9999; 9999; 9999; 9999; 9999; 9999; 9999; 9999; 9999; 9999; 9999; 9999; 9999; 9999; 9999; 9999; 9999; 9999; 9999; 9999; 9999; 9999; 9999; 9999; 9999
1959;10; 9999; 9999; 9999; 9999; 9999; 9999; 9999; 9999; 9999; 9999; 9999; 9999; 9999; 9999; 9999; 9999; 9999; 9999; 9999; 9999; 9999; 9999; 9999; 9999; 9999; 9999; 9999; 9999; 9999; 9999; 9999
1959;11; 9999; 9999; 9999; 9999; 9999; 9999; 9999; 9999; 9999; 9999; 9999; 9999; 9999; 9999; 9999; 9999; 9999; 9999; 9999; 9999; 9999; 9999; 9999; 9999; 9999; 9999; 9999; 9999; 9999; 9999; 9999
1959;12; 9999; 9999; 9999; 9999; 9999; 9999; 9999; 9999; 9999; 9999; 9999; 9999; 9999; 9999; 9999; 9999; 9999; 9999; 9999; 9999; 9999; 9999; 9999; 9999; 9999; 9999; 9999; 9999; 9999; 9999; 9999
1960;01; 0; 0; 0; 305; 0; 805; 205; 0; 380; 80; 0; 0; 0; 0; 0; 0; 205; 150; 103; 350; 6; 100; 0; 0; 0; 0; 390; 0; 0; 0; 0
1960;02; 9999; 9999; 9999; 9999; 9999; 9999; 9999; 9999; 9999; 9999; 9999; 9999; 9999; 9999; 9999; 9999; 9999; 9999; 9999; 9999; 9999; 9999; 9999; 9999; 9999; 9999; 9999; 9999; 9999; 9999; 9999
1960;03; 9999; 9999; 9999; 9999; 9999; 9999; 9999; 9999; 9999; 9999; 9999; 9999; 9999; 9999; 9999; 9999; 9999; 9999; 9999; 9999; 9999; 9999; 9999; 9999; 9999; 9999; 9999; 9999; 9999; 9999; 9999
1960;04; 9999; 9999; 9999; 9999; 9999; 9999; 9999; 9999; 9999; 9999; 9999; 9999; 9999; 9999; 9999; 9999; 9999; 9999; 9999; 9999; 9999; 9999; 9999; 9999; 9999; 9999; 9999; 9999; 9999; 9999; 9999
1960;05; 9999; 9999; 9999; 9999; 9999; 9999; 9999; 9999; 9999; 9999; 9999; 9999; 9999; 9999; 9999; 9999; 9999; 9999; 9999; 9999; 9999; 9999; 9999; 9999; 9999; 9999; 9999; 9999; 9999; 9999; 9999
1960;06; 0; 0; 0; 0; 0; 0; 0; 0; 0; 0; 0; 0; 0; 0; 0; 0; 305; 0; 0; 0; 0; 113; 180; 0; 0; 0; 0; 0; 0; 0; 9999
1960;07; 0; 0; 0; 0; 0; 0; 0; 0; 0; 0; 0; 0; 0; 0; 0; 0; 0; 0; 0; 0; 0; 0; 0; 0; 0; 0; 0; 0; 0; 0; 0
1960;08; 0; 0; 0; 0; 0; 0; 0; 0; 0; 0; 0; 0; 0; 0; 0; 0; 100; 120; 0; 100; 75; 30; 0; 0; 0; 0; 0; 0; 0; 0; 0
1960;09; 70; 0; 0; 0; 0; 0; 0; 0; 0; 0; 0; 0; 0; 0; 0; 0; 0; 0; 0; 0; 0; 0; 0; 0; 0; 0; 0; 0; 0; 0; 9999
1960;10; 85; 0; 0; 0; 0; 0; 0; 0; 150; 0; 0; 0; 0; 0; 10; 800; 0; 0; 175; 10; 25; 75; 780; 0; 0; 0; 0; 0; 0; 0; 0
1960;11; 235; 0; 0; 140; 0; 0; 630; 0; 0; 0; 210; 0; 0; 0; 105; 0; 0; 0; 0; 0; 375; 0; 0; 0; 0; 95; 0; 0; 0; 0; 9999
1960;12; 10; 0; 0; 0; 0; 0; 0; 0; 0; 0; 0; 0; 260; 0; 0; 40; 102; 0; 300; 0; 0; 0; 70; 0; 0; 0; 0; 0; 155; 10; 95
1961;01; 1003; 0; 140; 0; 0; 0; 215; 0; 275; 100; 0; 0; 0; 0; 0; 160; 0; 0; 8; 0; 12; 0; 0; 0; 0; 185; 0; 0; 0; 0; 0
1961;02; 0; 0; 0; 0; 280; 0; 0; 0; 0; 10; 0; 0; 0; 0; 0; 0; 0; 10; 0; 330; 0; 95; 225; 55; 165; 115; 150; 100; 9999; 9999; 9999
1961;03; 0; 0; 0; 0; 0; 210; 0; 0; 0; 0; 0; 0; 95; 0; 65; 130; 0; 0; 0; 130; 0; 0; 0; 0; 0; 0; 55; 0; 0; 0; 0
1961;04; 0; 0; 120; 50; 470; 240; 0; 0; 0; 0; 0; 0; 0; 0; 0; 0; 0; 0; 0; 120; 0; 0; 0; 150; 100; 110; 0; 0; 0; 0; 9999
1961;05; 0; 0; 25; 0; 0; 0; 0; 0; 0; 0; 0; 0; 0; 0; 0; 0; 0; 0; 0; 0; 0; 0; 0; 0; 0; 0; 0; 0; 0; 0; 0
1961;06; 0; 0; 0; 0; 170; 0; 0; 0; 0; 0; 0; 0; 0; 0; 0; 0; 0; 0; 0; 0; 0; 0; 0; 0; 0; 0; 0; 0; 0; 0; 9999
1961;07; 0; 0; 0; 0; 0; 0; 0; 0; 0; 0; 0; 0; 0; 0; 0; 0; 0; 0; 0; 0; 0; 0; 0; 0; 0; 0; 0; 0; 0; 0; 0
1961;08; 0; 0; 0; 0; 0; 0; 0; 0; 0; 0; 0; 0; 0; 0; 0; 0; 0; 0; 0; 0; 0; 0; 0; 0; 0; 25; 0; 30; 0; 0; 130
1961;09; 0; 0; 0; 0; 0; 0; 0; 0; 0; 0; 0; 0; 0; 0; 0; 0; 0; 0; 0; 0; 0; 0; 0; 0; 0; 0; 0; 0; 0; 70; 9999
1961;10; 0; 0; 0; 0; 0; 0; 0; 0; 0; 0; 0; 0; 0; 0; 70; 0; 240; 0; 0; 100; 0; 0; 0; 0; 0; 100; 0; 0; 0; 20; 250
1961;11; 0; 0; 0; 0; 0; 0; 0; 0; 0; 0; 0; 0; 570; 90; 240; 0; 0; 0; 0; 0; 120; 0; 20; 70; 0; 0; 0; 0; 0; 0; 9999
1961;12; 0; 0; 0; 307; 0; 0; 0; 0; 0; 0; 0; 0; 0; 0; 330; 400; 0; 0; 0; 270; 850; 200; 110; 440; 600; 0; 0; 0; 0; 130; 0
1962;01; 0; 100; 0; 0; 0; 450; 0; 0; 640; 0; 0; 0; 0; 0; 0; 110; 0; 0; 0; 0; 0; 4; 3; 0; 0; 0; 0; 0; 0; 0; 9
1962;02; 0; 190; 170; 0; 0; 0; 0; 0; 0; 0; 0; 0; 0; 0; 0; 0; 30; 20; 10; 0; 15; 7; 7; 0; 0; 0; 0; 0; 9999; 9999; 9999
1962;03; 39; 0; 0; 0; 0; 0; 0; 0; 0; 150; 370; 100; 0; 40; 0; 70; 0; 0; 120; 0; 0; 0; 0; 0; 0; 0; 0; 0; 0; 0; 0
1962;04; 0; 0; 0; 0; 0; 0; 0; 0; 0; 0; 0; 0; 0; 0; 0; 0; 0; 0; 100; 0; 0; 0; 0; 0; 0; 0; 0; 0; 0; 0; 9999
1962;05; 590; 360; 0; 0; 0; 0; 0; 0; 0; 0; 0; 0; 0; 0; 0; 0; 0; 120; 0; 0; 0; 0; 0; 0; 0; 0; 0; 0; 40; 0; 0
1962;06; 0; 250; 0; 0; 300; 70; 0; 230; 0; 0; 0; 0; 0; 0; 0; 0; 0; 0; 0; 0; 0; 0; 0; 0; 0; 0; 0; 0; 0; 0; 9999
1962;07; 0; 0; 0; 0; 0; 0; 0; 0; 0; 0; 0; 0; 0; 0; 0; 0; 0; 0; 0; 60; 0; 0; 0; 0; 0; 0; 0; 0; 0; 0; 0
1962;08; 0; 0; 0; 0; 0; 0; 0; 0; 0; 0; 0; 0; 100; 0; 0; 30; 0; 0; 0; 0; 0; 110; 0; 0; 0; 0; 0; 0; 0; 0; 40
1962;09; 0; 0; 0; 20; 0; 0; 0; 0; 0; 0; 0; 0; 200; 0; 0; 0; 0; 90; 0; 0; 0; 0; 0; 0; 0; 0; 0; 0; 0; 0; 9999
1962;10; 270; 470; 400; 70; 0; 0; 0; 440; 35; 0; 60; 20; 0; 0; 0; 0; 0; 100; 180; 90; 0; 0; 75; 0; 0; 0; 0; 0; 100; 260; 30
1962;11; 9999; 9999; 9999; 9999; 9999; 9999; 9999; 9999; 9999; 9999; 9999; 9999; 9999; 9999; 9999; 9999; 9999; 9999; 9999; 9999; 9999; 9999; 9999; 9999; 9999; 9999; 9999; 9999; 9999; 9999; 9999
1962;12; 0; 0; 420; 65; 0; 365; 0; 0; 0; 0; 0; 40; 0; 0; 0; 0; 150; 350; 0; 0; 0; 0; 0; 0; 0; 710; 0; 0; 0; 285; 200
1963;01; 480; 150; 0; 1300; 0; 0; 570; 0; 0; 120; 0; 385; 275; 570; 11; 480; 140; 0; 150; 0; 0; 120; 0; 70; 50; 0; 0; 0; 0; 0; 0
1963;02; 350; 120; 0; 0; 0; 125; 0; 0; 0; 0; 0; 0; 0; 0; 0; 80; 0; 0; 80; 0; 0; 150; 0; 140; 0; 0; 0; 0; 9999; 9999; 9999
1963;03; 0; 0; 0; 0; 0; 0; 0; 140; 0; 0; 0; 200; 0; 0; 0; 0; 0; 0; 50; 0; 0; 120; 0; 20; 0; 210; 30; 0; 35; 0; 0
1963;04; 0; 0; 0; 0; 0; 0; 0; 0; 0; 0; 0; 0; 0; 0; 0; 380; 0; 0; 0; 0; 0; 0; 0; 0; 0; 0; 0; 0; 0; 0; 9999
1963;05; 0; 0; 35; 0; 0; 0; 0; 0; 0; 0; 0; 0; 0; 0; 0; 0; 35; 0; 0; 0; 0; 0; 0; 0; 0; 0; 0; 0; 0; 0; 0
1963;06; 9999; 9999; 9999; 9999; 9999; 9999; 9999; 9999; 9999; 9999; 9999; 9999; 9999; 9999; 9999; 9999; 9999; 9999; 9999; 9999; 9999; 9999; 9999; 9999; 9999; 9999; 9999; 9999; 9999; 9999; 9999
1963;07; 9999; 9999; 9999; 9999; 9999; 9999; 9999; 9999; 9999; 9999; 9999; 9999; 9999; 9999; 9999; 9999; 9999; 9999; 9999; 9999; 9999; 9999; 9999; 9999; 9999; 9999; 9999; 9999; 9999; 9999; 9999
1963;08; 9999; 9999; 9999; 9999; 9999; 9999; 9999; 9999; 9999; 9999; 9999; 9999; 9999; 9999; 9999; 9999; 9999; 9999; 9999; 9999; 9999; 9999; 9999; 9999; 9999; 9999; 9999; 9999; 9999; 9999; 9999
1963;09; 9999; 9999; 9999; 9999; 9999; 9999; 9999; 9999; 9999; 9999; 9999; 9999; 9999; 9999; 9999; 9999; 9999; 9999; 9999; 9999; 9999; 9999; 9999; 9999; 9999; 9999; 9999; 9999; 9999; 9999; 9999
1963;10; 0; 0; 0; 0; 0; 0; 0; 0; 0; 0; 0; 0; 0; 0; 0; 0; 0; 40; 0; 0; 0; 0; 10; 0; 0; 0; 0; 190; 120; 0; 0
1963;11; 175; 0; 0; 0; 0; 0; 0; 10; 120; 0; 0; 0; 0; 0; 640; 0; 0; 110; 0; 0; 200; 0; 0; 0; 300; 0; 0; 0; 100; 0; 9999
1963;12; 25; 0; 90; 250; 0; 285; 0; 200; 0; 0; 0; 0; 0; 0; 0; 0; 0; 0; 0; 0; 0; 0; 0; 0; 0; 0; 0; 0; 0; 0; 0
1964;01; 65; 0; 0; 0; 107; 0; 0; 0; 0; 0; 0; 0; 0; 0; 0; 305; 0; 0; 0; 0; 0; 0; 0; 0; 0; 450; 35; 0; 0; 0; 0
1964;02; 9999; 9999; 9999; 9999; 9999; 9999; 9999; 9999; 9999; 9999; 9999; 9999; 9999; 9999; 9999; 9999; 9999; 9999; 9999; 9999; 9999; 9999; 9999; 9999; 9999; 9999; 9999; 9999; 9999; 9999; 9999
1964;03; 9999; 9999; 9999; 9999; 9999; 9999; 9999; 9999; 9999; 9999; 9999; 9999; 9999; 9999; 9999; 9999; 9999; 9999; 9999; 9999; 9999; 9999; 9999; 9999; 9999; 9999; 9999; 9999; 9999; 9999; 9999
1964;04; 9999; 9999; 9999; 9999; 9999; 9999; 9999; 9999; 9999; 9999; 9999; 9999; 9999; 9999; 9999; 9999; 9999; 9999; 9999; 9999; 9999; 9999; 9999; 9999; 9999; 9999; 9999; 9999; 9999; 9999; 9999
1964;05; 9999; 9999; 9999; 9999; 9999; 9999; 9999; 9999; 9999; 9999; 9999; 9999; 9999; 9999; 9999; 9999; 9999; 9999; 9999; 9999; 9999; 9999; 9999; 9999; 9999; 9999; 9999; 9999; 9999; 9999; 9999
1964;06; 9999; 9999; 9999; 9999; 9999; 9999; 9999; 9999; 9999; 9999; 9999; 9999; 9999; 9999; 9999; 9999; 9999; 9999; 9999; 9999; 9999; 9999; 9999; 9999; 9999; 9999; 9999; 9999; 9999; 9999; 9999
1964;07; 9999; 9999; 9999; 9999; 9999; 9999; 9999; 9999; 9999; 9999; 9999; 9999; 9999; 9999; 9999; 9999; 9999; 9999; 9999; 9999; 9999; 9999; 9999; 9999; 9999; 9999; 9999; 9999; 9999; 9999; 9999
1964;08; 9999; 9999; 9999; 9999; 9999; 9999; 9999; 9999; 9999; 9999; 9999; 9999; 9999; 9999; 9999; 9999; 9999; 9999; 9999; 9999; 9999; 9999; 9999; 9999; 9999; 9999; 9999; 9999; 9999; 9999; 9999
1964;09; 9999; 9999; 9999; 9999; 9999; 9999; 9999; 9999; 9999; 9999; 9999; 9999; 9999; 9999; 9999; 9999; 9999; 9999; 9999; 9999; 9999; 9999; 9999; 9999; 9999; 9999; 9999; 9999; 9999; 9999; 9999
1964;10; 0; 0; 0; 0; 0; 0; 0; 0; 0; 0; 0; 0; 0; 0; 0; 9999; 9999; 9999; 9999; 9999; 9999; 9999; 9999; 9999; 9999; 9999; 9999; 9999; 9999; 9999; 9999
1964;11; 0; 0; 0; 0; 0; 0; 0; 0; 0; 0; 0; 0; 0; 0; 0; 9999; 9999; 9999; 9999; 9999; 9999; 9999; 9999; 9999; 9999; 9999; 9999; 9999; 9999; 9999; 9999
1964;12; 0; 0; 0; 0; 0; 0; 0; 0; 0; 0; 0; 0; 0; 0; 0; 9999; 9999; 9999; 9999; 9999; 9999; 9999; 9999; 9999; 9999; 9999; 9999; 9999; 9999; 9999; 9999
1965;01; 9999; 9999; 9999; 9999; 9999; 9999; 9999; 9999; 9999; 9999; 9999; 9999; 9999; 9999; 9999; 9999; 9999; 9999; 9999; 9999; 9999; 9999; 9999; 9999; 9999; 9999; 9999; 9999; 9999; 9999; 9999
1965;02; 9999; 9999; 9999; 9999; 9999; 9999; 9999; 9999; 9999; 9999; 9999; 9999; 9999; 9999; 9999; 9999; 9999; 9999; 9999; 9999; 9999; 9999; 9999; 9999; 9999; 9999; 9999; 9999; 9999; 9999; 9999
1965;03; 9999; 9999; 9999; 9999; 9999; 9999; 9999; 9999; 9999; 9999; 9999; 9999; 9999; 9999; 9999; 9999; 9999; 9999; 9999; 9999; 9999; 9999; 9999; 9999; 9999; 9999; 9999; 9999; 9999; 9999; 9999
1965;04; 9999; 9999; 9999; 9999; 9999; 9999; 9999; 9999; 9999; 9999; 9999; 9999; 9999; 9999; 9999; 9999; 9999; 9999; 9999; 9999; 9999; 9999; 9999; 9999; 9999; 9999; 9999; 9999; 9999; 9999; 9999
1965;05; 9999; 9999; 9999; 9999; 9999; 9999; 9999; 9999; 9999; 9999; 9999; 9999; 9999; 9999; 9999; 9999; 9999; 9999; 9999; 9999; 9999; 9999; 9999; 9999; 9999; 9999; 9999; 9999; 9999; 9999; 9999
1965;06; 9999; 9999; 9999; 9999; 9999; 9999; 9999; 9999; 9999; 9999; 9999; 9999; 9999; 9999; 9999; 9999; 9999; 9999; 9999; 9999; 9999; 9999; 9999; 9999; 9999; 9999; 9999; 9999; 9999; 9999; 9999
1965;07; 9999; 9999; 9999; 9999; 9999; 9999; 9999; 9999; 9999; 9999; 9999; 9999; 9999; 9999; 9999; 9999; 9999; 9999; 9999; 9999; 9999; 9999; 9999; 9999; 9999; 9999; 9999; 9999; 9999; 9999; 9999
1965;08; 9999; 9999; 9999; 9999; 9999; 9999; 9999; 9999; 9999; 9999; 9999; 9999; 9999; 9999; 9999; 9999; 9999; 9999; 9999; 9999; 9999; 9999; 9999; 9999; 9999; 9999; 9999; 9999; 9999; 9999; 9999
1965;09; 9999; 9999; 9999; 9999; 9999; 9999; 9999; 9999; 9999; 9999; 9999; 9999; 9999; 9999; 9999; 9999; 9999; 9999; 9999; 9999; 9999; 9999; 9999; 9999; 9999; 9999; 9999; 9999; 9999; 9999; 9999
1965;10; 9999; 9999; 9999; 9999; 9999; 9999; 9999; 9999; 9999; 9999; 9999; 9999; 9999; 9999; 9999; 9999; 9999; 9999; 9999; 9999; 9999; 9999; 9999; 9999; 9999; 9999; 9999; 9999; 9999; 9999; 9999
1965;11; 9999; 9999; 9999; 9999; 9999; 9999; 9999; 9999; 9999; 9999; 9999; 9999; 9999; 9999; 9999; 9999; 9999; 9999; 9999; 9999; 9999; 9999; 9999; 9999; 9999; 9999; 9999; 9999; 9999; 9999; 9999
1965;12; 9999; 9999; 9999; 9999; 9999; 9999; 9999; 9999; 9999; 9999; 9999; 9999; 9999; 9999; 9999; 9999; 9999; 9999; 9999; 9999; 9999; 9999; 9999; 9999; 9999; 9999; 9999; 9999; 9999; 9999; 9999
1966;01; 9999; 9999; 9999; 9999; 9999; 9999; 9999; 9999; 9999; 9999; 9999; 9999; 9999; 9999; 9999; 9999; 9999; 9999; 9999; 9999; 9999; 9999; 9999; 9999; 9999; 9999; 9999; 9999; 9999; 9999; 9999
1966;02; 9999; 9999; 9999; 9999; 9999; 9999; 9999; 9999; 9999; 9999; 9999; 9999; 9999; 9999; 9999; 9999; 9999; 9999; 9999; 9999; 9999; 9999; 9999; 9999; 9999; 9999; 9999; 9999; 9999; 9999; 9999
1966;03; 0; 216; 111; 405; 1; 6; 0; 49; 0; 8; 0; 0; 0; 0; 0; 0; 0; 0; 0; 0; 0; 0; 0; 95; 92; 0; 3; 6; 0; 0; 0
1966;04; 4; 0; 0; 0; 0; 261; 0; 0; 0; 0; 0; 0; 0; 0; 0; 0; 0; 0; 0; 0; 0; 0; 0; 0; 0; 231; 0; 0; 0; 0; 9999
1966;05; 0; 0; 0; 0; 0; 208; 0; 0; 0; 0; 0; 0; 0; 0; 0; 0; 0; 0; 0; 0; 218; 401; 273; 0; 0; 0; 0; 0; 0; 0; 0
1966;06; 0; 0; 0; 0; 0; 0; 0; 0; 0; 0; 0; 0; 0; 0; 0; 0; 0; 0; 0; 0; 0; 0; 0; 7; 0; 0; 0; 0; 0; 8; 9999
1966;07; 32; 0; 0; 0; 0; 0; 0; 0; 0; 0; 0; 0; 0; 0; 0; 0; 0; 0; 0; 0; 0; 0; 205; 0; 0; 0; 0; 0; 0; 0; 0
1966;08; 0; 0; 0; 0; 1; 0; 0; 0; 0; 0; 0; 0; 0; 0; 0; 0; 0; 0; 0; 0; 0; 0; 0; 0; 0; 0; 0; 0; 0; 5; 0
1966;09; 5; 12; 13; 0; 0; 0; 0; 0; 0; 0; 0; 0; 0; 0; 0; 0; 0; 0; 0; 0; 0; 0; 0; 0; 0; 0; 0; 0; 0; 0; 9999
1966;10; 0; 0; 0; 0; 0; 0; 0; 0; 5; 0; 0; 0; 12; 0; 0; 0; 0; 0; 0; 0; 0; 15; 0; 0; 0; 0; 1806; 204; 4; 116; 162
1966;11; 0; 0; 0; 0; 0; 0; 0; 0; 108; 103; 0; 0; 70; 0; 0; 0; 0; 0; 0; 0; 0; 0; 0; 0; 0; 0; 0; 0; 0; 0; 9999
1966;12; 0; 0; 0; 0; 0; 100; 0; 0; 0; 0; 90; 0; 0; 340; 300; 730; 10; 10; 53; 215; 510; 10; 0; 0; 0; 0; 0; 0; 0; 0; 0
1967;01; 0; 95; 15; 5; 0; 11; 0; 0; 0; 105; 305; 3; 29; 85; 25; 15; 0; 0; 304; 53; 10; 35; 4; 0; 0; 17; 0; 0; 0; 0; 0
1967;02; 0; 0; 0; 75; 175; 0; 0; 0; 0; 0; 0; 0; 0; 0; 0; 0; 8; 0; 13; 0; 7; 25; 5; 0; 3; 0; 0; 0; 9999; 9999; 9999
1967;03; 0; 75; 25; 0; 0; 305; 25; 0; 14; 445; 0; 195; 404; 5; 40; 0; 0; 0; 0; 0; 0; 0; 0; 0; 5; 40; 0; 0; 2; 0; 4
1967;04; 0; 0; 0; 0; 0; 0; 0; 0; 0; 0; 0; 0; 0; 0; 0; 0; 0; 0; 0; 0; 0; 0; 0; 0; 0; 0; 0; 0; 0; 0; 9999
1967;05; 0; 0; 0; 0; 0; 0; 0; 0; 0; 0; 0; 0; 0; 0; 0; 0; 0; 0; 0; 0; 0; 0; 0; 0; 0; 0; 0; 0; 0; 0; 0
1967;06; 0; 0; 0; 30; 210; 220; 100; 0; 0; 0; 700; 120; 180; 0; 0; 0; 0; 0; 0; 0; 0; 0; 0; 0; 0; 0; 0; 0; 0; 0; 9999
1967;07; 0; 0; 0; 0; 0; 0; 0; 0; 0; 0; 0; 0; 0; 0; 0; 0; 0; 0; 0; 0; 0; 7; 0; 0; 0; 0; 0; 0; 0; 0; 0
1967;08; 0; 0; 0; 0; 0; 0; 0; 0; 0; 0; 0; 3; 0; 0; 0; 0; 0; 0; 0; 0; 0; 0; 0; 0; 0; 0; 0; 0; 0; 0; 0
1967;09; 0; 0; 0; 0; 0; 0; 3; 0; 53; 81; 0; 88; 0; 0; 0; 0; 0; 0; 4; 0; 0; 0; 0; 0; 0; 0; 0; 0; 0; 0; 9999
1967;10; 40; 0; 0; 0; 0; 0; 0; 0; 0; 0; 32; 0; 0; 0; 0; 0; 0; 0; 0; 10; 0; 62; 0; 0; 388; 133; 0; 0; 40; 0; 0
1967;11; 0; 0; 0; 0; 0; 0; 0; 0; 0; 0; 0; 82; 0; 0; 60; 700; 0; 0; 0; 0; 0; 0; 0; 190; 190; 100; 500; 0; 0; 0; 9999
1967;12; 0; 0; 6; 0; 0; 0; 0; 2; 24; 0; 0; 0; 0; 0; 0; 0; 18; 23; 80; 0; 0; 0; 0; 0; 0; 0; 0; 0; 0; 0; 0
1968;01; 90; 240; 100; 100; 0; 0; 0; 0; 450; 210; 250; 110; 0; 0; 0; 450; 300; 111; 640; 0; 0; 210; 60; 350; 50; 0; 0; 0; 150; 0; 0
1968;02; 0; 0; 0; 0; 0; 0; 0; 0; 0; 0; 0; 0; 10; 20; 10; 0; 0; 0; 0; 0; 12; 40; 0; 0; 0; 0; 0; 4; 0; 9999; 9999
1968;03; 0; 0; 0; 0; 20; 90; 200; 0; 130; 0; 0; 0; 90; 0; 0; 0; 0; 0; 0; 0; 40; 0; 0; 0; 0; 0; 0; 0; 0; 0; 50
1968;04; 0; 0; 0; 0; 0; 0; 0; 0; 0; 0; 0; 0; 0; 0; 0; 0; 0; 0; 0; 90; 40; 0; 0; 0; 0; 0; 0; 0; 120; 0; 9999
1968;05; 0; 0; 0; 0; 0; 0; 0; 0; 30; 0; 0; 0; 0; 0; 0; 100; 0; 0; 0; 0; 0; 0; 0; 0; 0; 0; 0; 0; 0; 0; 0
1968;06; 0; 0; 0; 0; 0; 0; 120; 130; 0; 0; 0; 0; 0; 0; 0; 0; 0; 0; 0; 0; 140; 0; 0; 0; 0; 0; 0; 0; 0; 0; 9999
1968;07; 0; 0; 0; 0; 0; 0; 0; 0; 0; 130; 0; 0; 0; 0; 0; 0; 0; 0; 0; 0; 0; 0; 0; 0; 0; 0; 0; 0; 0; 0; 0
1968;08; 0; 0; 0; 0; 0; 0; 0; 5; 110; 0; 0; 0; 0; 0; 0; 0; 0; 0; 0; 0; 0; 0; 0; 0; 0; 0; 0; 0; 0; 0; 9
1968;09; 0; 0; 0; 0; 9; 0; 0; 0; 0; 0; 0; 0; 0; 0; 0; 0; 0; 0; 0; 0; 340; 0; 0; 0; 0; 0; 0; 0; 0; 9; 9999
1968;10; 358; 0; 0; 0; 0; 0; 0; 0; 0; 0; 0; 0; 0; 0; 0; 400; 360; 185; 0; 0; 0; 0; 90; 250; 390; 0; 174; 0; 0; 0; 0
1968;11; 0; 0; 0; 0; 80; 0; 0; 140; 0; 0; 0; 0; 0; 0; 0; 0; 0; 0; 0; 0; 0; 0; 0; 0; 0; 0; 0; 0; 520; 255; 9999
1968;12; 0; 0; 0; 0; 0; 0; 0; 0; 0; 0; 0; 0; 0; 0; 0; 0; 0; 0; 0; 100; 200; 8; 150; 360; 435; 5; 6; 15; 140; 1; 0
1969;01; 0; 0; 0; 0; 0; 0; 0; 95; 0; 0; 0; 80; 0; 0; 0; 0; 0; 0; 0; 7; 0; 0; 320; 0; 0; 0; 0; 0; 325; 20; 0
1969;02; 0; 0; 0; 0; 0; 0; 0; 0; 0; 110; 0; 45; 0; 0; 0; 0; 0; 0; 80; 200; 0; 0; 0; 205; 0; 0; 0; 210; 9999; 9999; 9999
1969;03; 285; 0; 0; 0; 0; 0; 0; 0; 0; 0; 0; 0; 0; 0; 0; 0; 0; 0; 0; 0; 0; 0; 0; 0; 0; 0; 210; 190; 0; 0; 210
1969;04; 0; 50; 0; 0; 0; 210; 0; 70; 0; 0; 0; 0; 0; 0; 0; 0; 0; 0; 0; 0; 0; 0; 0; 0; 0; 0; 0; 0; 0; 0; 9999
1969;05; 0; 0; 110; 0; 0; 0; 0; 0; 0; 0; 0; 0; 0; 0; 0; 0; 0; 0; 0; 0; 0; 0; 0; 120; 0; 80; 0; 0; 0; 0; 0
1969;06; 0; 320; 0; 0; 0; 0; 0; 0; 0; 0; 0; 0; 0; 0; 0; 290; 0; 0; 0; 0; 190; 0; 0; 0; 0; 0; 0; 0; 0; 20; 9999
1969;07; 0; 0; 0; 0; 0; 0; 0; 0; 25; 0; 0; 0; 180; 0; 0; 0; 0; 0; 0; 0; 0; 0; 0; 0; 0; 0; 0; 0; 0; 0; 0
1969;08; 0; 0; 0; 0; 0; 0; 70; 0; 0; 0; 0; 0; 0; 0; 0; 0; 0; 0; 0; 0; 0; 0; 0; 0; 0; 0; 0; 0; 0; 0; 0
1969;09; 0; 0; 0; 10; 0; 0; 0; 0; 0; 0; 0; 0; 0; 0; 0; 0; 0; 0; 0; 480; 0; 0; 0; 0; 0; 15; 0; 0; 0; 309; 9999
1969;10; 310; 0; 0; 240; 0; 204; 0; 0; 0; 0; 0; 0; 0; 0; 0; 0; 0; 0; 0; 302; 0; 5; 0; 0; 0; 0; 0; 0; 0; 101; 423
1969;11; 5; 10; 0; 0; 0; 5; 5; 0; 0; 37; 0; 35; 0; 5; 0; 0; 15; 0; 0; 75; 0; 0; 0; 0; 0; 0; 0; 0; 0; 41; 9999
1969;12; 0; 0; 0; 0; 9; 22; 0; 0; 0; 0; 1; 0; 22; 0; 0; 0; 0; 0; 0; 0; 0; 0; 0; 0; 0; 0; 0; 0; 26; 28; 10
1970;01; 0; 300; 220; 0; 0; 0; 0; 0; 1370; 0; 0; 0; 0; 0; 100; 0; 30; 0; 0; 250; 0; 0; 0; 0; 0; 0; 0; 0; 0; 0; 270
1970;02; 470; 40; 90; 0; 190; 100; 0; 0; 20; 0; 0; 0; 0; 0; 0; 0; 0; 0; 20; 0; 50; 0; 0; 0; 0; 50; 0; 30; 9999; 9999; 9999
1970;03; 0; 0; 0; 0; 30; 0; 0; 20; 50; 0; 0; 20; 0; 70; 60; 210; 0; 0; 0; 60; 0; 0; 50; 370; 0; 30; 0; 0; 0; 0; 0
1970;04; 0; 0; 0; 0; 40; 0; 0; 0; 100; 0; 0; 0; 0; 0; 0; 0; 0; 0; 0; 0; 0; 0; 0; 0; 0; 0; 150; 0; 0; 0; 9999
1970;05; 0; 0; 0; 0; 0; 407; 3; 0; 0; 0; 0; 0; 0; 0; 0; 0; 0; 60; 0; 11; 0; 0; 0; 0; 0; 0; 0; 0; 0; 0; 0
1970;06; 0; 0; 0; 0; 0; 0; 95; 40; 10; 0; 0; 0; 0; 0; 0; 0; 0; 139; 21; 0; 0; 364; 0; 0; 54; 21; 31; 9; 157; 0; 9999
1970;07; 0; 36; 0; 0; 0; 0; 94; 0; 0; 21; 35; 53; 0; 0; 0; 0; 0; 0; 21; 0; 0; 0; 0; 0; 0; 0; 0; 0; 0; 0; 0
1970;08; 0; 0; 0; 0; 0; 0; 0; 0; 0; 0; 0; 0; 0; 0; 0; 0; 0; 0; 0; 0; 0; 0; 0; 315; 234; 527; 216; 113; 205; 0; 0
1970;09; 0; 0; 0; 0; 118; 0; 0; 0; 0; 112; 0; 0; 0; 65; 155; 0; 254; 0; 0; 0; 53; 0; 0; 0; 0; 0; 0; 61; 0; 0; 9999
1970;10; 58; 39; 41; 0; 0; 0; 0; 42; 0; 0; 0; 28; 0; 0; 0; 0; 0; 0; 0; 0; 0; 0; 0; 0; 0; 0; 0; 0; 0; 0; 0
1970;11; 0; 0; 0; 0; 0; 0; 0; 0; 0; 0; 0; 0; 0; 0; 0; 0; 0; 0; 0; 0; 0; 0; 0; 0; 0; 49; 0; 38; 0; 0; 9999
1970;12; 0; 0; 0; 0; 0; 0; 0; 0; 0; 707; 0; 521; 0; 0; 0; 0; 0; 0; 0; 0; 412; 0; 0; 0; 0; 0; 0; 0; 0; 91; 0
1971;01; 71; 39; 126; 161; 309; 69; 13; 27; 0; 0; 49; 0; 0; 0; 0; 0; 0; 0; 0; 0; 0; 0; 0; 0; 0; 0; 0; 0; 0; 0; 0
1971;02; 0; 0; 0; 0; 0; 431; 0; 0; 0; 290; 234; 43; 504; 0; 0; 0; 0; 0; 0; 205; 152; 0; 0; 84; 161; 0; 0; 0; 9999; 9999; 9999
1971;03; 0; 0; 203; 6; 42; 73; 0; 62; 0; 11; 0; 0; 0; 0; 0; 12; 0; 0; 0; 0; 0; 17; 137; 0; 0; 1; 6; 0; 40; 0; 0
1971;04; 0; 0; 0; 0; 0; 0; 0; 0; 25; 2; 0; 0; 0; 0; 0; 0; 133; 0; 0; 0; 33; 21; 352; 0; 0; 0; 0; 0; 0; 0; 9999
1971;05; 0; 0; 270; 11; 92; 66; 0; 0; 0; 0; 0; 0; 0; 0; 0; 0; 0; 0; 0; 0; 0; 0; 0; 0; 1; 263; 0; 0; 0; 0; 0
1971;06; 0; 0; 0; 0; 0; 0; 0; 0; 27; 0; 6; 32; 6; 0; 46; 286; 20; 42; 279; 450; 33; 13; 0; 0; 0; 0; 0; 0; 0; 0; 9999
1971;07; 0; 74; 1; 0; 354; 4; 0; 0; 0; 0; 0; 0; 0; 0; 0; 0; 0; 0; 0; 0; 0; 0; 0; 0; 0; 0; 3; 49; 0; 367; 1
1971;08; 0; 0; 0; 0; 0; 0; 0; 0; 0; 0; 0; 0; 0; 0; 0; 0; 0; 0; 0; 0; 0; 0; 0; 0; 0; 0; 0; 0; 0; 0; 0
1971;09; 0; 0; 0; 0; 0; 0; 142; 0; 0; 4; 2; 88; 0; 0; 0; 0; 0; 0; 0; 0; 0; 0; 0; 86; 295; 25; 101; 249; 0; 0; 9999
1971;10; 255; 28; 0; 0; 0; 0; 56; 101; 2; 0; 50; 154; 0; 0; 0; 0; 0; 0; 0; 0; 0; 5; 4; 0; 0; 1; 0; 0; 0; 0; 0
1971;11; 36; 37; 0; 0; 0; 0; 0; 0; 0; 0; 0; 0; 1; 15; 0; 0; 0; 303; 101; 0; 0; 0; 0; 0; 2; 0; 101; 0; 63; 142; 9999
1971;12; 63; 2; 15; 496; 2; 0; 0; 258; 56; 36; 0; 0; 154; 377; 92; 0; 0; 0; 0; 565; 0; 0; 143; 221; 85; 0; 6; 0; 40; 28; 2
1972;01; 0; 13; 88; 0; 9; 3; 134; 96; 1; 25; 0; 0; 223; 0; 32; 0; 0; 105; 0; 0; 365; 15; 438; 79; 0; 0; 88; 164; 53; 18; 0
1972;02; 56; 0; 42; 192; 7; 1; 22; 5; 251; 2; 170; 87; 314; 146; 36; 18; 360; 1; 158; 331; 217; 145; 54; 257; 51; 775; 264; 404; 0; 9999; 9999
1972;03; 0; 0; 0; 13; 22; 396; 12; 0; 338; 224; 98; 2; 0; 0; 0; 0; 0; 0; 61; 0; 0; 0; 0; 0; 0; 20; 0; 0; 0; 0; 78
1972;04; 0; 0; 519; 153; 0; 0; 0; 0; 0; 0; 0; 0; 0; 0; 5; 0; 0; 0; 0; 0; 0; 0; 0; 0; 0; 0; 41; 0; 0; 0; 9999
1972;05; 0; 0; 0; 0; 0; 0; 15; 163; 0; 0; 0; 0; 0; 0; 0; 0; 0; 0; 0; 0; 0; 0; 274; 58; 400; 1; 0; 0; 0; 0; 0
1972;06; 0; 0; 0; 0; 0; 0; 0; 0; 0; 0; 0; 0; 0; 0; 0; 0; 0; 15; 100; 0; 0; 0; 0; 0; 0; 0; 0; 0; 0; 0; 9999
1972;07; 0; 0; 0; 0; 0; 0; 0; 525; 0; 6; 0; 137; 248; 0; 189; 167; 4; 0; 0; 0; 0; 0; 0; 0; 0; 3; 101; 0; 0; 0; 0
1972;08; 0; 0; 0; 161; 10; 18; 1; 0; 0; 0; 0; 0; 121; 1; 0; 0; 0; 0; 0; 0; 0; 0; 40; 9; 22; 80; 28; 24; 18; 124; 0
1972;09; 0; 0; 0; 0; 0; 0; 0; 0; 0; 0; 43; 0; 27; 10; 0; 0; 0; 0; 0; 0; 0; 0; 3; 16; 59; 0; 0; 161; 207; 1; 9999
1972;10; 0; 340; 459; 1412; 481; 0; 10; 0; 0; 1; 619; 0; 0; 0; 172; 4; 0; 0; 0; 0; 0; 0; 0; 0; 0; 0; 0; 20; 167; 0; 0
1972;11; 0; 495; 1; 0; 0; 0; 0; 101; 33; 113; 96; 73; 0; 14; 0; 227; 67; 148; 689; 0; 83; 0; 0; 0; 13; 20; 0; 0; 0; 0; 9999
1972;12; 361; 403; 45; 0; 0; 0; 0; 0; 662; 0; 0; 0; 0; 0; 0; 0; 0; 0; 0; 0; 0; 50; 183; 62; 6; 0; 2; 2; 125; 339; 0
1973;01; 0; 315; 118; 0; 13; 0; 0; 0; 0; 42; 5; 0; 184; 2; 143; 314; 0; 0; 0; 0; 4; 382; 1071; 336; 57; 7; 198; 0; 0; 0; 0
1973;02; 0; 6; 0; 0; 5; 20; 0; 0; 0; 18; 0; 0; 0; 40; 210; 80; 100; 14; 23; 0; 0; 0; 0; 2; 20; 33; 160; 0; 9999; 9999; 9999
1973;03; 0; 0; 35; 80; 59; 0; 0; 40; 157; 0; 0; 0; 0; 0; 0; 0; 0; 0; 0; 227; 46; 45; 265; 0; 0; 0; 0; 0; 0; 0; 2
1973;04; 0; 0; 0; 38; 3; 0; 0; 0; 15; 6; 0; 17; 0; 0; 0; 0; 0; 11; 0; 66; 0; 0; 0; 0; 0; 0; 3; 0; 0; 2; 9999
1973;05; 0; 0; 167; 0; 50; 719; 0; 0; 0; 93; 0; 13; 0; 0; 0; 0; 0; 0; 0; 0; 0; 400; 0; 0; 4; 1; 0; 0; 0; 0; 0
1973;06; 0; 0; 0; 0; 0; 0; 0; 0; 0; 129; 1; 0; 0; 0; 23; 0; 0; 128; 1; 0; 0; 0; 0; 0; 41; 1; 164; 7; 0; 0; 9999
1973;07; 0; 217; 133; 0; 0; 0; 0; 0; 0; 0; 0; 0; 0; 0; 0; 0; 0; 0; 0; 0; 0; 16; 0; 0; 0; 0; 0; 74; 0; 0; 0
1973;08; 0; 0; 0; 0; 8; 89; 2; 0; 0; 0; 0; 0; 0; 0; 0; 0; 0; 0; 0; 0; 0; 0; 0; 0; 0; 287; 100; 140; 5; 0; 0
1973;09; 0; 25; 0; 0; 0; 0; 31; 0; 11; 12; 22; 0; 24; 0; 0; 0; 0; 0; 0; 31; 0; 0; 0; 0; 0; 94; 251; 0; 0; 0; 9999
1973;10; 0; 0; 0; 0; 0; 0; 181; 7; 357; 78; 5; 49; 107; 0; 0; 0; 0; 0; 40; 0; 0; 0; 0; 29; 0; 0; 0; 0; 0; 0; 14
1973;11; 289; 0; 0; 0; 5; 0; 0; 0; 0; 1; 2; 52; 260; 0; 0; 0; 6; 180; 367; 0; 0; 0; 0; 0; 0; 0; 0; 3; 0; 0; 9999
1973;12; 0; 0; 11; 37; 711; 11; 128; 222; 0; 0; 0; 0; 0; 0; 84; 161; 206; 48; 0; 0; 164; 20; 27; 232; 87; 19; 0; 9; 105; 7; 157
1974;01; 129; 1; 0; 0; 0; 96; 0; 29; 129; 7; 101; 286; 0; 403; 62; 422; 143; 13; 103; 0; 0; 42; 0; 150; 0; 105; 0; 23; 18; 0; 0
1974;02; 326; 170; 89; 16; 0; 0; 49; 233; 62; 0; 0; 27; 0; 0; 263; 0; 4; 528; 1; 0; 0; 61; 0; 238; 0; 0; 0; 0; 9999; 9999; 9999
1974;03; 0; 0; 0; 25; 0; 0; 1; 0; 2; 200; 20; 66; 117; 23; 0; 89; 238; 159; 502; 16; 28; 0; 0; 195; 55; 6; 6; 17; 1; 0; 0
1974;04; 0; 13; 0; 0; 315; 0; 0; 0; 0; 0; 0; 0; 0; 0; 0; 0; 0; 0; 0; 0; 0; 0; 0; 0; 0; 255; 0; 0; 0; 0; 9999
1974;05; 0; 0; 0; 0; 0; 0; 0; 0; 0; 0; 0; 0; 38; 0; 0; 0; 0; 105; 583; 63; 0; 0; 0; 0; 0; 126; 67; 0; 1; 0; 1
1974;06; 0; 0; 91; 0; 1; 0; 3; 49; 0; 0; 68; 517; 12; 0; 0; 0; 0; 0; 140; 0; 138; 123; 0; 0; 109; 3; 7; 0; 0; 0; 9999
1974;07; 0; 0; 0; 0; 0; 0; 0; 0; 0; 0; 0; 0; 0; 0; 0; 0; 0; 0; 0; 35; 0; 0; 0; 0; 0; 0; 0; 0; 0; 0; 0
1974;08; 0; 0; 0; 0; 0; 0; 0; 0; 0; 0; 0; 0; 30; 3; 24; 0; 0; 2; 0; 0; 0; 0; 0; 0; 0; 0; 23; 23; 2; 43; 0
1974;09; 0; 0; 1; 0; 0; 0; 0; 0; 0; 0; 0; 0; 0; 0; 0; 0; 0; 0; 5; 0; 0; 0; 0; 0; 0; 0; 269; 0; 76; 0; 9999
1974;10; 0; 79; 0; 140; 246; 0; 0; 0; 9; 0; 0; 0; 0; 0; 0; 0; 14; 0; 22; 0; 0; 28; 0; 7; 191; 127; 46; 0; 85; 329; 0
1974;11; 0; 0; 0; 0; 0; 187; 0; 0; 0; 0; 0; 0; 285; 0; 0; 0; 0; 0; 0; 22; 428; 6; 0; 0; 0; 0; 4; 195; 0; 312; 9999
1974;12; 52; 293; 194; 14; 7; 6; 0; 0; 0; 0; 0; 0; 99; 0; 0; 0; 144; 386; 235; 0; 217; 185; 215; 18; 1; 1; 0; 19; 1565; 84; 539
1975;01; 9; 292; 0; 0; 0; 0; 0; 0; 0; 0; 92; 71; 25; 30; 14; 101; 1; 0; 113; 0; 0; 0; 0; 0; 0; 0; 46; 0; 0; 0; 0
1975;02; 0; 34; 229; 219; 146; 59; 9; 78; 35; 0; 0; 0; 0; 0; 0; 0; 7; 441; 240; 0; 0; 0; 35; 87; 258; 149; 0; 1; 9999; 9999; 9999
1975;03; 0; 1; 2; 34; 11; 0; 0; 0; 0; 0; 0; 0; 0; 0; 7; 0; 25; 0; 0; 288; 0; 4; 0; 432; 0; 0; 0; 0; 0; 227; 1
1975;04; 0; 0; 0; 0; 0; 0; 0; 0; 3; 8; 102; 2; 0; 0; 449; 11; 0; 0; 0; 7; 0; 0; 0; 0; 0; 0; 0; 0; 0; 0; 9999
1975;05; 97; 1; 29; 1; 6; 0; 0; 0; 0; 0; 0; 0; 0; 0; 0; 0; 0; 1; 0; 0; 0; 0; 0; 0; 0; 0; 0; 0; 0; 0; 0
1975;06; 0; 0; 99; 57; 2; 0; 1; 0; 0; 0; 0; 0; 0; 0; 0; 0; 0; 0; 0; 0; 0; 0; 117; 18; 0; 0; 0; 0; 0; 0; 9999
1975;07; 0; 67; 0; 257; 0; 0; 0; 0; 0; 0; 0; 0; 0; 0; 0; 0; 228; 0; 0; 0; 0; 0; 0; 0; 0; 0; 0; 0; 0; 0; 0
1975;08; 0; 0; 0; 0; 0; 0; 1; 0; 0; 0; 0; 0; 0; 0; 0; 0; 0; 0; 0; 0; 0; 0; 0; 0; 0; 0; 0; 0; 0; 0; 0
1975;09; 0; 0; 0; 0; 0; 0; 0; 0; 0; 0; 0; 0; 0; 0; 0; 0; 0; 0; 0; 0; 0; 0; 0; 114; 2; 0; 22; 0; 0; 210; 9999
1975;10; 34; 0; 129; 234; 50; 253; 0; 84; 0; 0; 0; 101; 0; 4; 3; 0; 191; 429; 73; 0; 0; 0; 0; 0; 0; 0; 0; 0; 0; 2; 55
1975;11; 2; 92; 0; 0; 0; 0; 482; 1; 1; 3; 0; 121; 0; 0; 0; 0; 0; 728; 44; 0; 185; 0; 256; 91; 132; 165; 33; 0; 60; 171; 9999
1975;12; 358; 1; 0; 28; 0; 0; 0; 0; 0; 13; 0; 0; 0; 398; 0; 0; 0; 0; 0; 0; 0; 22; 0; 336; 306; 0; 0; 0; 38; 361; 0
1976;01; 36; 19; 38; 1; 947; 43; 28; 146; 260; 33; 10; 1; 99; 0; 0; 48; 0; 0; 21; 0; 231; 0; 0; 0; 0; 0; 17; 16; 137; 9; 150
1976;02; 1; 244; 337; 76; 0; 167; 258; 0; 234; 254; 0; 0; 0; 0; 0; 24; 28; 222; 212; 174; 25; 5; 0; 410; 0; 0; 14; 0; 4; 9999; 9999
1976;03; 0; 71; 8; 151; 0; 0; 0; 0; 0; 21; 0; 85; 0; 36; 0; 0; 0; 18; 0; 378; 108; 14; 0; 0; 0; 99; 0; 0; 0; 0; 0
1976;04; 0; 0; 0; 0; 0; 0; 0; 0; 0; 166; 91; 0; 0; 0; 5; 23; 0; 20; 0; 0; 37; 0; 83; 0; 0; 0; 0; 0; 0; 0; 9999
1976;05; 0; 0; 0; 0; 0; 0; 0; 0; 2; 144; 0; 0; 0; 3; 0; 0; 111; 32; 197; 95; 162; 0; 1; 0; 0; 0; 0; 191; 103; 4; 2
1976;06; 0; 0; 0; 0; 69; 676; 0; 0; 0; 0; 0; 0; 3; 2; 1; 1; 1; 0; 0; 0; 0; 0; 0; 0; 0; 0; 0; 0; 0; 0; 9999
1976;07; 8; 58; 213; 2; 2; 0; 2; 146; 229; 69; 0; 0; 0; 0; 0; 0; 0; 0; 0; 0; 0; 0; 0; 0; 0; 0; 0; 0; 0; 0; 0
1976;08; 0; 0; 0; 0; 26; 181; 0; 0; 0; 156; 18; 58; 26; 218; 0; 0; 0; 0; 469; 0; 0; 0; 0; 0; 0; 0; 0; 0; 0; 0; 0
1976;09; 0; 0; 0; 0; 61; 175; 150; 85; 0; 0; 1; 0; 7; 3; 33; 277; 1; 1; 0; 0; 0; 0; 0; 0; 0; 60; 215; 8; 0; 0; 9999
1976;10; 0; 0; 0; 0; 446; 30; 0; 0; 245; 30; 0; 0; 0; 0; 0; 0; 23; 179; 301; 0; 0; 0; 0; 11; 0; 13; 0; 0; 0; 0; 0
1976;11; 345; 0; 0; 0; 267; 318; 0; 0; 0; 0; 0; 0; 0; 34; 0; 21; 126; 0; 0; 99; 0; 0; 0; 0; 0; 4; 22; 7; 23; 0; 9999
1976;12; 322; 419; 0; 0; 2; 4; 5; 0; 33; 0; 0; 0; 0; 0; 0; 127; 277; 0; 0; 0; 21; 0; 59; 151; 51; 218; 258; 25; 0; 0; 0
1977;01; 0; 0; 2; 288; 54; 499; 665; 138; 693; 37; 0; 0; 0; 0; 0; 62; 57; 139; 131; 1095; 0; 0; 2; 0; 0; 0; 72; 154; 9; 0; 44
1977;02; 241; 43; 54; 1; 0; 0; 46; 82; 0; 0; 0; 39; 0; 0; 0; 0; 0; 0; 2; 0; 0; 0; 184; 11; 0; 0; 0; 0; 9999; 9999; 9999
1977;03; 0; 0; 396; 0; 78; 0; 0; 0; 0; 0; 0; 0; 1; 0; 0; 8; 41; 0; 0; 0; 216; 98; 0; 0; 0; 0; 0; 0; 243; 191; 77
1977;04; 31; 0; 0; 58; 3; 0; 0; 0; 210; 185; 2; 0; 0; 0; 0; 0; 0; 0; 0; 9; 3; 0; 0; 0; 0; 0; 0; 0; 0; 0; 9999
1977;05; 0; 0; 93; 0; 0; 0; 0; 0; 9; 0; 0; 0; 0; 0; 0; 0; 12; 0; 0; 0; 0; 0; 0; 0; 0; 0; 0; 0; 0; 21; 0
1977;06; 79; 0; 0; 17; 1; 0; 0; 0; 0; 0; 0; 0; 0; 0; 23; 272; 13; 0; 0; 0; 89; 231; 2; 0; 9; 0; 0; 0; 0; 0; 9999
1977;07; 0; 0; 0; 0; 0; 0; 0; 0; 0; 0; 0; 0; 0; 0; 0; 131; 0; 7; 0; 0; 0; 0; 0; 0; 68; 0; 0; 0; 0; 0; 0
1977;08; 0; 0; 0; 0; 0; 0; 0; 0; 0; 0; 0; 0; 0; 0; 0; 0; 0; 2; 0; 0; 0; 0; 0; 0; 6; 0; 0; 0; 0; 68; 48
1977;09; 8; 10; 0; 0; 0; 0; 103; 5; 0; 0; 0; 0; 0; 0; 0; 0; 0; 52; 42; 0; 202; 0; 0; 60; 0; 0; 0; 0; 0; 0; 9999
1977;10; 0; 99; 0; 0; 0; 0; 0; 0; 0; 0; 0; 0; 0; 0; 0; 76; 7; 0; 0; 0; 0; 0; 0; 0; 0; 15; 176; 319; 0; 0; 0
1977;11; 0; 443; 0; 138; 0; 0; 391; 0; 0; 0; 0; 16; 0; 0; 1; 21; 18; 0; 420; 73; 48; 0; 115; 33; 187; 3; 0; 421; 8; 0; 9999
1977;12; 0; 84; 213; 211; 184; 89; 168; 19; 25; 6; 205; 0; 0; 0; 0; 0; 0; 0; 111; 15; 204; 146; 169; 0; 0; 0; 0; 0; 0; 0; 0
1978;01; 29; 311; 0; 0; 0; 3; 53; 2; 0; 291; 106; 0; 0; 37; 3; 58; 0; 34; 1; 0; 0; 8; 0; 0; 0; 0; 0; 0; 0; 0; 135
1978;02; 0; 0; 0; 0; 87; 473; 71; 0; 0; 0; 148; 25; 0; 0; 0; 0; 0; 12; 0; 41; 152; 0; 13; 0; 0; 49; 525; 0; 9999; 9999; 9999
1978;03; 0; 82; 778; 162; 0; 0; 0; 0; 0; 215; 299; 3; 343; 9; 0; 0; 0; 0; 0; 0; 0; 0; 0; 0; 0; 0; 146; 0; 114; 2; 0
1978;04; 76; 4; 0; 0; 0; 0; 0; 0; 0; 0; 0; 0; 0; 0; 0; 0; 0; 0; 0; 0; 0; 0; 0; 0; 0; 0; 0; 0; 0; 0; 9999
1978;05; 0; 0; 0; 0; 0; 0; 0; 0; 0; 0; 0; 0; 0; 0; 5; 53; 375; 194; 5; 0; 697; 3; 0; 0; 0; 0; 0; 0; 0; 74; 0
1978;06; 0; 0; 0; 0; 0; 0; 0; 35; 124; 0; 0; 0; 0; 0; 0; 0; 0; 0; 0; 0; 0; 0; 0; 0; 0; 0; 0; 0; 0; 0; 9999
1978;07; 0; 0; 0; 0; 0; 0; 0; 0; 0; 0; 0; 0; 0; 0; 0; 254; 2; 131; 2; 595; 408; 209; 0; 0; 199; 0; 0; 0; 0; 0; 0
1978;08; 0; 0; 0; 0; 0; 0; 0; 0; 0; 0; 0; 0; 0; 0; 0; 0; 0; 0; 0; 0; 0; 0; 0; 0; 0; 0; 0; 0; 0; 0; 0
1978;09; 76; 2; 0; 0; 185; 203; 10; 126; 1; 0; 0; 0; 0; 0; 284; 1; 133; 0; 0; 0; 41; 0; 0; 0; 0; 0; 0; 0; 0; 0; 9999
1978;10; 0; 0; 0; 0; 0; 0; 0; 0; 0; 0; 134; 0; 0; 1; 78; 0; 0; 0; 357; 0; 1; 0; 0; 0; 0; 0; 0; 58; 42; 40; 0
1978;11; 22; 0; 0; 86; 65; 0; 0; 0; 0; 3; 51; 343; 1; 0; 0; 0; 35; 0; 0; 0; 12; 0; 281; 12; 0; 0; 19; 40; 0; 0; 9999
1978;12; 0; 0; 24; 0; 0; 6; 11; 249; 16; 6; 0; 0; 0; 0; 207; 0; 0; 0; 0; 0; 0; 0; 0; 0; 251; 583; 184; 1; 0; 0; 0
1979;01; 1; 36; 181; 35; 3; 0; 0; 0; 0; 0; 4; 1; 0; 0; 0; 0; 0; 0; 0; 0; 0; 0; 0; 0; 0; 72; 36; 0; 0; 177; 0
1979;02; 0; 0; 0; 0; 0; 0; 0; 0; 0; 13; 0; 116; 153; 193; 0; 5; 8; 0; 10; 0; 0; 0; 5; 68; 1; 0; 249; 0; 9999; 9999; 9999
1979;03; 0; 0; 46; 0; 20; 0; 0; 73; 0; 275; 0; 161; 76; 298; 0; 0; 0; 0; 0; 0; 0; 0; 0; 0; 3; 0; 0; 0; 0; 0; 0
1979;04; 0; 0; 9; 26; 167; 113; 0; 0; 0; 0; 0; 0; 0; 0; 47; 0; 0; 0; 0; 0; 0; 0; 0; 0; 0; 0; 0; 0; 5; 285; 9999
1979;05; 2; 0; 0; 304; 33; 2; 162; 2; 48; 18; 129; 0; 0; 0; 109; 0; 0; 0; 0; 0; 0; 0; 8; 1; 0; 0; 0; 0; 0; 273; 2
1979;06; 0; 0; 0; 0; 0; 0; 0; 0; 0; 0; 0; 0; 0; 0; 0; 0; 0; 0; 0; 0; 0; 0; 0; 0; 0; 0; 0; 0; 0; 0; 9999
1979;07; 0; 0; 229; 16; 0; 0; 0; 0; 9; 86; 0; 0; 0; 0; 0; 13; 0; 0; 1; 124; 1; 0; 1; 22; 7; 5; 0; 0; 0; 0; 0
1979;08; 0; 0; 0; 0; 0; 0; 0; 0; 0; 0; 0; 0; 14; 0; 8; 0; 0; 9999; 17; 0; 0; 0; 0; 0; 0; 0; 102; 0; 0; 0; 0
1979;09; 0; 0; 12; 0; 0; 0; 0; 0; 2; 79; 49; 5; 0; 388; 69; 343; 212; 126; 21; 0; 0; 0; 524; 2; 0; 0; 0; 0; 0; 164; 9999
1979;10; 23; 0; 21; 0; 0; 0; 81; 3; 58; 0; 0; 0; 0; 295; 15; 0; 0; 0; 0; 0; 0; 0; 0; 0; 0; 129; 13; 0; 48; 0; 17
1979;11; 0; 0; 0; 0; 0; 0; 68; 117; 256; 187; 24; 1; 0; 0; 0; 0; 0; 0; 162; 0; 0; 0; 451; 0; 426; 74; 0; 0; 0; 0; 9999
1979;12; 0; 127; 4; 8; 71; 0; 0; 0; 0; 495; 87; 149; 119; 568; 8; 362; 95; 0; 61; 154; 4; 104; 118; 0; 23; 71; 75; 0; 0; 0; 97
1980;01; 0; 0; 0; 0; 0; 0; 24; 30; 79; 11; 20; 0; 0; 0; 0; 0; 0; 0; 347; 207; 12; 68; 529; 9999; 114; 188; 136; 0; 0; 0; 0
1980;02; 20; 291; 0; 0; 0; 0; 0; 0; 0; 1; 22; 26; 315; 129; 0; 0; 146; 94; 0; 0; 0; 0; 0; 135; 603; 245; 383; 914; 241; 9999; 9999
1980;03; 6; 0; 1; 4; 0; 2; 1; 0; 0; 30; 0; 3; 67; 95; 51; 103; 1; 0; 0; 0; 0; 0; 0; 0; 0; 0; 0; 0; 0; 67; 0
1980;04; 0; 0; 91; 115; 26; 0; 0; 0; 0; 78; 10; 24; 0; 75; 134; 4; 0; 0; 0; 0; 0; 0; 0; 0; 0; 0; 0; 0; 0; 0; 9999
1980;05; 0; 23; 0; 1; 0; 0; 0; 0; 0; 0; 334; 0; 0; 0; 0; 0; 0; 0; 0; 92; 45; 165; 3; 0; 0; 0; 0; 0; 0; 0; 0
1980;06; 0; 0; 67; 0; 0; 0; 0; 0; 0; 0; 0; 0; 0; 0; 0; 0; 0; 0; 0; 0; 0; 0; 0; 0; 89; 609; 97; 0; 0; 0; 9999
1980;07; 0; 21; 10; 5; 0; 0; 0; 0; 0; 0; 0; 0; 0; 0; 0; 0; 0; 0; 0; 0; 0; 0; 0; 0; 0; 0; 0; 0; 0; 0; 10
1980;08; 0; 0; 0; 0; 0; 99; 0; 0; 0; 0; 0; 0; 0; 0; 0; 0; 0; 21; 0; 0; 0; 0; 58; 0; 0; 0; 0; 0; 0; 0; 0
1980;09; 0; 0; 0; 0; 0; 0; 0; 0; 0; 296; 0; 0; 32; 123; 338; 57; 0; 135; 64; 83; 97; 193; 0; 0; 0; 0; 0; 56; 0; 0; 9999
1980;10; 0; 0; 0; 0; 0; 0; 0; 94; 0; 0; 195; 432; 0; 0; 0; 0; 0; 0; 0; 0; 0; 0; 16; 0; 0; 0; 0; 0; 0; 0; 67
1980;11; 0; 0; 0; 0; 12; 0; 131; 44; 95; 37; 0; 0; 0; 0; 0; 0; 0; 0; 0; 0; 0; 85; 26; 0; 191; 0; 0; 0; 145; 383; 9999
1980;12; 104; 875; 100; 40; 0; 0; 0; 0; 0; 130; 0; 85; 23; 0; 0; 0; 0; 0; 85; 0; 0; 21; 172; 64; 3; 2; 53; 60; 0; 0; 192
1981;01; 0; 0; 0; 0; 10; 0; 0; 260; 183; 0; 323; 315; 42; 265; 113; 0; 0; 33; 122; 0; 9999; 258; 83; 134; 109; 49; 15; 0; 0; 0; 0
1981;02; 0; 0; 0; 0; 82; 0; 462; 0; 0; 0; 0; 0; 14; 5; 0; 0; 0; 0; 0; 113; 407; 62; 33; 0; 0; 0; 0; 0; 9999; 9999; 9999
1981;03; 0; 0; 0; 63; 0; 0; 43; 646; 0; 20; 22; 83; 0; 0; 0; 709; 83; 0; 17; 0; 0; 0; 0; 0; 0; 0; 0; 4; 14; 0; 0
1981;04; 0; 0; 0; 0; 0; 0; 0; 0; 0; 0; 0; 0; 0; 0; 0; 617; 0; 0; 0; 0; 0; 0; 0; 482; 0; 25; 6; 903; 1; 2; 9999
1981;05; 0; 0; 0; 0; 0; 0; 0; 0; 0; 0; 0; 0; 0; 0; 0; 0; 0; 0; 0; 0; 0; 0; 0; 0; 0; 0; 0; 0; 0; 0; 0
1981;06; 0; 0; 32; 0; 0; 257; 53; 2; 1; 1; 0; 0; 15; 1; 4; 694; 0; 0; 0; 0; 0; 0; 0; 0; 0; 0; 0; 0; 0; 0; 9999
1981;07; 0; 0; 32; 0; 0; 0; 0; 0; 0; 0; 0; 0; 0; 0; 0; 0; 0; 0; 0; 23; 2; 1; 0; 0; 0; 0; 0; 0; 0; 0; 0
1981;08; 0; 0; 0; 0; 0; 0; 0; 0; 21; 0; 0; 0; 0; 0; 0; 0; 0; 18; 0; 0; 0; 0; 0; 0; 0; 0; 0; 0; 0; 0; 0
1981;09; 0; 0; 0; 0; 0; 0; 0; 0; 0; 0; 0; 0; 0; 0; 0; 0; 0; 0; 0; 0; 0; 45; 0; 0; 0; 142; 0; 0; 0; 17; 9999
1981;10; 0; 0; 0; 25; 354; 47; 176; 0; 353; 0; 24; 0; 179; 0; 0; 281; 1; 0; 0; 167; 0; 0; 0; 0; 0; 0; 747; 143; 0; 0; 0
1981;11; 93; 0; 21; 35; 0; 0; 0; 0; 132; 384; 0; 0; 0; 0; 0; 0; 0; 0; 410; 174; 0; 0; 0; 0; 0; 0; 0; 52; 0; 0; 9999
1981;12; 40; 354; 67; 0; 0; 132; 304; 0; 0; 0; 0; 0; 408; 0; 167; 24; 12; 381; 0; 0; 75; 56; 1; 0; 0; 0; 164; 0; 0; 0; 0
1982;01; 143; 67; 91; 2; 0; 0; 0; 262; 312; 143; 362; 9999; 0; 0; 0; 0; 0; 0; 0; 0; 0; 0; 0; 0; 0; 0; 79; 0; 0; 0; 16
1982;02; 0; 0; 116; 262; 141; 15; 80; 0; 0; 162; 0; 0; 0; 0; 0; 0; 0; 0; 0; 0; 0; 121; 0; 43; 185; 176; 0; 12; 9999; 9999; 9999
1982;03; 234; 0; 0; 0; 0; 0; 0; 0; 0; 45; 76; 785; 62; 23; 381; 79; 291; 226; 0; 0; 0; 226; 352; 139; 2; 0; 0; 0; 0; 0; 0
1982;04; 0; 0; 0; 0; 0; 0; 0; 0; 0; 0; 0; 0; 786; 0; 43; 0; 0; 0; 0; 0; 0; 0; 0; 0; 0; 0; 0; 0; 0; 0; 9999
1982;05; 0; 0; 0; 0; 0; 0; 0; 0; 0; 0; 0; 0; 0; 0; 0; 0; 0; 0; 59; 83; 0; 0; 79; 213; 392; 16; 0; 0; 0; 0; 179
1982;06; 0; 0; 0; 0; 53; 2; 0; 0; 0; 0; 79; 256; 248; 0; 0; 0; 0; 0; 0; 153; 42; 81; 17; 2; 257; 35; 1; 0; 138; 0; 9999
1982;07; 93; 0; 0; 0; 0; 0; 0; 0; 0; 0; 0; 0; 83; 0; 0; 0; 74; 283; 24; 0; 0; 0; 0; 0; 0; 0; 0; 0; 0; 43; 0
1982;08; 0; 0; 0; 86; 186; 0; 0; 17; 0; 0; 0; 0; 0; 0; 0; 0; 0; 0; 117; 0; 0; 0; 0; 0; 0; 0; 26; 0; 0; 0; 0
1982;09; 0; 0; 0; 0; 0; 16; 0; 0; 0; 0; 0; 0; 0; 0; 0; 0; 0; 0; 0; 0; 0; 29; 0; 0; 0; 113; 36; 0; 0; 0; 9999
1982;10; 0; 617; 36; 0; 0; 25; 0; 418; 453; 0; 136; 0; 348; 53; 0; 0; 0; 413; 2; 0; 0; 0; 0; 0; 0; 0; 0; 57; 0; 27; 0
1982;11; 0; 0; 0; 0; 0; 138; 0; 47; 0; 0; 0; 506; 0; 0; 0; 91; 59; 0; 0; 0; 142; 43; 47; 161; 184; 0; 253; 156; 285; 0; 9999
1982;12; 113; 426; 128; 0; 0; 0; 419; 0; 0; 0; 0; 274; 24; 83; 29; 252; 483; 331; 146; 126; 579; 121; 186; 97; 0; 0; 19; 0; 0; 0; 56
1983;01; 0; 0; 188; 0; 637; 29; 0; 0; 0; 263; 508; 689; 31; 371; 104; 925; 25; 0; 164; 145; 158; 0; 0; 0; 0; 0; 0; 0; 0; 183; 225
1983;02; 0; 164; 0; 0; 0; 0; 0; 58; 36; 153; 315; 0; 0; 463; 219; 0; 0; 0; 21; 16; 0; 0; 0; 0; 0; 0; 0; 136; 9999; 9999; 9999
1983;03; 16; 238; 528; 184; 85; 3; 175; 0; 0; 0; 0; 0; 0; 284; 149; 0; 0; 36; 7; 0; 0; 0; 0; 0; 0; 0; 0; 0; 0; 0; 0
1983;04; 0; 0; 0; 0; 0; 68; 0; 0; 0; 0; 0; 107; 0; 0; 0; 0; 52; 0; 0; 34; 49; 46; 0; 0; 117; 576; 2; 0; 0; 0; 9999
1983;05; 0; 0; 0; 0; 0; 0; 0; 0; 0; 0; 0; 57; 0; 24; 0; 0; 263; 3; 0; 297; 0; 0; 31; 219; 0; 0; 0; 8; 154; 568; 512
1983;06; 0; 79; 36; 64; 123; 176; 1052; 0; 0; 68; 2; 0; 0; 0; 0; 0; 0; 0; 0; 0; 0; 0; 0; 0; 0; 0; 0; 0; 84; 0; 9999
1983;07; 0; 0; 0; 0; 0; 0; 0; 0; 0; 0; 0; 0; 0; 0; 0; 0; 51; 0; 0; 47; 0; 0; 0; 26; 0; 0; 0; 0; 0; 0; 0
1983;08; 0; 0; 0; 0; 0; 0; 0; 0; 0; 0; 0; 0; 0; 0; 0; 0; 0; 0; 0; 0; 0; 0; 0; 0; 0; 0; 0; 0; 0; 0; 0
1983;09; 0; 29; 102; 0; 0; 492; 472; 212; 17; 0; 0; 0; 0; 0; 0; 0; 113; 345; 422; 0; 0; 0; 23; 232; 0; 0; 0; 0; 0; 0; 9999
1983;10; 0; 0; 0; 0; 0; 161; 32; 0; 0; 0; 175; 0; 0; 18; 0; 0; 0; 94; 0; 0; 0; 510; 83; 2; 0; 0; 0; 0; 0; 0; 113
1983;11; 146; 163; 0; 35; 27; 0; 0; 0; 0; 73; 13; 168; 356; 16; 0; 0; 0; 0; 0; 104; 0; 0; 0; 0; 0; 0; 0; 0; 0; 0; 9999
1983;12; 13; 0; 0; 0; 0; 0; 229; 0; 0; 62; 0; 0; 0; 316; 406; 221; 0; 19; 226; 312; 293; 323; 2; 0; 8; 0; 152; 136; 208; 194; 17
1984;01; 3; 0; 0; 13; 81; 0; 115; 241; 0; 11; 0; 196; 0; 0; 0; 0; 0; 0; 0; 0; 139; 5; 0; 0; 0; 0; 309; 86; 903; 221; 0
1984;02; 14; 0; 0; 0; 0; 0; 0; 0; 43; 0; 154; 53; 104; 0; 0; 126; 0; 241; 27; 95; 0; 139; 0; 0; 0; 0; 0; 0; 0; 9999; 9999
1984;03; 0; 0; 0; 0; 68; 221; 13; 24; 116; 0; 0; 0; 0; 0; 0; 0; 0; 0; 4; 6; 2; 18; 0; 0; 0; 157; 0; 0; 0; 165; 2
1984;04; 0; 0; 12; 37; 14; 0; 0; 0; 0; 0; 0; 0; 0; 0; 439; 38; 0; 0; 0; 0; 0; 0; 0; 104; 493; 0; 0; 0; 0; 269; 9999
1984;05; 16; 153; 2; 0; 0; 0; 0; 0; 0; 0; 0; 155; 46; 37; 186; 2; 0; 179; 0; 0; 0; 0; 0; 0; 0; 0; 0; 0; 0; 42; 0
1984;06; 0; 0; 0; 0; 0; 0; 0; 0; 0; 0; 0; 0; 0; 0; 0; 0; 0; 0; 0; 0; 0; 0; 0; 0; 0; 0; 0; 0; 0; 9999; 9999
1984;07; 0; 0; 0; 0; 0; 0; 0; 0; 0; 0; 0; 0; 0; 0; 0; 0; 0; 0; 0; 0; 0; 0; 0; 0; 0; 0; 0; 27; 0; 0; 0
1984;08; 0; 0; 171; 34; 0; 0; 0; 0; 0; 0; 0; 0; 0; 0; 0; 0; 0; 0; 0; 117; 191; 98; 2; 0; 148; 23; 0; 0; 0; 0; 0
1984;09; 0; 0; 0; 0; 0; 0; 0; 91; 95; 0; 0; 0; 0; 0; 0; 0; 254; 0; 0; 37; 326; 0; 0; 0; 0; 31; 127; 23; 0; 0; 9999
1984;10; 0; 0; 0; 0; 0; 0; 52; 0; 0; 0; 0; 0; 0; 0; 0; 0; 0; 213; 68; 0; 0; 0; 0; 0; 273; 0; 0; 0; 0; 0; 0
1984;11; 0; 0; 28; 0; 126; 0; 113; 0; 0; 537; 112; 229; 74; 0; 0; 0; 0; 0; 0; 312; 398; 0; 0; 0; 0; 0; 254; 0; 0; 0; 9999
1984;12; 45; 1135; 2; 0; 0; 0; 31; 2; 0; 0; 0; 0; 132; 219; 126; 0; 2; 0; 40; 0; 0; 0; 0; 0; 0; 0; 813; 0; 115; 96; 560
1985;01; 33; 0; 0; 0; 0; 0; 0; 362; 59; 0; 0; 0; 0; 327; 0; 662; 102; 0; 0; 0; 62; 47; 52; 0; 32; 41; 0; 0; 0; 0; 0
1985;02; 0; 3; 36; 0; 0; 0; 0; 0; 89; 0; 34; 335; 3; 0; 0; 37; 0; 0; 0; 0; 69; 0; 54; 0; 0; 157; 549; 21; 9999; 9999; 9999
1985;03; 758; 147; 418; 0; 15; 1; 18; 0; 0; 0; 556; 0; 0; 0; 0; 138; 475; 31; 0; 0; 0; 81; 157; 0; 0; 0; 0; 73; 0; 0; 63
1985;04; 0; 17; 0; 54; 223; 118; 26; 0; 2; 0; 237; 0; 0; 0; 0; 67; 0; 158; 2; 0; 0; 0; 0; 0; 0; 0; 24; 0; 217; 193; 9999
1985;05; 17; 21; 0; 0; 0; 0; 0; 0; 0; 25; 0; 0; 0; 0; 0; 0; 0; 0; 0; 0; 36; 481; 0; 0; 0; 0; 0; 0; 0; 0; 0
1985;06; 0; 0; 131; 27; 0; 0; 0; 0; 0; 0; 0; 0; 0; 0; 0; 0; 0; 0; 0; 0; 0; 0; 0; 0; 0; 0; 0; 0; 0; 0; 9999
1985;07; 0; 27; 1; 0; 0; 434; 2; 0; 0; 0; 0; 0; 0; 0; 0; 0; 0; 0; 0; 0; 0; 0; 0; 0; 0; 0; 0; 0; 0; 0; 0
1985;08; 0; 0; 0; 0; 0; 0; 0; 0; 0; 0; 0; 0; 0; 0; 0; 0; 0; 0; 0; 0; 0; 36; 0; 0; 0; 0; 0; 0; 0; 0; 0
1985;09; 0; 41; 0; 156; 12; 0; 0; 0; 0; 0; 0; 0; 0; 0; 0; 0; 0; 0; 0; 0; 0; 0; 0; 0; 23; 0; 0; 0; 42; 0; 9999
1985;10; 0; 0; 0; 0; 0; 0; 0; 74; 0; 0; 0; 0; 0; 0; 0; 0; 0; 0; 0; 0; 43; 0; 0; 0; 0; 0; 0; 0; 0; 51; 9999
1985;11; 72; 91; 216; 17; 0; 0; 0; 0; 0; 0; 0; 0; 0; 0; 0; 0; 0; 0; 0; 0; 234; 313; 1; 0; 0; 0; 104; 0; 0; 0; 9999
1985;12; 0; 0; 74; 201; 0; 0; 0; 0; 0; 0; 0; 0; 0; 163; 0; 0; 219; 0; 0; 0; 306; 12; 18; 267; 0; 0; 0; 0; 0; 0; 0
1986;01; 226; 0; 1; 0; 65; 87; 0; 0; 97; 0; 13; 164; 0; 294; 0; 0; 0; 0; 92; 0; 21; 193; 47; 25; 0; 221; 0; 62; 0; 0; 0
1986;02; 0; 263; 125; 3; 0; 2; 21; 19; 511; 232; 2; 504; 21; 231; 103; 632; 439; 2; 89; 163; 92; 0; 0; 0; 0; 0; 0; 0; 9999; 9999; 9999
1986;03; 14; 0; 0; 57; 35; 73; 57; 34; 51; 96; 2; 74; 37; 0; 0; 0; 0; 0; 103; 2; 0; 4; 0; 21; 0; 0; 95; 0; 0; 25; 0
1986;04; 0; 0; 0; 0; 0; 0; 0; 0; 0; 0; 0; 0; 0; 0; 172; 0; 0; 0; 0; 0; 295; 15; 0; 0; 0; 0; 0; 0; 0; 0; 9999
1986;05; 0; 0; 0; 0; 0; 0; 25; 0; 182; 15; 0; 37; 521; 102; 0; 0; 0; 93; 74; 2; 26; 3; 0; 0; 2; 0; 112; 16; 0; 179; 247
1986;06; 2; 1; 0; 0; 0; 0; 0; 0; 0; 0; 0; 0; 0; 0; 0; 0; 0; 0; 0; 0; 0; 0; 0; 0; 0; 0; 0; 0; 0; 0; 9999
1986;07; 0; 0; 0; 0; 21; 0; 0; 0; 0; 0; 0; 0; 0; 0; 0; 0; 0; 0; 0; 0; 12; 0; 96; 3; 0; 0; 0; 0; 0; 0; 93
1986;08; 0; 0; 0; 0; 0; 0; 0; 0; 0; 0; 0; 21; 0; 34; 306; 321; 72; 2; 0; 0; 14; 578; 285; 3; 61; 1; 0; 0; 0; 0; 0
1986;09; 0; 0; 0; 0; 0; 0; 0; 0; 0; 0; 0; 0; 0; 0; 0; 0; 0; 0; 0; 56; 0; 0; 0; 0; 159; 61; 0; 0; 171; 0; 9999
1986;10; 0; 0; 0; 0; 0; 0; 0; 0; 0; 303; 9; 0; 0; 0; 0; 0; 0; 0; 171; 1; 117; 2; 0; 0; 0; 0; 0; 0; 0; 0; 0
1986;11; 0; 0; 301; 0; 0; 2; 64; 0; 0; 16; 512; 14; 0; 0; 0; 0; 0; 0; 0; 0; 227; 0; 0; 18; 0; 61; 0; 0; 184; 592; 9999
1986;12; 56; 216; 383; 401; 324; 0; 367; 53; 98; 289; 2; 0; 135; 212; 87; 2; 506; 254; 0; 0; 0; 138; 0; 0; 84; 508; 0; 0; 2; 0; 0
1987;01; 0; 0; 54; 187; 211; 40; 0; 0; 0; 0; 0; 21; 69; 0; 0; 0; 0; 29; 0; 0; 0; 0; 0; 736; 178; 203; 84; 60; 2; 139; 296
1987;02; 29; 122; 28; 52; 2; 83; 0; 0; 38; 41; 0; 0; 106; 2; 0; 567; 31; 445; 531; 24; 2; 123; 0; 0; 0; 2; 0; 21; 9999; 9999; 9999
1987;03; 123; 0; 0; 0; 0; 0; 159; 0; 2; 35; 0; 0; 0; 0; 0; 0; 0; 0; 0; 0; 0; 0; 0; 0; 0; 0; 123; 0; 0; 0; 0
1987;04; 0; 0; 0; 0; 0; 0; 0; 0; 0; 52; 83; 46; 103; 0; 0; 0; 0; 0; 0; 0; 74; 2; 0; 0; 0; 0; 0; 0; 0; 0; 9999
1987;05; 0; 0; 0; 0; 46; 271; 0; 105; 64; 0; 2; 171; 0; 0; 0; 269; 86; 97; 81; 42; 225; 60; 2; 47; 0; 2; 0; 3; 39; 0; 0
1987;06; 0; 0; 0; 0; 0; 0; 0; 0; 0; 0; 0; 0; 61; 156; 148; 173; 1; 2; 1; 0; 0; 0; 203; 0; 0; 0; 0; 0; 0; 0; 9999
1987;07; 0; 0; 0; 0; 0; 0; 0; 0; 259; 1; 0; 83; 1; 0; 0; 0; 0; 0; 0; 0; 0; 0; 0; 0; 0; 0; 0; 0; 0; 21; 0
1987;08; 0; 0; 0; 0; 0; 34; 0; 0; 0; 0; 0; 0; 0; 0; 0; 0; 0; 0; 0; 0; 0; 0; 0; 0; 0; 0; 0; 0; 0; 0; 153
1987;09; 0; 0; 23; 0; 0; 42; 21; 48; 2; 0; 0; 278; 0; 0; 0; 0; 0; 118; 17; 0; 0; 106; 187; 0; 0; 0; 0; 261; 0; 0; 9999
1987;10; 26; 176; 0; 0; 0; 29; 0; 0; 0; 0; 0; 0; 0; 0; 0; 0; 0; 0; 221; 263; 57; 2; 0; 0; 204; 1; 0; 0; 0; 0; 0
1987;11; 0; 0; 0; 0; 0; 211; 449; 1; 28; 568; 0; 0; 0; 67; 168; 161; 0; 0; 0; 0; 0; 0; 0; 0; 156; 41; 0; 0; 0; 0; 9999
1987;12; 0; 0; 0; 76; 47; 0; 0; 0; 115; 0; 0; 0; 89; 54; 0; 0; 0; 502; 335; 0; 0; 0; 0; 0; 0; 0; 0; 0; 49; 0; 27
1988;01; 0; 0; 0; 0; 0; 71; 63; 127; 1113; 46; 408; 0; 0; 0; 0; 0; 34; 0; 283; 0; 0; 0; 445; 21; 0; 34; 0; 0; 156; 667; 0
1988;02; 32; 13; 0; 0; 0; 0; 0; 21; 0; 181; 19; 0; 0; 0; 0; 238; 0; 0; 0; 0; 65; 0; 0; 0; 0; 0; 32; 106; 0; 9999; 9999
1988;03; 0; 46; 1; 0; 156; 87; 183; 0; 0; 0; 0; 0; 0; 0; 0; 702; 123; 346; 57; 0; 0; 0; 0; 0; 0; 0; 0; 0; 0; 23; 0
1988;04; 131; 189; 0; 0; 42; 0; 0; 224; 0; 0; 0; 32; 112; 225; 2; 0; 57; 0; 21; 73; 24; 1; 0; 0; 0; 283; 0; 0; 0; 0; 9999
1988;05; 0; 0; 112; 67; 2; 0; 0; 0; 0; 0; 0; 0; 174; 0; 0; 0; 0; 81; 0; 0; 0; 29; 48; 0; 0; 0; 0; 0; 21; 206; 56
1988;06; 0; 0; 0; 116; 0; 0; 0; 0; 0; 0; 0; 0; 103; 0; 0; 0; 0; 0; 0; 0; 0; 0; 0; 0; 76; 0; 0; 0; 0; 0; 9999
1988;07; 0; 0; 0; 0; 0; 0; 0; 0; 0; 0; 0; 0; 0; 0; 0; 0; 0; 0; 0; 0; 0; 0; 0; 0; 0; 0; 0; 0; 0; 0; 0
1988;08; 0; 0; 0; 0; 0; 0; 0; 0; 0; 0; 0; 0; 0; 0; 0; 0; 0; 0; 0; 0; 0; 0; 0; 0; 0; 0; 0; 0; 0; 0; 0
1988;09; 0; 0; 0; 0; 0; 0; 0; 0; 0; 0; 0; 0; 0; 0; 121; 81; 135; 129; 0; 0; 0; 0; 0; 0; 0; 0; 0; 0; 0; 31; 9999
1988;10; 0; 0; 0; 0; 0; 0; 0; 0; 0; 0; 0; 123; 16; 0; 0; 0; 0; 0; 0; 284; 268; 64; 492; 153; 0; 675; 36; 0; 0; 381; 0
1988;11; 558; 0; 0; 0; 0; 0; 0; 0; 0; 0; 0; 0; 128; 0; 21; 0; 0; 0; 261; 0; 135; 0; 0; 0; 0; 0; 0; 0; 0; 0; 9999
1988;12; 0; 0; 0; 0; 0; 0; 0; 0; 0; 0; 0; 0; 0; 304; 16; 0; 0; 0; 0; 2; 87; 18; 0; 184; 2; 71; 63; 169; 0; 0; 598
1989;01; 426; 0; 131; 43; 72; 273; 134; 0; 42; 0; 214; 345; 102; 23; 289; 211; 0; 0; 0; 0; 126; 0; 0; 0; 42; 0; 28; 17; 107; 159; 481
1989;02; 2; 158; 0; 81; 152; 0; 0; 0; 608; 95; 39; 195; 1; 0; 0; 99; 198; 261; 0; 256; 0; 163; 0; 0; 46; 607; 0; 0; 9999; 9999; 9999
1989;03; 18; 0; 54; 0; 0; 0; 0; 0; 0; 0; 0; 0; 67; 213; 2; 0; 0; 0; 0; 241; 148; 2; 0; 0; 0; 148; 212; 0; 0; 20; 612
1989;04; 0; 48; 0; 0; 0; 0; 0; 0; 0; 0; 0; 0; 0; 0; 0; 0; 0; 0; 0; 0; 0; 0; 0; 0; 0; 0; 0; 0; 0; 0; 9999
1989;05; 0; 48; 41; 203; 326; 0; 0; 0; 0; 0; 0; 0; 0; 0; 0; 0; 0; 0; 0; 0; 0; 0; 0; 0; 0; 114; 0; 0; 0; 0; 0
1989;06; 0; 0; 0; 0; 0; 0; 0; 0; 454; 74; 2; 71; 0; 0; 0; 138; 2; 0; 0; 0; 0; 0; 0; 0; 195; 0; 0; 229; 2; 0; 9999
1989;07; 0; 0; 0; 0; 0; 0; 0; 0; 0; 0; 0; 0; 0; 0; 0; 0; 0; 0; 0; 0; 0; 0; 0; 0; 186; 54; 0; 0; 0; 406; 858
1989;08; 1; 0; 0; 0; 0; 2; 0; 0; 0; 0; 0; 0; 0; 0; 0; 0; 0; 0; 0; 0; 285; 131; 29; 0; 0; 0; 27; 0; 0; 0; 0
1989;09; 286; 0; 0; 0; 125; 26; 415; 0; 0; 19; 337; 0; 18; 59; 0; 0; 0; 0; 0; 0; 0; 0; 0; 0; 137; 0; 0; 0; 0; 0; 9999
1989;10; 0; 0; 0; 0; 0; 0; 0; 0; 0; 0; 8; 102; 0; 0; 0; 106; 0; 0; 0; 0; 0; 0; 0; 0; 0; 0; 314; 16; 0; 0; 0
1989;11; 0; 0; 0; 23; 0; 0; 0; 0; 43; 48; 12; 506; 2; 0; 0; 0; 0; 0; 0; 0; 0; 0; 223; 0; 235; 0; 0; 254; 317; 0; 9999
1989;12; 0; 0; 0; 0; 0; 0; 0; 0; 32; 458; 0; 0; 934; 213; 0; 0; 0; 0; 804; 0; 0; 0; 0; 0; 0; 0; 0; 147; 226; 424; 241
1990;01; 208; 123; 73; 93; 0; 41; 326; 175; 379; 1146; 491; 48; 0; 143; 0; 114; 132; 0; 0; 31; 0; 85; 203; 0; 0; 0; 0; 0; 46; 0; 0
1990;02; 0; 0; 0; 0; 0; 0; 0; 256; 0; 0; 228; 67; 189; 0; 0; 0; 0; 0; 0; 0; 0; 0; 61; 0; 187; 0; 0; 0; 9999; 9999; 9999
1990;03; 0; 0; 0; 0; 0; 0; 67; 0; 0; 0; 0; 46; 0; 0; 0; 0; 0; 98; 0; 0; 152; 263; 314; 61; 78; 2; 175; 0; 0; 0; 0
1990;04; 0; 0; 0; 0; 0; 0; 0; 0; 0; 0; 0; 59; 0; 0; 103; 0; 48; 253; 118; 0; 0; 0; 0; 0; 0; 0; 0; 0; 126; 0; 9999
1990;05; 0; 361; 0; 0; 0; 0; 0; 0; 0; 0; 246; 0; 0; 0; 0; 21; 52; 0; 0; 0; 0; 0; 0; 0; 0; 0; 0; 0; 0; 0; 0
1990;06; 0; 0; 0; 0; 0; 0; 0; 0; 2; 0; 0; 0; 0; 0; 69; 2; 0; 0; 0; 0; 0; 2; 1; 0; 0; 0; 0; 0; 0; 0; 9999
1990;07; 0; 0; 0; 2; 1; 0; 0; 0; 0; 178; 2; 1; 0; 0; 0; 289; 132; 0; 81; 62; 0; 0; 0; 0; 0; 0; 123; 1; 1; 2; 0
1990;08; 0; 0; 0; 0; 0; 0; 0; 0; 0; 0; 0; 0; 0; 0; 0; 0; 123; 494; 0; 164; 46; 0; 0; 0; 52; 0; 41; 366; 0; 0; 0
1990;09; 152; 0; 0; 0; 0; 43; 0; 0; 0; 0; 0; 0; 343; 12; 0; 0; 0; 0; 0; 0; 0; 81; 233; 0; 0; 0; 0; 0; 141; 325; 9999
1990;10; 198; 0; 0; 0; 0; 0; 0; 0; 0; 0; 0; 0; 346; 0; 0; 0; 0; 0; 354; 0; 0; 0; 0; 0; 0; 0; 0; 0; 0; 0; 39
1990;11; 0; 56; 0; 0; 382; 721; 0; 0; 0; 0; 0; 0; 0; 0; 0; 0; 0; 0; 0; 0; 82; 63; 0; 0; 0; 0; 0; 0; 0; 0; 9999
1990;12; 0; 0; 0; 84; 0; 0; 231; 0; 0; 103; 431; 0; 95; 493; 0; 0; 0; 0; 261; 36; 0; 0; 0; 0; 0; 0; 0; 0; 0; 0; 0
1991;01; 0; 0; 0; 187; 0; 0; 0; 0; 0; 54; 2; 352; 0; 0; 0; 29; 0; 0; 0; 0; 0; 0; 56; 0; 191; 0; 493; 2; 37; 546; 487
1991;02; 85; 15; 485; 0; 0; 74; 144; 869; 68; 84; 0; 0; 0; 0; 0; 0; 0; 2; 2; 83; 0; 0; 0; 0; 0; 0; 0; 0; 9999; 9999; 9999
1991;03; 0; 204; 126; 29; 24; 305; 191; 208; 0; 0; 0; 0; 119; 0; 122; 0; 0; 0; 0; 98; 13; 0; 0; 0; 0; 0; 0; 0; 0; 14; 2
1991;04; 1; 0; 0; 0; 0; 0; 0; 134; 0; 0; 0; 0; 385; 0; 0; 0; 0; 0; 691; 0; 0; 0; 0; 68; 196; 2; 0; 1; 0; 0; 9999
1991;05; 0; 0; 0; 0; 0; 0; 99; 0; 1; 0; 0; 0; 0; 0; 0; 1; 0; 0; 0; 0; 0; 0; 0; 0; 0; 0; 0; 0; 0; 0; 0
1991;06; 0; 0; 0; 0; 0; 0; 0; 0; 0; 0; 0; 0; 0; 0; 0; 0; 0; 0; 0; 136; 425; 103; 0; 0; 0; 0; 0; 0; 31; 0; 9999
1991;07; 0; 2; 2; 0; 0; 0; 0; 0; 0; 0; 56; 0; 94; 0; 0; 0; 0; 0; 0; 0; 0; 0; 0; 0; 0; 0; 0; 0; 0; 0; 0
1991;08; 2; 0; 0; 0; 0; 0; 0; 0; 0; 0; 2; 2; 0; 0; 0; 0; 0; 0; 0; 0; 0; 0; 0; 0; 0; 0; 0; 0; 0; 0; 0
1991;09; 0; 0; 0; 0; 0; 0; 0; 0; 0; 0; 0; 0; 0; 0; 0; 0; 0; 0; 11; 0; 0; 0; 0; 0; 0; 29; 0; 0; 24; 39; 9999
1991;10; 293; 169; 295; 0; 0; 0; 51; 23; 0; 0; 0; 0; 0; 0; 0; 0; 0; 0; 0; 0; 0; 0; 0; 0; 23; 2; 0; 0; 0; 0; 168
1991;11; 64; 226; 0; 0; 0; 0; 0; 0; 0; 0; 0; 26; 0; 0; 486; 0; 0; 0; 0; 0; 0; 0; 0; 0; 0; 0; 42; 0; 0; 246; 9999
1991;12; 264; 0; 0; 0; 0; 0; 115; 176; 2; 41; 92; 325; 0; 0; 39; 372; 971; 0; 72; 2; 0; 0; 96; 241; 0; 0; 268; 0; 0; 0; 0
1992;01; 0; 0; 0; 0; 72; 0; 0; 0; 0; 0; 0; 0; 63; 0; 269; 0; 0; 0; 0; 0; 0; 0; 0; 0; 0; 0; 0; 61; 96; 53; 21
1992;02; 267; 429; 612; 325; 0; 0; 0; 0; 0; 0; 0; 0; 0; 0; 0; 0; 36; 18; 0; 0; 0; 0; 0; 0; 112; 56; 25; 28; 0; 9999; 9999
1992;03; 512; 0; 0; 18; 102; 354; 0; 98; 0; 95; 0; 0; 0; 37; 0; 165; 63; 0; 0; 24; 0; 0; 0; 561; 117; 92; 0; 28; 209; 378; 51
1992;04; 251; 0; 0; 0; 0; 0; 57; 2; 0; 0; 0; 0; 171; 2; 1; 0; 0; 0; 0; 809; 0; 0; 0; 131; 0; 481; 0; 0; 0; 129; 9999
1992;05; 0; 536; 289; 38; 0; 73; 0; 0; 0; 0; 0; 0; 0; 248; 2; 0; 0; 0; 106; 0; 0; 0; 538; 0; 0; 0; 0; 0; 0; 0; 24
1992;06; 0; 0; 0; 0; 0; 0; 0; 14; 0; 0; 0; 2; 0; 0; 0; 0; 0; 0; 0; 0; 0; 0; 0; 0; 0; 0; 0; 38; 21; 0; 9999
1992;07; 0; 0; 0; 0; 0; 0; 87; 0; 0; 0; 0; 0; 0; 0; 0; 0; 0; 0; 0; 0; 0; 0; 0; 0; 0; 0; 0; 124; 2; 0; 0
1992;08; 0; 0; 0; 0; 0; 0; 0; 0; 0; 0; 0; 38; 2; 0; 0; 0; 0; 0; 0; 0; 0; 0; 42; 1; 0; 0; 0; 0; 0; 0; 26
1992;09; 1; 0; 71; 27; 426; 161; 83; 0; 0; 0; 0; 0; 85; 0; 554; 103; 0; 176; 335; 0; 0; 0; 0; 0; 0; 93; 0; 1; 0; 0; 9999
1992;10; 0; 167; 2; 0; 0; 0; 0; 0; 34; 0; 0; 0; 149; 36; 0; 0; 0; 27; 0; 0; 0; 31; 0; 0; 0; 0; 171; 0; 378; 0; 24
1992;11; 0; 0; 0; 282; 0; 0; 0; 0; 0; 116; 0; 0; 0; 0; 0; 0; 184; 0; 0; 0; 0; 0; 389; 87; 324; 91; 132; 0; 0; 0; 9999
1992;12; 2; 0; 0; 0; 0; 0; 0; 71; 0; 0; 47; 0; 0; 0; 0; 0; 0; 51; 0; 0; 1; 0; 104; 0; 0; 0; 81; 0; 0; 0; 0
1993;01; 0; 0; 0; 0; 96; 0; 0; 226; 0; 361; 158; 124; 0; 0; 0; 0; 0; 139; 0; 628; 64; 26; 0; 125; 36; 302; 46; 0; 0; 0; 0
1993;02; 231; 0; 247; 56; 328; 626; 31; 112; 178; 315; 574; 281; 0; 0; 129; 0; 671; 374; 411; 231; 46; 152; 641; 0; 0; 0; 0; 0; 9999; 9999; 9999
1993;03; 36; 1; 82; 0; 216; 0; 0; 0; 0; 0; 0; 0; 0; 0; 41; 0; 72; 0; 0; 63; 0; 139; 49; 1; 2; 0; 0; 101; 293; 0; 176
1993;04; 231; 0; 0; 57; 0; 0; 0; 0; 0; 322; 0; 0; 0; 0; 0; 0; 0; 0; 0; 0; 0; 0; 0; 368; 0; 0; 0; 0; 0; 0; 9999
1993;05; 0; 0; 0; 0; 0; 81; 0; 0; 0; 0; 0; 0; 0; 241; 51; 0; 0; 0; 0; 0; 0; 0; 0; 0; 0; 0; 0; 2; 0; 351; 56
1993;06; 0; 0; 0; 0; 298; 0; 0; 0; 0; 0; 128; 0; 0; 0; 0; 0; 0; 95; 2; 0; 2; 0; 0; 0; 0; 0; 0; 0; 0; 0; 9999
1993;07; 0; 0; 0; 0; 0; 0; 2; 0; 0; 0; 0; 0; 0; 0; 2; 0; 0; 0; 0; 0; 0; 0; 0; 0; 0; 0; 0; 0; 0; 45; 0
1993;08; 0; 0; 0; 0; 0; 0; 0; 0; 0; 0; 0; 0; 0; 0; 0; 98; 0; 0; 31; 68; 0; 0; 34; 326; 2; 0; 0; 0; 0; 0; 0
1993;09; 0; 0; 0; 0; 0; 0; 0; 43; 2; 18; 0; 0; 0; 26; 37; 2; 0; 0; 0; 0; 0; 0; 68; 178; 0; 0; 41; 0; 0; 0; 9999
1993;10; 169; 0; 0; 0; 0; 0; 0; 9999; 9999; 9999; 9999; 9999; 9999; 9999; 9999; 9999; 9999; 9999; 9999; 9999; 0; 13; 38; 0; 0; 21; 52; 0; 0; 0; 0
1993;11; 0; 67; 0; 0; 0; 0; 502; 141; 0; 0; 0; 0; 0; 0; 0; 0; 0; 0; 58; 0; 0; 0; 72; 0; 0; 0; 0; 0; 0; 0; 9999
1993;12; 86; 0; 0; 32; 29; 0; 26; 0; 0; 359; 0; 41; 0; 227; 0; 24; 73; 0; 0; 0; 0; 0; 0; 0; 54; 22; 17; 48; 416; 134; 0
1994;01; 0; 0; 0; 0; 0; 0; 0; 21; 435; 0; 0; 0; 0; 0; 162; 0; 0; 0; 0; 0; 212; 0; 183; 121; 0; 42; 186; 243; 261; 46; 0
1994;02; 36; 0; 0; 0; 82; 0; 0; 79; 88; 0; 0; 0; 176; 75; 0; 16; 0; 6; 0; 0; 525; 89; 8; 0; 0; 844; 0; 21; 9999; 9999; 9999
1994;03; 416; 128; 0; 0; 0; 0; 23; 0; 0; 0; 0; 246; 0; 0; 0; 0; 0; 0; 0; 264; 0; 0; 0; 0; 97; 0; 0; 0; 0; 0; 0
1994;04; 43; 59; 0; 0; 0; 0; 361; 0; 0; 0; 0; 0; 0; 0; 0; 0; 0; 223; 161; 0; 0; 221; 212; 0; 0; 0; 0; 0; 0; 0; 9999
1994;05; 0; 0; 0; 0; 0; 0; 0; 0; 0; 0; 0; 68; 0; 12; 0; 0; 0; 0; 0; 0; 0; 0; 12; 0; 271; 0; 34; 106; 0; 0; 0
1994;06; 183; 0; 0; 0; 0; 0; 0; 87; 0; 0; 0; 0; 0; 0; 0; 0; 0; 0; 0; 0; 79; 112; 0; 0; 131; 0; 0; 0; 0; 0; 9999
1994;07; 0; 0; 0; 0; 0; 0; 0; 37; 0; 0; 0; 0; 0; 0; 0; 0; 0; 0; 0; 0; 0; 0; 81; 0; 0; 0; 0; 0; 0; 0; 0
1994;08; 0; 0; 0; 0; 0; 0; 0; 0; 0; 0; 0; 0; 0; 0; 0; 0; 0; 0; 0; 0; 0; 0; 0; 0; 0; 0; 0; 0; 0; 0; 0
1994;09; 0; 0; 0; 0; 0; 0; 0; 0; 0; 0; 0; 0; 0; 0; 0; 38; 0; 0; 0; 0; 0; 0; 0; 0; 0; 0; 0; 0; 0; 138; 9999
1994;10; 12; 0; 34; 225; 0; 0; 0; 0; 0; 0; 0; 0; 0; 0; 0; 0; 0; 37; 0; 0; 0; 36; 23; 12; 147; 0; 3; 161; 9; 0; 0
1994;11; 0; 226; 0; 0; 17; 0; 0; 0; 0; 78; 0; 0; 0; 175; 0; 0; 0; 29; 163; 0; 0; 0; 0; 0; 0; 0; 0; 141; 222; 0; 9999
1994;12; 0; 0; 0; 0; 0; 51; 399; 0; 0; 0; 0; 0; 0; 0; 0; 0; 337; 204; 0; 0; 0; 193; 176; 0; 0; 0; 0; 0; 75; 34; 29
1995;01; 278; 64; 0; 634; 0; 0; 0; 216; 463; 0; 213; 372; 0; 0; 187; 0; 0; 0; 0; 43; 168; 0; 0; 0; 0; 0; 0; 0; 46; 32; 263
1995;02; 114; 21; 324; 297; 103; 40; 83; 5; 11; 16; 57; 102; 121; 157; 2; 0; 103; 152; 141; 111; 12; 6; 0; 0; 0; 0; 0; 0; 9999; 9999; 9999
1995;03; 0; 0; 0; 181; 4; 139; 0; 0; 0; 162; 131; 0; 0; 0; 0; 0; 0; 0; 0; 0; 343; 0; 0; 57; 0; 0; 0; 0; 0; 0; 2
1995;04; 427; 0; 0; 0; 0; 0; 0; 0; 284; 0; 0; 0; 0; 0; 0; 0; 0; 0; 0; 0; 0; 0; 0; 0; 0; 0; 0; 0; 0; 0; 9999
1995;05; 0; 0; 0; 0; 0; 0; 59; 0; 0; 246; 0; 0; 0; 0; 0; 0; 0; 0; 0; 0; 16; 0; 0; 0; 0; 0; 0; 0; 0; 0; 0
1995;06; 0; 0; 0; 0; 0; 0; 0; 0; 0; 0; 0; 0; 0; 0; 0; 0; 0; 324; 32; 0; 0; 0; 0; 116; 14; 0; 0; 0; 243; 0; 9999
1995;07; 0; 0; 0; 0; 0; 0; 0; 0; 127; 71; 9999; 9999; 9999; 9999; 9999; 9999; 9999; 9999; 0; 0; 54; 0; 0; 0; 0; 0; 0; 0; 0; 0; 0
1995;08; 0; 0; 0; 0; 0; 0; 0; 0; 0; 0; 0; 0; 0; 0; 0; 0; 0; 0; 0; 0; 0; 0; 0; 0; 0; 0; 0; 0; 0; 0; 0
1995;09; 0; 0; 0; 0; 0; 0; 0; 0; 0; 0; 0; 0; 0; 0; 0; 0; 0; 0; 14; 68; 6; 0; 0; 13; 131; 0; 0; 179; 71; 0; 9999
1995;10; 0; 0; 0; 0; 0; 184; 0; 284; 0; 0; 0; 0; 0; 577; 83; 242; 142; 321; 0; 0; 241; 0; 0; 0; 0; 0; 0; 0; 6; 102; 0
1995;11; 0; 0; 12; 0; 0; 0; 0; 0; 0; 0; 0; 495; 0; 0; 144; 51; 0; 0; 0; 0; 0; 0; 0; 0; 0; 0; 0; 0; 0; 0; 9999
1995;12; 0; 0; 0; 141; 0; 0; 0; 0; 0; 0; 0; 0; 502; 98; 0; 0; 0; 261; 529; 0; 34; 103; 54; 76; 0; 198; 3; 85; 3; 0; 0
1996;01; 0; 0; 0; 0; 59; 242; 114; 253; 0; 0; 0; 0; 71; 82; 0; 0; 0; 75; 226; 271; 42; 255; 0; 0; 0; 0; 0; 346; 0; 0; 0
1996;02; 98; 0; 15; 56; 18; 14; 28; 607; 0; 0; 0; 0; 91; 0; 0; 0; 93; 0; 42; 218; 0; 0; 0; 0; 0; 0; 286; 231; 343; 9999; 9999
1996;03; 48; 141; 54; 78; 0; 0; 6; 52; 115; 83; 0; 0; 0; 0; 256; 597; 68; 0; 41; 241; 0; 0; 0; 0; 0; 0; 0; 17; 0; 0; 0
1996;04; 69; 0; 0; 0; 0; 0; 0; 0; 0; 0; 335; 0; 0; 0; 102; 191; 2; 0; 0; 0; 0; 0; 0; 0; 0; 0; 0; 0; 0; 0; 9999
1996;05; 0; 0; 0; 0; 0; 0; 0; 0; 0; 81; 0; 0; 0; 53; 0; 36; 0; 132; 0; 0; 0; 24; 176; 0; 0; 31; 0; 0; 0; 0; 0
1996;06; 0; 0; 0; 0; 0; 0; 0; 0; 0; 0; 0; 0; 0; 0; 0; 0; 0; 0; 0; 0; 0; 0; 0; 0; 0; 0; 0; 28; 0; 0; 9999
1996;07; 0; 0; 0; 0; 0; 0; 0; 0; 0; 0; 0; 0; 0; 0; 0; 0; 0; 0; 0; 0; 0; 0; 0; 0; 0; 0; 1; 2; 0; 0; 0
1996;08; 0; 0; 0; 0; 0; 0; 0; 0; 0; 157; 0; 0; 49; 0; 13; 0; 0; 0; 0; 0; 0; 0; 0; 0; 0; 0; 0; 0; 6; 0; 0
1996;09; 52; 0; 43; 177; 0; 416; 0; 0; 579; 126; 9; 0; 0; 0; 0; 0; 84; 0; 0; 0; 0; 0; 0; 0; 117; 0; 0; 0; 5; 0; 9999
1996;10; 0; 0; 0; 0; 0; 0; 0; 0; 0; 0; 69; 8; 172; 0; 0; 0; 0; 0; 0; 247; 34; 0; 0; 0; 324; 523; 76; 0; 0; 0; 0
1996;11; 339; 0; 0; 113; 0; 0; 0; 0; 31; 0; 0; 0; 0; 0; 558; 0; 0; 0; 0; 308; 35; 0; 0; 0; 0; 0; 0; 0; 0; 0; 9999
1996;12; 0; 6; 0; 93; 81; 18; 0; 0; 0; 0; 0; 362; 38; 0; 0; 0; 156; 179; 0; 235; 0; 35; 56; 0; 0; 0; 0; 148; 239; 85; 47
1997;01; 0; 0; 0; 0; 0; 0; 76; 12; 531; 137; 123; 121; 23; 0; 619; 67; 0; 0; 14; 118; 274; 358; 631; 156; 1067; 0; 19; 213; 321; 242; 76
1997;02; 26; 41; 201; 26; 0; 0; 0; 0; 0; 0; 0; 0; 0; 196; 138; 47; 29; 211; 112; 0; 69; 0; 0; 16; 0; 0; 0; 0; 9999; 9999; 9999
1997;03; 0; 0; 198; 0; 0; 0; 0; 0; 0; 9; 0; 0; 0; 567; 17; 0; 0; 0; 0; 0; 0; 0; 0; 0; 0; 0; 0; 0; 0; 0; 28
1997;04; 276; 12; 87; 0; 28; 0; 0; 0; 0; 0; 0; 0; 0; 0; 0; 0; 49; 14; 0; 103; 166; 0; 0; 0; 0; 74; 0; 0; 0; 0; 9999
1997;05; 0; 0; 0; 0; 0; 0; 0; 0; 0; 0; 0; 0; 0; 0; 39; 58; 31; 0; 0; 0; 0; 192; 86; 34; 338; 0; 0; 25; 86; 0; 0
1997;06; 0; 0; 0; 452; 347; 607; 0; 0; 0; 0; 0; 371; 0; 46; 262; 23; 0; 16; 0; 0; 21; 0; 0; 0; 0; 0; 0; 0; 0; 0; 9999
1997;07; 0; 0; 0; 0; 0; 0; 0; 0; 0; 0; 0; 0; 0; 0; 0; 0; 0; 0; 0; 0; 198; 0; 0; 0; 0; 0; 0; 0; 0; 0; 0
1997;08; 0; 0; 0; 0; 12; 0; 0; 0; 0; 0; 0; 0; 0; 0; 0; 0; 0; 0; 0; 0; 0; 0; 46; 32; 0; 0; 0; 0; 0; 0; 0
1997;09; 0; 0; 0; 0; 0; 0; 0; 0; 0; 0; 0; 0; 0; 20; 0; 26; 0; 0; 0; 0; 104; 0; 0; 0; 113; 187; 0; 28; 0; 168; 9999
1997;10; 326; 17; 0; 0; 0; 0; 26; 0; 0; 0; 0; 0; 0; 0; 0; 0; 89; 86; 0; 0; 391; 0; 0; 0; 0; 328; 0; 0; 0; 23; 0
1997;11; 0; 0; 0; 0; 0; 26; 14; 308; 0; 0; 0; 0; 86; 175; 364; 5; 36; 623; 156; 0; 0; 46; 65; 6; 58; 34; 423; 39; 68; 0; 9999
1997;12; 3; 38; 12; 16; 0; 0; 0; 0; 16; 0; 0; 0; 0; 0; 643; 0; 0; 0; 0; 0; 7; 0; 0; 37; 0; 0; 0; 326; 8; 6; 668
