33
Ano,Mes,1,2,3,4,5,6,7,8,9,10,11,12,13,14,15,16,17,18,19,20,21,22,23,24,25,26,27,28,29,30,31
1946;05; 0; 0; 0; 0; 0; 0; 0; 0; 0; 0; 0; 0; 0; 0; 0; 7; 0; 0; 0; 0; 0; 3; 2; 1; 0; 0; 0; 0; 0; 58; 452
1946;06; 334; 2; 0; 0; 0; 0; 0; 0; 3; 1; 0; 0; 0; 68; 1; 0; 0; 0; 0; 0; 0; 0; 0; 0; 0; 0; 0; 0; 0; 13; 9999
1946;07; 0; 0; 0; 0; 0; 25; 0; 152; 2; 8; 326; 233; 352; 1; 234; 1; 0; 0; 0; 0; 0; 0; 43; 1; 0; 2; 1; 0; 0; 0; 0
1946;08; 0; 0; 0; 0; 0; 22; 1; 0; 0; 0; 0; 0; 0; 0; 0; 0; 0; 0; 0; 0; 0; 0; 0; 0; 0; 0; 0; 1; 1; 0; 0
1946;09; 0; 0; 0; 0; 0; 12; 0; 0; 0; 0; 0; 0; 0; 38; 134; 1; 0; 0; 0; 0; 0; 52; 95; 2; 0; 1; 1; 65; 0; 0; 9999
1946;10; 0; 0; 0; 0; 0; 0; 318; 0; 0; 0; 0; 34; 0; 0; 0; 290; 15; 10; 140; 0; 0; 100; 0; 0; 0; 23; 0; 0; 0; 0; 0
1946;11; 91; 216; 1; 0; 0; 205; 5; 68; 13; 0; 0; 0; 0; 0; 0; 0; 0; 0; 63; 123; 1; 0; 0; 0; 80; 1; 0; 38; 25; 0; 9999
1946;12; 0; 0; 0; 0; 0; 180; 0; 82; 48; 72; 23; 0; 0; 0; 0; 0; 0; 0; 0; 181; 140; 502; 311; 321; 0; 247; 0; 0; 0; 82; 1
1947;01; 76; 46; 302; 37; 0; 0; 23; 192; 240; 1; 47; 252; 150; 75; 4; 3; 211; 15; 178; 421; 1; 0; 182; 26; 0; 100; 50; 300; 110; 120; 1
1947;02; 285; 0; 0; 0; 242; 0; 0; 0; 0; 92; 11; 0; 172; 132; 265; 212; 1185; 38; 8; 0; 0; 5; 105; 202; 685; 396; 1; 1; 9999; 9999; 9999
1947;03; 2; 0; 0; 145; 112; 28; 2; 0; 10; 219; 38; 0; 0; 0; 20; 124; 123; 10; 0; 0; 0; 0; 0; 0; 0; 0; 0; 0; 0; 0; 0
1947;04; 0; 0; 0; 0; 0; 0; 5; 2; 0; 0; 1; 1; 0; 0; 0; 0; 0; 5; 1; 0; 0; 0; 0; 0; 0; 0; 0; 0; 0; 127; 9999
1947;05; 0; 504; 62; 1; 0; 0; 0; 0; 0; 0; 1; 1; 0; 0; 0; 0; 0; 4; 2; 1; 0; 0; 185; 1; 0; 0; 0; 0; 0; 0; 0
1947;06; 0; 0; 0; 0; 0; 0; 0; 0; 0; 0; 0; 0; 1; 89; 0; 0; 0; 0; 16; 0; 9; 10; 0; 1; 2; 0; 0; 0; 0; 0; 9999
1947;07; 0; 0; 46; 23; 2; 0; 6; 267; 81; 0; 0; 0; 0; 0; 1; 1; 0; 0; 0; 0; 0; 0; 0; 0; 0; 0; 0; 1; 0; 0; 268
1947;08; 2; 0; 0; 0; 0; 0; 0; 0; 0; 16; 0; 0; 0; 0; 0; 0; 0; 0; 0; 0; 0; 0; 76; 0; 0; 0; 126; 98; 62; 208; 95
1947;09; 128; 0; 0; 81; 1; 0; 0; 342; 1; 2; 0; 0; 0; 0; 0; 0; 9; 362; 1; 0; 0; 0; 0; 687; 164; 52; 0; 0; 0; 0; 9999
1947;10; 42; 0; 0; 0; 52; 1; 280; 182; 0; 0; 0; 0; 0; 52; 1; 0; 9; 0; 0; 131; 0; 4; 120; 0; 0; 0; 0; 0; 0; 0; 1
1947;11; 282; 89; 125; 0; 0; 0; 0; 0; 135; 0; 0; 0; 89; 0; 0; 0; 0; 0; 0; 0; 0; 0; 0; 51; 0; 0; 0; 1; 0; 0; 9999
1947;12; 0; 0; 0; 0; 0; 0; 0; 0; 55; 428; 5; 12; 28; 30; 50; 465; 445; 0; 0; 75; 216; 0; 0; 39; 26; 1; 0; 0; 0; 0; 0
1948;01; 23; 12; 0; 0; 0; 0; 0; 0; 0; 248; 298; 0; 1; 0; 38; 480; 108; 56; 569; 129; 158; 1; 20; 19; 1; 0; 0; 0; 0; 158; 85
1948;02; 42; 86; 89; 0; 252; 549; 0; 25; 30; 274; 1; 0; 548; 235; 0; 0; 0; 0; 6; 292; 89; 4; 2; 24; 8; 2; 3; 268; 0; 9999; 9999
1948;03; 0; 0; 0; 0; 0; 0; 0; 0; 0; 82; 94; 0; 0; 1; 0; 153; 235; 217; 0; 0; 0; 41; 0; 0; 42; 0; 0; 0; 0; 1; 49
1948;04; 0; 0; 2; 0; 0; 0; 0; 2; 0; 0; 0; 0; 0; 0; 0; 0; 0; 2; 2; 0; 0; 0; 0; 0; 0; 1; 0; 0; 0; 0; 9999
1948;05; 57; 0; 0; 0; 0; 0; 0; 0; 1; 1; 0; 0; 0; 0; 0; 2; 821; 1; 1; 0; 0; 0; 0; 0; 0; 0; 0; 125; 1; 0; 0
1948;06; 1; 1; 0; 0; 0; 0; 0; 0; 0; 0; 0; 0; 4; 0; 0; 0; 0; 0; 0; 0; 0; 0; 0; 0; 0; 0; 0; 0; 0; 0; 9999
1948;07; 0; 0; 0; 0; 5; 0; 0; 0; 0; 0; 0; 0; 0; 73; 32; 0; 0; 0; 142; 0; 0; 0; 21; 43; 1; 87; 296; 23; 202; 105; 92
1948;08; 2; 0; 0; 0; 0; 0; 95; 0; 0; 0; 32; 8; 1; 1; 0; 0; 0; 0; 0; 0; 0; 0; 0; 0; 21; 0; 0; 0; 0; 0; 0
1948;09; 0; 0; 0; 0; 0; 0; 0; 0; 0; 1; 1; 0; 0; 0; 0; 0; 0; 210; 1; 0; 0; 0; 0; 0; 0; 480; 2; 0; 0; 0; 9999
1948;10; 0; 0; 8; 304; 1; 0; 0; 0; 0; 21; 4; 25; 0; 0; 0; 0; 0; 0; 0; 0; 0; 0; 0; 0; 0; 0; 43; 352; 48; 0; 0
1948;11; 40; 145; 46; 0; 0; 0; 346; 1; 0; 0; 0; 0; 0; 0; 100; 62; 0; 0; 0; 0; 0; 0; 0; 0; 0; 62; 0; 0; 0; 0; 9999
1948;12; 26; 37; 0; 0; 0; 0; 200; 800; 0; 59; 0; 0; 0; 0; 0; 600; 86; 0; 0; 0; 0; 0; 0; 0; 0; 0; 0; 5; 0; 0; 0
1949;01; 2; 0; 0; 0; 0; 0; 56; 126; 14; 52; 25; 112; 368; 0; 0; 0; 0; 37; 0; 0; 0; 0; 0; 0; 0; 0; 0; 0; 191; 54; 0
1949;02; 0; 0; 0; 0; 330; 310; 0; 0; 0; 0; 0; 0; 0; 0; 427; 20; 0; 0; 0; 2; 121; 142; 0; 0; 0; 0; 0; 0; 9999; 9999; 9999
1949;03; 0; 0; 0; 1; 281; 32; 180; 110; 0; 1; 0; 0; 0; 0; 0; 0; 1; 0; 3; 0; 86; 1; 0; 0; 0; 113; 0; 0; 0; 0; 0
1949;04; 122; 1; 0; 0; 0; 0; 0; 0; 124; 0; 0; 0; 0; 2; 0; 0; 0; 0; 0; 0; 0; 0; 322; 2; 286; 0; 0; 0; 0; 0; 9999
1949;05; 0; 0; 184; 2; 0; 140; 10; 15; 0; 0; 204; 0; 0; 0; 0; 0; 0; 0; 0; 0; 0; 0; 0; 0; 0; 0; 0; 0; 0; 0; 0
1949;06; 0; 0; 0; 0; 32; 1; 0; 38; 0; 0; 289; 7; 82; 422; 8; 2; 0; 2; 0; 0; 0; 0; 0; 0; 0; 0; 0; 0; 0; 0; 9999
1949;07; 0; 0; 0; 0; 0; 0; 0; 0; 0; 0; 0; 0; 0; 0; 0; 0; 13; 0; 0; 0; 0; 0; 0; 0; 0; 0; 0; 0; 0; 0; 0
1949;08; 0; 0; 0; 0; 0; 0; 0; 0; 0; 0; 0; 0; 0; 0; 0; 0; 0; 0; 0; 0; 25; 2; 3; 2; 0; 0; 0; 0; 0; 0; 0
1949;09; 0; 0; 0; 0; 0; 0; 0; 0; 0; 0; 20; 0; 0; 45; 0; 0; 0; 0; 0; 0; 0; 0; 0; 0; 0; 0; 0; 1; 0; 0; 9999
1949;10; 0; 0; 0; 2; 0; 25; 135; 0; 0; 125; 1; 0; 0; 0; 0; 0; 0; 0; 18; 130; 60; 0; 0; 0; 4; 1; 0; 368; 0; 0; 0
1949;11; 0; 0; 0; 0; 221; 20; 0; 0; 268; 0; 0; 0; 0; 0; 0; 0; 0; 153; 46; 0; 0; 0; 0; 0; 0; 0; 0; 0; 0; 357; 9999
1949;12; 362; 261; 2; 0; 0; 0; 0; 327; 246; 1; 0; 0; 86; 358; 921; 335; 0; 0; 0; 0; 0; 352; 221; 8; 2; 0; 60; 0; 6; 0; 0
1950;01; 152; 5; 0; 6; 72; 365; 182; 0; 8; 252; 1; 0; 0; 0; 0; 0; 171; 650; 130; 102; 1; 0; 100; 2; 3; 2; 778; 60; 8; 60; 242
1950;02; 9999; 9999; 9999; 9999; 9999; 9999; 9999; 9999; 9999; 9999; 9999; 9999; 9999; 9999; 9999; 9999; 9999; 9999; 9999; 9999; 9999; 9999; 9999; 9999; 9999; 9999; 9999; 9999; 9999; 9999; 9999
1950;03; 0; 20; 163; 42; 45; 102; 0; 12; 0; 0; 0; 1; 0; 0; 50; 366; 185; 1; 4; 103; 0; 0; 0; 0; 0; 0; 0; 2; 105; 210; 0
1950;04; 102; 85; 1; 0; 0; 0; 0; 0; 0; 0; 0; 100; 1; 2; 0; 2; 0; 0; 0; 0; 0; 0; 0; 0; 0; 0; 262; 101; 2; 0; 9999
1950;05; 1; 0; 190; 3; 2; 1; 0; 0; 0; 0; 0; 0; 0; 0; 0; 20; 0; 0; 0; 0; 0; 0; 0; 0; 0; 0; 0; 0; 0; 0; 0
1950;06; 0; 0; 42; 2; 2; 1; 0; 0; 0; 0; 0; 0; 0; 0; 0; 0; 77; 5; 0; 0; 0; 0; 1; 0; 0; 0; 0; 0; 0; 51; 9999
1950;07; 2; 1; 1; 0; 0; 0; 0; 200; 62; 0; 0; 0; 0; 0; 0; 0; 0; 0; 0; 0; 0; 0; 0; 0; 0; 0; 0; 0; 0; 0; 0
1950;08; 1; 2; 1; 0; 0; 0; 0; 0; 0; 0; 0; 0; 0; 0; 0; 0; 0; 0; 0; 0; 0; 0; 0; 0; 0; 0; 0; 0; 0; 0; 0
1950;09; 0; 0; 0; 0; 0; 0; 0; 2; 140; 2; 0; 0; 0; 0; 0; 0; 0; 0; 0; 0; 0; 0; 0; 0; 0; 0; 0; 0; 0; 0; 9999
1950;10; 0; 0; 0; 0; 270; 310; 132; 32; 2; 383; 280; 130; 0; 270; 310; 297; 0; 0; 0; 216; 116; 2; 0; 0; 0; 0; 0; 0; 0; 0; 0
1950;11; 0; 0; 0; 0; 0; 0; 0; 0; 276; 2; 0; 360; 5; 0; 0; 0; 0; 0; 0; 0; 0; 0; 50; 0; 0; 0; 222; 150; 1; 0; 9999
1950;12; 0; 0; 0; 22; 0; 0; 0; 0; 0; 0; 0; 0; 0; 0; 0; 0; 0; 0; 0; 0; 0; 33; 0; 0; 52; 0; 148; 0; 0; 388; 75
1951;01; 101; 52; 20; 667; 65; 5; 0; 0; 0; 0; 67; 63; 61; 73; 491; 152; 1304; 302; 273; 178; 92; 16; 25; 278; 5; 15; 117; 0; 15; 34; 61
1951;02; 0; 0; 244; 106; 0; 0; 14; 0; 0; 0; 0; 0; 0; 108; 0; 0; 27; 30; 22; 88; 115; 36; 48; 0; 0; 0; 0; 0; 9999; 9999; 9999
1951;03; 9999; 9999; 9999; 9999; 9999; 9999; 9999; 9999; 9999; 9999; 9999; 9999; 9999; 9999; 9999; 9999; 9999; 9999; 9999; 9999; 9999; 9999; 9999; 9999; 9999; 9999; 9999; 9999; 9999; 9999; 9999
1951;04; 0; 0; 0; 0; 0; 0; 0; 0; 0; 0; 0; 0; 0; 152; 2; 0; 0; 0; 0; 0; 0; 0; 0; 0; 0; 0; 0; 0; 0; 0; 9999
1951;05; 0; 0; 0; 0; 0; 0; 0; 0; 0; 0; 0; 0; 0; 0; 0; 21; 2; 0; 2; 0; 0; 0; 0; 0; 0; 0; 2; 120; 0; 0; 0
1951;06; 0; 0; 0; 0; 0; 368; 189; 0; 0; 0; 0; 0; 0; 0; 0; 0; 0; 0; 0; 0; 0; 0; 0; 0; 0; 306; 382; 106; 0; 0; 9999
1951;07; 0; 0; 0; 0; 0; 0; 200; 0; 0; 0; 0; 0; 0; 0; 0; 0; 0; 0; 0; 0; 0; 0; 0; 0; 0; 0; 0; 0; 0; 0; 0
1951;08; 0; 0; 0; 205; 361; 0; 0; 0; 0; 0; 0; 0; 0; 0; 0; 0; 0; 0; 65; 32; 0; 0; 0; 0; 0; 0; 0; 0; 0; 0; 0
1951;09; 0; 0; 0; 0; 0; 0; 0; 0; 0; 0; 0; 0; 0; 0; 0; 13; 84; 126; 0; 0; 0; 0; 0; 9; 6; 0; 0; 0; 0; 0; 9999
1951;10; 0; 0; 0; 0; 206; 100; 0; 0; 0; 0; 152; 0; 0; 0; 105; 8; 0; 0; 0; 0; 0; 253; 25; 0; 0; 0; 27; 0; 0; 0; 105
1951;11; 306; 0; 0; 100; 6; 145; 0; 0; 0; 0; 0; 68; 2; 0; 0; 6; 2; 0; 0; 0; 0; 0; 236; 406; 457; 28; 9; 0; 0; 0; 9999
1951;12; 9999; 9999; 9999; 9999; 9999; 9999; 9999; 9999; 9999; 9999; 9999; 9999; 9999; 9999; 9999; 9999; 9999; 9999; 9999; 9999; 9999; 9999; 9999; 9999; 9999; 9999; 9999; 9999; 9999; 9999; 9999
1952;01; 9999; 9999; 9999; 9999; 9999; 9999; 9999; 9999; 9999; 9999; 9999; 9999; 9999; 9999; 9999; 9999; 9999; 9999; 9999; 9999; 9999; 9999; 9999; 9999; 9999; 9999; 9999; 9999; 9999; 9999; 9999
1952;02; 9999; 9999; 9999; 9999; 9999; 9999; 9999; 9999; 9999; 9999; 9999; 9999; 9999; 9999; 9999; 9999; 9999; 9999; 9999; 9999; 9999; 9999; 9999; 9999; 9999; 9999; 9999; 9999; 9999; 9999; 9999
1952;03; 9999; 9999; 9999; 9999; 9999; 9999; 9999; 9999; 9999; 9999; 9999; 9999; 9999; 9999; 9999; 9999; 9999; 9999; 9999; 9999; 9999; 9999; 9999; 9999; 9999; 9999; 9999; 9999; 9999; 9999; 9999
1952;04; 9999; 9999; 9999; 9999; 9999; 9999; 9999; 9999; 9999; 9999; 9999; 9999; 9999; 9999; 9999; 9999; 9999; 9999; 9999; 9999; 9999; 9999; 9999; 9999; 9999; 9999; 9999; 9999; 9999; 9999; 9999
1952;05; 0; 0; 0; 0; 0; 0; 0; 0; 0; 0; 0; 0; 0; 0; 0; 0; 0; 0; 0; 0; 0; 0; 0; 0; 0; 0; 0; 0; 0; 0; 0
1952;06; 0; 0; 0; 0; 0; 0; 0; 320; 135; 10; 0; 21; 0; 18; 25; 200; 2; 1; 0; 0; 0; 0; 0; 0; 0; 0; 0; 0; 0; 0; 9999
1952;07; 0; 0; 0; 0; 0; 0; 0; 0; 0; 0; 0; 0; 0; 19; 8; 0; 0; 0; 0; 0; 0; 0; 0; 0; 0; 0; 0; 0; 0; 0; 0
1952;08; 0; 0; 0; 0; 0; 0; 0; 0; 0; 0; 0; 0; 0; 0; 0; 0; 0; 0; 0; 0; 0; 0; 0; 0; 0; 0; 0; 0; 105; 3; 0
1952;09; 0; 0; 0; 0; 200; 50; 0; 0; 0; 0; 0; 0; 0; 307; 200; 356; 502; 407; 280; 156; 0; 0; 0; 0; 0; 0; 0; 0; 0; 0; 9999
1952;10; 0; 0; 0; 0; 0; 0; 400; 380; 100; 2; 0; 0; 440; 20; 0; 0; 0; 362; 540; 400; 10; 320; 20; 451; 370; 262; 159; 2; 0; 0; 206
1952;11; 462; 387; 295; 0; 0; 0; 0; 0; 107; 112; 200; 1; 0; 0; 0; 0; 0; 192; 101; 0; 0; 0; 0; 0; 0; 0; 200; 0; 0; 82; 9999
1952;12; 0; 0; 0; 0; 7; 0; 0; 0; 0; 0; 0; 0; 0; 0; 10; 0; 0; 0; 0; 0; 0; 0; 0; 0; 0; 0; 227; 400; 462; 380; 276
1953;01; 582; 480; 371; 308; 252; 335; 21; 101; 0; 0; 329; 204; 182; 12; 280; 0; 0; 0; 0; 0; 0; 0; 0; 0; 0; 0; 72; 0; 287; 59; 15
1953;02; 0; 0; 0; 0; 0; 0; 0; 0; 118; 0; 51; 132; 385; 27; 0; 0; 0; 0; 0; 0; 162; 107; 0; 0; 262; 0; 0; 0; 9999; 9999; 9999
1953;03; 0; 0; 0; 0; 0; 0; 0; 0; 8; 0; 101; 153; 362; 3; 2; 0; 0; 42; 9; 0; 65; 23; 20; 72; 2; 0; 0; 0; 0; 0; 0
1953;04; 0; 27; 0; 0; 0; 0; 392; 1; 0; 0; 0; 0; 0; 0; 38; 112; 0; 0; 247; 1; 0; 0; 0; 0; 0; 0; 0; 0; 50; 120; 9999
1953;05; 0; 2; 0; 0; 0; 0; 0; 0; 0; 201; 0; 0; 0; 0; 0; 0; 0; 0; 0; 0; 0; 0; 0; 50; 2; 102; 221; 0; 0; 364; 59
1953;06; 29; 8; 0; 0; 0; 0; 0; 107; 181; 0; 0; 0; 0; 0; 0; 0; 0; 0; 0; 0; 0; 0; 0; 0; 0; 0; 0; 0; 0; 0; 9999
1953;07; 0; 0; 59; 0; 0; 0; 0; 0; 0; 262; 0; 0; 0; 0; 0; 0; 0; 41; 287; 30; 9; 0; 0; 0; 0; 0; 0; 0; 0; 0; 0
1953;08; 0; 0; 0; 0; 0; 0; 0; 0; 0; 0; 0; 0; 0; 0; 0; 0; 0; 0; 0; 0; 28; 0; 102; 0; 0; 0; 0; 0; 0; 0; 0
1953;09; 0; 0; 0; 0; 0; 0; 0; 0; 200; 2; 256; 402; 0; 0; 0; 0; 0; 0; 0; 0; 286; 0; 325; 0; 0; 0; 0; 0; 0; 0; 9999
1953;10; 0; 300; 0; 320; 58; 0; 0; 0; 0; 0; 0; 0; 0; 250; 8; 0; 0; 292; 400; 189; 2; 0; 0; 0; 0; 0; 0; 0; 102; 6; 402
1953;11; 362; 297; 0; 0; 362; 252; 58; 0; 0; 0; 347; 406; 220; 59; 0; 0; 0; 347; 80; 0; 0; 0; 0; 0; 0; 0; 0; 180; 87; 321; 9999
1953;12; 101; 0; 0; 0; 0; 0; 0; 0; 0; 0; 0; 200; 100; 6; 0; 0; 0; 0; 0; 0; 0; 0; 0; 0; 0; 101; 100; 0; 0; 0; 0
1954;01; 0; 390; 285; 489; 170; 0; 0; 0; 0; 0; 0; 0; 0; 0; 0; 0; 102; 54; 180; 230; 0; 0; 0; 0; 120; 67; 0; 0; 55; 48; 0
1954;02; 32; 6; 0; 102; 980; 502; 235; 0; 0; 324; 106; 0; 46; 408; 500; 3; 350; 152; 201; 0; 0; 0; 0; 0; 0; 0; 0; 387; 9999; 9999; 9999
1954;03; 0; 200; 0; 0; 0; 0; 0; 230; 0; 600; 63; 0; 0; 0; 0; 0; 0; 0; 0; 0; 0; 0; 0; 0; 0; 0; 0; 0; 0; 0; 0
1954;04; 0; 0; 0; 0; 0; 0; 0; 0; 0; 0; 0; 0; 0; 0; 0; 0; 0; 0; 0; 0; 0; 0; 0; 0; 0; 200; 500; 300; 53; 0; 9999
1954;05; 0; 0; 0; 0; 0; 0; 0; 0; 0; 0; 0; 0; 0; 0; 0; 80; 102; 400; 52; 0; 0; 0; 0; 0; 400; 0; 0; 0; 0; 0; 0
1954;06; 0; 0; 60; 403; 80; 0; 0; 0; 0; 0; 0; 0; 200; 50; 0; 0; 0; 0; 0; 0; 501; 0; 0; 0; 0; 0; 0; 0; 0; 0; 9999
1954;07; 0; 0; 0; 0; 0; 0; 0; 0; 0; 0; 0; 0; 0; 0; 0; 0; 0; 0; 0; 0; 0; 0; 0; 0; 0; 0; 0; 0; 0; 0; 0
1954;08; 0; 0; 0; 0; 0; 0; 0; 0; 0; 0; 0; 0; 0; 0; 0; 0; 0; 0; 0; 0; 0; 0; 0; 0; 0; 0; 0; 0; 0; 0; 0
1954;09; 0; 0; 0; 0; 0; 0; 0; 0; 0; 0; 0; 0; 0; 0; 0; 0; 0; 0; 0; 0; 0; 0; 0; 0; 0; 60; 80; 0; 100; 60; 9999
1954;10; 0; 0; 0; 0; 0; 0; 0; 0; 0; 0; 0; 0; 0; 0; 0; 0; 0; 0; 0; 0; 0; 0; 0; 0; 0; 0; 0; 400; 100; 0; 0
1954;11; 0; 0; 0; 0; 0; 0; 0; 0; 0; 0; 0; 0; 0; 0; 0; 0; 0; 0; 0; 0; 0; 0; 0; 0; 0; 0; 0; 0; 0; 0; 9999
1954;12; 0; 0; 200; 500; 0; 0; 0; 0; 0; 0; 0; 100; 0; 0; 0; 80; 0; 0; 0; 0; 8; 2; 105; 2; 0; 0; 0; 0; 0; 80; 0
1955;01; 0; 0; 0; 0; 0; 0; 0; 0; 0; 390; 180; 0; 0; 0; 489; 54; 0; 0; 0; 0; 0; 0; 0; 0; 0; 0; 0; 0; 0; 0; 0
1955;02; 0; 0; 0; 0; 0; 0; 0; 0; 0; 0; 0; 0; 0; 0; 0; 0; 0; 0; 0; 100; 150; 200; 59; 0; 0; 180; 53; 65; 9999; 9999; 9999
1955;03; 100; 50; 0; 0; 0; 85; 0; 144; 0; 130; 9; 0; 0; 0; 220; 0; 0; 0; 0; 0; 0; 200; 100; 0; 0; 0; 100; 120; 20; 9; 0
1955;04; 0; 0; 0; 0; 0; 0; 0; 0; 0; 0; 0; 0; 0; 0; 540; 450; 0; 0; 0; 0; 0; 0; 0; 0; 0; 0; 0; 0; 0; 0; 9999
1955;05; 0; 0; 0; 0; 0; 0; 0; 0; 0; 0; 0; 0; 0; 0; 0; 0; 0; 0; 75; 0; 0; 0; 0; 0; 0; 0; 0; 0; 0; 0; 0
1955;06; 0; 0; 0; 0; 9; 0; 0; 12; 0; 0; 0; 0; 450; 0; 0; 0; 0; 0; 0; 0; 0; 0; 0; 0; 0; 0; 0; 0; 0; 0; 9999
1955;07; 0; 0; 0; 215; 0; 0; 0; 0; 0; 0; 0; 0; 0; 0; 0; 0; 0; 0; 0; 0; 0; 0; 0; 0; 0; 0; 0; 0; 0; 0; 0
1955;08; 0; 0; 0; 0; 0; 0; 0; 0; 0; 35; 0; 0; 0; 0; 0; 0; 0; 0; 0; 0; 0; 0; 0; 0; 207; 6; 0; 300; 0; 0; 0
1955;09; 0; 0; 0; 0; 0; 0; 0; 0; 0; 0; 0; 0; 0; 0; 0; 0; 0; 0; 0; 0; 0; 0; 0; 0; 0; 0; 0; 0; 0; 0; 9999
1955;10; 0; 0; 0; 0; 0; 0; 0; 0; 0; 0; 0; 420; 0; 0; 0; 0; 0; 0; 0; 0; 0; 0; 0; 0; 0; 0; 120; 0; 0; 0; 0
1955;11; 270; 240; 0; 0; 0; 0; 0; 660; 20; 0; 0; 0; 0; 0; 0; 0; 0; 0; 0; 0; 0; 0; 0; 0; 0; 0; 0; 0; 0; 0; 9999
1955;12; 180; 0; 100; 0; 0; 0; 0; 0; 0; 0; 0; 0; 185; 0; 0; 230; 0; 0; 0; 0; 0; 0; 0; 0; 0; 6; 0; 330; 360; 490; 130
1956;01; 0; 0; 120; 0; 0; 8; 5; 0; 0; 0; 0; 0; 7; 0; 0; 0; 0; 0; 0; 120; 0; 0; 0; 0; 85; 107; 0; 0; 0; 0; 0
1956;02; 0; 0; 0; 0; 0; 0; 0; 0; 0; 420; 0; 116; 645; 0; 0; 0; 0; 0; 7; 0; 0; 95; 145; 0; 95; 0; 0; 0; 0; 9999; 9999
1956;03; 0; 0; 0; 6; 0; 0; 0; 0; 0; 185; 0; 0; 0; 358; 0; 0; 0; 4; 0; 0; 0; 0; 0; 220; 8; 0; 0; 0; 0; 0; 0
1956;04; 0; 0; 0; 0; 0; 0; 107; 0; 130; 268; 2; 0; 0; 0; 0; 0; 0; 0; 0; 0; 0; 0; 0; 0; 0; 0; 278; 300; 0; 0; 9999
1956;05; 176; 80; 0; 604; 300; 0; 0; 904; 0; 0; 0; 0; 0; 0; 0; 0; 0; 0; 0; 0; 52; 0; 0; 0; 828; 0; 0; 53; 0; 0; 803
1956;06; 158; 203; 0; 0; 0; 0; 0; 0; 150; 45; 0; 180; 75; 3; 0; 0; 0; 0; 0; 0; 0; 0; 0; 0; 0; 0; 8; 0; 0; 0; 9999
1956;07; 0; 0; 0; 0; 0; 0; 0; 0; 0; 0; 0; 0; 310; 0; 0; 0; 0; 0; 2; 20; 0; 261; 315; 0; 0; 0; 110; 0; 0; 385; 0
1956;08; 350; 0; 600; 206; 0; 0; 425; 0; 0; 0; 0; 0; 0; 0; 0; 0; 0; 0; 0; 0; 0; 0; 0; 0; 0; 0; 0; 0; 0; 0; 0
1956;09; 0; 0; 0; 0; 0; 0; 0; 0; 320; 500; 0; 0; 105; 80; 0; 0; 0; 0; 0; 0; 0; 0; 0; 0; 0; 0; 0; 0; 0; 0; 9999
1956;10; 0; 0; 0; 0; 0; 0; 0; 0; 0; 310; 0; 0; 0; 0; 0; 0; 92; 0; 0; 0; 0; 8; 0; 0; 0; 0; 73; 0; 370; 0; 0
1956;11; 0; 0; 0; 0; 0; 0; 0; 0; 209; 0; 280; 145; 0; 0; 0; 0; 0; 0; 0; 0; 0; 0; 0; 0; 208; 0; 0; 0; 0; 0; 9999
1956;12; 0; 0; 0; 0; 0; 125; 0; 0; 0; 0; 0; 0; 0; 0; 0; 266; 0; 0; 0; 0; 0; 0; 170; 0; 0; 0; 0; 0; 0; 540; 0
1957;01; 0; 0; 0; 0; 0; 223; 0; 148; 90; 124; 38; 0; 24; 374; 105; 0; 0; 0; 0; 0; 110; 0; 0; 0; 0; 110; 0; 243; 0; 0; 85
1957;02; 110; 0; 0; 0; 0; 0; 0; 37; 526; 820; 0; 0; 0; 0; 200; 0; 0; 0; 0; 0; 0; 0; 0; 0; 250; 300; 0; 0; 9999; 9999; 9999
1957;03; 160; 0; 0; 0; 0; 0; 0; 0; 107; 0; 0; 0; 0; 35; 0; 0; 0; 0; 0; 300; 0; 0; 0; 0; 0; 115; 0; 0; 300; 505; 0
1957;04; 1310; 0; 0; 0; 0; 0; 0; 0; 0; 0; 0; 0; 0; 280; 0; 0; 0; 0; 0; 0; 0; 0; 0; 0; 0; 301; 0; 0; 201; 0; 9999
1957;05; 0; 0; 0; 0; 0; 0; 0; 0; 450; 0; 0; 0; 0; 0; 0; 170; 0; 0; 0; 0; 0; 0; 0; 0; 0; 0; 0; 0; 0; 0; 0
1957;06; 0; 0; 0; 0; 0; 0; 270; 0; 0; 0; 0; 0; 0; 0; 0; 0; 0; 0; 0; 0; 0; 0; 0; 0; 0; 0; 0; 0; 150; 0; 9999
1957;07; 300; 560; 108; 24; 0; 0; 0; 0; 0; 0; 0; 0; 0; 0; 325; 430; 543; 280; 325; 0; 0; 0; 0; 0; 0; 0; 0; 0; 0; 0; 0
1957;08; 0; 0; 0; 0; 0; 0; 0; 0; 0; 0; 0; 30; 170; 0; 0; 65; 150; 50; 0; 0; 0; 0; 0; 0; 0; 0; 0; 0; 0; 0; 0
1957;09; 0; 45; 245; 0; 0; 0; 200; 206; 0; 0; 0; 250; 0; 0; 32; 0; 0; 0; 138; 6; 150; 200; 26; 0; 0; 0; 0; 0; 0; 0; 9999
1957;10; 0; 0; 0; 0; 0; 0; 0; 0; 0; 0; 0; 0; 0; 0; 0; 0; 0; 0; 50; 0; 15; 0; 0; 0; 25; 115; 390; 0; 0; 0; 0
1957;11; 0; 40; 0; 0; 0; 0; 0; 45; 0; 0; 0; 43; 50; 0; 0; 0; 335; 265; 0; 80; 0; 0; 0; 0; 0; 0; 0; 0; 0; 0; 9999
1957;12; 40; 375; 95; 0; 0; 0; 0; 0; 0; 0; 0; 94; 163; 25; 70; 580; 210; 0; 0; 0; 0; 0; 0; 0; 0; 250; 0; 0; 20; 24; 26
1958;01; 15; 0; 0; 0; 0; 0; 0; 135; 0; 0; 0; 0; 0; 0; 835; 35; 65; 43; 22; 0; 0; 0; 65; 70; 25; 395; 0; 28; 0; 0; 0
1958;02; 0; 0; 0; 22; 68; 0; 0; 70; 0; 0; 0; 0; 0; 0; 140; 0; 0; 0; 100; 0; 0; 73; 0; 0; 14; 200; 235; 146; 9999; 9999; 9999
1958;03; 0; 0; 0; 0; 0; 0; 80; 65; 0; 0; 0; 0; 125; 75; 258; 0; 78; 0; 0; 0; 0; 0; 0; 0; 0; 0; 0; 0; 0; 0; 433
1958;04; 285; 0; 0; 0; 0; 0; 0; 0; 315; 0; 0; 0; 230; 0; 0; 0; 0; 187; 0; 0; 0; 0; 0; 0; 0; 0; 0; 0; 0; 0; 9999
1958;05; 0; 60; 70; 0; 0; 0; 0; 0; 10; 0; 0; 0; 0; 0; 0; 0; 0; 0; 0; 0; 0; 380; 0; 45; 167; 0; 0; 140; 0; 0; 0
1958;06; 0; 0; 0; 0; 0; 0; 0; 0; 0; 0; 0; 0; 0; 190; 1010; 23; 0; 0; 0; 0; 0; 0; 0; 0; 0; 0; 0; 0; 0; 0; 9999
1958;07; 0; 0; 0; 0; 0; 0; 0; 0; 0; 0; 0; 210; 0; 0; 0; 0; 50; 0; 0; 0; 0; 0; 0; 0; 0; 0; 0; 0; 0; 0; 0
1958;08; 0; 0; 0; 0; 0; 0; 0; 0; 0; 0; 0; 0; 0; 0; 0; 0; 0; 0; 0; 0; 0; 0; 0; 0; 0; 0; 0; 0; 80; 0; 0
1958;09; 0; 0; 0; 0; 0; 0; 0; 85; 0; 25; 0; 0; 50; 880; 175; 0; 0; 0; 0; 0; 0; 0; 0; 0; 0; 65; 0; 0; 0; 0; 9999
1958;10; 0; 0; 0; 0; 0; 0; 0; 0; 0; 0; 520; 0; 0; 0; 0; 0; 0; 0; 0; 0; 0; 0; 0; 525; 0; 0; 995; 180; 0; 0; 0
1958;11; 45; 0; 0; 120; 0; 0; 0; 0; 0; 0; 0; 26; 0; 0; 0; 0; 0; 0; 200; 0; 0; 0; 0; 0; 185; 0; 0; 0; 0; 70; 9999
1958;12; 0; 0; 0; 0; 0; 0; 0; 0; 580; 0; 0; 60; 0; 0; 0; 0; 550; 360; 350; 145; 37; 65; 0; 0; 0; 0; 0; 0; 0; 0; 0
1959;01; 0; 0; 0; 120; 545; 0; 0; 0; 0; 0; 0; 400; 330; 0; 0; 0; 215; 440; 200; 0; 0; 0; 595; 0; 0; 0; 0; 0; 55; 0; 0
1959;02; 0; 515; 0; 0; 180; 60; 85; 0; 0; 350; 300; 0; 0; 340; 95; 0; 380; 180; 0; 100; 0; 0; 0; 0; 0; 280; 0; 0; 9999; 9999; 9999
1959;03; 0; 0; 0; 0; 0; 0; 0; 0; 100; 0; 0; 0; 0; 350; 0; 0; 0; 0; 0; 0; 0; 0; 0; 240; 0; 0; 0; 0; 0; 0; 0
1959;04; 340; 0; 210; 0; 0; 0; 0; 0; 0; 0; 0; 0; 0; 150; 0; 0; 0; 0; 0; 0; 0; 0; 570; 0; 0; 0; 80; 0; 0; 0; 9999
1959;05; 0; 0; 0; 0; 0; 0; 0; 0; 0; 0; 500; 0; 0; 0; 0; 370; 0; 0; 0; 0; 0; 0; 0; 0; 0; 0; 0; 0; 0; 0; 0
1959;06; 0; 0; 0; 0; 0; 280; 0; 0; 0; 0; 0; 0; 0; 0; 0; 0; 0; 0; 0; 0; 0; 0; 0; 0; 0; 0; 0; 0; 0; 0; 9999
1959;07; 0; 0; 0; 0; 0; 0; 0; 0; 0; 0; 0; 0; 0; 0; 0; 0; 0; 0; 0; 0; 0; 0; 0; 0; 0; 0; 0; 0; 0; 0; 0
1959;08; 180; 0; 0; 0; 210; 135; 0; 0; 0; 120; 0; 0; 0; 0; 0; 0; 0; 0; 0; 0; 0; 0; 0; 0; 0; 0; 0; 0; 0; 0; 0
1959;09; 0; 0; 0; 0; 0; 0; 0; 0; 0; 0; 0; 0; 0; 0; 60; 0; 0; 0; 0; 0; 0; 0; 0; 0; 0; 0; 0; 0; 0; 0; 9999
1959;10; 0; 0; 0; 0; 0; 0; 0; 0; 0; 0; 0; 0; 230; 0; 0; 0; 0; 0; 0; 0; 550; 0; 0; 0; 0; 0; 470; 0; 0; 0; 0
1959;11; 0; 0; 0; 0; 0; 50; 0; 15; 0; 14; 0; 44; 88; 34; 0; 0; 0; 0; 0; 0; 0; 0; 0; 0; 0; 370; 0; 0; 130; 0; 9999
1959;12; 0; 0; 0; 15; 0; 0; 0; 50; 0; 340; 0; 0; 0; 0; 0; 0; 0; 35; 0; 0; 0; 0; 80; 73; 0; 0; 0; 0; 0; 0; 0
1960;01; 100; 0; 0; 0; 0; 0; 835; 400; 0; 90; 220; 0; 0; 0; 0; 0; 0; 150; 250; 0; 65; 0; 530; 0; 110; 130; 0; 0; 0; 0; 0
1960;02; 0; 130; 0; 0; 0; 0; 0; 0; 0; 0; 0; 100; 0; 0; 0; 150; 220; 140; 0; 100; 750; 150; 100; 0; 0; 250; 0; 150; 550; 9999; 9999
1960;03; 0; 0; 0; 0; 0; 0; 0; 0; 0; 0; 0; 250; 0; 0; 110; 0; 0; 0; 40; 0; 0; 0; 0; 0; 0; 0; 0; 0; 0; 0; 0
1960;04; 300; 0; 0; 70; 360; 80; 60; 0; 0; 130; 0; 0; 70; 0; 0; 0; 0; 0; 0; 60; 0; 0; 0; 0; 0; 0; 0; 0; 0; 0; 9999
1960;05; 0; 0; 0; 0; 0; 0; 0; 0; 0; 0; 0; 0; 0; 0; 260; 5; 3; 0; 0; 260; 250; 2; 0; 0; 0; 0; 0; 0; 1; 0; 0
1960;06; 0; 0; 1; 0; 0; 0; 0; 0; 0; 0; 0; 0; 0; 2; 80; 50; 3; 0; 200; 0; 0; 0; 190; 70; 3; 0; 0; 0; 0; 0; 9999
1960;07; 0; 0; 0; 0; 0; 0; 1; 0; 0; 2; 0; 0; 0; 2; 0; 0; 0; 0; 0; 0; 0; 0; 0; 0; 0; 1; 0; 0; 0; 0; 0
1960;08; 0; 2; 1; 0; 0; 0; 0; 0; 0; 0; 0; 0; 0; 0; 6; 70; 20; 15; 80; 0; 0; 0; 0; 0; 0; 0; 20; 0; 0; 0; 0
1960;09; 0; 0; 0; 0; 0; 0; 0; 0; 0; 0; 0; 0; 0; 0; 0; 0; 0; 0; 0; 0; 0; 0; 0; 0; 0; 0; 0; 0; 0; 0; 9999
1960;10; 120; 140; 0; 0; 0; 2; 0; 0; 0; 5; 0; 0; 0; 0; 0; 40; 0; 70; 5; 0; 0; 0; 340; 0; 370; 190; 345; 0; 0; 0; 80
1960;11; 50; 8; 0; 0; 200; 150; 0; 340; 0; 3; 310; 5; 30; 220; 5; 0; 0; 0; 0; 80; 70; 0; 0; 0; 0; 200; 0; 0; 0; 50; 9999
1960;12; 60; 0; 0; 0; 0; 0; 0; 0; 0; 0; 0; 0; 100; 0; 0; 0; 140; 230; 3; 0; 0; 0; 110; 0; 0; 0; 0; 0; 355; 430; 13
1961;01; 280; 260; 300; 50; 6; 0; 0; 0; 0; 0; 200; 170; 0; 0; 0; 50; 0; 0; 210; 0; 20; 0; 0; 0; 0; 0; 60; 0; 0; 4; 0
1961;02; 0; 0; 0; 0; 40; 50; 70; 0; 0; 170; 270; 35; 15; 0; 0; 0; 0; 0; 0; 0; 80; 0; 120; 70; 60; 102; 100; 200; 9999; 9999; 9999
1961;03; 510; 0; 0; 0; 0; 60; 3; 4; 0; 0; 0; 0; 75; 340; 210; 40; 20; 40; 10; 3; 0; 0; 0; 0; 0; 0; 60; 0; 0; 0; 0
1961;04; 0; 0; 3; 20; 280; 150; 0; 0; 0; 0; 0; 0; 0; 0; 0; 0; 0; 0; 0; 0; 0; 80; 132; 70; 150; 0; 0; 0; 0; 0; 9999
1961;05; 0; 0; 4; 3; 0; 0; 0; 0; 0; 0; 0; 0; 0; 0; 0; 0; 0; 0; 0; 0; 0; 0; 0; 0; 0; 0; 0; 0; 0; 0; 0
1961;06; 0; 0; 0; 0; 150; 0; 0; 0; 0; 0; 0; 0; 0; 0; 0; 0; 0; 0; 0; 0; 0; 0; 0; 0; 0; 0; 0; 0; 0; 0; 9999
1961;07; 0; 0; 0; 0; 0; 0; 0; 0; 0; 0; 0; 0; 0; 0; 0; 0; 0; 0; 0; 0; 0; 0; 0; 0; 0; 0; 0; 0; 0; 0; 0
1961;08; 0; 0; 0; 0; 0; 0; 0; 0; 0; 0; 0; 0; 0; 0; 0; 0; 0; 0; 0; 0; 0; 0; 0; 0; 0; 0; 0; 0; 0; 0; 0
1961;09; 0; 0; 0; 0; 11; 6; 0; 0; 0; 0; 0; 0; 0; 0; 0; 0; 0; 0; 0; 0; 0; 0; 0; 0; 0; 0; 22; 0; 5; 0; 9999
1961;10; 0; 0; 0; 0; 0; 0; 0; 0; 0; 0; 2; 0; 0; 0; 72; 153; 0; 269; 0; 167; 0; 61; 0; 2; 0; 5; 10; 0; 0; 4; 163
1961;11; 0; 129; 15; 9; 19; 0; 0; 0; 0; 0; 0; 2; 0; 175; 309; 0; 0; 0; 0; 0; 0; 2; 6; 0; 0; 0; 0; 9; 75; 0; 9999
1961;12; 27; 112; 0; 109; 0; 0; 0; 0; 0; 0; 0; 0; 0; 0; 115; 23; 0; 0; 0; 138; 129; 255; 87; 261; 100; 360; 0; 0; 0; 9; 0
1962;01; 0; 240; 0; 0; 0; 0; 485; 0; 0; 0; 0; 0; 0; 0; 287; 0; 0; 0; 0; 0; 0; 0; 0; 0; 0; 0; 0; 50; 0; 180; 0
1962;02; 0; 0; 180; 100; 0; 0; 0; 0; 0; 0; 0; 0; 0; 0; 0; 350; 0; 370; 0; 0; 348; 0; 0; 0; 0; 0; 0; 540; 9999; 9999; 9999
1962;03; 0; 740; 80; 150; 0; 0; 0; 0; 0; 180; 300; 0; 40; 50; 32; 580; 0; 0; 0; 0; 0; 0; 0; 0; 0; 0; 0; 0; 0; 0; 0
1962;04; 0; 0; 0; 0; 0; 0; 0; 0; 8; 0; 0; 0; 0; 0; 5; 0; 0; 0; 0; 0; 0; 0; 0; 0; 0; 0; 0; 0; 0; 350; 9999
1962;05; 124; 0; 0; 0; 0; 0; 0; 0; 0; 0; 0; 0; 0; 0; 0; 0; 0; 0; 0; 0; 0; 0; 0; 0; 0; 0; 0; 0; 0; 100; 0
1962;06; 0; 0; 0; 0; 0; 580; 300; 100; 0; 0; 0; 0; 0; 0; 0; 0; 0; 0; 0; 0; 0; 0; 0; 0; 0; 0; 0; 0; 0; 0; 9999
1962;07; 0; 0; 0; 0; 0; 0; 0; 0; 0; 0; 0; 0; 0; 0; 0; 0; 0; 0; 0; 0; 0; 0; 0; 0; 0; 0; 0; 0; 0; 0; 0
1962;08; 0; 0; 0; 0; 0; 0; 0; 0; 0; 0; 85; 0; 0; 0; 0; 0; 0; 0; 134; 0; 0; 0; 0; 0; 0; 0; 0; 0; 0; 30; 0
1962;09; 0; 0; 0; 0; 0; 0; 0; 0; 0; 0; 0; 0; 230; 0; 0; 0; 0; 0; 0; 0; 128; 0; 0; 0; 0; 0; 0; 0; 0; 175; 9999
1962;10; 570; 145; 440; 0; 0; 0; 0; 100; 0; 0; 0; 0; 0; 0; 0; 0; 0; 0; 0; 0; 0; 0; 0; 0; 0; 120; 285; 0; 0; 80; 0
1962;11; 0; 0; 0; 0; 0; 0; 0; 0; 0; 0; 0; 0; 0; 0; 0; 0; 0; 0; 5; 0; 0; 0; 0; 0; 0; 0; 0; 0; 0; 0; 9999
1962;12; 0; 0; 0; 0; 76; 376; 0; 0; 0; 0; 0; 0; 0; 0; 0; 0; 39; 217; 51; 0; 0; 0; 0; 0; 0; 92; 331; 8; 32; 156; 514
1963;01; 0; 0; 63; 0; 63; 0; 0; 0; 0; 83; 0; 35; 0; 350; 95; 135; 75; 5; 40; 0; 0; 40; 150; 0; 0; 80; 0; 0; 0; 0; 160
1963;02; 35; 0; 30; 0; 95; 0; 0; 0; 0; 0; 0; 0; 0; 0; 80; 60; 0; 0; 0; 80; 0; 120; 0; 0; 30; 0; 0; 0; 9999; 9999; 9999
1963;03; 0; 0; 0; 0; 0; 0; 0; 0; 0; 0; 300; 0; 0; 0; 0; 0; 0; 0; 200; 0; 0; 0; 0; 0; 0; 0; 0; 0; 0; 0; 0
1963;04; 0; 0; 0; 0; 0; 0; 0; 0; 0; 0; 0; 320; 0; 0; 0; 0; 0; 0; 0; 0; 0; 0; 0; 0; 0; 0; 0; 0; 0; 0; 9999
1963;05; 0; 0; 0; 0; 0; 0; 0; 0; 0; 0; 0; 0; 0; 0; 0; 0; 0; 0; 0; 0; 0; 0; 0; 0; 0; 0; 0; 0; 0; 0; 0
1963;06; 0; 0; 0; 0; 0; 0; 0; 0; 0; 0; 0; 0; 0; 0; 0; 0; 0; 0; 0; 0; 0; 0; 0; 0; 0; 0; 0; 0; 0; 0; 9999
1963;07; 0; 0; 0; 0; 0; 0; 0; 0; 0; 0; 0; 0; 0; 0; 0; 0; 0; 0; 0; 0; 0; 0; 0; 0; 0; 0; 0; 0; 0; 0; 0
1963;08; 0; 0; 0; 0; 0; 0; 0; 0; 0; 0; 0; 0; 0; 0; 0; 0; 0; 0; 0; 0; 0; 0; 0; 0; 0; 0; 0; 0; 0; 0; 0
1963;09; 0; 0; 0; 0; 0; 0; 0; 0; 0; 0; 0; 0; 0; 0; 0; 0; 0; 0; 0; 0; 0; 0; 0; 0; 0; 0; 110; 0; 0; 0; 9999
1963;10; 0; 0; 0; 0; 0; 85; 227; 0; 0; 0; 0; 0; 0; 0; 55; 0; 0; 44; 18; 43; 0; 5; 0; 0; 0; 0; 14; 56; 80; 0; 0
1963;11; 0; 0; 0; 0; 0; 0; 0; 44; 93; 0; 0; 0; 0; 242; 0; 283; 0; 94; 159; 0; 710; 0; 0; 0; 0; 0; 0; 0; 0; 2; 9999
1963;12; 0; 78; 0; 23; 0; 71; 0; 17; 335; 6; 0; 0; 0; 0; 0; 0; 0; 0; 36; 50; 0; 0; 0; 0; 0; 0; 0; 0; 0; 0; 0
1964;01; 0; 0; 285; 0; 85; 30; 0; 0; 0; 0; 0; 0; 0; 0; 0; 0; 0; 0; 0; 0; 0; 0; 0; 0; 0; 0; 0; 0; 0; 0; 0
1964;02; 0; 0; 0; 495; 0; 0; 0; 0; 0; 220; 230; 370; 115; 130; 600; 255; 156; 0; 340; 60; 0; 0; 0; 0; 180; 0; 0; 70; 0; 9999; 9999
1964;03; 0; 0; 0; 0; 0; 0; 0; 0; 0; 0; 0; 0; 0; 0; 410; 0; 0; 0; 0; 0; 0; 0; 0; 0; 0; 200; 270; 0; 310; 0; 270
1964;04; 0; 0; 0; 0; 0; 0; 0; 0; 0; 0; 0; 0; 0; 0; 0; 0; 0; 0; 0; 0; 0; 0; 0; 0; 0; 0; 0; 0; 0; 0; 9999
1964;05; 340; 0; 0; 0; 0; 155; 0; 0; 0; 0; 0; 0; 0; 0; 0; 0; 0; 0; 0; 0; 0; 0; 0; 0; 0; 0; 0; 0; 0; 0; 0
1964;06; 0; 0; 0; 0; 0; 0; 0; 0; 0; 0; 80; 90; 0; 135; 190; 0; 0; 0; 0; 0; 0; 0; 0; 0; 0; 0; 0; 0; 0; 0; 9999
1964;07; 0; 0; 0; 170; 0; 0; 0; 0; 0; 0; 0; 0; 0; 0; 0; 0; 0; 0; 0; 0; 0; 0; 0; 0; 130; 0; 0; 0; 0; 0; 0
1964;08; 0; 0; 0; 0; 0; 0; 0; 0; 0; 0; 0; 0; 0; 0; 0; 0; 0; 0; 0; 250; 100; 0; 0; 0; 0; 0; 0; 0; 0; 0; 0
1964;09; 0; 0; 0; 0; 0; 0; 0; 0; 0; 0; 0; 0; 0; 0; 0; 0; 0; 0; 0; 0; 0; 0; 0; 0; 280; 0; 0; 0; 0; 0; 9999
1964;10; 0; 0; 0; 0; 0; 0; 0; 0; 0; 0; 0; 0; 0; 0; 0; 0; 0; 0; 0; 0; 0; 0; 0; 0; 0; 183; 279; 50; 0; 0; 0
1964;11; 250; 0; 0; 0; 0; 400; 0; 0; 0; 0; 0; 0; 0; 0; 0; 35; 190; 0; 0; 0; 0; 0; 0; 0; 0; 0; 0; 0; 0; 95; 9999
1964;12; 180; 0; 0; 0; 0; 0; 0; 0; 0; 0; 380; 300; 0; 0; 123; 60; 0; 0; 200; 410; 280; 140; 320; 350; 270; 150; 0; 123; 150; 0; 0
1965;01; 0; 0; 0; 0; 0; 150; 0; 0; 0; 0; 100; 60; 53; 59; 0; 0; 0; 0; 0; 0; 0; 0; 30; 0; 0; 301; 0; 300; 75; 280; 383
1965;02; 0; 0; 0; 165; 0; 0; 0; 0; 0; 0; 0; 210; 80; 150; 135; 0; 0; 300; 150; 0; 250; 170; 0; 130; 0; 0; 0; 210; 9999; 9999; 9999
1965;03; 150; 100; 0; 0; 100; 0; 0; 0; 150; 0; 0; 0; 0; 0; 100; 0; 0; 100; 0; 70; 0; 80; 90; 0; 0; 0; 0; 0; 0; 0; 0
1965;04; 0; 0; 0; 0; 0; 0; 0; 240; 0; 0; 0; 0; 0; 0; 0; 0; 50; 350; 0; 0; 70; 0; 0; 0; 0; 0; 350; 400; 0; 0; 9999
1965;05; 0; 0; 0; 0; 0; 0; 0; 270; 0; 130; 150; 145; 180; 550; 0; 0; 0; 200; 0; 0; 0; 0; 0; 0; 0; 0; 0; 0; 0; 0; 0
1965;06; 0; 0; 0; 0; 0; 0; 0; 0; 250; 0; 80; 0; 150; 0; 0; 0; 0; 0; 0; 0; 0; 0; 70; 0; 0; 0; 0; 0; 0; 0; 9999
1965;07; 0; 0; 0; 150; 0; 0; 0; 0; 0; 0; 0; 0; 0; 0; 0; 0; 0; 0; 0; 0; 0; 0; 0; 0; 0; 0; 0; 0; 0; 0; 0
1965;08; 0; 0; 0; 0; 0; 0; 0; 0; 0; 0; 0; 0; 0; 350; 60; 0; 0; 0; 0; 0; 0; 0; 0; 0; 0; 0; 0; 0; 0; 0; 0
1965;09; 0; 0; 0; 0; 0; 0; 0; 0; 0; 130; 0; 0; 0; 0; 0; 0; 0; 0; 0; 0; 0; 0; 0; 0; 0; 0; 400; 180; 0; 230; 9999
1965;10; 170; 0; 0; 0; 0; 0; 0; 0; 0; 0; 0; 0; 0; 0; 0; 0; 0; 260; 140; 0; 0; 0; 0; 0; 0; 0; 0; 0; 0; 0; 0
1965;11; 0; 0; 0; 0; 460; 0; 0; 110; 50; 0; 0; 230; 310; 0; 0; 0; 0; 0; 0; 0; 0; 0; 0; 0; 0; 0; 500; 0; 0; 0; 9999
1965;12; 0; 100; 650; 170; 0; 240; 70; 0; 140; 300; 250; 200; 0; 420; 0; 0; 0; 0; 0; 0; 0; 0; 0; 0; 0; 270; 0; 0; 0; 200; 280
1966;01; 410; 0; 0; 0; 0; 0; 0; 0; 300; 100; 0; 0; 0; 0; 0; 0; 0; 0; 260; 0; 0; 0; 0; 0; 0; 0; 0; 210; 380; 0; 80
1966;02; 220; 0; 0; 0; 0; 0; 130; 0; 100; 140; 200; 300; 150; 0; 0; 0; 0; 0; 0; 0; 380; 0; 180; 90; 0; 0; 0; 0; 9999; 9999; 9999
1966;03; 0; 60; 0; 360; 350; 0; 0; 0; 0; 0; 0; 0; 0; 0; 0; 0; 0; 0; 0; 0; 0; 0; 0; 0; 0; 0; 50; 0; 0; 0; 0
1966;04; 0; 200; 0; 0; 0; 160; 610; 0; 0; 0; 0; 0; 0; 0; 0; 0; 0; 0; 0; 0; 0; 0; 0; 0; 0; 250; 0; 0; 0; 0; 9999
1966;05; 0; 0; 0; 0; 440; 0; 0; 0; 0; 0; 0; 0; 0; 0; 0; 0; 0; 0; 0; 0; 100; 350; 0; 0; 0; 0; 0; 0; 0; 0; 0
1966;06; 0; 0; 0; 0; 0; 0; 0; 0; 0; 0; 0; 0; 0; 0; 0; 0; 0; 0; 0; 0; 0; 0; 90; 0; 0; 0; 0; 0; 100; 0; 9999
1966;07; 0; 0; 0; 0; 0; 0; 0; 0; 0; 0; 0; 0; 0; 0; 0; 0; 0; 0; 0; 0; 0; 0; 0; 0; 0; 0; 0; 0; 0; 0; 0
1966;08; 0; 0; 0; 0; 0; 0; 0; 0; 0; 0; 0; 0; 0; 0; 0; 0; 0; 0; 0; 0; 0; 0; 0; 0; 0; 0; 0; 70; 320; 0; 0
1966;09; 100; 80; 70; 90; 50; 0; 0; 0; 0; 0; 0; 0; 0; 0; 0; 0; 0; 0; 20; 0; 0; 0; 0; 0; 0; 0; 30; 40; 0; 0; 9999
1966;10; 0; 0; 30; 0; 0; 0; 0; 150; 20; 0; 0; 0; 0; 0; 0; 30; 0; 0; 0; 0; 10; 300; 0; 0; 0; 0; 630; 400; 300; 120; 0
1966;11; 0; 0; 0; 0; 0; 0; 0; 0; 290; 0; 0; 0; 0; 0; 0; 0; 0; 0; 0; 0; 0; 0; 0; 0; 0; 0; 0; 0; 0; 0; 9999
1966;12; 0; 0; 0; 0; 20; 0; 0; 0; 0; 50; 0; 0; 0; 60; 0; 0; 0; 100; 200; 350; 400; 100; 0; 0; 0; 0; 120; 0; 0; 0; 0
1967;01; 0; 120; 0; 0; 90; 0; 0; 50; 60; 280; 200; 80; 120; 0; 60; 0; 0; 320; 50; 80; 150; 120; 0; 0; 0; 0; 0; 0; 0; 0; 100
1967;02; 0; 0; 0; 50; 70; 0; 100; 0; 0; 0; 0; 0; 0; 0; 0; 0; 0; 140; 0; 0; 270; 0; 0; 0; 0; 0; 0; 0; 9999; 9999; 9999
1967;03; 210; 0; 0; 0; 560; 530; 150; 0; 0; 100; 300; 250; 400; 0; 0; 0; 0; 0; 0; 0; 0; 0; 0; 0; 0; 0; 0; 200; 0; 0; 0
1967;04; 0; 0; 0; 0; 0; 0; 0; 0; 0; 0; 0; 0; 0; 0; 0; 0; 0; 0; 0; 0; 0; 0; 0; 0; 0; 0; 0; 0; 0; 0; 9999
1967;05; 0; 0; 0; 0; 0; 0; 0; 0; 0; 0; 0; 0; 0; 0; 0; 0; 0; 0; 0; 0; 0; 0; 0; 0; 0; 0; 0; 0; 0; 0; 0
1967;06; 0; 0; 0; 0; 260; 300; 0; 0; 0; 200; 150; 350; 0; 0; 0; 0; 0; 0; 0; 0; 0; 0; 0; 0; 0; 0; 0; 0; 0; 0; 9999
1967;07; 0; 0; 0; 0; 0; 0; 0; 0; 0; 0; 0; 0; 0; 0; 0; 0; 0; 0; 0; 0; 0; 200; 0; 0; 0; 0; 0; 0; 0; 0; 0
1967;08; 0; 0; 0; 0; 0; 0; 0; 0; 0; 0; 0; 0; 0; 0; 0; 0; 0; 0; 0; 0; 0; 0; 0; 0; 0; 0; 0; 0; 0; 0; 0
1967;09; 0; 0; 0; 0; 0; 0; 0; 0; 0; 0; 0; 0; 0; 0; 0; 0; 0; 0; 0; 0; 0; 0; 150; 0; 0; 0; 0; 0; 0; 0; 9999
1967;10; 180; 200; 0; 0; 0; 0; 0; 0; 0; 0; 0; 0; 80; 0; 0; 0; 0; 0; 0; 0; 100; 170; 150; 80; 120; 130; 400; 0; 0; 0; 0
1967;11; 0; 0; 0; 0; 0; 0; 0; 0; 0; 0; 180; 200; 0; 0; 0; 0; 0; 0; 0; 0; 0; 0; 350; 400; 100; 290; 110; 0; 0; 0; 9999
1967;12; 0; 0; 230; 300; 0; 0; 0; 150; 250; 300; 100; 0; 300; 0; 0; 180; 200; 0; 0; 100; 280; 150; 300; 0; 0; 0; 0; 0; 0; 0; 0
1968;01; 0; 100; 8; 150; 0; 0; 0; 200; 120; 0; 260; 140; 0; 0; 8; 2; 600; 300; 860; 200; 175; 280; 0; 0; 0; 0; 0; 3; 0; 0; 0
1968;02; 0; 0; 0; 0; 0; 1; 0; 0; 1; 0; 0; 0; 0; 0; 0; 0; 0; 0; 0; 0; 570; 0; 0; 0; 0; 0; 0; 0; 0; 9999; 9999
1968;03; 0; 0; 0; 0; 0; 0; 0; 0; 0; 0; 202; 107; 0; 1; 0; 300; 150; 40; 0; 0; 10; 20; 0; 0; 0; 0; 0; 0; 30; 5; 0
1968;04; 0; 0; 0; 0; 0; 0; 0; 0; 0; 0; 0; 0; 10; 0; 0; 20; 0; 0; 0; 0; 0; 0; 0; 0; 0; 0; 0; 1; 4; 0; 9999
1968;05; 0; 0; 0; 0; 0; 0; 0; 0; 0; 0; 0; 0; 0; 0; 0; 0; 0; 0; 0; 0; 0; 0; 0; 0; 0; 0; 0; 0; 0; 0; 0
1968;06; 0; 0; 0; 0; 0; 0; 0; 0; 0; 0; 0; 0; 0; 0; 0; 0; 0; 0; 0; 10; 5; 0; 0; 0; 0; 0; 0; 0; 0; 0; 9999
1968;07; 0; 0; 0; 0; 2; 0; 0; 0; 0; 0; 0; 0; 0; 0; 0; 3; 0; 0; 0; 0; 0; 0; 0; 0; 0; 0; 0; 0; 0; 0; 0
1968;08; 0; 0; 0; 0; 0; 0; 0; 0; 0; 0; 0; 0; 0; 0; 0; 0; 0; 0; 0; 3; 0; 0; 0; 0; 0; 0; 0; 0; 0; 0; 0
1968;09; 0; 0; 0; 0; 0; 0; 0; 0; 0; 0; 0; 0; 0; 0; 0; 0; 0; 0; 0; 110; 0; 5; 0; 0; 0; 0; 0; 0; 0; 0; 9999
1968;10; 0; 0; 0; 0; 0; 0; 0; 0; 0; 0; 0; 0; 0; 0; 0; 400; 750; 850; 0; 0; 10; 40; 90; 60; 10; 90; 0; 30; 0; 0; 0
1968;11; 0; 0; 0; 0; 0; 0; 0; 0; 0; 40; 0; 0; 0; 0; 0; 40; 70; 0; 0; 0; 0; 0; 0; 0; 100; 100; 70; 200; 200; 0; 9999
1968;12; 400; 0; 0; 0; 0; 50; 0; 0; 0; 0; 0; 0; 0; 0; 0; 0; 300; 0; 230; 0; 0; 0; 100; 100; 0; 0; 0; 40; 400; 0; 0
1969;01; 0; 0; 0; 0; 0; 0; 0; 0; 0; 230; 0; 100; 0; 0; 60; 0; 0; 0; 0; 30; 0; 0; 0; 0; 0; 0; 220; 40; 200; 30; 60
1969;02; 0; 0; 0; 0; 0; 0; 0; 0; 200; 0; 100; 0; 0; 0; 0; 70; 0; 0; 1200; 0; 0; 0; 100; 0; 0; 0; 460; 140; 9999; 9999; 9999
1969;03; 0; 0; 0; 0; 0; 0; 0; 0; 0; 0; 0; 0; 0; 0; 0; 0; 0; 0; 0; 0; 0; 0; 0; 0; 0; 200; 0; 0; 0; 0; 0
1969;04; 300; 0; 0; 200; 0; 0; 0; 160; 0; 0; 0; 0; 0; 0; 0; 0; 0; 0; 0; 0; 0; 10; 0; 0; 0; 0; 0; 0; 0; 0; 9999
1969;05; 0; 0; 20; 0; 0; 0; 0; 0; 0; 0; 0; 0; 0; 0; 0; 0; 0; 0; 0; 0; 0; 0; 0; 200; 0; 0; 0; 0; 0; 40; 0
1969;06; 300; 0; 0; 0; 0; 0; 0; 0; 0; 0; 0; 0; 0; 0; 290; 0; 0; 0; 0; 0; 210; 0; 0; 0; 0; 0; 0; 0; 0; 20; 9999
1969;07; 20; 0; 0; 0; 0; 0; 0; 10; 0; 0; 0; 160; 0; 0; 0; 0; 0; 0; 0; 0; 0; 0; 0; 0; 0; 0; 0; 0; 0; 0; 0
1969;08; 0; 20; 0; 0; 0; 40; 0; 0; 0; 0; 0; 0; 0; 0; 0; 0; 0; 0; 0; 0; 0; 0; 0; 0; 0; 0; 0; 0; 0; 0; 0
1969;09; 0; 0; 0; 10; 0; 0; 0; 0; 0; 0; 0; 0; 0; 0; 0; 0; 0; 10; 10; 0; 0; 0; 0; 0; 0; 0; 270; 10; 380; 30; 9999
1969;10; 200; 10; 340; 300; 0; 290; 0; 0; 0; 0; 0; 0; 0; 0; 0; 0; 0; 0; 150; 0; 0; 800; 0; 0; 0; 0; 0; 0; 0; 400; 0
1969;11; 0; 0; 0; 0; 0; 180; 0; 60; 0; 0; 0; 260; 0; 60; 100; 0; 460; 0; 0; 20; 0; 0; 0; 0; 0; 0; 0; 20; 0; 400; 9999
1969;12; 60; 0; 0; 0; 0; 30; 0; 0; 0; 0; 40; 0; 30; 0; 0; 0; 0; 0; 0; 0; 0; 0; 60; 0; 0; 0; 0; 0; 0; 160; 170
1970;01; 0; 70; 460; 50; 0; 50; 0; 0; 80; 0; 0; 0; 0; 160; 0; 0; 0; 0; 70; 30; 0; 0; 0; 0; 0; 0; 0; 0; 400; 0; 0
1970;02; 165; 0; 0; 40; 152; 665; 40; 0; 170; 45; 0; 0; 0; 55; 100; 0; 0; 0; 0; 0; 23; 650; 0; 0; 0; 30; 0; 0; 9999; 9999; 9999
1970;03; 180; 0; 100; 50; 100; 100; 0; 0; 100; 0; 0; 0; 500; 0; 0; 2200; 0; 200; 0; 0; 0; 0; 0; 0; 0; 0; 0; 0; 0; 0; 0
1970;04; 100; 0; 0; 20; 0; 0; 0; 0; 0; 0; 0; 0; 0; 0; 0; 0; 0; 0; 0; 0; 0; 0; 0; 0; 0; 0; 0; 50; 40; 0; 9999
1970;05; 0; 20; 50; 0; 140; 0; 300; 45; 0; 0; 0; 0; 0; 0; 0; 0; 0; 0; 0; 67; 23; 0; 0; 0; 0; 0; 0; 0; 0; 0; 0
1970;06; 0; 0; 0; 0; 0; 0; 45; 43; 84; 0; 0; 0; 0; 0; 42; 0; 0; 0; 400; 0; 0; 0; 303; 82; 0; 0; 32; 0; 20; 32; 9999
1970;07; 24; 0; 0; 0; 0; 0; 0; 0; 0; 0; 0; 15; 53; 10; 0; 0; 0; 0; 0; 0; 0; 0; 0; 0; 0; 0; 0; 0; 0; 0; 0
1970;08; 0; 0; 0; 0; 0; 0; 0; 0; 0; 0; 0; 0; 0; 0; 0; 0; 0; 0; 0; 0; 0; 0; 0; 0; 65; 48; 23; 263; 0; 45; 95
1970;09; 0; 0; 0; 0; 0; 0; 103; 0; 0; 0; 0; 0; 104; 0; 40; 30; 0; 0; 0; 143; 94; 42; 0; 0; 0; 0; 0; 0; 30; 0; 9999
1970;10; 0; 642; 49; 644; 0; 0; 0; 0; 643; 0; 0; 0; 146; 0; 0; 0; 0; 6; 0; 0; 0; 0; 0; 0; 0; 0; 0; 0; 0; 0; 0
1970;11; 0; 32; 0; 0; 0; 0; 0; 283; 0; 0; 0; 0; 0; 57; 0; 0; 0; 0; 0; 0; 0; 53; 0; 0; 0; 0; 0; 0; 55; 54; 9999
1970;12; 45; 0; 0; 0; 0; 0; 0; 0; 0; 530; 23; 0; 200; 55; 0; 0; 21; 0; 55; 0; 483; 0; 0; 0; 133; 0; 0; 0; 0; 67; 21
1971;01; 552; 0; 253; 354; 85; 53; 32; 113; 102; 124; 0; 0; 175; 0; 42; 0; 0; 0; 0; 0; 0; 0; 0; 0; 0; 0; 0; 0; 0; 0; 0
1971;02; 135; 253; 0; 0; 0; 0; 42; 0; 32; 21; 167; 70; 0; 27; 0; 0; 0; 0; 0; 0; 0; 283; 75; 0; 0; 265; 0; 0; 9999; 9999; 9999
1971;03; 0; 0; 0; 78; 97; 48; 285; 0; 0; 0; 53; 0; 232; 105; 0; 0; 185; 0; 0; 0; 0; 275; 0; 0; 0; 375; 0; 52; 0; 0; 0
1971;04; 0; 0; 0; 0; 0; 0; 0; 0; 0; 75; 0; 0; 0; 0; 0; 0; 65; 0; 0; 0; 32; 0; 263; 0; 0; 0; 0; 0; 0; 0; 9999
1971;05; 0; 0; 369; 0; 185; 0; 0; 0; 0; 0; 0; 0; 0; 0; 0; 0; 0; 0; 0; 0; 0; 0; 0; 0; 0; 253; 0; 0; 0; 0; 0
1971;06; 0; 0; 0; 0; 0; 0; 0; 0; 34; 0; 0; 27; 0; 0; 0; 367; 36; 0; 413; 366; 0; 0; 0; 0; 0; 0; 0; 0; 0; 0; 9999
1971;07; 68; 0; 0; 49; 0; 0; 0; 0; 0; 0; 0; 0; 0; 0; 0; 0; 0; 0; 0; 0; 0; 0; 0; 0; 0; 0; 0; 54; 0; 268; 0
1971;08; 0; 0; 0; 0; 0; 0; 0; 0; 0; 0; 192; 0; 0; 0; 0; 0; 0; 0; 0; 0; 0; 0; 0; 0; 0; 0; 0; 0; 0; 0; 0
1971;09; 0; 0; 0; 0; 0; 304; 0; 0; 0; 0; 0; 308; 0; 0; 0; 0; 0; 0; 0; 0; 0; 0; 0; 128; 296; 16; 434; 83; 0; 0; 9999
1971;10; 255; 36; 0; 5; 0; 0; 208; 0; 0; 0; 56; 214; 0; 0; 0; 0; 0; 0; 0; 0; 0; 0; 0; 0; 0; 54; 0; 0; 0; 0; 0
1971;11; 0; 112; 0; 0; 0; 0; 0; 0; 0; 10; 0; 0; 0; 0; 0; 0; 0; 0; 125; 0; 0; 0; 0; 0; 0; 0; 0; 0; 0; 44; 9999
1971;12; 82; 0; 0; 560; 0; 0; 0; 112; 78; 176; 0; 26; 172; 762; 0; 0; 0; 0; 0; 156; 0; 0; 179; 467; 66; 0; 0; 30; 0; 0; 0
1972;01; 0; 26; 0; 0; 14; 26; 286; 124; 22; 253; 0; 0; 44; 156; 72; 363; 0; 0; 0; 0; 0; 439; 929; 76; 0; 0; 133; 0; 0; 242; 0
1972;02; 93; 34; 0; 34; 14; 96; 97; 14; 416; 0; 34; 552; 379; 368; 14; 256; 136; 98; 42; 796; 162; 96; 76; 34; 0; 354; 0; 47; 0; 9999; 9999
1972;03; 0; 0; 0; 0; 30; 165; 0; 0; 636; 136; 26; 0; 0; 0; 0; 6; 0; 0; 265; 0; 0; 0; 0; 0; 0; 0; 0; 0; 0; 0; 74
1972;04; 0; 0; 394; 165; 0; 0; 0; 0; 0; 0; 0; 0; 0; 0; 14; 0; 0; 0; 0; 0; 0; 0; 0; 0; 0; 0; 16; 0; 0; 0; 9999
1972;05; 0; 0; 0; 0; 0; 0; 14; 368; 0; 0; 0; 0; 0; 0; 0; 0; 0; 0; 0; 0; 0; 0; 292; 87; 229; 0; 0; 0; 0; 0; 0
1972;06; 0; 0; 0; 0; 0; 0; 0; 0; 0; 0; 0; 0; 0; 0; 0; 0; 0; 0; 144; 0; 0; 0; 0; 0; 0; 0; 0; 0; 0; 0; 9999
1972;07; 0; 0; 0; 0; 0; 0; 0; 545; 0; 12; 0; 169; 376; 0; 175; 137; 0; 0; 0; 0; 0; 0; 0; 0; 0; 0; 119; 0; 0; 0; 0
1972;08; 0; 0; 0; 145; 36; 0; 0; 0; 0; 0; 0; 0; 164; 0; 0; 0; 0; 0; 0; 0; 0; 0; 92; 26; 0; 36; 0; 0; 36; 127; 0
1972;09; 0; 0; 0; 0; 0; 32; 0; 0; 0; 134; 0; 0; 0; 43; 0; 0; 0; 36; 0; 0; 0; 0; 104; 53; 64; 56; 0; 315; 0; 0; 9999
1972;10; 0; 244; 1537; 256; 322; 0; 0; 0; 0; 0; 761; 0; 0; 0; 144; 0; 0; 0; 0; 0; 0; 0; 0; 0; 0; 0; 0; 265; 34; 23; 62
1972;11; 0; 392; 0; 0; 0; 0; 0; 136; 0; 32; 22; 122; 0; 0; 8; 423; 222; 12; 102; 276; 222; 0; 0; 272; 0; 0; 0; 0; 0; 0; 9999
1972;12; 346; 129; 206; 26; 46; 0; 0; 0; 106; 0; 0; 20; 0; 0; 0; 0; 0; 0; 0; 0; 0; 89; 369; 477; 0; 0; 0; 0; 0; 265; 56
1973;01; 0; 0; 0; 0; 115; 15; 0; 0; 0; 0; 0; 0; 0; 135; 40; 10; 0; 0; 0; 293; 487; 307; 508; 151; 133; 375; 12; 0; 0; 0; 0
1973;02; 0; 0; 22; 0; 26; 163; 0; 0; 0; 0; 174; 65; 0; 86; 18; 42; 22; 96; 32; 0; 0; 0; 32; 0; 0; 0; 24; 0; 9999; 9999; 9999
1973;03; 0; 0; 0; 0; 26; 0; 0; 0; 132; 0; 0; 0; 0; 0; 0; 0; 0; 0; 0; 367; 12; 52; 14; 0; 0; 0; 0; 0; 0; 0; 4
1973;04; 0; 16; 0; 0; 0; 0; 0; 0; 0; 157; 0; 656; 0; 0; 0; 0; 0; 0; 267; 0; 0; 0; 0; 0; 0; 0; 16; 0; 0; 0; 9999
1973;05; 0; 0; 363; 196; 0; 0; 0; 0; 0; 22; 0; 13; 0; 0; 0; 0; 0; 0; 0; 0; 0; 387; 0; 0; 0; 0; 0; 0; 0; 0; 0
1973;06; 0; 0; 0; 0; 0; 0; 0; 0; 0; 94; 0; 0; 0; 0; 0; 0; 0; 194; 0; 0; 0; 0; 0; 0; 20; 0; 135; 0; 0; 0; 9999
1973;07; 0; 216; 380; 0; 0; 0; 0; 0; 0; 0; 0; 0; 0; 0; 0; 0; 0; 0; 0; 0; 0; 0; 0; 0; 0; 0; 0; 69; 0; 0; 0
1973;08; 0; 0; 0; 0; 51; 30; 0; 0; 0; 0; 0; 0; 0; 0; 0; 0; 0; 0; 0; 0; 0; 0; 0; 0; 0; 261; 68; 194; 14; 0; 0
1973;09; 0; 116; 0; 0; 0; 0; 0; 0; 0; 29; 10; 0; 15; 0; 0; 0; 0; 0; 0; 0; 35; 0; 0; 0; 67; 26; 116; 0; 0; 0; 9999
1973;10; 0; 0; 0; 0; 0; 0; 126; 0; 277; 104; 25; 136; 16; 0; 0; 0; 0; 50; 62; 0; 0; 0; 0; 18; 6; 0; 0; 0; 0; 0; 4
1973;11; 262; 4; 6; 0; 26; 0; 0; 0; 0; 0; 0; 0; 332; 0; 0; 0; 36; 546; 87; 0; 0; 0; 0; 0; 0; 0; 0; 0; 0; 0; 9999
1973;12; 52; 0; 13; 95; 398; 6; 126; 636; 16; 0; 0; 0; 0; 0; 0; 96; 17; 176; 0; 326; 42; 0; 54; 0; 166; 17; 396; 96; 57; 226; 236
1974;01; 223; 6; 0; 0; 0; 0; 97; 75; 224; 34; 116; 364; 0; 395; 391; 169; 692; 12; 13; 0; 0; 0; 13; 42; 113; 0; 0; 4; 0; 0; 34
1974;02; 238; 213; 12; 0; 0; 0; 0; 34; 97; 0; 0; 46; 0; 4; 116; 22; 0; 274; 0; 0; 0; 122; 0; 212; 12; 0; 0; 0; 9999; 9999; 9999
1974;03; 0; 12; 0; 6; 266; 0; 5; 2; 226; 26; 12; 6; 216; 297; 254; 95; 426; 262; 162; 174; 22; 34; 0; 0; 92; 0; 0; 24; 0; 0; 0
1974;04; 0; 26; 0; 0; 97; 0; 0; 0; 0; 0; 0; 0; 0; 0; 0; 0; 0; 0; 0; 0; 0; 0; 0; 6; 62; 126; 0; 0; 0; 0; 9999
1974;05; 0; 0; 0; 0; 0; 0; 0; 0; 0; 0; 0; 0; 22; 0; 0; 0; 0; 0; 506; 62; 0; 0; 0; 0; 0; 216; 62; 0; 0; 0; 0
1974;06; 0; 0; 172; 0; 4; 0; 0; 11; 0; 0; 21; 841; 9; 0; 0; 0; 0; 0; 119; 0; 0; 225; 0; 0; 412; 307; 0; 0; 0; 0; 9999
1974;07; 0; 0; 0; 0; 0; 0; 0; 0; 0; 0; 0; 0; 0; 0; 0; 0; 0; 0; 0; 12; 0; 0; 0; 0; 0; 0; 0; 0; 0; 0; 0
1974;08; 0; 0; 0; 0; 0; 0; 0; 0; 16; 0; 0; 0; 47; 0; 0; 0; 0; 24; 0; 0; 0; 0; 0; 0; 0; 0; 0; 25; 0; 66; 0
1974;09; 0; 0; 0; 0; 0; 0; 0; 0; 0; 0; 0; 0; 0; 0; 0; 0; 0; 0; 0; 0; 0; 0; 0; 0; 0; 0; 513; 0; 352; 0; 9999
1974;10; 0; 64; 0; 356; 0; 0; 0; 0; 16; 0; 0; 0; 0; 0; 0; 0; 126; 0; 12; 0; 0; 14; 0; 22; 364; 273; 28; 0; 267; 249; 0
1974;11; 0; 0; 0; 0; 0; 367; 0; 0; 0; 0; 0; 0; 522; 0; 0; 0; 0; 0; 0; 0; 267; 34; 0; 0; 0; 0; 0; 36; 0; 112; 9999
1974;12; 36; 262; 613; 114; 14; 12; 0; 0; 0; 0; 0; 0; 68; 96; 422; 21; 243; 324; 366; 0; 96; 322; 62; 43; 0; 0; 0; 216; 82; 462; 374
1975;01; 142; 23; 0; 0; 0; 0; 33; 0; 0; 0; 362; 64; 0; 32; 0; 23; 0; 0; 0; 0; 0; 0; 0; 0; 72; 0; 267; 0; 0; 0; 0
1975;02; 0; 0; 96; 45; 386; 97; 62; 573; 54; 212; 0; 0; 0; 0; 0; 0; 62; 243; 368; 0; 0; 16; 67; 244; 96; 0; 96; 62; 9999; 9999; 9999
1975;03; 0; 26; 167; 212; 0; 8; 22; 0; 312; 0; 0; 0; 0; 0; 0; 46; 0; 0; 0; 26; 262; 53; 0; 472; 8; 0; 0; 0; 0; 97; 2
1975;04; 0; 0; 0; 0; 0; 0; 0; 0; 0; 26; 134; 0; 0; 0; 382; 0; 0; 0; 0; 0; 0; 0; 0; 0; 0; 0; 0; 0; 0; 0; 9999
1975;05; 92; 0; 0; 0; 0; 72; 12; 0; 0; 0; 0; 0; 0; 0; 0; 0; 0; 0; 0; 0; 0; 0; 0; 0; 0; 0; 0; 0; 0; 0; 0
1975;06; 0; 0; 144; 9; 0; 0; 12; 0; 0; 0; 0; 0; 0; 0; 0; 0; 0; 0; 0; 0; 0; 0; 112; 62; 4; 0; 0; 0; 0; 0; 9999
1975;07; 0; 112; 0; 272; 0; 26; 0; 0; 0; 0; 0; 0; 0; 0; 0; 0; 236; 0; 0; 0; 0; 0; 0; 0; 0; 0; 0; 0; 0; 0; 0
1975;08; 0; 0; 0; 0; 0; 0; 0; 0; 0; 0; 0; 0; 0; 0; 0; 0; 0; 0; 0; 0; 0; 0; 0; 0; 0; 0; 0; 0; 0; 0; 0
1975;09; 0; 0; 0; 0; 0; 0; 0; 0; 0; 0; 0; 0; 0; 0; 0; 0; 0; 0; 0; 0; 0; 0; 0; 126; 0; 0; 62; 0; 0; 262; 9999
1975;10; 16; 27; 72; 226; 92; 196; 0; 166; 0; 0; 0; 62; 0; 6; 4; 0; 124; 392; 64; 0; 0; 0; 0; 0; 0; 0; 0; 0; 0; 0; 9
1975;11; 126; 32; 0; 0; 0; 0; 667; 0; 0; 146; 0; 96; 0; 0; 0; 0; 126; 446; 0; 0; 162; 0; 202; 0; 564; 126; 6; 0; 32; 145; 9999
1975;12; 592; 54; 0; 42; 0; 0; 0; 0; 0; 62; 0; 0; 62; 254; 0; 0; 0; 0; 4; 5; 0; 656; 0; 256; 145; 42; 0; 0; 126; 94; 0
1976;01; 242; 264; 4; 0; 376; 22; 142; 156; 97; 5; 0; 0; 25; 0; 0; 42; 0; 53; 0; 24; 15; 3; 0; 22; 0; 0; 14; 166; 0; 0; 56
1976;02; 26; 56; 527; 46; 0; 352; 236; 107; 414; 117; 0; 0; 0; 0; 0; 32; 43; 24; 6; 32; 63; 0; 0; 76; 0; 0; 16; 0; 0; 9999; 9999
1976;03; 0; 172; 12; 16; 0; 0; 0; 32; 0; 13; 0; 42; 0; 0; 0; 0; 0; 0; 2; 174; 452; 4; 0; 0; 4; 62; 5; 2; 0; 0; 0
1976;04; 0; 0; 0; 196; 0; 0; 0; 0; 0; 92; 356; 12; 3; 0; 218; 46; 0; 36; 0; 0; 23; 0; 32; 0; 0; 0; 0; 0; 0; 0; 9999
1976;05; 0; 0; 0; 0; 0; 0; 0; 0; 4; 133; 14; 5; 0; 0; 0; 0; 72; 24; 96; 42; 314; 0; 0; 0; 0; 0; 0; 96; 156; 4; 0
1976;06; 0; 0; 0; 6; 112; 856; 0; 0; 0; 0; 0; 0; 2; 4; 0; 0; 0; 0; 0; 0; 0; 0; 0; 0; 0; 0; 0; 0; 0; 0; 9999
1976;07; 51; 263; 364; 0; 0; 0; 4; 6; 366; 72; 0; 0; 0; 0; 0; 0; 0; 0; 0; 0; 0; 24; 0; 0; 0; 0; 0; 0; 0; 0; 0
1976;08; 0; 0; 0; 0; 5; 212; 0; 0; 0; 306; 6; 126; 312; 179; 0; 0; 0; 0; 372; 8; 0; 0; 0; 0; 0; 0; 0; 0; 0; 0; 0
1976;09; 0; 0; 0; 0; 66; 646; 162; 112; 0; 0; 0; 0; 36; 8; 36; 332; 0; 0; 0; 0; 0; 0; 22; 4; 0; 14; 346; 24; 0; 0; 9999
1976;10; 0; 0; 0; 0; 522; 0; 0; 0; 392; 92; 0; 0; 0; 0; 0; 0; 0; 64; 566; 0; 0; 0; 0; 0; 0; 12; 0; 0; 0; 0; 0
1976;11; 522; 0; 0; 12; 142; 193; 0; 0; 0; 0; 0; 0; 0; 32; 0; 3; 8; 0; 0; 525; 42; 0; 0; 0; 0; 9; 162; 0; 0; 0; 9999
1976;12; 364; 466; 0; 0; 12; 9; 0; 4; 39; 0; 0; 0; 66; 0; 0; 142; 214; 0; 2; 0; 26; 0; 356; 256; 132; 94; 6; 212; 0; 0; 0
1977;01; 0; 0; 0; 0; 142; 744; 456; 42; 231; 14; 0; 0; 42; 0; 4; 12; 112; 164; 56; 52; 0; 0; 0; 54; 0; 0; 214; 142; 0; 2; 12
1977;02; 267; 392; 143; 0; 4; 0; 64; 62; 0; 0; 0; 0; 0; 0; 0; 0; 0; 0; 0; 0; 0; 0; 66; 42; 0; 0; 0; 0; 9999; 9999; 9999
1977;03; 126; 22; 116; 0; 106; 0; 0; 0; 0; 0; 0; 0; 0; 0; 0; 18; 0; 0; 0; 6; 69; 0; 4; 0; 0; 0; 0; 0; 216; 22; 31
1977;04; 364; 0; 0; 0; 32; 0; 0; 0; 254; 112; 43; 0; 0; 0; 0; 0; 0; 62; 0; 92; 3; 0; 0; 0; 0; 0; 0; 0; 0; 0; 9999
1977;05; 0; 0; 144; 0; 0; 0; 0; 0; 0; 6; 0; 0; 0; 0; 0; 0; 24; 0; 0; 0; 0; 0; 0; 0; 0; 0; 0; 0; 0; 14; 0
1977;06; 8; 0; 0; 0; 6; 0; 0; 0; 0; 0; 0; 0; 0; 0; 46; 136; 6; 0; 0; 0; 46; 116; 6; 0; 0; 0; 0; 0; 0; 0; 9999
1977;07; 0; 0; 0; 0; 0; 0; 0; 0; 0; 0; 0; 0; 0; 0; 0; 26; 0; 12; 0; 0; 0; 0; 0; 0; 126; 0; 0; 0; 0; 0; 0
1977;08; 0; 0; 0; 0; 0; 0; 0; 0; 0; 0; 0; 0; 0; 0; 0; 0; 0; 0; 0; 0; 0; 0; 0; 0; 3; 0; 0; 0; 0; 42; 32
1977;09; 4; 0; 0; 0; 0; 0; 35; 136; 0; 0; 0; 0; 0; 0; 0; 0; 0; 56; 124; 0; 104; 0; 0; 21; 0; 0; 0; 0; 0; 0; 9999
1977;10; 0; 0; 166; 0; 0; 0; 0; 0; 0; 0; 0; 0; 0; 0; 0; 4; 226; 0; 0; 0; 0; 0; 0; 3; 0; 0; 16; 136; 0; 0; 0
1977;11; 54; 1042; 0; 126; 0; 0; 172; 0; 0; 0; 0; 56; 0; 0; 4; 0; 46; 0; 414; 4; 22; 0; 46; 24; 116; 35; 0; 346; 0; 22; 9999
1977;12; 18; 324; 1254; 72; 295; 172; 222; 62; 232; 4; 26; 0; 0; 0; 0; 0; 0; 0; 12; 56; 366; 272; 165; 0; 0; 0; 0; 0; 0; 0; 0
1978;01; 72; 66; 0; 0; 0; 7; 266; 0; 0; 466; 142; 0; 0; 0; 406; 6; 0; 562; 0; 0; 0; 0; 0; 0; 0; 0; 0; 0; 0; 0; 0
1978;02; 0; 0; 0; 0; 223; 0; 462; 0; 0; 0; 0; 92; 0; 0; 0; 0; 4; 3; 0; 12; 352; 572; 24; 0; 0; 44; 154; 4; 9999; 9999; 9999
1978;03; 0; 12; 616; 102; 0; 0; 0; 0; 0; 462; 312; 42; 52; 104; 0; 0; 0; 0; 0; 0; 0; 0; 0; 0; 0; 0; 0; 0; 44; 12; 0
1978;04; 14; 6; 0; 0; 0; 0; 0; 0; 0; 0; 0; 0; 0; 0; 0; 0; 0; 0; 0; 0; 0; 0; 0; 0; 0; 0; 0; 0; 0; 0; 9999
1978;05; 0; 0; 0; 0; 0; 0; 0; 0; 0; 0; 0; 0; 0; 0; 18; 34; 312; 146; 16; 0; 306; 8; 0; 0; 0; 4; 0; 0; 0; 25; 4
1978;06; 0; 0; 0; 0; 0; 0; 0; 4; 62; 0; 0; 0; 0; 0; 0; 0; 0; 0; 0; 0; 0; 0; 0; 0; 0; 0; 0; 0; 0; 0; 9999
1978;07; 0; 0; 0; 0; 0; 0; 0; 0; 0; 0; 0; 0; 0; 0; 0; 187; 0; 197; 0; 426; 276; 172; 0; 0; 0; 0; 0; 0; 0; 0; 0
1978;08; 0; 0; 0; 0; 0; 0; 0; 0; 0; 0; 0; 0; 0; 0; 0; 0; 0; 0; 0; 0; 0; 0; 0; 0; 0; 0; 0; 0; 0; 0; 0
1978;09; 62; 0; 0; 0; 176; 184; 0; 132; 42; 0; 0; 0; 0; 0; 126; 0; 92; 0; 0; 0; 0; 0; 0; 0; 0; 0; 0; 0; 0; 0; 9999
1978;10; 0; 0; 0; 0; 0; 0; 0; 0; 0; 0; 38; 0; 0; 0; 24; 0; 0; 0; 292; 0; 0; 0; 0; 0; 0; 0; 0; 104; 23; 162; 0
1978;11; 0; 0; 0; 183; 125; 14; 0; 0; 0; 0; 107; 174; 0; 0; 0; 0; 0; 0; 0; 0; 0; 136; 116; 26; 0; 0; 4; 258; 0; 0; 9999
1978;12; 0; 0; 6; 0; 0; 6; 4; 68; 6; 0; 0; 0; 0; 0; 93; 463; 2; 6; 0; 0; 0; 0; 0; 16; 136; 426; 462; 0; 0; 0; 0
1979;01; 42; 22; 154; 7; 232; 6; 0; 0; 0; 0; 0; 0; 0; 0; 0; 0; 0; 0; 0; 0; 0; 0; 0; 0; 0; 24; 0; 0; 0; 64; 0
1979;02; 0; 0; 0; 0; 0; 0; 0; 0; 0; 0; 122; 332; 124; 66; 0; 0; 0; 8; 0; 0; 0; 0; 14; 0; 0; 0; 52; 0; 9999; 9999; 9999
1979;03; 0; 62; 0; 0; 0; 0; 0; 174; 88; 0; 24; 164; 36; 86; 0; 0; 0; 0; 0; 0; 0; 0; 0; 66; 6; 0; 0; 0; 0; 0; 0
1979;04; 0; 6; 0; 64; 197; 41; 0; 0; 0; 0; 0; 0; 0; 0; 0; 0; 0; 0; 0; 0; 0; 0; 0; 0; 0; 0; 0; 0; 0; 126; 9999
1979;05; 0; 0; 0; 692; 56; 6; 96; 0; 56; 12; 0; 0; 0; 0; 32; 0; 0; 0; 0; 0; 0; 0; 0; 0; 0; 0; 0; 0; 0; 239; 0
1979;06; 0; 0; 0; 0; 0; 0; 0; 0; 0; 0; 0; 0; 0; 0; 0; 0; 0; 0; 0; 0; 0; 0; 0; 0; 0; 0; 0; 0; 0; 0; 9999
1979;07; 0; 0; 176; 22; 0; 36; 0; 0; 0; 32; 0; 0; 0; 0; 0; 4; 0; 0; 0; 162; 0; 0; 0; 0; 6; 242; 0; 0; 0; 0; 0
1979;08; 0; 0; 0; 0; 0; 0; 0; 0; 0; 0; 0; 0; 12; 0; 22; 0; 0; 312; 389; 0; 0; 0; 0; 0; 0; 24; 172; 0; 0; 0; 0
1979;09; 0; 6; 132; 0; 0; 0; 0; 0; 0; 32; 78; 0; 0; 377; 44; 162; 264; 136; 22; 0; 0; 0; 248; 6; 0; 0; 0; 0; 0; 0; 9999
1979;10; 242; 0; 22; 0; 0; 0; 96; 4; 74; 0; 0; 0; 0; 242; 168; 0; 0; 0; 0; 0; 0; 0; 0; 0; 0; 176; 216; 0; 0; 0; 76
1979;11; 0; 0; 0; 0; 0; 0; 0; 178; 196; 142; 54; 0; 0; 0; 0; 0; 0; 0; 62; 0; 0; 0; 336; 0; 103; 12; 0; 0; 0; 0; 9999
1979;12; 0; 36; 5; 0; 126; 0; 0; 0; 0; 0; 136; 372; 668; 116; 166; 576; 63; 0; 0; 0; 0; 46; 6; 0; 24; 304; 42; 0; 0; 0; 124
1980;01; 26; 0; 0; 0; 0; 16; 16; 69; 252; 512; 0; 12; 0; 0; 0; 0; 0; 0; 156; 0; 12; 36; 126; 162; 32; 402; 2; 22; 0; 0; 0
1980;02; 452; 24; 0; 0; 0; 0; 0; 0; 0; 322; 64; 56; 524; 0; 0; 0; 0; 168; 12; 0; 0; 0; 0; 32; 6; 133; 348; 973; 252; 9999; 9999
1980;03; 102; 0; 0; 15; 218; 0; 6; 4; 0; 12; 0; 0; 36; 54; 0; 426; 0; 0; 64; 0; 0; 0; 0; 0; 0; 0; 0; 0; 0; 16; 0
1980;04; 0; 0; 46; 16; 92; 34; 0; 0; 0; 64; 32; 0; 0; 372; 164; 0; 0; 0; 0; 0; 0; 0; 0; 0; 0; 0; 0; 0; 0; 0; 9999
1980;05; 0; 32; 1; 0; 0; 0; 0; 0; 0; 0; 421; 13; 0; 0; 0; 0; 0; 0; 0; 162; 0; 343; 1; 0; 0; 0; 0; 0; 0; 0; 0
1980;06; 0; 0; 43; 0; 0; 0; 0; 0; 0; 0; 0; 0; 0; 14; 0; 0; 0; 0; 0; 0; 0; 8; 0; 0; 32; 493; 118; 0; 0; 0; 9999
1980;07; 0; 37; 1; 0; 0; 0; 0; 0; 0; 0; 0; 0; 0; 0; 0; 0; 0; 0; 0; 0; 0; 0; 0; 0; 0; 0; 0; 0; 0; 0; 52
1980;08; 0; 0; 0; 0; 0; 76; 0; 0; 0; 0; 1; 0; 0; 0; 0; 0; 0; 0; 0; 0; 0; 0; 62; 0; 0; 0; 0; 0; 0; 0; 0
1980;09; 0; 0; 0; 0; 0; 0; 0; 0; 174; 0; 0; 0; 72; 58; 72; 68; 0; 75; 272; 92; 168; 112; 0; 0; 0; 0; 0; 56; 0; 0; 9999
1980;10; 0; 0; 0; 0; 0; 0; 0; 41; 19; 0; 355; 402; 14; 0; 0; 0; 0; 0; 0; 0; 0; 0; 78; 0; 0; 0; 0; 4; 0; 24; 12
1980;11; 0; 0; 0; 0; 196; 0; 92; 0; 192; 8; 24; 0; 0; 0; 0; 0; 0; 0; 0; 0; 0; 0; 116; 0; 0; 0; 0; 0; 492; 456; 9999
1980;12; 362; 856; 0; 72; 0; 0; 0; 0; 0; 0; 0; 14; 101; 0; 0; 0; 0; 0; 0; 0; 56; 34; 236; 54; 4; 84; 222; 33; 72; 64; 32
1981;01; 0; 0; 0; 4; 76; 6; 318; 0; 0; 0; 72; 22; 47; 38; 9999; 0; 0; 12; 66; 327; 552; 729; 82; 4; 2; 278; 0; 12; 0; 32; 0
1981;02; 14; 0; 0; 0; 346; 112; 18; 0; 0; 0; 0; 72; 157; 6; 0; 0; 0; 0; 0; 0; 334; 416; 24; 0; 0; 26; 0; 0; 9999; 9999; 9999
1981;03; 0; 0; 0; 0; 4; 0; 296; 356; 106; 0; 0; 142; 0; 0; 0; 0; 146; 0; 0; 4; 0; 0; 0; 0; 0; 0; 0; 139; 92; 0; 0
1981;04; 0; 0; 0; 0; 0; 0; 0; 0; 0; 0; 0; 0; 0; 0; 0; 694; 0; 0; 0; 0; 0; 0; 0; 289; 0; 0; 0; 1282; 6; 0; 9999
1981;05; 0; 0; 0; 0; 0; 0; 0; 0; 0; 0; 0; 0; 0; 0; 0; 0; 0; 0; 0; 0; 212; 0; 0; 0; 0; 0; 0; 0; 0; 0; 0
1981;06; 0; 0; 0; 38; 0; 236; 264; 8; 0; 0; 0; 0; 0; 12; 0; 446; 134; 0; 0; 0; 0; 0; 0; 0; 0; 0; 0; 0; 0; 0; 9999
1981;07; 0; 0; 32; 0; 0; 0; 0; 0; 0; 0; 0; 0; 0; 0; 0; 0; 0; 0; 5; 22; 0; 0; 0; 6; 4; 0; 0; 0; 0; 0; 0
1981;08; 0; 0; 0; 0; 0; 0; 0; 0; 38; 6; 0; 0; 0; 0; 0; 0; 0; 18; 0; 0; 0; 0; 0; 0; 0; 0; 0; 0; 0; 0; 0
1981;09; 0; 0; 0; 0; 0; 0; 0; 0; 0; 0; 0; 0; 0; 0; 0; 0; 0; 0; 0; 0; 0; 12; 0; 0; 0; 32; 0; 0; 0; 8; 9999
1981;10; 0; 0; 0; 266; 304; 78; 84; 6; 84; 0; 142; 0; 162; 0; 0; 126; 0; 0; 0; 222; 0; 0; 0; 0; 0; 0; 302; 296; 172; 0; 0
1981;11; 54; 0; 34; 37; 8; 0; 0; 0; 336; 317; 0; 0; 0; 0; 0; 0; 4; 0; 264; 26; 0; 4; 0; 0; 0; 0; 0; 0; 136; 12; 9999
1981;12; 242; 566; 8; 0; 12; 164; 372; 0; 22; 0; 0; 0; 0; 0; 223; 22; 0; 76; 0; 0; 562; 52; 1; 0; 0; 0; 132; 92; 0; 0; 0
1982;01; 72; 0; 0; 0; 0; 0; 0; 744; 0; 132; 114; 206; 0; 68; 0; 0; 0; 0; 0; 0; 0; 46; 152; 0; 0; 0; 0; 66; 36; 144; 0
1982;02; 16; 126; 236; 96; 414; 134; 92; 4; 6; 362; 24; 0; 0; 0; 0; 0; 132; 0; 94; 0; 0; 12; 96; 46; 492; 446; 0; 0; 9999; 9999; 9999
1982;03; 242; 24; 0; 0; 0; 0; 0; 0; 0; 64; 536; 814; 152; 0; 196; 12; 164; 354; 96; 0; 0; 696; 126; 0; 12; 0; 0; 0; 543; 0; 0
1982;04; 0; 0; 0; 0; 0; 0; 0; 0; 0; 0; 0; 0; 342; 0; 68; 0; 0; 0; 0; 0; 0; 0; 6; 0; 0; 0; 0; 0; 0; 0; 9999
1982;05; 0; 0; 0; 0; 0; 0; 0; 0; 0; 0; 0; 0; 0; 0; 0; 0; 0; 0; 10; 27; 0; 0; 53; 223; 337; 2; 1; 1; 1; 2; 64
1982;06; 0; 0; 0; 0; 7; 4; 0; 0; 0; 1; 180; 319; 212; 16; 0; 3; 1; 0; 0; 118; 14; 165; 156; 8; 281; 63; 0; 0; 57; 2; 9999
1982;07; 122; 1; 1; 0; 0; 0; 0; 0; 0; 0; 0; 0; 140; 0; 0; 0; 31; 340; 35; 1; 0; 0; 0; 0; 0; 0; 0; 0; 0; 12; 1
1982;08; 0; 0; 0; 55; 68; 0; 0; 0; 0; 1; 0; 0; 0; 0; 0; 0; 0; 0; 125; 0; 0; 0; 0; 0; 0; 0; 0; 0; 0; 0; 0
1982;09; 0; 0; 1; 0; 0; 3; 0; 0; 0; 0; 0; 0; 0; 0; 0; 0; 0; 0; 0; 0; 0; 0; 1; 0; 1; 0; 4; 29; 0; 0; 9999
1982;10; 0; 510; 14; 1; 7; 1; 1; 450; 169; 0; 110; 0; 565; 2; 0; 0; 0; 344; 0; 0; 0; 1; 0; 0; 0; 0; 0; 0; 0; 42; 0
1982;11; 0; 0; 0; 0; 0; 15; 52; 18; 0; 0; 3; 532; 0; 0; 0; 476; 224; 0; 0; 1; 137; 27; 65; 55; 0; 375; 165; 83; 219; 4; 9999
1982;12; 71; 423; 617; 0; 0; 94; 149; 4; 0; 0; 16; 234; 88; 190; 332; 235; 256; 210; 51; 253; 445; 24; 384; 3; 0; 0; 0; 0; 210; 9; 43
1983;01; 0; 5; 81; 0; 358; 11; 5; 121; 1; 0; 345; 3; 146; 5; 142; 109; 639; 81; 58; 55; 75; 0; 0; 0; 0; 0; 185; 0; 0; 31; 169
1983;02; 195; 0; 30; 0; 0; 0; 0; 390; 18; 45; 24; 0; 33; 2; 501; 0; 0; 0; 186; 55; 0; 0; 0; 13; 32; 0; 0; 49; 9999; 9999; 9999
1983;03; 9; 0; 6; 234; 192; 403; 8; 5; 13; 0; 0; 31; 262; 27; 0; 0; 1; 150; 15; 0; 0; 0; 0; 0; 0; 10; 44; 1; 0; 0; 0
1983;04; 0; 0; 0; 0; 0; 57; 209; 90; 2; 0; 0; 405; 0; 0; 0; 0; 0; 0; 0; 47; 10; 29; 0; 90; 79; 362; 3; 2; 3; 0; 9999
1983;05; 0; 0; 0; 0; 0; 0; 0; 0; 120; 0; 2; 47; 452; 120; 0; 0; 134; 27; 0; 327; 2; 0; 31; 353; 2; 0; 0; 1; 481; 632; 915
1983;06; 3; 19; 35; 75; 183; 173; 725; 20; 0; 75; 30; 0; 0; 7; 0; 0; 0; 0; 0; 0; 0; 0; 0; 0; 0; 0; 0; 0; 49; 83; 9999
1983;07; 0; 0; 0; 0; 0; 0; 0; 0; 0; 0; 0; 0; 0; 0; 0; 0; 58; 6; 3; 9; 0; 0; 5; 0; 0; 0; 0; 0; 0; 0; 0
1983;08; 0; 0; 0; 0; 0; 0; 0; 0; 0; 0; 0; 0; 0; 0; 0; 0; 0; 0; 0; 0; 0; 0; 0; 0; 0; 0; 0; 0; 0; 0; 0
1983;09; 0; 1; 45; 59; 145; 317; 607; 119; 2; 19; 63; 25; 1; 1; 0; 143; 180; 518; 452; 1; 0; 0; 0; 124; 69; 1; 0; 0; 0; 0; 9999
1983;10; 0; 37; 0; 0; 0; 0; 0; 0; 0; 0; 2; 0; 3; 167; 1; 0; 0; 20; 0; 0; 0; 333; 137; 21; 0; 0; 0; 0; 0; 2; 85
1983;11; 172; 163; 30; 496; 23; 0; 0; 0; 0; 5; 39; 193; 209; 1; 0; 0; 0; 0; 0; 160; 0; 205; 0; 0; 0; 0; 0; 0; 0; 0; 9999
1983;12; 39; 0; 0; 0; 0; 0; 97; 0; 0; 0; 3; 115; 14; 202; 39; 1; 0; 3; 41; 124; 119; 37; 36; 19; 0; 26; 142; 302; 45; 50; 35
1984;01; 3; 163; 0; 42; 10; 0; 0; 0; 0; 0; 0; 0; 0; 0; 0; 0; 0; 0; 0; 0; 137; 65; 0; 0; 20; 8; 310; 540; 498; 90; 7
1984;02; 0; 7; 0; 8; 26; 0; 57; 0; 0; 0; 0; 3; 0; 0; 16; 20; 14; 0; 0; 29; 0; 52; 0; 0; 53; 63; 0; 0; 0; 9999; 9999
1984;03; 0; 0; 0; 0; 6; 223; 222; 45; 1; 0; 0; 0; 0; 0; 0; 0; 0; 0; 59; 0; 58; 529; 1; 0; 0; 212; 412; 0; 29; 51; 2
1984;04; 0; 0; 0; 65; 82; 0; 0; 0; 0; 0; 0; 0; 0; 10; 738; 136; 0; 0; 0; 0; 0; 0; 0; 43; 156; 0; 0; 0; 0; 15; 9999
1984;05; 0; 93; 0; 0; 0; 0; 0; 0; 0; 0; 0; 95; 119; 6; 406; 2; 2; 2; 0; 0; 0; 0; 0; 0; 0; 0; 0; 0; 0; 2; 0
1984;06; 0; 0; 0; 0; 0; 0; 4; 0; 0; 0; 0; 0; 0; 0; 0; 0; 0; 0; 0; 0; 0; 0; 0; 0; 0; 0; 0; 0; 0; 0; 9999
1984;07; 0; 0; 0; 0; 0; 0; 0; 0; 0; 0; 0; 0; 0; 0; 0; 0; 0; 0; 0; 0; 0; 0; 0; 0; 0; 0; 0; 18; 0; 0; 0
1984;08; 0; 0; 278; 162; 0; 0; 0; 0; 0; 0; 0; 0; 0; 0; 0; 0; 0; 0; 0; 144; 84; 220; 10; 0; 65; 41; 0; 0; 0; 0; 0
1984;09; 0; 0; 0; 0; 0; 0; 0; 0; 225; 0; 0; 0; 0; 0; 0; 0; 51; 0; 0; 66; 413; 0; 0; 0; 0; 21; 121; 0; 0; 0; 9999
1984;10; 0; 0; 0; 0; 0; 0; 0; 0; 0; 0; 0; 0; 0; 0; 317; 0; 0; 79; 0; 0; 0; 0; 0; 0; 0; 0; 0; 0; 0; 0; 0
1984;11; 0; 0; 0; 0; 64; 0; 31; 0; 0; 86; 7; 296; 67; 0; 0; 0; 0; 13; 0; 70; 0; 0; 0; 0; 0; 0; 875; 0; 0; 0; 9999
1984;12; 0; 974; 25; 0; 0; 175; 12; 58; 0; 0; 0; 0; 198; 423; 881; 0; 30; 0; 0; 0; 0; 0; 0; 0; 0; 0; 0; 267; 21; 75; 132
1985;01; 0; 0; 0; 0; 0; 0; 394; 555; 237; 0; 0; 0; 0; 0; 0; 274; 27; 0; 0; 0; 13; 42; 148; 95; 107; 4; 2; 0; 0; 0; 0
1985;02; 0; 0; 0; 0; 96; 0; 0; 252; 0; 0; 17; 196; 3; 0; 0; 0; 0; 4; 0; 0; 145; 189; 72; 200; 82; 275; 36; 47; 9999; 9999; 9999
1985;03; 304; 29; 212; 123; 65; 258; 29; 0; 32; 0; 69; 0; 0; 0; 0; 576; 784; 40; 0; 0; 0; 52; 0; 0; 0; 0; 0; 25; 0; 0; 0
1985;04; 0; 0; 0; 0; 210; 112; 0; 2; 3; 21; 131; 0; 0; 0; 0; 301; 112; 221; 2; 0; 0; 0; 0; 0; 0; 0; 0; 0; 160; 175; 9999
1985;05; 0; 17; 0; 0; 0; 0; 0; 0; 0; 24; 0; 0; 1; 0; 0; 0; 0; 0; 0; 90; 47; 467; 1; 0; 0; 0; 0; 0; 1; 0; 20
1985;06; 0; 0; 157; 13; 1; 0; 0; 0; 0; 0; 0; 0; 0; 0; 0; 0; 0; 0; 0; 0; 0; 0; 0; 0; 0; 0; 0; 21; 0; 0; 9999
1985;07; 0; 30; 12; 0; 0; 116; 19; 12; 1; 0; 0; 10; 0; 0; 0; 1; 0; 0; 0; 0; 0; 0; 0; 0; 0; 0; 0; 0; 0; 0; 0
1985;08; 0; 0; 0; 0; 0; 0; 0; 0; 0; 0; 0; 0; 0; 0; 0; 0; 0; 0; 0; 0; 0; 60; 0; 0; 0; 0; 0; 0; 0; 0; 7
1985;09; 34; 34; 0; 154; 0; 0; 0; 0; 0; 0; 0; 0; 0; 0; 0; 0; 0; 0; 0; 0; 0; 0; 0; 0; 0; 0; 0; 0; 0; 0; 9999
1985;10; 0; 0; 0; 0; 0; 0; 0; 83; 0; 0; 0; 0; 0; 0; 0; 0; 0; 0; 27; 15; 0; 0; 0; 0; 26; 0; 0; 36; 15; 65; 0
1985;11; 0; 363; 276; 179; 20; 0; 0; 0; 0; 0; 0; 0; 0; 0; 0; 0; 0; 0; 0; 0; 100; 83; 0; 0; 0; 1; 27; 0; 0; 0; 9999
1985;12; 0; 0; 2; 215; 0; 0; 0; 0; 0; 0; 0; 0; 0; 0; 315; 0; 259; 0; 0; 0; 310; 230; 10; 197; 42; 10; 25; 0; 0; 0; 0
1986;01; 165; 0; 183; 0; 35; 0; 0; 0; 0; 0; 0; 85; 1; 345; 0; 0; 0; 0; 0; 0; 122; 630; 27; 0; 0; 0; 0; 0; 2; 87; 39
1986;02; 0; 0; 212; 0; 0; 0; 0; 0; 17; 561; 1; 2; 17; 121; 231; 571; 334; 25; 0; 291; 253; 85; 0; 0; 0; 0; 194; 3; 9999; 9999; 9999
1986;03; 125; 0; 0; 0; 0; 18; 365; 0; 0; 32; 20; 12; 292; 0; 0; 1; 0; 0; 148; 9999; 0; 0; 29; 0; 0; 0; 156; 0; 0; 25; 0
1986;04; 0; 0; 0; 0; 0; 0; 0; 0; 0; 0; 0; 0; 0; 0; 151; 20; 0; 0; 0; 0; 387; 78; 0; 0; 0; 0; 0; 0; 0; 0; 9999
1986;05; 0; 0; 0; 0; 0; 0; 0; 3; 6; 79; 44; 0; 297; 1; 0; 0; 0; 95; 151; 0; 13; 0; 0; 0; 1; 0; 271; 0; 0; 21; 448
1986;06; 0; 0; 0; 0; 0; 0; 0; 0; 0; 0; 0; 0; 0; 0; 0; 0; 0; 0; 0; 0; 0; 0; 0; 0; 0; 0; 0; 0; 0; 0; 9999
1986;07; 0; 0; 1; 2; 21; 0; 0; 1; 1; 1; 0; 0; 0; 0; 0; 0; 0; 0; 0; 0; 12; 0; 84; 18; 0; 0; 0; 0; 0; 0; 63
1986;08; 0; 0; 0; 0; 0; 0; 0; 0; 0; 0; 0; 40; 0; 63; 282; 293; 122; 1; 0; 5; 78; 478; 473; 4; 58; 0; 0; 0; 0; 0; 0
1986;09; 0; 0; 0; 0; 0; 0; 0; 0; 0; 0; 0; 0; 0; 0; 0; 0; 0; 0; 0; 75; 0; 0; 0; 0; 120; 30; 0; 165; 0; 0; 9999
1986;10; 0; 0; 0; 0; 0; 0; 0; 0; 0; 292; 14; 0; 0; 0; 0; 0; 0; 0; 38; 15; 74; 79; 0; 0; 0; 0; 0; 0; 0; 0; 0
1986;11; 0; 0; 360; 0; 0; 0; 252; 0; 0; 158; 0; 10; 0; 0; 0; 0; 0; 0; 0; 13; 51; 0; 0; 0; 0; 0; 0; 0; 292; 142; 9999
1986;12; 135; 381; 91; 392; 469; 10; 286; 44; 136; 289; 0; 0; 10; 1; 343; 5; 263; 140; 235; 0; 1; 2; 0; 0; 12; 0; 0; 0; 49; 0; 43
1987;01; 0; 1; 6; 0; 41; 277; 0; 0; 0; 0; 0; 0; 395; 7; 0; 0; 0; 0; 0; 0; 0; 0; 99; 57; 98; 99; 7; 0; 0; 19; 236
1987;02; 9; 60; 110; 31; 1; 197; 0; 0; 33; 125; 0; 0; 63; 2; 188; 73; 55; 458; 193; 0; 0; 0; 0; 0; 0; 0; 5; 0; 9999; 9999; 9999
1987;03; 19; 0; 0; 0; 0; 0; 0; 32; 2; 37; 0; 0; 0; 0; 0; 0; 0; 0; 50; 0; 0; 0; 0; 0; 0; 0; 81; 0; 5; 0; 0
1987;04; 0; 0; 373; 30; 0; 0; 0; 0; 0; 182; 256; 0; 0; 0; 0; 0; 0; 0; 0; 0; 67; 0; 0; 0; 0; 0; 0; 0; 0; 0; 9999
1987;05; 0; 0; 0; 0; 0; 224; 0; 0; 0; 0; 0; 89; 0; 0; 0; 275; 118; 172; 179; 69; 191; 82; 0; 11; 0; 0; 0; 0; 1; 0; 0
1987;06; 0; 0; 0; 0; 0; 0; 71; 0; 0; 0; 0; 0; 22; 217; 200; 180; 0; 0; 0; 0; 0; 0; 192; 0; 0; 0; 0; 0; 0; 0; 9999
1987;07; 0; 0; 0; 0; 0; 0; 0; 220; 0; 0; 0; 0; 0; 0; 0; 0; 0; 0; 0; 0; 0; 0; 0; 0; 0; 0; 0; 0; 0; 47; 0
1987;08; 0; 0; 0; 0; 0; 66; 0; 0; 0; 0; 0; 0; 0; 0; 0; 0; 0; 0; 0; 0; 0; 0; 0; 0; 0; 0; 0; 0; 0; 0; 130
1987;09; 0; 0; 13; 0; 0; 0; 38; 17; 0; 0; 34; 91; 0; 0; 0; 0; 0; 53; 0; 0; 0; 394; 49; 0; 0; 0; 0; 80; 0; 0; 9999
1987;10; 137; 429; 0; 0; 0; 195; 0; 0; 0; 0; 0; 0; 0; 9; 4; 0; 0; 0; 348; 160; 59; 0; 0; 1; 13; 243; 0; 0; 0; 0; 0
1987;11; 0; 0; 0; 0; 118; 603; 0; 5; 122; 0; 0; 0; 26; 542; 248; 0; 0; 0; 0; 0; 0; 0; 0; 253; 0; 0; 0; 0; 0; 0; 9999
1987;12; 125; 254; 145; 110; 57; 0; 0; 0; 249; 0; 0; 60; 510; 0; 0; 0; 385; 253; 0; 0; 0; 0; 0; 0; 0; 0; 80; 58; 57; 26; 9999
1988;01; 0; 0; 0; 0; 212; 458; 116; 311; 259; 35; 0; 0; 50; 34; 10; 0; 0; 39; 11; 0; 0; 312; 0; 0; 0; 165; 0; 161; 322; 0; 0
1988;02; 245; 0; 0; 0; 47; 0; 113; 50; 334; 0; 0; 0; 0; 0; 0; 10; 4; 0; 9; 0; 0; 0; 0; 0; 253; 52; 104; 30; 0; 9999; 9999
1988;03; 296; 36; 112; 540; 0; 32; 0; 0; 0; 0; 0; 0; 0; 0; 112; 409; 165; 272; 0; 0; 0; 0; 0; 0; 0; 0; 0; 0; 59; 0; 250
1988;04; 293; 0; 0; 43; 0; 0; 454; 0; 0; 0; 0; 146; 210; 0; 0; 0; 0; 0; 205; 0; 0; 0; 0; 0; 358; 0; 0; 0; 0; 0; 9999
1988;05; 0; 120; 50; 18; 0; 0; 0; 0; 0; 0; 0; 0; 140; 160; 0; 0; 125; 0; 0; 0; 0; 0; 25; 0; 0; 42; 0; 0; 120; 173; 0
1988;06; 0; 0; 230; 0; 0; 0; 0; 0; 0; 0; 0; 0; 0; 0; 0; 0; 0; 0; 0; 0; 0; 0; 0; 85; 0; 0; 0; 0; 0; 0; 9999
1988;07; 0; 0; 0; 0; 0; 0; 0; 0; 0; 0; 0; 0; 0; 0; 0; 0; 0; 0; 0; 0; 0; 0; 0; 0; 0; 0; 0; 0; 0; 0; 0
1988;08; 0; 0; 0; 0; 0; 0; 0; 0; 0; 0; 0; 0; 0; 0; 0; 0; 0; 0; 0; 0; 0; 0; 0; 0; 0; 0; 0; 0; 0; 0; 0
1988;09; 0; 0; 0; 0; 0; 0; 0; 0; 0; 0; 0; 0; 0; 167; 115; 125; 90; 0; 0; 0; 0; 0; 0; 0; 0; 0; 0; 0; 0; 0; 9999
1988;10; 0; 0; 0; 0; 0; 0; 0; 0; 0; 0; 450; 25; 0; 0; 0; 0; 0; 0; 385; 160; 0; 490; 0; 0; 0; 870; 49; 0; 778; 0; 315
1988;11; 37; 0; 0; 0; 0; 0; 0; 0; 0; 0; 0; 177; 10; 0; 0; 0; 0; 0; 325; 0; 55; 0; 0; 0; 0; 0; 0; 0; 0; 0; 9999
1988;12; 0; 0; 0; 0; 0; 0; 0; 0; 0; 0; 0; 0; 325; 295; 0; 0; 0; 0; 0; 33; 13; 0; 0; 95; 0; 0; 325; 185; 0; 475; 145
1989;01; 0; 0; 100; 0; 544; 180; 25; 50; 100; 145; 177; 27; 185; 300; 76; 0; 55; 0; 0; 475; 0; 303; 0; 50; 0; 280; 400; 125; 0; 75; 0
1989;02; 0; 0; 100; 0; 150; 40; 0; 0; 0; 176; 100; 15; 260; 90; 165; 60; 0; 0; 0; 165; 0; 56; 65; 90; 200; 0; 0; 50; 9999; 9999; 9999
1989;03; 0; 0; 0; 0; 0; 0; 0; 0; 0; 0; 0; 130; 120; 0; 0; 0; 0; 0; 140; 185; 330; 0; 0; 0; 125; 65; 0; 0; 0; 215; 0
1989;04; 0; 0; 98; 0; 0; 0; 0; 0; 0; 0; 0; 0; 0; 0; 0; 0; 0; 0; 0; 0; 0; 0; 0; 0; 0; 0; 0; 0; 0; 49; 9999
1989;05; 155; 0; 130; 10; 0; 0; 0; 0; 0; 0; 0; 0; 0; 0; 0; 0; 0; 0; 0; 0; 0; 0; 0; 0; 0; 0; 0; 0; 25; 0; 0
1989;06; 0; 0; 0; 0; 0; 0; 35; 0; 0; 0; 110; 0; 0; 0; 150; 0; 0; 0; 0; 0; 0; 0; 0; 200; 0; 0; 100; 0; 0; 0; 9999
1989;07; 0; 0; 0; 0; 0; 0; 0; 0; 0; 0; 0; 0; 0; 0; 0; 0; 0; 0; 0; 0; 0; 0; 0; 0; 0; 0; 0; 0; 140; 10; 0
1989;08; 0; 0; 0; 0; 0; 0; 0; 0; 0; 0; 0; 0; 0; 0; 0; 0; 0; 0; 0; 140; 12; 0; 0; 0; 125; 0; 0; 0; 0; 0; 340
1989;09; 10; 0; 0; 15; 10; 250; 0; 0; 20; 50; 0; 24; 70; 0; 0; 0; 0; 0; 0; 0; 0; 0; 0; 0; 0; 0; 0; 0; 0; 0; 9999
1989;10; 0; 0; 0; 0; 0; 0; 0; 0; 0; 0; 100; 0; 0; 0; 130; 0; 0; 0; 0; 0; 0; 0; 20; 0; 0; 0; 0; 10; 0; 0; 0
1989;11; 0; 0; 15; 0; 0; 0; 0; 25; 15; 9999; 9999; 9999; 9999; 375; 9999; 9999; 9999; 9999; 9999; 9999; 9999; 9999; 9999; 9999; 9999; 9999; 9999; 9999; 9999; 9999; 9999
1989;12; 9999; 9999; 9999; 9999; 9999; 9999; 9999; 9999; 9999; 9999; 9999; 9999; 9999; 3551; 2; 0; 0; 1; 458; 10; 0; 0; 0; 0; 0; 3; 100; 154; 493; 322; 177
1990;01; 114; 239; 206; 2; 0; 279; 744; 13; 622; 498; 424; 69; 108; 0; 48; 17; 0; 0; 16; 0; 0; 0; 142; 0; 0; 0; 0; 0; 4; 0; 0
1990;02; 0; 1; 0; 0; 0; 57; 186; 0; 11; 398; 8; 184; 0; 0; 0; 0; 0; 0; 0; 0; 0; 0; 52; 12; 148; 46; 0; 0; 9999; 9999; 9999
1990;03; 0; 106; 0; 0; 0; 0; 341; 0; 0; 0; 0; 0; 0; 0; 0; 15; 0; 20; 16; 103; 604; 378; 35; 0; 89; 0; 242; 49; 0; 4; 0
1990;04; 0; 0; 0; 0; 0; 0; 0; 0; 0; 0; 0; 0; 0; 0; 0; 37; 42; 94; 442; 2; 0; 0; 0; 0; 0; 0; 0; 0; 0; 63; 9999
1990;05; 313; 0; 0; 0; 0; 0; 0; 0; 0; 0; 130; 16; 0; 0; 0; 52; 15; 40; 0; 0; 0; 0; 0; 0; 0; 0; 0; 0; 0; 0; 0
1990;06; 0; 0; 0; 0; 0; 0; 0; 0; 0; 0; 0; 0; 0; 0; 12; 0; 0; 0; 0; 0; 43; 0; 0; 0; 0; 9; 0; 0; 0; 0; 9999
1990;07; 0; 0; 0; 0; 0; 0; 0; 0; 0; 121; 0; 0; 0; 0; 0; 0; 390; 0; 9; 39; 0; 23; 0; 0; 0; 0; 0; 9999; 9999; 9999; 9999
1990;08; 9999; 9999; 9999; 9999; 9999; 9999; 9999; 9999; 9999; 9999; 9999; 9999; 9999; 9999; 9999; 9999; 9999; 9999; 9999; 9999; 9999; 9999; 9999; 9999; 9999; 9999; 9999; 9999; 9999; 9999; 9999
1990;09; 9999; 9999; 9999; 9999; 9999; 9999; 9999; 9999; 9999; 9999; 9999; 9999; 9999; 9999; 9999; 9999; 9999; 9999; 0; 0; 0; 71; 273; 84; 0; 0; 0; 0; 227; 0; 9999
1990;10; 164; 0; 0; 0; 0; 0; 0; 0; 0; 0; 0; 0; 292; 0; 0; 62; 0; 304; 0; 0; 0; 0; 0; 0; 0; 0; 0; 0; 0; 0; 0
1990;11; 0; 0; 0; 0; 1259; 0; 0; 0; 0; 0; 0; 0; 0; 0; 0; 0; 0; 0; 0; 0; 0; 0; 258; 0; 0; 0; 0; 0; 0; 0; 9999
1990;12; 0; 0; 0; 0; 0; 0; 303; 0; 504; 0; 0; 0; 98; 635; 0; 0; 0; 418; 9999; 9999; 9999; 9999; 9999; 9999; 9999; 9999; 9999; 9999; 9999; 9999; 9999
1991;01; 0; 0; 0; 0; 103; 0; 0; 0; 0; 357; 344; 0; 0; 698; 588; 0; 0; 0; 0; 0; 0; 0; 0; 0; 0; 0; 674; 0; 0; 757; 259
1991;02; 156; 409; 228; 0; 0; 308; 724; 758; 56; 123; 84; 242; 0; 0; 0; 0; 0; 0; 0; 0; 0; 0; 0; 0; 0; 0; 0; 0; 9999; 9999; 9999
1991;03; 302; 152; 45; 0; 0; 622; 205; 0; 0; 0; 3; 0; 325; 0; 0; 0; 0; 100; 0; 100; 42; 0; 0; 0; 0; 0; 0; 0; 0; 0; 0
1991;04; 0; 0; 0; 0; 0; 0; 0; 0; 0; 0; 82; 0; 0; 0; 0; 0; 0; 0; 942; 0; 0; 0; 0; 0; 0; 262; 0; 0; 0; 0; 9999
1991;05; 0; 0; 0; 0; 0; 0; 0; 0; 0; 0; 0; 0; 0; 0; 652; 0; 0; 0; 0; 0; 0; 0; 0; 0; 0; 0; 0; 0; 0; 0; 0
1991;06; 0; 0; 0; 0; 0; 0; 0; 0; 0; 0; 0; 0; 0; 0; 0; 0; 0; 0; 92; 0; 0; 632; 0; 0; 0; 0; 0; 0; 0; 0; 9999
1991;07; 0; 0; 0; 0; 0; 0; 0; 0; 0; 0; 0; 0; 0; 69; 0; 0; 0; 108; 0; 0; 0; 0; 0; 0; 0; 0; 0; 0; 0; 309; 0
1991;08; 0; 0; 0; 0; 268; 0; 0; 0; 0; 0; 0; 0; 0; 0; 0; 0; 0; 0; 0; 0; 0; 0; 0; 0; 0; 0; 0; 0; 0; 0; 0
1991;09; 0; 0; 0; 0; 0; 0; 0; 0; 0; 0; 0; 0; 0; 0; 0; 0; 0; 0; 0; 0; 0; 0; 0; 0; 0; 114; 0; 0; 0; 426; 9999
1991;10; 0; 456; 0; 0; 0; 0; 0; 0; 0; 0; 0; 0; 0; 0; 0; 0; 0; 0; 0; 0; 0; 0; 0; 0; 0; 0; 0; 0; 0; 395; 0
1991;11; 203; 0; 0; 0; 0; 0; 0; 0; 0; 0; 175; 0; 297; 302; 0; 0; 0; 0; 0; 0; 0; 0; 0; 0; 0; 0; 0; 0; 83; 0; 9999
1991;12; 0; 0; 0; 0; 0; 200; 0; 0; 0; 562; 0; 0; 0; 0; 160; 9999; 250; 1350; 0; 0; 0; 0; 0; 0; 0; 0; 0; 100; 0; 0; 0
1992;01; 0; 0; 0; 700; 0; 0; 0; 0; 0; 0; 0; 0; 0; 0; 0; 0; 0; 0; 0; 0; 0; 0; 0; 0; 0; 0; 0; 0; 0; 802; 756
1992;02; 109; 0; 0; 0; 0; 0; 0; 0; 0; 0; 58; 0; 0; 0; 0; 0; 0; 0; 0; 0; 0; 0; 0; 0; 9999; 9999; 9999; 9999; 9999; 9999; 9999
1992;03; 9999; 9999; 9999; 9999; 9999; 9999; 9999; 9999; 9999; 9999; 9999; 9999; 9999; 9999; 9999; 9999; 9999; 9999; 9999; 9999; 9999; 9999; 9999; 9999; 9999; 9999; 9999; 9999; 9999; 9999; 9999
1992;04; 9999; 9999; 9999; 9999; 9999; 9999; 9999; 9999; 9999; 9999; 9999; 9999; 9999; 9999; 9999; 9999; 0; 0; 607; 0; 0; 0; 205; 0; 408; 0; 0; 0; 60; 0; 9999
1992;05; 50; 0; 706; 0; 105; 0; 0; 0; 0; 0; 0; 50; 407; 0; 0; 0; 0; 60; 0; 0; 0; 306; 0; 0; 0; 0; 0; 0; 0; 0; 0
1992;06; 0; 0; 0; 0; 0; 0; 0; 0; 0; 0; 0; 0; 0; 0; 0; 0; 0; 0; 0; 0; 0; 0; 0; 0; 0; 0; 0; 0; 0; 0; 9999
1992;07; 0; 0; 0; 0; 0; 0; 196; 0; 0; 0; 0; 0; 0; 0; 0; 0; 0; 0; 0; 0; 0; 0; 0; 0; 0; 0; 0; 0; 0; 0; 0
1992;08; 0; 0; 0; 0; 0; 0; 0; 0; 0; 0; 0; 0; 0; 0; 0; 0; 0; 0; 0; 0; 0; 89; 25; 0; 0; 0; 0; 0; 0; 0; 50
1992;09; 0; 120; 0; 0; 250; 350; 0; 0; 0; 0; 0; 69; 0; 500; 108; 0; 600; 130; 0; 0; 0; 0; 0; 0; 133; 0; 0; 0; 0; 0; 9999
1992;10; 301; 0; 0; 0; 0; 0; 0; 0; 0; 0; 425; 151; 0; 0; 0; 0; 0; 0; 0; 0; 0; 0; 0; 0; 0; 115; 0; 615; 0; 0; 0
1992;11; 0; 0; 135; 0; 0; 0; 0; 0; 0; 0; 0; 0; 362; 0; 0; 0; 0; 0; 0; 0; 0; 0; 0; 592; 702; 9999; 9999; 9999; 9999; 9999; 9999
1992;12; 9999; 9999; 9999; 9999; 9999; 9999; 9999; 9999; 9999; 9999; 9999; 9999; 9999; 9999; 9999; 9999; 0; 463; 0; 0; 0; 0; 0; 0; 0; 9; 31; 0; 0; 0; 0
1993;01; 0; 0; 0; 0; 36; 0; 6; 0; 258; 149; 191; 96; 19; 233; 0; 0; 0; 158; 0; 0; 177; 0; 0; 0; 331; 102; 11; 0; 0; 0; 25
1993;02; 125; 0; 19; 17; 0; 410; 225; 156; 513; 58; 52; 0; 0; 78; 85; 0; 318; 131; 279; 97; 28; 259; 459; 0; 0; 0; 0; 0; 9999; 9999; 9999
1993;03; 0; 0; 0; 0; 87; 0; 0; 0; 0; 0; 0; 0; 0; 0; 89; 59; 0; 170; 270; 71; 11; 0; 331; 179; 0; 0; 0; 0; 397; 12; 111
1993;04; 477; 75; 0; 0; 0; 0; 0; 301; 0; 0; 0; 0; 0; 0; 0; 0; 0; 0; 0; 0; 0; 0; 151; 0; 0; 0; 0; 0; 0; 0; 9999
1993;05; 0; 0; 0; 0; 45; 0; 0; 0; 0; 0; 0; 0; 0; 101; 30; 0; 0; 0; 0; 0; 0; 0; 0; 0; 0; 0; 0; 0; 0; 255; 0
1993;06; 0; 0; 0; 325; 25; 0; 0; 0; 0; 0; 255; 12; 0; 0; 0; 0; 0; 94; 8; 0; 0; 0; 0; 0; 0; 0; 0; 0; 0; 0; 9999
1993;07; 0; 0; 0; 0; 0; 0; 0; 0; 0; 0; 0; 0; 0; 35; 8; 0; 0; 0; 0; 0; 0; 0; 0; 0; 0; 0; 0; 0; 0; 0; 21
1993;08; 0; 0; 0; 0; 0; 0; 0; 0; 0; 11; 0; 0; 0; 0; 0; 81; 0; 0; 51; 0; 0; 0; 80; 121; 678; 0; 0; 0; 0; 0; 0
1993;09; 0; 0; 0; 0; 0; 0; 0; 110; 0; 32; 0; 0; 0; 54; 61; 0; 0; 0; 0; 0; 0; 29; 145; 250; 0; 0; 0; 0; 0; 0; 9999
1993;10; 70; 250; 0; 0; 0; 0; 0; 0; 0; 0; 0; 0; 0; 0; 0; 0; 0; 0; 0; 0; 0; 0; 231; 0; 0; 203; 0; 0; 0; 0; 0
1993;11; 60; 0; 0; 0; 0; 0; 370; 0; 0; 0; 0; 0; 0; 0; 0; 0; 0; 68; 59; 0; 0; 0; 0; 27; 0; 0; 0; 0; 0; 0; 9999
1993;12; 0; 0; 0; 0; 0; 0; 0; 358; 450; 735; 123; 12; 0; 0; 0; 67; 130; 41; 0; 0; 0; 0; 0; 0; 18; 136; 0; 95; 462; 125; 0
1994;01; 13; 0; 0; 0; 0; 0; 23; 65; 201; 0; 0; 0; 0; 0; 80; 0; 0; 395; 85; 0; 130; 25; 209; 185; 130; 0; 432; 940; 240; 0; 0
1994;02; 0; 0; 0; 0; 89; 86; 0; 0; 0; 0; 0; 532; 238; 0; 20; 91; 0; 0; 0; 98; 32; 0; 0; 0; 0; 69; 0; 115; 9999; 9999; 9999
1994;03; 0; 132; 93; 0; 0; 0; 0; 95; 0; 85; 0; 350; 0; 0; 0; 0; 0; 0; 0; 67; 85; 0; 0; 35; 15; 0; 0; 0; 0; 0; 117
1994;04; 152; 19; 0; 0; 0; 0; 267; 0; 0; 0; 0; 0; 0; 0; 0; 0; 0; 231; 353; 0; 0; 86; 0; 0; 0; 0; 0; 0; 0; 0; 9999
1994;05; 0; 0; 0; 0; 0; 0; 0; 0; 0; 0; 0; 0; 77; 0; 0; 0; 0; 0; 0; 0; 0; 0; 0; 0; 156; 0; 135; 0; 0; 0; 0
1994;06; 225; 0; 0; 0; 50; 0; 0; 0; 75; 0; 0; 0; 0; 0; 0; 0; 0; 0; 0; 0; 145; 60; 20; 0; 92; 0; 0; 0; 0; 0; 9999
1994;07; 0; 0; 0; 0; 0; 0; 0; 36; 0; 0; 0; 0; 0; 0; 0; 0; 0; 0; 0; 0; 0; 0; 59; 0; 0; 0; 0; 0; 0; 0; 0
1994;08; 0; 0; 0; 0; 0; 0; 0; 0; 0; 0; 0; 0; 0; 0; 0; 0; 0; 0; 0; 0; 0; 0; 0; 0; 0; 0; 0; 0; 0; 0; 0
1994;09; 0; 0; 0; 0; 0; 0; 0; 0; 0; 0; 0; 0; 0; 0; 99; 0; 0; 0; 0; 0; 0; 0; 0; 0; 0; 0; 0; 0; 0; 112; 9999
1994;10; 0; 0; 0; 200; 0; 0; 0; 0; 0; 0; 0; 0; 0; 0; 0; 0; 0; 0; 0; 0; 0; 12; 0; 0; 240; 0; 221; 31; 120; 0; 0
1994;11; 0; 63; 0; 0; 0; 0; 0; 0; 9999; 9999; 0; 0; 383; 0; 0; 0; 0; 96; 645; 0; 0; 0; 0; 0; 0; 0; 0; 65; 250; 0; 9999
1994;12; 0; 0; 0; 0; 0; 101; 290; 0; 0; 0; 0; 66; 0; 0; 45; 0; 87; 0; 0; 0; 0; 84; 175; 0; 0; 0; 0; 100; 10; 35; 125
1995;01; 135; 105; 25; 750; 300; 10; 395; 0; 372; 50; 150; 110; 0; 0; 0; 0; 0; 0; 10; 0; 138; 0; 0; 0; 0; 0; 0; 0; 0; 190; 192
1995;02; 0; 70; 60; 200; 125; 46; 100; 42; 0; 10; 0; 0; 1082; 55; 372; 108; 0; 102; 117; 262; 240; 0; 0; 0; 0; 0; 0; 0; 9999; 9999; 9999
1995;03; 0; 0; 0; 0; 0; 253; 0; 0; 0; 263; 0; 0; 0; 0; 0; 0; 0; 0; 0; 0; 0; 0; 0; 125; 0; 0; 0; 0; 98; 82; 521
1995;04; 0; 0; 0; 0; 0; 0; 0; 0; 322; 0; 0; 0; 0; 0; 0; 0; 0; 0; 125; 0; 0; 0; 0; 0; 0; 0; 0; 0; 0; 0; 9999
1995;05; 0; 0; 0; 0; 0; 0; 51; 0; 0; 205; 124; 0; 0; 0; 0; 0; 0; 0; 0; 0; 0; 0; 0; 0; 0; 0; 0; 0; 0; 0; 0
1995;06; 0; 0; 0; 0; 0; 0; 0; 0; 0; 0; 0; 0; 0; 0; 0; 0; 0; 328; 20; 0; 0; 0; 20; 0; 51; 0; 0; 0; 210; 0; 9999
1995;07; 0; 0; 0; 0; 0; 0; 0; 0; 141; 0; 0; 0; 0; 0; 0; 0; 0; 0; 0; 0; 70; 0; 0; 0; 0; 0; 0; 0; 0; 0; 0
1995;08; 0; 0; 0; 0; 0; 0; 0; 0; 0; 0; 0; 0; 0; 0; 0; 0; 0; 0; 0; 0; 0; 0; 0; 0; 0; 0; 0; 0; 0; 0; 0
1995;09; 0; 0; 0; 0; 0; 0; 0; 0; 0; 0; 0; 0; 0; 0; 0; 0; 0; 0; 109; 131; 0; 0; 0; 0; 250; 0; 71; 150; 0; 0; 9999
1995;10; 0; 0; 0; 0; 0; 180; 0; 145; 0; 0; 0; 0; 0; 510; 0; 290; 431; 0; 0; 975; 64; 0; 0; 0; 0; 0; 0; 0; 0; 65; 0
1995;11; 0; 0; 0; 0; 0; 0; 0; 0; 0; 0; 0; 177; 0; 0; 0; 134; 0; 0; 0; 0; 0; 0; 0; 0; 0; 0; 0; 0; 0; 0; 9999
1995;12; 0; 0; 0; 172; 0; 0; 0; 0; 0; 0; 0; 95; 239; 0; 0; 0; 0; 0; 170; 69; 0; 0; 0; 180; 89; 221; 175; 73; 0; 0; 0
1996;01; 0; 0; 0; 100; 290; 151; 100; 149; 76; 85; 0; 87; 40; 45; 0; 0; 0; 0; 295; 0; 350; 50; 57; 0; 0; 0; 0; 105; 0; 0; 0
1996;02; 0; 35; 0; 200; 0; 0; 152; 45; 0; 0; 0; 98; 0; 0; 0; 0; 0; 0; 0; 35; 0; 0; 0; 0; 30; 0; 335; 0; 280; 9999; 9999
1996;03; 221; 10; 0; 52; 0; 0; 115; 0; 10; 15; 0; 0; 0; 0; 28; 32; 0; 0; 0; 171; 0; 0; 0; 0; 0; 0; 0; 72; 0; 0; 0
1996;04; 70; 0; 0; 0; 0; 0; 0; 0; 0; 0; 130; 44; 0; 63; 68; 75; 0; 0; 0; 0; 0; 0; 0; 0; 0; 0; 0; 0; 0; 0; 9999
1996;05; 0; 0; 0; 0; 0; 0; 0; 0; 0; 50; 0; 0; 0; 0; 0; 21; 0; 109; 0; 0; 0; 0; 186; 0; 23; 0; 0; 0; 0; 0; 0
1996;06; 0; 0; 0; 0; 0; 0; 0; 0; 0; 0; 0; 0; 0; 0; 0; 0; 0; 0; 0; 0; 0; 0; 0; 0; 0; 0; 20; 12; 0; 0; 9999
1996;07; 0; 0; 0; 0; 0; 0; 0; 0; 0; 0; 0; 0; 0; 0; 0; 0; 0; 0; 0; 0; 0; 0; 0; 0; 0; 0; 0; 0; 0; 0; 0
1996;08; 0; 0; 0; 0; 0; 0; 0; 0; 0; 177; 0; 0; 0; 0; 0; 115; 0; 0; 0; 0; 0; 0; 0; 0; 0; 0; 0; 0; 0; 0; 102
1996;09; 0; 0; 92; 135; 13; 50; 0; 0; 665; 135; 75; 0; 0; 0; 0; 0; 0; 0; 0; 0; 0; 0; 0; 0; 112; 0; 0; 0; 0; 0; 9999
1996;10; 0; 0; 130; 0; 0; 0; 0; 0; 0; 0; 65; 0; 170; 135; 0; 0; 0; 0; 0; 112; 60; 0; 0; 0; 229; 411; 12; 0; 0; 0; 0
1996;11; 136; 0; 178; 374; 0; 0; 0; 0; 0; 0; 0; 0; 0; 412; 0; 377; 75; 0; 0; 322; 47; 0; 0; 0; 0; 0; 0; 0; 0; 0; 9999
1996;12; 0; 0; 50; 54; 427; 15; 0; 20; 0; 0; 0; 285; 40; 0; 0; 415; 0; 0; 0; 105; 53; 31; 0; 0; 0; 0; 0; 20; 275; 0; 0
1997;01; 0; 0; 0; 0; 0; 410; 0; 522; 325; 151; 240; 124; 72; 15; 20; 0; 52; 0; 75; 205; 161; 181; 241; 135; 581; 262; 20; 46; 51; 0; 0
1997;02; 0; 75; 350; 0; 0; 0; 0; 0; 0; 67; 259; 0; 0; 0; 264; 0; 10; 21; 0; 0; 60; 0; 0; 0; 0; 0; 0; 0; 9999; 9999; 9999
1997;03; 0; 0; 265; 0; 0; 0; 0; 0; 0; 0; 0; 0; 0; 69; 76; 23; 0; 0; 0; 0; 0; 0; 0; 0; 0; 0; 0; 0; 0; 0; 20
1997;04; 232; 0; 0; 0; 0; 0; 0; 0; 0; 0; 0; 0; 0; 0; 0; 0; 192; 11; 55; 155; 51; 0; 0; 0; 0; 31; 0; 0; 0; 0; 9999
1997;05; 0; 0; 0; 0; 0; 0; 0; 0; 0; 0; 0; 0; 0; 0; 45; 120; 0; 0; 0; 0; 0; 196; 192; 0; 0; 0; 0; 27; 0; 0; 0
1997;06; 0; 0; 0; 250; 655; 0; 0; 0; 0; 0; 0; 235; 0; 224; 23; 0; 0; 0; 0; 0; 15; 0; 0; 0; 0; 0; 0; 0; 0; 0; 9999
1997;07; 0; 0; 0; 0; 0; 0; 0; 0; 0; 0; 0; 0; 0; 0; 0; 0; 0; 0; 0; 0; 250; 0; 0; 0; 0; 0; 0; 0; 0; 0; 0
1997;08; 0; 0; 0; 0; 0; 0; 0; 0; 0; 0; 0; 0; 0; 0; 0; 0; 0; 0; 0; 0; 0; 0; 0; 145; 0; 0; 0; 0; 0; 0; 0
1997;09; 0; 0; 0; 0; 0; 0; 0; 0; 0; 0; 0; 0; 0; 32; 200; 0; 0; 0; 0; 0; 188; 0; 0; 0; 0; 182; 0; 0; 0; 42; 9999
1997;10; 252; 31; 0; 0; 0; 153; 0; 0; 0; 0; 0; 0; 0; 0; 0; 172; 0; 0; 0; 375; 0; 0; 0; 0; 0; 135; 201; 0; 0; 0; 0
1997;11; 0; 0; 0; 0; 0; 0; 0; 0; 0; 0; 0; 0; 35; 132; 375; 12; 240; 329; 148; 0; 0; 0; 0; 0; 0; 0; 447; 145; 0; 0; 9999
1997;12; 72; 0; 0; 0; 0; 0; 0; 82; 204; 0; 0; 0; 0; 0; 0; 0; 0; 0; 0; 0; 0; 0; 0; 0; 0; 0; 0; 0; 231; 0; 0
