33
Ano,Mes,1,2,3,4,5,6,7,8,9,10,11,12,13,14,15,16,17,18,19,20,21,22,23,24,25,26,27,28,29,30,31
1959;10; 0; 0; 0; 0; 0; 0; 0; 0; 0; 0; 0; 0; 72; 0; 13; 0; 0; 0; 85; 73; 5; 29; 0; 0; 0; 0; 0; 0; 64; 21; 0
1959;11; 119; 0; 74; 29; 0; 82; 23; 92; 372; 156; 0; 0; 78; 0; 0; 0; 0; 0; 77; 17; 0; 0; 0; 0; 40; 455; 10; 0; 0; 0; 9999
1959;12; 0; 0; 0; 0; 252; 142; 0; 114; 71; 9; 100; 0; 49; 0; 0; 0; 23; 536; 0; 0; 105; 14; 0; 51; 105; 0; 0; 0; 350; 0; 0
1960;01; 0; 0; 0; 0; 0; 270; 240; 132; 37; 41; 15; 132; 10; 0; 0; 0; 0; 115; 124; 40; 226; 92; 18; 9; 0; 0; 0; 0; 0; 0; 0
1960;02; 0; 0; 115; 145; 15; 0; 4; 0; 0; 0; 27; 0; 273; 0; 13; 30; 50; 55; 10; 55; 262; 75; 245; 24; 40; 25; 0; 20; 325; 9999; 9999
1960;03; 130; 120; 117; 0; 47; 10; 0; 0; 0; 0; 0; 135; 0; 0; 63; 10; 0; 10; 0; 0; 0; 0; 120; 74; 45; 0; 0; 0; 0; 84; 0
1960;04; 15; 0; 0; 0; 0; 274; 0; 0; 40; 64; 20; 0; 0; 0; 0; 0; 0; 0; 0; 0; 0; 0; 0; 0; 0; 0; 0; 0; 49; 0; 9999
1960;05; 232; 0; 0; 0; 0; 0; 0; 0; 0; 0; 32; 0; 0; 0; 56; 100; 0; 0; 0; 25; 100; 150; 0; 0; 0; 0; 0; 0; 0; 0; 0
1960;06; 0; 0; 0; 0; 0; 0; 0; 0; 0; 0; 0; 0; 20; 0; 75; 0; 0; 0; 0; 0; 0; 0; 56; 35; 0; 0; 245; 46; 0; 0; 9999
1960;07; 0; 0; 0; 0; 0; 0; 0; 0; 0; 0; 0; 0; 0; 0; 0; 0; 0; 0; 0; 0; 0; 0; 0; 0; 0; 0; 0; 0; 0; 0; 0
1960;08; 0; 0; 0; 0; 0; 0; 0; 0; 0; 0; 0; 0; 0; 0; 0; 220; 0; 0; 0; 0; 0; 0; 0; 0; 0; 0; 0; 0; 0; 0; 0
1960;09; 4; 0; 0; 0; 0; 0; 0; 0; 0; 0; 0; 0; 0; 0; 0; 0; 0; 0; 0; 0; 0; 0; 0; 0; 0; 210; 0; 80; 96; 100; 9999
1960;10; 0; 0; 0; 0; 0; 0; 0; 150; 0; 0; 0; 112; 0; 0; 0; 0; 38; 0; 0; 0; 0; 0; 200; 0; 0; 0; 100; 150; 0; 0; 0
1960;11; 50; 0; 33; 73; 0; 60; 0; 0; 34; 0; 364; 0; 43; 49; 0; 0; 0; 0; 0; 166; 0; 153; 0; 0; 0; 0; 0; 0; 631; 0; 9999
1960;12; 0; 0; 0; 0; 0; 0; 40; 0; 0; 0; 0; 0; 0; 120; 0; 107; 45; 120; 150; 330; 257; 84; 72; 305; 45; 24; 0; 0; 0; 242; 100
1961;01; 224; 84; 197; 0; 84; 0; 176; 0; 0; 14; 0; 0; 0; 0; 0; 0; 0; 0; 0; 140; 45; 0; 35; 90; 0; 133; 5; 95; 90; 9; 0
1961;02; 0; 0; 0; 110; 0; 120; 0; 160; 150; 0; 0; 390; 160; 233; 0; 0; 55; 0; 0; 0; 0; 140; 200; 40; 0; 0; 0; 32; 9999; 9999; 9999
1961;03; 100; 0; 0; 0; 0; 0; 120; 60; 0; 0; 0; 120; 70; 239; 134; 17; 112; 29; 150; 0; 45; 80; 15; 0; 0; 0; 80; 25; 16; 0; 0
1961;04; 0; 0; 0; 0; 49; 192; 0; 0; 0; 0; 0; 0; 0; 0; 0; 0; 0; 0; 0; 0; 0; 0; 0; 0; 0; 258; 95; 0; 0; 0; 9999
1961;05; 0; 0; 60; 79; 5; 0; 0; 0; 15; 88; 0; 0; 0; 0; 0; 0; 0; 0; 0; 0; 10; 0; 0; 0; 0; 0; 0; 0; 0; 0; 0
1961;06; 0; 0; 0; 0; 0; 0; 0; 0; 0; 0; 0; 0; 0; 0; 0; 110; 25; 0; 0; 0; 0; 70; 0; 0; 0; 0; 0; 0; 0; 0; 9999
1961;07; 0; 0; 0; 0; 0; 0; 0; 0; 0; 20; 0; 0; 0; 0; 0; 0; 0; 0; 0; 0; 0; 0; 0; 0; 0; 0; 0; 0; 0; 0; 0
1961;08; 0; 0; 0; 0; 0; 0; 0; 0; 0; 0; 0; 0; 0; 0; 0; 0; 0; 0; 0; 0; 0; 0; 0; 0; 0; 143; 10; 0; 0; 0; 0
1961;09; 0; 0; 0; 0; 0; 0; 15; 10; 0; 0; 32; 0; 0; 0; 0; 0; 0; 0; 0; 0; 0; 0; 0; 0; 0; 0; 0; 0; 0; 0; 9999
1961;10; 0; 0; 0; 0; 0; 0; 0; 0; 0; 0; 0; 46; 10; 0; 0; 83; 13; 180; 19; 0; 12; 0; 0; 0; 0; 152; 0; 0; 0; 0; 100
1961;11; 0; 0; 10; 79; 55; 20; 5; 0; 0; 0; 0; 39; 55; 0; 100; 0; 0; 0; 0; 35; 180; 100; 49; 140; 0; 0; 390; 140; 61; 0; 9999
1961;12; 0; 0; 70; 343; 27; 0; 0; 109; 0; 0; 0; 0; 0; 0; 0; 74; 0; 483; 37; 62; 0; 0; 0; 0; 0; 70; 170; 28; 0; 300; 0
1962;01; 0; 0; 0; 83; 0; 0; 0; 223; 29; 0; 0; 0; 0; 0; 0; 450; 25; 73; 20; 120; 100; 125; 0; 0; 68; 282; 45; 0; 0; 0; 0
1962;02; 0; 0; 0; 100; 455; 5; 0; 0; 0; 200; 55; 0; 123; 0; 0; 300; 0; 0; 30; 90; 0; 20; 2; 0; 92; 0; 0; 0; 9999; 9999; 9999
1962;03; 0; 0; 455; 0; 0; 215; 23; 0; 0; 0; 137; 122; 330; 132; 644; 5; 27; 217; 0; 32; 9; 0; 0; 0; 7; 0; 0; 0; 0; 0; 0
1962;04; 0; 37; 0; 15; 0; 0; 0; 0; 0; 137; 0; 0; 0; 0; 0; 0; 44; 34; 0; 0; 0; 0; 0; 0; 0; 0; 0; 0; 0; 95; 9999
1962;05; 0; 423; 85; 99; 0; 0; 0; 0; 0; 0; 0; 0; 0; 0; 0; 0; 2; 2; 2; 0; 0; 0; 0; 0; 6; 0; 0; 0; 0; 0; 0
1962;06; 5; 0; 0; 38; 0; 0; 0; 0; 0; 0; 0; 0; 0; 9; 0; 0; 0; 0; 0; 0; 0; 0; 0; 0; 0; 0; 0; 0; 0; 0; 9999
1962;07; 0; 0; 0; 0; 0; 0; 0; 0; 0; 0; 54; 0; 0; 0; 0; 0; 0; 0; 87; 86; 0; 0; 4; 0; 57; 59; 0; 0; 0; 0; 15
1962;08; 55; 0; 0; 0; 0; 0; 0; 0; 0; 0; 0; 25; 0; 0; 0; 15; 0; 0; 0; 0; 0; 0; 275; 97; 0; 0; 0; 0; 7; 0; 0
1962;09; 0; 0; 0; 0; 0; 56; 143; 0; 425; 39; 0; 78; 17; 0; 0; 0; 0; 0; 0; 0; 62; 110; 54; 92; 0; 0; 0; 0; 0; 35; 9999
1962;10; 25; 57; 55; 154; 116; 0; 0; 0; 412; 57; 247; 93; 36; 0; 0; 0; 0; 19; 16; 16; 0; 0; 0; 0; 32; 167; 0; 0; 130; 270; 196
1962;11; 16; 0; 0; 0; 0; 0; 68; 15; 0; 0; 57; 0; 0; 0; 0; 0; 0; 0; 0; 27; 69; 127; 76; 0; 0; 0; 0; 0; 0; 0; 9999
1962;12; 49; 0; 0; 147; 65; 98; 0; 9; 0; 194; 67; 389; 487; 124; 73; 0; 17; 118; 67; 32; 113; 0; 0; 0; 0; 7; 31; 38; 138; 187; 95
1963;01; 147; 165; 5; 0; 0; 0; 0; 262; 0; 0; 84; 43; 289; 0; 57; 214; 167; 203; 74; 23; 47; 0; 24; 45; 0; 79; 0; 0; 0; 0; 115
1963;02; 147; 0; 93; 196; 174; 393; 438; 17; 8; 0; 10; 0; 9; 112; 0; 0; 185; 125; 0; 0; 65; 95; 43; 7; 59; 17; 0; 0; 9999; 9999; 9999
1963;03; 120; 0; 0; 437; 168; 25; 0; 0; 20; 15; 624; 367; 0; 0; 0; 0; 0; 0; 0; 0; 0; 0; 0; 176; 75; 15; 9; 175; 46; 12; 0
1963;04; 0; 0; 0; 0; 0; 0; 0; 0; 0; 3; 0; 0; 0; 0; 0; 29; 9; 0; 0; 0; 0; 23; 0; 6; 0; 5; 5; 0; 8; 3; 9999
1963;05; 7; 0; 4; 38; 6; 8; 9; 6; 0; 0; 0; 0; 0; 0; 0; 0; 25; 15; 0; 9; 0; 12; 8; 0; 0; 0; 4; 6; 4; 6; 3
1963;06; 0; 12; 8; 0; 0; 0; 0; 0; 0; 9; 8; 0; 0; 27; 12; 9; 0; 0; 0; 7; 5; 0; 0; 0; 0; 0; 0; 0; 0; 0; 9999
1963;07; 0; 0; 0; 4; 15; 0; 0; 0; 0; 0; 0; 0; 0; 0; 0; 0; 0; 0; 0; 0; 0; 0; 9; 4; 0; 0; 0; 0; 0; 0; 0
1963;08; 0; 0; 0; 0; 0; 0; 0; 0; 0; 0; 0; 0; 0; 0; 0; 19; 96; 13; 0; 0; 0; 0; 0; 0; 0; 0; 0; 0; 0; 0; 0
1963;09; 0; 0; 0; 0; 0; 0; 0; 0; 0; 0; 0; 0; 0; 0; 0; 0; 0; 0; 0; 0; 0; 0; 0; 0; 0; 0; 0; 20; 0; 0; 9999
1963;10; 0; 0; 0; 0; 0; 123; 79; 0; 0; 0; 0; 0; 0; 0; 64; 4; 6; 223; 0; 0; 0; 223; 185; 0; 0; 0; 123; 198; 142; 0; 0
1963;11; 0; 0; 116; 0; 0; 0; 0; 53; 0; 119; 397; 93; 0; 134; 376; 513; 0; 136; 13; 28; 54; 4; 0; 0; 0; 0; 16; 0; 0; 0; 9999
1963;12; 0; 0; 0; 0; 0; 0; 179; 110; 56; 87; 596; 134; 56; 0; 0; 0; 0; 0; 0; 49; 95; 0; 0; 0; 0; 0; 0; 0; 115; 0; 0
1964;01; 377; 0; 0; 0; 0; 0; 0; 127; 283; 59; 0; 0; 0; 0; 0; 0; 0; 0; 0; 0; 0; 5; 598; 345; 433; 147; 113; 96; 8; 96; 25
1964;02; 9; 163; 237; 345; 160; 70; 0; 0; 93; 47; 83; 215; 98; 75; 32; 50; 73; 167; 515; 326; 157; 62; 0; 0; 0; 137; 218; 353; 327; 9999; 9999
1964;03; 478; 126; 0; 0; 0; 0; 53; 227; 43; 0; 0; 30; 0; 0; 52; 15; 0; 0; 0; 0; 0; 0; 0; 0; 0; 0; 0; 0; 0; 173; 56
1964;04; 257; 323; 124; 0; 0; 0; 0; 0; 0; 0; 0; 0; 0; 0; 19; 0; 0; 319; 427; 0; 0; 0; 0; 0; 0; 0; 0; 0; 0; 0; 9999
1964;05; 224; 259; 0; 0; 9; 177; 53; 0; 0; 0; 0; 0; 0; 0; 0; 16; 0; 0; 0; 0; 0; 0; 0; 0; 0; 0; 25; 18; 27; 13; 0
1964;06; 0; 0; 37; 0; 0; 0; 0; 0; 0; 23; 97; 25; 37; 50; 60; 29; 0; 0; 0; 0; 0; 0; 0; 0; 0; 127; 79; 34; 73; 157; 9999
1964;07; 92; 39; 97; 176; 115; 68; 27; 0; 0; 13; 0; 0; 0; 0; 0; 19; 23; 6; 0; 0; 0; 0; 0; 0; 0; 0; 0; 47; 0; 0; 0
1964;08; 0; 0; 0; 0; 49; 0; 0; 0; 0; 0; 0; 155; 0; 0; 0; 0; 0; 0; 0; 136; 35; 0; 0; 0; 0; 0; 0; 0; 0; 0; 0
1964;09; 0; 0; 272; 27; 0; 0; 0; 0; 0; 0; 0; 0; 0; 0; 0; 0; 0; 0; 0; 0; 0; 0; 0; 0; 0; 326; 24; 37; 13; 0; 9999
1964;10; 276; 26; 119; 176; 223; 124; 112; 251; 67; 0; 256; 123; 60; 0; 0; 0; 0; 0; 0; 14; 110; 34; 0; 0; 0; 0; 74; 0; 0; 186; 163
1964;11; 0; 0; 36; 0; 0; 78; 0; 0; 0; 0; 0; 0; 0; 0; 0; 22; 79; 0; 5; 127; 595; 27; 15; 0; 0; 0; 0; 0; 0; 0; 9999
1964;12; 99; 66; 24; 228; 14; 0; 0; 0; 0; 27; 24; 54; 279; 237; 124; 0; 83; 87; 0; 0; 0; 7; 174; 119; 34; 235; 253; 126; 163; 134; 78
1965;01; 9; 47; 13; 40; 284; 64; 0; 0; 237; 123; 127; 64; 0; 43; 61; 32; 137; 20; 111; 247; 0; 0; 0; 0; 0; 23; 20; 137; 432; 176; 159
1965;02; 117; 105; 164; 74; 173; 0; 0; 0; 0; 0; 0; 0; 92; 124; 62; 336; 130; 27; 42; 0; 0; 67; 75; 63; 47; 33; 136; 177; 9999; 9999; 9999
1965;03; 67; 130; 93; 75; 0; 90; 428; 37; 0; 105; 0; 0; 0; 0; 0; 0; 138; 163; 78; 0; 0; 96; 103; 67; 143; 318; 141; 26; 0; 0; 0
1965;04; 0; 0; 115; 0; 0; 0; 0; 34; 0; 0; 0; 0; 0; 0; 53; 0; 0; 0; 61; 165; 13; 10; 0; 0; 0; 0; 0; 0; 347; 276; 9999
1965;05; 4; 7; 0; 0; 0; 0; 0; 0; 0; 124; 30; 24; 13; 64; 131; 67; 30; 204; 143; 169; 77; 36; 0; 0; 0; 0; 0; 0; 0; 0; 0
1965;06; 0; 0; 0; 0; 0; 0; 0; 0; 0; 44; 5; 0; 137; 0; 0; 63; 109; 0; 0; 0; 0; 0; 0; 60; 127; 30; 0; 0; 0; 0; 9999
1965;07; 0; 0; 0; 0; 45; 124; 27; 0; 0; 112; 27; 0; 0; 0; 0; 23; 0; 0; 0; 0; 0; 0; 0; 0; 0; 0; 0; 0; 0; 0; 27
1965;08; 27; 0; 0; 0; 33; 0; 0; 0; 0; 0; 0; 0; 0; 0; 0; 0; 0; 0; 0; 47; 0; 0; 0; 0; 0; 0; 0; 0; 0; 0; 0
1965;09; 0; 0; 0; 0; 0; 0; 0; 0; 0; 0; 0; 0; 0; 0; 0; 0; 0; 0; 0; 0; 0; 0; 0; 0; 125; 157; 519; 574; 32; 0; 9999
1965;10; 346; 117; 43; 0; 0; 0; 0; 0; 165; 110; 121; 56; 0; 0; 137; 0; 0; 0; 92; 0; 0; 0; 76; 35; 202; 137; 0; 387; 11; 37; 0
1965;11; 0; 33; 0; 0; 0; 0; 285; 37; 53; 387; 532; 578; 4; 7; 59; 388; 34; 0; 0; 0; 0; 0; 0; 0; 0; 9; 168; 44; 37; 0; 9999
1965;12; 73; 147; 71; 54; 7; 54; 7; 123; 175; 231; 30; 47; 203; 0; 0; 23; 0; 0; 0; 33; 0; 334; 64; 0; 0; 41; 0; 247; 134; 93; 37
1966;01; 260; 578; 137; 62; 153; 0; 0; 172; 131; 147; 180; 273; 161; 74; 274; 163; 43; 0; 46; 0; 0; 0; 0; 0; 103; 0; 44; 0; 44; 122; 167
1966;02; 264; 126; 43; 6; 0; 0; 0; 0; 0; 0; 0; 0; 0; 0; 0; 0; 0; 0; 0; 96; 0; 0; 7; 136; 207; 131; 61; 44; 9999; 9999; 9999
1966;03; 24; 0; 0; 0; 86; 41; 131; 683; 36; 265; 6; 134; 117; 35; 93; 0; 0; 0; 0; 0; 0; 0; 100; 0; 84; 31; 0; 146; 113; 0; 0
1966;04; 9; 113; 66; 0; 64; 32; 6; 0; 0; 0; 43; 0; 0; 0; 0; 0; 0; 0; 0; 0; 0; 0; 0; 0; 0; 0; 0; 0; 27; 24; 9999
1966;05; 7; 0; 0; 0; 0; 294; 0; 0; 0; 0; 0; 94; 43; 0; 0; 0; 0; 0; 0; 0; 0; 0; 82; 63; 0; 0; 0; 0; 0; 0; 0
1966;06; 0; 0; 0; 0; 0; 0; 0; 0; 0; 0; 0; 0; 0; 0; 0; 0; 0; 0; 0; 0; 0; 0; 0; 0; 0; 0; 0; 0; 0; 0; 9999
1966;07; 43; 0; 0; 0; 0; 0; 0; 0; 0; 0; 0; 0; 0; 0; 0; 0; 0; 0; 0; 0; 0; 0; 0; 96; 6; 0; 0; 0; 0; 0; 444
1966;08; 64; 189; 136; 103; 61; 0; 0; 0; 0; 157; 63; 0; 0; 0; 0; 6; 0; 0; 0; 0; 0; 0; 0; 0; 293; 69; 0; 0; 0; 0; 0
1966;09; 0; 0; 123; 49; 0; 0; 0; 0; 0; 0; 0; 0; 0; 0; 0; 0; 0; 0; 0; 0; 69; 32; 0; 0; 0; 0; 0; 0; 122; 0; 9999
1966;10; 0; 0; 0; 0; 0; 0; 26; 178; 94; 0; 0; 0; 55; 0; 0; 0; 0; 225; 642; 79; 0; 0; 0; 0; 0; 0; 0; 136; 227; 123; 157
1966;11; 78; 154; 23; 0; 0; 31; 77; 0; 0; 467; 123; 61; 316; 160; 106; 68; 254; 121; 30; 0; 0; 0; 0; 0; 0; 0; 0; 0; 0; 0; 9999
1966;12; 0; 0; 107; 123; 54; 151; 127; 0; 0; 131; 67; 31; 248; 64; 0; 0; 127; 132; 0; 183; 137; 123; 240; 501; 367; 473; 74; 132; 0; 0; 0
1967;01; 0; 0; 0; 223; 421; 139; 463; 141; 67; 259; 137; 163; 344; 147; 63; 21; 0; 0; 0; 0; 0; 0; 124; 547; 141; 100; 382; 73; 25; 34; 123
1967;02; 145; 73; 136; 66; 167; 124; 164; 73; 33; 0; 0; 0; 0; 0; 0; 0; 135; 61; 186; 287; 74; 0; 0; 64; 0; 0; 0; 0; 9999; 9999; 9999
1967;03; 63; 164; 488; 86; 122; 300; 63; 138; 0; 61; 58; 163; 70; 133; 92; 141; 66; 131; 78; 27; 0; 0; 0; 131; 266; 0; 0; 0; 402; 607; 0
1967;04; 0; 61; 0; 0; 0; 0; 0; 0; 0; 0; 0; 0; 0; 0; 0; 0; 0; 0; 0; 0; 0; 20; 0; 31; 0; 0; 0; 0; 67; 145; 9999
1967;05; 0; 0; 0; 0; 0; 0; 0; 0; 0; 0; 0; 0; 32; 0; 0; 0; 0; 0; 0; 0; 0; 0; 0; 0; 0; 0; 0; 0; 0; 0; 0
1967;06; 0; 0; 0; 0; 40; 58; 147; 53; 0; 0; 0; 116; 173; 175; 50; 0; 0; 0; 0; 0; 0; 0; 0; 0; 0; 0; 0; 0; 0; 0; 9999
1967;07; 0; 0; 0; 0; 0; 0; 0; 0; 0; 0; 0; 248; 67; 0; 0; 0; 0; 0; 0; 0; 0; 0; 0; 0; 0; 0; 0; 0; 0; 0; 0
1967;08; 0; 0; 0; 0; 0; 0; 0; 0; 0; 0; 0; 0; 0; 0; 0; 0; 127; 31; 0; 0; 0; 0; 0; 0; 0; 0; 0; 0; 0; 0; 0
1967;09; 0; 0; 0; 0; 0; 0; 0; 0; 0; 0; 157; 254; 338; 243; 61; 0; 0; 0; 0; 0; 133; 63; 71; 0; 0; 0; 78; 26; 0; 127; 9999
1967;10; 0; 139; 0; 0; 0; 0; 0; 0; 0; 0; 0; 0; 0; 157; 0; 0; 0; 0; 0; 0; 63; 130; 667; 360; 277; 347; 371; 63; 0; 0; 0
1967;11; 0; 0; 134; 60; 0; 0; 0; 0; 0; 0; 0; 267; 0; 61; 0; 463; 577; 130; 0; 0; 0; 0; 0; 136; 67; 118; 343; 109; 662; 136; 9999
1967;12; 0; 0; 0; 0; 0; 158; 0; 0; 359; 146; 108; 62; 37; 132; 263; 147; 323; 158; 113; 61; 179; 136; 568; 143; 0; 0; 0; 136; 143; 248; 124
1968;01; 61; 183; 127; 345; 150; 63; 0; 0; 76; 34; 197; 131; 143; 124; 151; 223; 168; 327; 268; 113; 67; 21; 68; 105; 687; 0; 0; 0; 0; 0; 0
1968;02; 139; 58; 0; 0; 0; 0; 0; 0; 0; 0; 0; 0; 0; 0; 0; 0; 168; 77; 0; 0; 0; 0; 68; 102; 307; 442; 207; 160; 121; 9999; 9999
1968;03; 0; 0; 0; 0; 0; 0; 0; 94; 35; 182; 251; 273; 95; 368; 479; 134; 115; 53; 0; 0; 123; 148; 224; 0; 0; 0; 0; 144; 68; 0; 0
1968;04; 0; 103; 0; 248; 39; 193; 67; 0; 0; 0; 0; 0; 0; 0; 0; 0; 0; 0; 0; 163; 54; 0; 0; 0; 0; 0; 0; 0; 0; 0; 9999
1968;05; 0; 0; 0; 0; 0; 0; 0; 0; 0; 32; 47; 0; 0; 0; 0; 232; 147; 0; 0; 0; 0; 0; 0; 0; 0; 0; 0; 0; 0; 0; 0
1968;06; 0; 0; 0; 0; 0; 0; 0; 0; 0; 0; 0; 0; 0; 0; 0; 0; 0; 0; 0; 0; 184; 0; 0; 0; 32; 7; 0; 0; 0; 0; 9999
1968;07; 0; 0; 0; 0; 0; 0; 0; 0; 0; 100; 40; 0; 0; 0; 0; 0; 0; 0; 0; 0; 0; 93; 0; 0; 0; 0; 0; 0; 0; 0; 0
1968;08; 0; 0; 0; 0; 67; 22; 0; 100; 210; 73; 0; 0; 0; 0; 0; 0; 0; 0; 0; 0; 0; 0; 76; 0; 0; 0; 0; 0; 0; 0; 89
1968;09; 192; 83; 0; 196; 137; 31; 0; 0; 0; 0; 0; 0; 0; 0; 0; 0; 0; 0; 0; 0; 137; 0; 0; 0; 0; 0; 0; 0; 63; 131; 9999
1968;10; 0; 0; 0; 0; 0; 0; 0; 0; 0; 57; 132; 28; 10; 0; 0; 0; 158; 73; 107; 0; 0; 153; 61; 148; 196; 66; 0; 0; 0; 68; 134
1968;11; 0; 61; 127; 60; 0; 0; 0; 0; 0; 0; 0; 0; 0; 0; 0; 0; 0; 134; 67; 0; 0; 0; 0; 0; 0; 0; 0; 189; 263; 159; 9999
1968;12; 328; 314; 198; 73; 0; 34; 0; 0; 35; 7; 0; 0; 0; 0; 0; 0; 228; 61; 0; 0; 0; 0; 0; 0; 170; 346; 318; 152; 106; 550; 127
1969;01; 0; 0; 0; 0; 0; 0; 137; 68; 0; 228; 152; 253; 67; 0; 0; 117; 22; 0; 0; 0; 0; 65; 118; 146; 72; 120; 97; 34; 0; 0; 0
1969;02; 0; 0; 62; 108; 0; 0; 0; 0; 52; 0; 0; 0; 0; 107; 0; 96; 152; 67; 0; 0; 185; 53; 21; 364; 73; 9; 0; 0; 9999; 9999; 9999
1969;03; 362; 41; 43; 71; 98; 0; 0; 0; 0; 0; 0; 0; 0; 64; 47; 0; 0; 0; 0; 0; 0; 21; 0; 0; 235; 87; 383; 141; 97; 0; 0
1969;04; 37; 230; 342; 97; 113; 284; 97; 0; 134; 0; 0; 0; 0; 0; 0; 0; 0; 0; 0; 0; 0; 0; 34; 67; 0; 0; 0; 0; 45; 0; 9999
1969;05; 0; 0; 0; 100; 0; 0; 0; 0; 0; 0; 0; 0; 0; 93; 0; 0; 0; 0; 0; 0; 0; 0; 0; 74; 0; 38; 0; 0; 64; 92; 67
1969;06; 0; 154; 0; 0; 0; 0; 0; 0; 0; 0; 0; 0; 0; 0; 0; 0; 0; 0; 0; 0; 0; 90; 130; 47; 0; 0; 0; 0; 0; 0; 9999
1969;07; 34; 0; 0; 0; 0; 0; 0; 0; 0; 0; 0; 0; 68; 0; 0; 0; 0; 0; 0; 0; 0; 0; 0; 0; 0; 0; 0; 0; 0; 0; 0
1969;08; 0; 68; 322; 125; 0; 0; 74; 0; 0; 0; 0; 0; 0; 0; 0; 132; 0; 0; 0; 137; 46; 0; 0; 0; 0; 0; 0; 0; 57; 0; 0
1969;09; 0; 0; 0; 0; 0; 78; 0; 0; 0; 0; 0; 0; 0; 0; 0; 0; 0; 0; 0; 112; 218; 0; 0; 0; 0; 0; 0; 124; 257; 263; 9999
1969;10; 137; 42; 97; 108; 157; 173; 273; 0; 0; 0; 0; 0; 0; 0; 0; 0; 67; 0; 0; 269; 0; 0; 157; 63; 0; 0; 0; 0; 79; 0; 62
1969;11; 29; 0; 273; 93; 188; 0; 0; 44; 166; 106; 129; 86; 79; 148; 62; 167; 53; 71; 133; 91; 144; 264; 418; 0; 0; 0; 0; 0; 0; 185; 9999
1969;12; 64; 229; 71; 0; 108; 191; 235; 47; 12; 0; 0; 80; 380; 31; 0; 0; 0; 0; 0; 0; 0; 0; 0; 0; 110; 0; 0; 0; 0; 0; 0
1970;01; 0; 105; 20; 0; 232; 0; 24; 0; 0; 0; 0; 0; 0; 20; 0; 503; 713; 118; 120; 0; 260; 0; 0; 0; 0; 0; 131; 0; 0; 0; 610
1970;02; 0; 0; 14; 0; 192; 2; 0; 0; 0; 731; 92; 60; 2; 52; 546; 257; 24; 27; 170; 155; 349; 337; 96; 13; 0; 0; 0; 0; 9999; 9999; 9999
1970;03; 0; 0; 0; 0; 0; 0; 0; 0; 0; 0; 91; 0; 242; 200; 0; 0; 0; 0; 0; 88; 0; 0; 0; 0; 23; 0; 0; 0; 0; 0; 0
1970;04; 43; 0; 188; 31; 214; 19; 0; 0; 0; 0; 0; 0; 0; 0; 0; 0; 0; 0; 0; 0; 0; 0; 0; 0; 0; 0; 0; 0; 52; 0; 9999
1970;05; 0; 0; 0; 0; 0; 0; 8; 175; 0; 10; 0; 31; 0; 0; 0; 0; 0; 0; 0; 0; 53; 0; 0; 0; 0; 0; 0; 0; 0; 0; 0
1970;06; 0; 0; 0; 0; 0; 0; 0; 0; 0; 0; 0; 0; 0; 0; 123; 150; 0; 0; 0; 0; 0; 0; 0; 297; 23; 0; 0; 0; 0; 25; 9999
1970;07; 0; 88; 12; 0; 0; 0; 0; 0; 6; 0; 68; 3; 55; 35; 0; 0; 0; 0; 0; 0; 0; 7; 21; 0; 0; 0; 12; 0; 0; 0; 0
1970;08; 0; 0; 0; 0; 0; 0; 0; 0; 0; 0; 0; 0; 0; 0; 0; 0; 0; 0; 0; 0; 0; 0; 0; 0; 0; 68; 165; 193; 65; 174; 188
1970;09; 0; 0; 0; 0; 0; 0; 148; 37; 0; 25; 354; 100; 27; 0; 0; 172; 52; 0; 0; 0; 0; 0; 0; 0; 0; 9; 0; 0; 106; 0; 9999
1970;10; 0; 0; 0; 0; 131; 170; 0; 0; 90; 0; 0; 0; 31; 0; 0; 0; 0; 0; 32; 65; 0; 0; 155; 0; 34; 0; 0; 0; 0; 0; 0
1970;11; 0; 0; 108; 26; 0; 0; 0; 386; 142; 0; 0; 0; 0; 146; 78; 0; 0; 0; 0; 0; 0; 197; 0; 0; 0; 0; 0; 0; 0; 195; 9999
1970;12; 112; 62; 0; 0; 0; 0; 0; 0; 0; 100; 130; 170; 173; 77; 0; 209; 58; 0; 113; 95; 0; 0; 0; 39; 0; 74; 55; 0; 0; 49; 117
1971;01; 24; 47; 0; 230; 3; 39; 0; 0; 0; 0; 17; 12; 0; 148; 5; 0; 0; 11; 46; 21; 0; 0; 0; 0; 0; 0; 0; 0; 0; 0; 79
1971;02; 29; 5; 0; 0; 0; 0; 0; 52; 6; 213; 34; 0; 0; 0; 17; 0; 0; 0; 0; 0; 394; 24; 0; 0; 20; 410; 57; 5; 9999; 9999; 9999
1971;03; 0; 2; 192; 4; 0; 303; 100; 588; 5; 205; 50; 3; 35; 5; 0; 0; 0; 0; 0; 0; 0; 5; 15; 0; 0; 0; 22; 6; 75; 153; 7
1971;04; 0; 0; 143; 3; 0; 0; 0; 0; 473; 250; 0; 0; 50; 0; 0; 0; 112; 0; 0; 0; 0; 50; 9; 183; 3; 0; 0; 0; 0; 0; 9999
1971;05; 0; 0; 73; 122; 5; 0; 0; 22; 52; 0; 0; 0; 5; 0; 2; 0; 0; 0; 0; 0; 0; 0; 0; 0; 0; 59; 2; 7; 5; 0; 0
1971;06; 0; 0; 0; 0; 5; 0; 0; 0; 0; 0; 0; 116; 17; 6; 0; 136; 73; 299; 198; 0; 49; 2; 0; 0; 0; 2; 2; 0; 0; 1; 9999
1971;07; 0; 34; 0; 0; 46; 0; 0; 0; 3; 0; 0; 0; 0; 0; 0; 0; 0; 0; 3; 0; 0; 0; 0; 0; 0; 0; 0; 0; 0; 0; 50
1971;08; 0; 0; 0; 0; 0; 0; 0; 0; 0; 0; 0; 0; 0; 0; 6; 0; 0; 0; 0; 0; 8; 0; 0; 0; 0; 51; 18; 0; 0; 0; 0
1971;09; 0; 0; 0; 0; 0; 0; 0; 25; 154; 0; 10; 69; 0; 0; 0; 0; 0; 0; 0; 0; 0; 0; 0; 111; 212; 0; 0; 0; 136; 184; 9999
1971;10; 0; 3; 4; 0; 332; 0; 0; 173; 0; 0; 131; 429; 8; 0; 0; 0; 0; 0; 0; 0; 0; 0; 0; 0; 29; 22; 0; 0; 289; 0; 0
1971;11; 0; 365; 12; 0; 0; 0; 0; 0; 0; 5; 164; 153; 33; 0; 0; 0; 0; 0; 0; 118; 1; 51; 0; 0; 123; 85; 215; 0; 0; 0; 9999
1971;12; 15; 5; 112; 196; 0; 0; 0; 2; 86; 4; 0; 0; 0; 88; 13; 0; 0; 0; 30; 72; 0; 0; 64; 317; 51; 0; 200; 90; 547; 68; 0
1972;01; 0; 0; 0; 0; 0; 69; 85; 63; 25; 116; 12; 19; 23; 0; 0; 0; 0; 0; 0; 226; 172; 130; 337; 62; 0; 0; 174; 78; 88; 135; 110
1972;02; 165; 0; 152; 0; 0; 4; 0; 9; 4; 3; 6; 0; 231; 15; 187; 84; 0; 0; 0; 146; 89; 46; 19; 406; 0; 0; 288; 14; 0; 9999; 9999
1972;03; 0; 11; 74; 0; 0; 0; 0; 0; 0; 6; 263; 0; 0; 0; 0; 0; 0; 37; 8; 0; 0; 0; 118; 33; 23; 0; 136; 0; 0; 0; 0
1972;04; 127; 0; 0; 144; 14; 0; 0; 22; 0; 0; 3; 0; 0; 5; 0; 69; 44; 0; 17; 5; 2; 2; 0; 3; 0; 0; 0; 0; 3; 0; 9999
1972;05; 0; 0; 0; 0; 0; 0; 0; 0; 33; 0; 0; 2; 0; 4; 2; 0; 0; 0; 0; 0; 0; 0; 0; 0; 85; 0; 2; 0; 0; 3; 0
1972;06; 2; 0; 0; 0; 0; 0; 0; 3; 0; 0; 0; 0; 0; 0; 0; 0; 0; 0; 35; 0; 0; 0; 0; 0; 0; 0; 0; 0; 0; 0; 9999
1972;07; 0; 0; 0; 0; 0; 0; 0; 0; 0; 25; 0; 35; 349; 0; 0; 0; 0; 0; 0; 0; 0; 0; 0; 0; 0; 0; 45; 0; 0; 0; 0
1972;08; 0; 0; 0; 146; 57; 99; 97; 0; 4; 0; 0; 0; 5; 0; 0; 0; 0; 0; 0; 0; 0; 0; 79; 140; 0; 0; 0; 0; 0; 0; 0
1972;09; 15; 0; 0; 0; 25; 209; 0; 0; 0; 0; 13; 0; 0; 0; 168; 0; 0; 0; 0; 0; 0; 0; 4; 0; 103; 35; 0; 24; 220; 16; 9999
1972;10; 0; 0; 0; 133; 56; 3; 197; 0; 3; 251; 359; 13; 0; 0; 58; 9; 18; 0; 0; 0; 0; 0; 0; 0; 0; 0; 0; 0; 27; 10; 0
1972;11; 0; 264; 22; 122; 8; 0; 0; 0; 4; 0; 22; 72; 0; 244; 47; 0; 14; 29; 113; 7; 0; 0; 0; 0; 0; 42; 0; 0; 0; 23; 9999
1972;12; 513; 0; 4; 120; 31; 0; 19; 0; 0; 0; 35; 139; 5; 15; 0; 0; 0; 0; 0; 3; 0; 0; 237; 199; 94; 105; 0; 0; 0; 74; 0
1973;01; 0; 82; 12; 0; 54; 3; 24; 0; 177; 7; 176; 43; 0; 0; 622; 61; 62; 0; 0; 0; 0; 258; 0; 20; 1; 378; 17; 0; 0; 0; 172
1973;02; 0; 0; 244; 35; 107; 0; 0; 0; 0; 0; 0; 0; 0; 79; 0; 108; 35; 98; 0; 0; 0; 0; 0; 0; 95; 0; 0; 40; 9999; 9999; 9999
1973;03; 0; 0; 0; 183; 146; 2; 0; 0; 100; 13; 0; 59; 0; 0; 0; 0; 0; 98; 0; 0; 0; 288; 61; 0; 0; 153; 0; 0; 0; 0; 271
1973;04; 311; 22; 0; 0; 0; 0; 0; 0; 61; 31; 0; 230; 24; 20; 134; 2; 0; 94; 13; 0; 0; 798; 0; 0; 0; 0; 0; 0; 0; 0; 9999
1973;05; 1; 0; 0; 5; 103; 4; 19; 3; 0; 51; 7; 179; 1; 1; 3; 0; 2; 0; 2; 1; 0; 170; 14; 0; 0; 0; 1; 0; 0; 0; 0
1973;06; 2; 0; 0; 0; 0; 0; 1; 0; 0; 0; 0; 1; 41; 0; 0; 2; 1; 0; 26; 1; 0; 0; 0; 2; 0; 5; 74; 7; 72; 4; 9999
1973;07; 0; 1; 168; 0; 1; 0; 0; 0; 0; 1; 2; 1; 0; 0; 1; 1; 0; 0; 0; 1; 9; 70; 0; 6; 2; 0; 0; 136; 50; 0; 0
1973;08; 0; 1; 0; 0; 5; 3; 0; 0; 0; 0; 0; 0; 0; 0; 0; 7; 4; 0; 0; 0; 0; 0; 0; 0; 0; 0; 0; 0; 0; 0; 2
1973;09; 0; 250; 2; 1; 2; 0; 0; 0; 0; 25; 0; 0; 0; 0; 85; 0; 0; 0; 0; 0; 0; 65; 0; 0; 7; 0; 0; 0; 2; 0; 9999
1973;10; 0; 0; 0; 0; 0; 1; 79; 0; 337; 2; 89; 164; 0; 6; 1; 0; 0; 1; 175; 0; 1; 0; 1; 8; 2; 9; 150; 0; 0; 2; 24
1973;11; 28; 32; 18; 0; 8; 65; 0; 0; 0; 0; 0; 0; 52; 40; 5; 0; 0; 220; 313; 0; 0; 0; 0; 0; 92; 8; 0; 85; 2; 0; 9999
1973;12; 0; 0; 0; 320; 28; 4; 134; 70; 150; 0; 0; 0; 0; 0; 0; 26; 195; 1460; 11; 40; 366; 0; 0; 10; 60; 20; 40; 0; 0; 27; 288
1974;01; 71; 10; 15; 0; 0; 96; 0; 208; 10; 0; 75; 96; 0; 11; 3; 93; 379; 46; 27; 0; 0; 0; 0; 3; 0; 36; 263; 700; 185; 57; 0
1974;02; 0; 177; 1; 0; 0; 0; 0; 0; 0; 0; 0; 0; 0; 0; 52; 0; 114; 13; 7; 0; 0; 17; 0; 123; 52; 0; 0; 0; 9999; 9999; 9999
1974;03; 0; 0; 0; 0; 0; 5; 28; 42; 230; 0; 485; 108; 24; 2; 6; 5; 0; 15; 163; 179; 218; 2; 0; 0; 256; 20; 0; 0; 0; 0; 0
1974;04; 0; 23; 0; 0; 245; 0; 0; 0; 0; 0; 0; 0; 0; 185; 0; 0; 0; 0; 0; 0; 0; 0; 51; 0; 71; 51; 0; 0; 0; 3; 9999
1974;05; 95; 0; 0; 0; 0; 0; 0; 0; 0; 0; 0; 0; 33; 0; 0; 0; 0; 0; 0; 0; 0; 0; 0; 0; 0; 0; 20; 14; 0; 0; 0
1974;06; 0; 0; 0; 0; 0; 0; 0; 45; 0; 0; 72; 260; 57; 0; 0; 0; 0; 0; 32; 0; 0; 139; 9; 0; 132; 0; 167; 0; 0; 0; 9999
1974;07; 2; 2; 0; 0; 0; 0; 3; 0; 2; 1; 0; 3; 0; 0; 2; 0; 0; 2; 0; 0; 0; 0; 0; 0; 0; 0; 0; 0; 0; 0; 0
1974;08; 0; 0; 0; 0; 0; 0; 0; 0; 0; 0; 0; 0; 0; 0; 0; 0; 1; 1; 2; 0; 0; 0; 0; 0; 0; 0; 0; 0; 0; 0; 0
1974;09; 0; 0; 0; 59; 0; 0; 0; 0; 0; 0; 0; 0; 0; 0; 0; 0; 0; 0; 0; 0; 169; 18; 10; 0; 2; 0; 0; 0; 15; 0; 9999
1974;10; 0; 0; 0; 42; 178; 0; 0; 0; 0; 0; 0; 0; 0; 0; 0; 0; 0; 0; 115; 9; 0; 2; 0; 0; 52; 17; 44; 2; 358; 107; 0
1974;11; 2; 0; 0; 0; 0; 0; 193; 0; 1; 0; 0; 0; 8; 50; 2; 0; 0; 0; 0; 0; 192; 92; 6; 0; 0; 0; 106; 94; 270; 24; 9999
1974;12; 149; 5; 285; 68; 18; 154; 22; 0; 0; 0; 0; 0; 0; 153; 53; 0; 52; 165; 90; 0; 0; 145; 85; 145; 79; 0; 20; 0; 20; 15; 0
1975;01; 50; 97; 15; 0; 17; 36; 1; 0; 335; 3; 90; 30; 3; 269; 236; 0; 0; 0; 15; 22; 31; 0; 0; 2; 0; 7; 0; 0; 4; 13; 0
1975;02; 64; 178; 27; 45; 525; 114; 0; 237; 8; 406; 0; 0; 0; 0; 0; 0; 9; 230; 0; 393; 0; 159; 17; 12; 0; 81; 251; 159; 9999; 9999; 9999
1975;03; 124; 130; 1; 0; 0; 0; 0; 0; 0; 0; 0; 2; 49; 31; 0; 0; 0; 0; 0; 0; 0; 80; 0; 0; 203; 24; 0; 0; 0; 0; 226
1975;04; 57; 0; 8; 68; 0; 0; 2; 0; 9; 3; 65; 0; 0; 0; 0; 138; 0; 0; 0; 0; 0; 0; 0; 0; 0; 0; 0; 0; 0; 0; 9999
1975;05; 2; 0; 0; 35; 0; 206; 6; 0; 0; 0; 3; 3; 1; 0; 0; 0; 0; 0; 2; 0; 0; 2; 0; 0; 0; 0; 0; 0; 0; 0; 2
1975;06; 3; 0; 0; 0; 0; 0; 0; 0; 0; 0; 0; 0; 0; 0; 0; 0; 0; 0; 0; 0; 0; 0; 2; 0; 0; 0; 0; 0; 6; 0; 9999
1975;07; 0; 34; 1; 99; 0; 0; 0; 0; 0; 0; 1; 0; 0; 0; 0; 0; 1; 17; 0; 0; 0; 0; 0; 0; 0; 0; 0; 0; 0; 0; 0
1975;08; 0; 0; 0; 0; 0; 0; 0; 0; 0; 0; 0; 0; 0; 0; 0; 0; 0; 0; 0; 0; 0; 0; 0; 0; 0; 0; 0; 0; 0; 0; 0
1975;09; 0; 0; 0; 0; 0; 0; 0; 0; 0; 0; 0; 0; 0; 0; 0; 0; 13; 0; 0; 0; 0; 16; 0; 13; 17; 0; 36; 36; 0; 0; 9999
1975;10; 7; 0; 74; 65; 0; 77; 10; 0; 0; 0; 61; 157; 0; 0; 17; 0; 0; 0; 121; 23; 17; 0; 0; 0; 0; 0; 0; 0; 4; 0; 45
1975;11; 8; 168; 4; 15; 0; 0; 88; 0; 0; 64; 0; 35; 0; 0; 0; 0; 84; 0; 11; 6; 175; 0; 0; 0; 347; 446; 96; 7; 79; 215; 9999
1975;12; 6; 25; 0; 97; 0; 0; 0; 0; 29; 0; 0; 177; 521; 292; 17; 0; 0; 0; 35; 10; 0; 0; 133; 83; 931; 292; 112; 22; 78; 0; 15
1976;01; 0; 0; 61; 105; 35; 20; 258; 158; 250; 0; 0; 280; 0; 0; 0; 0; 27; 122; 0; 107; 628; 69; 66; 0; 0; 0; 86; 86; 0; 84; 1
1976;02; 341; 46; 55; 0; 0; 270; 220; 151; 0; 0; 0; 0; 0; 0; 0; 0; 2; 16; 122; 58; 0; 89; 240; 289; 24; 1; 340; 56; 66; 9999; 9999
1976;03; 27; 18; 75; 8; 0; 1; 1; 2; 0; 2; 239; 3; 153; 0; 12; 0; 0; 119; 2; 165; 0; 51; 7; 0; 0; 24; 141; 54; 0; 0; 0
1976;04; 0; 0; 0; 132; 0; 0; 0; 0; 0; 32; 67; 168; 295; 83; 24; 13; 0; 0; 0; 0; 16; 0; 60; 0; 0; 0; 0; 0; 0; 0; 9999
1976;05; 0; 0; 0; 0; 0; 3; 2; 0; 2; 95; 0; 91; 20; 10; 1; 0; 106; 15; 147; 99; 4; 136; 0; 2; 0; 182; 0; 90; 444; 5; 11
1976;06; 1; 2; 3; 0; 1; 264; 1; 1; 0; 35; 6; 0; 29; 75; 4; 2; 3; 1; 3; 3; 3; 3; 3; 2; 0; 0; 0; 0; 0; 13; 9999
1976;07; 8; 337; 271; 348; 2; 1; 2; 33; 54; 115; 5; 3; 0; 0; 2; 1; 1; 0; 0; 0; 0; 15; 3; 0; 0; 1; 0; 0; 1; 0; 0
1976;08; 0; 1; 1; 2; 2; 59; 0; 0; 0; 66; 0; 205; 224; 124; 5; 1; 0; 0; 0; 95; 124; 2; 0; 0; 0; 0; 0; 0; 0; 9; 0
1976;09; 0; 0; 77; 0; 0; 133; 71; 254; 9; 0; 0; 7; 175; 226; 25; 165; 0; 0; 32; 0; 1; 0; 75; 0; 0; 0; 276; 395; 0; 0; 9999
1976;10; 0; 0; 0; 0; 0; 11; 0; 0; 0; 349; 1; 1; 2; 0; 0; 0; 15; 25; 116; 13; 0; 6; 0; 0; 190; 0; 110; 0; 0; 0; 0
1976;11; 68; 0; 0; 0; 106; 148; 0; 0; 0; 0; 0; 0; 0; 0; 0; 0; 8; 168; 0; 452; 291; 10; 0; 0; 0; 0; 260; 0; 53; 0; 9999
1976;12; 32; 95; 15; 0; 12; 113; 1; 0; 339; 12; 0; 13; 0; 0; 0; 23; 115; 61; 32; 0; 47; 21; 66; 11; 170; 48; 10; 133; 0; 0; 0
1977;01; 31; 0; 0; 49; 99; 169; 103; 0; 0; 0; 245; 30; 0; 0; 0; 23; 208; 1; 1048; 4; 3; 0; 0; 174; 0; 205; 6; 201; 885; 61; 118
1977;02; 83; 0; 0; 0; 0; 1; 0; 47; 0; 0; 0; 1; 0; 0; 0; 1; 0; 0; 1; 0; 0; 0; 0; 0; 0; 0; 0; 0; 9999; 9999; 9999
1977;03; 0; 0; 0; 25; 101; 0; 0; 63; 0; 0; 129; 0; 0; 0; 0; 0; 60; 0; 78; 86; 0; 75; 27; 1; 0; 96; 479; 10; 119; 0; 0
1977;04; 3; 72; 0; 5; 230; 0; 0; 0; 53; 67; 7; 0; 0; 1; 0; 0; 0; 69; 736; 66; 185; 37; 0; 0; 0; 0; 0; 0; 0; 0; 9999
1977;05; 0; 0; 3; 0; 0; 0; 0; 0; 0; 1; 1; 2; 0; 0; 0; 0; 88; 10; 4; 1; 2; 2; 3; 2; 1; 0; 0; 1; 1; 1; 1
1977;06; 0; 0; 1; 0; 317; 47; 0; 0; 0; 0; 0; 1; 1; 1; 2; 0; 0; 0; 0; 0; 0; 0; 0; 0; 19; 0; 0; 0; 0; 0; 9999
1977;07; 0; 0; 0; 0; 0; 0; 0; 0; 0; 0; 0; 0; 0; 0; 0; 0; 1; 4; 0; 0; 0; 0; 10; 0; 23; 0; 0; 0; 0; 1; 0
1977;08; 0; 0; 0; 0; 0; 0; 0; 0; 0; 0; 0; 0; 0; 0; 0; 0; 0; 0; 5; 0; 0; 0; 0; 0; 0; 0; 0; 0; 0; 71; 53
1977;09; 0; 108; 2; 0; 0; 0; 167; 193; 0; 0; 0; 0; 0; 0; 0; 0; 0; 10; 25; 0; 0; 6; 3; 23; 38; 0; 0; 0; 0; 0; 9999
1977;10; 4; 571; 180; 0; 0; 7; 2; 0; 0; 0; 0; 0; 0; 0; 0; 0; 0; 6; 31; 0; 0; 0; 0; 0; 0; 0; 0; 52; 135; 0; 0
1977;11; 0; 222; 0; 0; 73; 0; 13; 0; 0; 0; 0; 59; 333; 0; 227; 295; 0; 0; 0; 0; 0; 0; 8; 2; 48; 100; 0; 0; 20; 525; 9999
1977;12; 160; 117; 82; 72; 79; 24; 0; 64; 37; 0; 177; 12; 0; 0; 0; 0; 0; 15; 13; 545; 127; 74; 127; 0; 0; 0; 0; 0; 0; 0; 0
1978;01; 5; 59; 64; 5; 0; 0; 27; 3; 2; 126; 3; 37; 310; 0; 0; 128; 3; 0; 0; 140; 0; 153; 11; 0; 0; 0; 38; 0; 0; 88; 0
1978;02; 0; 0; 0; 0; 8; 126; 0; 0; 0; 0; 0; 56; 1; 3; 270; 0; 0; 153; 133; 0; 0; 353; 124; 0; 3; 0; 0; 5; 9999; 9999; 9999
1978;03; 0; 0; 0; 297; 174; 46; 28; 167; 37; 13; 27; 0; 0; 0; 0; 0; 0; 0; 0; 0; 0; 0; 0; 160; 0; 38; 0; 0; 0; 69; 0
1978;04; 0; 0; 0; 0; 0; 0; 0; 0; 0; 0; 49; 0; 0; 0; 0; 5; 0; 0; 0; 17; 0; 60; 210; 0; 0; 0; 0; 0; 0; 0; 9999
1978;05; 6; 28; 0; 1; 1; 0; 0; 1; 1; 0; 1; 1; 0; 0; 0; 0; 204; 39; 84; 0; 103; 0; 1; 0; 0; 0; 0; 0; 0; 0; 23
1978;06; 3; 0; 0; 0; 0; 0; 0; 0; 443; 360; 0; 2; 0; 0; 1; 3; 3; 0; 0; 0; 0; 0; 1; 1; 0; 0; 1; 1; 1; 1; 9999
1978;07; 1; 1; 0; 0; 0; 0; 0; 0; 0; 0; 0; 0; 0; 0; 1; 173; 2; 0; 42; 3; 26; 43; 213; 1; 2; 1; 3; 2; 2; 2; 1
1978;08; 1; 1; 2; 2; 3; 1; 1; 0; 0; 1; 2; 1; 1; 4; 33; 2; 1; 3; 0; 0; 0; 7; 1; 0; 7; 0; 0; 0; 0; 0; 137
1978;09; 113; 26; 2; 1; 0; 54; 0; 0; 0; 0; 0; 0; 0; 0; 2; 0; 0; 0; 0; 1; 0; 0; 0; 1; 1; 0; 0; 0; 0; 1; 9999
1978;10; 0; 2; 2; 1; 0; 2; 1; 1; 2; 1; 181; 3; 2; 16; 1; 0; 63; 374; 242; 107; 36; 1; 1; 2; 0; 0; 0; 32; 150; 7; 0
1978;11; 56; 0; 0; 135; 25; 167; 2; 0; 1; 0; 268; 192; 80; 0; 0; 0; 133; 0; 0; 7; 8; 446; 92; 64; 0; 0; 0; 325; 1; 0; 9999
1978;12; 1; 0; 58; 14; 0; 0; 69; 50; 97; 307; 16; 0; 0; 0; 5; 102; 0; 2; 2; 1; 0; 0; 0; 0; 0; 0; 447; 276; 120; 187; 39
1979;01; 111; 241; 41; 55; 2; 0; 0; 0; 0; 0; 0; 26; 345; 2; 0; 0; 0; 0; 0; 6; 230; 288; 0; 0; 0; 91; 14; 0; 147; 78; 2
1979;02; 0; 0; 0; 0; 15; 11; 19; 2; 0; 292; 88; 8; 42; 21; 0; 0; 0; 74; 10; 25; 0; 138; 143; 0; 0; 0; 2; 2; 9999; 9999; 9999
1979;03; 0; 0; 24; 0; 0; 0; 0; 0; 0; 225; 27; 0; 135; 53; 170; 14; 0; 0; 3; 10; 14; 0; 62; 0; 288; 11; 47; 19; 0; 1; 1
1979;04; 2; 1; 0; 24; 499; 5; 65; 0; 2; 0; 0; 0; 0; 0; 0; 2; 1; 0; 5; 0; 0; 0; 4; 39; 0; 10; 0; 0; 73; 92; 9999
1979;05; 1; 1; 5; 104; 163; 10; 0; 77; 3; 87; 36; 0; 8; 0; 1; 0; 1; 1; 0; 0; 2; 0; 0; 48; 2; 0; 0; 4; 0; 118; 0
1979;06; 4; 3; 3; 2; 1; 2; 1; 0; 9; 15; 0; 0; 0; 5; 0; 0; 1; 1; 0; 3; 3; 0; 0; 0; 0; 0; 0; 17; 0; 0; 9999
1979;07; 0; 1; 0; 6; 0; 0; 0; 0; 7; 79; 11; 2; 0; 0; 1; 1; 0; 0; 0; 135; 0; 1; 1; 0; 3; 29; 0; 0; 2; 2; 2
1979;08; 0; 0; 0; 1; 0; 0; 0; 0; 0; 0; 0; 0; 162; 0; 142; 0; 0; 0; 61; 99; 12; 30; 0; 0; 0; 0; 83; 0; 0; 41; 0
1979;09; 0; 0; 95; 191; 12; 3; 0; 0; 0; 0; 0; 77; 0; 187; 47; 127; 20; 229; 5; 2; 0; 0; 93; 2; 0; 0; 0; 0; 0; 72; 9999
1979;10; 0; 0; 0; 0; 268; 6; 81; 125; 388; 8; 0; 2; 0; 0; 14; 5; 0; 0; 0; 0; 0; 0; 0; 0; 0; 0; 8; 11; 75; 175; 266
1979;11; 0; 267; 106; 16; 0; 0; 0; 8; 144; 107; 286; 0; 1; 0; 792; 0; 0; 0; 0; 0; 0; 0; 149; 39; 239; 40; 20; 0; 2; 0; 9999
1979;12; 0; 330; 60; 90; 151; 2; 0; 0; 0; 0; 0; 48; 54; 55; 311; 341; 125; 0; 0; 5; 14; 2; 1000; 64; 170; 116; 70; 0; 0; 0; 0
1980;01; 245; 0; 0; 0; 0; 0; 0; 20; 60; 54; 56; 173; 0; 20; 0; 0; 17; 212; 37; 0; 280; 17; 0; 32; 282; 88; 53; 0; 0; 0; 0
1980;02; 18; 285; 12; 142; 0; 0; 0; 0; 5; 0; 0; 0; 8; 0; 176; 56; 206; 46; 96; 103; 5; 48; 329; 39; 0; 2; 3; 21; 0; 9999; 9999
1980;03; 0; 0; 0; 0; 0; 0; 0; 0; 0; 23; 140; 392; 0; 146; 0; 47; 126; 0; 0; 65; 2; 1; 0; 0; 0; 0; 0; 0; 0; 152; 51
1980;04; 8; 0; 63; 131; 586; 20; 0; 72; 0; 5; 3; 106; 62; 164; 149; 41; 40; 0; 0; 1; 1; 1; 0; 0; 0; 0; 0; 0; 0; 0; 9999
1980;05; 0; 0; 34; 18; 2; 0; 0; 0; 0; 0; 0; 0; 0; 0; 0; 0; 0; 0; 0; 0; 0; 0; 7; 0; 0; 0; 0; 0; 0; 0; 0
1980;06; 0; 8; 139; 20; 0; 0; 0; 0; 0; 0; 0; 0; 0; 65; 0; 0; 0; 0; 0; 0; 0; 8; 0; 0; 0; 256; 239; 2; 2; 3; 9999
1980;07; 0; 1; 3; 19; 3; 2; 1; 0; 0; 0; 0; 0; 1; 0; 0; 0; 0; 0; 0; 0; 0; 0; 1; 2; 1; 0; 0; 5; 0; 0; 24
1980;08; 9; 0; 2; 1; 0; 0; 0; 0; 0; 0; 8; 0; 0; 0; 0; 21; 0; 27; 0; 0; 0; 0; 6; 28; 23; 30; 0; 0; 0; 0; 1
1980;09; 0; 67; 0; 17; 0; 0; 0; 0; 0; 0; 37; 0; 0; 0; 0; 5; 2; 56; 49; 0; 164; 219; 0; 0; 1; 0; 0; 2; 16; 2; 9999
1980;10; 0; 0; 0; 0; 0; 0; 0; 132; 184; 0; 0; 309; 17; 13; 37; 1; 0; 0; 0; 0; 0; 0; 21; 0; 0; 0; 272; 5; 32; 0; 22
1980;11; 0; 0; 0; 0; 0; 33; 3; 97; 11; 49; 450; 65; 0; 0; 0; 0; 0; 0; 0; 379; 0; 0; 0; 121; 169; 0; 0; 0; 0; 132; 9999
1980;12; 299; 403; 270; 15; 240; 6; 27; 43; 0; 11; 47; 105; 379; 211; 5; 0; 0; 16; 0; 0; 0; 26; 73; 0; 114; 7; 267; 16; 70; 11; 0
1981;01; 0; 0; 110; 51; 101; 5; 68; 126; 5; 42; 22; 213; 261; 555; 76; 286; 155; 273; 0; 8; 17; 165; 9; 0; 0; 28; 140; 11; 180; 0; 0
1981;02; 0; 0; 28; 13; 0; 0; 50; 6; 496; 430; 17; 120; 0; 0; 102; 0; 2; 0; 22; 39; 0; 36; 0; 1; 0; 60; 30; 0; 9999; 9999; 9999
1981;03; 0; 0; 0; 0; 36; 0; 17; 0; 60; 1; 1; 1; 0; 0; 0; 45; 84; 22; 8; 11; 0; 0; 0; 0; 0; 9; 0; 43; 156; 44; 2
1981;04; 0; 0; 16; 0; 0; 95; 0; 0; 0; 0; 0; 0; 0; 0; 0; 128; 159; 12; 0; 0; 0; 0; 0; 0; 18; 0; 0; 44; 0; 13; 9999
1981;05; 0; 0; 0; 4; 58; 0; 2; 1; 4; 2; 3; 0; 0; 0; 0; 0; 17; 0; 2; 2; 123; 2; 1; 0; 2; 1; 2; 16; 8; 0; 0
1981;06; 0; 0; 0; 0; 0; 0; 264; 0; 0; 0; 0; 0; 0; 0; 1; 49; 24; 5; 2; 0; 4; 0; 0; 0; 2; 2; 2; 2; 1; 1; 9999
1981;07; 0; 0; 33; 8; 0; 17; 0; 0; 1; 1; 0; 0; 0; 0; 0; 0; 0; 0; 11; 14; 0; 0; 0; 2; 374; 42; 3; 4; 4; 2; 0
1981;08; 0; 0; 0; 0; 0; 0; 0; 0; 0; 12; 27; 0; 13; 0; 0; 0; 0; 171; 0; 0; 0; 1; 2; 0; 0; 0; 0; 0; 1; 2; 3
1981;09; 0; 0; 0; 55; 0; 0; 0; 0; 0; 0; 0; 0; 0; 0; 0; 0; 0; 0; 0; 0; 0; 0; 0; 0; 0; 0; 160; 55; 0; 1; 9999
1981;10; 27; 0; 0; 6; 14; 0; 152; 159; 0; 6; 4; 0; 8; 3; 0; 286; 0; 0; 0; 316; 0; 0; 0; 0; 0; 0; 219; 121; 4; 130; 0
1981;11; 0; 4; 0; 238; 155; 0; 0; 232; 37; 307; 0; 16; 35; 31; 11; 0; 40; 172; 0; 0; 74; 0; 0; 0; 0; 83; 0; 0; 23; 0; 9999
1981;12; 12; 46; 11; 0; 16; 34; 96; 228; 148; 220; 0; 260; 293; 0; 104; 71; 331; 0; 0; 0; 0; 75; 257; 54; 0; 0; 33; 23; 0; 0; 0
1982;01; 0; 582; 264; 35; 0; 0; 0; 110; 13; 83; 168; 195; 0; 0; 0; 0; 0; 0; 0; 0; 1; 0; 373; 214; 0; 0; 0; 5; 138; 24; 0
1982;02; 7; 5; 204; 0; 45; 246; 254; 56; 0; 0; 0; 0; 0; 0; 0; 0; 0; 0; 0; 0; 0; 0; 0; 174; 195; 180; 182; 344; 9999; 9999; 9999
1982;03; 0; 35; 4; 3; 0; 0; 0; 3; 322; 853; 278; 20; 0; 38; 5; 10; 163; 2; 0; 4; 5; 9; 235; 0; 5; 0; 159; 18; 0; 240; 0
1982;04; 188; 0; 0; 0; 0; 3; 22; 2; 0; 0; 0; 0; 10; 122; 144; 33; 0; 0; 0; 0; 0; 0; 0; 0; 0; 0; 0; 10; 41; 0; 9999
1982;05; 0; 0; 1; 21; 20; 2; 0; 0; 0; 0; 0; 0; 0; 0; 0; 0; 0; 0; 0; 68; 0; 0; 0; 0; 26; 80; 12; 0; 0; 0; 0
1982;06; 0; 0; 0; 0; 0; 51; 0; 0; 1; 0; 0; 9999; 141; 8; 0; 40; 9; 0; 0; 0; 0; 48; 281; 11; 136; 184; 1; 2; 25; 19; 9999
1982;07; 73; 0; 1; 0; 0; 0; 0; 0; 0; 0; 0; 57; 1; 19; 0; 1; 0; 0; 191; 1; 0; 3; 0; 0; 0; 0; 3; 2; 1; 113; 1
1982;08; 1; 2; 6; 1; 46; 0; 0; 0; 0; 0; 208; 24; 1; 0; 0; 0; 0; 3; 89; 0; 0; 0; 2; 89; 0; 0; 0; 0; 0; 38; 0
1982;09; 0; 0; 0; 0; 0; 11; 3; 0; 0; 0; 0; 0; 0; 22; 0; 0; 0; 0; 45; 0; 0; 0; 0; 0; 0; 0; 0; 87; 0; 0; 9999
1982;10; 0; 87; 36; 0; 0; 0; 0; 131; 408; 23; 0; 0; 364; 22; 0; 0; 0; 0; 65; 0; 136; 28; 0; 148; 0; 2; 0; 116; 359; 195; 30
1982;11; 0; 0; 0; 0; 0; 166; 5; 39; 22; 0; 0; 74; 0; 0; 668; 166; 6; 0; 0; 28; 40; 9999; 11; 36; 8; 16; 17; 26; 10; 3; 9999
1982;12; 102; 643; 68; 17; 8; 0; 246; 13; 2; 3; 10; 217; 37; 105; 136; 488; 213; 27; 15; 277; 6; 26; 15; 170; 0; 62; 0; 0; 53; 108; 162
1983;01; 162; 0; 0; 0; 3; 316; 6; 0; 70; 2; 299; 308; 88; 79; 6; 3; 26; 140; 209; 372; 414; 0; 46; 23; 24; 60; 79; 22; 0; 0; 0
1983;02; 126; 384; 208; 258; 154; 0; 54; 0; 22; 12; 0; 135; 0; 41; 21; 5; 0; 167; 0; 19; 0; 0; 0; 0; 0; 0; 145; 294; 9999; 9999; 9999
1983;03; 3; 166; 4; 150; 134; 267; 350; 119; 3; 1; 2; 0; 4; 5; 0; 0; 0; 0; 0; 369; 36; 56; 4; 19; 0; 5; 105; 16; 0; 0; 0
1983;04; 0; 0; 0; 0; 0; 152; 366; 12; 0; 0; 0; 0; 262; 3; 0; 0; 0; 1; 54; 2; 3; 446; 16; 0; 268; 93; 16; 45; 0; 0; 9999
1983;05; 0; 0; 0; 0; 0; 0; 0; 0; 14; 1; 1; 2; 55; 2; 1; 1; 1; 4; 1; 98; 2; 1; 1; 150; 10; 0; 0; 28; 510; 488; 274
1983;06; 30; 31; 99; 249; 85; 227; 285; 1; 146; 92; 54; 94; 3; 2; 3; 1; 2; 2; 3; 3; 2; 1; 2; 1; 1; 1; 9; 19; 200; 0; 9999
1983;07; 2; 0; 0; 0; 0; 0; 0; 0; 0; 0; 0; 0; 0; 0; 0; 0; 0; 149; 54; 34; 293; 2; 0; 0; 0; 0; 0; 0; 0; 0; 0
1983;08; 0; 0; 124; 20; 3; 0; 0; 0; 0; 0; 0; 0; 0; 0; 0; 0; 0; 0; 0; 0; 0; 0; 0; 0; 0; 0; 0; 0; 0; 0; 0
1983;09; 0; 1; 50; 77; 108; 364; 74; 65; 65; 0; 2; 30; 248; 19; 0; 222; 0; 184; 243; 37; 0; 20; 302; 352; 77; 0; 0; 0; 0; 0; 9999
1983;10; 0; 476; 43; 5; 0; 35; 0; 0; 0; 0; 0; 0; 4; 146; 45; 0; 0; 26; 112; 0; 0; 23; 80; 354; 0; 0; 0; 0; 0; 0; 0
1983;11; 96; 226; 212; 18; 85; 17; 0; 0; 0; 0; 102; 204; 5; 0; 40; 131; 0; 0; 0; 154; 0; 168; 19; 0; 0; 0; 0; 0; 0; 25; 9999
1983;12; 9; 89; 91; 541; 0; 0; 0; 5; 0; 21; 0; 98; 65; 478; 137; 0; 0; 62; 1; 128; 209; 0; 848; 45; 0; 67; 34; 626; 0; 0; 12
1984;01; 0; 0; 0; 51; 0; 139; 0; 0; 12; 184; 0; 0; 0; 0; 0; 0; 0; 0; 0; 472; 246; 470; 36; 0; 34; 476; 74; 0; 23; 0; 108
1984;02; 0; 0; 0; 0; 0; 0; 0; 0; 0; 0; 0; 0; 0; 0; 0; 0; 238; 0; 0; 0; 0; 0; 0; 0; 0; 42; 0; 32; 0; 9999; 9999
1984;03; 0; 0; 0; 0; 234; 0; 12; 61; 9; 0; 0; 0; 0; 0; 0; 0; 0; 0; 0; 65; 40; 0; 0; 0; 0; 0; 118; 0; 0; 193; 68
1984;04; 0; 0; 0; 421; 8; 0; 0; 0; 54; 19; 0; 0; 0; 0; 0; 0; 0; 0; 0; 307; 251; 0; 0; 0; 151; 0; 0; 216; 0; 13; 9999
1984;05; 55; 74; 24; 0; 0; 0; 0; 46; 0; 0; 0; 0; 9; 68; 45; 0; 0; 494; 0; 2; 3; 4; 3; 2; 1; 2; 2; 2; 1; 1; 0
1984;06; 2; 1; 1; 1; 1; 1; 1; 1; 1; 1; 1; 1; 1; 9; 1; 2; 3; 1; 1; 2; 2; 1; 1; 1; 1; 2; 2; 9; 0; 10; 9999
1984;07; 0; 0; 2; 35; 1; 3; 3; 2; 2; 3; 0; 0; 0; 0; 0; 0; 0; 0; 0; 0; 0; 0; 0; 0; 0; 8; 0; 71; 0; 3; 0
1984;08; 1; 0; 242; 0; 0; 0; 0; 0; 0; 0; 0; 0; 0; 0; 0; 0; 0; 0; 0; 8; 0; 5; 208; 40; 44; 33; 0; 0; 0; 0; 0
1984;09; 0; 0; 0; 0; 0; 0; 4; 33; 230; 0; 0; 0; 0; 0; 0; 0; 0; 0; 0; 70; 120; 0; 0; 0; 0; 0; 213; 112; 0; 0; 9999
1984;10; 0; 0; 0; 0; 0; 0; 0; 0; 0; 0; 0; 0; 0; 0; 0; 0; 0; 0; 216; 0; 0; 0; 0; 0; 0; 0; 0; 0; 0; 0; 0
1984;11; 0; 0; 0; 0; 0; 7; 0; 0; 94; 61; 91; 310; 31; 0; 0; 0; 99; 100; 39; 0; 89; 0; 0; 0; 55; 121; 14; 1; 0; 0; 9999
1984;12; 0; 112; 392; 0; 0; 0; 0; 284; 0; 0; 0; 0; 27; 105; 160; 9; 7; 186; 0; 0; 0; 0; 0; 5; 7; 255; 51; 0; 236; 100; 333
1985;01; 23; 24; 12; 0; 0; 32; 23; 63; 458; 0; 0; 0; 0; 0; 121; 7; 788; 61; 0; 3; 28; 17; 68; 216; 0; 20; 0; 34; 0; 0; 46
1985;02; 9999; 9999; 9999; 9999; 9999; 9999; 9999; 9999; 9999; 9999; 9999; 9999; 9999; 9999; 9999; 9999; 9999; 9999; 9999; 9999; 9999; 9999; 9999; 9999; 9999; 9999; 9999; 9999; 9999; 9999; 9999
1985;03; 101; 63; 90; 51; 10; 40; 210; 0; 44; 0; 93; 3; 0; 3; 0; 115; 268; 10; 0; 0; 0; 0; 0; 0; 0; 0; 0; 18; 0; 0; 11
1985;04; 48; 0; 0; 0; 9; 23; 27; 258; 13; 12; 153; 0; 0; 0; 0; 0; 100; 51; 0; 0; 0; 0; 0; 1; 1; 0; 0; 0; 0; 0; 9999
1985;05; 258; 66; 2; 0; 0; 0; 0; 0; 0; 0; 0; 0; 0; 0; 0; 0; 0; 0; 0; 0; 131; 378; 0; 0; 0; 0; 1; 1; 2; 3; 3
1985;06; 0; 0; 43; 81; 0; 0; 0; 0; 0; 70; 1; 1; 0; 0; 0; 2; 2; 2; 2; 1; 1; 2; 2; 2; 2; 2; 2; 1; 0; 0; 9999
1985;07; 0; 0; 0; 0; 0; 0; 0; 1; 2; 3; 0; 0; 0; 0; 0; 0; 0; 0; 0; 0; 0; 0; 0; 0; 0; 0; 0; 0; 0; 0; 0
1985;08; 0; 0; 2; 0; 0; 0; 0; 0; 0; 0; 0; 0; 0; 0; 0; 0; 0; 0; 6; 0; 0; 0; 52; 0; 0; 0; 0; 0; 0; 0; 141
1985;09; 62; 160; 0; 42; 95; 62; 0; 0; 0; 0; 0; 0; 0; 0; 0; 0; 0; 0; 0; 0; 47; 0; 0; 146; 0; 0; 0; 0; 23; 273; 9999
1985;10; 0; 0; 17; 0; 0; 0; 0; 53; 0; 23; 0; 0; 0; 0; 0; 0; 0; 0; 0; 0; 0; 0; 0; 0; 82; 0; 0; 0; 219; 149; 172
1985;11; 0; 62; 287; 62; 0; 0; 0; 0; 0; 0; 0; 0; 0; 0; 0; 0; 0; 0; 0; 0; 0; 134; 12; 2; 34; 9999; 4; 3; 4; 56; 9999
1985;12; 0; 4; 8; 465; 57; 39; 0; 0; 0; 0; 0; 0; 0; 0; 125; 29; 0; 0; 0; 0; 96; 0; 0; 0; 148; 278; 23; 0; 5; 85; 0
1986;01; 0; 0; 115; 0; 0; 135; 0; 0; 0; 219; 0; 138; 0; 0; 0; 0; 0; 0; 2; 181; 58; 97; 12; 220; 0; 14; 173; 22; 0; 0; 0
1986;02; 0; 0; 117; 26; 0; 22; 13; 148; 197; 257; 0; 109; 13; 323; 0; 125; 57; 0; 145; 112; 9999; 20; 0; 0; 22; 42; 11; 38; 9999; 9999; 9999
1986;03; 0; 154; 41; 142; 116; 11; 136; 7; 56; 146; 21; 1; 16; 12; 2; 376; 96; 367; 76; 456; 15; 3; 0; 194; 4; 127; 74; 0; 4; 68; 2
1986;04; 2; 1; 0; 4; 0; 0; 0; 0; 0; 0; 30; 0; 0; 0; 123; 132; 30; 0; 0; 0; 0; 23; 1; 2; 2; 2; 15; 14; 2; 2; 9999
1986;05; 3; 2; 2; 3; 4; 2; 76; 0; 9999; 0; 25; 0; 180; 0; 0; 0; 0; 0; 215; 0; 58; 0; 8; 0; 0; 0; 0; 0; 0; 91; 0
1986;06; 1; 1; 2; 2; 3; 2; 1; 1; 2; 2; 3; 3; 3; 2; 2; 4; 1; 1; 1; 0; 0; 0; 0; 0; 0; 1; 0; 5; 0; 0; 9999
1986;07; 0; 0; 0; 0; 14; 2; 34; 1; 1; 2; 0; 0; 0; 0; 0; 0; 0; 0; 0; 0; 0; 3; 0; 56; 0; 0; 0; 0; 0; 0; 0
1986;08; 0; 0; 2; 0; 0; 0; 2; 0; 0; 0; 0; 0; 115; 20; 8; 21; 15; 6; 8; 2; 215; 206; 191; 0; 121; 0; 0; 0; 0; 0; 5
1986;09; 3; 0; 0; 0; 0; 0; 0; 0; 0; 0; 0; 0; 0; 0; 0; 0; 0; 0; 0; 0; 175; 0; 0; 0; 135; 139; 38; 0; 123; 0; 9999
1986;10; 0; 0; 0; 0; 0; 0; 0; 0; 0; 0; 128; 0; 0; 0; 0; 0; 0; 0; 10; 97; 100; 216; 0; 0; 0; 0; 0; 78; 0; 0; 0
1986;11; 0; 0; 0; 11; 176; 9999; 173; 0; 0; 12; 251; 112; 0; 0; 0; 0; 0; 0; 0; 0; 0; 0; 0; 4; 0; 0; 51; 0; 179; 17; 9999
1986;12; 171; 767; 4; 427; 384; 23; 76; 43; 295; 43; 0; 172; 0; 0; 150; 280; 58; 0; 173; 53; 0; 21; 12; 41; 51; 20; 78; 8; 40; 446; 2
1987;01; 25; 18; 85; 173; 23; 119; 0; 0; 43; 68; 0; 248; 240; 0; 0; 0; 168; 80; 8; 0; 0; 0; 91; 507; 256; 88; 121; 11; 229; 46; 1
1987;02; 58; 56; 259; 0; 0; 45; 25; 78; 103; 155; 14; 0; 75; 92; 51; 135; 180; 78; 0; 23; 0; 0; 0; 0; 0; 0; 0; 0; 9999; 9999; 9999
1987;03; 0; 0; 0; 0; 0; 0; 0; 46; 582; 220; 268; 0; 0; 0; 0; 0; 0; 36; 0; 0; 3; 113; 0; 0; 0; 0; 0; 0; 0; 0; 0
1987;04; 0; 0; 5; 352; 238; 493; 5; 116; 137; 2; 64; 14; 0; 0; 0; 0; 0; 0; 0; 0; 17; 12; 176; 0; 0; 0; 0; 0; 0; 0; 9999
1987;05; 0; 0; 0; 0; 362; 221; 92; 0; 112; 6; 0; 17; 0; 0; 0; 254; 0; 74; 0; 140; 234; 0; 0; 0; 55; 0; 1; 2; 171; 2; 0
1987;06; 0; 0; 0; 0; 0; 2; 204; 4; 2; 3; 2; 3; 2; 102; 291; 162; 2; 1; 0; 0; 0; 0; 82; 12; 2; 2; 2; 3; 7; 3; 9999
1987;07; 0; 1; 2; 2; 3; 3; 2; 3; 17; 35; 3; 3; 3; 2; 2; 1; 2; 2; 2; 2; 2; 0; 0; 0; 0; 0; 0; 0; 1; 2; 22
1987;08; 1; 1; 1; 0; 0; 3; 1; 1; 0; 0; 0; 1; 2; 2; 1; 0; 1; 4; 1; 0; 0; 12; 1; 1; 1; 2; 2; 0; 0; 1; 3
1987;09; 1; 1; 0; 0; 2; 33; 0; 3; 0; 0; 60; 13; 4; 3; 0; 0; 0; 0; 98; 3; 11; 137; 17; 12; 3; 0; 0; 88; 0; 18; 9999
1987;10; 1; 35; 11; 0; 0; 225; 6; 2; 1; 1; 0; 2; 1; 1; 0; 0; 0; 0; 2; 122; 215; 0; 0; 0; 37; 0; 0; 0; 32; 11; 0
1987;11; 0; 0; 0; 0; 0; 27; 0; 0; 57; 4; 0; 0; 0; 0; 0; 140; 0; 0; 0; 0; 0; 88; 0; 0; 24; 348; 0; 0; 0; 0; 9999
1987;12; 0; 0; 7; 7; 23; 0; 223; 0; 25; 250; 0; 0; 0; 150; 0; 0; 0; 5; 526; 26; 0; 31; 0; 0; 0; 0; 0; 0; 0; 0; 0
1988;01; 0; 0; 0; 0; 8; 55; 262; 7; 353; 195; 2; 5; 57; 0; 0; 145; 0; 2; 8; 0; 0; 0; 9; 8; 388; 0; 0; 13; 60; 12; 92
1988;02; 86; 0; 0; 0; 75; 0; 0; 141; 125; 195; 153; 0; 5; 25; 380; 0; 78; 132; 11; 104; 0; 292; 0; 0; 0; 0; 0; 0; 88; 9999; 9999
1988;03; 8; 251; 80; 447; 0; 0; 5; 13; 8; 63; 0; 0; 0; 2; 2; 0; 252; 310; 489; 4; 4; 4; 3; 4; 4; 5; 4; 3; 3; 4; 4
1988;04; 4; 226; 66; 3; 3; 0; 0; 0; 18; 0; 0; 72; 65; 251; 10; 1; 1; 2; 0; 90; 0; 0; 0; 0; 2; 1; 29; 0; 32; 3; 9999
1988;05; 0; 0; 3; 15; 82; 15; 8; 1; 102; 2; 2; 0; 0; 69; 0; 0; 55; 65; 26; 2; 2; 188; 157; 84; 0; 0; 0; 0; 40; 358; 0
1988;06; 1; 3; 2; 146; 0; 4; 2; 1; 1; 1; 1; 2; 1; 141; 81; 1; 1; 2; 2; 1; 2; 1; 1; 0; 57; 35; 3; 2; 1; 3; 9999
1988;07; 2; 2; 1; 1; 2; 1; 2; 1; 1; 2; 1; 2; 3; 17; 3; 2; 1; 1; 2; 1; 1; 1; 2; 2; 1; 1; 2; 2; 3; 1; 2
1988;08; 1; 1; 1; 2; 0; 0; 0; 0; 0; 0; 1; 1; 0; 0; 0; 0; 0; 0; 0; 0; 0; 0; 0; 0; 0; 0; 0; 0; 0; 0; 0
1988;09; 0; 0; 0; 0; 0; 0; 0; 0; 0; 0; 0; 0; 0; 0; 184; 13; 22; 250; 0; 0; 0; 0; 0; 0; 0; 0; 0; 0; 15; 0; 9999
1988;10; 0; 0; 0; 0; 14; 63; 0; 0; 0; 0; 0; 0; 398; 0; 0; 0; 130; 0; 95; 89; 51; 0; 0; 0; 0; 234; 17; 126; 0; 89; 0
1988;11; 17; 0; 34; 0; 0; 96; 0; 86; 0; 0; 0; 0; 124; 5; 0; 0; 0; 0; 0; 74; 0; 0; 26; 0; 0; 0; 340; 62; 0; 0; 9999
1988;12; 0; 0; 0; 0; 0; 0; 0; 0; 0; 0; 0; 0; 0; 82; 164; 0; 0; 0; 0; 0; 563; 34; 236; 0; 138; 14; 136; 36; 0; 12; 68
1989;01; 23; 66; 1; 19; 100; 112; 76; 37; 0; 200; 41; 108; 41; 230; 17; 83; 78; 9; 142; 20; 124; 0; 218; 0; 0; 0; 0; 39; 0; 0; 0
1989;02; 0; 23; 56; 176; 13; 0; 0; 10; 223; 172; 164; 373; 17; 489; 459; 187; 0; 110; 40; 256; 0; 13; 0; 169; 208; 78; 0; 0; 9999; 9999; 9999
1989;03; 0; 60; 0; 110; 90; 21; 0; 0; 0; 0; 0; 0; 0; 214; 9; 28; 17; 0; 0; 67; 0; 1; 2; 4; 0; 0; 87; 336; 9; 0; 0
1989;04; 17; 200; 254; 0; 0; 0; 0; 0; 0; 1; 0; 283; 317; 0; 0; 0; 0; 0; 6; 47; 1; 0; 0; 0; 0; 2; 1; 0; 0; 0; 9999
1989;05; 0; 126; 0; 0; 0; 12; 0; 32; 1; 1; 1; 0; 0; 0; 0; 0; 1; 1; 0; 1; 1; 2; 3; 3; 0; 102; 1; 10; 0; 0; 0
1989;06; 0; 0; 0; 0; 0; 0; 0; 0; 0; 0; 131; 300; 5; 0; 0; 0; 0; 0; 0; 0; 0; 0; 0; 0; 71; 41; 0; 0; 0; 0; 9999
1989;07; 0; 0; 0; 0; 0; 0; 13; 18; 0; 0; 0; 0; 0; 2; 2; 0; 1; 2; 2; 3; 1; 2; 1; 1; 1; 29; 220; 323; 24; 171; 263
1989;08; 2; 1; 1; 2; 3; 3; 1; 0; 0; 0; 0; 0; 0; 0; 0; 0; 0; 0; 0; 0; 0; 0; 117; 0; 0; 84; 0; 92; 0; 0; 0
1989;09; 0; 94; 0; 0; 0; 4; 0; 0; 200; 95; 0; 0; 126; 3; 8; 0; 0; 0; 0; 0; 0; 0; 0; 0; 10; 125; 120; 0; 0; 0; 9999
1989;10; 0; 0; 0; 0; 0; 0; 0; 0; 0; 0; 0; 302; 0; 0; 0; 0; 0; 0; 0; 0; 0; 0; 0; 0; 0; 0; 42; 127; 0; 0; 0
1989;11; 0; 0; 0; 57; 0; 0; 0; 0; 0; 720; 0; 23; 98; 0; 0; 0; 0; 0; 0; 2; 124; 8; 184; 0; 25; 0; 0; 4; 0; 0; 9999
1989;12; 0; 0; 0; 0; 0; 0; 0; 0; 0; 0; 0; 159; 41; 130; 124; 75; 0; 0; 0; 182; 100; 0; 0; 0; 0; 0; 264; 114; 126; 85; 135
1990;01; 58; 220; 85; 9; 327; 41; 0; 226; 40; 84; 0; 1; 200; 0; 0; 14; 16; 25; 27; 0; 40; 13; 231; 0; 0; 123; 0; 382; 0; 0; 0
1990;02; 0; 0; 0; 0; 0; 0; 0; 0; 0; 26; 14; 0; 7; 42; 33; 45; 0; 0; 0; 0; 0; 0; 209; 30; 0; 356; 53; 374; 9999; 9999; 9999
1990;03; 108; 0; 0; 0; 0; 0; 153; 0; 653; 0; 0; 0; 0; 0; 0; 0; 0; 47; 212; 21; 2; 21; 165; 0; 94; 0; 0; 0; 236; 0; 0
1990;04; 0; 0; 0; 0; 0; 68; 0; 0; 56; 0; 0; 0; 0; 0; 126; 0; 0; 4; 200; 114; 0; 2; 0; 0; 0; 0; 0; 0; 0; 5; 9999
1990;05; 147; 147; 0; 0; 0; 0; 47; 0; 0; 0; 0; 40; 0; 2; 3; 64; 14; 42; 0; 0; 0; 0; 0; 0; 0; 0; 0; 0; 0; 0; 0
1990;06; 0; 0; 0; 0; 0; 0; 12; 0; 0; 0; 0; 0; 0; 0; 48; 0; 0; 0; 0; 0; 47; 0; 0; 0; 0; 0; 0; 0; 0; 0; 9999
1990;07; 0; 0; 0; 0; 47; 96; 0; 0; 0; 0; 71; 51; 0; 0; 0; 0; 178; 14; 115; 56; 5; 9; 0; 10; 0; 0; 0; 91; 0; 0; 0
1990;08; 0; 0; 0; 0; 0; 0; 0; 0; 0; 0; 0; 0; 0; 0; 0; 0; 134; 84; 0; 161; 0; 0; 0; 0; 0; 0; 0; 0; 22; 0; 0
1990;09; 0; 141; 0; 0; 2; 0; 0; 0; 0; 0; 0; 0; 63; 323; 0; 0; 0; 0; 0; 0; 0; 0; 36; 167; 15; 0; 0; 0; 0; 0; 9999
1990;10; 22; 186; 32; 0; 0; 0; 0; 0; 0; 0; 0; 0; 121; 0; 0; 19; 121; 0; 0; 120; 0; 0; 0; 0; 46; 0; 0; 0; 0; 0; 0
1990;11; 0; 214; 0; 0; 0; 0; 78; 4; 0; 0; 0; 0; 0; 0; 0; 0; 0; 66; 0; 0; 0; 0; 0; 136; 178; 0; 0; 6; 0; 0; 9999
1990;12; 0; 0; 0; 51; 0; 0; 0; 68; 0; 0; 17; 26; 0; 71; 0; 0; 0; 0; 0; 258; 0; 0; 0; 0; 34; 66; 17; 0; 0; 0; 117
1991;01; 0; 102; 0; 98; 168; 13; 0; 0; 306; 0; 21; 320; 13; 10; 73; 687; 0; 59; 0; 0; 0; 0; 77; 123; 0; 194; 756; 0; 0; 228; 38
1991;02; 22; 122; 0; 73; 0; 41; 22; 51; 0; 0; 0; 0; 516; 87; 0; 124; 0; 0; 0; 0; 0; 0; 64; 0; 0; 0; 0; 0; 9999; 9999; 9999
1991;03; 212; 21; 18; 0; 162; 168; 12; 0; 0; 28; 0; 21; 147; 159; 12; 0; 0; 0; 0; 84; 0; 136; 43; 46; 11; 203; 281; 485; 157; 184; 21
1991;04; 21; 0; 0; 0; 114; 0; 0; 0; 0; 0; 0; 0; 0; 68; 0; 74; 0; 0; 0; 0; 0; 0; 0; 0; 50; 466; 178; 6; 0; 0; 9999
1991;05; 0; 0; 0; 0; 0; 2; 12; 158; 0; 0; 0; 0; 0; 0; 0; 78; 0; 0; 0; 0; 0; 0; 0; 0; 0; 0; 0; 1; 0; 0; 0
1991;06; 0; 0; 0; 0; 0; 0; 0; 0; 15; 0; 0; 0; 0; 0; 0; 0; 3; 0; 0; 0; 2; 0; 5; 53; 246; 0; 0; 0; 0; 9; 9999
1991;07; 5; 0; 0; 0; 0; 0; 0; 0; 0; 0; 35; 0; 0; 97; 0; 0; 0; 0; 0; 0; 0; 0; 0; 0; 0; 0; 0; 0; 0; 0; 0
1991;08; 0; 0; 0; 0; 0; 0; 0; 165; 0; 0; 0; 0; 0; 0; 1; 0; 0; 0; 0; 0; 0; 0; 0; 0; 0; 0; 0; 0; 0; 0; 0
1991;09; 0; 0; 0; 0; 0; 0; 0; 0; 0; 0; 0; 0; 0; 0; 0; 0; 0; 0; 31; 115; 0; 0; 0; 0; 0; 106; 0; 0; 106; 282; 9999
1991;10; 128; 0; 288; 0; 0; 8; 413; 10; 37; 34; 0; 0; 0; 0; 0; 0; 0; 0; 0; 0; 0; 0; 0; 0; 0; 0; 0; 0; 0; 0; 16
1991;11; 2; 6; 140; 0; 0; 0; 0; 0; 0; 64; 0; 0; 112; 9; 0; 10; 0; 0; 0; 0; 0; 0; 0; 0; 0; 0; 0; 0; 0; 0; 9999
1991;12; 56; 23; 0; 0; 0; 15; 100; 3; 0; 54; 55; 0; 0; 0; 0; 117; 26; 0; 13; 84; 0; 0; 172; 86; 7; 0; 52; 72; 0; 16; 6
1992;01; 42; 80; 0; 0; 56; 0; 0; 0; 0; 0; 11; 33; 17; 71; 0; 194; 0; 32; 5; 0; 0; 69; 122; 29; 0; 0; 0; 0; 231; 0; 278
1992;02; 69; 0; 0; 8; 0; 212; 95; 133; 72; 0; 0; 0; 0; 75; 0; 0; 0; 0; 0; 0; 0; 0; 0; 0; 0; 382; 0; 333; 0; 9999; 9999
1992;03; 0; 45; 4; 29; 144; 51; 0; 0; 27; 170; 0; 8; 2; 0; 0; 0; 94; 104; 173; 10; 0; 0; 0; 6; 0; 56; 0; 0; 0; 288; 9
1992;04; 169; 0; 0; 0; 0; 0; 0; 0; 2; 0; 0; 0; 0; 231; 0; 0; 0; 0; 0; 10; 13; 0; 0; 0; 0; 0; 182; 29; 0; 3; 9999
1992;05; 0; 261; 1; 152; 18; 0; 0; 0; 0; 0; 0; 3; 0; 36; 0; 0; 0; 0; 64; 47; 0; 0; 97; 1; 0; 0; 0; 0; 0; 0; 0
1992;06; 0; 0; 0; 0; 0; 0; 0; 0; 0; 0; 0; 0; 0; 0; 0; 0; 0; 0; 0; 0; 0; 0; 0; 0; 0; 0; 0; 0; 0; 0; 9999
1992;07; 0; 0; 0; 0; 0; 0; 106; 235; 243; 0; 0; 0; 0; 0; 0; 3; 0; 0; 0; 0; 7; 0; 0; 19; 20; 0; 0; 0; 0; 0; 0
1992;08; 0; 0; 1; 0; 0; 0; 0; 0; 0; 0; 0; 0; 0; 0; 0; 0; 0; 0; 10; 0; 0; 16; 57; 42; 0; 0; 0; 0; 39; 0; 0
1992;09; 31; 0; 0; 0; 45; 12; 310; 9; 0; 0; 0; 0; 135; 1; 32; 257; 0; 142; 0; 0; 0; 0; 0; 0; 0; 46; 0; 106; 0; 0; 9999
1992;10; 0; 61; 88; 3; 0; 0; 69; 0; 210; 0; 0; 97; 130; 0; 0; 0; 0; 0; 23; 0; 0; 10; 0; 0; 0; 0; 38; 87; 67; 176; 1
1992;11; 0; 56; 0; 0; 64; 80; 169; 52; 304; 46; 0; 0; 0; 0; 0; 30; 291; 4; 0; 0; 0; 0; 0; 0; 158; 155; 33; 0; 0; 0; 9999
1992;12; 0; 406; 0; 0; 0; 0; 0; 67; 20; 0; 91; 138; 0; 0; 0; 0; 0; 240; 0; 0; 52; 0; 0; 0; 0; 0; 0; 0; 0; 17; 0
1993;01; 0; 0; 0; 32; 45; 41; 71; 0; 0; 116; 52; 66; 23; 390; 0; 0; 0; 23; 252; 253; 70; 5; 0; 3; 57; 0; 260; 0; 0; 152; 157
1993;02; 0; 0; 42; 255; 42; 0; 6; 16; 0; 82; 230; 0; 84; 0; 482; 215; 61; 0; 83; 0; 51; 259; 87; 40; 9; 1023; 22; 51; 9999; 9999; 9999
1993;03; 0; 61; 0; 131; 0; 4; 0; 0; 0; 0; 0; 389; 0; 0; 0; 0; 0; 0; 0; 0; 0; 0; 52; 458; 135; 38; 3; 82; 31; 238; 84
1993;04; 0; 7; 84; 0; 53; 6; 21; 1; 79; 0; 0; 0; 0; 0; 0; 2; 1; 0; 0; 0; 0; 0; 56; 146; 161; 0; 0; 0; 0; 0; 9999
1993;05; 0; 0; 0; 80; 0; 129; 0; 0; 0; 0; 0; 0; 0; 0; 52; 2; 0; 0; 0; 0; 0; 0; 0; 0; 0; 1; 0; 0; 0; 7; 270
1993;06; 94; 2; 0; 0; 0; 30; 1; 0; 31; 2; 62; 0; 2; 0; 0; 0; 0; 0; 71; 1; 0; 0; 0; 0; 0; 2; 2; 0; 0; 0; 9999
1993;07; 0; 0; 0; 0; 0; 0; 0; 2; 0; 0; 0; 0; 0; 0; 68; 13; 0; 0; 0; 0; 0; 0; 0; 0; 0; 0; 0; 0; 0; 0; 0
1993;08; 0; 0; 0; 0; 0; 0; 0; 0; 0; 0; 0; 0; 0; 0; 0; 0; 0; 0; 0; 0; 0; 0; 0; 29; 122; 0; 0; 0; 0; 0; 0
1993;09; 0; 0; 0; 15; 0; 0; 0; 0; 0; 6; 27; 54; 0; 0; 27; 261; 90; 0; 0; 0; 43; 191; 218; 255; 222; 6; 20; 106; 0; 0; 9999
1993;10; 0; 26; 0; 20; 182; 192; 0; 0; 0; 0; 0; 0; 0; 0; 0; 0; 167; 2; 77; 245; 0; 0; 41; 155; 35; 0; 21; 0; 0; 0; 0
1993;11; 0; 0; 3; 0; 0; 0; 85; 50; 4; 0; 0; 0; 0; 0; 0; 0; 0; 348; 63; 362; 0; 0; 0; 13; 4; 0; 153; 0; 0; 0; 9999
1993;12; 0; 52; 0; 0; 10; 49; 0; 0; 14; 0; 139; 19; 0; 0; 0; 0; 18; 113; 0; 165; 22; 0; 0; 0; 10; 0; 94; 0; 71; 33; 67
1994;01; 0; 0; 0; 0; 7; 6; 0; 18; 64; 119; 0; 0; 6; 277; 0; 84; 13; 0; 289; 196; 196; 0; 0; 476; 84; 26; 81; 18; 376; 0; 13
1994;02; 256; 0; 0; 0; 0; 448; 50; 438; 22; 0; 0; 10; 95; 6; 0; 110; 0; 0; 0; 320; 0; 0; 0; 0; 0; 105; 104; 15; 9999; 9999; 9999
1994;03; 738; 135; 28; 19; 0; 0; 0; 171; 0; 6; 157; 242; 0; 0; 0; 0; 0; 0; 0; 111; 0; 0; 25; 0; 0; 74; 135; 0; 0; 0; 2
1994;04; 300; 81; 38; 0; 0; 0; 0; 2; 4; 0; 0; 0; 0; 0; 40; 0; 0; 4; 73; 9; 0; 0; 35; 0; 0; 0; 10; 0; 0; 0; 9999
1994;05; 0; 0; 0; 33; 0; 0; 0; 0; 0; 0; 160; 0; 0; 196; 448; 17; 0; 0; 0; 0; 0; 15; 0; 3; 1; 0; 0; 214; 0; 8; 0
1994;06; 0; 0; 0; 0; 0; 0; 0; 0; 0; 60; 0; 1; 0; 1; 0; 0; 0; 0; 0; 0; 0; 0; 191; 0; 10; 31; 0; 0; 0; 0; 9999
1994;07; 0; 0; 0; 0; 0; 0; 0; 0; 86; 0; 0; 3; 0; 0; 0; 0; 0; 0; 0; 0; 0; 0; 15; 99; 0; 0; 0; 0; 0; 0; 0
1994;08; 0; 0; 0; 0; 0; 0; 0; 0; 0; 0; 0; 0; 0; 0; 0; 0; 0; 0; 0; 0; 0; 0; 0; 0; 0; 0; 0; 0; 0; 0; 0
1994;09; 0; 0; 0; 0; 0; 0; 0; 0; 0; 0; 0; 0; 0; 0; 0; 0; 0; 0; 0; 0; 0; 0; 0; 0; 0; 0; 4; 12; 0; 0; 9999
1994;10; 0; 10; 0; 20; 0; 0; 0; 0; 0; 0; 0; 0; 0; 41; 0; 0; 10; 18; 0; 0; 90; 0; 0; 0; 156; 151; 281; 13; 197; 0; 59
1994;11; 0; 134; 0; 0; 0; 0; 65; 0; 0; 0; 0; 0; 0; 89; 79; 0; 0; 0; 794; 0; 0; 0; 0; 0; 0; 0; 0; 0; 475; 30; 9999
1994;12; 0; 0; 51; 0; 0; 123; 536; 296; 0; 0; 31; 73; 0; 0; 0; 0; 35; 134; 72; 0; 0; 486; 233; 0; 0; 0; 0; 0; 0; 0; 0
1995;01; 13; 21; 96; 345; 7; 0; 0; 0; 260; 0; 42; 20; 376; 0; 0; 0; 0; 148; 6; 106; 34; 185; 18; 0; 0; 0; 85; 88; 135; 29; 21
1995;02; 18; 0; 80; 308; 711; 0; 163; 213; 170; 35; 0; 23; 73; 430; 320; 0; 118; 96; 455; 99; 214; 12; 0; 0; 0; 0; 0; 0; 9999; 9999; 9999
1995;03; 0; 0; 0; 0; 40; 65; 225; 177; 192; 0; 0; 0; 166; 0; 0; 162; 0; 0; 0; 94; 14; 0; 0; 72; 193; 13; 0; 0; 0; 183; 184
1995;04; 66; 28; 0; 0; 0; 0; 0; 0; 0; 0; 0; 349; 3; 0; 0; 0; 0; 0; 50; 0; 87; 158; 0; 0; 0; 0; 0; 0; 0; 0; 9999
1995;05; 0; 0; 0; 0; 0; 44; 47; 39; 0; 0; 433; 0; 0; 0; 0; 0; 0; 0; 56; 0; 0; 18; 0; 0; 0; 0; 0; 0; 0; 0; 0
1995;06; 0; 0; 0; 0; 0; 0; 0; 0; 0; 0; 0; 0; 0; 0; 0; 0; 0; 0; 76; 9; 2; 0; 0; 0; 0; 88; 0; 0; 0; 13; 9999
1995;07; 0; 0; 0; 0; 0; 0; 0; 0; 0; 0; 0; 0; 0; 0; 0; 0; 67; 542; 0; 0; 0; 139; 0; 0; 0; 0; 0; 0; 0; 0; 0
1995;08; 0; 0; 0; 0; 17; 149; 0; 0; 0; 0; 0; 0; 0; 0; 0; 0; 0; 0; 0; 0; 0; 0; 0; 0; 0; 0; 0; 0; 0; 0; 0
1995;09; 0; 0; 0; 0; 0; 0; 0; 0; 0; 0; 0; 0; 13; 0; 0; 0; 0; 36; 21; 21; 19; 4; 0; 9; 49; 0; 117; 0; 48; 0; 9999
1995;10; 0; 0; 0; 0; 0; 0; 99; 0; 11; 0; 0; 0; 0; 241; 62; 184; 208; 210; 9; 19; 338; 18; 0; 0; 0; 0; 0; 0; 174; 102; 225
1995;11; 36; 0; 7; 2; 0; 0; 0; 0; 0; 0; 57; 0; 55; 13; 47; 130; 0; 0; 69; 0; 0; 0; 0; 371; 0; 108; 0; 66; 0; 0; 9999
1995;12; 0; 0; 0; 0; 21; 0; 0; 0; 6; 0; 0; 0; 580; 135; 0; 0; 0; 0; 15; 41; 0; 0; 93; 0; 136; 52; 279; 397; 403; 61; 26
1996;01; 0; 147; 491; 544; 0; 43; 190; 294; 146; 23; 14; 0; 0; 12; 0; 0; 92; 36; 119; 189; 125; 56; 83; 19; 14; 70; 520; 0; 0; 0; 0
1996;02; 0; 6; 51; 21; 34; 3; 363; 3; 49; 0; 10; 119; 233; 24; 67; 0; 0; 5; 54; 23; 87; 54; 0; 0; 8; 50; 278; 462; 0; 9999; 9999
1996;03; 582; 24; 0; 132; 35; 8; 397; 584; 280; 31; 0; 9; 9; 366; 0; 25; 82; 24; 51; 67; 5; 433; 0; 0; 0; 0; 0; 56; 0; 0; 0
1996;04; 159; 0; 0; 0; 0; 0; 0; 0; 0; 0; 40; 0; 18; 19; 0; 190; 247; 189; 0; 0; 10; 0; 0; 0; 0; 0; 19; 12; 0; 0; 9999
1996;05; 0; 0; 30; 0; 0; 0; 0; 0; 0; 0; 0; 0; 0; 0; 0; 228; 95; 0; 12; 0; 0; 0; 46; 3; 17; 0; 0; 0; 0; 0; 0
1996;06; 32; 0; 35; 0; 0; 0; 0; 0; 0; 0; 0; 0; 0; 0; 0; 0; 0; 0; 0; 0; 0; 0; 0; 0; 0; 0; 0; 95; 13; 0; 9999
1996;07; 0; 0; 0; 0; 0; 0; 0; 0; 0; 0; 0; 0; 0; 0; 0; 0; 0; 0; 0; 0; 0; 0; 0; 0; 0; 0; 0; 44; 0; 0; 0
1996;08; 0; 0; 0; 0; 0; 0; 0; 0; 0; 0; 52; 25; 0; 0; 177; 0; 0; 0; 0; 3; 0; 0; 0; 0; 0; 0; 0; 0; 0; 0; 0
1996;09; 3; 0; 17; 175; 0; 54; 205; 0; 0; 195; 772; 114; 0; 0; 0; 0; 0; 0; 0; 0; 0; 0; 0; 0; 42; 0; 0; 0; 0; 20; 9999
1996;10; 0; 0; 0; 378; 0; 0; 9; 0; 0; 0; 84; 0; 2; 45; 105; 0; 0; 0; 0; 0; 7; 12; 5; 86; 0; 6; 35; 156; 0; 0; 0
1996;11; 0; 10; 48; 24; 0; 0; 0; 0; 0; 0; 0; 0; 720; 902; 46; 0; 36; 0; 0; 0; 0; 0; 15; 0; 0; 0; 0; 0; 0; 0; 9999
1996;12; 47; 93; 131; 82; 65; 64; 55; 64; 0; 0; 0; 152; 98; 227; 0; 0; 82; 9; 0; 4; 84; 68; 157; 373; 51; 0; 0; 0; 308; 29; 38
1997;01; 9999; 9999; 9999; 9999; 9999; 9999; 9999; 0; 0; 63; 72; 138; 283; 38; 138; 7; 113; 22; 0; 74; 2; 32; 118; 186; 27; 117; 260; 131; 19; 0; 9
1997;02; 107; 0; 169; 411; 0; 0; 0; 122; 43; 53; 0; 104; 421; 0; 0; 18; 160; 131; 33; 3; 183; 5; 126; 0; 0; 0; 0; 0; 9999; 9999; 9999
1997;03; 9999; 9999; 9999; 9999; 9999; 9999; 9999; 9999; 9999; 9999; 9999; 9999; 9999; 9999; 9999; 9999; 9999; 9999; 9999; 9999; 9999; 9999; 9999; 9999; 9999; 9999; 9999; 9999; 9999; 9999; 9999
1997;04; 169; 278; 0; 0; 0; 0; 0; 0; 0; 0; 0; 0; 0; 0; 0; 0; 0; 0; 2; 1; 1; 0; 0; 0; 0; 0; 3; 1; 1; 0; 9999
1997;05; 0; 0; 0; 0; 3; 0; 0; 0; 0; 0; 0; 0; 0; 0; 0; 0; 0; 0; 0; 0; 0; 0; 18; 0; 363; 10; 0; 0; 115; 2; 13
1997;06; 0; 0; 0; 0; 192; 353; 0; 0; 0; 0; 0; 46; 0; 0; 19; 227; 0; 0; 0; 0; 15; 0; 2; 0; 0; 0; 0; 4; 6; 0; 9999
1997;07; 0; 0; 0; 0; 0; 0; 0; 0; 0; 0; 0; 0; 0; 0; 0; 0; 0; 0; 0; 0; 0; 72; 0; 0; 0; 0; 0; 0; 0; 0; 0
1997;08; 0; 0; 0; 0; 0; 0; 0; 0; 61; 0; 0; 0; 0; 0; 0; 0; 0; 0; 0; 0; 0; 0; 0; 117; 0; 0; 0; 0; 0; 0; 0
