33
Ano,Mes,1,2,3,4,5,6,7,8,9,10,11,12,13,14,15,16,17,18,19,20,21,22,23,24,25,26,27,28,29,30,31
1970;05; 9999; 9999; 9999; 9999; 9999; 9999; 118; 1; 14; 0; 0; 180; 0; 0; 0; 0; 0; 0; 1; 22; 56; 11; 0; 0; 0; 0; 0; 0; 0; 0; 0
1970;06; 0; 0; 0; 0; 0; 11; 0; 0; 0; 0; 1; 0; 0; 111; 22; 0; 0; 0; 28; 0; 0; 4; 232; 4; 0; 92; 1; 0; 5; 0; 9999
1970;07; 56; 100; 0; 0; 0; 0; 0; 17; 0; 28; 40; 1; 13; 180; 169; 2; 1; 0; 0; 0; 7; 0; 0; 54; 2; 8; 0; 0; 0; 0; 12
1970;08; 0; 0; 0; 0; 0; 0; 0; 0; 0; 0; 0; 8; 0; 0; 12; 16; 0; 0; 0; 0; 0; 0; 0; 0; 0; 6; 127; 3; 102; 100; 100
1970;09; 0; 0; 0; 29; 0; 47; 100; 0; 0; 14; 0; 0; 33; 99; 188; 100; 4; 0; 0; 0; 0; 0; 0; 0; 0; 120; 45; 5; 90; 0; 9999
1970;10; 0; 0; 0; 90; 60; 0; 0; 0; 280; 0; 0; 0; 80; 0; 0; 0; 0; 0; 0; 80; 0; 0; 100; 160; 100; 165; 35; 0; 70; 0; 60
1970;11; 0; 0; 0; 85; 30; 15; 200; 129; 200; 30; 0; 0; 0; 200; 214; 0; 0; 0; 152; 48; 200; 100; 0; 0; 0; 0; 0; 0; 0; 0; 9999
1970;12; 151; 170; 70; 0; 0; 15; 9; 0; 150; 130; 120; 0; 0; 0; 0; 0; 0; 0; 125; 75; 83; 0; 12; 28; 0; 157; 22; 23; 0; 86; 68
1971;01; 9999; 9999; 9999; 9999; 9999; 9999; 9999; 9999; 9999; 9999; 9999; 9999; 9999; 9999; 9999; 9999; 9999; 9999; 9999; 9999; 9999; 9999; 9999; 9999; 9999; 9999; 9999; 9999; 9999; 9999; 9999
1971;02; 0; 1893; 0; 0; 0; 0; 0; 120; 1; 37; 0; 0; 0; 0; 0; 28; 4; 0; 0; 0; 111; 5; 229; 202; 38; 1317; 17; 92; 9999; 9999; 9999
1971;03; 28; 158; 129; 0; 28; 0; 161; 0; 0; 146; 139; 39; 190; 0; 0; 0; 0; 0; 0; 0; 0; 50; 91; 97; 344; 75; 222; 32; 0; 0; 3
1971;04; 156; 16; 0; 0; 178; 0; 132; 0; 0; 334; 191; 34; 6; 0; 8; 0; 19; 0; 7; 17; 18; 110; 40; 300; 0; 7; 0; 0; 0; 0; 9999
1971;05; 3; 0; 51; 42; 16; 4; 65; 0; 25; 0; 0; 0; 0; 0; 0; 0; 0; 0; 0; 62; 27; 14; 0; 0; 0; 52; 52; 294; 123; 0; 0
1971;06; 0; 0; 0; 104; 2; 0; 0; 0; 28; 0; 0; 0; 0; 0; 92; 3; 81; 354; 80; 51; 98; 0; 0; 0; 1; 0; 0; 0; 0; 0; 9999
1971;07; 0; 348; 250; 0; 0; 6; 0; 0; 0; 0; 0; 225; 0; 0; 0; 0; 0; 0; 0; 0; 0; 0; 0; 0; 0; 0; 0; 0; 0; 0; 0
1971;08; 0; 0; 252; 0; 0; 0; 0; 0; 0; 26; 0; 0; 0; 0; 0; 0; 0; 0; 0; 0; 0; 0; 0; 0; 265; 300; 243; 200; 237; 67; 87
1971;09; 0; 0; 0; 0; 0; 0; 0; 87; 103; 0; 0; 0; 286; 0; 0; 0; 0; 0; 0; 0; 0; 0; 0; 109; 0; 0; 0; 0; 61; 0; 9999
1971;10; 4; 0; 0; 143; 0; 0; 55; 68; 0; 0; 140; 393; 0; 0; 103; 0; 0; 0; 0; 0; 0; 0; 0; 106; 0; 0; 0; 0; 0; 0; 70
1971;11; 0; 233; 0; 17; 0; 0; 27; 0; 0; 0; 141; 0; 0; 0; 0; 0; 0; 0; 0; 0; 0; 332; 0; 0; 410; 0; 146; 0; 162; 0; 9999
1971;12; 75; 99; 3; 71; 0; 20; 0; 0; 0; 0; 0; 0; 0; 0; 330; 99; 0; 0; 0; 0; 0; 0; 0; 223; 0; 0; 292; 0; 271; 0; 0
1972;01; 0; 0; 0; 0; 0; 0; 106; 177; 28; 277; 0; 0; 0; 0; 0; 0; 0; 0; 0; 0; 0; 386; 272; 421; 0; 0; 119; 0; 84; 1298; 0
1972;02; 34; 0; 180; 52; 44; 0; 0; 0; 0; 58; 84; 0; 24; 0; 273; 20; 0; 0; 0; 266; 672; 260; 0; 0; 116; 41; 161; 169; 240; 9999; 9999
1972;03; 0; 0; 48; 0; 0; 0; 0; 0; 0; 94; 494; 181; 136; 0; 0; 0; 49; 0; 381; 0; 0; 0; 0; 0; 44; 0; 0; 0; 0; 0; 0
1972;04; 673; 0; 0; 179; 864; 78; 133; 9; 0; 134; 0; 0; 0; 0; 14; 18; 382; 0; 0; 0; 0; 0; 0; 0; 0; 0; 0; 0; 0; 0; 9999
1972;05; 0; 0; 0; 0; 0; 0; 0; 0; 0; 0; 0; 0; 0; 0; 0; 0; 0; 0; 202; 120; 0; 0; 0; 0; 455; 0; 0; 0; 0; 0; 0
1972;06; 0; 0; 0; 0; 0; 0; 0; 0; 0; 0; 0; 0; 0; 26; 310; 0; 0; 0; 0; 0; 0; 0; 0; 0; 0; 0; 0; 0; 0; 0; 9999
1972;07; 0; 0; 0; 0; 0; 857; 0; 0; 0; 0; 0; 0; 134; 0; 48; 26; 0; 9; 0; 0; 0; 0; 0; 0; 0; 0; 186; 0; 0; 0; 74
1972;08; 0; 0; 0; 90; 97; 45; 104; 0; 103; 19; 0; 0; 0; 67; 36; 49; 0; 0; 0; 0; 0; 0; 0; 48; 355; 0; 0; 0; 0; 0; 27
1972;09; 8; 0; 0; 0; 126; 0; 0; 0; 0; 0; 0; 0; 0; 26; 633; 8; 0; 0; 0; 0; 0; 0; 187; 6; 12; 449; 0; 45; 236; 185; 9999
1972;10; 0; 45; 3; 28; 59; 374; 240; 100; 59; 80; 142; 22; 15; 16; 53; 37; 87; 55; 17; 0; 0; 0; 0; 0; 0; 0; 0; 0; 174; 0; 0
1972;11; 0; 266; 7; 330; 4; 6; 2; 117; 14; 144; 56; 2; 0; 1; 0; 0; 115; 24; 62; 26; 74; 23; 4; 0; 0; 0; 0; 0; 0; 0; 9999
1972;12; 4; 83; 142; 68; 0; 0; 9; 0; 62; 0; 16; 65; 5; 48; 0; 0; 0; 0; 0; 68; 19; 0; 578; 8; 100; 0; 107; 5; 0; 0; 67
1973;01; 0; 0; 150; 0; 70; 68; 7; 0; 114; 111; 4; 0; 0; 0; 0; 482; 658; 185; 9; 0; 0; 300; 0; 44; 0; 687; 28; 0; 0; 0; 117
1973;02; 43; 0; 0; 0; 0; 127; 0; 290; 0; 0; 0; 0; 0; 0; 0; 140; 91; 0; 236; 174; 81; 0; 0; 0; 0; 0; 0; 69; 9999; 9999; 9999
1973;03; 0; 0; 0; 26; 289; 0; 0; 0; 247; 186; 54; 449; 134; 111; 0; 0; 0; 0; 195; 0; 0; 25; 110; 250; 0; 35; 0; 0; 0; 62; 558
1973;04; 182; 0; 0; 0; 0; 0; 0; 0; 0; 245; 43; 16; 76; 356; 2; 0; 0; 112; 128; 87; 418; 218; 34; 0; 0; 0; 0; 0; 0; 0; 9999
1973;05; 0; 0; 0; 950; 729; 92; 58; 187; 58; 17; 80; 468; 9; 0; 87; 10; 0; 0; 0; 0; 0; 229; 145; 0; 0; 0; 0; 0; 0; 0; 0
1973;06; 0; 0; 0; 0; 0; 0; 0; 0; 0; 0; 0; 0; 0; 4; 71; 68; 18; 0; 33; 0; 0; 0; 0; 0; 21; 0; 89; 0; 11; 0; 9999
1973;07; 0; 0; 204; 0; 5; 0; 2; 0; 1; 0; 0; 0; 0; 0; 0; 0; 0; 0; 21; 397; 270; 131; 0; 167; 10; 0; 0; 193; 2; 0; 0
1973;08; 0; 0; 7; 0; 8; 90; 1; 1; 0; 0; 0; 0; 0; 0; 0; 0; 0; 0; 0; 0; 0; 0; 146; 18; 0; 0; 0; 0; 56; 58; 16
1973;09; 95; 23; 255; 0; 0; 0; 2; 26; 0; 16; 0; 0; 0; 115; 0; 33; 0; 0; 0; 8; 162; 232; 115; 136; 69; 49; 0; 0; 76; 187; 9999
1973;10; 143; 445; 9; 0; 0; 0; 6; 0; 103; 25; 119; 28; 2; 56; 0; 0; 0; 0; 194; 0; 0; 0; 0; 0; 15; 32; 450; 137; 15; 0; 17
1973;11; 75; 21; 43; 0; 0; 0; 2; 4; 0; 0; 5; 4; 23; 112; 9; 13; 0; 184; 331; 6; 0; 0; 30; 0; 230; 13; 0; 78; 72; 0; 9999
1973;12; 0; 0; 0; 258; 137; 16; 217; 213; 6; 15; 106; 0; 20; 26; 53; 20; 209; 237; 70; 191; 254; 312; 0; 3; 162; 136; 92; 35; 2; 16; 46
1974;01; 8; 703; 72; 74; 1; 0; 0; 478; 153; 84; 57; 626; 87; 23; 78; 662; 445; 17; 0; 0; 0; 0; 0; 0; 0; 0; 229; 494; 0; 101; 121
1974;02; 0; 94; 0; 0; 0; 0; 0; 0; 0; 6; 1; 0; 0; 0; 0; 0; 25; 81; 2; 0; 0; 19; 8; 0; 376; 1; 0; 0; 9999; 9999; 9999
1974;03; 0; 0; 0; 0; 0; 0; 0; 40; 0; 0; 0; 7; 18; 9; 2; 0; 0; 3; 38; 110; 356; 34; 0; 63; 18; 1; 0; 0; 0; 0; 0
1974;04; 0; 2; 242; 26; 71; 37; 2; 0; 9; 0; 2; 411; 0; 72; 0; 0; 0; 2; 0; 82; 10; 18; 0; 0; 79; 150; 8; 6; 41; 0; 9999
1974;05; 44; 0; 0; 0; 0; 0; 28; 104; 1; 12; 0; 0; 0; 7; 0; 0; 0; 0; 0; 0; 0; 0; 0; 0; 0; 0; 0; 19; 0; 0; 71
1974;06; 0; 0; 4; 0; 0; 0; 0; 84; 0; 5; 19; 141; 25; 0; 9; 0; 0; 0; 7; 0; 0; 335; 5; 0; 328; 0; 57; 0; 0; 10; 9999
1974;07; 0; 1; 0; 0; 0; 0; 0; 0; 0; 0; 0; 0; 0; 0; 0; 0; 0; 0; 0; 0; 0; 0; 0; 118; 2; 0; 13; 0; 0; 0; 0
1974;08; 0; 0; 0; 0; 0; 0; 0; 0; 80; 54; 4; 0; 0; 0; 0; 63; 2; 3; 6; 0; 0; 0; 0; 0; 0; 0; 0; 0; 0; 0; 0
1974;09; 0; 26; 7; 109; 85; 3; 66; 14; 0; 3; 0; 0; 0; 0; 0; 0; 0; 0; 0; 7; 5; 0; 0; 0; 0; 0; 0; 0; 112; 19; 9999
1974;10; 160; 95; 76; 103; 167; 0; 0; 0; 0; 0; 0; 0; 0; 0; 0; 0; 0; 0; 144; 33; 5; 11; 3; 0; 58; 13; 2; 14; 35; 167; 15
1974;11; 0; 0; 0; 0; 0; 0; 193; 0; 0; 35; 5; 3; 0; 95; 0; 0; 0; 0; 0; 0; 198; 102; 50; 0; 0; 0; 6; 90; 81; 19; 9999
1974;12; 5; 0; 38; 297; 136; 145; 67; 45; 9; 0; 162; 25; 0; 142; 258; 9; 10; 4; 353; 136; 18; 77; 101; 10; 32; 0; 0; 0; 0; 0; 0
1975;01; 151; 255; 348; 20; 11; 503; 0; 77; 17; 117; 397; 6; 98; 29; 1; 0; 0; 13; 53; 327; 57; 2; 0; 31; 6; 0; 0; 0; 162; 397; 196
1975;02; 77; 255; 6; 385; 365; 199; 143; 98; 65; 31; 0; 0; 0; 0; 0; 0; 0; 0; 0; 119; 332; 263; 344; 449; 0; 751; 23; 412; 9999; 9999; 9999
1975;03; 320; 8; 0; 0; 0; 0; 0; 0; 0; 0; 0; 0; 0; 0; 0; 63; 0; 0; 27; 0; 0; 19; 30; 0; 26; 99; 24; 87; 11; 0; 446
1975;04; 27; 0; 0; 368; 132; 14; 0; 0; 0; 33; 32; 260; 0; 0; 0; 339; 0; 0; 0; 0; 0; 0; 0; 0; 0; 0; 0; 0; 0; 0; 9999
1975;05; 0; 0; 0; 59; 0; 60; 201; 212; 190; 0; 0; 0; 0; 0; 0; 0; 173; 283; 0; 191; 1; 36; 0; 28; 25; 65; 0; 0; 0; 0; 0
1975;06; 0; 0; 0; 11; 21; 49; 126; 0; 2; 1; 2; 3; 2; 2; 5; 0; 57; 0; 0; 0; 0; 0; 0; 0; 10; 7; 1; 0; 0; 23; 9999
1975;07; 0; 130; 0; 105; 0; 116; 0; 0; 0; 0; 0; 0; 0; 0; 0; 0; 140; 103; 0; 0; 0; 30; 0; 0; 0; 0; 0; 51; 0; 0; 0
1975;08; 0; 0; 0; 0; 0; 0; 0; 0; 0; 0; 0; 0; 0; 0; 43; 0; 0; 0; 33; 0; 0; 0; 0; 0; 0; 0; 17; 0; 0; 0; 0
1975;09; 0; 37; 71; 34; 0; 0; 0; 0; 3; 0; 0; 0; 0; 0; 0; 12; 45; 153; 78; 0; 0; 9; 0; 51; 16; 0; 97; 120; 0; 0; 9999
1975;10; 0; 0; 141; 75; 93; 285; 76; 31; 0; 79; 143; 544; 0; 0; 122; 0; 2; 82; 135; 6; 2; 0; 0; 7; 32; 33; 1; 1; 2; 0; 2
1975;11; 228; 329; 191; 177; 239; 9; 71; 1; 0; 98; 1; 20; 0; 0; 0; 0; 7; 231; 96; 25; 343; 0; 0; 202; 130; 139; 138; 75; 1; 59; 9999
1975;12; 36; 0; 2; 0; 0; 0; 0; 232; 2; 20; 0; 44; 65; 203; 58; 3; 2; 12; 202; 20; 0; 0; 0; 61; 682; 87; 128; 0; 362; 59; 129
1976;01; 78; 1; 16; 4; 0; 1; 108; 552; 135; 179; 12; 5; 0; 0; 0; 0; 0; 0; 0; 0; 0; 904; 304; 17; 2; 0; 622; 137; 675; 17; 81
1976;02; 0; 102; 2; 4; 0; 235; 201; 172; 6; 2; 3; 29; 2; 35; 202; 90; 5; 220; 0; 0; 1; 220; 230; 749; 4; 522; 28; 214; 28; 9999; 9999
1976;03; 16; 8; 65; 0; 0; 0; 0; 2; 3; 3; 124; 165; 0; 1; 47; 121; 6; 60; 4; 135; 1; 300; 452; 0; 17; 76; 92; 13; 2; 162; 0
1976;04; 0; 0; 8; 82; 0; 0; 0; 2; 3; 125; 260; 130; 330; 912; 70; 4; 0; 3; 16; 107; 0; 44; 102; 40; 27; 0; 3; 2; 0; 0; 9999
1976;05; 27; 38; 28; 0; 5; 56; 1; 119; 223; 30; 39; 313; 3; 2; 5; 0; 21; 1; 2; 80; 60; 203; 0; 0; 0; 213; 0; 38; 441; 1; 9
1976;06; 4; 3; 3; 0; 0; 158; 0; 2; 0; 9; 44; 10; 59; 21; 2; 2; 3; 2; 3; 3; 3; 3; 2; 3; 3; 2; 2; 9; 5; 0; 9999
1976;07; 48; 476; 432; 213; 3; 2; 0; 5; 64; 202; 9; 10; 2; 3; 1; 2; 0; 0; 85; 22; 3; 23; 2; 3; 3; 2; 2; 1; 0; 2; 2
1976;08; 0; 0; 1; 0; 0; 28; 3; 0; 0; 96; 130; 354; 207; 113; 73; 2; 1; 2; 0; 83; 122; 0; 0; 0; 0; 0; 0; 0; 0; 15; 7
1976;09; 0; 0; 2; 0; 0; 140; 134; 83; 0; 1; 3; 26; 459; 88; 10; 99; 10; 2; 21; 10; 4; 1; 7; 0; 0; 17; 125; 1152; 106; 0; 9999
1976;10; 2; 3; 19; 0; 6; 2; 0; 3; 0; 78; 20; 3; 0; 19; 0; 0; 29; 11; 83; 204; 120; 9; 0; 43; 2; 81; 17; 0; 11; 0; 29
1976;11; 160; 0; 4; 3; 52; 83; 75; 2; 0; 0; 3; 17; 7; 42; 4; 1; 58; 5; 32; 181; 177; 32; 1; 0; 3; 13; 303; 0; 0; 0; 9999
1976;12; 2; 41; 0; 3; 26; 151; 0; 19; 395; 3; 0; 0; 4; 1; 5; 7; 14; 333; 43; 1; 36; 22; 5; 0; 235; 101; 14; 3; 0; 2; 4
1977;01; 1; 0; 0; 1; 154; 377; 368; 0; 0; 0; 0; 0; 1; 1; 13; 10; 98; 145; 958; 240; 58; 37; 0; 0; 0; 15; 3; 326; 112; 25; 40
1977;02; 58; 0; 0; 0; 0; 0; 0; 77; 0; 0; 0; 0; 0; 0; 0; 0; 0; 0; 0; 0; 0; 0; 1; 2; 2; 3; 0; 2; 9999; 9999; 9999
1977;03; 2; 12; 7; 5; 67; 0; 0; 0; 3; 0; 0; 0; 0; 0; 2; 1; 71; 1; 0; 2; 0; 170; 2; 2; 5; 33; 0; 0; 345; 3; 18
1977;04; 441; 142; 39; 3; 55; 14; 3; 20; 168; 209; 2; 0; 0; 0; 3; 1; 0; 7; 474; 110; 465; 0; 158; 1; 0; 124; 75; 1; 0; 1; 9999
1977;05; 19; 1; 30; 16; 46; 1; 2; 1; 0; 0; 0; 0; 65; 92; 1; 3; 493; 615; 26; 7; 0; 0; 0; 1; 11; 23; 0; 3; 3; 3; 1
1977;06; 116; 11; 12; 1; 105; 140; 20; 13; 3; 1; 3; 5; 0; 3; 1; 0; 5; 1; 3; 0; 2; 2; 50; 34; 6; 0; 8; 1; 0; 0; 9999
1977;07; 0; 2; 4; 3; 3; 4; 3; 4; 3; 2; 3; 3; 4; 3; 2; 1; 52; 25; 12; 42; 1; 1; 6; 2; 98; 0; 0; 3; 0; 0; 4
1977;08; 0; 1; 107; 97; 3; 2; 2; 1; 1; 187; 26; 3; 0; 33; 76; 57; 1; 1; 186; 20; 26; 6; 0; 0; 0; 2; 0; 20; 4; 33; 54
1977;09; 3; 245; 111; 178; 3; 0; 319; 7; 1; 0; 0; 0; 1; 1; 0; 0; 0; 88; 61; 165; 65; 72; 0; 283; 186; 0; 0; 0; 0; 0; 9999
1977;10; 9; 219; 103; 27; 124; 55; 77; 0; 0; 0; 1; 0; 47; 92; 49; 1; 1; 14; 2; 0; 0; 0; 0; 0; 1; 0; 0; 71; 373; 212; 0
1977;11; 4; 77; 0; 9; 181; 18; 2; 22; 0; 0; 33; 45; 72; 20; 119; 242; 31; 5; 2; 0; 0; 0; 190; 353; 64; 403; 154; 0; 1; 9; 9999
1977;12; 97; 148; 27; 10; 0; 50; 3; 263; 197; 90; 397; 34; 0; 49; 68; 8; 0; 10; 166; 133; 91; 891; 145; 152; 0; 0; 2; 0; 2; 0; 0
1978;01; 492; 111; 71; 0; 0; 0; 2; 0; 0; 4; 482; 1013; 0; 2; 1; 163; 100; 0; 0; 0; 21; 16; 19; 0; 0; 0; 0; 0; 0; 0; 0
1978;02; 0; 0; 0; 0; 9; 224; 105; 83; 1; 0; 0; 61; 2; 19; 1; 42; 146; 25; 15; 0; 0; 136; 42; 15; 2; 4; 0; 0; 9999; 9999; 9999
1978;03; 0; 0; 2; 124; 298; 68; 397; 131; 102; 253; 0; 0; 0; 0; 0; 0; 0; 0; 0; 0; 0; 0; 0; 0; 0; 0; 0; 0; 0; 664; 0
1978;04; 0; 132; 9; 0; 0; 0; 0; 5; 0; 0; 273; 15; 0; 5; 0; 0; 0; 438; 0; 998; 0; 0; 0; 0; 0; 0; 0; 0; 0; 0; 9999
1978;05; 10; 887; 12; 0; 0; 0; 0; 0; 0; 0; 0; 0; 0; 0; 0; 0; 229; 125; 511; 0; 215; 68; 0; 0; 0; 0; 0; 0; 0; 0; 0
1978;06; 32; 0; 0; 0; 0; 0; 0; 0; 754; 32; 0; 21; 0; 0; 0; 0; 0; 0; 0; 0; 0; 0; 0; 59; 0; 0; 0; 0; 0; 0; 9999
1978;07; 0; 0; 0; 0; 0; 0; 0; 0; 0; 0; 0; 0; 9; 10; 0; 67; 1; 0; 1; 0; 7; 21; 175; 0; 0; 0; 0; 0; 0; 0; 0
1978;08; 44; 24; 0; 0; 0; 0; 0; 0; 0; 0; 0; 0; 16; 73; 2; 0; 0; 0; 0; 0; 0; 0; 8; 137; 47; 1; 0; 0; 0; 0; 6
1978;09; 22; 5; 13; 0; 3; 6; 0; 3; 0; 0; 0; 0; 0; 0; 0; 0; 0; 0; 4; 0; 0; 0; 0; 0; 0; 0; 0; 0; 0; 0; 9999
1978;10; 0; 0; 0; 0; 0; 0; 0; 0; 0; 0; 157; 0; 0; 7; 0; 26; 5; 19; 100; 165; 0; 0; 0; 0; 0; 0; 0; 86; 35; 87; 0
1978;11; 39; 0; 214; 161; 31; 218; 0; 0; 0; 0; 0; 545; 0; 0; 5; 0; 7; 21; 0; 0; 0; 0; 0; 186; 112; 0; 0; 291; 0; 40; 9999
1978;12; 0; 0; 0; 0; 0; 0; 41; 105; 286; 36; 15; 61; 0; 0; 0; 46; 0; 230; 135; 0; 0; 0; 0; 0; 0; 0; 200; 119; 19; 94; 165
1979;01; 0; 0; 0; 191; 6; 0; 0; 87; 53; 70; 3; 0; 55; 15; 0; 0; 56; 0; 56; 53; 309; 332; 185; 0; 0; 0; 0; 1268; 64; 30; 0
1979;02; 22; 12; 18; 39; 100; 0; 47; 0; 0; 0; 0; 0; 169; 51; 0; 0; 0; 86; 13; 46; 0; 579; 467; 0; 0; 0; 0; 0; 9999; 9999; 9999
1979;03; 0; 60; 766; 0; 0; 0; 0; 0; 0; 0; 0; 69; 111; 677; 257; 0; 22; 125; 765; 410; 8; 0; 0; 305; 130; 175; 168; 0; 0; 0; 0
1979;04; 0; 0; 0; 24; 194; 67; 101; 44; 53; 47; 0; 0; 5; 0; 0; 0; 0; 7; 117; 0; 0; 0; 320; 310; 20; 9; 0; 0; 0; 18; 9999
1979;05; 0; 0; 0; 85; 50; 37; 61; 5; 0; 0; 0; 61; 0; 0; 102; 0; 0; 0; 0; 0; 0; 0; 0; 346; 49; 0; 0; 0; 0; 0; 110
1979;06; 0; 0; 0; 0; 0; 0; 5; 0; 30; 0; 0; 18; 0; 20; 5; 0; 0; 0; 0; 0; 0; 0; 0; 0; 0; 0; 38; 151; 2; 0; 9999
1979;07; 0; 238; 0; 0; 0; 5; 47; 0; 110; 180; 9999; 60; 0; 0; 0; 0; 35; 0; 0; 9999; 0; 0; 0; 0; 0; 42; 4; 0; 0; 0; 2
1979;08; 1; 1; 1; 0; 0; 1; 0; 0; 0; 0; 0; 0; 244; 6; 35; 0; 9; 42; 55; 114; 229; 54; 0; 0; 0; 0; 142; 1; 0; 0; 0
1979;09; 1; 8; 153; 142; 20; 7; 6; 0; 100; 85; 4; 104; 2; 102; 14; 0; 145; 246; 347; 15; 29; 0; 10; 76; 1; 1; 0; 1; 0; 0; 9999
1979;10; 0; 12; 27; 1; 0; 1; 0; 176; 508; 464; 0; 2; 68; 0; 10; 2; 0; 0; 1; 123; 29; 0; 0; 0; 0; 0; 49; 0; 12; 0; 162
1979;11; 0; 10; 71; 0; 219; 12; 0; 0; 185; 169; 526; 62; 1; 10; 43; 0; 0; 0; 82; 1; 59; 0; 167; 0; 193; 84; 291; 1; 1; 0; 9999
1979;12; 0; 0; 133; 101; 75; 0; 0; 0; 0; 2; 0; 47; 6; 0; 0; 28; 654; 127; 99; 184; 172; 142; 147; 75; 82; 393; 56; 43; 0; 0; 0
1980;01; 248; 0; 0; 0; 0; 0; 8; 11; 0; 33; 519; 53; 147; 752; 15; 11; 9; 96; 68; 0; 73; 145; 13; 1; 75; 256; 242; 77; 13; 0; 13
1980;02; 26; 263; 125; 447; 2; 0; 0; 0; 0; 0; 0; 1; 0; 0; 1; 0; 0; 0; 149; 370; 82; 35; 2; 0; 0; 0; 562; 127; 32; 9999; 9999
1980;03; 0; 2; 0; 0; 0; 1; 1; 1; 0; 5; 119; 1; 4; 187; 193; 159; 502; 0; 0; 26; 1; 0; 1; 0; 0; 0; 1; 0; 0; 163; 1173
1980;04; 0; 6; 1; 5; 0; 57; 659; 0; 0; 32; 1; 0; 0; 0; 201; 265; 236; 0; 0; 0; 0; 0; 1; 0; 0; 5; 1; 1; 0; 0; 9999
1980;05; 0; 0; 29; 0; 0; 0; 0; 0; 0; 0; 0; 0; 0; 0; 0; 0; 0; 1; 0; 1; 0; 0; 96; 0; 0; 0; 0; 0; 0; 0; 0
1980;06; 0; 0; 511; 74; 0; 0; 0; 0; 0; 0; 0; 0; 0; 0; 0; 0; 0; 1; 0; 1; 0; 124; 0; 141; 1; 148; 4; 0; 0; 0; 9999
1980;07; 0; 0; 0; 26; 0; 32; 0; 0; 6; 0; 22; 0; 0; 0; 22; 0; 0; 0; 0; 0; 2; 3; 0; 0; 1; 1; 0; 0; 0; 0; 246
1980;08; 10; 0; 74; 24; 2; 1; 0; 0; 0; 0; 0; 158; 263; 2; 0; 0; 32; 81; 0; 0; 0; 0; 17; 21; 0; 67; 96; 38; 0; 0; 0
1980;09; 0; 0; 0; 0; 1; 0; 0; 0; 0; 27; 13; 0; 12; 0; 0; 28; 44; 65; 0; 0; 103; 152; 0; 0; 0; 0; 48; 1; 0; 0; 9999
1980;10; 0; 2; 1; 0; 24; 157; 76; 218; 61; 1; 39; 86; 353; 306; 28; 0; 0; 0; 0; 277; 6; 0; 16; 137; 28; 130; 0; 0; 0; 0; 81
1980;11; 78; 0; 18; 0; 0; 0; 0; 397; 71; 103; 132; 109; 217; 12; 0; 0; 0; 0; 56; 0; 0; 0; 0; 125; 51; 15; 0; 0; 0; 54; 9999
1980;12; 102; 26; 225; 0; 23; 0; 0; 180; 29; 9999; 0; 164; 271; 153; 0; 0; 0; 0; 0; 0; 0; 675; 233; 0; 437; 465; 78; 24; 65; 263; 202
1981;01; 36; 0; 0; 0; 107; 12; 39; 280; 251; 58; 537; 215; 0; 365; 756; 618; 0; 0; 0; 0; 52; 145; 56; 135; 51; 36; 0; 42; 1; 1; 0
1981;02; 0; 0; 1; 0; 0; 532; 711; 0; 0; 54; 131; 0; 11; 0; 0; 0; 0; 0; 0; 10; 12; 2; 5; 0; 0; 0; 0; 0; 9999; 9999; 9999
1981;03; 0; 0; 0; 31; 67; 0; 1; 0; 412; 0; 1; 2; 0; 0; 0; 47; 45; 942; 9999; 3; 0; 0; 0; 6; 0; 6; 0; 0; 64; 202; 23
1981;04; 0; 0; 0; 0; 0; 72; 324; 39; 0; 0; 0; 0; 0; 0; 0; 152; 535; 0; 145; 0; 0; 0; 0; 0; 0; 0; 0; 0; 26; 48; 9999
1981;05; 0; 0; 0; 84; 0; 0; 0; 1; 0; 0; 1; 0; 0; 0; 12; 26; 73; 132; 4; 0; 1; 0; 0; 1; 0; 0; 5; 0; 48; 0; 0
1981;06; 0; 0; 1; 9999; 27; 12; 9; 102; 0; 0; 0; 1; 0; 0; 0; 17; 0; 9999; 0; 0; 0; 0; 0; 0; 0; 1; 0; 2; 0; 1; 9999
1981;07; 0; 0; 9999; 9999; 84; 267; 20; 0; 0; 0; 0; 0; 1; 0; 0; 0; 0; 0; 27; 22; 1; 0; 0; 0; 0; 59; 0; 1; 0; 0; 2
1981;08; 0; 1; 0; 1; 0; 0; 0; 0; 0; 275; 87; 42; 0; 0; 0; 0; 0; 46; 0; 0; 0; 0; 0; 1; 0; 0; 0; 0; 0; 0; 51
1981;09; 152; 91; 18; 0; 28; 0; 6; 7; 2; 0; 0; 0; 1; 0; 1; 2; 0; 0; 0; 0; 1; 1; 9; 0; 1; 0; 0; 27; 2; 92; 9999
1981;10; 56; 0; 1; 0; 0; 7; 32; 98; 126; 0; 2; 22; 31; 1; 8; 9999; 5; 38; 53; 171; 56; 0; 1; 0; 0; 0; 24; 17; 0; 0; 1
1981;11; 0; 0; 1; 18; 6; 26; 0; 9; 6; 327; 80; 174; 123; 102; 44; 0; 128; 0; 0; 0; 1; 0; 10; 0; 1; 0; 28; 0; 17; 0; 9999
1981;12; 0; 205; 92; 0; 1; 35; 187; 105; 217; 0; 0; 46; 0; 0; 0; 1; 0; 0; 0; 2; 0; 0; 1; 0; 12; 16; 5; 213; 197; 0; 0
1982;01; 0; 82; 1729; 15; 0; 0; 0; 0; 24; 201; 63; 135; 7; 1; 0; 0; 1; 0; 59; 0; 10; 0; 58; 125; 0; 0; 1; 1; 36; 0; 0
1982;02; 0; 0; 1; 48; 84; 22; 43; 0; 1; 0; 0; 1; 0; 0; 2; 1; 0; 1; 0; 0; 1; 1; 2; 208; 150; 49; 17; 25; 9999; 9999; 9999
1982;03; 29; 226; 128; 235; 224; 13; 27; 11; 279; 432; 217; 32; 17; 25; 48; 25; 8; 57; 0; 72; 18; 0; 513; 112; 264; 105; 223; 0; 0; 2; 1
1982;04; 242; 125; 73; 6; 9; 164; 27; 4; 11; 2; 1; 0; 0; 253; 38; 185; 46; 82; 34; 43; 1; 0; 2; 23; 2; 84; 13; 2; 94; 1; 9999
1982;05; 2; 0; 8; 102; 84; 2; 0; 2; 1; 2; 3; 1; 0; 1; 0; 2; 0; 1; 14; 52; 2; 1; 0; 0; 145; 84; 0; 0; 26; 0; 2
1982;06; 1; 0; 2; 0; 9; 0; 84; 2; 1; 0; 2; 43; 207; 44; 0; 786; 48; 12; 0; 0; 0; 41; 85; 128; 27; 489; 0; 25; 0; 18; 9999
1982;07; 9999; 1; 14; 0; 1; 0; 2; 0; 28; 17; 9999; 9999; 0; 2; 1; 0; 1; 0; 1; 54; 1; 2; 1; 1; 0; 2; 2; 1; 0; 224; 9
1982;08; 1; 0; 85; 24; 1; 0; 2; 1; 0; 2; 228; 89; 26; 1; 2; 1; 0; 1; 2; 87; 7; 0; 8; 5; 1; 2; 1; 0; 0; 1; 1
1982;09; 8; 145; 26; 0; 0; 142; 25; 42; 2; 1; 0; 0; 3; 0; 0; 0; 2; 1; 52; 27; 0; 0; 1; 13; 2; 1; 0; 45; 348; 52; 9999
1982;10; 46; 128; 36; 1; 2; 143; 28; 220; 232; 74; 22; 54; 475; 1; 0; 25; 1; 2; 1; 2; 0; 25; 0; 1; 1; 3; 0; 83; 1; 1; 2
1982;11; 1; 1; 0; 1; 32; 15; 73; 288; 145; 18; 90; 69; 213; 339; 44; 192; 110; 127; 49; 51; 9; 0; 65; 18; 37; 19; 148; 35; 10; 0; 9999
1982;12; 0; 1; 615; 227; 49; 13; 148; 9999; 98; 44; 33; 47; 35; 48; 12; 43; 69; 0; 0; 28; 11; 5; 37; 18; 0; 0; 2; 0; 0; 0; 1
1983;01; 0; 0; 28; 12; 79; 347; 92; 23; 21; 588; 2; 0; 174; 49; 45; 39; 151; 92; 84; 82; 68; 22; 37; 19; 0; 1; 0; 0; 2; 1; 0
1983;02; 1; 48; 220; 0; 5; 0; 226; 12; 129; 10; 0; 112; 43; 275; 0; 8; 0; 1; 1; 0; 1; 0; 0; 1; 0; 0; 763; 178; 9999; 9999; 9999
1983;03; 1; 304; 2; 0; 98; 0; 1302; 18; 1; 2; 1; 1; 0; 28; 247; 2; 0; 1; 25; 0; 140; 52; 514; 9; 10; 0; 0; 106; 0; 2; 85
1983;04; 1; 0; 29; 0; 0; 15; 100; 100; 141; 5; 0; 0; 0; 0; 0; 0; 5; 109; 0; 8; 27; 0; 0; 0; 270; 0; 4; 0; 0; 1; 9999
1983;05; 0; 0; 1; 0; 0; 0; 1; 0; 53; 0; 1; 1; 1; 0; 0; 2; 0; 0; 0; 105; 98; 0; 0; 111; 68; 41; 122; 75; 238; 160; 186
1983;06; 34; 0; 49; 0; 1; 0; 0; 0; 1; 0; 38; 75; 8; 4; 0; 1; 0; 0; 1; 2; 0; 0; 0; 2; 0; 13; 11; 2; 57; 2; 9999
1983;07; 0; 0; 0; 2; 0; 0; 0; 0; 1; 0; 0; 0; 0; 0; 1; 2; 0; 160; 49; 67; 240; 3; 1; 1; 1; 0; 200; 17; 0; 2; 0
1983;08; 0; 150; 238; 109; 2; 1; 0; 2; 0; 7; 6; 0; 0; 0; 0; 2; 0; 10; 6; 2; 2; 4; 0; 0; 0; 0; 0; 0; 0; 0; 0
1983;09; 0; 30; 68; 340; 12; 272; 13; 174; 18; 8; 2; 34; 59; 25; 0; 118; 0; 130; 200; 11; 0; 5; 470; 83; 24; 100; 0; 0; 4; 0; 9999
1983;10; 0; 16; 82; 14; 9; 2; 0; 0; 0; 0; 62; 92; 262; 219; 111; 0; 0; 30; 150; 9; 12; 7; 27; 400; 2; 0; 2; 36; 21; 11; 0
1983;11; 0; 186; 42; 21; 160; 2; 0; 0; 0; 0; 52; 96; 54; 0; 226; 75; 0; 0; 0; 177; 0; 49; 197; 0; 0; 0; 0; 0; 6; 0; 9999
1983;12; 0; 10; 247; 46; 49; 24; 0; 0; 0; 0; 0; 186; 294; 106; 19; 282; 29; 0; 0; 12; 98; 12; 445; 362; 13; 260; 12; 86; 0; 0; 0
1984;01; 0; 0; 0; 0; 11; 0; 0; 7; 0; 18; 165; 0; 0; 0; 0; 0; 0; 0; 0; 189; 386; 9; 272; 99; 21; 19; 211; 58; 14; 9; 37
1984;02; 0; 0; 0; 0; 0; 0; 3; 183; 9; 19; 0; 2; 0; 0; 0; 0; 0; 0; 5; 9; 0; 0; 0; 0; 0; 0; 1; 0; 0; 9999; 9999
1984;03; 0; 0; 0; 0; 0; 0; 6; 394; 69; 2; 1; 0; 0; 198; 13; 0; 0; 0; 0; 1; 17; 997; 182; 0; 0; 0; 0; 0; 0; 338; 210
1984;04; 0; 0; 0; 264; 76; 0; 37; 19; 7; 178; 315; 32; 0; 0; 0; 4; 0; 0; 0; 9; 0; 0; 0; 0; 64; 0; 2; 8; 0; 9; 9999
1984;05; 10; 8; 121; 0; 0; 0; 0; 7; 0; 0; 2; 0; 0; 29; 21; 0; 9999; 9999; 9999; 9999; 9999; 9999; 9999; 9999; 9999; 9999; 9999; 9999; 9999; 9999; 9999
1984;06; 9999; 9999; 9999; 9999; 146; 0; 0; 2; 1; 4; 0; 1; 1; 37; 10; 2; 2; 25; 1; 2; 1; 1; 2; 2; 1; 2; 1; 1; 2; 0; 9999
1984;07; 0; 0; 2; 9999; 9999; 9999; 9999; 9999; 9999; 9999; 9999; 9999; 9999; 9999; 9999; 9999; 9999; 9999; 9999; 9999; 9999; 9999; 9999; 9999; 9999; 9999; 9999; 9999; 9999; 9999; 9999
1984;08; 9999; 9999; 9999; 9999; 9999; 9999; 9999; 807; 9999; 9999; 9999; 9999; 9999; 9999; 9999; 9999; 9999; 9999; 9999; 9999; 9999; 9999; 9999; 9999; 9999; 9999; 9999; 9999; 9999; 9999; 9999
1984;09; 9999; 9999; 9999; 9999; 9999; 9999; 9999; 9999; 9999; 9999; 9999; 9999; 9999; 9999; 9999; 9999; 9999; 9999; 9999; 1339; 9999; 9999; 9999; 9999; 9999; 9999; 9999; 9999; 9999; 9999; 9999
1984;10; 9999; 9999; 9999; 9999; 9999; 9999; 9999; 736; 9999; 9999; 9999; 9999; 9999; 9999; 9999; 9999; 9999; 9999; 9999; 9999; 9999; 9999; 9999; 9999; 9999; 9999; 9999; 9999; 9999; 9999; 9999
1984;11; 9999; 9999; 9999; 9999; 9999; 9999; 9999; 9999; 9999; 9999; 9999; 9999; 9999; 9999; 9999; 9999; 9999; 9999; 9999; 9999; 9999; 9999; 9999; 9999; 9999; 9999; 9999; 9999; 9999; 9999; 9999
1984;12; 9999; 9999; 9999; 2632; 9999; 9999; 9999; 9999; 9999; 9999; 9999; 9999; 9999; 9999; 9999; 9999; 9999; 9999; 9999; 9999; 9999; 9999; 9999; 9999; 9999; 9999; 9999; 9999; 9999; 9999; 9999
1985;01; 9999; 9999; 9999; 9999; 9999; 9999; 9999; 9999; 9999; 9999; 9999; 9999; 9999; 9999; 9999; 9999; 9999; 9999; 9999; 9999; 9999; 9999; 9999; 9999; 9999; 9999; 9999; 9999; 9999; 9999; 9999
1985;02; 9999; 9999; 9999; 9999; 9999; 9999; 9999; 9999; 9999; 9999; 9999; 9999; 9999; 4472; 1; 7; 1; 0; 0; 0; 615; 4; 336; 44; 36; 20; 0; 420; 9999; 9999; 9999
1985;03; 95; 258; 78; 246; 176; 80; 9; 0; 0; 0; 55; 1; 3; 22; 107; 68; 25; 527; 8; 68; 5; 8; 0; 1; 1; 8; 38; 1; 9; 1; 48
1985;04; 478; 1; 0; 0; 165; 27; 0; 4; 12; 8; 81; 182; 839; 251; 2; 2; 19; 20; 48; 21; 4; 2; 41; 3; 0; 1; 1; 1; 3; 1; 9999
1985;05; 485; 58; 1; 2; 1; 1; 2; 3; 1; 168; 8; 0; 0; 2; 2; 2; 0; 0; 1; 1; 47; 154; 1; 1; 2; 0; 3; 3; 4; 2; 395
1985;06; 4; 3; 4; 322; 7; 3; 3; 4; 3; 876; 36; 4; 3; 3; 3; 4; 4; 1; 1; 27; 3; 4; 3; 1; 1; 0; 1; 0; 3; 3; 9999
1985;07; 2; 2; 1; 2; 4; 2; 40; 2; 1; 2; 27; 5; 1; 0; 0; 0; 5; 11; 18; 1; 2; 3; 2; 0; 36; 0; 1; 1; 0; 1; 1
1985;08; 1; 0; 0; 1; 3; 2; 3; 3; 2; 0; 2; 29; 5; 276; 0; 1; 2; 1; 0; 0; 10; 6; 88; 45; 1; 1; 1; 0; 1; 6; 25
1985;09; 104; 161; 159; 11; 25; 27; 35; 6; 0; 0; 0; 0; 0; 1; 0; 1; 2; 6; 54; 16; 35; 1; 0; 109; 3; 4; 1; 37; 16; 185; 9999
1985;10; 2; 4; 13; 1; 4; 1; 0; 0; 2; 11; 1; 2; 10; 0; 2; 2; 2; 26; 6; 0; 1; 255; 4; 2; 64; 0; 2; 3; 175; 124; 136
1985;11; 2; 40; 316; 262; 277; 8; 2; 0; 0; 0; 1; 3; 0; 1; 2; 1; 0; 1; 0; 0; 7; 26; 5; 21; 26; 127; 0; 1; 46; 5; 9999
1985;12; 1; 3; 4; 304; 509; 14; 2; 0; 0; 0; 1; 2; 75; 37; 13; 2; 1; 0; 1; 1; 7; 0; 1; 54; 123; 45; 110; 8; 0; 1; 1
1986;01; 1; 1; 5; 12; 14; 1; 2; 0; 0; 2; 8; 46; 0; 0; 0; 0; 1; 44; 3; 50; 73; 91; 16; 12; 3; 122; 42; 0; 1; 1; 1
1986;02; 1; 0; 156; 535; 46; 7; 57; 4; 14; 313; 13; 323; 422; 313; 12; 72; 95; 1; 2; 113; 303; 162; 2; 0; 1; 2; 0; 1; 9999; 9999; 9999
1986;03; 5; 745; 13; 0; 3; 63; 245; 525; 95; 26; 90; 1; 0; 0; 0; 1; 1; 4; 156; 459; 2; 1; 0; 63; 25; 1; 5; 1; 0; 631; 2
1986;04; 1; 5; 2; 1; 1; 2; 4; 52; 210; 1; 2; 0; 1; 0; 4; 691; 175; 163; 5; 3; 2; 1; 2; 28; 1; 1; 470; 560; 52; 2; 9999
1986;05; 3; 2; 3; 1; 1; 3; 17; 31; 147; 47; 2; 15; 155; 7; 165; 22; 2; 2; 120; 2; 13; 7; 2; 1; 2; 1; 390; 0; 2; 3; 114
1986;06; 3; 5; 3; 2; 1; 2; 3; 99; 5; 4; 5; 2; 3; 2; 3; 5; 3; 1; 2; 3; 1; 1; 1; 2; 3; 31; 171; 6; 2; 1; 9999
1986;07; 2; 19; 329; 64; 5; 3; 139; 315; 48; 2; 4; 1; 2; 1; 2; 2; 3; 1; 1; 0; 5; 230; 145; 8; 3; 3; 3; 6; 36; 2; 1
1986;08; 145; 1; 3; 2; 2; 3; 1; 0; 2; 2; 3; 0; 119; 58; 3; 56; 13; 5; 10; 4; 114; 8; 191; 5; 175; 0; 1; 2; 1; 0; 65
1986;09; 42; 26; 0; 1; 4; 0; 29; 2; 7; 1; 2; 0; 1; 1; 1; 0; 1; 1; 3; 119; 101; 187; 43; 0; 53; 64; 48; 148; 51; 0; 9999
1986;10; 1; 0; 1; 1; 0; 1; 1; 0; 97; 125; 200; 18; 1; 26; 133; 75; 2; 1; 125; 200; 76; 35; 53; 58; 2; 1; 39; 0; 1; 1; 1
1986;11; 0; 0; 0; 1; 2; 330; 340; 77; 33; 1; 79; 167; 19; 20; 0; 1; 1; 0; 0; 1; 1; 0; 1; 23; 25; 34; 4; 1; 1; 16; 9999
1986;12; 220; 235; 10; 447; 79; 16; 6; 11; 142; 25; 4; 73; 28; 1; 21; 65; 222; 32; 152; 144; 532; 49; 500; 15; 7; 1; 180; 1; 126; 132; 2
1987;01; 43; 1; 130; 365; 162; 2; 1; 0; 1; 0; 52; 33; 7; 0; 0; 0; 382; 1; 422; 68; 4; 1; 179; 637; 833; 173; 586; 390; 64; 141; 26
1987;02; 143; 6; 207; 68; 1; 0; 479; 2; 46; 373; 53; 65; 40; 9; 28; 2; 123; 110; 64; 26; 5; 3; 1; 0; 0; 0; 0; 0; 9999; 9999; 9999
1987;03; 0; 1; 1; 1; 1; 1; 1; 1; 155; 225; 326; 1; 0; 1; 8; 253; 545; 2; 138; 1; 39; 1; 0; 0; 3; 1; 1; 0; 0; 66; 5
1987;04; 1; 0; 860; 662; 255; 291; 2; 30; 1; 2; 46; 41; 25; 1; 0; 0; 0; 0; 1; 1; 0; 17; 4; 5; 136; 42; 11; 73; 5; 1; 9999
1987;05; 0; 1; 1; 3; 227; 64; 17; 5; 193; 3; 0; 4; 2; 1; 1; 572; 11; 20; 1; 364; 521; 11; 3; 0; 145; 48; 3; 3; 29; 144; 14
1987;06; 4; 1; 0; 1; 2; 2; 276; 34; 140; 3; 3; 4; 11; 123; 495; 365; 46; 2; 3; 3; 3; 2; 68; 83; 1; 2; 2; 1; 1; 2; 9999
1987;07; 2; 3; 0; 2; 1; 3; 2; 2; 7; 12; 2; 1; 1; 9; 2; 2; 2; 2; 12; 23; 5; 44; 75; 2; 3; 2; 2; 2; 1; 1; 505
1987;08; 158; 15; 5; 2; 1; 0; 11; 3; 2; 1; 1; 1; 1; 2; 1; 1; 1; 42; 3; 23; 53; 14; 84; 5; 1; 1; 0; 1; 0; 0; 98
1987;09; 58; 63; 0; 2; 1; 89; 40; 76; 2; 1; 26; 132; 521; 23; 1; 2; 8; 124; 85; 35; 84; 65; 34; 13; 6; 0; 0; 87; 11; 15; 9999
1987;10; 3; 85; 21; 23; 5; 181; 2; 2; 1; 1; 1; 1; 0; 21; 99; 25; 13; 47; 100; 125; 269; 188; 1; 1; 1; 262; 1; 0; 2; 4; 1
1987;11; 0; 0; 0; 1; 1; 0; 0; 0; 0; 61; 410; 36; 41; 2; 107; 8; 4; 1; 1; 0; 2; 142; 5; 1; 1; 62; 15; 31; 4; 1; 9999
1987;12; 1; 0; 1; 0; 3; 32; 125; 0; 3; 41; 163; 14; 34; 35; 1; 8; 1; 32; 239; 2; 1; 235; 2; 78; 17; 0; 3; 4; 114; 4; 1
1988;01; 562; 23; 15; 6; 21; 6; 595; 33; 158; 664; 19; 31; 1; 0; 72; 141; 0; 0; 1; 0; 1; 0; 33; 474; 164; 9; 0; 125; 1; 55; 322
1988;02; 355; 425; 2; 5; 92; 3; 525; 225; 191; 451; 351; 48; 29; 161; 155; 235; 59; 8; 78; 451; 444; 100; 7; 3; 1; 2; 0; 1; 2; 9999; 9999
1988;03; 5; 167; 205; 286; 2; 1; 42; 245; 351; 135; 11; 1; 2; 3; 0; 1; 17; 218; 117; 5; 0; 0; 1; 3; 2; 0; 1; 0; 1; 0; 1
1988;04; 1; 822; 714; 8; 2; 222; 5; 46; 451; 1; 1; 2; 7; 223; 21; 15; 11; 141; 822; 94; 1; 2; 85; 84; 92; 2; 8; 15; 8; 30; 9999
1988;05; 1; 1; 0; 2; 71; 142; 451; 72; 70; 2; 3; 1; 0; 150; 4; 2; 229; 5; 2; 1; 3; 150; 142; 151; 5; 3; 2; 4; 142; 150; 71
1988;06; 16; 3; 2; 2; 4; 1; 2; 0; 1; 2; 8; 9; 185; 162; 183; 4; 3; 1; 1; 1; 4; 2; 4; 3; 12; 45; 5; 4; 2; 2; 9999
1988;07; 2; 1; 0; 4; 1; 0; 1; 34; 25; 31; 34; 14; 15; 3; 4; 3; 34; 4; 0; 1; 0; 1; 2; 4; 25; 1; 10; 8; 3; 2; 1
1988;08; 1; 3; 0; 2; 0; 1; 0; 1; 0; 2; 4; 67; 4; 1; 1; 0; 0; 1; 1; 1; 0; 1; 1; 1; 0; 1; 25; 4; 2; 1; 0
1988;09; 1; 28; 133; 15; 89; 4; 1; 0; 0; 0; 1; 0; 1; 1; 175; 165; 134; 415; 616; 134; 3; 4; 1; 1; 2; 0; 1; 53; 63; 162; 9999
1988;10; 40; 4; 1; 22; 32; 1; 68; 2; 1; 2; 269; 265; 57; 4; 1; 0; 34; 297; 1; 375; 4; 36; 41; 4; 2; 265; 36; 312; 6; 4; 52
1988;11; 43; 67; 43; 8; 91; 43; 66; 15; 3; 1; 2; 1; 2; 1; 2; 41; 1; 2; 1; 226; 66; 0; 1; 21; 2; 1; 67; 214; 42; 0; 9999
1988;12; 0; 1; 27; 2; 0; 1; 0; 0; 0; 0; 1; 0; 0; 247; 11; 2; 1; 0; 0; 5; 900; 59; 9; 171; 257; 126; 792; 27; 2; 52; 48
1989;01; 2; 365; 95; 34; 63; 53; 4; 18; 41; 188; 19; 1; 41; 111; 113; 47; 2; 0; 285; 1; 12; 104; 1; 72; 0; 1; 0; 17; 1; 1; 0
1989;02; 1; 0; 2; 265; 164; 137; 1; 0; 509; 21; 30; 128; 41; 313; 303; 95; 1; 1; 0; 0; 0; 1; 1; 78; 264; 263; 2; 0; 9999; 9999; 9999
1989;03; 622; 76; 20; 2; 1; 5; 1; 0; 65; 62; 0; 2; 23; 143; 42; 227; 2; 1; 2; 95; 1; 65; 0; 1; 0; 2; 65; 5; 3; 24; 1
1989;04; 1; 5; 53; 13; 2; 1; 49; 2; 1; 1; 0; 223; 45; 5; 2; 5; 0; 49; 413; 97; 5; 2; 1; 2; 1; 0; 1; 1; 0; 1; 9999
1989;05; 2; 312; 1; 0; 515; 2; 65; 883; 5; 2; 1; 2; 2; 5; 1; 0; 1; 1; 2; 0; 1; 0; 0; 0; 1; 39; 524; 365; 214; 2; 1
1989;06; 2; 1; 0; 2; 1; 0; 1; 1; 2; 5; 884; 513; 5; 2; 1; 0; 1; 0; 1; 0; 1; 2; 1; 0; 5; 217; 5; 2; 0; 1; 9999
1989;07; 0; 1; 4; 4; 1; 113; 513; 245; 4; 2; 1; 4; 2; 0; 0; 0; 1; 0; 0; 2; 1; 1; 0; 1; 1; 212; 512; 483; 224; 100; 43
1989;08; 4; 0; 1; 0; 0; 2; 3; 1; 0; 0; 1; 4; 0; 1; 37; 2; 0; 0; 1; 0; 0; 1; 4; 8; 3; 13; 37; 14; 2; 1; 0
1989;09; 0; 133; 100; 17; 0; 4; 2; 17; 27; 2; 4; 0; 209; 273; 19; 4; 2; 0; 0; 0; 5; 0; 0; 0; 22; 17; 19; 127; 4; 100; 9999
1989;10; 43; 72; 3; 8; 3; 85; 2; 60; 8; 12; 123; 22; 142; 152; 121; 153; 1; 0; 2; 6; 22; 3; 245; 53; 0; 0; 44; 16; 0; 0; 1
1989;11; 85; 0; 1; 0; 0; 0; 3; 5; 5; 30; 1; 8; 5; 0; 0; 0; 2; 8; 4; 2; 5; 0; 0; 5; 362; 5; 11; 0; 314; 360; 9999
1989;12; 5; 0; 2; 0; 2; 272; 5; 0; 5; 0; 2; 85; 6; 12; 362; 0; 0; 0; 0; 123; 131; 72; 0; 0; 0; 2; 132; 5; 0; 90; 89
1990;01; 4; 118; 189; 78; 78; 2; 0; 0; 2; 203; 4; 2; 0; 0; 0; 2; 0; 78; 0; 0; 155; 100; 104; 3; 1; 33; 2; 0; 0; 0; 0
1990;02; 0; 0; 0; 0; 0; 76; 2; 0; 0; 0; 0; 0; 0; 178; 1; 37; 0; 0; 1; 0; 0; 10; 102; 0; 5; 108; 1; 433; 9999; 9999; 9999
1990;03; 73; 3; 0; 0; 2; 92; 488; 19; 5; 31; 0; 0; 0; 0; 1; 0; 0; 383; 5; 187; 92; 433; 337; 28; 1; 5; 3; 92; 92; 73; 0
1990;04; 0; 2; 73; 2; 79; 1; 73; 0; 433; 2; 0; 1; 0; 2; 118; 155; 1; 433; 117; 433; 155; 79; 37; 2; 0; 1; 0; 0; 2; 92; 9999
1990;05; 79; 111; 2; 0; 3; 1; 64; 0; 0; 2; 0; 155; 2; 0; 92; 155; 104; 108; 2; 0; 0; 112; 1; 2; 3; 0; 2; 3; 2; 2; 1
1990;06; 2; 2; 0; 2; 0; 2; 104; 79; 0; 2; 42; 6; 3; 2; 50; 13; 2; 1; 2; 2; 21; 2; 2; 0; 3; 3; 0; 11; 0; 0; 9999
1990;07; 0; 1; 0; 0; 28; 36; 2; 0; 0; 63; 46; 28; 1; 0; 0; 2; 143; 2; 113; 25; 63; 143; 208; 208; 158; 63; 2; 142; 3; 63; 2
1990;08; 0; 2; 0; 0; 2; 0; 0; 0; 0; 0; 0; 0; 2; 0; 0; 0; 104; 2; 63; 143; 2; 3; 73; 125; 73; 0; 0; 1; 73; 0; 2
1990;09; 2; 3; 0; 0; 104; 2; 433; 76; 63; 0; 2; 3; 147; 580; 148; 0; 3; 76; 3; 0; 0; 2; 136; 104; 76; 3; 63; 0; 2; 63; 9999
1990;10; 76; 109; 3; 41; 2; 0; 0; 0; 0; 0; 0; 0; 4; 76; 91; 149; 188; 95; 143; 109; 29; 29; 2; 14; 76; 104; 2; 2; 3; 0; 0
1990;11; 2; 63; 0; 3; 177; 178; 188; 125; 214; 64; 1; 64; 76; 3; 1; 0; 0; 0; 0; 0; 0; 0; 3; 0; 2; 3; 7; 3; 0; 0; 9999
1990;12; 0; 2; 0; 2; 7; 1; 2; 158; 92; 63; 118; 3; 74; 102; 104; 50; 111; 5; 95; 92; 2; 0; 0; 5; 2; 101; 46; 0; 104; 5; 0
1991;01; 9999; 9999; 9999; 9999; 9999; 9999; 9999; 9999; 9999; 9999; 9999; 9999; 9999; 9999; 9999; 9999; 9999; 9999; 9999; 9999; 9999; 9999; 9999; 9999; 9999; 9999; 9999; 9999; 9999; 9999; 9999
1991;02; 9999; 9999; 9999; 9999; 9999; 9999; 9999; 9999; 9999; 9999; 9999; 9999; 9999; 9999; 9999; 9999; 9999; 9999; 9999; 9999; 9999; 9999; 9999; 9999; 9999; 9999; 9999; 9999; 9999; 9999; 9999
1991;03; 9999; 9999; 9999; 9999; 9999; 9999; 9999; 9999; 9999; 9999; 9999; 9999; 9999; 9999; 9999; 9999; 9999; 9999; 9999; 9999; 9999; 9999; 9999; 9999; 9999; 9999; 9999; 9999; 9999; 9999; 9999
1991;04; 9999; 9999; 9999; 9999; 9999; 9999; 9999; 9999; 9999; 9999; 9999; 9999; 9999; 9999; 9999; 9999; 9999; 9999; 9999; 9999; 9999; 9999; 0; 0; 0; 36; 89; 0; 0; 0; 9999
1991;05; 0; 0; 0; 0; 0; 323; 43; 163; 0; 0; 0; 0; 67; 0; 0; 0; 0; 0; 0; 0; 0; 0; 0; 0; 0; 0; 0; 0; 0; 0; 0
1991;06; 0; 0; 0; 0; 0; 0; 0; 23; 155; 147; 12; 0; 0; 0; 0; 0; 0; 0; 0; 0; 0; 4; 13; 5; 270; 15; 0; 0; 0; 8; 9999
1991;07; 0; 0; 0; 0; 9; 0; 0; 0; 0; 0; 0; 0; 23; 109; 20; 90; 0; 0; 0; 0; 0; 0; 0; 0; 0; 0; 0; 0; 0; 0; 0
1991;08; 0; 37; 0; 0; 0; 0; 0; 141; 0; 0; 72; 0; 32; 83; 0; 0; 0; 0; 0; 0; 0; 0; 0; 0; 0; 0; 0; 0; 0; 0; 0
1991;09; 0; 189; 21; 0; 0; 0; 0; 0; 0; 0; 0; 0; 0; 0; 0; 0; 0; 0; 0; 71; 0; 0; 0; 10; 0; 87; 17; 0; 62; 145; 9999
1991;10; 0; 208; 109; 0; 42; 188; 0; 34; 42; 23; 25; 0; 0; 0; 0; 0; 0; 0; 0; 0; 0; 0; 0; 0; 0; 0; 0; 0; 0; 0; 21
1991;11; 16; 183; 0; 34; 145; 76; 0; 0; 0; 40; 0; 0; 0; 0; 0; 0; 0; 0; 0; 0; 138; 0; 0; 0; 0; 0; 52; 0; 0; 304; 9999
1991;12; 20; 0; 0; 0; 0; 0; 0; 0; 0; 0; 0; 0; 0; 0; 0; 379; 0; 0; 85; 43; 0; 0; 0; 0; 0; 0; 24; 23; 0; 0; 0
1992;01; 0; 0; 0; 0; 128; 0; 0; 0; 0; 146; 0; 0; 0; 54; 47; 203; 802; 212; 4; 47; 0; 7; 122; 0; 0; 0; 0; 0; 0; 0; 206
1992;02; 0; 0; 0; 0; 0; 0; 0; 166; 0; 0; 0; 0; 0; 0; 0; 0; 0; 0; 0; 0; 0; 0; 0; 0; 0; 348; 0; 212; 0; 9999; 9999
1992;03; 0; 0; 83; 0; 62; 0; 0; 0; 0; 0; 0; 0; 0; 0; 0; 0; 32; 63; 54; 19; 0; 0; 0; 0; 0; 0; 0; 0; 0; 0; 63
1992;04; 273; 87; 0; 0; 0; 0; 0; 0; 149; 0; 0; 0; 0; 190; 0; 0; 0; 0; 0; 0; 0; 0; 0; 0; 0; 120; 142; 42; 0; 0; 9999
1992;05; 0; 0; 0; 281; 0; 0; 0; 0; 0; 0; 0; 0; 0; 26; 0; 0; 0; 0; 160; 60; 0; 0; 82; 0; 0; 0; 0; 0; 0; 0; 0
1992;06; 0; 0; 0; 0; 0; 0; 0; 0; 0; 0; 0; 0; 0; 0; 0; 0; 0; 0; 0; 0; 0; 0; 0; 0; 0; 0; 0; 0; 0; 0; 9999
1992;07; 0; 0; 0; 0; 0; 0; 0; 10; 20; 10; 27; 0; 0; 0; 0; 27; 25; 6; 0; 0; 0; 0; 0; 0; 0; 32; 0; 0; 0; 0; 0
1992;08; 0; 0; 0; 7; 0; 0; 5; 0; 0; 0; 2; 0; 0; 0; 0; 27; 0; 0; 5; 0; 9; 27; 38; 38; 3; 1; 0; 3; 66; 9; 1
1992;09; 0; 0; 9; 0; 7; 250; 250; 30; 11; 56; 38; 7; 44; 10; 54; 0; 55; 3; 24; 12; 1; 2; 1; 0; 157; 163; 67; 12; 0; 0; 9999
1992;10; 0; 7; 0; 13; 0; 35; 185; 250; 3; 63; 277; 0; 0; 0; 0; 0; 0; 351; 17; 0; 0; 0; 0; 0; 1; 0; 0; 48; 3; 260; 30
1992;11; 56; 15; 0; 125; 79; 55; 25; 55; 25; 0; 0; 0; 0; 0; 0; 0; 160; 65; 10; 0; 10; 85; 20; 15; 26; 80; 8; 57; 0; 0; 9999
1992;12; 0; 25; 60; 0; 0; 0; 255; 0; 0; 0; 0; 0; 0; 0; 0; 0; 0; 0; 0; 0; 0; 0; 0; 0; 0; 0; 0; 0; 0; 0; 0
1993;01; 0; 0; 0; 0; 0; 0; 0; 0; 30; 50; 60; 3; 2; 0; 0; 0; 22; 18; 39; 28; 30; 0; 0; 0; 0; 0; 0; 0; 0; 0; 10
1993;02; 0; 0; 21; 32; 5; 105; 0; 9; 100; 90; 12; 20; 95; 0; 0; 100; 100; 0; 0; 0; 0; 102; 100; 15; 100; 100; 100; 135; 9999; 9999; 9999
1993;03; 0; 0; 0; 0; 268; 50; 0; 0; 0; 0; 0; 13; 30; 0; 0; 0; 0; 0; 0; 0; 225; 0; 0; 100; 230; 0; 0; 0; 0; 20; 2
1993;04; 0; 250; 0; 0; 0; 0; 0; 0; 25; 0; 0; 1; 0; 0; 0; 0; 0; 0; 0; 0; 0; 0; 0; 33; 0; 0; 2; 23; 37; 83; 9999
1993;05; 2; 0; 0; 2; 0; 37; 165; 0; 0; 0; 0; 0; 0; 0; 240; 47; 100; 21; 11; 0; 0; 0; 0; 0; 0; 0; 0; 203; 0; 0; 24
1993;06; 135; 0; 0; 0; 0; 0; 13; 0; 4; 85; 100; 185; 66; 2; 0; 10; 2; 0; 46; 7; 0; 0; 2; 2; 0; 0; 0; 0; 0; 0; 9999
1993;07; 0; 0; 0; 0; 0; 0; 0; 3; 0; 0; 0; 0; 12; 5; 73; 13; 1; 0; 0; 0; 0; 0; 0; 0; 0; 0; 0; 22; 0; 0; 0
1993;08; 0; 0; 12; 0; 0; 0; 0; 0; 0; 0; 0; 0; 0; 0; 0; 0; 0; 0; 0; 0; 0; 0; 10; 52; 200; 2; 0; 0; 0; 0; 0
1993;09; 0; 0; 0; 50; 4; 0; 1; 6; 18; 1; 65; 94; 1; 50; 16; 126; 68; 0; 0; 0; 13; 305; 89; 204; 36; 54; 54; 63; 0; 0; 9999
1993;10; 0; 15; 0; 0; 95; 134; 29; 97; 0; 0; 0; 0; 0; 0; 0; 13; 53; 0; 56; 0; 2; 0; 0; 29; 107; 0; 34; 40; 18; 0; 0
1993;11; 0; 3; 25; 12; 2; 0; 31; 34; 56; 0; 14; 0; 0; 0; 0; 0; 0; 96; 40; 0; 0; 0; 16; 0; 0; 3; 3; 0; 0; 0; 9999
1993;12; 0; 0; 0; 3; 0; 0; 0; 0; 0; 13; 157; 55; 0; 0; 0; 0; 204; 9; 0; 152; 101; 103; 1; 0; 0; 0; 0; 2; 0; 0; 0
1994;01; 3; 2; 0; 9; 87; 203; 0; 0; 0; 0; 0; 0; 0; 0; 0; 0; 0; 0; 0; 0; 0; 0; 202; 10; 0; 0; 0; 29; 153; 0; 20
1994;02; 0; 0; 0; 0; 0; 19; 702; 66; 70; 0; 0; 202; 55; 0; 50; 0; 0; 0; 0; 0; 0; 0; 0; 0; 0; 17; 343; 0; 9999; 9999; 9999
1994;03; 0; 729; 103; 28; 30; 31; 21; 507; 600; 8; 25; 10; 35; 56; 6; 7; 0; 0; 0; 0; 236; 1; 0; 7; 400; 32; 122; 101; 59; 0; 0
1994;04; 306; 763; 94; 0; 0; 0; 0; 135; 95; 57; 0; 0; 2; 73; 3; 7; 0; 106; 206; 21; 33; 10; 23; 25; 25; 1; 0; 0; 0; 7; 9999
1994;05; 6; 0; 0; 0; 0; 2; 0; 0; 0; 0; 0; 0; 0; 89; 135; 13; 0; 0; 0; 0; 0; 0; 0; 0; 0; 0; 0; 327; 157; 47; 8
1994;06; 0; 1; 2; 0; 228; 0; 0; 0; 574; 49; 14; 0; 0; 0; 0; 0; 0; 0; 0; 0; 3; 2; 0; 0; 2; 60; 0; 0; 0; 0; 9999
1994;07; 0; 0; 0; 0; 0; 385; 0; 0; 10; 10; 4; 0; 0; 0; 0; 0; 0; 0; 0; 0; 0; 0; 0; 136; 0; 0; 0; 0; 0; 0; 0
1994;08; 0; 0; 0; 8; 0; 0; 0; 0; 0; 0; 0; 0; 0; 0; 0; 0; 8; 42; 0; 0; 0; 0; 0; 0; 79; 0; 21; 0; 0; 0; 0
1994;09; 0; 0; 0; 0; 10; 0; 0; 0; 17; 200; 0; 0; 0; 0; 0; 0; 59; 99; 2; 0; 0; 0; 2; 0; 0; 0; 16; 206; 49; 0; 9999
1994;10; 1; 0; 0; 0; 25; 60; 15; 33; 0; 0; 0; 64; 0; 103; 0; 0; 0; 0; 0; 0; 20; 0; 0; 0; 5; 75; 118; 96; 49; 200; 31
1994;11; 9999; 9999; 9999; 9999; 9999; 9999; 9999; 9999; 9999; 9999; 9999; 9999; 9999; 9999; 9999; 9999; 9999; 9999; 9999; 9999; 9999; 9999; 9999; 9999; 9999; 9999; 9999; 9999; 9999; 9999; 9999
1994;12; 9999; 9999; 9999; 9999; 9999; 9999; 9999; 9999; 9999; 9999; 9999; 9999; 9999; 9999; 9999; 9999; 9999; 9999; 9999; 9999; 9999; 9999; 9999; 9999; 9999; 9999; 9999; 9999; 9999; 9999; 9999
1995;01; 75; 2; 32; 183; 2; 1; 0; 637; 90; 0; 6; 140; 0; 0; 0; 0; 0; 5; 5; 39; 83; 255; 14; 149; 0; 0; 0; 655; 186; 117; 23
1995;02; 8; 0; 362; 304; 201; 16; 216; 252; 255; 234; 0; 2; 45; 22; 586; 0; 0; 0; 496; 469; 167; 0; 0; 0; 0; 0; 0; 0; 9999; 9999; 9999
1995;03; 0; 0; 0; 167; 202; 113; 89; 0; 0; 53; 463; 0; 24; 67; 0; 0; 0; 0; 308; 30; 7; 27; 0; 100; 79; 0; 0; 0; 93; 205; 0
1995;04; 0; 21; 20; 11; 267; 0; 0; 0; 0; 0; 0; 7; 4; 2; 0; 0; 0; 0; 2; 0; 3; 35; 3; 0; 0; 0; 0; 0; 0; 1; 9999
1995;05; 0; 0; 7; 32; 0; 0; 1; 1; 1; 5; 100; 90; 0; 0; 0; 0; 2; 30; 50; 0; 0; 3; 0; 52; 0; 70; 105; 0; 0; 0; 0
1995;06; 0; 0; 0; 0; 0; 0; 0; 0; 0; 0; 0; 5; 0; 0; 0; 50; 0; 70; 5; 14; 0; 0; 50; 0; 0; 0; 0; 70; 220; 80; 9999
1995;07; 0; 0; 0; 0; 0; 0; 0; 0; 200; 100; 0; 0; 0; 0; 0; 0; 0; 0; 0; 0; 0; 122; 0; 0; 0; 0; 0; 0; 0; 0; 0
1995;08; 0; 0; 0; 118; 108; 34; 33; 0; 0; 0; 0; 0; 0; 0; 0; 0; 0; 39; 0; 0; 16; 0; 0; 0; 0; 0; 0; 0; 0; 0; 0
1995;09; 0; 0; 0; 12; 57; 0; 0; 0; 0; 0; 0; 0; 47; 0; 11; 27; 0; 13; 0; 12; 23; 14; 17; 29; 39; 18; 124; 0; 11; 5; 9999
1995;10; 7; 0; 0; 3; 0; 12; 62; 7; 6; 0; 0; 0; 8; 122; 52; 169; 28; 99; 15; 28; 269; 227; 0; 0; 0; 0; 0; 0; 24; 362; 17
1995;11; 12; 0; 0; 0; 0; 0; 0; 0; 0; 0; 171; 183; 39; 127; 42; 13; 82; 38; 7; 3; 0; 0; 0; 0; 0; 0; 0; 113; 61; 0; 9999
1995;12; 0; 0; 0; 0; 6; 25; 0; 0; 12; 43; 7; 16; 200; 38; 0; 0; 42; 28; 0; 0; 0; 0; 26; 29; 37; 52; 1190; 58; 523; 874; 118
1996;01; 13; 405; 122; 156; 79; 47; 296; 87; 28; 31; 25; 21; 0; 0; 0; 17; 23; 28; 36; 71; 14; 130; 8; 3; 6; 58; 0; 0; 0; 0; 0
1996;02; 0; 219; 269; 52; 0; 63; 421; 37; 234; 658; 517; 384; 402; 151; 583; 466; 9999; 9999; 9999; 9999; 9999; 9999; 9999; 9999; 9999; 9999; 9999; 9999; 9999; 9999; 9999
1996;03; 9999; 9999; 9999; 9999; 9999; 9999; 9999; 9999; 9999; 9999; 9999; 9999; 9999; 9999; 9999; 9999; 9999; 9999; 9999; 9999; 9999; 9999; 9999; 9999; 9999; 9999; 9999; 9999; 9999; 9999; 9999
1996;04; 9999; 9999; 9999; 9999; 9999; 9999; 9999; 9999; 9999; 9999; 9999; 9999; 9999; 9999; 9999; 9999; 9999; 9999; 9999; 9999; 9999; 9999; 9999; 9999; 9999; 9999; 9999; 9999; 9999; 9999; 9999
1996;05; 9999; 9999; 9999; 9999; 9999; 9999; 9999; 9999; 9999; 9999; 9999; 9999; 9999; 9999; 9999; 9999; 9999; 9999; 9999; 9999; 9999; 9999; 9999; 9999; 9999; 9999; 9999; 9999; 9999; 9999; 9999
1996;06; 9999; 9999; 9999; 9999; 9999; 9999; 9999; 9999; 9999; 9999; 9999; 9999; 9999; 0; 0; 0; 0; 0; 0; 0; 0; 0; 14; 32; 0; 0; 0; 8; 23; 12; 9999
1996;07; 9999; 9999; 9999; 9999; 9999; 9999; 9999; 9999; 9999; 9999; 9999; 9999; 9999; 9999; 9999; 9999; 9999; 9999; 9999; 9999; 9999; 9999; 9999; 9999; 9999; 9999; 9999; 9999; 9999; 9999; 9999
1996;08; 9999; 9999; 9999; 9999; 9999; 9999; 9999; 9999; 9999; 9999; 9999; 9999; 9999; 9999; 9999; 9999; 9999; 9999; 9999; 9999; 9999; 9999; 9999; 9999; 9999; 9999; 9999; 9999; 9999; 9999; 9999
1996;09; 9999; 9999; 9999; 9999; 9999; 9999; 9999; 9999; 9999; 9999; 9999; 9999; 9999; 9999; 9999; 9999; 9999; 9999; 9999; 9999; 9999; 9999; 9999; 9999; 9999; 9999; 9999; 9999; 9999; 9999; 9999
1996;10; 9999; 9999; 9999; 9999; 9999; 9999; 9999; 9999; 9999; 9999; 9999; 9999; 9999; 9999; 9999; 9999; 9999; 9999; 9999; 9999; 9999; 9999; 9999; 9999; 9999; 9999; 9999; 9999; 9999; 9999; 9999
1996;11; 9999; 9999; 9999; 9999; 9999; 9999; 9999; 9999; 9999; 9999; 9999; 9999; 9999; 9999; 9999; 9999; 9999; 9999; 9999; 9999; 9999; 9999; 9999; 9999; 9999; 9999; 9999; 9999; 9999; 9999; 9999
1996;12; 9999; 9999; 9999; 9999; 9999; 9999; 9999; 9999; 9999; 9999; 9999; 9999; 9999; 9999; 9999; 9999; 9999; 9999; 9999; 9999; 9999; 9999; 9999; 9999; 9999; 9999; 9999; 9999; 9999; 9999; 9999
1997;01; 0; 48; 0; 123; 0; 17; 0; 34; 26; 13; 78; 83; 56; 31; 74; 22; 9999; 9999; 9999; 9999; 9999; 9999; 9999; 9999; 9999; 9999; 9999; 9999; 9999; 9999; 9999
1997;02; 9999; 9999; 9999; 9999; 9999; 9999; 9999; 9999; 9999; 9999; 9999; 9999; 9999; 9999; 9999; 9999; 9999; 9999; 9999; 9999; 9999; 9999; 9999; 9999; 9999; 9999; 9999; 9999; 9999; 9999; 9999
1997;03; 9999; 9999; 9999; 9999; 9999; 9999; 9999; 9999; 9999; 9999; 9999; 9999; 9999; 9999; 9999; 9999; 9999; 9999; 9999; 9999; 9999; 9999; 9999; 9999; 9999; 9999; 9999; 9999; 9999; 9999; 9999
1997;04; 9999; 9999; 9999; 9999; 9999; 9999; 9999; 9999; 9999; 9999; 9999; 9999; 9999; 9999; 9999; 9999; 9999; 9999; 9999; 9999; 9999; 9999; 9999; 9999; 9999; 9999; 9999; 9999; 9999; 9999; 9999
1997;05; 0; 0; 0; 0; 9999; 9999; 0; 0; 0; 0; 9999; 0; 0; 9999; 111; 7; 39; 2; 1; 2; 2; 2; 23; 173; 897; 65; 10; 164; 171; 165; 86
1997;06; 105; 102; 4; 3; 234; 96; 3; 2; 3; 4; 3; 3; 4; 2; 3; 32; 3; 4; 3; 73; 2; 2; 9999; 9999; 9999; 9999; 9999; 9999; 9999; 9999; 9999
