33
Ano,Mes,1,2,3,4,5,6,7,8,9,10,11,12,13,14,15,16,17,18,19,20,21,22,23,24,25,26,27,28,29,30,31
1938;10; 0; 0; 34; 2; 4; 25; 0; 0; 0; 0; 0; 0; 2; 18; 3; 11; 20; 3; 0; 11; 0; 0; 23; 0; 0; 0; 0; 0; 1020; 0; 0
1938;11; 14; 0; 0; 0; 0; 0; 0; 21; 0; 42; 63; 12; 42; 0; 0; 2; 0; 0; 0; 0; 3; 20; 0; 10; 6; 0; 20; 8; 0; 4; 9999
1938;12; 28; 0; 0; 25; 6; 0; 0; 0; 0; 25; 0; 0; 0; 20; 0; 0; 4; 12; 26; 0; 17; 5; 0; 0; 84; 17; 0; 0; 0; 0; 26
1939;01; 9999; 9999; 9999; 9999; 9999; 9999; 9999; 9999; 9999; 9999; 9999; 9999; 9999; 9999; 9999; 9999; 9999; 9999; 9999; 9999; 9999; 9999; 9999; 9999; 9999; 9999; 9999; 9999; 9999; 9999; 9999
1939;02; 0; 0; 0; 0; 0; 0; 0; 490; 510; 560; 0; 0; 0; 0; 0; 0; 0; 0; 170; 0; 0; 450; 520; 530; 0; 0; 0; 0; 9999; 9999; 9999
1939;03; 0; 50; 0; 0; 0; 0; 0; 320; 150; 0; 50; 0; 0; 0; 0; 0; 0; 0; 360; 160; 0; 300; 0; 100; 70; 0; 200; 0; 60; 420; 620
1939;04; 50; 0; 0; 0; 0; 1490; 200; 0; 0; 0; 0; 0; 210; 0; 0; 0; 90; 170; 166; 240; 120; 0; 0; 0; 0; 430; 0; 550; 60; 0; 9999
1939;05; 0; 50; 202; 0; 220; 0; 0; 0; 330; 0; 0; 40; 40; 0; 140; 0; 0; 0; 140; 0; 0; 0; 0; 0; 0; 130; 70; 0; 0; 30; 30
1939;06; 0; 0; 0; 150; 30; 70; 0; 0; 0; 0; 0; 140; 0; 0; 0; 30; 0; 30; 0; 0; 0; 0; 0; 0; 0; 0; 0; 0; 0; 0; 9999
1939;07; 0; 0; 0; 40; 210; 0; 0; 0; 0; 0; 0; 30; 0; 80; 100; 0; 0; 0; 0; 0; 0; 0; 180; 0; 200; 410; 340; 0; 0; 0; 0
1939;08; 0; 0; 0; 0; 0; 0; 0; 0; 0; 0; 0; 0; 0; 0; 0; 0; 0; 0; 0; 0; 0; 50; 170; 30; 0; 0; 0; 0; 0; 0; 0
1939;09; 410; 680; 102; 0; 0; 430; 0; 0; 0; 0; 0; 0; 260; 30; 0; 40; 70; 10; 0; 0; 0; 0; 0; 12; 40; 5; 0; 0; 0; 11; 9999
1939;10; 0; 0; 90; 0; 80; 124; 0; 0; 0; 0; 0; 0; 0; 0; 0; 0; 0; 0; 0; 0; 0; 0; 6; 0; 0; 0; 0; 0; 0; 0; 0
1939;11; 0; 0; 10; 60; 20; 25; 0; 35; 245; 277; 125; 0; 7; 0; 120; 0; 165; 255; 0; 165; 170; 0; 65; 85; 83; 38; 187; 0; 0; 0; 9999
1939;12; 0; 0; 0; 165; 30; 240; 40; 5; 160; 0; 0; 126; 196; 146; 80; 10; 0; 78; 0; 43; 0; 6; 4; 22; 80; 663; 274; 420; 482; 0; 0
1940;01; 0; 30; 0; 12; 0; 0; 250; 1840; 680; 10; 165; 10; 36; 75; 0; 0; 0; 21; 202; 15; 0; 0; 0; 0; 68; 48; 0; 0; 0; 0; 120
1940;02; 100; 0; 173; 0; 0; 0; 355; 140; 0; 0; 0; 0; 280; 515; 178; 635; 0; 0; 431; 98; 0; 34; 70; 51; 263; 0; 47; 0; 37; 9999; 9999
1940;03; 0; 0; 0; 0; 0; 0; 0; 0; 390; 90; 2160; 383; 0; 0; 635; 0; 108; 0; 0; 0; 50; 50; 0; 0; 0; 0; 0; 0; 0; 50; 0
1940;04; 0; 0; 0; 0; 80; 156; 0; 38; 0; 0; 50; 1143; 1225; 0; 0; 0; 0; 0; 125; 100; 80; 0; 0; 0; 0; 0; 0; 0; 100; 18; 9999
1940;05; 0; 68; 232; 96; 0; 0; 460; 2; 0; 0; 0; 0; 0; 0; 0; 0; 0; 0; 0; 0; 0; 0; 0; 0; 0; 0; 0; 0; 355; 0; 0
1940;06; 450; 0; 15; 0; 0; 0; 0; 0; 0; 0; 0; 0; 0; 0; 0; 0; 130; 0; 0; 0; 0; 0; 0; 345; 0; 0; 0; 0; 0; 0; 9999
1940;07; 3; 0; 0; 0; 0; 0; 0; 11; 104; 0; 0; 0; 0; 0; 0; 0; 0; 0; 0; 0; 0; 3; 30; 0; 0; 0; 0; 0; 50; 0; 0
1940;08; 0; 0; 75; 0; 0; 0; 50; 465; 0; 0; 0; 0; 0; 0; 0; 0; 0; 0; 0; 0; 0; 0; 0; 0; 0; 0; 206; 195; 0; 0; 0
1940;09; 47; 4; 0; 0; 0; 0; 0; 0; 0; 0; 305; 0; 208; 0; 0; 0; 0; 0; 0; 0; 0; 295; 0; 115; 691; 361; 10; 0; 0; 0; 9999
1940;10; 0; 0; 51; 5; 1; 0; 0; 7; 3; 43; 174; 452; 228; 0; 0; 0; 0; 7; 405; 100; 10; 71; 0; 0; 20; 28; 385; 158; 378; 3; 37
1940;11; 0; 0; 0; 0; 110; 300; 253; 0; 11; 28; 6; 78; 60; 50; 258; 475; 78; 1; 0; 0; 0; 0; 0; 46; 68; 38; 78; 78; 5; 0; 9999
1940;12; 0; 0; 0; 0; 0; 0; 0; 0; 0; 0; 0; 0; 130; 100; 22; 107; 28; 102; 72; 0; 5; 425; 470; 590; 0; 0; 50; 0; 20; 0; 0
1941;01; 738; 7; 421; 33; 50; 0; 0; 0; 0; 70; 422; 0; 60; 256; 134; 1; 65; 45; 62; 1; 0; 0; 132; 602; 366; 0; 0; 0; 0; 0; 0
1941;02; 0; 0; 1150; 0; 0; 85; 291; 192; 0; 0; 0; 0; 0; 0; 0; 0; 105; 212; 246; 0; 0; 25; 10; 6; 284; 408; 60; 6; 9999; 9999; 9999
1941;03; 422; 350; 720; 552; 0; 66; 228; 276; 49; 0; 0; 360; 60; 0; 0; 0; 70; 525; 0; 0; 0; 1034; 774; 568; 141; 6; 43; 39; 0; 0; 0
1941;04; 6; 183; 461; 122; 0; 0; 0; 0; 0; 0; 0; 0; 8; 0; 0; 0; 0; 1025; 2207; 1; 0; 0; 0; 0; 0; 0; 0; 0; 0; 0; 9999
1941;05; 0; 0; 0; 0; 0; 33; 354; 330; 0; 0; 0; 0; 0; 0; 0; 853; 997; 98; 0; 57; 0; 0; 0; 0; 0; 0; 0; 21; 0; 15; 0
1941;06; 0; 0; 0; 0; 0; 0; 0; 0; 0; 0; 0; 0; 370; 0; 0; 0; 0; 0; 33; 0; 0; 0; 27; 0; 58; 236; 43; 10; 0; 0; 9999
1941;07; 0; 7; 0; 0; 0; 140; 0; 0; 95; 100; 150; 0; 0; 0; 59; 331; 290; 0; 0; 0; 0; 0; 0; 0; 0; 0; 0; 0; 20; 0; 0
1941;08; 0; 0; 65; 184; 27; 154; 0; 0; 0; 0; 0; 0; 0; 0; 19; 101; 15; 130; 52; 0; 0; 0; 0; 0; 0; 0; 0; 0; 0; 0; 0
1941;09; 0; 0; 65; 406; 0; 121; 1600; 0; 0; 0; 35; 5; 40; 213; 138; 0; 28; 68; 0; 0; 45; 23; 80; 97; 100; 74; 385; 0; 0; 0; 9999
1941;10; 37; 90; 0; 5; 0; 670; 53; 25; 75; 97; 22; 202; 0; 0; 0; 0; 330; 38; 0; 0; 0; 40; 0; 0; 0; 0; 0; 0; 0; 0; 10
1941;11; 305; 0; 0; 50; 23; 200; 480; 164; 265; 0; 0; 0; 188; 170; 2; 0; 723; 180; 3; 0; 0; 23; 15; 0; 0; 0; 205; 0; 0; 0; 9999
1941;12; 0; 984; 25; 120; 114; 0; 0; 0; 0; 39; 117; 69; 0; 0; 24; 640; 0; 109; 18; 35; 38; 68; 80; 4; 308; 8; 0; 0; 0; 0; 117
1942;01; 0; 0; 0; 0; 0; 0; 0; 0; 0; 0; 0; 0; 0; 0; 0; 0; 0; 0; 0; 0; 0; 0; 0; 0; 44; 0; 0; 6; 0; 0; 40
1942;02; 385; 8; 210; 115; 15; 0; 0; 8; 352; 0; 55; 0; 0; 425; 0; 0; 0; 982; 1157; 313; 184; 0; 172; 0; 0; 0; 0; 10; 9999; 9999; 9999
1942;03; 0; 400; 0; 0; 0; 121; 0; 3; 0; 130; 100; 420; 15; 50; 0; 0; 0; 300; 0; 0; 0; 0; 0; 0; 0; 0; 0; 0; 540; 0; 225
1942;04; 0; 0; 0; 0; 0; 0; 0; 720; 330; 68; 202; 0; 0; 20; 0; 310; 190; 28; 10; 140; 290; 0; 0; 0; 0; 0; 0; 0; 0; 0; 9999
1942;05; 10; 0; 0; 0; 256; 7; 0; 158; 0; 0; 0; 0; 0; 0; 0; 0; 0; 0; 0; 0; 0; 90; 16; 0; 15; 0; 0; 29; 0; 0; 0
1942;06; 0; 0; 0; 0; 0; 0; 0; 0; 31; 139; 718; 0; 0; 0; 0; 165; 278; 5; 0; 0; 12; 18; 0; 0; 0; 0; 9; 57; 0; 0; 9999
1942;07; 0; 0; 90; 380; 58; 0; 0; 0; 30; 284; 139; 0; 29; 0; 0; 0; 0; 0; 73; 0; 0; 0; 25; 64; 0; 0; 0; 0; 0; 0; 0
1942;08; 0; 0; 0; 1; 0; 0; 0; 0; 0; 0; 0; 0; 0; 6; 0; 0; 0; 0; 0; 223; 46; 0; 324; 42; 0; 95; 54; 0; 0; 0; 0
1942;09; 0; 0; 0; 0; 0; 0; 0; 0; 0; 0; 0; 0; 0; 0; 0; 0; 113; 0; 106; 10; 0; 0; 0; 4; 140; 0; 50; 0; 0; 0; 9999
1942;10; 0; 0; 143; 195; 5; 0; 0; 23; 0; 0; 0; 0; 3; 33; 8; 21; 230; 1; 0; 0; 0; 0; 236; 151; 56; 190; 0; 0; 292; 10; 0
1942;11; 0; 0; 86; 0; 0; 0; 0; 0; 80; 100; 0; 0; 38; 1; 0; 23; 4; 384; 300; 0; 74; 38; 0; 0; 0; 0; 110; 0; 0; 0; 9999
1942;12; 500; 300; 200; 40; 17; 0; 0; 22; 80; 0; 0; 0; 0; 0; 225; 200; 35; 100; 0; 0; 0; 40; 147; 50; 0; 0; 0; 0; 11; 0; 0
1943;01; 0; 0; 0; 5; 19; 0; 0; 120; 0; 0; 0; 0; 0; 360; 450; 0; 0; 0; 0; 1300; 255; 80; 0; 0; 320; 0; 50; 0; 100; 530; 180
1943;02; 380; 110; 150; 303; 0; 0; 0; 0; 0; 70; 25; 0; 0; 0; 19; 20; 0; 270; 20; 0; 0; 1; 0; 0; 160; 14; 40; 11; 9999; 9999; 9999
1943;03; 0; 0; 0; 0; 0; 0; 60; 0; 0; 0; 0; 0; 0; 80; 640; 0; 0; 0; 0; 0; 0; 0; 0; 0; 0; 0; 0; 0; 70; 70; 0
1943;04; 441; 20; 0; 0; 0; 0; 0; 0; 0; 0; 380; 0; 0; 20; 0; 280; 0; 70; 13; 0; 0; 0; 0; 7; 0; 0; 325; 73; 20; 0; 9999
1943;05; 0; 60; 8; 0; 0; 0; 0; 0; 215; 92; 98; 0; 0; 0; 0; 0; 0; 0; 0; 0; 0; 0; 20; 100; 8; 0; 0; 0; 0; 0; 90
1943;06; 350; 78; 0; 0; 0; 0; 0; 64; 25; 27; 121; 3; 0; 0; 8; 0; 0; 0; 390; 70; 0; 0; 0; 0; 4; 14; 0; 42; 0; 0; 9999
1943;07; 0; 0; 0; 0; 0; 60; 96; 43; 10; 0; 0; 0; 0; 0; 0; 0; 0; 0; 14; 21; 0; 0; 0; 0; 0; 0; 0; 0; 0; 0; 19
1943;08; 0; 0; 203; 280; 290; 260; 169; 13; 0; 0; 0; 157; 0; 0; 340; 30; 0; 0; 0; 0; 0; 70; 307; 300; 150; 0; 0; 0; 0; 0; 0
1943;09; 0; 0; 0; 0; 0; 0; 0; 0; 0; 0; 104; 0; 0; 125; 20; 45; 0; 0; 13; 0; 0; 96; 426; 186; 170; 50; 40; 0; 0; 0; 9999
1943;10; 0; 0; 0; 113; 240; 0; 0; 0; 0; 20; 90; 610; 33; 325; 206; 60; 0; 10; 0; 10; 0; 91; 35; 230; 135; 0; 35; 474; 450; 43; 30
1943;11; 5; 20; 32; 0; 0; 0; 0; 40; 0; 107; 0; 0; 0; 0; 0; 0; 0; 10; 95; 13; 0; 20; 27; 280; 52; 72; 0; 0; 0; 0; 9999
1943;12; 35; 0; 0; 0; 0; 0; 0; 0; 0; 0; 0; 0; 0; 0; 5; 0; 130; 0; 100; 40; 20; 0; 100; 50; 3; 0; 0; 0; 0; 42; 80
1944;01; 70; 0; 0; 0; 0; 0; 0; 0; 0; 0; 142; 765; 0; 0; 0; 45; 227; 80; 253; 54; 0; 0; 0; 52; 25; 182; 45; 0; 0; 0; 105
1944;02; 215; 302; 602; 109; 5; 36; 355; 0; 0; 146; 0; 0; 0; 0; 0; 37; 0; 1005; 382; 74; 129; 489; 0; 0; 75; 132; 629; 1020; 145; 9999; 9999
1944;03; 17; 3; 0; 160; 0; 63; 52; 0; 0; 0; 0; 0; 306; 978; 86; 0; 0; 41; 32; 0; 0; 0; 0; 0; 0; 0; 0; 0; 0; 0; 0
1944;04; 16; 200; 0; 0; 0; 0; 0; 0; 0; 0; 101; 207; 109; 0; 0; 52; 0; 492; 82; 285; 533; 0; 0; 0; 0; 0; 0; 0; 0; 0; 9999
1944;05; 0; 0; 0; 0; 0; 0; 0; 0; 0; 0; 101; 207; 109; 0; 0; 0; 8; 0; 0; 0; 0; 0; 0; 0; 0; 90; 0; 0; 0; 0; 0
1944;06; 0; 0; 0; 0; 0; 0; 0; 0; 0; 0; 0; 0; 0; 0; 0; 0; 0; 0; 93; 0; 0; 0; 0; 0; 0; 0; 0; 0; 0; 0; 9999
1944;07; 0; 0; 0; 0; 0; 62; 150; 0; 0; 21; 278; 35; 0; 0; 0; 0; 0; 0; 0; 0; 0; 0; 55; 145; 109; 0; 0; 0; 0; 0; 0
1944;08; 0; 0; 0; 0; 0; 0; 0; 0; 0; 0; 0; 0; 0; 0; 0; 0; 0; 0; 0; 10; 8; 80; 0; 0; 0; 0; 0; 0; 0; 0; 0
1944;09; 0; 62; 0; 65; 0; 0; 15; 255; 60; 0; 0; 0; 0; 0; 0; 0; 0; 0; 8; 0; 0; 0; 0; 0; 0; 0; 0; 0; 0; 0; 9999
1944;10; 66; 0; 0; 0; 0; 10; 0; 0; 0; 0; 13; 32; 0; 32; 0; 0; 0; 0; 0; 80; 0; 0; 0; 0; 0; 325; 265; 0; 0; 0; 34
1944;11; 20; 0; 0; 0; 0; 30; 230; 735; 304; 0; 0; 0; 0; 100; 145; 13; 0; 0; 0; 0; 0; 0; 0; 375; 0; 0; 275; 0; 0; 0; 9999
1944;12; 0; 0; 252; 205; 0; 28; 0; 0; 0; 0; 0; 0; 0; 0; 0; 0; 0; 0; 0; 0; 0; 0; 0; 0; 83; 355; 0; 0; 0; 0; 0
1945;01; 0; 164; 230; 0; 0; 0; 0; 295; 0; 0; 0; 125; 275; 0; 0; 0; 0; 0; 0; 0; 0; 42; 30; 0; 0; 0; 0; 0; 0; 0; 540
1945;02; 667; 900; 958; 0; 0; 150; 130; 0; 0; 0; 0; 0; 0; 0; 0; 0; 30; 0; 0; 85; 20; 55; 105; 0; 0; 0; 0; 0; 9999; 9999; 9999
1945;03; 0; 0; 330; 604; 20; 40; 0; 0; 203; 252; 0; 0; 0; 0; 170; 33; 0; 100; 0; 0; 57; 0; 0; 0; 0; 370; 450; 950; 40; 0; 0
1945;04; 0; 31; 121; 140; 300; 44; 45; 0; 0; 0; 0; 0; 0; 0; 0; 83; 0; 0; 0; 0; 0; 0; 0; 0; 0; 0; 0; 0; 0; 115; 9999
1945;05; 0; 0; 0; 0; 0; 0; 0; 0; 0; 0; 310; 0; 0; 0; 0; 325; 180; 310; 30; 0; 0; 0; 0; 0; 0; 0; 0; 0; 0; 0; 0
1945;06; 0; 0; 0; 0; 0; 253; 70; 0; 0; 0; 0; 0; 0; 0; 0; 0; 0; 0; 0; 170; 850; 0; 600; 320; 580; 305; 40; 4; 0; 0; 9999
1945;07; 0; 0; 0; 0; 0; 0; 0; 0; 0; 110; 660; 340; 90; 30; 0; 0; 0; 0; 0; 0; 0; 0; 90; 70; 10; 0; 0; 0; 0; 0; 0
1945;08; 0; 0; 0; 0; 0; 0; 0; 0; 0; 0; 0; 0; 0; 0; 0; 0; 0; 0; 0; 170; 510; 0; 0; 0; 0; 0; 0; 0; 0; 0; 0
1945;09; 90; 325; 123; 0; 0; 0; 0; 0; 140; 202; 202; 0; 0; 0; 0; 0; 154; 0; 0; 0; 0; 0; 0; 0; 0; 0; 0; 0; 0; 160; 9999
1945;10; 0; 0; 0; 0; 33; 0; 0; 0; 0; 0; 0; 0; 0; 0; 0; 0; 0; 0; 0; 0; 0; 0; 0; 0; 0; 0; 0; 0; 0; 0; 0
1945;11; 0; 0; 0; 0; 0; 0; 0; 0; 182; 0; 0; 0; 105; 0; 0; 0; 0; 0; 0; 0; 0; 220; 130; 50; 0; 30; 0; 0; 0; 0; 9999
1945;12; 0; 0; 0; 0; 0; 0; 60; 17; 95; 0; 0; 0; 0; 0; 0; 160; 0; 0; 0; 0; 0; 0; 0; 0; 0; 0; 0; 0; 0; 0; 60
1946;01; 270; 80; 60; 0; 0; 0; 0; 0; 0; 0; 360; 0; 0; 0; 0; 0; 402; 10; 5; 0; 80; 0; 0; 0; 0; 0; 0; 0; 0; 0; 0
1946;02; 0; 0; 155; 0; 0; 0; 0; 0; 0; 110; 0; 15; 0; 0; 0; 340; 0; 0; 0; 563; 0; 315; 15; 17; 0; 160; 0; 0; 9999; 9999; 9999
1946;03; 0; 0; 0; 700; 140; 240; 0; 0; 0; 35; 0; 270; 300; 0; 1140; 70; 100; 63; 0; 0; 0; 0; 0; 0; 500; 0; 135; 0; 0; 0; 0
1946;04; 0; 240; 0; 0; 0; 0; 0; 120; 0; 0; 0; 0; 0; 0; 0; 0; 30; 0; 0; 0; 0; 0; 0; 0; 0; 0; 0; 0; 0; 0; 9999
1946;05; 0; 0; 0; 1; 0; 0; 0; 0; 0; 0; 0; 0; 4; 0; 0; 0; 0; 0; 0; 0; 0; 0; 0; 0; 0; 0; 0; 0; 0; 0; 4
1946;06; 50; 330; 0; 0; 76; 151; 82; 135; 0; 0; 0; 0; 0; 0; 0; 0; 0; 0; 0; 0; 110; 0; 0; 0; 0; 0; 0; 0; 0; 0; 9999
1946;07; 0; 0; 0; 0; 0; 95; 0; 0; 14; 0; 40; 10; 0; 0; 254; 0; 0; 0; 30; 21; 35; 0; 0; 17; 0; 0; 0; 0; 0; 0; 0
1946;08; 0; 8; 0; 0; 0; 0; 1; 0; 0; 0; 0; 0; 0; 0; 0; 0; 15; 0; 0; 0; 0; 0; 30; 150; 0; 0; 0; 0; 10; 0; 0
1946;09; 0; 0; 0; 0; 0; 0; 0; 0; 0; 0; 0; 0; 0; 0; 0; 0; 176; 0; 0; 0; 0; 0; 0; 10; 0; 0; 0; 0; 0; 750; 9999
1946;10; 107; 0; 0; 0; 0; 0; 0; 100; 350; 0; 0; 0; 205; 132; 60; 10; 166; 8; 635; 340; 85; 50; 260; 35; 10; 0; 0; 0; 0; 0; 10
1946;11; 9999; 9999; 9999; 9999; 9999; 9999; 9999; 9999; 9999; 9999; 9999; 9999; 9999; 9999; 9999; 9999; 9999; 9999; 9999; 9999; 9999; 9999; 9999; 9999; 9999; 9999; 9999; 9999; 9999; 9999; 9999
1946;12; 0; 0; 0; 0; 0; 0; 370; 1; 70; 3; 0; 30; 0; 0; 0; 95; 0; 0; 0; 0; 0; 302; 301; 4; 140; 70; 0; 0; 0; 20; 0
1947;01; 0; 5; 450; 145; 140; 180; 0; 0; 0; 0; 0; 0; 0; 0; 745; 31; 70; 10; 0; 0; 0; 0; 0; 250; 400; 420; 220; 520; 120; 35; 0
1947;02; 0; 0; 0; 0; 0; 0; 0; 0; 0; 0; 0; 170; 0; 0; 52; 0; 415; 80; 125; 65; 0; 0; 0; 0; 0; 0; 306; 150; 9999; 9999; 9999
1947;03; 1002; 150; 35; 0; 0; 242; 283; 340; 0; 0; 0; 0; 50; 90; 280; 0; 0; 0; 0; 325; 24; 35; 0; 0; 97; 117; 0; 0; 0; 0; 0
1947;04; 0; 0; 0; 0; 0; 0; 0; 0; 50; 0; 0; 320; 0; 0; 0; 0; 0; 0; 0; 620; 0; 0; 0; 50; 170; 0; 0; 0; 0; 0; 9999
1947;05; 0; 10; 0; 0; 123; 35; 0; 0; 0; 0; 0; 10; 85; 0; 0; 0; 0; 0; 50; 900; 435; 0; 0; 0; 0; 0; 0; 0; 0; 0; 0
1947;06; 0; 0; 0; 0; 0; 0; 0; 0; 0; 0; 0; 0; 0; 0; 0; 0; 0; 0; 0; 55; 0; 605; 0; 0; 0; 0; 0; 0; 0; 0; 9999
1947;07; 0; 0; 0; 25; 0; 0; 0; 0; 303; 403; 60; 0; 0; 0; 30; 0; 10; 0; 0; 0; 0; 0; 0; 0; 0; 0; 0; 85; 0; 0; 0
1947;08; 0; 0; 0; 0; 0; 0; 50; 100; 70; 0; 30; 203; 0; 100; 0; 0; 0; 0; 0; 0; 0; 0; 0; 0; 3; 101; 0; 5; 0; 0; 0
1947;09; 10; 108; 0; 104; 208; 30; 0; 0; 60; 0; 0; 0; 0; 0; 300; 60; 0; 0; 50; 6; 0; 0; 0; 35; 200; 203; 0; 0; 80; 0; 9999
1947;10; 0; 105; 0; 108; 0; 50; 0; 0; 0; 10; 0; 0; 0; 0; 0; 0; 0; 0; 100; 300; 105; 10; 0; 0; 0; 0; 0; 0; 0; 25; 0
1947;11; 0; 0; 68; 504; 0; 0; 100; 0; 0; 3; 0; 0; 0; 145; 0; 0; 0; 0; 0; 0; 0; 0; 2; 0; 7; 38; 310; 50; 0; 0; 9999
1947;12; 0; 130; 210; 0; 0; 0; 0; 0; 0; 0; 780; 150; 0; 0; 0; 0; 0; 350; 400; 670; 701; 190; 80; 10; 0; 10; 0; 0; 0; 40; 0
1948;01; 0; 0; 0; 0; 0; 0; 0; 0; 0; 0; 480; 20; 0; 0; 150; 100; 50; 0; 20; 200; 0; 50; 10; 0; 0; 0; 0; 0; 370; 65; 0
1948;02; 0; 0; 0; 60; 0; 0; 0; 0; 290; 70; 330; 390; 150; 0; 165; 12; 2; 0; 0; 0; 1; 0; 0; 0; 15; 0; 528; 400; 0; 9999; 9999
1948;03; 90; 155; 0; 0; 0; 22; 65; 320; 0; 0; 385; 407; 230; 0; 107; 60; 0; 0; 0; 0; 0; 0; 0; 0; 189; 310; 50; 0; 0; 0; 0
1948;04; 88; 0; 210; 207; 100; 40; 9999; 9999; 9999; 9999; 9999; 9999; 9999; 9999; 9999; 9999; 9999; 9999; 9999; 9999; 9999; 9999; 9999; 9999; 9999; 9999; 9999; 9999; 9999; 9999; 9999
1948;05; 0; 0; 0; 0; 80; 195; 2; 0; 0; 0; 0; 0; 0; 0; 0; 0; 65; 290; 0; 180; 30; 70; 0; 0; 0; 0; 0; 0; 97; 110; 770
1948;06; 70; 0; 0; 0; 0; 0; 0; 0; 0; 0; 0; 0; 0; 30; 0; 0; 0; 0; 0; 0; 0; 0; 0; 0; 0; 0; 0; 0; 0; 0; 9999
1948;07; 0; 0; 0; 0; 30; 0; 0; 0; 0; 0; 0; 0; 0; 0; 40; 230; 0; 0; 0; 110; 0; 0; 0; 0; 0; 0; 0; 203; 262; 377; 180
1948;08; 0; 0; 0; 0; 0; 75; 0; 0; 0; 0; 0; 90; 350; 33; 0; 0; 0; 0; 0; 0; 0; 0; 0; 0; 0; 0; 0; 100; 60; 0; 0
1948;09; 0; 0; 0; 0; 0; 0; 0; 0; 0; 0; 203; 503; 0; 268; 0; 0; 0; 0; 0; 0; 0; 0; 0; 0; 0; 0; 0; 0; 0; 0; 9999
1948;10; 0; 0; 0; 70; 0; 0; 0; 0; 0; 0; 0; 0; 0; 0; 0; 0; 0; 0; 0; 0; 0; 0; 0; 0; 200; 35; 0; 53; 60; 20; 13
1948;11; 0; 0; 2; 0; 105; 70; 2; 0; 0; 0; 0; 295; 465; 10; 0; 0; 0; 0; 0; 0; 0; 0; 0; 0; 0; 85; 110; 73; 0; 0; 9999
1948;12; 0; 0; 0; 0; 0; 0; 0; 0; 0; 0; 0; 0; 0; 0; 0; 0; 71; 580; 400; 0; 0; 0; 0; 0; 0; 100; 0; 0; 0; 0; 0
1949;01; 9999; 9999; 9999; 9999; 9999; 9999; 9999; 9999; 9999; 9999; 9999; 9999; 9999; 9999; 9999; 9999; 9999; 9999; 9999; 9999; 9999; 9999; 9999; 9999; 9999; 9999; 9999; 9999; 9999; 9999; 9999
1949;02; 9999; 9999; 9999; 9999; 9999; 9999; 9999; 9999; 9999; 9999; 9999; 9999; 9999; 9999; 9999; 9999; 9999; 9999; 9999; 9999; 9999; 9999; 9999; 9999; 9999; 9999; 9999; 9999; 9999; 9999; 9999
1949;03; 9999; 9999; 9999; 9999; 9999; 9999; 9999; 9999; 9999; 9999; 9999; 9999; 9999; 9999; 9999; 9999; 9999; 9999; 9999; 9999; 9999; 9999; 9999; 9999; 9999; 9999; 9999; 9999; 9999; 9999; 9999
1949;04; 9999; 9999; 9999; 9999; 9999; 9999; 9999; 9999; 9999; 9999; 9999; 9999; 9999; 9999; 9999; 9999; 9999; 9999; 9999; 9999; 9999; 9999; 9999; 9999; 9999; 9999; 9999; 9999; 9999; 9999; 9999
1949;05; 9999; 9999; 9999; 9999; 9999; 9999; 9999; 9999; 9999; 9999; 9999; 9999; 9999; 9999; 9999; 9999; 9999; 9999; 9999; 9999; 9999; 9999; 9999; 9999; 9999; 9999; 9999; 9999; 9999; 9999; 9999
1949;06; 9999; 9999; 9999; 9999; 9999; 9999; 9999; 9999; 9999; 9999; 9999; 9999; 9999; 9999; 9999; 9999; 9999; 9999; 9999; 9999; 9999; 9999; 9999; 9999; 9999; 9999; 9999; 9999; 9999; 9999; 9999
1949;07; 9999; 9999; 9999; 9999; 9999; 9999; 9999; 9999; 9999; 9999; 9999; 9999; 9999; 9999; 9999; 9999; 9999; 9999; 9999; 9999; 9999; 9999; 9999; 9999; 9999; 9999; 9999; 9999; 9999; 9999; 9999
1949;08; 9999; 9999; 9999; 9999; 9999; 9999; 9999; 9999; 9999; 9999; 9999; 9999; 9999; 9999; 9999; 9999; 9999; 9999; 9999; 9999; 9999; 9999; 9999; 9999; 9999; 9999; 9999; 9999; 9999; 9999; 9999
1949;09; 9999; 9999; 9999; 9999; 9999; 9999; 9999; 9999; 9999; 9999; 9999; 9999; 9999; 9999; 9999; 9999; 9999; 9999; 9999; 9999; 9999; 9999; 9999; 9999; 9999; 9999; 9999; 9999; 9999; 9999; 9999
1949;10; 9999; 9999; 9999; 9999; 9999; 9999; 9999; 9999; 9999; 9999; 9999; 9999; 9999; 9999; 9999; 9999; 9999; 9999; 9999; 9999; 9999; 9999; 9999; 9999; 9999; 9999; 9999; 9999; 9999; 9999; 9999
1949;11; 9999; 9999; 9999; 9999; 9999; 9999; 9999; 9999; 9999; 9999; 9999; 9999; 9999; 9999; 9999; 9999; 9999; 9999; 9999; 9999; 9999; 9999; 9999; 9999; 9999; 9999; 9999; 9999; 9999; 9999; 9999
1949;12; 9999; 9999; 9999; 9999; 9999; 9999; 9999; 9999; 9999; 9999; 9999; 9999; 9999; 9999; 9999; 9999; 9999; 9999; 9999; 9999; 9999; 9999; 9999; 9999; 9999; 9999; 9999; 9999; 9999; 9999; 9999
1950;01; 0; 0; 0; 0; 272; 331; 325; 430; 335; 105; 0; 0; 0; 0; 0; 0; 0; 0; 100; 515; 174; 0; 0; 0; 0; 0; 190; 0; 0; 370; 300
1950;02; 0; 0; 0; 0; 0; 0; 0; 0; 0; 0; 0; 0; 0; 0; 25; 0; 0; 0; 0; 103; 102; 200; 182; 0; 0; 0; 0; 0; 9999; 9999; 9999
1950;03; 0; 0; 5; 0; 0; 302; 0; 0; 9; 104; 203; 0; 0; 0; 0; 0; 5; 3; 300; 402; 0; 0; 0; 0; 0; 0; 0; 0; 0; 0; 302
1950;04; 308; 5; 204; 101; 102; 0; 0; 0; 0; 0; 0; 0; 702; 104; 102; 0; 0; 0; 0; 95; 401; 0; 0; 0; 0; 8; 509; 108; 0; 0; 9999
1950;05; 0; 0; 0; 4; 100; 109; 0; 0; 0; 0; 0; 0; 0; 0; 0; 0; 0; 3; 0; 0; 0; 5; 0; 0; 0; 0; 0; 0; 0; 109; 3
1950;06; 0; 0; 0; 0; 0; 0; 106; 104; 5; 0; 0; 0; 0; 0; 0; 6; 0; 0; 0; 0; 0; 0; 0; 0; 106; 0; 0; 0; 0; 0; 9999
1950;07; 0; 205; 0; 0; 3; 0; 0; 0; 8; 0; 0; 0; 0; 0; 0; 0; 0; 0; 0; 0; 0; 0; 0; 0; 0; 0; 0; 0; 0; 0; 0
1950;08; 0; 10; 207; 0; 0; 3; 7; 0; 0; 0; 0; 0; 0; 0; 0; 0; 0; 0; 0; 0; 0; 0; 0; 0; 0; 0; 0; 0; 0; 0; 0
1950;09; 0; 0; 0; 0; 0; 0; 0; 0; 0; 0; 0; 0; 0; 0; 0; 0; 0; 0; 0; 0; 0; 109; 307; 400; 108; 0; 0; 0; 0; 0; 9999
1950;10; 0; 309; 6; 0; 0; 7; 0; 0; 4; 6; 0; 308; 103; 0; 6; 0; 205; 0; 105; 200; 203; 0; 0; 0; 0; 0; 0; 0; 0; 0; 0
1950;11; 200; 106; 0; 7; 0; 0; 0; 6; 0; 0; 0; 0; 104; 0; 0; 0; 300; 208; 0; 0; 102; 0; 103; 0; 0; 0; 0; 0; 0; 0; 9999
1950;12; 0; 0; 0; 0; 0; 504; 2; 0; 0; 0; 0; 0; 7; 3; 0; 108; 0; 0; 0; 0; 0; 0; 0; 0; 0; 0; 0; 0; 203; 0; 206
1951;01; 100; 0; 0; 0; 0; 205; 0; 0; 0; 0; 0; 0; 0; 104; 0; 0; 0; 0; 0; 0; 0; 0; 200; 0; 0; 0; 0; 205; 0; 0; 0
1951;02; 9999; 9999; 9999; 9999; 9999; 9999; 9999; 9999; 9999; 9999; 9999; 9999; 9999; 9999; 9999; 9999; 9999; 9999; 9999; 9999; 9999; 9999; 9999; 9999; 9999; 9999; 9999; 9999; 9999; 9999; 9999
1951;03; 9999; 9999; 9999; 9999; 9999; 9999; 9999; 9999; 9999; 9999; 9999; 9999; 9999; 9999; 9999; 9999; 9999; 9999; 9999; 9999; 9999; 9999; 9999; 9999; 9999; 9999; 9999; 9999; 9999; 9999; 9999
1951;04; 9999; 9999; 9999; 9999; 9999; 9999; 9999; 9999; 9999; 9999; 9999; 9999; 9999; 9999; 9999; 9999; 9999; 9999; 9999; 9999; 9999; 9999; 9999; 9999; 9999; 9999; 9999; 9999; 9999; 9999; 9999
1951;05; 0; 5; 0; 0; 0; 0; 0; 0; 0; 0; 0; 0; 0; 0; 0; 0; 0; 0; 0; 101; 0; 0; 0; 0; 0; 0; 0; 0; 0; 307; 0
1951;06; 9999; 9999; 9999; 9999; 9999; 9999; 9999; 9999; 9999; 9999; 9999; 9999; 9999; 9999; 9999; 9999; 9999; 9999; 9999; 9999; 9999; 9999; 9999; 9999; 9999; 9999; 9999; 9999; 9999; 9999; 9999
1951;07; 9999; 9999; 9999; 9999; 9999; 9999; 9999; 9999; 9999; 9999; 9999; 9999; 9999; 9999; 9999; 9999; 9999; 9999; 9999; 9999; 9999; 9999; 9999; 9999; 9999; 9999; 9999; 9999; 9999; 9999; 9999
1951;08; 9999; 9999; 9999; 9999; 9999; 9999; 9999; 9999; 9999; 9999; 9999; 9999; 9999; 9999; 9999; 9999; 9999; 9999; 9999; 9999; 9999; 9999; 9999; 9999; 9999; 9999; 9999; 9999; 9999; 9999; 9999
1951;09; 9999; 9999; 9999; 9999; 9999; 9999; 9999; 9999; 9999; 9999; 9999; 9999; 9999; 9999; 9999; 9999; 9999; 9999; 9999; 9999; 9999; 9999; 9999; 9999; 9999; 9999; 9999; 9999; 9999; 9999; 9999
1951;10; 9999; 9999; 9999; 9999; 9999; 9999; 9999; 9999; 9999; 9999; 9999; 9999; 9999; 9999; 9999; 9999; 9999; 9999; 9999; 9999; 9999; 9999; 9999; 9999; 9999; 9999; 9999; 9999; 9999; 9999; 9999
1951;11; 9999; 9999; 9999; 9999; 9999; 9999; 9999; 9999; 9999; 9999; 9999; 9999; 9999; 9999; 9999; 9999; 9999; 9999; 9999; 9999; 9999; 9999; 9999; 9999; 9999; 9999; 9999; 9999; 9999; 9999; 9999
1951;12; 9999; 9999; 9999; 9999; 9999; 9999; 9999; 9999; 9999; 9999; 9999; 9999; 9999; 9999; 9999; 9999; 9999; 9999; 9999; 9999; 9999; 9999; 9999; 9999; 9999; 9999; 9999; 9999; 9999; 9999; 9999
1952;01; 9999; 9999; 9999; 9999; 9999; 9999; 9999; 9999; 9999; 9999; 9999; 9999; 9999; 9999; 9999; 9999; 9999; 9999; 9999; 9999; 9999; 9999; 9999; 9999; 9999; 9999; 9999; 9999; 9999; 9999; 9999
1952;02; 9999; 9999; 9999; 9999; 9999; 9999; 9999; 9999; 9999; 9999; 9999; 9999; 9999; 9999; 9999; 9999; 9999; 9999; 9999; 9999; 9999; 9999; 9999; 9999; 9999; 9999; 9999; 9999; 9999; 9999; 9999
1952;03; 9999; 9999; 9999; 9999; 9999; 9999; 9999; 9999; 9999; 9999; 9999; 9999; 9999; 9999; 9999; 9999; 9999; 9999; 9999; 9999; 9999; 9999; 9999; 9999; 9999; 9999; 9999; 9999; 9999; 9999; 9999
1952;04; 9999; 9999; 9999; 9999; 9999; 9999; 9999; 9999; 9999; 9999; 9999; 9999; 9999; 9999; 9999; 9999; 9999; 9999; 9999; 9999; 9999; 9999; 9999; 9999; 9999; 9999; 9999; 9999; 9999; 9999; 9999
1952;05; 9999; 9999; 9999; 9999; 9999; 9999; 9999; 9999; 9999; 9999; 9999; 9999; 9999; 9999; 9999; 9999; 9999; 9999; 9999; 9999; 9999; 9999; 9999; 9999; 9999; 9999; 9999; 9999; 9999; 9999; 9999
1952;06; 9999; 9999; 9999; 9999; 9999; 9999; 9999; 9999; 9999; 9999; 9999; 9999; 9999; 9999; 9999; 9999; 9999; 9999; 9999; 9999; 9999; 9999; 9999; 9999; 9999; 9999; 9999; 9999; 9999; 9999; 9999
1952;07; 9999; 9999; 9999; 9999; 9999; 9999; 9999; 9999; 9999; 9999; 9999; 9999; 9999; 9999; 9999; 9999; 9999; 9999; 9999; 9999; 9999; 9999; 9999; 9999; 9999; 9999; 9999; 9999; 9999; 9999; 9999
1952;08; 9999; 9999; 9999; 9999; 9999; 9999; 9999; 9999; 9999; 9999; 9999; 9999; 9999; 9999; 9999; 9999; 9999; 9999; 9999; 9999; 9999; 9999; 9999; 9999; 9999; 9999; 9999; 9999; 9999; 9999; 9999
1952;09; 9999; 9999; 9999; 9999; 9999; 9999; 9999; 9999; 9999; 9999; 9999; 9999; 9999; 9999; 9999; 0; 62; 110; 87; 9; 0; 0; 5; 36; 0; 0; 0; 1; 6; 0; 9999
1952;10; 0; 0; 0; 0; 0; 0; 0; 1; 20; 54; 6; 8; 362; 19; 0; 0; 0; 0; 143; 0; 6; 0; 130; 69; 6; 59; 1; 85; 390; 22; 0
1952;11; 119; 22; 533; 414; 232; 169; 15; 0; 0; 0; 15; 1; 32; 0; 0; 0; 2; 1; 1; 323; 255; 42; 13; 0; 0; 0; 0; 0; 0; 13; 9999
1952;12; 28; 158; 0; 0; 1; 1; 35; 0; 0; 40; 2; 30; 621; 20; 2; 10; 0; 1; 16; 22; 4; 143; 2; 0; 0; 4; 0; 0; 0; 0; 23
1953;01; 9999; 9999; 9999; 9999; 9999; 9999; 9999; 9999; 9999; 9999; 9999; 9999; 9999; 9999; 9999; 9999; 9999; 9999; 9999; 9999; 9999; 9999; 9999; 9999; 9999; 9999; 9999; 9999; 9999; 9999; 9999
1953;02; 9999; 9999; 9999; 9999; 9999; 9999; 9999; 9999; 9999; 9999; 9999; 9999; 9999; 9999; 9999; 9999; 9999; 9999; 9999; 9999; 9999; 9999; 9999; 9999; 9999; 9999; 9999; 9999; 9999; 9999; 9999
1953;03; 9999; 9999; 9999; 9999; 9999; 9999; 9999; 9999; 9999; 9999; 9999; 9999; 9999; 9999; 9999; 9999; 9999; 9999; 9999; 9999; 9999; 9999; 9999; 9999; 9999; 9999; 9999; 9999; 9999; 9999; 9999
1953;04; 0; 0; 111; 0; 0; 0; 34; 211; 0; 0; 79; 41; 0; 0; 0; 0; 360; 381; 53; 0; 0; 188; 67; 52; 154; 80; 5; 11; 3; 0; 9999
1953;05; 0; 0; 0; 122; 381; 116; 26; 86; 0; 0; 200; 366; 391; 0; 0; 15; 24; 0; 0; 0; 0; 0; 0; 0; 0; 20; 222; 0; 0; 0; 211
1953;06; 0; 121; 0; 0; 0; 43; 245; 0; 366; 585; 113; 0; 0; 0; 0; 0; 0; 126; 61; 31; 0; 0; 5; 5; 0; 0; 0; 0; 0; 0; 9999
1953;07; 0; 215; 35; 30; 0; 0; 0; 0; 0; 596; 0; 0; 0; 0; 0; 0; 0; 0; 3; 313; 113; 83; 125; 0; 0; 0; 0; 0; 0; 32; 63
1953;08; 162; 100; 0; 31; 23; 0; 0; 0; 0; 0; 0; 0; 0; 0; 0; 0; 0; 0; 20; 0; 2; 0; 0; 421; 30; 0; 0; 442; 206; 20; 0
1953;09; 0; 0; 0; 6; 0; 0; 280; 67; 0; 0; 14; 45; 70; 0; 0; 384; 203; 0; 23; 0; 1; 0; 0; 0; 4; 0; 0; 0; 0; 0; 9999
1953;10; 0; 0; 65; 16; 114; 15; 22; 30; 36; 22; 0; 112; 12; 14; 0; 0; 14; 0; 114; 412; 0; 0; 11; 0; 0; 0; 176; 30; 0; 20; 0
1953;11; 108; 120; 0; 146; 0; 0; 0; 292; 65; 0; 0; 0; 63; 110; 369; 7; 0; 0; 0; 171; 44; 0; 0; 3; 0; 0; 0; 0; 30; 22; 9999
1953;12; 40; 50; 0; 154; 412; 242; 0; 21; 20; 0; 0; 0; 0; 0; 92; 6; 84; 22; 0; 241; 96; 1; 0; 0; 0; 0; 0; 0; 50; 122; 0
1954;01; 0; 0; 85; 343; 0; 3; 0; 22; 12; 0; 0; 0; 0; 92; 0; 0; 0; 33; 52; 0; 0; 133; 57; 0; 0; 0; 0; 0; 0; 0; 0
1954;02; 9999; 9999; 9999; 9999; 9999; 9999; 9999; 9999; 9999; 9999; 9999; 9999; 9999; 9999; 9999; 9999; 9999; 9999; 9999; 9999; 9999; 9999; 9999; 9999; 9999; 9999; 9999; 9999; 9999; 9999; 9999
1954;03; 9999; 9999; 9999; 9999; 9999; 9999; 9999; 9999; 9999; 9999; 9999; 9999; 9999; 9999; 9999; 9999; 9999; 9999; 9999; 9999; 9999; 9999; 9999; 9999; 9999; 9999; 9999; 9999; 9999; 9999; 9999
1954;04; 9999; 9999; 9999; 9999; 9999; 9999; 9999; 9999; 9999; 9999; 9999; 9999; 9999; 9999; 9999; 9999; 9999; 9999; 9999; 9999; 9999; 9999; 9999; 9999; 9999; 9999; 9999; 9999; 9999; 9999; 9999
1954;05; 9999; 9999; 9999; 9999; 9999; 9999; 9999; 9999; 9999; 9999; 9999; 9999; 9999; 9999; 9999; 9999; 9999; 9999; 9999; 9999; 9999; 9999; 9999; 9999; 9999; 9999; 9999; 9999; 9999; 9999; 9999
1954;06; 9999; 9999; 9999; 9999; 9999; 9999; 9999; 9999; 9999; 9999; 9999; 9999; 9999; 9999; 9999; 9999; 9999; 9999; 9999; 9999; 9999; 9999; 9999; 9999; 9999; 9999; 9999; 9999; 9999; 9999; 9999
1954;07; 9999; 9999; 9999; 9999; 9999; 9999; 9999; 9999; 9999; 9999; 9999; 9999; 9999; 9999; 9999; 9999; 9999; 9999; 9999; 9999; 9999; 9999; 9999; 9999; 9999; 9999; 9999; 9999; 9999; 9999; 9999
1954;08; 9999; 9999; 9999; 9999; 9999; 9999; 9999; 9999; 9999; 9999; 9999; 9999; 9999; 9999; 9999; 9999; 9999; 9999; 9999; 9999; 9999; 9999; 9999; 9999; 9999; 9999; 9999; 9999; 9999; 9999; 9999
1954;09; 9999; 9999; 9999; 9999; 9999; 9999; 9999; 9999; 9999; 9999; 9999; 9999; 9999; 9999; 9999; 9999; 9999; 9999; 9999; 9999; 9999; 9999; 9999; 9999; 9999; 9999; 9999; 9999; 9999; 9999; 9999
1954;10; 9999; 9999; 9999; 9999; 9999; 9999; 9999; 9999; 9999; 9999; 9999; 9999; 9999; 9999; 9999; 9999; 9999; 9999; 9999; 9999; 9999; 9999; 9999; 9999; 9999; 9999; 9999; 9999; 9999; 9999; 9999
1954;11; 9999; 9999; 9999; 9999; 9999; 9999; 9999; 9999; 9999; 9999; 9999; 9999; 9999; 9999; 9999; 9999; 9999; 9999; 9999; 9999; 9999; 9999; 9999; 9999; 9999; 9999; 9999; 9999; 9999; 9999; 9999
1954;12; 9999; 9999; 9999; 9999; 9999; 9999; 9999; 9999; 9999; 9999; 9999; 9999; 9999; 9999; 9999; 9999; 9999; 9999; 9999; 9999; 9999; 9999; 9999; 9999; 9999; 9999; 9999; 9999; 9999; 9999; 9999
1955;01; 9999; 9999; 9999; 9999; 9999; 9999; 9999; 9999; 9999; 9999; 9999; 9999; 9999; 9999; 9999; 9999; 9999; 9999; 9999; 9999; 9999; 9999; 9999; 9999; 9999; 9999; 9999; 9999; 9999; 9999; 9999
1955;02; 9999; 9999; 9999; 9999; 9999; 9999; 9999; 9999; 9999; 9999; 9999; 9999; 9999; 9999; 9999; 9999; 9999; 9999; 9999; 9999; 9999; 9999; 9999; 9999; 9999; 9999; 9999; 9999; 9999; 9999; 9999
1955;03; 9999; 9999; 9999; 9999; 9999; 9999; 9999; 9999; 9999; 9999; 9999; 9999; 9999; 9999; 9999; 9999; 9999; 9999; 9999; 9999; 9999; 9999; 9999; 9999; 9999; 9999; 9999; 9999; 9999; 9999; 9999
1955;04; 9999; 9999; 9999; 9999; 9999; 9999; 9999; 9999; 9999; 9999; 9999; 9999; 9999; 9999; 9999; 9999; 9999; 9999; 9999; 9999; 9999; 9999; 9999; 9999; 9999; 9999; 9999; 9999; 9999; 9999; 9999
1955;05; 9999; 9999; 9999; 9999; 9999; 9999; 9999; 9999; 9999; 9999; 9999; 9999; 9999; 9999; 9999; 9999; 9999; 9999; 9999; 9999; 9999; 9999; 9999; 9999; 9999; 9999; 9999; 9999; 9999; 9999; 9999
1955;06; 9999; 9999; 9999; 9999; 9999; 9999; 9999; 9999; 9999; 9999; 9999; 9999; 9999; 9999; 9999; 9999; 9999; 9999; 9999; 9999; 9999; 9999; 9999; 9999; 9999; 9999; 9999; 9999; 9999; 9999; 9999
1955;07; 9999; 9999; 9999; 9999; 9999; 9999; 9999; 9999; 9999; 9999; 9999; 9999; 9999; 9999; 9999; 9999; 9999; 9999; 9999; 9999; 9999; 9999; 9999; 9999; 9999; 9999; 9999; 9999; 9999; 9999; 9999
1955;08; 9999; 9999; 9999; 9999; 9999; 9999; 9999; 9999; 9999; 9999; 9999; 9999; 9999; 9999; 9999; 9999; 9999; 9999; 9999; 9999; 9999; 9999; 9999; 9999; 9999; 9999; 9999; 9999; 9999; 9999; 9999
1955;09; 9999; 9999; 9999; 9999; 9999; 9999; 9999; 9999; 9999; 9999; 9999; 9999; 9999; 9999; 9999; 9999; 9999; 9999; 9999; 9999; 9999; 9999; 9999; 9999; 9999; 9999; 9999; 9999; 9999; 9999; 9999
1955;10; 9999; 9999; 9999; 9999; 9999; 9999; 9999; 9999; 9999; 9999; 9999; 9999; 9999; 9999; 9999; 9999; 9999; 9999; 9999; 9999; 9999; 9999; 9999; 9999; 9999; 9999; 9999; 9999; 9999; 9999; 9999
1955;11; 9999; 9999; 9999; 9999; 9999; 9999; 9999; 9999; 9999; 9999; 9999; 9999; 9999; 9999; 9999; 9999; 9999; 9999; 9999; 9999; 9999; 9999; 9999; 9999; 9999; 9999; 9999; 9999; 9999; 9999; 9999
1955;12; 9999; 9999; 9999; 9999; 9999; 9999; 9999; 9999; 9999; 9999; 9999; 9999; 9999; 9999; 9999; 9999; 9999; 9999; 9999; 9999; 9999; 9999; 9999; 9999; 9999; 9999; 9999; 9999; 9999; 9999; 9999
1956;01; 9999; 9999; 9999; 9999; 9999; 9999; 9999; 9999; 9999; 9999; 9999; 9999; 9999; 9999; 9999; 9999; 9999; 9999; 9999; 9999; 9999; 9999; 9999; 9999; 9999; 9999; 9999; 9999; 9999; 9999; 9999
1956;02; 0; 0; 0; 0; 0; 0; 0; 0; 0; 0; 0; 0; 0; 0; 0; 9999; 9999; 9999; 9999; 9999; 9999; 9999; 9999; 9999; 9999; 9999; 9999; 9999; 9999; 9999; 9999
1956;03; 0; 0; 0; 0; 0; 0; 0; 0; 0; 0; 0; 0; 0; 0; 0; 9999; 9999; 9999; 9999; 9999; 9999; 9999; 9999; 9999; 9999; 9999; 9999; 9999; 9999; 9999; 9999
1956;04; 0; 0; 0; 0; 0; 0; 0; 0; 0; 0; 0; 0; 0; 0; 0; 9999; 9999; 9999; 9999; 9999; 9999; 9999; 9999; 9999; 9999; 9999; 9999; 9999; 9999; 9999; 9999
1956;05; 0; 0; 0; 0; 0; 0; 0; 0; 0; 0; 0; 0; 0; 0; 0; 9999; 9999; 9999; 9999; 9999; 9999; 9999; 9999; 9999; 9999; 9999; 9999; 9999; 9999; 9999; 9999
1956;06; 0; 0; 0; 0; 0; 0; 0; 0; 0; 0; 0; 0; 0; 0; 0; 9999; 9999; 9999; 9999; 9999; 9999; 9999; 9999; 9999; 9999; 9999; 9999; 9999; 9999; 9999; 9999
1956;07; 0; 0; 0; 0; 0; 0; 0; 0; 0; 0; 0; 0; 0; 0; 0; 9999; 9999; 9999; 9999; 9999; 9999; 9999; 9999; 9999; 9999; 9999; 9999; 9999; 9999; 9999; 9999
1956;08; 0; 0; 0; 0; 0; 0; 0; 0; 0; 0; 0; 0; 0; 0; 0; 9999; 9999; 9999; 9999; 9999; 9999; 9999; 9999; 9999; 9999; 9999; 9999; 9999; 9999; 9999; 9999
1956;09; 0; 0; 0; 0; 0; 0; 0; 0; 0; 0; 0; 0; 0; 0; 0; 9999; 9999; 9999; 9999; 9999; 9999; 9999; 9999; 9999; 9999; 9999; 9999; 9999; 9999; 9999; 9999
1956;10; 0; 0; 0; 0; 0; 0; 0; 0; 0; 0; 0; 0; 0; 0; 0; 9999; 9999; 9999; 9999; 9999; 9999; 9999; 9999; 9999; 9999; 9999; 9999; 9999; 9999; 9999; 9999
1956;11; 0; 0; 0; 0; 0; 0; 0; 0; 0; 0; 0; 0; 0; 0; 0; 9999; 9999; 9999; 9999; 9999; 9999; 9999; 9999; 9999; 9999; 9999; 9999; 9999; 9999; 9999; 9999
1956;12; 0; 0; 0; 0; 0; 0; 0; 0; 0; 0; 0; 0; 0; 0; 0; 9999; 9999; 9999; 9999; 9999; 9999; 9999; 9999; 9999; 9999; 9999; 9999; 9999; 9999; 9999; 9999
1957;01; 9999; 9999; 9999; 9999; 9999; 9999; 9999; 9999; 9999; 9999; 9999; 9999; 9999; 9999; 9999; 9999; 9999; 9999; 9999; 9999; 9999; 9999; 9999; 9999; 9999; 9999; 9999; 9999; 9999; 9999; 9999
1957;02; 9999; 9999; 9999; 9999; 9999; 9999; 9999; 9999; 9999; 9999; 9999; 9999; 9999; 9999; 9999; 9999; 9999; 9999; 9999; 9999; 9999; 9999; 9999; 9999; 9999; 9999; 9999; 9999; 9999; 9999; 9999
1957;03; 9999; 9999; 9999; 9999; 9999; 9999; 9999; 9999; 9999; 9999; 9999; 9999; 9999; 9999; 9999; 9999; 9999; 9999; 9999; 9999; 9999; 9999; 9999; 9999; 9999; 9999; 9999; 9999; 9999; 9999; 9999
1957;04; 9999; 9999; 9999; 9999; 9999; 9999; 9999; 9999; 9999; 9999; 9999; 9999; 9999; 9999; 9999; 9999; 9999; 9999; 9999; 9999; 9999; 9999; 9999; 9999; 9999; 9999; 9999; 9999; 9999; 9999; 9999
1957;05; 9999; 9999; 9999; 9999; 9999; 9999; 9999; 9999; 9999; 9999; 9999; 9999; 9999; 9999; 9999; 9999; 9999; 9999; 9999; 9999; 9999; 9999; 9999; 9999; 9999; 9999; 9999; 9999; 9999; 9999; 9999
1957;06; 9999; 9999; 9999; 9999; 9999; 9999; 9999; 9999; 9999; 9999; 9999; 9999; 9999; 9999; 9999; 9999; 9999; 9999; 9999; 9999; 9999; 9999; 9999; 9999; 9999; 9999; 9999; 9999; 9999; 9999; 9999
1957;07; 9999; 9999; 9999; 9999; 9999; 9999; 9999; 9999; 9999; 9999; 9999; 9999; 9999; 9999; 9999; 9999; 9999; 9999; 9999; 9999; 9999; 9999; 9999; 9999; 9999; 9999; 9999; 9999; 9999; 9999; 9999
1957;08; 9999; 9999; 9999; 9999; 9999; 9999; 9999; 9999; 9999; 9999; 9999; 9999; 9999; 9999; 9999; 9999; 9999; 9999; 9999; 9999; 9999; 9999; 9999; 9999; 9999; 9999; 9999; 9999; 9999; 9999; 9999
1957;09; 9999; 9999; 9999; 9999; 9999; 9999; 9999; 9999; 9999; 9999; 9999; 9999; 9999; 9999; 9999; 9999; 9999; 9999; 9999; 9999; 9999; 9999; 9999; 9999; 9999; 9999; 9999; 9999; 9999; 9999; 9999
1957;10; 9999; 9999; 9999; 9999; 9999; 9999; 9999; 9999; 9999; 9999; 9999; 9999; 9999; 9999; 9999; 9999; 9999; 9999; 9999; 9999; 9999; 9999; 9999; 9999; 9999; 9999; 9999; 9999; 9999; 9999; 9999
1957;11; 9999; 9999; 9999; 9999; 9999; 9999; 9999; 9999; 9999; 9999; 9999; 9999; 9999; 9999; 9999; 9999; 9999; 9999; 9999; 9999; 9999; 9999; 9999; 9999; 9999; 9999; 9999; 9999; 9999; 9999; 9999
1957;12; 9999; 9999; 9999; 9999; 9999; 9999; 9999; 9999; 9999; 9999; 9999; 9999; 9999; 9999; 9999; 9999; 9999; 9999; 9999; 9999; 9999; 9999; 9999; 9999; 9999; 9999; 9999; 9999; 9999; 9999; 9999
1958;01; 9999; 9999; 9999; 9999; 9999; 9999; 9999; 9999; 9999; 9999; 9999; 9999; 9999; 9999; 9999; 9999; 9999; 9999; 9999; 9999; 9999; 9999; 9999; 9999; 9999; 9999; 9999; 9999; 9999; 9999; 9999
1958;02; 9999; 9999; 9999; 9999; 9999; 9999; 9999; 9999; 9999; 9999; 9999; 9999; 9999; 9999; 9999; 9999; 9999; 9999; 9999; 9999; 9999; 9999; 9999; 9999; 9999; 9999; 9999; 9999; 9999; 9999; 9999
1958;03; 9999; 9999; 9999; 9999; 9999; 9999; 9999; 9999; 9999; 9999; 9999; 9999; 9999; 9999; 9999; 9999; 9999; 9999; 9999; 9999; 9999; 9999; 9999; 9999; 9999; 9999; 9999; 9999; 9999; 9999; 9999
1958;04; 9999; 9999; 9999; 9999; 9999; 9999; 9999; 9999; 9999; 9999; 9999; 9999; 9999; 9999; 9999; 9999; 9999; 9999; 9999; 9999; 9999; 9999; 9999; 9999; 9999; 9999; 9999; 9999; 9999; 9999; 9999
1958;05; 9999; 9999; 9999; 9999; 9999; 9999; 9999; 9999; 9999; 9999; 9999; 9999; 9999; 9999; 9999; 9999; 9999; 9999; 9999; 9999; 9999; 9999; 9999; 9999; 9999; 9999; 9999; 9999; 9999; 9999; 9999
1958;06; 9999; 9999; 9999; 9999; 9999; 9999; 9999; 9999; 9999; 9999; 9999; 9999; 9999; 9999; 9999; 9999; 9999; 9999; 9999; 9999; 9999; 9999; 9999; 9999; 9999; 9999; 9999; 9999; 9999; 9999; 9999
1958;07; 9999; 9999; 9999; 9999; 9999; 9999; 9999; 9999; 9999; 9999; 9999; 9999; 9999; 9999; 9999; 9999; 9999; 9999; 9999; 9999; 9999; 9999; 9999; 9999; 9999; 9999; 9999; 9999; 9999; 9999; 9999
1958;08; 9999; 9999; 9999; 9999; 9999; 9999; 9999; 9999; 9999; 9999; 9999; 9999; 9999; 9999; 9999; 9999; 9999; 9999; 9999; 9999; 9999; 9999; 9999; 9999; 9999; 9999; 9999; 9999; 9999; 9999; 9999
1958;09; 9999; 9999; 9999; 9999; 9999; 9999; 9999; 9999; 9999; 9999; 9999; 9999; 9999; 9999; 9999; 9999; 9999; 9999; 9999; 9999; 9999; 9999; 9999; 9999; 9999; 9999; 9999; 9999; 9999; 9999; 9999
1958;10; 9999; 9999; 9999; 9999; 9999; 9999; 9999; 9999; 9999; 9999; 9999; 9999; 9999; 9999; 9999; 9999; 9999; 9999; 9999; 9999; 9999; 9999; 9999; 9999; 9999; 9999; 9999; 9999; 9999; 9999; 9999
1958;11; 9999; 9999; 9999; 9999; 9999; 9999; 9999; 9999; 9999; 9999; 9999; 9999; 9999; 9999; 9999; 9999; 9999; 9999; 9999; 9999; 9999; 9999; 9999; 9999; 9999; 9999; 9999; 9999; 9999; 9999; 9999
1958;12; 9999; 9999; 9999; 9999; 9999; 9999; 9999; 9999; 9999; 9999; 9999; 9999; 9999; 9999; 9999; 9999; 9999; 9999; 9999; 9999; 9999; 9999; 9999; 9999; 9999; 9999; 9999; 9999; 9999; 9999; 9999
1959;01; 9999; 9999; 9999; 9999; 9999; 9999; 9999; 9999; 9999; 9999; 9999; 9999; 9999; 9999; 9999; 9999; 9999; 9999; 9999; 9999; 9999; 9999; 9999; 9999; 9999; 9999; 9999; 9999; 9999; 9999; 9999
1959;02; 9999; 9999; 9999; 9999; 9999; 9999; 9999; 9999; 9999; 9999; 9999; 9999; 9999; 9999; 9999; 9999; 9999; 9999; 9999; 9999; 9999; 9999; 9999; 9999; 9999; 9999; 9999; 9999; 9999; 9999; 9999
1959;03; 9999; 9999; 9999; 9999; 9999; 9999; 9999; 9999; 9999; 9999; 9999; 9999; 9999; 9999; 9999; 9999; 9999; 9999; 9999; 9999; 9999; 9999; 9999; 9999; 9999; 9999; 9999; 9999; 9999; 9999; 9999
1959;04; 9999; 9999; 9999; 9999; 9999; 9999; 9999; 9999; 9999; 9999; 9999; 9999; 9999; 9999; 9999; 9999; 9999; 9999; 9999; 9999; 9999; 9999; 9999; 9999; 9999; 9999; 9999; 9999; 9999; 9999; 9999
1959;05; 9999; 9999; 9999; 9999; 9999; 9999; 9999; 9999; 9999; 9999; 9999; 9999; 9999; 9999; 9999; 9999; 9999; 9999; 9999; 9999; 9999; 9999; 9999; 9999; 9999; 9999; 9999; 9999; 9999; 9999; 9999
1959;06; 9999; 9999; 9999; 9999; 9999; 9999; 9999; 9999; 9999; 9999; 9999; 9999; 9999; 9999; 9999; 9999; 9999; 9999; 9999; 9999; 9999; 9999; 9999; 9999; 9999; 9999; 9999; 9999; 9999; 9999; 9999
1959;07; 9999; 9999; 9999; 9999; 9999; 9999; 9999; 9999; 9999; 9999; 9999; 9999; 9999; 9999; 9999; 9999; 9999; 9999; 9999; 9999; 9999; 9999; 9999; 9999; 9999; 9999; 9999; 9999; 9999; 9999; 9999
1959;08; 9999; 9999; 9999; 9999; 9999; 9999; 9999; 9999; 9999; 9999; 9999; 9999; 9999; 9999; 9999; 9999; 9999; 9999; 9999; 9999; 9999; 9999; 9999; 9999; 9999; 9999; 9999; 9999; 9999; 9999; 9999
1959;09; 9999; 9999; 9999; 9999; 9999; 9999; 9999; 9999; 9999; 9999; 9999; 9999; 9999; 9999; 9999; 9999; 9999; 9999; 9999; 9999; 9999; 9999; 9999; 9999; 9999; 9999; 9999; 9999; 9999; 9999; 9999
1959;10; 9999; 9999; 9999; 9999; 9999; 9999; 9999; 9999; 9999; 9999; 9999; 9999; 9999; 9999; 9999; 9999; 9999; 9999; 9999; 9999; 9999; 9999; 9999; 9999; 9999; 9999; 9999; 9999; 9999; 9999; 9999
1959;11; 9999; 9999; 9999; 9999; 9999; 9999; 9999; 9999; 9999; 9999; 9999; 9999; 9999; 9999; 9999; 9999; 9999; 9999; 9999; 9999; 9999; 9999; 9999; 9999; 9999; 9999; 9999; 9999; 9999; 9999; 9999
1959;12; 9999; 9999; 9999; 9999; 9999; 9999; 9999; 9999; 9999; 9999; 9999; 9999; 9999; 9999; 9999; 9999; 9999; 9999; 9999; 9999; 9999; 9999; 9999; 9999; 9999; 9999; 9999; 9999; 9999; 9999; 9999
1960;01; 9999; 9999; 9999; 9999; 9999; 9999; 9999; 9999; 9999; 9999; 9999; 9999; 9999; 9999; 9999; 9999; 9999; 9999; 9999; 9999; 9999; 9999; 9999; 9999; 9999; 9999; 9999; 9999; 9999; 9999; 9999
1960;02; 9999; 9999; 9999; 9999; 9999; 9999; 9999; 9999; 9999; 9999; 9999; 9999; 9999; 9999; 9999; 9999; 9999; 9999; 9999; 9999; 9999; 9999; 9999; 9999; 9999; 9999; 9999; 9999; 9999; 9999; 9999
1960;03; 9999; 9999; 9999; 9999; 9999; 9999; 9999; 9999; 9999; 9999; 9999; 9999; 9999; 9999; 9999; 9999; 9999; 9999; 9999; 9999; 9999; 9999; 9999; 9999; 9999; 9999; 9999; 9999; 9999; 9999; 9999
1960;04; 9999; 9999; 9999; 9999; 9999; 9999; 9999; 9999; 9999; 9999; 9999; 9999; 9999; 9999; 9999; 9999; 9999; 9999; 9999; 9999; 9999; 9999; 9999; 9999; 9999; 9999; 9999; 9999; 9999; 9999; 9999
1960;05; 9999; 9999; 9999; 9999; 9999; 9999; 9999; 9999; 9999; 9999; 9999; 9999; 9999; 9999; 9999; 9999; 9999; 9999; 9999; 9999; 9999; 9999; 9999; 9999; 9999; 9999; 9999; 9999; 9999; 9999; 9999
1960;06; 9999; 9999; 9999; 9999; 9999; 9999; 9999; 9999; 9999; 9999; 9999; 9999; 9999; 9999; 9999; 9999; 9999; 9999; 9999; 9999; 9999; 9999; 9999; 9999; 9999; 9999; 9999; 9999; 9999; 9999; 9999
1960;07; 0; 0; 0; 0; 0; 0; 0; 0; 42; 0; 8; 80; 24; 0; 2; 0; 0; 0; 12; 193; 32; 0; 0; 0; 93; 23; 0; 0; 0; 0; 0
1960;08; 0; 50; 29; 4; 23; 42; 0; 0; 0; 0; 0; 0; 0; 0; 80; 238; 23; 1; 34; 38; 295; 3; 7; 0; 0; 0; 1; 78; 0; 0; 0
1960;09; 216; 127; 14; 0; 0; 0; 0; 0; 4; 32; 7; 0; 0; 0; 4; 0; 1; 0; 0; 17; 0; 0; 0; 0; 0; 66; 117; 76; 110; 68; 9999
1960;10; 0; 0; 0; 11; 0; 0; 0; 0; 0; 0; 21; 14; 8; 43; 0; 0; 220; 8; 5; 10; 0; 0; 0; 0; 0; 7; 158; 465; 58; 29; 49
1960;11; 1; 2; 0; 0; 13; 11; 495; 5; 58; 0; 160; 13; 32; 31; 232; 231; 8; 0; 9; 24; 185; 56; 1; 0; 0; 118; 0; 0; 32; 64; 9999
1960;12; 25; 0; 0; 0; 0; 0; 190; 176; 0; 0; 0; 7; 0; 0; 0; 0; 1; 367; 663; 3; 235; 115; 2; 27; 0; 61; 226; 6; 0; 662; 335
1961;01; 45; 35; 335; 0; 3; 165; 53; 75; 377; 37; 5; 2; 45; 0; 0; 0; 0; 0; 895; 3; 1; 0; 7; 1166; 167; 27; 621; 180; 398; 134; 0
1961;02; 0; 0; 0; 52; 3; 2; 52; 0; 0; 953; 15; 107; 32; 0; 7; 52; 93; 22; 48; 232; 2; 0; 51; 0; 0; 0; 0; 1311; 9999; 9999; 9999
1961;03; 963; 43; 0; 0; 0; 4; 180; 29; 0; 0; 0; 0; 3; 0; 132; 57; 0; 136; 262; 544; 0; 0; 0; 0; 0; 0; 13; 78; 23; 2; 21
1961;04; 0; 0; 0; 8; 51; 63; 85; 65; 0; 283; 10; 0; 0; 0; 0; 0; 0; 0; 721; 265; 28; 0; 51; 0; 0; 151; 150; 0; 0; 0; 9999
1961;05; 275; 75; 64; 750; 1; 8; 0; 0; 60; 12; 74; 6; 0; 0; 0; 0; 0; 0; 0; 275; 2; 0; 0; 0; 30; 56; 0; 0; 0; 0; 0
1961;06; 0; 0; 0; 0; 175; 0; 0; 0; 0; 0; 0; 38; 3; 0; 660; 62; 50; 210; 0; 0; 0; 120; 4; 44; 83; 0; 0; 0; 0; 1; 9999
1961;07; 0; 0; 0; 0; 0; 0; 0; 5; 492; 8; 43; 0; 0; 0; 0; 0; 0; 0; 0; 0; 0; 0; 245; 2; 0; 0; 166; 41; 451; 6; 0
1961;08; 9999; 9999; 9999; 9999; 9999; 9999; 9999; 9999; 9999; 9999; 9999; 9999; 9999; 9999; 9999; 9999; 9999; 9999; 9999; 9999; 9999; 9999; 9999; 9999; 9999; 9999; 9999; 9999; 9999; 9999; 9999
1961;09; 9999; 9999; 9999; 9999; 9999; 9999; 9999; 9999; 9999; 9999; 9999; 9999; 9999; 9999; 9999; 9999; 9999; 9999; 9999; 9999; 9999; 9999; 9999; 9999; 9999; 9999; 9999; 9999; 9999; 9999; 9999
1961;10; 9999; 9999; 9999; 9999; 9999; 9999; 9999; 9999; 9999; 9999; 9999; 9999; 9999; 9999; 9999; 9999; 9999; 9999; 9999; 9999; 9999; 9999; 9999; 9999; 9999; 9999; 9999; 9999; 9999; 9999; 9999
1961;11; 9999; 9999; 9999; 9999; 9999; 9999; 9999; 9999; 9999; 9999; 9999; 9999; 9999; 9999; 9999; 9999; 9999; 9999; 9999; 9999; 9999; 9999; 9999; 9999; 9999; 9999; 9999; 9999; 9999; 9999; 9999
1961;12; 9999; 9999; 9999; 9999; 9999; 9999; 9999; 9999; 9999; 9999; 9999; 9999; 9999; 9999; 9999; 9999; 9999; 9999; 9999; 9999; 9999; 9999; 9999; 9999; 9999; 9999; 9999; 9999; 9999; 9999; 9999
1962;01; 0; 0; 21; 0; 0; 0; 0; 71; 38; 0; 0; 0; 0; 0; 80; 321; 62; 281; 142; 103; 194; 0; 0; 0; 10; 401; 345; 0; 0; 20; 53
1962;02; 0; 0; 0; 72; 301; 3; 0; 0; 7; 151; 11; 32; 0; 0; 0; 413; 30; 4; 445; 207; 0; 97; 3; 2; 171; 0; 75; 0; 9999; 9999; 9999
1962;03; 0; 0; 315; 18; 0; 0; 0; 0; 0; 0; 2; 384; 320; 215; 435; 0; 0; 146; 0; 53; 0; 0; 0; 0; 0; 0; 0; 0; 0; 0; 0
1962;04; 0; 0; 0; 220; 7; 0; 0; 0; 0; 304; 10; 0; 0; 0; 0; 0; 8; 226; 423; 1; 0; 0; 0; 104; 116; 24; 226; 0; 24; 115; 9999
1962;05; 185; 185; 12; 76; 7; 0; 0; 84; 178; 2; 0; 0; 0; 0; 0; 0; 0; 0; 103; 47; 0; 0; 0; 0; 9; 0; 0; 0; 100; 7; 37
1962;06; 9; 0; 27; 8; 0; 0; 6; 0; 0; 0; 0; 0; 74; 129; 36; 54; 0; 0; 0; 0; 0; 0; 112; 0; 0; 0; 0; 0; 0; 0; 9999
1962;07; 0; 0; 0; 0; 0; 0; 0; 23; 82; 24; 0; 0; 0; 0; 0; 0; 0; 8; 124; 102; 4; 0; 0; 163; 142; 127; 0; 8; 14; 0; 0
1962;08; 0; 0; 0; 0; 0; 0; 0; 0; 0; 0; 0; 144; 0; 0; 168; 0; 0; 0; 0; 0; 103; 58; 202; 126; 0; 0; 0; 0; 0; 0; 0
1962;09; 0; 0; 0; 0; 0; 0; 0; 0; 402; 200; 0; 128; 142; 203; 8; 0; 3; 122; 84; 223; 152; 8; 147; 72; 5; 7; 9; 0; 2; 9; 9999
1962;10; 46; 68; 42; 53; 174; 8; 0; 0; 406; 260; 203; 383; 1; 0; 0; 18; 0; 165; 454; 456; 12; 15; 0; 2; 0; 0; 0; 0; 486; 335; 215
1962;11; 3; 0; 0; 0; 0; 0; 0; 5; 435; 347; 152; 0; 0; 0; 0; 0; 0; 0; 256; 203; 15; 0; 0; 0; 0; 0; 20; 0; 0; 0; 9999
1962;12; 15; 17; 0; 475; 45; 272; 67; 0; 0; 37; 8; 5; 13; 8; 12; 25; 7; 32; 272; 261; 24; 0; 85; 103; 0; 0; 0; 24; 65; 391; 167
1963;01; 432; 0; 0; 0; 0; 0; 0; 13; 0; 0; 302; 216; 0; 143; 97; 68; 156; 13; 8; 0; 0; 0; 0; 0; 0; 0; 0; 0; 93; 16; 0
1963;02; 9999; 9999; 9999; 9999; 9999; 9999; 9999; 9999; 9999; 9999; 9999; 9999; 9999; 9999; 9999; 9999; 9999; 9999; 9999; 9999; 9999; 9999; 9999; 9999; 9999; 9999; 9999; 9999; 9999; 9999; 9999
1963;03; 9999; 9999; 9999; 9999; 9999; 9999; 9999; 9999; 9999; 9999; 9999; 9999; 9999; 9999; 9999; 9999; 9999; 9999; 9999; 9999; 9999; 9999; 9999; 9999; 9999; 9999; 9999; 9999; 9999; 9999; 9999
1963;04; 9999; 9999; 9999; 9999; 9999; 9999; 9999; 9999; 9999; 9999; 9999; 9999; 9999; 9999; 9999; 9999; 9999; 9999; 9999; 9999; 9999; 9999; 9999; 9999; 9999; 9999; 9999; 9999; 9999; 9999; 9999
1963;05; 9999; 9999; 9999; 9999; 9999; 9999; 9999; 9999; 9999; 9999; 9999; 9999; 9999; 9999; 9999; 9999; 9999; 9999; 9999; 9999; 9999; 9999; 9999; 9999; 9999; 9999; 9999; 9999; 9999; 9999; 9999
1963;06; 125; 234; 0; 0; 0; 0; 52; 0; 0; 0; 0; 0; 87; 153; 0; 0; 0; 0; 0; 0; 0; 0; 0; 0; 3; 4; 3; 3; 0; 0; 9999
1963;07; 2; 5; 2; 5; 516; 28; 3; 3; 3; 2; 3; 0; 2; 3; 4; 2; 29; 3; 6; 3; 2; 2; 296; 12; 0; 2; 0; 0; 3; 3; 2
1963;08; 2; 2; 5; 0; 115; 89; 0; 2; 2; 2; 2; 0; 2; 8; 2; 60; 328; 50; 2; 2; 2; 2; 2; 0; 2; 3; 8; 2; 0; 0; 0
1963;09; 0; 2; 2; 2; 2; 2; 2; 0; 0; 2; 2; 5; 36; 4; 2; 6; 38; 32; 0; 0; 5; 5; 3; 2; 2; 5; 6; 83; 13; 28; 9999
1963;10; 235; 129; 88; 38; 18; 75; 8; 2; 0; 2; 2; 2; 2; 2; 8; 24; 7; 62; 17; 89; 0; 550; 8; 35; 31; 2; 32; 148; 2; 2; 4
1963;11; 2; 5; 92; 3; 2; 0; 2; 57; 26; 8; 118; 18; 0; 381; 171; 364; 2; 11; 92; 0; 278; 195; 2; 2; 5; 0; 5; 15; 2; 2; 9999
1963;12; 2; 2; 35; 1; 2; 185; 33; 21; 20; 0; 0; 40; 5; 30; 2; 0; 0; 0; 0; 309; 79; 101; 10; 2; 1; 0; 12; 2; 9; 2; 9
1964;01; 2; 88; 2; 8; 50; 2; 1; 0; 9; 80; 5; 0; 8; 7; 0; 0; 0; 16; 0; 0; 0; 0; 0; 0; 8; 76; 202; 0; 0; 0; 0
1964;02; 8; 5; 0; 10; 6; 0; 0; 0; 2; 11; 2; 0; 8; 29; 170; 0; 25; 145; 124; 436; 103; 14; 2; 3; 8; 3; 2; 2; 2; 9999; 9999
1964;03; 2; 2; 2; 0; 0; 0; 2; 136; 30; 6; 0; 2; 2; 0; 56; 209; 182; 8; 2; 2; 2; 2; 2; 2; 0; 0; 2; 45; 569; 262; 200
1964;04; 64; 256; 32; 2; 0; 0; 0; 0; 0; 2; 2; 0; 0; 0; 0; 0; 0; 53; 4; 5; 49; 2; 0; 0; 768; 9; 0; 5; 209; 7; 9999
1964;05; 401; 0; 152; 14; 23; 36; 2; 0; 27; 0; 2; 0; 0; 204; 2; 2; 0; 0; 2; 2; 0; 0; 0; 67; 0; 0; 0; 0; 156; 268; 25
1964;06; 2; 2; 2; 2; 2; 2; 28; 2; 2; 0; 6; 16; 325; 212; 66; 181; 43; 2; 2; 2; 2; 2; 2; 2; 56; 201; 18; 30; 18; 39; 9999
1964;07; 2; 19; 3; 264; 9; 201; 2; 2; 34; 2; 2; 2; 2; 2; 2; 2; 124; 61; 9; 23; 6; 2; 1; 6; 64; 2; 1; 99; 2; 3; 2
1964;08; 2; 2; 0; 145; 206; 2; 1; 2; 3; 18; 76; 218; 2; 2; 2; 2; 2; 1; 0; 68; 97; 46; 20; 2; 2; 2; 5; 2; 2; 5; 165
1964;09; 0; 10; 616; 2; 2; 2; 2; 0; 2; 2; 106; 378; 2; 2; 2; 2; 0; 5; 2; 2; 2; 2; 2; 77; 139; 134; 76; 20; 2; 2; 9999
1964;10; 187; 43; 78; 173; 334; 28; 84; 55; 15; 28; 2; 0; 125; 87; 2; 2; 2; 0; 0; 6; 68; 2; 0; 0; 0; 0; 132; 0; 0; 180; 26
1964;11; 130; 113; 24; 2; 2; 55; 216; 2; 2; 22; 330; 39; 0; 0; 0; 88; 328; 2; 8; 5; 66; 122; 122; 2; 2; 0; 0; 0; 0; 0; 9999
1964;12; 95; 56; 2; 673; 17; 14; 2; 0; 0; 20; 32; 2; 2; 412; 6; 2; 2; 312; 118; 8; 2; 2; 34; 225; 65; 36; 135; 0; 46; 352; 6
1965;01; 2; 2; 2; 34; 482; 2; 0; 0; 512; 89; 64; 23; 8; 20; 84; 382; 55; 0; 602; 583; 5; 2; 2; 3; 6; 2; 16; 684; 767; 194; 36
1965;02; 25; 72; 1; 8; 302; 103; 2; 2; 6; 2; 1; 2; 42; 12; 151; 41; 13; 28; 2; 2; 2; 32; 45; 2; 125; 1; 191; 0; 9999; 9999; 9999
1965;03; 0; 0; 182; 486; 144; 2; 2; 2; 6; 372; 126; 2; 2; 2; 2; 2; 22; 28; 5; 792; 109; 655; 25; 30; 2; 400; 2; 2; 2; 2; 2
1965;04; 1; 1; 2; 1; 1; 2; 2; 2; 0; 9; 11; 15; 141; 351; 290; 2; 2; 2; 445; 1072; 32; 36; 2; 1; 2; 0; 361; 251; 370; 1532; 9999
1965;05; 37; 2; 2; 17; 2; 2; 2; 2; 2; 2; 203; 285; 85; 327; 117; 236; 138; 374; 698; 291; 6; 106; 5; 2; 2; 2; 2; 2; 2; 2; 2
1965;06; 2; 2; 2; 15; 135; 2; 2; 1; 5; 14; 5; 1; 78; 7; 6; 4; 5; 11; 42; 3; 2; 1; 2; 5; 100; 5; 1; 1; 0; 0; 9999
1965;07; 0; 5; 0; 277; 60; 362; 848; 155; 115; 3; 45; 3; 2; 0; 202; 226; 179; 2; 0; 0; 0; 2; 1; 1; 2; 1; 1; 1; 0; 0; 39
1965;08; 9999; 9999; 9999; 9999; 9999; 9999; 9999; 9999; 9999; 9999; 9999; 9999; 9999; 9999; 9999; 9999; 9999; 9999; 9999; 9999; 9999; 9999; 9999; 9999; 9999; 9999; 9999; 9999; 9999; 9999; 9999
1965;09; 9999; 9999; 9999; 9999; 9999; 9999; 9999; 9999; 9999; 9999; 9999; 9999; 9999; 9999; 9999; 9999; 9999; 9999; 9999; 9999; 9999; 9999; 9999; 9999; 9999; 9999; 9999; 9999; 9999; 9999; 9999
1965;10; 9999; 9999; 9999; 9999; 9999; 9999; 9999; 9999; 9999; 9999; 9999; 9999; 9999; 9999; 9999; 9999; 9999; 9999; 9999; 9999; 9999; 9999; 9999; 9999; 9999; 9999; 9999; 9999; 9999; 9999; 9999
1965;11; 388; 175; 8; 78; 7; 321; 22; 2; 28; 42; 8; 14; 85; 9; 103; 94; 13; 2; 0; 2; 8; 0; 0; 0; 0; 5; 90; 16; 12; 0; 9999
1965;12; 0; 0; 0; 98; 0; 0; 258; 354; 146; 534; 71; 8; 6; 6; 342; 835; 138; 0; 0; 0; 0; 646; 218; 79; 0; 0; 9; 78; 276; 82; 14
1966;01; 238; 45; 5; 0; 0; 5; 0; 0; 34; 203; 1734; 266; 324; 908; 103; 7; 0; 89; 0; 0; 0; 0; 0; 0; 15; 6; 682; 626; 0; 0; 265
1966;02; 288; 151; 0; 24; 221; 0; 94; 0; 0; 182; 0; 7; 578; 61; 0; 0; 0; 78; 0; 324; 0; 252; 95; 90; 92; 65; 62; 0; 9999; 9999; 9999
1966;03; 0; 117; 0; 0; 0; 168; 1291; 1483; 254; 46; 7; 0; 0; 0; 0; 0; 0; 0; 0; 0; 0; 0; 0; 116; 0; 154; 480; 56; 26; 1; 0
1966;04; 0; 0; 281; 245; 75; 23; 18; 31; 84; 113; 264; 2; 2; 1; 2; 2; 1; 1; 1; 2; 264; 273; 158; 2; 2; 64; 6; 24; 68; 0; 9999
1966;05; 1; 1; 1; 1; 250; 523; 434; 84; 2; 1; 1; 2; 12; 234; 98; 2; 2; 2; 1; 1; 2; 0; 124; 224; 2; 2; 2; 2; 2; 2; 2
1966;06; 2; 2; 2; 60; 2; 2; 1; 0; 2; 22; 1; 0; 0; 0; 0; 0; 2; 4; 228; 21; 1; 2; 1; 1; 12; 7; 0; 0; 0; 116; 9999
1966;07; 308; 269; 72; 13; 1; 2; 1; 1; 1; 1; 2; 1; 1; 1; 1; 1; 1; 1; 1; 0; 0; 0; 0; 6; 79; 1; 1; 1; 1; 2; 97
1966;08; 38; 1; 1; 1; 1; 1; 1; 1; 5; 202; 17; 1; 1; 0; 105; 327; 37; 35; 2; 0; 54; 5; 43; 5; 584; 99; 29; 2; 2; 1; 1
1966;09; 81; 52; 236; 29; 178; 2; 2; 1; 0; 25; 2; 2; 2; 2; 4; 2; 169; 30; 1; 14; 21; 0; 1; 1; 2; 2; 3; 183; 819; 31; 9999
1966;10; 1; 1; 1; 5; 66; 5; 226; 202; 9; 3; 2; 2; 96; 44; 2; 2; 94; 145; 132; 2; 124; 95; 1; 0; 0; 0; 0; 417; 409; 391; 170
1966;11; 342; 334; 72; 1; 22; 0; 0; 0; 0; 0; 0; 15; 920; 203; 102; 68; 96; 35; 2; 0; 12; 8; 174; 62; 0; 0; 0; 0; 0; 0; 9999
1966;12; 0; 15; 16; 4; 0; 41; 0; 195; 4; 100; 4; 0; 0; 0; 0; 737; 282; 0; 0; 25; 386; 348; 1861; 1944; 123; 101; 6; 0; 0; 0; 0
1967;01; 0; 0; 0; 0; 172; 89; 8; 0; 0; 163; 602; 454; 26; 0; 21; 23; 18; 0; 4; 0; 6; 83; 304; 126; 78; 4; 0; 5; 47; 6; 3
1967;02; 43; 119; 239; 18; 1326; 132; 101; 2; 118; 422; 272; 214; 19; 8; 0; 0; 0; 993; 1246; 371; 0; 0; 163; 31; 0; 0; 106; 0; 9999; 9999; 9999
1967;03; 0; 285; 323; 147; 0; 1335; 378; 31; 118; 103; 0; 0; 61; 265; 327; 8; 172; 168; 955; 110; 0; 0; 0; 28; 0; 21; 0; 0; 68; 11; 0
1967;04; 0; 0; 5; 0; 7; 166; 0; 0; 0; 0; 0; 0; 0; 0; 0; 129; 52; 0; 0; 5; 44; 0; 0; 5; 4; 883; 145; 3; 7; 11; 9999
1967;05; 38; 6; 2; 9; 2; 13; 18; 23; 8; 2; 1; 1; 1; 1; 1; 1; 1; 1; 1; 2; 786; 38; 1; 1; 1; 1; 1; 1; 1; 1; 1
1967;06; 1; 1; 1; 152; 128; 98; 214; 1; 1; 2; 135; 297; 234; 97; 9; 0; 1; 1; 1; 1; 1; 1; 1; 1; 1; 18; 1; 1; 1; 1; 9999
1967;07; 1; 6; 1; 1; 2; 1; 1; 1; 1; 0; 314; 603; 14; 28; 321; 54; 2; 2; 2; 2; 2; 62; 109; 8; 1; 1; 1; 2; 2; 2; 2
1967;08; 2; 2; 1; 28; 142; 65; 2; 2; 2; 2; 2; 2; 8; 2; 3; 4; 1; 1; 0; 0; 1; 0; 0; 0; 0; 0; 0; 0; 0; 0; 0
1967;09; 0; 0; 0; 0; 0; 0; 13; 152; 87; 190; 6; 9; 387; 72; 0; 0; 0; 0; 0; 0; 103; 224; 136; 24; 5; 12; 43; 5; 7; 1; 9999
1967;10; 1; 1; 0; 0; 0; 0; 0; 0; 0; 0; 0; 14; 28; 12; 3; 65; 1; 2; 3; 181; 222; 168; 86; 133; 289; 152; 178; 42; 8; 162; 0
1967;11; 0; 3; 50; 84; 11; 0; 0; 0; 0; 12; 0; 0; 219; 164; 12; 436; 937; 88; 50; 6; 54; 0; 3; 31; 146; 96; 148; 524; 160; 24; 9999
1967;12; 0; 0; 0; 485; 343; 0; 0; 0; 84; 106; 39; 0; 0; 0; 0; 0; 204; 162; 0; 0; 0; 0; 0; 6; 123; 101; 0; 5; 63; 428; 26
1968;01; 43; 0; 4; 427; 0; 0; 0; 0; 0; 0; 0; 0; 0; 0; 155; 7; 5; 650; 9; 0; 118; 127; 9; 120; 70; 0; 0; 0; 0; 0; 624
1968;02; 1486; 27; 0; 0; 0; 0; 0; 0; 0; 0; 0; 0; 0; 128; 184; 226; 0; 0; 0; 0; 0; 0; 0; 0; 17; 75; 0; 0; 0; 9999; 9999
1968;03; 0; 0; 155; 0; 16; 0; 0; 189; 0; 0; 228; 761; 9; 6; 0; 0; 529; 12; 9; 0; 0; 5; 12; 6; 0; 0; 0; 0; 0; 0; 22
1968;04; 638; 428; 315; 254; 14; 402; 13; 3; 0; 0; 0; 0; 0; 0; 0; 0; 2; 33; 0; 0; 421; 33; 0; 41; 8; 0; 0; 0; 0; 0; 9999
1968;05; 9999; 9999; 9999; 9999; 9999; 9999; 9999; 9999; 9999; 9999; 9999; 9999; 9999; 9999; 9999; 9999; 9999; 9999; 9999; 9999; 9999; 9999; 9999; 9999; 9999; 9999; 9999; 9999; 9999; 9999; 9999
1968;06; 9999; 9999; 9999; 9999; 9999; 9999; 9999; 9999; 9999; 9999; 9999; 9999; 9999; 9999; 9999; 9999; 9999; 9999; 9999; 9999; 9999; 9999; 9999; 9999; 9999; 9999; 9999; 9999; 9999; 9999; 9999
1968;07; 0; 0; 0; 0; 0; 324; 82; 0; 0; 221; 12; 8; 0; 0; 0; 24; 13; 0; 0; 0; 0; 18; 13; 0; 0; 0; 0; 0; 0; 0; 0
1968;08; 0; 0; 0; 0; 14; 12; 0; 12; 142; 34; 0; 0; 0; 0; 0; 0; 0; 0; 0; 0; 0; 0; 0; 83; 0; 0; 0; 0; 0; 0; 60
1968;09; 50; 0; 0; 39; 6; 0; 0; 0; 0; 0; 0; 0; 0; 123; 8; 14; 52; 0; 0; 0; 139; 660; 6; 0; 0; 0; 0; 0; 6; 21; 9999
1968;10; 8; 0; 0; 0; 0; 0; 0; 0; 108; 160; 31; 8; 11; 2; 0; 0; 79; 19; 393; 3; 3; 3; 2; 64; 48; 0; 0; 28; 162; 10; 34
1968;11; 0; 0; 0; 7; 0; 0; 0; 0; 0; 0; 4; 292; 0; 0; 0; 0; 0; 71; 77; 0; 0; 0; 0; 0; 0; 0; 0; 6; 142; 105; 9999
1968;12; 118; 556; 92; 5; 0; 79; 2; 0; 0; 0; 0; 0; 0; 0; 0; 0; 423; 25; 0; 0; 0; 0; 0; 0; 0; 165; 178; 0; 253; 79; 0
1969;01; 0; 0; 243; 0; 0; 0; 321; 204; 0; 0; 34; 372; 6; 0; 0; 10; 0; 0; 0; 0; 0; 104; 8; 16; 0; 68; 116; 0; 26; 0; 0
1969;02; 0; 413; 582; 0; 0; 0; 0; 0; 0; 0; 0; 0; 0; 284; 0; 0; 0; 22; 87; 438; 242; 228; 24; 46; 182; 25; 0; 254; 9999; 9999; 9999
1969;03; 336; 574; 28; 31; 61; 0; 5; 0; 0; 11; 52; 156; 292; 191; 26; 0; 0; 0; 0; 42; 0; 31; 3; 0; 0; 0; 3; 71; 21; 0; 0
1969;04; 0; 379; 203; 367; 130; 170; 70; 38; 143; 0; 0; 0; 76; 6; 8; 44; 0; 0; 0; 0; 0; 0; 95; 406; 118; 64; 0; 0; 34; 4; 9999
1969;05; 0; 0; 0; 4; 0; 0; 0; 0; 0; 0; 0; 0; 4; 10; 0; 0; 0; 0; 0; 0; 0; 0; 0; 0; 222; 0; 172; 226; 0; 0; 0
1969;06; 0; 445; 0; 0; 0; 0; 0; 0; 0; 0; 0; 0; 0; 0; 0; 142; 52; 6; 298; 81; 22; 93; 0; 0; 0; 0; 0; 0; 0; 0; 9999
1969;07; 174; 28; 19; 0; 0; 0; 0; 287; 15; 0; 0; 0; 25; 4; 0; 4; 0; 0; 0; 0; 0; 0; 0; 0; 0; 0; 0; 0; 0; 0; 0
1969;08; 0; 40; 351; 91; 0; 0; 235; 42; 0; 1; 0; 0; 0; 0; 0; 18; 0; 0; 0; 24; 114; 4; 0; 0; 0; 4; 5; 4; 278; 65; 0
1969;09; 0; 0; 0; 0; 115; 0; 0; 78; 19; 0; 0; 4; 81; 49; 28; 2; 2; 6; 55; 8; 87; 3; 17; 13; 2; 0; 0; 0; 10; 34; 9999
1969;10; 226; 146; 45; 101; 0; 0; 399; 251; 0; 0; 0; 0; 15; 11; 0; 0; 272; 68; 19; 372; 17; 0; 292; 384; 8; 17; 0; 0; 0; 0; 51
1969;11; 0; 0; 30; 163; 0; 0; 56; 0; 34; 529; 5; 76; 28; 169; 42; 101; 0; 0; 562; 531; 1045; 50; 94; 32; 6; 0; 0; 0; 0; 6; 9999
1969;12; 128; 143; 24; 0; 0; 0; 13; 214; 0; 0; 98; 47; 99; 28; 52; 0; 0; 0; 0; 0; 0; 0; 13; 402; 976; 57; 0; 0; 0; 0; 0
1970;01; 67; 0; 5; 0; 0; 0; 0; 0; 0; 619; 123; 0; 0; 0; 235; 362; 418; 96; 146; 150; 740; 0; 0; 0; 0; 0; 93; 0; 6; 81; 0
1970;02; 0; 0; 0; 0; 0; 192; 0; 0; 0; 697; 68; 142; 95; 54; 75; 155; 6; 81; 62; 291; 52; 63; 59; 2493; 81; 124; 93; 0; 9999; 9999; 9999
1970;03; 0; 0; 0; 0; 0; 0; 0; 0; 0; 21; 0; 0; 572; 737; 391; 0; 0; 634; 107; 6; 0; 0; 0; 0; 1292; 0; 0; 0; 0; 0; 0
1970;04; 0; 0; 0; 13; 508; 85; 124; 146; 44; 6; 0; 0; 0; 0; 0; 0; 18; 0; 0; 0; 0; 0; 0; 0; 0; 0; 0; 126; 7; 0; 9999
1970;05; 0; 0; 0; 0; 0; 0; 271; 274; 0; 0; 0; 75; 0; 0; 0; 0; 0; 111; 0; 0; 66; 411; 21; 0; 0; 0; 0; 0; 0; 0; 0
1970;06; 0; 0; 0; 0; 0; 0; 4; 0; 2; 14; 0; 0; 0; 3; 104; 258; 0; 0; 0; 0; 0; 0; 19; 673; 8; 3; 0; 0; 0; 55; 9999
1970;07; 17; 82; 7; 0; 0; 0; 0; 0; 214; 28; 0; 0; 8; 12; 143; 0; 0; 0; 0; 0; 0; 27; 0; 0; 0; 0; 0; 0; 0; 0; 0
1970;08; 0; 0; 0; 0; 0; 0; 0; 0; 2; 0; 0; 0; 5; 0; 4; 0; 0; 5; 0; 0; 0; 0; 0; 0; 135; 378; 440; 445; 9; 141; 202
1970;09; 0; 0; 0; 0; 0; 0; 78; 25; 13; 3; 0; 0; 102; 8; 114; 310; 94; 43; 12; 0; 23; 27; 0; 20; 14; 8; 0; 0; 132; 0; 9999
1970;10; 0; 0; 41; 402; 23; 8; 0; 0; 0; 0; 12; 8; 19; 9; 0; 0; 0; 0; 0; 279; 42; 77; 79; 17; 0; 23; 9; 234; 0; 0; 0
1970;11; 0; 0; 234; 47; 32; 0; 0; 129; 54; 46; 0; 0; 0; 0; 0; 0; 0; 0; 89; 0; 0; 246; 4; 0; 0; 0; 0; 10; 16; 8; 9999
1970;12; 54; 55; 451; 32; 0; 0; 0; 0; 0; 53; 0; 0; 521; 83; 27; 0; 0; 0; 0; 378; 96; 0; 0; 0; 0; 423; 8; 0; 74; 129; 104
1971;01; 124; 1387; 364; 87; 0; 194; 439; 0; 0; 0; 386; 0; 0; 302; 92; 0; 0; 0; 0; 0; 0; 0; 0; 0; 0; 0; 0; 0; 14; 12; 24
1971;02; 101; 212; 0; 0; 0; 0; 0; 0; 108; 151; 0; 42; 56; 0; 0; 0; 0; 0; 0; 24; 284; 0; 415; 0; 1260; 1640; 588; 161; 9999; 9999; 9999
1971;03; 16; 275; 1; 0; 208; 0; 46; 0; 0; 32; 9; 14; 32; 0; 0; 0; 0; 0; 0; 0; 0; 198; 299; 208; 442; 17; 115; 126; 84; 6; 2
1971;04; 0; 0; 5; 225; 287; 7; 4; 102; 134; 125; 107; 92; 47; 143; 0; 0; 0; 0; 0; 0; 0; 568; 122; 596; 0; 0; 3; 0; 0; 0; 9999
1971;05; 0; 0; 74; 61; 224; 0; 0; 0; 94; 36; 60; 0; 0; 0; 0; 0; 0; 0; 0; 14; 0; 0; 0; 0; 2; 127; 52; 638; 30; 0; 0
1971;06; 2; 2; 0; 531; 82; 0; 0; 0; 183; 5; 4; 195; 71; 6; 5; 37; 85; 148; 306; 168; 18; 8; 16; 0; 0; 4; 0; 0; 0; 0; 9999
1971;07; 0; 292; 240; 0; 50; 0; 0; 0; 0; 0; 0; 0; 0; 0; 0; 0; 0; 0; 0; 0; 0; 0; 0; 0; 0; 0; 0; 0; 45; 35; 0
1971;08; 0; 4; 28; 0; 0; 0; 14; 56; 13; 0; 20; 7; 0; 0; 242; 34; 29; 2; 2; 1; 1; 0; 3; 2; 26; 294; 92; 146; 118; 6; 3
1971;09; 0; 2; 0; 0; 0; 6; 0; 146; 52; 11; 27; 72; 5; 0; 0; 0; 0; 0; 0; 0; 0; 0; 0; 180; 66; 0; 0; 9; 35; 0; 9999
1971;10; 102; 28; 8; 0; 0; 146; 34; 0; 0; 0; 208; 565; 119; 3; 0; 0; 0; 0; 0; 0; 0; 0; 0; 0; 9; 79; 0; 5; 6; 29; 0
1971;11; 8; 155; 23; 0; 0; 0; 0; 10; 0; 65; 0; 0; 76; 41; 0; 0; 0; 0; 36; 225; 63; 14; 141; 34; 5; 6; 40; 31; 0; 0; 9999
1971;12; 82; 262; 15; 54; 137; 26; 0; 0; 0; 0; 0; 0; 0; 73; 115; 8; 0; 0; 0; 0; 0; 0; 84; 124; 145; 104; 18; 27; 8; 0; 0
1972;01; 0; 0; 0; 0; 0; 44; 302; 20; 64; 158; 16; 0; 0; 0; 0; 0; 0; 0; 232; 175; 0; 0; 483; 234; 0; 0; 56; 126; 54; 225; 85
1972;02; 0; 0; 35; 5; 0; 0; 0; 0; 0; 102; 0; 0; 0; 0; 23; 123; 374; 14; 68; 656; 72; 0; 0; 64; 0; 0; 258; 215; 29; 9999; 9999
1972;03; 0; 0; 18; 0; 35; 0; 0; 0; 124; 206; 384; 658; 273; 5; 0; 0; 0; 0; 0; 0; 0; 8; 20; 0; 0; 0; 154; 0; 0; 0; 283
1972;04; 684; 537; 294; 77; 684; 173; 26; 39; 98; 89; 0; 0; 0; 0; 0; 128; 224; 116; 9; 0; 0; 0; 0; 0; 0; 0; 26; 0; 0; 0; 9999
1972;05; 0; 0; 0; 0; 0; 0; 0; 0; 69; 0; 0; 0; 0; 0; 0; 0; 0; 0; 0; 974; 0; 0; 145; 0; 939; 9; 0; 0; 0; 0; 0
1972;06; 0; 0; 0; 0; 0; 0; 0; 0; 0; 0; 0; 0; 0; 147; 70; 0; 0; 0; 43; 0; 0; 0; 0; 0; 0; 0; 0; 0; 0; 0; 9999
1972;07; 0; 0; 0; 0; 89; 10; 0; 0; 0; 27; 0; 0; 193; 21; 16; 14; 7; 0; 0; 0; 0; 0; 0; 0; 0; 69; 78; 33; 0; 0; 0
1972;08; 0; 0; 0; 328; 575; 284; 145; 41; 21; 13; 0; 0; 0; 19; 98; 0; 0; 0; 0; 0; 0; 0; 229; 117; 0; 0; 0; 0; 0; 50; 0
1972;09; 0; 0; 0; 0; 0; 0; 0; 0; 0; 0; 6; 8; 124; 0; 0; 0; 0; 0; 0; 0; 0; 65; 124; 82; 114; 15; 0; 148; 724; 421; 9999
1972;10; 100; 20; 26; 687; 341; 208; 129; 153; 102; 73; 180; 51; 24; 0; 189; 123; 120; 20; 0; 0; 0; 0; 0; 10; 7; 0; 0; 0; 132; 50; 0
1972;11; 23; 302; 143; 235; 13; 10; 14; 2; 13; 55; 0; 0; 14; 25; 13; 12; 17; 0; 0; 24; 10; 18; 9; 25; 8; 34; 0; 0; 0; 0; 9999
1972;12; 43; 0; 0; 0; 0; 0; 302; 0; 0; 0; 0; 286; 202; 101; 0; 0; 0; 0; 92; 63; 0; 0; 0; 64; 140; 65; 0; 0; 0; 26; 0
1973;01; 0; 0; 38; 16; 9; 18; 32; 26; 38; 22; 6; 12; 0; 0; 0; 1405; 608; 330; 0; 36; 175; 687; 249; 11; 0; 1300; 0; 0; 0; 0; 77
1973;02; 7; 0; 0; 0; 58; 937; 23; 0; 0; 0; 0; 0; 189; 632; 528; 342; 204; 806; 658; 365; 19; 0; 0; 0; 0; 0; 164; 0; 9999; 9999; 9999
1973;03; 0; 0; 0; 0; 372; 338; 304; 121; 102; 108; 109; 128; 246; 123; 0; 0; 4; 0; 0; 0; 31; 91; 8; 265; 28; 16; 108; 0; 9; 202; 18
1973;04; 98; 14; 0; 0; 0; 0; 0; 0; 345; 141; 110; 3; 217; 0; 0; 0; 7; 8; 9; 187; 204; 198; 0; 0; 0; 0; 0; 0; 0; 0; 9999
1973;05; 0; 0; 86; 748; 361; 126; 6; 304; 29; 24; 18; 172; 64; 73; 88; 25; 0; 0; 0; 0; 0; 343; 386; 5; 6; 168; 0; 0; 0; 0; 0
1973;06; 0; 0; 0; 3; 0; 0; 0; 0; 0; 0; 0; 0; 3; 0; 81; 8; 0; 74; 0; 0; 0; 0; 7; 0; 202; 0; 100; 0; 0; 0; 9999
1973;07; 0; 201; 150; 0; 0; 8; 0; 0; 0; 0; 0; 0; 0; 0; 0; 0; 0; 116; 673; 634; 876; 24; 7; 132; 5; 0; 0; 0; 201; 7; 0
1973;08; 0; 0; 36; 15; 34; 43; 0; 0; 0; 0; 0; 0; 6; 0; 54; 16; 5; 0; 0; 18; 12; 83; 149; 118; 6; 0; 115; 14; 75; 4; 11
1973;09; 23; 93; 8; 0; 0; 0; 0; 142; 28; 5; 0; 0; 29; 0; 9; 74; 80; 0; 0; 273; 254; 452; 210; 22; 23; 0; 0; 8; 52; 123; 9999
1973;10; 134; 9; 0; 0; 0; 7; 0; 0; 287; 14; 104; 24; 53; 128; 15; 0; 0; 0; 144; 0; 0; 0; 0; 0; 15; 52; 746; 92; 108; 0; 82
1973;11; 54; 162; 176; 54; 6; 0; 5; 8; 0; 0; 125; 0; 0; 19; 106; 23; 84; 126; 465; 0; 0; 0; 0; 0; 903; 72; 0; 402; 64; 0; 9999
1973;12; 0; 0; 0; 174; 0; 124; 130; 8; 204; 14; 0; 0; 0; 0; 0; 0; 258; 106; 0; 252; 1587; 0; 0; 0; 0; 612; 0; 0; 82; 9; 200
1974;01; 0; 0; 0; 0; 0; 0; 0; 312; 0; 157; 0; 0; 332; 124; 326; 1288; 245; 317; 0; 0; 0; 0; 0; 0; 0; 396; 204; 65; 164; 0; 282
1974;02; 109; 49; 0; 0; 0; 0; 0; 0; 0; 0; 0; 0; 0; 0; 0; 25; 0; 46; 68; 0; 0; 23; 45; 162; 84; 59; 0; 0; 9999; 9999; 9999
1974;03; 0; 0; 0; 0; 0; 0; 72; 123; 0; 0; 102; 139; 315; 62; 189; 0; 2; 162; 276; 180; 365; 9; 109; 62; 24; 51; 20; 0; 0; 0; 0
1974;04; 0; 28; 18; 324; 168; 105; 0; 0; 0; 0; 0; 0; 0; 0; 0; 0; 0; 8; 6; 126; 0; 0; 0; 0; 0; 124; 356; 188; 34; 0; 9999
1974;05; 0; 0; 0; 0; 0; 109; 28; 17; 65; 23; 0; 0; 0; 0; 0; 0; 0; 0; 0; 0; 0; 0; 0; 0; 0; 0; 0; 0; 0; 0; 0
1974;06; 0; 0; 0; 0; 0; 0; 0; 0; 418; 202; 64; 19; 18; 0; 0; 0; 0; 374; 128; 6; 8; 155; 382; 0; 255; 40; 30; 10; 0; 0; 9999
1974;07; 0; 0; 0; 0; 0; 0; 0; 0; 0; 0; 0; 0; 0; 0; 0; 0; 0; 57; 168; 309; 184; 167; 54; 128; 8; 0; 0; 0; 0; 0; 0
1974;08; 0; 0; 0; 0; 0; 0; 0; 0; 164; 216; 0; 0; 0; 0; 0; 68; 8; 0; 0; 0; 0; 0; 0; 0; 0; 0; 0; 0; 0; 0; 0
1974;09; 74; 196; 183; 234; 173; 29; 174; 32; 0; 18; 0; 10; 0; 0; 0; 0; 0; 0; 4; 17; 8; 0; 21; 0; 0; 0; 0; 14; 58; 306; 9999
1974;10; 272; 161; 200; 184; 125; 0; 0; 0; 11; 0; 0; 0; 0; 0; 0; 0; 0; 68; 22; 0; 0; 0; 0; 0; 171; 68; 146; 208; 152; 314; 16
1974;11; 0; 0; 0; 0; 0; 0; 468; 0; 21; 94; 0; 0; 56; 0; 0; 0; 0; 0; 0; 0; 528; 25; 0; 0; 0; 0; 0; 130; 0; 84; 9999
1974;12; 0; 0; 713; 528; 384; 178; 4; 4; 0; 0; 105; 0; 0; 384; 768; 13; 134; 282; 431; 6; 0; 0; 0; 0; 0; 7; 14; 0; 0; 8; 0
1975;01; 24; 868; 1207; 5; 0; 8; 6; 5; 18; 148; 14; 18; 357; 15; 0; 0; 0; 18; 1104; 708; 164; 0; 0; 4; 0; 0; 0; 0; 589; 236; 84
1975;02; 0; 146; 0; 530; 460; 100; 6; 14; 210; 0; 0; 0; 0; 0; 0; 0; 0; 0; 28; 0; 0; 268; 1532; 93; 0; 974; 0; 301; 9999; 9999; 9999
1975;03; 0; 0; 372; 0; 0; 0; 0; 0; 0; 0; 0; 0; 229; 0; 0; 112; 3; 0; 0; 0; 0; 56; 0; 0; 447; 0; 0; 38; 0; 0; 87
1975;04; 37; 0; 0; 558; 54; 0; 0; 0; 0; 8; 3; 102; 5; 0; 0; 251; 0; 0; 0; 0; 0; 0; 0; 0; 0; 0; 0; 0; 0; 0; 9999
1975;05; 0; 27; 0; 184; 0; 226; 284; 0; 0; 0; 0; 0; 0; 0; 0; 33; 0; 289; 132; 8; 18; 49; 21; 17; 23; 17; 0; 0; 0; 0; 0
1975;06; 0; 0; 76; 12; 60; 100; 0; 0; 0; 0; 0; 0; 0; 0; 116; 14; 6; 0; 0; 0; 0; 0; 0; 0; 5; 7; 0; 0; 0; 3; 9999
1975;07; 0; 416; 6; 18; 0; 48; 0; 0; 0; 0; 0; 0; 0; 0; 0; 0; 498; 421; 12; 18; 2; 2; 0; 0; 0; 0; 187; 83; 0; 0; 0
1975;08; 0; 0; 0; 0; 0; 18; 140; 7; 5; 0; 0; 0; 0; 12; 28; 0; 0; 28; 72; 0; 0; 14; 0; 0; 0; 0; 0; 0; 0; 0; 0
1975;09; 0; 102; 4; 0; 0; 0; 0; 0; 0; 0; 0; 8; 5; 0; 80; 14; 0; 38; 0; 0; 0; 26; 47; 268; 36; 36; 0; 0; 0; 172; 9999
1975;10; 0; 0; 261; 38; 143; 42; 0; 0; 6; 175; 196; 305; 189; 0; 18; 0; 0; 228; 167; 8; 3; 58; 23; 0; 0; 0; 0; 0; 0; 0; 24
1975;11; 122; 157; 184; 95; 18; 0; 43; 0; 0; 83; 0; 0; 0; 0; 0; 0; 60; 62; 757; 182; 204; 0; 0; 48; 365; 142; 8; 0; 0; 582; 9999
1975;12; 839; 86; 0; 0; 0; 0; 42; 0; 0; 36; 0; 0; 0; 167; 202; 0; 0; 0; 658; 42; 0; 0; 0; 0; 324; 104; 0; 232; 264; 1072; 14
1976;01; 0; 0; 84; 9; 15; 0; 55; 0; 0; 0; 0; 135; 0; 0; 0; 0; 0; 0; 0; 4; 448; 786; 0; 0; 0; 23; 86; 596; 1871; 127; 285
1976;02; 0; 78; 102; 84; 124; 141; 232; 665; 284; 0; 0; 0; 0; 0; 67; 8; 23; 46; 0; 0; 0; 0; 178; 628; 0; 0; 285; 453; 238; 9999; 9999
1976;03; 0; 0; 28; 0; 0; 0; 0; 0; 0; 0; 0; 0; 0; 116; 985; 309; 0; 531; 342; 0; 0; 898; 17; 24; 180; 113; 75; 0; 0; 14; 0
1976;04; 0; 0; 0; 124; 0; 78; 0; 0; 0; 0; 228; 806; 394; 692; 678; 84; 0; 0; 46; 0; 0; 176; 173; 222; 0; 25; 0; 0; 0; 0; 9999
1976;05; 40; 0; 75; 0; 0; 0; 0; 0; 105; 185; 0; 325; 0; 14; 0; 0; 6; 0; 8; 0; 326; 641; 0; 0; 102; 50; 0; 84; 638; 0; 0
1976;06; 0; 0; 0; 0; 0; 179; 23; 0; 0; 0; 0; 23; 14; 0; 0; 0; 0; 59; 0; 0; 0; 0; 0; 0; 0; 0; 0; 94; 315; 73; 9999
1976;07; 192; 657; 472; 53; 0; 7; 0; 29; 156; 303; 75; 0; 0; 0; 0; 0; 0; 5; 0; 0; 0; 0; 0; 0; 0; 0; 0; 0; 0; 0; 0
1976;08; 0; 0; 0; 10; 0; 124; 0; 0; 0; 7; 202; 205; 253; 158; 139; 28; 0; 0; 0; 202; 415; 7; 0; 0; 0; 0; 0; 0; 42; 13; 0
1976;09; 0; 0; 0; 0; 86; 264; 182; 86; 0; 0; 25; 138; 453; 93; 25; 102; 0; 0; 0; 15; 0; 0; 38; 16; 0; 0; 23; 1032; 63; 0; 9999
1976;10; 0; 244; 65; 0; 0; 14; 0; 0; 242; 16; 0; 0; 0; 0; 0; 0; 52; 35; 0; 448; 550; 130; 0; 0; 21; 0; 80; 0; 0; 0; 13
1976;11; 0; 0; 96; 0; 72; 205; 92; 0; 0; 0; 0; 0; 0; 251; 23; 0; 0; 0; 0; 262; 94; 0; 0; 0; 0; 0; 64; 184; 0; 0; 9999
1976;12; 0; 48; 0; 0; 124; 156; 0; 0; 1062; 0; 0; 0; 0; 0; 0; 0; 0; 432; 0; 23; 15; 0; 9; 0; 0; 301; 0; 0; 8; 2; 0
1977;01; 0; 2; 0; 0; 272; 708; 1135; 0; 0; 0; 0; 0; 0; 0; 0; 208; 122; 652; 1235; 102; 118; 8; 0; 0; 0; 7; 53; 60; 282; 0; 0
1977;02; 475; 248; 0; 0; 0; 8; 12; 62; 45; 0; 0; 0; 0; 0; 0; 0; 0; 0; 0; 0; 0; 0; 0; 0; 0; 0; 0; 0; 9999; 9999; 9999
1977;03; 0; 269; 82; 23; 0; 0; 0; 0; 0; 0; 0; 79; 28; 0; 0; 7; 0; 0; 0; 0; 212; 8; 82; 0; 0; 0; 0; 24; 101; 95; 5
1977;04; 895; 729; 54; 32; 123; 0; 8; 0; 202; 62; 23; 0; 5; 0; 0; 0; 0; 0; 685; 456; 833; 81; 87; 112; 5; 31; 52; 0; 0; 0; 9999
1977;05; 0; 115; 25; 29; 0; 0; 0; 0; 0; 0; 0; 0; 0; 0; 0; 0; 406; 409; 227; 0; 0; 0; 0; 15; 6; 5; 0; 0; 0; 0; 417
1977;06; 432; 0; 0; 0; 9; 94; 4; 61; 0; 0; 0; 175; 0; 0; 0; 42; 18; 0; 0; 0; 0; 0; 282; 31; 97; 0; 0; 0; 0; 0; 9999
1977;07; 0; 0; 0; 0; 0; 0; 0; 0; 0; 0; 0; 0; 0; 0; 0; 0; 43; 56; 18; 21; 0; 0; 0; 0; 15; 0; 0; 0; 0; 0; 0
1977;08; 0; 47; 474; 21; 0; 0; 0; 0; 8; 507; 0; 0; 0; 52; 38; 31; 14; 0; 159; 358; 60; 0; 0; 0; 0; 0; 0; 0; 0; 67; 57
1977;09; 0; 519; 31; 54; 0; 0; 357; 15; 0; 0; 0; 0; 0; 0; 0; 0; 0; 0; 60; 150; 6; 4; 0; 834; 567; 0; 0; 0; 0; 10; 9999
1977;10; 24; 472; 0; 108; 85; 3; 0; 0; 0; 0; 0; 0; 201; 123; 0; 0; 203; 214; 47; 0; 0; 0; 0; 0; 0; 0; 0; 403; 272; 21; 0
1977;11; 0; 0; 0; 62; 102; 106; 0; 0; 0; 0; 0; 87; 178; 4; 86; 43; 0; 0; 0; 0; 0; 187; 455; 663; 127; 85; 0; 0; 57; 6; 9999
1977;12; 9; 95; 15; 9; 0; 33; 0; 208; 569; 147; 108; 39; 0; 0; 0; 0; 0; 0; 0; 195; 3; 953; 379; 140; 3; 0; 0; 0; 0; 0; 0
1978;01; 63; 209; 76; 0; 0; 0; 18; 57; 0; 39; 3; 436; 44; 0; 0; 3295; 579; 4; 0; 0; 0; 61; 0; 0; 0; 0; 0; 2; 0; 0; 0
1978;02; 0; 0; 0; 343; 256; 567; 559; 37; 0; 0; 2; 3; 0; 0; 0; 4; 374; 263; 91; 0; 0; 679; 13; 0; 0; 0; 0; 0; 9999; 9999; 9999
1978;03; 0; 0; 0; 275; 52; 313; 129; 1102; 247; 993; 76; 0; 0; 0; 0; 0; 0; 0; 0; 0; 0; 0; 0; 0; 0; 0; 0; 96; 5; 729; 0
1978;04; 0; 115; 46; 20; 0; 0; 13; 92; 0; 0; 263; 25; 0; 0; 0; 0; 9; 8; 0; 0; 0; 0; 0; 289; 126; 34; 0; 0; 0; 0; 9999
1978;05; 0; 102; 21; 0; 0; 0; 8; 12; 0; 0; 0; 0; 0; 0; 0; 8; 172; 345; 238; 3; 174; 69; 0; 0; 0; 0; 0; 0; 0; 0; 11
1978;06; 0; 9; 0; 0; 0; 0; 0; 0; 594; 0; 28; 6; 0; 0; 0; 0; 0; 0; 0; 0; 0; 0; 0; 0; 0; 0; 0; 0; 0; 0; 9999
1978;07; 0; 0; 0; 0; 0; 0; 0; 0; 0; 0; 0; 0; 86; 75; 0; 34; 0; 0; 0; 0; 98; 0; 285; 48; 7; 0; 0; 0; 0; 0; 0
1978;08; 24; 0; 0; 0; 0; 0; 0; 0; 0; 0; 0; 0; 60; 204; 0; 0; 0; 0; 0; 0; 0; 9; 0; 107; 115; 21; 26; 0; 0; 0; 55
1978;09; 133; 14; 38; 62; 198; 41; 0; 0; 0; 0; 0; 0; 0; 0; 0; 0; 0; 0; 0; 0; 0; 0; 0; 0; 0; 0; 0; 0; 0; 6; 9999
1978;10; 0; 0; 0; 0; 0; 0; 0; 0; 0; 0; 41; 0; 0; 0; 83; 42; 0; 0; 112; 120; 0; 0; 0; 0; 0; 0; 0; 145; 47; 18; 8
1978;11; 68; 155; 143; 65; 102; 595; 0; 0; 0; 0; 346; 529; 17; 49; 0; 0; 7; 0; 0; 6; 0; 87; 0; 126; 0; 14; 0; 618; 0; 0; 9999
1978;12; 0; 0; 0; 0; 3; 0; 79; 113; 86; 4; 15; 0; 0; 0; 91; 74; 65; 59; 159; 0; 0; 0; 0; 0; 0; 0; 874; 72; 0; 34; 0
1979;01; 0; 182; 18; 173; 60; 0; 0; 10; 30; 23; 0; 0; 10; 0; 0; 0; 120; 9; 9; 20; 330; 67; 9; 0; 0; 0; 0; 0; 505; 220; 0
1979;02; 0; 5; 5; 80; 32; 32; 0; 0; 0; 0; 0; 16; 168; 54; 0; 0; 0; 0; 13; 0; 34; 323; 175; 0; 0; 0; 0; 52; 9999; 9999; 9999
1979;03; 0; 174; 45; 0; 0; 0; 0; 0; 0; 0; 67; 0; 1078; 715; 77; 0; 345; 3; 66; 6; 0; 0; 0; 152; 358; 295; 0; 0; 0; 0; 0
1979;04; 0; 0; 0; 57; 230; 0; 290; 41; 29; 13; 0; 0; 323; 31; 20; 0; 0; 0; 31; 66; 0; 0; 117; 75; 136; 8; 0; 0; 0; 13; 9999
1979;05; 0; 0; 0; 111; 85; 0; 0; 6; 15; 163; 12; 0; 96; 25; 150; 19; 3; 0; 0; 0; 0; 0; 52; 268; 8; 0; 0; 0; 0; 115; 0
1979;06; 0; 0; 0; 0; 0; 14; 3; 17; 194; 63; 0; 0; 0; 0; 136; 94; 0; 0; 1; 2; 1; 0; 0; 0; 0; 95; 43; 0; 0; 0; 9999
1979;07; 0; 23; 0; 39; 0; 0; 38; 0; 246; 384; 289; 206; 0; 0; 0; 0; 32; 0; 0; 0; 28; 0; 0; 0; 0; 121; 9; 0; 0; 0; 0
1979;08; 0; 0; 0; 0; 0; 0; 0; 0; 0; 0; 0; 0; 110; 53; 35; 0; 0; 21; 10; 193; 35; 120; 3; 0; 15; 0; 18; 0; 0; 0; 0
1979;09; 0; 282; 412; 382; 407; 53; 0; 0; 25; 43; 25; 128; 21; 133; 71; 75; 0; 162; 448; 35; 4; 0; 135; 0; 0; 0; 0; 1; 0; 0; 9999
1979;10; 0; 19; 12; 0; 0; 19; 0; 592; 127; 63; 0; 0; 0; 54; 112; 0; 0; 0; 0; 5; 0; 0; 0; 0; 0; 0; 113; 0; 55; 34; 140
1979;11; 146; 74; 175; 19; 23; 0; 0; 0; 190; 689; 1051; 114; 0; 0; 0; 0; 0; 23; 417; 37; 0; 0; 12; 0; 338; 378; 338; 0; 0; 0; 9999
1979;12; 12; 28; 148; 35; 32; 0; 0; 0; 0; 176; 0; 411; 0; 15; 21; 2456; 513; 51; 6; 0; 63; 0; 155; 98; 106; 135; 55; 2; 0; 0; 0
1980;01; 600; 22; 0; 0; 0; 0; 0; 18; 82; 200; 94; 18; 174; 521; 31; 63; 0; 8; 149; 0; 40; 34; 0; 30; 75; 135; 140; 0; 5; 0; 0
1980;02; 52; 466; 168; 82; 0; 0; 0; 0; 0; 0; 0; 0; 31; 127; 0; 0; 237; 220; 305; 1080; 202; 0; 8; 80; 24; 114; 3; 29; 471; 9999; 9999
1980;03; 0; 0; 0; 0; 0; 0; 0; 0; 0; 0; 0; 0; 0; 176; 1093; 1276; 8; 0; 0; 0; 0; 0; 0; 0; 0; 0; 0; 0; 0; 104; 513
1980;04; 16; 0; 2; 314; 186; 43; 0; 51; 0; 4; 39; 0; 0; 79; 264; 226; 438; 4; 0; 0; 0; 0; 0; 0; 0; 0; 0; 0; 0; 0; 9999
1980;05; 0; 27; 253; 0; 0; 0; 0; 0; 0; 0; 5; 9; 0; 0; 0; 0; 0; 0; 0; 0; 0; 0; 96; 4; 0; 0; 0; 0; 0; 0; 0
1980;06; 0; 14; 36; 42; 0; 0; 0; 0; 0; 0; 0; 0; 0; 51; 0; 0; 0; 0; 0; 0; 184; 227; 192; 0; 0; 81; 87; 0; 0; 0; 9999
1980;07; 0; 45; 92; 97; 104; 6; 0; 173; 1; 0; 0; 0; 0; 0; 61; 3; 0; 0; 0; 0; 0; 14; 0; 0; 0; 0; 0; 25; 0; 0; 388
1980;08; 12; 7; 0; 0; 0; 0; 0; 0; 0; 25; 4; 19; 64; 0; 23; 76; 0; 38; 0; 4; 2; 3; 6; 121; 0; 207; 158; 81; 0; 3; 2
1980;09; 2; 0; 0; 0; 0; 0; 0; 0; 0; 123; 191; 14; 10; 0; 0; 153; 36; 104; 0; 0; 140; 293; 2; 0; 4; 0; 8; 6; 4; 0; 9999
1980;10; 3; 0; 0; 0; 0; 277; 143; 415; 63; 12; 7; 94; 1046; 37; 43; 1; 0; 0; 0; 0; 0; 0; 125; 276; 159; 15; 3; 315; 2; 0; 99
1980;11; 94; 0; 0; 0; 0; 2; 1; 253; 8; 73; 472; 125; 297; 2; 5; 0; 0; 3; 0; 38; 0; 0; 0; 104; 293; 3; 2; 0; 0; 112; 9999
1980;12; 124; 3; 7; 132; 89; 44; 0; 97; 0; 0; 0; 42; 34; 108; 0; 0; 0; 0; 0; 0; 0; 951; 773; 37; 276; 92; 84; 103; 212; 138; 0
1981;01; 0; 136; 0; 0; 0; 152; 207; 89; 0; 124; 168; 298; 79; 0; 341; 124; 0; 38; 0; 0; 647; 0; 27; 0; 0; 0; 0; 0; 0; 0; 0
1981;02; 0; 0; 9; 0; 54; 398; 727; 3; 0; 0; 6; 0; 13; 0; 0; 0; 0; 0; 0; 0; 0; 0; 0; 0; 0; 0; 0; 0; 9999; 9999; 9999
1981;03; 0; 0; 0; 9; 256; 7; 0; 54; 364; 65; 0; 0; 0; 0; 0; 16; 569; 597; 878; 66; 0; 91; 6; 0; 0; 36; 0; 7; 42; 132; 0
1981;04; 118; 32; 6; 0; 133; 25; 140; 14; 0; 0; 0; 0; 0; 0; 0; 162; 407; 129; 1; 0; 0; 0; 0; 0; 27; 49; 0; 38; 0; 111; 9999
1981;05; 2; 0; 0; 6; 0; 0; 0; 0; 0; 0; 0; 0; 0; 0; 0; 0; 118; 55; 0; 0; 565; 4; 2; 2; 3; 2; 0; 52; 29; 0; 1
1981;06; 2; 0; 0; 543; 448; 365; 0; 2; 2; 3; 0; 2; 0; 0; 19; 12; 8; 0; 0; 0; 0; 5; 0; 0; 0; 0; 0; 0; 0; 0; 9999
1981;07; 0; 0; 389; 147; 92; 38; 64; 3; 0; 2; 0; 0; 0; 0; 0; 0; 0; 68; 310; 78; 5; 0; 0; 174; 315; 0; 0; 2; 2; 0; 2
1981;08; 0; 2; 0; 0; 0; 0; 0; 0; 43; 241; 313; 19; 15; 41; 38; 0; 1; 57; 12; 2; 10; 31; 1; 1; 1; 1; 1; 1; 0; 1; 223
1981;09; 59; 5; 0; 43; 0; 3; 6; 0; 0; 0; 0; 0; 0; 0; 0; 0; 0; 0; 0; 0; 0; 157; 53; 51; 8; 10; 227; 2; 2; 179; 9999
1981;10; 167; 5; 0; 0; 0; 26; 33; 200; 158; 94; 21; 5; 13; 99; 9; 543; 0; 144; 53; 284; 14; 0; 0; 0; 0; 0; 173; 25; 13; 143; 65
1981;11; 0; 0; 14; 12; 0; 0; 0; 11; 23; 486; 357; 225; 192; 13; 0; 7; 328; 3; 13; 12; 8; 18; 0; 4; 0; 43; 0; 0; 0; 157; 9999
1981;12; 61; 867; 157; 98; 0; 0; 28; 306; 512; 187; 2; 0; 35; 0; 0; 45; 13; 0; 0; 0; 45; 89; 0; 72; 18; 0; 0; 0; 76; 3; 0
1982;01; 0; 154; 578; 426; 49; 0; 0; 13; 71; 0; 12; 273; 65; 0; 0; 0; 0; 0; 0; 0; 0; 18; 1262; 54; 29; 0; 0; 0; 3; 0; 0
1982;02; 0; 0; 0; 0; 84; 397; 307; 0; 0; 0; 0; 0; 0; 0; 0; 0; 0; 0; 0; 0; 52; 0; 22; 253; 527; 23; 194; 88; 9999; 9999; 9999
1982;03; 24; 0; 73; 333; 23; 0; 182; 27; 2; 567; 42; 173; 7; 0; 0; 86; 37; 27; 3; 0; 0; 33; 36; 77; 105; 128; 0; 0; 0; 28; 13
1982;04; 134; 227; 0; 0; 38; 189; 272; 318; 0; 38; 0; 0; 0; 0; 394; 0; 238; 100; 46; 0; 0; 0; 0; 0; 0; 84; 60; 0; 168; 0; 9999
1982;05; 0; 0; 0; 57; 54; 2; 2; 0; 0; 0; 0; 0; 0; 0; 0; 0; 0; 0; 0; 300; 0; 0; 0; 16; 72; 36; 10; 69; 3; 38; 2
1982;06; 0; 0; 0; 0; 43; 257; 98; 2; 0; 0; 129; 50; 0; 249; 2; 71; 83; 13; 0; 0; 13; 39; 12; 2; 361; 326; 0; 0; 109; 3; 9999
1982;07; 437; 8; 1; 2; 0; 0; 0; 0; 189; 9; 2; 49; 0; 0; 1; 2; 0; 0; 25; 79; 0; 0; 2; 0; 0; 0; 0; 0; 0; 377; 36
1982;08; 0; 0; 217; 4; 2; 0; 1; 13; 0; 8; 475; 59; 6; 0; 0; 0; 1; 6; 167; 82; 0; 0; 7; 70; 0; 0; 0; 0; 0; 0; 0
1982;09; 69; 192; 2; 0; 23; 441; 73; 1; 0; 0; 0; 0; 0; 3; 4; 0; 0; 0; 3; 103; 52; 0; 2; 0; 0; 0; 0; 30; 152; 34; 9999
1982;10; 0; 66; 53; 0; 0; 19; 38; 319; 218; 19; 18; 0; 29; 2; 0; 0; 0; 42; 47; 0; 5; 0; 0; 119; 0; 65; 82; 4; 109; 0; 38
1982;11; 0; 0; 9999; 126; 39; 0; 0; 128; 208; 332; 0; 0; 136; 268; 384; 0; 16; 25; 0; 0; 148; 68; 42; 205; 42; 4; 7; 36; 74; 0; 9999
1982;12; 66; 8; 1077; 959; 11; 0; 249; 130; 27; 1; 0; 185; 72; 0; 0; 100; 438; 0; 114; 308; 36; 0; 0; 182; 0; 0; 0; 0; 0; 0; 0
1983;01; 158; 0; 0; 212; 28; 0; 0; 71; 168; 0; 0; 0; 0; 0; 400; 358; 0; 126; 714; 242; 288; 0; 0; 0; 0; 0; 0; 0; 0; 0; 0
1983;02; 471; 988; 342; 418; 0; 0; 0; 0; 238; 0; 0; 0; 326; 514; 0; 0; 0; 0; 0; 0; 0; 0; 0; 0; 0; 208; 100; 0; 9999; 9999; 9999
1983;03; 0; 624; 218; 108; 0; 572; 535; 0; 0; 0; 0; 0; 0; 186; 63; 0; 0; 0; 218; 734; 178; 242; 322; 0; 132; 234; 0; 0; 0; 0; 0
1983;04; 0; 0; 0; 0; 0; 158; 1026; 0; 0; 0; 0; 0; 0; 0; 0; 0; 346; 124; 222; 0; 358; 634; 0; 186; 232; 336; 0; 0; 0; 0; 9999
1983;05; 0; 0; 238; 0; 0; 0; 0; 0; 0; 0; 0; 0; 586; 454; 128; 0; 0; 0; 0; 346; 0; 0; 234; 192; 0; 224; 118; 94; 116; 208; 52
1983;06; 0; 0; 168; 224; 262; 313; 226; 167; 93; 124; 238; 126; 0; 0; 0; 0; 0; 0; 0; 0; 0; 0; 0; 128; 97; 0; 0; 0; 0; 0; 9999
1983;07; 0; 0; 0; 0; 0; 156; 900; 0; 0; 0; 0; 0; 0; 0; 0; 0; 0; 142; 0; 0; 0; 0; 97; 0; 0; 0; 0; 0; 0; 0; 0
1983;08; 0; 223; 64; 69; 18; 0; 0; 0; 0; 0; 0; 0; 0; 0; 0; 0; 91; 112; 253; 31; 86; 34; 0; 0; 0; 0; 0; 0; 0; 0; 0
1983;09; 93; 119; 228; 163; 0; 0; 0; 132; 92; 148; 322; 241; 0; 0; 0; 196; 228; 174; 217; 245; 2; 0; 476; 214; 19; 15; 0; 0; 0; 0; 9999
1983;10; 0; 24; 297; 76; 2; 0; 0; 0; 0; 42; 178; 53; 0; 232; 63; 0; 0; 379; 614; 7; 3; 9999; 9999; 1166; 6; 0; 0; 0; 0; 0; 0
1983;11; 0; 161; 115; 0; 0; 0; 0; 0; 0; 0; 0; 0; 0; 0; 78; 0; 0; 0; 43; 0; 52; 237; 131; 0; 0; 0; 0; 0; 0; 0; 9999
1983;12; 0; 0; 0; 112; 176; 0; 0; 0; 692; 0; 0; 0; 0; 38; 0; 0; 0; 0; 0; 32; 269; 93; 162; 87; 0; 146; 49; 0; 0; 368; 0
1984;01; 0; 0; 0; 0; 0; 0; 0; 0; 0; 124; 0; 82; 0; 0; 0; 0; 168; 0; 0; 0; 377; 464; 682; 199; 0; 141; 122; 0; 176; 49; 47
1984;02; 0; 0; 0; 0; 0; 52; 121; 67; 0; 0; 0; 0; 0; 0; 0; 0; 0; 0; 0; 0; 0; 0; 0; 0; 0; 0; 0; 0; 0; 9999; 9999
1984;03; 0; 0; 0; 0; 0; 0; 93; 9999; 9999; 9999; 9999; 9999; 503; 86; 0; 0; 0; 0; 0; 0; 34; 271; 174; 0; 0; 0; 0; 11; 0; 689; 607
1984;04; 0; 0; 17; 437; 163; 158; 21; 4; 0; 68; 180; 1; 1; 0; 0; 0; 0; 0; 0; 0; 0; 0; 0; 72; 491; 41; 0; 158; 34; 39; 9999
1984;05; 24; 17; 41; 9; 0; 0; 0; 0; 0; 0; 0; 99; 76; 32; 58; 3; 0; 155; 0; 0; 0; 0; 0; 0; 0; 0; 0; 0; 0; 9999; 0
1984;06; 0; 0; 0; 0; 0; 0; 0; 0; 0; 6; 0; 0; 3; 81; 95; 0; 0; 12; 0; 0; 0; 0; 0; 0; 0; 0; 0; 7; 0; 0; 9999
1984;07; 0; 0; 0; 0; 0; 0; 0; 55; 0; 0; 0; 0; 0; 157; 96; 0; 9; 3; 0; 0; 0; 47; 89; 221; 0; 12; 36; 73; 88; 178; 0
1984;08; 0; 0; 207; 40; 0; 0; 72; 11; 0; 0; 0; 0; 0; 92; 132; 204; 136; 78; 0; 0; 0; 0; 386; 0; 35; 168; 0; 0; 17; 32; 0
1984;09; 0; 0; 0; 0; 0; 0; 4; 112; 86; 0; 0; 0; 0; 0; 0; 0; 0; 18; 0; 269; 9999; 0; 0; 0; 0; 29; 287; 3; 0; 0; 9999
1984;10; 0; 0; 0; 0; 0; 0; 30; 137; 45; 5; 0; 0; 0; 0; 0; 22; 0; 0; 421; 79; 0; 0; 0; 0; 8; 0; 0; 0; 0; 0; 7
1984;11; 26; 0; 2; 6; 17; 0; 0; 0; 0; 25; 0; 204; 27; 40; 13; 0; 0; 116; 73; 12; 241; 0; 0; 0; 0; 225; 415; 0; 0; 0; 9999
1984;12; 38; 133; 139; 68; 0; 0; 15; 390; 43; 0; 0; 0; 14; 227; 360; 32; 26; 42; 60; 0; 0; 130; 0; 0; 21; 7; 15; 0; 49; 0; 139
1985;01; 0; 134; 224; 20; 34; 0; 52; 2; 586; 0; 0; 0; 0; 246; 0; 0; 82; 89; 89; 41; 191; 23; 498; 1067; 3; 55; 59; 11; 31; 0; 39
1985;02; 36; 153; 18; 0; 209; 81; 0; 0; 0; 0; 0; 0; 109; 379; 0; 340; 16; 259; 0; 0; 417; 95; 437; 286; 89; 6; 40; 588; 9999; 9999; 9999
1985;03; 90; 383; 58; 30; 86; 24; 0; 0; 0; 0; 100; 0; 24; 0; 0; 77; 161; 361; 0; 0; 0; 37; 0; 0; 57; 15; 13; 3; 0; 0; 212
1985;04; 6; 32; 0; 0; 148; 241; 0; 0; 750; 0; 0; 147; 1128; 53; 0; 29; 32; 0; 62; 16; 0; 0; 0; 0; 0; 0; 4; 0; 0; 0; 9999
1985;05; 545; 231; 37; 0; 0; 0; 0; 0; 0; 90; 31; 3; 0; 0; 0; 0; 0; 0; 0; 0; 158; 86; 5; 0; 0; 0; 0; 0; 0; 0; 137
1985;06; 0; 0; 0; 554; 74; 0; 0; 0; 43; 266; 5; 0; 0; 0; 0; 0; 0; 0; 79; 0; 0; 0; 0; 0; 0; 24; 33; 0; 0; 0; 9999
1985;07; 0; 0; 0; 0; 0; 0; 65; 0; 0; 0; 35; 37; 0; 0; 0; 0; 2; 0; 0; 0; 0; 0; 67; 21; 4; 0; 0; 0; 0; 0; 0
1985;08; 0; 0; 0; 0; 0; 0; 0; 0; 0; 0; 0; 4; 0; 134; 16; 0; 0; 0; 0; 0; 0; 13; 93; 47; 0; 0; 0; 0; 16; 0; 16
1985;09; 185; 360; 45; 83; 14; 180; 23; 0; 0; 0; 0; 0; 0; 0; 0; 0; 0; 19; 28; 0; 89; 10; 0; 0; 0; 0; 3; 0; 51; 19; 9999
1985;10; 0; 0; 0; 0; 0; 0; 0; 20; 23; 43; 0; 18; 0; 0; 0; 0; 0; 31; 0; 0; 29; 39; 0; 0; 107; 4; 0; 0; 64; 0; 0
1985;11; 0; 16; 1112; 436; 255; 7; 0; 0; 0; 0; 0; 0; 0; 0; 0; 0; 0; 0; 11; 0; 0; 0; 30; 37; 9; 54; 0; 2; 1; 0; 9999
1985;12; 0; 0; 0; 327; 126; 0; 0; 0; 0; 0; 0; 7; 0; 18; 60; 0; 0; 0; 0; 0; 17; 0; 0; 7; 3; 28; 1246; 21; 32; 92; 0
1986;01; 0; 0; 34; 0; 8; 7; 0; 0; 0; 0; 408; 7; 0; 0; 3; 0; 0; 0; 0; 243; 793; 91; 14; 68; 0; 7; 19; 0; 0; 0; 0
1986;02; 0; 0; 914; 1036; 12; 4; 5; 0; 154; 91; 35; 256; 639; 23; 21; 126; 0; 4; 0; 12; 630; 221; 9; 72; 0; 72; 0; 2; 9999; 9999; 9999
1986;03; 0; 1090; 12; 0; 254; 150; 856; 609; 34; 6; 60; 15; 4; 0; 0; 3; 15; 145; 155; 759; 0; 0; 0; 117; 0; 7; 95; 0; 0; 288; 0
1986;04; 0; 0; 0; 0; 0; 0; 106; 419; 59; 0; 0; 0; 0; 0; 181; 667; 155; 49; 0; 0; 0; 2; 1; 90; 0; 35; 154; 359; 38; 0; 9999
1986;05; 0; 0; 0; 0; 0; 0; 0; 44; 560; 68; 22; 0; 57; 27; 176; 0; 0; 0; 164; 0; 4; 133; 2; 0; 0; 25; 111; 0; 0; 0; 158
1986;06; 54; 0; 4; 0; 0; 0; 0; 509; 0; 0; 0; 0; 0; 0; 0; 0; 0; 0; 0; 0; 0; 0; 0; 0; 0; 96; 151; 0; 0; 0; 9999
1986;07; 0; 57; 355; 9; 5; 749; 471; 140; 7; 0; 0; 0; 0; 2; 0; 0; 0; 0; 0; 0; 40; 520; 228; 0; 0; 0; 0; 8; 85; 0; 0
1986;08; 107; 0; 0; 0; 0; 0; 0; 0; 0; 0; 0; 3; 7; 132; 3; 34; 24; 80; 48; 7; 96; 42; 313; 0; 0; 0; 0; 0; 0; 0; 80
1986;09; 27; 0; 0; 0; 38; 34; 31; 3; 10; 0; 0; 0; 0; 0; 0; 0; 0; 0; 74; 426; 147; 178; 0; 0; 12; 225; 220; 6; 53; 0; 9999
1986;10; 36; 0; 0; 0; 0; 0; 0; 0; 21; 26; 38; 58; 0; 0; 28; 0; 0; 24; 460; 221; 105; 33; 16; 0; 0; 7; 0; 0; 0; 0; 0
1986;11; 0; 0; 98; 0; 0; 139; 134; 164; 14; 0; 670; 193; 78; 0; 0; 0; 0; 0; 0; 0; 0; 0; 0; 15; 6; 11; 0; 0; 0; 9; 9999
1986;12; 346; 303; 23; 195; 1523; 9; 62; 359; 381; 11; 0; 0; 0; 0; 5; 25; 50; 23; 914; 315; 38; 0; 70; 432; 0; 2; 0; 0; 592; 339; 14
1987;01; 14; 0; 44; 148; 0; 0; 0; 0; 0; 0; 131; 332; 17; 0; 0; 0; 411; 101; 892; 21; 0; 0; 413; 389; 326; 253; 24; 485; 0; 61; 24
1987;02; 40; 0; 179; 63; 104; 4; 0; 0; 0; 156; 22; 124; 0; 0; 5; 121; 404; 142; 18; 37; 0; 0; 0; 3; 0; 0; 0; 0; 9999; 9999; 9999
1987;03; 0; 0; 0; 0; 0; 0; 0; 22; 17; 184; 286; 0; 0; 0; 9; 308; 259; 3; 40; 0; 0; 0; 0; 0; 0; 0; 0; 0; 38; 36; 0
1987;04; 0; 0; 706; 492; 323; 178; 0; 0; 25; 2; 226; 8; 23; 0; 19; 5; 0; 0; 0; 0; 21; 6; 0; 43; 86; 289; 68; 65; 3; 0; 9999
1987;05; 0; 0; 0; 0; 314; 82; 19; 4; 171; 72; 0; 27; 0; 0; 0; 526; 14; 0; 55; 317; 512; 0; 0; 4; 126; 0; 11; 5; 66; 11; 0
1987;06; 0; 0; 0; 0; 0; 0; 325; 60; 207; 1; 0; 0; 0; 208; 721; 503; 6; 0; 0; 0; 0; 0; 137; 81; 4; 0; 0; 0; 0; 0; 9999
1987;07; 0; 0; 0; 0; 0; 0; 0; 0; 30; 5; 0; 0; 0; 0; 0; 0; 0; 0; 116; 168; 9; 323; 34; 2; 0; 0; 0; 0; 0; 0; 84
1987;08; 72; 24; 0; 0; 0; 0; 8; 0; 0; 0; 0; 0; 0; 0; 0; 0; 18; 53; 0; 0; 0; 92; 7; 0; 0; 0; 0; 0; 0; 0; 38
1987;09; 281; 11; 2; 46; 6; 54; 68; 0; 0; 9999; 0; 241; 89; 0; 0; 12; 249; 155; 21; 12; 46; 62; 65; 35; 19; 0; 0; 102; 73; 15; 9999
1987;10; 0; 119; 74; 35; 0; 252; 3; 0; 0; 0; 0; 0; 0; 68; 57; 0; 88; 48; 155; 282; 994; 295; 84; 18; 72; 101; 3; 0; 44; 2; 0
1987;11; 0; 0; 0; 0; 0; 1; 0; 0; 0; 20; 173; 25; 8; 2; 4; 43; 0; 0; 0; 0; 0; 34; 61; 0; 120; 65; 0; 0; 21; 0; 9999
1987;12; 0; 0; 0; 9; 113; 1; 51; 0; 8; 9; 4; 0; 134; 30; 0; 0; 0; 131; 418; 64; 37; 225; 11; 16; 132; 36; 0; 0; 79; 58; 61
1988;01; 66; 33; 6; 0; 0; 0; 870; 58; 0; 48; 18; 0; 0; 106; 0; 210; 5; 0; 0; 0; 0; 2; 5; 1556; 76; 0; 0; 16; 0; 61; 202
1988;02; 272; 266; 119; 7; 971; 19; 64; 1297; 316; 198; 90; 299; 13; 33; 27; 0; 12; 185; 48; 921; 157; 46; 12; 2; 0; 0; 0; 0; 27; 9999; 9999
1988;03; 59; 257; 352; 308; 15; 0; 0; 109; 330; 65; 0; 0; 0; 0; 0; 8; 44; 293; 303; 7; 0; 0; 0; 0; 0; 0; 0; 0; 0; 0; 0
1988;04; 0; 467; 821; 0; 278; 153; 0; 20; 209; 91; 0; 0; 2; 342; 10; 0; 128; 90; 255; 105; 14; 25; 3; 22; 8; 0; 0; 511; 151; 114; 9999
1988;05; 0; 5; 0; 0; 495; 730; 213; 8; 75; 0; 0; 0; 1; 0; 0; 0; 67; 32; 9; 0; 37; 58; 199; 512; 235; 6; 0; 0; 116; 265; 74
1988;06; 2; 0; 0; 62; 14; 2; 1; 0; 1; 0; 113; 224; 2; 337; 134; 3; 43; 2; 0; 1; 26; 55; 0; 0; 173; 140; 13; 2; 1; 2; 9999
1988;07; 1; 0; 0; 0; 0; 0; 0; 66; 81; 212; 44; 110; 14; 50; 5; 0; 0; 23; 0; 0; 0; 0; 0; 0; 38; 0; 66; 1; 0; 0; 0
1988;08; 0; 0; 0; 0; 0; 0; 0; 0; 0; 0; 54; 8; 0; 0; 0; 0; 0; 3; 0; 0; 0; 0; 0; 0; 0; 0; 9; 2; 2; 0; 0
1988;09; 0; 58; 133; 6; 0; 0; 0; 0; 0; 0; 0; 0; 0; 22; 378; 110; 89; 232; 42; 1; 0; 0; 0; 0; 0; 0; 0; 30; 138; 92; 9999
1988;10; 0; 0; 0; 14; 202; 79; 72; 0; 0; 0; 25; 5; 133; 104; 0; 0; 71; 45; 335; 0; 9; 11; 16; 0; 0; 392; 280; 40; 0; 0; 0
1988;11; 202; 203; 0; 6; 61; 174; 29; 70; 0; 0; 74; 10; 75; 0; 0; 0; 0; 0; 0; 94; 2; 0; 0; 25; 0; 15; 7; 34; 3; 0; 9999
1988;12; 0; 2; 10; 0; 0; 0; 0; 0; 0; 0; 0; 0; 0; 82; 52; 34; 0; 0; 0; 34; 1820; 245; 3; 241; 40; 20; 98; 10; 0; 227; 88
1989;01; 67; 57; 218; 31; 116; 272; 234; 70; 20; 277; 326; 9999; 50; 197; 23; 76; 9999; 9999; 9999; 7; 14; 132; 200; 41; 106; 9999; 9999; 2; 9999; 9999; 9999
1989;02; 9999; 46; 4; 895; 868; 74; 9999; 9999; 985; 43; 133; 155; 4; 0; 370; 198; 0; 0; 0; 0; 12; 0; 0; 0; 137; 0; 0; 0; 9999; 9999; 9999
1989;03; 81; 151; 9999; 9999; 9999; 9999; 45; 205; 185; 258; 0; 0; 73; 0; 8; 43; 0; 733; 281; 125; 0; 0; 0; 0; 0; 30; 110; 0; 0; 0; 0
1989;04; 0; 0; 0; 0; 0; 0; 8; 0; 0; 0; 0; 58; 551; 562; 14; 7; 0; 0; 9999; 9999; 9999; 9999; 9999; 9999; 9999; 9999; 9999; 9999; 9999; 9999; 9999
1989;05; 9999; 9999; 9999; 9999; 9999; 9999; 9999; 9999; 9999; 9999; 9999; 9999; 9999; 9999; 9999; 9999; 9999; 9999; 9999; 9999; 9999; 9999; 9999; 9999; 9999; 9999; 9999; 9999; 9999; 9999; 0
1989;06; 4; 0; 0; 0; 12; 0; 125; 9999; 9999; 9999; 9999; 9999; 9999; 9999; 9999; 9999; 9999; 9999; 2024; 0; 0; 0; 0; 0; 66; 189; 2; 0; 0; 0; 9999
1989;07; 0; 0; 50; 260; 0; 167; 17; 88; 10; 28; 0; 0; 17; 0; 0; 0; 0; 0; 0; 0; 0; 0; 0; 0; 0; 195; 386; 629; 3; 435; 194
1989;08; 0; 0; 0; 0; 0; 8; 0; 0; 0; 0; 0; 212; 20; 5; 0; 0; 0; 0; 0; 0; 0; 0; 6; 0; 0; 188; 25; 77; 13; 1; 0
1989;09; 8; 247; 3; 8; 1; 8; 0; 34; 0; 100; 1; 5; 206; 88; 0; 0; 55; 3; 0; 0; 0; 0; 0; 0; 219; 125; 293; 248; 111; 48; 9999
1989;10; 0; 0; 0; 0; 149; 4; 0; 0; 0; 45; 1; 44; 0; 72; 0; 76; 1; 0; 6; 5; 9999; 9999; 94; 3; 0; 1; 269; 210; 10; 1; 0
1989;11; 31; 0; 0; 0; 0; 0; 0; 1; 0; 11; 1; 9999; 9999; 0; 1; 0; 0; 71; 5; 11; 0; 2; 0; 145; 271; 0; 0; 15; 0; 42; 9999
1989;12; 0; 0; 0; 0; 0; 0; 0; 0; 0; 0; 33; 0; 0; 9999; 507; 34; 0; 0; 25; 393; 2; 0; 0; 0; 0; 0; 58; 50; 55; 20; 62
1990;01; 7; 9999; 606; 80; 73; 1; 114; 9999; 9999; 128; 44; 110; 4; 0; 0; 154; 35; 0; 734; 154; 0; 9999; 439; 0; 0; 124; 0; 0; 0; 0; 0
1990;02; 0; 0; 0; 0; 0; 13; 0; 0; 0; 0; 0; 0; 0; 45; 118; 381; 16; 0; 0; 54; 0; 141; 0; 211; 41; 0; 0; 0; 9999; 9999; 9999
1990;03; 0; 0; 0; 0; 0; 183; 10; 157; 160; 0; 0; 0; 0; 0; 0; 0; 0; 9999; 597; 105; 489; 249; 1324; 10; 0; 0; 0; 7; 0; 0; 0
1990;04; 0; 0; 0; 0; 0; 9999; 9999; 9999; 9999; 9999; 9999; 9999; 9999; 9999; 9999; 9999; 9999; 9999; 9999; 9999; 9999; 9999; 9999; 9999; 9999; 9999; 9999; 9999; 9999; 9999; 9999
1990;05; 9999; 9999; 9999; 9999; 9999; 9999; 9999; 9999; 9999; 9999; 9999; 9999; 9999; 9999; 9999; 162; 148; 126; 0; 0; 0; 0; 0; 0; 0; 0; 0; 0; 0; 0; 0
1990;06; 0; 0; 0; 0; 0; 0; 438; 0; 0; 0; 51; 4; 0; 0; 167; 39; 0; 0; 0; 0; 31; 0; 0; 0; 0; 6; 0; 3; 0; 0; 9999
1990;07; 0; 21; 0; 0; 139; 0; 0; 0; 12; 30; 27; 15; 91; 0; 0; 2; 146; 6; 130; 122; 183; 9999; 9999; 74; 57; 46; 9999; 9999; 0; 0; 0
1990;08; 1; 0; 0; 0; 0; 4; 0; 0; 0; 0; 0; 0; 0; 0; 1; 0; 52; 53; 9999; 9999; 9999; 9999; 9999; 149; 0; 0; 0; 12; 79; 0; 0
1990;09; 0; 0; 70; 5; 40; 0; 2; 11; 0; 0; 0; 0; 100; 436; 0; 0; 0; 0; 0; 0; 0; 0; 0; 341; 116; 6; 2; 0; 0; 1; 9999
1990;10; 0; 0; 0; 0; 0; 0; 0; 0; 0; 0; 0; 0; 117; 9999; 9999; 285; 234; 165; 0; 0; 0; 0; 0; 0; 0; 0; 0; 0; 0; 0; 0
1990;11; 9999; 9999; 9999; 9999; 144; 233; 152; 231; 133; 0; 0; 0; 0; 0; 0; 0; 0; 0; 473; 0; 0; 0; 0; 0; 0; 4; 0; 32; 0; 0; 9999
1990;12; 0; 0; 0; 0; 0; 0; 0; 326; 0; 0; 105; 0; 98; 135; 176; 0; 3; 0; 96; 0; 19; 0; 0; 0; 0; 12; 48; 3; 312; 0; 0
1991;01; 0; 0; 0; 232; 335; 9999; 169; 9999; 9999; 9999; 9999; 9999; 9999; 9999; 9999; 300; 616; 2; 0; 0; 0; 0; 14; 0; 40; 546; 188; 0; 0; 0; 0
1991;02; 344; 155; 87; 74; 0; 0; 109; 288; 0; 9999; 9999; 9999; 9999; 9999; 0; 76; 23; 21; 1010; 0; 0; 0; 0; 0; 0; 0; 0; 125; 9999; 9999; 9999
1991;03; 288; 151; 0; 0; 1377; 298; 170; 23; 0; 0; 0; 47; 1; 211; 130; 0; 0; 0; 154; 112; 0; 874; 262; 437; 172; 358; 386; 556; 47; 17; 0
1991;04; 27; 202; 0; 0; 57; 0; 0; 0; 0; 0; 0; 0; 0; 0; 11; 0; 190; 0; 36; 235; 0; 0; 0; 0; 680; 0; 76; 0; 0; 51; 9999
1991;05; 79; 0; 0; 0; 0; 440; 91; 191; 0; 0; 0; 0; 0; 0; 80; 18; 0; 0; 0; 0; 0; 0; 0; 14; 0; 0; 0; 0; 0; 0; 0
1991;06; 0; 0; 0; 0; 0; 0; 56; 0; 9999; 9999; 35; 1; 0; 0; 0; 0; 0; 0; 0; 0; 142; 0; 72; 201; 341; 0; 0; 0; 129; 0; 9999
1991;07; 0; 0; 0; 0; 0; 0; 0; 0; 0; 0; 0; 297; 125; 202; 287; 0; 0; 0; 0; 0; 0; 0; 0; 0; 0; 0; 0; 0; 0; 0; 0
1991;08; 0; 288; 0; 0; 0; 0; 0; 0; 246; 73; 21; 0; 24; 1; 0; 0; 0; 0; 0; 0; 0; 0; 0; 0; 0; 0; 0; 0; 0; 0; 0
1991;09; 0; 230; 0; 0; 0; 0; 0; 0; 0; 0; 0; 0; 0; 0; 0; 0; 0; 0; 212; 104; 0; 0; 0; 0; 67; 63; 15; 189; 120; 498; 9999
1991;10; 22; 0; 61; 157; 326; 408; 89; 300; 144; 0; 0; 0; 0; 0; 0; 0; 139; 0; 131; 0; 0; 0; 0; 0; 0; 0; 0; 0; 0; 217; 0
1991;11; 217; 159; 117; 188; 5; 2; 0; 0; 0; 1; 0; 0; 0; 162; 81; 0; 1; 0; 0; 0; 0; 0; 0; 0; 0; 0; 23; 11; 18; 20; 9999
1991;12; 73; 2; 0; 0; 0; 141; 0; 0; 0; 0; 0; 0; 0; 0; 0; 128; 0; 170; 0; 187; 0; 0; 0; 0; 0; 0; 0; 0; 0; 0; 0
1992;01; 0; 0; 0; 12; 16; 18; 0; 22; 0; 0; 0; 15; 18; 8; 11; 130; 75; 0; 0; 0; 30; 10; 0; 0; 12; 14; 16; 10; 0; 0; 6
1992;02; 0; 0; 0; 0; 0; 0; 0; 0; 0; 0; 0; 0; 0; 0; 0; 0; 0; 0; 0; 0; 0; 0; 0; 0; 20; 263; 0; 100; 0; 9999; 9999
1992;03; 0; 0; 0; 100; 0; 96; 0; 0; 0; 0; 0; 1; 0; 0; 0; 0; 158; 65; 29; 19; 0; 0; 0; 0; 83; 69; 0; 203; 307; 454; 40
1992;04; 717; 78; 0; 0; 0; 0; 0; 0; 0; 0; 0; 0; 0; 102; 0; 0; 0; 0; 0; 24; 0; 0; 0; 0; 0; 203; 347; 44; 0; 0; 9999
1992;05; 0; 0; 0; 895; 441; 0; 0; 20; 0; 0; 0; 0; 29; 7; 0; 0; 0; 0; 183; 129; 0; 0; 27; 0; 45; 0; 0; 0; 0; 0; 0
1992;06; 0; 161; 0; 1; 0; 0; 0; 0; 0; 0; 127; 3; 0; 0; 1; 0; 0; 0; 0; 0; 0; 56; 0; 0; 0; 0; 0; 0; 0; 0; 9999
1992;07; 0; 0; 71; 84; 0; 0; 342; 100; 16; 0; 0; 0; 0; 0; 0; 246; 231; 8; 0; 0; 0; 24; 126; 147; 24; 9999; 4; 0; 0; 0; 0
1992;08; 0; 0; 181; 0; 0; 15; 0; 0; 0; 18; 0; 0; 33; 0; 0; 0; 0; 2; 0; 0; 0; 0; 0; 187; 0; 0; 0; 0; 0; 0; 0
1992;09; 0; 10; 17; 4; 100; 403; 205; 100; 0; 28; 0; 7; 0; 0; 122; 302; 0; 9; 25; 0; 69; 0; 0; 0; 86; 137; 221; 40; 23; 0; 9999
1992;10; 9999; 9999; 9999; 9999; 258; 0; 443; 355; 254; 0; 0; 103; 49; 9999; 9999; 9999; 82; 0; 366; 22; 172; 55; 0; 0; 0; 0; 0; 0; 0; 104; 121
1992;11; 0; 327; 282; 100; 497; 250; 220; 100; 0; 0; 0; 0; 0; 0; 0; 0; 177; 187; 0; 0; 0; 0; 440; 1027; 144; 633; 88; 100; 0; 0; 9999
1992;12; 351; 9999; 9999; 2; 1; 0; 0; 1; 4; 9999; 9999; 9999; 9999; 9999; 9999; 9999; 9999; 9999; 9999; 9999; 9999; 9999; 9999; 9999; 9999; 9999; 9999; 9999; 9999; 9999; 9999
1993;01; 0; 0; 0; 0; 32; 0; 0; 0; 0; 0; 558; 80; 68; 5; 0; 0; 185; 267; 911; 0; 0; 0; 0; 297; 0; 57; 0; 0; 0; 0; 0
1993;02; 36; 0; 12; 454; 627; 0; 0; 10; 0; 0; 2; 59; 0; 0; 73; 384; 55; 412; 0; 621; 0; 134; 30; 92; 100; 0; 0; 0; 9999; 9999; 9999
1993;03; 67; 0; 9; 0; 766; 50; 0; 0; 0; 9; 0; 0; 88; 0; 0; 17; 24; 0; 1; 74; 148; 0; 0; 206; 42; 52; 157; 123; 78; 0; 0
1993;04; 0; 102; 0; 132; 0; 10; 0; 0; 0; 0; 0; 0; 0; 0; 0; 0; 0; 0; 0; 0; 0; 40; 58; 99; 75; 0; 0; 0; 0; 0; 9999
1993;05; 0; 0; 0; 0; 0; 98; 68; 0; 0; 0; 0; 0; 0; 140; 0; 450; 205; 21; 0; 0; 0; 0; 0; 0; 0; 0; 0; 405; 16; 0; 182
1993;06; 47; 0; 0; 0; 30; 11; 20; 0; 0; 0; 588; 83; 120; 0; 0; 0; 0; 161; 0; 0; 0; 0; 0; 0; 0; 0; 0; 0; 0; 2; 9999
1993;07; 0; 0; 0; 0; 0; 0; 0; 0; 0; 0; 0; 0; 0; 65; 50; 0; 0; 65; 0; 0; 0; 0; 0; 0; 18; 0; 0; 0; 0; 88; 0
1993;08; 0; 0; 13; 0; 0; 0; 0; 0; 0; 0; 0; 0; 0; 0; 0; 0; 0; 17; 0; 21; 0; 0; 514; 0; 0; 0; 0; 0; 0; 0; 0
1993;09; 0; 0; 0; 53; 0; 0; 0; 156; 76; 0; 9999; 9999; 0; 0; 96; 0; 0; 0; 0; 15; 9999; 9999; 75; 175; 46; 210; 161; 149; 4; 0; 9999
1993;10; 0; 0; 0; 4; 75; 101; 145; 0; 0; 0; 0; 0; 0; 0; 0; 5; 0; 0; 213; 0; 0; 0; 9999; 9999; 9999; 130; 100; 0; 0; 0; 0
1993;11; 0; 83; 123; 0; 0; 0; 266; 131; 0; 0; 0; 0; 0; 0; 0; 0; 0; 72; 0; 45; 0; 0; 0; 0; 35; 0; 0; 0; 0; 0; 9999
1993;12; 0; 5; 6; 0; 0; 0; 0; 0; 4; 0; 90; 19; 0; 0; 0; 0; 73; 0; 0; 258; 0; 0; 0; 0; 0; 0; 72; 30; 299; 0; 0
1994;01; 0; 0; 0; 177; 40; 46; 34; 57; 186; 0; 0; 0; 0; 226; 10; 0; 0; 0; 100; 0; 6; 53; 789; 0; 0; 0; 218; 132; 712; 41; 0
1994;02; 20; 65; 0; 0; 0; 614; 1727; 0; 0; 0; 429; 228; 13; 0; 0; 42; 0; 5; 190; 46; 443; 0; 0; 0; 22; 190; 307; 306; 9999; 9999; 9999
1994;03; 2; 216; 637; 131; 160; 156; 723; 412; 37; 0; 56; 0; 367; 0; 0; 0; 8; 0; 4; 37; 83; 9; 98; 0; 0; 43; 868; 0; 0; 0; 405
1994;04; 457; 202; 0; 0; 0; 0; 0; 21; 247; 73; 0; 0; 9999; 9999; 38; 0; 0; 0; 96; 202; 6; 94; 58; 65; 0; 0; 0; 0; 0; 0; 9999
1994;05; 0; 0; 0; 0; 0; 0; 0; 0; 0; 0; 15; 0; 25; 20; 0; 0; 0; 0; 0; 0; 0; 0; 0; 12; 61; 0; 30; 9999; 9999; 9999; 0
1994;06; 0; 11; 0; 158; 0; 0; 0; 26; 1146; 105; 0; 0; 0; 0; 0; 0; 0; 0; 0; 13; 0; 33; 27; 0; 193; 0; 0; 0; 0; 0; 9999
1994;07; 0; 0; 0; 0; 60; 46; 0; 50; 62; 0; 46; 0; 0; 0; 0; 0; 0; 0; 0; 0; 0; 0; 60; 0; 0; 0; 0; 0; 0; 58; 0
1994;08; 0; 0; 25; 0; 82; 0; 0; 0; 0; 0; 38; 26; 0; 0; 0; 0; 70; 25; 0; 0; 0; 0; 0; 62; 59; 0; 0; 35; 0; 0; 0
1994;09; 0; 0; 9999; 9999; 9999; 24; 0; 0; 358; 141; 0; 0; 0; 0; 0; 3; 110; 0; 0; 0; 0; 0; 0; 0; 0; 0; 27; 337; 12; 0; 9999
1994;10; 0; 0; 0; 0; 51; 17; 10; 0; 0; 0; 45; 0; 0; 0; 0; 0; 0; 0; 0; 0; 12; 21; 116; 0; 17; 20; 447; 120; 163; 9999; 9999
1994;11; 0; 0; 0; 0; 0; 0; 0; 0; 0; 0; 0; 0; 0; 155; 20; 0; 0; 100; 390; 79; 0; 0; 0; 0; 0; 0; 0; 72; 60; 9999; 9999
1994;12; 0; 0; 0; 0; 0; 9999; 9999; 0; 157; 0; 0; 0; 0; 0; 0; 0; 300; 0; 395; 19; 0; 355; 184; 55; 0; 0; 28; 185; 0; 0; 197
1995;01; 17; 0; 21; 27; 0; 0; 0; 41; 2; 0; 0; 310; 0; 0; 0; 0; 63; 0; 0; 19; 9999; 9999; 9999; 87; 0; 0; 0; 795; 680; 0; 67
1995;02; 9999; 9999; 247; 700; 265; 495; 519; 200; 73; 183; 0; 83; 50; 125; 160; 0; 0; 146; 9999; 9999; 102; 0; 0; 0; 0; 0; 0; 0; 9999; 9999; 9999
1995;03; 0; 0; 0; 416; 0; 146; 147; 0; 0; 908; 1166; 461; 0; 80; 82; 0; 0; 0; 0; 0; 0; 0; 0; 132; 575; 35; 0; 0; 0; 227; 0
1995;04; 0; 0; 0; 89; 6; 0; 0; 0; 0; 0; 0; 270; 0; 0; 0; 0; 0; 0; 104; 0; 299; 300; 17; 0; 0; 0; 0; 0; 0; 0; 9999
1995;05; 0; 0; 6; 0; 0; 9; 100; 420; 19; 0; 69; 0; 0; 0; 0; 0; 60; 463; 78; 0; 0; 27; 0; 0; 0; 264; 0; 0; 0; 14; 0
1995;06; 0; 0; 0; 0; 0; 0; 0; 0; 0; 0; 0; 0; 0; 0; 0; 0; 0; 42; 597; 435; 0; 0; 0; 0; 0; 152; 0; 0; 0; 175; 9999
1995;07; 28; 0; 0; 0; 50; 0; 0; 87; 180; 97; 0; 0; 0; 0; 0; 0; 0; 0; 0; 0; 47; 158; 0; 0; 0; 0; 0; 0; 0; 0; 0
1995;08; 0; 0; 0; 5; 380; 559; 224; 0; 0; 0; 210; 0; 0; 0; 0; 262; 210; 29; 285; 72; 109; 0; 0; 0; 0; 0; 0; 0; 0; 0; 0
1995;09; 0; 50; 190; 0; 0; 0; 0; 0; 0; 0; 0; 279; 40; 0; 100; 190; 90; 0; 0; 229; 459; 91; 188; 0; 0; 0; 109; 0; 0; 0; 9999
1995;10; 0; 20; 15; 0; 0; 85; 0; 0; 0; 0; 0; 0; 0; 0; 95; 205; 170; 85; 127; 382; 117; 130; 0; 0; 0; 0; 0; 0; 290; 553; 269
1995;11; 28; 326; 53; 37; 0; 0; 0; 0; 0; 0; 357; 860; 800; 300; 0; 286; 0; 193; 132; 0; 153; 0; 0; 0; 0; 0; 0; 121; 0; 0; 9999
1995;12; 0; 0; 0; 0; 24; 0; 0; 0; 89; 0; 0; 0; 121; 332; 0; 0; 0; 0; 3; 0; 0; 0; 143; 240; 0; 23; 151; 400; 15; 1340; 400
1996;01; 0; 0; 211; 547; 97; 175; 0; 30; 2; 0; 0; 0; 0; 0; 0; 0; 0; 153; 0; 185; 41; 142; 0; 0; 0; 140; 264; 0; 0; 0; 0
1996;02; 0; 0; 850; 148; 0; 260; 295; 41; 0; 0; 0; 485; 1025; 137; 722; 0; 0; 23; 0; 0; 0; 37; 0; 0; 0; 26; 0; 0; 0; 9999; 9999
1996;03; 49; 331; 263; 0; 1480; 0; 446; 0; 0; 0; 0; 0; 0; 0; 4; 0; 364; 246; 170; 196; 1415; 815; 447; 0; 0; 0; 0; 382; 27; 0; 0
1996;04; 0; 345; 0; 209; 0; 0; 0; 1037; 0; 0; 237; 405; 0; 0; 0; 0; 348; 0; 115; 109; 0; 0; 0; 0; 0; 256; 59; 300; 140; 0; 9999
1996;05; 31; 0; 0; 29; 0; 0; 0; 0; 0; 0; 289; 0; 0; 0; 0; 208; 245; 0; 0; 0; 0; 15; 200; 280; 0; 0; 0; 0; 0; 0; 0
1996;06; 31; 154; 358; 0; 143; 0; 155; 0; 15; 0; 0; 0; 0; 0; 0; 0; 0; 0; 0; 357; 0; 181; 0; 280; 0; 0; 0; 107; 42; 156; 9999
1996;07; 9999; 9999; 9999; 9999; 9999; 9999; 9999; 9999; 9999; 9999; 9999; 9999; 9999; 9999; 9999; 9999; 9999; 9999; 9999; 9999; 9999; 9999; 9999; 9999; 9999; 9999; 9999; 9999; 9999; 9999; 9999
1996;08; 9999; 9999; 9999; 9999; 9999; 9999; 9999; 9999; 9999; 9999; 9999; 9999; 9999; 9999; 9999; 9999; 9999; 9999; 9999; 9999; 9999; 9999; 9999; 9999; 9999; 9999; 9999; 9999; 9999; 9999; 9999
1996;09; 108; 0; 0; 159; 0; 51; 0; 0; 245; 940; 755; 158; 0; 0; 0; 0; 25; 0; 0; 0; 0; 0; 0; 0; 145; 9999; 9999; 0; 0; 0; 9999
1996;10; 9999; 9999; 9999; 9999; 9999; 9999; 9999; 9999; 9999; 9999; 9999; 9999; 9999; 9999; 9999; 9999; 9999; 9999; 9999; 9999; 9999; 9999; 9999; 9999; 9999; 9999; 9999; 9999; 9999; 9999; 9999
1996;11; 0; 0; 0; 0; 0; 0; 0; 0; 0; 0; 0; 182; 0; 0; 101; 0; 102; 0; 0; 0; 0; 101; 238; 0; 0; 15; 0; 0; 0; 0; 9999
1996;12; 0; 0; 80; 108; 0; 170; 9999; 9999; 9999; 0; 5; 0; 64; 0; 0; 0; 27; 0; 97; 0; 0; 87; 0; 0; 0; 0; 9999; 9999; 9999; 0; 0
1997;01; 9999; 9999; 9999; 9999; 9999; 9999; 9999; 9999; 9999; 9999; 9999; 9999; 9999; 9999; 9999; 9999; 9999; 9999; 9999; 9999; 9999; 9999; 9999; 9999; 9999; 9999; 9999; 9999; 9999; 9999; 9999
1997;02; 0; 0; 0; 0; 0; 0; 0; 0; 0; 0; 0; 0; 0; 0; 5; 161; 0; 0; 0; 0; 111; 0; 0; 0; 0; 0; 0; 0; 9999; 9999; 9999
1997;03; 0; 0; 0; 345; 0; 0; 0; 0; 0; 0; 0; 0; 74; 129; 149; 166; 0; 46; 0; 0; 0; 0; 0; 0; 0; 89; 0; 0; 0; 0; 3
1997;04; 161; 0; 0; 0; 119; 0; 11; 148; 187; 0; 0; 0; 0; 0; 0; 0; 0; 315; 0; 0; 122; 288; 0; 26; 0; 150; 0; 0; 0; 0; 9999
1997;05; 0; 0; 0; 0; 107; 0; 0; 0; 0; 0; 117; 0; 0; 0; 0; 0; 0; 0; 0; 0; 0; 24; 0; 421; 282; 32; 0; 0; 160; 100; 165
1997;06; 25; 0; 0; 227; 0; 55; 0; 0; 0; 0; 0; 0; 0; 0; 324; 30; 0; 0; 0; 0; 155; 0; 0; 0; 0; 0; 110; 412; 581; 485; 9999
1997;07; 142; 0; 0; 0; 0; 0; 0; 0; 0; 0; 0; 21; 8; 0; 0; 0; 0; 0; 0; 0; 32; 0; 0; 36; 0; 0; 0; 0; 0; 0; 0
1997;08; 0; 0; 0; 0; 416; 110; 131; 381; 0; 0; 0; 0; 0; 0; 0; 0; 0; 0; 0; 0; 0; 0; 0; 0; 0; 0; 0; 0; 0; 0; 0
1997;09; 0; 0; 0; 0; 17; 0; 1; 0; 0; 53; 222; 29; 0; 0; 654; 211; 0; 0; 5; 115; 34; 5; 73; 0; 0; 15; 483; 0; 0; 192; 9999
1997;10; 53; 154; 73; 19; 0; 7; 300; 400; 190; 0; 0; 0; 0; 0; 0; 0; 135; 0; 85; 5; 350; 131; 30; 0; 0; 30; 20; 0; 0; 0; 40
