33
Ano,Mes,1,2,3,4,5,6,7,8,9,10,11,12,13,14,15,16,17,18,19,20,21,22,23,24,25,26,27,28,29,30,31
1949;12; 0; 0; 0; 0; 0; 0; 0; 0; 0; 0; 0; 0; 0; 0; 0; 9999; 9999; 9999; 9999; 9999; 9999; 9999; 9999; 9999; 9999; 9999; 9999; 9999; 9999; 9999; 9999
1950;01; 0; 0; 50; 7; 270; 43; 24; 147; 41; 65; 142; 324; 20; 206; 20; 10; 0; 20; 162; 216; 226; 44; 118; 113; 38; 53; 1; 142; 12; 210; 120
1950;02; 0; 0; 0; 0; 235; 87; 71; 5; 314; 333; 195; 51; 0; 40; 121; 1; 42; 51; 0; 100; 12; 130; 315; 10; 0; 10; 0; 0; 9999; 9999; 9999
1950;03; 0; 0; 155; 0; 0; 150; 43; 30; 375; 15; 185; 140; 285; 0; 0; 0; 150; 74; 0; 385; 247; 11; 0; 0; 0; 0; 0; 0; 220; 0; 230
1950;04; 12; 72; 80; 23; 0; 71; 0; 0; 0; 0; 0; 0; 170; 97; 302; 37; 0; 0; 0; 77; 0; 0; 0; 0; 0; 0; 292; 188; 0; 120; 9999
1950;05; 0; 0; 0; 12; 90; 0; 0; 0; 0; 0; 0; 0; 0; 0; 0; 0; 0; 10; 10; 0; 0; 0; 24; 0; 0; 0; 0; 0; 0; 65; 0
1950;06; 0; 0; 0; 0; 0; 0; 140; 12; 0; 0; 12; 14; 0; 0; 0; 90; 10; 0; 0; 0; 0; 0; 0; 0; 80; 10; 0; 0; 0; 0; 9999
1950;07; 0; 103; 0; 0; 0; 0; 0; 0; 23; 54; 0; 0; 0; 0; 0; 0; 0; 0; 0; 0; 0; 0; 0; 0; 0; 0; 0; 0; 0; 0; 0
1950;08; 0; 0; 55; 0; 10; 0; 0; 0; 0; 0; 0; 0; 0; 0; 0; 20; 0; 0; 0; 15; 0; 0; 0; 0; 0; 0; 0; 0; 0; 0; 0
1950;09; 0; 0; 0; 0; 0; 0; 0; 0; 0; 0; 0; 0; 35; 25; 0; 0; 0; 0; 0; 0; 0; 36; 242; 200; 48; 15; 0; 0; 0; 0; 9999
1950;10; 0; 235; 22; 0; 0; 140; 0; 0; 192; 47; 37; 210; 225; 0; 194; 135; 196; 11; 245; 66; 112; 13; 0; 0; 35; 0; 0; 0; 0; 0; 0
1950;11; 35; 95; 0; 0; 0; 0; 0; 35; 85; 12; 0; 0; 40; 32; 10; 0; 70; 155; 33; 10; 140; 0; 350; 0; 0; 0; 340; 50; 65; 0; 9999
1950;12; 9999; 9999; 9999; 9999; 9999; 9999; 9999; 9999; 9999; 9999; 9999; 9999; 9999; 9999; 9999; 9999; 9999; 9999; 9999; 9999; 9999; 9999; 9999; 9999; 9999; 9999; 9999; 9999; 9999; 9999; 9999
1951;01; 310; 53; 145; 140; 200; 115; 15; 73; 0; 0; 5; 10; 21; 35; 475; 132; 5; 95; 8; 190; 160; 0; 0; 0; 190; 346; 348; 0; 5; 0; 0
1951;02; 0; 11; 0; 131; 40; 190; 85; 493; 44; 35; 11; 32; 12; 0; 0; 0; 344; 12; 135; 384; 0; 0; 24; 120; 0; 200; 11; 140; 9999; 9999; 9999
1951;03; 12; 0; 0; 0; 0; 180; 270; 60; 14; 5; 0; 0; 315; 0; 185; 92; 0; 83; 33; 0; 14; 0; 12; 33; 14; 55; 4; 0; 0; 0; 0
1951;04; 0; 233; 80; 133; 41; 0; 0; 0; 0; 0; 0; 0; 0; 3; 120; 155; 25; 0; 0; 0; 0; 43; 0; 0; 0; 0; 72; 0; 0; 0; 9999
1951;05; 0; 35; 22; 73; 14; 0; 0; 0; 0; 0; 0; 0; 0; 0; 0; 0; 0; 0; 0; 0; 2; 0; 0; 0; 0; 0; 0; 0; 0; 156; 0
1951;06; 130; 32; 0; 0; 0; 0; 43; 0; 0; 0; 0; 0; 0; 0; 0; 0; 0; 0; 0; 0; 0; 0; 0; 0; 0; 0; 90; 0; 30; 0; 9999
1951;07; 0; 0; 0; 22; 240; 0; 0; 113; 0; 52; 0; 13; 0; 0; 0; 0; 0; 0; 0; 0; 0; 0; 0; 135; 0; 0; 0; 0; 0; 0; 0
1951;08; 0; 0; 0; 5; 162; 11; 0; 0; 0; 0; 0; 0; 0; 0; 0; 11; 0; 0; 0; 0; 0; 162; 64; 72; 0; 0; 0; 0; 19; 53; 0
1951;09; 0; 0; 0; 0; 0; 0; 12; 0; 0; 0; 0; 0; 0; 0; 0; 22; 34; 61; 40; 0; 61; 0; 0; 0; 0; 0; 0; 0; 0; 100; 9999
1951;10; 43; 21; 0; 0; 0; 5; 0; 0; 0; 0; 62; 0; 0; 0; 112; 15; 23; 0; 183; 222; 300; 0; 0; 0; 195; 30; 10; 65; 243; 60; 0
1951;11; 0; 0; 0; 0; 62; 60; 11; 0; 36; 13; 0; 0; 0; 55; 33; 0; 45; 0; 0; 0; 10; 0; 0; 2; 213; 261; 50; 60; 0; 15; 9999
1951;12; 0; 0; 70; 4; 0; 0; 0; 183; 16; 0; 40; 50; 342; 18; 0; 115; 165; 212; 50; 0; 0; 100; 15; 55; 88; 20; 0; 0; 0; 40; 245
1952;01; 271; 110; 0; 0; 0; 0; 75; 411; 35; 0; 0; 0; 256; 20; 12; 110; 0; 15; 2; 0; 0; 0; 0; 12; 100; 19; 240; 0; 0; 0; 0
1952;02; 9999; 9999; 9999; 9999; 9999; 9999; 9999; 9999; 9999; 9999; 9999; 9999; 9999; 9999; 9999; 9999; 9999; 9999; 9999; 9999; 9999; 9999; 9999; 9999; 9999; 9999; 9999; 9999; 9999; 9999; 9999
1952;03; 9999; 9999; 9999; 9999; 9999; 9999; 9999; 9999; 9999; 9999; 9999; 9999; 9999; 9999; 9999; 9999; 9999; 9999; 9999; 9999; 9999; 9999; 9999; 9999; 9999; 9999; 9999; 9999; 9999; 9999; 9999
1952;04; 20; 0; 0; 0; 0; 0; 0; 1; 0; 0; 0; 2; 2; 1; 1; 0; 0; 0; 0; 0; 0; 0; 39; 2; 1; 3; 0; 0; 0; 0; 9999
1952;05; 3; 0; 0; 0; 41; 14; 4; 0; 0; 0; 0; 0; 0; 0; 0; 0; 0; 0; 0; 0; 0; 0; 0; 30; 1175; 0; 0; 0; 0; 0; 0
1952;06; 9999; 9999; 9999; 9999; 9999; 9999; 9999; 9999; 9999; 9999; 9999; 9999; 9999; 9999; 9999; 9999; 9999; 9999; 9999; 9999; 9999; 9999; 9999; 9999; 9999; 9999; 9999; 9999; 9999; 9999; 9999
1952;07; 9999; 9999; 9999; 9999; 9999; 9999; 9999; 9999; 9999; 9999; 9999; 9999; 9999; 9999; 9999; 9999; 9999; 9999; 9999; 9999; 9999; 9999; 9999; 9999; 9999; 9999; 9999; 9999; 9999; 9999; 9999
1952;08; 0; 0; 0; 0; 2; 0; 0; 2; 110; 0; 0; 0; 0; 0; 0; 0; 0; 0; 15; 5; 0; 0; 0; 0; 0; 64; 0; 0; 0; 0; 0
1952;09; 9999; 9999; 9999; 9999; 9999; 9999; 9999; 9999; 9999; 9999; 9999; 9999; 9999; 9999; 9999; 9999; 9999; 9999; 9999; 9999; 9999; 9999; 9999; 9999; 9999; 9999; 9999; 9999; 9999; 9999; 9999
1952;10; 9999; 9999; 9999; 9999; 9999; 9999; 9999; 9999; 9999; 9999; 9999; 9999; 9999; 9999; 9999; 9999; 9999; 9999; 9999; 9999; 9999; 9999; 9999; 9999; 9999; 9999; 9999; 9999; 9999; 9999; 9999
1952;11; 9999; 9999; 9999; 9999; 9999; 9999; 9999; 9999; 9999; 9999; 9999; 9999; 9999; 9999; 9999; 9999; 9999; 9999; 9999; 9999; 9999; 9999; 9999; 9999; 9999; 9999; 9999; 9999; 9999; 9999; 9999
1952;12; 9999; 9999; 9999; 9999; 9999; 9999; 9999; 9999; 9999; 9999; 9999; 9999; 9999; 9999; 9999; 9999; 9999; 9999; 9999; 9999; 9999; 9999; 9999; 9999; 9999; 9999; 9999; 9999; 9999; 9999; 9999
1953;01; 75; 4; 524; 114; 211; 0; 29; 82; 381; 0; 0; 51; 67; 0; 0; 236; 0; 0; 0; 0; 0; 0; 0; 0; 197; 6; 0; 0; 211; 23; 7
1953;02; 15; 24; 29; 16; 0; 0; 0; 0; 0; 0; 26; 29; 36; 28; 55; 41; 26; 35; 1; 81; 0; 0; 0; 0; 6; 14; 47; 0; 9999; 9999; 9999
1953;03; 0; 799; 79; 0; 0; 0; 0; 0; 0; 0; 0; 148; 25; 26; 0; 0; 0; 0; 0; 0; 0; 116; 68; 0; 311; 251; 71; 3; 74; 3; 0
1953;04; 0; 0; 29; 0; 24; 27; 0; 279; 21; 0; 22; 3; 0; 0; 0; 0; 24; 22; 32; 0; 0; 32; 71; 22; 51; 22; 2; 0; 13; 0; 9999
1953;05; 0; 0; 0; 15; 191; 11; 0; 0; 33; 0; 21; 66; 297; 0; 7; 0; 0; 0; 0; 0; 0; 0; 0; 0; 0; 138; 136; 0; 0; 0; 356
1953;06; 256; 0; 11; 0; 0; 0; 0; 0; 0; 59; 46; 0; 0; 0; 0; 0; 0; 0; 0; 0; 2; 0; 0; 0; 0; 0; 0; 0; 0; 0; 9999
1953;07; 0; 15; 3; 6; 0; 0; 0; 0; 0; 22; 31; 0; 0; 0; 0; 0; 0; 0; 0; 51; 12; 3; 1; 0; 0; 0; 0; 0; 0; 0; 13
1953;08; 244; 323; 2; 62; 0; 0; 0; 0; 0; 0; 0; 0; 0; 0; 0; 0; 0; 0; 0; 0; 0; 0; 0; 40; 32; 0; 0; 32; 36; 50; 0
1953;09; 0; 0; 0; 0; 0; 0; 171; 0; 0; 0; 23; 9; 36; 0; 0; 26; 36; 12; 3; 0; 16; 6; 2; 0; 0; 0; 0; 0; 0; 4; 9999
1953;10; 0; 0; 4; 6; 32; 3; 3; 6; 34; 22; 5; 38; 0; 0; 0; 0; 0; 0; 39; 37; 222; 0; 25; 0; 0; 0; 44; 3; 35; 116; 0
1953;11; 119; 19; 26; 15; 0; 0; 0; 255; 12; 0; 0; 0; 36; 15; 26; 0; 0; 0; 0; 84; 40; 0; 0; 0; 0; 0; 0; 0; 0; 132; 9999
1953;12; 86; 0; 86; 12; 92; 387; 12; 19; 0; 0; 0; 0; 126; 0; 0; 16; 6; 9; 0; 6; 0; 0; 0; 0; 0; 0; 0; 0; 28; 0; 63
1954;01; 0; 0; 22; 305; 21; 11; 0; 0; 30; 7; 0; 0; 0; 2; 1; 0; 0; 0; 147; 97; 0; 143; 365; 115; 0; 0; 0; 0; 0; 0; 0
1954;02; 0; 0; 15; 0; 2; 12; 88; 135; 0; 2; 0; 2; 0; 0; 0; 145; 2; 249; 45; 14; 0; 0; 0; 31; 0; 0; 0; 25; 9999; 9999; 9999
1954;03; 27; 0; 0; 24; 61; 52; 8; 0; 0; 10; 146; 0; 58; 0; 0; 0; 0; 0; 45; 24; 75; 0; 0; 0; 0; 0; 141; 123; 11; 267; 40
1954;04; 8; 176; 0; 206; 7; 6; 0; 0; 0; 0; 0; 0; 468; 152; 58; 17; 2; 0; 0; 7; 0; 0; 0; 0; 0; 0; 0; 4; 0; 0; 9999
1954;05; 479; 0; 0; 0; 0; 0; 14; 0; 13; 0; 214; 2; 191; 46; 0; 0; 0; 28; 216; 107; 72; 32; 0; 0; 0; 0; 0; 0; 0; 0; 18
1954;06; 20; 0; 60; 70; 52; 12; 104; 7; 0; 0; 123; 0; 26; 0; 0; 0; 0; 34; 0; 0; 5; 79; 0; 14; 0; 0; 0; 0; 0; 0; 9999
1954;07; 0; 14; 0; 0; 40; 0; 0; 0; 0; 0; 0; 0; 0; 0; 116; 0; 4; 60; 0; 0; 0; 0; 8; 9; 0; 41; 9; 0; 0; 0; 0
1954;08; 0; 0; 0; 0; 0; 0; 0; 0; 0; 0; 10; 0; 0; 0; 0; 0; 0; 0; 0; 0; 18; 20; 0; 0; 0; 5; 12; 202; 0; 0; 0
1954;09; 0; 0; 0; 0; 0; 0; 9; 0; 3; 7; 0; 0; 100; 126; 0; 0; 0; 0; 100; 12; 0; 0; 0; 0; 0; 26; 48; 21; 84; 280; 9999
1954;10; 100; 58; 0; 200; 0; 0; 80; 0; 0; 9; 91; 22; 19; 82; 122; 0; 0; 91; 24; 141; 89; 0; 0; 0; 0; 0; 258; 0; 246; 125; 21
1954;11; 0; 0; 0; 0; 0; 0; 0; 0; 0; 22; 71; 14; 0; 0; 0; 34; 0; 0; 0; 0; 0; 0; 208; 26; 18; 0; 0; 0; 0; 19; 9999
1954;12; 0; 0; 0; 152; 0; 0; 91; 26; 124; 32; 0; 0; 166; 0; 0; 200; 18; 0; 284; 122; 0; 101; 82; 0; 0; 0; 0; 0; 124; 28; 0
1955;01; 0; 204; 156; 231; 666; 22; 0; 0; 0; 202; 136; 121; 287; 298; 42; 122; 84; 21; 24; 82; 31; 0; 24; 19; 0; 0; 0; 0; 0; 101; 0
1955;02; 0; 0; 0; 0; 0; 0; 0; 0; 0; 0; 0; 0; 0; 0; 0; 0; 0; 0; 0; 0; 0; 29; 35; 0; 93; 28; 0; 0; 9999; 9999; 9999
1955;03; 0; 87; 0; 0; 100; 17; 21; 0; 0; 151; 173; 0; 0; 92; 101; 74; 0; 0; 0; 0; 0; 0; 0; 0; 0; 0; 21; 14; 0; 300; 10
1955;04; 24; 18; 0; 34; 0; 0; 0; 0; 58; 0; 0; 28; 0; 0; 21; 19; 131; 15; 0; 0; 0; 0; 0; 0; 0; 0; 0; 0; 174; 7; 9999
1955;05; 0; 0; 0; 0; 0; 54; 0; 0; 0; 0; 0; 0; 0; 0; 0; 391; 0; 11; 0; 0; 0; 0; 0; 0; 0; 0; 0; 0; 0; 21; 308
1955;06; 82; 0; 0; 0; 0; 0; 0; 31; 82; 22; 0; 0; 54; 0; 0; 58; 0; 0; 0; 20; 58; 0; 0; 0; 0; 0; 0; 0; 0; 0; 9999
1955;07; 0; 0; 0; 60; 323; 0; 0; 52; 12; 11; 0; 0; 0; 0; 0; 0; 0; 0; 0; 0; 0; 0; 0; 0; 0; 0; 0; 0; 24; 18; 0
1955;08; 0; 0; 0; 0; 0; 0; 0; 0; 0; 0; 18; 12; 0; 0; 0; 0; 0; 0; 0; 18; 0; 0; 0; 0; 0; 504; 21; 407; 21; 0; 0
1955;09; 0; 0; 158; 23; 0; 21; 19; 0; 0; 0; 0; 0; 0; 0; 0; 0; 21; 0; 0; 0; 0; 0; 0; 0; 0; 174; 137; 0; 0; 0; 9999
1955;10; 0; 121; 20; 0; 0; 0; 0; 0; 0; 0; 0; 0; 102; 53; 0; 82; 21; 12; 0; 0; 14; 0; 0; 190; 0; 0; 0; 531; 0; 101; 72
1955;11; 81; 0; 206; 82; 0; 0; 0; 0; 124; 18; 0; 52; 0; 0; 0; 0; 0; 0; 0; 101; 122; 0; 402; 104; 0; 0; 0; 0; 0; 0; 9999
1955;12; 0; 0; 305; 0; 98; 14; 0; 95; 0; 0; 0; 0; 132; 18; 0; 72; 17; 0; 0; 0; 0; 82; 101; 0; 0; 174; 42; 28; 508; 14; 205
1956;01; 95; 12; 0; 0; 0; 0; 0; 0; 0; 0; 0; 0; 0; 0; 0; 0; 29; 14; 191; 0; 0; 0; 0; 102; 0; 0; 235; 0; 0; 92; 0
1956;02; 0; 112; 0; 0; 0; 0; 0; 0; 0; 122; 178; 87; 124; 228; 181; 321; 144; 18; 142; 21; 0; 0; 480; 0; 582; 110; 245; 0; 0; 9999; 9999
1956;03; 208; 104; 0; 122; 82; 78; 14; 204; 0; 72; 83; 0; 48; 87; 75; 0; 0; 0; 33; 43; 0; 0; 13; 0; 560; 0; 0; 0; 101; 357; 72
1956;04; 0; 12; 0; 0; 0; 0; 17; 0; 0; 0; 0; 14; 18; 84; 0; 21; 0; 0; 0; 12; 0; 21; 0; 34; 0; 11; 814; 0; 18; 0; 9999
1956;05; 0; 92; 22; 189; 0; 0; 12; 24; 78; 39; 0; 0; 0; 0; 0; 0; 0; 0; 0; 0; 237; 0; 0; 78; 714; 24; 12; 0; 0; 0; 27
1956;06; 212; 79; 10; 0; 78; 24; 86; 20; 19; 0; 302; 188; 481; 287; 374; 0; 96; 192; 278; 174; 0; 0; 0; 0; 0; 0; 214; 0; 0; 26; 9999
1956;07; 72; 0; 0; 0; 0; 0; 12; 0; 0; 0; 0; 0; 0; 92; 0; 0; 0; 0; 0; 12; 0; 0; 154; 328; 0; 0; 0; 0; 0; 0; 511
1956;08; 21; 0; 236; 184; 288; 24; 0; 0; 0; 0; 0; 0; 101; 28; 0; 0; 0; 0; 0; 0; 0; 92; 14; 126; 0; 0; 0; 0; 0; 0; 0
1956;09; 0; 0; 0; 0; 0; 84; 0; 0; 0; 72; 91; 0; 100; 94; 0; 76; 0; 0; 68; 24; 0; 0; 0; 0; 26; 72; 18; 21; 10; 0; 9999
1956;10; 0; 0; 0; 0; 0; 0; 0; 0; 0; 0; 182; 99; 23; 19; 77; 21; 49; 0; 0; 0; 19; 91; 28; 124; 82; 0; 128; 94; 141; 23; 12
1956;11; 189; 90; 19; 0; 0; 0; 0; 0; 0; 58; 0; 311; 41; 89; 101; 24; 18; 94; 21; 34; 78; 0; 136; 0; 0; 0; 87; 74; 0; 0; 9999
1956;12; 0; 0; 0; 12; 13; 82; 0; 0; 0; 0; 0; 0; 97; 64; 19; 71; 0; 0; 0; 14; 0; 0; 0; 79; 0; 0; 0; 0; 23; 0; 0
1957;01; 0; 0; 0; 0; 0; 0; 0; 100; 214; 149; 24; 0; 0; 0; 484; 213; 241; 533; 0; 156; 325; 0; 85; 0; 12; 0; 0; 0; 0; 0; 612
1957;02; 151; 82; 184; 214; 0; 0; 221; 0; 0; 0; 84; 0; 0; 0; 470; 12; 0; 0; 148; 130; 64; 85; 0; 84; 53; 149; 125; 171; 9999; 9999; 9999
1957;03; 0; 0; 0; 0; 0; 0; 72; 0; 41; 22; 185; 0; 0; 102; 215; 0; 0; 201; 15; 201; 82; 378; 481; 65; 26; 20; 0; 0; 0; 0; 0
1957;04; 126; 159; 78; 0; 0; 110; 126; 19; 0; 0; 31; 0; 0; 10; 111; 0; 0; 0; 0; 21; 0; 0; 0; 0; 43; 44; 46; 10; 0; 54; 9999
1957;05; 55; 0; 5; 10; 10; 20; 0; 0; 0; 0; 18; 0; 0; 7; 0; 0; 22; 0; 0; 0; 0; 0; 0; 0; 0; 0; 12; 515; 0; 0; 0
1957;06; 0; 0; 4; 3; 0; 34; 0; 280; 0; 0; 0; 0; 0; 0; 0; 0; 53; 19; 0; 0; 0; 0; 0; 0; 0; 0; 0; 0; 0; 241; 9999
1957;07; 5; 110; 71; 45; 3; 16; 0; 0; 0; 0; 0; 0; 0; 11; 39; 191; 0; 7; 63; 60; 0; 0; 13; 0; 21; 0; 0; 0; 0; 0; 0
1957;08; 16; 39; 15; 0; 0; 0; 0; 0; 0; 14; 4; 0; 9; 10; 5; 5; 166; 38; 212; 0; 0; 32; 0; 0; 0; 0; 0; 0; 0; 0; 174
1957;09; 106; 0; 410; 612; 0; 0; 0; 252; 214; 15; 0; 0; 116; 104; 0; 106; 9; 6; 0; 0; 147; 40; 520; 302; 74; 16; 0; 16; 42; 0; 9999
1957;10; 0; 0; 0; 0; 0; 0; 0; 0; 0; 0; 0; 731; 0; 0; 0; 0; 0; 0; 0; 213; 101; 0; 155; 101; 0; 0; 128; 342; 201; 100; 92
1957;11; 0; 0; 75; 0; 0; 0; 0; 92; 24; 82; 0; 0; 128; 0; 0; 14; 0; 148; 120; 302; 0; 131; 89; 129; 98; 0; 0; 0; 0; 0; 9999
1957;12; 272; 0; 35; 23; 276; 0; 0; 67; 121; 94; 151; 206; 0; 26; 113; 0; 51; 62; 0; 0; 0; 144; 63; 0; 0; 0; 0; 27; 0; 136; 0
1958;01; 0; 0; 0; 0; 0; 0; 0; 0; 0; 0; 0; 121; 3; 12; 255; 0; 0; 0; 56; 0; 30; 53; 57; 0; 0; 201; 11; 384; 457; 0; 0
1958;02; 0; 0; 0; 3; 150; 0; 0; 0; 0; 20; 13; 0; 0; 0; 0; 0; 0; 0; 209; 18; 0; 0; 0; 0; 65; 20; 224; 0; 9999; 9999; 9999
1958;03; 0; 39; 0; 0; 18; 0; 0; 0; 29; 0; 0; 0; 0; 0; 0; 59; 30; 24; 66; 2; 0; 0; 19; 1006; 285; 10; 0; 0; 0; 0; 0
1958;04; 16; 131; 0; 0; 0; 0; 0; 0; 37; 108; 0; 0; 0; 0; 0; 5; 0; 0; 0; 243; 50; 0; 59; 50; 0; 0; 0; 0; 0; 0; 9999
1958;05; 0; 0; 0; 43; 3; 12; 0; 0; 0; 0; 0; 0; 117; 310; 0; 0; 0; 0; 0; 0; 0; 250; 280; 1; 214; 55; 18; 166; 0; 0; 0
1958;06; 0; 0; 0; 0; 0; 0; 0; 0; 0; 0; 0; 0; 141; 236; 0; 0; 168; 249; 0; 61; 0; 0; 0; 0; 0; 0; 0; 0; 0; 0; 9999
1958;07; 0; 0; 0; 0; 0; 0; 0; 0; 0; 0; 0; 0; 0; 0; 0; 56; 0; 62; 0; 0; 0; 0; 0; 0; 0; 0; 0; 0; 0; 0; 0
1958;08; 0; 0; 0; 140; 0; 0; 0; 0; 0; 0; 0; 0; 0; 0; 0; 0; 0; 0; 0; 0; 0; 0; 1; 0; 0; 0; 0; 0; 7; 94; 4
1958;09; 0; 0; 0; 0; 0; 0; 0; 170; 171; 290; 7; 34; 125; 133; 36; 0; 3; 21; 10; 0; 0; 0; 0; 0; 50; 0; 5; 0; 0; 0; 9999
1958;10; 0; 0; 0; 106; 53; 0; 293; 0; 0; 0; 201; 0; 11; 37; 0; 0; 0; 9; 19; 11; 4; 0; 0; 139; 36; 0; 209; 243; 370; 190; 13
1958;11; 273; 21; 0; 0; 0; 0; 0; 0; 0; 0; 30; 31; 44; 15; 0; 136; 218; 0; 71; 0; 0; 0; 0; 69; 89; 381; 20; 0; 0; 0; 9999
1958;12; 0; 0; 0; 0; 0; 182; 137; 1; 351; 0; 85; 0; 100; 0; 1; 471; 26; 169; 527; 0; 106; 624; 46; 51; 0; 0; 0; 0; 0; 0; 0
1959;01; 0; 0; 0; 0; 134; 498; 0; 0; 0; 0; 0; 300; 361; 21; 0; 0; 0; 0; 312; 0; 370; 35; 0; 162; 0; 0; 0; 0; 0; 0; 0
1959;02; 126; 89; 178; 0; 70; 182; 98; 0; 29; 0; 0; 0; 0; 120; 92; 45; 96; 219; 0; 0; 0; 0; 0; 0; 0; 0; 0; 0; 9999; 9999; 9999
1959;03; 0; 0; 0; 0; 0; 0; 124; 0; 0; 0; 0; 226; 132; 0; 0; 0; 0; 251; 202; 162; 90; 0; 132; 154; 21; 0; 0; 0; 0; 0; 0
1959;04; 20; 180; 0; 13; 0; 102; 20; 0; 0; 0; 0; 0; 0; 0; 0; 0; 0; 0; 0; 0; 0; 0; 9; 0; 273; 0; 176; 46; 0; 0; 9999
1959;05; 0; 0; 0; 0; 0; 0; 33; 0; 0; 0; 0; 20; 14; 12; 5; 0; 0; 0; 305; 122; 196; 19; 0; 0; 0; 0; 0; 0; 0; 15; 0
1959;06; 0; 0; 34; 0; 0; 0; 49; 0; 0; 0; 0; 0; 0; 0; 0; 0; 0; 19; 0; 0; 0; 0; 0; 0; 0; 0; 0; 0; 0; 0; 9999
1959;07; 113; 85; 73; 5; 0; 4; 0; 4; 0; 0; 0; 0; 0; 0; 0; 0; 55; 0; 0; 0; 0; 0; 0; 0; 0; 0; 0; 0; 0; 0; 0
1959;08; 0; 0; 0; 46; 91; 3; 66; 25; 0; 3; 0; 0; 320; 57; 156; 6; 0; 11; 34; 0; 0; 0; 0; 0; 0; 0; 0; 0; 0; 44; 6
1959;09; 0; 0; 12; 66; 80; 4; 102; 0; 0; 0; 6; 5; 100; 16; 2; 0; 0; 0; 0; 18; 25; 0; 4; 0; 6; 114; 46; 0; 0; 0; 9999
1959;10; 0; 0; 0; 0; 28; 46; 2; 0; 0; 2; 0; 109; 135; 0; 5; 28; 19; 17; 23; 0; 75; 52; 73; 0; 0; 0; 0; 0; 161; 0; 0
1959;11; 0; 0; 53; 21; 0; 22; 26; 220; 11; 0; 11; 10; 43; 18; 0; 20; 0; 0; 54; 14; 14; 0; 0; 0; 0; 551; 87; 0; 0; 0; 9999
1959;12; 0; 43; 0; 16; 0; 0; 9; 276; 392; 2; 0; 0; 9; 0; 0; 0; 0; 0; 60; 0; 696; 144; 48; 51; 0; 0; 0; 0; 0; 0; 0
1960;01; 346; 4; 0; 0; 300; 66; 18; 142; 20; 122; 30; 94; 10; 0; 0; 0; 34; 234; 10; 26; 38; 16; 0; 88; 0; 0; 0; 0; 0; 20; 12
1960;02; 0; 8; 383; 36; 68; 0; 6; 70; 0; 0; 0; 25; 425; 131; 80; 0; 0; 0; 197; 50; 360; 330; 190; 3; 6; 5; 4; 400; 27; 9999; 9999
1960;03; 92; 318; 0; 0; 6; 0; 0; 0; 0; 0; 80; 6; 0; 34; 6; 0; 0; 0; 0; 140; 42; 142; 26; 14; 50; 4; 6; 0; 0; 0; 16
1960;04; 20; 42; 0; 4; 42; 0; 100; 34; 0; 86; 6; 0; 18; 0; 0; 0; 0; 216; 426; 6; 0; 0; 0; 0; 0; 138; 4; 44; 16; 138; 9999
1960;05; 155; 0; 0; 0; 0; 0; 0; 0; 0; 0; 1; 3; 50; 0; 0; 228; 0; 0; 0; 0; 238; 62; 0; 0; 0; 0; 0; 0; 0; 3; 71
1960;06; 13; 0; 0; 0; 0; 0; 0; 0; 0; 0; 0; 0; 0; 0; 0; 0; 0; 105; 32; 0; 0; 0; 21; 88; 0; 0; 0; 60; 12; 0; 9999
1960;07; 8; 0; 0; 0; 0; 0; 1; 0; 2; 0; 0; 14; 2; 5; 4; 4; 0; 5; 28; 2; 0; 0; 0; 257; 15; 0; 3; 1; 0; 0; 0
1960;08; 0; 3; 10; 0; 12; 3; 0; 0; 0; 0; 4; 3; 0; 0; 0; 45; 10; 4; 1; 9; 80; 31; 0; 0; 0; 0; 5; 46; 0; 0; 0
1960;09; 255; 99; 0; 0; 0; 0; 0; 0; 0; 0; 0; 0; 0; 0; 0; 0; 0; 0; 0; 0; 0; 0; 0; 0; 0; 70; 20; 58; 15; 21; 9999
1960;10; 0; 0; 16; 39; 6; 16; 0; 0; 79; 20; 6; 0; 0; 0; 0; 5; 287; 30; 0; 0; 0; 0; 0; 0; 10; 85; 224; 24; 0; 5; 17
1960;11; 0; 0; 0; 0; 0; 6; 3; 31; 145; 0; 0; 0; 131; 119; 6; 66; 0; 0; 30; 36; 186; 7; 0; 0; 0; 0; 0; 0; 58; 258; 9999
1960;12; 54; 0; 0; 0; 0; 0; 97; 4; 0; 0; 0; 0; 33; 80; 2; 0; 30; 472; 489; 2; 191; 187; 46; 107; 0; 100; 389; 0; 0; 59; 11
1961;01; 146; 68; 350; 0; 4; 2; 13; 0; 10; 3; 9; 0; 12; 0; 0; 0; 30; 247; 665; 113; 6; 0; 0; 2; 25; 46; 586; 200; 10; 411; 0
1961;02; 0; 0; 75; 35; 0; 0; 0; 236; 15; 395; 0; 200; 110; 0; 40; 40; 140; 0; 106; 0; 1; 430; 0; 0; 0; 0; 406; 504; 9999; 9999; 9999
1961;03; 6; 0; 0; 0; 0; 29; 409; 100; 0; 0; 0; 0; 0; 70; 0; 0; 0; 32; 122; 0; 0; 0; 0; 0; 0; 301; 32; 0; 0; 32; 0
1961;04; 0; 0; 0; 0; 165; 56; 9; 10; 0; 8; 0; 17; 0; 25; 0; 0; 0; 16; 33; 0; 0; 0; 0; 14; 0; 26; 95; 0; 0; 0; 9999
1961;05; 0; 5; 8; 403; 0; 23; 0; 0; 1; 2; 18; 11; 0; 0; 0; 0; 0; 0; 0; 10; 10; 0; 0; 0; 0; 0; 0; 0; 0; 0; 0
1961;06; 1; 0; 0; 0; 0; 0; 4; 0; 0; 0; 1; 20; 10; 0; 156; 21; 30; 25; 0; 0; 130; 0; 12; 10; 201; 0; 0; 0; 0; 0; 9999
1961;07; 3; 0; 0; 0; 0; 0; 0; 0; 47; 10; 5; 0; 0; 0; 0; 0; 0; 0; 2; 3; 0; 0; 11; 0; 0; 0; 10; 2; 47; 4; 0
1961;08; 0; 0; 0; 1; 0; 2; 0; 0; 0; 0; 0; 3; 0; 0; 0; 0; 0; 3; 5; 1; 0; 1; 0; 0; 0; 70; 50; 0; 0; 0; 4
1961;09; 0; 2; 1; 0; 1; 11; 39; 13; 29; 1; 6; 11; 13; 0; 6; 3; 1; 0; 4; 4; 0; 29; 48; 0; 0; 0; 0; 0; 10; 0; 9999
1961;10; 0; 0; 14; 4; 3; 1; 0; 0; 10; 0; 0; 20; 0; 9; 9; 119; 50; 404; 0; 0; 0; 87; 0; 12; 0; 13; 0; 0; 0; 261; 0
1961;11; 2; 1; 2; 306; 403; 0; 407; 8; 0; 0; 104; 274; 0; 0; 192; 1; 1; 0; 0; 57; 8; 0; 132; 46; 6; 91; 39; 19; 7; 0; 9999
1961;12; 0; 22; 105; 7; 27; 28; 6; 63; 0; 0; 0; 0; 0; 87; 10; 6; 98; 203; 0; 0; 82; 167; 235; 53; 168; 229; 105; 3; 71; 198; 47
1962;01; 0; 0; 37; 16; 0; 0; 0; 241; 5; 0; 0; 0; 0; 0; 50; 348; 273; 110; 29; 6; 18; 23; 4; 0; 13; 107; 81; 33; 1; 98; 16
1962;02; 0; 0; 0; 492; 90; 6; 0; 0; 301; 78; 7; 4; 2; 0; 0; 390; 0; 0; 186; 39; 2; 369; 66; 51; 167; 0; 3; 1; 9999; 9999; 9999
1962;03; 0; 2; 106; 0; 4; 0; 0; 3; 0; 0; 4; 60; 488; 291; 432; 107; 8; 287; 0; 95; 0; 0; 0; 1; 5; 0; 0; 0; 0; 0; 0
1962;04; 0; 126; 6; 135; 0; 0; 0; 0; 0; 268; 0; 0; 0; 0; 0; 0; 0; 0; 8; 0; 0; 0; 0; 1; 0; 24; 0; 0; 0; 0; 9999
1962;05; 0; 0; 18; 178; 13; 0; 0; 26; 5; 0; 0; 0; 0; 0; 0; 0; 0; 0; 18; 0; 0; 0; 0; 0; 0; 0; 0; 0; 41; 7; 16
1962;06; 8; 0; 33; 22; 0; 0; 58; 2; 8; 6; 0; 0; 2; 33; 6; 2; 0; 1; 0; 0; 0; 0; 2; 2; 16; 6; 0; 0; 0; 0; 9999
1962;07; 0; 0; 0; 0; 0; 9; 0; 3; 0; 9; 208; 0; 0; 0; 0; 0; 0; 0; 0; 0; 0; 0; 0; 0; 0; 0; 0; 0; 0; 0; 0
1962;08; 0; 0; 0; 0; 0; 0; 0; 0; 0; 0; 66; 0; 2; 0; 0; 96; 0; 0; 16; 22; 4; 212; 86; 0; 0; 0; 0; 0; 0; 0; 26
1962;09; 0; 0; 0; 0; 0; 0; 0; 264; 14; 8; 172; 58; 76; 14; 0; 0; 0; 0; 10; 12; 82; 126; 46; 6; 8; 8; 0; 12; 4; 14; 9999
1962;10; 0; 95; 90; 0; 177; 27; 0; 0; 275; 27; 81; 58; 3; 0; 0; 3; 23; 316; 224; 110; 27; 0; 0; 0; 133; 0; 0; 0; 138; 66; 217
1962;11; 0; 0; 0; 14; 75; 0; 0; 0; 150; 44; 25; 16; 10; 0; 0; 0; 3; 0; 5; 0; 0; 176; 2; 2; 1; 0; 0; 0; 35; 196; 9999
1962;12; 2; 5; 0; 124; 2; 83; 14; 3; 0; 7; 0; 94; 44; 47; 14; 15; 0; 107; 127; 0; 1; 0; 12; 0; 170; 0; 17; 587; 25; 518; 371
1963;01; 34; 269; 7; 599; 0; 0; 0; 16; 0; 272; 7; 468; 20; 0; 22; 212; 176; 81; 10; 89; 21; 1; 178; 28; 0; 8; 0; 0; 0; 0; 264
1963;02; 140; 63; 0; 0; 93; 49; 163; 131; 15; 0; 0; 0; 0; 0; 0; 0; 0; 0; 0; 114; 18; 44; 2; 1; 63; 40; 1; 0; 9999; 9999; 9999
1963;03; 0; 0; 0; 9; 0; 0; 7; 0; 5; 0; 0; 0; 0; 0; 0; 0; 0; 0; 0; 0; 0; 25; 0; 406; 228; 95; 0; 0; 40; 15; 0
1963;04; 0; 0; 0; 0; 0; 2; 0; 0; 0; 0; 0; 0; 0; 0; 0; 144; 66; 19; 0; 0; 0; 0; 0; 0; 0; 0; 0; 0; 0; 0; 9999
1963;05; 0; 0; 0; 9; 5; 0; 0; 0; 0; 0; 0; 0; 0; 0; 0; 83; 0; 0; 0; 0; 0; 0; 0; 0; 0; 1; 0; 0; 0; 0; 0
1963;06; 6; 93; 0; 0; 0; 0; 0; 0; 0; 0; 0; 2; 152; 12; 37; 162; 0; 0; 0; 0; 0; 0; 0; 0; 0; 0; 0; 0; 0; 0; 9999
1963;07; 0; 0; 0; 0; 27; 0; 0; 0; 0; 0; 0; 0; 0; 0; 0; 0; 6; 0; 2; 0; 0; 0; 74; 5; 0; 0; 0; 0; 0; 0; 0
1963;08; 0; 0; 0; 0; 1; 0; 0; 0; 0; 0; 0; 0; 0; 0; 0; 23; 59; 3; 0; 0; 0; 0; 0; 0; 0; 0; 0; 0; 0; 0; 0
1963;09; 0; 0; 0; 0; 0; 0; 0; 0; 0; 0; 0; 0; 5; 0; 0; 7; 18; 0; 1; 0; 0; 3; 7; 0; 0; 0; 7; 75; 7; 4; 9999
1963;10; 34; 7; 9; 2; 6; 23; 52; 0; 0; 0; 0; 0; 0; 1; 0; 4; 0; 127; 3; 28; 0; 318; 68; 51; 16; 0; 61; 99; 0; 0; 1
1963;11; 0; 0; 17; 7; 0; 0; 4; 55; 3; 42; 234; 0; 0; 114; 2; 256; 0; 113; 300; 0; 103; 11; 1; 0; 0; 0; 0; 7; 1; 0; 9999
1963;12; 0; 3; 8; 0; 0; 130; 14; 111; 0; 0; 0; 26; 34; 26; 5; 0; 0; 0; 0; 77; 20; 17; 38; 0; 0; 0; 1; 0; 7; 0; 68
1964;01; 0; 69; 66; 1; 0; 0; 1; 0; 92; 40; 3; 0; 0; 22; 22; 1; 20; 11; 0; 2; 0; 1; 3; 20; 3; 153; 84; 28; 33; 0; 3
1964;02; 0; 17; 180; 207; 6; 2; 0; 0; 0; 3; 0; 3; 170; 85; 192; 0; 39; 390; 478; 77; 33; 31; 0; 0; 1; 0; 0; 0; 0; 9999; 9999
1964;03; 10; 0; 0; 0; 0; 0; 26; 230; 11; 0; 2; 0; 0; 0; 70; 33; 120; 10; 0; 0; 0; 0; 0; 0; 0; 0; 0; 28; 90; 80; 70
1964;04; 69; 130; 16; 12; 0; 0; 0; 0; 0; 0; 0; 0; 0; 0; 0; 0; 0; 42; 190; 40; 4; 2; 6; 0; 31; 4; 0; 64; 62; 0; 9999
1964;05; 440; 0; 62; 0; 4; 83; 0; 4; 0; 0; 0; 3; 0; 105; 17; 6; 0; 0; 0; 0; 3; 0; 21; 4; 0; 3; 0; 0; 15; 100; 10
1964;06; 0; 0; 0; 0; 0; 0; 0; 4; 0; 0; 12; 42; 185; 0; 89; 22; 0; 0; 0; 0; 0; 0; 0; 0; 14; 57; 6; 45; 13; 71; 9999
1964;07; 0; 35; 0; 77; 18; 78; 0; 4; 0; 71; 2; 0; 0; 2; 0; 0; 134; 5; 0; 4; 0; 0; 0; 0; 150; 0; 0; 37; 0; 0; 0
1964;08; 0; 0; 2; 75; 36; 0; 0; 0; 3; 2; 0; 30; 1; 0; 0; 0; 0; 0; 0; 94; 47; 10; 107; 4; 0; 0; 1; 2; 0; 24; 40
1964;09; 0; 7; 3; 2; 0; 0; 0; 0; 0; 5; 4; 120; 5; 2; 0; 0; 0; 4; 3; 0; 0; 0; 6; 94; 0; 163; 0; 105; 0; 0; 9999
1964;10; 321; 60; 7; 40; 35; 45; 45; 60; 70; 42; 35; 60; 24; 6; 0; 1; 0; 2; 2; 14; 0; 0; 0; 8; 4; 4; 240; 0; 0; 14; 18
1964;11; 0; 120; 69; 0; 70; 0; 109; 0; 0; 3; 28; 6; 0; 0; 0; 0; 0; 107; 3; 0; 3; 160; 0; 2; 230; 0; 0; 0; 0; 0; 9999
1964;12; 75; 190; 28; 363; 25; 0; 0; 0; 0; 23; 53; 46; 0; 165; 30; 0; 166; 39; 0; 12; 0; 0; 21; 100; 100; 0; 138; 0; 34; 0; 0
1965;01; 0; 0; 0; 0; 0; 0; 0; 0; 406; 0; 0; 0; 0; 0; 74; 140; 0; 10; 113; 24; 0; 0; 0; 0; 0; 0; 133; 87; 187; 410; 26
1965;02; 20; 130; 0; 75; 179; 175; 0; 303; 0; 0; 0; 0; 56; 40; 97; 12; 0; 20; 0; 0; 0; 180; 49; 447; 243; 12; 83; 28; 9999; 9999; 9999
1965;03; 8; 0; 121; 0; 10; 15; 0; 4; 0; 807; 43; 0; 0; 0; 0; 0; 68; 160; 560; 218; 83; 10; 107; 3; 0; 173; 0; 0; 0; 0; 0
1965;04; 0; 209; 0; 0; 0; 0; 0; 0; 0; 110; 0; 0; 24; 297; 0; 30; 0; 0; 0; 0; 420; 0; 0; 60; 0; 0; 0; 0; 0; 0; 9999
1965;05; 0; 0; 0; 0; 0; 0; 0; 0; 0; 38; 66; 68; 429; 77; 20; 8; 69; 94; 19; 0; 10; 2; 0; 3; 0; 0; 0; 0; 0; 0; 0
1965;06; 0; 0; 0; 0; 0; 0; 0; 0; 0; 0; 6; 0; 21; 0; 18; 0; 0; 6; 0; 0; 0; 0; 14; 107; 0; 0; 0; 7; 0; 0; 9999
1965;07; 0; 0; 0; 0; 174; 254; 124; 8; 2; 130; 43; 8; 0; 0; 320; 15; 0; 6; 0; 0; 0; 1; 0; 0; 0; 0; 0; 0; 0; 0; 0
1965;08; 0; 62; 0; 0; 51; 0; 0; 0; 0; 0; 0; 0; 0; 0; 0; 0; 0; 0; 0; 0; 9; 0; 0; 0; 0; 0; 0; 0; 6; 0; 14
1965;09; 6; 0; 0; 0; 0; 0; 48; 0; 0; 0; 0; 0; 0; 0; 6; 33; 0; 0; 0; 0; 0; 0; 0; 10; 0; 0; 371; 84; 0; 0; 9999
1965;10; 0; 981; 28; 0; 0; 0; 0; 0; 0; 18; 20; 34; 0; 0; 81; 0; 0; 19; 0; 4; 15; 7; 0; 0; 0; 124; 0; 0; 0; 0; 358
1965;11; 215; 0; 0; 0; 0; 0; 0; 0; 0; 0; 0; 0; 0; 0; 0; 0; 509; 0; 0; 0; 0; 0; 0; 0; 0; 0; 0; 0; 0; 0; 9999
1965;12; 0; 0; 0; 404; 109; 0; 0; 105; 0; 504; 106; 0; 0; 305; 0; 0; 0; 183; 107; 0; 0; 108; 0; 501; 0; 0; 0; 0; 109; 115; 92
1966;01; 26; 110; 18; 0; 0; 32; 0; 6; 79; 184; 352; 105; 206; 204; 407; 69; 0; 109; 282; 0; 0; 0; 55; 230; 136; 0; 4; 192; 15; 89; 112
1966;02; 0; 0; 0; 0; 0; 0; 0; 0; 0; 38; 1; 0; 70; 32; 0; 0; 3; 187; 164; 54; 11; 563; 2; 159; 75; 45; 4; 1; 9999; 9999; 9999
1966;03; 56; 0; 224; 0; 0; 1691; 363; 414; 78; 2; 0; 0; 0; 0; 2; 0; 0; 0; 0; 0; 281; 50; 0; 583; 92; 0; 6; 0; 0; 0; 0
1966;04; 0; 256; 421; 0; 0; 0; 0; 14; 0; 0; 23; 0; 0; 0; 2; 0; 0; 0; 6; 0; 662; 0; 0; 0; 0; 0; 0; 0; 0; 0; 9999
1966;05; 0; 0; 0; 0; 0; 0; 108; 0; 0; 0; 0; 0; 0; 0; 0; 0; 0; 0; 114; 0; 0; 0; 0; 0; 0; 0; 0; 0; 412; 106; 0
1966;06; 0; 0; 0; 0; 0; 0; 8; 0; 0; 0; 0; 0; 0; 0; 0; 0; 0; 0; 14; 0; 0; 0; 0; 0; 0; 0; 0; 0; 12; 6; 9999
1966;07; 79; 9; 12; 5; 0; 0; 0; 2; 1; 1; 0; 2; 0; 0; 0; 0; 0; 3; 3; 133; 2; 2; 0; 0; 20; 0; 0; 0; 0; 5; 0
1966;08; 0; 1; 0; 0; 0; 9; 12; 12; 0; 2; 2; 0; 0; 0; 0; 0; 0; 0; 2; 9; 8; 3; 159; 248; 8; 0; 0; 0; 7; 0; 78
1966;09; 81; 30; 364; 80; 57; 5; 0; 0; 0; 9; 0; 0; 0; 3; 2; 4; 110; 90; 1; 49; 20; 2; 12; 2; 0; 0; 5; 42; 390; 76; 9999
1966;10; 9; 0; 0; 4; 35; 26; 233; 107; 26; 21; 2; 0; 56; 9; 4; 0; 54; 223; 50; 5; 0; 2; 225; 0; 0; 0; 0; 343; 96; 132; 31
1966;11; 214; 120; 20; 2; 8; 45; 0; 0; 4; 1; 14; 0; 0; 0; 0; 0; 0; 0; 0; 0; 0; 32; 14; 0; 0; 0; 0; 0; 0; 0; 9999
1966;12; 35; 60; 208; 135; 130; 35; 80; 35; 60; 84; 295; 40; 43; 30; 0; 23; 56; 40; 100; 58; 180; 456; 80; 400; 75; 48; 20; 0; 0; 5; 0
1967;01; 0; 0; 0; 0; 0; 0; 0; 0; 0; 473; 510; 15; 14; 5; 130; 13; 13; 0; 0; 244; 52; 344; 55; 15; 30; 0; 0; 43; 0; 0; 0
1967;02; 160; 120; 5; 20; 18; 20; 0; 0; 0; 6; 38; 1; 45; 0; 5; 0; 4; 140; 94; 48; 0; 0; 0; 0; 0; 0; 0; 0; 9999; 9999; 9999
1967;03; 0; 0; 0; 49; 9; 276; 105; 0; 0; 34; 0; 0; 25; 28; 59; 7; 27; 50; 380; 160; 0; 1; 0; 0; 0; 0; 0; 60; 81; 3; 0
1967;04; 0; 0; 0; 2; 0; 21; 0; 0; 3; 0; 2; 0; 342; 0; 4; 730; 12; 0; 0; 2; 0; 36; 0; 0; 6; 102; 20; 25; 2; 3; 9999
1967;05; 2; 2; 0; 68; 2; 0; 2; 0; 18; 0; 0; 0; 16; 0; 0; 2; 2; 2; 0; 0; 0; 0; 50; 0; 1; 0; 0; 0; 0; 0; 5
1967;06; 2; 0; 0; 50; 45; 84; 15; 0; 1; 0; 0; 7; 73; 4; 0; 0; 0; 0; 0; 0; 0; 0; 0; 0; 0; 50; 0; 0; 0; 0; 9999
1967;07; 0; 30; 0; 0; 0; 0; 0; 0; 0; 0; 4; 270; 130; 30; 10; 7; 0; 0; 0; 0; 0; 0; 0; 0; 0; 0; 0; 0; 0; 0; 0
1967;08; 0; 0; 0; 10; 50; 0; 0; 0; 0; 0; 0; 0; 0; 0; 23; 0; 0; 0; 0; 0; 0; 0; 0; 2; 30; 50; 0; 0; 0; 0; 0
1967;09; 0; 0; 0; 0; 0; 0; 97; 0; 120; 0; 0; 0; 200; 130; 0; 0; 0; 0; 0; 83; 80; 0; 0; 0; 50; 10; 0; 0; 0; 0; 9999
1967;10; 10; 0; 0; 0; 0; 0; 0; 0; 0; 0; 80; 0; 18; 0; 0; 50; 60; 0; 40; 130; 260; 20; 89; 30; 105; 83; 30; 0; 80; 120; 0
1967;11; 0; 0; 80; 100; 0; 0; 0; 0; 0; 10; 0; 10; 200; 4; 160; 240; 30; 200; 16; 16; 34; 0; 172; 5; 19; 5; 16; 39; 54; 12; 9999
1967;12; 0; 0; 90; 95; 10; 0; 0; 12; 340; 14; 41; 0; 0; 0; 0; 0; 20; 38; 17; 185; 15; 0; 0; 0; 0; 0; 0; 45; 260; 5; 15
1968;01; 10; 10; 70; 0; 0; 0; 0; 0; 71; 80; 60; 120; 103; 18; 20; 35; 355; 90; 25; 560; 35; 145; 10; 305; 0; 0; 0; 0; 0; 2; 345
1968;02; 180; 0; 0; 0; 0; 0; 0; 10; 0; 0; 0; 0; 0; 10; 60; 0; 0; 0; 0; 0; 0; 52; 60; 102; 103; 0; 0; 0; 0; 9999; 9999
1968;03; 0; 0; 10; 0; 0; 0; 62; 107; 0; 90; 58; 23; 23; 10; 0; 88; 98; 3; 0; 1; 0; 27; 66; 3; 16; 0; 59; 98; 0; 5; 50
1968;04; 30; 21; 15; 6; 113; 20; 0; 2; 0; 0; 0; 2; 2; 0; 0; 2; 5; 5; 4; 21; 0; 0; 0; 102; 103; 0; 0; 0; 0; 0; 9999
1968;05; 0; 0; 0; 0; 0; 0; 0; 0; 0; 37; 0; 0; 0; 0; 255; 0; 0; 0; 0; 0; 0; 0; 1; 0; 0; 0; 0; 0; 0; 0; 0
1968;06; 0; 0; 0; 0; 0; 0; 0; 0; 3; 0; 0; 0; 0; 0; 0; 0; 0; 0; 39; 0; 0; 0; 0; 0; 0; 0; 0; 0; 0; 0; 9999
1968;07; 0; 0; 0; 0; 2; 0; 0; 0; 0; 0; 0; 0; 0; 0; 0; 0; 0; 0; 0; 0; 0; 0; 0; 0; 0; 0; 0; 0; 0; 0; 0
1968;08; 0; 0; 3; 2; 30; 0; 18; 150; 4; 0; 0; 0; 0; 0; 0; 0; 0; 0; 2; 0; 0; 203; 0; 0; 0; 0; 3; 0; 0; 0; 34
1968;09; 0; 23; 18; 56; 0; 0; 0; 0; 0; 0; 0; 2; 61; 47; 0; 0; 0; 5; 25; 0; 94; 40; 0; 0; 0; 0; 0; 0; 0; 25; 9999
1968;10; 2; 0; 1; 0; 0; 0; 0; 3; 100; 40; 110; 22; 0; 0; 3; 190; 21; 215; 0; 0; 12; 30; 10; 170; 0; 0; 8; 24; 0; 8; 0
1968;11; 30; 30; 0; 0; 30; 0; 10; 6; 27; 0; 5; 0; 0; 0; 0; 0; 4; 10; 6; 20; 0; 2; 0; 0; 0; 0; 240; 106; 40; 87; 9999
1968;12; 185; 92; 3; 2; 0; 220; 0; 3; 0; 0; 0; 0; 0; 0; 0; 0; 200; 3; 0; 0; 20; 0; 0; 0; 74; 70; 125; 0; 0; 134; 0
1969;01; 0; 0; 40; 0; 0; 30; 172; 57; 3; 58; 22; 8; 0; 0; 0; 137; 0; 10; 0; 12; 32; 13; 154; 300; 130; 13; 17; 184; 0; 0; 0
1969;02; 0; 132; 18; 0; 0; 0; 0; 0; 0; 0; 0; 0; 0; 40; 0; 0; 0; 10; 86; 100; 46; 32; 36; 0; 0; 0; 0; 254; 9999; 9999; 9999
1969;03; 254; 45; 0; 33; 17; 0; 67; 0; 0; 30; 20; 122; 10; 0; 0; 0; 0; 0; 0; 0; 0; 185; 0; 0; 0; 60; 10; 27; 5; 20; 0
1969;04; 250; 10; 40; 43; 63; 102; 0; 3; 0; 0; 0; 0; 0; 0; 5; 0; 0; 0; 0; 0; 0; 7; 98; 32; 40; 3; 0; 74; 62; 0; 9999
1969;05; 0; 0; 3; 6; 0; 4; 0; 0; 0; 0; 0; 0; 20; 36; 0; 0; 0; 0; 0; 0; 0; 20; 0; 126; 20; 0; 0; 5; 6; 2; 0
1969;06; 233; 108; 0; 0; 0; 0; 0; 0; 0; 0; 0; 0; 0; 0; 4; 4; 0; 90; 7; 0; 66; 0; 0; 0; 0; 1; 0; 0; 0; 0; 9999
1969;07; 4; 13; 0; 0; 0; 0; 10; 4; 0; 0; 0; 20; 40; 10; 13; 0; 3; 0; 0; 0; 0; 0; 0; 0; 0; 0; 0; 0; 0; 0; 0
1969;08; 0; 2; 170; 0; 0; 153; 3; 2; 0; 0; 0; 0; 0; 0; 10; 30; 0; 20; 0; 22; 42; 0; 0; 0; 2; 2; 0; 4; 6; 4; 0
1969;09; 0; 0; 0; 70; 70; 0; 0; 19; 0; 0; 7; 10; 20; 100; 180; 0; 0; 150; 20; 130; 0; 0; 0; 15; 0; 0; 25; 0; 53; 120; 9999
1969;10; 175; 35; 225; 120; 120; 250; 214; 0; 10; 0; 0; 80; 0; 0; 0; 50; 80; 14; 380; 156; 0; 110; 345; 58; 0; 0; 0; 0; 4; 46; 1
1969;11; 0; 1; 20; 6; 5; 8; 80; 4; 0; 6; 70; 20; 90; 0; 120; 71; 0; 166; 170; 167; 110; 80; 2; 0; 0; 0; 2; 0; 0; 0; 9999
1969;12; 0; 0; 0; 0; 0; 0; 42; 113; 0; 0; 0; 160; 450; 0; 0; 0; 0; 0; 0; 0; 0; 0; 0; 0; 0; 0; 0; 0; 0; 0; 0
1970;01; 203; 16; 25; 99; 0; 0; 0; 0; 7; 207; 17; 0; 0; 0; 715; 465; 144; 24; 272; 151; 0; 0; 0; 0; 3; 0; 23; 0; 16; 0; 50
1970;02; 0; 88; 212; 43; 26; 0; 0; 0; 0; 117; 130; 210; 27; 57; 42; 130; 296; 73; 92; 10; 234; 92; 524; 4; 0; 0; 0; 0; 9999; 9999; 9999
1970;03; 0; 0; 45; 0; 0; 0; 2; 0; 0; 69; 0; 0; 225; 578; 196; 0; 0; 55; 7; 21; 2; 0; 0; 580; 21; 2; 0; 0; 0; 0; 18
1970;04; 326; 0; 186; 133; 59; 9; 18; 123; 2; 0; 0; 0; 0; 0; 0; 32; 0; 0; 0; 3; 6; 4; 0; 0; 0; 0; 0; 10; 236; 14; 9999
1970;05; 0; 0; 5; 0; 0; 0; 86; 433; 1; 0; 1; 0; 0; 0; 0; 0; 0; 0; 0; 0; 67; 78; 3; 0; 1; 0; 0; 0; 0; 0; 0
1970;06; 0; 0; 0; 0; 0; 0; 0; 0; 1; 1; 0; 0; 0; 32; 0; 187; 18; 0; 0; 0; 0; 0; 59; 465; 19; 1; 1; 0; 0; 8; 9999
1970;07; 0; 64; 21; 0; 0; 0; 0; 3; 51; 8; 45; 8; 19; 8; 36; 12; 0; 0; 0; 0; 0; 4; 23; 0; 0; 0; 0; 0; 5; 0; 0
1970;08; 0; 0; 0; 0; 0; 0; 4; 1; 0; 12; 4; 0; 0; 0; 0; 39; 140; 0; 0; 0; 0; 0; 0; 4; 25; 285; 218; 67; 2; 8; 215
1970;09; 2; 0; 0; 0; 2; 0; 148; 0; 3; 6; 38; 0; 89; 2; 34; 463; 27; 6; 1; 0; 6; 8; 8; 0; 13; 11; 3; 3; 122; 1; 9999
1970;10; 1; 0; 0; 200; 23; 0; 0; 0; 248; 0; 0; 0; 31; 1; 0; 0; 0; 0; 17; 105; 16; 51; 22; 8; 12; 4; 12; 73; 7; 2; 0
1970;11; 0; 0; 40; 8; 15; 14; 78; 101; 3; 16; 4; 7; 3; 121; 0; 0; 0; 0; 27; 3; 0; 160; 2; 0; 0; 0; 0; 7; 175; 193; 9999
1970;12; 4; 110; 50; 0; 0; 0; 12; 0; 0; 295; 0; 3; 427; 0; 0; 2; 129; 0; 34; 189; 264; 0; 0; 0; 0; 0; 0; 49; 0; 12; 41
1971;01; 68; 331; 232; 63; 0; 108; 221; 0; 0; 0; 47; 5; 4; 211; 91; 1; 0; 0; 0; 0; 0; 8; 0; 0; 0; 0; 0; 0; 78; 0; 20
1971;02; 65; 120; 1; 0; 0; 0; 0; 117; 563; 416; 0; 0; 0; 97; 0; 0; 0; 0; 0; 0; 85; 0; 379; 0; 108; 1252; 43; 4; 9999; 9999; 9999
1971;03; 0; 79; 34; 0; 4; 164; 24; 0; 8; 3; 36; 61; 62; 0; 0; 0; 0; 0; 0; 0; 30; 22; 120; 125; 266; 58; 176; 158; 113; 0; 0
1971;04; 25; 1; 1; 1; 260; 1; 0; 0; 9; 47; 9; 2; 7; 1; 3; 42; 178; 5; 0; 16; 0; 144; 24; 437; 0; 0; 1; 0; 0; 0; 9999
1971;05; 0; 0; 67; 11; 190; 13; 8; 0; 101; 9; 5; 0; 0; 1; 0; 0; 0; 2; 0; 1; 0; 0; 0; 0; 3; 85; 20; 46; 37; 0; 2
1971;06; 0; 0; 0; 8; 0; 0; 2; 0; 208; 0; 1; 25; 20; 32; 0; 14; 48; 405; 158; 39; 29; 1; 19; 3; 2; 0; 3; 0; 0; 0; 9999
1971;07; 0; 100; 79; 26; 101; 0; 3; 2; 0; 0; 1; 0; 0; 0; 4; 2; 0; 0; 0; 0; 0; 0; 0; 5; 0; 0; 2; 2; 4; 85; 8
1971;08; 2; 1; 2; 0; 0; 5; 0; 91; 3; 4; 31; 2; 0; 0; 14; 13; 2; 0; 0; 0; 2; 0; 0; 0; 23; 193; 53; 2; 8; 0; 0
1971;09; 3; 0; 0; 3; 0; 0; 134; 16; 60; 2; 13; 106; 3; 0; 0; 0; 0; 0; 0; 0; 0; 0; 0; 202; 58; 22; 0; 2; 283; 83; 9999
1971;10; 206; 10; 35; 0; 34; 45; 9; 199; 0; 0; 147; 330; 29; 0; 11; 0; 0; 2; 7; 0; 0; 0; 0; 0; 43; 21; 1; 1; 6; 9; 0
1971;11; 0; 262; 5; 99; 0; 0; 0; 4; 0; 13; 31; 0; 131; 20; 1; 1; 0; 0; 20; 70; 88; 2; 31; 34; 134; 8; 50; 9; 5; 0; 9999
1971;12; 78; 172; 22; 113; 1; 50; 0; 0; 6; 3; 6; 1; 2; 246; 90; 15; 0; 0; 0; 134; 138; 128; 13; 3; 65; 0; 0; 117; 119; 0; 255
1972;01; 0; 73; 0; 0; 17; 4; 164; 45; 16; 231; 49; 78; 47; 0; 0; 0; 0; 0; 0; 0; 0; 476; 872; 31; 0; 0; 35; 0; 43; 200; 64
1972;02; 0; 0; 270; 10; 0; 0; 48; 0; 290; 0; 10; 2; 110; 3; 30; 18; 4; 0; 38; 390; 63; 3; 53; 1; 4; 0; 131; 24; 1; 9999; 9999
1972;03; 0; 0; 218; 0; 0; 1; 3; 5; 71; 41; 208; 81; 54; 1; 0; 0; 0; 56; 25; 1; 0; 1; 3; 0; 0; 9; 45; 0; 0; 83; 127
1972;04; 147; 91; 2; 98; 127; 135; 0; 7; 11; 15; 2; 0; 2; 0; 0; 200; 104; 13; 20; 1; 0; 0; 3; 0; 0; 0; 0; 0; 0; 0; 9999
1972;05; 0; 0; 1; 1; 0; 0; 0; 2; 103; 0; 1; 2; 0; 2; 0; 3; 0; 0; 0; 248; 9; 1; 31; 5; 45; 31; 0; 2; 3; 0; 0
1972;06; 0; 0; 1; 0; 0; 0; 0; 0; 0; 1; 0; 0; 1; 4; 0; 0; 0; 0; 63; 0; 0; 0; 0; 0; 0; 0; 0; 0; 0; 0; 9999
1972;07; 0; 0; 0; 0; 0; 20; 0; 56; 0; 25; 2; 0; 317; 4; 6; 3; 11; 3; 0; 0; 0; 0; 2; 0; 0; 0; 78; 2; 3; 0; 0
1972;08; 0; 0; 0; 174; 130; 236; 4; 1; 9; 4; 4; 0; 10; 2; 32; 0; 2; 0; 1; 0; 0; 0; 206; 76; 0; 0; 24; 0; 0; 62; 0
1972;09; 0; 2; 0; 0; 15; 54; 0; 0; 0; 0; 32; 56; 10; 22; 74; 0; 0; 0; 1; 0; 0; 162; 106; 18; 185; 5; 0; 139; 232; 125; 9999
1972;10; 4; 0; 6; 726; 147; 24; 71; 85; 27; 188; 194; 14; 1; 0; 268; 44; 44; 0; 0; 1; 0; 0; 0; 8; 7; 0; 0; 3; 93; 5; 0
1972;11; 0; 130; 90; 8; 33; 1; 8; 0; 5; 21; 32; 79; 2; 8; 236; 4; 4; 81; 282; 17; 41; 33; 0; 1; 0; 31; 39; 0; 0; 0; 9999
1972;12; 19; 68; 100; 319; 42; 3; 28; 2; 0; 0; 0; 37; 9; 50; 0; 0; 0; 0; 2; 50; 0; 0; 346; 166; 260; 0; 0; 0; 0; 0; 55
1973;01; 0; 0; 0; 0; 19; 0; 68; 3; 196; 110; 2; 33; 0; 0; 762; 691; 363; 47; 1; 0; 407; 20; 57; 13; 0; 426; 104; 0; 0; 0; 0
1973;02; 16; 5; 0; 0; 0; 2; 114; 4; 0; 0; 0; 0; 181; 580; 307; 430; 479; 40; 7; 243; 132; 0; 1; 0; 0; 0; 3; 32; 9999; 9999; 9999
1973;03; 1; 0; 71; 107; 214; 63; 0; 0; 123; 43; 13; 2; 25; 41; 1; 0; 2; 4; 1; 1; 51; 300; 131; 300; 4; 4; 1; 2; 0; 4; 79
1973;04; 119; 6; 8; 0; 0; 0; 1; 7; 345; 45; 78; 36; 115; 80; 0; 3; 0; 0; 78; 21; 12; 13; 13; 1; 2; 1; 16; 0; 0; 0; 9999
1973;05; 0; 0; 0; 96; 71; 1; 2; 92; 12; 104; 2; 45; 1; 1; 13; 6; 2; 1; 0; 0; 0; 301; 63; 1; 1; 65; 0; 0; 0; 3; 1
1973;06; 0; 0; 0; 0; 0; 0; 0; 0; 0; 0; 0; 0; 3; 0; 41; 0; 0; 60; 1; 0; 0; 0; 0; 0; 106; 23; 127; 0; 7; 0; 9999
1973;07; 0; 114; 160; 1; 0; 1; 2; 0; 0; 0; 0; 0; 0; 0; 0; 0; 0; 39; 31; 26; 59; 54; 12; 74; 23; 1; 0; 229; 21; 0; 0
1973;08; 0; 1; 0; 5; 59; 52; 0; 0; 0; 0; 0; 3; 0; 0; 21; 6; 0; 0; 0; 6; 11; 11; 11; 3; 0; 0; 36; 6; 7; 7; 43
1973;09; 36; 147; 13; 1; 0; 0; 44; 49; 1; 19; 0; 0; 4; 0; 72; 4; 5; 7; 1; 39; 140; 242; 68; 0; 5; 10; 6; 6; 56; 12; 9999
1973;10; 12; 72; 0; 1; 0; 0; 33; 67; 62; 5; 157; 36; 7; 58; 0; 0; 0; 0; 194; 5; 0; 0; 0; 39; 22; 30; 437; 30; 18; 1; 145
1973;11; 119; 42; 48; 8; 4; 5; 2; 1; 0; 0; 7; 0; 35; 135; 42; 0; 0; 735; 467; 15; 0; 0; 0; 0; 351; 25; 0; 17; 8; 0; 9999
1973;12; 0; 0; 0; 213; 6; 160; 96; 106; 14; 0; 0; 0; 3; 0; 0; 37; 250; 14; 10; 387; 223; 59; 60; 59; 60; 60; 22; 0; 0; 158; 122
1974;01; 236; 87; 2; 0; 0; 0; 53; 27; 6; 7; 7; 204; 53; 81; 111; 316; 17; 257; 79; 7; 35; 0; 1; 2; 0; 156; 225; 67; 104; 2; 107
1974;02; 4; 107; 61; 0; 0; 4; 0; 1; 0; 0; 0; 0; 0; 1; 0; 178; 0; 136; 6; 0; 0; 41; 11; 15; 359; 4; 1; 0; 9999; 9999; 9999
1974;03; 0; 1; 0; 0; 0; 0; 0; 8; 0; 0; 251; 234; 112; 404; 0; 0; 0; 202; 157; 134; 276; 72; 0; 0; 33; 15; 7; 1; 0; 1; 0
1974;04; 0; 68; 7; 0; 236; 113; 9; 9; 0; 0; 0; 1; 0; 0; 0; 0; 0; 0; 0; 9; 7; 215; 0; 0; 13; 131; 22; 34; 33; 2; 9999
1974;05; 5; 0; 0; 0; 0; 11; 0; 0; 61; 0; 0; 0; 8; 0; 0; 1; 0; 0; 0; 0; 0; 3; 0; 0; 0; 0; 0; 0; 0; 1; 10
1974;06; 0; 0; 8; 0; 0; 0; 25; 100; 0; 35; 69; 161; 31; 0; 0; 0; 0; 5; 10; 0; 0; 261; 41; 0; 253; 55; 62; 31; 0; 0; 9999
1974;07; 0; 1; 1; 2; 0; 0; 0; 2; 1; 2; 1; 0; 0; 1; 0; 0; 0; 0; 0; 2; 0; 10; 8; 35; 6; 7; 3; 0; 0; 0; 0
1974;08; 0; 0; 0; 0; 0; 0; 0; 3; 39; 3; 0; 0; 0; 2; 2; 5; 0; 4; 0; 0; 0; 4; 0; 0; 0; 0; 0; 0; 0; 0; 0
1974;09; 0; 33; 34; 47; 4; 20; 42; 41; 0; 5; 0; 0; 0; 0; 0; 0; 2; 1; 2; 14; 4; 5; 2; 7; 2; 0; 0; 6; 314; 9; 9999
1974;10; 52; 279; 2; 72; 106; 2; 5; 2; 0; 1; 1; 2; 3; 2; 0; 2; 1; 0; 63; 1; 3; 1; 37; 5; 227; 35; 21; 22; 110; 115; 1
1974;11; 2; 0; 0; 0; 0; 0; 206; 1; 16; 2; 0; 0; 105; 18; 2; 1; 0; 0; 0; 0; 561; 60; 44; 0; 0; 0; 78; 60; 2; 0; 9999
1974;12; 86; 3; 234; 227; 66; 10; 15; 0; 0; 0; 29; 0; 5; 269; 142; 5; 207; 45; 309; 9; 2; 137; 2; 11; 3; 0; 0; 0; 97; 98; 0
1975;01; 77; 78; 55; 0; 2; 3; 9; 7; 83; 74; 0; 394; 395; 27; 144; 1; 0; 0; 383; 631; 161; 6; 2; 1; 24; 0; 0; 0; 162; 124; 128
1975;02; 0; 125; 35; 357; 359; 82; 8; 94; 57; 53; 3; 0; 0; 0; 0; 0; 2; 70; 1; 1; 0; 361; 91; 35; 0; 181; 26; 591; 9999; 9999; 9999
1975;03; 47; 35; 154; 0; 2; 0; 0; 197; 16; 2; 1; 1; 10; 0; 0; 215; 0; 0; 0; 0; 74; 21; 34; 3; 416; 72; 0; 0; 0; 0; 63
1975;04; 12; 0; 0; 148; 71; 6; 1; 2; 0; 15; 19; 2; 1; 2; 0; 24; 0; 0; 0; 1; 2; 1; 1; 0; 2; 2; 1; 1; 0; 0; 9999
1975;05; 24; 3; 3; 74; 21; 14; 25; 1; 2; 0; 0; 0; 0; 0; 0; 9; 4; 403; 91; 10; 2; 62; 2; 1; 1; 1; 1; 2; 2; 2; 0
1975;06; 0; 0; 3; 45; 88; 9; 0; 0; 2; 2; 0; 0; 2; 3; 112; 25; 2; 0; 0; 0; 0; 0; 0; 4; 63; 0; 1; 1; 3; 2; 9999
1975;07; 0; 199; 0; 39; 0; 97; 0; 0; 0; 0; 0; 0; 0; 2; 0; 0; 319; 241; 2; 1; 0; 1; 0; 0; 0; 6; 7; 6; 2; 0; 0
1975;08; 0; 0; 0; 0; 5; 11; 28; 3; 2; 5; 0; 0; 0; 13; 46; 0; 0; 18; 4; 1; 0; 0; 0; 0; 2; 0; 25; 4; 0; 5; 2
1975;09; 1; 6; 46; 0; 0; 0; 0; 31; 1; 0; 2; 4; 3; 1; 1; 17; 3; 5; 8; 0; 0; 36; 0; 114; 5; 28; 85; 155; 0; 121; 9999
1975;10; 6; 2; 297; 39; 54; 116; 3; 30; 0; 75; 81; 86; 42; 1; 2; 0; 1; 60; 300; 65; 9; 0; 0; 0; 0; 0; 0; 5; 0; 5; 20
1975;11; 109; 99; 13; 21; 19; 0; 43; 0; 0; 88; 2; 5; 2; 0; 0; 0; 82; 2; 166; 20; 196; 59; 3; 200; 476; 362; 77; 12; 56; 443; 9999
1975;12; 259; 2; 0; 0; 0; 0; 0; 15; 0; 160; 6; 0; 5; 771; 167; 3; 0; 0; 29; 69; 0; 0; 154; 16; 358; 91; 33; 36; 193; 126; 22
1976;01; 22; 8; 100; 132; 100; 0; 0; 10; 5; 39; 0; 2; 112; 0; 100; 5; 5; 0; 0; 3; 106; 372; 145; 0; 0; 0; 122; 177; 2255; 157; 28
1976;02; 4; 42; 27; 3; 0; 404; 765; 400; 7; 5; 4; 0; 0; 0; 0; 0; 12; 20; 19; 12; 91; 0; 124; 260; 62; 340; 370; 242; 4; 9999; 9999
1976;03; 20; 54; 32; 276; 0; 0; 0; 0; 0; 0; 14; 0; 0; 91; 140; 20; 0; 288; 4; 348; 0; 140; 0; 32; 40; 28; 46; 15; 0; 0; 0
1976;04; 0; 0; 34; 106; 0; 0; 0; 0; 0; 196; 96; 400; 200; 299; 330; 18; 8; 0; 0; 10; 0; 1; 125; 63; 0; 4; 0; 6; 0; 2; 9999
1976;05; 31; 7; 4; 0; 0; 0; 0; 0; 0; 80; 5; 274; 2; 7; 7; 2; 3; 0; 34; 4; 147; 183; 10; 18; 12; 65; 0; 145; 594; 3; 0
1976;06; 0; 0; 0; 0; 0; 362; 5; 0; 0; 1; 6; 12; 40; 34; 2; 0; 1; 3; 0; 0; 0; 0; 0; 0; 0; 0; 0; 8; 14; 18; 9999
1976;07; 82; 161; 668; 8; 6; 0; 0; 26; 149; 282; 20; 10; 0; 0; 10; 0; 3; 4; 2; 0; 0; 1; 0; 0; 0; 0; 0; 0; 0; 0; 0
1976;08; 0; 0; 0; 5; 0; 123; 0; 0; 0; 42; 96; 150; 224; 319; 51; 1; 0; 0; 8; 131; 226; 0; 7; 2; 0; 0; 0; 0; 15; 20; 0
1976;09; 0; 0; 0; 0; 33; 68; 22; 131; 2; 2; 9; 19; 406; 142; 27; 149; 56; 0; 2; 2; 0; 3; 95; 15; 1; 0; 36; 478; 5; 58; 9999
1976;10; 1; 62; 15; 0; 1; 3; 1; 9; 3; 15; 12; 0; 0; 0; 0; 3; 8; 90; 16; 59; 54; 18; 0; 0; 65; 9999; 204; 17; 0; 0; 0
1976;11; 355; 416; 54; 1; 15; 105; 100; 0; 2; 0; 0; 0; 1; 28; 27; 25; 4; 6; 13; 165; 160; 9; 2; 0; 0; 5; 98; 2; 30; 0; 9999
1976;12; 0; 37; 77; 0; 55; 100; 0; 0; 465; 54; 0; 1; 2; 1; 0; 3; 0; 120; 0; 1; 105; 0; 3; 145; 399; 14; 6; 0; 61; 0; 0
1977;01; 373; 278; 0; 0; 100; 176; 769; 12; 0; 11; 100; 0; 0; 6; 2; 0; 332; 21; 690; 240; 13; 2; 0; 0; 0; 246; 172; 230; 4; 0; 0
1977;02; 292; 152; 0; 13; 131; 0; 121; 115; 274; 8; 1; 0; 0; 0; 0; 0; 0; 0; 0; 0; 0; 0; 0; 0; 0; 0; 0; 0; 9999; 9999; 9999
1977;03; 35; 7; 7; 110; 7; 0; 0; 0; 0; 0; 0; 0; 15; 0; 38; 8; 350; 3; 0; 0; 121; 13; 129; 0; 0; 2; 0; 0; 232; 150; 22
1977;04; 188; 239; 42; 6; 52; 0; 0; 0; 424; 129; 100; 0; 5; 0; 0; 0; 0; 0; 150; 150; 180; 5; 20; 2; 5; 3; 0; 0; 1; 1; 9999
1977;05; 1; 1; 1; 62; 0; 0; 0; 0; 0; 0; 2; 2; 33; 3; 0; 0; 156; 152; 95; 2; 4; 0; 0; 0; 0; 0; 0; 0; 0; 0; 2
1977;06; 41; 0; 1; 8; 44; 99; 2; 24; 0; 0; 0; 38; 0; 0; 1; 2; 12; 0; 0; 0; 0; 0; 128; 6; 66; 5; 7; 2; 1; 0; 9999
1977;07; 0; 0; 0; 0; 0; 0; 0; 0; 0; 0; 0; 0; 0; 0; 0; 0; 4; 3; 22; 2; 1; 0; 4; 0; 82; 2; 0; 0; 0; 0; 0
1977;08; 0; 0; 65; 6; 0; 0; 0; 0; 3; 92; 0; 0; 0; 84; 20; 5; 2; 2; 40; 43; 4; 2; 0; 0; 0; 1; 0; 2; 2; 46; 31
1977;09; 0; 260; 16; 6; 2; 0; 170; 191; 0; 0; 0; 0; 0; 0; 2; 0; 4; 3; 96; 7; 14; 5; 101; 69; 178; 42; 0; 2; 0; 62; 9999
1977;10; 2; 426; 15; 63; 66; 6; 4; 0; 0; 0; 0; 0; 59; 39; 0; 3; 53; 75; 7; 27; 7; 2; 2; 2; 0; 0; 53; 18; 246; 24; 2
1977;11; 0; 107; 0; 6; 16; 0; 11; 0; 0; 0; 0; 46; 357; 21; 288; 132; 2; 1; 0; 0; 0; 107; 12; 56; 18; 392; 92; 119; 45; 106; 9999
1977;12; 106; 135; 56; 132; 0; 121; 31; 173; 102; 82; 41; 34; 21; 0; 0; 2; 0; 0; 72; 402; 82; 201; 98; 61; 52; 29; 0; 0; 0; 0; 0
1978;01; 65; 201; 121; 2; 1; 0; 166; 21; 82; 145; 101; 98; 26; 0; 42; 122; 269; 9; 0; 0; 63; 0; 0; 149; 0; 0; 0; 0; 96; 0; 0
1978;02; 10; 0; 0; 121; 156; 202; 224; 0; 0; 4; 2; 4; 124; 186; 0; 126; 122; 86; 53; 4; 256; 242; 2; 3; 0; 0; 4; 0; 9999; 9999; 9999
1978;03; 0; 0; 1; 221; 226; 137; 180; 380; 720; 175; 9; 0; 0; 4; 0; 0; 1; 0; 0; 0; 2; 1; 2; 3; 2; 1; 2; 4; 3; 213; 52
1978;04; 0; 56; 3; 2; 0; 0; 0; 8; 0; 0; 56; 2; 51; 2; 0; 21; 2; 0; 0; 24; 37; 0; 156; 98; 41; 2; 4; 0; 0; 0; 9999
1978;05; 101; 43; 4; 0; 0; 2; 0; 4; 22; 0; 2; 4; 0; 0; 0; 42; 224; 405; 43; 106; 26; 22; 134; 64; 0; 0; 0; 0; 0; 0; 6
1978;06; 4; 3; 2; 4; 12; 0; 4; 52; 554; 124; 21; 42; 2; 0; 32; 2; 0; 0; 54; 0; 0; 56; 69; 0; 0; 0; 0; 0; 0; 0; 9999
1978;07; 0; 0; 0; 2; 3; 4; 0; 0; 0; 2; 0; 0; 48; 11; 6; 86; 6; 68; 3; 0; 64; 24; 100; 300; 6; 0; 0; 4; 0; 0; 0
1978;08; 1; 2; 1; 0; 0; 1; 1; 0; 0; 0; 0; 0; 0; 44; 19; 0; 0; 0; 0; 0; 1; 7; 4; 84; 65; 34; 0; 2; 0; 0; 22
1978;09; 23; 88; 79; 23; 179; 37; 0; 0; 0; 0; 0; 0; 0; 0; 0; 0; 0; 0; 0; 0; 0; 0; 0; 0; 0; 0; 0; 0; 0; 0; 9999
1978;10; 0; 0; 1; 0; 0; 0; 15; 0; 0; 0; 13; 2; 0; 25; 6; 3; 53; 27; 121; 116; 13; 0; 0; 0; 0; 0; 0; 28; 88; 48; 0
1978;11; 63; 61; 22; 267; 300; 512; 0; 5; 0; 18; 404; 390; 2; 21; 0; 0; 64; 0; 0; 12; 31; 0; 12; 164; 14; 0; 1; 448; 0; 0; 9999
1978;12; 0; 0; 0; 9; 11; 0; 88; 48; 67; 27; 25; 5; 0; 0; 148; 1; 84; 182; 99; 2; 1; 0; 0; 3; 0; 0; 672; 72; 20; 449; 0
1979;01; 0; 178; 19; 146; 31; 0; 0; 0; 16; 4; 0; 79; 5; 0; 0; 1; 14; 6; 2; 14; 56; 160; 6; 3; 1; 0; 0; 0; 172; 92; 0
1979;02; 4; 8; 20; 19; 30; 21; 2; 0; 0; 0; 61; 153; 61; 60; 25; 2; 0; 19; 67; 32; 0; 129; 239; 1; 0; 3; 234; 21; 9999; 9999; 9999
1979;03; 0; 249; 29; 0; 3; 1; 0; 0; 1; 0; 411; 2; 33; 237; 39; 8; 128; 11; 14; 23; 2; 1; 2; 103; 215; 59; 100; 2; 1; 2; 2
1979;04; 1; 1; 0; 4; 269; 0; 96; 29; 20; 0; 2; 3; 30; 0; 1; 0; 0; 0; 4; 5; 0; 2; 13; 340; 64; 2; 0; 0; 1; 34; 9999
1979;05; 0; 0; 0; 144; 62; 0; 42; 135; 20; 69; 30; 10; 60; 20; 65; 25; 0; 0; 0; 0; 0; 0; 0; 400; 8; 0; 2; 2; 0; 227; 11
1979;06; 0; 0; 0; 0; 0; 0; 2; 4; 18; 3; 0; 0; 0; 25; 38; 2; 3; 1; 0; 0; 0; 5; 0; 0; 2; 15; 8; 16; 0; 0; 9999
1979;07; 0; 0; 0; 3; 0; 6; 20; 0; 108; 158; 93; 19; 0; 0; 0; 0; 5; 0; 0; 82; 0; 0; 0; 0; 0; 127; 9; 0; 0; 1; 0
1979;08; 0; 0; 0; 0; 0; 0; 1; 0; 3; 2; 0; 0; 98; 9; 100; 11; 5; 11; 148; 75; 170; 19; 0; 0; 0; 0; 55; 1; 0; 1; 2
1979;09; 0; 75; 292; 151; 67; 30; 1; 3; 0; 0; 0; 326; 0; 122; 15; 26; 2; 129; 58; 6; 0; 0; 200; 0; 0; 0; 0; 0; 0; 0; 9999
1979;10; 10; 9; 41; 2; 1; 67; 63; 667; 105; 19; 4; 2; 0; 58; 56; 2; 0; 3; 3; 0; 0; 1; 0; 0; 0; 0; 104; 4; 12; 15; 269
1979;11; 4; 74; 12; 22; 6; 1; 0; 0; 87; 258; 551; 20; 0; 0; 103; 14; 0; 0; 104; 18; 3; 0; 60; 0; 71; 149; 61; 2; 0; 0; 9999
1979;12; 0; 67; 3; 232; 164; 3; 0; 0; 0; 0; 6; 261; 7; 0; 16; 156; 106; 5; 9; 2; 8; 3; 71; 79; 100; 72; 43; 3; 1; 0; 0
1980;01; 565; 6; 2; 25; 3; 0; 0; 39; 5; 253; 78; 73; 62; 511; 10; 9; 3; 18; 232; 0; 5; 183; 67; 6; 134; 393; 33; 8; 5; 1; 0
1980;02; 109; 180; 299; 219; 3; 2; 0; 3; 2; 0; 0; 2; 50; 233; 2; 35; 174; 198; 14; 1437; 14; 0; 32; 36; 168; 614; 21; 31; 37; 9999; 9999
1980;03; 0; 0; 0; 2; 1; 7; 3; 0; 0; 20; 8; 2; 0; 72; 44; 65; 62; 1; 1; 1; 3; 1; 0; 0; 0; 0; 0; 0; 4; 2; 1031
1980;04; 39; 3; 2; 70; 322; 40; 3; 10; 0; 198; 0; 0; 68; 15; 235; 43; 61; 2; 4; 2; 1; 4; 1; 5; 4; 3; 2; 3; 4; 0; 9999
1980;05; 0; 8; 30; 10; 0; 1; 0; 0; 0; 0; 0; 1; 0; 2; 2; 3; 0; 3; 2; 1; 0; 0; 49; 52; 5; 2; 2; 2; 0; 0; 0
1980;06; 0; 0; 3; 17; 0; 0; 2; 0; 0; 0; 0; 0; 0; 31; 0; 3; 4; 1; 0; 1; 66; 73; 47; 0; 20; 125; 176; 0; 0; 0; 9999
1980;07; 0; 7; 67; 61; 42; 5; 2; 4; 0; 1; 36; 8; 0; 0; 12; 22; 0; 1; 2; 2; 0; 11; 3; 0; 0; 0; 0; 27; 0; 0; 133
1980;08; 27; 0; 0; 1; 0; 0; 5; 0; 16; 4; 17; 8; 18; 4; 8; 48; 3; 82; 4; 3; 10; 0; 9; 68; 4; 37; 48; 48; 3; 3; 0
1980;09; 0; 0; 4; 5; 3; 0; 0; 1; 0; 16; 31; 13; 4; 21; 0; 133; 31; 107; 21; 8; 259; 128; 3; 0; 3; 20; 0; 8; 3; 2; 9999
1980;10; 2; 1; 0; 0; 1; 43; 10; 269; 68; 12; 0; 97; 202; 56; 9; 2; 0; 0; 0; 0; 0; 0; 38; 28; 18; 4; 2; 285; 0; 0; 68
1980;11; 44; 0; 0; 2; 0; 0; 0; 199; 192; 55; 435; 97; 23; 2; 1; 2; 2; 2; 9; 40; 1; 2; 31; 27; 83; 7; 0; 0; 8; 88; 9999
1980;12; 195; 24; 17; 23; 136; 267; 2; 35; 2; 3; 16; 99; 75; 108; 67; 0; 0; 0; 0; 0; 3; 153; 60; 99; 437; 9; 165; 164; 151; 87; 9
1981;01; 6; 0; 8; 0; 1; 64; 274; 7; 9; 4; 4; 63; 6; 71; 318; 156; 18; 42; 30; 11; 82; 255; 4; 0; 2; 6; 2; 1; 3; 0; 7
1981;02; 0; 120; 0; 6; 0; 39; 83; 3; 2; 2; 46; 118; 0; 0; 0; 3; 2; 2; 1; 1; 0; 0; 0; 0; 0; 0; 0; 0; 9999; 9999; 9999
1981;03; 0; 1; 0; 70; 35; 15; 0; 0; 67; 0; 2; 175; 2; 0; 0; 27; 357; 66; 58; 23; 0; 179; 2; 3; 0; 6; 0; 24; 115; 226; 0
1981;04; 16; 51; 2; 1; 1; 3; 11; 0; 2; 3; 3; 1; 1; 2; 2; 419; 486; 344; 36; 1; 0; 0; 0; 0; 15; 413; 0; 28; 0; 35; 9999
1981;05; 0; 3; 0; 183; 4; 5; 2; 2; 4; 0; 0; 0; 0; 0; 0; 0; 6; 98; 0; 3; 98; 1; 3; 4; 3; 0; 4; 20; 3; 2; 0
1981;06; 0; 0; 0; 19; 72; 28; 400; 0; 2; 4; 0; 0; 0; 2; 0; 17; 20; 0; 0; 0; 3; 3; 0; 0; 0; 0; 0; 0; 0; 0; 9999
1981;07; 0; 0; 229; 97; 6; 6; 4; 1; 3; 0; 0; 0; 0; 0; 0; 0; 0; 7; 116; 55; 3; 0; 2; 39; 169; 0; 0; 3; 5; 4; 0
1981;08; 0; 0; 0; 0; 0; 0; 0; 0; 13; 77; 51; 5; 52; 9; 6; 3; 0; 66; 7; 2; 20; 0; 0; 2; 0; 0; 0; 0; 0; 1; 91
1981;09; 39; 3; 5; 29; 0; 2; 3; 0; 0; 0; 0; 0; 0; 2; 0; 0; 0; 2; 0; 0; 0; 62; 24; 9; 20; 7; 11; 0; 3; 33; 9999
1981;10; 83; 6; 0; 2; 60; 3; 33; 175; 12; 22; 16; 8; 197; 21; 3; 274; 0; 12; 37; 392; 3; 0; 0; 0; 0; 0; 127; 83; 40; 193; 161
1981;11; 2; 1; 40; 68; 137; 1; 0; 10; 68; 555; 73; 30; 63; 6; 2; 9; 12; 4; 54; 81; 59; 3; 2; 1; 1; 60; 19; 2; 42; 20; 9999
1981;12; 16; 141; 102; 25; 1; 0; 19; 223; 472; 204; 4; 0; 16; 2; 233; 218; 39; 2; 0; 58; 0; 0; 0; 2; 18; 17; 0; 0; 22; 4; 0
1982;01; 0; 276; 64; 134; 19; 0; 3; 18; 50; 437; 51; 155; 24; 3; 0; 2; 2; 3; 0; 2; 3; 227; 1035; 107; 8; 0; 0; 0; 4; 19; 2
1982;02; 0; 0; 10; 0; 48; 388; 438; 2; 2; 1; 0; 0; 0; 0; 0; 5; 0; 2; 0; 12; 6; 0; 0; 261; 687; 5; 116; 277; 9999; 9999; 9999
1982;03; 9; 2; 197; 40; 3; 0; 2; 27; 3; 37; 49; 44; 16; 2; 6; 194; 14; 135; 28; 3; 2; 87; 50; 50; 31; 42; 97; 4; 3; 3; 45
1982;04; 3; 61; 0; 3; 52; 48; 135; 4; 14; 4; 2; 0; 18; 3; 222; 11; 66; 0; 11; 3; 2; 0; 47; 2; 4; 1; 33; 7; 23; 2; 9999
1982;05; 2; 3; 4; 129; 12; 2; 2; 0; 0; 0; 0; 0; 0; 0; 0; 0; 2; 0; 28; 165; 3; 0; 0; 5; 90; 129; 37; 37; 2; 0; 3
1982;06; 2; 2; 0; 0; 38; 172; 0; 0; 0; 0; 0; 135; 195; 241; 0; 92; 21; 3; 0; 0; 15; 62; 129; 18; 307; 331; 12; 0; 197; 0; 9999
1982;07; 55; 13; 3; 0; 0; 0; 0; 0; 16; 2; 1; 29; 6; 3; 0; 2; 0; 0; 39; 35; 3; 0; 0; 0; 0; 0; 0; 0; 0; 321; 12
1982;08; 3; 2; 88; 5; 6; 2; 0; 0; 0; 0; 230; 70; 2; 1; 0; 0; 3; 4; 45; 4; 0; 0; 2; 131; 0; 0; 0; 35; 0; 0; 3
1982;09; 18; 9; 4; 0; 0; 45; 89; 3; 0; 2; 0; 0; 0; 22; 2; 1; 1; 0; 40; 20; 6; 5; 2; 0; 0; 2; 0; 55; 95; 14; 9999
1982;10; 1; 90; 56; 4; 0; 17; 30; 362; 223; 38; 86; 0; 97; 30; 0; 2; 0; 74; 21; 1; 0; 4; 1; 0; 0; 117; 10; 2; 126; 74; 3
1982;11; 0; 27; 248; 0; 22; 7; 2; 2; 35; 10; 7; 33; 16; 436; 371; 30; 49; 12; 0; 46; 236; 19; 27; 13; 5; 0; 47; 33; 171; 0; 9999
1982;12; 0; 44; 286; 227; 1; 0; 139; 112; 0; 2; 22; 145; 89; 60; 37; 58; 122; 84; 4; 274; 52; 5; 0; 25; 1; 0; 0; 11; 0; 297; 3
1983;01; 0; 0; 8; 93; 2; 167; 21; 0; 38; 10; 0; 0; 17; 107; 36; 34; 0; 77; 205; 262; 24; 73; 0; 1; 0; 11; 28; 30; 55; 0; 15
1983;02; 134; 1259; 107; 36; 0; 0; 1; 1; 312; 11; 7; 61; 235; 124; 20; 0; 0; 47; 0; 0; 1; 0; 0; 156; 9; 9; 38; 105; 9999; 9999; 9999
1983;03; 0; 445; 9; 100; 2; 42; 480; 289; 0; 0; 0; 0; 60; 30; 17; 1; 0; 0; 90; 462; 4; 128; 24; 56; 23; 9; 6; 1; 0; 0; 0
1983;04; 0; 0; 0; 2; 0; 374; 396; 24; 0; 0; 0; 0; 77; 2; 0; 10; 37; 2; 335; 36; 166; 265; 15; 0; 233; 247; 8; 5; 1; 0; 9999
1983;05; 1; 0; 39; 0; 0; 0; 0; 0; 35; 0; 0; 52; 151; 87; 5; 1; 0; 6; 0; 246; 0; 2; 0; 211; 24; 12; 0; 100; 311; 158; 264
1983;06; 41; 29; 158; 19; 179; 421; 385; 11; 512; 66; 213; 92; 5; 0; 3; 0; 1; 0; 0; 0; 0; 0; 0; 0; 51; 34; 2; 0; 62; 13; 9999
1983;07; 0; 0; 8; 0; 0; 0; 0; 0; 0; 0; 0; 0; 5; 4; 0; 0; 5; 106; 46; 49; 293; 2; 2; 0; 0; 17; 3; 0; 0; 0; 0
1983;08; 3; 59; 56; 40; 11; 0; 0; 1; 0; 5; 0; 0; 0; 0; 0; 0; 33; 1; 19; 15; 10; 1; 0; 0; 0; 0; 0; 0; 0; 0; 0
1983;09; 0; 29; 34; 214; 180; 80; 10; 209; 65; 3; 7; 46; 130; 32; 2; 173; 0; 182; 200; 31; 5; 22; 370; 218; 30; 8; 0; 0; 0; 0; 9999
1983;10; 7; 3; 58; 10; 6; 13; 2; 0; 0; 10; 29; 18; 9; 126; 182; 2; 0; 265; 470; 8; 2; 354; 36; 183; 22; 2; 1; 2; 0; 0; 1
1983;11; 194; 133; 172; 0; 8; 0; 2; 1; 0; 0; 33; 55; 0; 0; 11; 20; 0; 0; 0; 93; 13; 109; 40; 0; 0; 0; 0; 0; 0; 0; 9999
1983;12; 0; 345; 6; 20; 0; 3; 276; 11; 0; 2; 3; 174; 0; 45; 15; 105; 5; 1; 15; 5; 47; 86; 80; 2; 0; 29; 81; 195; 11; 55; 423
1984;01; 112; 2; 0; 5; 0; 227; 80; 0; 0; 178; 0; 0; 0; 0; 0; 1; 6; 1; 0; 2; 418; 439; 388; 132; 0; 233; 192; 103; 107; 57; 212
1984;02; 0; 33; 0; 0; 0; 0; 100; 411; 2; 0; 0; 0; 0; 0; 0; 0; 2; 0; 0; 0; 0; 0; 0; 0; 0; 0; 26; 0; 0; 9999; 9999
1984;03; 4; 0; 5; 0; 0; 7; 15; 48; 6; 48; 32; 0; 10; 10; 6; 0; 2; 2; 0; 10; 15; 25; 30; 0; 0; 0; 14; 2; 3; 315; 442
1984;04; 12; 0; 0; 776; 75; 0; 6; 17; 10; 3; 44; 0; 0; 0; 0; 43; 13; 0; 12; 10; 4; 0; 0; 40; 336; 13; 1; 61; 4; 7; 9999
1984;05; 3; 45; 36; 20; 0; 0; 0; 0; 0; 0; 0; 120; 80; 63; 82; 7; 2; 179; 0; 0; 0; 0; 0; 0; 0; 0; 0; 0; 0; 0; 1
1984;06; 0; 0; 0; 0; 0; 0; 0; 0; 0; 7; 0; 0; 4; 11; 0; 0; 0; 0; 0; 0; 0; 0; 0; 0; 0; 0; 0; 6; 0; 3; 9999
1984;07; 0; 0; 0; 146; 0; 0; 0; 0; 8; 0; 0; 0; 0; 19; 8; 14; 4; 1; 0; 0; 3; 15; 53; 59; 1; 8; 6; 39; 0; 135; 0
1984;08; 0; 0; 347; 72; 0; 0; 0; 15; 5; 2; 0; 0; 0; 12; 13; 36; 41; 41; 4; 6; 0; 160; 395; 3; 32; 174; 1; 0; 7; 2; 3
1984;09; 0; 0; 0; 0; 0; 0; 16; 26; 122; 0; 2; 1; 0; 0; 0; 0; 0; 7; 0; 472; 363; 0; 0; 11; 11; 74; 321; 4; 0; 0; 9999
1984;10; 0; 1; 1; 0; 0; 0; 26; 19; 37; 0; 0; 0; 0; 3; 3; 27; 0; 3; 277; 89; 9; 3; 0; 0; 0; 0; 0; 0; 0; 0; 3
1984;11; 65; 3; 5; 4; 44; 9; 13; 0; 0; 113; 0; 155; 51; 69; 13; 0; 0; 113; 20; 7; 65; 7; 0; 0; 3; 100; 26; 0; 0; 0; 9999
1984;12; 67; 171; 40; 24; 7; 0; 162; 254; 32; 3; 0; 0; 137; 47; 112; 132; 54; 39; 5; 0; 0; 35; 0; 0; 0; 40; 0; 22; 15; 20; 88
1985;01; 45; 98; 91; 8; 5; 0; 467; 28; 363; 28; 0; 0; 1; 220; 0; 0; 342; 96; 25; 40; 36; 1; 738; 210; 14; 79; 5; 8; 20; 2; 7
1985;02; 9; 97; 1; 0; 6; 34; 2; 0; 491; 0; 1; 2; 322; 26; 219; 0; 41; 172; 32; 0; 30; 45; 473; 69; 16; 34; 2; 167; 9999; 9999; 9999
1985;03; 15; 7; 2; 25; 10; 155; 3; 0; 0; 2; 183; 2; 0; 0; 132; 802; 200; 502; 9; 0; 0; 0; 101; 0; 0; 507; 250; 14; 0; 0; 950
1985;04; 350; 5; 0; 0; 142; 62; 6; 0; 10; 1; 0; 158; 67; 19; 0; 30; 9; 0; 226; 26; 0; 2; 1; 0; 0; 2; 8; 0; 0; 0; 9999
1985;05; 278; 82; 4; 2; 0; 5; 0; 0; 0; 131; 7; 0; 0; 2; 0; 4; 2; 0; 0; 0; 364; 104; 0; 0; 0; 2; 0; 2; 2; 0; 18
1985;06; 0; 0; 3; 114; 0; 0; 0; 2; 3; 60; 33; 5; 3; 0; 0; 0; 0; 3; 7; 0; 0; 0; 0; 0; 0; 1; 2; 0; 0; 0; 9999
1985;07; 0; 0; 0; 0; 0; 2; 0; 45; 2; 0; 44; 0; 0; 0; 0; 0; 3; 2; 0; 0; 0; 0; 4; 3; 3; 0; 0; 0; 0; 0; 0
1985;08; 9999; 9999; 9999; 9999; 9999; 9999; 9999; 9999; 9999; 9999; 9999; 9999; 9999; 9999; 9999; 9999; 9999; 9999; 9999; 9999; 9999; 9999; 9999; 9999; 9999; 9999; 9999; 9999; 9999; 9999; 9999
1985;09; 170; 195; 49; 146; 41; 46; 2; 9; 2; 0; 2; 1; 0; 0; 0; 0; 0; 24; 9; 2; 100; 13; 1; 22; 3; 0; 5; 0; 31; 90; 9999
1985;10; 27; 2; 2; 1; 0; 2; 3; 21; 0; 46; 2; 0; 0; 0; 0; 0; 0; 1; 14; 0; 6; 19; 0; 24; 65; 13; 7; 5; 237; 2; 6
1985;11; 0; 39; 134; 68; 97; 10; 1; 0; 0; 0; 0; 0; 0; 0; 0; 0; 0; 0; 3; 4; 3; 6; 25; 232; 13; 83; 59; 88; 8; 2; 9999
1985;12; 0; 4; 18; 289; 66; 1; 0; 0; 0; 0; 0; 43; 13; 0; 209; 0; 0; 0; 0; 0; 26; 0; 0; 6; 82; 79; 362; 0; 0; 2; 0
1986;01; 0; 0; 34; 0; 13; 238; 0; 0; 5; 216; 264; 58; 0; 0; 0; 0; 0; 0; 0; 155; 65; 211; 79; 174; 25; 0; 0; 0; 0; 0; 0
1986;02; 0; 0; 522; 86; 2; 0; 422; 9; 303; 131; 100; 244; 163; 201; 470; 350; 3; 7; 19; 9; 314; 258; 40; 0; 0; 2; 0; 0; 9999; 9999; 9999
1986;03; 0; 501; 97; 4; 19; 305; 200; 355; 2; 0; 255; 0; 91; 1; 0; 0; 218; 516; 90; 207; 2; 0; 0; 193; 226; 0; 592; 1; 0; 802; 0
1986;04; 0; 0; 0; 0; 0; 0; 57; 170; 27; 4; 0; 0; 0; 0; 134; 558; 63; 2; 1; 0; 0; 25; 0; 27; 0; 53; 26; 177; 63; 14; 9999
1986;05; 0; 5; 0; 0; 0; 0; 0; 24; 70; 89; 53; 0; 188; 2; 17; 0; 2; 0; 218; 0; 3; 0; 0; 0; 0; 0; 83; 62; 0; 0; 3
1986;06; 0; 0; 0; 0; 0; 0; 0; 30; 1; 0; 0; 0; 0; 0; 0; 0; 0; 0; 0; 0; 0; 0; 0; 0; 0; 3; 55; 14; 0; 0; 9999
1986;07; 0; 14; 119; 5; 0; 28; 202; 30; 0; 0; 0; 0; 0; 0; 0; 0; 0; 0; 0; 0; 3; 110; 135; 0; 0; 0; 0; 0; 0; 0; 0
1986;08; 125; 2; 0; 0; 0; 0; 0; 0; 0; 0; 0; 0; 2; 97; 0; 0; 0; 65; 40; 5; 86; 86; 220; 2; 80; 0; 0; 0; 0; 0; 25
1986;09; 0; 0; 0; 0; 0; 0; 0; 0; 0; 0; 0; 0; 0; 0; 0; 0; 0; 0; 36; 65; 83; 96; 0; 0; 2; 102; 105; 128; 295; 0; 9999
1986;10; 0; 0; 0; 0; 0; 0; 0; 0; 17; 12; 237; 0; 0; 0; 5; 0; 0; 0; 102; 128; 92; 53; 85; 0; 0; 0; 0; 0; 0; 0; 0
1986;11; 86; 0; 56; 100; 0; 402; 185; 123; 0; 0; 147; 407; 125; 0; 0; 0; 0; 0; 0; 0; 0; 0; 0; 0; 0; 92; 0; 0; 26; 15; 9999
1986;12; 402; 287; 47; 15; 176; 0; 0; 26; 75; 0; 0; 35; 0; 0; 25; 3; 64; 34; 202; 86; 0; 86; 26; 322; 0; 0; 60; 0; 170; 62; 0
1987;01; 65; 0; 88; 60; 0; 0; 10; 65; 0; 63; 47; 56; 87; 0; 0; 0; 117; 15; 202; 0; 0; 0; 302; 402; 406; 388; 0; 100; 0; 163; 363
1987;02; 84; 0; 404; 102; 104; 0; 0; 0; 0; 503; 6; 46; 164; 2; 64; 103; 302; 205; 0; 103; 0; 0; 0; 0; 0; 45; 0; 0; 9999; 9999; 9999
1987;03; 0; 0; 0; 0; 0; 0; 0; 125; 54; 360; 202; 0; 0; 0; 3; 20; 0; 0; 500; 0; 0; 0; 0; 0; 0; 0; 0; 122; 0; 0; 0
1987;04; 9999; 9999; 96; 302; 302; 206; 0; 0; 0; 62; 166; 15; 0; 9; 0; 0; 0; 0; 0; 0; 220; 0; 0; 0; 142; 22; 35; 25; 0; 0; 9999
1987;05; 0; 0; 0; 2; 404; 130; 21; 105; 300; 0; 0; 30; 0; 0; 10; 336; 2; 116; 27; 262; 260; 100; 0; 0; 54; 37; 0; 1; 109; 30; 0
1987;06; 0; 0; 0; 0; 0; 0; 160; 17; 0; 0; 0; 0; 367; 500; 510; 520; 6; 0; 0; 0; 0; 0; 205; 35; 7; 0; 0; 0; 0; 0; 9999
1987;07; 0; 0; 0; 0; 0; 0; 0; 0; 54; 25; 0; 0; 0; 0; 0; 0; 0; 0; 13; 10; 10; 30; 25; 0; 0; 0; 0; 0; 0; 0; 25
1987;08; 45; 0; 0; 0; 0; 0; 18; 0; 0; 0; 0; 0; 0; 0; 0; 0; 80; 20; 18; 0; 0; 39; 40; 0; 0; 0; 0; 0; 0; 0; 67
1987;09; 186; 9; 0; 0; 142; 182; 46; 0; 0; 0; 178; 212; 0; 0; 0; 0; 65; 83; 65; 186; 89; 82; 16; 0; 0; 0; 0; 148; 8; 37; 9999
1987;10; 0; 32; 25; 0; 0; 143; 0; 0; 0; 0; 0; 0; 0; 100; 143; 3; 0; 0; 140; 150; 142; 223; 0; 160; 189; 237; 0; 3; 0; 0; 0
1987;11; 0; 0; 0; 0; 0; 0; 0; 0; 1; 79; 25; 15; 23; 0; 122; 117; 0; 0; 0; 0; 0; 7; 20; 0; 120; 57; 0; 0; 0; 0; 9999
1987;12; 0; 0; 0; 22; 43; 0; 0; 0; 2; 83; 0; 0; 23; 128; 0; 0; 80; 86; 334; 3; 42; 38; 100; 100; 52; 0; 0; 0; 100; 100; 0
1988;01; 0; 0; 0; 0; 216; 127; 325; 15; 20; 94; 17; 0; 0; 462; 0; 42; 52; 0; 140; 0; 0; 443; 73; 0; 122; 40; 114; 42; 37; 145; 147
1988;02; 147; 102; 2; 0; 506; 3; 0; 605; 206; 73; 206; 63; 47; 0; 20; 42; 206; 303; 0; 52; 156; 0; 0; 0; 0; 0; 0; 33; 123; 9999; 9999
1988;03; 123; 527; 204; 68; 0; 0; 0; 38; 128; 16; 0; 0; 0; 0; 0; 0; 106; 608; 304; 0; 0; 0; 0; 0; 0; 0; 0; 0; 0; 0; 0
1988;04; 0; 305; 72; 44; 0; 10; 0; 272; 24; 0; 0; 0; 54; 255; 0; 0; 189; 60; 350; 190; 15; 15; 0; 27; 1; 131; 0; 75; 88; 39; 9999
1988;05; 0; 0; 1; 0; 100; 128; 8; 0; 70; 0; 0; 0; 63; 32; 80; 0; 145; 100; 6; 0; 5; 67; 262; 406; 176; 0; 0; 0; 118; 364; 122
1988;06; 0; 0; 0; 0; 80; 0; 0; 0; 0; 0; 22; 5; 0; 239; 148; 0; 0; 0; 0; 0; 0; 4; 0; 0; 147; 22; 0; 1; 0; 0; 9999
1988;07; 0; 0; 0; 0; 0; 0; 0; 48; 0; 15; 25; 38; 22; 45; 0; 0; 0; 0; 0; 0; 0; 0; 0; 0; 61; 0; 46; 46; 0; 0; 0
1988;08; 0; 0; 0; 0; 0; 0; 0; 0; 0; 0; 127; 0; 0; 0; 0; 0; 0; 13; 0; 0; 0; 8; 0; 0; 0; 0; 0; 0; 0; 0; 0
1988;09; 0; 45; 60; 0; 0; 0; 0; 0; 0; 0; 0; 0; 0; 0; 142; 198; 192; 268; 40; 0; 0; 0; 0; 0; 0; 0; 0; 15; 114; 25; 9999
1988;10; 24; 0; 0; 115; 13; 0; 0; 0; 0; 0; 12; 103; 290; 52; 0; 0; 0; 26; 0; 494; 25; 26; 56; 0; 1; 546; 136; 0; 0; 0; 5
1988;11; 382; 62; 0; 0; 35; 20; 13; 103; 0; 0; 34; 0; 136; 4; 0; 86; 0; 0; 0; 225; 0; 2; 0; 0; 0; 0; 47; 86; 21; 0; 9999
1988;12; 0; 130; 0; 0; 0; 0; 0; 0; 0; 0; 0; 0; 0; 0; 0; 0; 0; 0; 134; 185; 1140; 100; 100; 100; 200; 100; 0; 0; 0; 100; 0
1989;01; 126; 87; 5; 15; 223; 406; 403; 0; 206; 240; 330; 103; 103; 138; 8; 3; 0; 0; 142; 0; 0; 0; 320; 132; 103; 37; 0; 101; 20; 0; 0
1989;02; 0; 3; 100; 202; 908; 21; 0; 0; 0; 108; 160; 203; 105; 195; 306; 5; 0; 0; 0; 0; 0; 0; 0; 0; 38; 230; 28; 0; 9999; 9999; 9999
1989;03; 6; 2; 38; 0; 43; 0; 8; 436; 850; 130; 0; 0; 145; 146; 0; 0; 0; 455; 0; 0; 0; 1225; 0; 0; 0; 36; 0; 0; 0; 0; 16
1989;04; 0; 30; 95; 0; 0; 0; 0; 9999; 9999; 0; 0; 408; 29; 0; 0; 0; 0; 0; 147; 150; 51; 0; 0; 0; 0; 0; 0; 4; 9999; 0; 9999
1989;05; 9999; 9999; 8; 0; 60; 0; 106; 307; 9999; 9999; 9999; 9999; 9999; 9999; 9999; 9999; 0; 0; 0; 0; 0; 0; 0; 0; 0; 0; 128; 220; 23; 0; 0
1989;06; 0; 0; 0; 3; 0; 0; 0; 2; 0; 62; 120; 533; 3; 0; 0; 0; 9999; 9999; 87; 0; 0; 0; 0; 0; 93; 20; 20; 0; 0; 0; 9999
1989;07; 9999; 9999; 12; 21; 0; 97; 7; 49; 6; 4; 0; 1; 0; 0; 0; 0; 0; 2; 2; 0; 0; 0; 0; 2; 2; 144; 355; 447; 9999; 9999; 270
1989;08; 0; 0; 0; 0; 0; 11; 0; 0; 0; 0; 0; 45; 15; 0; 2; 0; 0; 0; 0; 0; 0; 10; 12; 0; 0; 78; 2; 26; 3; 0; 0
1989;09; 25; 125; 0; 0; 0; 3; 0; 1; 0; 245; 0; 0; 168; 0; 0; 0; 13; 9; 0; 0; 0; 0; 0; 0; 115; 65; 16; 12; 20; 0; 9999
1989;10; 0; 42; 0; 115; 12; 2; 0; 0; 2; 0; 0; 126; 9; 0; 25; 96; 2; 37; 7; 7; 0; 15; 6; 0; 0; 0; 325; 0; 51; 0; 0
1989;11; 49; 0; 0; 0; 23; 0; 2; 16; 11; 128; 0; 24; 40; 0; 0; 0; 2; 0; 13; 109; 0; 37; 0; 9; 155; 0; 0; 80; 4; 27; 9999
1989;12; 4; 0; 0; 0; 2; 0; 0; 0; 0; 0; 78; 0; 2; 5; 521; 9999; 377; 0; 26; 229; 14; 0; 0; 0; 0; 0; 81; 67; 34; 9999; 117
1990;01; 9999; 9999; 107; 44; 115; 0; 0; 138; 0; 123; 53; 223; 9999; 9999; 0; 140; 40; 0; 10; 9999; 9999; 179; 236; 50; 0; 0; 0; 0; 0; 0; 0
1990;02; 0; 0; 9999; 9999; 0; 0; 6; 0; 31; 0; 0; 0; 7; 60; 6; 444; 0; 0; 0; 8; 4; 0; 267; 9999; 9999; 0; 0; 9999; 9999; 9999; 9999
1990;03; 9999; 20; 9999; 0; 0; 127; 392; 0; 0; 9999; 9999; 10; 0; 0; 0; 0; 9999; 0; 212; 20; 34; 286; 192; 9999; 9999; 0; 48; 0; 0; 0; 0
1990;04; 0; 0; 0; 0; 1; 10; 9999; 9999; 9; 1; 2; 0; 0; 0; 0; 7; 0; 0; 429; 74; 0; 0; 43; 0; 0; 0; 0; 0; 0; 9999; 9999
1990;05; 9999; 30; 0; 0; 0; 0; 18; 0; 0; 0; 22; 9999; 9999; 0; 0; 64; 12; 116; 0; 0; 0; 0; 1; 0; 0; 0; 0; 0; 0; 0; 0
1990;06; 0; 0; 0; 0; 0; 0; 200; 0; 0; 0; 17; 0; 0; 9999; 9999; 9999; 9999; 0; 0; 0; 86; 0; 0; 0; 0; 2; 0; 0; 0; 9999; 9999
1990;07; 0; 4; 0; 0; 77; 3; 9999; 9999; 9999; 5; 69; 17; 8; 0; 0; 0; 261; 9999; 9999; 9999; 9999; 9999; 9999; 72; 36; 49; 23; 9999; 9999; 9999; 0
1990;08; 0; 0; 0; 9999; 9999; 9999; 0; 0; 0; 0; 0; 0; 0; 0; 0; 0; 29; 9999; 9999; 9999; 9999; 23; 42; 39; 0; 0; 0; 42; 7; 0; 0
1990;09; 0; 79; 0; 0; 0; 0; 3; 155; 0; 0; 0; 0; 155; 400; 100; 0; 0; 0; 0; 0; 0; 0; 0; 0; 41; 0; 0; 0; 0; 0; 9999
1990;10; 3; 9; 3; 4; 6; 0; 0; 0; 0; 0; 4; 406; 9999; 9999; 9999; 184; 175; 34; 33; 9999; 9999; 9999; 0; 0; 49; 6; 0; 0; 0; 0; 0
1990;11; 9999; 9999; 9999; 9999; 9999; 114; 0; 73; 164; 9999; 9999; 9999; 0; 0; 0; 0; 9999; 9999; 9999; 4; 0; 0; 0; 0; 0; 0; 0; 19; 0; 0; 9999
1990;12; 0; 0; 0; 0; 0; 0; 114; 9999; 9999; 9999; 137; 0; 136; 173; 9999; 9999; 9999; 0; 0; 177; 0; 9999; 9999; 9999; 9999; 9999; 0; 0; 9999; 9999; 9999
1991;01; 9999; 9999; 156; 269; 9999; 9999; 9999; 9999; 0; 0; 0; 9999; 9999; 9999; 393; 436; 131; 51; 9999; 9999; 0; 0; 4; 0; 2; 9999; 9999; 9999; 0; 0; 0
1991;02; 6; 9999; 9999; 9999; 21; 6; 81; 57; 9999; 9999; 9999; 9999; 9999; 0; 0; 9999; 9999; 9999; 376; 0; 0; 0; 9999; 9999; 9999; 0; 0; 137; 9999; 9999; 9999
1991;03; 696; 9999; 9999; 9999; 419; 63; 76; 3; 9999; 9999; 0; 77; 0; 287; 94; 9999; 9999; 0; 412; 467; 26; 163; 9999; 9999; 9999; 523; 9999; 9999; 9999; 9999; 9999
1991;04; 957; 0; 0; 0; 107; 9999; 9999; 0; 0; 0; 0; 0; 9999; 9999; 9999; 9999; 66; 0; 23; 9999; 9999; 9999; 2; 0; 793; 57; 9999; 53; 0; 78; 9999
1991;05; 9999; 9999; 0; 9999; 9999; 9999; 102; 142; 0; 0; 9999; 9999; 0; 0; 65; 102; 0; 9999; 9999; 0; 0; 0; 8; 0; 9999; 9999; 0; 0; 0; 9999; 9999
1991;06; 9999; 9999; 0; 0; 0; 0; 0; 9999; 9999; 9999; 0; 0; 2; 0; 9999; 9999; 0; 0; 0; 0; 129; 35; 65; 37; 327; 0; 0; 0; 18; 97; 9999
1991;07; 9999; 0; 0; 0; 7; 0; 3; 0; 0; 0; 96; 3; 45; 69; 9; 0; 1; 1; 0; 0; 0; 0; 0; 0; 0; 0; 0; 0; 0; 0; 0
1991;08; 0; 60; 6; 0; 0; 0; 33; 218; 137; 0; 0; 8; 1; 5; 0; 0; 0; 0; 0; 0; 0; 0; 0; 0; 0; 0; 0; 0; 0; 0; 0
1991;09; 2; 117; 0; 1; 0; 1; 1; 1; 0; 3; 0; 0; 1; 2; 0; 0; 0; 0; 44; 86; 0; 0; 2; 36; 8; 64; 2; 1; 98; 216; 9999
1991;10; 89; 0; 55; 4; 0; 338; 467; 42; 25; 87; 360; 0; 0; 0; 0; 0; 0; 15; 11; 11; 33; 0; 0; 0; 0; 11; 0; 0; 0; 0; 2
1991;11; 14; 158; 80; 16; 53; 5; 0; 0; 0; 97; 0; 0; 65; 0; 71; 0; 0; 0; 1; 1; 7; 0; 0; 0; 0; 283; 5; 31; 0; 23; 9999
1991;12; 40; 166; 0; 0; 0; 58; 299; 38; 0; 0; 96; 0; 0; 0; 0; 421; 205; 0; 0; 157; 0; 0; 10; 0; 0; 0; 68; 263; 9; 0; 26
1992;01; 0; 6; 68; 0; 218; 36; 0; 0; 2; 27; 9999; 9999; 9999; 205; 0; 44; 455; 49; 4; 4; 0; 4; 68; 0; 9999; 9999; 9999; 0; 2; 81; 72
1992;02; 9; 25; 0; 0; 3; 3; 122; 55; 77; 0; 0; 0; 0; 0; 0; 0; 103; 0; 0; 0; 0; 9999; 9999; 9999; 43; 575; 0; 69; 14; 9999; 9999
1992;03; 0; 9999; 9999; 9999; 168; 0; 37; 552; 14; 1; 0; 0; 48; 0; 0; 0; 129; 28; 112; 467; 0; 0; 65; 0; 85; 36; 10; 442; 9; 224; 267
1992;04; 106; 5; 2; 0; 0; 4; 0; 2; 15; 0; 0; 108; 0; 8; 0; 0; 0; 0; 0; 12; 11; 0; 0; 0; 0; 15; 30; 99; 0; 68; 9999
1992;05; 0; 171; 89; 192; 10; 0; 11; 0; 0; 0; 0; 0; 89; 14; 0; 0; 0; 0; 81; 58; 0; 0; 121; 5; 5; 0; 0; 0; 0; 0; 8
1992;06; 7; 18; 1; 0; 2; 0; 0; 0; 0; 0; 14; 2; 0; 0; 2; 0; 0; 0; 0; 0; 0; 92; 0; 0; 0; 0; 0; 0; 5; 8; 9999
1992;07; 3; 0; 10; 8; 0; 0; 180; 55; 22; 0; 9999; 9999; 9999; 0; 0; 23; 29; 30; 0; 3; 2; 8; 29; 38; 21; 0; 0; 0; 0; 0; 0
1992;08; 9999; 9999; 9999; 2; 0; 10; 2; 0; 28; 10; 3; 0; 50; 6; 0; 0; 0; 8; 4; 0; 12; 94; 80; 69; 0; 0; 3; 2; 2; 4; 0
1992;09; 0; 21; 3; 0; 17; 28; 193; 184; 42; 16; 0; 1; 0; 21; 192; 355; 2; 22; 26; 3; 0; 0; 0; 0; 11; 136; 43; 51; 35; 0; 9999
1992;10; 0; 1; 69; 54; 4; 0; 235; 57; 49; 2; 0; 19; 263; 0; 0; 0; 209; 5; 150; 16; 14; 31; 0; 0; 0; 3; 0; 151; 12; 120; 280
1992;11; 4; 4; 0; 344; 170; 157; 41; 5; 698; 7; 0; 0; 0; 0; 0; 0; 164; 12; 3; 0; 0; 31; 465; 32; 70; 414; 205; 32; 0; 0; 9999
1992;12; 71; 74; 45; 3; 0; 0; 12; 12; 4; 2; 649; 225; 63; 7; 2; 0; 6; 21; 0; 0; 56; 0; 0; 0; 0; 59; 6; 3; 2; 0; 194
1993;01; 0; 0; 0; 0; 87; 25; 0; 0; 3; 195; 100; 61; 24; 26; 0; 0; 93; 47; 227; 0; 3; 2; 0; 130; 122; 118; 4; 0; 0; 0; 0
1993;02; 397; 99; 148; 113; 6; 0; 7; 12; 9; 0; 0; 490; 68; 0; 135; 423; 323; 119; 27; 0; 0; 163; 89; 67; 5; 0; 0; 0; 9999; 9999; 9999
1993;03; 0; 0; 0; 137; 952; 16; 5; 113; 0; 2; 30; 4; 0; 2; 0; 99; 3; 25; 99; 0; 160; 0; 601; 302; 65; 0; 4; 17; 30; 42; 0
1993;04; 2; 35; 206; 0; 0; 5; 0; 0; 159; 0; 0; 0; 2; 2; 3; 4; 0; 0; 0; 0; 0; 79; 0; 155; 99; 3; 3; 0; 0; 33; 9999
1993;05; 0; 0; 0; 4; 0; 105; 5; 0; 4; 2; 0; 0; 0; 97; 391; 5; 20; 0; 0; 2; 3; 2; 1; 0; 2; 2; 0; 26; 8; 0; 389
1993;06; 161; 6; 0; 0; 7; 13; 11; 2; 0; 18; 238; 13; 4; 0; 0; 0; 0; 49; 153; 2; 0; 0; 0; 0; 0; 0; 0; 0; 0; 0; 9999
1993;07; 7; 0; 0; 0; 0; 0; 0; 16; 0; 0; 0; 0; 4; 26; 79; 3; 5; 0; 0; 0; 0; 0; 0; 0; 12; 14; 3; 0; 0; 49; 41
1993;08; 0; 0; 4; 8; 6; 4; 0; 0; 0; 9; 48; 0; 0; 0; 0; 3; 0; 3; 8; 1; 0; 0; 0; 196; 449; 0; 0; 0; 0; 0; 0
1993;09; 0; 0; 4; 9999; 9999; 0; 0; 165; 8; 57; 50; 70; 62; 3; 49; 161; 0; 0; 0; 0; 34; 502; 149; 278; 156; 97; 160; 145; 3; 2; 9999
1993;10; 20; 2; 0; 10; 150; 324; 95; 42; 0; 0; 0; 0; 0; 0; 0; 167; 0; 0; 36; 9; 6; 16; 9999; 9999; 15; 4; 159; 4; 2; 0; 0
1993;11; 0; 81; 20; 0; 0; 0; 334; 13; 0; 6; 0; 0; 0; 0; 0; 5; 0; 92; 34; 8; 0; 0; 0; 15; 13; 0; 26; 0; 0; 0; 9999
1993;12; 37; 2; 7; 1; 0; 0; 0; 0; 92; 3; 270; 31; 0; 0; 0; 0; 39; 33; 0; 0; 166; 4; 0; 0; 14; 61; 0; 69; 206; 97; 49
1994;01; 0; 0; 0; 28; 41; 25; 3; 9999; 9999; 9999; 0; 0; 0; 149; 3; 0; 14; 0; 226; 7; 56; 5; 209; 0; 35; 0; 52; 199; 535; 7; 34
1994;02; 143; 204; 12; 128; 15; 654; 831; 72; 76; 0; 26; 48; 415; 81; 117; 21; 0; 474; 320; 1; 4; 0; 0; 233; 238; 134; 22; 48; 9999; 9999; 9999
1994;03; 0; 134; 229; 51; 2; 0; 61; 161; 0; 21; 227; 6; 0; 6; 0; 2; 0; 0; 0; 84; 100; 52; 15; 0; 0; 53; 743; 0; 0; 0; 17
1994;04; 24; 135; 32; 0; 0; 0; 0; 20; 153; 0; 0; 0; 5; 88; 0; 0; 0; 0; 115; 25; 0; 317; 254; 13; 1; 6; 0; 0; 3; 0; 9999
1994;05; 0; 0; 0; 0; 0; 2; 0; 0; 0; 0; 2; 231; 0; 40; 3; 52; 0; 2; 3; 0; 0; 0; 0; 7; 119; 0; 103; 24; 0; 39; 0
1994;06; 0; 2; 3; 54; 0; 0; 0; 9; 146; 12; 2; 0; 1; 0; 0; 0; 3; 0; 0; 3; 0; 56; 73; 0; 98; 123; 0; 0; 0; 0; 9999
1994;07; 0; 9999; 9999; 9999; 5; 15; 0; 0; 28; 4; 28; 14; 0; 0; 0; 0; 0; 0; 0; 0; 0; 0; 121; 146; 0; 0; 0; 0; 0; 0; 0
1994;08; 0; 0; 0; 6; 20; 7; 9999; 9999; 0; 2; 13; 23; 3; 0; 0; 0; 34; 11; 0; 0; 1; 0; 0; 24; 13; 4; 0; 6; 2; 0; 0
1994;09; 0; 0; 0; 24; 20; 2; 0; 0; 77; 40; 0; 0; 0; 0; 0; 0; 0; 32; 3; 0; 0; 0; 0; 0; 0; 0; 61; 93; 0; 3; 9999
1994;10; 0; 9; 0; 10; 60; 6; 26; 3; 0; 0; 2; 20; 2; 67; 11; 6; 0; 21; 0; 0; 72; 5; 193; 3; 56; 68; 108; 5; 51; 100; 25
1994;11; 0; 32; 0; 0; 0; 0; 0; 8; 0; 2; 0; 0; 0; 178; 5; 0; 0; 568; 375; 66; 3; 3; 0; 0; 0; 0; 0; 132; 88; 0; 9999
1994;12; 0; 0; 0; 0; 30; 187; 131; 63; 7; 19; 0; 4; 0; 0; 0; 0; 6; 250; 477; 50; 0; 365; 409; 43; 0; 0; 5; 127; 0; 0; 141
1995;01; 237; 30; 9; 371; 66; 0; 0; 168; 0; 11; 6; 148; 309; 77; 60; 0; 0; 0; 22; 58; 4; 138; 21; 54; 0; 0; 0; 311; 358; 2; 113
1995;02; 43; 343; 352; 245; 175; 227; 570; 52; 167; 186; 4; 57; 33; 329; 6; 0; 491; 0; 685; 229; 182; 37; 0; 0; 0; 0; 0; 0; 9999; 9999; 9999
1995;03; 37; 53; 3; 245; 0; 0; 0; 0; 0; 126; 98; 46; 3; 138; 8; 261; 0; 0; 0; 65; 0; 0; 8; 213; 121; 63; 0; 0; 0; 397; 190
1995;04; 73; 41; 0; 63; 0; 0; 0; 0; 0; 8; 0; 282; 0; 17; 2; 0; 2; 0; 0; 159; 82; 19; 0; 0; 0; 0; 0; 0; 0; 0; 9999
1995;05; 0; 0; 17; 0; 0; 0; 9999; 9999; 9999; 17; 156; 0; 0; 0; 0; 0; 2; 27; 37; 0; 0; 3; 0; 0; 3; 8; 3; 0; 0; 0; 0
1995;06; 0; 0; 0; 0; 3; 0; 0; 0; 0; 0; 0; 0; 0; 0; 0; 0; 0; 16; 193; 78; 3; 0; 3; 1; 0; 104; 3; 0; 3; 64; 9999
1995;07; 10; 0; 0; 4; 10; 0; 0; 70; 60; 265; 3; 3; 0; 0; 0; 0; 0; 0; 0; 0; 0; 118; 0; 0; 0; 0; 0; 0; 0; 0; 0
1995;08; 0; 0; 0; 2; 175; 173; 6; 0; 3; 0; 0; 0; 0; 0; 0; 0; 40; 8; 30; 0; 0; 0; 0; 0; 0; 0; 0; 0; 0; 0; 0
1995;09; 0; 9999; 9999; 9999; 0; 0; 9999; 9999; 9999; 9999; 9999; 0; 105; 0; 6; 9999; 9999; 9999; 0; 28; 135; 15; 9999; 9999; 9999; 3; 105; 1; 25; 9999; 9999
1995;10; 4; 1; 20; 0; 0; 95; 9; 3; 61; 0; 0; 0; 0; 438; 8; 341; 103; 181; 4; 7; 270; 83; 8; 2; 0; 0; 0; 0; 170; 202; 132
1995;11; 0; 280; 4; 103; 0; 0; 0; 0; 126; 0; 48; 34; 56; 31; 9999; 9999; 0; 0; 7; 11; 1; 0; 0; 0; 48; 0; 89; 272; 33; 0; 9999
1995;12; 0; 0; 0; 0; 27; 2; 0; 2; 126; 4; 0; 0; 197; 247; 2; 2; 0; 0; 19; 19; 0; 2; 107; 48; 5; 165; 108; 253; 95; 400; 205
1996;01; 0; 0; 529; 380; 25; 138; 153; 7; 72; 0; 9; 64; 264; 5; 0; 41; 0; 44; 25; 4; 108; 68; 0; 0; 0; 225; 602; 0; 0; 0; 93
1996;02; 3; 156; 0; 4; 53; 0; 365; 53; 21; 0; 0; 103; 249; 74; 49; 0; 100; 0; 76; 241; 0; 2; 0; 0; 0; 435; 2; 55; 106; 9999; 9999
1996;03; 16; 555; 0; 72; 261; 5; 204; 268; 128; 77; 5; 0; 15; 0; 84; 88; 127; 161; 9; 626; 373; 176; 266; 6; 0; 0; 0; 255; 3; 4; 0
1996;04; 0; 182; 0; 0; 0; 0; 0; 104; 0; 1; 562; 133; 1; 0; 18; 0; 56; 24; 5; 19; 0; 0; 0; 0; 0; 8; 96; 15; 0; 2; 9999
1996;05; 0; 20; 153; 10; 3; 0; 0; 0; 0; 0; 0; 25; 0; 0; 0; 178; 90; 0; 0; 3; 0; 0; 4; 63; 62; 0; 3; 0; 2; 0; 0
1996;06; 0; 92; 4; 2; 0; 102; 30; 0; 8; 0; 0; 0; 0; 0; 0; 0; 0; 0; 0; 9; 4; 9; 0; 16; 4; 0; 0; 142; 91; 65; 9999
1996;07; 6; 3; 2; 0; 13; 44; 7; 20; 6; 0; 15; 0; 0; 0; 6; 9; 10; 4; 3; 0; 6; 20; 84; 0; 0; 0; 0; 14; 8; 22; 3
1996;08; 1; 0; 0; 0; 0; 0; 0; 0; 0; 90; 80; 14; 9; 0; 136; 0; 0; 0; 0; 0; 0; 0; 0; 0; 0; 0; 0; 5; 28; 13; 0
1996;09; 0; 27; 2; 141; 0; 188; 107; 0; 7; 417; 414; 75; 51; 0; 0; 4; 30; 48; 0; 0; 0; 0; 0; 6; 68; 33; 38; 3; 49; 2; 9999
1996;10; 7; 9999; 9999; 9999; 9999; 9999; 9999; 9999; 5; 0; 55; 9999; 9999; 9999; 5; 0; 0; 9999; 9999; 9999; 9999; 42; 2; 23; 0; 123; 3; 123; 3; 0; 0
1996;11; 0; 9999; 9999; 9999; 29; 0; 0; 0; 0; 0; 5; 8; 0; 16; 28; 194; 0; 12; 0; 9; 129; 155; 68; 4; 0; 25; 0; 0; 0; 0; 9999
1996;12; 0; 8; 85; 1091; 34; 5; 0; 106; 0; 0; 0; 124; 191; 239; 2; 0; 188; 78; 2; 15; 3; 18; 369; 6; 124; 0; 0; 97; 123; 0; 0
1997;01; 0; 0; 0; 19; 0; 0; 109; 0; 8; 20; 140; 55; 44; 14; 5; 13; 580; 17; 0; 7; 400; 22; 505; 224; 172; 319; 336; 216; 14; 295; 0
1997;02; 125; 0; 0; 11; 0; 2; 0; 0; 0; 0; 0; 0; 0; 170; 241; 188; 101; 313; 0; 0; 9; 0; 0; 14; 66; 0; 0; 9; 9999; 9999; 9999
1997;03; 16; 0; 0; 49; 0; 75; 0; 0; 0; 0; 0; 0; 0; 55; 0; 76; 25; 6; 2; 0; 0; 0; 0; 3; 0; 26; 0; 0; 0; 0; 5
1997;04; 125; 9; 63; 0; 18; 0; 0; 61; 91; 2; 0; 0; 0; 0; 0; 0; 0; 261; 0; 0; 32; 7; 0; 13; 4; 0; 0; 2; 0; 0; 9999
1997;05; 0; 0; 0; 0; 27; 2; 0; 0; 0; 0; 0; 0; 0; 8; 2; 0; 0; 0; 0; 0; 0; 0; 12; 19; 442; 58; 0; 0; 167; 9; 96
1997;06; 51; 4; 2; 19; 278; 86; 0; 0; 0; 0; 0; 0; 0; 0; 12; 34; 0; 0; 0; 95; 52; 0; 0; 0; 0; 0; 0; 140; 114; 50; 9999
1997;07; 121; 6; 0; 0; 0; 0; 0; 2; 0; 0; 0; 0; 24; 0; 0; 0; 0; 4; 0; 0; 2; 67; 0; 0; 0; 0; 0; 0; 0; 0; 0
1997;08; 0; 0; 0; 0; 18; 139; 0; 4; 207; 0; 0; 2; 0; 0; 0; 0; 0; 0; 0; 0; 0; 8; 4; 280; 3; 0; 2; 0; 0; 0; 0
1997;09; 0; 0; 0; 0; 32; 0; 0; 5; 0; 6; 46; 15; 0; 0; 458; 187; 0; 0; 4; 232; 344; 15; 43; 0; 7; 155; 9999; 9999; 49; 127; 9999
