33
Ano,Mes,1,2,3,4,5,6,7,8,9,10,11,12,13,14,15,16,17,18,19,20,21,22,23,24,25,26,27,28,29,30,31
1939;11; 2; 40; 70; 0; 0; 0; 0; 0; 0; 0; 172; 150; 30; 15; 0; 0; 0; 0; 0; 0; 381; 150; 122; 0; 0; 0; 0; 0; 0; 190; 9999
1939;12; 0; 0; 0; 0; 42; 143; 0; 150; 67; 42; 430; 72; 380; 93; 0; 0; 0; 21; 27; 28; 102; 3; 2; 17; 43; 44; 44; 52; 0; 0; 0
1940;01; 0; 0; 5; 2; 0; 86; 400; 356; 350; 15; 780; 190; 0; 0; 0; 0; 45; 0; 0; 82; 13; 14; 2; 100; 0; 2; 245; 0; 105; 0; 20
1940;02; 491; 160; 0; 0; 0; 20; 80; 160; 0; 0; 0; 310; 190; 81; 75; 100; 61; 11; 630; 100; 0; 200; 31; 0; 0; 0; 190; 0; 20; 9999; 9999
1940;03; 0; 0; 0; 0; 0; 0; 0; 230; 160; 163; 25; 0; 0; 0; 117; 0; 0; 0; 0; 0; 0; 0; 0; 30; 50; 60; 0; 0; 0; 30; 0
1940;04; 49; 0; 0; 0; 285; 10; 250; 40; 0; 0; 2; 0; 0; 0; 0; 0; 0; 0; 0; 0; 0; 6; 0; 30; 0; 75; 50; 0; 30; 84; 9999
1940;05; 0; 0; 0; 0; 0; 0; 0; 0; 0; 0; 0; 0; 0; 0; 0; 0; 0; 0; 0; 0; 0; 0; 0; 0; 0; 0; 0; 0; 25; 0; 0
1940;06; 0; 0; 0; 0; 0; 0; 0; 0; 0; 0; 0; 0; 0; 0; 0; 0; 0; 0; 0; 0; 0; 0; 60; 0; 0; 0; 0; 0; 0; 0; 9999
1940;07; 0; 0; 0; 0; 0; 0; 0; 0; 0; 0; 0; 0; 0; 0; 0; 0; 0; 0; 0; 0; 0; 0; 0; 0; 0; 0; 0; 0; 0; 0; 0
1940;08; 0; 0; 0; 0; 0; 0; 0; 0; 0; 0; 0; 96; 0; 0; 0; 0; 0; 0; 0; 0; 0; 0; 0; 0; 160; 0; 0; 0; 0; 0; 0
1940;09; 0; 0; 0; 0; 0; 0; 0; 0; 0; 0; 0; 0; 0; 0; 0; 0; 0; 0; 0; 0; 0; 0; 0; 0; 0; 0; 0; 0; 0; 0; 9999
1940;10; 0; 172; 263; 80; 0; 0; 0; 0; 0; 0; 0; 0; 0; 0; 0; 0; 0; 0; 0; 0; 0; 0; 0; 0; 0; 0; 0; 0; 0; 0; 0
1940;11; 0; 0; 0; 0; 0; 0; 0; 0; 0; 0; 0; 223; 96; 0; 0; 0; 0; 0; 0; 160; 0; 0; 0; 0; 0; 0; 0; 0; 0; 0; 9999
1940;12; 0; 0; 0; 0; 0; 0; 0; 0; 0; 0; 0; 0; 425; 0; 0; 0; 0; 0; 0; 0; 0; 0; 0; 0; 0; 0; 184; 60; 0; 0; 0
1941;01; 0; 0; 82; 160; 0; 0; 0; 0; 0; 0; 40; 194; 263; 20; 0; 0; 0; 0; 0; 0; 0; 0; 275; 51; 0; 0; 0; 0; 0; 0; 0
1941;02; 0; 0; 0; 164; 0; 0; 0; 0; 0; 0; 0; 0; 0; 0; 0; 284; 193; 102; 0; 0; 0; 0; 0; 0; 281; 0; 0; 0; 9999; 9999; 9999
1941;03; 0; 0; 0; 60; 111; 27; 0; 0; 0; 0; 0; 0; 165; 0; 0; 0; 80; 0; 0; 186; 257; 43; 4; 27; 342; 0; 0; 0; 0; 0; 0
1941;04; 0; 153; 22; 0; 0; 0; 0; 190; 0; 0; 0; 0; 0; 0; 0; 0; 0; 0; 0; 0; 0; 0; 135; 34; 0; 0; 0; 0; 0; 0; 9999
1941;05; 0; 0; 0; 0; 0; 0; 0; 0; 0; 0; 0; 0; 0; 0; 0; 0; 0; 0; 0; 0; 0; 0; 0; 232; 43; 0; 0; 0; 0; 376; 0
1941;06; 0; 0; 0; 0; 0; 0; 0; 0; 0; 0; 0; 0; 0; 0; 0; 0; 0; 0; 0; 0; 0; 0; 0; 0; 0; 0; 0; 264; 440; 43; 9999
1941;07; 0; 0; 0; 0; 0; 0; 0; 0; 0; 0; 340; 138; 0; 0; 0; 0; 0; 0; 0; 0; 0; 0; 0; 0; 0; 0; 0; 0; 0; 0; 0
1941;08; 0; 0; 0; 0; 0; 160; 0; 0; 0; 0; 0; 0; 0; 0; 0; 0; 130; 0; 0; 0; 0; 0; 0; 0; 0; 0; 0; 0; 0; 0; 0
1941;09; 0; 0; 193; 157; 0; 0; 361; 0; 0; 0; 58; 20; 0; 172; 162; 0; 0; 70; 99; 0; 123; 275; 0; 146; 5; 20; 161; 89; 100; 0; 9999
1941;10; 47; 4; 0; 33; 0; 64; 0; 2; 56; 0; 0; 0; 0; 0; 0; 0; 281; 0; 0; 0; 0; 0; 0; 0; 0; 0; 0; 0; 0; 90; 203
1941;11; 0; 0; 162; 121; 21; 0; 0; 0; 0; 0; 0; 0; 0; 0; 0; 165; 186; 0; 0; 0; 0; 0; 0; 0; 0; 0; 0; 0; 142; 20; 9999
1941;12; 0; 0; 0; 0; 0; 0; 0; 0; 67; 0; 0; 0; 77; 46; 230; 101; 0; 140; 251; 15; 0; 0; 230; 708; 4; 0; 0; 0; 0; 65; 124
1942;01; 0; 0; 0; 0; 62; 0; 0; 0; 0; 0; 200; 0; 0; 31; 70; 86; 0; 0; 0; 0; 89; 47; 0; 0; 0; 37; 92; 77; 0; 84; 226
1942;02; 156; 23; 58; 61; 170; 172; 290; 80; 0; 263; 172; 183; 30; 140; 31; 300; 110; 200; 139; 114; 100; 129; 3; 0; 446; 0; 0; 11; 9999; 9999; 9999
1942;03; 93; 100; 0; 30; 98; 95; 0; 0; 0; 0; 0; 37; 166; 34; 2; 19; 0; 0; 0; 20; 0; 0; 0; 40; 2; 0; 0; 0; 0; 0; 61
1942;04; 0; 0; 0; 0; 0; 80; 111; 100; 57; 5; 0; 0; 0; 168; 62; 0; 0; 0; 0; 77; 0; 0; 270; 0; 0; 0; 0; 0; 0; 0; 9999
1942;05; 0; 84; 0; 0; 0; 80; 49; 62; 0; 0; 0; 0; 0; 0; 0; 0; 0; 0; 0; 0; 0; 0; 0; 0; 0; 0; 0; 0; 0; 0; 0
1942;06; 0; 0; 0; 0; 0; 0; 0; 0; 0; 0; 270; 192; 220; 35; 0; 0; 0; 0; 20; 193; 42; 0; 0; 0; 0; 0; 0; 0; 0; 0; 9999
1942;07; 0; 0; 0; 0; 0; 0; 173; 0; 0; 0; 0; 0; 0; 0; 83; 0; 0; 0; 0; 0; 0; 0; 0; 0; 440; 2; 0; 0; 0; 0; 0
1942;08; 0; 0; 0; 0; 0; 0; 0; 0; 0; 0; 0; 0; 0; 0; 0; 0; 0; 0; 0; 0; 0; 0; 0; 0; 0; 0; 0; 0; 0; 0; 0
1942;09; 0; 0; 0; 0; 0; 0; 0; 0; 0; 0; 0; 0; 0; 0; 0; 0; 0; 83; 40; 112; 0; 0; 0; 0; 0; 0; 0; 0; 0; 0; 9999
1942;10; 0; 0; 73; 0; 0; 0; 0; 0; 0; 0; 0; 0; 0; 0; 0; 0; 0; 0; 0; 0; 0; 0; 0; 0; 0; 0; 0; 0; 0; 0; 0
1942;11; 0; 52; 30; 0; 0; 0; 0; 72; 83; 0; 0; 0; 0; 0; 0; 0; 0; 42; 83; 230; 0; 0; 0; 0; 0; 210; 102; 0; 0; 142; 9999
1942;12; 0; 0; 0; 0; 0; 31; 0; 22; 24; 192; 92; 0; 0; 0; 0; 0; 0; 0; 55; 31; 114; 0; 0; 0; 0; 190; 87; 271; 4; 0; 0
1943;01; 0; 370; 171; 44; 0; 0; 0; 50; 64; 0; 68; 290; 0; 760; 64; 0; 0; 0; 44; 103; 0; 94; 159; 0; 474; 3; 193; 3; 0; 126; 291
1943;02; 0; 108; 51; 0; 0; 0; 0; 0; 0; 0; 0; 0; 175; 0; 187; 135; 0; 0; 166; 0; 23; 21; 2; 0; 73; 13; 102; 98; 9999; 9999; 9999
1943;03; 0; 0; 0; 0; 92; 101; 21; 0; 0; 3; 142; 61; 435; 62; 69; 0; 0; 0; 0; 0; 0; 0; 0; 0; 0; 0; 16; 0; 497; 193; 0
1943;04; 0; 0; 0; 0; 0; 0; 0; 0; 0; 0; 0; 0; 0; 0; 0; 312; 0; 0; 0; 0; 0; 0; 0; 0; 0; 0; 0; 0; 0; 0; 9999
1943;05; 0; 0; 0; 0; 0; 0; 0; 0; 0; 0; 0; 0; 0; 0; 0; 0; 0; 0; 0; 0; 0; 0; 0; 51; 0; 0; 0; 0; 0; 0; 0
1943;06; 21; 0; 0; 0; 0; 0; 0; 204; 0; 29; 70; 0; 0; 0; 0; 0; 0; 0; 0; 0; 0; 0; 0; 0; 0; 0; 0; 0; 0; 0; 9999
1943;07; 0; 0; 0; 0; 0; 0; 0; 0; 0; 0; 0; 0; 0; 0; 0; 0; 0; 0; 0; 0; 0; 0; 0; 0; 0; 0; 0; 0; 0; 0; 0
1943;08; 0; 0; 0; 0; 0; 0; 0; 0; 0; 0; 0; 0; 0; 0; 0; 0; 0; 0; 0; 0; 0; 30; 0; 0; 0; 0; 0; 0; 0; 0; 0
1943;09; 0; 0; 0; 0; 0; 0; 0; 0; 0; 0; 170; 0; 29; 223; 32; 0; 0; 0; 83; 21; 0; 0; 438; 191; 52; 30; 0; 0; 0; 0; 9999
1943;10; 0; 0; 0; 138; 59; 0; 0; 0; 0; 0; 252; 288; 75; 346; 84; 0; 0; 0; 0; 0; 0; 0; 155; 0; 53; 0; 88; 370; 248; 0; 0
1943;11; 0; 26; 229; 89; 0; 0; 0; 0; 0; 0; 0; 0; 0; 24; 0; 0; 0; 0; 0; 0; 101; 229; 0; 0; 0; 0; 0; 0; 0; 0; 9999
1943;12; 223; 111; 20; 0; 0; 0; 0; 0; 0; 0; 171; 43; 0; 0; 0; 0; 0; 162; 0; 0; 0; 0; 53; 71; 0; 346; 0; 0; 0; 62; 183
1944;01; 0; 0; 0; 0; 0; 0; 0; 83; 0; 0; 0; 0; 114; 66; 0; 0; 0; 0; 190; 114; 0; 0; 181; 0; 0; 0; 0; 0; 0; 190; 90
1944;02; 0; 230; 0; 0; 0; 0; 0; 0; 0; 0; 0; 0; 0; 0; 0; 0; 184; 64; 0; 270; 351; 0; 232; 31; 0; 0; 270; 186; 42; 9999; 9999
1944;03; 0; 69; 0; 0; 0; 0; 0; 0; 193; 62; 0; 0; 0; 0; 0; 0; 80; 196; 0; 0; 0; 0; 0; 0; 0; 0; 0; 0; 21; 0; 0
1944;04; 0; 0; 0; 0; 0; 0; 0; 0; 0; 0; 0; 0; 172; 0; 80; 0; 0; 0; 0; 0; 0; 0; 0; 0; 0; 0; 0; 0; 0; 0; 9999
1944;05; 0; 0; 67; 0; 0; 0; 0; 0; 0; 0; 0; 0; 0; 0; 0; 0; 0; 0; 0; 0; 0; 0; 0; 0; 0; 0; 0; 0; 0; 0; 0
1944;06; 0; 0; 0; 0; 0; 0; 0; 0; 0; 0; 0; 0; 0; 0; 0; 0; 0; 0; 92; 0; 0; 0; 0; 0; 0; 0; 89; 0; 0; 0; 9999
1944;07; 0; 0; 0; 90; 31; 0; 0; 0; 0; 0; 0; 0; 0; 0; 0; 0; 0; 0; 0; 0; 0; 0; 0; 0; 0; 0; 0; 0; 0; 0; 0
1944;08; 0; 0; 0; 0; 0; 0; 0; 0; 0; 0; 0; 0; 0; 0; 0; 0; 0; 0; 0; 0; 0; 0; 0; 0; 0; 0; 0; 0; 0; 0; 0
1944;09; 0; 0; 0; 0; 0; 0; 0; 0; 0; 0; 0; 0; 0; 0; 0; 0; 0; 0; 0; 0; 0; 0; 0; 0; 0; 0; 0; 0; 0; 0; 9999
1944;10; 0; 0; 0; 0; 0; 0; 0; 0; 0; 0; 0; 0; 0; 0; 0; 106; 116; 83; 222; 0; 0; 0; 0; 0; 0; 185; 0; 27; 0; 0; 0
1944;11; 0; 0; 0; 0; 0; 256; 0; 0; 0; 98; 86; 107; 0; 0; 0; 0; 0; 0; 0; 0; 0; 0; 272; 366; 0; 82; 51; 0; 0; 0; 9999
1944;12; 0; 96; 65; 2; 0; 0; 0; 0; 0; 83; 0; 0; 0; 0; 0; 0; 0; 0; 0; 0; 0; 0; 272; 63; 0; 0; 0; 0; 195; 0; 0
1945;01; 0; 296; 0; 0; 0; 0; 83; 165; 41; 0; 0; 0; 0; 0; 0; 0; 0; 0; 724; 0; 0; 484; 52; 0; 0; 152; 0; 0; 0; 180; 360
1945;02; 272; 163; 92; 0; 0; 0; 0; 0; 174; 86; 22; 0; 0; 0; 0; 33; 0; 163; 71; 0; 0; 202; 192; 43; 81; 180; 193; 46; 9999; 9999; 9999
1945;03; 0; 0; 0; 71; 0; 0; 0; 0; 86; 33; 0; 0; 0; 0; 0; 0; 174; 86; 22; 0; 0; 0; 0; 0; 0; 0; 0; 0; 0; 0; 0
1945;04; 0; 0; 0; 73; 0; 0; 0; 0; 0; 0; 0; 0; 0; 82; 22; 0; 0; 0; 0; 0; 0; 0; 0; 0; 0; 0; 0; 0; 64; 0; 9999
1945;05; 94; 0; 0; 0; 0; 142; 81; 0; 0; 0; 0; 0; 0; 187; 154; 0; 0; 0; 0; 0; 0; 0; 0; 0; 64; 0; 0; 0; 0; 0; 62
1945;06; 0; 42; 0; 0; 0; 0; 0; 0; 362; 41; 0; 0; 0; 0; 0; 0; 0; 0; 162; 73; 0; 0; 0; 0; 0; 0; 0; 0; 0; 42; 9999
1945;07; 0; 0; 0; 0; 124; 51; 0; 0; 0; 0; 0; 0; 0; 0; 0; 0; 0; 0; 0; 0; 0; 0; 0; 0; 0; 0; 0; 0; 0; 0; 0
1945;08; 0; 0; 0; 0; 0; 0; 0; 0; 0; 0; 0; 0; 0; 0; 0; 0; 0; 0; 0; 0; 0; 0; 0; 0; 0; 0; 0; 0; 0; 0; 0
1945;09; 0; 0; 0; 0; 0; 0; 0; 0; 0; 0; 0; 0; 0; 0; 0; 0; 0; 0; 0; 0; 0; 0; 73; 0; 0; 0; 0; 121; 30; 0; 9999
1945;10; 0; 0; 0; 0; 0; 0; 0; 0; 0; 0; 0; 0; 0; 0; 0; 0; 0; 0; 0; 0; 0; 0; 0; 0; 0; 0; 0; 0; 201; 113; 64
1945;11; 0; 3; 164; 0; 0; 0; 0; 0; 0; 0; 0; 0; 303; 152; 0; 0; 0; 0; 0; 0; 0; 0; 0; 0; 0; 0; 207; 52; 0; 0; 9999
1945;12; 0; 0; 0; 108; 281; 82; 0; 0; 0; 0; 0; 0; 306; 101; 0; 0; 0; 0; 0; 0; 0; 0; 0; 0; 106; 0; 0; 0; 0; 0; 0
1946;01; 163; 104; 82; 51; 162; 20; 243; 0; 0; 0; 184; 0; 0; 253; 0; 0; 0; 0; 276; 152; 104; 80; 2; 0; 0; 92; 184; 93; 282; 0; 183
1946;02; 0; 173; 50; 63; 0; 0; 0; 0; 0; 162; 101; 2; 0; 0; 0; 0; 0; 172; 63; 40; 0; 0; 0; 0; 222; 143; 0; 0; 9999; 9999; 9999
1946;03; 0; 0; 174; 41; 106; 0; 0; 0; 0; 62; 143; 84; 0; 0; 0; 162; 4; 0; 0; 225; 82; 0; 243; 82; 0; 0; 0; 4; 0; 0; 0
1946;04; 162; 83; 0; 0; 0; 0; 0; 0; 6; 0; 0; 0; 0; 0; 0; 0; 0; 0; 0; 0; 0; 0; 0; 0; 0; 6; 0; 0; 0; 0; 9999
1946;05; 0; 0; 0; 0; 0; 0; 0; 0; 0; 0; 0; 0; 0; 0; 0; 0; 0; 0; 0; 0; 0; 0; 0; 0; 0; 0; 0; 0; 0; 0; 62
1946;06; 143; 82; 161; 103; 0; 0; 0; 0; 0; 0; 0; 0; 0; 0; 0; 0; 0; 0; 0; 0; 0; 0; 0; 0; 0; 0; 0; 0; 0; 0; 9999
1946;07; 0; 0; 0; 0; 6; 0; 0; 0; 306; 40; 0; 0; 0; 0; 0; 0; 0; 0; 0; 0; 0; 0; 0; 0; 0; 0; 0; 0; 0; 0; 0
1946;08; 0; 0; 0; 0; 0; 0; 0; 0; 0; 0; 0; 0; 0; 0; 0; 0; 0; 0; 0; 21; 34; 0; 0; 0; 0; 0; 0; 0; 0; 42; 0
1946;09; 0; 0; 0; 0; 0; 0; 0; 0; 0; 0; 0; 0; 0; 0; 0; 0; 0; 0; 0; 0; 0; 0; 0; 0; 4; 0; 0; 0; 0; 0; 9999
1946;10; 0; 0; 0; 0; 0; 0; 0; 0; 0; 0; 0; 0; 141; 41; 0; 0; 0; 0; 49; 2; 0; 0; 0; 0; 0; 0; 0; 0; 132; 0; 0
1946;11; 0; 0; 34; 0; 0; 0; 0; 111; 0; 0; 0; 0; 0; 0; 0; 0; 0; 183; 0; 100; 0; 53; 0; 0; 0; 0; 0; 0; 0; 0; 9999
1946;12; 0; 0; 0; 0; 0; 34; 62; 95; 173; 41; 0; 0; 0; 0; 0; 0; 0; 0; 0; 72; 20; 0; 184; 0; 52; 0; 0; 0; 0; 0; 143
1947;01; 144; 62; 0; 0; 122; 31; 153; 204; 0; 0; 0; 0; 232; 0; 0; 0; 0; 113; 136; 0; 0; 0; 0; 0; 0; 0; 101; 144; 92; 203; 91
1947;02; 0; 0; 0; 0; 0; 0; 0; 0; 112; 43; 174; 54; 0; 0; 0; 0; 223; 92; 125; 0; 0; 0; 0; 0; 0; 0; 81; 62; 9999; 9999; 9999
1947;03; 0; 83; 51; 42; 3; 0; 0; 143; 0; 0; 0; 0; 0; 0; 0; 0; 0; 0; 0; 0; 0; 0; 0; 0; 0; 0; 0; 0; 0; 0; 0
1947;04; 0; 0; 0; 42; 0; 0; 0; 0; 92; 41; 0; 0; 0; 0; 0; 0; 0; 0; 0; 0; 0; 0; 0; 0; 0; 0; 0; 0; 0; 0; 9999
1947;05; 0; 0; 0; 0; 0; 83; 41; 62; 0; 0; 0; 0; 0; 0; 0; 0; 0; 0; 0; 0; 0; 0; 0; 0; 0; 0; 0; 0; 0; 0; 0
1947;06; 0; 0; 0; 0; 0; 0; 0; 0; 0; 0; 43; 0; 0; 0; 0; 0; 0; 0; 0; 122; 20; 0; 0; 0; 0; 0; 0; 0; 0; 0; 9999
1947;07; 0; 0; 2; 41; 123; 0; 0; 0; 0; 106; 0; 0; 0; 0; 0; 0; 0; 0; 0; 0; 0; 0; 0; 0; 0; 0; 0; 0; 82; 0; 0
1947;08; 0; 0; 0; 0; 0; 0; 121; 0; 0; 0; 0; 0; 0; 0; 0; 0; 0; 0; 0; 0; 0; 0; 0; 0; 0; 0; 0; 0; 0; 0; 0
1947;09; 92; 0; 0; 0; 0; 81; 0; 0; 100; 0; 0; 0; 0; 0; 0; 0; 0; 81; 40; 0; 0; 0; 92; 83; 42; 0; 0; 0; 40; 0; 9999
1947;10; 0; 0; 0; 0; 0; 0; 0; 0; 0; 0; 0; 0; 0; 0; 0; 9999; 9999; 9999; 9999; 9999; 9999; 9999; 9999; 9999; 9999; 9999; 9999; 9999; 9999; 9999; 9999
1947;11; 0; 0; 0; 0; 0; 0; 0; 0; 0; 0; 0; 0; 0; 0; 0; 9999; 9999; 9999; 9999; 9999; 9999; 9999; 9999; 9999; 9999; 9999; 9999; 9999; 9999; 9999; 9999
1947;12; 0; 0; 0; 0; 0; 0; 0; 0; 0; 0; 0; 0; 0; 0; 0; 9999; 9999; 9999; 9999; 9999; 9999; 9999; 9999; 9999; 9999; 9999; 9999; 9999; 9999; 9999; 9999
1948;01; 0; 0; 0; 0; 0; 0; 0; 0; 0; 0; 82; 123; 0; 22; 132; 174; 113; 0; 184; 193; 123; 70; 52; 0; 0; 0; 0; 23; 82; 0; 64
1948;02; 0; 0; 0; 0; 52; 3; 0; 0; 0; 0; 0; 0; 0; 0; 0; 100; 0; 0; 0; 0; 0; 63; 82; 0; 0; 0; 0; 92; 0; 9999; 9999
1948;03; 0; 53; 0; 22; 0; 0; 0; 0; 0; 51; 133; 92; 0; 0; 94; 0; 0; 0; 0; 0; 102; 0; 40; 114; 81; 0; 0; 0; 0; 40; 3
1948;04; 0; 0; 0; 42; 0; 0; 0; 0; 0; 0; 0; 0; 0; 0; 0; 0; 0; 0; 0; 0; 0; 0; 0; 0; 0; 0; 0; 0; 0; 0; 9999
1948;05; 0; 0; 0; 42; 0; 0; 0; 0; 0; 0; 0; 0; 0; 0; 0; 0; 0; 81; 0; 0; 0; 0; 0; 0; 0; 0; 0; 0; 0; 52; 0
1948;06; 2; 0; 42; 0; 0; 0; 0; 0; 0; 0; 0; 0; 0; 0; 0; 0; 0; 0; 0; 0; 0; 0; 0; 0; 0; 0; 0; 0; 0; 0; 9999
1948;07; 0; 0; 0; 0; 0; 0; 0; 0; 0; 0; 0; 0; 0; 0; 0; 40; 82; 0; 0; 0; 43; 0; 0; 0; 40; 0; 0; 63; 42; 94; 0
1948;08; 0; 0; 82; 2; 0; 0; 40; 0; 0; 0; 0; 0; 92; 103; 2; 0; 0; 0; 0; 0; 0; 0; 0; 0; 0; 0; 0; 0; 0; 0; 0
1948;09; 0; 0; 0; 0; 0; 0; 0; 0; 0; 0; 0; 0; 0; 0; 0; 0; 0; 0; 0; 42; 0; 0; 0; 0; 0; 0; 82; 2; 0; 0; 9999
1948;10; 0; 0; 0; 60; 2; 0; 84; 0; 0; 0; 0; 0; 0; 0; 0; 0; 0; 0; 0; 0; 0; 0; 0; 0; 0; 0; 20; 62; 81; 52; 0
1948;11; 0; 0; 0; 42; 0; 0; 0; 0; 0; 0; 0; 0; 0; 0; 82; 0; 0; 0; 0; 123; 2; 0; 113; 2; 0; 103; 2; 0; 0; 122; 9999
1948;12; 82; 40; 0; 0; 0; 0; 0; 0; 0; 0; 0; 60; 2; 0; 0; 0; 0; 0; 0; 0; 0; 0; 0; 0; 0; 0; 0; 0; 0; 0; 0
1949;01; 0; 0; 0; 0; 0; 0; 0; 0; 0; 92; 110; 82; 120; 184; 92; 0; 0; 4; 60; 52; 0; 0; 0; 0; 114; 83; 40; 0; 0; 0; 0
1949;02; 0; 0; 0; 0; 0; 82; 63; 114; 183; 42; 0; 0; 0; 0; 0; 2; 92; 0; 0; 83; 91; 132; 111; 0; 0; 0; 183; 41; 9999; 9999; 9999
1949;03; 0; 0; 42; 64; 52; 3; 0; 0; 0; 0; 0; 0; 0; 42; 0; 0; 0; 0; 0; 0; 0; 0; 0; 0; 0; 0; 0; 0; 0; 0; 0
1949;04; 0; 60; 128; 225; 83; 0; 0; 0; 0; 0; 0; 0; 0; 0; 0; 0; 0; 0; 0; 0; 0; 52; 71; 0; 0; 0; 0; 0; 0; 0; 9999
1949;05; 0; 0; 0; 62; 45; 0; 0; 0; 0; 0; 0; 91; 65; 0; 0; 0; 0; 0; 0; 0; 0; 0; 0; 0; 0; 0; 0; 0; 0; 0; 0
1949;06; 0; 0; 0; 0; 0; 0; 0; 0; 0; 107; 41; 0; 0; 0; 0; 0; 0; 0; 0; 0; 0; 63; 0; 0; 0; 0; 0; 0; 0; 0; 9999
1949;07; 0; 0; 0; 0; 0; 0; 0; 0; 0; 0; 0; 0; 0; 0; 0; 0; 42; 0; 0; 0; 0; 0; 0; 0; 63; 0; 0; 0; 0; 0; 0
1949;08; 0; 0; 0; 0; 0; 0; 0; 2; 0; 0; 0; 0; 0; 0; 0; 0; 0; 0; 0; 0; 0; 0; 43; 2; 0; 0; 0; 0; 0; 0; 0
1949;09; 0; 0; 63; 41; 0; 0; 0; 0; 0; 0; 0; 0; 0; 0; 0; 0; 0; 0; 0; 0; 0; 0; 0; 0; 0; 0; 0; 9999; 0; 0; 9999
1949;10; 0; 0; 0; 0; 0; 0; 0; 62; 81; 0; 0; 0; 0; 0; 0; 0; 0; 0; 0; 0; 0; 0; 0; 0; 0; 0; 0; 0; 0; 41; 0
1949;11; 62; 0; 0; 0; 0; 0; 0; 0; 0; 0; 0; 42; 2; 0; 0; 0; 0; 0; 0; 0; 0; 0; 0; 0; 0; 0; 0; 0; 63; 0; 9999
1949;12; 0; 0; 61; 0; 0; 0; 0; 0; 42; 81; 0; 0; 60; 0; 0; 83; 111; 0; 0; 0; 0; 0; 62; 81; 0; 0; 0; 114; 43; 0; 0
1950;01; 0; 0; 0; 0; 0; 0; 0; 62; 41; 0; 80; 42; 0; 0; 0; 0; 0; 0; 0; 52; 71; 102; 113; 92; 0; 0; 0; 63; 22; 64; 83
1950;02; 124; 83; 94; 4; 62; 81; 43; 72; 0; 0; 0; 40; 67; 0; 0; 0; 62; 41; 3; 0; 0; 51; 3; 54; 0; 0; 73; 4; 9999; 9999; 9999
1950;03; 0; 63; 4; 0; 74; 0; 63; 0; 43; 82; 124; 0; 0; 0; 0; 0; 0; 0; 42; 93; 121; 84; 0; 0; 0; 0; 0; 0; 0; 0; 0
1950;04; 0; 0; 0; 0; 0; 0; 0; 0; 0; 0; 43; 3; 0; 0; 0; 42; 183; 94; 202; 0; 142; 0; 0; 0; 0; 0; 104; 83; 82; 93; 9999
1950;05; 53; 0; 0; 0; 0; 0; 0; 0; 0; 41; 2; 0; 0; 0; 0; 0; 0; 0; 0; 45; 0; 0; 0; 0; 0; 52; 0; 0; 0; 52; 0
1950;06; 0; 0; 43; 3; 0; 0; 0; 0; 0; 0; 0; 0; 0; 0; 0; 0; 52; 81; 0; 0; 0; 0; 0; 0; 60; 0; 0; 0; 0; 0; 9999
1950;07; 0; 0; 0; 0; 0; 0; 0; 0; 0; 0; 0; 42; 2; 0; 0; 0; 0; 0; 0; 0; 0; 0; 0; 0; 0; 0; 0; 0; 0; 0; 0
1950;08; 0; 0; 42; 61; 2; 0; 0; 0; 0; 0; 0; 0; 0; 0; 0; 0; 0; 0; 0; 0; 0; 2; 43; 0; 0; 0; 0; 0; 0; 0; 0
1950;09; 0; 0; 0; 0; 0; 0; 0; 0; 0; 0; 0; 0; 0; 0; 0; 0; 0; 0; 0; 0; 0; 0; 0; 51; 3; 0; 0; 0; 0; 0; 9999
1950;10; 0; 63; 0; 0; 0; 0; 0; 0; 0; 0; 0; 0; 0; 0; 0; 0; 0; 63; 41; 0; 0; 0; 0; 0; 0; 0; 0; 0; 0; 53; 0
1950;11; 0; 0; 0; 0; 0; 0; 0; 0; 0; 41; 0; 0; 0; 0; 0; 0; 71; 2; 0; 0; 0; 0; 93; 42; 3; 0; 0; 0; 82; 41; 9999
1950;12; 0; 0; 0; 0; 82; 124; 42; 0; 0; 0; 0; 81; 43; 0; 0; 0; 0; 0; 0; 92; 53; 2; 0; 0; 0; 0; 0; 0; 0; 83; 0
1951;01; 0; 0; 82; 40; 0; 92; 143; 0; 0; 0; 0; 81; 52; 2; 123; 0; 0; 0; 112; 82; 61; 142; 0; 0; 0; 0; 121; 0; 182; 3; 0
1951;02; 0; 0; 0; 0; 0; 62; 41; 0; 81; 4; 0; 40; 0; 0; 0; 0; 0; 0; 0; 51; 62; 0; 0; 0; 0; 0; 82; 41; 9999; 9999; 9999
1951;03; 0; 0; 0; 0; 0; 0; 0; 0; 0; 42; 0; 61; 42; 2; 80; 52; 121; 92; 81; 3; 0; 0; 101; 0; 0; 0; 104; 0; 0; 0; 0
1951;04; 0; 62; 81; 43; 0; 0; 0; 0; 0; 0; 0; 0; 0; 0; 0; 0; 0; 0; 0; 0; 0; 0; 0; 0; 0; 0; 0; 0; 0; 2; 9999
1951;05; 0; 0; 62; 43; 0; 0; 0; 0; 0; 0; 0; 0; 0; 0; 0; 0; 0; 0; 0; 0; 0; 0; 0; 0; 0; 42; 3; 0; 0; 0; 0
1951;06; 0; 0; 0; 0; 0; 0; 0; 0; 0; 0; 4; 0; 0; 0; 0; 0; 0; 0; 0; 0; 0; 0; 0; 0; 0; 0; 0; 0; 0; 0; 9999
1951;07; 0; 0; 4; 0; 0; 0; 0; 0; 0; 40; 0; 0; 0; 0; 0; 0; 0; 0; 0; 0; 0; 0; 0; 0; 0; 62; 40; 0; 0; 0; 0
1951;08; 0; 0; 0; 0; 0; 0; 0; 0; 0; 0; 0; 0; 0; 0; 0; 0; 0; 0; 0; 0; 0; 0; 0; 0; 4; 0; 0; 0; 0; 0; 0
1951;09; 0; 62; 43; 0; 0; 0; 0; 0; 0; 0; 0; 0; 0; 0; 0; 0; 0; 0; 0; 0; 0; 42; 2; 0; 0; 0; 0; 0; 0; 0; 9999
1951;10; 0; 0; 0; 0; 0; 0; 0; 0; 0; 41; 2; 0; 0; 0; 0; 0; 0; 0; 0; 0; 0; 0; 0; 0; 0; 0; 0; 62; 2; 0; 0
1951;11; 0; 0; 0; 0; 0; 0; 0; 62; 43; 0; 0; 0; 0; 0; 0; 0; 0; 82; 41; 0; 0; 0; 0; 0; 52; 63; 0; 0; 0; 0; 9999
1951;12; 0; 0; 0; 0; 40; 0; 0; 0; 0; 82; 0; 0; 0; 0; 0; 63; 142; 121; 0; 0; 0; 2; 160; 60; 0; 0; 0; 0; 42; 0; 93
1952;01; 0; 0; 0; 0; 0; 0; 4; 62; 0; 0; 0; 81; 0; 0; 123; 0; 0; 0; 0; 84; 0; 64; 0; 0; 0; 0; 42; 2; 0; 112; 0
1952;02; 0; 0; 0; 42; 83; 0; 0; 0; 0; 0; 61; 0; 0; 0; 0; 0; 0; 0; 0; 62; 0; 0; 0; 0; 0; 0; 41; 63; 0; 9999; 9999
1952;03; 0; 0; 42; 64; 0; 0; 0; 0; 0; 82; 43; 92; 4; 0; 0; 0; 62; 0; 0; 0; 0; 0; 0; 0; 0; 0; 0; 0; 0; 0; 0
1952;04; 0; 0; 63; 41; 0; 0; 0; 0; 0; 0; 0; 0; 0; 0; 0; 0; 0; 0; 0; 0; 0; 0; 0; 0; 0; 0; 0; 0; 0; 0; 9999
1952;05; 0; 0; 0; 42; 0; 0; 0; 0; 0; 0; 0; 0; 0; 0; 0; 0; 0; 0; 0; 0; 0; 0; 0; 0; 0; 0; 0; 0; 0; 0; 0
1952;06; 0; 0; 0; 0; 0; 0; 0; 0; 0; 0; 0; 64; 42; 0; 0; 0; 81; 53; 4; 0; 0; 0; 0; 0; 0; 0; 0; 0; 0; 3; 9999
1952;07; 0; 0; 0; 0; 0; 0; 0; 0; 0; 0; 0; 0; 0; 0; 0; 0; 0; 0; 0; 0; 0; 0; 0; 0; 0; 0; 0; 0; 0; 0; 0
1952;08; 0; 0; 0; 0; 0; 0; 0; 0; 0; 0; 0; 0; 0; 0; 0; 0; 42; 0; 0; 0; 0; 0; 0; 0; 0; 0; 0; 0; 0; 0; 0
1952;09; 0; 0; 0; 0; 0; 0; 0; 0; 0; 0; 0; 0; 0; 0; 0; 0; 0; 0; 83; 162; 0; 0; 0; 0; 0; 0; 0; 0; 0; 0; 9999
1952;10; 0; 0; 0; 0; 0; 0; 0; 0; 0; 0; 0; 0; 0; 103; 160; 4; 0; 0; 352; 151; 3; 0; 153; 0; 0; 157; 105; 142; 103; 151; 0
1952;11; 112; 43; 82; 3; 0; 0; 0; 0; 0; 4; 154; 0; 0; 0; 0; 0; 0; 0; 0; 0; 0; 0; 0; 93; 4; 0; 0; 132; 53; 0; 9999
1952;12; 62; 103; 0; 0; 42; 0; 0; 0; 0; 0; 0; 160; 42; 0; 0; 0; 0; 0; 0; 0; 123; 13; 0; 0; 92; 253; 227; 0; 0; 53; 4
1953;01; 174; 103; 67; 99; 0; 0; 0; 0; 0; 0; 0; 0; 0; 0; 24; 0; 0; 0; 0; 0; 0; 82; 0; 0; 369; 42; 0; 0; 174; 0; 0
1953;02; 126; 0; 0; 6; 0; 0; 0; 0; 0; 0; 0; 230; 320; 0; 163; 142; 0; 0; 0; 0; 0; 0; 153; 0; 0; 0; 0; 0; 9999; 9999; 9999
1953;03; 124; 92; 0; 114; 0; 0; 0; 53; 0; 0; 0; 0; 101; 64; 34; 0; 0; 0; 0; 0; 0; 0; 117; 0; 0; 0; 0; 21; 0; 43; 0
1953;04; 0; 0; 43; 0; 0; 152; 0; 244; 0; 0; 0; 0; 0; 0; 0; 0; 0; 172; 13; 0; 0; 46; 12; 11; 0; 0; 0; 0; 0; 0; 9999
1953;05; 0; 0; 0; 0; 173; 0; 0; 0; 0; 0; 0; 0; 0; 0; 0; 0; 0; 0; 0; 0; 0; 0; 106; 0; 0; 203; 63; 0; 0; 0; 0
1953;06; 107; 0; 0; 0; 0; 0; 0; 0; 0; 92; 3; 0; 0; 0; 0; 0; 0; 0; 0; 0; 0; 0; 0; 0; 0; 0; 0; 0; 0; 0; 9999
1953;07; 0; 0; 0; 68; 0; 0; 0; 0; 0; 83; 32; 0; 0; 0; 0; 0; 0; 0; 0; 205; 0; 0; 0; 0; 0; 0; 0; 0; 0; 0; 12
1953;08; 0; 0; 0; 0; 0; 0; 0; 0; 0; 0; 0; 0; 0; 0; 0; 0; 0; 0; 0; 0; 0; 0; 0; 154; 0; 0; 0; 0; 0; 93; 0
1953;09; 0; 0; 0; 0; 0; 0; 83; 0; 0; 42; 0; 0; 0; 0; 0; 405; 52; 0; 0; 0; 0; 0; 0; 45; 0; 0; 0; 0; 0; 0; 9999
1953;10; 0; 0; 73; 163; 112; 23; 78; 0; 0; 0; 0; 0; 0; 0; 0; 0; 53; 0; 172; 0; 0; 0; 0; 0; 0; 0; 0; 0; 0; 153; 0
1953;11; 123; 54; 0; 0; 0; 0; 0; 74; 12; 0; 0; 0; 103; 0; 173; 0; 0; 0; 0; 156; 30; 0; 0; 0; 0; 0; 0; 0; 0; 458; 9999
1953;12; 338; 0; 254; 95; 40; 0; 0; 0; 0; 0; 0; 173; 32; 0; 0; 0; 0; 103; 0; 0; 0; 0; 0; 0; 0; 0; 0; 53; 41; 0; 0
1954;01; 0; 0; 406; 192; 0; 87; 312; 234; 42; 0; 0; 0; 0; 0; 0; 0; 0; 294; 733; 0; 0; 103; 0; 0; 0; 0; 52; 0; 0; 63; 0
1954;02; 0; 0; 0; 203; 175; 73; 609; 153; 104; 0; 0; 0; 0; 0; 0; 0; 192; 283; 116; 0; 0; 0; 107; 0; 0; 0; 0; 0; 9999; 9999; 9999
1954;03; 0; 26; 0; 0; 0; 187; 74; 32; 0; 66; 362; 24; 278; 0; 0; 0; 0; 0; 27; 12; 0; 0; 0; 0; 0; 0; 0; 104; 0; 0; 382
1954;04; 0; 0; 0; 0; 0; 0; 0; 0; 0; 0; 0; 0; 40; 60; 0; 0; 0; 0; 0; 0; 0; 0; 0; 0; 0; 0; 0; 0; 47; 0; 9999
1954;05; 0; 0; 0; 0; 0; 0; 23; 0; 57; 0; 243; 0; 200; 115; 0; 0; 118; 69; 413; 0; 24; 0; 0; 0; 0; 0; 0; 0; 0; 0; 0
1954;06; 0; 0; 0; 102; 143; 97; 56; 0; 0; 0; 49; 0; 0; 0; 0; 0; 0; 0; 0; 46; 0; 0; 167; 0; 0; 0; 0; 0; 0; 0; 9999
1954;07; 0; 0; 0; 0; 0; 0; 0; 0; 0; 0; 0; 0; 0; 0; 0; 198; 0; 0; 0; 0; 0; 0; 30; 0; 0; 40; 0; 0; 0; 0; 0
1954;08; 0; 0; 0; 0; 0; 0; 0; 0; 30; 0; 0; 0; 0; 0; 0; 0; 0; 0; 0; 0; 0; 40; 0; 0; 0; 0; 0; 0; 40; 0; 0
1954;09; 0; 0; 0; 0; 0; 0; 0; 0; 0; 0; 0; 0; 0; 73; 0; 0; 0; 0; 0; 123; 52; 0; 0; 0; 0; 0; 30; 165; 0; 128; 9999
1954;10; 123; 0; 0; 314; 0; 0; 0; 0; 0; 0; 94; 0; 0; 15; 56; 0; 0; 74; 205; 0; 202; 216; 0; 0; 0; 0; 0; 183; 64; 0; 0
1954;11; 0; 0; 0; 0; 0; 0; 0; 0; 0; 0; 0; 0; 0; 0; 0; 0; 0; 0; 0; 0; 0; 0; 0; 104; 0; 0; 0; 0; 0; 0; 9999
1954;12; 0; 0; 0; 184; 0; 0; 0; 273; 0; 78; 0; 0; 64; 0; 0; 0; 36; 32; 201; 238; 0; 0; 107; 0; 0; 0; 0; 0; 24; 0; 0
1955;01; 0; 0; 539; 13; 275; 248; 40; 117; 0; 59; 83; 147; 96; 220; 203; 85; 406; 136; 0; 0; 0; 0; 0; 0; 0; 0; 0; 0; 0; 0; 53
1955;02; 0; 46; 50; 0; 42; 0; 0; 0; 0; 0; 122; 50; 129; 0; 0; 0; 0; 0; 0; 0; 53; 203; 69; 0; 187; 0; 32; 0; 9999; 9999; 9999
1955;03; 0; 374; 56; 0; 0; 75; 20; 0; 0; 157; 584; 0; 0; 0; 0; 82; 0; 0; 0; 0; 0; 0; 0; 513; 0; 0; 0; 100; 33; 24; 20
1955;04; 0; 0; 0; 0; 0; 0; 0; 0; 0; 0; 32; 0; 73; 0; 0; 228; 104; 0; 0; 0; 0; 0; 0; 0; 0; 0; 0; 0; 44; 12; 9999
1955;05; 0; 0; 0; 0; 0; 0; 0; 0; 0; 0; 0; 0; 0; 0; 0; 134; 20; 51; 0; 164; 0; 0; 0; 34; 0; 0; 0; 0; 0; 30; 104
1955;06; 0; 0; 0; 0; 0; 32; 0; 0; 155; 12; 0; 0; 175; 46; 0; 0; 34; 0; 0; 0; 0; 0; 0; 0; 0; 0; 0; 0; 0; 0; 9999
1955;07; 0; 0; 0; 153; 514; 200; 0; 0; 0; 0; 0; 0; 0; 0; 0; 0; 0; 0; 0; 0; 0; 0; 0; 0; 0; 0; 0; 0; 0; 0; 31
1955;08; 0; 0; 0; 0; 0; 0; 0; 0; 0; 0; 0; 0; 0; 0; 0; 0; 0; 0; 0; 0; 0; 0; 0; 0; 0; 183; 334; 402; 300; 0; 0
1955;09; 0; 0; 0; 0; 0; 0; 0; 0; 0; 0; 0; 0; 0; 0; 0; 0; 0; 0; 0; 0; 0; 0; 0; 0; 0; 0; 0; 0; 0; 0; 9999
1955;10; 0; 21; 0; 0; 0; 0; 0; 0; 0; 0; 0; 0; 93; 0; 0; 0; 47; 53; 0; 0; 0; 12; 0; 0; 0; 0; 0; 659; 74; 0; 0
1955;11; 504; 105; 407; 0; 0; 0; 0; 0; 0; 53; 80; 23; 0; 0; 0; 0; 0; 0; 57; 0; 0; 0; 52; 0; 0; 0; 0; 0; 0; 0; 9999
1955;12; 0; 74; 607; 183; 0; 0; 0; 298; 0; 0; 0; 0; 404; 0; 0; 0; 453; 0; 0; 0; 0; 13; 0; 0; 0; 212; 0; 0; 0; 244; 539
1956;01; 400; 0; 0; 0; 0; 0; 0; 0; 0; 42; 0; 0; 0; 0; 0; 0; 0; 569; 84; 334; 0; 0; 0; 142; 291; 0; 126; 0; 74; 40; 0
1956;02; 0; 0; 73; 0; 0; 0; 0; 0; 0; 0; 0; 0; 119; 167; 124; 283; 0; 0; 0; 304; 0; 0; 224; 192; 405; 73; 107; 50; 0; 9999; 9999
1956;03; 0; 0; 0; 0; 0; 0; 0; 0; 0; 0; 0; 42; 0; 36; 0; 0; 0; 274; 0; 0; 0; 0; 0; 0; 673; 0; 0; 0; 74; 156; 605
1956;04; 0; 0; 0; 0; 0; 0; 0; 0; 0; 345; 0; 0; 0; 0; 0; 0; 0; 0; 0; 0; 0; 0; 0; 0; 0; 0; 0; 507; 254; 0; 9999
1956;05; 0; 274; 0; 0; 309; 107; 5; 52; 0; 75; 0; 0; 0; 0; 0; 0; 0; 0; 0; 0; 0; 75; 0; 0; 207; 293; 146; 0; 0; 0; 0
1956;06; 229; 37; 0; 0; 0; 0; 0; 0; 0; 0; 263; 184; 324; 103; 67; 0; 0; 6; 0; 0; 0; 0; 0; 0; 0; 0; 0; 255; 0; 0; 9999
1956;07; 0; 0; 0; 0; 0; 0; 74; 0; 0; 0; 0; 0; 0; 0; 117; 0; 0; 0; 0; 0; 0; 0; 126; 292; 0; 0; 0; 0; 0; 0; 208
1956;08; 336; 0; 65; 293; 4; 0; 0; 0; 0; 0; 0; 0; 0; 0; 0; 0; 0; 0; 0; 0; 0; 0; 0; 274; 0; 0; 0; 0; 0; 0; 0
1956;09; 0; 0; 0; 0; 0; 0; 0; 0; 0; 206; 98; 63; 52; 0; 114; 23; 0; 0; 0; 0; 0; 0; 0; 0; 0; 134; 0; 52; 0; 0; 9999
1956;10; 0; 0; 0; 0; 0; 0; 0; 0; 0; 0; 373; 506; 0; 0; 0; 0; 0; 0; 0; 0; 0; 0; 167; 283; 0; 0; 0; 74; 0; 124; 0
1956;11; 0; 0; 0; 0; 0; 0; 0; 0; 0; 0; 0; 0; 0; 0; 0; 0; 0; 0; 0; 0; 0; 0; 0; 0; 0; 43; 0; 0; 0; 0; 9999
1956;12; 0; 0; 0; 0; 0; 63; 205; 98; 0; 0; 0; 0; 0; 207; 93; 15; 0; 0; 0; 0; 0; 0; 45; 165; 407; 0; 0; 0; 0; 0; 0
1957;01; 304; 0; 0; 0; 0; 0; 0; 0; 0; 373; 137; 0; 0; 0; 807; 506; 562; 40; 0; 304; 177; 0; 0; 258; 174; 633; 0; 96; 0; 75; 0
1957;02; 112; 0; 164; 307; 0; 0; 0; 276; 496; 0; 213; 0; 0; 0; 163; 387; 74; 0; 0; 0; 0; 0; 0; 0; 0; 53; 134; 0; 9999; 9999; 9999
1957;03; 0; 0; 0; 0; 0; 0; 147; 0; 293; 0; 0; 0; 95; 0; 0; 0; 0; 0; 0; 0; 336; 474; 269; 0; 0; 0; 0; 0; 0; 0; 0
1957;04; 0; 76; 124; 0; 0; 0; 0; 0; 0; 0; 0; 0; 0; 0; 0; 173; 0; 0; 0; 0; 0; 0; 0; 0; 0; 73; 0; 0; 0; 127; 9999
1957;05; 173; 0; 0; 0; 0; 0; 0; 0; 0; 73; 0; 0; 0; 0; 0; 0; 0; 0; 0; 0; 0; 0; 0; 0; 0; 0; 0; 76; 0; 0; 0
1957;06; 0; 0; 53; 0; 0; 0; 0; 507; 0; 0; 0; 0; 0; 0; 0; 0; 0; 0; 0; 0; 0; 0; 0; 0; 0; 0; 0; 0; 0; 479; 9999
1957;07; 93; 482; 57; 74; 0; 44; 0; 0; 0; 0; 0; 0; 0; 0; 0; 76; 273; 163; 275; 104; 0; 0; 0; 0; 92; 0; 0; 0; 0; 0; 0
1957;08; 0; 0; 52; 0; 0; 0; 0; 0; 0; 0; 0; 0; 0; 0; 0; 0; 607; 183; 195; 0; 0; 0; 0; 0; 0; 0; 0; 0; 0; 0; 238
1957;09; 0; 0; 638; 513; 0; 0; 0; 476; 0; 0; 0; 0; 168; 0; 0; 76; 0; 0; 0; 0; 0; 276; 704; 157; 0; 0; 0; 0; 0; 0; 9999
1957;10; 0; 0; 0; 0; 0; 0; 0; 0; 0; 0; 0; 305; 72; 0; 0; 0; 215; 0; 0; 0; 0; 53; 236; 0; 0; 0; 534; 588; 0; 153; 0
1957;11; 0; 0; 0; 236; 0; 0; 0; 0; 97; 127; 0; 0; 0; 0; 0; 0; 0; 114; 0; 976; 763; 0; 0; 0; 76; 0; 0; 0; 0; 0; 9999
1957;12; 0; 126; 388; 74; 0; 0; 0; 0; 0; 0; 0; 153; 46; 114; 137; 0; 0; 0; 0; 0; 0; 609; 0; 0; 0; 0; 0; 134; 367; 0; 0
1958;01; 0; 0; 162; 0; 0; 0; 0; 0; 0; 0; 0; 0; 0; 74; 348; 53; 127; 733; 6; 0; 0; 0; 21; 123; 235; 72; 116; 578; 0; 0; 0
1958;02; 0; 0; 235; 327; 98; 0; 242; 0; 0; 67; 0; 0; 0; 0; 0; 0; 0; 0; 0; 74; 0; 92; 0; 0; 96; 77; 124; 447; 9999; 9999; 9999
1958;03; 137; 62; 0; 94; 0; 0; 0; 367; 0; 0; 0; 0; 0; 0; 0; 263; 1; 3; 187; 0; 0; 0; 0; 0; 72; 0; 0; 0; 0; 0; 0
1958;04; 123; 87; 0; 0; 0; 0; 0; 0; 0; 0; 187; 0; 0; 193; 0; 0; 0; 0; 0; 147; 0; 0; 0; 171; 0; 0; 0; 0; 0; 0; 9999
1958;05; 67; 0; 53; 76; 0; 0; 0; 0; 0; 0; 0; 0; 0; 186; 0; 0; 0; 0; 0; 0; 0; 442; 187; 0; 163; 126; 77; 239; 72; 0; 0
1958;06; 0; 0; 0; 0; 0; 0; 0; 0; 0; 0; 0; 0; 0; 276; 322; 0; 187; 123; 40; 0; 0; 0; 0; 0; 0; 0; 0; 0; 0; 0; 9999
1958;07; 0; 0; 0; 0; 0; 0; 0; 0; 0; 0; 0; 0; 0; 126; 0; 0; 0; 0; 73; 0; 0; 0; 0; 0; 0; 0; 0; 0; 58; 0; 0
1958;08; 0; 0; 0; 187; 0; 0; 0; 0; 0; 0; 0; 0; 0; 0; 0; 0; 0; 0; 0; 0; 0; 0; 0; 0; 0; 0; 0; 0; 0; 57; 0
1958;09; 0; 0; 0; 0; 0; 0; 0; 127; 254; 273; 0; 13; 327; 185; 77; 0; 0; 0; 0; 0; 0; 0; 0; 0; 146; 0; 0; 0; 0; 0; 9999
1958;10; 63; 0; 0; 0; 0; 0; 376; 0; 0; 0; 94; 0; 0; 0; 0; 0; 0; 0; 134; 0; 0; 0; 0; 408; 72; 0; 326; 174; 237; 69; 77
1958;11; 237; 0; 0; 0; 0; 0; 0; 0; 0; 0; 116; 0; 152; 0; 0; 0; 0; 0; 187; 0; 67; 0; 0; 75; 97; 40; 0; 0; 0; 0; 9999
1958;12; 0; 0; 0; 0; 0; 0; 73; 0; 316; 0; 277; 0; 0; 0; 0; 0; 73; 67; 313; 96; 274; 57; 0; 0; 0; 0; 0; 0; 0; 0; 0
1959;01; 0; 0; 0; 0; 577; 553; 76; 0; 0; 0; 0; 397; 303; 98; 74; 133; 164; 306; 189; 77; 136; 0; 0; 193; 0; 0; 0; 0; 0; 93; 0
1959;02; 0; 0; 0; 227; 316; 0; 0; 0; 0; 0; 0; 73; 0; 126; 148; 0; 0; 137; 173; 0; 0; 0; 0; 0; 0; 0; 186; 0; 9999; 9999; 9999
1959;03; 72; 0; 0; 0; 0; 0; 0; 96; 498; 0; 0; 0; 0; 217; 0; 0; 353; 176; 127; 194; 77; 0; 66; 0; 233; 110; 0; 0; 0; 0; 276
1959;04; 317; 52; 0; 0; 0; 0; 0; 0; 0; 0; 0; 0; 0; 0; 0; 0; 0; 0; 0; 0; 0; 0; 73; 0; 0; 0; 334; 0; 0; 0; 9999
1959;05; 0; 0; 0; 0; 0; 0; 0; 0; 0; 0; 0; 0; 0; 0; 0; 0; 0; 0; 217; 76; 0; 48; 0; 0; 0; 0; 0; 0; 0; 93; 53
1959;06; 0; 0; 0; 0; 0; 127; 76; 0; 0; 0; 0; 0; 0; 46; 0; 0; 50; 0; 0; 0; 0; 0; 0; 0; 0; 0; 0; 0; 0; 0; 9999
1959;07; 0; 74; 0; 0; 0; 0; 0; 0; 0; 0; 0; 0; 0; 0; 0; 0; 0; 0; 0; 0; 0; 0; 0; 0; 0; 0; 0; 0; 0; 0; 0
1959;08; 0; 177; 93; 0; 0; 0; 0; 105; 0; 0; 0; 0; 807; 586; 96; 0; 0; 0; 0; 0; 0; 0; 0; 0; 0; 0; 0; 0; 0; 0; 0
1959;09; 0; 0; 0; 93; 77; 0; 0; 0; 0; 0; 0; 0; 0; 0; 0; 64; 0; 0; 0; 0; 0; 0; 0; 0; 0; 127; 153; 75; 0; 0; 9999
1959;10; 0; 0; 0; 0; 0; 0; 0; 0; 0; 0; 0; 187; 0; 162; 87; 0; 0; 0; 108; 0; 0; 127; 0; 0; 0; 0; 0; 0; 192; 0; 0
1959;11; 0; 0; 73; 0; 0; 127; 0; 0; 0; 157; 92; 0; 186; 0; 0; 0; 0; 0; 0; 0; 0; 0; 0; 0; 0; 405; 50; 0; 0; 0; 9999
1959;12; 0; 0; 0; 376; 139; 8; 0; 577; 304; 0; 47; 0; 0; 0; 0; 0; 0; 0; 0; 0; 76; 187; 123; 95; 77; 0; 0; 0; 0; 0; 0
1960;01; 0; 0; 0; 0; 0; 97; 373; 239; 406; 384; 293; 176; 0; 0; 0; 0; 0; 556; 0; 277; 306; 0; 0; 63; 0; 0; 0; 0; 0; 0; 0
1960;02; 0; 0; 0; 0; 0; 0; 0; 0; 126; 0; 0; 147; 333; 174; 152; 157; 0; 176; 137; 118; 393; 407; 96; 134; 272; 0; 73; 97; 273; 9999; 9999
1960;03; 127; 0; 187; 0; 0; 0; 0; 0; 0; 0; 226; 0; 0; 272; 0; 0; 0; 0; 0; 0; 0; 124; 132; 57; 0; 0; 0; 0; 0; 0; 0
1960;04; 74; 0; 0; 0; 0; 277; 0; 0; 0; 0; 0; 0; 0; 0; 0; 0; 0; 0; 364; 227; 0; 0; 0; 0; 0; 0; 0; 0; 0; 0; 9999
1960;05; 178; 0; 0; 0; 0; 0; 0; 0; 0; 0; 77; 0; 0; 0; 276; 187; 0; 0; 0; 242; 174; 227; 0; 0; 0; 0; 0; 0; 0; 0; 0
1960;06; 0; 0; 0; 0; 0; 0; 0; 0; 0; 0; 0; 0; 0; 0; 74; 0; 0; 147; 0; 0; 0; 127; 183; 92; 0; 0; 0; 74; 0; 0; 9999
1960;07; 0; 0; 0; 0; 0; 0; 0; 0; 0; 0; 0; 0; 0; 0; 0; 0; 0; 0; 0; 0; 0; 0; 0; 0; 0; 0; 0; 0; 0; 0; 0
1960;08; 0; 0; 0; 0; 0; 0; 0; 0; 0; 0; 0; 0; 0; 0; 0; 226; 4; 0; 0; 0; 0; 0; 0; 0; 0; 0; 0; 0; 0; 0; 0
1960;09; 0; 256; 0; 0; 0; 0; 0; 0; 0; 0; 0; 0; 0; 0; 0; 0; 0; 0; 0; 0; 0; 0; 0; 0; 0; 176; 0; 4; 53; 66; 9999
1960;10; 93; 0; 0; 0; 0; 0; 0; 237; 0; 0; 0; 0; 0; 0; 73; 0; 242; 0; 0; 0; 0; 0; 0; 0; 177; 349; 263; 5; 42; 0; 67
1960;11; 6; 115; 74; 0; 72; 276; 0; 0; 62; 215; 438; 47; 193; 0; 34; 0; 0; 0; 0; 0; 63; 0; 26; 0; 0; 37; 0; 0; 254; 33; 9999
1960;12; 163; 0; 37; 0; 0; 0; 83; 0; 0; 0; 0; 0; 92; 0; 0; 76; 147; 767; 573; 82; 369; 275; 313; 0; 0; 338; 0; 0; 0; 0; 0
1961;01; 197; 214; 176; 0; 0; 0; 63; 0; 0; 0; 947; 0; 0; 0; 0; 0; 53; 0; 60; 86; 52; 0; 47; 0; 0; 0; 0; 0; 86; 42; 0
1961;02; 0; 0; 0; 206; 0; 0; 0; 0; 0; 0; 63; 187; 95; 0; 0; 0; 0; 133; 6; 0; 87; 186; 214; 47; 0; 0; 0; 218; 9999; 9999; 9999
1961;03; 404; 176; 0; 0; 0; 0; 7; 0; 0; 0; 0; 0; 76; 44; 275; 72; 217; 168; 0; 0; 0; 0; 0; 93; 0; 0; 96; 0; 0; 0; 0
1961;04; 0; 0; 0; 73; 327; 406; 0; 0; 0; 0; 0; 0; 0; 0; 0; 0; 0; 0; 0; 0; 0; 0; 0; 0; 0; 274; 0; 0; 0; 0; 9999
1961;05; 0; 0; 427; 519; 0; 0; 0; 0; 0; 96; 0; 0; 0; 0; 0; 0; 0; 0; 0; 0; 0; 0; 0; 0; 0; 0; 0; 0; 0; 0; 0
1961;06; 0; 0; 0; 0; 0; 73; 0; 0; 41; 0; 0; 0; 57; 0; 144; 6; 0; 0; 0; 0; 74; 0; 0; 0; 0; 0; 0; 0; 0; 0; 9999
1961;07; 0; 0; 0; 0; 0; 0; 0; 0; 47; 0; 0; 0; 0; 0; 0; 0; 0; 0; 0; 0; 0; 0; 0; 0; 0; 0; 0; 0; 0; 0; 0
1961;08; 0; 0; 0; 0; 0; 0; 0; 0; 0; 0; 0; 0; 0; 0; 0; 0; 0; 0; 0; 0; 0; 0; 0; 0; 0; 0; 127; 0; 0; 0; 36
1961;09; 0; 0; 0; 0; 0; 0; 57; 73; 46; 0; 0; 93; 0; 0; 0; 0; 0; 0; 0; 0; 0; 0; 0; 0; 0; 0; 0; 0; 86; 0; 9999
1961;10; 0; 0; 0; 0; 0; 0; 0; 0; 73; 0; 0; 77; 0; 0; 128; 94; 333; 276; 0; 0; 0; 0; 0; 4; 316; 0; 13; 0; 38; 338; 336
1961;11; 73; 0; 64; 286; 0; 47; 310; 0; 0; 0; 56; 75; 0; 0; 204; 0; 0; 0; 0; 76; 0; 0; 42; 103; 0; 0; 0; 47; 0; 0; 9999
1961;12; 0; 117; 63; 0; 0; 0; 0; 0; 0; 187; 0; 0; 0; 0; 376; 164; 0; 127; 72; 0; 0; 0; 181; 53; 367; 288; 191; 0; 137; 163; 0
1962;01; 0; 0; 77; 0; 0; 0; 0; 136; 38; 0; 0; 0; 0; 0; 0; 0; 57; 128; 166; 0; 0; 34; 6; 0; 0; 0; 0; 43; 0; 0; 0
1962;02; 0; 0; 0; 377; 124; 0; 0; 0; 204; 0; 0; 56; 0; 177; 0; 632; 0; 0; 178; 5; 0; 417; 0; 515; 57; 0; 0; 0; 9999; 9999; 9999
1962;03; 0; 0; 374; 0; 0; 58; 0; 0; 0; 0; 179; 394; 637; 386; 432; 677; 33; 46; 0; 187; 0; 0; 0; 0; 318; 0; 0; 86; 0; 0; 0
1962;04; 0; 0; 0; 0; 0; 0; 0; 0; 0; 183; 0; 0; 0; 0; 0; 0; 0; 57; 0; 0; 0; 0; 0; 0; 0; 0; 46; 0; 0; 144; 9999
1962;05; 0; 78; 177; 0; 0; 0; 0; 4; 0; 0; 0; 0; 0; 0; 0; 0; 32; 0; 0; 0; 0; 0; 0; 0; 0; 0; 0; 0; 67; 4; 0
1962;06; 6; 0; 147; 214; 0; 0; 72; 57; 48; 4; 0; 0; 0; 0; 0; 0; 0; 0; 0; 0; 0; 0; 78; 0; 0; 0; 0; 0; 0; 0; 9999
1962;07; 0; 0; 0; 0; 0; 77; 0; 0; 0; 0; 289; 0; 0; 0; 0; 0; 0; 0; 73; 117; 0; 0; 0; 0; 0; 56; 4; 0; 0; 0; 0
1962;08; 0; 0; 0; 0; 0; 0; 0; 0; 0; 0; 0; 63; 0; 0; 0; 0; 154; 0; 0; 0; 0; 0; 217; 0; 0; 0; 0; 0; 0; 0; 0
1962;09; 0; 0; 0; 0; 277; 0; 133; 0; 379; 0; 0; 21; 4; 36; 0; 0; 0; 0; 0; 0; 0; 57; 4; 19; 0; 0; 0; 0; 0; 0; 9999
1962;10; 382; 0; 378; 77; 273; 0; 0; 0; 666; 42; 7; 190; 0; 0; 0; 0; 0; 137; 203; 22; 194; 0; 0; 0; 117; 0; 0; 0; 122; 77; 209
1962;11; 37; 64; 0; 0; 0; 0; 136; 7; 158; 17; 0; 0; 0; 0; 0; 0; 0; 0; 35; 0; 429; 117; 0; 0; 0; 0; 0; 0; 0; 0; 9999
1962;12; 0; 0; 0; 177; 116; 5; 0; 0; 0; 134; 0; 488; 43; 0; 0; 0; 0; 265; 84; 0; 0; 0; 0; 0; 222; 0; 176; 22; 0; 567; 412
1963;01; 594; 332; 0; 0; 46; 0; 0; 0; 0; 0; 128; 197; 317; 0; 379; 437; 233; 315; 36; 125; 0; 0; 107; 0; 0; 0; 43; 0; 0; 0; 0
1963;02; 197; 0; 0; 176; 0; 0; 0; 112; 0; 0; 0; 0; 0; 177; 0; 632; 0; 0; 178; 5; 0; 417; 0; 515; 57; 0; 0; 0; 9999; 9999; 9999
1963;03; 0; 0; 277; 318; 0; 0; 0; 533; 0; 36; 0; 97; 0; 0; 0; 0; 0; 0; 0; 0; 0; 0; 0; 0; 126; 183; 0; 0; 0; 0; 0
1963;04; 0; 0; 0; 0; 0; 0; 0; 0; 0; 0; 0; 0; 0; 0; 0; 373; 16; 0; 0; 0; 0; 0; 0; 0; 0; 0; 0; 0; 0; 0; 9999
1963;05; 0; 0; 0; 0; 0; 0; 0; 0; 0; 0; 0; 0; 0; 0; 0; 0; 0; 0; 0; 0; 0; 0; 0; 0; 0; 0; 0; 0; 0; 0; 0
1963;06; 0; 0; 0; 0; 0; 0; 0; 0; 0; 0; 0; 0; 217; 144; 0; 0; 0; 0; 0; 0; 0; 0; 0; 0; 0; 0; 0; 0; 0; 0; 9999
1963;07; 0; 0; 0; 0; 0; 0; 0; 0; 0; 0; 0; 0; 0; 0; 0; 0; 0; 0; 0; 0; 0; 0; 57; 0; 0; 0; 0; 0; 0; 0; 0
1963;08; 0; 0; 0; 0; 0; 0; 0; 0; 0; 0; 0; 0; 0; 0; 0; 6; 0; 0; 0; 0; 0; 0; 0; 0; 0; 0; 0; 0; 0; 0; 0
1963;09; 0; 0; 0; 0; 0; 0; 0; 0; 0; 0; 0; 0; 0; 0; 0; 0; 0; 0; 0; 0; 0; 0; 77; 0; 0; 0; 0; 144; 97; 6; 9999
1963;10; 0; 0; 0; 0; 0; 87; 126; 0; 0; 0; 0; 0; 0; 0; 0; 106; 142; 0; 0; 97; 0; 0; 326; 8; 0; 0; 113; 97; 0; 0; 0
1963;11; 0; 0; 36; 0; 0; 0; 0; 103; 42; 0; 67; 0; 0; 378; 0; 234; 0; 0; 406; 193; 172; 0; 0; 0; 43; 0; 0; 0; 0; 162; 9999
1963;12; 0; 165; 0; 72; 0; 212; 46; 213; 0; 0; 0; 62; 45; 0; 0; 0; 0; 0; 0; 0; 0; 0; 0; 0; 0; 0; 0; 0; 0; 0; 0
1964;01; 0; 137; 4; 0; 0; 0; 0; 0; 0; 0; 0; 0; 0; 0; 0; 0; 0; 0; 0; 0; 0; 0; 163; 0; 15; 0; 73; 0; 0; 0; 0
1964;02; 0; 277; 313; 0; 0; 0; 0; 0; 157; 0; 0; 217; 113; 132; 167; 208; 175; 0; 307; 355; 0; 0; 0; 0; 0; 0; 0; 92; 256; 9999; 9999
1964;03; 0; 0; 0; 0; 0; 0; 0; 0; 0; 0; 0; 0; 0; 0; 223; 7; 0; 0; 0; 0; 0; 0; 0; 0; 0; 0; 0; 137; 213; 77; 69
1964;04; 0; 0; 0; 0; 0; 0; 0; 0; 0; 0; 0; 0; 0; 0; 0; 0; 0; 57; 114; 0; 0; 125; 0; 0; 0; 0; 0; 0; 0; 6; 9999
1964;05; 552; 116; 0; 0; 0; 133; 0; 0; 0; 0; 0; 0; 0; 96; 23; 0; 0; 0; 0; 0; 0; 0; 0; 0; 0; 0; 0; 0; 0; 0; 6
1964;06; 0; 0; 0; 0; 0; 8; 0; 0; 0; 0; 0; 0; 76; 149; 0; 63; 0; 0; 0; 0; 0; 0; 0; 0; 0; 103; 0; 17; 0; 74; 9999
1964;07; 0; 36; 0; 107; 13; 0; 0; 0; 325; 0; 0; 0; 0; 0; 0; 0; 97; 0; 0; 0; 0; 0; 0; 0; 344; 176; 0; 6; 0; 0; 0
1964;08; 0; 0; 0; 133; 7; 0; 0; 0; 0; 0; 96; 0; 0; 0; 0; 0; 0; 0; 0; 128; 0; 0; 134; 0; 0; 0; 0; 0; 0; 0; 0
1964;09; 0; 0; 203; 0; 0; 0; 0; 0; 0; 0; 0; 187; 0; 0; 0; 0; 0; 0; 0; 0; 0; 0; 0; 204; 432; 126; 0; 213; 34; 0; 9999
1964;10; 116; 0; 0; 0; 0; 6; 157; 53; 0; 0; 0; 37; 0; 0; 0; 0; 0; 0; 0; 0; 137; 213; 0; 0; 0; 0; 268; 0; 0; 82; 0
1964;11; 0; 6; 0; 0; 317; 233; 0; 0; 0; 0; 0; 0; 0; 0; 0; 0; 186; 0; 44; 0; 307; 0; 0; 0; 0; 0; 0; 0; 0; 0; 9999
1964;12; 533; 276; 235; 17; 0; 0; 0; 0; 0; 0; 123; 66; 7; 0; 0; 0; 0; 325; 217; 0; 0; 126; 74; 508; 372; 0; 298; 217; 86; 0; 0
1965;01; 0; 0; 0; 0; 133; 0; 0; 0; 217; 274; 0; 112; 53; 77; 106; 505; 0; 0; 577; 78; 0; 0; 0; 0; 0; 113; 0; 162; 243; 17; 178
1965;02; 167; 278; 0; 83; 338; 0; 0; 0; 0; 0; 0; 0; 197; 0; 222; 0; 0; 0; 0; 0; 0; 113; 477; 85; 64; 0; 0; 378; 9999; 9999; 9999
1965;03; 0; 217; 176; 123; 8; 0; 112; 321; 0; 327; 0; 0; 0; 0; 0; 0; 178; 0; 0; 88; 0; 0; 124; 0; 133; 0; 96; 0; 0; 0; 0
1965;04; 0; 0; 0; 0; 0; 0; 0; 0; 0; 173; 0; 0; 0; 0; 0; 0; 0; 0; 157; 72; 0; 0; 0; 0; 0; 0; 0; 0; 262; 227; 9999
1965;05; 0; 0; 0; 0; 0; 0; 0; 0; 0; 0; 0; 188; 217; 434; 172; 265; 4; 0; 0; 0; 232; 0; 0; 0; 0; 0; 0; 0; 0; 0; 0
1965;06; 0; 0; 0; 0; 0; 0; 0; 0; 0; 87; 0; 0; 13; 0; 0; 0; 0; 0; 0; 0; 0; 0; 0; 43; 158; 0; 0; 0; 0; 0; 9999
1965;07; 73; 0; 0; 0; 137; 344; 17; 0; 0; 0; 226; 0; 0; 0; 98; 0; 0; 0; 0; 0; 0; 0; 0; 0; 87; 0; 0; 0; 0; 0; 0
1965;08; 0; 0; 0; 78; 16; 0; 0; 0; 0; 67; 0; 0; 0; 0; 288; 0; 0; 0; 0; 0; 0; 0; 0; 0; 0; 0; 0; 0; 0; 0; 0
1965;09; 0; 0; 0; 0; 0; 0; 0; 0; 0; 0; 0; 0; 0; 0; 0; 0; 0; 0; 0; 0; 0; 0; 0; 0; 0; 0; 378; 237; 0; 0; 9999
1965;10; 607; 362; 0; 0; 0; 0; 0; 0; 0; 116; 174; 72; 0; 0; 87; 0; 0; 63; 0; 0; 187; 0; 0; 0; 0; 0; 0; 0; 0; 287; 73
1965;11; 0; 17; 0; 0; 0; 586; 0; 0; 0; 0; 0; 69; 0; 126; 57; 123; 0; 0; 0; 0; 0; 97; 116; 0; 0; 0; 166; 0; 0; 0; 9999
1965;12; 0; 77; 212; 77; 65; 0; 417; 173; 937; 78; 113; 417; 376; 112; 273; 0; 0; 0; 0; 0; 0; 0; 186; 0; 0; 0; 168; 0; 0; 117; 0
1966;01; 74; 196; 0; 0; 77; 93; 0; 0; 0; 0; 0; 176; 264; 213; 0; 0; 0; 68; 0; 0; 0; 0; 0; 0; 0; 0; 0; 137; 237; 0; 318
1966;02; 176; 147; 78; 213; 0; 0; 0; 0; 0; 42; 0; 0; 534; 0; 65; 0; 0; 0; 0; 0; 0; 278; 0; 73; 0; 217; 0; 0; 9999; 9999; 9999
1966;03; 0; 0; 0; 0; 0; 278; 506; 113; 72; 124; 0; 0; 0; 0; 0; 513; 96; 0; 0; 0; 0; 0; 0; 0; 0; 277; 56; 112; 0; 0; 0
1966;04; 0; 0; 0; 0; 0; 8; 317; 34; 0; 0; 0; 21; 0; 0; 0; 0; 0; 0; 0; 0; 176; 73; 0; 0; 0; 112; 0; 0; 0; 0; 9999
1966;05; 0; 0; 0; 0; 137; 213; 0; 178; 0; 0; 0; 0; 0; 0; 0; 0; 0; 0; 0; 0; 0; 23; 78; 0; 0; 0; 0; 0; 0; 0; 0
1966;06; 0; 0; 0; 0; 0; 0; 0; 0; 0; 0; 0; 0; 0; 0; 0; 0; 0; 0; 0; 0; 0; 0; 0; 0; 0; 0; 0; 0; 0; 0; 9999
1966;07; 71; 0; 0; 0; 0; 0; 113; 0; 0; 0; 0; 0; 0; 0; 0; 0; 0; 0; 0; 0; 0; 0; 73; 0; 0; 0; 0; 0; 0; 0; 0
1966;08; 177; 0; 0; 0; 0; 0; 0; 0; 0; 86; 0; 0; 0; 0; 0; 73; 0; 0; 0; 0; 0; 0; 0; 0; 217; 52; 0; 0; 0; 0; 0
1966;09; 517; 323; 116; 41; 0; 0; 0; 0; 0; 0; 0; 0; 0; 0; 0; 0; 124; 0; 0; 0; 97; 14; 0; 0; 0; 0; 0; 0; 218; 0; 9999
1966;10; 0; 0; 0; 0; 0; 0; 37; 316; 0; 0; 0; 0; 0; 0; 0; 0; 177; 0; 0; 0; 0; 0; 156; 13; 0; 0; 0; 517; 326; 153; 114
1966;11; 87; 63; 0; 0; 0; 53; 0; 0; 112; 74; 0; 0; 74; 46; 0; 137; 0; 0; 0; 0; 0; 0; 0; 0; 0; 0; 0; 0; 0; 0; 9999
1966;12; 0; 117; 73; 0; 0; 86; 0; 122; 0; 0; 64; 0; 0; 0; 73; 0; 182; 0; 0; 317; 272; 216; 111; 77; 35; 0; 0; 0; 0; 0; 0
1967;01; 0; 0; 216; 0; 113; 100; 0; 0; 0; 157; 74; 0; 93; 126; 17; 74; 0; 0; 36; 0; 0; 83; 0; 0; 0; 116; 45; 0; 0; 0; 0
1967;02; 0; 87; 213; 32; 174; 318; 0; 0; 0; 0; 117; 123; 312; 0; 0; 0; 129; 87; 73; 21; 0; 0; 0; 0; 63; 0; 0; 0; 9999; 9999; 9999
1967;03; 0; 0; 73; 0; 0; 36; 417; 42; 74; 127; 63; 0; 156; 272; 7; 32; 118; 77; 0; 0; 0; 0; 0; 0; 0; 0; 0; 137; 62; 0; 0
1967;04; 0; 0; 0; 0; 0; 0; 0; 0; 0; 0; 0; 0; 0; 73; 0; 42; 0; 0; 0; 0; 0; 174; 0; 0; 0; 0; 0; 0; 0; 0; 9999
1967;05; 0; 0; 0; 128; 0; 0; 0; 0; 0; 0; 0; 0; 0; 0; 0; 0; 0; 0; 0; 0; 0; 0; 0; 0; 0; 0; 0; 0; 0; 0; 0
1967;06; 0; 0; 0; 57; 0; 316; 403; 0; 0; 0; 137; 216; 174; 63; 0; 0; 0; 0; 0; 0; 0; 0; 0; 0; 0; 0; 0; 0; 0; 0; 9999
1967;07; 0; 0; 0; 0; 0; 0; 0; 0; 0; 0; 0; 74; 67; 93; 6; 0; 0; 0; 0; 0; 0; 0; 123; 0; 0; 0; 0; 0; 0; 0; 0
1967;08; 0; 0; 0; 0; 0; 0; 0; 0; 0; 0; 0; 0; 0; 63; 0; 0; 0; 0; 0; 0; 0; 0; 0; 0; 0; 0; 0; 0; 0; 0; 0
1967;09; 0; 0; 0; 0; 0; 0; 0; 127; 264; 0; 0; 0; 316; 0; 0; 0; 0; 0; 0; 0; 238; 13; 0; 0; 0; 0; 0; 0; 0; 0; 9999
1967;10; 0; 0; 0; 0; 0; 0; 0; 0; 0; 76; 0; 0; 0; 0; 0; 0; 0; 0; 86; 74; 0; 217; 0; 0; 6; 63; 517; 54; 0; 0; 0
1967;11; 0; 0; 73; 0; 0; 0; 0; 0; 0; 0; 65; 0; 417; 576; 123; 306; 74; 0; 0; 0; 0; 0; 367; 43; 27; 0; 0; 0; 86; 0; 9999
1967;12; 0; 0; 177; 63; 0; 0; 0; 0; 218; 43; 7; 0; 0; 0; 274; 0; 0; 0; 0; 63; 8; 0; 0; 0; 0; 87; 0; 0; 114; 0; 0
1968;01; 0; 62; 8; 0; 0; 0; 0; 0; 0; 0; 73; 67; 603; 72; 48; 67; 77; 236; 374; 317; 672; 0; 0; 0; 236; 0; 0; 0; 0; 0; 0
1968;02; 63; 0; 0; 0; 0; 0; 0; 0; 0; 0; 0; 0; 0; 317; 0; 0; 0; 0; 0; 0; 0; 516; 87; 63; 0; 0; 0; 0; 0; 9999; 9999
1968;03; 0; 0; 0; 63; 0; 0; 0; 314; 47; 0; 0; 126; 0; 0; 0; 0; 213; 7; 0; 0; 0; 0; 0; 0; 116; 0; 0; 187; 0; 0; 0
1968;04; 0; 0; 0; 0; 0; 0; 0; 0; 0; 0; 0; 0; 0; 0; 0; 0; 0; 0; 0; 317; 94; 6; 0; 0; 0; 0; 0; 64; 0; 0; 9999
1968;05; 0; 0; 0; 0; 0; 0; 0; 0; 0; 0; 123; 0; 0; 0; 0; 476; 83; 0; 0; 0; 0; 0; 0; 0; 0; 0; 0; 0; 0; 0; 0
1968;06; 0; 0; 0; 0; 0; 0; 0; 0; 0; 0; 0; 0; 0; 0; 0; 0; 0; 0; 0; 0; 276; 0; 0; 0; 0; 0; 0; 0; 0; 0; 9999
1968;07; 0; 0; 0; 0; 0; 17; 8; 0; 0; 0; 0; 0; 0; 0; 0; 0; 0; 0; 0; 0; 0; 94; 0; 0; 0; 0; 0; 0; 0; 0; 0
1968;08; 0; 0; 0; 0; 0; 33; 0; 376; 477; 77; 0; 0; 0; 0; 0; 0; 0; 0; 0; 0; 0; 0; 0; 0; 0; 0; 0; 0; 0; 100; 104
1968;09; 0; 0; 0; 0; 0; 0; 0; 0; 0; 0; 0; 0; 0; 0; 0; 0; 0; 0; 0; 0; 204; 0; 0; 0; 0; 0; 0; 0; 47; 0; 9999
1968;10; 0; 0; 0; 0; 0; 0; 0; 0; 0; 0; 0; 37; 0; 0; 0; 0; 483; 217; 176; 0; 0; 0; 31; 0; 87; 0; 0; 122; 0; 0; 0
1968;11; 0; 0; 0; 0; 0; 0; 0; 0; 0; 0; 93; 0; 0; 0; 0; 0; 0; 0; 0; 0; 0; 0; 0; 0; 0; 0; 0; 0; 176; 334; 9999
1968;12; 93; 42; 0; 23; 0; 87; 0; 0; 0; 0; 0; 0; 0; 0; 0; 0; 378; 0; 0; 0; 0; 0; 0; 0; 0; 72; 0; 0; 57; 94; 0
1969;01; 0; 0; 0; 0; 0; 0; 43; 76; 0; 0; 48; 82; 61; 0; 0; 117; 36; 0; 0; 0; 0; 43; 0; 227; 0; 0; 327; 0; 173; 0; 82
1969;02; 240; 64; 86; 0; 0; 0; 8; 0; 0; 0; 0; 1; 9; 106; 24; 37; 0; 106; 0; 0; 216; 0; 0; 83; 103; 0; 84; 104; 9999; 9999; 9999
1969;03; 0; 93; 217; 0; 74; 0; 0; 0; 0; 0; 0; 0; 0; 0; 0; 0; 0; 0; 0; 0; 0; 0; 0; 0; 0; 0; 73; 0; 0; 0; 0
1969;04; 0; 97; 0; 43; 216; 23; 0; 0; 0; 0; 0; 0; 0; 0; 0; 0; 0; 0; 0; 0; 0; 0; 0; 0; 0; 0; 0; 0; 217; 0; 9999
1969;05; 0; 0; 73; 0; 0; 0; 0; 0; 0; 0; 0; 0; 0; 0; 0; 0; 0; 0; 0; 0; 0; 0; 0; 78; 0; 6; 0; 0; 0; 93; 42
1969;06; 0; 217; 0; 0; 0; 0; 0; 0; 0; 0; 0; 0; 0; 0; 0; 114; 0; 0; 0; 0; 0; 63; 0; 0; 0; 0; 0; 0; 0; 0; 9999
1969;07; 23; 0; 0; 0; 0; 0; 0; 0; 13; 0; 0; 0; 74; 0; 0; 0; 0; 0; 0; 0; 0; 0; 16; 0; 0; 0; 0; 0; 0; 0; 0
1969;08; 0; 0; 47; 0; 0; 0; 96; 0; 0; 0; 0; 0; 0; 0; 0; 87; 0; 0; 0; 0; 0; 0; 0; 0; 0; 0; 0; 0; 0; 0; 0
1969;09; 0; 0; 0; 0; 87; 0; 0; 6; 0; 0; 0; 0; 0; 0; 0; 0; 0; 0; 0; 0; 128; 0; 0; 0; 0; 0; 0; 0; 0; 286; 9999
1969;10; 333; 13; 138; 412; 226; 0; 176; 0; 0; 46; 0; 0; 0; 0; 0; 0; 134; 0; 0; 393; 0; 0; 774; 6; 0; 0; 0; 0; 0; 0; 191
1969;11; 0; 0; 37; 0; 53; 0; 44; 334; 212; 57; 33; 0; 0; 605; 78; 47; 0; 0; 517; 146; 326; 63; 92; 0; 0; 0; 0; 0; 218; 0; 9999
1969;12; 63; 0; 0; 0; 0; 0; 0; 278; 0; 0; 0; 0; 517; 44; 16; 0; 0; 0; 0; 0; 0; 73; 0; 0; 138; 74; 0; 0; 0; 0; 0
1970;01; 203; 79; 0; 127; 63; 0; 0; 31; 0; 160; 0; 0; 0; 0; 83; 351; 694; 198; 122; 0; 113; 96; 0; 0; 0; 0; 0; 0; 0; 0; 157
1970;02; 0; 177; 0; 116; 135; 0; 0; 0; 0; 68; 176; 311; 231; 372; 215; 147; 31; 293; 370; 301; 167; 339; 98; 0; 0; 0; 0; 192; 9999; 9999; 9999
1970;03; 0; 213; 0; 0; 0; 0; 0; 0; 0; 460; 0; 0; 103; 460; 0; 0; 0; 272; 0; 492; 0; 0; 0; 0; 63; 0; 0; 0; 0; 0; 0
1970;04; 0; 0; 137; 192; 0; 0; 0; 0; 0; 0; 0; 0; 0; 0; 0; 0; 0; 0; 0; 0; 0; 0; 0; 0; 0; 0; 0; 0; 63; 0; 9999
1970;05; 0; 0; 63; 0; 0; 0; 0; 452; 0; 0; 0; 0; 0; 0; 0; 0; 0; 0; 0; 3; 0; 0; 0; 0; 0; 0; 0; 0; 0; 0; 0
1970;06; 0; 0; 0; 0; 0; 0; 42; 0; 0; 0; 0; 0; 0; 0; 136; 0; 0; 0; 37; 0; 0; 0; 102; 213; 0; 0; 0; 0; 0; 0; 9999
1970;07; 0; 165; 0; 0; 0; 0; 0; 0; 0; 0; 0; 53; 37; 0; 0; 0; 0; 0; 0; 0; 0; 0; 0; 0; 0; 0; 62; 0; 0; 0; 0
1970;08; 0; 0; 0; 0; 0; 0; 0; 0; 0; 0; 0; 0; 0; 0; 0; 0; 0; 0; 0; 0; 0; 0; 0; 0; 0; 157; 124; 372; 53; 67; 116
1970;09; 0; 0; 0; 0; 0; 0; 93; 0; 0; 0; 162; 0; 45; 0; 0; 349; 0; 0; 0; 0; 0; 0; 63; 0; 0; 0; 0; 0; 357; 0; 9999
1970;10; 0; 0; 73; 6; 112; 0; 0; 304; 0; 0; 0; 0; 47; 0; 0; 0; 0; 0; 76; 237; 0; 0; 48; 0; 0; 0; 0; 18; 0; 0; 0
1970;11; 0; 0; 0; 0; 0; 0; 0; 304; 46; 0; 0; 0; 0; 57; 96; 0; 0; 0; 0; 0; 0; 48; 0; 0; 0; 0; 0; 0; 63; 447; 9999
1970;12; 0; 96; 0; 0; 0; 0; 0; 0; 0; 249; 0; 42; 150; 0; 0; 0; 0; 0; 37; 0; 564; 0; 0; 66; 37; 138; 0; 0; 0; 98; 261
1971;01; 48; 507; 80; 9; 0; 0; 97; 0; 0; 0; 0; 0; 0; 254; 25; 0; 0; 0; 0; 0; 0; 31; 0; 0; 0; 0; 0; 0; 0; 0; 0
1971;02; 17; 178; 119; 0; 0; 0; 0; 27; 0; 0; 265; 0; 603; 0; 0; 0; 0; 0; 0; 0; 0; 316; 0; 47; 0; 218; 0; 19; 9999; 9999; 9999
1971;03; 0; 0; 17; 0; 0; 319; 0; 116; 128; 0; 69; 37; 78; 0; 0; 0; 0; 0; 0; 0; 56; 0; 213; 62; 187; 218; 111; 0; 0; 0; 0
1971;04; 0; 0; 0; 0; 0; 0; 0; 0; 187; 63; 0; 0; 0; 0; 0; 261; 0; 0; 0; 0; 0; 232; 0; 273; 0; 0; 0; 0; 0; 0; 9999
1971;05; 0; 0; 37; 144; 212; 0; 0; 0; 271; 0; 0; 0; 0; 0; 0; 0; 0; 0; 0; 0; 0; 0; 0; 0; 0; 362; 13; 0; 0; 0; 0
1971;06; 0; 0; 0; 63; 0; 0; 0; 0; 216; 0; 0; 0; 0; 65; 31; 92; 57; 426; 239; 0; 98; 0; 119; 0; 0; 0; 0; 0; 0; 0; 9999
1971;07; 0; 187; 93; 16; 76; 117; 0; 0; 0; 0; 0; 0; 0; 0; 0; 0; 0; 0; 0; 0; 0; 0; 0; 0; 0; 0; 0; 0; 0; 204; 0
1971;08; 0; 0; 0; 0; 0; 0; 0; 136; 0; 0; 0; 0; 0; 0; 0; 0; 0; 0; 0; 0; 0; 0; 0; 0; 0; 0; 0; 0; 0; 0; 0
1971;09; 0; 0; 0; 0; 0; 0; 98; 0; 78; 0; 0; 77; 0; 0; 0; 0; 0; 0; 0; 0; 0; 0; 0; 227; 64; 0; 0; 97; 0; 0; 9999
1971;10; 352; 0; 0; 0; 73; 4; 94; 587; 0; 0; 92; 879; 10; 0; 0; 0; 0; 24; 0; 0; 0; 0; 0; 0; 161; 0; 0; 0; 8; 0; 0
1971;11; 0; 138; 0; 0; 0; 0; 0; 0; 0; 125; 20; 0; 67; 10; 0; 0; 0; 0; 0; 15; 9; 0; 0; 39; 17; 0; 24; 0; 0; 0; 9999
1971;12; 210; 71; 78; 48; 0; 0; 0; 0; 13; 0; 0; 0; 112; 428; 76; 0; 0; 0; 0; 0; 0; 0; 77; 42; 4; 0; 95; 237; 140; 16; 0
1972;01; 0; 13; 61; 0; 206; 18; 235; 282; 48; 149; 5; 0; 268; 0; 71; 0; 33; 0; 107; 151; 21; 129; 603; 51; 0; 0; 116; 293; 9; 319; 25
1972;02; 0; 0; 95; 0; 0; 0; 0; 318; 0; 9; 59; 16; 17; 0; 56; 22; 0; 0; 0; 653; 0; 0; 15; 0; 11; 56; 476; 6; 0; 9999; 9999
1972;03; 0; 0; 0; 0; 0; 0; 0; 0; 272; 0; 117; 27; 0; 0; 0; 0; 8; 9; 266; 0; 0; 0; 0; 168; 13; 66; 11; 0; 0; 0; 36
1972;04; 225; 0; 0; 239; 0; 8; 0; 0; 0; 0; 0; 0; 0; 0; 78; 12; 19; 4; 0; 0; 0; 0; 0; 0; 0; 0; 4; 2; 0; 0; 9999
1972;05; 0; 0; 0; 0; 0; 0; 0; 0; 96; 0; 0; 0; 0; 0; 4; 2; 0; 0; 0; 4; 0; 0; 81; 13; 72; 2; 0; 0; 0; 0; 0
1972;06; 0; 0; 0; 0; 0; 0; 0; 0; 0; 0; 0; 0; 0; 0; 0; 0; 0; 0; 167; 2; 0; 0; 0; 0; 0; 0; 0; 0; 0; 0; 9999
1972;07; 0; 0; 0; 0; 0; 0; 0; 292; 68; 0; 0; 97; 562; 0; 16; 29; 0; 0; 0; 0; 0; 0; 0; 0; 0; 0; 104; 0; 0; 0; 0
1972;08; 0; 0; 0; 184; 34; 253; 13; 0; 6; 0; 0; 0; 12; 0; 0; 0; 0; 0; 0; 0; 0; 0; 159; 38; 7; 0; 0; 0; 69; 73; 0
1972;09; 0; 0; 0; 0; 0; 255; 33; 0; 0; 0; 49; 0; 0; 0; 11; 0; 0; 0; 0; 0; 0; 0; 87; 78; 167; 0; 12; 203; 302; 81; 9999
1972;10; 0; 8; 251; 692; 209; 3; 23; 3; 0; 178; 251; 0; 0; 0; 313; 0; 18; 0; 0; 0; 0; 0; 0; 0; 0; 0; 0; 0; 125; 0; 0
1972;11; 0; 0; 49; 113; 9; 0; 0; 37; 0; 0; 28; 57; 38; 13; 298; 0; 0; 174; 473; 7; 46; 0; 0; 0; 0; 123; 54; 0; 0; 0; 9999
1972;12; 25; 0; 18; 72; 184; 11; 64; 0; 0; 0; 0; 0; 0; 0; 0; 0; 0; 0; 0; 0; 0; 0; 258; 168; 98; 0; 0; 0; 31; 0; 19
1973;01; 0; 0; 0; 0; 192; 134; 0; 0; 5; 101; 0; 0; 85; 0; 76; 545; 74; 0; 0; 0; 48; 21; 166; 71; 11; 593; 39; 0; 0; 0; 0
1973;02; 27; 0; 0; 17; 0; 12; 13; 0; 0; 0; 0; 38; 214; 261; 151; 204; 348; 91; 0; 338; 141; 0; 0; 0; 0; 0; 0; 0; 9999; 9999; 9999
1973;03; 0; 0; 29; 13; 138; 0; 0; 0; 208; 0; 0; 0; 0; 0; 0; 0; 0; 0; 0; 0; 249; 42; 109; 48; 0; 19; 0; 0; 0; 0; 225
1973;04; 223; 18; 0; 0; 0; 9; 0; 0; 416; 19; 0; 0; 224; 97; 0; 0; 0; 0; 87; 10; 0; 22; 0; 0; 17; 0; 0; 0; 0; 0; 9999
1973;05; 0; 0; 0; 0; 0; 0; 0; 0; 0; 155; 7; 23; 0; 0; 0; 8; 0; 0; 0; 0; 0; 289; 9; 0; 0; 0; 0; 0; 0; 0; 0
1973;06; 0; 0; 0; 0; 0; 0; 0; 0; 0; 0; 0; 0; 0; 0; 0; 0; 0; 113; 15; 0; 0; 0; 0; 0; 186; 0; 193; 11; 0; 0; 9999
1973;07; 0; 241; 157; 0; 0; 0; 0; 0; 0; 0; 0; 0; 0; 0; 0; 0; 0; 0; 23; 0; 24; 135; 0; 42; 0; 0; 0; 171; 0; 0; 0
1973;08; 0; 0; 0; 0; 49; 88; 0; 0; 0; 0; 0; 0; 0; 0; 43; 0; 0; 0; 0; 0; 0; 0; 0; 0; 0; 0; 44; 121; 46; 0; 0
1973;09; 0; 351; 10; 0; 0; 0; 9; 0; 0; 38; 0; 0; 61; 1; 125; 0; 0; 0; 0; 0; 189; 173; 8; 0; 0; 20; 0; 0; 0; 0; 9999
1973;10; 0; 0; 0; 0; 0; 0; 33; 113; 52; 0; 407; 6; 0; 8; 0; 0; 0; 0; 243; 0; 0; 0; 0; 46; 0; 31; 288; 9; 0; 0; 102
1973;11; 188; 18; 23; 0; 0; 0; 0; 0; 0; 0; 0; 0; 31; 47; 0; 0; 0; 508; 119; 0; 0; 0; 0; 0; 321; 0; 0; 36; 0; 0; 9999
1973;12; 0; 0; 0; 155; 0; 518; 262; 595; 94; 0; 0; 0; 0; 0; 0; 81; 165; 0; 0; 32; 0; 0; 0; 524; 372; 60; 0; 0; 0; 916; 221
1974;01; 294; 251; 0; 0; 0; 81; 32; 0; 0; 71; 138; 397; 82; 61; 212; 327; 0; 156; 0; 73; 0; 0; 265; 7; 0; 194; 75; 446; 0; 332; 0
1974;02; 13; 38; 72; 0; 0; 0; 0; 0; 0; 0; 0; 0; 0; 0; 0; 79; 33; 203; 62; 0; 0; 36; 0; 18; 103; 0; 0; 0; 9999; 9999; 9999
1974;03; 0; 0; 0; 0; 0; 0; 134; 15; 303; 0; 128; 131; 244; 269; 0; 0; 489; 951; 196; 118; 19; 15; 0; 13; 62; 0; 3; 0; 0; 0; 0
1974;04; 0; 77; 0; 0; 252; 0; 0; 0; 0; 0; 5; 0; 0; 0; 0; 0; 0; 0; 0; 19; 6; 100; 0; 0; 3; 50; 0; 3; 5; 0; 9999
1974;05; 0; 0; 0; 0; 0; 0; 0; 0; 0; 0; 0; 0; 13; 0; 0; 0; 0; 0; 0; 38; 0; 0; 0; 0; 0; 0; 0; 0; 0; 0; 0
1974;06; 0; 0; 30; 0; 0; 0; 0; 151; 0; 67; 137; 158; 0; 0; 0; 0; 0; 0; 125; 0; 0; 237; 0; 0; 328; 157; 75; 0; 0; 0; 9999
1974;07; 0; 0; 0; 0; 0; 0; 0; 0; 0; 0; 0; 0; 0; 0; 0; 0; 0; 0; 0; 0; 0; 0; 0; 0; 0; 0; 0; 0; 0; 0; 0
1974;08; 0; 0; 0; 0; 0; 0; 0; 0; 6; 0; 0; 0; 0; 137; 6; 0; 0; 0; 0; 0; 0; 0; 0; 0; 0; 0; 0; 0; 0; 0; 0
1974;09; 0; 0; 0; 0; 9; 15; 18; 0; 0; 0; 0; 0; 0; 0; 0; 0; 0; 0; 0; 28; 0; 0; 0; 0; 0; 0; 0; 0; 116; 0; 9999
1974;10; 0; 374; 9; 114; 148; 0; 0; 0; 0; 0; 0; 0; 0; 0; 0; 0; 0; 0; 47; 0; 0; 0; 0; 0; 246; 0; 0; 0; 106; 68; 0
1974;11; 0; 0; 0; 0; 0; 93; 182; 0; 0; 0; 0; 0; 223; 23; 0; 0; 0; 0; 0; 0; 184; 0; 0; 0; 0; 0; 0; 163; 204; 0; 9999
1974;12; 62; 0; 445; 73; 32; 0; 0; 0; 0; 0; 0; 0; 38; 335; 28; 0; 136; 203; 123; 0; 0; 141; 132; 231; 0; 0; 0; 0; 0; 123; 112
1975;01; 120; 11; 21; 0; 0; 0; 16; 5; 4; 62; 162; 138; 642; 136; 0; 0; 18; 7; 0; 31; 35; 0; 0; 0; 32; 81; 0; 54; 67; 0; 0
1975;02; 0; 63; 101; 170; 303; 7; 0; 60; 93; 121; 0; 0; 0; 0; 101; 0; 180; 0; 0; 106; 0; 228; 268; 22; 9; 43; 22; 175; 9999; 9999; 9999
1975;03; 81; 0; 314; 114; 0; 0; 0; 0; 0; 388; 0; 0; 0; 0; 0; 23; 0; 0; 0; 0; 131; 0; 0; 0; 68; 0; 0; 0; 0; 0; 115
1975;04; 0; 0; 0; 20; 5; 0; 0; 0; 0; 14; 75; 0; 0; 0; 5; 22; 0; 0; 0; 0; 0; 0; 0; 0; 0; 0; 0; 0; 0; 0; 9999
1975;05; 44; 0; 0; 4; 0; 43; 0; 0; 0; 0; 0; 0; 0; 0; 0; 0; 132; 117; 11; 0; 0; 0; 0; 0; 0; 0; 0; 0; 0; 0; 0
1975;06; 0; 0; 0; 0; 2; 14; 3; 18; 0; 0; 0; 1; 0; 0; 0; 2; 0; 0; 0; 0; 0; 0; 0; 6; 0; 0; 0; 0; 0; 0; 9999
1975;07; 0; 147; 0; 65; 0; 108; 0; 4; 0; 0; 0; 0; 0; 0; 0; 0; 227; 108; 0; 0; 0; 0; 0; 0; 0; 0; 0; 0; 0; 0; 0
1975;08; 0; 0; 0; 0; 0; 22; 31; 0; 0; 0; 0; 0; 0; 0; 0; 0; 0; 0; 0; 0; 0; 0; 0; 0; 0; 0; 0; 0; 0; 0; 0
1975;09; 0; 0; 0; 0; 0; 0; 0; 0; 0; 0; 0; 0; 0; 0; 0; 0; 0; 8; 0; 0; 0; 14; 0; 66; 0; 4; 167; 306; 0; 182; 9999
1975;10; 7; 4; 342; 137; 46; 20; 0; 54; 0; 5; 39; 134; 0; 0; 1; 0; 6; 76; 148; 4; 0; 0; 0; 0; 0; 0; 0; 0; 0; 16; 414
1975;11; 0; 141; 3; 0; 0; 0; 141; 0; 0; 268; 0; 8; 0; 0; 0; 0; 0; 0; 17; 0; 151; 0; 0; 157; 156; 238; 3; 13; 246; 778; 9999
1975;12; 48; 89; 0; 0; 0; 0; 3; 0; 0; 76; 0; 0; 21; 235; 17; 0; 0; 56; 5; 74; 0; 0; 128; 5; 66; 5; 22; 50; 25; 36; 13
1976;01; 0; 0; 151; 32; 0; 22; 177; 83; 57; 40; 215; 9; 0; 0; 0; 0; 0; 170; 0; 0; 0; 66; 6; 0; 0; 0; 81; 135; 339; 3; 109
1976;02; 0; 146; 246; 0; 108; 26; 214; 722; 0; 0; 0; 0; 0; 0; 0; 0; 0; 34; 46; 0; 93; 40; 51; 143; 17; 0; 661; 87; 0; 9999; 9999
1976;03; 0; 0; 36; 6; 28; 0; 24; 0; 0; 0; 24; 17; 0; 125; 312; 14; 0; 236; 0; 61; 90; 131; 0; 330; 6; 0; 26; 57; 0; 0; 0
1976;04; 3; 0; 131; 9; 0; 0; 34; 0; 0; 79; 130; 300; 128; 256; 277; 0; 78; 0; 0; 0; 0; 0; 88; 0; 0; 0; 0; 0; 0; 0; 9999
1976;05; 0; 0; 0; 0; 0; 0; 0; 0; 20; 50; 0; 329; 0; 9; 0; 0; 152; 0; 8; 24; 59; 96; 0; 0; 6; 20; 0; 323; 676; 0; 0
1976;06; 0; 0; 0; 0; 0; 596; 0; 0; 0; 0; 12; 55; 40; 62; 2; 0; 0; 0; 0; 0; 0; 0; 0; 0; 0; 0; 0; 0; 0; 0; 9999
1976;07; 23; 39; 533; 204; 0; 3; 0; 85; 264; 223; 2; 0; 0; 0; 32; 0; 0; 0; 0; 0; 0; 0; 0; 0; 0; 0; 0; 0; 0; 0; 0
1976;08; 0; 0; 0; 0; 0; 23; 0; 0; 0; 49; 69; 191; 238; 330; 16; 0; 0; 0; 153; 251; 83; 0; 0; 0; 0; 0; 0; 0; 0; 0; 0
1976;09; 0; 0; 0; 0; 117; 29; 57; 194; 4; 0; 0; 0; 383; 183; 200; 287; 21; 0; 0; 0; 0; 0; 35; 0; 0; 0; 184; 255; 0; 7; 9999
1976;10; 0; 0; 0; 0; 0; 35; 0; 0; 179; 183; 0; 0; 0; 0; 0; 0; 147; 126; 62; 16; 6; 0; 0; 0; 25; 126; 170; 0; 0; 0; 6
1976;11; 0; 0; 0; 0; 226; 264; 0; 0; 0; 0; 0; 0; 0; 133; 0; 0; 0; 0; 0; 112; 168; 0; 0; 0; 0; 17; 104; 0; 12; 0; 9999
1976;12; 0; 248; 334; 0; 13; 671; 0; 0; 445; 0; 0; 0; 0; 0; 0; 77; 11; 8; 0; 0; 0; 0; 537; 218; 194; 131; 20; 24; 29; 0; 0
1977;01; 0; 6; 90; 38; 47; 359; 232; 75; 136; 0; 0; 13; 46; 0; 0; 7; 303; 116; 603; 28; 0; 0; 0; 0; 0; 0; 152; 288; 153; 0; 213
1977;02; 369; 22; 0; 0; 24; 0; 0; 86; 0; 0; 9; 0; 0; 12; 0; 0; 31; 0; 0; 0; 0; 0; 0; 0; 0; 0; 36; 0; 9999; 9999; 9999
1977;03; 0; 21; 0; 0; 394; 3; 0; 22; 0; 21; 0; 0; 0; 0; 0; 39; 79; 0; 0; 0; 35; 177; 212; 0; 220; 0; 0; 0; 115; 135; 69
1977;04; 123; 11; 6; 28; 39; 0; 0; 0; 587; 225; 33; 3; 0; 0; 0; 0; 0; 0; 0; 125; 238; 0; 0; 3; 0; 0; 2; 0; 0; 0; 9999
1977;05; 0; 62; 1; 0; 0; 0; 0; 3; 0; 0; 0; 0; 0; 0; 8; 0; 71; 3; 27; 0; 3; 0; 0; 0; 0; 0; 2; 0; 0; 0; 2
1977;06; 0; 0; 0; 19; 41; 32; 0; 5; 3; 0; 0; 2; 0; 0; 4; 32; 4; 3; 0; 0; 0; 0; 91; 0; 72; 0; 0; 0; 0; 4; 9999
1977;07; 0; 0; 0; 0; 0; 0; 0; 3; 0; 0; 0; 0; 0; 0; 0; 0; 0; 8; 0; 0; 2; 0; 35; 0; 192; 0; 2; 0; 0; 0; 0
1977;08; 0; 0; 0; 0; 0; 0; 0; 0; 0; 0; 0; 0; 0; 0; 0; 0; 0; 0; 4; 0; 3; 0; 0; 4; 0; 0; 0; 0; 2; 7; 53
1977;09; 0; 165; 0; 0; 0; 3; 292; 131; 0; 0; 0; 0; 0; 0; 0; 0; 24; 0; 31; 0; 0; 0; 0; 373; 28; 0; 0; 0; 0; 0; 9999
1977;10; 0; 365; 0; 20; 9; 0; 0; 0; 0; 0; 0; 0; 60; 16; 0; 0; 39; 17; 0; 6; 0; 0; 0; 0; 113; 19; 4; 134; 0; 0; 0
1977;11; 0; 138; 0; 6; 0; 0; 33; 0; 0; 0; 38; 146; 181; 0; 94; 203; 0; 0; 0; 0; 0; 0; 33; 2; 20; 158; 0; 11; 52; 8; 9999
1977;12; 468; 241; 243; 174; 13; 257; 31; 412; 8; 7; 32; 0; 0; 0; 0; 0; 0; 0; 15; 517; 145; 157; 56; 4; 0; 0; 0; 0; 0; 0; 0
1978;01; 17; 19; 33; 6; 0; 0; 569; 0; 0; 12; 0; 0; 0; 0; 0; 0; 51; 0; 0; 0; 0; 146; 0; 0; 0; 0; 23; 0; 0; 0; 11
1978;02; 0; 0; 8; 0; 155; 13; 8; 0; 0; 0; 0; 0; 0; 0; 22; 158; 62; 125; 22; 0; 13; 36; 6; 10; 0; 0; 0; 0; 9999; 9999; 9999
1978;03; 0; 0; 17; 192; 13; 12; 0; 0; 231; 52; 0; 0; 0; 0; 0; 0; 0; 0; 0; 0; 0; 0; 0; 146; 0; 0; 0; 273; 0; 247; 0
1978;04; 0; 0; 0; 0; 0; 0; 0; 0; 0; 0; 0; 0; 0; 0; 0; 0; 0; 0; 0; 0; 0; 0; 72; 0; 0; 0; 0; 0; 0; 0; 9999
1978;05; 28; 46; 3; 0; 0; 0; 0; 0; 4; 0; 0; 0; 0; 0; 0; 365; 488; 372; 0; 0; 288; 53; 11; 0; 0; 0; 0; 0; 0; 0; 0
1978;06; 0; 0; 0; 0; 0; 0; 0; 0; 597; 0; 0; 0; 0; 0; 0; 0; 0; 0; 0; 0; 0; 0; 0; 0; 0; 0; 0; 0; 0; 0; 9999
1978;07; 0; 0; 0; 120; 0; 0; 0; 0; 0; 0; 3; 0; 2; 0; 0; 212; 3; 65; 3; 0; 147; 63; 361; 72; 0; 0; 0; 4; 0; 2; 24
1978;08; 0; 0; 0; 0; 0; 0; 0; 0; 0; 0; 0; 0; 0; 0; 0; 0; 0; 0; 0; 0; 6; 0; 0; 41; 0; 0; 0; 0; 0; 0; 26
1978;09; 0; 97; 0; 0; 321; 26; 0; 54; 18; 0; 0; 0; 0; 0; 0; 0; 0; 0; 0; 2; 0; 0; 0; 0; 0; 0; 0; 0; 0; 0; 9999
1978;10; 0; 0; 0; 0; 0; 0; 0; 0; 0; 0; 44; 0; 0; 42; 8; 0; 17; 69; 226; 27; 9; 0; 0; 0; 0; 0; 0; 106; 54; 203; 466
1978;11; 0; 11; 0; 806; 504; 162; 0; 0; 0; 0; 603; 222; 0; 0; 0; 0; 192; 0; 0; 0; 0; 0; 0; 18; 0; 0; 0; 749; 0; 0; 9999
1978;12; 0; 0; 0; 0; 0; 14; 349; 164; 188; 0; 0; 0; 0; 0; 251; 18; 10; 22; 0; 0; 0; 0; 0; 0; 0; 0; 903; 98; 0; 0; 247
1979;01; 0; 0; 319; 51; 0; 0; 0; 0; 0; 0; 0; 76; 23; 0; 0; 0; 0; 0; 0; 0; 165; 44; 0; 0; 0; 167; 1; 0; 206; 11; 12
1979;02; 0; 0; 1; 2; 3; 21; 2; 0; 0; 0; 130; 27; 282; 377; 0; 0; 0; 4; 1; 17; 0; 70; 54; 2; 5; 1; 8; 0; 9999; 9999; 9999
1979;03; 125; 0; 3; 0; 0; 0; 2; 0; 0; 0; 130; 0; 326; 9999; 3; 4; 0; 0; 3; 2; 3; 2; 15; 157; 86; 0; 7; 1; 2; 3; 3
1979;04; 3; 0; 1; 43; 334; 61; 153; 3; 2; 9; 1; 2; 0; 0; 0; 1; 0; 3; 0; 0; 0; 0; 0; 43; 13; 0; 0; 0; 19; 84; 9999
1979;05; 1; 0; 2; 233; 29; 30; 72; 64; 1; 66; 15; 4; 155; 7; 96; 0; 0; 2; 0; 1; 2; 2; 0; 168; 1; 2; 1; 0; 5; 392; 0
1979;06; 3; 3; 4; 2; 2; 0; 0; 0; 4; 0; 2; 1; 1; 1; 2; 0; 0; 2; 1; 2; 3; 3; 2; 2; 0; 0; 2; 0; 0; 3; 9999
1979;07; 1; 0; 0; 0; 2; 1; 0; 0; 88; 44; 52; 0; 0; 4; 2; 0; 0; 3; 0; 198; 0; 1; 0; 1; 4; 164; 3; 0; 0; 2; 0
1979;08; 0; 1; 2; 0; 0; 0; 2; 0; 1; 2; 0; 3; 109; 2; 108; 2; 0; 152; 468; 4; 19; 34; 1; 2; 3; 0; 66; 1; 0; 0; 2
1979;09; 0; 200; 351; 50; 89; 5; 0; 1; 0; 0; 3; 194; 4; 230; 114; 29; 2; 132; 4; 2; 0; 1; 201; 73; 3; 3; 0; 0; 0; 0; 9999
1979;10; 113; 107; 13; 0; 337; 17; 235; 261; 100; 0; 0; 0; 0; 214; 127; 3; 0; 3; 0; 0; 0; 0; 2; 0; 0; 0; 121; 0; 66; 71; 481
1979;11; 0; 4; 0; 0; 0; 0; 0; 0; 33; 156; 208; 0; 2; 0; 56; 1; 5; 0; 3; 0; 0; 0; 54; 0; 102; 90; 2; 5; 3; 0; 9999
1979;12; 0; 3; 8; 161; 121; 2; 6; 0; 0; 121; 253; 82; 325; 15; 241; 564; 23; 42; 9; 32; 0; 0; 3; 4; 182; 145; 7; 0; 0; 2; 90
1980;01; 93; 0; 0; 1; 5; 0; 0; 93; 0; 75; 548; 6; 8; 4; 0; 3; 0; 97; 331; 182; 126; 161; 0; 7; 229; 545; 84; 62; 30; 3; 0
1980;02; 84; 62; 8; 71; 0; 0; 2; 127; 4; 0; 0; 72; 152; 61; 2; 79; 70; 96; 0; 69; 5; 2; 0; 221; 162; 101; 37; 63; 199; 9999; 9999
1980;03; 2; 0; 3; 4; 0; 3; 0; 2; 0; 91; 3; 5; 21; 156; 96; 82; 76; 3; 0; 0; 4; 3; 1; 2; 1; 0; 0; 0; 0; 0; 8
1980;04; 0; 3; 92; 272; 250; 151; 89; 2; 4; 0; 0; 0; 59; 3; 414; 4; 6; 3; 8; 23; 0; 1; 1; 4; 5; 3; 0; 6; 2; 3; 9999
1980;05; 0; 20; 6; 0; 4; 0; 3; 0; 2; 2; 6; 2; 0; 0; 7; 5; 3; 4; 2; 3; 2; 0; 82; 4; 3; 0; 0; 3; 2; 0; 0
1980;06; 0; 1; 3; 48; 0; 0; 1; 3; 2; 0; 0; 0; 0; 84; 3; 0; 4; 5; 4; 2; 0; 6; 8; 0; 8; 289; 109; 2; 3; 4; 9999
1980;07; 0; 5; 56; 81; 9; 0; 0; 2; 0; 0; 49; 3; 3; 0; 0; 0; 1; 1; 1; 2; 0; 0; 3; 1; 0; 1; 0; 17; 0; 0; 197
1980;08; 0; 0; 0; 1; 1; 0; 39; 1; 3; 0; 3; 1; 2; 1; 7; 47; 2; 67; 4; 1; 1; 2; 0; 27; 1; 82; 1; 5; 0; 2; 2
1980;09; 0; 0; 0; 0; 0; 1; 1; 1; 0; 0; 8; 1; 0; 2; 4; 34; 20; 163; 3; 17; 133; 139; 3; 3; 2; 2; 1; 44; 3; 3; 9999
1980;10; 0; 0; 0; 0; 1; 2; 0; 134; 116; 5; 0; 125; 33; 2; 2; 0; 0; 0; 0; 0; 0; 0; 4; 0; 0; 0; 0; 89; 0; 0; 41
1980;11; 34; 0; 0; 0; 0; 0; 1; 161; 22; 66; 0; 9; 28; 1; 0; 0; 0; 0; 0; 39; 1; 0; 0; 90; 70; 0; 0; 0; 8; 171; 9999
1980;12; 195; 117; 219; 59; 48; 61; 0; 144; 0; 17; 38; 27; 113; 127; 0; 0; 0; 0; 0; 0; 71; 105; 12; 17; 155; 57; 7; 19; 506; 97; 0
1981;01; 2; 0; 0; 3; 38; 256; 50; 7; 169; 21; 94; 155; 265; 974; 879; 8; 0; 2; 16; 36; 91; 56; 0; 0; 0; 25; 0; 0; 0; 3; 19
1981;02; 0; 0; 0; 0; 1; 61; 9; 1; 88; 1; 1; 8; 87; 0; 283; 2; 0; 1; 49; 2; 10; 0; 0; 99; 0; 178; 24; 0; 9999; 9999; 9999
1981;03; 0; 0; 0; 370; 1; 2; 0; 0; 6; 3; 0; 0; 0; 0; 0; 228; 2; 0; 0; 0; 0; 12; 0; 0; 0; 0; 0; 43; 134; 182; 9
1981;04; 0; 0; 0; 0; 0; 0; 0; 0; 0; 0; 0; 0; 0; 0; 0; 232; 169; 17; 4; 0; 0; 0; 0; 0; 0; 2; 0; 69; 49; 16; 9999
1981;05; 0; 0; 0; 109; 4; 4; 3; 0; 0; 0; 0; 0; 0; 0; 0; 0; 19; 34; 2; 0; 0; 0; 0; 0; 2; 2; 0; 0; 1; 0; 0
1981;06; 2; 1; 0; 0; 0; 34; 304; 34; 3; 1; 0; 0; 0; 6; 0; 139; 19; 0; 0; 0; 0; 0; 0; 1; 0; 0; 0; 0; 0; 0; 9999
1981;07; 0; 0; 110; 9; 6; 3; 1; 0; 0; 0; 0; 0; 0; 0; 0; 0; 0; 12; 67; 148; 2; 0; 0; 57; 100; 2; 0; 2; 1; 0; 0
1981;08; 0; 0; 0; 0; 0; 0; 0; 0; 0; 6; 41; 0; 0; 0; 0; 0; 0; 26; 0; 3; 0; 0; 0; 0; 0; 0; 0; 0; 0; 1; 3
1981;09; 1; 0; 0; 31; 0; 0; 0; 0; 0; 0; 0; 0; 0; 0; 0; 0; 0; 0; 0; 0; 0; 1; 3; 0; 7; 45; 12; 0; 0; 70; 9999
1981;10; 4; 0; 0; 0; 0; 30; 30; 167; 0; 6; 0; 1; 1; 0; 0; 197; 0; 0; 17; 317; 0; 1; 0; 0; 0; 0; 322; 11; 7; 3; 78
1981;11; 38; 37; 23; 292; 4; 1; 0; 0; 13; 191; 43; 4; 3; 0; 41; 54; 135; 0; 56; 76; 310; 0; 0; 0; 0; 0; 0; 0; 15; 828; 9999
1981;12; 84; 178; 2; 0; 0; 0; 85; 61; 349; 108; 4; 0; 112; 0; 0; 40; 2; 0; 0; 0; 0; 9; 0; 165; 0; 0; 0; 1; 3; 0; 0
1982;01; 0; 290; 6; 54; 2; 0; 0; 177; 82; 74; 208; 658; 0; 0; 0; 0; 0; 0; 0; 0; 0; 0; 1393; 7; 0; 0; 0; 23; 98; 49; 90
1982;02; 0; 0; 339; 2; 87; 399; 939; 0; 0; 0; 32; 0; 0; 0; 0; 0; 0; 0; 103; 120; 0; 0; 266; 348; 73; 5; 174; 0; 9999; 9999; 9999
1982;03; 0; 0; 8; 0; 0; 0; 0; 0; 0; 61; 47; 2; 0; 40; 221; 78; 180; 0; 100; 2; 1; 214; 8; 0; 3; 66; 161; 0; 0; 1; 15
1982;04; 2; 5; 0; 0; 0; 0; 0; 0; 0; 0; 0; 0; 135; 2; 199; 0; 0; 9; 1; 0; 0; 0; 1; 7; 0; 0; 1; 8; 0; 0; 9999
1982;05; 0; 0; 0; 25; 3; 0; 0; 0; 0; 0; 0; 0; 0; 0; 0; 0; 0; 0; 74; 92; 5; 0; 0; 0; 191; 40; 18; 3; 0; 0; 27
1982;06; 1; 0; 2; 0; 12; 136; 2; 0; 2; 2; 0; 137; 221; 178; 0; 289; 38; 0; 0; 0; 17; 121; 67; 9; 331; 261; 29; 0; 175; 0; 9999
1982;07; 219; 0; 0; 1; 0; 0; 1; 0; 0; 0; 0; 67; 49; 2; 0; 0; 0; 17; 114; 0; 0; 1; 0; 1; 0; 0; 0; 0; 0; 114; 2
1982;08; 0; 0; 106; 0; 0; 0; 1; 1; 0; 21; 92; 0; 0; 0; 0; 1; 2; 5; 67; 1; 3; 0; 0; 33; 2; 0; 0; 4; 0; 1; 0
1982;09; 0; 0; 0; 0; 1; 1; 0; 0; 0; 0; 0; 0; 0; 0; 0; 1; 0; 0; 8; 0; 0; 1; 0; 0; 0; 0; 0; 114; 0; 0; 9999
1982;10; 0; 196; 354; 0; 0; 3; 14; 533; 134; 0; 94; 0; 48; 59; 1; 0; 0; 228; 0; 0; 114; 0; 0; 29; 5; 24; 0; 77; 272; 87; 0
1982;11; 0; 0; 0; 0; 0; 209; 74; 0; 0; 0; 71; 90; 11; 293; 311; 135; 38; 0; 0; 57; 9999; 309; 10; 0; 16; 2; 170; 185; 215; 9; 9999
1982;12; 16; 8; 215; 5; 0; 0; 121; 0; 0; 0; 247; 188; 9; 338; 134; 33; 143; 108; 188; 349; 18; 11; 15; 169; 0; 0; 0; 51; 333; 82; 42
1983;01; 0; 1; 0; 0; 0; 465; 2; 48; 223; 0; 0; 0; 13; 39; 83; 113; 73; 350; 246; 406; 194; 4; 14; 0; 483; 0; 188; 9999; 27; 0; 183
1983;02; 1243; 23; 4; 0; 0; 0; 0; 0; 191; 27; 93; 5; 4; 0; 238; 0; 0; 17; 30; 0; 0; 0; 0; 313; 3; 0; 0; 0; 9999; 9999; 9999
1983;03; 0; 415; 8; 327; 2; 35; 537; 97; 0; 0; 0; 0; 251; 17; 0; 0; 0; 0; 173; 495; 0; 34; 2; 0; 12; 0; 34; 103; 0; 0; 0
1983;04; 0; 0; 0; 0; 0; 250; 365; 10; 0; 0; 0; 166; 14; 0; 0; 0; 2; 0; 217; 109; 204; 182; 1; 0; 182; 209; 3; 0; 2; 0; 9999
1983;05; 1; 0; 2; 0; 4; 2; 0; 1; 62; 0; 0; 0; 171; 39; 0; 3; 0; 38; 2; 219; 0; 0; 2; 322; 0; 0; 4; 164; 550; 283; 508
1983;06; 65; 12; 140; 65; 208; 612; 506; 0; 346; 161; 434; 100; 4; 2; 0; 5; 3; 3; 2; 1; 0; 0; 0; 0; 72; 117; 0; 59; 68; 0; 9999
1983;07; 0; 1; 0; 0; 0; 0; 0; 0; 0; 0; 0; 0; 0; 0; 0; 0; 0; 173; 2; 9; 154; 1; 0; 0; 0; 0; 0; 0; 0; 0; 0
1983;08; 0; 113; 9; 15; 0; 2; 3; 3; 0; 0; 0; 3; 1; 0; 0; 0; 0; 3; 0; 0; 0; 0; 0; 2; 2; 2; 2; 0; 1; 0; 0
1983;09; 0; 43; 18; 288; 27; 78; 18; 163; 26; 0; 0; 8; 112; 3; 0; 238; 2; 272; 240; 1; 0; 62; 193; 173; 125; 2; 0; 2; 2; 3; 9999
1983;10; 0; 1; 2; 0; 0; 0; 0; 11; 2; 0; 1; 1; 0; 125; 307; 4; 2; 690; 472; 0; 0; 574; 23; 107; 0; 0; 0; 0; 0; 0; 0
1983;11; 29; 33; 90; 2; 136; 2; 2; 1; 0; 0; 197; 241; 26; 2; 0; 6; 0; 0; 0; 53; 42; 338; 24; 1; 0; 0; 2; 0; 0; 451; 9999
1983;12; 1; 85; 3; 5; 0; 0; 230; 2; 0; 0; 12; 129; 0; 385; 4; 142; 3; 0; 73; 285; 69; 13; 113; 363; 9; 0; 51; 0; 0; 382; 85
1984;01; 18; 38; 43; 88; 16; 13; 153; 0; 0; 204; 0; 0; 0; 0; 0; 0; 0; 0; 1; 0; 158; 44; 50; 0; 130; 439; 112; 172; 155; 80; 102
1984;02; 0; 8; 0; 0; 0; 0; 0; 3; 1; 0; 0; 0; 688; 0; 0; 0; 0; 2; 1; 0; 0; 117; 0; 0; 0; 0; 0; 0; 179; 9999; 9999
1984;03; 0; 0; 13; 0; 158; 61; 11; 15; 4; 2; 10; 0; 1; 2; 8; 0; 2; 3; 0; 2; 15; 14; 0; 0; 0; 0; 11; 2; 0; 113; 35
1984;04; 0; 0; 15; 261; 85; 0; 0; 0; 0; 1; 6; 0; 1; 0; 2; 5; 8; 0; 0; 58; 4; 0; 1; 117; 193; 3; 0; 0; 0; 0; 9999
1984;05; 3; 73; 175; 3; 2; 4; 1; 0; 0; 0; 0; 180; 170; 28; 231; 1; 65; 248; 2; 0; 0; 2; 0; 1; 0; 0; 0; 0; 0; 0; 15
1984;06; 0; 0; 0; 0; 0; 0; 0; 0; 3; 10; 0; 0; 0; 0; 2; 0; 4; 0; 0; 0; 0; 0; 0; 0; 0; 0; 0; 0; 0; 0; 9999
1984;07; 0; 0; 0; 51; 0; 0; 0; 0; 0; 0; 0; 0; 0; 0; 0; 0; 2; 1; 0; 0; 4; 0; 0; 0; 0; 0; 0; 46; 0; 0; 0
1984;08; 0; 5; 477; 49; 0; 0; 0; 0; 2; 0; 0; 0; 0; 0; 0; 15; 3; 0; 0; 80; 31; 85; 296; 3; 26; 103; 0; 0; 0; 0; 0
1984;09; 0; 2; 0; 0; 0; 0; 92; 0; 72; 0; 0; 3; 0; 0; 0; 0; 0; 0; 0; 632; 209; 0; 0; 0; 0; 50; 483; 15; 0; 0; 9999
1984;10; 0; 0; 2; 0; 0; 0; 1; 0; 2; 3; 0; 0; 0; 0; 0; 2; 0; 27; 206; 0; 0; 0; 0; 0; 0; 0; 0; 0; 0; 0; 0
1984;11; 6; 0; 187; 0; 0; 0; 0; 3; 0; 28; 0; 385; 100; 12; 0; 0; 0; 0; 0; 38; 70; 104; 0; 0; 0; 275; 0; 0; 0; 0; 9999
1984;12; 0; 305; 0; 0; 0; 5; 414; 44; 6; 0; 0; 0; 89; 104; 29; 0; 91; 17; 0; 0; 0; 0; 0; 0; 0; 83; 0; 0; 2; 0; 63
1985;01; 20; 16; 20; 0; 67; 0; 36; 285; 138; 0; 0; 0; 0; 4; 0; 5; 14; 9; 3; 1; 25; 24; 67; 6; 4; 10; 0; 0; 0; 0; 0
1985;02; 0; 53; 586; 0; 35; 186; 0; 0; 28; 0; 38; 0; 4; 0; 2; 2; 50; 36; 2; 0; 0; 224; 61; 20; 0; 5; 0; 20; 9999; 9999; 9999
1985;03; 3; 0; 29; 0; 0; 15; 15; 0; 0; 0; 308; 3; 0; 0; 0; 170; 664; 581; 0; 0; 0; 0; 168; 0; 0; 0; 0; 28; 0; 0; 2
1985;04; 2; 0; 0; 0; 0; 0; 0; 24; 0; 0; 0; 10; 10; 0; 0; 90; 18; 7; 18; 0; 0; 0; 0; 0; 0; 20; 0; 0; 18; 4; 9999
1985;05; 480; 88; 2; 3; 40; 0; 0; 0; 2; 88; 0; 0; 0; 2; 0; 4; 1; 3; 0; 0; 155; 212; 0; 0; 3; 0; 0; 3; 0; 0; 0
1985;06; 0; 0; 0; 138; 0; 0; 0; 0; 0; 18; 8; 0; 3; 2; 0; 0; 0; 0; 0; 0; 0; 0; 0; 0; 0; 0; 0; 0; 0; 1; 9999
1985;07; 0; 0; 0; 0; 0; 0; 47; 0; 0; 0; 0; 0; 0; 3; 3; 2; 0; 0; 0; 0; 0; 0; 0; 0; 0; 0; 0; 0; 0; 0; 0
1985;08; 0; 0; 0; 0; 0; 0; 0; 0; 0; 0; 0; 18; 0; 0; 0; 0; 0; 0; 0; 0; 0; 20; 5; 0; 2; 0; 0; 22; 0; 0; 72
1985;09; 170; 70; 0; 215; 133; 13; 0; 0; 0; 0; 0; 0; 0; 0; 0; 1; 0; 0; 0; 0; 203; 2; 0; 5; 0; 0; 0; 0; 97; 126; 9999
1985;10; 0; 0; 0; 0; 0; 0; 0; 1; 0; 51; 0; 0; 0; 1; 0; 0; 0; 0; 0; 0; 0; 25; 0; 5; 130; 0; 0; 0; 89; 0; 10
1985;11; 50; 128; 46; 57; 24; 0; 0; 0; 0; 0; 0; 0; 0; 0; 0; 0; 0; 0; 0; 0; 0; 0; 245; 17; 86; 219; 131; 0; 0; 0; 9999
1985;12; 0; 0; 30; 291; 70; 0; 0; 0; 0; 0; 0; 0; 0; 2; 4; 0; 0; 0; 0; 0; 17; 0; 0; 0; 20; 70; 28; 0; 59; 0; 25
1986;01; 0; 0; 24; 0; 3; 0; 0; 0; 41; 0; 46; 211; 0; 0; 0; 190; 0; 0; 0; 29; 0; 18; 54; 105; 112; 6; 0; 0; 0; 0; 0
1986;02; 0; 0; 227; 5; 0; 11; 20; 0; 14; 69; 125; 137; 975; 0; 0; 4; 137; 0; 0; 114; 405; 50; 172; 0; 0; 32; 41; 25; 9999; 9999; 9999
1986;03; 0; 320; 0; 30; 90; 270; 74; 57; 0; 0; 0; 98; 47; 2; 0; 0; 0; 0; 171; 19; 2; 0; 0; 300; 2; 0; 31; 0; 1; 198; 0
1986;04; 0; 2; 0; 0; 2; 0; 200; 1; 0; 0; 2; 0; 2; 0; 143; 198; 6; 0; 2; 0; 0; 21; 2; 15; 0; 0; 42; 6; 21; 0; 9999
1986;05; 0; 3; 0; 2; 2; 0; 0; 23; 262; 175; 0; 2; 118; 26; 17; 0; 4; 8; 198; 3; 2; 0; 0; 3; 0; 5; 9; 3; 0; 0; 66
1986;06; 0; 2; 0; 1; 2; 4; 0; 0; 0; 0; 2; 1; 0; 0; 0; 2; 2; 0; 0; 2; 0; 0; 2; 0; 0; 4; 6; 4; 0; 0; 9999
1986;07; 0; 0; 4; 0; 0; 2; 7; 0; 3; 2; 2; 3; 2; 0; 0; 0; 0; 2; 1; 0; 12; 5; 76; 0; 3; 2; 0; 0; 0; 0; 120
1986;08; 43; 3; 0; 0; 0; 0; 0; 3; 0; 0; 0; 9; 28; 81; 5; 46; 50; 15; 4; 0; 242; 175; 547; 0; 8; 2; 3; 1; 0; 0; 1
1986;09; 2; 0; 1; 0; 61; 3; 0; 0; 0; 2; 3; 2; 0; 0; 0; 0; 1; 0; 7; 11; 8; 2; 0; 1; 71; 36; 14; 0; 117; 0; 9999
1986;10; 0; 0; 1; 0; 0; 2; 0; 0; 0; 9999; 204; 0; 0; 0; 0; 0; 2; 0; 120; 35; 84; 13; 70; 0; 0; 0; 0; 2; 0; 0; 0
1986;11; 72; 0; 132; 0; 0; 348; 35; 0; 0; 0; 205; 65; 13; 0; 1; 0; 0; 0; 0; 1; 46; 1; 0; 522; 0; 3; 90; 2; 10; 221; 9999
1986;12; 79; 279; 400; 69; 12; 0; 0; 139; 106; 0; 0; 0; 7; 30; 234; 181; 138; 85; 87; 127; 0; 90; 187; 11; 210; 30; 11; 1; 313; 0; 0
1987;01; 0; 188; 455; 50; 0; 0; 0; 0; 0; 89; 0; 54; 0; 0; 0; 2; 258; 21; 4; 1; 1; 0; 71; 488; 216; 450; 196; 15; 0; 133; 140
1987;02; 26; 141; 220; 55; 484; 19; 8; 0; 37; 255; 0; 4; 16; 115; 149; 64; 2; 2; 1; 27; 2; 1; 11; 2; 2; 16; 344; 1; 9999; 9999; 9999
1987;03; 0; 1; 2; 1; 2; 0; 0; 12; 41; 187; 227; 0; 0; 0; 0; 1; 1; 0; 38; 83; 0; 1; 2; 2; 0; 0; 0; 0; 2; 0; 0
1987;04; 0; 0; 0; 22; 82; 15; 2; 2; 1; 91; 86; 0; 1; 0; 0; 164; 2; 2; 2; 0; 6; 4; 2; 0; 17; 7; 2; 0; 0; 0; 9999
1987;05; 0; 0; 0; 0; 92; 262; 7; 50; 214; 0; 0; 70; 2; 0; 3; 268; 0; 40; 67; 220; 362; 88; 3; 0; 10; 4; 0; 78; 22; 1; 0
1987;06; 1; 0; 4; 2; 1; 0; 210; 0; 0; 2; 0; 0; 23; 785; 478; 345; 3; 2; 2; 1; 0; 0; 318; 3; 0; 2; 3; 0; 3; 0; 9999
1987;07; 0; 0; 0; 0; 4; 0; 0; 0; 211; 4; 2; 0; 0; 0; 0; 0; 0; 0; 0; 0; 3; 0; 0; 0; 0; 0; 0; 2; 0; 7; 12
1987;08; 6; 0; 2; 1; 0; 18; 93; 0; 0; 1; 0; 0; 0; 0; 0; 0; 23; 0; 0; 0; 0; 5; 2; 0; 0; 0; 0; 0; 0; 0; 53
1987;09; 47; 0; 47; 1; 0; 48; 0; 0; 0; 0; 0; 86; 0; 1; 0; 0; 1; 40; 27; 0; 45; 123; 2; 0; 2; 0; 0; 225; 0; 8; 9999
1987;10; 0; 38; 0; 0; 0; 211; 0; 0; 0; 0; 2; 0; 0; 0; 0; 0; 0; 0; 144; 103; 69; 36; 2; 0; 74; 181; 0; 0; 40; 0; 0
1987;11; 2; 0; 0; 0; 0; 16; 21; 4; 5; 6; 0; 0; 0; 20; 185; 129; 34; 0; 0; 0; 0; 0; 0; 0; 39; 268; 4; 0; 0; 0; 9999
1987;12; 0; 0; 0; 46; 217; 142; 0; 0; 112; 0; 0; 61; 45; 0; 0; 0; 0; 1252; 35; 0; 0; 90; 0; 0; 0; 0; 0; 0; 5; 12; 0
1988;01; 13; 0; 0; 0; 0; 210; 537; 0; 130; 87; 280; 0; 0; 3; 98; 13; 0; 0; 0; 0; 0; 0; 14; 117; 0; 90; 0; 77; 2; 0; 3
1988;02; 38; 10; 0; 0; 0; 3; 0; 280; 140; 127; 34; 5; 0; 448; 0; 0; 514; 86; 0; 79; 257; 3; 0; 0; 0; 0; 561; 28; 24; 9999; 9999
1988;03; 160; 211; 41; 9; 0; 0; 0; 0; 14; 0; 0; 0; 0; 0; 0; 35; 228; 562; 338; 0; 0; 0; 0; 0; 0; 0; 0; 0; 0; 0; 0
1988;04; 0; 26; 2; 0; 0; 0; 0; 115; 60; 0; 0; 0; 113; 331; 0; 0; 2; 0; 222; 27; 60; 0; 23; 0; 0; 78; 0; 0; 2; 18; 9999
1988;05; 0; 0; 0; 0; 41; 121; 9; 0; 0; 0; 0; 0; 36; 27; 0; 0; 141; 113; 8; 0; 122; 116; 322; 582; 6; 0; 0; 0; 370; 220; 75
1988;06; 2; 0; 0; 200; 14; 2; 0; 0; 0; 0; 0; 0; 0; 494; 3; 0; 0; 0; 0; 0; 14; 1; 1; 0; 130; 0; 0; 0; 0; 0; 9999
1988;07; 0; 0; 0; 0; 0; 0; 0; 0; 0; 0; 0; 0; 10; 0; 0; 0; 0; 0; 0; 0; 0; 0; 0; 0; 3; 0; 0; 0; 0; 0; 0
1988;08; 0; 0; 0; 0; 0; 0; 0; 0; 0; 0; 7; 0; 0; 0; 0; 0; 0; 0; 0; 0; 0; 0; 0; 0; 0; 0; 0; 0; 0; 0; 0
1988;09; 0; 0; 0; 0; 0; 0; 0; 0; 0; 0; 0; 0; 0; 0; 93; 27; 80; 105; 0; 0; 0; 0; 0; 0; 0; 0; 0; 0; 17; 0; 9999
1988;10; 0; 0; 0; 116; 5; 0; 0; 0; 0; 0; 0; 215; 0; 119; 0; 0; 0; 6; 0; 492; 0; 4; 110; 0; 0; 406; 44; 14; 0; 60; 0
1988;11; 381; 4; 0; 0; 0; 0; 0; 0; 0; 0; 0; 0; 71; 0; 24; 0; 0; 0; 0; 197; 0; 106; 35; 0; 0; 0; 15; 17; 0; 0; 9999
1988;12; 0; 128; 0; 0; 0; 0; 0; 0; 0; 0; 0; 0; 0; 0; 32; 0; 0; 0; 0; 0; 604; 16; 0; 530; 230; 204; 4; 97; 0; 49; 25
1989;01; 22; 130; 0; 104; 156; 50; 153; 10; 777; 132; 103; 30; 6; 5; 118; 380; 5; 0; 0; 0; 0; 434; 40; 9; 87; 0; 0; 109; 25; 0; 0
1989;02; 0; 0; 19; 205; 87; 0; 0; 0; 133; 66; 180; 344; 0; 18; 21; 0; 100; 0; 0; 0; 19; 53; 57; 0; 8; 233; 0; 12; 9999; 9999; 9999
1989;03; 3; 0; 10; 0; 46; 3; 11; 0; 1; 0; 0; 0; 184; 177; 0; 12; 0; 27; 0; 0; 6; 0; 0; 17; 0; 242; 8; 2; 0; 0; 0
1989;04; 0; 40; 80; 0; 0; 0; 0; 0; 16; 0; 0; 131; 3; 0; 0; 0; 0; 0; 100; 2; 3; 0; 0; 0; 0; 0; 0; 4; 0; 0; 9999
1989;05; 0; 24; 0; 0; 266; 721; 3; 7; 3; 0; 0; 0; 0; 0; 0; 0; 0; 0; 0; 0; 0; 0; 0; 0; 61; 0; 0; 22; 0; 0; 0
1989;06; 0; 0; 0; 22; 0; 0; 0; 39; 0; 0; 78; 180; 0; 0; 0; 36; 27; 0; 0; 0; 0; 0; 0; 0; 31; 0; 10; 0; 2; 0; 9999
1989;07; 0; 0; 0; 0; 0; 0; 0; 4; 0; 0; 0; 0; 0; 0; 0; 0; 0; 0; 0; 0; 0; 0; 0; 0; 4; 325; 295; 441; 35; 0; 976
1989;08; 0; 0; 0; 0; 0; 0; 0; 0; 0; 0; 0; 0; 0; 0; 0; 0; 0; 0; 0; 0; 0; 68; 66; 0; 9; 35; 0; 31; 0; 0; 0
1989;09; 4; 77; 0; 0; 0; 0; 0; 0; 0; 197; 0; 0; 142; 113; 0; 0; 0; 0; 0; 0; 0; 0; 0; 0; 113; 4; 0; 0; 0; 0; 9999
1989;10; 0; 0; 0; 167; 0; 0; 0; 0; 0; 0; 1; 31; 0; 0; 0; 48; 0; 0; 0; 0; 0; 0; 0; 0; 0; 0; 488; 30; 0; 0; 0
1989;11; 0; 0; 0; 29; 0; 0; 0; 0; 0; 0; 0; 247; 58; 0; 0; 0; 0; 0; 0; 0; 206; 0; 0; 92; 59; 0; 0; 195; 0; 0; 9999
1989;12; 0; 0; 0; 0; 0; 0; 0; 0; 0; 0; 0; 326; 0; 0; 0; 8; 0; 0; 36; 165; 0; 0; 0; 0; 0; 29; 123; 253; 13; 120; 0
1990;01; 337; 324; 152; 0; 80; 234; 51; 0; 14; 137; 196; 182; 40; 0; 0; 114; 0; 0; 15; 0; 0; 4; 172; 0; 0; 0; 233; 0; 0; 0; 0
1990;02; 0; 28; 0; 0; 0; 0; 410; 0; 0; 0; 1; 0; 0; 4; 0; 0; 0; 0; 0; 0; 0; 0; 416; 93; 10; 0; 66; 0; 9999; 9999; 9999
1990;03; 0; 0; 27; 207; 0; 107; 34; 0; 262; 135; 12; 0; 0; 7; 0; 0; 21; 0; 256; 4; 0; 146; 27; 0; 0; 0; 0; 0; 114; 61; 0
1990;04; 0; 0; 0; 0; 0; 0; 147; 7; 0; 0; 0; 1; 0; 0; 0; 0; 0; 0; 275; 3; 0; 0; 0; 0; 0; 0; 0; 0; 0; 93; 9999
1990;05; 0; 27; 0; 0; 0; 0; 9; 0; 0; 0; 44; 2; 0; 0; 0; 119; 12; 27; 0; 0; 0; 0; 0; 0; 0; 0; 0; 0; 0; 0; 0
1990;06; 0; 0; 0; 0; 0; 0; 200; 0; 0; 0; 0; 0; 0; 0; 36; 0; 0; 0; 0; 0; 180; 0; 1; 0; 0; 1; 0; 0; 0; 0; 9999
1990;07; 0; 0; 0; 0; 64; 79; 0; 0; 0; 16; 13; 0; 0; 0; 0; 0; 319; 45; 105; 181; 28; 72; 0; 99; 62; 15; 15; 92; 0; 0; 0
1990;08; 0; 0; 0; 0; 0; 0; 0; 0; 0; 0; 0; 0; 0; 0; 0; 0; 102; 0; 0; 264; 74; 0; 2; 0; 0; 0; 0; 121; 4; 0; 0
1990;09; 0; 51; 0; 0; 22; 0; 0; 65; 0; 0; 0; 0; 116; 280; 0; 0; 0; 0; 0; 0; 0; 0; 0; 0; 0; 0; 0; 0; 0; 26; 9999
1990;10; 19; 0; 0; 0; 0; 0; 0; 0; 0; 0; 0; 0; 181; 0; 235; 73; 72; 0; 120; 63; 0; 4; 0; 0; 0; 0; 0; 0; 0; 0; 0
1990;11; 0; 223; 0; 0; 229; 31; 11; 283; 265; 0; 0; 0; 0; 0; 42; 0; 0; 0; 13; 0; 41; 3; 0; 178; 0; 0; 0; 0; 0; 0; 9999
1990;12; 0; 0; 0; 11; 0; 159; 0; 25; 0; 0; 36; 81; 95; 294; 26; 0; 0; 0; 0; 177; 0; 0; 0; 0; 0; 0; 0; 0; 156; 0; 0
1991;01; 0; 0; 0; 103; 306; 0; 0; 0; 0; 23; 31; 341; 0; 0; 2; 66; 20; 4; 0; 0; 0; 38; 40; 0; 0; 413; 422; 32; 0; 89; 2
1991;02; 63; 528; 66; 0; 113; 430; 108; 78; 193; 435; 0; 372; 123; 0; 0; 0; 0; 330; 184; 0; 0; 0; 0; 0; 0; 0; 0; 0; 9999; 9999; 9999
1991;03; 8; 109; 36; 0; 72; 467; 575; 0; 0; 4; 0; 157; 96; 56; 0; 0; 0; 0; 340; 174; 0; 746; 40; 0; 3; 13; 276; 98; 55; 3; 93
1991;04; 30; 0; 0; 0; 0; 0; 0; 0; 0; 0; 0; 0; 151; 0; 0; 46; 0; 0; 181; 5; 0; 0; 0; 0; 549; 23; 0; 0; 0; 21; 9999
1991;05; 0; 0; 0; 0; 0; 0; 0; 181; 0; 0; 0; 0; 0; 0; 252; 140; 0; 0; 0; 0; 20; 0; 0; 0; 0; 0; 0; 0; 0; 0; 0
1991;06; 0; 0; 0; 0; 0; 0; 0; 20; 0; 0; 0; 0; 0; 0; 0; 0; 0; 0; 0; 10; 220; 10; 111; 128; 98; 0; 0; 0; 162; 0; 9999
1991;07; 0; 0; 0; 0; 0; 0; 0; 0; 0; 0; 108; 0; 111; 20; 0; 0; 0; 0; 0; 0; 0; 0; 0; 0; 0; 0; 0; 0; 0; 0; 0
1991;08; 0; 4; 0; 0; 0; 0; 32; 192; 198; 0; 0; 0; 0; 0; 0; 0; 0; 0; 0; 0; 0; 0; 0; 0; 0; 0; 0; 0; 0; 0; 0
1991;09; 0; 27; 0; 0; 0; 0; 0; 0; 0; 0; 0; 0; 0; 0; 0; 0; 0; 0; 160; 126; 0; 0; 0; 32; 0; 140; 0; 0; 174; 363; 9999
1991;10; 349; 0; 60; 0; 87; 274; 645; 0; 31; 443; 0; 0; 0; 0; 0; 0; 10; 0; 0; 0; 0; 0; 0; 0; 2; 0; 0; 0; 0; 0; 0
1991;11; 12; 142; 0; 0; 0; 0; 0; 0; 0; 55; 0; 0; 223; 160; 0; 0; 0; 0; 0; 0; 0; 0; 0; 0; 0; 0; 0; 0; 0; 42; 9999
1991;12; 96; 57; 0; 0; 0; 93; 123; 124; 91; 495; 36; 87; 0; 0; 0; 116; 321; 59; 35; 459; 0; 0; 0; 112; 0; 54; 688; 0; 0; 0; 0
1992;01; 0; 0; 0; 0; 7; 0; 0; 0; 0; 28; 0; 0; 0; 177; 7; 3; 50; 2; 0; 0; 0; 93; 50; 0; 212; 57; 0; 0; 0; 31; 26
1992;02; 121; 0; 0; 0; 23; 0; 56; 380; 153; 240; 0; 123; 0; 48; 0; 0; 17; 0; 0; 0; 0; 0; 0; 0; 2; 77; 0; 0; 0; 9999; 9999
1992;03; 0; 108; 135; 544; 503; 42; 0; 0; 76; 0; 0; 41; 0; 0; 0; 44; 289; 0; 224; 20; 0; 0; 0; 9999; 9999; 480; 0; 0; 0; 22; 660
1992;04; 405; 0; 0; 0; 0; 0; 0; 10; 0; 0; 0; 0; 0; 53; 0; 0; 0; 0; 0; 51; 0; 0; 0; 0; 0; 138; 3; 0; 0; 141; 9999
1992;05; 0; 91; 2; 321; 4; 0; 0; 0; 1; 0; 0; 0; 34; 18; 2; 0; 0; 0; 160; 0; 0; 0; 182; 0; 0; 0; 0; 0; 0; 0; 0
1992;06; 0; 0; 0; 0; 0; 0; 0; 0; 0; 0; 0; 0; 0; 0; 0; 0; 0; 0; 0; 0; 0; 0; 0; 0; 0; 0; 0; 0; 14; 0; 9999
1992;07; 0; 0; 0; 0; 0; 0; 188; 34; 9; 1; 0; 0; 0; 0; 0; 0; 31; 0; 13; 0; 0; 0; 0; 1; 0; 0; 0; 0; 0; 0; 0
1992;08; 0; 0; 0; 0; 0; 0; 0; 0; 0; 0; 0; 12; 0; 0; 0; 0; 0; 6; 7; 0; 0; 161; 115; 0; 0; 0; 0; 1; 0; 0; 0
1992;09; 33; 44; 7; 0; 89; 0; 76; 0; 0; 0; 0; 212; 0; 0; 0; 495; 0; 7; 0; 0; 0; 0; 0; 0; 115; 5; 0; 35; 0; 0; 9999
1992;10; 0; 16; 89; 0; 0; 0; 227; 0; 11; 0; 0; 107; 238; 0; 0; 0; 220; 3; 2; 0; 0; 0; 0; 0; 0; 0; 0; 0; 433; 300; 0
1992;11; 0; 8; 0; 411; 5; 2; 8; 0; 77; 466; 0; 0; 0; 0; 0; 0; 236; 0; 0; 0; 0; 87; 20; 0; 0; 319; 15; 0; 0; 0; 9999
1992;12; 627; 12; 0; 0; 0; 0; 10; 166; 0; 212; 744; 32; 1; 0; 0; 0; 53; 67; 0; 0; 280; 0; 0; 0; 0; 2; 0; 0; 0; 0; 0
1993;01; 0; 0; 0; 62; 240; 33; 60; 57; 204; 472; 114; 449; 29; 251; 135; 0; 22; 32; 220; 16; 79; 0; 0; 0; 243; 221; 0; 0; 0; 0; 0
1993;02; 30; 0; 89; 4; 84; 2; 47; 214; 297; 242; 18; 78; 21; 1; 236; 8; 254; 3; 25; 354; 122; 84; 105; 15; 1; 0; 0; 0; 9999; 9999; 9999
1993;03; 0; 0; 0; 0; 27; 0; 0; 0; 0; 3; 2; 0; 0; 0; 0; 0; 0; 0; 200; 2; 3; 0; 0; 0; 83; 6; 0; 136; 2; 78; 0
1993;04; 0; 78; 0; 0; 0; 0; 0; 0; 204; 0; 0; 0; 115; 0; 143; 3; 0; 0; 0; 0; 0; 0; 0; 46; 12; 0; 0; 0; 0; 0; 9999
1993;05; 0; 0; 0; 54; 0; 0; 95; 2; 0; 0; 0; 0; 0; 243; 53; 0; 0; 0; 0; 0; 0; 0; 0; 2; 0; 0; 0; 23; 0; 0; 641
1993;06; 0; 0; 0; 0; 68; 156; 58; 0; 0; 77; 288; 0; 2; 2; 0; 0; 0; 95; 231; 0; 0; 0; 0; 0; 0; 2; 0; 0; 0; 0; 9999
1993;07; 78; 0; 0; 0; 0; 0; 0; 0; 0; 0; 0; 0; 0; 5; 30; 0; 2; 0; 0; 2; 0; 0; 0; 0; 0; 0; 0; 0; 0; 52; 15
1993;08; 6; 0; 0; 0; 0; 0; 3; 0; 0; 0; 7; 0; 0; 2; 0; 0; 0; 2; 0; 2; 0; 0; 0; 393; 328; 2; 0; 0; 0; 0; 0
1993;09; 0; 2; 0; 135; 3; 0; 0; 145; 5; 31; 35; 20; 0; 0; 27; 115; 2; 0; 0; 0; 11; 514; 80; 252; 78; 2; 337; 80; 0; 35; 9999
1993;10; 350; 32; 0; 95; 95; 322; 20; 8; 0; 0; 0; 0; 0; 0; 0; 0; 0; 0; 0; 0; 3; 0; 153; 13; 0; 0; 367; 0; 0; 0; 0
1993;11; 0; 0; 0; 0; 0; 2; 236; 0; 0; 0; 0; 0; 0; 0; 0; 0; 0; 2; 0; 0; 0; 0; 73; 18; 0; 0; 432; 0; 0; 0; 9999
1993;12; 29; 13; 0; 0; 3; 0; 0; 15; 22; 0; 233; 9; 0; 0; 7; 155; 43; 7; 0; 0; 8; 0; 0; 0; 86; 295; 13; 66; 169; 281; 84
1994;01; 0; 0; 0; 12; 7; 0; 0; 2; 295; 383; 0; 0; 0; 35; 0; 0; 2; 2; 16; 117; 245; 30; 0; 0; 20; 0; 138; 534; 137; 351; 157
1994;02; 0; 0; 0; 0; 0; 197; 181; 153; 328; 0; 93; 0; 290; 321; 0; 0; 0; 0; 0; 0; 26; 0; 4; 2; 2; 0; 69; 0; 9999; 9999; 9999
1994;03; 1; 59; 9; 0; 0; 6; 25; 126; 0; 8; 90; 0; 47; 0; 0; 0; 0; 0; 0; 279; 0; 401; 0; 0; 0; 331; 0; 0; 0; 0; 15
1994;04; 13; 0; 0; 0; 0; 0; 8; 8; 10; 0; 0; 0; 0; 147; 0; 0; 0; 7; 125; 7; 9999; 9999; 9999; 9999; 9999; 0; 26; 0; 0; 0; 9999
1994;05; 0; 0; 0; 0; 0; 0; 0; 0; 0; 0; 0; 0; 25; 9999; 9999; 9999; 0; 0; 5; 0; 3; 0; 3; 8; 0; 170; 0; 0; 98; 0; 0
1994;06; 0; 0; 0; 0; 0; 37; 0; 0; 0; 0; 43; 3; 0; 0; 0; 0; 0; 0; 0; 0; 0; 104; 35; 0; 280; 0; 0; 0; 0; 0; 9999
1994;07; 0; 0; 0; 0; 0; 0; 0; 104; 0; 0; 9; 0; 0; 0; 0; 0; 0; 0; 0; 0; 0; 0; 0; 0; 315; 0; 0; 0; 0; 0; 0
1994;08; 0; 0; 0; 11; 0; 0; 0; 0; 0; 0; 0; 0; 0; 0; 0; 0; 0; 0; 0; 0; 0; 0; 0; 0; 0; 0; 0; 0; 0; 0; 0
1994;09; 0; 0; 0; 0; 0; 0; 0; 0; 0; 0; 0; 0; 0; 0; 0; 40; 0; 0; 0; 0; 0; 0; 0; 0; 0; 0; 2; 16; 0; 0; 9999
1994;10; 53; 0; 0; 0; 0; 3; 0; 0; 0; 0; 0; 0; 0; 0; 0; 0; 0; 0; 17; 0; 0; 351; 0; 0; 0; 287; 0; 0; 318; 0; 0
1994;11; 0; 0; 0; 0; 0; 0; 0; 0; 214; 0; 0; 0; 0; 60; 0; 0; 0; 668; 0; 0; 54; 0; 0; 0; 0; 0; 0; 95; 0; 31; 9999
1994;12; 0; 0; 0; 0; 0; 582; 119; 0; 0; 0; 0; 246; 190; 0; 150; 0; 0; 0; 495; 0; 0; 426; 498; 0; 0; 0; 0; 217; 0; 0; 70
1995;01; 57; 0; 227; 256; 0; 232; 0; 0; 0; 203; 0; 436; 0; 0; 0; 0; 12; 0; 0; 95; 0; 0; 153; 0; 0; 0; 0; 0; 0; 286; 0
1995;02; 122; 95; 0; 0; 0; 782; 270; 0; 375; 0; 0; 0; 357; 398; 0; 0; 0; 0; 0; 660; 0; 304; 0; 0; 0; 0; 0; 0; 9999; 9999; 9999
1995;03; 13; 0; 18; 0; 0; 0; 481; 0; 0; 589; 0; 0; 12; 0; 603; 0; 0; 0; 0; 0; 0; 0; 0; 0; 277; 0; 0; 0; 0; 345; 0
1995;04; 720; 0; 169; 0; 0; 0; 0; 520; 0; 181; 0; 115; 0; 0; 0; 0; 0; 0; 0; 532; 0; 0; 0; 0; 22; 0; 0; 0; 0; 0; 9999
1995;05; 0; 0; 37; 0; 0; 0; 399; 138; 0; 166; 0; 0; 0; 0; 0; 0; 0; 0; 0; 52; 0; 9; 0; 0; 0; 0; 0; 0; 0; 0; 0
1995;06; 3; 0; 0; 0; 0; 0; 0; 0; 0; 0; 0; 0; 0; 0; 0; 0; 0; 0; 210; 0; 0; 0; 0; 8; 0; 0; 180; 0; 0; 53; 9999
1995;07; 7; 0; 0; 0; 0; 0; 0; 55; 0; 300; 0; 0; 0; 0; 0; 0; 0; 0; 0; 0; 26; 275; 0; 0; 0; 0; 0; 0; 0; 0; 0
1995;08; 0; 0; 0; 16; 126; 8; 0; 0; 0; 0; 0; 0; 0; 0; 0; 0; 0; 0; 0; 0; 0; 0; 0; 0; 0; 0; 0; 0; 0; 0; 0
1995;09; 0; 0; 0; 0; 0; 0; 0; 0; 0; 0; 0; 0; 7; 0; 0; 0; 0; 65; 5; 0; 28; 0; 205; 180; 39; 0; 0; 137; 0; 0; 9999
1995;10; 48; 0; 0; 0; 0; 0; 168; 0; 0; 0; 0; 0; 0; 0; 0; 854; 0; 123; 0; 0; 303; 0; 0; 159; 0; 0; 0; 0; 0; 283; 0
1995;11; 0; 0; 0; 16; 0; 0; 0; 0; 0; 0; 0; 113; 199; 0; 0; 496; 0; 0; 0; 0; 0; 0; 0; 0; 0; 0; 0; 353; 0; 0; 9999
1995;12; 353; 0; 0; 2; 0; 0; 0; 64; 0; 0; 0; 10; 518; 0; 0; 28; 0; 0; 95; 0; 0; 0; 4; 365; 0; 0; 370; 0; 107; 172; 0
1996;01; 10; 6; 711; 97; 0; 378; 0; 0; 195; 0; 0; 9; 0; 0; 0; 0; 0; 108; 145; 0; 0; 133; 0; 0; 0; 262; 0; 0; 0; 243; 0
1996;02; 0; 0; 25; 0; 0; 13; 23; 55; 0; 0; 0; 163; 17; 0; 0; 0; 11; 0; 244; 0; 0; 0; 16; 0; 0; 0; 274; 0; 0; 9999; 9999
1996;03; 194; 0; 0; 178; 0; 22; 410; 385; 40; 6; 0; 0; 111; 0; 80; 109; 0; 0; 35; 0; 0; 122; 0; 0; 0; 10; 0; 21; 0; 4; 0
1996;04; 0; 0; 0; 0; 0; 0; 0; 0; 0; 0; 0; 30; 0; 0; 27; 0; 37; 0; 0; 0; 0; 0; 0; 0; 0; 0; 0; 0; 0; 0; 9999
1996;05; 0; 13; 0; 0; 0; 16; 0; 0; 20; 0; 0; 0; 0; 0; 0; 106; 0; 0; 0; 0; 0; 0; 0; 13; 0; 0; 0; 0; 0; 0; 0
1996;06; 10; 0; 17; 0; 0; 280; 0; 0; 0; 0; 3; 0; 0; 0; 0; 0; 0; 0; 0; 0; 0; 0; 0; 0; 0; 0; 0; 145; 51; 0; 9999
1996;07; 0; 0; 0; 0; 52; 0; 0; 0; 0; 62; 0; 0; 0; 0; 0; 0; 0; 0; 0; 0; 0; 0; 0; 0; 0; 0; 0; 0; 38; 0; 0
1996;08; 0; 2; 0; 0; 0; 0; 0; 0; 0; 133; 0; 8; 0; 0; 112; 0; 0; 0; 0; 0; 0; 0; 0; 0; 0; 0; 0; 0; 0; 0; 0
1996;09; 63; 0; 33; 133; 0; 0; 0; 0; 195; 617; 0; 230; 0; 0; 0; 0; 0; 18; 0; 0; 0; 0; 0; 0; 0; 0; 100; 0; 83; 0; 9999
1996;10; 3; 0; 423; 33; 0; 0; 33; 0; 0; 0; 0; 270; 0; 0; 118; 0; 0; 0; 0; 0; 390; 0; 0; 0; 0; 25; 0; 44; 0; 0; 0
1996;11; 0; 294; 0; 164; 0; 0; 0; 0; 14; 0; 0; 0; 0; 0; 40; 0; 0; 133; 0; 36; 0; 66; 1; 0; 0; 0; 0; 0; 0; 0; 9999
1996;12; 38; 0; 306; 0; 232; 0; 0; 212; 0; 0; 0; 55; 0; 316; 0; 0; 0; 100; 0; 45; 0; 0; 456; 0; 0; 0; 0; 96; 0; 206; 0
1997;01; 21; 0; 0; 0; 0; 0; 0; 247; 0; 0; 625; 0; 134; 0; 0; 180; 0; 0; 0; 86; 320; 0; 0; 0; 567; 0; 0; 580; 0; 5; 0
1997;02; 2; 0; 655; 0; 0; 0; 0; 0; 0; 23; 0; 0; 0; 380; 76; 0; 221; 0; 0; 35; 0; 6; 0; 39; 0; 0; 0; 0; 9999; 9999; 9999
1997;03; 0; 0; 0; 0; 0; 459; 710; 0; 0; 7; 0; 0; 0; 0; 0; 0; 242; 0; 0; 0; 0; 34; 0; 2; 0; 0; 0; 0; 0; 0; 0
1997;04; 156; 0; 0; 0; 87; 0; 0; 0; 0; 0; 0; 0; 0; 0; 0; 0; 0; 175; 0; 0; 0; 114; 0; 0; 0; 0; 0; 0; 0; 0; 9999
1997;05; 0; 0; 0; 0; 0; 0; 0; 0; 0; 0; 0; 0; 0; 0; 2; 0; 0; 0; 0; 0; 0; 0; 0; 113; 0; 456; 0; 0; 372; 0; 0
1997;06; 27; 0; 0; 0; 0; 612; 0; 0; 0; 0; 0; 0; 0; 0; 161; 62; 0; 0; 0; 34; 188; 0; 0; 0; 0; 0; 0; 44; 217; 55; 9999
1997;07; 52; 0; 0; 0; 0; 0; 0; 0; 0; 0; 0; 0; 0; 0; 0; 0; 0; 0; 0; 0; 0; 130; 0; 0; 0; 0; 0; 0; 0; 0; 0
1997;08; 0; 0; 0; 0; 0; 0; 0; 36; 0; 0; 0; 0; 0; 35; 0; 0; 0; 0; 0; 0; 0; 0; 0; 0; 0; 350; 0; 0; 0; 0; 0
1997;09; 0; 0; 0; 0; 0; 0; 0; 0; 0; 0; 0; 0; 0; 0; 495; 0; 0; 0; 0; 0; 0; 670; 0; 0; 0; 492; 0; 0; 0; 254; 9999
1997;10; 184; 0; 0; 0; 0; 0; 0; 0; 350; 0; 0; 0; 0; 0; 0; 0; 0; 16; 0; 0; 614; 0; 0; 0; 110; 0; 0; 0; 79; 0; 0
1997;11; 0; 170; 160; 0; 0; 0; 0; 0; 0; 265; 0; 0; 9; 0; 0; 0; 553; 187; 0; 0; 0; 470; 0; 115; 0; 0; 0; 696; 0; 0; 9999
1997;12; 0; 0; 0; 878; 0; 0; 0; 190; 0; 0; 0; 0; 0; 0; 670; 0; 0; 0; 0; 0; 0; 26; 0; 0; 0; 44; 0; 0; 0; 315; 0
