33
Ano,Mes,1,2,3,4,5,6,7,8,9,10,11,12,13,14,15,16,17,18,19,20,21,22,23,24,25,26,27,28,29,30,31
1954;09; 9999; 9999; 9999; 9999; 9999; 0; 0; 0; 0; 0; 0; 0; 64; 0; 0; 0; 0; 0; 48; 0; 6; 0; 0; 0; 0; 6; 108; 41; 3; 69; 9999
1954;10; 0; 0; 0; 36; 0; 0; 0; 0; 0; 64; 0; 0; 16; 0; 134; 40; 35; 9; 0; 233; 189; 0; 0; 0; 0; 0; 168; 0; 0; 0; 0
1954;11; 0; 0; 0; 0; 0; 0; 0; 0; 0; 0; 0; 0; 0; 0; 0; 0; 0; 0; 0; 0; 0; 0; 158; 0; 0; 0; 0; 0; 0; 0; 9999
1954;12; 0; 38; 213; 0; 0; 0; 190; 0; 53; 0; 0; 132; 0; 0; 0; 241; 0; 46; 192; 26; 0; 0; 0; 0; 0; 0; 0; 0; 0; 0; 0
1955;01; 25; 314; 37; 57; 0; 200; 0; 0; 103; 36; 0; 142; 542; 75; 27; 153; 69; 0; 0; 0; 0; 0; 0; 0; 0; 0; 0; 0; 0; 0; 73
1955;02; 179; 0; 0; 0; 0; 0; 0; 0; 0; 0; 0; 176; 0; 0; 0; 0; 0; 0; 0; 0; 102; 178; 14; 0; 0; 38; 30; 0; 9999; 9999; 9999
1955;03; 10; 0; 0; 0; 87; 40; 0; 0; 0; 494; 0; 0; 0; 60; 24; 0; 0; 0; 0; 0; 0; 0; 0; 0; 0; 0; 110; 183; 159; 150; 0
1955;04; 0; 0; 0; 25; 0; 0; 0; 0; 0; 23; 0; 0; 0; 0; 389; 40; 0; 0; 0; 0; 0; 0; 0; 0; 0; 0; 0; 38; 0; 0; 9999
1955;05; 0; 0; 0; 0; 0; 0; 0; 0; 0; 0; 0; 0; 0; 0; 251; 0; 0; 0; 99; 0; 0; 0; 25; 0; 0; 0; 0; 0; 0; 95; 58
1955;06; 0; 0; 0; 0; 0; 0; 0; 24; 0; 0; 0; 28; 34; 0; 0; 112; 0; 0; 0; 0; 0; 0; 0; 0; 0; 0; 0; 0; 0; 0; 9999
1955;07; 0; 0; 111; 473; 0; 0; 0; 0; 0; 0; 0; 0; 0; 0; 0; 0; 0; 0; 0; 0; 0; 0; 0; 0; 0; 0; 0; 0; 0; 24; 0
1955;08; 0; 0; 0; 0; 0; 0; 0; 0; 0; 0; 3; 0; 0; 0; 0; 0; 0; 0; 0; 0; 0; 0; 0; 0; 62; 276; 454; 38; 0; 0; 0
1955;09; 0; 0; 0; 0; 0; 0; 0; 0; 0; 0; 0; 0; 0; 0; 0; 0; 0; 0; 0; 0; 0; 0; 0; 0; 0; 0; 0; 0; 0; 0; 9999
1955;10; 34; 0; 0; 0; 0; 0; 0; 0; 0; 0; 0; 49; 0; 0; 0; 0; 0; 0; 0; 0; 10; 0; 0; 0; 0; 0; 894; 0; 0; 0; 138
1955;11; 232; 307; 0; 0; 0; 0; 0; 0; 0; 0; 0; 0; 0; 0; 0; 0; 0; 75; 0; 0; 0; 0; 0; 0; 0; 0; 0; 0; 0; 0; 9999
1955;12; 0; 220; 312; 0; 0; 0; 0; 0; 0; 0; 0; 546; 0; 0; 0; 17; 0; 0; 0; 0; 0; 0; 0; 0; 63; 0; 256; 107; 286; 84; 426
1956;01; 0; 196; 0; 0; 0; 0; 0; 0; 0; 0; 0; 0; 0; 0; 0; 0; 64; 0; 252; 0; 0; 0; 192; 24; 0; 118; 25; 7; 0; 0; 0
1956;02; 0; 0; 0; 0; 0; 0; 0; 0; 0; 0; 429; 176; 244; 0; 164; 21; 0; 0; 0; 0; 228; 124; 74; 0; 88; 0; 0; 0; 0; 9999; 9999
1956;03; 0; 0; 0; 0; 0; 0; 0; 0; 0; 0; 168; 0; 58; 0; 0; 0; 0; 0; 0; 0; 0; 0; 0; 0; 0; 0; 28; 60; 90; 172; 34
1956;04; 0; 0; 0; 0; 0; 132; 0; 0; 0; 0; 0; 0; 0; 0; 0; 0; 0; 0; 0; 0; 0; 0; 0; 16; 0; 0; 644; 32; 0; 0; 9999
1956;05; 162; 0; 0; 388; 0; 0; 30; 0; 0; 0; 0; 0; 0; 0; 0; 0; 0; 0; 0; 0; 25; 0; 0; 228; 712; 24; 0; 0; 0; 0; 384
1956;06; 46; 0; 0; 0; 0; 0; 0; 0; 0; 153; 102; 158; 42; 75; 0; 0; 0; 0; 0; 0; 0; 0; 0; 0; 0; 0; 0; 0; 0; 0; 9999
1956;07; 0; 0; 0; 0; 0; 112; 0; 0; 0; 0; 0; 0; 0; 92; 2; 0; 0; 0; 0; 0; 48; 52; 294; 0; 0; 0; 38; 0; 0; 121; 336
1956;08; 0; 58; 206; 0; 0; 0; 0; 0; 0; 0; 0; 0; 0; 0; 0; 0; 0; 0; 0; 0; 0; 0; 75; 0; 0; 0; 0; 0; 0; 0; 0
1956;09; 0; 0; 0; 0; 0; 0; 0; 0; 222; 116; 0; 0; 0; 197; 22; 0; 0; 0; 0; 0; 0; 0; 0; 0; 96; 3; 0; 0; 0; 0; 9999
1956;10; 0; 0; 0; 0; 0; 0; 0; 0; 0; 378; 140; 0; 0; 0; 0; 0; 0; 0; 0; 0; 0; 227; 74; 0; 0; 0; 192; 145; 224; 0; 0
1956;11; 0; 0; 0; 0; 0; 0; 0; 0; 0; 0; 0; 0; 0; 0; 0; 0; 0; 0; 0; 0; 0; 0; 0; 0; 38; 0; 0; 0; 0; 0; 9999
1956;12; 0; 0; 0; 0; 28; 162; 40; 0; 0; 0; 0; 38; 162; 67; 0; 0; 0; 0; 0; 27; 0; 30; 0; 417; 0; 0; 0; 0; 0; 0; 0
1957;01; 0; 0; 0; 0; 121; 0; 0; 12; 192; 258; 0; 0; 0; 36; 300; 280; 232; 0; 6; 0; 0; 18; 0; 82; 306; 0; 0; 0; 90; 0; 4
1957;02; 0; 8; 195; 0; 0; 0; 109; 0; 48; 638; 0; 0; 0; 116; 66; 0; 0; 0; 0; 0; 0; 0; 0; 0; 54; 53; 0; 0; 9999; 9999; 9999
1957;03; 0; 0; 0; 0; 18; 68; 0; 270; 0; 64; 74; 0; 0; 0; 0; 0; 0; 0; 0; 41; 494; 674; 0; 0; 0; 40; 0; 0; 256; 184; 0
1957;04; 12; 27; 22; 0; 0; 0; 0; 0; 0; 0; 0; 0; 0; 122; 40; 0; 0; 0; 0; 0; 0; 0; 0; 76; 0; 18; 0; 0; 82; 62; 9999
1957;05; 0; 0; 0; 0; 0; 0; 7; 0; 107; 0; 0; 28; 183; 0; 0; 11; 0; 0; 0; 0; 0; 0; 0; 0; 0; 0; 30; 0; 0; 0; 0
1957;06; 0; 0; 0; 0; 0; 0; 272; 0; 0; 9; 0; 0; 0; 0; 0; 0; 0; 0; 0; 0; 0; 0; 0; 0; 0; 0; 0; 74; 30; 0; 9999
1957;07; 532; 62; 142; 0; 82; 0; 0; 0; 0; 0; 0; 0; 0; 0; 176; 34; 62; 92; 250; 0; 0; 0; 13; 0; 0; 0; 0; 0; 0; 0; 0
1957;08; 0; 0; 0; 0; 0; 0; 0; 0; 0; 0; 0; 0; 34; 0; 0; 338; 322; 172; 0; 0; 0; 0; 0; 0; 0; 0; 0; 0; 0; 134; 0
1957;09; 0; 224; 404; 0; 0; 0; 372; 82; 0; 0; 0; 44; 0; 0; 0; 0; 0; 0; 28; 154; 342; 378; 86; 0; 0; 0; 0; 0; 0; 0; 9999
1957;10; 0; 0; 0; 0; 0; 0; 0; 0; 0; 0; 78; 176; 0; 0; 0; 0; 0; 0; 0; 0; 0; 278; 78; 0; 0; 20; 548; 14; 12; 6; 0
1957;11; 0; 0; 108; 0; 0; 0; 16; 8; 38; 0; 0; 0; 68; 0; 0; 0; 0; 8; 44; 22; 0; 0; 0; 78; 0; 0; 0; 0; 0; 248; 9999
1957;12; 92; 0; 0; 0; 0; 0; 0; 0; 0; 0; 0; 32; 128; 72; 390; 24; 0; 0; 0; 0; 58; 0; 0; 0; 0; 44; 282; 0; 0; 0; 0
1958;01; 290; 0; 0; 0; 0; 0; 0; 0; 0; 0; 316; 82; 68; 422; 44; 22; 582; 4; 0; 0; 74; 6; 206; 28; 24; 36; 488; 38; 0; 0; 0
1958;02; 12; 0; 58; 30; 2; 6; 68; 0; 0; 0; 0; 0; 6; 10; 0; 0; 0; 0; 0; 0; 0; 0; 0; 70; 106; 324; 200; 132; 9999; 9999; 9999
1958;03; 166; 10; 548; 0; 168; 48; 176; 0; 0; 0; 0; 0; 0; 68; 316; 232; 78; 98; 0; 0; 0; 0; 0; 0; 0; 0; 0; 0; 0; 0; 190
1958;04; 24; 0; 0; 0; 0; 0; 0; 42; 116; 154; 0; 8; 0; 0; 0; 0; 0; 42; 22; 0; 4; 0; 8; 0; 0; 0; 0; 0; 0; 0; 9999
1958;05; 0; 154; 92; 14; 0; 0; 0; 0; 0; 0; 0; 0; 0; 0; 0; 0; 0; 0; 0; 0; 286; 98; 0; 94; 106; 16; 192; 0; 0; 0; 0
1958;06; 0; 0; 0; 0; 0; 0; 0; 0; 0; 0; 0; 0; 120; 312; 0; 118; 0; 0; 0; 0; 0; 0; 0; 0; 0; 0; 0; 0; 0; 0; 9999
1958;07; 0; 0; 0; 0; 0; 0; 0; 0; 0; 0; 0; 0; 0; 0; 0; 0; 0; 96; 0; 0; 0; 0; 0; 0; 0; 0; 0; 0; 0; 0; 0
1958;08; 0; 0; 106; 0; 0; 0; 0; 0; 0; 0; 0; 0; 0; 0; 0; 0; 0; 0; 0; 0; 0; 0; 0; 0; 0; 0; 0; 0; 78; 0; 0
1958;09; 0; 0; 0; 0; 8; 80; 5; 37; 0; 0; 0; 0; 243; 250; 30; 0; 0; 0; 0; 0; 0; 0; 0; 0; 105; 0; 0; 0; 0; 0; 9999
1958;10; 0; 0; 0; 0; 0; 0; 154; 0; 0; 0; 163; 0; 0; 0; 0; 0; 0; 54; 0; 0; 0; 0; 0; 168; 14; 134; 228; 234; 460; 90; 28
1958;11; 0; 0; 0; 0; 3; 0; 0; 0; 0; 0; 106; 16; 70; 3; 0; 0; 0; 0; 138; 0; 0; 0; 0; 0; 98; 88; 0; 0; 0; 0; 9999
1958;12; 0; 0; 0; 0; 0; 42; 16; 14; 188; 100; 0; 22; 0; 0; 18; 48; 32; 8; 128; 282; 82; 66; 0; 0; 0; 0; 0; 0; 0; 0; 0
1959;01; 0; 0; 0; 72; 788; 262; 0; 0; 0; 0; 0; 0; 374; 0; 110; 8; 233; 430; 22; 0; 10; 0; 0; 300; 50; 0; 0; 0; 0; 0; 10
1959;02; 60; 0; 162; 58; 88; 68; 104; 0; 0; 0; 0; 80; 0; 0; 0; 0; 0; 30; 48; 0; 0; 0; 0; 0; 100; 382; 6; 50; 9999; 9999; 9999
1959;03; 0; 0; 0; 0; 0; 0; 0; 180; 11; 856; 0; 0; 106; 74; 0; 0; 0; 42; 440; 70; 78; 14; 126; 64; 428; 0; 0; 0; 0; 0; 0
1959;04; 28; 0; 0; 0; 0; 90; 0; 0; 0; 0; 0; 0; 0; 0; 0; 0; 0; 0; 0; 0; 0; 0; 2; 0; 0; 0; 180; 0; 0; 0; 9999
1959;05; 0; 0; 0; 0; 0; 0; 0; 0; 0; 0; 0; 0; 0; 0; 0; 0; 0; 0; 190; 94; 32; 0; 0; 0; 0; 0; 0; 0; 0; 120; 0
1959;06; 0; 0; 0; 0; 0; 180; 0; 0; 0; 0; 0; 0; 0; 0; 0; 0; 6; 0; 0; 0; 0; 0; 0; 0; 0; 0; 0; 0; 0; 0; 9999
1959;07; 0; 0; 2; 0; 0; 0; 0; 0; 0; 0; 0; 0; 0; 0; 0; 0; 0; 0; 0; 0; 0; 0; 0; 0; 0; 0; 0; 0; 0; 0; 0
1959;08; 98; 66; 46; 0; 0; 0; 48; 0; 0; 0; 0; 142; 258; 75; 0; 0; 0; 0; 0; 0; 0; 0; 0; 0; 0; 0; 0; 0; 0; 0; 0
1959;09; 0; 0; 22; 18; 0; 0; 0; 0; 0; 0; 0; 0; 0; 0; 0; 4; 0; 0; 0; 0; 0; 0; 0; 0; 0; 144; 70; 0; 0; 0; 9999
1959;10; 0; 0; 0; 0; 0; 0; 0; 0; 0; 0; 0; 206; 352; 0; 0; 0; 0; 0; 248; 0; 95; 0; 0; 0; 0; 0; 0; 0; 33; 0; 0
1959;11; 0; 0; 0; 0; 0; 683; 0; 0; 25; 0; 0; 0; 80; 0; 0; 0; 0; 0; 63; 0; 0; 0; 0; 0; 0; 580; 24; 58; 0; 0; 9999
1959;12; 0; 0; 0; 284; 84; 36; 0; 30; 0; 0; 101; 0; 0; 0; 26; 0; 0; 10; 0; 0; 0; 82; 282; 384; 444; 0; 0; 0; 0; 0; 0
1960;01; 50; 0; 0; 0; 0; 0; 329; 268; 530; 128; 314; 178; 0; 0; 0; 0; 0; 470; 98; 192; 16; 62; 0; 0; 0; 0; 0; 0; 0; 0; 0
1960;02; 0; 0; 64; 0; 0; 0; 0; 0; 0; 12; 0; 40; 175; 0; 111; 17; 0; 139; 30; 0; 223; 384; 165; 127; 26; 249; 519; 73; 383; 9999; 9999
1960;03; 105; 45; 35; 0; 0; 0; 0; 0; 0; 0; 0; 110; 0; 0; 119; 228; 0; 0; 0; 16; 437; 10; 440; 0; 0; 0; 0; 0; 0; 0; 0
1960;04; 60; 7; 0; 0; 65; 0; 89; 25; 0; 0; 0; 0; 0; 0; 0; 0; 0; 0; 470; 67; 0; 0; 0; 0; 0; 0; 0; 0; 21; 0; 9999
1960;05; 185; 0; 0; 0; 0; 0; 0; 0; 0; 0; 0; 0; 0; 0; 99; 110; 0; 0; 0; 97; 460; 0; 0; 0; 0; 0; 0; 0; 0; 0; 0
1960;06; 0; 0; 0; 0; 0; 0; 0; 0; 0; 0; 0; 0; 0; 0; 77; 0; 0; 38; 0; 0; 0; 0; 99; 107; 0; 0; 36; 0; 0; 0; 9999
1960;07; 0; 0; 0; 0; 0; 0; 0; 0; 0; 0; 0; 0; 0; 0; 0; 0; 0; 0; 0; 0; 0; 0; 0; 0; 0; 0; 0; 0; 0; 0; 0
1960;08; 0; 0; 0; 0; 0; 0; 0; 0; 0; 0; 0; 0; 0; 0; 0; 127; 0; 0; 0; 0; 0; 5; 0; 0; 0; 0; 0; 0; 0; 0; 0
1960;09; 187; 35; 0; 0; 0; 0; 0; 0; 0; 0; 0; 0; 0; 0; 0; 0; 0; 0; 0; 0; 0; 0; 0; 0; 0; 0; 91; 0; 0; 2; 9999
1960;10; 0; 0; 0; 0; 0; 0; 0; 201; 0; 0; 0; 0; 0; 21; 0; 0; 184; 0; 0; 29; 0; 100; 40; 0; 151; 145; 131; 0; 0; 0; 0
1960;11; 83; 19; 65; 119; 0; 0; 0; 105; 0; 60; 27; 37; 255; 10; 0; 0; 0; 0; 0; 58; 107; 0; 0; 0; 0; 55; 0; 0; 0; 50; 9999
1960;12; 11; 0; 0; 0; 0; 5; 130; 0; 0; 0; 0; 0; 255; 105; 0; 27; 56; 786; 465; 22; 0; 375; 730; 40; 0; 55; 0; 0; 80; 0; 0
1961;01; 70; 250; 279; 0; 0; 0; 30; 0; 0; 0; 0; 3; 0; 0; 0; 0; 0; 0; 125; 105; 213; 0; 103; 0; 0; 0; 0; 0; 40; 60; 15
1961;02; 0; 210; 147; 151; 0; 43; 30; 0; 70; 25; 0; 110; 23; 0; 0; 31; 0; 0; 180; 135; 0; 0; 43; 0; 0; 0; 0; 233; 9999; 9999; 9999
1961;03; 623; 0; 0; 0; 0; 0; 33; 100; 0; 0; 0; 0; 145; 165; 50; 218; 0; 185; 121; 10; 50; 0; 0; 0; 0; 0; 94; 0; 0; 0; 0
1961;04; 0; 0; 0; 0; 0; 0; 77; 329; 150; 0; 0; 0; 0; 0; 0; 0; 0; 0; 0; 0; 0; 10; 0; 40; 0; 251; 0; 0; 0; 0; 9999
1961;05; 0; 0; 70; 160; 105; 0; 0; 0; 10; 0; 0; 0; 0; 0; 0; 0; 0; 0; 0; 0; 0; 0; 0; 0; 0; 0; 0; 0; 0; 0; 0
1961;06; 0; 0; 0; 0; 0; 0; 0; 0; 0; 0; 0; 0; 0; 0; 75; 10; 0; 0; 0; 0; 0; 30; 0; 0; 0; 0; 0; 0; 0; 0; 9999
1961;07; 0; 0; 0; 0; 0; 0; 0; 0; 0; 25; 0; 0; 0; 0; 0; 0; 0; 0; 0; 0; 0; 0; 0; 0; 0; 0; 0; 0; 0; 0; 0
1961;08; 0; 0; 0; 0; 0; 0; 0; 0; 0; 0; 0; 0; 0; 0; 0; 0; 0; 0; 0; 0; 0; 0; 0; 0; 0; 84; 0; 0; 0; 0; 0
1961;09; 0; 0; 0; 0; 0; 0; 15; 38; 0; 0; 0; 0; 0; 0; 0; 0; 0; 0; 0; 0; 0; 0; 0; 0; 0; 0; 0; 0; 75; 0; 9999
1961;10; 0; 0; 0; 0; 0; 0; 0; 0; 10; 0; 55; 33; 0; 0; 0; 83; 144; 38; 0; 67; 0; 14; 8; 0; 0; 412; 0; 0; 0; 119; 289
1961;11; 10; 0; 0; 230; 35; 0; 100; 0; 0; 0; 0; 0; 0; 0; 218; 0; 0; 0; 0; 120; 0; 0; 213; 200; 29; 0; 29; 19; 0; 0; 9999
1961;12; 0; 150; 20; 10; 0; 0; 0; 130; 350; 0; 30; 0; 0; 0; 0; 40; 90; 0; 189; 10; 0; 0; 50; 70; 657; 160; 140; 0; 30; 170; 0
1962;01; 0; 0; 0; 67; 0; 0; 0; 203; 31; 0; 0; 0; 0; 0; 0; 30; 37; 189; 179; 30; 0; 70; 0; 190; 0; 0; 0; 0; 0; 0; 0
1962;02; 0; 0; 0; 210; 28; 7; 0; 0; 82; 110; 0; 10; 0; 0; 0; 644; 0; 0; 60; 0; 0; 336; 0; 693; 42; 0; 0; 0; 9999; 9999; 9999
1962;03; 0; 7; 433; 0; 0; 0; 0; 0; 0; 17; 74; 483; 475; 760; 0; 180; 151; 10; 47; 441; 0; 0; 0; 0; 53; 0; 0; 0; 0; 0; 0
1962;04; 0; 0; 0; 0; 0; 0; 0; 0; 0; 154; 0; 0; 0; 0; 0; 0; 44; 0; 2; 0; 0; 0; 0; 0; 0; 22; 0; 0; 0; 108; 9999
1962;05; 20; 0; 21; 0; 0; 0; 0; 0; 0; 0; 0; 0; 0; 0; 0; 0; 0; 0; 0; 0; 0; 0; 0; 0; 0; 50; 0; 0; 0; 0; 0
1962;06; 0; 0; 443; 26; 0; 0; 24; 0; 0; 0; 0; 0; 0; 0; 0; 0; 0; 0; 0; 0; 0; 0; 30; 0; 0; 0; 0; 0; 0; 0; 9999
1962;07; 0; 0; 0; 0; 0; 0; 0; 0; 0; 127; 0; 0; 0; 0; 0; 0; 0; 0; 43; 0; 0; 0; 0; 29; 0; 0; 0; 0; 0; 0; 0
1962;08; 0; 0; 0; 0; 0; 0; 0; 0; 0; 0; 0; 70; 0; 0; 0; 0; 70; 0; 0; 0; 0; 0; 300; 0; 0; 0; 0; 0; 0; 0; 0
1962;09; 0; 0; 10; 0; 2; 0; 0; 0; 230; 0; 0; 30; 0; 14; 0; 0; 0; 0; 0; 0; 20; 40; 0; 0; 0; 0; 0; 0; 10; 0; 9999
1962;10; 30; 141; 177; 201; 0; 0; 0; 18; 389; 8; 48; 40; 0; 0; 0; 0; 0; 350; 70; 60; 14; 0; 0; 0; 0; 40; 0; 0; 48; 13; 221
1962;11; 0; 0; 0; 0; 0; 0; 22; 0; 84; 0; 0; 0; 0; 0; 0; 0; 0; 10; 0; 200; 309; 67; 0; 0; 0; 0; 0; 0; 0; 0; 9999
1962;12; 0; 0; 0; 237; 0; 102; 0; 0; 0; 0; 189; 30; 0; 0; 0; 0; 0; 0; 101; 0; 0; 0; 0; 0; 0; 0; 99; 0; 0; 489; 241
1963;01; 235; 110; 0; 0; 0; 0; 0; 0; 51; 11; 0; 151; 211; 0; 85; 328; 190; 257; 0; 23; 0; 0; 80; 0; 54; 120; 0; 230; 0; 0; 40
1963;02; 101; 0; 0; 250; 103; 170; 16; 0; 0; 0; 0; 0; 101; 20; 0; 0; 1445; 0; 0; 0; 261; 62; 0; 51; 224; 0; 0; 0; 9999; 9999; 9999
1963;03; 0; 0; 240; 0; 0; 0; 40; 0; 0; 0; 0; 0; 3; 0; 0; 0; 0; 0; 0; 10; 0; 130; 110; 101; 31; 111; 130; 0; 0; 0; 0
1963;04; 0; 0; 0; 0; 0; 0; 0; 0; 0; 0; 0; 0; 0; 0; 0; 370; 10; 0; 0; 0; 0; 0; 0; 0; 0; 0; 0; 0; 0; 0; 9999
1963;05; 0; 0; 0; 0; 0; 0; 0; 0; 0; 0; 0; 0; 0; 0; 0; 0; 0; 0; 0; 0; 0; 0; 0; 0; 0; 0; 0; 0; 0; 0; 0
1963;06; 0; 0; 0; 0; 0; 0; 0; 0; 0; 0; 0; 0; 934; 0; 0; 0; 0; 0; 0; 0; 0; 0; 0; 0; 0; 0; 0; 0; 0; 0; 9999
1963;07; 0; 0; 0; 0; 0; 0; 0; 0; 0; 0; 0; 0; 0; 0; 0; 0; 0; 0; 0; 0; 0; 0; 0; 0; 0; 0; 0; 0; 0; 0; 0
1963;08; 0; 0; 0; 0; 0; 0; 0; 0; 0; 0; 0; 0; 0; 0; 0; 0; 0; 0; 0; 0; 0; 0; 0; 0; 0; 0; 0; 0; 0; 0; 0
1963;09; 0; 0; 0; 0; 0; 0; 0; 0; 0; 0; 0; 0; 0; 0; 0; 0; 0; 0; 0; 0; 114; 0; 18; 0; 0; 0; 138; 0; 0; 138; 9999
1963;10; 0; 0; 0; 0; 200; 56; 0; 0; 0; 0; 0; 0; 0; 0; 0; 0; 176; 60; 30; 0; 246; 0; 0; 0; 0; 228; 112; 0; 0; 0; 0
1963;11; 0; 0; 0; 0; 0; 0; 7; 124; 76; 0; 0; 0; 356; 0; 106; 0; 0; 92; 0; 186; 0; 0; 0; 0; 0; 0; 0; 0; 0; 0; 9999
1963;12; 106; 0; 236; 0; 136; 0; 3; 0; 0; 0; 0; 0; 0; 0; 0; 0; 0; 0; 58; 0; 0; 0; 0; 0; 0; 0; 222; 0; 0; 0; 62
1964;01; 124; 0; 0; 0; 0; 0; 0; 0; 0; 0; 0; 0; 0; 0; 0; 112; 0; 0; 0; 0; 0; 6; 0; 0; 0; 238; 0; 58; 0; 0; 0
1964;02; 0; 256; 0; 0; 0; 0; 0; 224; 242; 184; 242; 210; 198; 398; 0; 704; 36; 142; 196; 0; 0; 0; 0; 0; 0; 0; 0; 0; 0; 9999; 9999
1964;03; 0; 0; 0; 0; 0; 0; 0; 0; 0; 0; 0; 0; 0; 110; 0; 0; 0; 0; 0; 0; 0; 0; 0; 0; 0; 0; 274; 216; 200; 164; 226
1964;04; 0; 185; 152; 0; 0; 0; 0; 0; 0; 0; 0; 0; 0; 0; 0; 0; 8; 0; 0; 0; 0; 0; 0; 0; 0; 0; 0; 0; 0; 986; 9999
1964;05; 0; 0; 0; 34; 124; 0; 0; 0; 0; 0; 0; 0; 100; 0; 0; 0; 0; 0; 0; 0; 0; 0; 0; 0; 0; 0; 0; 0; 0; 0; 0
1964;06; 0; 0; 0; 0; 0; 0; 0; 0; 0; 0; 146; 60; 42; 0; 86; 0; 0; 0; 0; 0; 0; 0; 0; 0; 0; 0; 184; 68; 286; 0; 9999
1964;07; 224; 0; 248; 0; 0; 0; 0; 0; 0; 0; 0; 0; 0; 0; 0; 164; 0; 0; 0; 0; 0; 0; 0; 328; 0; 0; 0; 0; 0; 0; 0
1964;08; 0; 0; 120; 0; 0; 0; 0; 0; 0; 0; 0; 0; 0; 0; 0; 0; 0; 0; 248; 264; 186; 124; 0; 0; 0; 0; 0; 0; 0; 0; 0
1964;09; 0; 100; 0; 0; 0; 0; 0; 0; 0; 0; 0; 0; 0; 0; 0; 0; 0; 0; 0; 0; 0; 0; 0; 0; 184; 166; 0; 388; 0; 108; 9999
1964;10; 0; 184; 100; 0; 0; 100; 84; 0; 0; 0; 0; 0; 0; 0; 0; 0; 0; 0; 108; 146; 0; 0; 0; 0; 0; 162; 0; 0; 524; 0; 0
1964;11; 0; 0; 0; 0; 240; 86; 0; 0; 0; 0; 0; 0; 0; 0; 0; 0; 0; 0; 246; 148; 0; 0; 0; 0; 0; 0; 0; 0; 100; 348; 9999
1964;12; 526; 182; 128; 0; 0; 0; 0; 0; 0; 0; 0; 162; 204; 0; 0; 0; 828; 0; 0; 0; 242; 140; 122; 248; 0; 0; 0; 0; 0; 102; 0
1965;01; 0; 0; 80; 0; 0; 0; 0; 500; 60; 0; 0; 0; 40; 0; 500; 390; 60; 58; 244; 0; 0; 0; 0; 0; 0; 0; 465; 235; 90; 0; 195
1965;02; 67; 30; 238; 368; 0; 80; 0; 0; 0; 0; 0; 0; 700; 100; 20; 0; 0; 0; 0; 0; 500; 100; 120; 296; 0; 0; 600; 70; 9999; 9999; 9999
1965;03; 0; 270; 0; 0; 0; 0; 0; 80; 0; 45; 430; 0; 0; 0; 100; 10; 0; 10; 85; 0; 0; 280; 100; 170; 70; 150; 0; 0; 0; 0; 0
1965;04; 0; 0; 0; 0; 0; 0; 0; 0; 355; 40; 0; 0; 0; 0; 0; 0; 0; 0; 50; 0; 0; 0; 0; 0; 0; 0; 0; 500; 300; 0; 9999
1965;05; 0; 0; 0; 0; 0; 0; 0; 0; 0; 15; 135; 5; 90; 360; 30; 0; 0; 36; 0; 0; 0; 0; 0; 0; 0; 0; 0; 0; 0; 0; 0
1965;06; 0; 0; 0; 0; 0; 0; 0; 0; 0; 45; 73; 0; 0; 0; 14; 66; 0; 0; 0; 0; 0; 0; 54; 38; 0; 0; 0; 0; 0; 0; 9999
1965;07; 85; 0; 0; 455; 70; 500; 300; 0; 0; 0; 0; 0; 0; 0; 0; 0; 0; 0; 0; 0; 0; 0; 0; 0; 0; 0; 0; 0; 0; 30; 0
1965;08; 0; 0; 0; 20; 0; 0; 0; 0; 0; 75; 0; 0; 0; 0; 200; 0; 0; 0; 0; 0; 0; 0; 0; 0; 0; 0; 0; 0; 0; 0; 0
1965;09; 0; 0; 0; 0; 0; 0; 0; 0; 0; 0; 0; 0; 0; 0; 0; 0; 0; 0; 0; 0; 0; 0; 0; 0; 0; 0; 400; 60; 0; 0; 9999
1965;10; 400; 260; 0; 0; 0; 0; 0; 0; 0; 0; 80; 0; 0; 0; 100; 0; 0; 0; 30; 0; 40; 10; 300; 0; 30; 0; 0; 0; 100; 0; 250
1965;11; 0; 0; 0; 0; 0; 300; 0; 0; 100; 0; 0; 0; 110; 0; 50; 0; 0; 0; 0; 0; 0; 210; 0; 0; 0; 0; 300; 0; 100; 0; 9999
1965;12; 20; 0; 105; 215; 100; 195; 400; 100; 200; 190; 296; 294; 160; 155; 124; 0; 0; 0; 0; 0; 0; 70; 0; 0; 42; 50; 0; 2; 25; 0; 13
1966;01; 115; 24; 0; 76; 285; 0; 43; 0; 13; 176; 0; 47; 0; 9; 0; 0; 66; 0; 0; 0; 0; 0; 0; 0; 121; 0; 154; 0; 0; 265; 826
1966;02; 134; 0; 212; 0; 16; 38; 19; 0; 15; 150; 10; 154; 0; 0; 0; 57; 22; 0; 0; 0; 180; 0; 0; 218; 0; 0; 0; 1; 9999; 9999; 9999
1966;03; 8; 0; 14; 85; 513; 8; 9; 70; 32; 0; 0; 0; 0; 0; 0; 0; 0; 0; 0; 39; 0; 0; 0; 52; 26; 123; 0; 0; 0; 0; 3
1966;04; 20; 0; 17; 0; 16; 74; 0; 0; 0; 0; 0; 0; 0; 0; 0; 0; 0; 0; 0; 27; 0; 0; 0; 0; 65; 0; 0; 0; 0; 0; 9999
1966;05; 0; 0; 0; 0; 145; 0; 2; 0; 0; 0; 49; 0; 0; 0; 0; 0; 0; 0; 0; 17; 10; 69; 0; 0; 0; 0; 0; 0; 0; 0; 0
1966;06; 0; 0; 0; 0; 0; 0; 0; 0; 0; 0; 0; 0; 0; 0; 0; 0; 0; 0; 0; 0; 0; 0; 10; 0; 0; 0; 0; 0; 0; 0; 9999
1966;07; 0; 0; 0; 0; 0; 0; 0; 0; 0; 0; 0; 0; 0; 0; 0; 0; 0; 0; 0; 0; 0; 16; 0; 0; 0; 0; 0; 0; 0; 145; 25
1966;08; 0; 0; 0; 0; 0; 0; 0; 0; 15; 0; 0; 0; 0; 2; 42; 0; 0; 0; 0; 0; 0; 0; 0; 48; 0; 0; 0; 0; 0; 5; 405
1966;09; 75; 185; 20; 0; 0; 0; 0; 0; 0; 0; 0; 0; 0; 0; 0; 0; 0; 0; 88; 22; 0; 0; 0; 0; 0; 0; 0; 213; 0; 0; 9999
1966;10; 0; 0; 0; 0; 0; 0; 195; 63; 0; 0; 0; 0; 0; 0; 0; 0; 0; 0; 0; 0; 0; 241; 10; 0; 0; 0; 444; 69; 44; 14; 60
1966;11; 13; 34; 0; 0; 0; 0; 0; 0; 0; 12; 0; 132; 0; 12; 82; 0; 0; 0; 0; 0; 0; 0; 0; 0; 0; 0; 0; 0; 0; 0; 9999
1966;12; 0; 85; 12; 14; 0; 0; 58; 0; 0; 100; 0; 0; 0; 0; 70; 0; 0; 0; 15; 506; 510; 407; 59; 0; 0; 0; 0; 0; 0; 0; 0
1967;01; 0; 346; 123; 69; 0; 25; 0; 0; 66; 38; 133; 38; 76; 85; 72; 14; 6; 8; 0; 0; 353; 0; 0; 0; 0; 23; 0; 0; 0; 1377; 15
1967;02; 17; 63; 223; 17; 380; 18; 13; 35; 345; 24; 0; 43; 0; 0; 0; 355; 0; 183; 0; 39; 95; 0; 28; 0; 43; 0; 0; 0; 9999; 9999; 9999
1967;03; 135; 0; 55; 63; 375; 314; 5; 0; 13; 105; 420; 233; 33; 18; 0; 0; 22; 131; 0; 0; 0; 0; 0; 0; 0; 0; 0; 82; 0; 0; 0
1967;04; 0; 0; 0; 0; 0; 0; 0; 0; 0; 0; 0; 0; 0; 0; 0; 0; 0; 0; 0; 0; 0; 0; 0; 0; 0; 0; 0; 0; 0; 0; 9999
1967;05; 0; 0; 33; 0; 0; 0; 0; 0; 0; 0; 0; 0; 0; 0; 0; 0; 0; 0; 0; 0; 0; 0; 0; 0; 0; 0; 0; 0; 0; 0; 0
1967;06; 0; 0; 0; 0; 250; 280; 0; 0; 0; 138; 233; 254; 15; 0; 0; 0; 0; 0; 0; 0; 0; 0; 0; 0; 0; 0; 0; 100; 0; 0; 9999
1967;07; 0; 0; 0; 29; 0; 0; 0; 0; 0; 68; 8; 0; 0; 62; 8; 0; 0; 0; 0; 0; 33; 47; 0; 0; 0; 0; 0; 0; 0; 0; 0
1967;08; 0; 0; 0; 0; 0; 0; 0; 0; 0; 0; 0; 0; 0; 0; 21; 0; 0; 0; 0; 0; 0; 0; 0; 0; 0; 0; 0; 0; 0; 0; 0
1967;09; 0; 0; 0; 0; 0; 0; 86; 174; 19; 0; 24; 293; 0; 0; 0; 0; 0; 0; 0; 244; 0; 0; 13; 0; 0; 0; 0; 0; 0; 0; 9999
1967;10; 95; 0; 0; 0; 0; 0; 0; 0; 0; 0; 78; 0; 0; 0; 0; 153; 0; 0; 97; 103; 540; 0; 0; 47; 163; 365; 37; 0; 0; 0; 0
1967;11; 0; 0; 0; 0; 0; 0; 0; 0; 0; 0; 0; 27; 337; 405; 308; 283; 72; 0; 0; 0; 0; 0; 0; 117; 0; 4; 5; 17; 0; 0; 9999
1967;12; 0; 0; 260; 105; 0; 0; 0; 35; 43; 0; 0; 0; 17; 13; 11; 0; 275; 57; 0; 61; 23; 0; 0; 0; 0; 13; 7; 8; 0; 0; 0
1968;01; 157; 0; 0; 0; 0; 0; 0; 0; 0; 403; 269; 844; 181; 33; 165; 115; 523; 87; 156; 0; 347; 0; 33; 0; 0; 0; 0; 0; 0; 0; 0
1968;02; 0; 0; 0; 0; 0; 0; 0; 0; 0; 0; 0; 0; 133; 0; 325; 0; 0; 0; 0; 0; 0; 97; 103; 0; 0; 0; 0; 0; 0; 9999; 9999
1968;03; 0; 0; 0; 0; 0; 3; 7; 9; 0; 0; 377; 363; 105; 0; 33; 0; 0; 0; 0; 0; 0; 0; 0; 0; 0; 0; 163; 0; 0; 14; 11
1968;04; 0; 0; 0; 0; 0; 0; 0; 0; 0; 0; 0; 0; 0; 0; 0; 0; 0; 0; 608; 0; 0; 0; 0; 0; 0; 0; 0; 7; 0; 0; 9999
1968;05; 0; 0; 0; 0; 0; 0; 0; 0; 0; 37; 0; 0; 0; 43; 557; 0; 0; 0; 0; 0; 0; 0; 0; 0; 0; 0; 0; 0; 0; 0; 0
1968;06; 0; 0; 0; 0; 0; 0; 0; 0; 0; 0; 0; 0; 0; 0; 0; 0; 0; 0; 0; 10; 215; 0; 0; 0; 0; 0; 0; 0; 0; 0; 9999
1968;07; 0; 0; 0; 0; 0; 0; 0; 0; 0; 0; 0; 0; 0; 0; 0; 0; 0; 0; 0; 0; 0; 0; 0; 0; 0; 0; 0; 0; 0; 0; 0
1968;08; 0; 0; 0; 0; 0; 7; 113; 234; 0; 0; 0; 0; 0; 0; 0; 0; 0; 0; 0; 0; 0; 0; 0; 0; 0; 0; 0; 0; 0; 124; 17
1968;09; 13; 0; 0; 0; 0; 0; 0; 0; 0; 0; 0; 0; 0; 0; 0; 0; 0; 0; 60; 66; 0; 0; 0; 0; 0; 0; 0; 0; 0; 0; 9999
1968;10; 0; 0; 0; 0; 0; 0; 0; 0; 0; 0; 10; 0; 0; 0; 0; 0; 172; 66; 122; 0; 0; 42; 16; 290; 0; 0; 0; 72; 0; 0; 17
1968;11; 0; 0; 0; 0; 0; 0; 0; 0; 0; 0; 0; 0; 0; 0; 0; 83; 178; 47; 0; 0; 83; 0; 295; 0; 0; 0; 78; 0; 0; 0; 9999
1968;12; 59; 33; 47; 23; 0; 0; 0; 0; 0; 0; 0; 0; 0; 0; 0; 0; 0; 0; 0; 0; 0; 0; 73; 0; 147; 22; 92; 100; 147; 70; 0
1969;01; 0; 0; 128; 34; 0; 67; 9999; 0; 0; 17; 43; 4; 0; 0; 0; 0; 0; 0; 0; 0; 0; 0; 0; 22; 34; 103; 118; 169; 0; 0; 0
1969;02; 0; 23; 0; 0; 0; 0; 95; 31; 0; 0; 0; 0; 0; 0; 0; 0; 173; 85; 37; 0; 0; 9999; 0; 0; 0; 0; 0; 152; 9999; 9999; 9999
1969;03; 0; 213; 0; 289; 47; 0; 0; 0; 0; 0; 0; 0; 0; 0; 0; 0; 0; 0; 0; 0; 0; 0; 0; 0; 0; 0; 412; 0; 78; 0; 0
1969;04; 0; 33; 0; 373; 230; 0; 0; 123; 0; 0; 0; 0; 0; 0; 0; 0; 0; 0; 0; 0; 0; 0; 0; 0; 0; 0; 0; 37; 0; 0; 9999
1969;05; 0; 0; 32; 0; 0; 0; 0; 0; 0; 0; 0; 0; 0; 0; 0; 0; 0; 0; 0; 0; 0; 0; 57; 0; 0; 0; 0; 40; 131; 0; 0
1969;06; 200; 0; 0; 0; 0; 0; 0; 0; 0; 0; 0; 0; 0; 0; 0; 0; 0; 0; 0; 0; 0; 31; 0; 0; 0; 0; 0; 0; 0; 0; 9999
1969;07; 0; 0; 0; 0; 0; 0; 0; 0; 0; 0; 43; 0; 0; 0; 0; 0; 0; 0; 0; 0; 0; 0; 0; 0; 0; 0; 0; 0; 0; 0; 0
1969;08; 0; 0; 0; 0; 0; 113; 0; 0; 0; 0; 0; 0; 0; 0; 74; 0; 0; 0; 0; 0; 0; 0; 0; 0; 0; 0; 0; 0; 0; 0; 0
1969;09; 0; 0; 0; 66; 0; 0; 0; 0; 0; 0; 0; 0; 0; 0; 0; 0; 0; 0; 0; 173; 0; 0; 0; 0; 0; 0; 0; 0; 0; 203; 9999
1969;10; 0; 0; 0; 0; 0; 0; 123; 452; 135; 0; 0; 106; 375; 76; 116; 63; 0; 320; 69; 13; 56; 180; 0; 0; 0; 0; 0; 53; 64; 81; 9999
1969;11; 297; 44; 200; 110; 0; 367; 0; 0; 25; 0; 0; 0; 0; 0; 0; 0; 43; 0; 337; 0; 0; 315; 0; 0; 0; 0; 0; 0; 185; 0; 9999
1969;12; 0; 0; 0; 0; 0; 0; 0; 0; 0; 0; 0; 386; 150; 0; 0; 0; 0; 0; 0; 0; 0; 395; 123; 67; 0; 0; 0; 0; 0; 0; 266
1970;01; 0; 0; 13; 27; 0; 0; 390; 0; 288; 0; 0; 0; 0; 52; 175; 13; 0; 17; 20; 27; 0; 0; 0; 0; 0; 0; 0; 0; 0; 0; 0
1970;02; 220; 0; 0; 60; 0; 0; 0; 0; 0; 900; 0; 223; 92; 88; 67; 148; 84; 690; 407; 5; 466; 183; 12; 41; 0; 97; 0; 0; 9999; 9999; 9999
1970;03; 0; 23; 0; 0; 0; 0; 0; 26; 17; 13; 0; 22; 0; 0; 43; 27; 0; 0; 163; 0; 0; 0; 0; 0; 0; 0; 0; 0; 0; 0; 0
1970;04; 0; 0; 243; 20; 0; 0; 0; 0; 0; 0; 0; 0; 0; 0; 0; 0; 0; 0; 0; 0; 0; 0; 0; 0; 0; 0; 0; 0; 0; 9999; 9999
1970;05; 0; 0; 0; 0; 0; 0; 0; 183; 190; 0; 0; 0; 0; 0; 0; 0; 0; 0; 0; 0; 0; 0; 0; 0; 0; 0; 0; 0; 0; 0; 0
1970;06; 0; 0; 0; 0; 0; 0; 36; 0; 13; 0; 0; 1; 0; 0; 81; 1; 0; 0; 12; 0; 0; 0; 80; 99; 0; 0; 0; 0; 0; 9; 9999
1970;07; 0; 92; 1; 1; 0; 1; 0; 0; 0; 0; 0; 7; 32; 13; 0; 0; 0; 0; 0; 0; 0; 0; 7; 0; 0; 0; 0; 0; 0; 0; 0
1970;08; 0; 0; 0; 0; 0; 0; 0; 0; 0; 0; 0; 0; 0; 0; 0; 0; 0; 0; 0; 0; 0; 0; 0; 0; 8; 9999; 9999; 10; 9999; 9999; 9999
1970;09; 9999; 0; 0; 0; 0; 0; 9999; 0; 0; 0; 9999; 0; 7; 0; 0; 173; 0; 0; 0; 9999; 77; 150; 0; 0; 0; 0; 0; 0; 204; 0; 9999
1970;10; 0; 207; 0; 130; 0; 0; 3; 203; 9; 0; 0; 0; 141; 0; 0; 0; 0; 30; 0; 335; 0; 0; 0; 60; 0; 0; 0; 0; 0; 0; 0
1970;11; 0; 0; 0; 0; 0; 0; 0; 173; 47; 0; 0; 0; 0; 133; 0; 0; 0; 0; 0; 0; 0; 90; 0; 0; 0; 0; 0; 0; 0; 243; 9999
1970;12; 37; 0; 59; 0; 0; 0; 0; 0; 0; 319; 73; 270; 75; 179; 0; 2; 47; 0; 0; 0; 473; 64; 0; 0; 155; 115; 0; 0; 12; 15; 3
1971;01; 30; 170; 69; 47; 19; 13; 140; 0; 0; 93; 0; 0; 0; 0; 0; 0; 0; 40; 0; 0; 0; 0; 0; 0; 0; 0; 0; 0; 0; 0; 6
1971;02; 31; 20; 78; 0; 0; 0; 0; 97; 0; 165; 33; 0; 96; 0; 425; 0; 0; 0; 24; 0; 0; 182; 34; 36; 12; 0; 0; 20; 9999; 9999; 9999
1971;03; 0; 0; 0; 0; 3; 228; 88; 0; 266; 169; 257; 323; 189; 0; 0; 0; 0; 0; 0; 0; 64; 2; 27; 0; 310; 513; 2; 5; 131; 58; 0
1971;04; 0; 0; 1; 0; 0; 0; 0; 0; 0; 108; 0; 0; 0; 0; 0; 138; 29; 0; 0; 0; 0; 132; 45; 110; 0; 0; 0; 0; 0; 0; 9999
1971;05; 0; 0; 78; 7; 276; 0; 0; 4; 3; 0; 0; 0; 0; 0; 0; 0; 2; 0; 0; 0; 0; 0; 0; 0; 18; 142; 1; 0; 0; 0; 2
1971;06; 0; 0; 0; 0; 0; 0; 13; 1; 108; 0; 0; 10; 20; 13; 28; 191; 36; 370; 270; 80; 14; 2; 31; 0; 0; 0; 0; 0; 0; 0; 9999
1971;07; 0; 16; 54; 11; 165; 6; 0; 0; 0; 0; 0; 0; 1; 0; 0; 0; 0; 0; 0; 0; 0; 0; 0; 1; 0; 0; 0; 0; 0; 139; 1
1971;08; 0; 0; 0; 0; 0; 0; 0; 222; 0; 0; 40; 0; 0; 0; 2; 0; 0; 0; 0; 0; 0; 0; 0; 0; 0; 0; 5; 0; 0; 0; 0
1971;09; 0; 0; 90; 0; 0; 0; 0; 131; 53; 0; 43; 40; 0; 0; 0; 0; 0; 0; 0; 0; 0; 0; 0; 81; 41; 0; 0; 1; 130; 0; 9999
1971;10; 211; 11; 1; 35; 0; 0; 200; 152; 0; 0; 6; 455; 7; 0; 0; 0; 0; 0; 0; 0; 0; 0; 0; 0; 270; 3; 0; 0; 0; 0; 0
1971;11; 0; 131; 0; 42; 0; 0; 0; 0; 0; 0; 0; 0; 48; 0; 0; 0; 0; 0; 7; 0; 0; 0; 1; 0; 3; 122; 4; 0; 0; 0; 9999
1971;12; 242; 0; 163; 141; 0; 0; 0; 0; 0; 1; 0; 98; 0; 434; 8; 0; 0; 0; 14; 28; 0; 0; 97; 45; 5; 0; 6; 340; 3; 0; 83
1972;01; 0; 10; 427; 362; 475; 19; 112; 183; 168; 19; 0; 0; 20; 0; 0; 43; 0; 0; 0; 0; 133; 450; 1023; 66; 100; 0; 200; 146; 5; 366; 25
1972;02; 25; 0; 101; 0; 0; 0; 27; 9; 229; 518; 630; 213; 157; 169; 12; 121; 103; 0; 0; 723; 25; 0; 0; 702; 0; 0; 63; 0; 0; 9999; 9999
1972;03; 0; 0; 12; 0; 0; 277; 0; 0; 2; 0; 80; 35; 0; 0; 0; 0; 0; 0; 266; 0; 0; 0; 0; 0; 0; 31; 0; 0; 0; 0; 32
1972;04; 183; 0; 184; 251; 0; 0; 0; 0; 0; 0; 0; 0; 0; 0; 0; 10; 0; 0; 0; 0; 0; 0; 0; 0; 0; 0; 0; 0; 0; 0; 9999
1972;05; 0; 0; 0; 0; 0; 0; 0; 193; 14; 0; 0; 0; 0; 0; 0; 0; 0; 0; 0; 0; 0; 0; 84; 34; 216; 0; 0; 0; 0; 0; 0
1972;06; 0; 0; 0; 0; 0; 0; 0; 0; 0; 0; 0; 0; 0; 0; 0; 0; 0; 0; 63; 2; 0; 1; 0; 0; 0; 0; 0; 0; 0; 0; 9999
1972;07; 0; 0; 0; 0; 0; 40; 0; 337; 0; 7; 1; 185; 657; 0; 38; 90; 0; 0; 0; 0; 0; 0; 0; 0; 0; 0; 120; 0; 2; 0; 0
1972;08; 1; 0; 0; 175; 34; 100; 109; 1; 0; 0; 0; 0; 0; 0; 0; 0; 0; 0; 0; 0; 0; 0; 145; 22; 0; 0; 13; 0; 0; 128; 0
1972;09; 0; 0; 0; 17; 321; 0; 207; 0; 0; 0; 72; 1; 0; 0; 0; 0; 0; 0; 0; 0; 0; 0; 468; 14; 149; 12; 0; 110; 128; 103; 9999
1972;10; 0; 0; 455; 481; 235; 0; 45; 0; 0; 317; 417; 0; 0; 0; 231; 0; 0; 0; 0; 0; 0; 0; 0; 0; 0; 0; 0; 171; 0; 0; 150
1972;11; 0; 24; 0; 110; 2; 0; 0; 43; 0; 0; 0; 45; 0; 21; 0; 219; 172; 128; 695; 0; 0; 0; 0; 0; 0; 226; 19; 0; 0; 0; 9999
1972;12; 424; 0; 0; 57; 32; 242; 6; 0; 0; 0; 55; 0; 0; 0; 0; 0; 0; 0; 0; 0; 0; 0; 369; 230; 205; 0; 0; 0; 198; 53; 0
1973;01; 669; 0; 109; 0; 174; 56; 0; 0; 0; 723; 11; 1; 169; 0; 36; 88; 0; 0; 0; 89; 134; 21; 136; 11; 0; 436; 8; 0; 0; 0; 0
1973;02; 0; 1; 0; 25; 14; 0; 0; 0; 0; 0; 0; 12; 125; 155; 57; 455; 264; 109; 13; 0; 179; 0; 0; 1; 0; 0; 0; 0; 9999; 9999; 9999
1973;03; 0; 0; 246; 7; 460; 0; 0; 0; 300; 3; 0; 0; 0; 0; 0; 0; 0; 0; 0; 0; 36; 16; 4; 0; 0; 0; 0; 0; 0; 216; 155
1973;04; 83; 6; 0; 0; 0; 0; 0; 0; 0; 0; 0; 34; 21; 0; 81; 0; 0; 0; 4; 0; 0; 0; 0; 0; 0; 0; 0; 0; 0; 0; 9999
1973;05; 0; 0; 0; 0; 0; 0; 0; 0; 0; 81; 0; 0; 0; 0; 0; 0; 0; 0; 0; 0; 0; 334; 0; 0; 2; 3; 0; 0; 0; 0; 0
1973;06; 0; 0; 0; 0; 0; 0; 0; 0; 0; 0; 1; 0; 0; 0; 0; 0; 0; 101; 0; 0; 0; 0; 0; 0; 196; 0; 200; 25; 0; 0; 9999
1973;07; 0; 78; 236; 0; 0; 0; 0; 0; 0; 0; 0; 0; 0; 0; 0; 0; 0; 14; 0; 0; 0; 97; 0; 0; 0; 0; 0; 133; 0; 0; 0
1973;08; 0; 0; 0; 12; 14; 84; 0; 0; 0; 0; 0; 0; 0; 11; 0; 0; 0; 0; 0; 0; 0; 0; 9; 0; 0; 5; 7; 99; 31; 0; 0
1973;09; 0; 350; 61; 0; 0; 0; 34; 0; 0; 22; 0; 0; 4; 0; 113; 0; 0; 0; 0; 0; 66; 23; 0; 0; 7; 0; 6; 0; 0; 0; 9999
1973;10; 0; 0; 0; 0; 0; 0; 87; 6; 274; 0; 415; 0; 0; 0; 0; 0; 0; 0; 196; 0; 0; 0; 0; 0; 0; 0; 0; 0; 0; 0; 371
1973;11; 185; 196; 0; 0; 0; 0; 0; 0; 0; 0; 0; 0; 30; 0; 0; 0; 0; 434; 90; 0; 0; 0; 0; 0; 145; 0; 0; 0; 0; 0; 9999
1973;12; 0; 0; 0; 170; 0; 110; 227; 226; 0; 0; 0; 0; 0; 0; 0; 130; 210; 0; 0; 34; 54; 0; 0; 70; 40; 20; 0; 0; 0; 721; 137
1974;01; 196; 0; 0; 0; 0; 0; 9; 46; 15; 0; 101; 154; 60; 100; 394; 0; 54; 22; 0; 0; 0; 0; 0; 0; 0; 0; 0; 254; 18; 0; 295
1974;02; 15; 68; 0; 0; 0; 0; 0; 0; 0; 0; 0; 28; 0; 0; 0; 118; 0; 213; 48; 0; 0; 0; 0; 0; 40; 0; 0; 0; 9999; 9999; 9999
1974;03; 0; 0; 0; 0; 0; 0; 31; 218; 0; 40; 0; 235; 466; 330; 0; 70; 446; 550; 190; 118; 0; 0; 0; 0; 41; 180; 0; 0; 0; 0; 0
1974;04; 0; 110; 0; 0; 211; 0; 0; 0; 0; 0; 0; 0; 0; 0; 0; 0; 0; 0; 0; 0; 0; 0; 0; 0; 0; 60; 0; 0; 0; 0; 9999
1974;05; 9; 0; 0; 0; 0; 0; 6; 0; 0; 0; 0; 0; 50; 0; 0; 0; 0; 0; 0; 40; 0; 0; 0; 0; 0; 0; 0; 0; 0; 0; 20
1974;06; 0; 0; 25; 0; 2; 1; 50; 4; 0; 27; 13; 162; 42; 0; 0; 0; 0; 0; 0; 2; 1; 98; 0; 0; 537; 280; 85; 0; 0; 0; 9999
1974;07; 0; 0; 0; 2; 0; 0; 0; 0; 0; 0; 0; 0; 0; 0; 0; 0; 0; 0; 0; 0; 0; 0; 0; 0; 0; 0; 0; 0; 0; 0; 0
1974;08; 0; 0; 0; 0; 0; 0; 0; 0; 0; 0; 0; 0; 0; 0; 17; 31; 0; 31; 0; 0; 0; 0; 0; 0; 0; 0; 0; 0; 0; 0; 0
1974;09; 0; 0; 0; 0; 0; 0; 0; 0; 0; 0; 0; 0; 0; 0; 0; 0; 0; 0; 0; 0; 0; 0; 0; 0; 0; 0; 0; 0; 114; 0; 9999
1974;10; 0; 174; 0; 106; 238; 0; 0; 0; 0; 0; 0; 0; 0; 0; 0; 0; 0; 0; 5; 0; 0; 89; 0; 0; 375; 34; 0; 20; 147; 90; 0
1974;11; 0; 0; 0; 0; 0; 37; 0; 0; 0; 0; 0; 0; 21; 0; 0; 0; 0; 0; 0; 0; 236; 48; 0; 0; 0; 0; 0; 0; 23; 0; 9999
1974;12; 147; 0; 96; 29; 35; 0; 0; 0; 0; 0; 0; 0; 200; 230; 0; 0; 0; 234; 315; 0; 21; 175; 352; 50; 0; 0; 0; 0; 0; 157; 90
1975;01; 148; 51; 0; 0; 0; 0; 72; 0; 0; 9; 282; 90; 436; 37; 328; 120; 0; 0; 0; 0; 0; 0; 0; 0; 0; 0; 0; 31; 3; 0; 0
1975;02; 0; 0; 0; 40; 1030; 70; 0; 60; 33; 431; 0; 0; 0; 0; 0; 0; 0; 0; 0; 0; 0; 63; 41; 0; 0; 15; 0; 287; 9999; 9999; 9999
1975;03; 13; 0; 234; 0; 0; 0; 0; 0; 0; 0; 0; 0; 6; 0; 0; 0; 0; 0; 0; 0; 0; 0; 0; 0; 261; 0; 0; 0; 0; 136; 0
1975;04; 0; 0; 0; 0; 0; 0; 0; 0; 0; 93; 30; 0; 0; 0; 74; 0; 0; 0; 0; 0; 0; 0; 0; 0; 0; 0; 0; 0; 0; 0; 9999
1975;05; 49; 0; 0; 0; 0; 221; 0; 0; 0; 0; 0; 0; 0; 0; 0; 0; 0; 13; 0; 0; 0; 0; 0; 0; 0; 0; 0; 0; 0; 0; 0
1975;06; 0; 0; 0; 26; 4; 0; 0; 0; 0; 0; 0; 0; 0; 0; 0; 0; 0; 0; 0; 0; 0; 0; 0; 0; 0; 0; 0; 0; 0; 0; 9999
1975;07; 0; 0; 0; 113; 0; 131; 0; 0; 0; 0; 0; 0; 0; 0; 0; 0; 151; 172; 0; 0; 0; 0; 0; 0; 0; 0; 0; 0; 0; 0; 0
1975;08; 0; 0; 0; 0; 0; 0; 15; 0; 0; 0; 0; 0; 0; 0; 0; 0; 0; 0; 0; 0; 0; 0; 0; 0; 0; 0; 0; 0; 0; 0; 0
1975;09; 0; 0; 0; 0; 0; 0; 0; 0; 0; 0; 0; 0; 0; 0; 0; 0; 0; 0; 0; 0; 0; 0; 0; 58; 0; 0; 130; 39; 0; 190; 9999
1975;10; 0; 35; 223; 273; 170; 30; 0; 65; 0; 0; 101; 10; 0; 41; 0; 0; 0; 101; 81; 0; 0; 0; 0; 0; 0; 0; 0; 0; 0; 19; 401
1975;11; 0; 96; 0; 0; 0; 0; 234; 0; 0; 38; 0; 0; 0; 0; 0; 0; 62; 31; 20; 0; 110; 0; 232; 41; 201; 415; 0; 0; 273; 1197; 9999
1975;12; 22; 0; 0; 0; 0; 0; 0; 0; 0; 0; 0; 0; 0; 145; 0; 0; 0; 0; 75; 76; 0; 0; 70; 0; 91; 0; 0; 60; 86; 16; 0
1976;01; 0; 0; 624; 110; 0; 0; 120; 233; 0; 0; 133; 0; 0; 0; 0; 0; 0; 0; 0; 0; 0; 0; 0; 0; 0; 0; 60; 8; 0; 0; 56
1976;02; 0; 26; 180; 0; 281; 18; 448; 193; 0; 0; 0; 0; 0; 0; 0; 0; 92; 0; 74; 0; 802; 125; 86; 45; 0; 0; 121; 110; 0; 9999; 9999
1976;03; 0; 119; 62; 291; 0; 0; 0; 0; 0; 0; 43; 187; 0; 0; 0; 0; 0; 52; 0; 277; 90; 450; 0; 147; 0; 0; 21; 78; 0; 0; 0
1976;04; 0; 0; 0; 0; 0; 0; 32; 0; 0; 87; 37; 136; 56; 114; 190; 0; 0; 0; 0; 0; 0; 0; 111; 0; 0; 0; 0; 0; 0; 0; 9999
1976;05; 0; 0; 0; 0; 0; 0; 0; 0; 0; 169; 83; 89; 20; 0; 0; 0; 153; 0; 61; 45; 86; 159; 0; 0; 0; 0; 0; 473; 722; 0; 0
1976;06; 0; 0; 0; 0; 0; 709; 0; 0; 0; 0; 53; 0; 90; 104; 0; 0; 0; 0; 0; 0; 0; 0; 0; 0; 0; 0; 0; 0; 0; 0; 9999
1976;07; 45; 0; 495; 53; 0; 0; 0; 106; 103; 122; 0; 0; 0; 0; 0; 0; 0; 0; 0; 0; 0; 0; 0; 0; 0; 0; 0; 0; 0; 0; 0
1976;08; 0; 0; 0; 0; 0; 0; 0; 0; 0; 53; 54; 123; 119; 226; 0; 0; 0; 0; 257; 0; 58; 0; 0; 0; 0; 0; 0; 0; 0; 0; 0
1976;09; 0; 0; 0; 0; 90; 42; 402; 200; 0; 0; 0; 0; 325; 253; 19; 177; 60; 0; 0; 0; 0; 0; 130; 0; 0; 0; 292; 140; 0; 0; 9999
1976;10; 0; 0; 0; 0; 0; 55; 0; 0; 203; 257; 0; 0; 0; 0; 0; 0; 40; 165; 145; 0; 0; 0; 0; 0; 50; 28; 29; 0; 0; 0; 0
1976;11; 0; 0; 0; 49; 62; 168; 0; 0; 0; 0; 0; 0; 0; 0; 0; 0; 0; 0; 0; 85; 500; 0; 0; 0; 0; 0; 231; 0; 30; 0; 9999
1976;12; 0; 183; 0; 0; 231; 131; 0; 0; 437; 0; 0; 0; 0; 0; 0; 265; 23; 0; 0; 0; 327; 0; 26; 6; 69; 28; 347; 62; 0; 0; 0
1977;01; 0; 72; 0; 153; 32; 281; 118; 26; 0; 0; 290; 0; 0; 0; 0; 0; 331; 93; 326; 0; 0; 0; 0; 0; 0; 453; 106; 159; 26; 113; 0
1977;02; 257; 4; 0; 81; 43; 0; 54; 0; 0; 0; 0; 0; 0; 0; 0; 121; 0; 0; 0; 0; 0; 0; 0; 0; 0; 0; 0; 0; 9999; 9999; 9999
1977;03; 0; 0; 0; 0; 100; 57; 0; 445; 0; 0; 0; 0; 0; 0; 0; 0; 16; 0; 0; 0; 170; 14; 582; 49; 0; 0; 472; 0; 242; 215; 64
1977;04; 78; 0; 0; 0; 100; 0; 0; 0; 334; 124; 0; 0; 0; 0; 0; 0; 0; 0; 124; 20; 32; 0; 0; 0; 0; 0; 0; 0; 0; 0; 9999
1977;05; 0; 71; 0; 0; 0; 0; 0; 0; 0; 0; 0; 0; 0; 0; 0; 0; 0; 0; 0; 0; 0; 0; 0; 0; 0; 0; 0; 0; 0; 0; 0
1977;06; 0; 0; 0; 0; 140; 0; 0; 0; 0; 0; 0; 0; 0; 0; 0; 90; 0; 0; 0; 0; 0; 0; 35; 0; 0; 0; 0; 0; 0; 0; 9999
1977;07; 0; 0; 0; 0; 0; 0; 0; 0; 0; 0; 0; 0; 0; 0; 0; 0; 0; 60; 0; 0; 0; 0; 0; 0; 165; 0; 0; 0; 0; 0; 0
1977;08; 0; 0; 0; 0; 0; 0; 0; 0; 0; 0; 0; 0; 0; 0; 0; 0; 0; 0; 0; 0; 0; 0; 0; 0; 0; 0; 0; 0; 0; 35; 39
1977;09; 0; 22; 0; 0; 0; 46; 94; 168; 0; 0; 0; 0; 0; 0; 0; 0; 126; 0; 16; 0; 0; 0; 0; 122; 0; 0; 0; 0; 0; 0; 9999
1977;10; 0; 295; 0; 0; 0; 0; 0; 0; 0; 0; 0; 0; 0; 0; 0; 0; 149; 0; 0; 0; 0; 0; 0; 0; 0; 45; 32; 0; 0; 0; 0
1977;11; 0; 295; 0; 152; 0; 0; 76; 0; 0; 0; 47; 179; 0; 0; 224; 58; 0; 0; 64; 0; 100; 0; 148; 0; 7; 0; 0; 0; 0; 0; 9999
1977;12; 596; 339; 215; 106; 95; 105; 78; 211; 0; 0; 108; 0; 0; 0; 0; 0; 0; 0; 0; 250; 35; 362; 69; 0; 0; 0; 0; 0; 0; 0; 0
1978;01; 0; 0; 4; 0; 0; 0; 0; 0; 0; 480; 0; 0; 0; 0; 0; 0; 31; 0; 0; 0; 0; 413; 0; 0; 0; 0; 0; 0; 0; 0; 0
1978;02; 0; 0; 0; 0; 0; 0; 0; 0; 0; 0; 0; 0; 182; 278; 5; 0; 27; 10; 0; 0; 0; 118; 0; 0; 0; 0; 218; 0; 9999; 9999; 9999
1978;03; 68; 0; 185; 93; 180; 0; 3; 0; 152; 128; 480; 0; 0; 0; 33; 0; 0; 0; 0; 0; 0; 0; 0; 36; 0; 0; 0; 0; 0; 43; 0
1978;04; 0; 0; 0; 0; 0; 0; 0; 0; 0; 0; 0; 0; 0; 0; 0; 0; 0; 0; 0; 0; 0; 0; 0; 0; 2; 0; 0; 0; 0; 0; 9999
1978;05; 127; 0; 0; 0; 0; 0; 0; 0; 0; 0; 0; 0; 0; 0; 0; 365; 475; 90; 0; 0; 272; 54; 2; 0; 0; 1; 0; 0; 0; 0; 2
1978;06; 0; 0; 0; 0; 2; 0; 0; 0; 323; 0; 0; 0; 0; 0; 0; 0; 0; 0; 0; 0; 0; 0; 0; 0; 0; 0; 0; 0; 0; 0; 9999
1978;07; 0; 0; 0; 0; 0; 0; 0; 0; 0; 0; 0; 0; 0; 0; 0; 226; 0; 79; 0; 0; 190; 46; 90; 167; 0; 0; 0; 0; 0; 0; 0
1978;08; 0; 0; 0; 0; 0; 0; 0; 0; 0; 0; 0; 0; 0; 0; 0; 0; 0; 1; 0; 0; 0; 0; 0; 0; 0; 0; 0; 0; 7; 0; 0
1978;09; 0; 2; 0; 0; 201; 24; 0; 138; 0; 0; 0; 0; 0; 0; 5; 0; 29; 14; 0; 0; 0; 0; 0; 0; 0; 0; 0; 0; 0; 0; 9999
1978;10; 0; 0; 0; 0; 0; 0; 0; 0; 0; 0; 41; 0; 0; 0; 16; 0; 52; 0; 344; 0; 0; 0; 0; 0; 0; 0; 112; 0; 0; 42; 126
1978;11; 0; 0; 0; 164; 213; 204; 0; 0; 0; 40; 638; 184; 0; 0; 0; 0; 171; 0; 0; 28; 0; 0; 0; 0; 0; 0; 0; 381; 0; 0; 9999
1978;12; 0; 0; 241; 0; 0; 0; 192; 200; 105; 0; 0; 0; 0; 0; 123; 0; 166; 0; 0; 0; 0; 0; 0; 0; 0; 0; 490; 26; 17; 16; 0
1979;01; 0; 416; 235; 283; 0; 0; 0; 0; 0; 0; 0; 94; 0; 0; 0; 0; 0; 0; 0; 0; 108; 0; 0; 0; 53; 39; 0; 0; 95; 0; 0
1979;02; 0; 0; 0; 39; 0; 0; 0; 0; 0; 0; 151; 45; 316; 156; 0; 0; 0; 0; 0; 0; 0; 22; 0; 26; 0; 0; 55; 0; 9999; 9999; 9999
1979;03; 0; 10; 0; 0; 0; 0; 0; 0; 0; 0; 331; 0; 30; 97; 0; 0; 0; 0; 0; 0; 0; 0; 0; 0; 186; 0; 0; 0; 0; 0; 0
1979;04; 0; 0; 0; 34; 272; 0; 0; 0; 0; 0; 0; 0; 0; 0; 0; 0; 0; 0; 0; 0; 0; 0; 0; 0; 0; 0; 0; 0; 0; 73; 9999
1979;05; 0; 0; 6; 424; 14; 0; 185; 31; 0; 10; 3; 13; 0; 0; 47; 0; 3; 0; 0; 0; 0; 0; 8; 0; 0; 0; 0; 0; 0; 184; 1
1979;06; 2; 0; 0; 0; 0; 0; 0; 0; 16; 3; 0; 0; 0; 0; 0; 0; 0; 0; 0; 0; 0; 0; 0; 0; 0; 0; 0; 0; 0; 0; 9999
1979;07; 0; 0; 2; 0; 0; 0; 0; 0; 47; 43; 0; 0; 0; 0; 0; 0; 0; 0; 0; 197; 0; 0; 0; 0; 5; 325; 0; 0; 0; 0; 0
1979;08; 0; 0; 0; 0; 0; 0; 0; 0; 0; 0; 0; 0; 76; 0; 93; 0; 0; 400; 121; 45; 0; 0; 0; 0; 0; 0; 60; 0; 0; 0; 0
1979;09; 0; 182; 504; 161; 0; 0; 0; 0; 0; 0; 0; 167; 0; 154; 0; 31; 0; 108; 0; 0; 0; 0; 222; 0; 0; 0; 0; 0; 0; 0; 9999
1979;10; 59; 0; 0; 0; 0; 203; 160; 94; 84; 0; 0; 0; 0; 101; 106; 0; 0; 0; 0; 0; 0; 0; 0; 0; 0; 0; 22; 0; 6; 333; 0
1979;11; 0; 0; 0; 0; 0; 0; 0; 0; 246; 80; 75; 0; 0; 0; 0; 80; 0; 0; 4; 0; 0; 106; 101; 0; 58; 0; 0; 0; 0; 0; 9999
1979;12; 0; 0; 0; 140; 185; 0; 0; 0; 0; 0; 0; 96; 44; 205; 9999; 486; 2; 0; 0; 0; 0; 0; 0; 0; 40; 0; 0; 0; 0; 0; 100
1980;01; 80; 0; 0; 0; 0; 0; 0; 19; 14; 214; 144; 0; 0; 0; 0; 0; 0; 211; 128; 0; 0; 151; 58; 0; 28; 9999; 0; 0; 0; 0; 0
1980;02; 111; 0; 8; 0; 0; 0; 0; 0; 100; 0; 0; 35; 233; 0; 0; 116; 103; 109; 32; 107; 0; 0; 0; 241; 0; 0; 56; 17; 0; 9999; 9999
1980;03; 0; 0; 0; 0; 0; 70; 50; 0; 0; 78; 0; 0; 40; 269; 0; 100; 0; 0; 0; 0; 0; 0; 0; 0; 0; 0; 0; 0; 0; 0; 0
1980;04; 0; 0; 0; 82; 95; 205; 0; 0; 0; 0; 0; 71; 0; 7; 375; 0; 0; 0; 0; 0; 0; 0; 0; 1; 0; 0; 0; 0; 0; 0; 9999
1980;05; 5; 0; 0; 0; 0; 0; 5; 0; 0; 0; 12; 0; 0; 0; 0; 7; 0; 0; 0; 0; 0; 0; 0; 0; 0; 0; 0; 0; 0; 6; 0
1980;06; 0; 0; 59; 0; 0; 2; 1; 2; 2; 0; 0; 0; 0; 30; 0; 0; 2; 3; 0; 0; 0; 0; 3; 0; 135; 215; 129; 0; 0; 0; 9999
1980;07; 0; 0; 0; 63; 0; 2; 0; 0; 2; 0; 0; 0; 0; 0; 0; 0; 0; 0; 0; 0; 0; 2; 0; 0; 0; 0; 22; 0; 0; 0; 30
1980;08; 0; 0; 0; 0; 0; 0; 58; 0; 0; 0; 0; 0; 0; 0; 92; 74; 0; 0; 22; 2; 0; 53; 0; 0; 0; 0; 0; 0; 0; 0; 0
1980;09; 0; 0; 0; 0; 0; 0; 0; 0; 0; 0; 0; 0; 0; 0; 4; 8; 0; 160; 18; 69; 140; 85; 0; 0; 0; 0; 0; 80; 0; 0; 9999
1980;10; 0; 0; 0; 0; 0; 0; 0; 114; 100; 26; 9999; 9999; 0; 0; 0; 0; 0; 0; 0; 0; 0; 0; 165; 0; 0; 0; 0; 0; 0; 0; 0
1980;11; 0; 0; 0; 0; 0; 0; 67; 140; 125; 0; 0; 0; 0; 0; 0; 0; 0; 0; 0; 27; 0; 0; 0; 81; 115; 0; 0; 0; 0; 354; 9999
1980;12; 194; 207; 0; 4; 2; 4; 8; 0; 0; 0; 22; 74; 96; 98; 0; 0; 0; 0; 0; 0; 9999; 155; 7; 69; 13; 0; 0; 0; 107; 525; 0
1981;01; 0; 0; 0; 0; 0; 186; 193; 256; 0; 615; 192; 184; 8; 226; 345; 51; 0; 0; 0; 82; 462; 37; 0; 0; 0; 0; 122; 0; 0; 0; 0
1981;02; 0; 0; 0; 0; 35; 0; 0; 0; 96; 0; 6; 0; 8; 0; 0; 0; 0; 0; 2; 439; 121; 0; 0; 164; 31; 0; 0; 0; 9999; 9999; 9999
1981;03; 0; 0; 0; 34; 0; 0; 0; 104; 28; 0; 0; 0; 0; 0; 0; 212; 9; 0; 435; 0; 0; 0; 0; 0; 0; 0; 6; 9999; 124; 21; 0
1981;04; 0; 112; 0; 0; 12; 0; 0; 0; 0; 0; 0; 0; 0; 0; 14; 357; 0; 0; 0; 2; 0; 0; 0; 6; 0; 9; 0; 88; 43; 0; 9999
1981;05; 2; 0; 0; 753; 3; 2; 1; 0; 0; 2; 2; 0; 0; 0; 0; 0; 2; 0; 0; 0; 0; 0; 0; 4; 2; 1; 0; 0; 2; 1; 1
1981;06; 1; 0; 0; 2; 1; 0; 417; 0; 1; 2; 3; 0; 1; 0; 2; 72; 64; 1; 2; 0; 2; 1; 0; 0; 2; 0; 0; 0; 2; 0; 9999
1981;07; 0; 1; 59; 0; 0; 2; 0; 0; 0; 0; 0; 0; 1; 0; 0; 0; 0; 98; 5; 64; 1; 1; 0; 8; 9; 0; 1; 0; 0; 0; 0
1981;08; 0; 0; 1; 0; 0; 0; 0; 0; 0; 4; 9; 0; 0; 0; 0; 0; 0; 25; 8; 0; 0; 0; 0; 0; 0; 0; 0; 0; 0; 0; 0
1981;09; 0; 0; 0; 0; 0; 0; 0; 0; 0; 0; 0; 0; 0; 0; 0; 0; 0; 0; 0; 0; 0; 0; 0; 10; 95; 43; 141; 0; 0; 76; 9999
1981;10; 0; 0; 0; 12; 0; 48; 92; 122; 0; 97; 63; 0; 33; 0; 0; 125; 0; 0; 8; 405; 0; 0; 0; 0; 0; 0; 355; 168; 0; 7; 0
1981;11; 0; 9; 12; 9; 0; 0; 0; 0; 7; 0; 0; 0; 0; 0; 0; 8; 238; 0; 9999; 281; 0; 7; 0; 0; 0; 0; 0; 0; 0; 0; 9999
1981;12; 9999; 0; 0; 0; 104; 105; 0; 0; 9999; 42; 0; 0; 180; 0; 0; 53; 0; 0; 0; 0; 0; 0; 0; 95; 0; 0; 0; 0; 0; 0; 0
1982;01; 0; 12; 29; 0; 0; 0; 0; 95; 82; 127; 103; 84; 0; 0; 0; 0; 0; 0; 0; 0; 0; 0; 1185; 0; 0; 0; 0; 0; 80; 0; 11
1982;02; 0; 549; 0; 0; 9999; 9999; 0; 0; 0; 0; 0; 0; 0; 0; 0; 0; 0; 0; 0; 0; 0; 8; 0; 9999; 9999; 0; 32; 0; 9999; 9999; 9999
1982;03; 0; 71; 0; 0; 0; 0; 0; 0; 0; 59; 7; 71; 0; 0; 49; 0; 143; 126; 129; 0; 71; 0; 0; 0; 0; 0; 0; 0; 0; 5; 0
1982;04; 0; 0; 0; 0; 0; 0; 0; 0; 0; 0; 0; 0; 316; 0; 206; 0; 0; 0; 0; 0; 0; 0; 0; 0; 0; 0; 0; 0; 0; 0; 9999
1982;05; 0; 0; 0; 0; 0; 0; 0; 0; 0; 0; 0; 0; 0; 0; 0; 0; 0; 0; 37; 55; 1; 0; 3; 0; 239; 175; 66; 1; 1; 0; 86
1982;06; 21; 0; 0; 0; 1; 6; 0; 0; 2; 0; 0; 382; 423; 9999; 1; 143; 13; 0; 1; 26; 1; 218; 161; 11; 161; 523; 2; 0; 266; 1; 9999
1982;07; 659; 0; 1; 0; 0; 0; 0; 2; 0; 0; 0; 1; 75; 7; 0; 2; 0; 20; 113; 1; 0; 0; 0; 0; 0; 0; 0; 0; 0; 49; 0
1982;08; 0; 0; 7; 20; 4; 0; 0; 0; 0; 0; 71; 0; 0; 0; 0; 0; 0; 0; 51; 0; 0; 0; 0; 0; 0; 0; 0; 0; 0; 0; 5
1982;09; 0; 0; 0; 0; 0; 238; 0; 0; 0; 0; 0; 0; 0; 0; 0; 0; 0; 0; 0; 0; 0; 0; 0; 0; 0; 0; 0; 195; 0; 0; 9999
1982;10; 0; 302; 166; 0; 0; 102; 29; 245; 137; 0; 85; 0; 258; 0; 0; 0; 5; 348; 0; 0; 176; 25; 0; 6; 63; 0; 0; 9; 9; 13; 0
1982;11; 0; 0; 0; 0; 53; 8; 64; 0; 0; 0; 242; 186; 0; 66; 288; 0; 9; 0; 0; 221; 201; 74; 13; 0; 0; 0; 394; 162; 79; 11; 9999
1982;12; 0; 0; 167; 0; 0; 0; 37; 0; 0; 0; 0; 270; 87; 131; 149; 352; 73; 134; 143; 39; 8; 56; 29; 41; 0; 0; 0; 25; 5; 131; 72
1983;01; 0; 0; 0; 0; 0; 379; 2; 75; 45; 0; 0; 0; 307; 403; 185; 536; 530; 310; 27; 127; 39; 0; 15; 0; 54; 0; 0; 0; 49; 46; 160
1983;02; 504; 199; 39; 26; 0; 0; 0; 0; 85; 80; 12; 0; 200; 4; 55; 0; 0; 0; 0; 25; 0; 0; 0; 31; 7; 0; 0; 214; 9999; 9999; 9999
1983;03; 0; 61; 49; 177; 138; 82; 70; 7; 0; 0; 0; 0; 219; 0; 0; 0; 0; 0; 132; 311; 6; 41; 0; 0; 0; 14; 197; 1; 1; 0; 0
1983;04; 0; 0; 0; 1; 0; 272; 251; 1; 1; 0; 0; 0; 0; 0; 0; 27; 0; 1; 292; 0; 0; 257; 0; 0; 152; 73; 78; 1; 1; 0; 9999
1983;05; 0; 0; 0; 0; 0; 0; 0; 0; 106; 0; 0; 0; 165; 45; 0; 1; 1; 54; 1; 223; 39; 1; 150; 126; 0; 0; 1; 187; 290; 365; 583
1983;06; 8; 30; 70; 64; 264; 510; 9999; 9999; 9999; 9999; 9999; 9999; 9999; 9999; 9999; 9999; 9999; 9999; 9999; 9999; 9999; 9999; 9999; 9999; 68; 110; 1; 1; 98; 3; 9999
1983;07; 1; 0; 0; 1; 0; 0; 0; 0; 0; 0; 0; 0; 0; 1; 0; 1; 0; 113; 0; 3; 118; 3; 0; 0; 1; 0; 0; 0; 0; 0; 7
1983;08; 0; 0; 1; 2; 0; 0; 0; 2; 0; 0; 0; 1; 0; 0; 0; 0; 0; 0; 0; 0; 0; 0; 0; 0; 0; 0; 0; 0; 0; 0; 0
1983;09; 0; 46; 4; 128; 18; 92; 50; 83; 7; 0; 0; 15; 83; 2; 0; 134; 0; 369; 294; 0; 0; 0; 94; 139; 217; 0; 0; 0; 0; 0; 9999
1983;10; 0; 1; 0; 0; 0; 0; 0; 0; 0; 0; 0; 0; 0; 267; 58; 0; 0; 0; 235; 0; 0; 525; 100; 42; 0; 0; 0; 0; 0; 0; 0
1983;11; 212; 0; 62; 7; 27; 132; 0; 0; 0; 0; 33; 142; 23; 0; 11; 0; 0; 0; 0; 62; 32; 418; 0; 0; 0; 0; 0; 0; 0; 0; 9999
1983;12; 0; 327; 0; 0; 0; 0; 3; 0; 0; 0; 116; 55; 10; 187; 55; 5; 0; 0; 0; 78; 293; 14; 431; 25; 0; 1; 168; 201; 6; 303; 32
1984;01; 0; 0; 1; 15; 103; 0; 17; 0; 0; 0; 2; 0; 0; 0; 0; 0; 0; 35; 0; 0; 307; 7; 101; 0; 128; 161; 231; 23; 328; 177; 3
1984;02; 0; 0; 0; 0; 0; 1; 0; 0; 4; 0; 2; 0; 118; 0; 0; 0; 0; 0; 0; 0; 0; 0; 0; 0; 0; 0; 0; 1; 0; 9999; 9999
1984;03; 376; 0; 0; 0; 63; 22; 4; 248; 0; 0; 0; 0; 0; 0; 0; 0; 0; 0; 0; 0; 40; 0; 0; 0; 0; 0; 0; 0; 0; 487; 0
1984;04; 0; 0; 245; 103; 26; 1; 0; 0; 0; 1; 0; 1; 1; 0; 0; 32; 1; 0; 0; 0; 0; 0; 0; 185; 105; 0; 5; 60; 0; 1; 9999
1984;05; 2; 144; 77; 1; 0; 1; 1; 0; 0; 0; 0; 420; 135; 40; 130; 0; 9999; 145; 14; 0; 0; 0; 0; 0; 0; 0; 0; 0; 0; 0; 19
1984;06; 0; 0; 0; 1; 0; 0; 0; 0; 1; 0; 0; 0; 0; 0; 0; 0; 0; 0; 0; 1; 1; 1; 1; 0; 0; 0; 0; 1; 0; 0; 9999
1984;07; 0; 3; 0; 31; 1; 0; 0; 0; 2; 0; 1; 0; 0; 0; 0; 0; 0; 0; 0; 0; 0; 0; 0; 0; 0; 0; 0; 13; 0; 0; 3
1984;08; 0; 3; 300; 48; 1; 0; 0; 0; 1; 0; 0; 0; 0; 0; 0; 0; 0; 0; 0; 57; 63; 167; 123; 3; 63; 59; 0; 1; 0; 0; 0
1984;09; 0; 0; 0; 0; 0; 0; 59; 45; 25; 0; 0; 0; 0; 0; 0; 0; 0; 0; 0; 265; 385; 0; 0; 0; 0; 123; 162; 16; 0; 0; 9999
1984;10; 0; 1; 0; 0; 0; 0; 0; 12; 0; 7; 0; 0; 0; 0; 0; 0; 0; 75; 37; 4; 0; 0; 0; 0; 0; 0; 0; 0; 0; 0; 0
1984;11; 0; 0; 13; 0; 0; 0; 101; 0; 0; 78; 0; 132; 97; 0; 0; 0; 0; 0; 0; 59; 178; 0; 0; 0; 161; 164; 0; 0; 0; 0; 9999
1984;12; 37; 1029; 30; 0; 0; 0; 49; 128; 82; 0; 0; 32; 77; 225; 35; 671; 109; 0; 0; 0; 0; 0; 0; 0; 0; 17; 12; 0; 7; 3; 67
1985;01; 4; 0; 0; 0; 54; 505; 45; 345; 84; 0; 0; 0; 0; 0; 0; 13; 47; 0; 0; 0; 0; 7; 0; 0; 0; 92; 0; 0; 0; 0; 0
1985;02; 0; 2; 0; 0; 17; 85; 0; 0; 33; 0; 217; 150; 0; 102; 145; 0; 0; 0; 0; 0; 5; 82; 43; 30; 0; 337; 5; 0; 9999; 9999; 9999
1985;03; 0; 0; 189; 13; 0; 23; 18; 5; 0; 23; 232; 0; 0; 0; 0; 185; 517; 635; 0; 0; 0; 0; 10; 0; 0; 0; 432; 0; 0; 99; 0
1985;04; 0; 0; 0; 0; 0; 27; 0; 0; 0; 0; 3; 12; 0; 0; 0; 86; 115; 0; 0; 0; 0; 0; 0; 0; 0; 14; 18; 0; 13; 240; 9999
1985;05; 213; 4; 0; 0; 0; 0; 0; 0; 0; 61; 0; 0; 0; 0; 0; 0; 0; 0; 0; 0; 335; 292; 0; 0; 0; 0; 0; 0; 0; 0; 0
1985;06; 0; 0; 0; 29; 1; 0; 1; 1; 0; 2; 1; 0; 1; 0; 1; 0; 0; 0; 0; 0; 0; 0; 0; 0; 0; 0; 0; 0; 0; 0; 9999
1985;07; 0; 0; 1; 0; 0; 0; 27; 0; 0; 0; 0; 0; 0; 0; 0; 0; 0; 0; 0; 0; 0; 0; 0; 0; 0; 0; 0; 0; 0; 0; 0
1985;08; 0; 0; 0; 0; 0; 0; 0; 0; 0; 0; 0; 1; 0; 0; 0; 0; 0; 0; 0; 0; 0; 55; 0; 0; 0; 0; 0; 3; 0; 0; 67
1985;09; 161; 55; 0; 204; 34; 28; 0; 0; 0; 0; 0; 0; 0; 0; 0; 0; 0; 0; 0; 0; 165; 0; 0; 0; 0; 0; 0; 0; 97; 240; 9999
1985;10; 0; 0; 0; 0; 0; 0; 0; 0; 0; 2; 0; 0; 0; 0; 0; 0; 0; 0; 0; 0; 0; 0; 0; 0; 3; 0; 0; 0; 414; 0; 208
1985;11; 0; 106; 25; 5; 1; 0; 0; 0; 0; 0; 0; 0; 0; 0; 0; 0; 0; 0; 0; 0; 0; 0; 50; 34; 37; 85; 784; 0; 0; 0; 9999
1985;12; 0; 0; 29; 178; 0; 0; 0; 0; 0; 0; 0; 0; 0; 0; 53; 0; 0; 0; 0; 0; 11; 0; 0; 28; 44; 0; 125; 43; 0; 0; 0
1986;01; 0; 0; 0; 0; 74; 0; 0; 2; 0; 0; 168; 547; 0; 0; 0; 0; 0; 0; 3; 0; 3; 178; 99; 169; 0; 98; 0; 0; 0; 27; 0
1986;02; 0; 0; 191; 77; 0; 0; 0; 0; 68; 140; 12; 245; 17; 0; 37; 24; 78; 29; 0; 93; 872; 29; 9; 0; 0; 100; 161; 20; 9999; 9999; 9999
1986;03; 0; 0; 0; 5; 69; 815; 24; 9999; 9999; 723; 1; 0; 0; 0; 0; 0; 0; 0; 90; 19; 0; 0; 0; 0; 0; 0; 61; 0; 0; 45; 0
1986;04; 0; 0; 0; 0; 0; 0; 0; 0; 0; 0; 0; 15; 0; 0; 45; 128; 0; 0; 0; 0; 0; 1; 34; 0; 0; 129; 0; 0; 4; 0; 9999
1986;05; 0; 0; 0; 0; 0; 0; 0; 17; 177; 32; 3; 0; 411; 3; 13; 0; 0; 73; 266; 1; 0; 1; 2; 0; 1; 1; 92; 1; 2; 1; 95
1986;06; 1; 2; 0; 2; 2; 2; 0; 0; 2; 1; 1; 1; 0; 1; 1; 1; 1; 1; 1; 1; 1; 2; 1; 3; 0; 1; 0; 2; 1; 1; 9999
1986;07; 1; 0; 0; 1; 0; 1; 0; 0; 0; 0; 0; 0; 0; 1; 1; 1; 0; 0; 1; 0; 18; 4; 2; 1; 2; 2; 1; 1; 1; 1; 147
1986;08; 71; 1; 0; 0; 1; 1; 0; 1; 1; 1; 0; 1; 17; 34; 15; 66; 69; 30; 2; 1; 382; 473; 352; 0; 24; 0; 0; 0; 0; 0; 0
1986;09; 0; 0; 0; 0; 91; 1; 0; 0; 0; 0; 0; 0; 0; 0; 0; 0; 0; 0; 1; 19; 0; 0; 0; 0; 93; 99; 0; 0; 160; 0; 9999
1986;10; 0; 0; 0; 0; 0; 0; 0; 0; 0; 109; 67; 0; 0; 0; 0; 0; 0; 0; 41; 38; 123; 30; 8; 0; 0; 0; 0; 0; 0; 0; 0
1986;11; 0; 13; 104; 0; 0; 270; 71; 0; 0; 0; 426; 57; 0; 0; 0; 0; 0; 0; 0; 0; 0; 0; 0; 7; 0; 0; 19; 13; 0; 61; 9999
1986;12; 129; 243; 162; 31; 263; 0; 60; 0; 69; 0; 0; 0; 0; 91; 75; 203; 122; 12; 287; 75; 0; 0; 0; 7; 16; 11; 0; 151; 180; 0; 46
1987;01; 0; 31; 19; 74; 1; 0; 0; 0; 0; 0; 419; 0; 153; 0; 0; 475; 115; 60; 0; 0; 0; 46; 85; 169; 123; 145; 169; 297; 151; 20; 69
1987;02; 65; 15; 200; 159; 2; 0; 88; 0; 84; 402; 0; 0; 0; 68; 7; 476; 61; 0; 5; 30; 0; 0; 2; 0; 2; 0; 21; 0; 9999; 9999; 9999
1987;03; 0; 0; 0; 0; 0; 0; 0; 17; 40; 287; 197; 0; 0; 0; 0; 0; 0; 0; 31; 0; 0; 0; 0; 0; 0; 0; 20; 9999; 14; 9999; 0
1987;04; 0; 0; 0; 12; 36; 5; 0; 0; 0; 24; 71; 0; 0; 0; 0; 0; 0; 0; 0; 0; 28; 0; 0; 0; 0; 0; 0; 0; 0; 0; 9999
1987;05; 0; 0; 0; 0; 22; 125; 8; 27; 78; 0; 0; 225; 0; 0; 0; 192; 0; 130; 62; 140; 299; 65; 0; 0; 3; 0; 0; 0; 141; 0; 0
1987;06; 0; 0; 1; 1; 1; 0; 116; 0; 0; 1; 1; 0; 34; 503; 689; 399; 0; 0; 0; 0; 0; 0; 437; 0; 0; 1; 0; 1; 2; 0; 9999
1987;07; 0; 1; 0; 0; 0; 0; 0; 0; 218; 0; 0; 0; 0; 0; 0; 0; 0; 0; 0; 0; 0; 0; 0; 0; 0; 0; 0; 0; 0; 0; 0
1987;08; 0; 0; 0; 0; 0; 0; 59; 0; 0; 0; 0; 0; 0; 0; 0; 0; 13; 0; 0; 0; 0; 0; 0; 0; 0; 0; 0; 0; 0; 0; 37
1987;09; 29; 0; 0; 14; 0; 15; 0; 0; 5; 0; 12; 112; 0; 0; 0; 0; 1; 34; 75; 11; 52; 113; 8; 11; 0; 0; 0; 131; 0; 0; 9999
1987;10; 0; 92; 0; 0; 0; 39; 0; 0; 0; 0; 0; 0; 0; 0; 0; 0; 0; 0; 152; 191; 18; 42; 0; 0; 148; 229; 0; 0; 40; 0; 0
1987;11; 0; 0; 0; 0; 0; 118; 69; 0; 5; 0; 0; 0; 0; 64; 243; 187; 0; 0; 0; 0; 0; 0; 0; 0; 134; 49; 0; 0; 0; 0; 9999
1987;12; 0; 0; 2; 84; 92; 71; 0; 0; 151; 7; 0; 0; 0; 22; 0; 0; 0; 436; 535; 0; 0; 0; 0; 0; 0; 0; 0; 0; 181; 17; 1
1988;01; 37; 0; 0; 0; 0; 257; 323; 0; 0; 535; 187; 0; 0; 0; 0; 213; 0; 0; 424; 5; 0; 0; 0; 0; 0; 49; 0; 2; 22; 92; 0
1988;02; 125; 0; 0; 0; 0; 0; 0; 221; 108; 263; 24; 3; 0; 232; 0; 0; 29; 176; 0; 0; 95; 0; 0; 0; 0; 0; 82; 0; 0; 9999; 9999
1988;03; 207; 233; 139; 35; 0; 0; 0; 0; 0; 0; 0; 0; 0; 0; 0; 0; 514; 292; 276; 0; 0; 0; 0; 0; 0; 0; 0; 0; 0; 0; 0
1988;04; 107; 313; 0; 0; 0; 0; 0; 61; 0; 0; 0; 0; 115; 135; 0; 0; 54; 0; 461; 1026; 35; 13; 179; 0; 0; 144; 0; 51; 0; 0; 9999
1988;05; 0; 0; 5; 2; 21; 0; 29; 0; 13; 0; 0; 0; 112; 95; 0; 0; 179; 192; 0; 0; 96; 94; 125; 136; 9; 0; 2; 2; 282; 153; 74
1988;06; 0; 0; 0; 169; 38; 1; 0; 0; 0; 0; 0; 0; 0; 251; 0; 0; 0; 0; 0; 0; 0; 0; 0; 0; 34; 0; 0; 0; 0; 0; 9999
1988;07; 0; 0; 0; 0; 0; 0; 0; 0; 0; 0; 0; 0; 0; 1; 1; 0; 0; 0; 0; 0; 0; 0; 0; 0; 4; 0; 0; 0; 2; 0; 0
1988;08; 0; 0; 0; 0; 0; 0; 0; 0; 0; 0; 0; 0; 0; 0; 0; 0; 0; 0; 0; 0; 0; 0; 2; 0; 0; 0; 0; 0; 0; 0; 0
1988;09; 0; 0; 0; 0; 0; 0; 0; 0; 0; 0; 0; 0; 0; 0; 102; 9; 39; 104; 0; 0; 0; 0; 0; 0; 0; 0; 0; 0; 0; 0; 9999
1988;10; 0; 0; 0; 14; 0; 0; 0; 0; 0; 0; 0; 154; 82; 65; 0; 0; 0; 19; 0; 394; 0; 0; 209; 19; 0; 389; 48; 7; 0; 13; 42
1988;11; 320; 2; 0; 0; 0; 0; 0; 48; 0; 0; 0; 0; 30; 0; 0; 0; 0; 0; 0; 363; 31; 0; 9; 0; 0; 0; 54; 29; 0; 0; 9999
1988;12; 0; 262; 0; 0; 0; 0; 0; 0; 0; 0; 0; 0; 0; 39; 2; 0; 0; 0; 1; 0; 243; 31; 0; 257; 393; 298; 116; 121; 0; 57; 42
1989;01; 59; 13; 0; 39; 189; 371; 129; 113; 286; 44; 124; 453; 49; 0; 15; 177; 0; 97; 5; 1; 462; 596; 579; 14; 76; 34; 0; 99; 0; 0; 24
1989;02; 0; 0; 351; 836; 2; 0; 0; 61; 121; 96; 369; 286; 36; 21; 5; 4; 0; 0; 97; 286; 0; 0; 0; 87; 0; 181; 82; 0; 9999; 9999; 9999
1989;03; 334; 0; 0; 0; 0; 0; 0; 0; 0; 0; 0; 0; 287; 49; 103; 112; 0; 103; 0; 13; 0; 0; 0; 0; 0; 285; 127; 0; 69; 0; 0
1989;04; 0; 0; 217; 0; 0; 0; 0; 0; 0; 0; 0; 123; 3; 0; 0; 0; 0; 0; 0; 0; 0; 0; 0; 0; 0; 0; 0; 38; 0; 12; 9999
1989;05; 0; 131; 0; 0; 254; 81; 0; 3; 0; 0; 0; 0; 0; 0; 0; 0; 0; 0; 0; 0; 0; 0; 0; 0; 0; 31; 0; 0; 0; 0; 0
1989;06; 0; 0; 0; 0; 0; 0; 0; 34; 2; 1; 0; 177; 0; 1; 0; 28; 19; 0; 0; 2; 0; 0; 0; 0; 29; 23; 3; 0; 5; 0; 9999
1989;07; 0; 0; 0; 0; 0; 16; 0; 0; 0; 0; 3; 2; 0; 0; 0; 0; 4; 0; 0; 0; 0; 2; 0; 0; 5; 113; 354; 385; 11; 413; 419
1989;08; 3; 0; 0; 0; 0; 0; 0; 0; 0; 0; 0; 0; 0; 0; 0; 0; 0; 0; 0; 0; 0; 102; 34; 0; 0; 223; 0; 35; 0; 0; 0
1989;09; 13; 19; 0; 0; 0; 3; 6; 6; 0; 251; 0; 0; 154; 9; 5; 3; 0; 0; 0; 0; 0; 0; 0; 0; 103; 9; 14; 0; 0; 0; 9999
1989;10; 0; 0; 0; 95; 0; 0; 0; 0; 0; 0; 0; 0; 29; 0; 5; 24; 0; 0; 0; 0; 0; 0; 0; 0; 0; 0; 439; 0; 0; 0; 0
1989;11; 0; 0; 0; 55; 0; 0; 0; 0; 0; 23; 0; 358; 287; 0; 0; 0; 0; 0; 0; 49; 129; 86; 25; 41; 30; 0; 0; 27; 0; 0; 9999
1989;12; 0; 0; 0; 0; 0; 0; 0; 0; 0; 0; 28; 34; 0; 0; 0; 0; 0; 0; 0; 38; 0; 0; 0; 0; 0; 38; 397; 457; 204; 185; 327
1990;01; 142; 186; 255; 0; 57; 195; 107; 19; 75; 402; 325; 376; 417; 0; 0; 68; 0; 17; 38; 0; 0; 0; 78; 46; 229; 5; 0; 45; 0; 0; 0
1990;02; 0; 6; 0; 0; 0; 0; 58; 0; 0; 9; 145; 0; 86; 6; 83; 179; 0; 0; 0; 0; 0; 0; 158; 102; 25; 23; 7; 0; 9999; 9999; 9999
1990;03; 0; 0; 419; 0; 0; 0; 13; 0; 117; 5; 4; 0; 0; 0; 0; 256; 93; 0; 249; 35; 9; 598; 146; 57; 4; 0; 0; 97; 279; 0; 0
1990;04; 0; 0; 0; 0; 0; 0; 4; 0; 0; 0; 0; 0; 0; 0; 0; 0; 0; 9; 116; 36; 8; 6; 0; 0; 0; 0; 0; 0; 2; 4; 9999
1990;05; 25; 105; 0; 0; 0; 28; 41; 0; 0; 0; 59; 27; 0; 0; 0; 41; 16; 59; 3; 2; 2; 2; 2; 2; 2; 2; 1; 1; 0; 0; 1
1990;06; 1; 0; 0; 0; 2; 2; 43; 2; 1; 2; 0; 0; 1; 0; 16; 1; 2; 1; 3; 1; 86; 1; 2; 2; 1; 11; 0; 2; 2; 2; 9999
1990;07; 1; 2; 2; 2; 1; 3; 2; 1; 1; 18; 16; 6; 1; 13; 4; 142; 503; 171; 51; 163; 31; 82; 0; 55; 36; 39; 3; 61; 4; 2; 2
1990;08; 2; 2; 1; 0; 0; 2; 1; 0; 1; 0; 1; 2; 1; 0; 1; 148; 0; 11; 24; 141; 1; 0; 0; 0; 0; 0; 2; 159; 16; 0; 3
1990;09; 6; 46; 3; 0; 45; 0; 1; 3; 0; 3; 2; 1; 159; 247; 3; 2; 2; 2; 1; 1; 12; 1; 0; 0; 0; 0; 1; 0; 0; 12; 9999
1990;10; 1; 23; 35; 0; 0; 0; 0; 0; 0; 0; 0; 0; 82; 0; 169; 125; 191; 21; 98; 36; 3; 1; 1; 2; 1; 0; 0; 0; 0; 0; 0
1990;11; 0; 2; 0; 0; 57; 27; 1; 585; 43; 97; 2; 0; 0; 0; 0; 0; 0; 0; 6; 0; 0; 1; 0; 208; 25; 1; 27; 1; 1; 1; 9999
1990;12; 1; 0; 0; 0; 0; 141; 3; 64; 1; 1; 95; 42; 18; 251; 92; 1; 0; 0; 0; 41; 0; 0; 0; 2; 51; 47; 2; 1; 42; 3; 1
1991;01; 1; 2; 1; 114; 198; 2; 1; 0; 0; 0; 315; 627; 2; 1; 104; 163; 2; 0; 0; 0; 0; 0; 391; 3; 0; 103; 386; 217; 25; 118; 38
1991;02; 34; 731; 9; 2; 3; 71; 149; 315; 523; 305; 609; 0; 0; 0; 0; 0; 0; 0; 121; 0; 0; 0; 0; 0; 0; 0; 3; 6; 9999; 9999; 9999
1991;03; 1; 329; 76; 75; 63; 453; 134; 2; 0; 0; 0; 147; 263; 68; 0; 0; 0; 0; 0; 215; 2; 454; 0; 0; 14; 237; 128; 184; 140; 166; 130
1991;04; 7; 3; 0; 0; 2; 1; 1; 33; 1; 1; 2; 2; 86; 49; 2; 0; 1; 0; 209; 33; 2; 1; 2; 2; 439; 18; 3; 0; 0; 4; 9999
1991;05; 0; 0; 3; 2; 2; 4; 12; 16; 2; 2; 2; 2; 2; 1; 285; 35; 4; 1; 1; 2; 48; 3; 2; 3; 4; 2; 3; 2; 3; 3; 2
1991;06; 3; 2; 2; 2; 2; 2; 0; 14; 2; 2; 1; 2; 2; 1; 2; 2; 2; 1; 1; 19; 84; 152; 29; 64; 303; 3; 2; 2; 113; 9; 9999
1991;07; 2; 2; 3; 2; 2; 2; 1; 2; 1; 1; 176; 1; 59; 16; 1; 3; 5; 3; 2; 2; 2; 2; 2; 3; 2; 2; 2; 1; 2; 1; 1
1991;08; 1; 7; 1; 0; 0; 0; 23; 8; 131; 3; 175; 1; 0; 0; 2; 1; 2; 2; 2; 2; 1; 1; 1; 1; 0; 1; 1; 9999; 9999; 2; 1
1991;09; 0; 1; 0; 0; 1; 2; 1; 1; 1; 1; 1; 0; 2; 1; 1; 1; 0; 1; 29; 57; 1; 2; 0; 3; 0; 129; 1; 1; 58; 271; 9999
1991;10; 304; 0; 131; 0; 42; 429; 613; 4; 18; 93; 0; 4; 2; 3; 2; 2; 73; 37; 2; 1; 1; 1; 2; 1; 0; 1; 0; 0; 0; 0; 0
1991;11; 30; 59; 8; 0; 0; 2; 1; 0; 1; 250; 2; 1; 0; 207; 147; 2; 1; 2; 1; 1; 1; 1; 0; 2; 1; 0; 0; 0; 0; 19; 9999
1991;12; 330; 2; 1; 1; 0; 4; 190; 31; 18; 16; 183; 251; 51; 0; 12; 79; 25; 100; 114; 231; 3; 1; 13; 5; 0; 3; 35; 182; 1; 1; 70
1992;01; 1; 3; 3; 13; 175; 0; 2; 2; 18; 26; 1; 1; 218; 76; 1; 4; 0; 0; 0; 0; 0; 363; 32; 4; 1; 183; 2; 28; 2; 51; 1
1992;02; 57; 25; 166; 5; 38; 2; 27; 68; 49; 38; 2; 0; 0; 1; 1; 0; 0; 3; 1; 2; 1; 1; 0; 0; 6; 7; 0; 110; 0; 9999; 9999
1992;03; 0; 258; 24; 253; 25; 1; 2; 1; 2; 1; 35; 5; 147; 7; 2; 131; 293; 69; 242; 59; 3; 2; 2; 1; 61; 74; 1; 27; 95; 22; 20
1992;04; 151; 7; 2; 2; 2; 2; 98; 6; 0; 1; 1; 2; 130; 135; 2; 1; 2; 2; 2; 145; 63; 2; 2; 11; 1; 186; 2; 2; 1; 64; 9999
1992;05; 2; 145; 1; 447; 1; 1; 1; 2; 2; 1; 2; 1; 78; 63; 5; 2; 1; 8; 32; 26; 2; 6; 134; 2; 3; 1; 2; 0; 0; 0; 0
1992;06; 0; 0; 2; 2; 2; 0; 0; 1; 1; 2; 2; 2; 2; 2; 1; 2; 2; 2; 2; 1; 1; 1; 1; 1; 1; 1; 1; 7; 19; 2; 9999
1992;07; 2; 1; 0; 0; 1; 1; 316; 27; 69; 3; 3; 5; 2; 1; 1; 0; 0; 3; 1; 1; 1; 1; 1; 0; 0; 0; 1; 1; 1; 1; 1
1992;08; 1; 0; 0; 0; 0; 2; 1; 1; 0; 0; 1; 8; 9; 2; 1; 0; 1; 12; 22; 1; 0; 85; 83; 28; 2; 1; 2; 2; 1; 2; 1
1992;09; 49; 32; 35; 1; 23; 22; 148; 0; 0; 0; 0; 131; 241; 1; 118; 195; 1; 9; 4; 1; 1; 1; 1; 0; 87; 42; 0; 9; 1; 1; 9999
1992;10; 1; 89; 173; 2; 1; 1; 25; 54; 63; 1; 0; 21; 151; 2; 2; 1; 188; 7; 685; 1; 0; 0; 1; 2; 1; 0; 1; 9; 206; 228; 0
1992;11; 0; 176; 2; 263; 29; 0; 12; 1; 45; 65; 2; 2; 14; 1; 2; 2; 39; 16; 1; 1; 1; 103; 0; 0; 200; 58; 3; 0; 0; 0; 9999
1992;12; 320; 309; 1; 0; 2; 0; 19; 138; 0; 0; 645; 65; 2; 2; 2; 1; 1; 159; 2; 1; 18; 1; 0; 1; 0; 0; 0; 1; 1; 0; 0
1993;01; 1; 0; 145; 5; 39; 155; 75; 73; 299; 165; 250; 420; 147; 28; 2; 91; 0; 187; 3; 1; 22; 0; 1; 0; 27; 84; 3; 63; 2; 0; 53
1993;02; 56; 1; 113; 81; 12; 7; 8; 119; 248; 133; 81; 341; 2; 1; 137; 8; 292; 171; 2; 184; 165; 89; 253; 6; 2; 1; 0; 231; 9999; 9999; 9999
1993;03; 1; 5; 0; 0; 0; 4; 1; 2; 2; 1; 1; 1; 2; 2; 6; 1; 168; 16; 453; 9; 0; 51; 1; 301; 29; 321; 82; 1; 56; 524; 2
1993;04; 1; 105; 1; 2; 2; 1; 1; 1; 157; 3; 1; 1; 1; 2; 2; 2; 2; 2; 2; 1; 1; 1; 0; 81; 3; 2; 3; 1; 2; 2; 9999
1993;05; 2; 1; 2; 65; 1; 121; 2; 2; 3; 4; 2; 1; 1; 142; 36; 2; 2; 1; 2; 1; 2; 2; 2; 2; 2; 2; 1; 0; 0; 151; 562
1993;06; 3; 1; 1; 2; 125; 51; 54; 2; 2; 2; 291; 1; 0; 2; 1; 0; 2; 109; 169; 4; 3; 2; 3; 3; 2; 2; 2; 2; 1; 1; 9999
1993;07; 0; 0; 0; 0; 1; 2; 1; 2; 1; 1; 2; 1; 1; 1; 41; 2; 2; 2; 2; 1; 2; 1; 1; 1; 0; 0; 1; 0; 0; 53; 13
1993;08; 1; 3; 0; 0; 1; 1; 2; 1; 1; 1; 2; 1; 0; 0; 0; 6; 1; 2; 1; 2; 1; 0; 0; 201; 312; 1; 2; 1; 2; 2; 1
1993;09; 0; 0; 0; 59; 1; 2; 1; 127; 15; 81; 23; 1; 1; 25; 61; 216; 3; 1; 0; 0; 0; 384; 173; 235; 152; 0; 171; 61; 1; 7; 9999
1993;10; 193; 35; 168; 9; 135; 72; 2; 1; 1; 0; 1; 2; 2; 1; 9; 1; 4; 3; 0; 1; 0; 68; 3; 9; 0; 39; 121; 0; 0; 1; 1
1993;11; 1; 135; 0; 3; 1; 2; 146; 4; 0; 0; 1; 1; 0; 1; 0; 1; 0; 32; 82; 0; 1; 1; 0; 52; 62; 124; 138; 23; 2; 2; 9999
1993;12; 42; 58; 0; 0; 0; 0; 1; 0; 197; 0; 185; 13; 1; 1; 29; 13; 78; 9; 1; 2; 232; 1; 0; 0; 52; 163; 5; 2; 432; 124; 46
1994;01; 1; 2; 0; 6; 0; 0; 0; 2; 183; 207; 2; 0; 1; 2; 1; 0; 1; 0; 357; 29; 3; 15; 1; 26; 28; 2; 268; 261; 217; 1; 1
1994;02; 1; 1; 0; 0; 0; 30; 32; 167; 4; 2; 249; 0; 197; 315; 1; 1; 1; 3; 0; 293; 4; 1; 0; 0; 14; 0; 2; 56; 9999; 9999; 9999
1994;03; 2; 119; 0; 0; 1; 0; 0; 54; 11; 0; 604; 113; 2; 2; 1; 1; 1; 1; 1; 31; 2; 92; 2; 1; 5; 303; 58; 1; 2; 2; 56
1994;04; 8; 0; 1; 2; 3; 2; 59; 4; 12; 1; 1; 1; 2; 92; 16; 2; 2; 58; 105; 2; 2; 104; 86; 1; 0; 2; 4; 2; 2; 1; 9999
1994;05; 2; 1; 2; 2; 2; 2; 2; 2; 1; 1; 4; 2; 69; 45; 3; 2; 3; 3; 2; 2; 3; 2; 9; 7; 28; 2; 265; 57; 2; 2; 2
1994;06; 2; 8; 3; 2; 28; 2; 2; 76; 35; 2; 3; 2; 2; 2; 2; 3; 3; 2; 2; 1; 1; 68; 23; 4; 181; 22; 3; 2; 2; 2; 9999
1994;07; 2; 2; 1; 1; 2; 1; 1; 50; 1; 2; 2; 2; 2; 1; 1; 1; 2; 2; 1; 1; 1; 0; 118; 4; 3; 2; 2; 1; 1; 1; 1
1994;08; 1; 1; 0; 4; 0; 1; 1; 1; 1; 0; 0; 0; 0; 0; 1; 1; 0; 0; 1; 0; 0; 1; 1; 0; 1; 0; 0; 0; 2; 0; 0
1994;09; 0; 0; 0; 1; 1; 0; 1; 0; 0; 1; 0; 1; 1; 1; 0; 16; 0; 0; 0; 1; 0; 0; 0; 0; 0; 0; 0; 0; 0; 0; 9999
1994;10; 0; 4; 0; 9; 0; 0; 0; 0; 0; 0; 0; 0; 0; 10; 0; 0; 53; 92; 0; 0; 8; 481; 12; 39; 195; 274; 122; 3; 0; 0; 0
1994;11; 0; 13; 0; 0; 191; 23; 3; 0; 0; 1; 0; 2; 1; 169; 0; 0; 79; 381; 203; 0; 0; 0; 0; 0; 0; 0; 0; 36; 41; 52; 9999
1994;12; 1; 0; 91; 0; 0; 79; 201; 1; 0; 0; 0; 59; 1; 0; 9; 0; 204; 0; 21; 0; 0; 336; 165; 1; 2; 0; 0; 0; 2; 0; 272
1995;01; 201; 423; 87; 169; 25; 81; 49; 0; 54; 25; 28; 204; 18; 1; 68; 1; 2; 71; 0; 0; 54; 311; 1; 1; 2; 1; 0; 636; 307; 21; 143
1995;02; 256; 113; 28; 4; 469; 312; 307; 154; 142; 179; 59; 0; 325; 259; 3; 14; 0; 0; 39; 14; 496; 4; 2; 0; 0; 0; 2; 0; 9999; 9999; 9999
1995;03; 0; 1; 0; 91; 243; 19; 9; 0; 24; 0; 0; 1; 1; 24; 1; 0; 0; 0; 0; 0; 4; 0; 0; 119; 97; 0; 1; 0; 0; 536; 129
1995;04; 285; 25; 4; 1; 1; 0; 0; 0; 0; 91; 0; 59; 0; 0; 0; 4; 0; 3; 1; 161; 153; 8; 0; 0; 0; 0; 0; 0; 0; 0; 9999
1995;05; 0; 0; 167; 0; 0; 34; 263; 24; 0; 0; 0; 0; 0; 0; 0; 9; 27; 0; 3; 0; 17; 0; 2; 2; 1; 1; 0; 2; 2; 0; 2
1995;06; 3; 1; 2; 0; 2; 3; 1; 0; 1; 0; 0; 0; 2; 2; 1; 1; 0; 137; 89; 1; 2; 1; 1; 2; 107; 2; 2; 1; 137; 1; 9999
1995;07; 2; 1; 2; 0; 1; 1; 5; 21; 46; 382; 2; 1; 0; 3; 5; 9; 0; 0; 0; 1; 0; 212; 23; 2; 0; 2; 1; 2; 3; 2; 0
1995;08; 0; 1; 0; 0; 12; 0; 1; 2; 0; 17; 0; 1; 1; 0; 0; 0; 0; 1; 0; 0; 0; 0; 0; 0; 0; 0; 0; 0; 0; 0; 0
1995;09; 0; 0; 0; 0; 0; 0; 0; 0; 0; 1; 0; 0; 1; 0; 0; 0; 3; 23; 121; 44; 0; 1; 0; 369; 39; 0; 101; 0; 0; 34; 9999
1995;10; 0; 0; 0; 0; 0; 72; 0; 0; 41; 0; 4; 0; 36; 327; 23; 398; 64; 83; 0; 0; 0; 351; 0; 0; 0; 0; 0; 3; 65; 92; 103
1995;11; 0; 0; 0; 0; 0; 0; 0; 0; 0; 0; 0; 14; 0; 0; 87; 53; 0; 1; 0; 0; 0; 0; 0; 0; 0; 0; 102; 391; 0; 0; 9999
1995;12; 0; 0; 2; 0; 0; 0; 0; 0; 0; 1; 0; 174; 218; 114; 0; 0; 0; 9; 25; 0; 0; 0; 81; 27; 24; 38; 41; 385; 321; 126; 0
1996;01; 0; 21; 241; 479; 661; 298; 365; 358; 192; 13; 43; 106; 0; 0; 0; 0; 0; 24; 68; 46; 24; 0; 0; 0; 13; 0; 0; 16; 0; 0; 0
1996;02; 24; 68; 8; 0; 392; 2; 32; 623; 9; 0; 216; 83; 0; 0; 0; 0; 0; 0; 114; 235; 0; 24; 0; 0; 0; 19; 0; 354; 19; 9999; 9999
1996;03; 45; 39; 0; 0; 306; 24; 458; 292; 294; 0; 0; 0; 3; 0; 28; 85; 239; 0; 2; 0; 24; 0; 0; 2; 58; 0; 0; 36; 0; 0; 0
1996;04; 68; 47; 72; 0; 0; 2; 1; 0; 0; 2; 17; 2; 2; 0; 0; 0; 43; 0; 0; 0; 0; 0; 0; 0; 6; 0; 0; 2; 5; 0; 9999
1996;05; 0; 0; 2; 0; 0; 3; 0; 0; 0; 0; 64; 0; 0; 2; 0; 26; 0; 29; 0; 0; 0; 0; 18; 7; 0; 0; 0; 1; 0; 2; 0
1996;06; 2; 4; 3; 0; 0; 235; 4; 3; 2; 2; 2; 2; 2; 2; 0; 0; 2; 0; 2; 0; 0; 0; 2; 0; 0; 0; 0; 72; 21; 3; 9999
1996;07; 2; 3; 35; 2; 0; 2; 0; 2; 13; 5; 14; 0; 0; 2; 0; 0; 2; 0; 2; 0; 0; 0; 0; 0; 0; 39; 0; 0; 2; 0; 0
1996;08; 0; 2; 0; 2; 2; 0; 2; 104; 0; 4; 0; 0; 15; 151; 2; 1; 0; 0; 1; 0; 0; 0; 0; 0; 0; 0; 0; 0; 0; 0; 0
1996;09; 29; 0; 59; 172; 0; 0; 0; 0; 179; 385; 272; 0; 0; 0; 0; 7; 0; 0; 0; 0; 0; 0; 0; 0; 0; 72; 0; 0; 21; 0; 9999
1996;10; 0; 0; 275; 212; 0; 0; 323; 0; 0; 0; 363; 83; 156; 64; 0; 0; 0; 0; 162; 14; 9; 0; 0; 0; 21; 63; 38; 9; 0; 0; 0
1996;11; 17; 52; 43; 65; 0; 0; 0; 0; 0; 0; 0; 0; 0; 81; 20; 36; 32; 27; 0; 46; 43; 0; 0; 0; 0; 0; 0; 0; 0; 0; 9999
1996;12; 0; 0; 14; 47; 219; 198; 238; 0; 0; 0; 0; 0; 52; 28; 16; 4; 0; 72; 93; 252; 72; 275; 228; 29; 0; 0; 0; 172; 151; 236; 155
1997;01; 0; 0; 0; 0; 0; 0; 9; 32; 143; 125; 301; 38; 235; 185; 89; 13; 0; 43; 0; 102; 14; 253; 276; 165; 802; 186; 87; 186; 82; 37; 9
1997;02; 0; 156; 32; 24; 0; 0; 0; 0; 0; 4; 0; 0; 293; 0; 81; 51; 0; 54; 63; 344; 0; 0; 0; 0; 73; 0; 0; 0; 9999; 9999; 9999
1997;03; 0; 0; 0; 49; 0; 347; 0; 32; 0; 0; 0; 0; 0; 0; 52; 21; 0; 0; 0; 0; 0; 0; 0; 0; 0; 2; 0; 0; 0; 0; 7
1997;04; 0; 106; 7; 0; 0; 0; 0; 0; 0; 0; 0; 0; 0; 0; 0; 0; 105; 214; 0; 0; 98; 2; 0; 0; 2; 0; 2; 0; 1; 1; 9999
1997;05; 2; 0; 0; 2; 0; 0; 0; 0; 0; 2; 0; 0; 1; 0; 2; 0; 7; 0; 1; 0; 0; 86; 49; 0; 437; 24; 0; 172; 183; 0; 0
1997;06; 0; 0; 0; 38; 568; 83; 3; 1; 0; 1; 0; 38; 0; 2; 154; 131; 0; 5; 0; 0; 136; 0; 0; 0; 0; 0; 0; 16; 45; 8; 9999
1997;07; 3; 0; 0; 0; 0; 5; 0; 0; 2; 0; 0; 0; 0; 0; 0; 0; 0; 0; 0; 0; 98; 59; 9; 3; 0; 0; 3; 0; 2; 0; 2
1997;08; 0; 0; 2; 0; 0; 4; 0; 0; 2; 0; 0; 0; 2; 0; 0; 0; 0; 0; 0; 0; 0; 0; 0; 228; 0; 0; 0; 0; 0; 0; 0
1997;09; 0; 0; 0; 0; 0; 0; 0; 0; 0; 8; 0; 0; 0; 52; 0; 153; 0; 0; 0; 86; 119; 0; 23; 0; 0; 225; 0; 0; 0; 0; 9999
1997;10; 35; 172; 0; 0; 0; 97; 85; 0; 0; 0; 0; 0; 0; 0; 145; 10; 0; 0; 0; 108; 139; 0; 9; 0; 0; 73; 26; 0; 12; 0; 0
1997;11; 0; 13; 69; 8; 0; 0; 0; 308; 0; 0; 0; 0; 63; 113; 69; 153; 364; 496; 269; 0; 0; 223; 0; 128; 76; 23; 69; 97; 14; 0; 9999
1997;12; 0; 285; 43; 183; 181; 68; 0; 4; 0; 0; 42; 0; 0; 32; 201; 0; 0; 34; 23; 18; 146; 0; 0; 0; 0; 0; 0; 0; 40; 0; 0
