33
Ano,Mes,1,2,3,4,5,6,7,8,9,10,11,12,13,14,15,16,17,18,19,20,21,22,23,24,25,26,27,28,29,30,31
1954;08; 0; 0; 0; 0; 0; 0; 0; 0; 0; 0; 0; 0; 0; 0; 0; 9999; 9999; 9999; 9999; 9999; 9999; 9999; 9999; 9999; 9999; 9999; 0; 0; 0; 0; 0
1954;09; 0; 0; 0; 0; 0; 0; 0; 0; 0; 0; 0; 0; 0; 109; 0; 0; 0; 0; 0; 18; 3; 0; 5; 0; 0; 0; 8; 115; 0; 65; 9999
1954;10; 9; 0; 0; 141; 0; 0; 5; 0; 0; 1; 79; 0; 0; 2; 0; 115; 267; 11; 5; 0; 13; 213; 0; 0; 0; 0; 0; 165; 0; 11; 0
1954;11; 0; 0; 0; 0; 0; 0; 0; 0; 0; 0; 0; 0; 0; 0; 0; 0; 0; 0; 0; 0; 0; 0; 0; 118; 0; 0; 0; 0; 0; 0; 9999
1954;12; 0; 0; 1; 317; 0; 0; 0; 205; 145; 0; 6; 0; 85; 0; 0; 0; 565; 0; 102; 32; 0; 0; 22; 0; 0; 0; 0; 5; 8; 0; 0
1955;01; 0; 232; 331; 21; 121; 0; 125; 0; 8; 62; 225; 0; 112; 688; 195; 11; 35; 86; 0; 0; 0; 0; 0; 0; 0; 0; 0; 0; 0; 0; 51
1955;02; 355; 5; 8; 0; 0; 0; 0; 0; 0; 0; 5; 0; 0; 85; 0; 0; 0; 0; 0; 0; 5; 145; 156; 23; 158; 0; 5; 86; 9999; 9999; 9999
1955;03; 0; 22; 0; 0; 0; 56; 105; 0; 0; 0; 582; 0; 0; 0; 75; 11; 0; 0; 0; 0; 0; 0; 0; 0; 0; 0; 0; 45; 15; 118; 136
1955;04; 0; 0; 0; 0; 0; 0; 0; 0; 0; 0; 21; 0; 32; 0; 21; 295; 105; 0; 0; 0; 0; 0; 0; 0; 0; 0; 0; 0; 32; 0; 9999
1955;05; 0; 0; 0; 0; 0; 0; 0; 0; 0; 0; 0; 0; 0; 0; 0; 285; 65; 0; 0; 102; 0; 0; 0; 16; 0; 0; 0; 0; 0; 0; 155
1955;06; 0; 0; 0; 0; 0; 0; 0; 0; 36; 0; 0; 0; 46; 42; 0; 0; 43; 0; 0; 0; 0; 0; 0; 0; 0; 0; 0; 0; 0; 0; 9999
1955;07; 0; 0; 3; 305; 406; 186; 0; 0; 6; 0; 0; 0; 0; 0; 0; 0; 0; 0; 0; 0; 0; 0; 0; 0; 0; 0; 0; 0; 0; 5; 35
1955;08; 0; 3; 0; 0; 0; 0; 0; 0; 0; 0; 1; 5; 0; 0; 0; 0; 0; 0; 0; 0; 0; 0; 0; 0; 0; 66; 346; 555; 85; 10; 0
1955;09; 0; 0; 0; 1; 0; 0; 0; 0; 0; 0; 1; 0; 0; 0; 0; 0; 0; 0; 0; 0; 0; 0; 0; 0; 0; 0; 0; 0; 0; 0; 9999
1955;10; 0; 0; 0; 0; 0; 0; 0; 0; 0; 0; 0; 0; 52; 0; 0; 0; 0; 18; 0; 0; 5; 0; 0; 0; 0; 0; 0; 772; 5; 0; 0
1955;11; 162; 252; 305; 1; 0; 0; 0; 21; 0; 1; 0; 0; 0; 0; 0; 0; 5; 0; 61; 0; 0; 11; 0; 0; 0; 0; 0; 0; 0; 0; 9999
1955;12; 0; 9; 71; 406; 1; 1; 0; 31; 0; 0; 0; 0; 206; 0; 0; 0; 161; 0; 0; 1; 0; 15; 0; 0; 0; 100; 0; 6; 281; 242; 331
1956;01; 306; 0; 5; 31; 0; 0; 0; 0; 0; 0; 0; 0; 0; 0; 0; 0; 13; 71; 268; 172; 0; 13; 0; 416; 45; 0; 122; 301; 1; 0; 8
1956;02; 0; 0; 0; 0; 0; 0; 0; 0; 0; 0; 1; 216; 138; 232; 16; 356; 0; 1; 1; 276; 111; 0; 135; 61; 86; 615; 6; 1; 0; 9999; 9999
1956;03; 0; 0; 0; 0; 0; 0; 0; 0; 0; 0; 3; 91; 65; 43; 0; 0; 0; 18; 0; 0; 0; 0; 0; 0; 0; 0; 69; 38; 6; 131; 82
1956;04; 6; 1; 0; 0; 0; 0; 42; 38; 0; 1; 26; 0; 0; 0; 0; 0; 0; 0; 0; 0; 0; 0; 0; 2; 32; 136; 0; 456; 48; 0; 9999
1956;05; 0; 166; 5; 0; 226; 18; 0; 11; 28; 56; 1; 1; 1; 1; 0; 0; 0; 1; 1; 0; 2; 32; 1; 10; 256; 502; 28; 0; 0; 0; 0
1956;06; 416; 38; 8; 9; 0; 2; 1; 0; 10; 6; 162; 175; 138; 9; 137; 4; 2; 0; 0; 1; 0; 1; 0; 11; 26; 0; 15; 11; 1; 0; 9999
1956;07; 1; 0; 0; 0; 0; 0; 13; 0; 0; 0; 0; 1; 0; 0; 96; 0; 0; 0; 0; 0; 0; 11; 52; 328; 0; 0; 0; 21; 1; 0; 182
1956;08; 302; 0; 52; 236; 0; 0; 2; 0; 0; 0; 0; 0; 0; 0; 0; 0; 0; 0; 0; 0; 0; 0; 8; 132; 0; 0; 0; 0; 0; 0; 2
1956;09; 0; 0; 0; 0; 0; 0; 0; 0; 0; 206; 82; 0; 0; 6; 138; 46; 0; 0; 0; 0; 0; 0; 0; 0; 6; 131; 0; 0; 2; 0; 9999
1956;10; 0; 0; 0; 0; 0; 0; 0; 0; 0; 11; 302; 268; 0; 1; 0; 0; 8; 10; 0; 0; 0; 0; 192; 3; 0; 0; 0; 56; 7; 128; 0
1956;11; 0; 0; 0; 0; 0; 0; 0; 0; 0; 0; 0; 0; 13; 0; 0; 0; 0; 0; 0; 0; 0; 0; 0; 0; 0; 28; 0; 0; 0; 0; 9999
1956;12; 0; 0; 0; 0; 0; 36; 212; 31; 0; 0; 0; 0; 128; 86; 101; 0; 2; 0; 0; 26; 246; 0; 138; 9; 86; 0; 0; 0; 6; 0; 0
1957;01; 0; 0; 0; 0; 0; 0; 0; 0; 46; 258; 215; 2; 0; 0; 476; 282; 353; 86; 2; 8; 82; 8; 12; 76; 207; 238; 0; 106; 0; 0; 18
1957;02; 96; 89; 46; 102; 0; 0; 0; 142; 245; 265; 220; 16; 0; 0; 86; 75; 0; 0; 0; 0; 0; 0; 0; 0; 0; 45; 58; 0; 9999; 9999; 9999
1957;03; 0; 0; 0; 0; 0; 18; 202; 0; 0; 89; 156; 28; 0; 0; 3; 0; 0; 16; 0; 0; 38; 388; 252; 0; 0; 0; 13; 16; 0; 39; 212
1957;04; 0; 10; 0; 0; 0; 0; 0; 0; 0; 0; 0; 0; 0; 0; 76; 28; 0; 0; 0; 3; 0; 0; 0; 0; 100; 0; 3; 1; 0; 123; 9999
1957;05; 60; 0; 0; 0; 0; 0; 0; 0; 0; 0; 0; 5; 0; 32; 1; 0; 22; 0; 1; 0; 0; 0; 0; 0; 0; 0; 0; 35; 0; 0; 0
1957;06; 0; 0; 0; 8; 0; 7; 0; 408; 2; 0; 6; 15; 18; 0; 0; 0; 0; 0; 0; 0; 0; 0; 0; 0; 0; 0; 0; 0; 118; 46; 9999
1957;07; 25; 542; 83; 131; 2; 286; 0; 0; 0; 0; 0; 0; 0; 0; 46; 243; 56; 92; 189; 112; 0; 0; 0; 12; 28; 0; 1; 0; 0; 0; 0
1957;08; 0; 26; 0; 0; 0; 0; 0; 0; 0; 0; 0; 0; 0; 122; 0; 0; 356; 268; 187; 0; 0; 23; 0; 0; 0; 0; 0; 0; 0; 0; 126
1957;09; 0; 0; 226; 433; 0; 0; 0; 458; 46; 0; 0; 0; 64; 3; 0; 16; 8; 0; 0; 9; 122; 38; 426; 242; 0; 0; 0; 0; 0; 0; 9999
1957;10; 0; 0; 0; 0; 0; 0; 0; 0; 0; 0; 0; 162; 58; 0; 0; 0; 36; 0; 0; 0; 0; 0; 278; 282; 81; 0; 243; 456; 0; 16; 3
1957;11; 0; 0; 0; 116; 0; 0; 0; 10; 26; 48; 0; 0; 171; 37; 0; 4; 0; 38; 246; 182; 289; 0; 0; 0; 0; 0; 0; 0; 0; 0; 9999
1957;12; 268; 36; 21; 0; 0; 0; 0; 0; 0; 0; 0; 21; 23; 112; 291; 0; 32; 0; 0; 0; 0; 81; 0; 0; 0; 0; 10; 452; 3; 0; 0
1958;01; 0; 0; 28; 0; 0; 0; 0; 0; 0; 0; 0; 238; 0; 0; 482; 12; 3; 572; 3; 0; 0; 28; 4; 332; 48; 55; 329; 548; 32; 0; 0
1958;02; 0; 36; 0; 92; 6; 4; 8; 0; 0; 26; 0; 0; 0; 0; 0; 0; 0; 0; 116; 0; 0; 0; 0; 0; 169; 272; 556; 147; 9999; 9999; 9999
1958;03; 32; 22; 21; 0; 5; 6; 28; 356; 0; 0; 0; 2; 1; 0; 32; 176; 145; 2; 312; 1; 2; 0; 0; 0; 0; 0; 0; 0; 0; 0; 0
1958;04; 116; 42; 2; 0; 0; 2; 0; 0; 16; 72; 43; 0; 6; 0; 0; 0; 0; 0; 138; 69; 0; 0; 46; 28; 0; 0; 0; 0; 0; 0; 9999
1958;05; 76; 0; 186; 152; 8; 2; 0; 0; 0; 0; 0; 0; 6; 2; 0; 0; 0; 0; 0; 0; 0; 238; 234; 0; 88; 63; 16; 229; 2; 1; 1
1958;06; 2; 1; 0; 0; 0; 0; 0; 0; 0; 0; 0; 0; 0; 168; 326; 0; 42; 46; 0; 0; 0; 0; 0; 0; 0; 0; 0; 0; 0; 0; 9999
1958;07; 0; 0; 0; 0; 0; 0; 0; 0; 26; 0; 0; 52; 0; 0; 0; 21; 0; 29; 52; 0; 0; 0; 0; 0; 0; 0; 0; 0; 0; 0; 0
1958;08; 0; 0; 0; 118; 0; 0; 0; 0; 0; 0; 0; 0; 0; 0; 0; 0; 0; 0; 0; 0; 0; 0; 0; 0; 0; 0; 0; 0; 0; 45; 0
1958;09; 0; 0; 0; 0; 0; 0; 36; 125; 18; 34; 4; 232; 241; 62; 0; 0; 0; 0; 0; 0; 0; 0; 0; 116; 37; 0; 0; 0; 0; 0; 9999
1958;10; 6; 0; 0; 0; 0; 0; 306; 0; 0; 92; 0; 0; 0; 0; 0; 0; 282; 0; 0; 0; 0; 0; 302; 28; 123; 296; 208; 332; 78; 5; 0
1958;11; 0; 0; 0; 0; 4; 0; 0; 0; 0; 172; 16; 568; 6; 0; 0; 0; 52; 76; 0; 0; 0; 0; 77; 36; 18; 0; 0; 0; 0; 0; 9999
1958;12; 6; 0; 0; 32; 0; 41; 22; 398; 0; 209; 0; 9; 0; 38; 25; 23; 122; 67; 134; 198; 521; 0; 0; 0; 0; 0; 0; 0; 0; 0; 0
1959;01; 0; 0; 0; 88; 742; 221; 0; 28; 66; 0; 0; 12; 267; 12; 70; 4; 248; 454; 86; 0; 0; 0; 301; 206; 0; 0; 0; 0; 0; 0; 2
1959;02; 118; 0; 216; 107; 64; 152; 3; 0; 18; 0; 0; 105; 0; 156; 0; 0; 0; 22; 19; 0; 0; 0; 0; 0; 28; 33; 228; 0; 9999; 9999; 9999
1959;03; 77; 0; 0; 0; 3; 0; 0; 64; 8; 0; 0; 34; 95; 108; 0; 0; 0; 122; 208; 86; 102; 9; 16; 68; 9; 1; 0; 0; 0; 18; 172
1959;04; 375; 0; 0; 59; 0; 216; 0; 0; 0; 0; 0; 0; 0; 0; 0; 0; 0; 0; 0; 0; 0; 0; 18; 0; 0; 6; 228; 0; 0; 0; 9999
1959;05; 0; 0; 0; 0; 0; 0; 0; 0; 0; 0; 0; 0; 0; 0; 0; 0; 0; 0; 326; 84; 8; 9; 0; 0; 0; 0; 0; 0; 0; 72; 1
1959;06; 0; 0; 0; 0; 0; 198; 10; 0; 0; 0; 0; 0; 0; 6; 0; 0; 8; 0; 0; 0; 0; 0; 0; 0; 0; 0; 0; 0; 0; 0; 9999
1959;07; 0; 4; 0; 0; 0; 0; 0; 0; 0; 0; 0; 0; 0; 0; 0; 0; 0; 0; 0; 0; 0; 0; 0; 0; 0; 0; 0; 0; 0; 0; 0
1959;08; 82; 116; 25; 0; 0; 0; 64; 0; 0; 0; 0; 102; 301; 106; 22; 0; 0; 0; 0; 0; 0; 0; 0; 0; 0; 0; 0; 0; 0; 0; 0
1959;09; 0; 0; 23; 42; 34; 18; 0; 0; 0; 0; 0; 0; 16; 0; 0; 26; 0; 0; 0; 0; 0; 0; 0; 0; 0; 186; 65; 12; 0; 0; 9999
1959;10; 0; 0; 0; 0; 0; 0; 0; 0; 0; 0; 0; 254; 192; 0; 0; 0; 0; 0; 128; 9; 73; 6; 0; 0; 0; 0; 0; 0; 76; 0; 0
1959;11; 0; 0; 108; 116; 0; 418; 0; 76; 4; 2; 0; 8; 17; 0; 0; 0; 0; 0; 82; 0; 0; 0; 0; 0; 10; 402; 76; 0; 26; 152; 9999
1959;12; 0; 0; 0; 104; 148; 0; 0; 232; 205; 0; 28; 0; 0; 0; 0; 0; 0; 6; 0; 0; 68; 492; 63; 385; 296; 32; 0; 0; 0; 0; 0
1960;01; 148; 6; 0; 0; 0; 9; 392; 473; 582; 164; 202; 173; 0; 0; 0; 0; 0; 288; 52; 973; 0; 2; 4; 0; 0; 0; 0; 0; 0; 0; 0
1960;02; 0; 0; 0; 0; 2; 0; 0; 0; 0; 56; 0; 258; 63; 274; 225; 4; 6; 63; 168; 8; 126; 359; 137; 363; 19; 132; 63; 184; 376; 9999; 9999
1960;03; 162; 53; 9; 0; 0; 0; 0; 0; 0; 0; 0; 232; 0; 0; 6; 198; 0; 0; 0; 0; 9; 156; 474; 0; 6; 0; 0; 0; 0; 0; 0
1960;04; 58; 17; 9; 0; 176; 142; 16; 23; 0; 8; 0; 0; 0; 0; 0; 0; 0; 0; 304; 95; 0; 0; 0; 2; 1; 0; 0; 0; 33; 0; 9999
1960;05; 162; 0; 0; 0; 0; 0; 0; 0; 0; 28; 0; 0; 0; 0; 96; 68; 0; 0; 0; 122; 307; 26; 0; 0; 0; 0; 0; 0; 0; 0; 0
1960;06; 0; 0; 0; 0; 0; 0; 0; 0; 0; 0; 0; 0; 0; 0; 52; 0; 56; 0; 0; 0; 0; 0; 114; 68; 0; 0; 13; 0; 0; 0; 9999
1960;07; 0; 0; 0; 0; 0; 0; 0; 0; 0; 0; 0; 0; 0; 0; 0; 0; 0; 0; 8; 0; 0; 0; 0; 0; 0; 0; 0; 0; 0; 0; 0
1960;08; 0; 0; 0; 0; 0; 0; 0; 0; 0; 0; 0; 0; 0; 0; 0; 186; 0; 0; 0; 0; 0; 0; 0; 0; 0; 0; 14; 0; 0; 0; 0
1960;09; 116; 0; 0; 0; 0; 0; 0; 0; 0; 0; 0; 0; 0; 0; 0; 0; 0; 0; 0; 0; 0; 0; 0; 0; 0; 56; 0; 0; 0; 0; 9999
1960;10; 32; 0; 0; 0; 0; 0; 0; 506; 0; 0; 0; 0; 0; 108; 0; 0; 187; 8; 0; 0; 0; 9; 16; 0; 5; 146; 94; 3; 0; 0; 0
1960;11; 36; 7; 0; 74; 262; 0; 6; 0; 3; 52; 25; 16; 114; 0; 0; 0; 0; 0; 2; 58; 52; 0; 0; 0; 0; 47; 0; 8; 177; 53; 9999
1960;12; 13; 2; 8; 0; 0; 6; 117; 0; 0; 0; 0; 0; 268; 184; 0; 0; 0; 602; 483; 4; 0; 206; 249; 72; 0; 302; 0; 0; 8; 0; 0
1961;01; 408; 146; 365; 0; 0; 0; 67; 0; 0; 0; 0; 6; 0; 0; 0; 0; 0; 0; 16; 194; 89; 0; 0; 0; 0; 0; 11; 0; 24; 33; 6
1961;02; 12; 31; 0; 243; 0; 8; 12; 51; 0; 0; 84; 398; 67; 0; 0; 0; 32; 54; 32; 293; 0; 0; 12; 56; 4; 0; 18; 76; 9999; 9999; 9999
1961;03; 256; 0; 0; 0; 0; 8; 7; 14; 0; 0; 0; 159; 246; 224; 47; 98; 0; 186; 99; 0; 41; 6; 7; 0; 0; 0; 498; 0; 0; 0; 0
1961;04; 0; 0; 0; 61; 397; 102; 0; 0; 0; 4; 0; 0; 0; 43; 0; 0; 0; 0; 36; 0; 0; 0; 19; 31; 0; 273; 8; 0; 0; 0; 9999
1961;05; 0; 0; 52; 229; 0; 0; 0; 0; 0; 13; 0; 0; 0; 0; 0; 0; 0; 0; 0; 0; 0; 0; 0; 0; 0; 0; 0; 0; 0; 0; 0
1961;06; 0; 0; 0; 0; 0; 0; 0; 0; 26; 0; 0; 8; 87; 0; 96; 9; 0; 0; 0; 0; 0; 58; 0; 0; 0; 0; 0; 0; 0; 0; 9999
1961;07; 0; 0; 0; 0; 0; 0; 0; 0; 0; 37; 0; 0; 0; 128; 0; 0; 0; 0; 0; 0; 0; 0; 0; 0; 0; 0; 0; 0; 0; 0; 0
1961;08; 0; 0; 0; 0; 0; 0; 0; 0; 0; 0; 0; 0; 0; 0; 0; 0; 0; 0; 0; 0; 0; 0; 0; 0; 0; 101; 0; 0; 0; 8; 29
1961;09; 0; 0; 0; 0; 0; 6; 9; 34; 0; 0; 0; 18; 0; 0; 0; 0; 0; 0; 0; 0; 0; 0; 0; 0; 0; 0; 0; 0; 96; 0; 9999
1961;10; 0; 0; 0; 0; 0; 0; 0; 0; 13; 0; 38; 86; 7; 0; 9; 56; 193; 132; 3; 0; 0; 0; 0; 16; 0; 137; 0; 0; 0; 149; 238
1961;11; 38; 7; 3; 89; 65; 2; 168; 0; 0; 0; 37; 2; 0; 0; 236; 0; 0; 0; 0; 14; 0; 3; 92; 64; 3; 0; 6; 864; 0; 3; 9999
1961;12; 0; 246; 35; 0; 0; 0; 0; 66; 0; 0; 0; 0; 0; 0; 11; 56; 174; 8; 31; 2; 1; 0; 62; 76; 1093; 246; 272; 3; 0; 493; 0
1962;01; 0; 0; 48; 0; 0; 0; 0; 123; 178; 0; 0; 0; 0; 0; 6; 27; 43; 142; 114; 38; 0; 57; 4; 136; 34; 2; 0; 0; 2; 0; 3
1962;02; 0; 0; 0; 278; 67; 2; 0; 0; 21; 132; 3; 0; 3; 0; 0; 637; 2; 3; 76; 3; 2; 581; 73; 262; 20; 2; 1; 0; 9999; 9999; 9999
1962;03; 0; 3; 232; 0; 2; 10; 0; 1; 0; 42; 158; 563; 597; 686; 184; 281; 73; 6; 19; 52; 2; 1; 2; 1; 183; 1; 2; 1; 3; 1; 2
1962;04; 1; 2; 3; 5; 0; 1; 3; 1; 2; 193; 0; 1; 3; 2; 1; 2; 103; 2; 19; 1; 2; 0; 1; 2; 1; 27; 0; 1; 56; 79; 9999
1962;05; 0; 16; 59; 7; 3; 1; 2; 1; 2; 1; 2; 1; 2; 1; 2; 1; 2; 6; 0; 2; 4; 2; 1; 2; 2; 1; 2; 0; 42; 0; 1
1962;06; 2; 1; 346; 38; 1; 13; 37; 31; 16; 1; 2; 2; 2; 1; 1; 1; 2; 2; 1; 2; 1; 1; 56; 0; 1; 2; 1; 2; 1; 2; 9999
1962;07; 0; 0; 0; 0; 20; 0; 0; 0; 200; 26; 0; 0; 0; 0; 0; 0; 0; 42; 0; 0; 0; 0; 10; 8; 0; 0; 0; 0; 0; 0; 0
1962;08; 2; 1; 2; 1; 1; 2; 0; 0; 1; 1; 0; 48; 2; 2; 1; 0; 86; 2; 1; 2; 1; 0; 326; 12; 2; 2; 1; 2; 1; 2; 0
1962;09; 0; 1; 8; 1; 0; 0; 0; 0; 9; 116; 0; 2; 1; 2; 26; 0; 1; 2; 1; 0; 0; 3; 17; 0; 0; 1; 2; 2; 1; 6; 9999
1962;10; 26; 162; 183; 137; 71; 0; 1; 24; 572; 21; 59; 47; 0; 2; 1; 0; 0; 367; 106; 58; 2; 1; 2; 3; 249; 2; 1; 2; 79; 64; 183
1962;11; 36; 2; 1; 2; 1; 0; 34; 0; 69; 7; 0; 0; 2; 1; 1; 2; 0; 37; 4; 126; 285; 58; 0; 0; 2; 1; 2; 3; 1; 2; 9999
1962;12; 0; 0; 0; 458; 3; 226; 0; 0; 0; 2; 3; 329; 4; 0; 0; 0; 28; 387; 196; 0; 2; 1; 2; 1; 138; 2; 239; 63; 0; 304; 87
1963;01; 246; 173; 0; 1; 2; 3; 5; 2; 11; 2; 8; 149; 234; 23; 76; 284; 123; 282; 9; 36; 0; 3; 462; 0; 37; 73; 2; 47; 23; 2; 23
1963;02; 56; 2; 1; 147; 186; 39; 0; 1; 0; 2; 1; 2; 43; 2; 1; 123; 64; 2; 0; 0; 624; 96; 0; 37; 245; 36; 0; 2; 9999; 9999; 9999
1963;03; 0; 0; 29; 37; 0; 0; 0; 1; 46; 0; 0; 0; 1; 0; 1; 0; 1; 2; 1; 238; 1; 79; 37; 34; 102; 2; 86; 0; 1; 0; 0
1963;04; 1; 0; 1; 2; 1; 0; 0; 1; 2; 3; 1; 2; 1; 0; 1; 294; 16; 2; 1; 0; 0; 2; 1; 2; 1; 1; 2; 1; 2; 1; 9999
1963;05; 1; 2; 1; 18; 0; 2; 2; 1; 2; 1; 2; 1; 0; 0; 0; 0; 3; 0; 0; 2; 1; 0; 2; 1; 1; 2; 2; 3; 2; 2; 1
1963;06; 2; 1; 2; 1; 2; 0; 1; 2; 1; 1; 2; 3; 236; 78; 5; 0; 0; 0; 1; 2; 0; 2; 2; 1; 2; 1; 2; 1; 0; 0; 9999
1963;07; 0; 0; 2; 1; 0; 0; 0; 2; 1; 2; 1; 0; 0; 0; 0; 0; 2; 1; 2; 1; 0; 0; 6; 1; 0; 1; 0; 0; 0; 0; 0
1963;08; 0; 0; 1; 0; 0; 0; 2; 2; 0; 1; 0; 0; 0; 0; 0; 9; 0; 0; 0; 0; 0; 0; 0; 1; 0; 4; 0; 0; 0; 0; 0
1963;09; 0; 0; 0; 0; 0; 0; 0; 0; 0; 1; 2; 1; 0; 1; 2; 0; 0; 2; 1; 2; 1; 48; 15; 14; 1; 0; 6; 117; 0; 39; 9999
1963;10; 94; 0; 0; 1; 0; 62; 178; 2; 1; 2; 0; 0; 0; 0; 2; 3; 0; 112; 69; 121; 0; 237; 1; 2; 0; 2; 186; 39; 2; 1; 2
1963;11; 1; 3; 1; 2; 1; 169; 2; 227; 3; 214; 2; 1; 2; 273; 2; 127; 2; 19; 93; 2; 236; 2; 1; 2; 1; 1; 0; 3; 1; 17; 9999
1963;12; 0; 36; 0; 79; 0; 26; 1; 68; 2; 5; 1; 37; 19; 0; 0; 0; 0; 0; 0; 36; 0; 0; 1; 0; 0; 0; 0; 0; 0; 47; 0
1964;01; 23; 37; 26; 0; 0; 0; 0; 3; 2; 1; 0; 0; 0; 0; 0; 0; 6; 4; 2; 0; 0; 32; 167; 0; 0; 9; 76; 34; 0; 0; 0
1964;02; 0; 42; 636; 0; 1; 2; 1; 2; 227; 79; 532; 73; 432; 364; 273; 7; 269; 96; 48; 234; 2; 3; 2; 1; 2; 35; 2; 3; 122; 9999; 9999
1964;03; 2; 1; 2; 3; 2; 1; 6; 4; 1; 2; 1; 2; 1; 2; 43; 2; 1; 0; 2; 1; 2; 1; 2; 1; 2; 1; 367; 284; 396; 279; 0
1964;04; 28; 3; 0; 39; 1; 2; 1; 2; 2; 1; 2; 1; 3; 2; 1; 3; 1; 87; 2; 0; 0; 37; 3; 2; 1; 2; 1; 0; 0; 3; 9999
1964;05; 536; 2; 1; 2; 57; 164; 2; 2; 1; 1; 2; 2; 1; 73; 2; 1; 2; 2; 1; 2; 0; 2; 1; 2; 2; 1; 2; 2; 38; 2; 1
1964;06; 2; 1; 2; 3; 0; 2; 2; 1; 3; 2; 36; 8; 47; 29; 0; 54; 6; 3; 2; 3; 2; 3; 2; 1; 2; 74; 0; 39; 8; 47; 9999
1964;07; 2; 57; 4; 186; 9; 3; 2; 1; 3; 2; 2; 3; 1; 2; 1; 136; 0; 2; 0; 3; 2; 1; 2; 1; 197; 16; 0; 68; 3; 2; 0
1964;08; 2; 2; 19; 47; 2; 1; 2; 1; 9; 2; 1; 12; 0; 2; 1; 1; 0; 0; 0; 104; 37; 65; 0; 0; 2; 1; 2; 1; 2; 0; 0
1964;09; 0; 3; 138; 0; 2; 3; 2; 2; 1; 2; 1; 57; 2; 1; 2; 1; 2; 2; 3; 2; 1; 0; 0; 127; 336; 48; 2; 345; 39; 257; 9999
1964;10; 217; 2; 9; 0; 15; 0; 99; 12; 0; 0; 0; 2; 0; 0; 0; 0; 0; 0; 0; 19; 96; 91; 0; 0; 0; 0; 307; 0; 0; 159; 19
1964;11; 3; 2; 1; 2; 237; 89; 2; 3; 2; 1; 2; 1; 2; 1; 6; 8; 63; 2; 29; 0; 204; 8; 2; 1; 2; 1; 2; 3; 2; 6; 9999
1964;12; 187; 504; 61; 134; 3; 2; 3; 1; 3; 8; 47; 0; 38; 243; 2; 3; 36; 98; 0; 2; 1; 115; 597; 164; 789; 16; 9; 2; 47; 74; 2
1965;01; 2; 1; 2; 156; 69; 2; 1; 3; 589; 68; 1; 67; 46; 534; 1; 432; 465; 89; 363; 118; 2; 3; 8; 2; 4; 3; 2; 425; 384; 39; 8
1965;02; 206; 194; 2; 178; 369; 2; 1; 2; 3; 2; 1; 2; 4; 286; 115; 3; 2; 3; 0; 2; 3; 208; 157; 69; 76; 43; 268; 175; 9999; 9999; 9999
1965;03; 46; 23; 138; 37; 3; 2; 24; 2; 1; 325; 0; 1; 2; 3; 1; 246; 2; 3; 64; 258; 2; 3; 47; 136; 164; 201; 3; 2; 3; 2; 1
1965;04; 2; 1; 2; 3; 2; 1; 23; 2; 264; 107; 2; 3; 1; 2; 1; 2; 3; 2; 56; 237; 0; 8; 1; 2; 1; 2; 1; 64; 357; 369; 9999
1965;05; 6; 3; 2; 1; 2; 3; 1; 2; 1; 0; 108; 97; 85; 114; 463; 29; 0; 86; 107; 1; 2; 3; 1; 2; 3; 2; 1; 2; 3; 2; 3
1965;06; 2; 3; 1; 2; 1; 2; 3; 0; 68; 6; 4; 3; 2; 1; 25; 9; 2; 1; 3; 2; 17; 8; 9; 2; 35; 1; 2; 38; 0; 0; 9999
1965;07; 34; 2; 1; 2; 119; 137; 38; 0; 4; 176; 87; 2; 1; 2; 16; 0; 0; 2; 1; 2; 3; 1; 2; 1; 2; 1; 3; 1; 2; 1; 409
1965;08; 0; 2; 1; 3; 1; 2; 1; 2; 2; 28; 1; 2; 7; 1; 184; 2; 1; 0; 2; 36; 2; 3; 1; 2; 1; 2; 1; 2; 1; 2; 0
1965;09; 2; 1; 2; 3; 2; 0; 0; 0; 0; 0; 0; 0; 0; 0; 0; 0; 1; 2; 1; 0; 0; 0; 0; 1; 2; 189; 587; 86; 1; 2; 9999
1965;10; 573; 254; 2; 3; 2; 1; 2; 0; 0; 36; 243; 18; 2; 1; 39; 2; 1; 2; 16; 2; 34; 158; 463; 2; 3; 8; 1; 2; 58; 64; 96
1965;11; 16; 1; 2; 1; 2; 276; 1; 2; 27; 124; 2; 1; 85; 6; 134; 99; 1; 2; 1; 2; 3; 324; 3; 1; 2; 1; 257; 135; 2; 1; 9999
1965;12; 2; 1; 2; 3; 187; 36; 68; 464; 386; 35; 117; 64; 353; 139; 154; 6; 1; 2; 1; 2; 1; 34; 2; 3; 2; 8; 3; 5; 7; 23; 4
1966;01; 6; 175; 3; 2; 68; 2; 1; 34; 3; 45; 236; 4; 38; 63; 84; 1; 3; 367; 1; 2; 2; 1; 2; 3; 2; 203; 11; 79; 8; 3; 198
1966;02; 854; 2; 16; 27; 2; 15; 34; 16; 2; 18; 237; 9; 136; 4; 2; 1; 126; 38; 2; 5; 1; 406; 2; 24; 39; 1; 53; 2; 9999; 9999; 9999
1966;03; 2; 3; 2; 1; 136; 353; 38; 49; 58; 3; 1; 2; 1; 2; 3; 1; 2; 1; 2; 1; 2; 44; 1; 2; 0; 36; 75; 83; 19; 1; 2
1966;04; 3; 2; 1; 116; 2; 8; 137; 2; 0; 1; 2; 1; 2; 3; 1; 2; 1; 2; 2; 1; 24; 3; 2; 3; 1; 58; 2; 1; 2; 1; 9999
1966;05; 2; 3; 2; 1; 2; 319; 8; 2; 1; 2; 2; 58; 0; 2; 3; 1; 2; 1; 2; 1; 8; 9; 76; 1; 2; 1; 2; 1; 3; 2; 1
1966;06; 1; 2; 1; 6; 2; 2; 1; 2; 3; 1; 2; 1; 2; 1; 2; 1; 2; 1; 2; 3; 2; 1; 2; 28; 0; 1; 2; 3; 0; 2; 9999
1966;07; 0; 1; 28; 0; 1; 2; 1; 2; 2; 3; 1; 2; 1; 2; 1; 5; 2; 1; 2; 3; 0; 0; 64; 0; 2; 1; 2; 0; 0; 0; 136
1966;08; 63; 54; 2; 3; 1; 2; 3; 1; 0; 43; 1; 3; 2; 1; 0; 78; 0; 1; 2; 2; 3; 1; 2; 1; 133; 1; 2; 3; 1; 4; 3
1966;09; 396; 97; 194; 35; 2; 3; 1; 2; 1; 2; 1; 2; 1; 2; 2; 4; 63; 2; 1; 86; 8; 2; 3; 1; 2; 2; 1; 0; 224; 65; 9999
1966;10; 2; 1; 2; 0; 1; 3; 1; 226; 64; 2; 1; 2; 0; 6; 1; 2; 0; 3; 0; 1; 2; 3; 286; 7; 2; 1; 0; 443; 167; 76; 38
1966;11; 52; 23; 2; 1; 3; 2; 2; 1; 2; 322; 2; 3; 114; 18; 2; 26; 2; 1; 2; 2; 3; 1; 2; 1; 2; 1; 2; 1; 2; 2; 9999
1966;12; 1; 2; 29; 1; 3; 1; 0; 196; 2; 3; 78; 1; 2; 167; 1; 104; 36; 2; 3; 67; 464; 432; 483; 97; 5; 2; 1; 2; 3; 2; 2
1967;01; 2; 4; 236; 12; 175; 68; 159; 3; 2; 97; 128; 46; 253; 37; 6; 323; 18; 21; 67; 58; 236; 487; 2; 3; 4; 2; 4; 2; 2; 1; 468
1967;02; 8; 16; 187; 9; 8; 253; 6; 3; 42; 54; 23; 1; 3; 2; 1; 2; 154; 123; 1; 43; 6; 135; 2; 3; 2; 6; 2; 1; 9999; 9999; 9999
1967;03; 2; 234; 43; 136; 28; 531; 364; 26; 9; 8; 249; 3; 314; 103; 36; 1; 2; 68; 297; 3; 2; 1; 2; 3; 1; 2; 2; 1; 63; 1; 2
1967;04; 2; 2; 3; 2; 1; 2; 2; 3; 2; 1; 2; 38; 1; 2; 7; 2; 1; 2; 1; 2; 1; 136; 2; 1; 4; 1; 2; 97; 2; 3; 9999
1967;05; 2; 3; 2; 36; 2; 3; 2; 1; 2; 2; 3; 1; 2; 2; 3; 2; 1; 2; 3; 2; 1; 2; 1; 2; 3; 2; 2; 1; 0; 0; 2
1967;06; 0; 0; 0; 2; 516; 326; 0; 0; 8; 152; 272; 468; 0; 0; 0; 0; 0; 0; 0; 0; 0; 0; 0; 0; 0; 0; 0; 0; 0; 0; 9999
1967;07; 7; 6; 2; 1; 68; 2; 2; 3; 2; 1; 79; 57; 6; 1; 84; 2; 3; 2; 2; 1; 2; 58; 87; 2; 3; 2; 1; 2; 2; 1; 2
1967;08; 2; 1; 2; 1; 2; 1; 2; 1; 2; 2; 3; 1; 6; 0; 1; 2; 1; 2; 1; 2; 1; 2; 1; 2; 1; 2; 1; 2; 1; 2; 1
1967;09; 2; 1; 2; 2; 0; 0; 6; 78; 289; 8; 67; 83; 336; 5; 2; 2; 1; 2; 1; 2; 168; 1; 2; 2; 1; 2; 2; 1; 2; 1; 9999
1967;10; 1; 4; 2; 2; 1; 2; 2; 1; 1; 2; 31; 38; 2; 7; 1; 2; 106; 2; 235; 67; 86; 164; 1; 1; 6; 198; 287; 1; 2; 1; 2
1967;11; 1; 2; 28; 2; 1; 2; 1; 2; 2; 1; 2; 216; 245; 87; 1; 268; 403; 6; 2; 1; 2; 1; 6; 2; 78; 7; 2; 23; 24; 2; 9999
1967;12; 2; 1; 187; 248; 86; 2; 3; 2; 1; 63; 6; 2; 1; 2; 2; 3; 26; 663; 97; 64; 85; 193; 2; 1; 2; 1; 2; 3; 12; 1; 2
1968;01; 86; 2; 45; 57; 2; 1; 2; 1; 2; 1; 109; 176; 823; 87; 125; 278; 187; 206; 49; 113; 0; 425; 3; 126; 514; 2; 3; 2; 3; 2; 1
1968;02; 1; 2; 1; 2; 1; 2; 1; 2; 3; 8; 1; 2; 1; 116; 228; 464; 2; 1; 2; 1; 2; 1; 2; 116; 9; 2; 2; 3; 2; 9999; 9999
1968;03; 2; 3; 1; 2; 36; 2; 2; 4; 316; 2; 1; 167; 83; 34; 1; 9; 86; 2; 2; 1; 2; 9; 1; 2; 2; 1; 2; 108; 1; 2; 9
1968;04; 8; 2; 2; 1; 9; 7; 2; 1; 2; 2; 1; 2; 1; 2; 1; 2; 1; 2; 1; 523; 68; 2; 3; 2; 2; 1; 2; 0; 0; 9; 9999
1968;05; 1; 0; 2; 2; 3; 2; 1; 0; 9; 0; 11; 2; 3; 2; 68; 423; 1; 2; 2; 1; 2; 3; 2; 1; 2; 1; 2; 1; 2; 2; 3
1968;06; 2; 2; 3; 2; 1; 2; 1; 9; 63; 1; 2; 2; 1; 2; 2; 3; 2; 2; 1; 46; 213; 2; 3; 2; 1; 2; 3; 2; 2; 1; 9999
1968;07; 1; 2; 1; 1; 0; 1; 2; 1; 1; 46; 1; 2; 1; 2; 3; 2; 1; 2; 0; 1; 26; 48; 3; 2; 2; 1; 2; 1; 2; 2; 1
1968;08; 1; 2; 2; 3; 8; 42; 3; 124; 236; 9; 2; 1; 2; 1; 2; 1; 2; 1; 2; 2; 1; 2; 1; 1; 2; 2; 1; 2; 2; 1; 168
1968;09; 26; 2; 1; 32; 2; 1; 2; 1; 2; 1; 1; 1; 1; 2; 2; 1; 1; 1; 1; 9; 96; 1; 2; 1; 1; 1; 2; 2; 1; 9; 9999
1968;10; 2; 2; 2; 1; 2; 1; 1; 2; 1; 6; 28; 1; 1; 2; 1; 1; 468; 79; 126; 2; 2; 43; 9; 226; 8; 2; 1; 68; 2; 2; 2
1968;11; 1; 1; 86; 7; 2; 2; 63; 2; 1; 3; 4; 2; 2; 2; 1; 2; 2; 3; 2; 2; 1; 1; 2; 2; 1; 1; 1; 4; 186; 138; 9999
1968;12; 86; 118; 29; 105; 3; 76; 2; 4; 2; 2; 2; 2; 3; 2; 2; 1; 1; 2; 3; 4; 1; 2; 4; 128; 2; 396; 3; 108; 297; 365; 96
1969;01; 2; 2; 32; 4; 2; 3; 206; 188; 69; 2; 137; 84; 6; 2; 0; 53; 2; 2; 1; 2; 0; 1; 1; 63; 9; 147; 4; 56; 324; 3; 2
1969;02; 2; 2; 63; 2; 2; 1; 1; 127; 54; 2; 1; 2; 2; 0; 2; 286; 140; 86; 31; 28; 9; 0; 0; 3; 2; 2; 36; 4; 9999; 9999; 9999
1969;03; 4; 126; 53; 1; 225; 2; 2; 1; 1; 2; 0; 2; 2; 1; 2; 0; 1; 2; 1; 2; 2; 3; 0; 1; 4; 2; 123; 156; 4; 32; 2
1969;04; 2; 93; 0; 3; 168; 52; 2; 1; 63; 2; 1; 2; 4; 2; 2; 1; 2; 1; 2; 2; 0; 2; 4; 2; 1; 2; 1; 0; 87; 2; 9999
1969;05; 2; 2; 0; 6; 2; 2; 1; 1; 2; 2; 1; 2; 2; 2; 1; 2; 0; 1; 0; 0; 0; 0; 0; 26; 8; 2; 1; 0; 109; 148; 7
1969;06; 2; 356; 2; 2; 2; 3; 2; 1; 2; 1; 2; 2; 1; 2; 0; 61; 4; 5; 2; 1; 0; 37; 2; 2; 1; 2; 1; 2; 2; 0; 9999
1969;07; 2; 2; 2; 1; 0; 2; 1; 2; 0; 4; 2; 2; 76; 3; 3; 2; 2; 2; 0; 1; 2; 2; 2; 0; 2; 2; 1; 2; 2; 1; 1
1969;08; 0; 0; 36; 2; 2; 1; 125; 2; 3; 2; 1; 1; 0; 0; 0; 79; 2; 1; 1; 0; 0; 1; 1; 1; 0; 0; 0; 5; 0; 0; 0
1969;09; 0; 0; 0; 0; 96; 1; 0; 0; 0; 0; 0; 0; 16; 0; 1; 8; 1; 0; 0; 16; 168; 1; 1; 1; 2; 0; 0; 4; 26; 497; 9999
1969;10; 159; 2; 9; 296; 187; 0; 268; 2; 2; 136; 2; 2; 1; 1; 2; 2; 167; 2; 0; 376; 1; 1; 283; 2; 2; 2; 1; 2; 26; 1; 173
1969;11; 1; 2; 6; 1; 2; 1; 41; 338; 116; 43; 0; 3; 58; 517; 135; 646; 4; 1; 327; 65; 56; 19; 43; 1; 1; 1; 1; 1; 26; 39; 9999
1969;12; 0; 1; 1; 1; 1; 2; 1; 1; 1; 1; 2; 36; 108; 15; 1; 2; 1; 1; 1; 1; 1; 0; 256; 284; 83; 1; 1; 1; 1; 1; 68
1970;01; 223; 26; 0; 2; 0; 2; 2; 687; 96; 322; 0; 0; 0; 2; 176; 194; 157; 4; 18; 27; 16; 0; 0; 0; 0; 2; 0; 0; 2; 0; 97
1970;02; 62; 17; 2; 0; 124; 2; 0; 48; 2; 285; 297; 36; 3; 74; 93; 3; 226; 149; 713; 76; 65; 412; 164; 3; 2; 0; 0; 4; 9999; 9999; 9999
1970;03; 3; 2; 4; 0; 2; 0; 0; 0; 56; 4; 7; 2; 76; 39; 2; 74; 0; 2; 0; 313; 0; 0; 2; 2; 229; 0; 0; 2; 0; 2; 0
1970;04; 55; 0; 36; 73; 36; 0; 2; 0; 0; 0; 0; 0; 0; 0; 0; 0; 0; 0; 0; 0; 0; 0; 0; 0; 0; 0; 0; 0; 3; 0; 9999
1970;05; 0; 0; 0; 0; 0; 0; 163; 118; 0; 323; 0; 0; 0; 0; 0; 0; 0; 0; 0; 0; 5; 0; 0; 0; 0; 0; 0; 0; 0; 0; 0
1970;06; 0; 0; 0; 0; 0; 0; 68; 0; 33; 0; 0; 3; 0; 0; 154; 0; 3; 2; 18; 0; 0; 0; 136; 98; 4; 0; 0; 0; 0; 0; 9999
1970;07; 0; 64; 0; 0; 0; 0; 0; 4; 0; 0; 53; 4; 6; 2; 0; 0; 0; 0; 0; 0; 0; 0; 0; 0; 0; 0; 0; 0; 0; 0; 0
1970;08; 0; 0; 0; 0; 0; 0; 0; 0; 0; 0; 0; 0; 0; 0; 0; 0; 0; 0; 0; 0; 0; 0; 0; 0; 56; 234; 198; 146; 1; 65; 143
1970;09; 0; 0; 0; 0; 0; 0; 143; 0; 0; 2; 76; 0; 5; 4; 1; 234; 1; 1; 0; 0; 86; 165; 0; 0; 0; 0; 0; 0; 236; 0; 9999
1970;10; 0; 43; 32; 63; 36; 0; 0; 0; 117; 0; 0; 0; 63; 0; 0; 0; 0; 23; 0; 214; 6; 0; 95; 0; 0; 0; 0; 0; 0; 0; 0
1970;11; 0; 0; 4; 0; 0; 0; 0; 234; 10; 0; 0; 0; 0; 196; 0; 0; 0; 0; 0; 0; 2; 53; 0; 0; 0; 0; 0; 0; 93; 168; 9999
1970;12; 36; 257; 0; 0; 0; 0; 0; 0; 0; 163; 102; 264; 23; 76; 0; 0; 236; 0; 94; 33; 282; 65; 2; 13; 136; 78; 0; 0; 68; 6; 223
1971;01; 218; 107; 69; 63; 46; 54; 218; 6; 0; 179; 0; 0; 0; 68; 4; 0; 0; 0; 0; 0; 0; 0; 0; 0; 0; 0; 0; 0; 4; 3; 64
1971;02; 167; 276; 0; 0; 0; 0; 0; 56; 11; 206; 78; 0; 7; 0; 934; 0; 0; 0; 0; 46; 0; 87; 63; 35; 28; 6; 0; 3; 9999; 9999; 9999
1971;03; 0; 0; 0; 0; 186; 197; 0; 0; 282; 0; 353; 213; 122; 0; 0; 0; 0; 0; 0; 0; 6; 18; 64; 9; 135; 224; 0; 0; 0; 0; 0
1971;04; 0; 0; 0; 0; 0; 0; 0; 0; 0; 83; 0; 0; 0; 0; 0; 83; 318; 0; 0; 0; 0; 278; 13; 112; 13; 0; 0; 0; 0; 0; 9999
1971;05; 0; 0; 86; 5; 343; 0; 6; 0; 53; 0; 0; 0; 0; 0; 0; 0; 0; 2; 0; 3; 0; 3; 0; 0; 6; 223; 0; 0; 0; 0; 0
1971;06; 0; 0; 0; 0; 0; 1; 18; 2; 153; 2; 4; 0; 23; 16; 25; 83; 6; 205; 326; 98; 27; 3; 74; 2; 3; 0; 0; 0; 0; 2; 9999
1971;07; 0; 36; 177; 9; 234; 26; 2; 2; 3; 2; 1; 2; 2; 1; 2; 2; 2; 2; 3; 1; 1; 2; 1; 2; 2; 1; 4; 2; 2; 186; 4
1971;08; 0; 0; 0; 0; 0; 0; 0; 116; 1; 1; 87; 2; 0; 0; 5; 0; 0; 0; 0; 0; 0; 0; 0; 0; 0; 0; 0; 1; 0; 0; 0
1971;09; 0; 0; 1; 0; 0; 0; 89; 0; 52; 0; 6; 72; 0; 0; 0; 0; 0; 0; 0; 0; 0; 0; 0; 86; 34; 1; 0; 2; 128; 5; 9999
1971;10; 186; 5; 0; 103; 6; 0; 108; 486; 0; 0; 53; 342; 0; 0; 0; 0; 0; 0; 0; 0; 0; 0; 0; 0; 122; 0; 0; 0; 0; 0; 0
1971;11; 0; 106; 0; 203; 0; 0; 0; 0; 0; 9; 0; 0; 83; 0; 0; 0; 0; 0; 223; 0; 0; 3; 16; 0; 8; 0; 72; 0; 0; 0; 9999
1971;12; 112; 0; 86; 73; 0; 0; 0; 0; 0; 0; 0; 0; 0; 303; 0; 0; 0; 0; 9; 8; 0; 0; 103; 22; 3; 0; 2; 226; 4; 0; 257
1972;01; 0; 8; 33; 32; 337; 53; 35; 441; 76; 23; 0; 0; 1; 0; 0; 4; 0; 0; 0; 0; 95; 232; 636; 34; 0; 0; 96; 293; 7; 372; 0
1972;02; 16; 0; 272; 0; 0; 0; 0; 109; 0; 264; 302; 273; 116; 54; 5; 4; 193; 26; 0; 696; 28; 0; 0; 0; 0; 0; 246; 4; 0; 9999; 9999
1972;03; 0; 0; 2; 0; 0; 46; 0; 0; 4; 0; 53; 1; 0; 0; 0; 0; 0; 46; 148; 0; 0; 0; 0; 0; 0; 26; 63; 0; 0; 0; 22
1972;04; 578; 0; 32; 303; 0; 0; 0; 0; 0; 0; 0; 0; 0; 0; 5; 0; 0; 0; 0; 0; 0; 0; 0; 0; 0; 0; 0; 0; 0; 0; 9999
1972;05; 0; 0; 0; 0; 0; 0; 0; 108; 54; 0; 1; 0; 0; 0; 0; 0; 0; 0; 0; 0; 0; 0; 106; 3; 152; 0; 0; 0; 0; 0; 0
1972;06; 0; 0; 0; 0; 0; 0; 0; 0; 0; 0; 0; 0; 0; 0; 0; 0; 0; 0; 89; 0; 0; 0; 0; 0; 0; 0; 0; 0; 0; 0; 9999
1972;07; 0; 0; 0; 0; 0; 0; 0; 316; 0; 15; 2; 104; 785; 0; 46; 68; 0; 0; 0; 0; 0; 0; 0; 0; 0; 0; 163; 0; 0; 0; 0
1972;08; 0; 0; 0; 263; 18; 163; 64; 0; 35; 0; 0; 0; 0; 0; 0; 0; 0; 0; 0; 0; 0; 0; 176; 28; 0; 0; 8; 0; 23; 96; 0
1972;09; 0; 0; 0; 0; 46; 418; 95; 0; 0; 0; 78; 0; 0; 0; 0; 0; 0; 0; 0; 0; 0; 0; 223; 56; 178; 5; 0; 181; 123; 132; 9999
1972;10; 0; 12; 31; 853; 246; 0; 24; 0; 0; 196; 365; 0; 0; 0; 279; 0; 36; 0; 0; 0; 0; 0; 0; 0; 0; 0; 0; 0; 153; 0; 0
1972;11; 0; 8; 6; 53; 0; 0; 0; 18; 0; 0; 0; 53; 0; 4; 0; 73; 0; 172; 704; 0; 16; 0; 0; 0; 0; 172; 16; 0; 0; 0; 9999
1972;12; 163; 0; 3; 115; 42; 0; 23; 0; 0; 0; 0; 0; 0; 0; 0; 0; 0; 0; 0; 0; 0; 0; 489; 147; 54; 0; 0; 0; 42; 38; 8
1973;01; 0; 0; 0; 104; 232; 0; 0; 0; 0; 538; 0; 0; 0; 0; 0; 264; 16; 0; 0; 0; 43; 46; 84; 3; 35; 883; 84; 0; 0; 0; 0
1973;02; 0; 0; 26; 0; 0; 0; 0; 0; 0; 0; 0; 0; 212; 121; 86; 184; 63; 221; 0; 186; 32; 0; 0; 0; 0; 0; 0; 0; 9999; 9999; 9999
1973;03; 0; 0; 42; 61; 109; 3; 0; 0; 408; 0; 0; 0; 0; 0; 0; 0; 0; 0; 0; 0; 12; 0; 65; 3; 2; 0; 0; 0; 0; 116; 98
1973;04; 87; 31; 0; 0; 0; 0; 0; 0; 502; 0; 0; 63; 18; 0; 0; 0; 0; 0; 2; 0; 0; 0; 0; 0; 0; 0; 16; 0; 0; 0; 9999
1973;05; 0; 0; 0; 0; 0; 0; 0; 0; 0; 67; 0; 11; 0; 0; 0; 0; 0; 0; 0; 0; 0; 346; 0; 0; 0; 8; 254; 0; 0; 0; 0
1973;06; 0; 0; 0; 0; 0; 0; 0; 0; 0; 0; 0; 0; 0; 0; 0; 0; 0; 136; 0; 0; 0; 0; 0; 0; 158; 0; 237; 0; 0; 0; 9999
1973;07; 0; 156; 143; 0; 0; 0; 0; 0; 0; 0; 0; 0; 0; 0; 0; 0; 0; 574; 0; 24; 0; 72; 7; 0; 0; 0; 0; 136; 0; 0; 0
1973;08; 0; 0; 0; 0; 46; 88; 0; 0; 0; 0; 0; 0; 0; 31; 0; 0; 0; 0; 0; 0; 0; 0; 0; 0; 0; 18; 56; 82; 74; 0; 0
1973;09; 0; 376; 7; 0; 0; 0; 0; 0; 0; 0; 0; 0; 82; 0; 79; 0; 0; 0; 0; 0; 68; 231; 0; 0; 0; 0; 0; 0; 0; 0; 9999
1973;10; 0; 0; 0; 0; 0; 0; 76; 0; 123; 0; 346; 17; 0; 0; 0; 0; 0; 0; 512; 0; 0; 0; 0; 0; 0; 0; 63; 0; 0; 0; 134
1973;11; 232; 153; 0; 0; 9; 0; 0; 0; 0; 0; 0; 0; 61; 0; 0; 0; 0; 502; 307; 0; 0; 0; 0; 0; 313; 0; 0; 83; 0; 0; 9999
1973;12; 0; 0; 0; 123; 0; 237; 508; 461; 11; 0; 0; 0; 0; 0; 0; 108; 503; 0; 0; 11; 36; 0; 0; 298; 27; 46; 0; 0; 0; 297; 239
1974;01; 403; 0; 0; 0; 0; 0; 0; 283; 0; 0; 164; 186; 49; 128; 237; 69; 16; 323; 0; 38; 0; 0; 0; 0; 32; 19; 13; 344; 102; 0; 0
1974;02; 0; 23; 86; 0; 0; 0; 0; 0; 0; 0; 0; 0; 0; 0; 0; 72; 0; 486; 25; 34; 0; 0; 0; 13; 35; 0; 0; 0; 9999; 9999; 9999
1974;03; 0; 0; 0; 0; 0; 0; 578; 387; 0; 0; 0; 569; 186; 275; 0; 16; 563; 1192; 296; 184; 12; 11; 0; 0; 31; 83; 0; 0; 0; 0; 0
1974;04; 0; 0; 0; 0; 367; 0; 0; 0; 0; 0; 0; 0; 0; 0; 0; 0; 0; 0; 0; 0; 0; 0; 0; 0; 2; 26; 0; 0; 0; 0; 9999
1974;05; 0; 0; 0; 0; 0; 0; 0; 0; 0; 0; 0; 0; 0; 0; 0; 0; 0; 0; 28; 31; 0; 0; 0; 0; 0; 0; 0; 0; 0; 0; 0
1974;06; 0; 9; 68; 0; 0; 0; 167; 62; 0; 59; 23; 176; 43; 0; 0; 0; 0; 6; 29; 0; 0; 76; 0; 0; 442; 93; 114; 0; 0; 0; 9999
1974;07; 0; 0; 0; 0; 0; 0; 0; 0; 0; 0; 0; 0; 0; 0; 0; 0; 0; 0; 0; 0; 0; 0; 0; 0; 0; 0; 0; 0; 0; 0; 0
1974;08; 0; 0; 0; 0; 0; 0; 0; 0; 8; 0; 0; 0; 0; 0; 0; 16; 0; 0; 0; 0; 0; 0; 0; 0; 0; 0; 0; 0; 0; 0; 0
1974;09; 0; 0; 0; 0; 76; 23; 0; 0; 0; 0; 0; 0; 0; 0; 0; 0; 0; 0; 0; 26; 0; 0; 0; 0; 0; 0; 0; 0; 82; 0; 9999
1974;10; 0; 226; 65; 57; 182; 0; 0; 0; 0; 0; 0; 0; 0; 0; 0; 0; 5; 0; 52; 0; 0; 0; 0; 1; 322; 23; 0; 0; 148; 116; 0
1974;11; 0; 0; 0; 0; 0; 62; 0; 0; 0; 0; 0; 0; 86; 0; 0; 0; 0; 0; 0; 22; 256; 0; 0; 0; 0; 0; 0; 557; 193; 0; 9999
1974;12; 194; 0; 346; 34; 0; 0; 0; 0; 0; 0; 0; 0; 271; 312; 0; 0; 37; 73; 232; 0; 2; 343; 118; 32; 0; 0; 0; 0; 12; 421; 11
1975;01; 387; 18; 0; 0; 0; 0; 336; 0; 0; 0; 268; 229; 542; 138; 86; 124; 13; 0; 0; 0; 33; 0; 0; 0; 0; 67; 0; 0; 6; 0; 0
1975;02; 0; 71; 86; 38; 878; 0; 0; 52; 86; 122; 0; 0; 0; 0; 0; 0; 0; 0; 0; 0; 0; 31; 42; 0; 68; 22; 0; 673; 9999; 9999; 9999
1975;03; 36; 0; 97; 0; 2; 0; 0; 0; 0; 0; 0; 0; 0; 0; 0; 0; 0; 0; 0; 0; 56; 0; 0; 0; 383; 0; 0; 0; 0; 138; 0
1975;04; 0; 0; 0; 0; 0; 0; 0; 0; 0; 63; 36; 0; 0; 0; 38; 0; 0; 0; 0; 34; 0; 0; 0; 0; 0; 0; 0; 0; 0; 0; 9999
1975;05; 52; 0; 0; 0; 0; 162; 0; 0; 0; 0; 0; 0; 0; 0; 0; 0; 36; 102; 0; 0; 0; 0; 0; 0; 0; 0; 0; 0; 0; 0; 0
1975;06; 0; 0; 0; 13; 0; 0; 24; 0; 0; 0; 0; 0; 0; 0; 0; 0; 0; 0; 0; 0; 0; 0; 0; 0; 0; 0; 0; 0; 0; 0; 9999
1975;07; 0; 23; 0; 52; 0; 102; 0; 0; 0; 0; 0; 0; 0; 0; 0; 0; 153; 124; 0; 0; 0; 0; 0; 0; 0; 0; 0; 0; 0; 0; 0
1975;08; 0; 0; 0; 0; 0; 0; 0; 0; 0; 0; 0; 0; 0; 0; 0; 0; 0; 0; 0; 0; 0; 0; 0; 0; 0; 0; 0; 0; 0; 0; 0
1975;09; 0; 0; 0; 0; 0; 0; 0; 0; 0; 0; 0; 0; 0; 0; 0; 0; 0; 0; 0; 0; 0; 0; 0; 52; 0; 0; 136; 253; 0; 204; 9999
1975;10; 12; 8; 367; 223; 58; 0; 0; 157; 0; 0; 52; 67; 0; 0; 0; 0; 18; 76; 187; 0; 0; 0; 0; 0; 0; 0; 0; 28; 0; 278; 207
1975;11; 101; 118; 0; 0; 0; 0; 173; 0; 0; 135; 0; 6; 0; 0; 0; 0; 232; 7; 0; 0; 231; 32; 28; 32; 101; 218; 0; 0; 226; 772; 9999
1975;12; 122; 4; 0; 0; 0; 0; 31; 0; 0; 0; 0; 0; 48; 537; 0; 0; 0; 0; 68; 23; 0; 0; 164; 12; 56; 19; 0; 32; 73; 46; 0
1976;01; 0; 43; 248; 406; 0; 0; 442; 137; 0; 0; 102; 106; 0; 0; 0; 12; 0; 0; 0; 0; 0; 54; 6; 0; 0; 0; 138; 0; 0; 0; 0
1976;02; 0; 112; 213; 31; 0; 18; 256; 489; 0; 0; 0; 0; 0; 0; 0; 0; 0; 22; 256; 0; 519; 33; 274; 82; 0; 0; 446; 62; 83; 9999; 9999
1976;03; 0; 16; 0; 128; 0; 0; 0; 0; 0; 0; 69; 0; 0; 126; 0; 0; 0; 163; 95; 201; 43; 0; 0; 81; 0; 18; 6; 0; 0; 0; 0
1976;04; 0; 0; 0; 28; 0; 0; 29; 0; 0; 56; 47; 148; 69; 116; 238; 0; 0; 0; 0; 0; 0; 0; 111; 0; 0; 0; 0; 0; 0; 0; 9999
1976;05; 0; 0; 0; 0; 0; 0; 0; 0; 18; 109; 0; 304; 0; 0; 0; 0; 186; 0; 23; 0; 28; 156; 0; 0; 0; 0; 0; 303; 824; 2; 0
1976;06; 0; 0; 0; 0; 0; 768; 0; 0; 0; 49; 2; 0; 28; 56; 0; 0; 0; 0; 0; 0; 0; 0; 0; 0; 0; 0; 0; 0; 0; 0; 9999
1976;07; 0; 38; 462; 123; 0; 0; 0; 173; 161; 196; 0; 0; 0; 0; 0; 0; 0; 0; 0; 0; 0; 0; 0; 0; 0; 0; 0; 0; 0; 0; 0
1976;08; 0; 0; 0; 0; 0; 0; 0; 0; 0; 55; 86; 113; 363; 564; 0; 0; 0; 0; 213; 106; 212; 0; 0; 0; 0; 0; 0; 0; 0; 0; 0
1976;09; 0; 0; 0; 0; 106; 62; 68; 342; 21; 0; 0; 0; 206; 183; 22; 221; 0; 0; 0; 0; 0; 0; 22; 0; 0; 0; 203; 211; 0; 0; 9999
1976;10; 0; 0; 0; 0; 0; 96; 0; 0; 252; 159; 0; 0; 0; 0; 0; 0; 54; 101; 162; 0; 0; 0; 0; 0; 26; 103; 62; 0; 0; 0; 0
1976;11; 29; 0; 13; 156; 248; 0; 0; 0; 0; 0; 0; 0; 0; 0; 0; 0; 0; 0; 0; 198; 201; 0; 0; 0; 0; 0; 0; 0; 256; 0; 9999
1976;12; 0; 202; 0; 0; 272; 151; 0; 0; 202; 0; 0; 0; 0; 0; 0; 133; 26; 0; 0; 0; 6; 98; 0; 192; 33; 68; 33; 126; 0; 0; 0
1977;01; 0; 0; 0; 268; 29; 386; 317; 112; 0; 0; 78; 0; 0; 0; 0; 28; 365; 86; 148; 49; 0; 0; 0; 0; 0; 0; 0; 383; 226; 177; 0
1977;02; 589; 0; 0; 0; 0; 0; 0; 63; 0; 0; 0; 0; 0; 0; 0; 36; 0; 0; 0; 0; 0; 0; 0; 0; 0; 0; 0; 0; 9999; 9999; 9999
1977;03; 0; 0; 0; 0; 118; 73; 26; 0; 0; 0; 63; 0; 0; 0; 138; 0; 443; 0; 0; 0; 1223; 0; 323; 109; 0; 13; 0; 0; 193; 176; 158
1977;04; 106; 0; 0; 19; 193; 0; 0; 0; 169; 277; 0; 0; 0; 0; 0; 0; 0; 0; 62; 33; 38; 0; 0; 0; 0; 0; 0; 0; 0; 0; 9999
1977;05; 0; 36; 0; 0; 0; 0; 0; 0; 0; 0; 0; 0; 0; 0; 0; 0; 38; 0; 0; 0; 0; 0; 0; 0; 0; 0; 0; 0; 0; 0; 0
1977;06; 0; 0; 16; 0; 143; 0; 0; 0; 0; 0; 0; 0; 0; 0; 0; 66; 0; 0; 0; 0; 0; 3; 18; 0; 28; 0; 0; 0; 0; 0; 9999
1977;07; 0; 0; 0; 0; 0; 0; 0; 0; 0; 0; 0; 0; 0; 0; 0; 0; 0; 0; 0; 0; 0; 0; 12; 0; 186; 0; 0; 0; 0; 0; 0
1977;08; 0; 0; 0; 0; 0; 0; 0; 0; 0; 0; 0; 0; 0; 0; 0; 0; 0; 0; 0; 0; 0; 0; 0; 0; 0; 0; 0; 0; 0; 8; 56
1977;09; 0; 62; 0; 0; 0; 56; 68; 253; 0; 0; 0; 0; 0; 0; 0; 0; 0; 0; 13; 0; 0; 0; 0; 96; 0; 0; 0; 0; 0; 0; 9999
1977;10; 0; 216; 0; 0; 0; 0; 0; 0; 0; 0; 0; 0; 36; 28; 0; 0; 102; 22; 0; 0; 0; 0; 0; 0; 0; 0; 18; 36; 0; 0; 0
1977;11; 0; 464; 0; 43; 0; 0; 73; 0; 0; 0; 33; 246; 95; 0; 87; 213; 0; 0; 0; 0; 0; 16; 103; 8; 6; 0; 0; 12; 0; 0; 9999
1977;12; 148; 223; 146; 253; 3; 36; 32; 493; 0; 32; 74; 0; 0; 0; 0; 0; 0; 0; 0; 246; 87; 403; 126; 0; 0; 0; 0; 0; 0; 0; 0
1978;01; 0; 12; 28; 0; 0; 0; 0; 0; 0; 0; 0; 0; 0; 0; 126; 0; 73; 0; 0; 0; 0; 326; 13; 0; 0; 0; 0; 0; 0; 0; 0
1978;02; 0; 0; 0; 0; 0; 0; 0; 0; 0; 0; 0; 46; 0; 302; 0; 27; 653; 2; 0; 0; 0; 368; 0; 0; 0; 0; 0; 28; 9999; 9999; 9999
1978;03; 102; 0; 98; 162; 26; 0; 0; 16; 189; 97; 261; 0; 0; 32; 0; 0; 0; 0; 0; 0; 0; 0; 0; 3; 0; 0; 0; 11; 0; 116; 0
1978;04; 0; 0; 0; 0; 0; 0; 0; 0; 0; 0; 0; 0; 0; 0; 0; 0; 0; 0; 0; 0; 0; 0; 26; 0; 0; 0; 0; 0; 0; 0; 9999
1978;05; 0; 0; 0; 0; 0; 0; 0; 0; 0; 0; 0; 0; 0; 0; 0; 182; 496; 187; 0; 0; 262; 123; 0; 0; 0; 0; 0; 0; 0; 46; 0
1978;06; 0; 0; 0; 0; 0; 0; 0; 0; 453; 0; 0; 0; 0; 0; 0; 0; 0; 0; 0; 0; 0; 0; 0; 0; 0; 0; 0; 0; 0; 0; 9999
1978;07; 0; 0; 0; 0; 0; 0; 0; 0; 0; 0; 0; 0; 0; 0; 0; 312; 0; 78; 0; 0; 173; 72; 466; 78; 0; 0; 0; 0; 0; 0; 0
1978;08; 0; 0; 0; 0; 0; 0; 0; 0; 0; 0; 0; 0; 0; 0; 0; 0; 0; 0; 0; 0; 23; 0; 0; 0; 0; 0; 0; 0; 0; 0; 0
1978;09; 21; 53; 0; 0; 223; 28; 0; 86; 0; 0; 0; 0; 0; 0; 0; 74; 0; 0; 0; 0; 0; 0; 0; 0; 0; 0; 0; 0; 0; 0; 9999
1978;10; 0; 0; 0; 0; 0; 0; 0; 0; 0; 0; 63; 0; 0; 54; 26; 0; 0; 273; 282; 0; 0; 0; 0; 0; 0; 0; 0; 67; 78; 103; 86
1978;11; 102; 0; 0; 186; 287; 256; 0; 0; 0; 46; 424; 268; 0; 0; 0; 0; 203; 0; 0; 36; 0; 0; 37; 0; 0; 0; 0; 362; 0; 0; 9999
1978;12; 39; 0; 107; 0; 0; 0; 112; 103; 36; 0; 0; 0; 0; 0; 324; 367; 26; 0; 0; 0; 0; 0; 0; 0; 0; 18; 749; 26; 0; 0; 27
1979;01; 13; 38; 57; 272; 0; 0; 0; 0; 0; 0; 0; 46; 18; 0; 0; 0; 0; 0; 0; 0; 184; 0; 0; 0; 83; 29; 0; 0; 278; 23; 0
1979;02; 0; 0; 0; 0; 0; 0; 0; 0; 0; 0; 53; 46; 393; 646; 23; 0; 0; 0; 0; 0; 0; 21; 0; 74; 0; 0; 183; 0; 9999; 9999; 9999
1979;03; 0; 23; 0; 0; 0; 0; 0; 0; 0; 0; 389; 0; 36; 203; 0; 0; 0; 0; 0; 0; 0; 0; 66; 0; 87; 0; 0; 0; 0; 0; 0
1979;04; 0; 0; 0; 23; 387; 0; 6; 0; 0; 0; 0; 0; 0; 0; 0; 0; 0; 13; 0; 0; 0; 0; 0; 0; 0; 0; 0; 0; 0; 133; 9999
1979;05; 0; 0; 8; 416; 32; 0; 283; 54; 0; 22; 238; 0; 53; 0; 64; 0; 0; 0; 0; 0; 0; 0; 0; 42; 0; 0; 0; 0; 0; 212; 0
1979;06; 0; 0; 0; 0; 0; 0; 0; 0; 16; 0; 0; 0; 0; 0; 0; 0; 0; 0; 0; 0; 0; 3; 0; 0; 0; 0; 0; 0; 0; 0; 9999
1979;07; 0; 0; 0; 0; 0; 0; 0; 0; 132; 33; 0; 0; 0; 0; 0; 3; 2; 3; 0; 162; 0; 0; 0; 0; 0; 608; 0; 0; 0; 0; 0
1979;08; 0; 0; 0; 0; 0; 0; 0; 0; 0; 0; 0; 18; 43; 0; 116; 0; 0; 256; 423; 0; 0; 16; 0; 0; 0; 0; 79; 0; 0; 0; 3
1979;09; 0; 116; 318; 23; 46; 0; 0; 0; 0; 2; 16; 135; 104; 166; 18; 32; 0; 63; 0; 0; 0; 0; 246; 4; 0; 0; 0; 0; 0; 0; 9999
1979;10; 23; 12; 18; 0; 0; 0; 103; 384; 86; 0; 0; 0; 0; 53; 46; 0; 0; 0; 0; 0; 0; 0; 0; 0; 0; 0; 43; 0; 153; 16; 98
1979;11; 0; 0; 0; 0; 0; 0; 0; 0; 68; 72; 103; 0; 0; 0; 27; 0; 0; 0; 0; 0; 0; 0; 186; 0; 536; 33; 0; 0; 0; 0; 9999
1979;12; 0; 0; 16; 98; 109; 0; 8; 0; 0; 0; 0; 53; 87; 4; 108; 763; 0; 0; 0; 0; 0; 0; 0; 0; 83; 42; 3; 0; 0; 0; 33
1980;01; 266; 0; 0; 0; 0; 0; 0; 43; 0; 173; 64; 42; 0; 0; 0; 0; 0; 567; 405; 0; 32; 543; 0; 0; 123; 356; 0; 0; 0; 0; 0
1980;02; 32; 0; 0; 0; 0; 0; 0; 0; 16; 0; 0; 36; 287; 103; 362; 386; 0; 78; 56; 278; 0; 0; 0; 684; 0; 33; 42; 34; 12; 9999; 9999
1980;03; 0; 0; 0; 0; 0; 63; 0; 303; 16; 314; 0; 0; 28; 262; 0; 61; 0; 0; 0; 0; 0; 0; 0; 0; 0; 0; 0; 0; 0; 29; 0
1980;04; 0; 0; 0; 68; 223; 212; 0; 0; 0; 0; 0; 0; 56; 141; 364; 0; 0; 0; 0; 0; 0; 0; 0; 0; 0; 0; 0; 0; 0; 0; 9999
1980;05; 0; 44; 0; 0; 0; 0; 0; 0; 0; 0; 33; 0; 0; 0; 36; 0; 0; 0; 0; 0; 1; 0; 0; 0; 0; 0; 0; 0; 0; 0; 0
1980;06; 0; 0; 26; 54; 0; 0; 0; 0; 0; 0; 0; 0; 0; 35; 0; 0; 0; 0; 0; 0; 0; 4; 0; 0; 35; 246; 154; 0; 0; 0; 9999
1980;07; 0; 0; 66; 47; 0; 0; 0; 4; 0; 0; 18; 0; 0; 0; 0; 0; 0; 0; 0; 0; 0; 0; 0; 0; 0; 0; 0; 26; 0; 0; 116
1980;08; 0; 0; 0; 0; 0; 0; 48; 0; 0; 0; 0; 0; 0; 0; 0; 218; 0; 0; 0; 12; 0; 0; 3; 15; 0; 78; 0; 0; 0; 0; 0
1980;09; 0; 0; 0; 0; 0; 0; 0; 0; 0; 0; 0; 0; 0; 0; 12; 11; 0; 148; 0; 16; 102; 95; 0; 0; 0; 0; 0; 42; 0; 0; 9999
1980;10; 0; 0; 0; 0; 0; 0; 0; 148; 43; 6; 0; 173; 0; 0; 0; 0; 0; 0; 0; 0; 0; 0; 6; 0; 0; 0; 0; 0; 0; 0; 3
1980;11; 0; 0; 0; 0; 0; 0; 13; 202; 53; 3; 0; 0; 0; 0; 0; 0; 0; 0; 0; 0; 0; 0; 189; 156; 18; 0; 0; 0; 0; 132; 9999
1980;12; 66; 343; 46; 0; 14; 16; 0; 7; 0; 0; 44; 328; 237; 129; 0; 0; 0; 0; 0; 0; 83; 202; 103; 24; 167; 23; 354; 6; 367; 93; 0
1981;01; 0; 0; 0; 28; 29; 93; 146; 97; 8; 0; 16; 158; 13; 502; 51; 0; 0; 0; 49; 53; 538; 36; 0; 0; 0; 4; 18; 0; 0; 0; 29
1981;02; 0; 0; 0; 0; 0; 0; 0; 0; 0; 0; 0; 0; 0; 0; 0; 0; 0; 0; 21; 19; 218; 106; 0; 62; 26; 474; 0; 9999; 9999; 9999; 9999
1981;03; 0; 0; 0; 168; 0; 0; 0; 0; 23; 0; 0; 0; 0; 0; 0; 228; 0; 0; 0; 0; 0; 0; 0; 0; 0; 0; 0; 34; 139; 372; 0
1981;04; 0; 83; 0; 0; 0; 0; 0; 0; 0; 0; 0; 0; 0; 0; 0; 507; 0; 0; 0; 0; 0; 0; 0; 13; 0; 84; 0; 88; 36; 0; 9999
1981;05; 0; 0; 0; 147; 0; 0; 0; 0; 0; 0; 0; 0; 0; 0; 0; 0; 23; 0; 0; 0; 0; 0; 0; 0; 0; 0; 0; 0; 0; 0; 0
1981;06; 0; 0; 0; 0; 0; 34; 287; 3; 0; 0; 0; 0; 0; 12; 0; 149; 0; 0; 0; 0; 0; 0; 0; 0; 0; 0; 0; 0; 0; 0; 9999
1981;07; 0; 0; 188; 0; 0; 0; 0; 0; 0; 0; 0; 0; 0; 0; 0; 0; 0; 12; 26; 107; 0; 0; 0; 29; 67; 0; 0; 0; 6; 0; 0
1981;08; 0; 0; 0; 0; 0; 0; 0; 0; 0; 0; 23; 0; 0; 43; 0; 0; 0; 24; 129; 0; 0; 0; 0; 0; 0; 0; 0; 0; 0; 0; 0
1981;09; 0; 0; 0; 27; 0; 0; 0; 0; 0; 0; 0; 0; 0; 0; 0; 0; 0; 0; 0; 0; 0; 0; 0; 11; 0; 46; 34; 0; 25; 29; 9999
1981;10; 0; 0; 0; 62; 0; 36; 54; 61; 0; 0; 11; 0; 0; 0; 0; 138; 0; 0; 21; 289; 0; 0; 0; 0; 0; 0; 462; 84; 33; 42; 83
1981;11; 28; 24; 13; 67; 19; 0; 0; 0; 24; 21; 0; 0; 0; 0; 0; 0; 489; 0; 176; 32; 11; 0; 0; 0; 0; 0; 0; 0; 28; 0; 9999
1981;12; 152; 243; 0; 0; 0; 43; 146; 0; 253; 48; 0; 0; 306; 0; 0; 0; 0; 0; 0; 0; 0; 0; 0; 384; 0; 0; 0; 0; 0; 0; 0
1982;01; 0; 216; 0; 43; 0; 0; 0; 103; 114; 13; 172; 186; 0; 0; 0; 0; 0; 0; 0; 0; 0; 0; 1134; 0; 0; 0; 16; 0; 26; 93; 0
1982;02; 136; 78; 0; 0; 253; 596; 364; 0; 28; 0; 0; 0; 0; 0; 0; 0; 0; 48; 0; 56; 0; 0; 284; 76; 48; 0; 16; 0; 9999; 9999; 9999
1982;03; 0; 0; 0; 0; 0; 0; 0; 0; 0; 354; 92; 43; 0; 0; 53; 118; 282; 0; 393; 0; 0; 346; 43; 0; 0; 39; 22; 0; 0; 0; 0
1982;04; 0; 0; 0; 0; 0; 0; 0; 0; 0; 0; 0; 0; 61; 3; 174; 0; 0; 0; 0; 0; 0; 0; 0; 0; 0; 0; 0; 0; 0; 0; 9999
1982;05; 0; 0; 0; 0; 0; 0; 0; 0; 0; 0; 0; 0; 0; 0; 0; 0; 0; 0; 37; 102; 0; 0; 0; 0; 257; 116; 0; 0; 0; 0; 72
1982;06; 0; 0; 0; 0; 18; 0; 0; 0; 0; 0; 0; 362; 324; 238; 0; 202; 11; 0; 0; 0; 28; 203; 136; 11; 138; 284; 0; 0; 172; 186; 9999
1982;07; 186; 0; 0; 0; 0; 0; 0; 0; 0; 0; 0; 38; 46; 21; 0; 0; 0; 14; 91; 0; 0; 0; 0; 0; 0; 0; 0; 0; 0; 48; 0
1982;08; 0; 0; 83; 0; 5; 0; 0; 0; 0; 0; 74; 0; 0; 0; 0; 0; 0; 11; 62; 0; 0; 0; 0; 96; 0; 0; 0; 0; 0; 0; 0
1982;09; 0; 0; 0; 0; 0; 96; 0; 0; 0; 0; 0; 0; 0; 0; 0; 0; 0; 0; 0; 0; 0; 0; 0; 0; 0; 0; 0; 147; 0; 0; 9999
1982;10; 0; 184; 36; 0; 5; 52; 13; 386; 243; 0; 112; 0; 186; 0; 0; 0; 0; 323; 16; 0; 134; 23; 0; 0; 26; 0; 0; 113; 152; 61; 0
1982;11; 0; 0; 0; 0; 21; 24; 28; 0; 0; 0; 172; 148; 0; 103; 242; 16; 22; 0; 0; 206; 584; 22; 28; 0; 0; 0; 217; 266; 172; 0; 9999
1982;12; 112; 43; 67; 0; 0; 0; 84; 0; 0; 0; 13; 224; 22; 133; 212; 63; 72; 11; 13; 258; 26; 68; 54; 62; 0; 0; 0; 16; 0; 23; 26
1983;01; 0; 0; 0; 0; 0; 232; 11; 21; 433; 134; 0; 0; 164; 363; 32; 234; 15; 662; 47; 32; 18; 0; 0; 0; 26; 18; 0; 0; 46; 0; 112
1983;02; 187; 234; 12; 0; 0; 0; 0; 0; 367; 38; 21; 0; 0; 0; 11; 0; 0; 0; 0; 0; 0; 0; 0; 193; 0; 0; 26; 74; 9999; 9999; 9999
1983;03; 0; 603; 32; 193; 32; 47; 28; 93; 0; 0; 0; 0; 303; 0; 0; 0; 0; 0; 143; 164; 0; 6; 0; 0; 0; 13; 112; 71; 0; 0; 0
1983;04; 0; 0; 0; 0; 0; 138; 463; 0; 0; 0; 0; 0; 78; 0; 0; 22; 0; 0; 213; 0; 0; 242; 0; 0; 174; 116; 11; 0; 0; 0; 9999
1983;05; 0; 0; 0; 0; 0; 0; 0; 0; 112; 0; 0; 0; 184; 22; 0; 0; 0; 36; 0; 193; 0; 0; 11; 157; 0; 0; 0; 156; 344; 276; 497
1983;06; 0; 86; 103; 45; 263; 474; 493; 0; 218; 98; 346; 115; 4; 0; 0; 0; 0; 0; 0; 0; 0; 0; 0; 0; 72; 113; 0; 0; 56; 0; 9999
1983;07; 0; 0; 0; 0; 0; 0; 101; 0; 0; 0; 0; 0; 0; 0; 0; 0; 0; 136; 0; 0; 118; 0; 0; 0; 0; 0; 0; 0; 0; 0; 0
1983;08; 0; 0; 0; 0; 0; 0; 0; 0; 0; 0; 0; 0; 0; 0; 0; 0; 0; 0; 0; 0; 0; 0; 0; 0; 0; 0; 0; 0; 0; 0; 0
1983;09; 0; 66; 23; 312; 21; 126; 24; 128; 27; 0; 0; 26; 97; 0; 0; 213; 0; 336; 243; 0; 0; 11; 23; 354; 376; 0; 0; 0; 0; 0; 9999
1983;10; 0; 0; 0; 0; 0; 0; 0; 0; 0; 0; 0; 0; 0; 76; 228; 0; 0; 279; 668; 0; 0; 516; 48; 109; 0; 0; 0; 0; 0; 0; 0
1983;11; 103; 0; 112; 21; 203; 12; 0; 0; 0; 0; 36; 132; 13; 0; 0; 12; 0; 0; 0; 47; 0; 368; 0; 0; 0; 0; 0; 0; 0; 0; 9999
1983;12; 0; 318; 0; 0; 0; 0; 23; 0; 0; 0; 26; 53; 0; 84; 26; 318; 0; 0; 102; 189; 232; 13; 327; 55; 0; 0; 142; 136; 163; 157; 46
1984;01; 38; 0; 0; 43; 106; 0; 0; 0; 0; 0; 0; 0; 0; 0; 0; 0; 0; 0; 0; 0; 216; 0; 192; 0; 0; 236; 348; 27; 382; 73; 0
1984;02; 0; 0; 0; 0; 0; 0; 103; 0; 0; 0; 32; 0; 16; 0; 0; 0; 0; 0; 0; 0; 0; 0; 0; 0; 0; 0; 0; 11; 0; 9999; 9999
1984;03; 13; 0; 0; 0; 68; 251; 0; 82; 0; 0; 0; 0; 0; 0; 0; 0; 0; 0; 0; 0; 43; 11; 0; 0; 0; 0; 0; 0; 11; 32; 0
1984;04; 0; 0; 296; 122; 63; 0; 0; 0; 0; 0; 0; 0; 0; 0; 0; 36; 0; 0; 0; 33; 0; 0; 0; 176; 124; 0; 0; 0; 0; 0; 9999
1984;05; 0; 101; 66; 0; 0; 0; 0; 0; 0; 0; 0; 128; 389; 77; 163; 0; 18; 232; 0; 0; 0; 0; 0; 0; 0; 0; 0; 0; 0; 0; 6
1984;06; 0; 0; 0; 0; 0; 0; 0; 0; 0; 0; 0; 0; 0; 0; 0; 0; 0; 0; 0; 0; 0; 0; 0; 0; 0; 0; 0; 0; 0; 0; 9999
1984;07; 0; 0; 0; 62; 0; 0; 0; 0; 0; 0; 0; 0; 0; 0; 0; 0; 0; 0; 0; 0; 0; 0; 0; 0; 0; 0; 0; 32; 0; 0; 0
1984;08; 0; 0; 296; 184; 0; 0; 0; 0; 0; 0; 0; 0; 0; 0; 0; 0; 11; 0; 0; 27; 34; 102; 116; 0; 42; 96; 0; 0; 0; 0; 0
1984;09; 0; 0; 0; 0; 0; 0; 42; 10; 54; 0; 0; 0; 0; 0; 0; 0; 0; 0; 0; 586; 302; 0; 0; 0; 0; 108; 246; 11; 0; 0; 9999
1984;10; 0; 0; 0; 0; 0; 0; 0; 0; 0; 22; 0; 0; 0; 0; 0; 0; 0; 57; 223; 0; 0; 0; 0; 0; 0; 0; 0; 0; 0; 0; 0
1984;11; 0; 0; 43; 0; 0; 0; 12; 0; 0; 263; 0; 272; 294; 0; 0; 0; 0; 363; 0; 21; 152; 0; 0; 0; 22; 163; 0; 0; 0; 0; 9999
1984;12; 0; 612; 16; 0; 0; 163; 36; 42; 83; 0; 0; 0; 87; 118; 46; 0; 182; 38; 0; 0; 0; 0; 0; 0; 0; 68; 0; 0; 0; 0; 121
1985;01; 13; 0; 0; 0; 128; 0; 0; 189; 0; 0; 0; 0; 0; 0; 0; 0; 0; 0; 0; 0; 0; 0; 0; 23; 0; 21; 0; 6; 0; 0; 0
1985;02; 0; 36; 68; 0; 78; 73; 0; 0; 248; 0; 443; 0; 0; 23; 24; 13; 26; 0; 0; 0; 12; 0; 31; 5; 0; 38; 16; 0; 9999; 9999; 9999
1985;03; 0; 273; 38; 0; 0; 18; 16; 12; 0; 0; 342; 0; 0; 0; 0; 128; 152; 726; 0; 0; 0; 0; 0; 0; 0; 78; 0; 206; 0; 27; 0
1985;04; 0; 11; 0; 0; 0; 29; 0; 0; 0; 0; 0; 0; 0; 0; 0; 104; 91; 0; 0; 0; 0; 0; 0; 0; 0; 0; 18; 16; 15; 5; 9999
1985;05; 282; 18; 0; 0; 0; 0; 0; 0; 0; 0; 0; 0; 0; 0; 0; 0; 0; 0; 0; 0; 0; 438; 0; 0; 0; 0; 0; 0; 0; 0; 0
1985;06; 0; 0; 0; 73; 0; 0; 0; 0; 0; 0; 0; 0; 0; 0; 0; 0; 0; 0; 0; 0; 0; 0; 0; 0; 0; 0; 0; 0; 0; 0; 9999
1985;07; 0; 0; 0; 0; 0; 0; 0; 0; 0; 0; 0; 0; 0; 0; 0; 0; 0; 0; 0; 0; 0; 0; 0; 0; 0; 0; 0; 0; 0; 0; 0
1985;08; 0; 0; 0; 0; 0; 0; 0; 0; 0; 0; 0; 0; 0; 0; 0; 0; 0; 0; 0; 0; 0; 0; 11; 0; 0; 0; 0; 0; 0; 0; 83
1985;09; 242; 87; 0; 200; 64; 61; 0; 0; 0; 0; 0; 0; 0; 0; 0; 0; 0; 0; 0; 0; 200; 0; 0; 0; 0; 0; 0; 0; 67; 11; 9999
1985;10; 0; 0; 0; 0; 0; 0; 0; 11; 0; 0; 0; 0; 0; 0; 0; 0; 0; 0; 0; 0; 0; 0; 0; 0; 67; 0; 0; 0; 200; 0; 164
1985;11; 0; 200; 16; 10; 0; 0; 0; 0; 0; 0; 0; 0; 0; 0; 0; 0; 0; 0; 0; 0; 0; 242; 0; 0; 63; 123; 0; 163; 0; 0; 9999
1985;12; 0; 0; 0; 127; 204; 0; 0; 0; 0; 0; 0; 0; 0; 0; 0; 0; 0; 0; 0; 0; 0; 0; 0; 64; 123; 81; 0; 0; 0; 0; 0
1986;01; 0; 0; 0; 0; 0; 62; 0; 0; 64; 0; 122; 637; 0; 0; 0; 0; 0; 0; 0; 0; 0; 0; 14; 69; 0; 64; 113; 0; 0; 112; 0
1986;02; 0; 0; 336; 0; 0; 0; 47; 18; 0; 0; 0; 905; 0; 61; 12; 308; 0; 16; 0; 308; 201; 0; 84; 112; 8; 0; 0; 0; 9999; 9999; 9999
1986;03; 0; 0; 0; 0; 163; 592; 0; 0; 0; 0; 0; 0; 0; 191; 0; 0; 0; 0; 122; 0; 0; 0; 0; 0; 0; 0; 81; 0; 0; 0; 223
1986;04; 0; 0; 0; 0; 0; 0; 0; 0; 24; 0; 0; 0; 0; 0; 35; 189; 0; 0; 0; 0; 32; 0; 0; 0; 0; 0; 0; 0; 0; 0; 9999
1986;05; 0; 0; 0; 0; 0; 0; 0; 353; 0; 0; 12; 0; 153; 51; 0; 0; 83; 0; 150; 113; 0; 0; 0; 0; 13; 0; 156; 0; 0; 0; 0
1986;06; 0; 0; 0; 0; 0; 0; 0; 0; 0; 0; 0; 0; 0; 0; 0; 0; 0; 0; 0; 0; 0; 0; 0; 0; 0; 0; 0; 0; 0; 0; 9999
1986;07; 0; 0; 0; 0; 0; 0; 0; 0; 0; 0; 0; 0; 0; 0; 0; 0; 0; 0; 0; 0; 22; 23; 0; 0; 0; 0; 0; 0; 0; 0; 117
1986;08; 24; 0; 0; 0; 0; 0; 0; 0; 0; 0; 0; 10; 31; 73; 42; 63; 51; 21; 5; 0; 206; 348; 357; 0; 6; 0; 0; 0; 0; 0; 0
1986;09; 0; 0; 0; 0; 78; 36; 0; 0; 0; 0; 0; 0; 0; 0; 0; 0; 0; 0; 0; 28; 0; 0; 0; 0; 106; 0; 0; 0; 142; 0; 9999
1986;10; 0; 0; 0; 0; 0; 0; 0; 0; 0; 212; 203; 0; 0; 0; 0; 0; 0; 0; 55; 35; 101; 22; 11; 0; 0; 0; 0; 0; 0; 0; 0
1986;11; 0; 111; 413; 84; 0; 32; 0; 0; 30; 0; 532; 46; 0; 0; 0; 0; 0; 0; 0; 0; 0; 0; 0; 602; 0; 113; 128; 0; 0; 103; 9999
1986;12; 162; 211; 130; 84; 106; 182; 94; 43; 0; 0; 0; 0; 0; 0; 0; 42; 238; 64; 20; 0; 0; 114; 3; 0; 42; 0; 0; 0; 0; 62; 43
1987;01; 0; 0; 30; 0; 0; 0; 0; 0; 0; 0; 0; 0; 41; 60; 0; 0; 80; 0; 0; 0; 0; 0; 31; 20; 0; 0; 134; 173; 5; 21; 133
1987;02; 50; 4; 183; 225; 201; 67; 0; 81; 224; 423; 0; 0; 0; 3; 10; 182; 1; 0; 0; 0; 0; 0; 0; 0; 0; 0; 0; 0; 9999; 9999; 9999
1987;03; 0; 0; 0; 0; 0; 0; 0; 4; 6; 260; 0; 0; 0; 0; 6; 0; 0; 4; 0; 0; 0; 0; 0; 0; 0; 0; 6; 0; 20; 0; 0
1987;04; 0; 0; 0; 10; 2; 0; 0; 0; 2; 40; 504; 1; 0; 11; 0; 0; 0; 0; 0; 0; 0; 0; 0; 0; 0; 0; 0; 0; 8; 0; 9999
1987;05; 0; 0; 0; 0; 1; 0; 113; 84; 223; 0; 0; 165; 0; 0; 0; 261; 0; 43; 48; 171; 321; 75; 0; 0; 28; 0; 10; 32; 96; 0; 0
1987;06; 0; 0; 0; 0; 0; 0; 0; 0; 0; 0; 14; 0; 75; 552; 869; 322; 0; 0; 0; 0; 0; 0; 233; 0; 0; 0; 0; 0; 0; 0; 9999
1987;07; 0; 0; 0; 0; 0; 0; 0; 0; 247; 0; 0; 0; 0; 0; 0; 0; 0; 0; 0; 0; 0; 0; 0; 0; 0; 0; 0; 0; 0; 0; 0
1987;08; 0; 0; 0; 0; 0; 0; 0; 0; 0; 95; 0; 0; 0; 0; 0; 0; 0; 0; 0; 0; 0; 0; 0; 0; 0; 0; 0; 0; 0; 0; 59
1987;09; 0; 0; 0; 0; 0; 55; 0; 0; 0; 0; 16; 0; 0; 0; 0; 0; 19; 55; 0; 0; 34; 158; 0; 0; 0; 0; 0; 39; 0; 0; 9999
1987;10; 0; 65; 0; 0; 0; 201; 0; 0; 0; 0; 0; 0; 0; 0; 0; 0; 0; 0; 118; 205; 0; 62; 13; 0; 71; 176; 0; 0; 28; 0; 0
1987;11; 0; 0; 0; 0; 0; 39; 0; 0; 0; 0; 0; 0; 0; 116; 126; 195; 0; 0; 0; 0; 0; 32; 0; 0; 77; 25; 0; 0; 0; 0; 9999
1987;12; 0; 0; 615; 56; 182; 0; 0; 0; 0; 0; 0; 35; 0; 0; 0; 0; 0; 402; 654; 0; 0; 0; 2; 0; 0; 0; 0; 0; 0; 120; 64
1988;01; 1; 0; 0; 0; 52; 0; 0; 0; 136; 151; 50; 39; 0; 0; 0; 0; 0; 0; 0; 11; 0; 0; 0; 11; 0; 1; 201; 0; 53; 0; 0
1988;02; 159; 0; 0; 0; 0; 0; 0; 86; 0; 179; 102; 0; 0; 119; 89; 51; 103; 54; 0; 0; 189; 0; 0; 0; 0; 35; 239; 0; 0; 9999; 9999
1988;03; 198; 189; 187; 6; 0; 0; 0; 0; 0; 0; 0; 0; 0; 0; 0; 0; 365; 367; 423; 0; 0; 0; 0; 0; 0; 0; 0; 0; 15; 0; 0
1988;04; 0; 0; 0; 0; 0; 0; 0; 103; 23; 0; 0; 0; 31; 115; 0; 0; 98; 0; 252; 141; 0; 0; 0; 0; 5; 0; 0; 0; 0; 0; 9999
1988;05; 0; 0; 0; 6; 45; 13; 29; 0; 235; 0; 0; 0; 35; 0; 0; 222; 234; 123; 57; 0; 235; 158; 151; 201; 11; 0; 0; 0; 154; 423; 78
1988;06; 0; 0; 0; 0; 0; 0; 0; 0; 0; 0; 0; 0; 0; 0; 210; 0; 0; 0; 0; 0; 0; 0; 0; 0; 0; 0; 0; 0; 0; 0; 9999
1988;07; 0; 0; 0; 0; 0; 0; 0; 0; 0; 0; 0; 0; 0; 0; 0; 0; 0; 0; 0; 0; 0; 0; 0; 0; 0; 0; 0; 0; 0; 0; 0
1988;08; 0; 0; 0; 0; 0; 0; 0; 0; 0; 0; 0; 0; 0; 0; 0; 0; 0; 0; 0; 0; 0; 0; 0; 0; 0; 0; 0; 0; 0; 0; 0
1988;09; 0; 0; 0; 0; 0; 0; 0; 0; 0; 0; 0; 0; 0; 145; 0; 4; 52; 132; 0; 0; 0; 0; 0; 0; 0; 0; 0; 0; 0; 0; 9999
1988;10; 0; 0; 0; 0; 0; 0; 0; 0; 0; 0; 0; 98; 45; 0; 0; 0; 7; 0; 0; 23; 0; 14; 42; 36; 0; 0; 41; 0; 0; 0; 38
1988;11; 168; 4; 0; 0; 0; 0; 0; 58; 0; 0; 0; 0; 0; 0; 0; 0; 0; 0; 0; 514; 0; 113; 13; 0; 0; 0; 0; 0; 0; 0; 9999
1988;12; 0; 158; 22; 0; 0; 0; 0; 0; 0; 0; 0; 0; 43; 68; 0; 0; 0; 0; 0; 0; 533; 0; 0; 166; 226; 208; 0; 67; 0; 28; 0
1989;01; 25; 867; 0; 472; 62; 272; 152; 98; 518; 33; 23; 301; 0; 0; 99; 133; 53; 0; 102; 0; 233; 165; 142; 12; 4; 0; 0; 0; 0; 0; 35
1989;02; 0; 0; 128; 0; 0; 0; 0; 0; 0; 25; 389; 256; 0; 0; 3; 0; 0; 0; 0; 323; 0; 0; 174; 0; 37; 0; 0; 0; 9999; 9999; 9999
1989;03; 273; 0; 0; 0; 0; 0; 0; 0; 0; 0; 0; 0; 279; 288; 7; 0; 0; 308; 0; 0; 0; 0; 0; 0; 0; 156; 100; 0; 100; 0; 0
1989;04; 0; 0; 346; 0; 0; 0; 0; 0; 0; 0; 0; 238; 0; 0; 0; 0; 0; 0; 0; 0; 0; 0; 0; 0; 0; 0; 0; 65; 0; 0; 9999
1989;05; 0; 0; 0; 0; 0; 0; 0; 0; 0; 0; 0; 0; 0; 0; 0; 0; 0; 0; 0; 0; 0; 0; 0; 0; 0; 0; 0; 0; 0; 0; 0
1989;06; 0; 0; 308; 0; 0; 0; 0; 0; 0; 0; 0; 106; 0; 0; 84; 0; 0; 0; 0; 0; 0; 0; 0; 0; 0; 82; 0; 0; 0; 0; 9999
1989;07; 0; 0; 0; 0; 0; 0; 0; 0; 0; 0; 0; 0; 0; 0; 0; 0; 0; 0; 0; 0; 0; 0; 50; 0; 0; 0; 502; 0; 0; 0; 0
1989;08; 0; 990; 81; 0; 0; 0; 0; 0; 0; 0; 0; 0; 0; 0; 0; 0; 0; 0; 0; 0; 0; 106; 62; 0; 0; 0; 162; 0; 0; 0; 0
1989;09; 0; 109; 0; 0; 0; 9; 0; 0; 0; 495; 0; 0; 168; 40; 0; 0; 0; 0; 0; 0; 0; 0; 0; 0; 184; 6; 0; 0; 0; 0; 9999
1989;10; 0; 0; 0; 150; 0; 0; 0; 0; 0; 0; 0; 0; 0; 0; 0; 62; 0; 0; 0; 0; 0; 0; 0; 0; 0; 0; 441; 8; 0; 0; 0
1989;11; 0; 0; 0; 193; 0; 0; 0; 0; 0; 0; 11; 135; 195; 0; 0; 0; 0; 0; 0; 0; 186; 81; 0; 503; 0; 0; 0; 82; 0; 0; 9999
1989;12; 0; 0; 0; 0; 0; 0; 0; 0; 0; 0; 22; 81; 0; 0; 0; 0; 0; 0; 102; 4; 0; 0; 0; 0; 0; 0; 195; 391; 382; 163; 84
1990;01; 116; 145; 290; 0; 114; 62; 0; 178; 5; 560; 140; 400; 0; 0; 0; 253; 35; 0; 0; 0; 0; 234; 73; 144; 0; 213; 0; 0; 0; 0; 0
1990;02; 0; 300; 0; 0; 0; 0; 255; 0; 0; 0; 0; 0; 0; 0; 170; 101; 0; 0; 0; 0; 153; 0; 20; 41; 115; 4; 0; 0; 9999; 9999; 9999
1990;03; 0; 0; 284; 0; 0; 96; 52; 0; 0; 0; 0; 9999; 9999; 9999; 9999; 0; 5; 90; 0; 0; 0; 0; 0; 0; 0; 98; 0; 0; 209; 0; 0
1990;04; 0; 0; 0; 0; 0; 0; 62; 0; 0; 0; 0; 0; 0; 0; 0; 0; 0; 0; 180; 0; 0; 0; 0; 0; 0; 0; 0; 0; 0; 3; 9999
1990;05; 102; 0; 0; 0; 0; 0; 0; 0; 0; 0; 0; 0; 0; 0; 2; 139; 0; 12; 74; 0; 0; 1; 0; 2; 0; 0; 0; 0; 0; 0; 0
1990;06; 0; 0; 0; 0; 0; 0; 141; 0; 0; 0; 0; 0; 0; 0; 104; 0; 0; 0; 0; 0; 64; 0; 0; 0; 0; 0; 0; 2; 0; 0; 9999
1990;07; 0; 0; 0; 0; 11; 0; 146; 0; 0; 29; 0; 0; 0; 0; 0; 3; 270; 208; 131; 64; 30; 63; 0; 100; 0; 62; 0; 0; 0; 0; 0
1990;08; 0; 0; 0; 0; 0; 0; 0; 0; 0; 0; 0; 0; 0; 0; 0; 102; 1; 0; 30; 173; 0; 0; 0; 0; 0; 0; 0; 91; 0; 0; 0
1990;09; 100; 0; 0; 0; 45; 0; 0; 0; 0; 0; 0; 0; 180; 216; 0; 0; 0; 0; 0; 0; 65; 0; 0; 4; 0; 0; 0; 0; 0; 14; 9999
1990;10; 16; 0; 0; 0; 0; 0; 0; 0; 0; 0; 0; 0; 121; 60; 210; 130; 160; 3; 182; 104; 0; 0; 0; 0; 2; 0; 0; 10; 0; 0; 0
1990;11; 0; 0; 0; 2; 38; 50; 0; 548; 185; 0; 0; 0; 0; 0; 0; 0; 0; 0; 42; 1; 0; 0; 0; 0; 0; 0; 0; 0; 0; 0; 9999
1990;12; 0; 0; 0; 0; 0; 19; 0; 0; 0; 158; 4; 3; 0; 0; 0; 0; 0; 0; 42; 0; 100; 0; 0; 0; 0; 0; 0; 0; 0; 0; 0
1991;01; 0; 4; 0; 80; 103; 0; 0; 0; 0; 0; 349; 295; 0; 0; 62; 207; 258; 0; 0; 0; 0; 0; 21; 0; 0; 213; 184; 317; 59; 5; 0
1991;02; 66; 475; 0; 0; 67; 29; 131; 412; 501; 515; 0; 32; 51; 0; 0; 0; 0; 103; 82; 0; 0; 0; 145; 0; 0; 0; 0; 0; 9999; 9999; 9999
1991;03; 119; 0; 111; 93; 206; 190; 210; 178; 0; 0; 0; 57; 91; 76; 0; 0; 48; 0; 0; 123; 0; 0; 81; 0; 0; 210; 0; 0; 0; 0; 0
1991;04; 101; 0; 0; 0; 0; 0; 0; 20; 0; 0; 0; 80; 0; 0; 0; 0; 0; 0; 0; 0; 20; 1; 0; 0; 0; 0; 0; 0; 0; 0; 9999
1991;05; 0; 0; 0; 0; 0; 0; 0; 64; 0; 0; 0; 0; 0; 0; 0; 0; 0; 0; 0; 0; 0; 0; 0; 0; 0; 0; 0; 0; 0; 0; 0
1991;06; 0; 0; 0; 0; 0; 0; 0; 0; 0; 0; 0; 0; 0; 0; 0; 0; 0; 0; 0; 0; 101; 94; 32; 0; 0; 0; 0; 0; 0; 0; 9999
1991;07; 0; 2; 0; 0; 0; 3; 0; 0; 9999; 9999; 9999; 9999; 9999; 9999; 9999; 9999; 9999; 9999; 9999; 9999; 9999; 9999; 9999; 9999; 9999; 0; 0; 0; 0; 0; 0
1991;08; 0; 0; 0; 0; 0; 0; 0; 85; 16; 4; 0; 0; 0; 0; 0; 0; 0; 0; 0; 0; 0; 0; 0; 0; 0; 0; 0; 0; 0; 0; 0
1991;09; 0; 0; 0; 0; 0; 0; 0; 0; 0; 0; 0; 0; 0; 0; 0; 0; 0; 0; 100; 73; 0; 0; 0; 0; 0; 143; 0; 0; 0; 180; 9999
1991;10; 250; 301; 480; 60; 20; 0; 213; 0; 100; 144; 0; 0; 0; 0; 0; 0; 40; 0; 0; 0; 0; 0; 0; 0; 0; 0; 0; 0; 0; 0; 0
1991;11; 0; 0; 0; 0; 0; 0; 0; 0; 0; 0; 0; 0; 0; 0; 60; 0; 0; 0; 0; 0; 0; 0; 0; 0; 0; 0; 0; 0; 0; 0; 9999
1991;12; 41; 10; 0; 0; 0; 0; 100; 62; 0; 186; 1312; 9999; 9999; 9999; 9999; 9999; 9999; 9999; 9999; 9999; 9999; 9999; 9999; 9999; 9999; 9999; 9999; 9999; 9999; 9999; 9999
1992;01; 0; 0; 0; 0; 67; 0; 80; 12; 0; 0; 0; 83; 60; 0; 1; 0; 0; 0; 43; 68; 10; 0; 0; 0; 0; 0; 0; 0; 101; 202; 20
1992;02; 62; 0; 0; 0; 31; 42; 0; 0; 53; 352; 84; 0; 0; 0; 0; 0; 0; 9999; 9999; 9999; 9999; 9999; 9999; 9999; 9999; 9999; 9999; 9999; 9999; 9999; 9999
1992;03; 9999; 9999; 9999; 9999; 9999; 9999; 9999; 9999; 9999; 9999; 9999; 9999; 9999; 9999; 9999; 9999; 9999; 0; 0; 0; 21; 0; 0; 81; 43; 0; 0; 0; 33; 0; 0
1992;04; 126; 184; 0; 353; 204; 81; 44; 18; 20; 0; 10; 0; 0; 0; 53; 0; 0; 18; 0; 48; 0; 0; 89; 18; 47; 189; 17; 0; 0; 0; 9999
1992;05; 42; 0; 205; 304; 0; 70; 0; 0; 0; 0; 0; 0; 0; 0; 0; 0; 0; 0; 0; 0; 0; 0; 0; 0; 0; 0; 0; 0; 0; 0; 0
1992;06; 0; 0; 0; 0; 0; 0; 0; 0; 0; 0; 0; 0; 0; 0; 0; 0; 0; 0; 0; 0; 0; 0; 0; 0; 0; 0; 0; 0; 0; 0; 9999
1992;07; 0; 0; 30; 0; 0; 0; 98; 90; 50; 0; 0; 0; 0; 0; 0; 0; 0; 0; 0; 0; 0; 0; 0; 0; 0; 0; 0; 0; 0; 0; 0
1992;08; 0; 0; 0; 0; 0; 0; 0; 0; 0; 0; 0; 0; 0; 20; 0; 0; 0; 0; 0; 0; 0; 45; 110; 0; 0; 0; 0; 0; 0; 0; 0
1992;09; 52; 30; 3; 0; 0; 0; 82; 0; 0; 0; 190; 70; 0; 0; 210; 251; 0; 0; 0; 0; 0; 0; 0; 0; 0; 93; 4; 0; 0; 0; 9999
1992;10; 0; 64; 62; 65; 0; 0; 32; 1; 0; 0; 0; 26; 200; 0; 0; 0; 99; 311; 0; 0; 0; 0; 0; 0; 0; 0; 0; 0; 173; 128; 0
1992;11; 0; 0; 252; 0; 0; 0; 0; 0; 154; 95; 0; 0; 0; 0; 0; 0; 191; 0; 0; 0; 53; 0; 0; 0; 218; 62; 0; 0; 0; 0; 9999
1992;12; 175; 0; 0; 0; 0; 71; 0; 0; 112; 191; 178; 0; 0; 0; 0; 0; 0; 112; 173; 0; 0; 0; 0; 0; 0; 0; 0; 0; 0; 0; 0
1993;01; 0; 0; 0; 0; 0; 216; 0; 441; 133; 161; 132; 374; 211; 21; 11; 0; 0; 0; 171; 0; 0; 0; 0; 0; 237; 97; 0; 0; 0; 0; 0
1993;02; 127; 0; 68; 8; 3; 134; 82; 63; 138; 23; 91; 121; 132; 86; 0; 143; 124; 0; 53; 58; 89; 138; 215; 0; 0; 0; 0; 0; 9999; 9999; 9999
1993;03; 0; 0; 0; 42; 0; 0; 0; 0; 0; 0; 0; 0; 0; 0; 0; 0; 0; 0; 352; 0; 0; 0; 0; 0; 138; 0; 0; 0; 161; 0; 0
1993;04; 0; 31; 0; 0; 0; 0; 0; 0; 0; 0; 0; 0; 0; 0; 0; 0; 0; 0; 0; 0; 0; 0; 0; 0; 0; 0; 0; 0; 0; 0; 9999
1993;05; 0; 0; 0; 0; 41; 0; 0; 0; 0; 0; 0; 0; 195; 218; 0; 0; 0; 2; 0; 0; 0; 0; 0; 0; 0; 0; 0; 0; 68; 0; 691
1993;06; 0; 0; 2; 0; 41; 0; 0; 0; 0; 0; 210; 161; 0; 0; 0; 0; 0; 0; 0; 0; 0; 0; 182; 134; 0; 0; 0; 0; 0; 0; 9999
1993;07; 0; 0; 0; 10; 0; 0; 0; 0; 0; 0; 0; 0; 0; 0; 0; 0; 0; 0; 0; 0; 0; 0; 0; 91; 62; 0; 0; 0; 0; 0; 0
1993;08; 0; 0; 0; 0; 0; 0; 0; 0; 0; 0; 0; 0; 0; 0; 0; 0; 0; 0; 0; 0; 0; 193; 293; 0; 0; 0; 0; 21; 0; 0; 0
1993;09; 0; 0; 0; 0; 0; 0; 0; 191; 31; 41; 0; 13; 41; 0; 121; 0; 0; 0; 0; 0; 63; 191; 239; 168; 92; 131; 0; 31; 0; 41; 9999
1993;10; 112; 81; 0; 0; 101; 93; 0; 0; 0; 0; 0; 0; 0; 0; 0; 0; 0; 0; 0; 0; 0; 0; 335; 0; 0; 0; 282; 0; 0; 0; 0
1993;11; 0; 0; 0; 0; 0; 196; 0; 0; 0; 0; 0; 0; 0; 0; 126; 0; 0; 0; 0; 0; 0; 0; 0; 0; 0; 0; 172; 98; 0; 0; 9999
1993;12; 0; 0; 0; 0; 0; 0; 0; 0; 128; 0; 31; 0; 0; 0; 0; 124; 21; 0; 0; 0; 0; 0; 0; 211; 83; 14; 32; 79; 61; 155; 0
1994;01; 0; 0; 12; 0; 34; 0; 129; 53; 321; 0; 74; 0; 0; 0; 0; 0; 0; 0; 91; 0; 23; 0; 41; 32; 11; 23; 216; 112; 91; 0; 0
1994;02; 0; 0; 0; 31; 118; 71; 0; 201; 0; 0; 193; 0; 72; 221; 0; 0; 13; 151; 172; 0; 0; 0; 0; 0; 0; 0; 0; 0; 9999; 9999; 9999
1994;03; 0; 0; 0; 32; 0; 0; 42; 104; 319; 0; 392; 0; 0; 0; 0; 0; 0; 0; 0; 183; 0; 145; 0; 0; 462; 0; 0; 0; 0; 0; 32
1994;04; 0; 131; 0; 0; 0; 0; 0; 259; 0; 0; 0; 0; 0; 0; 198; 0; 0; 0; 0; 0; 218; 0; 0; 0; 0; 0; 0; 0; 0; 0; 9999
1994;05; 0; 0; 0; 0; 0; 32; 91; 0; 0; 0; 0; 0; 0; 0; 0; 0; 0; 0; 0; 0; 0; 0; 43; 6; 0; 0; 0; 0; 0; 0; 0
1994;06; 0; 0; 0; 0; 0; 0; 0; 0; 0; 0; 0; 0; 0; 0; 0; 0; 0; 0; 0; 0; 0; 0; 0; 0; 0; 0; 0; 63; 42; 0; 9999
1994;07; 0; 0; 0; 0; 0; 0; 0; 0; 0; 0; 0; 0; 0; 0; 0; 0; 0; 0; 0; 0; 0; 0; 91; 0; 0; 0; 0; 0; 0; 0; 0
1994;08; 0; 0; 0; 0; 0; 0; 0; 0; 0; 0; 0; 0; 0; 0; 0; 0; 0; 0; 0; 0; 0; 0; 0; 0; 0; 0; 0; 0; 0; 0; 0
1994;09; 0; 0; 0; 0; 0; 0; 0; 0; 0; 0; 0; 0; 0; 0; 31; 0; 0; 0; 0; 0; 0; 0; 0; 0; 0; 0; 0; 0; 0; 10; 9999
1994;10; 0; 0; 0; 0; 0; 0; 0; 0; 0; 0; 0; 0; 0; 0; 0; 0; 4; 90; 0; 0; 0; 168; 96; 238; 106; 94; 82; 0; 117; 91; 0
1994;11; 131; 0; 0; 21; 0; 115; 0; 0; 0; 0; 0; 0; 64; 82; 0; 0; 193; 298; 0; 0; 0; 0; 0; 0; 0; 173; 131; 0; 0; 0; 9999
1994;12; 0; 0; 42; 0; 0; 210; 198; 16; 0; 0; 0; 0; 114; 0; 0; 0; 0; 0; 0; 0; 149; 0; 0; 0; 0; 0; 0; 0; 0; 131; 196
1995;01; 63; 91; 49; 96; 124; 57; 32; 21; 75; 39; 138; 171; 116; 171; 0; 0; 112; 97; 0; 0; 0; 0; 0; 0; 181; 273; 398; 134; 0; 96; 4
1995;02; 81; 4; 42; 69; 213; 197; 385; 136; 114; 4; 62; 131; 198; 111; 137; 196; 232; 8; 315; 216; 191; 0; 0; 0; 0; 0; 0; 0; 9999; 9999; 9999
1995;03; 0; 0; 0; 53; 44; 0; 0; 0; 0; 307; 18; 0; 0; 31; 88; 0; 0; 0; 0; 0; 0; 0; 0; 127; 242; 0; 0; 0; 0; 331; 166
1995;04; 4; 126; 3; 0; 0; 0; 0; 0; 0; 163; 0; 48; 0; 0; 0; 0; 0; 0; 0; 277; 0; 0; 0; 0; 0; 0; 0; 0; 0; 0; 9999
1995;05; 0; 0; 83; 0; 0; 102; 424; 35; 0; 141; 0; 0; 0; 0; 0; 0; 76; 0; 0; 0; 21; 0; 0; 0; 0; 0; 0; 0; 0; 0; 0
1995;06; 1; 0; 2; 0; 1; 0; 0; 0; 0; 0; 0; 0; 0; 0; 0; 0; 0; 117; 0; 0; 0; 0; 0; 0; 281; 0; 0; 0; 0; 0; 9999
1995;07; 67; 0; 0; 0; 0; 0; 0; 0; 32; 261; 0; 0; 0; 0; 0; 0; 0; 0; 0; 113; 185; 0; 0; 0; 0; 0; 0; 0; 0; 0; 0
1995;08; 0; 0; 0; 0; 0; 60; 0; 0; 0; 0; 0; 0; 0; 0; 0; 0; 0; 0; 0; 0; 0; 0; 0; 0; 0; 0; 0; 0; 0; 0; 0
1995;09; 0; 0; 0; 0; 0; 0; 0; 0; 0; 0; 0; 0; 0; 0; 0; 0; 0; 17; 24; 0; 0; 59; 91; 72; 0; 0; 12; 196; 0; 0; 9999
1995;10; 0; 0; 0; 0; 31; 0; 0; 0; 0; 0; 0; 0; 0; 384; 93; 0; 137; 0; 211; 329; 0; 0; 0; 0; 0; 0; 0; 0; 53; 0; 0
1995;11; 0; 58; 0; 0; 0; 0; 0; 0; 11; 0; 0; 0; 0; 183; 21; 0; 0; 0; 0; 0; 0; 0; 0; 0; 0; 0; 324; 0; 0; 0; 9999
1995;12; 0; 0; 0; 0; 0; 0; 0; 0; 0; 0; 0; 0; 291; 45; 0; 0; 0; 0; 0; 0; 0; 78; 94; 112; 0; 0; 0; 0; 21; 0; 0
1996;01; 0; 439; 213; 276; 214; 71; 415; 201; 488; 0; 210; 175; 0; 0; 86; 0; 0; 71; 63; 0; 0; 0; 0; 0; 0; 0; 291; 0; 0; 0; 0
1996;02; 0; 0; 0; 0; 34; 126; 9999; 9999; 9999; 9999; 9999; 9999; 9999; 9999; 9999; 9999; 9999; 9999; 9999; 9999; 9999; 9999; 9999; 9999; 9999; 9999; 9999; 9999; 9999; 9999; 9999
1996;03; 9999; 9999; 9999; 9999; 9999; 9999; 9999; 9999; 9999; 9999; 9999; 9999; 9999; 9999; 9999; 9999; 9999; 9999; 9999; 9999; 0; 0; 0; 0; 0; 0; 0; 92; 0; 0; 0
1996;04; 16; 20; 0; 0; 0; 0; 0; 0; 0; 0; 19; 8; 31; 0; 0; 0; 93; 0; 0; 0; 0; 0; 0; 0; 0; 0; 0; 0; 0; 0; 9999
1996;05; 0; 0; 0; 0; 0; 0; 0; 0; 0; 2; 0; 0; 0; 0; 29; 0; 2; 0; 2; 0; 0; 5; 2; 0; 0; 0; 0; 0; 0; 0; 0
1996;06; 0; 33; 0; 0; 0; 263; 0; 1; 0; 0; 0; 0; 0; 0; 0; 0; 0; 0; 0; 0; 0; 0; 0; 0; 0; 0; 0; 0; 30; 100; 9999
1996;07; 0; 0; 34; 0; 0; 0; 0; 0; 74; 4; 0; 0; 0; 0; 0; 0; 0; 0; 0; 0; 0; 0; 0; 0; 0; 0; 0; 0; 0; 0; 0
1996;08; 0; 0; 0; 0; 0; 0; 0; 0; 0; 37; 4; 0; 0; 0; 407; 0; 0; 0; 0; 0; 0; 0; 0; 0; 0; 0; 0; 0; 0; 0; 0
1996;09; 46; 0; 0; 0; 0; 0; 0; 0; 312; 471; 367; 0; 0; 0; 0; 0; 0; 0; 0; 0; 0; 0; 71; 0; 0; 0; 0; 30; 0; 0; 9999
1996;10; 0; 0; 35; 7; 2; 0; 556; 0; 0; 0; 157; 0; 0; 128; 0; 0; 0; 0; 0; 293; 14; 0; 0; 0; 0; 27; 0; 0; 0; 0; 0
1996;11; 0; 47; 100; 56; 0; 0; 0; 0; 0; 0; 0; 0; 0; 97; 100; 40; 0; 0; 0; 60; 31; 0; 0; 0; 0; 0; 0; 0; 0; 0; 9999
1996;12; 0; 200; 145; 242; 49; 53; 71; 0; 0; 0; 0; 0; 100; 145; 200; 0; 0; 0; 0; 221; 280; 185; 0; 0; 0; 0; 0; 0; 300; 281; 0
1997;01; 0; 0; 0; 0; 0; 0; 0; 0; 180; 100; 200; 100; 182; 213; 0; 236; 0; 0; 41; 47; 300; 911; 334; 200; 500; 100; 70; 192; 0; 0; 0
1997;02; 0; 167; 0; 0; 0; 0; 0; 0; 0; 0; 0; 0; 0; 0; 0; 400; 300; 262; 142; 0; 0; 0; 67; 0; 0; 0; 0; 0; 9999; 9999; 9999
1997;03; 0; 0; 0; 0; 0; 187; 0; 0; 0; 0; 0; 0; 0; 0; 0; 128; 0; 0; 0; 0; 0; 0; 0; 0; 0; 0; 0; 0; 0; 0; 0
1997;04; 189; 0; 0; 0; 0; 0; 0; 0; 0; 0; 0; 0; 0; 0; 0; 0; 175; 0; 0; 0; 0; 0; 0; 0; 0; 0; 0; 0; 162; 131; 9999
1997;05; 0; 0; 0; 0; 0; 0; 0; 0; 0; 0; 0; 0; 0; 0; 0; 0; 0; 0; 0; 0; 0; 0; 100; 123; 375; 0; 0; 129; 111; 0; 0
1997;06; 0; 21; 0; 0; 565; 0; 0; 0; 0; 0; 0; 0; 0; 100; 166; 0; 0; 0; 46; 28; 0; 0; 0; 0; 0; 0; 0; 36; 98; 0; 9999
1997;07; 0; 0; 0; 0; 0; 0; 0; 0; 0; 0; 0; 0; 0; 0; 0; 0; 0; 71; 68; 0; 0; 0; 0; 0; 0; 0; 0; 0; 0; 0; 0
1997;08; 0; 0; 0; 3; 0; 0; 0; 0; 0; 0; 0; 0; 0; 0; 0; 0; 0; 0; 0; 0; 0; 0; 359; 0; 0; 0; 0; 0; 0; 0; 0
1997;09; 0; 0; 0; 0; 0; 0; 0; 0; 0; 0; 0; 0; 18; 73; 300; 0; 0; 0; 0; 200; 0; 0; 0; 0; 282; 0; 0; 0; 0; 122; 9999
1997;10; 0; 0; 0; 0; 0; 123; 0; 0; 0; 62; 0; 0; 36; 0; 0; 0; 0; 0; 0; 2; 181; 0; 0; 0; 0; 0; 0; 0; 0; 0; 0
1997;11; 83; 0; 92; 0; 0; 0; 0; 0; 0; 0; 0; 178; 0; 81; 205; 0; 465; 0; 0; 0; 315; 0; 0; 425; 205; 14; 110; 119; 10; 0; 9999
1997;12; 128; 111; 134; 0; 0; 0; 0; 0; 0; 0; 0; 0; 0; 0; 505; 0; 0; 0; 0; 0; 0; 0; 0; 0; 0; 0; 0; 0; 0; 0; 0
