33
Ano,Mes,1,2,3,4,5,6,7,8,9,10,11,12,13,14,15,16,17,18,19,20,21,22,23,24,25,26,27,28,29,30,31
1966;06; 0; 0; 0; 0; 0; 0; 0; 0; 0; 0; 0; 0; 0; 0; 0; 1; 0; 0; 1; 0; 0; 0; 0; 8; 0; 0; 0; 0; 0; 0; 9999
1966;07; 0; 0; 0; 0; 1; 0; 0; 0; 0; 0; 0; 0; 0; 0; 20; 0; 0; 0; 0; 0; 0; 0; 43; 0; 0; 0; 0; 0; 0; 0; 100
1966;08; 100; 0; 0; 0; 0; 0; 0; 0; 0; 25; 0; 0; 0; 0; 0; 45; 0; 0; 0; 0; 0; 0; 0; 0; 78; 0; 0; 0; 0; 0; 0
1966;09; 300; 89; 63; 155; 30; 0; 0; 0; 0; 0; 0; 0; 0; 0; 0; 2; 38; 0; 0; 70; 2; 0; 0; 0; 0; 0; 0; 0; 278; 2; 9999
1966;10; 0; 0; 0; 0; 0; 0; 0; 147; 35; 0; 0; 0; 0; 0; 0; 0; 0; 0; 0; 0; 0; 0; 27; 7; 0; 0; 0; 434; 70; 15; 8
1966;11; 14; 27; 0; 0; 0; 0; 0; 0; 0; 51; 0; 0; 424; 25; 0; 0; 0; 0; 0; 0; 0; 0; 0; 0; 0; 0; 0; 0; 0; 0; 9999
1966;12; 22; 64; 42; 0; 74; 2; 140; 0; 0; 38; 0; 2; 576; 130; 33; 158; 44; 0; 148; 400; 268; 304; 44; 0; 0; 0; 14; 0; 0; 10; 0
1967;01; 0; 0; 123; 26; 60; 23; 168; 0; 27; 0; 23; 427; 67; 73; 4; 179; 0; 0; 14; 63; 139; 357; 0; 0; 0; 0; 12; 0; 0; 0; 489
1967;02; 31; 0; 299; 53; 0; 71; 6; 0; 41; 35; 28; 0; 297; 0; 0; 39; 90; 0; 0; 45; 0; 23; 0; 0; 78; 0; 0; 0; 9999; 9999; 9999
1967;03; 0; 0; 0; 80; 0; 436; 0; 247; 10; 96; 200; 0; 8; 123; 110; 0; 0; 87; 28; 0; 0; 0; 0; 0; 0; 0; 0; 0; 0; 0; 0
1967;04; 0; 0; 0; 0; 0; 0; 0; 0; 0; 0; 0; 0; 0; 0; 0; 0; 0; 0; 0; 0; 0; 134; 0; 0; 0; 0; 0; 88; 0; 0; 9999
1967;05; 0; 0; 0; 34; 0; 0; 0; 0; 0; 0; 0; 0; 0; 0; 0; 0; 0; 0; 0; 0; 0; 0; 0; 0; 0; 0; 0; 0; 0; 0; 0
1967;06; 0; 0; 1; 0; 15; 355; 201; 0; 0; 0; 182; 188; 258; 25; 0; 0; 0; 0; 0; 0; 0; 0; 0; 0; 0; 0; 0; 0; 0; 0; 9999
1967;07; 0; 0; 0; 0; 145; 0; 0; 0; 0; 0; 8; 0; 23; 17; 75; 0; 0; 0; 0; 0; 60; 23; 0; 0; 0; 0; 0; 0; 0; 0; 0
1967;08; 0; 0; 0; 0; 0; 0; 0; 0; 0; 0; 0; 0; 0; 0; 0; 0; 0; 0; 0; 0; 0; 0; 0; 0; 0; 0; 0; 0; 0; 0; 0
1967;09; 0; 0; 0; 0; 0; 0; 0; 78; 247; 0; 35; 40; 317; 0; 0; 0; 0; 0; 0; 0; 105; 0; 0; 0; 0; 0; 0; 0; 0; 0; 9999
1967;10; 0; 0; 0; 0; 0; 0; 0; 0; 0; 0; 0; 20; 0; 200; 0; 0; 0; 0; 187; 15; 206; 187; 0; 25; 120; 389; 0; 23; 0; 0; 0
1967;11; 0; 0; 67; 0; 0; 0; 0; 0; 0; 0; 0; 83; 136; 677; 0; 23; 698; 57; 20; 0; 0; 0; 200; 64; 0; 0; 10; 0; 0; 0; 9999
1967;12; 0; 0; 227; 72; 0; 0; 0; 0; 32; 25; 0; 0; 0; 266; 0; 0; 23; 359; 0; 88; 102; 323; 26; 0; 0; 32; 0; 0; 0; 0; 0
1968;01; 0; 0; 173; 0; 0; 0; 0; 0; 0; 0; 66; 47; 954; 0; 0; 181; 23; 602; 52; 0; 0; 281; 0; 279; 0; 0; 0; 0; 0; 0; 0
1968;02; 0; 0; 0; 0; 0; 0; 0; 0; 0; 0; 0; 0; 0; 82; 98; 0; 0; 0; 0; 0; 0; 0; 0; 0; 0; 0; 0; 0; 0; 9999; 9999
1968;03; 0; 0; 0; 0; 7; 0; 0; 0; 355; 0; 0; 392; 0; 98; 0; 173; 0; 0; 0; 0; 0; 0; 0; 0; 0; 12; 0; 0; 0; 0; 0
1968;04; 24; 0; 0; 0; 0; 0; 0; 0; 0; 0; 0; 0; 0; 0; 0; 0; 0; 0; 0; 395; 122; 0; 0; 0; 0; 0; 0; 0; 0; 0; 9999
1968;05; 0; 0; 0; 0; 0; 0; 0; 0; 0; 35; 0; 0; 0; 0; 123; 464; 0; 2; 0; 0; 0; 0; 0; 0; 0; 0; 0; 0; 0; 0; 0
1968;06; 0; 0; 0; 0; 0; 0; 0; 0; 0; 0; 0; 0; 0; 0; 0; 0; 0; 0; 0; 75; 246; 0; 0; 0; 0; 0; 0; 0; 0; 0; 9999
1968;07; 0; 0; 0; 0; 0; 0; 0; 0; 0; 0; 0; 0; 0; 0; 0; 0; 0; 0; 0; 0; 23; 20; 0; 0; 0; 0; 0; 0; 0; 0; 0
1968;08; 0; 0; 0; 0; 0; 32; 0; 92; 266; 0; 0; 0; 0; 0; 0; 0; 0; 0; 0; 0; 0; 0; 0; 0; 0; 0; 0; 0; 0; 0; 136
1968;09; 0; 0; 0; 65; 0; 0; 0; 0; 0; 0; 0; 0; 0; 0; 0; 0; 0; 0; 0; 0; 70; 0; 0; 0; 0; 0; 0; 0; 0; 0; 9999
1968;10; 0; 0; 0; 0; 0; 0; 0; 0; 0; 0; 25; 0; 0; 0; 0; 0; 170; 50; 220; 0; 0; 35; 10; 160; 10; 0; 221; 0; 0; 0; 0
1968;11; 0; 0; 0; 5; 0; 0; 10; 0; 0; 0; 5; 0; 0; 0; 0; 0; 0; 15; 0; 0; 0; 0; 0; 0; 0; 0; 0; 0; 200; 210; 9999
1968;12; 122; 0; 16; 0; 413; 0; 0; 0; 0; 0; 0; 0; 0; 0; 55; 78; 0; 0; 0; 0; 0; 0; 35; 0; 107; 0; 20; 0; 255; 0; 0
1969;01; 0; 0; 0; 10; 0; 0; 30; 105; 0; 0; 40; 0; 0; 0; 0; 0; 0; 0; 170; 0; 0; 0; 0; 80; 0; 100; 65; 0; 766; 0; 0
1969;02; 0; 0; 110; 0; 0; 0; 0; 0; 180; 0; 0; 0; 0; 0; 0; 250; 310; 0; 0; 42; 14; 0; 0; 21; 0; 0; 0; 106; 9999; 9999; 9999
1969;03; 0; 0; 65; 0; 325; 0; 0; 0; 0; 20; 0; 0; 0; 0; 0; 0; 0; 0; 0; 0; 0; 0; 0; 0; 0; 0; 0; 152; 0; 3; 0
1969;04; 0; 30; 0; 0; 132; 62; 0; 0; 30; 0; 0; 110; 0; 0; 0; 0; 0; 0; 0; 0; 0; 0; 0; 0; 0; 0; 0; 0; 90; 0; 9999
1969;05; 0; 0; 0; 2; 0; 0; 0; 0; 0; 0; 0; 0; 0; 0; 0; 0; 0; 0; 0; 0; 0; 0; 0; 7; 0; 0; 0; 0; 0; 104; 10
1969;06; 0; 356; 0; 0; 0; 0; 0; 0; 0; 0; 0; 0; 0; 0; 0; 61; 0; 0; 0; 0; 0; 37; 0; 0; 0; 0; 0; 0; 0; 0; 9999
1969;07; 0; 0; 0; 0; 0; 0; 0; 0; 0; 0; 0; 0; 76; 0; 0; 0; 0; 0; 0; 0; 0; 0; 0; 0; 0; 0; 0; 0; 0; 0; 0
1969;08; 0; 0; 0; 0; 0; 0; 105; 0; 0; 0; 0; 0; 0; 0; 0; 0; 0; 0; 0; 0; 0; 0; 0; 0; 0; 0; 0; 0; 0; 0; 0
1969;09; 0; 0; 0; 0; 150; 0; 0; 0; 0; 0; 0; 0; 0; 0; 0; 0; 0; 0; 0; 143; 0; 0; 0; 0; 0; 0; 0; 0; 0; 206; 9999
1969;10; 194; 0; 40; 142; 140; 0; 241; 0; 0; 142; 0; 0; 0; 0; 0; 0; 80; 0; 0; 303; 0; 0; 284; 4; 0; 0; 0; 0; 0; 0; 204
1969;11; 0; 0; 0; 0; 0; 0; 2; 0; 203; 45; 0; 80; 0; 309; 243; 262; 40; 0; 323; 401; 28; 0; 0; 0; 0; 0; 0; 0; 55; 0; 9999
1969;12; 0; 0; 0; 0; 0; 0; 0; 0; 0; 0; 0; 36; 108; 15; 0; 0; 0; 0; 0; 0; 0; 0; 256; 284; 83; 0; 0; 0; 0; 0; 68
1970;01; 0; 0; 154; 111; 97; 272; 196; 283; 194; 0; 0; 0; 0; 0; 0; 227; 176; 38; 0; 0; 92; 0; 0; 0; 0; 0; 0; 0; 0; 0; 0
1970;02; 0; 0; 0; 0; 0; 0; 0; 121; 0; 0; 170; 88; 2; 136; 120; 22; 132; 69; 130; 165; 13; 433; 302; 0; 0; 0; 0; 0; 9999; 9999; 9999
1970;03; 0; 0; 26; 0; 0; 0; 0; 0; 0; 0; 0; 0; 513; 0; 0; 0; 0; 0; 0; 545; 0; 0; 0; 0; 58; 0; 0; 0; 0; 0; 0
1970;04; 44; 0; 321; 67; 180; 0; 0; 0; 0; 0; 0; 0; 0; 0; 0; 0; 0; 0; 0; 0; 0; 0; 0; 0; 0; 0; 0; 0; 0; 0; 9999
1970;05; 0; 0; 0; 0; 0; 0; 122; 188; 63; 76; 0; 0; 0; 0; 0; 0; 0; 0; 0; 0; 0; 0; 0; 0; 0; 0; 0; 0; 0; 0; 0
1970;06; 0; 0; 0; 0; 0; 0; 0; 0; 0; 0; 0; 0; 0; 0; 118; 0; 0; 0; 0; 34; 0; 0; 82; 101; 0; 0; 0; 0; 0; 0; 9999
1970;07; 0; 0; 0; 0; 0; 0; 0; 0; 0; 0; 98; 0; 25; 25; 0; 0; 0; 0; 0; 0; 0; 0; 0; 0; 0; 0; 0; 0; 0; 0; 0
1970;08; 0; 0; 0; 0; 0; 0; 0; 0; 0; 0; 0; 0; 0; 0; 0; 0; 0; 0; 0; 0; 0; 0; 0; 0; 0; 392; 155; 103; 23; 45; 176
1970;09; 0; 0; 0; 0; 0; 0; 0; 0; 0; 0; 184; 0; 0; 0; 0; 287; 0; 0; 0; 0; 0; 223; 0; 0; 0; 0; 0; 0; 198; 0; 9999
1970;10; 0; 0; 38; 63; 58; 0; 0; 0; 226; 0; 0; 0; 43; 0; 0; 0; 0; 0; 85; 92; 0; 0; 0; 0; 0; 0; 0; 0; 0; 0; 0
1970;11; 0; 0; 0; 0; 0; 0; 0; 152; 63; 0; 0; 0; 0; 0; 0; 0; 0; 0; 0; 0; 0; 186; 0; 0; 0; 0; 0; 0; 23; 244; 9999
1970;12; 0; 0; 0; 0; 0; 0; 0; 0; 0; 284; 104; 45; 0; 133; 0; 0; 0; 0; 0; 199; 203; 21; 0; 123; 25; 0; 0; 0; 20; 21; 13
1971;01; 70; 132; 33; 53; 21; 38; 265; 0; 0; 347; 0; 0; 0; 0; 0; 0; 0; 0; 0; 0; 0; 0; 0; 0; 0; 0; 0; 0; 0; 0; 0
1971;02; 0; 257; 32; 21; 0; 0; 0; 37; 196; 25; 225; 0; 0; 308; 0; 0; 0; 0; 0; 77; 0; 42; 0; 15; 0; 0; 0; 0; 9999; 9999; 9999
1971;03; 0; 0; 0; 0; 141; 300; 31; 0; 144; 0; 467; 81; 130; 0; 0; 0; 0; 0; 0; 0; 0; 0; 43; 0; 175; 42; 0; 17; 0; 0; 0
1971;04; 0; 0; 0; 0; 0; 0; 0; 0; 45; 83; 0; 0; 0; 0; 0; 117; 145; 0; 0; 0; 0; 203; 43; 129; 0; 0; 0; 0; 0; 0; 9999
1971;05; 0; 59; 0; 25; 162; 0; 0; 0; 146; 0; 0; 0; 0; 0; 0; 0; 0; 0; 0; 0; 0; 0; 0; 0; 34; 143; 0; 0; 0; 0; 0
1971;06; 0; 0; 0; 0; 0; 0; 24; 125; 0; 0; 0; 0; 0; 0; 25; 167; 14; 368; 229; 68; 21; 16; 0; 0; 0; 0; 0; 0; 0; 0; 9999
1971;07; 0; 0; 75; 97; 85; 35; 0; 0; 0; 0; 0; 0; 0; 0; 0; 0; 0; 0; 0; 0; 0; 0; 0; 0; 0; 0; 0; 0; 0; 123; 8
1971;08; 0; 0; 0; 0; 0; 0; 0; 0; 0; 0; 133; 0; 0; 0; 13; 0; 0; 0; 0; 0; 0; 0; 0; 0; 0; 0; 0; 0; 0; 0; 0
1971;09; 0; 0; 0; 0; 0; 98; 113; 0; 0; 0; 48; 63; 0; 0; 0; 0; 0; 0; 0; 0; 0; 0; 0; 95; 29; 0; 0; 0; 111; 0; 9999
1971;10; 135; 8; 0; 133; 38; 0; 108; 318; 0; 42; 0; 0; 0; 0; 0; 0; 0; 0; 0; 0; 0; 0; 0; 0; 188; 0; 0; 0; 0; 0; 0
1971;11; 0; 126; 0; 121; 0; 0; 0; 0; 0; 0; 0; 0; 0; 0; 0; 0; 0; 0; 112; 0; 0; 0; 13; 0; 3; 134; 52; 0; 0; 0; 9999
1971;12; 69; 57; 0; 47; 0; 0; 0; 0; 0; 0; 0; 0; 91; 306; 0; 0; 0; 0; 0; 146; 0; 0; 41; 0; 0; 0; 0; 489; 0; 0; 0
1972;01; 0; 0; 0; 419; 182; 89; 78; 98; 0; 0; 0; 0; 0; 0; 0; 72; 0; 0; 0; 0; 0; 211; 915; 60; 0; 0; 105; 67; 0; 138; 97
1972;02; 99; 0; 207; 0; 0; 0; 0; 0; 72; 99; 207; 209; 99; 75; 95; 80; 209; 0; 209; 200; 205; 0; 0; 0; 0; 0; 0; 0; 0; 9999; 9999
1972;03; 0; 0; 0; 0; 0; 0; 0; 0; 560; 0; 0; 0; 0; 0; 0; 0; 0; 0; 0; 0; 0; 0; 0; 0; 0; 320; 0; 0; 0; 403; 485
1972;04; 0; 0; 102; 156; 0; 0; 0; 0; 0; 0; 0; 0; 0; 0; 0; 0; 0; 0; 0; 0; 0; 0; 0; 0; 0; 0; 0; 0; 0; 0; 9999
1972;05; 0; 0; 0; 0; 0; 0; 0; 0; 153; 0; 0; 0; 0; 0; 0; 0; 0; 0; 0; 0; 0; 0; 96; 42; 334; 0; 0; 0; 0; 0; 0
1972;06; 0; 0; 0; 0; 0; 0; 0; 0; 0; 0; 0; 0; 0; 0; 0; 0; 0; 0; 141; 0; 0; 0; 0; 0; 0; 0; 0; 0; 0; 0; 9999
1972;07; 0; 0; 0; 0; 0; 0; 0; 289; 0; 0; 0; 114; 646; 0; 0; 0; 0; 0; 0; 0; 0; 0; 0; 0; 0; 0; 195; 0; 0; 0; 0
1972;08; 0; 0; 0; 211; 42; 38; 29; 0; 0; 0; 0; 0; 0; 0; 0; 0; 0; 0; 0; 0; 0; 0; 179; 0; 0; 0; 0; 0; 0; 128; 0
1972;09; 0; 0; 0; 0; 0; 387; 0; 0; 0; 0; 0; 0; 0; 0; 0; 0; 0; 0; 0; 0; 0; 0; 263; 0; 9999; 0; 0; 54; 342; 43; 9999
1972;10; 0; 0; 0; 865; 192; 0; 29; 0; 0; 298; 194; 0; 0; 0; 296; 0; 0; 0; 0; 0; 0; 0; 0; 0; 0; 0; 0; 0; 136; 0; 0
1972;11; 0; 0; 0; 214; 0; 0; 0; 0; 0; 0; 0; 143; 0; 0; 178; 0; 63; 30; 570; 0; 100; 0; 0; 0; 200; 170; 0; 0; 0; 0; 9999
1972;12; 250; 0; 0; 250; 200; 0; 32; 0; 0; 0; 0; 0; 0; 0; 0; 0; 0; 0; 0; 0; 0; 0; 358; 245; 190; 0; 0; 12; 0; 0; 0
1973;01; 126; 0; 0; 0; 96; 0; 0; 0; 33; 267; 0; 0; 0; 0; 76; 368; 0; 0; 0; 0; 149; 0; 236; 0; 0; 529; 0; 0; 0; 0; 0
1973;02; 0; 0; 0; 0; 31; 0; 0; 0; 0; 0; 0; 0; 0; 451; 164; 202; 48; 0; 0; 51; 224; 0; 0; 0; 0; 0; 0; 0; 9999; 9999; 9999
1973;03; 0; 0; 68; 0; 10; 0; 0; 0; 241; 0; 0; 0; 0; 0; 0; 0; 0; 0; 0; 2; 227; 112; 54; 0; 0; 0; 0; 0; 0; 179; 232
1973;04; 0; 0; 0; 0; 0; 0; 0; 0; 94; 0; 0; 0; 94; 0; 0; 0; 0; 0; 0; 0; 0; 0; 0; 0; 0; 0; 0; 0; 0; 0; 9999
1973;05; 0; 0; 0; 0; 0; 0; 0; 0; 0; 0; 0; 0; 0; 0; 0; 0; 0; 0; 0; 0; 0; 210; 0; 0; 0; 48; 0; 0; 0; 0; 0
1973;06; 0; 0; 0; 0; 0; 0; 0; 0; 0; 0; 0; 0; 0; 0; 0; 0; 0; 233; 0; 0; 0; 0; 0; 0; 232; 0; 152; 0; 0; 0; 9999
1973;07; 0; 53; 232; 0; 0; 0; 0; 0; 0; 0; 0; 0; 0; 0; 0; 0; 0; 71; 0; 0; 0; 0; 93; 0; 0; 0; 0; 125; 0; 0; 0
1973;08; 0; 0; 0; 0; 21; 64; 0; 0; 0; 0; 0; 0; 0; 10; 0; 0; 0; 0; 0; 0; 0; 0; 0; 0; 4; 0; 2; 96; 31; 0; 0
1973;09; 205; 102; 0; 0; 0; 0; 0; 0; 32; 0; 0; 0; 0; 0; 0; 0; 0; 0; 0; 0; 103; 105; 0; 0; 10; 0; 0; 0; 0; 0; 9999
1973;10; 0; 0; 0; 0; 0; 0; 105; 0; 103; 200; 103; 0; 0; 0; 0; 0; 0; 0; 205; 0; 0; 0; 0; 0; 0; 104; 0; 0; 0; 0; 80
1973;11; 170; 190; 40; 0; 0; 0; 0; 0; 0; 0; 0; 30; 60; 20; 0; 0; 100; 300; 400; 0; 0; 0; 0; 170; 0; 0; 0; 90; 0; 0; 9999
1973;12; 0; 0; 0; 204; 0; 580; 220; 106; 0; 0; 0; 0; 0; 0; 0; 100; 485; 0; 0; 0; 0; 0; 0; 180; 50; 20; 0; 0; 0; 500; 370
1974;01; 100; 0; 0; 0; 0; 100; 0; 10; 0; 400; 130; 40; 80; 350; 270; 160; 200; 250; 0; 0; 0; 0; 0; 0; 0; 30; 80; 20; 0; 0; 0
1974;02; 0; 0; 50; 0; 0; 0; 0; 0; 0; 0; 0; 0; 0; 0; 0; 0; 0; 498; 0; 0; 300; 0; 0; 120; 0; 0; 0; 0; 9999; 9999; 9999
1974;03; 0; 0; 0; 0; 0; 0; 250; 200; 0; 0; 0; 280; 150; 330; 0; 600; 680; 190; 70; 60; 0; 0; 0; 20; 0; 0; 0; 0; 0; 0; 0
1974;04; 0; 0; 0; 280; 0; 0; 0; 0; 0; 0; 0; 0; 0; 0; 0; 0; 0; 0; 0; 0; 0; 0; 0; 0; 0; 0; 0; 0; 0; 0; 9999
1974;05; 0; 0; 0; 0; 0; 0; 0; 0; 0; 0; 0; 0; 99; 0; 0; 0; 0; 0; 0; 0; 0; 0; 0; 0; 0; 0; 0; 0; 0; 0; 0
1974;06; 0; 0; 53; 0; 0; 0; 109; 32; 0; 23; 17; 113; 19; 0; 0; 0; 0; 0; 0; 22; 0; 99; 0; 0; 373; 72; 83; 0; 0; 0; 9999
1974;07; 0; 0; 0; 0; 0; 0; 0; 0; 0; 0; 0; 0; 0; 0; 0; 0; 0; 0; 0; 0; 0; 0; 0; 0; 0; 0; 0; 0; 0; 0; 0
1974;08; 0; 0; 0; 0; 0; 0; 0; 0; 0; 0; 0; 0; 0; 0; 32; 0; 0; 0; 0; 0; 0; 0; 0; 0; 0; 0; 0; 0; 0; 0; 0
1974;09; 0; 0; 0; 0; 0; 0; 0; 0; 0; 0; 0; 0; 0; 0; 0; 0; 0; 0; 0; 0; 0; 0; 0; 0; 0; 0; 0; 0; 95; 0; 9999
1974;10; 0; 223; 13; 78; 201; 0; 0; 0; 0; 0; 0; 0; 0; 0; 0; 0; 0; 0; 81; 0; 0; 0; 0; 0; 319; 0; 0; 0; 189; 81; 0
1974;11; 0; 0; 0; 0; 0; 65; 0; 0; 0; 0; 0; 0; 53; 0; 0; 0; 0; 0; 0; 0; 128; 83; 0; 0; 0; 0; 0; 335; 67; 0; 9999
1974;12; 124; 47; 171; 23; 4; 0; 0; 0; 0; 0; 0; 0; 137; 0; 0; 3; 113; 236; 231; 0; 0; 273; 241; 120; 0; 0; 0; 0; 0; 145; 25
1975;01; 228; 0; 0; 0; 0; 0; 156; 0; 0; 79; 177; 49; 867; 0; 552; 222; 106; 0; 0; 0; 58; 0; 0; 0; 0; 15; 0; 14; 0; 0; 0
1975;02; 0; 39; 57; 133; 802; 7; 0; 19; 51; 321; 0; 0; 0; 0; 0; 0; 0; 0; 0; 0; 0; 71; 62; 0; 49; 78; 0; 671; 9999; 9999; 9999
1975;03; 24; 0; 315; 0; 0; 0; 0; 0; 0; 0; 0; 0; 0; 0; 0; 0; 0; 0; 0; 0; 201; 0; 0; 22; 59; 0; 0; 0; 0; 107; 0
1975;04; 0; 0; 0; 0; 0; 0; 0; 0; 0; 128; 18; 0; 0; 0; 14; 0; 0; 0; 0; 0; 0; 0; 0; 0; 0; 0; 0; 0; 0; 0; 9999
1975;05; 32; 0; 0; 0; 0; 175; 0; 0; 0; 0; 0; 0; 0; 0; 0; 0; 0; 75; 0; 0; 0; 0; 0; 0; 0; 0; 0; 0; 0; 0; 0
1975;06; 0; 0; 0; 0; 75; 0; 0; 0; 0; 0; 0; 0; 0; 0; 0; 0; 0; 0; 0; 0; 0; 0; 0; 0; 0; 0; 0; 0; 0; 0; 9999
1975;07; 0; 31; 0; 67; 0; 101; 0; 0; 0; 0; 0; 0; 0; 0; 0; 0; 176; 97; 0; 0; 0; 0; 0; 0; 0; 0; 0; 0; 0; 0; 0
1975;08; 0; 0; 0; 0; 0; 0; 4; 0; 0; 0; 0; 0; 0; 0; 0; 0; 0; 0; 0; 0; 0; 0; 0; 0; 0; 0; 0; 0; 0; 0; 0
1975;09; 0; 0; 0; 0; 0; 0; 0; 0; 0; 0; 0; 0; 0; 0; 0; 0; 0; 15; 0; 0; 0; 0; 0; 43; 0; 0; 126; 122; 0; 232; 9999
1975;10; 5; 0; 315; 179; 69; 0; 0; 74; 0; 0; 0; 0; 0; 0; 0; 0; 7; 84; 186; 0; 0; 0; 0; 0; 0; 0; 0; 0; 0; 22; 404
1975;11; 287; 53; 0; 0; 0; 0; 243; 0; 0; 118; 0; 5; 0; 0; 0; 0; 35; 2; 0; 0; 205; 3; 0; 34; 158; 197; 0; 0; 174; 718; 9999
1975;12; 69; 306; 0; 0; 0; 0; 0; 0; 0; 311; 0; 77; 49; 322; 0; 0; 0; 17; 63; 21; 0; 0; 153; 55; 7; 0; 0; 235; 128; 112; 0
1976;01; 0; 73; 290; 398; 0; 0; 417; 207; 41; 190; 0; 13; 0; 0; 0; 0; 0; 0; 0; 0; 0; 0; 0; 0; 0; 0; 94; 80; 0; 63; 0
1976;02; 0; 85; 167; 0; 0; 15; 243; 756; 0; 0; 0; 0; 0; 0; 0; 0; 0; 36; 54; 0; 411; 61; 0; 160; 61; 0; 261; 63; 25; 9999; 9999
1976;03; 0; 0; 241; 99; 0; 0; 0; 0; 0; 0; 0; 0; 0; 41; 0; 0; 0; 221; 37; 109; 13; 0; 0; 332; 0; 20; 0; 0; 0; 0; 0
1976;04; 0; 0; 0; 0; 34; 0; 29; 0; 0; 94; 83; 108; 74; 159; 258; 0; 0; 0; 0; 0; 0; 0; 100; 0; 0; 0; 0; 0; 0; 0; 9999
1976;05; 0; 0; 0; 0; 0; 0; 0; 0; 0; 129; 24; 445; 0; 3; 0; 0; 113; 0; 0; 39; 0; 226; 0; 0; 0; 0; 0; 343; 653; 0; 0
1976;06; 0; 0; 0; 0; 0; 637; 0; 0; 0; 0; 33; 0; 39; 52; 0; 0; 0; 0; 0; 0; 0; 0; 0; 0; 0; 0; 0; 0; 0; 0; 9999
1976;07; 0; 38; 497; 139; 0; 0; 0; 173; 112; 202; 0; 0; 0; 0; 0; 23; 0; 0; 0; 0; 0; 0; 0; 0; 0; 0; 0; 0; 0; 0; 0
1976;08; 0; 0; 0; 0; 0; 0; 0; 0; 0; 27; 49; 121; 258; 299; 0; 0; 0; 0; 45; 216; 61; 0; 0; 0; 0; 0; 0; 0; 0; 0; 0
1976;09; 0; 0; 0; 0; 22; 112; 247; 175; 25; 0; 0; 0; 168; 431; 0; 215; 0; 0; 0; 0; 0; 0; 24; 0; 0; 0; 254; 211; 0; 0; 9999
1976;10; 0; 0; 0; 0; 0; 42; 0; 0; 302; 232; 0; 0; 0; 0; 0; 0; 120; 73; 136; 0; 0; 0; 0; 0; 47; 229; 28; 0; 0; 0; 0
1976;11; 28; 0; 0; 0; 61; 190; 0; 0; 0; 0; 0; 0; 0; 0; 0; 0; 0; 0; 0; 275; 142; 0; 0; 0; 0; 0; 0; 0; 444; 0; 9999
1976;12; 0; 149; 0; 0; 143; 149; 0; 0; 214; 0; 0; 0; 0; 0; 0; 121; 0; 0; 0; 0; 0; 0; 0; 150; 141; 194; 28; 0; 0; 0; 0
1977;01; 0; 0; 0; 32; 57; 145; 545; 99; 0; 0; 15; 0; 0; 0; 0; 0; 283; 20; 165; 151; 0; 0; 0; 0; 0; 0; 427; 512; 0; 357; 0
1977;02; 371; 0; 0; 0; 44; 0; 58; 23; 0; 0; 0; 0; 0; 0; 0; 0; 0; 0; 0; 0; 0; 0; 0; 0; 0; 0; 0; 0; 9999; 9999; 9999
1977;03; 0; 0; 0; 0; 368; 0; 0; 87; 0; 0; 171; 0; 0; 0; 0; 0; 175; 0; 0; 0; 998; 17; 89; 123; 0; 0; 0; 0; 100; 129; 75
1977;04; 122; 0; 0; 170; 159; 0; 0; 0; 349; 243; 0; 0; 0; 0; 0; 0; 0; 0; 191; 66; 30; 0; 0; 0; 0; 0; 0; 0; 0; 0; 9999
1977;05; 0; 51; 0; 0; 0; 0; 0; 0; 0; 0; 0; 0; 0; 0; 0; 0; 26; 0; 0; 0; 0; 0; 0; 0; 0; 0; 0; 0; 0; 0; 0
1977;06; 0; 0; 0; 0; 143; 0; 0; 0; 0; 0; 0; 0; 0; 0; 0; 57; 0; 0; 0; 0; 0; 0; 63; 0; 0; 0; 0; 0; 0; 0; 9999
1977;07; 0; 0; 0; 0; 0; 0; 0; 0; 0; 0; 0; 0; 0; 0; 0; 0; 0; 0; 0; 0; 0; 0; 0; 0; 0; 51; 0; 0; 0; 0; 0
1977;08; 0; 0; 0; 0; 0; 0; 0; 0; 0; 0; 0; 0; 0; 0; 0; 0; 0; 0; 0; 0; 0; 0; 0; 0; 0; 0; 0; 0; 0; 0; 76
1977;09; 0; 51; 0; 0; 0; 9; 73; 337; 0; 0; 0; 0; 0; 0; 0; 0; 11; 0; 16; 0; 0; 0; 0; 432; 0; 0; 0; 0; 0; 0; 9999
1977;10; 0; 356; 0; 0; 0; 0; 0; 0; 0; 0; 0; 0; 65; 0; 0; 0; 105; 0; 0; 0; 0; 0; 0; 0; 0; 0; 0; 46; 0; 0; 0
1977;11; 0; 457; 0; 8; 0; 0; 86; 0; 0; 0; 12; 198; 0; 46; 227; 242; 0; 0; 104; 0; 20; 0; 84; 0; 0; 12; 0; 203; 0; 0; 9999
1977;12; 788; 327; 151; 238; 0; 0; 43; 223; 0; 0; 181; 55; 0; 0; 0; 0; 0; 0; 0; 495; 131; 172; 100; 0; 0; 0; 0; 0; 0; 0; 0
1978;01; 0; 0; 25; 0; 0; 0; 0; 0; 135; 0; 0; 0; 0; 0; 32; 0; 71; 0; 0; 0; 0; 69; 0; 0; 0; 0; 0; 0; 0; 0; 0
1978;02; 0; 0; 0; 0; 0; 0; 0; 0; 0; 0; 0; 35; 0; 200; 0; 66; 133; 0; 0; 0; 146; 134; 0; 0; 0; 0; 0; 0; 9999; 9999; 9999
1978;03; 272; 0; 121; 214; 15; 0; 0; 0; 614; 106; 45; 0; 0; 0; 0; 0; 0; 0; 0; 0; 0; 0; 0; 0; 0; 0; 0; 0; 0; 82; 0
1978;04; 0; 0; 0; 0; 0; 0; 0; 0; 0; 0; 0; 0; 0; 0; 0; 0; 0; 0; 0; 0; 0; 0; 0; 0; 0; 0; 0; 0; 0; 0; 9999
1978;05; 81; 0; 0; 0; 0; 0; 0; 0; 0; 0; 0; 0; 0; 0; 0; 389; 475; 305; 0; 0; 111; 64; 0; 0; 0; 0; 0; 0; 0; 0; 0
1978;06; 0; 0; 0; 0; 0; 0; 0; 0; 537; 0; 0; 0; 0; 0; 0; 0; 0; 0; 0; 0; 0; 0; 0; 0; 0; 0; 0; 0; 0; 0; 9999
1978;07; 0; 0; 0; 0; 0; 0; 0; 0; 0; 0; 0; 0; 0; 0; 0; 217; 0; 59; 0; 0; 117; 69; 432; 17; 0; 0; 0; 0; 0; 0; 0
1978;08; 0; 0; 0; 0; 0; 0; 0; 0; 0; 0; 0; 0; 0; 0; 0; 0; 0; 0; 0; 0; 0; 0; 32; 0; 0; 0; 0; 0; 0; 0; 0
1978;09; 0; 117; 0; 0; 215; 0; 0; 124; 0; 0; 0; 0; 0; 0; 0; 0; 0; 0; 0; 0; 0; 0; 0; 0; 0; 0; 0; 0; 0; 0; 9999
1978;10; 0; 0; 0; 0; 0; 0; 0; 0; 0; 0; 61; 0; 0; 53; 58; 0; 0; 121; 243; 0; 0; 0; 0; 0; 0; 0; 0; 72; 58; 9; 138
1978;11; 82; 0; 0; 359; 187; 257; 0; 0; 0; 409; 354; 212; 0; 0; 0; 0; 131; 0; 0; 0; 5; 0; 0; 0; 0; 0; 0; 276; 0; 0; 9999
1978;12; 0; 0; 89; 0; 0; 0; 36; 157; 54; 0; 0; 0; 0; 0; 311; 96; 0; 0; 0; 0; 0; 0; 0; 0; 0; 0; 851; 0; 0; 0; 0
1979;01; 0; 37; 211; 239; 0; 0; 0; 0; 0; 0; 0; 104; 11; 0; 0; 0; 0; 0; 0; 0; 90; 0; 0; 0; 106; 303; 0; 0; 119; 0; 0
1979;02; 0; 0; 0; 0; 0; 0; 0; 0; 0; 0; 0; 93; 328; 447; 0; 0; 0; 0; 0; 0; 0; 0; 0; 0; 0; 0; 27; 0; 9999; 9999; 9999
1979;03; 15; 0; 0; 0; 0; 0; 0; 0; 0; 511; 0; 0; 21; 262; 0; 0; 0; 33; 0; 267; 0; 0; 0; 0; 295; 0; 0; 0; 0; 0; 0
1979;04; 0; 0; 0; 5; 429; 0; 0; 0; 0; 0; 0; 0; 0; 0; 0; 0; 0; 0; 0; 0; 0; 0; 0; 0; 0; 0; 0; 0; 0; 99; 9999
1979;05; 0; 0; 14; 345; 0; 24; 121; 50; 0; 10; 0; 0; 221; 37; 0; 0; 0; 0; 0; 0; 0; 0; 0; 72; 0; 0; 0; 0; 0; 232; 0
1979;06; 0; 0; 0; 0; 0; 0; 0; 27; 0; 0; 0; 0; 0; 0; 0; 0; 0; 0; 0; 0; 0; 0; 0; 0; 0; 0; 0; 0; 0; 0; 9999
1979;07; 0; 0; 0; 0; 0; 0; 0; 0; 59; 31; 0; 0; 0; 0; 0; 0; 0; 0; 0; 162; 0; 0; 0; 0; 2; 318; 0; 0; 0; 0; 0
1979;08; 0; 0; 0; 0; 0; 0; 0; 0; 0; 0; 0; 0; 57; 0; 116; 0; 0; 127; 404; 1; 0; 0; 0; 0; 0; 0; 73; 0; 0; 0; 0
1979;09; 0; 279; 271; 111; 0; 0; 0; 0; 0; 0; 42; 174; 0; 179; 0; 27; 7; 70; 0; 0; 0; 0; 197; 58; 0; 0; 0; 0; 0; 0; 9999
1979;10; 0; 21; 4; 0; 24; 35; 107; 169; 0; 9999; 0; 0; 0; 183; 39; 0; 0; 0; 0; 0; 0; 0; 0; 0; 0; 0; 27; 0; 117; 17; 110
1979;11; 0; 0; 0; 0; 0; 0; 0; 0; 19; 67; 151; 0; 0; 0; 0; 0; 0; 0; 0; 0; 0; 0; 179; 0; 51; 63; 0; 0; 0; 0; 9999
1979;12; 0; 0; 6; 95; 149; 0; 0; 0; 0; 0; 0; 38; 89; 23; 74; 761; 27; 0; 0; 0; 0; 0; 0; 0; 116; 0; 0; 0; 0; 0; 34
1980;01; 52; 0; 0; 0; 0; 0; 0; 51; 21; 69; 158; 0; 5; 0; 9999; 0; 0; 523; 152; 0; 80; 289; 0; 0; 31; 516; 11; 0; 0; 0; 0
1980;02; 45; 0; 0; 0; 0; 0; 0; 11; 12; 4; 2; 9; 225; 46; 147; 542; 54; 138; 39; 123; 0; 0; 0; 250; 43; 45; 31; 39; 2; 9999; 9999
1980;03; 0; 0; 0; 0; 41; 12; 7; 0; 49; 12; 0; 0; 26; 298; 0; 77; 0; 0; 0; 0; 0; 0; 0; 0; 0; 0; 0; 0; 0; 14; 0
1980;04; 0; 0; 0; 488; 135; 387; 0; 0; 0; 0; 0; 0; 173; 41; 358; 0; 0; 0; 0; 0; 0; 0; 0; 0; 0; 0; 0; 0; 0; 0; 9999
1980;05; 0; 25; 0; 0; 0; 0; 0; 0; 0; 0; 11; 0; 0; 0; 0; 0; 0; 0; 0; 0; 0; 2; 0; 0; 0; 0; 7; 0; 1; 0; 0
1980;06; 0; 0; 21; 45; 2; 0; 0; 0; 0; 0; 0; 0; 0; 35; 0; 1; 1; 0; 0; 0; 0; 4; 0; 1; 5; 256; 176; 0; 0; 0; 9999
1980;07; 0; 0; 34; 49; 1; 0; 1; 0; 0; 0; 0; 0; 0; 0; 0; 0; 0; 0; 0; 0; 0; 0; 0; 0; 0; 0; 0; 3; 0; 0; 69
1980;08; 0; 0; 0; 0; 0; 0; 26; 0; 0; 0; 5; 0; 0; 0; 0; 177; 0; 46; 0; 7; 0; 0; 8; 6; 0; 0; 0; 0; 0; 0; 0
1980;09; 0; 0; 0; 0; 0; 0; 0; 0; 0; 0; 0; 0; 0; 0; 0; 11; 0; 153; 2; 0; 163; 34; 0; 0; 0; 0; 0; 29; 0; 0; 9999
1980;10; 0; 0; 0; 0; 0; 0; 0; 71; 0; 188; 0; 224; 0; 0; 0; 0; 0; 0; 0; 0; 0; 0; 0; 0; 0; 0; 0; 35; 0; 0; 65
1980;11; 0; 0; 0; 0; 0; 0; 0; 249; 224; 1; 0; 0; 0; 0; 0; 0; 0; 0; 0; 111; 0; 0; 32; 95; 53; 0; 0; 0; 0; 169; 9999
1980;12; 239; 967; 0; 0; 0; 24; 21; 0; 0; 0; 43; 87; 45; 103; 0; 0; 0; 0; 0; 0; 30; 49; 126; 53; 32; 21; 131; 5; 297; 141; 0
1981;01; 0; 0; 14; 3; 6; 51; 113; 203; 2; 184; 0; 149; 66; 643; 379; 7; 0; 8; 0; 13; 538; 31; 0; 0; 0; 41; 191; 21; 0; 0; 8
1981;02; 0; 0; 0; 0; 49; 0; 0; 0; 0; 0; 0; 0; 0; 0; 57; 0; 0; 0; 0; 0; 156; 75; 0; 0; 0; 210; 1; 0; 9999; 9999; 9999
1981;03; 0; 0; 0; 191; 0; 0; 0; 167; 9; 0; 0; 0; 0; 0; 0; 157; 0; 0; 16; 0; 0; 0; 0; 0; 0; 0; 0; 41; 74; 196; 0
1981;04; 0; 0; 0; 0; 0; 0; 0; 0; 0; 0; 0; 0; 0; 0; 0; 307; 0; 0; 0; 0; 0; 0; 0; 7; 0; 5; 0; 94; 99; 14; 9999
1981;05; 0; 0; 0; 152; 0; 1; 0; 0; 0; 0; 0; 0; 0; 0; 0; 0; 0; 0; 0; 0; 0; 0; 0; 0; 0; 0; 0; 0; 0; 0; 0
1981;06; 0; 0; 0; 0; 0; 6; 334; 23; 0; 0; 0; 0; 0; 2; 1; 65; 34; 0; 0; 0; 0; 1; 0; 0; 0; 0; 0; 0; 0; 0; 9999
1981;07; 0; 0; 102; 0; 0; 0; 0; 0; 0; 0; 0; 0; 0; 0; 0; 0; 0; 4; 40; 65; 0; 0; 0; 17; 54; 0; 0; 2; 0; 0; 0
1981;08; 0; 0; 0; 0; 0; 0; 0; 0; 0; 0; 21; 0; 0; 9; 0; 0; 0; 14; 0; 0; 0; 0; 0; 0; 0; 0; 0; 0; 0; 0; 0
1981;09; 0; 0; 0; 33; 0; 0; 0; 0; 0; 0; 0; 0; 0; 0; 0; 0; 0; 0; 0; 0; 0; 0; 0; 27; 13; 28; 49; 0; 3; 60; 9999
1981;10; 0; 0; 0; 5; 0; 35; 73; 37; 0; 0; 6; 0; 0; 0; 0; 120; 0; 0; 23; 331; 0; 0; 0; 0; 0; 0; 207; 58; 49; 0; 7
1981;11; 29; 0; 41; 74; 5; 0; 0; 0; 181; 76; 0; 0; 0; 0; 0; 0; 476; 3; 209; 162; 129; 0; 0; 0; 0; 0; 0; 0; 12; 19; 9999
1981;12; 189; 231; 0; 0; 0; 37; 124; 21; 495; 52; 0; 0; 269; 0; 0; 0; 0; 0; 0; 0; 0; 47; 0; 217; 0; 0; 9; 0; 0; 0; 0
1982;01; 0; 173; 0; 0; 0; 0; 0; 494; 118; 0; 123; 387; 0; 0; 0; 0; 0; 0; 0; 0; 0; 0; 1169; 0; 0; 0; 0; 0; 15; 87; 0
1982;02; 0; 282; 13; 19; 194; 524; 131; 0; 17; 0; 0; 0; 0; 0; 0; 0; 0; 0; 0; 2; 0; 0; 59; 110; 44; 47; 7; 0; 9999; 9999; 9999
1982;03; 0; 0; 2; 0; 0; 0; 0; 0; 0; 175; 53; 0; 0; 0; 64; 17; 254; 0; 184; 0; 0; 213; 5; 0; 0; 489; 50; 0; 0; 0; 2
1982;04; 0; 0; 0; 0; 0; 0; 0; 1; 0; 0; 0; 0; 67; 2; 214; 0; 0; 0; 0; 0; 0; 0; 0; 0; 0; 0; 0; 0; 0; 0; 9999
1982;05; 0; 0; 0; 0; 0; 0; 0; 0; 0; 0; 0; 0; 0; 0; 0; 0; 0; 0; 54; 126; 0; 0; 0; 0; 278; 137; 0; 0; 0; 0; 31
1982;06; 0; 0; 0; 0; 0; 0; 12; 0; 0; 0; 0; 394; 173; 182; 0; 171; 6; 0; 0; 0; 64; 217; 69; 1; 165; 241; 0; 0; 204; 0; 9999
1982;07; 269; 0; 0; 0; 0; 0; 0; 0; 0; 0; 0; 24; 60; 2; 0; 0; 0; 3; 109; 0; 0; 0; 0; 0; 0; 0; 0; 0; 0; 49; 0
1982;08; 0; 0; 26; 0; 0; 0; 0; 0; 0; 0; 79; 0; 0; 0; 0; 0; 0; 0; 55; 0; 0; 0; 0; 39; 0; 0; 0; 0; 132; 0; 0
1982;09; 0; 0; 0; 0; 0; 0; 16; 0; 0; 0; 0; 0; 0; 0; 0; 0; 0; 0; 0; 0; 0; 0; 0; 0; 0; 0; 0; 165; 0; 0; 9999
1982;10; 0; 176; 67; 0; 0; 111; 18; 217; 232; 0; 64; 0; 151; 39; 0; 0; 267; 12; 0; 0; 237; 0; 0; 0; 19; 0; 0; 0; 46; 0; 0
1982;11; 0; 0; 0; 0; 31; 17; 42; 0; 0; 0; 213; 0; 112; 127; 228; 19; 4; 0; 0; 312; 397; 10; 5; 0; 0; 0; 127; 121; 162; 7; 9999
1982;12; 16; 0; 38; 0; 0; 0; 112; 45; 0; 0; 0; 287; 214; 302; 67; 157; 139; 27; 21; 379; 26; 78; 39; 28; 0; 0; 19; 158; 41; 32; 0
1983;01; 0; 0; 0; 0; 0; 197; 69; 75; 163; 79; 0; 0; 74; 281; 298; 513; 78; 734; 8; 81; 23; 0; 0; 0; 70; 11; 0; 28; 0; 38; 132
1983;02; 71; 654; 25; 0; 0; 0; 0; 0; 31; 75; 3; 0; 0; 0; 173; 0; 0; 0; 53; 115; 0; 0; 56; 371; 0; 36; 291; 167; 9999; 9999; 9999
1983;03; 0; 443; 5; 33; 0; 58; 14; 236; 0; 0; 0; 0; 193; 0; 0; 0; 0; 0; 207; 453; 0; 26; 0; 0; 0; 74; 349; 5; 0; 0; 0
1983;04; 0; 0; 0; 0; 0; 57; 343; 0; 0; 0; 0; 4; 25; 0; 0; 26; 0; 0; 367; 5; 0; 254; 0; 0; 201; 124; 0; 0; 0; 0; 9999
1983;05; 0; 0; 0; 0; 0; 0; 0; 0; 65; 0; 0; 0; 149; 31; 0; 0; 51; 0; 0; 168; 0; 0; 19; 155; 0; 0; 0; 212; 284; 365; 443
1983;06; 19; 13; 81; 63; 379; 521; 361; 0; 143; 112; 371; 42; 0; 0; 0; 0; 0; 0; 0; 0; 0; 0; 0; 0; 96; 84; 0; 0; 49; 0; 9999
1983;07; 0; 0; 0; 0; 0; 0; 4; 0; 0; 0; 0; 0; 0; 0; 0; 0; 0; 148; 0; 5; 139; 0; 0; 0; 0; 0; 0; 0; 0; 0; 0
1983;08; 0; 8; 0; 0; 0; 0; 1; 0; 0; 0; 0; 0; 0; 0; 0; 0; 0; 0; 0; 0; 0; 0; 0; 0; 0; 0; 0; 0; 0; 0; 0
1983;09; 0; 85; 53; 204; 38; 62; 28; 143; 6; 0; 0; 4; 38; 0; 0; 184; 0; 383; 194; 0; 0; 6; 108; 305; 334; 0; 0; 0; 0; 0; 9999
1983;10; 0; 0; 0; 0; 0; 0; 0; 0; 0; 0; 0; 0; 0; 96; 209; 0; 0; 198; 367; 0; 0; 391; 95; 82; 0; 0; 0; 0; 0; 0; 7
1983;11; 326; 0; 67; 0; 85; 57; 0; 0; 0; 0; 9; 97; 34; 0; 0; 5; 0; 0; 9; 17; 429; 0; 0; 0; 0; 0; 0; 0; 0; 0; 9999
1983;12; 0; 387; 0; 0; 0; 0; 129; 0; 0; 0; 45; 116; 21; 43; 114; 9; 0; 0; 46; 130; 163; 84; 151; 67; 0; 0; 102; 57; 14; 293; 118
1984;01; 9; 0; 21; 102; 8; 0; 0; 0; 0; 12; 98; 0; 0; 0; 0; 0; 0; 0; 0; 0; 325; 0; 309; 0; 5; 191; 424; 31; 197; 205; 16
1984;02; 0; 0; 0; 0; 0; 0; 0; 0; 0; 0; 0; 0; 31; 0; 0; 0; 0; 82; 0; 0; 6; 0; 0; 0; 0; 0; 0; 405; 0; 9999; 9999
1984;03; 13; 0; 0; 0; 49; 118; 2; 21; 0; 0; 0; 0; 0; 0; 0; 0; 0; 0; 0; 0; 38; 0; 0; 0; 0; 0; 0; 0; 0; 125; 0
1984;04; 0; 0; 643; 356; 49; 0; 0; 0; 0; 0; 0; 0; 0; 0; 0; 46; 14; 0; 0; 0; 0; 0; 0; 134; 202; 0; 0; 0; 0; 1; 9999
1984;05; 4; 225; 98; 0; 0; 0; 0; 0; 0; 0; 0; 89; 95; 30; 107; 0; 0; 226; 2; 0; 0; 0; 0; 0; 0; 0; 0; 0; 0; 0; 0
1984;06; 0; 0; 0; 0; 0; 0; 0; 0; 0; 4; 0; 0; 0; 0; 0; 0; 0; 0; 0; 0; 0; 0; 0; 0; 0; 0; 0; 0; 0; 0; 9999
1984;07; 0; 0; 0; 57; 0; 0; 0; 0; 0; 0; 0; 0; 0; 0; 0; 0; 0; 0; 0; 0; 0; 0; 0; 0; 0; 0; 0; 9; 0; 0; 0
1984;08; 0; 8; 321; 49; 0; 0; 0; 0; 0; 0; 0; 0; 0; 0; 0; 0; 0; 0; 0; 31; 35; 129; 147; 20; 0; 72; 0; 0; 0; 0; 0
1984;09; 0; 0; 0; 0; 0; 0; 65; 3; 86; 0; 0; 0; 0; 0; 0; 0; 0; 0; 0; 559; 306; 0; 0; 0; 0; 111; 252; 14; 0; 0; 9999
1984;10; 0; 0; 0; 0; 0; 0; 14; 0; 0; 13; 0; 0; 0; 0; 0; 0; 0; 251; 135; 0; 0; 0; 0; 0; 0; 0; 0; 0; 0; 0; 0
1984;11; 0; 0; 8; 0; 0; 0; 6; 0; 0; 87; 217; 269; 113; 0; 0; 0; 0; 331; 0; 13; 52; 0; 0; 0; 4; 106; 0; 0; 0; 0; 9999
1984;12; 6; 728; 42; 0; 0; 271; 72; 181; 37; 0; 0; 0; 85; 154; 21; 18; 419; 8; 0; 0; 0; 0; 0; 0; 0; 157; 74; 0; 0; 0; 85
1985;01; 4; 0; 0; 0; 34; 0; 179; 428; 27; 0; 0; 0; 0; 114; 0; 0; 12; 0; 0; 0; 0; 0; 0; 3; 0; 86; 0; 0; 0; 0; 0
1985;02; 0; 0; 0; 28; 9; 51; 0; 0; 109; 0; 102; 0; 0; 12; 65; 0; 0; 0; 69; 0; 0; 0; 0; 0; 0; 12; 0; 0; 9999; 9999; 9999
1985;03; 0; 7; 101; 4; 2; 23; 34; 86; 0; 2; 434; 0; 0; 0; 0; 172; 485; 536; 0; 0; 0; 0; 0; 0; 0; 0; 0; 181; 0; 7; 0
1985;04; 0; 71; 0; 0; 0; 18; 0; 0; 0; 0; 0; 0; 0; 0; 0; 84; 42; 0; 0; 0; 0; 0; 0; 0; 0; 0; 4; 16; 75; 13; 9999
1985;05; 306; 23; 0; 0; 0; 0; 0; 0; 0; 36; 0; 0; 0; 0; 0; 0; 0; 0; 0; 0; 264; 351; 0; 0; 0; 0; 0; 0; 0; 0; 0
1985;06; 0; 0; 0; 57; 0; 0; 0; 0; 2; 9; 0; 0; 0; 0; 0; 0; 0; 0; 0; 0; 0; 0; 0; 0; 0; 0; 0; 0; 0; 0; 9999
1985;07; 0; 0; 0; 0; 0; 6; 37; 0; 0; 0; 0; 0; 0; 0; 0; 0; 0; 0; 0; 0; 0; 0; 0; 0; 0; 0; 0; 0; 0; 0; 0
1985;08; 0; 0; 0; 0; 0; 0; 0; 0; 0; 0; 0; 6; 0; 0; 0; 0; 0; 0; 0; 0; 0; 41; 0; 0; 0; 0; 0; 28; 0; 0; 74
1985;09; 188; 71; 0; 271; 0; 54; 0; 0; 0; 0; 0; 0; 0; 0; 0; 0; 0; 0; 0; 0; 201; 0; 0; 0; 0; 0; 0; 0; 57; 223; 9999
1985;10; 0; 0; 0; 0; 0; 0; 0; 16; 0; 62; 0; 0; 0; 0; 0; 0; 0; 0; 0; 0; 0; 0; 0; 61; 0; 0; 0; 0; 207; 0; 209
1985;11; 19; 384; 8; 3; 0; 0; 0; 0; 0; 0; 0; 0; 0; 0; 0; 0; 0; 0; 0; 0; 0; 0; 105; 161; 13; 87; 89; 0; 0; 0; 9999
1985;12; 0; 0; 14; 195; 0; 4; 0; 0; 0; 0; 0; 0; 0; 0; 0; 52; 129; 0; 0; 0; 6; 0; 0; 8; 0; 0; 0; 23; 0; 234; 0
1986;01; 0; 0; 0; 0; 26; 94; 0; 29; 36; 39; 68; 549; 0; 9; 0; 16; 0; 0; 0; 0; 96; 21; 3; 64; 0; 37; 0; 0; 0; 0; 0
1986;02; 0; 0; 471; 0; 6; 24; 22; 7; 9; 37; 24; 442; 3; 8; 4; 102; 167; 17; 0; 81; 307; 54; 113; 0; 0; 31; 68; 0; 9999; 9999; 9999
1986;03; 37; 0; 0; 0; 35; 574; 82; 38; 0; 0; 0; 3; 0; 129; 0; 25; 0; 36; 81; 0; 0; 0; 0; 201; 0; 0; 41; 0; 0; 103; 0
1986;04; 0; 0; 0; 0; 0; 0; 6; 0; 0; 0; 0; 29; 0; 0; 134; 241; 0; 0; 0; 0; 0; 8; 0; 0; 0; 13; 19; 0; 0; 0; 9999
1986;05; 0; 0; 0; 0; 0; 0; 0; 0; 153; 37; 102; 0; 194; 9; 0; 0; 0; 108; 172; 0; 0; 0; 0; 0; 0; 0; 58; 0; 0; 0; 123
1986;06; 0; 0; 0; 0; 0; 0; 0; 0; 0; 0; 0; 0; 0; 0; 0; 0; 0; 0; 0; 0; 0; 0; 0; 0; 0; 0; 0; 0; 0; 0; 9999
1986;07; 0; 0; 0; 0; 0; 0; 0; 0; 0; 0; 0; 0; 0; 0; 0; 0; 0; 0; 0; 0; 9; 0; 21; 0; 0; 0; 0; 0; 0; 0; 41
1986;08; 103; 0; 0; 0; 0; 0; 0; 0; 0; 0; 0; 0; 13; 62; 10; 53; 62; 54; 5; 1; 289; 296; 367; 0; 17; 0; 0; 0; 0; 0; 0
1986;09; 0; 0; 0; 0; 108; 0; 0; 0; 0; 0; 0; 0; 0; 0; 0; 0; 0; 0; 0; 4; 0; 0; 0; 0; 139; 51; 0; 0; 109; 0; 9999
1986;10; 0; 0; 0; 0; 0; 0; 0; 0; 0; 118; 79; 0; 0; 0; 0; 0; 0; 0; 32; 84; 45; 26; 89; 0; 0; 0; 0; 0; 0; 0; 0
1986;11; 0; 76; 45; 0; 10; 367; 54; 0; 0; 0; 85; 184; 0; 0; 0; 0; 0; 0; 0; 0; 0; 0; 0; 198; 0; 7; 158; 0; 0; 92; 9999
1986;12; 101; 242; 149; 82; 467; 0; 81; 78; 41; 0; 0; 0; 5; 8; 146; 269; 252; 98; 136; 98; 0; 62; 34; 19; 64; 37; 0; 0; 302; 0; 14
1987;01; 0; 295; 46; 107; 64; 0; 0; 0; 0; 49; 11; 0; 32; 0; 0; 78; 347; 0; 0; 0; 0; 0; 71; 69; 84; 142; 154; 228; 34; 13; 42
1987;02; 84; 103; 354; 112; 61; 0; 37; 0; 51; 383; 0; 0; 0; 62; 0; 104; 0; 0; 0; 14; 0; 0; 0; 0; 12; 8; 0; 0; 9999; 9999; 9999
1987;03; 0; 0; 0; 0; 0; 0; 0; 17; 9; 305; 261; 0; 0; 0; 0; 0; 0; 0; 95; 0; 0; 0; 0; 0; 0; 0; 0; 2; 0; 0; 0
1987;04; 0; 0; 0; 6; 75; 0; 0; 0; 0; 78; 54; 0; 0; 0; 0; 7; 0; 0; 0; 0; 5; 4; 0; 0; 0; 0; 0; 0; 0; 0; 9999
1987;05; 0; 0; 0; 0; 23; 215; 4; 42; 118; 0; 0; 179; 0; 0; 0; 247; 0; 13; 87; 223; 221; 147; 0; 0; 24; 0; 0; 0; 91; 0; 0
1987;06; 0; 0; 0; 0; 0; 0; 158; 0; 0; 0; 0; 0; 15; 551; 583; 392; 2; 0; 3; 0; 0; 0; 216; 0; 0; 0; 2; 0; 0; 0; 9999
1987;07; 0; 0; 0; 0; 0; 0; 0; 0; 169; 0; 0; 0; 28; 0; 0; 0; 0; 0; 0; 0; 0; 0; 0; 0; 0; 0; 0; 0; 0; 0; 0
1987;08; 0; 0; 0; 0; 0; 0; 91; 0; 0; 0; 0; 0; 0; 0; 0; 0; 12; 0; 0; 0; 0; 0; 0; 0; 0; 0; 0; 0; 0; 0; 51
1987;09; 8; 0; 0; 5; 0; 34; 0; 0; 0; 0; 0; 3; 55; 0; 0; 0; 0; 34; 49; 0; 42; 123; 9; 0; 0; 0; 0; 98; 0; 0; 9999
1987;10; 0; 69; 0; 0; 0; 314; 0; 0; 0; 0; 0; 0; 0; 0; 0; 0; 0; 0; 152; 124; 57; 65; 0; 0; 198; 164; 0; 0; 31; 0; 0
1987;11; 0; 0; 0; 0; 0; 0; 83; 6; 0; 0; 0; 0; 0; 43; 252; 165; 23; 0; 0; 0; 0; 0; 0; 0; 112; 68; 0; 0; 0; 0; 9999
1987;12; 0; 0; 103; 31; 261; 0; 0; 0; 157; 0; 0; 21; 7; 0; 0; 0; 0; 504; 412; 0; 0; 0; 0; 0; 0; 0; 0; 0; 71; 132; 0
1988;01; 14; 0; 0; 0; 0; 532; 636; 0; 0; 456; 5; 27; 0; 0; 32; 0; 0; 0; 0; 147; 0; 0; 0; 0; 0; 112; 0; 8; 23; 0; 68
1988;02; 37; 0; 0; 0; 0; 0; 0; 197; 248; 151; 7; 0; 0; 297; 0; 0; 423; 0; 0; 0; 92; 0; 0; 0; 0; 71; 232; 0; 0; 9999; 9999
1988;03; 187; 194; 138; 87; 0; 0; 0; 0; 0; 57; 0; 64; 0; 0; 0; 0; 103; 241; 508; 0; 0; 0; 0; 0; 0; 0; 0; 0; 0; 0; 0
1988;04; 48; 39; 0; 0; 0; 0; 0; 179; 0; 0; 0; 0; 102; 87; 0; 0; 0; 58; 174; 136; 0; 175; 24; 0; 0; 17; 0; 0; 0; 0; 9999
1988;05; 0; 0; 0; 0; 29; 12; 29; 0; 105; 0; 0; 0; 47; 112; 0; 74; 186; 97; 0; 0; 74; 116; 185; 354; 35; 0; 0; 0; 191; 314; 182
1988;06; 0; 0; 0; 186; 124; 0; 0; 0; 0; 0; 0; 0; 0; 186; 0; 0; 0; 0; 0; 0; 0; 0; 0; 0; 51; 0; 0; 0; 0; 0; 9999
1988;07; 0; 0; 0; 0; 0; 0; 0; 0; 0; 0; 0; 0; 0; 0; 0; 0; 0; 0; 0; 0; 0; 0; 0; 0; 0; 0; 0; 0; 0; 0; 0
1988;08; 0; 0; 0; 0; 0; 0; 0; 0; 0; 0; 0; 0; 0; 0; 0; 0; 0; 0; 0; 0; 0; 0; 0; 0; 0; 0; 0; 0; 0; 0; 0
1988;09; 0; 0; 0; 0; 0; 0; 0; 0; 0; 0; 0; 0; 0; 0; 72; 84; 208; 0; 0; 0; 0; 0; 0; 0; 0; 0; 0; 0; 0; 0; 9999
1988;10; 0; 0; 0; 81; 0; 0; 0; 0; 0; 0; 0; 0; 0; 287; 0; 0; 0; 7; 0; 473; 0; 24; 126; 0; 0; 0; 431; 93; 0; 198; 0
1988;11; 0; 0; 0; 0; 0; 0; 0; 9; 0; 0; 0; 0; 34; 0; 0; 0; 0; 0; 0; 368; 0; 93; 57; 0; 0; 0; 27; 42; 0; 0; 9999
1988;12; 0; 253; 201; 0; 0; 0; 0; 0; 0; 0; 0; 0; 0; 11; 0; 0; 0; 0; 0; 0; 8; 94; 0; 137; 364; 71; 32; 29; 0; 139; 98
1989;01; 4; 178; 97; 89; 61; 92; 113; 187; 585; 53; 184; 237; 23; 0; 17; 236; 2; 5; 0; 0; 185; 449; 261; 0; 84; 0; 0; 107; 0; 0; 23
1989;02; 0; 0; 184; 383; 0; 0; 0; 0; 157; 72; 384; 128; 0; 67; 0; 0; 27; 0; 0; 58; 0; 0; 241; 134; 165; 84; 75; 0; 9999; 9999; 9999
1989;03; 133; 0; 36; 0; 0; 0; 0; 0; 0; 0; 0; 0; 67; 61; 39; 184; 0; 0; 0; 17; 0; 0; 0; 0; 0; 261; 73; 9; 12; 0; 0
1989;04; 48; 71; 153; 0; 0; 0; 0; 0; 0; 0; 0; 263; 0; 0; 0; 0; 0; 0; 119; 0; 0; 0; 0; 0; 0; 0; 0; 4; 0; 0; 9999
1989;05; 0; 0; 0; 0; 184; 86; 0; 0; 0; 0; 0; 0; 0; 0; 0; 0; 0; 0; 0; 0; 0; 0; 0; 0; 0; 0; 0; 0; 0; 0; 0
1989;06; 0; 0; 0; 0; 0; 0; 41; 0; 0; 0; 17; 8; 0; 0; 0; 43; 16; 0; 0; 0; 0; 0; 0; 0; 9; 47; 0; 0; 12; 0; 9999
1989;07; 0; 0; 0; 0; 0; 0; 0; 0; 0; 0; 0; 0; 0; 0; 0; 0; 0; 0; 0; 0; 0; 0; 0; 0; 0; 247; 265; 138; 0; 381; 336
1989;08; 0; 0; 0; 0; 0; 0; 0; 0; 0; 0; 0; 0; 0; 0; 0; 0; 0; 0; 0; 0; 0; 53; 0; 0; 0; 64; 27; 0; 0; 0; 0
1989;09; 129; 0; 0; 0; 0; 0; 0; 0; 32; 524; 0; 0; 224; 37; 0; 0; 0; 0; 0; 0; 0; 0; 0; 0; 141; 62; 38; 0; 0; 0; 9999
1989;10; 0; 0; 0; 174; 0; 0; 0; 0; 0; 0; 23; 9; 2; 0; 0; 17; 0; 0; 0; 0; 0; 0; 0; 0; 0; 0; 357; 4; 0; 0; 0
1989;11; 0; 0; 87; 19; 0; 0; 0; 0; 0; 27; 0; 263; 56; 0; 0; 0; 0; 0; 0; 171; 517; 19; 56; 163; 25; 0; 0; 43; 0; 0; 9999
1989;12; 0; 0; 0; 0; 0; 0; 0; 0; 46; 24; 0; 0; 0; 0; 0; 0; 9; 6; 0; 247; 0; 0; 0; 0; 0; 0; 121; 187; 292; 86; 112
1990;01; 193; 219; 186; 0; 148; 114; 237; 87; 113; 256; 179; 467; 6; 0; 0; 21; 5; 0; 4; 0; 0; 148; 64; 0; 37; 0; 0; 0; 0; 0; 0
1990;02; 0; 259; 0; 0; 0; 0; 64; 0; 0; 6; 84; 0; 0; 0; 0; 0; 0; 0; 0; 0; 0; 0; 108; 149; 17; 29; 0; 0; 9999; 9999; 9999
1990;03; 0; 0; 138; 16; 0; 35; 54; 6; 0; 258; 0; 0; 0; 0; 0; 0; 0; 0; 183; 29; 0; 403; 114; 0; 0; 0; 0; 17; 149; 0; 0
1990;04; 0; 0; 0; 0; 0; 0; 0; 6; 38; 0; 0; 0; 0; 0; 0; 0; 0; 0; 137; 0; 0; 0; 0; 0; 0; 0; 0; 0; 0; 8; 9999
1990;05; 169; 7; 0; 0; 24; 37; 0; 6; 0; 0; 78; 0; 0; 0; 0; 81; 6; 0; 0; 0; 0; 0; 0; 0; 0; 0; 0; 0; 0; 0; 0
1990;06; 0; 0; 0; 0; 0; 0; 83; 0; 0; 0; 0; 0; 0; 0; 17; 0; 0; 0; 0; 0; 119; 0; 0; 0; 0; 5; 0; 0; 0; 0; 9999
1990;07; 0; 0; 0; 0; 6; 12; 99; 0; 0; 29; 8; 0; 0; 0; 0; 9; 398; 141; 153; 194; 12; 86; 0; 71; 45; 6; 14; 0; 0; 0; 0
1990;08; 0; 0; 0; 0; 0; 0; 0; 0; 0; 0; 0; 0; 0; 0; 0; 0; 191; 0; 0; 127; 0; 0; 0; 0; 0; 0; 0; 163; 25; 0; 0
1990;09; 0; 25; 0; 0; 41; 0; 0; 0; 0; 0; 0; 0; 76; 284; 0; 0; 0; 0; 0; 0; 0; 0; 0; 0; 0; 0; 0; 0; 0; 32; 9999
1990;10; 57; 0; 0; 176; 0; 0; 0; 0; 0; 0; 0; 0; 352; 0; 149; 162; 76; 38; 262; 81; 0; 0; 0; 0; 0; 0; 0; 0; 0; 0; 0
1990;11; 0; 0; 0; 0; 161; 17; 0; 297; 168; 0; 0; 0; 0; 0; 0; 0; 0; 0; 17; 0; 0; 185; 8; 23; 47; 0; 23; 0; 0; 0; 9999
1990;12; 0; 0; 0; 0; 0; 271; 0; 97; 0; 0; 47; 119; 154; 267; 29; 0; 0; 0; 0; 161; 0; 0; 0; 0; 276; 37; 0; 0; 64; 0; 0
1991;01; 0; 0; 0; 292; 0; 0; 0; 0; 0; 0; 196; 302; 0; 0; 287; 198; 9; 0; 0; 0; 0; 0; 127; 0; 0; 21; 489; 64; 0; 17; 29
1991;02; 94; 68; 0; 0; 0; 29; 357; 275; 241; 373; 25; 19; 27; 16; 0; 0; 64; 147; 0; 0; 0; 0; 0; 0; 0; 0; 0; 0; 9999; 9999; 9999
1991;03; 0; 62; 47; 179; 121; 73; 49; 65; 0; 0; 0; 147; 83; 191; 0; 0; 0; 0; 8; 129; 0; 186; 0; 0; 0; 59; 246; 138; 79; 62; 243
1991;04; 117; 0; 0; 0; 0; 0; 0; 0; 0; 0; 0; 0; 0; 49; 0; 0; 81; 0; 184; 68; 0; 0; 0; 0; 481; 0; 0; 0; 0; 0; 9999
1991;05; 0; 0; 0; 0; 0; 0; 24; 69; 0; 0; 0; 0; 0; 0; 194; 165; 0; 0; 0; 0; 49; 0; 0; 0; 0; 0; 0; 0; 0; 0; 0
1991;06; 0; 0; 0; 0; 0; 0; 9; 0; 0; 0; 0; 0; 0; 0; 0; 0; 0; 0; 0; 27; 184; 95; 69; 145; 214; 0; 0; 0; 136; 0; 9999
1991;07; 0; 0; 0; 0; 0; 0; 0; 0; 0; 0; 161; 0; 60; 39; 46; 0; 0; 0; 0; 0; 0; 0; 0; 0; 0; 0; 0; 0; 0; 0; 0
1991;08; 0; 0; 0; 0; 0; 0; 48; 124; 167; 0; 26; 0; 0; 0; 0; 0; 0; 0; 0; 0; 0; 0; 0; 0; 0; 0; 0; 0; 0; 0; 0
1991;09; 0; 0; 0; 0; 0; 0; 0; 0; 0; 0; 0; 0; 0; 0; 0; 0; 0; 8; 60; 0; 0; 0; 0; 0; 0; 118; 0; 0; 43; 365; 9999
1991;10; 213; 0; 109; 0; 0; 236; 564; 13; 37; 58; 0; 0; 0; 0; 0; 0; 0; 85; 0; 0; 0; 0; 0; 0; 0; 13; 0; 0; 0; 0; 0
1991;11; 29; 84; 0; 0; 0; 0; 0; 0; 0; 0; 0; 0; 4; 238; 17; 0; 0; 0; 0; 0; 0; 0; 0; 0; 0; 0; 0; 0; 0; 161; 9999
1991;12; 257; 0; 0; 0; 0; 279; 214; 62; 47; 25; 286; 394; 0; 0; 0; 229; 124; 91; 299; 23; 0; 0; 179; 0; 146; 0; 127; 89; 0; 0; 0
1992;01; 0; 0; 0; 0; 179; 0; 0; 0; 13; 79; 0; 0; 57; 246; 219; 0; 0; 0; 0; 0; 0; 39; 57; 41; 0; 69; 0; 145; 0; 140; 0
1992;02; 51; 79; 46; 28; 24; 0; 435; 248; 192; 54; 0; 0; 0; 49; 0; 37; 0; 0; 0; 0; 0; 0; 0; 0; 12; 0; 0; 45; 0; 9999; 9999
1992;03; 0; 194; 59; 246; 134; 0; 0; 0; 0; 0; 0; 205; 217; 109; 0; 24; 196; 0; 108; 149; 0; 0; 0; 63; 201; 53; 0; 0; 0; 47; 109
1992;04; 37; 0; 0; 0; 0; 0; 29; 74; 0; 0; 0; 0; 16; 95; 0; 0; 0; 0; 0; 147; 0; 0; 0; 0; 0; 62; 0; 0; 0; 9; 9999
1992;05; 0; 104; 0; 258; 0; 0; 0; 0; 0; 0; 0; 0; 69; 27; 0; 0; 0; 0; 0; 61; 0; 0; 47; 0; 0; 0; 0; 0; 0; 0; 0
1992;06; 0; 0; 0; 0; 0; 0; 0; 0; 0; 0; 0; 0; 0; 0; 0; 0; 0; 0; 0; 0; 0; 0; 0; 0; 0; 0; 0; 0; 27; 0; 9999
1992;07; 0; 0; 0; 0; 0; 0; 81; 0; 71; 0; 0; 0; 0; 0; 0; 0; 0; 0; 0; 0; 0; 0; 0; 0; 0; 0; 0; 0; 0; 0; 0
1992;08; 0; 0; 0; 0; 0; 0; 0; 0; 0; 0; 0; 0; 7; 0; 0; 0; 0; 15; 8; 0; 0; 76; 124; 0; 0; 0; 0; 0; 0; 0; 0
1992;09; 47; 29; 32; 0; 31; 46; 89; 0; 0; 0; 0; 71; 236; 0; 127; 299; 0; 0; 0; 0; 0; 0; 0; 0; 41; 97; 0; 0; 0; 0; 9999
1992;10; 0; 58; 13; 32; 0; 0; 37; 0; 0; 0; 0; 14; 179; 0; 0; 0; 241; 0; 9; 0; 0; 0; 0; 0; 0; 0; 7; 0; 289; 191; 0
1992;11; 0; 264; 0; 216; 9; 0; 0; 0; 51; 463; 0; 0; 0; 0; 0; 0; 129; 0; 0; 0; 0; 73; 0; 0; 79; 153; 0; 0; 0; 0; 9999
1992;12; 471; 562; 0; 0; 0; 0; 101; 47; 0; 29; 165; 58; 0; 0; 0; 0; 127; 0; 0; 0; 118; 31; 0; 0; 0; 0; 0; 0; 0; 0; 0
1993;01; 0; 0; 0; 94; 176; 69; 84; 321; 307; 518; 439; 673; 39; 94; 0; 187; 43; 25; 0; 0; 74; 29; 0; 9; 0; 184; 0; 201; 0; 0; 16
1993;02; 73; 0; 127; 4; 228; 4; 9; 136; 42; 114; 385; 221; 0; 0; 36; 0; 631; 47; 0; 283; 232; 145; 262; 6; 0; 0; 0; 0; 9999; 9999; 9999
1993;03; 0; 0; 0; 0; 0; 9; 0; 0; 0; 0; 0; 0; 0; 0; 14; 0; 0; 12; 245; 34; 0; 0; 0; 109; 441; 135; 0; 0; 99; 121; 0
1993;04; 0; 34; 0; 0; 0; 0; 0; 0; 123; 0; 0; 0; 0; 0; 0; 0; 0; 0; 0; 0; 0; 0; 0; 0; 0; 0; 0; 0; 0; 0; 9999
1993;05; 0; 0; 0; 213; 0; 115; 0; 0; 0; 0; 0; 0; 0; 79; 51; 8; 0; 0; 0; 0; 0; 0; 0; 0; 0; 0; 0; 0; 0; 185; 352
1993;06; 91; 0; 0; 0; 59; 17; 0; 0; 0; 0; 228; 0; 0; 0; 0; 0; 0; 189; 72; 0; 0; 0; 0; 0; 0; 0; 0; 0; 0; 0; 9999
1993;07; 0; 0; 0; 0; 0; 0; 0; 0; 0; 0; 0; 0; 0; 0; 32; 0; 0; 0; 0; 0; 0; 0; 0; 0; 0; 0; 0; 0; 0; 51; 6
1993;08; 0; 0; 43; 0; 0; 0; 0; 0; 0; 0; 0; 0; 0; 0; 0; 0; 0; 0; 0; 0; 0; 0; 0; 516; 279; 0; 0; 0; 0; 0; 0
1993;09; 0; 0; 0; 46; 0; 0; 0; 135; 9; 47; 29; 0; 0; 0; 50; 104; 37; 0; 0; 0; 3; 441; 145; 129; 46; 0; 304; 67; 0; 41; 9999
1993;10; 128; 29; 0; 6; 89; 23; 0; 0; 0; 0; 0; 0; 0; 0; 0; 0; 6; 0; 0; 0; 62; 0; 239; 13; 0; 0; 124; 0; 0; 0; 0
1993;11; 0; 31; 0; 0; 0; 0; 205; 0; 0; 0; 0; 0; 0; 0; 0; 0; 0; 13; 69; 0; 0; 0; 0; 26; 0; 0; 341; 53; 0; 0; 9999
1993;12; 59; 0; 0; 0; 0; 0; 0; 0; 609; 0; 0; 0; 0; 0; 0; 0; 128; 19; 0; 0; 134; 0; 0; 0; 165; 27; 8; 59; 276; 294; 0
1994;01; 0; 0; 0; 0; 0; 0; 0; 0; 524; 193; 0; 0; 0; 0; 0; 0; 0; 0; 28; 327; 0; 123; 31; 0; 0; 0; 242; 491; 418; 0; 0
1994;02; 0; 0; 0; 0; 0; 61; 94; 231; 0; 0; 173; 0; 354; 183; 0; 0; 0; 94; 0; 136; 215; 0; 0; 102; 221; 0; 0; 0; 9999; 9999; 9999
1994;03; 0; 93; 0; 0; 0; 0; 0; 0; 0; 8; 117; 169; 504; 0; 0; 0; 0; 0; 0; 56; 0; 228; 0; 0; 0; 332; 0; 0; 0; 51; 39
1994;04; 0; 0; 0; 0; 0; 0; 29; 35; 17; 0; 0; 0; 0; 32; 0; 0; 0; 28; 151; 0; 0; 175; 150; 0; 0; 0; 45; 0; 0; 0; 9999
1994;05; 0; 0; 0; 0; 0; 0; 0; 0; 0; 0; 0; 0; 0; 87; 53; 0; 0; 0; 0; 0; 0; 0; 7; 16; 49; 0; 103; 41; 0; 0; 0
1994;06; 0; 0; 0; 0; 35; 0; 0; 6; 83; 0; 0; 0; 0; 0; 0; 0; 0; 0; 0; 0; 0; 92; 47; 0; 143; 59; 0; 0; 0; 0; 9999
1994;07; 0; 0; 0; 0; 0; 0; 0; 61; 0; 0; 0; 0; 0; 0; 0; 0; 0; 0; 0; 0; 0; 0; 219; 0; 0; 0; 0; 0; 0; 0; 0
1994;08; 0; 0; 0; 0; 0; 0; 0; 0; 0; 0; 0; 0; 0; 0; 0; 0; 0; 0; 0; 0; 0; 0; 0; 0; 0; 0; 0; 0; 0; 0; 0
1994;09; 0; 0; 0; 0; 0; 0; 0; 0; 0; 0; 0; 0; 0; 0; 0; 39; 0; 0; 0; 0; 0; 0; 0; 0; 0; 0; 0; 0; 0; 0; 9999
1994;10; 0; 0; 0; 0; 0; 0; 0; 0; 0; 0; 0; 0; 0; 6; 0; 0; 27; 16; 0; 0; 0; 124; 0; 51; 257; 146; 43; 38; 124; 0; 0
1994;11; 0; 12; 0; 0; 69; 181; 0; 0; 0; 0; 0; 0; 0; 234; 45; 0; 69; 221; 79; 0; 0; 0; 0; 0; 0; 0; 0; 17; 201; 0; 9999
1994;12; 0; 0; 0; 0; 0; 374; 252; 10; 0; 0; 0; 452; 0; 0; 0; 0; 31; 46; 52; 0; 0; 457; 49; 0; 0; 0; 0; 146; 0; 84; 103
1995;01; 145; 258; 23; 424; 487; 0; 0; 104; 189; 21; 0; 294; 0; 236; 451; 0; 37; 52; 0; 62; 335; 156; 0; 0; 0; 0; 0; 434; 213; 0; 21
1995;02; 186; 238; 94; 219; 381; 173; 521; 57; 372; 119; 147; 0; 29; 286; 74; 294; 53; 0; 152; 64; 402; 41; 0; 0; 0; 0; 12; 0; 9999; 9999; 9999
1995;03; 0; 116; 0; 40; 28; 13; 0; 0; 0; 47; 0; 0; 0; 64; 0; 0; 0; 0; 0; 0; 0; 0; 0; 142; 153; 0; 0; 0; 0; 431; 46
1995;04; 241; 87; 0; 0; 0; 0; 0; 0; 0; 82; 0; 73; 0; 0; 0; 0; 0; 0; 0; 225; 184; 0; 0; 0; 0; 0; 0; 0; 0; 0; 9999
1995;05; 0; 0; 74; 0; 0; 274; 123; 69; 0; 29; 146; 0; 0; 0; 0; 0; 57; 0; 0; 0; 31; 0; 0; 0; 0; 0; 0; 0; 0; 0; 0
1995;06; 0; 0; 0; 0; 0; 0; 0; 0; 0; 0; 0; 0; 0; 0; 0; 0; 0; 39; 193; 0; 0; 0; 0; 0; 6; 184; 0; 0; 32; 13; 9999
1995;07; 0; 0; 0; 0; 0; 0; 0; 27; 81; 229; 58; 0; 0; 0; 0; 0; 0; 0; 0; 0; 18; 229; 0; 0; 0; 0; 0; 0; 0; 0; 0
1995;08; 0; 0; 0; 0; 0; 43; 0; 0; 0; 0; 0; 0; 0; 0; 0; 0; 0; 0; 0; 0; 0; 0; 0; 0; 0; 0; 0; 0; 0; 0; 0
1995;09; 0; 0; 0; 0; 0; 0; 0; 0; 0; 0; 0; 0; 0; 0; 0; 0; 0; 27; 41; 0; 0; 0; 0; 265; 32; 0; 121; 39; 42; 0; 9999
1995;10; 0; 0; 0; 0; 41; 0; 0; 0; 75; 0; 0; 0; 0; 308; 87; 264; 163; 78; 0; 0; 0; 0; 0; 0; 0; 0; 0; 0; 93; 164; 243
1995;11; 0; 0; 0; 0; 0; 0; 0; 0; 0; 0; 49; 31; 0; 0; 52; 39; 0; 0; 0; 0; 0; 0; 0; 0; 28; 0; 158; 149; 0; 0; 9999
1995;12; 0; 0; 0; 0; 0; 0; 0; 0; 0; 0; 0; 51; 497; 129; 0; 0; 0; 0; 31; 0; 0; 54; 57; 38; 0; 124; 258; 189; 118; 86; 0
1996;01; 0; 0; 621; 584; 163; 154; 282; 543; 217; 142; 44; 51; 37; 26; 0; 0; 0; 41; 97; 13; 8; 0; 0; 0; 0; 0; 0; 0; 0; 0; 0
1996;02; 0; 0; 0; 0; 0; 0; 209; 159; 0; 0; 75; 23; 0; 0; 0; 138; 0; 0; 197; 45; 18; 0; 0; 0; 249; 485; 34; 78; 13; 9999; 9999
1996;03; 49; 0; 0; 37; 14; 0; 432; 371; 229; 72; 0; 0; 71; 0; 128; 354; 102; 0; 0; 53; 0; 0; 0; 0; 0; 0; 0; 118; 0; 46; 0
1996;04; 0; 0; 0; 0; 0; 0; 0; 0; 98; 0; 0; 0; 23; 0; 0; 0; 46; 0; 0; 0; 0; 0; 0; 0; 0; 0; 0; 0; 0; 0; 9999
1996;05; 13; 0; 0; 0; 0; 0; 0; 0; 0; 0; 9; 0; 0; 0; 0; 18; 0; 0; 0; 0; 0; 23; 21; 0; 0; 0; 0; 0; 0; 0; 0
1996;06; 0; 19; 0; 0; 0; 279; 0; 0; 0; 0; 0; 0; 0; 0; 0; 0; 0; 0; 0; 0; 0; 0; 0; 0; 0; 0; 38; 24; 0; 0; 9999
1996;07; 0; 0; 9; 0; 0; 0; 0; 0; 0; 0; 27; 0; 0; 0; 0; 0; 0; 0; 0; 0; 7; 0; 0; 0; 0; 0; 0; 21; 0; 0; 0
1996;08; 0; 0; 0; 0; 0; 0; 0; 0; 0; 21; 18; 7; 0; 0; 56; 0; 0; 0; 0; 0; 0; 0; 0; 0; 0; 0; 0; 0; 0; 0; 0
1996;09; 7; 93; 4; 231; 3; 0; 0; 0; 261; 183; 164; 6; 0; 0; 0; 0; 0; 0; 0; 0; 0; 0; 0; 0; 148; 0; 0; 116; 0; 0; 9999
1996;10; 0; 0; 186; 169; 0; 0; 173; 0; 0; 0; 257; 148; 0; 213; 0; 0; 0; 0; 0; 295; 61; 0; 0; 0; 0; 192; 7; 15; 0; 0; 0
1996;11; 0; 83; 9; 0; 0; 0; 0; 0; 0; 0; 0; 0; 0; 124; 52; 26; 0; 0; 0; 0; 117; 14; 0; 0; 0; 0; 0; 0; 0; 0; 9999
1996;12; 0; 0; 27; 61; 0; 19; 4; 0; 0; 0; 0; 125; 92; 58; 7; 114; 16; 69; 0; 0; 7; 0; 246; 85; 4; 0; 0; 0; 261; 123; 348
1997;01; 0; 0; 0; 0; 0; 0; 0; 0; 173; 0; 298; 346; 174; 89; 0; 75; 0; 0; 0; 58; 273; 181; 257; 142; 319; 167; 93; 326; 0; 0; 0
1997;02; 0; 372; 435; 0; 0; 0; 0; 0; 0; 73; 0; 0; 0; 0; 123; 208; 94; 187; 112; 0; 0; 89; 0; 215; 0; 0; 0; 0; 9999; 9999; 9999
1997;03; 0; 0; 0; 61; 0; 104; 0; 0; 0; 0; 0; 0; 0; 43; 29; 7; 0; 0; 0; 0; 0; 0; 0; 0; 0; 0; 0; 0; 0; 0; 0
1997;04; 108; 0; 136; 0; 0; 0; 0; 0; 0; 0; 0; 0; 0; 0; 0; 0; 213; 95; 0; 0; 116; 0; 0; 0; 0; 0; 0; 0; 0; 0; 9999
1997;05; 0; 0; 0; 0; 0; 0; 0; 0; 0; 0; 0; 0; 0; 0; 0; 0; 0; 0; 0; 0; 0; 0; 9999; 0; 9999; 0; 0; 0; 9999; 9999; 0
1997;06; 9999; 9999; 9999; 9999; 9999; 9999; 9999; 9999; 9999; 9999; 9999; 9999; 9999; 9999; 9999; 9999; 9999; 9999; 9999; 9999; 9999; 9999; 9999; 9999; 9999; 9999; 9999; 9999; 9999; 9999; 9999
1997;07; 0; 0; 0; 0; 0; 0; 0; 0; 0; 0; 0; 0; 0; 0; 0; 0; 0; 0; 0; 0; 0; 9999; 0; 0; 0; 0; 2; 0; 0; 0; 0
1997;08; 0; 0; 0; 0; 0; 0; 34; 0; 0; 0; 0; 0; 0; 0; 0; 0; 0; 0; 0; 0; 253; 0; 0; 0; 0; 0; 0; 0; 0; 0; 0
1997;09; 0; 0; 0; 0; 0; 0; 0; 0; 0; 0; 0; 0; 0; 0; 0; 234; 0; 0; 0; 252; 0; 0; 0; 0; 0; 0; 0; 0; 0; 92; 9999
1997;10; 0; 0; 0; 0; 30; 40; 0; 0; 0; 0; 0; 0; 0; 0; 25; 0; 0; 0; 57; 80; 105; 23; 0; 0; 53; 23; 0; 0; 0; 0; 0
