33
Ano,Mes,1,2,3,4,5,6,7,8,9,10,11,12,13,14,15,16,17,18,19,20,21,22,23,24,25,26,27,28,29,30,31
1961;11; 9999; 9999; 9999; 9999; 9999; 9999; 9999; 9999; 9999; 9999; 9999; 9999; 9999; 9999; 9999; 9999; 9999; 9999; 9999; 9999; 9999; 9999; 9999; 9999; 9999; 9999; 9999; 9999; 9999; 9999; 9999
1961;12; 0; 40; 20; 0; 140; 170; 160; 0; 20; 0; 140; 740; 0; 200; 170; 390; 20; 390; 30; 0; 30; 20; 23; 0; 901; 0; 80; 48; 140; 250; 120
1962;01; 0; 0; 0; 0; 0; 0; 0; 200; 20; 0; 0; 20; 0; 0; 130; 190; 150; 130; 150; 150; 50; 0; 0; 220; 0; 10; 120; 20; 40; 270; 40
1962;02; 20; 0; 0; 400; 200; 140; 140; 0; 340; 10; 140; 40; 0; 0; 100; 15; 25; 0; 0; 16; 0; 0; 35; 0; 24; 0; 29; 24; 9999; 9999; 9999
1962;03; 0; 0; 70; 40; 0; 0; 60; 0; 0; 0; 0; 54; 48; 0; 0; 0; 30; 0; 100; 0; 30; 20; 0; 0; 0; 0; 0; 0; 10; 20; 0
1962;04; 30; 0; 160; 88; 34; 40; 30; 20; 24; 50; 20; 20; 0; 1; 2; 4; 2; 36; 40; 10; 8; 9; 2; 24; 11; 38; 15; 0; 110; 130; 9999
1962;05; 7; 52; 23; 1; 4; 3; 2; 0; 15; 12; 8; 3; 2; 4; 0; 3; 0; 7; 58; 37; 0; 2; 3; 0; 0; 4; 20; 16; 81; 2; 0
1962;06; 0; 5; 60; 0; 0; 0; 24; 0; 9; 3; 0; 0; 3; 0; 5; 25; 11; 0; 0; 6; 3; 8; 59; 40; 0; 0; 0; 8; 0; 100; 9999
1962;07; 3; 2; 0; 0; 2; 16; 2; 17; 0; 170; 0; 3; 2; 0; 0; 0; 6; 14; 23; 0; 9; 0; 2; 0; 19; 0; 0; 33; 30; 0; 30
1962;08; 0; 0; 0; 0; 30; 4; 0; 10; 30; 0; 26; 15; 30; 0; 0; 43; 62; 0; 5; 0; 19; 16; 45; 24; 0; 3; 2; 0; 0; 0; 0
1962;09; 10; 0; 0; 0; 13; 34; 30; 20; 47; 26; 28; 90; 30; 25; 12; 0; 3; 0; 44; 47; 92; 0; 12; 14; 90; 3; 0; 0; 0; 24; 9999
1962;10; 10; 80; 94; 60; 15; 0; 0; 13; 54; 10; 45; 13; 10; 0; 0; 0; 23; 46; 68; 40; 0; 10; 26; 0; 10; 12; 0; 3; 12; 10; 47
1962;11; 20; 0; 0; 0; 0; 190; 0; 19; 20; 42; 30; 50; 40; 0; 0; 0; 40; 320; 0; 0; 20; 0; 40; 0; 30; 0; 0; 0; 17; 50; 9999
1962;12; 70; 17; 0; 78; 0; 90; 0; 60; 62; 0; 0; 0; 0; 0; 20; 20; 50; 190; 50; 10; 50; 6; 0; 0; 0; 0; 20; 13; 0; 72; 0
1963;01; 9999; 9999; 9999; 9999; 9999; 9999; 9999; 9999; 9999; 9999; 9999; 9999; 9999; 9999; 9999; 9999; 9999; 9999; 9999; 9999; 9999; 9999; 9999; 9999; 9999; 9999; 9999; 9999; 9999; 9999; 9999
1963;02; 9999; 9999; 9999; 9999; 9999; 9999; 9999; 9999; 9999; 9999; 9999; 9999; 9999; 9999; 9999; 9999; 9999; 9999; 9999; 9999; 9999; 9999; 9999; 9999; 9999; 9999; 9999; 9999; 9999; 9999; 9999
1963;03; 0; 76; 0; 10; 0; 0; 0; 0; 49; 0; 0; 15; 40; 0; 45; 0; 0; 0; 21; 32; 0; 0; 80; 0; 0; 0; 40; 320; 110; 56; 10
1963;04; 0; 0; 0; 0; 0; 35; 7; 80; 0; 0; 0; 0; 0; 0; 0; 15; 40; 0; 0; 0; 0; 0; 0; 0; 0; 0; 0; 0; 0; 0; 9999
1963;05; 0; 0; 0; 46; 0; 0; 0; 40; 0; 0; 0; 0; 0; 0; 0; 0; 25; 37; 20; 0; 10; 27; 17; 20; 0; 40; 0; 0; 0; 0; 0
1963;06; 0; 0; 0; 0; 0; 0; 7; 0; 3; 0; 2; 8; 56; 100; 70; 0; 0; 0; 0; 0; 45; 0; 0; 0; 0; 0; 0; 0; 0; 0; 9999
1963;07; 0; 0; 8; 0; 2; 1; 0; 0; 0; 0; 1; 0; 0; 0; 0; 0; 0; 0; 0; 0; 0; 0; 0; 0; 0; 0; 0; 0; 0; 0; 0
1963;08; 0; 0; 0; 0; 4; 0; 0; 0; 9; 0; 0; 0; 0; 5; 3; 0; 0; 0; 0; 0; 0; 0; 0; 0; 2; 0; 1; 0; 0; 0; 0
1963;09; 0; 0; 0; 0; 0; 0; 0; 0; 0; 0; 0; 7; 0; 4; 0; 0; 0; 0; 0; 0; 0; 0; 0; 6; 0; 2; 0; 4; 5; 0; 9999
1963;10; 5; 9; 0; 3; 9; 0; 2; 0; 1; 0; 0; 0; 0; 0; 5; 0; 5; 2; 12; 0; 8; 0; 6; 5; 4; 0; 0; 0; 0; 10; 0
1963;11; 0; 0; 80; 10; 0; 0; 0; 20; 15; 6; 4; 0; 0; 9; 5; 9; 0; 0; 0; 3; 0; 5; 0; 0; 0; 10; 2; 0; 0; 0; 9999
1963;12; 0; 50; 0; 0; 0; 64; 4; 0; 0; 4; 1; 0; 0; 0; 0; 0; 0; 0; 0; 9; 5; 0; 60; 20; 0; 0; 0; 0; 0; 0; 0
1964;01; 6; 4; 0; 0; 0; 0; 0; 20; 40; 90; 0; 0; 0; 30; 0; 0; 0; 50; 60; 0; 0; 0; 0; 0; 0; 0; 0; 0; 90; 0; 0
1964;02; 0; 4; 2; 0; 0; 0; 0; 0; 0; 4; 0; 0; 0; 50; 4; 0; 30; 5; 2; 5; 2; 0; 0; 0; 0; 8; 0; 0; 0; 9999; 9999
1964;03; 0; 0; 0; 0; 0; 0; 30; 0; 0; 0; 0; 0; 10; 0; 40; 0; 20; 0; 0; 0; 0; 0; 0; 0; 0; 0; 8; 7; 9; 0; 0
1964;04; 9; 0; 0; 0; 0; 0; 0; 12; 0; 90; 0; 0; 50; 0; 0; 0; 0; 45; 0; 30; 0; 0; 0; 0; 30; 0; 0; 27; 2; 5; 9999
1964;05; 0; 22; 0; 30; 8; 0; 0; 0; 4; 0; 0; 10; 0; 0; 7; 0; 0; 0; 0; 0; 0; 0; 0; 0; 0; 0; 0; 0; 95; 2; 0
1964;06; 0; 0; 0; 0; 0; 0; 0; 0; 0; 0; 9; 4; 9; 2; 9; 0; 0; 0; 0; 0; 0; 0; 0; 0; 5; 0; 20; 0; 2; 0; 9999
1964;07; 9999; 9999; 9999; 9999; 9999; 9999; 9999; 9999; 9999; 9999; 9999; 9999; 9999; 9999; 9999; 9999; 9999; 9999; 9999; 9999; 9999; 9999; 9999; 9999; 9999; 9999; 9999; 9999; 9999; 9999; 9999
1964;08; 0; 1; 177; 6; 22; 7; 1; 2; 3; 0; 36; 162; 40; 0; 0; 0; 1; 0; 1; 243; 130; 135; 138; 5; 1; 0; 4; 2; 3; 0; 0
1964;09; 4; 9; 256; 2; 0; 0; 2; 3; 0; 4; 45; 26; 2; 0; 0; 0; 2; 2; 0; 3; 3; 1; 0; 85; 131; 472; 146; 260; 15; 0; 9999
1964;10; 285; 0; 15; 44; 2; 18; 100; 54; 110; 29; 1; 2; 53; 54; 1; 0; 1; 1; 0; 49; 35; 5; 1; 0; 0; 0; 185; 0; 0; 265; 2
1964;11; 92; 20; 2; 0; 113; 4; 6; 2; 0; 15; 14; 13; 0; 1; 0; 0; 140; 70; 1; 29; 192; 85; 3; 1; 1; 3; 0; 0; 0; 49; 9999
1964;12; 318; 600; 0; 141; 1; 1; 0; 0; 0; 0; 0; 47; 15; 335; 10; 40; 4; 88; 36; 20; 0; 0; 200; 30; 84; 0; 28; 38; 0; 325; 3
1965;01; 0; 1; 7; 11; 65; 3; 2; 0; 688; 38; 8; 255; 25; 0; 90; 12; 135; 314; 150; 53; 1; 1; 0; 1; 50; 0; 20; 383; 146; 70; 200
1965;02; 195; 93; 120; 110; 60; 130; 2; 0; 3; 0; 0; 0; 81; 3; 225; 88; 11; 56; 4; 0; 0; 95; 127; 86; 8; 3; 47; 35; 9999; 9999; 9999
1965;03; 9; 13; 210; 250; 59; 1; 1; 0; 2; 335; 5; 3; 0; 5; 0; 0; 25; 1; 15; 160; 35; 120; 15; 2; 1; 36; 0; 2; 2; 0; 0
1965;04; 2; 15; 9; 0; 0; 0; 26; 0; 36; 3; 0; 0; 0; 60; 137; 3; 3; 2; 206; 255; 32; 3; 2; 0; 0; 45; 62; 38; 840; 653; 9999
1965;05; 20; 5; 0; 0; 0; 0; 0; 0; 0; 0; 385; 314; 67; 142; 375; 67; 100; 255; 95; 12; 2; 6; 0; 3; 0; 0; 10; 0; 0; 0; 0
1965;06; 5; 2; 0; 0; 115; 62; 5; 0; 16; 206; 2; 18; 60; 28; 50; 38; 3; 0; 0; 0; 0; 0; 0; 11; 205; 1; 2; 1; 1; 4; 9999
1965;07; 0; 20; 2; 600; 30; 240; 14; 15; 0; 150; 5; 3; 4; 0; 12; 30; 58; 4; 0; 0; 0; 0; 0; 2; 0; 0; 2; 0; 2; 14; 33
1965;08; 8; 0; 2; 46; 31; 3; 0; 1; 0; 157; 0; 1; 25; 3; 47; 3; 7; 0; 14; 44; 0; 0; 0; 0; 0; 0; 0; 0; 5; 0; 9
1965;09; 14; 4; 5; 5; 0; 0; 0; 17; 18; 1; 0; 1; 30; 62; 0; 29; 5; 5; 0; 15; 1; 0; 1; 0; 0; 85; 540; 60; 0; 0; 9999
1965;10; 690; 40; 0; 0; 0; 0; 0; 7; 0; 245; 78; 70; 18; 0; 0; 0; 0; 0; 0; 0; 247; 30; 20; 0; 10; 30; 9; 0; 18; 1; 99
1965;11; 27; 2; 8; 0; 84; 24; 7; 1; 72; 5; 4; 240; 79; 7; 242; 110; 4; 3; 1; 0; 0; 0; 0; 0; 0; 0; 380; 41; 0; 0; 9999
1965;12; 86; 0; 210; 10; 36; 100; 580; 50; 28; 85; 474; 85; 585; 42; 266; 290; 62; 9; 0; 0; 14; 55; 39; 40; 0; 4; 72; 258; 138; 98; 30
1966;01; 23; 4; 0; 0; 0; 15; 0; 0; 25; 18; 260; 2; 57; 74; 189; 5; 0; 91; 17; 10; 0; 0; 0; 10; 0; 20; 327; 488; 4; 5; 240
1966;02; 700; 3; 4; 0; 0; 15; 253; 0; 0; 670; 17; 135; 583; 320; 200; 330; 1; 50; 465; 28; 20; 100; 104; 0; 285; 8; 9; 1; 9999; 9999; 9999
1966;03; 55; 11; 182; 26; 220; 120; 39; 108; 250; 110; 0; 4; 0; 0; 0; 0; 0; 0; 42; 0; 0; 0; 18; 50; 55; 32; 93; 53; 9; 26; 6
1966;04; 12; 0; 18; 33; 11; 32; 192; 920; 307; 47; 82; 82; 15; 1; 0; 0; 0; 1; 0; 0; 465; 10; 0; 1; 4; 55; 50; 11; 5; 0; 9999
1966;05; 0; 0; 0; 27; 28; 90; 130; 40; 123; 2; 0; 12; 64; 2; 15; 0; 2; 4; 2; 2; 0; 6; 28; 20; 4; 3; 5; 2; 2; 3; 2
1966;06; 2; 3; 0; 23; 2; 0; 1; 4; 3; 0; 0; 3; 0; 0; 0; 0; 92; 63; 39; 0; 0; 0; 0; 150; 0; 0; 3; 1; 0; 320; 9999
1966;07; 225; 532; 43; 54; 1; 26; 31; 55; 1; 0; 0; 0; 0; 0; 0; 82; 1; 4; 0; 1; 2; 0; 17; 0; 0; 53; 1; 0; 1; 0; 7
1966;08; 0; 0; 0; 1; 2; 0; 0; 0; 10; 26; 9; 2; 3; 2; 60; 39; 17; 45; 25; 2; 23; 1; 5; 9; 300; 20; 5; 0; 2; 20; 0
1966;09; 270; 234; 12; 13; 9; 17; 0; 2; 2; 11; 1; 5; 1; 0; 0; 11; 75; 0; 6; 24; 23; 0; 2; 2; 2; 1; 0; 110; 550; 0; 9999
1966;10; 1; 3; 0; 4; 3; 36; 440; 131; 23; 3; 0; 1; 39; 21; 0; 1; 23; 155; 122; 0; 1; 15; 497; 1; 2; 1; 0; 630; 413; 300; 168
1966;11; 248; 133; 37; 8; 32; 0; 1; 0; 0; 0; 10; 65; 135; 100; 26; 80; 63; 25; 3; 2; 3; 1; 5; 16; 0; 0; 0; 0; 5; 3; 9999
1966;12; 0; 0; 50; 19; 1; 0; 240; 11; 0; 0; 29; 189; 12; 0; 0; 14; 11; 15; 35; 105; 230; 190; 410; 81; 36; 1; 10; 176; 0; 1; 0
1967;01; 0; 0; 32; 0; 19; 49; 58; 0; 0; 51; 53; 165; 13; 83; 80; 135; 1; 0; 1; 139; 120; 700; 65; 148; 130; 0; 34; 8; 0; 0; 9
1967;02; 470; 200; 20; 173; 170; 71; 3; 2; 48; 116; 141; 21; 281; 30; 5; 0; 60; 1207; 107; 97; 0; 400; 8; 96; 0; 66; 24; 0; 9999; 9999; 9999
1967;03; 0; 2; 63; 74; 306; 55; 320; 210; 102; 105; 0; 2; 523; 600; 14; 8; 82; 124; 613; 90; 1; 3; 0; 0; 0; 9; 44; 6; 9; 23; 1
1967;04; 0; 0; 0; 0; 1; 23; 97; 1; 3; 2; 3; 0; 0; 1; 80; 0; 15; 0; 3; 0; 5; 28; 0; 1; 9; 32; 130; 5; 1; 9; 9999
1967;05; 0; 0; 2; 0; 0; 0; 5; 0; 40; 5; 0; 0; 0; 0; 0; 2; 0; 0; 1; 27; 0; 0; 0; 38; 2; 0; 2; 0; 1; 0; 2
1967;06; 0; 0; 14; 0; 50; 108; 172; 0; 1; 50; 140; 40; 210; 250; 240; 3; 0; 7; 0; 0; 0; 0; 0; 0; 0; 0; 0; 0; 0; 0; 9999
1967;07; 24; 0; 0; 1; 107; 6; 0; 0; 1; 0; 56; 61; 493; 60; 69; 2; 57; 8; 3; 3; 0; 168; 0; 0; 0; 2; 4; 6; 0; 0; 0
1967;08; 5; 1; 3; 2; 9; 16; 0; 1; 0; 0; 1; 2; 184; 42; 75; 3; 1; 2; 0; 3; 1; 0; 0; 7; 1; 1; 0; 0; 4; 0; 2
1967;09; 0; 0; 2; 0; 0; 0; 0; 77; 275; 48; 0; 0; 230; 25; 1; 1; 2; 0; 0; 0; 47; 43; 15; 5; 0; 36; 10; 20; 4; 11; 9999
1967;10; 0; 0; 0; 0; 0; 1; 0; 0; 0; 0; 1; 95; 0; 23; 0; 9; 17; 0; 625; 117; 243; 328; 12; 140; 0; 58; 89; 0; 0; 35; 26
1967;11; 0; 0; 7; 35; 18; 0; 0; 0; 0; 0; 0; 50; 162; 25; 0; 567; 340; 46; 20; 35; 95; 2; 0; 207; 292; 37; 70; 195; 220; 42; 9999
1967;12; 2; 1; 78; 57; 64; 1; 0; 0; 143; 282; 1; 24; 16; 0; 0; 0; 92; 34; 141; 0; 207; 20; 446; 0; 0; 0; 1; 30; 50; 290; 10
1968;01; 18; 2; 20; 165; 1; 0; 0; 0; 0; 0; 0; 53; 145; 0; 85; 865; 163; 43; 310; 36; 24; 585; 450; 180; 18; 0; 0; 0; 2; 0; 9
1968;02; 144; 36; 0; 0; 2; 0; 0; 0; 0; 0; 45; 7; 0; 7; 196; 20; 1; 2; 0; 0; 0; 30; 12; 139; 115; 15; 2; 3; 5; 9999; 9999
1968;03; 0; 2; 0; 2; 2; 120; 50; 95; 64; 0; 243; 225; 10; 63; 3; 180; 87; 45; 20; 2; 0; 16; 113; 13; 0; 0; 0; 280; 45; 7; 0
1968;04; 0; 95; 247; 17; 15; 30; 8; 3; 2; 2; 1; 1; 0; 2; 1; 1; 6; 0; 0; 120; 40; 0; 0; 8; 2; 0; 2; 2; 0; 0; 9999
1968;05; 0; 0; 0; 22; 2; 2; 1; 6; 10; 13; 20; 0; 0; 1; 29; 467; 8; 6; 1; 3; 2; 1; 2; 8; 0; 3; 3; 5; 10; 15; 0
1968;06; 0; 1; 0; 0; 0; 0; 0; 16; 52; 46; 0; 0; 1; 0; 2; 0; 21; 2; 0; 228; 78; 2; 9; 2; 46; 2; 1; 2; 4; 3; 9999
1968;07; 2; 1; 0; 0; 2; 9; 48; 0; 1; 98; 12; 0; 0; 2; 2; 1; 2; 1; 0; 0; 2; 22; 0; 4; 0; 19; 60; 10; 4; 0; 1
1968;08; 9999; 9999; 9999; 9999; 9999; 9999; 9999; 9999; 9999; 9999; 9999; 9999; 9999; 9999; 9999; 9999; 9999; 9999; 9999; 9999; 9999; 9999; 9999; 9999; 9999; 9999; 9999; 9999; 9999; 9999; 9999
1968;09; 23; 0; 5; 8; 2; 0; 0; 0; 4; 0; 0; 2; 85; 55; 0; 0; 0; 0; 0; 10; 185; 9; 8; 0; 0; 0; 0; 0; 7; 31; 9999
1968;10; 17; 0; 0; 0; 0; 0; 5; 2; 123; 50; 27; 14; 78; 5; 4; 2; 130; 144; 430; 1; 0; 0; 8; 82; 4; 0; 0; 67; 0; 110; 70
1968;11; 10; 0; 0; 0; 0; 0; 186; 3; 3; 0; 45; 4; 5; 0; 0; 0; 9; 29; 2; 0; 0; 0; 0; 0; 0; 12; 0; 32; 314; 35; 9999
1968;12; 900; 415; 184; 29; 0; 350; 0; 4; 0; 0; 3; 0; 0; 0; 0; 0; 240; 34; 0; 0; 31; 0; 5; 0; 56; 200; 50; 2; 187; 100; 13
1969;01; 0; 0; 112; 30; 0; 0; 260; 26; 0; 0; 93; 150; 0; 0; 30; 0; 0; 0; 4; 1; 0; 0; 24; 62; 35; 0; 0; 0; 150; 28; 0
1969;02; 126; 0; 800; 0; 1; 0; 0; 17; 20; 0; 0; 0; 0; 35; 0; 6; 1; 45; 380; 490; 13; 0; 0; 3; 0; 0; 0; 163; 9999; 9999; 9999
1969;03; 1; 237; 0; 18; 160; 0; 7; 0; 1; 15; 295; 2; 35; 82; 1; 0; 0; 0; 0; 70; 30; 55; 755; 4; 0; 0; 121; 35; 0; 88; 0
1969;04; 0; 134; 100; 230; 262; 10; 6; 0; 50; 2; 8; 85; 130; 10; 2; 8; 2; 2; 0; 0; 0; 0; 9; 8; 45; 10; 4; 2; 45; 0; 9999
1969;05; 1; 0; 1; 0; 0; 0; 3; 5; 0; 1; 0; 4; 0; 160; 5; 1; 3; 3; 2; 2; 1; 0; 15; 91; 1; 22; 45; 14; 10; 11; 10
1969;06; 10; 550; 18; 0; 0; 2; 1; 1; 1; 0; 2; 2; 1; 0; 75; 275; 25; 0; 33; 8; 30; 100; 10; 0; 8; 6; 1; 1; 1; 0; 9999
1969;07; 145; 14; 6; 0; 0; 3; 17; 235; 80; 0; 1; 0; 42; 0; 1; 0; 0; 0; 2; 0; 0; 87; 0; 8; 3; 0; 0; 0; 2; 0; 0
1969;08; 1; 65; 23; 30; 2; 1; 32; 11; 0; 3; 5; 9; 0; 1; 2; 75; 3; 2; 0; 95; 0; 0; 1; 9; 6; 62; 33; 20; 0; 0; 0
1969;09; 0; 0; 0; 30; 260; 3; 2; 68; 0; 3; 2; 0; 4; 5; 5; 0; 0; 2; 0; 68; 30; 1; 2; 3; 20; 0; 0; 3; 38; 205; 9999
1969;10; 42; 40; 112; 150; 65; 0; 280; 16; 0; 38; 0; 0; 6; 20; 5; 24; 152; 2; 0; 465; 37; 0; 285; 67; 7; 6; 3; 0; 7; 6; 140
1969;11; 2; 0; 120; 0; 0; 0; 348; 4; 112; 28; 0; 8; 312; 685; 3; 48; 0; 358; 558; 700; 430; 40; 138; 1; 0; 0; 0; 0; 0; 123; 9999
1969;12; 220; 6; 0; 2; 4; 0; 0; 62; 53; 1; 13; 9; 55; 14; 0; 2; 0; 0; 0; 0; 0; 0; 183; 895; 90; 45; 3; 0; 0; 0; 60
1970;01; 138; 264; 105; 93; 130; 0; 4; 0; 15; 360; 1; 13; 0; 0; 11; 737; 8; 52; 175; 60; 0; 1; 0; 0; 0; 0; 0; 135; 72; 0; 100
1970;02; 30; 292; 0; 132; 0; 7; 0; 0; 0; 385; 11; 13; 0; 284; 109; 143; 7; 86; 375; 148; 333; 21; 181; 2; 44; 17; 3; 16; 9999; 9999; 9999
1970;03; 1; 0; 135; 0; 0; 0; 1; 2; 186; 460; 0; 246; 415; 660; 66; 0; 1; 408; 50; 41; 0; 0; 8; 1; 163; 27; 3; 0; 3; 3; 28
1970;04; 14; 4; 55; 29; 16; 135; 36; 39; 142; 8; 0; 1; 1; 0; 1; 23; 190; 0; 1; 0; 0; 1; 1; 1; 0; 2; 0; 125; 54; 94; 9999
1970;05; 4; 4; 9; 0; 0; 41; 369; 4; 5; 125; 7; 207; 6; 0; 3; 1; 0; 100; 0; 3; 5; 0; 1; 1; 2; 0; 2; 1; 3; 2; 1
1970;06; 1; 3; 3; 1; 2; 0; 100; 368; 62; 0; 0; 0; 2; 5; 2; 0; 268; 9; 36; 9; 0; 2; 215; 210; 1; 10; 1; 1; 5; 412; 9999
1970;07; 8; 51; 3; 2; 1; 2; 2; 8; 36; 11; 1; 14; 28; 7; 114; 1; 4; 2; 2; 1; 0; 4; 0; 9; 62; 0; 2; 1; 3; 1; 9
1970;08; 0; 0; 0; 0; 1; 0; 0; 1; 1; 1; 0; 0; 0; 1; 0; 4; 4; 10; 0; 0; 2; 0; 0; 172; 290; 165; 210; 82; 0; 174; 160
1970;09; 2; 2; 1; 7; 0; 1; 265; 0; 5; 0; 0; 0; 85; 80; 14; 353; 9; 32; 0; 4; 68; 238; 0; 0; 16; 2; 67; 0; 29; 0; 9999
1970;10; 0; 14; 11; 210; 5; 1; 0; 0; 119; 19; 0; 0; 0; 6; 0; 0; 0; 8; 0; 47; 11; 4; 3; 192; 35; 17; 5; 0; 0; 0; 0
1970;11; 0; 0; 30; 97; 0; 53; 42; 178; 86; 12; 3; 8; 0; 2; 0; 1; 0; 0; 0; 6; 0; 181; 17; 2; 2; 0; 0; 3; 3; 288; 9999
1970;12; 54; 135; 68; 0; 0; 0; 0; 0; 0; 1; 156; 186; 11; 343; 76; 3; 37; 32; 11; 21; 130; 265; 200; 21; 34; 280; 0; 9; 0; 170; 24
1971;01; 61; 500; 151; 47; 2; 400; 243; 11; 0; 0; 267; 364; 0; 32; 21; 2; 0; 2; 0; 0; 0; 119; 1; 0; 0; 0; 0; 0; 0; 0; 6
1971;02; 225; 54; 1; 0; 0; 0; 0; 0; 48; 178; 395; 3; 0; 0; 0; 0; 0; 0; 0; 0; 11; 15; 313; 0; 127; 100; 49; 55; 9999; 9999; 9999
1971;03; 29; 79; 31; 81; 187; 121; 15; 0; 487; 0; 664; 30; 200; 0; 225; 0; 0; 0; 0; 0; 147; 198; 124; 63; 0; 8; 46; 0; 12; 34; 1
1971;04; 1; 2; 2; 0; 3; 1; 0; 1; 0; 213; 0; 15; 39; 29; 0; 64; 14; 0; 15; 80; 0; 117; 40; 161; 2; 1; 2; 1; 2; 1; 9999
1971;05; 0; 1; 4; 188; 406; 6; 47; 0; 170; 40; 0; 0; 2; 1; 1; 2; 6; 0; 0; 0; 0; 1; 1; 1; 198; 332; 44; 32; 12; 3; 1
1971;06; 2; 2; 0; 11; 22; 0; 87; 0; 78; 0; 4; 34; 1; 0; 13; 19; 5; 435; 129; 12; 1; 0; 2; 0; 15; 1; 1; 1; 2; 0; 9999
1971;07; 1; 240; 192; 14; 93; 0; 1; 0; 0; 2; 0; 1; 2; 1; 3; 0; 0; 0; 0; 1; 2; 1; 0; 0; 1; 0; 2; 0; 0; 261; 3
1971;08; 2; 1; 2; 3; 1; 6; 7; 79; 0; 60; 57; 6; 2; 9; 38; 37; 0; 7; 0; 0; 0; 0; 0; 1; 2; 42; 15; 72; 78; 15; 2
1971;09; 0; 0; 0; 36; 0; 0; 66; 49; 7; 0; 67; 131; 28; 0; 0; 1; 1; 0; 0; 0; 0; 1; 0; 137; 73; 10; 0; 0; 0; 2; 9999
1971;10; 18; 3; 12; 63; 5; 1; 137; 8; 0; 0; 327; 223; 11; 0; 1; 0; 0; 0; 0; 0; 0; 0; 0; 0; 19; 36; 0; 0; 10; 3; 0
1971;11; 0; 27; 8; 0; 0; 0; 20; 0; 0; 145; 2; 1; 1; 1; 1; 0; 0; 0; 134; 0; 11; 4; 19; 47; 0; 0; 155; 59; 59; 0; 9999
1971;12; 120; 85; 16; 25; 22; 8; 0; 0; 1; 0; 0; 0; 12; 155; 100; 19; 0; 0; 13; 0; 0; 0; 154; 241; 41; 36; 46; 30; 41; 1; 31
1972;01; 0; 0; 11; 0; 80; 3; 500; 361; 22; 211; 391; 7; 165; 25; 0; 45; 0; 0; 0; 112; 37; 312; 224; 323; 144; 2; 107; 126; 185; 328; 4
1972;02; 0; 0; 396; 42; 12; 8; 0; 1; 16; 0; 140; 44; 0; 81; 98; 110; 465; 48; 79; 1000; 17; 0; 0; 6; 0; 15; 276; 128; 0; 9999; 9999
1972;03; 1; 1; 95; 0; 139; 9; 5; 2; 16; 281; 867; 87; 1; 0; 0; 0; 25; 48; 19; 2; 0; 12; 0; 2; 2; 284; 0; 0; 0; 223; 39
1972;04; 69; 48; 80; 131; 0; 12; 44; 24; 32; 15; 2; 1; 1; 1; 1; 96; 1; 1; 9; 1; 1; 1; 1; 2; 1; 1; 0; 0; 2; 1; 9999
1972;05; 0; 1; 0; 0; 0; 0; 6; 6; 2; 0; 0; 1; 0; 2; 0; 1; 2; 1; 1; 7; 34; 0; 118; 0; 45; 155; 2; 1; 1; 1; 1
1972;06; 2; 1; 1; 22; 2; 0; 1; 1; 1; 1; 1; 0; 0; 3; 8; 0; 1; 56; 40; 2; 2; 0; 0; 0; 2; 0; 0; 0; 0; 2; 9999
1972;07; 2; 0; 0; 1; 1; 116; 0; 36; 0; 0; 1; 2; 183; 12; 15; 22; 14; 7; 5; 4; 3; 2; 1; 1; 0; 1; 104; 1; 1; 0; 0
1972;08; 0; 2; 0; 458; 110; 383; 0; 2; 0; 4; 0; 2; 1; 0; 10; 0; 0; 1; 2; 2; 0; 2; 343; 85; 39; 2; 83; 6; 3; 85; 0
1972;09; 0; 2; 0; 19; 71; 180; 29; 1; 0; 1; 0; 47; 0; 23; 46; 3; 2; 0; 33; 0; 9; 38; 175; 23; 213; 2; 145; 360; 526; 43; 9999
1972;10; 2; 100; 426; 196; 103; 34; 32; 18; 1; 158; 270; 4; 1; 1; 312; 20; 41; 1; 3; 0; 1; 0; 3; 0; 13; 0; 0; 20; 98; 10; 4
1972;11; 5; 124; 21; 45; 40; 29; 0; 38; 3; 34; 20; 1; 0; 58; 119; 23; 8; 76; 267; 9; 53; 1; 1; 1; 0; 57; 0; 0; 0; 0; 9999
1972;12; 3; 14; 76; 7; 9; 0; 157; 0; 0; 0; 64; 5; 5; 7; 0; 0; 0; 0; 51; 10; 0; 0; 374; 134; 48; 0; 59; 0; 1; 0; 3
1973;01; 35; 0; 18; 268; 85; 2; 0; 139; 390; 121; 0; 22; 0; 311; 0; 491; 20; 1; 0; 310; 262; 28; 49; 1; 16; 692; 102; 1; 1; 0; 11
1973;02; 82; 0; 1; 0; 75; 141; 6; 2; 3; 0; 0; 2; 310; 288; 1071; 658; 165; 145; 387; 238; 1; 0; 0; 0; 0; 0; 0; 0; 9999; 9999; 9999
1973;03; 0; 0; 21; 26; 310; 21; 0; 30; 153; 19; 2; 10; 95; 135; 1; 0; 1; 0; 4; 0; 126; 5; 351; 274; 23; 360; 1; 2; 105; 85; 50
1973;04; 41; 11; 2; 1; 2; 0; 0; 0; 117; 626; 848; 215; 67; 2; 0; 0; 0; 1; 38; 74; 29; 52; 0; 0; 0; 0; 0; 0; 0; 0; 9999
1973;05; 1; 0; 80; 61; 90; 15; 8; 23; 15; 21; 2; 3; 0; 1; 0; 20; 0; 0; 0; 3; 16; 280; 20; 0; 0; 191; 0; 0; 1; 0; 0
1973;06; 1; 0; 0; 2; 0; 1; 0; 0; 0; 4; 3; 0; 0; 153; 16; 13; 1; 157; 0; 0; 2; 0; 1; 0; 192; 0; 133; 0; 1; 0; 9999
1973;07; 0; 492; 95; 29; 5; 2; 0; 0; 1; 0; 1; 0; 1; 0; 3; 0; 0; 47; 63; 56; 190; 110; 0; 4; 15; 2; 0; 125; 0; 2; 1
1973;08; 0; 27; 13; 1; 20; 0; 0; 0; 2; 2; 1; 3; 6; 2; 0; 0; 0; 1; 2; 0; 3; 13; 63; 31; 0; 128; 336; 476; 122; 0; 44
1973;09; 65; 331; 40; 1; 0; 2; 37; 0; 0; 17; 0; 0; 145; 0; 61; 5; 12; 15; 0; 119; 89; 358; 10; 9; 73; 2; 1; 2; 35; 35; 9999
1973;10; 30; 23; 43; 0; 0; 0; 45; 0; 120; 3; 40; 8; 0; 21; 1; 0; 0; 0; 240; 3; 0; 0; 0; 45; 0; 65; 264; 92; 5; 0; 12
1973;11; 128; 40; 30; 11; 24; 0; 11; 0; 0; 60; 0; 0; 16; 162; 10; 0; 0; 41; 363; 25; 0; 0; 0; 0; 70; 2; 0; 16; 0; 0; 9999
1973;12; 0; 0; 12; 35; 0; 0; 57; 345; 0; 0; 3; 0; 0; 0; 0; 60; 85; 8; 0; 462; 63; 1; 0; 185; 80; 145; 32; 7; 0; 60; 127
1974;01; 191; 2; 0; 0; 0; 0; 0; 80; 0; 18; 86; 220; 61; 14; 65; 54; 49; 36; 109; 15; 0; 2; 77; 0; 0; 56; 9; 24; 6; 400; 122
1974;02; 7; 289; 63; 2; 0; 0; 0; 0; 0; 0; 0; 0; 0; 0; 0; 0; 9; 220; 98; 115; 0; 41; 65; 187; 46; 2; 2; 0; 9999; 9999; 9999
1974;03; 0; 0; 0; 0; 0; 0; 3; 35; 0; 0; 126; 112; 86; 379; 22; 5; 638; 617; 196; 239; 85; 94; 88; 109; 7; 68; 1; 0; 1; 0; 2
1974;04; 1; 888; 10; 4; 90; 5; 2; 3; 3; 2; 184; 3; 2; 1; 3; 2; 1; 2; 2; 174; 1; 1; 0; 2; 14; 132; 2; 18; 122; 2; 9999
1974;05; 2; 1; 1; 2; 2; 3; 2; 6; 2; 1; 2; 1; 1; 0; 1; 0; 2; 2; 312; 2; 5; 2; 3; 3; 2; 1; 1; 0; 3; 0; 1
1974;06; 32; 5; 4; 0; 4; 0; 182; 92; 3; 134; 42; 55; 2; 2; 4; 0; 2; 20; 24; 12; 66; 169; 4; 3; 400; 103; 8; 25; 24; 5; 9999
1974;07; 0; 3; 1; 1; 2; 2; 2; 2; 0; 0; 2; 1; 0; 1; 0; 3; 2; 2; 0; 106; 26; 13; 24; 78; 13; 9; 2; 1; 1; 2; 0
1974;08; 0; 3; 2; 2; 1; 0; 1; 10; 25; 33; 1; 0; 1; 1; 0; 1; 18; 35; 1; 0; 0; 0; 3; 0; 0; 5; 13; 3; 261; 123; 2
1974;09; 159; 8; 21; 23; 22; 21; 46; 12; 0; 6; 1; 2; 1; 2; 0; 0; 0; 1; 0; 93; 0; 0; 0; 0; 0; 0; 39; 28; 48; 5; 9999
1974;10; 100; 81; 0; 90; 82; 0; 0; 0; 0; 0; 1; 0; 0; 1; 0; 0; 0; 0; 15; 39; 0; 187; 0; 0; 370; 25; 1; 143; 69; 477; 8
1974;11; 1; 0; 0; 0; 0; 127; 9; 5; 0; 0; 4; 0; 12; 0; 0; 0; 0; 0; 0; 7; 578; 0; 0; 0; 0; 0; 10; 116; 35; 10; 9999
1974;12; 160; 36; 137; 150; 55; 135; 4; 14; 0; 0; 35; 1; 13; 487; 60; 9; 81; 78; 363; 18; 8; 0; 235; 10; 19; 7; 0; 0; 256; 151; 110
1975;01; 468; 115; 134; 1; 0; 12; 97; 1; 355; 17; 52; 80; 134; 43; 43; 342; 0; 0; 110; 87; 24; 2; 0; 0; 51; 0; 0; 79; 2181; 42; 19
1975;02; 2; 186; 23; 242; 1016; 60; 33; 35; 222; 0; 0; 3; 2; 0; 0; 0; 0; 19; 39; 115; 0; 36; 480; 3; 0; 319; 37; 119; 9999; 9999; 9999
1975;03; 533; 0; 215; 2; 0; 0; 53; 180; 35; 0; 0; 0; 163; 37; 6; 67; 8; 0; 0; 0; 973; 14; 20; 0; 34; 57; 0; 29; 6; 155; 562
1975;04; 4; 5; 0; 183; 12; 21; 4; 5; 5; 19; 2; 0; 0; 2; 14; 36; 2; 0; 0; 6; 0; 0; 2; 0; 0; 0; 2; 0; 0; 0; 9999
1975;05; 357; 29; 3; 446; 5; 15; 55; 4; 18; 4; 3; 2; 5; 2; 0; 15; 219; 80; 17; 72; 19; 13; 0; 6; 2; 10; 2; 3; 1; 2; 1
1975;06; 2; 2; 18; 106; 123; 4; 1; 1; 2; 1; 1; 1; 66; 0; 3; 6; 14; 2; 1; 0; 0; 0; 0; 27; 3; 22; 0; 2; 1; 2; 9999
1975;07; 0; 44; 22; 3; 0; 45; 0; 2; 1; 1; 1; 0; 0; 0; 0; 0; 727; 145; 0; 16; 0; 2; 0; 2; 0; 3; 30; 1; 0; 0; 0
1975;08; 0; 3; 0; 0; 0; 85; 296; 1; 8; 4; 0; 0; 0; 7; 95; 2; 1; 7; 11; 2; 0; 3; 1; 0; 0; 4; 13; 8; 6; 18; 6
1975;09; 15; 0; 0; 0; 0; 0; 0; 3; 0; 0; 0; 6; 4; 0; 0; 11; 33; 7; 3; 8; 0; 20; 89; 33; 3; 0; 130; 40; 0; 198; 9999
1975;10; 0; 9; 500; 23; 145; 110; 10; 18; 5; 30; 188; 47; 8; 2; 2; 0; 14; 32; 104; 10; 0; 1; 2; 0; 0; 0; 0; 58; 0; 131; 100
1975;11; 100; 137; 71; 67; 15; 3; 166; 0; 0; 143; 0; 0; 0; 0; 0; 0; 0; 442; 64; 131; 157; 0; 15; 5; 437; 160; 48; 50; 47; 305; 9999
1975;12; 229; 192; 1; 0; 4; 0; 151; 209; 1; 0; 9; 0; 160; 291; 49; 5; 1; 0; 370; 18; 300; 2; 84; 53; 24; 0; 0; 0; 62; 48; 18
1976;01; 5; 23; 47; 105; 125; 98; 481; 75; 8; 0; 42; 287; 127; 0; 0; 440; 0; 0; 0; 0; 350; 167; 32; 0; 0; 7; 0; 613; 267; 153; 2
1976;02; 0; 72; 30; 0; 68; 188; 612; 55; 5; 3; 22; 41; 3; 2; 0; 14; 12; 153; 103; 52; 14; 2; 207; 14; 2; 0; 168; 12; 0; 9999; 9999
1976;03; 8; 6; 343; 520; 2; 0; 0; 0; 0; 160; 184; 0; 0; 440; 31; 57; 2; 450; 41; 361; 50; 227; 58; 56; 296; 205; 70; 84; 3; 2; 0
1976;04; 0; 0; 67; 18; 0; 0; 2; 0; 2; 55; 81; 124; 116; 64; 91; 12; 3; 90; 0; 0; 0; 5; 59; 42; 25; 3; 0; 3; 1; 16; 9999
1976;05; 2; 25; 6; 9; 0; 2; 0; 3; 92; 122; 14; 9; 3; 10; 15; 3; 8; 6; 3; 165; 189; 98; 5; 4; 9; 5; 0; 346; 412; 0; 0
1976;06; 0; 3; 0; 35; 60; 136; 0; 0; 22; 3; 52; 5; 40; 16; 0; 3; 2; 23; 2; 1; 4; 0; 2; 2; 2; 2; 1; 60; 41; 5; 9999
1976;07; 42; 74; 565; 19; 2; 44; 50; 92; 62; 219; 1; 2; 2; 1; 12; 1; 0; 8; 3; 0; 0; 2; 2; 2; 1; 0; 0; 2; 1; 2; 4
1976;08; 0; 0; 0; 3; 7; 96; 0; 0; 0; 81; 65; 266; 188; 23; 35; 2; 4; 84; 5; 37; 9; 2; 0; 2; 0; 1; 0; 0; 0; 0; 0
1976;09; 0; 0; 0; 0; 136; 79; 150; 93; 2; 5; 12; 100; 386; 44; 0; 184; 18; 0; 0; 1; 0; 0; 0; 9; 0; 6; 60; 270; 6; 0; 9999
1976;10; 3; 0; 5; 0; 123; 26; 1; 12; 132; 134; 3; 0; 0; 0; 0; 0; 58; 0; 103; 83; 50; 59; 13; 5; 17; 19; 83; 3; 9; 2; 0
1976;11; 0; 2; 0; 64; 106; 138; 6; 0; 0; 1; 0; 3; 70; 117; 2; 1; 8; 2; 0; 64; 195; 5; 0; 0; 0; 44; 0; 117; 3; 0; 9999
1976;12; 0; 48; 0; 0; 0; 260; 0; 0; 693; 66; 0; 0; 1; 0; 0; 0; 32; 0; 0; 0; 259; 0; 18; 0; 139; 34; 3; 78; 8; 0; 0
1977;01; 0; 2; 0; 3; 239; 164; 32; 16; 170; 4; 176; 0; 0; 99; 16; 355; 305; 67; 340; 64; 32; 3; 0; 0; 0; 0; 865; 64; 89; 25; 0
1977;02; 168; 43; 0; 218; 897; 20; 60; 191; 0; 61; 0; 0; 497; 0; 1; 0; 0; 0; 0; 0; 0; 0; 0; 0; 0; 5; 0; 0; 9999; 9999; 9999
1977;03; 0; 613; 20; 17; 5; 0; 3; 0; 0; 0; 0; 18; 0; 0; 0; 263; 500; 5; 0; 0; 965; 723; 257; 24; 8; 2; 0; 7; 83; 164; 247
1977;04; 312; 43; 45; 165; 13; 5; 2; 1; 379; 21; 0; 0; 0; 0; 0; 0; 0; 8; 66; 392; 174; 0; 67; 99; 74; 368; 59; 3; 0; 8; 9999
1977;05; 0; 14; 3; 252; 14; 2; 1; 0; 18; 0; 0; 0; 94; 9; 0; 3; 90; 5; 2; 3; 2; 0; 2; 2; 8; 2; 5; 3; 2; 2; 4
1977;06; 124; 110; 0; 4; 6; 25; 3; 22; 14; 2; 2; 2; 1; 2; 19; 148; 60; 9; 4; 5; 0; 5; 89; 43; 35; 0; 0; 0; 0; 0; 9999
1977;07; 0; 5; 3; 2; 3; 1; 2; 3; 5; 2; 2; 3; 1; 0; 2; 5; 24; 18; 2; 1; 2; 8; 40; 1; 456; 0; 3; 3; 0; 0; 2
1977;08; 2; 0; 35; 50; 4; 8; 4; 3; 1; 46; 0; 0; 0; 170; 2; 70; 2; 26; 0; 43; 29; 2; 1; 0; 20; 0; 0; 0; 2; 15; 53
1977;09; 0; 77; 5; 6; 1; 3; 110; 27; 8; 5; 8; 0; 2; 0; 0; 1; 16; 133; 148; 50; 59; 74; 6; 194; 7; 1; 0; 0; 2; 2; 9999
1977;10; 116; 278; 28; 76; 65; 17; 6; 0; 0; 0; 0; 8; 116; 106; 1; 0; 216; 79; 16; 10; 12; 0; 0; 0; 0; 0; 305; 52; 14; 5; 0
1977;11; 0; 617; 0; 10; 33; 0; 55; 0; 0; 0; 8; 160; 49; 0; 70; 55; 0; 0; 0; 0; 0; 0; 427; 70; 274; 47; 10; 13; 156; 62; 9999
1977;12; 19; 91; 52; 43; 25; 88; 12; 88; 62; 16; 3; 5; 2; 0; 0; 0; 0; 0; 0; 1; 5; 626; 359; 1; 0; 0; 0; 0; 0; 0; 0
1978;01; 59; 389; 2; 16; 0; 0; 48; 0; 0; 0; 10; 12; 38; 5; 30; 544; 38; 21; 0; 0; 0; 232; 0; 0; 0; 12; 0; 0; 0; 18; 0
1978;02; 0; 32; 1; 115; 292; 69; 45; 12; 28; 0; 0; 44; 0; 2; 0; 132; 10; 1; 162; 0; 25; 515; 11; 0; 0; 1; 0; 0; 9999; 9999; 9999
1978;03; 100; 68; 68; 284; 90; 378; 0; 7; 184; 37; 344; 9; 5; 0; 0; 0; 0; 0; 2; 0; 0; 0; 0; 67; 0; 52; 172; 48; 31; 192; 3
1978;04; 0; 20; 6; 3; 0; 0; 54; 0; 2; 2; 19; 0; 3; 2; 3; 0; 0; 0; 0; 182; 4; 5; 0; 6; 14; 2; 0; 2; 0; 0; 9999
1978;05; 3; 43; 2; 3; 2; 2; 1; 0; 2; 3; 0; 0; 3; 0; 37; 33; 200; 30; 2; 2; 185; 8; 2; 2; 0; 3; 0; 0; 0; 0; 0
1978;06; 0; 1; 0; 0; 0; 0; 0; 337; 231; 0; 0; 0; 0; 3; 0; 0; 0; 2; 2; 2; 18; 49; 0; 0; 1; 2; 0; 0; 2; 1; 9999
1978;07; 0; 0; 0; 3; 0; 0; 0; 0; 0; 0; 0; 0; 3; 0; 0; 136; 4; 39; 2; 9; 239; 7; 263; 79; 8; 3; 4; 5; 2; 1; 58
1978;08; 0; 0; 0; 0; 0; 0; 0; 2; 0; 0; 0; 0; 219; 45; 4; 0; 0; 0; 0; 0; 100; 14; 10; 17; 2; 18; 8; 0; 4; 2; 148
1978;09; 5; 93; 26; 19; 157; 0; 1; 37; 1; 0; 0; 0; 0; 5; 97; 1; 7; 0; 0; 0; 0; 0; 0; 2; 0; 0; 0; 0; 0; 0; 9999
1978;10; 0; 0; 0; 0; 0; 0; 5; 0; 0; 0; 23; 0; 0; 8; 3; 7; 8; 0; 118; 18; 94; 2; 2; 0; 0; 115; 0; 243; 16; 60; 3
1978;11; 13; 42; 30; 114; 624; 58; 5; 0; 0; 0; 108; 425; 7; 0; 0; 0; 0; 0; 0; 136; 3; 0; 65; 183; 1; 2; 5; 105; 0; 3; 9999
1978;12; 0; 0; 0; 0; 50; 2; 28; 9; 8; 0; 0; 3; 18; 0; 27; 0; 66; 129; 29; 12; 8; 0; 0; 10; 0; 15; 528; 5; 1; 116; 160
1979;01; 58; 68; 17; 81; 60; 0; 5; 18; 37; 2; 0; 0; 52; 12; 0; 0; 3000; 10; 9; 5; 217; 134; 10; 0; 0; 0; 48; 2; 484; 67; 0
1979;02; 2; 19; 36; 43; 113; 233; 0; 0; 0; 0; 2; 200; 22; 102; 28; 3; 1; 3; 2; 2; 9; 133; 419; 65; 5; 0; 302; 3; 9999; 9999; 9999
1979;03; 64; 165; 17; 2; 1; 1; 2; 1; 0; 30; 352; 28; 81; 208; 14; 22; 10; 86; 230; 46; 4; 3; 2; 3; 104; 43; 96; 4; 3; 21; 1
1979;04; 1; 2; 2; 587; 240; 2; 276; 5; 28; 2; 2; 1; 19; 8; 2; 0; 2; 318; 49; 9; 7; 12; 128; 49; 50; 61; 8; 2; 21; 22; 9999
1979;05; 2; 2; 1; 273; 61; 0; 62; 66; 100; 12; 40; 17; 268; 91; 132; 4; 2; 2; 3; 1; 0; 3; 283; 183; 2; 2; 1; 2; 2; 168; 2
1979;06; 2; 1; 3; 2; 2; 2; 3; 5; 52; 5; 0; 2; 0; 59; 18; 17; 0; 0; 0; 1; 3; 0; 0; 0; 3; 27; 24; 86; 45; 0; 9999
1979;07; 0; 0; 2; 0; 0; 17; 61; 1; 259; 254; 52; 18; 0; 1; 2; 0; 3; 1; 1; 38; 0; 0; 1; 0; 0; 262; 5; 1; 0; 3; 10
1979;08; 1; 0; 2; 2; 1; 2; 2; 1; 1; 1; 0; 6; 219; 0; 62; 2; 26; 467; 30; 28; 18; 22; 19; 0; 0; 1; 54; 1; 1; 0; 0
1979;09; 0; 127; 290; 79; 85; 23; 2; 0; 0; 25; 11; 56; 0; 163; 24; 113; 14; 118; 40; 0; 1; 0; 198; 11; 2; 1; 2; 2; 2; 0; 9999
1979;10; 44; 20; 16; 9; 0; 184; 250; 9999; 145; 10; 0; 0; 1; 49; 0; 2; 1; 0; 12; 30; 0; 0; 2; 0; 3; 2; 42; 4; 76; 179; 424
1979;11; 5; 8; 110; 0; 1; 0; 0; 9; 180; 214; 387; 89; 2; 0; 2; 523; 1; 0; 5; 1; 0; 1; 110; 0; 357; 160; 4; 9; 0; 0; 9999
1979;12; 7; 25; 136; 0; 15; 0; 0; 0; 0; 10; 16; 64; 0; 0; 0; 530; 106; 27; 4; 49; 41; 7; 20; 171; 86; 38; 15; 0; 0; 0; 132
1980;01; 85; 2; 3; 0; 0; 0; 0; 15; 22; 1435; 2; 1; 3; 6; 2; 80; 89; 5; 0; 0; 43; 0; 30; 38; 990; 554; 12; 0; 47; 1; 0
1980;02; 226; 126; 76; 5; 2; 1; 0; 421; 5; 99; 40; 5; 108; 26; 82; 263; 2; 280; 368; 59; 3; 1; 1; 58; 36; 0; 54; 108; 105; 9999; 9999
1980;03; 3; 0; 0; 0; 0; 0; 0; 116; 364; 5; 2; 1; 80; 145; 80; 375; 2; 0; 1; 0; 0; 0; 0; 0; 0; 0; 0; 0; 2; 9; 128
1980;04; 0; 5; 2; 384; 112; 9; 13; 1; 2; 18; 1; 0; 188; 100; 281; 17; 65; 15; 2; 0; 2; 1; 0; 2; 1; 0; 2; 1; 1; 0; 9999
1980;05; 2; 2; 139; 36; 3; 2; 1; 1; 1; 0; 103; 0; 10; 1; 1; 1; 1; 0; 1; 0; 1; 8; 4; 8; 3; 2; 1; 1; 2; 2; 2
1980;06; 2; 0; 75; 0; 0; 0; 0; 0; 0; 2; 1; 0; 0; 1; 0; 0; 2; 1; 1; 81; 185; 130; 10; 3; 175; 141; 203; 2; 1; 2; 9999
1980;07; 1; 120; 203; 53; 95; 13; 0; 0; 2; 329; 297; 2; 2; 1; 44; 1; 0; 2; 1; 2; 1; 1; 1; 2; 0; 1; 0; 9; 0; 1; 220
1980;08; 1; 18; 7; 0; 0; 0; 38; 2; 93; 1; 90; 1; 26; 6; 56; 20; 5; 0; 2; 12; 241; 2; 47; 37; 2; 75; 11; 21; 5; 1; 1
1980;09; 0; 11; 1; 1; 0; 0; 1; 0; 109; 119; 28; 37; 55; 14; 5; 77; 0; 97; 35; 18; 283; 195; 2; 1; 0; 18; 8; 98; 29; 1; 9999
1980;10; 0; 0; 0; 0; 1; 8; 47; 176; 0; 1; 58; 271; 92; 175; 215; 1; 0; 0; 9; 27; 0; 14; 218; 37; 32; 8; 0; 600; 0; 0; 22
1980;11; 40; 0; 0; 0; 2; 0; 10; 5; 13; 0; 94; 132; 16; 10; 0; 0; 0; 18; 6; 12; 0; 2; 0; 800; 9999; 9999; 9999; 9999; 0; 19; 9999
1980;12; 21; 18; 3; 21; 15; 16; 2; 300; 45; 0; 350; 210; 527; 288; 41; 0; 0; 0; 0; 0; 194; 27; 36; 9; 2; 3; 154; 468; 420; 0; 13
1981;01; 50; 1; 1; 0; 1293; 358; 256; 274; 25; 283; 9; 312; 9; 1023; 198; 124; 5; 10; 493; 127; 159; 73; 3; 2; 1; 42; 74; 3; 2; 0; 241
1981;02; 2; 0; 0; 74; 150; 219; 260; 15; 0; 0; 1; 0; 482; 0; 0; 0; 0; 0; 3; 0; 145; 208; 0; 8; 0; 214; 1; 2; 9999; 9999; 9999
1981;03; 1; 1; 0; 35; 130; 10; 36; 0; 83; 2; 3; 22; 1; 0; 0; 270; 371; 73; 183; 8; 0; 1; 9; 0; 0; 120; 19; 500; 413; 8; 1
1981;04; 100; 89; 0; 3; 0; 0; 0; 0; 0; 0; 0; 0; 1; 0; 0; 140; 72; 229; 0; 2; 2; 0; 0; 0; 1; 41; 2; 326; 13; 0; 9999
1981;05; 1; 1; 2; 238; 0; 1; 0; 0; 2; 1; 0; 2; 1; 0; 0; 0; 39; 52; 0; 0; 27; 52; 0; 0; 0; 0; 0; 173; 13; 0; 0
1981;06; 1; 2; 1; 38; 104; 334; 0; 0; 0; 0; 3; 0; 12; 0; 19; 154; 0; 0; 0; 2; 1; 0; 0; 0; 1; 2; 1; 2; 0; 0; 9999
1981;07; 0; 0; 176; 15; 185; 120; 12; 3; 0; 1; 0; 1; 0; 1; 0; 0; 0; 77; 182; 208; 0; 0; 3; 63; 226; 25; 1; 2; 0; 1; 0
1981;08; 0; 1; 1; 2; 1; 0; 2; 0; 28; 100; 38; 27; 45; 0; 0; 0; 0; 132; 2; 1; 74; 47; 0; 0; 2; 1; 0; 1; 0; 8; 5
1981;09; 11; 27; 5; 10; 1; 0; 0; 0; 2; 0; 0; 0; 0; 0; 0; 1; 0; 1; 1; 0; 2; 16; 20; 63; 12; 166; 0; 0; 0; 109; 9999
1981;10; 17; 10; 3; 1; 1; 52; 17; 22; 75; 45; 43; 7; 3; 7; 2; 593; 0; 0; 25; 225; 7; 0; 0; 0; 0; 1; 117; 29; 89; 23; 82
1981;11; 5; 0; 0; 89; 0; 0; 0; 0; 12; 336; 1; 26; 132; 33; 0; 32; 6; 4; 445; 6; 0; 22; 1; 1; 0; 72; 0; 0; 18; 74; 9999
1981;12; 46; 548; 46; 5; 3; 355; 247; 24; 249; 48; 1; 0; 553; 0; 48; 0; 0; 0; 1; 3; 0; 109; 8; 277; 90; 1; 1; 60; 10; 6; 0
1982;01; 9; 110; 48; 39; 36; 0; 0; 0; 245; 249; 162; 248; 22; 0; 0; 0; 0; 0; 0; 20; 0; 3; 313; 91; 1; 0; 0; 21; 4; 44; 6
1982;02; 0; 0; 27; 8; 210; 210; 252; 0; 0; 229; 0; 0; 0; 0; 0; 0; 0; 0; 0; 62; 2; 0; 152; 474; 239; 52; 64; 19; 9999; 9999; 9999
1982;03; 144; 0; 63; 204; 48; 0; 25; 42; 57; 785; 127; 10; 0; 47; 51; 44; 87; 0; 115; 231; 0; 113; 37; 11; 22; 96; 23; 1; 0; 8; 154
1982;04; 82; 58; 39; 4; 8; 143; 31; 16; 13; 1; 0; 2; 1; 98; 120; 67; 56; 108; 30; 0; 2; 1; 0; 6; 2; 0; 9999; 9999; 9999; 9999; 9999
