33
Ano,Mes,1,2,3,4,5,6,7,8,9,10,11,12,13,14,15,16,17,18,19,20,21,22,23,24,25,26,27,28,29,30,31
1936;08; 0; 0; 0; 0; 0; 48; 0; 0; 0; 0; 0; 0; 0; 0; 0; 0; 0; 0; 0; 0; 0; 0; 101; 0; 0; 0; 0; 79; 0; 0; 0
1936;09; 0; 0; 0; 0; 0; 0; 0; 0; 33; 0; 0; 307; 0; 0; 0; 59; 0; 0; 325; 0; 0; 0; 142; 0; 0; 0; 0; 0; 0; 0; 9999
1936;10; 0; 0; 0; 0; 0; 0; 0; 0; 0; 10; 0; 0; 0; 0; 0; 0; 0; 0; 0; 0; 290; 0; 0; 0; 0; 0; 0; 0; 0; 0; 0
1936;11; 67; 0; 22; 0; 260; 0; 0; 0; 22; 25; 0; 0; 370; 0; 0; 0; 0; 12; 71; 0; 0; 0; 390; 100; 90; 0; 0; 0; 0; 0; 9999
1936;12; 0; 47; 580; 0; 0; 190; 17; 4; 0; 0; 0; 0; 265; 360; 260; 248; 11; 540; 0; 90; 201; 0; 0; 0; 203; 100; 155; 130; 35; 0; 0
1937;01; 0; 0; 0; 0; 222; 0; 0; 750; 62; 0; 340; 100; 210; 120; 165; 2; 0; 5; 0; 165; 0; 0; 0; 10; 0; 0; 0; 0; 0; 270; 60
1937;02; 0; 60; 405; 163; 0; 0; 42; 3; 0; 0; 1; 38; 282; 105; 164; 0; 0; 0; 0; 53; 0; 30; 13; 171; 0; 0; 0; 0; 9999; 9999; 9999
1937;03; 190; 0; 5; 0; 216; 105; 71; 0; 0; 0; 0; 131; 193; 0; 0; 5; 0; 0; 0; 46; 0; 0; 0; 0; 107; 0; 0; 0; 0; 0; 0
1937;04; 0; 0; 0; 198; 391; 0; 190; 81; 135; 15; 0; 0; 0; 31; 182; 130; 10; 0; 0; 180; 0; 10; 0; 0; 0; 0; 0; 0; 0; 30; 9999
1937;05; 60; 0; 0; 0; 0; 0; 0; 0; 0; 0; 0; 0; 0; 5; 55; 155; 0; 0; 0; 0; 0; 0; 0; 0; 0; 0; 0; 0; 55; 0; 0
1937;06; 213; 0; 0; 0; 320; 280; 0; 0; 0; 0; 0; 0; 0; 0; 0; 0; 0; 0; 0; 0; 0; 0; 0; 0; 0; 0; 0; 0; 0; 0; 9999
1937;07; 0; 0; 0; 0; 0; 0; 0; 0; 0; 0; 0; 0; 0; 0; 0; 0; 0; 0; 0; 0; 0; 0; 0; 0; 0; 0; 0; 0; 0; 0; 0
1937;08; 0; 0; 0; 0; 0; 0; 0; 0; 0; 0; 0; 0; 0; 0; 0; 0; 0; 0; 0; 0; 0; 0; 0; 124; 0; 0; 0; 0; 220; 0; 0
1937;09; 0; 0; 0; 0; 0; 0; 0; 0; 0; 0; 0; 0; 0; 0; 0; 0; 0; 0; 0; 0; 0; 0; 0; 0; 0; 0; 0; 0; 2; 0; 9999
1937;10; 8; 20; 110; 45; 0; 0; 0; 40; 105; 0; 0; 0; 0; 0; 112; 240; 25; 0; 30; 220; 60; 0; 0; 0; 760; 110; 0; 0; 0; 0; 105
1937;11; 0; 105; 305; 0; 0; 0; 0; 0; 175; 0; 0; 22; 0; 0; 0; 102; 330; 0; 0; 0; 0; 0; 5; 30; 0; 0; 0; 0; 0; 0; 9999
1937;12; 3; 2; 0; 1; 40; 130; 3; 0; 0; 125; 30; 0; 0; 0; 25; 135; 622; 225; 0; 0; 0; 0; 0; 0; 140; 0; 0; 0; 360; 0; 32
1938;01; 90; 50; 0; 80; 380; 55; 0; 0; 0; 0; 0; 0; 5; 20; 0; 280; 100; 0; 3; 0; 60; 0; 0; 0; 0; 0; 0; 85; 0; 0; 0
1938;02; 0; 0; 40; 130; 0; 165; 130; 35; 0; 340; 0; 0; 360; 0; 0; 0; 0; 255; 85; 0; 0; 150; 32; 0; 0; 20; 0; 0; 9999; 9999; 9999
1938;03; 461; 40; 0; 0; 345; 0; 0; 82; 24; 0; 0; 26; 0; 0; 0; 0; 190; 0; 130; 0; 0; 0; 5; 2; 0; 0; 0; 0; 0; 59; 53
1938;04; 4; 0; 0; 0; 11; 295; 0; 0; 42; 402; 20; 0; 0; 0; 0; 0; 0; 0; 2; 0; 6; 0; 0; 0; 0; 0; 0; 0; 0; 69; 9999
1938;05; 0; 0; 0; 0; 0; 0; 0; 0; 0; 0; 0; 0; 66; 0; 0; 0; 107; 0; 150; 826; 12; 28; 1; 0; 0; 180; 0; 0; 0; 0; 0
1938;06; 0; 0; 0; 0; 0; 0; 0; 0; 0; 0; 0; 0; 0; 0; 0; 0; 0; 0; 0; 0; 0; 0; 0; 0; 0; 0; 0; 0; 0; 0; 9999
1938;07; 0; 0; 0; 0; 0; 0; 0; 0; 0; 0; 0; 0; 0; 0; 0; 0; 0; 0; 0; 0; 0; 0; 0; 0; 0; 0; 0; 0; 0; 0; 0
1938;08; 0; 82; 0; 0; 0; 0; 52; 44; 0; 1; 0; 0; 0; 0; 0; 0; 0; 0; 0; 0; 0; 0; 0; 0; 0; 0; 0; 0; 0; 0; 0
1938;09; 0; 0; 0; 0; 0; 0; 5; 0; 205; 5; 0; 170; 3; 126; 0; 0; 0; 0; 0; 0; 0; 0; 0; 0; 0; 0; 0; 0; 0; 0; 9999
1938;10; 0; 205; 7; 0; 0; 0; 0; 0; 13; 0; 0; 20; 185; 90; 0; 0; 413; 4; 0; 70; 1; 0; 121; 130; 0; 0; 35; 0; 0; 0; 23
1938;11; 0; 0; 0; 0; 12; 0; 0; 0; 0; 76; 0; 0; 0; 0; 0; 60; 0; 0; 0; 0; 0; 170; 0; 0; 77; 0; 0; 67; 130; 505; 9999
1938;12; 266; 0; 0; 0; 0; 0; 0; 403; 27; 11; 0; 0; 3; 0; 0; 60; 0; 348; 0; 0; 12; 0; 379; 260; 678; 5; 0; 125; 0; 0; 38
1939;01; 552; 29; 53; 0; 0; 14; 0; 0; 7; 0; 0; 0; 0; 155; 0; 0; 44; 0; 0; 0; 58; 458; 542; 5; 0; 0; 0; 0; 97; 7; 20
1939;02; 357; 0; 0; 336; 0; 0; 0; 465; 228; 210; 4; 53; 0; 0; 0; 0; 0; 0; 0; 118; 125; 15; 0; 0; 0; 440; 57; 0; 9999; 9999; 9999
1939;03; 122; 0; 0; 0; 0; 0; 0; 0; 0; 0; 0; 0; 0; 0; 0; 48; 0; 5; 176; 0; 0; 64; 170; 161; 40; 102; 0; 0; 0; 175; 1
1939;04; 0; 0; 0; 102; 10; 0; 0; 0; 0; 0; 0; 0; 0; 0; 0; 189; 40; 200; 0; 0; 0; 0; 0; 0; 0; 79; 51; 0; 0; 0; 9999
1939;05; 0; 0; 0; 0; 200; 0; 0; 394; 0; 2; 0; 427; 0; 0; 0; 0; 0; 0; 0; 0; 0; 0; 0; 0; 0; 0; 0; 0; 211; 476; 22
1939;06; 0; 0; 204; 6; 0; 0; 0; 0; 0; 55; 51; 0; 0; 0; 0; 178; 0; 0; 0; 0; 0; 0; 0; 0; 0; 0; 0; 0; 356; 0; 9999
1939;07; 0; 0; 0; 0; 0; 0; 0; 0; 0; 0; 0; 0; 3; 0; 0; 0; 0; 2; 0; 21; 2; 4; 0; 0; 210; 0; 0; 44; 0; 0; 0
1939;08; 0; 0; 0; 0; 0; 0; 0; 0; 0; 0; 0; 0; 0; 0; 0; 0; 0; 0; 0; 0; 0; 0; 0; 0; 0; 0; 0; 0; 0; 0; 0
1939;09; 0; 0; 59; 40; 0; 0; 0; 0; 0; 0; 0; 5; 6; 0; 0; 0; 0; 265; 0; 0; 0; 0; 0; 0; 26; 0; 0; 11; 0; 18; 9999
1939;10; 0; 85; 0; 46; 135; 0; 0; 0; 0; 0; 0; 0; 0; 0; 0; 0; 0; 0; 0; 0; 0; 128; 6; 15; 1; 44; 0; 0; 0; 0; 0
1939;11; 4; 0; 0; 0; 0; 2; 3; 228; 262; 0; 0; 0; 0; 70; 260; 392; 112; 336; 81; 0; 0; 142; 209; 164; 0; 264; 60; 0; 0; 238; 9999
1939;12; 260; 35; 167; 126; 0; 0; 0; 0; 0; 260; 20; 232; 0; 0; 96; 0; 200; 253; 22; 148; 0; 141; 15; 14; 6; 13; 3; 53; 1; 0; 2
1940;01; 83; 80; 34; 3; 40; 49; 0; 40; 400; 240; 388; 121; 0; 0; 0; 0; 0; 0; 191; 81; 46; 260; 45; 0; 6; 0; 250; 0; 0; 94; 0
1940;02; 359; 345; 94; 280; 9; 28; 169; 10; 0; 0; 280; 52; 70; 153; 109; 0; 30; 68; 393; 266; 150; 235; 1; 44; 56; 0; 0; 0; 0; 9999; 9999
1940;03; 0; 0; 0; 0; 323; 0; 6; 24; 92; 182; 25; 0; 0; 400; 2; 0; 229; 0; 0; 0; 0; 0; 0; 0; 0; 0; 0; 106; 0; 0; 58
1940;04; 0; 0; 0; 0; 0; 0; 0; 0; 0; 0; 0; 0; 0; 0; 0; 95; 3; 0; 0; 0; 0; 0; 136; 0; 0; 0; 112; 31; 1; 3; 9999
1940;05; 0; 322; 0; 0; 0; 0; 0; 0; 0; 0; 0; 0; 0; 0; 24; 0; 0; 0; 75; 0; 0; 0; 0; 0; 0; 0; 0; 0; 0; 0; 0
1940;06; 0; 0; 0; 0; 0; 0; 0; 0; 0; 0; 0; 0; 0; 0; 0; 0; 0; 0; 0; 0; 0; 0; 0; 0; 0; 0; 0; 0; 0; 0; 9999
1940;07; 0; 0; 0; 0; 0; 0; 0; 0; 0; 0; 0; 0; 0; 0; 0; 0; 0; 0; 0; 0; 0; 74; 0; 0; 0; 0; 0; 0; 6; 0; 0
1940;08; 0; 0; 0; 0; 0; 0; 0; 0; 0; 0; 0; 0; 0; 0; 0; 0; 0; 0; 0; 0; 0; 0; 0; 0; 0; 0; 16; 0; 0; 0; 0
1940;09; 0; 0; 0; 0; 0; 0; 0; 0; 0; 0; 0; 0; 58; 0; 0; 0; 0; 0; 0; 0; 0; 20; 0; 0; 366; 0; 0; 0; 0; 0; 9999
1940;10; 0; 0; 0; 0; 0; 0; 0; 0; 0; 15; 324; 0; 0; 0; 0; 0; 0; 0; 0; 0; 394; 102; 0; 0; 40; 0; 0; 0; 0; 174; 0
1940;11; 0; 0; 0; 0; 23; 0; 0; 304; 0; 0; 8; 238; 186; 310; 271; 67; 14; 0; 0; 0; 10; 0; 0; 0; 237; 38; 40; 178; 55; 0; 9999
1940;12; 0; 0; 0; 126; 0; 0; 0; 0; 0; 0; 0; 0; 47; 217; 198; 190; 200; 1; 143; 160; 56; 6; 400; 43; 231; 184; 143; 0; 2; 0; 27
1941;01; 400; 95; 0; 393; 1; 0; 0; 0; 0; 220; 0; 100; 48; 400; 70; 36; 0; 2; 0; 0; 385; 0; 407; 200; 0; 0; 0; 0; 2; 4; 0
1941;02; 0; 0; 0; 0; 0; 0; 0; 0; 0; 0; 0; 0; 0; 0; 0; 0; 0; 2; 45; 0; 0; 0; 27; 140; 0; 100; 0; 0; 9999; 9999; 9999
1941;03; 0; 0; 0; 0; 0; 0; 0; 0; 0; 0; 0; 0; 0; 8; 100; 3; 0; 0; 0; 0; 0; 1; 0; 3; 361; 84; 0; 0; 0; 0; 0
1941;04; 355; 121; 0; 0; 0; 0; 0; 242; 0; 0; 0; 0; 0; 0; 0; 0; 0; 0; 0; 0; 0; 0; 0; 0; 0; 0; 0; 0; 0; 0; 9999
1941;05; 0; 0; 0; 0; 0; 0; 0; 0; 0; 0; 0; 0; 0; 0; 0; 0; 0; 0; 0; 0; 0; 0; 0; 0; 0; 0; 0; 6; 2; 0; 0
1941;06; 0; 0; 0; 0; 0; 0; 0; 0; 0; 0; 0; 0; 0; 0; 0; 0; 0; 0; 0; 0; 0; 0; 0; 0; 0; 0; 0; 0; 0; 0; 9999
1941;07; 0; 0; 0; 0; 0; 0; 0; 5; 0; 0; 0; 0; 0; 0; 0; 0; 93; 0; 114; 64; 0; 0; 0; 0; 0; 0; 0; 0; 0; 0; 0
1941;08; 0; 0; 0; 0; 0; 0; 0; 0; 0; 0; 0; 0; 0; 0; 42; 0; 0; 0; 0; 0; 0; 0; 0; 0; 0; 0; 0; 0; 0; 0; 0
1941;09; 0; 0; 0; 80; 0; 0; 235; 0; 0; 0; 57; 0; 0; 250; 133; 0; 0; 140; 0; 0; 0; 32; 0; 0; 0; 248; 54; 26; 0; 32; 9999
1941;10; 0; 0; 0; 0; 0; 0; 0; 340; 5; 0; 0; 0; 0; 0; 0; 0; 11; 0; 0; 0; 0; 0; 0; 0; 0; 0; 0; 0; 0; 0; 0
1941;11; 380; 0; 0; 0; 100; 234; 130; 0; 294; 0; 0; 0; 395; 0; 0; 0; 402; 57; 16; 8; 5; 0; 51; 3; 0; 180; 0; 0; 0; 3; 9999
1941;12; 346; 105; 0; 0; 0; 0; 0; 0; 0; 200; 105; 0; 0; 100; 5; 0; 0; 122; 0; 123; 0; 0; 0; 0; 0; 0; 0; 0; 67; 76; 0
1942;01; 67; 0; 0; 0; 0; 0; 0; 0; 92; 302; 0; 0; 0; 0; 81; 20; 0; 0; 0; 186; 70; 0; 0; 0; 0; 198; 27; 60; 0; 60; 42
1942;02; 64; 66; 227; 141; 0; 0; 0; 0; 60; 0; 21; 0; 0; 217; 76; 5; 14; 63; 116; 384; 0; 0; 83; 0; 0; 0; 0; 45; 9999; 9999; 9999
1942;03; 134; 52; 405; 350; 200; 42; 0; 218; 310; 147; 40; 362; 45; 240; 46; 0; 0; 0; 0; 0; 0; 30; 0; 0; 0; 0; 0; 0; 0; 0; 293
1942;04; 0; 0; 0; 0; 250; 140; 392; 0; 0; 0; 0; 0; 0; 0; 285; 35; 0; 0; 0; 0; 0; 0; 0; 0; 0; 0; 0; 0; 0; 0; 9999
1942;05; 0; 0; 0; 0; 0; 370; 74; 0; 0; 0; 205; 0; 0; 0; 0; 0; 0; 0; 0; 0; 0; 0; 0; 0; 0; 0; 0; 0; 0; 0; 0
1942;06; 0; 0; 0; 0; 0; 0; 72; 0; 0; 12; 0; 0; 0; 0; 0; 0; 0; 0; 8; 0; 0; 0; 0; 0; 0; 0; 0; 0; 0; 0; 9999
1942;07; 0; 0; 0; 0; 0; 0; 0; 0; 0; 12; 0; 0; 0; 0; 0; 0; 0; 0; 0; 0; 0; 0; 0; 0; 0; 0; 0; 0; 0; 0; 0
1942;08; 0; 0; 0; 0; 0; 0; 0; 0; 0; 0; 0; 0; 0; 0; 0; 0; 0; 0; 0; 0; 0; 0; 0; 0; 0; 0; 0; 0; 0; 0; 0
1942;09; 0; 0; 0; 10; 0; 0; 0; 0; 0; 0; 0; 0; 0; 0; 0; 0; 40; 12; 138; 5; 0; 0; 0; 50; 0; 0; 0; 0; 0; 0; 9999
1942;10; 7; 0; 0; 6; 0; 0; 0; 0; 0; 0; 0; 0; 2; 0; 0; 0; 0; 0; 0; 0; 0; 0; 0; 0; 0; 8; 0; 72; 397; 0; 0
1942;11; 0; 27; 0; 0; 0; 0; 0; 0; 17; 0; 0; 0; 110; 163; 48; 0; 1; 0; 53; 138; 0; 0; 0; 0; 310; 410; 121; 60; 0; 33; 9999
1942;12; 0; 0; 5; 0; 0; 0; 0; 0; 0; 3; 300; 200; 290; 0; 100; 0; 5; 0; 0; 164; 394; 415; 168; 0; 128; 0; 40; 0; 46; 0; 0
1943;01; 0; 0; 395; 88; 0; 125; 100; 110; 0; 0; 0; 0; 73; 80; 400; 20; 56; 0; 210; 90; 70; 205; 3; 25; 35; 32; 0; 100; 0; 105; 84
1943;02; 105; 3; 0; 0; 0; 0; 0; 0; 170; 16; 5; 126; 5; 100; 364; 125; 39; 77; 0; 0; 30; 0; 267; 8; 0; 0; 0; 0; 9999; 9999; 9999
1943;03; 2; 0; 0; 87; 0; 98; 100; 96; 86; 0; 190; 192; 143; 172; 201; 0; 0; 40; 0; 0; 0; 0; 110; 0; 0; 0; 0; 13; 0; 60; 0
1943;04; 0; 0; 0; 0; 0; 0; 0; 0; 0; 0; 0; 0; 0; 0; 17; 240; 51; 0; 0; 0; 0; 0; 0; 0; 0; 0; 0; 0; 0; 0; 9999
1943;05; 0; 0; 0; 0; 0; 0; 0; 0; 0; 0; 0; 0; 0; 0; 0; 0; 0; 0; 0; 0; 0; 0; 0; 0; 0; 0; 0; 0; 0; 0; 0
1943;06; 0; 0; 0; 0; 0; 53; 0; 302; 0; 0; 0; 0; 0; 0; 0; 0; 0; 0; 0; 0; 0; 0; 0; 0; 0; 0; 0; 0; 0; 0; 9999
1943;07; 0; 0; 0; 0; 0; 0; 0; 0; 0; 0; 0; 0; 0; 0; 0; 0; 0; 0; 0; 0; 0; 0; 0; 0; 0; 0; 0; 0; 0; 0; 0
1943;08; 0; 0; 0; 20; 0; 0; 0; 0; 0; 0; 0; 0; 0; 0; 0; 0; 0; 0; 0; 0; 0; 0; 0; 0; 0; 0; 0; 0; 0; 0; 0
1943;09; 0; 0; 0; 0; 0; 0; 0; 0; 0; 0; 0; 72; 20; 216; 0; 0; 0; 0; 195; 63; 0; 12; 0; 196; 172; 0; 0; 0; 0; 0; 9999
1943;10; 0; 0; 0; 102; 110; 0; 0; 0; 0; 0; 0; 401; 0; 164; 36; 0; 0; 0; 0; 0; 0; 30; 0; 0; 0; 0; 62; 150; 0; 0; 0
1943;11; 0; 50; 140; 202; 0; 312; 0; 0; 0; 0; 249; 0; 0; 0; 0; 7; 150; 20; 140; 0; 0; 0; 0; 0; 0; 0; 0; 0; 0; 0; 9999
1943;12; 196; 392; 0; 0; 0; 0; 0; 0; 0; 0; 0; 0; 377; 0; 0; 0; 13; 0; 0; 0; 0; 0; 50; 0; 0; 9; 0; 0; 301; 20; 35
1944;01; 105; 2; 0; 0; 0; 95; 0; 112; 0; 0; 0; 10; 30; 18; 0; 0; 0; 128; 16; 0; 0; 0; 0; 390; 233; 95; 0; 0; 0; 3; 0
1944;02; 0; 383; 0; 30; 0; 0; 0; 0; 0; 0; 0; 0; 0; 0; 226; 261; 23; 348; 64; 51; 0; 74; 138; 0; 0; 19; 0; 86; 0; 9999; 9999
1944;03; 18; 0; 14; 0; 389; 0; 5; 0; 0; 78; 42; 20; 68; 52; 55; 10; 20; 42; 106; 0; 0; 0; 0; 0; 0; 61; 0; 0; 0; 0; 0
1944;04; 1; 153; 0; 0; 0; 0; 0; 0; 0; 0; 3; 0; 0; 0; 75; 190; 0; 0; 0; 0; 377; 0; 0; 0; 0; 0; 0; 0; 0; 0; 9999
1944;05; 0; 0; 0; 0; 0; 0; 0; 0; 0; 1; 0; 0; 0; 0; 0; 0; 0; 0; 0; 0; 0; 0; 0; 0; 0; 0; 0; 0; 0; 0; 0
1944;06; 0; 0; 0; 0; 8; 0; 0; 0; 0; 0; 0; 0; 0; 0; 0; 0; 0; 0; 0; 0; 0; 0; 0; 0; 0; 0; 0; 0; 0; 0; 9999
1944;07; 0; 0; 0; 0; 0; 0; 0; 0; 0; 0; 0; 0; 0; 0; 0; 0; 0; 0; 0; 0; 0; 0; 0; 0; 0; 0; 0; 0; 0; 0; 0
1944;08; 0; 0; 0; 0; 0; 0; 0; 0; 0; 0; 0; 0; 0; 0; 0; 0; 0; 0; 0; 0; 0; 0; 0; 0; 0; 0; 0; 0; 0; 0; 0
1944;09; 0; 0; 0; 0; 0; 0; 0; 26; 0; 0; 0; 0; 0; 0; 0; 0; 0; 0; 0; 0; 0; 0; 0; 0; 0; 0; 0; 0; 0; 0; 9999
1944;10; 0; 0; 0; 0; 0; 0; 0; 0; 0; 0; 0; 0; 0; 395; 0; 0; 18; 7; 0; 0; 1; 0; 0; 0; 0; 0; 273; 0; 60; 45; 85
1944;11; 0; 106; 84; 0; 80; 0; 0; 384; 7; 0; 0; 0; 280; 110; 120; 42; 0; 0; 0; 0; 225; 0; 127; 263; 118; 0; 0; 0; 0; 0; 9999
1944;12; 0; 152; 0; 0; 130; 0; 0; 0; 0; 151; 0; 0; 0; 0; 0; 0; 0; 0; 5; 0; 0; 0; 40; 0; 131; 0; 52; 0; 0; 0; 21
1945;01; 0; 0; 112; 0; 0; 0; 100; 100; 0; 0; 0; 0; 125; 0; 0; 0; 2; 3; 88; 42; 0; 0; 0; 0; 0; 86; 198; 0; 152; 235; 202
1945;02; 212; 47; 17; 0; 0; 36; 385; 224; 146; 51; 300; 388; 0; 0; 0; 316; 12; 92; 71; 26; 360; 0; 88; 0; 0; 0; 0; 163; 9999; 9999; 9999
1945;03; 0; 90; 111; 62; 0; 0; 0; 380; 21; 32; 0; 0; 0; 0; 5; 0; 0; 60; 0; 0; 383; 0; 82; 161; 104; 84; 0; 0; 0; 0; 0
1945;04; 43; 12; 0; 0; 393; 206; 0; 0; 0; 0; 0; 0; 0; 0; 0; 0; 0; 0; 0; 112; 0; 6; 0; 0; 0; 0; 0; 0; 0; 77; 9999
1945;05; 0; 0; 0; 0; 0; 0; 0; 0; 0; 0; 1; 0; 0; 0; 0; 0; 0; 0; 0; 0; 0; 0; 0; 0; 0; 0; 0; 0; 0; 0; 0
1945;06; 0; 0; 0; 0; 84; 0; 0; 0; 0; 0; 0; 0; 0; 0; 0; 0; 0; 0; 0; 240; 0; 0; 0; 16; 20; 0; 0; 0; 0; 0; 9999
1945;07; 0; 0; 0; 113; 105; 0; 15; 0; 0; 0; 0; 0; 0; 0; 0; 0; 0; 0; 0; 0; 0; 0; 0; 0; 0; 0; 0; 0; 0; 0; 0
1945;08; 0; 0; 0; 0; 0; 0; 0; 0; 0; 0; 0; 0; 0; 0; 0; 0; 0; 0; 0; 0; 0; 0; 0; 0; 0; 0; 0; 0; 0; 0; 0
1945;09; 0; 0; 4; 0; 0; 0; 0; 0; 0; 0; 0; 0; 0; 0; 0; 223; 20; 0; 0; 0; 0; 0; 0; 0; 0; 0; 0; 0; 0; 0; 9999
1945;10; 0; 5; 0; 101; 130; 384; 0; 0; 0; 0; 0; 0; 0; 0; 0; 0; 0; 340; 0; 0; 0; 0; 0; 0; 0; 96; 0; 0; 0; 0; 0
1945;11; 95; 41; 302; 0; 86; 310; 0; 0; 201; 0; 326; 67; 0; 0; 0; 0; 0; 5; 0; 0; 100; 127; 0; 0; 30; 62; 28; 316; 0; 0; 9999
1945;12; 0; 0; 0; 0; 0; 198; 0; 0; 0; 0; 7; 101; 298; 145; 250; 150; 100; 108; 0; 0; 0; 0; 50; 0; 0; 0; 100; 108; 92; 0; 0
1946;01; 9999; 9999; 9999; 9999; 9999; 9999; 9999; 9999; 9999; 9999; 9999; 9999; 9999; 9999; 9999; 9999; 9999; 9999; 9999; 9999; 9999; 9999; 9999; 9999; 9999; 9999; 9999; 9999; 9999; 9999; 9999
1946;02; 9999; 9999; 9999; 9999; 9999; 9999; 9999; 9999; 9999; 9999; 9999; 9999; 9999; 9999; 9999; 9999; 9999; 9999; 9999; 9999; 9999; 9999; 9999; 9999; 9999; 9999; 9999; 9999; 9999; 9999; 9999
1946;03; 9999; 9999; 9999; 9999; 9999; 9999; 9999; 9999; 9999; 9999; 9999; 9999; 9999; 9999; 9999; 9999; 9999; 9999; 9999; 9999; 9999; 9999; 9999; 9999; 9999; 9999; 9999; 9999; 9999; 9999; 9999
1946;04; 9999; 9999; 9999; 9999; 9999; 9999; 9999; 9999; 9999; 9999; 9999; 9999; 9999; 9999; 9999; 9999; 9999; 9999; 9999; 9999; 9999; 9999; 9999; 9999; 9999; 9999; 9999; 9999; 9999; 9999; 9999
1946;05; 9999; 9999; 9999; 9999; 9999; 9999; 9999; 9999; 9999; 9999; 9999; 9999; 9999; 9999; 9999; 9999; 9999; 9999; 9999; 9999; 9999; 9999; 9999; 9999; 9999; 9999; 9999; 9999; 9999; 9999; 9999
1946;06; 9999; 9999; 9999; 9999; 9999; 9999; 9999; 9999; 9999; 9999; 9999; 9999; 9999; 9999; 9999; 9999; 9999; 9999; 9999; 9999; 9999; 9999; 9999; 9999; 9999; 9999; 9999; 9999; 9999; 9999; 9999
1946;07; 9999; 9999; 9999; 9999; 9999; 9999; 9999; 9999; 9999; 9999; 9999; 9999; 9999; 9999; 9999; 9999; 9999; 9999; 9999; 9999; 9999; 9999; 9999; 9999; 9999; 9999; 9999; 9999; 9999; 9999; 9999
1946;08; 9999; 9999; 9999; 9999; 9999; 9999; 9999; 9999; 9999; 9999; 9999; 9999; 9999; 9999; 9999; 9999; 9999; 9999; 9999; 9999; 9999; 9999; 9999; 9999; 9999; 9999; 9999; 9999; 9999; 9999; 9999
1946;09; 9999; 9999; 9999; 9999; 9999; 9999; 9999; 9999; 9999; 9999; 9999; 9999; 9999; 9999; 9999; 9999; 9999; 9999; 9999; 9999; 9999; 9999; 9999; 9999; 9999; 9999; 9999; 9999; 9999; 9999; 9999
1946;10; 9999; 9999; 9999; 9999; 9999; 9999; 9999; 9999; 9999; 9999; 9999; 9999; 9999; 9999; 9999; 9999; 9999; 9999; 9999; 9999; 9999; 9999; 9999; 9999; 9999; 9999; 9999; 9999; 9999; 9999; 9999
1946;11; 9999; 9999; 9999; 9999; 9999; 9999; 9999; 9999; 9999; 9999; 9999; 9999; 9999; 9999; 9999; 9999; 9999; 9999; 9999; 9999; 9999; 9999; 9999; 9999; 9999; 9999; 9999; 9999; 9999; 9999; 9999
1946;12; 9999; 9999; 9999; 9999; 9999; 9999; 9999; 9999; 9999; 9999; 9999; 9999; 9999; 9999; 9999; 9999; 9999; 9999; 9999; 9999; 9999; 9999; 9999; 9999; 9999; 9999; 9999; 9999; 9999; 9999; 9999
1947;01; 0; 0; 0; 0; 0; 0; 0; 0; 0; 0; 0; 0; 0; 0; 0; 0; 0; 0; 0; 0; 0; 0; 0; 0; 0; 0; 0; 0; 0; 0; 0
1947;02; 0; 52; 0; 0; 0; 128; 4; 0; 0; 170; 0; 3; 26; 360; 2; 420; 33; 95; 71; 0; 22; 0; 96; 0; 5; 28; 147; 69; 9999; 9999; 9999
1947;03; 270; 68; 46; 0; 130; 418; 21; 420; 130; 60; 24; 0; 0; 69; 168; 400; 89; 40; 36; 0; 0; 0; 0; 20; 3; 228; 28; 1; 0; 0; 0
1947;04; 0; 0; 0; 0; 0; 0; 0; 0; 0; 0; 0; 0; 0; 0; 0; 0; 0; 0; 5; 0; 0; 0; 0; 0; 0; 0; 0; 0; 0; 0; 9999
1947;05; 0; 0; 0; 304; 0; 0; 0; 0; 0; 0; 1; 0; 0; 0; 0; 0; 0; 0; 2; 112; 0; 0; 0; 12; 0; 0; 0; 0; 0; 0; 0
1947;06; 0; 0; 0; 0; 0; 0; 0; 0; 0; 0; 0; 0; 0; 0; 0; 0; 0; 0; 0; 7; 7; 5; 135; 0; 3; 0; 0; 0; 0; 0; 9999
1947;07; 0; 0; 0; 0; 48; 0; 2; 2; 95; 33; 0; 0; 0; 0; 0; 0; 0; 0; 0; 0; 0; 0; 0; 0; 0; 0; 0; 8; 0; 0; 0
1947;08; 109; 30; 0; 0; 0; 0; 0; 0; 0; 0; 0; 0; 0; 0; 0; 0; 0; 0; 0; 0; 0; 0; 0; 0; 12; 18; 0; 100; 90; 100; 104
1947;09; 37; 0; 0; 34; 0; 0; 0; 0; 362; 0; 123; 0; 0; 0; 0; 0; 0; 168; 40; 0; 0; 0; 0; 53; 75; 0; 0; 0; 0; 0; 9999
1947;10; 0; 0; 0; 0; 148; 0; 5; 200; 168; 0; 0; 0; 0; 0; 0; 0; 0; 0; 0; 0; 0; 0; 90; 606; 0; 0; 0; 0; 0; 0; 0
1947;11; 277; 0; 90; 83; 0; 0; 0; 0; 0; 130; 0; 0; 0; 0; 0; 0; 0; 0; 0; 0; 0; 0; 0; 0; 39; 600; 203; 0; 0; 0; 9999
1947;12; 0; 205; 0; 0; 0; 0; 0; 204; 0; 0; 101; 29; 56; 4; 2; 8; 66; 568; 1; 57; 384; 427; 0; 0; 30; 7; 7; 0; 2; 0; 0
1948;01; 0; 0; 0; 0; 0; 0; 0; 0; 8; 17; 101; 44; 238; 396; 170; 124; 40; 74; 25; 2; 1; 19; 138; 4; 75; 0; 81; 105; 13; 9; 197
1948;02; 1; 33; 0; 160; 0; 247; 64; 8; 350; 41; 603; 25; 0; 280; 242; 78; 0; 0; 0; 0; 260; 51; 6; 0; 110; 0; 72; 43; 254; 9999; 9999
1948;03; 12; 0; 0; 0; 0; 0; 150; 0; 0; 0; 58; 182; 40; 8; 605; 42; 0; 5; 86; 0; 0; 0; 52; 0; 57; 154; 0; 0; 0; 0; 0
1948;04; 0; 0; 0; 0; 0; 0; 0; 0; 53; 0; 0; 0; 0; 0; 0; 0; 0; 0; 0; 0; 0; 0; 0; 0; 0; 0; 0; 0; 0; 0; 9999
1948;05; 0; 0; 0; 0; 0; 0; 0; 0; 0; 0; 0; 0; 0; 0; 0; 0; 0; 41; 0; 195; 0; 0; 0; 0; 0; 0; 0; 0; 132; 0; 0
1948;06; 0; 0; 0; 0; 0; 0; 0; 0; 0; 0; 0; 0; 0; 0; 0; 0; 0; 0; 0; 0; 0; 0; 0; 0; 0; 0; 0; 0; 0; 0; 9999
1948;07; 0; 0; 0; 0; 0; 0; 0; 0; 0; 0; 0; 0; 0; 0; 0; 0; 0; 0; 0; 40; 1; 0; 0; 0; 22; 93; 65; 7; 40; 5; 0
1948;08; 0; 0; 60; 0; 0; 0; 0; 6; 0; 0; 0; 21; 0; 0; 0; 0; 0; 0; 0; 0; 0; 0; 0; 0; 0; 0; 15; 0; 0; 0; 0
1948;09; 0; 0; 0; 0; 0; 0; 0; 0; 0; 0; 0; 23; 0; 0; 0; 0; 0; 0; 0; 0; 0; 0; 0; 0; 0; 0; 0; 47; 0; 0; 9999
1948;10; 0; 0; 0; 0; 250; 20; 0; 0; 0; 0; 0; 0; 182; 0; 233; 0; 0; 0; 0; 0; 0; 0; 0; 0; 0; 0; 20; 0; 95; 100; 0
1948;11; 0; 125; 275; 0; 113; 175; 0; 97; 420; 0; 0; 0; 0; 0; 0; 0; 570; 0; 190; 60; 85; 0; 0; 0; 0; 0; 140; 0; 0; 0; 9999
1948;12; 0; 4; 0; 0; 42; 50; 0; 103; 125; 0; 0; 0; 0; 0; 0; 530; 0; 270; 200; 193; 0; 0; 34; 0; 0; 0; 0; 0; 0; 0; 0
1949;01; 9999; 9999; 9999; 9999; 9999; 9999; 9999; 9999; 9999; 9999; 9999; 9999; 9999; 9999; 9999; 9999; 9999; 9999; 9999; 9999; 9999; 9999; 9999; 9999; 9999; 9999; 9999; 9999; 9999; 9999; 9999
1949;02; 9999; 9999; 9999; 9999; 9999; 9999; 9999; 9999; 9999; 9999; 9999; 9999; 9999; 9999; 9999; 9999; 9999; 9999; 9999; 9999; 9999; 9999; 9999; 9999; 9999; 9999; 9999; 9999; 9999; 9999; 9999
1949;03; 9999; 9999; 9999; 9999; 9999; 9999; 9999; 9999; 9999; 9999; 9999; 9999; 9999; 9999; 9999; 9999; 9999; 9999; 9999; 9999; 9999; 9999; 9999; 9999; 9999; 9999; 9999; 9999; 9999; 9999; 9999
1949;04; 9999; 9999; 9999; 9999; 9999; 9999; 9999; 9999; 9999; 9999; 9999; 9999; 9999; 9999; 9999; 9999; 9999; 9999; 9999; 9999; 9999; 9999; 9999; 9999; 9999; 9999; 9999; 9999; 9999; 9999; 9999
1949;05; 9999; 9999; 9999; 9999; 9999; 9999; 9999; 9999; 9999; 9999; 9999; 9999; 9999; 9999; 9999; 9999; 9999; 9999; 9999; 9999; 9999; 9999; 9999; 9999; 9999; 9999; 9999; 9999; 9999; 9999; 9999
1949;06; 9999; 9999; 9999; 9999; 9999; 9999; 9999; 9999; 9999; 9999; 9999; 9999; 9999; 9999; 9999; 9999; 9999; 9999; 9999; 9999; 9999; 9999; 9999; 9999; 9999; 9999; 9999; 9999; 9999; 9999; 9999
1949;07; 9999; 9999; 9999; 9999; 9999; 9999; 9999; 9999; 9999; 9999; 9999; 9999; 9999; 9999; 9999; 9999; 9999; 9999; 9999; 9999; 9999; 9999; 9999; 9999; 9999; 9999; 9999; 9999; 9999; 9999; 9999
1949;08; 9999; 9999; 9999; 9999; 9999; 9999; 9999; 9999; 9999; 9999; 9999; 9999; 9999; 9999; 9999; 9999; 9999; 9999; 9999; 9999; 9999; 9999; 9999; 9999; 9999; 9999; 9999; 9999; 9999; 9999; 9999
1949;09; 9999; 9999; 9999; 9999; 9999; 9999; 9999; 9999; 9999; 9999; 9999; 9999; 9999; 9999; 9999; 9999; 9999; 9999; 9999; 9999; 9999; 9999; 9999; 9999; 9999; 9999; 9999; 9999; 9999; 9999; 9999
1949;10; 9999; 9999; 9999; 9999; 9999; 9999; 9999; 9999; 9999; 9999; 9999; 9999; 9999; 9999; 9999; 9999; 9999; 9999; 9999; 9999; 9999; 9999; 9999; 9999; 9999; 9999; 9999; 9999; 9999; 9999; 9999
1949;11; 9999; 9999; 9999; 9999; 9999; 9999; 9999; 9999; 9999; 9999; 9999; 9999; 9999; 9999; 9999; 9999; 9999; 9999; 9999; 9999; 9999; 9999; 9999; 9999; 9999; 9999; 9999; 9999; 9999; 9999; 9999
1949;12; 9999; 9999; 9999; 9999; 9999; 9999; 9999; 9999; 9999; 9999; 9999; 9999; 9999; 9999; 9999; 9999; 9999; 9999; 9999; 9999; 9999; 9999; 9999; 9999; 9999; 9999; 9999; 9999; 9999; 9999; 9999
1950;01; 9999; 9999; 9999; 9999; 9999; 9999; 9999; 9999; 9999; 9999; 9999; 9999; 9999; 9999; 9999; 9999; 9999; 9999; 9999; 9999; 9999; 9999; 9999; 9999; 9999; 9999; 9999; 9999; 9999; 9999; 9999
1950;02; 0; 0; 0; 0; 0; 0; 150; 42; 38; 236; 1; 118; 184; 205; 10; 18; 0; 0; 12; 127; 35; 181; 192; 18; 170; 0; 0; 2; 9999; 9999; 9999
1950;03; 0; 0; 31; 0; 0; 310; 112; 37; 0; 55; 0; 0; 62; 0; 50; 321; 101; 162; 73; 5; 0; 0; 0; 0; 0; 0; 0; 212; 5; 0; 0
1950;04; 0; 0; 25; 0; 0; 0; 0; 0; 0; 0; 0; 0; 0; 72; 0; 0; 0; 0; 0; 144; 0; 0; 0; 0; 0; 0; 0; 0; 0; 0; 9999
1950;05; 0; 0; 0; 0; 0; 0; 0; 0; 0; 0; 0; 0; 0; 0; 0; 0; 0; 0; 0; 0; 0; 0; 0; 0; 0; 0; 0; 0; 0; 0; 0
1950;06; 0; 0; 0; 0; 0; 0; 0; 0; 0; 0; 0; 0; 0; 0; 0; 0; 100; 0; 0; 0; 0; 0; 0; 0; 0; 0; 0; 0; 0; 0; 9999
1950;07; 0; 192; 0; 0; 0; 0; 0; 0; 0; 0; 0; 0; 0; 0; 0; 0; 0; 0; 0; 0; 0; 0; 0; 0; 0; 0; 0; 0; 0; 0; 0
1950;08; 0; 0; 0; 0; 0; 0; 0; 0; 0; 0; 0; 0; 0; 0; 0; 0; 0; 0; 0; 0; 0; 0; 0; 0; 0; 0; 0; 0; 0; 0; 0
1950;09; 0; 0; 0; 0; 0; 0; 0; 0; 0; 0; 0; 0; 0; 0; 0; 0; 0; 0; 0; 0; 0; 0; 60; 0; 0; 0; 0; 0; 0; 0; 9999
1950;10; 0; 0; 0; 0; 12; 301; 40; 0; 200; 50; 0; 0; 0; 0; 0; 0; 80; 50; 0; 250; 43; 0; 0; 0; 0; 15; 0; 0; 0; 206; 2
1950;11; 0; 0; 0; 0; 0; 0; 0; 6; 0; 172; 0; 40; 0; 0; 0; 0; 410; 80; 0; 20; 0; 102; 541; 0; 0; 604; 306; 85; 0; 284; 9999
1950;12; 418; 0; 24; 0; 0; 0; 0; 0; 0; 0; 0; 0; 0; 50; 285; 16; 0; 0; 0; 0; 0; 2; 21; 0; 0; 0; 0; 0; 0; 73; 250
1951;01; 25; 6; 0; 85; 148; 93; 153; 84; 2; 30; 211; 0; 0; 0; 0; 0; 0; 0; 0; 0; 0; 0; 0; 160; 306; 100; 450; 0; 0; 412; 0
1951;02; 0; 0; 0; 403; 0; 41; 414; 110; 231; 85; 267; 0; 0; 0; 0; 0; 80; 40; 0; 48; 256; 0; 0; 51; 0; 105; 40; 0; 9999; 9999; 9999
1951;03; 321; 0; 0; 8; 5; 380; 226; 104; 21; 183; 52; 8; 361; 2; 180; 304; 50; 0; 0; 155; 0; 0; 51; 201; 0; 0; 0; 0; 0; 0; 0
1951;04; 0; 152; 0; 0; 0; 0; 0; 0; 0; 0; 0; 0; 0; 0; 0; 0; 0; 0; 0; 0; 4; 0; 0; 0; 0; 2; 0; 0; 0; 0; 9999
1951;05; 0; 0; 0; 0; 0; 0; 0; 0; 0; 0; 0; 0; 0; 0; 0; 0; 0; 0; 0; 0; 0; 5; 0; 0; 0; 0; 0; 0; 0; 60; 0
1951;06; 0; 0; 0; 0; 0; 0; 0; 0; 0; 0; 0; 0; 0; 0; 0; 0; 0; 0; 0; 0; 0; 0; 2; 0; 0; 0; 0; 0; 121; 2; 9999
1951;07; 0; 0; 0; 0; 0; 0; 0; 0; 0; 0; 0; 0; 0; 0; 0; 0; 0; 0; 0; 0; 0; 0; 0; 0; 0; 0; 0; 0; 0; 0; 0
1951;08; 0; 0; 0; 0; 0; 0; 0; 0; 0; 0; 0; 0; 0; 0; 0; 0; 0; 0; 0; 0; 0; 0; 0; 50; 0; 0; 0; 0; 0; 0; 0
1951;09; 0; 0; 0; 0; 0; 0; 0; 0; 0; 0; 0; 0; 0; 0; 0; 0; 0; 0; 0; 0; 0; 0; 0; 0; 0; 0; 0; 0; 0; 0; 9999
1951;10; 0; 0; 0; 0; 14; 0; 0; 0; 0; 0; 20; 0; 0; 0; 86; 0; 0; 58; 214; 300; 0; 0; 0; 0; 0; 0; 0; 0; 6; 0; 0
1951;11; 0; 31; 0; 0; 0; 0; 0; 0; 0; 0; 0; 0; 0; 0; 27; 0; 0; 0; 223; 8; 10; 15; 23; 170; 100; 310; 10; 14; 6; 50; 9999
1951;12; 0; 0; 172; 0; 0; 0; 19; 234; 0; 61; 142; 0; 0; 0; 0; 2; 0; 0; 0; 0; 0; 160; 7; 302; 0; 0; 0; 0; 0; 413; 10
1952;01; 181; 12; 0; 0; 300; 0; 0; 98; 0; 277; 0; 0; 0; 0; 0; 0; 0; 0; 0; 0; 0; 0; 0; 0; 0; 0; 0; 0; 0; 0; 0
1952;02; 0; 0; 0; 0; 101; 85; 414; 51; 20; 243; 52; 41; 0; 347; 0; 185; 102; 56; 161; 194; 30; 82; 317; 201; 308; 81; 0; 0; 0; 9999; 9999
1952;03; 151; 182; 185; 4; 8; 0; 0; 0; 203; 188; 155; 83; 85; 0; 302; 164; 0; 0; 210; 0; 0; 0; 0; 46; 0; 0; 0; 0; 0; 113; 82
1952;04; 213; 0; 0; 0; 0; 0; 0; 2; 0; 0; 182; 0; 56; 0; 0; 0; 0; 0; 0; 0; 0; 0; 30; 0; 0; 0; 0; 0; 0; 0; 9999
1952;05; 0; 0; 0; 0; 0; 0; 0; 0; 0; 0; 0; 0; 0; 0; 0; 0; 0; 0; 0; 0; 0; 0; 0; 0; 0; 0; 0; 0; 0; 0; 0
1952;06; 0; 0; 0; 0; 0; 0; 0; 0; 0; 172; 120; 74; 0; 0; 0; 0; 221; 103; 111; 0; 0; 0; 0; 0; 0; 0; 0; 0; 0; 0; 9999
1952;07; 0; 0; 0; 0; 0; 0; 0; 0; 0; 0; 0; 0; 0; 0; 0; 0; 0; 0; 0; 0; 0; 0; 0; 0; 0; 0; 0; 0; 0; 0; 0
1952;08; 0; 0; 0; 0; 0; 0; 0; 0; 0; 0; 0; 0; 0; 0; 0; 0; 0; 0; 0; 0; 0; 0; 0; 35; 0; 0; 0; 0; 0; 0; 0
1952;09; 0; 0; 0; 0; 10; 0; 0; 0; 0; 0; 0; 0; 0; 0; 0; 0; 10; 0; 85; 80; 0; 0; 0; 0; 0; 0; 0; 0; 0; 0; 9999
1952;10; 0; 0; 0; 0; 0; 50; 0; 0; 175; 0; 0; 0; 305; 51; 0; 0; 0; 402; 213; 52; 0; 0; 0; 0; 408; 0; 80; 75; 0; 4; 5
1952;11; 15; 102; 0; 0; 0; 0; 0; 365; 270; 8; 124; 23; 0; 0; 0; 0; 0; 256; 15; 260; 120; 4; 0; 0; 4; 6; 0; 0; 0; 0; 9999
1952;12; 142; 0; 0; 0; 0; 150; 0; 0; 0; 0; 310; 0; 276; 0; 0; 0; 0; 0; 0; 0; 0; 0; 0; 0; 0; 0; 457; 0; 4; 6; 0
1953;01; 122; 53; 61; 82; 42; 189; 105; 470; 16; 0; 0; 0; 0; 0; 2; 0; 0; 0; 0; 0; 0; 0; 95; 85; 103; 0; 0; 470; 117; 0; 125
1953;02; 0; 0; 330; 40; 0; 0; 0; 0; 0; 0; 160; 660; 70; 102; 185; 0; 80; 0; 45; 501; 0; 0; 0; 0; 0; 0; 104; 52; 9999; 9999; 9999
1953;03; 0; 233; 0; 0; 0; 0; 0; 0; 0; 0; 0; 0; 0; 0; 42; 83; 40; 70; 40; 20; 30; 421; 100; 101; 70; 210; 50; 30; 40; 220; 72
1953;04; 13; 24; 11; 0; 0; 0; 0; 69; 0; 0; 0; 0; 0; 0; 0; 18; 0; 0; 0; 0; 0; 127; 0; 0; 0; 0; 0; 0; 0; 0; 9999
1953;05; 0; 0; 0; 0; 1; 0; 0; 0; 0; 0; 0; 28; 0; 0; 0; 0; 0; 0; 0; 0; 0; 0; 101; 0; 0; 180; 0; 0; 0; 0; 0
1953;06; 116; 0; 0; 0; 0; 0; 0; 0; 0; 215; 0; 0; 0; 0; 0; 0; 0; 0; 0; 0; 0; 0; 0; 0; 0; 0; 0; 0; 0; 0; 9999
1953;07; 0; 0; 0; 0; 0; 0; 0; 0; 0; 460; 82; 0; 0; 0; 0; 0; 0; 0; 0; 41; 0; 0; 0; 0; 0; 0; 0; 0; 0; 0; 0
1953;08; 0; 0; 0; 0; 0; 0; 0; 0; 0; 0; 0; 0; 0; 0; 0; 0; 0; 0; 0; 0; 0; 0; 0; 25; 0; 0; 0; 0; 0; 0; 0
1953;09; 0; 0; 0; 0; 0; 0; 50; 0; 0; 0; 0; 64; 0; 0; 0; 280; 0; 0; 0; 0; 1; 0; 58; 210; 0; 0; 0; 0; 0; 0; 9999
1953;10; 0; 0; 1; 35; 65; 100; 305; 0; 0; 0; 0; 0; 0; 0; 0; 0; 8; 0; 0; 0; 0; 0; 0; 0; 0; 0; 0; 0; 2; 0; 3
1953;11; 0; 40; 205; 0; 0; 0; 3; 154; 0; 6; 0; 6; 180; 0; 0; 80; 0; 0; 0; 54; 0; 0; 0; 60; 0; 0; 0; 0; 0; 22; 9999
1953;12; 213; 162; 85; 321; 88; 0; 160; 0; 42; 0; 101; 204; 300; 51; 5; 0; 0; 21; 0; 0; 0; 0; 0; 0; 0; 0; 5; 164; 5; 2; 0
1954;01; 0; 0; 40; 106; 120; 0; 0; 0; 0; 30; 0; 0; 0; 0; 0; 0; 0; 0; 346; 0; 4; 2; 160; 0; 0; 0; 0; 0; 4; 356; 2
1954;02; 6; 5; 62; 4; 2; 152; 264; 230; 0; 0; 107; 59; 43; 371; 0; 5; 165; 41; 50; 12; 70; 0; 0; 0; 0; 0; 2; 4; 9999; 9999; 9999
1954;03; 0; 0; 0; 0; 0; 0; 80; 3; 91; 107; 4; 0; 102; 0; 0; 0; 0; 0; 0; 0; 0; 0; 0; 0; 0; 0; 0; 0; 0; 312; 153
1954;04; 1; 0; 0; 0; 0; 0; 0; 0; 0; 0; 0; 0; 0; 0; 0; 0; 0; 0; 0; 0; 0; 0; 0; 0; 0; 0; 0; 108; 0; 45; 9999
1954;05; 0; 0; 0; 0; 38; 0; 450; 0; 450; 119; 105; 0; 402; 0; 0; 0; 0; 0; 192; 101; 40; 250; 0; 0; 0; 0; 0; 0; 0; 4; 0
1954;06; 0; 0; 0; 161; 0; 418; 191; 182; 0; 0; 0; 0; 0; 0; 0; 0; 0; 0; 5; 0; 0; 0; 8; 0; 0; 0; 0; 0; 0; 0; 9999
1954;07; 0; 0; 0; 0; 0; 0; 0; 0; 0; 0; 0; 0; 0; 0; 0; 0; 0; 0; 0; 0; 0; 0; 0; 0; 0; 0; 0; 0; 0; 0; 0
1954;08; 0; 0; 0; 0; 0; 0; 0; 0; 0; 0; 0; 0; 0; 0; 0; 0; 0; 0; 0; 0; 0; 0; 0; 0; 0; 0; 0; 0; 0; 0; 0
1954;09; 0; 0; 0; 0; 0; 0; 0; 0; 0; 0; 0; 0; 0; 0; 0; 0; 0; 0; 0; 40; 0; 0; 2; 0; 0; 0; 0; 241; 11; 6; 9999
1954;10; 0; 0; 0; 0; 0; 0; 0; 0; 0; 60; 56; 0; 158; 0; 0; 30; 23; 0; 102; 0; 23; 0; 0; 0; 0; 0; 0; 110; 4; 47; 9
1954;11; 4; 0; 0; 0; 0; 0; 0; 0; 0; 0; 91; 0; 0; 336; 366; 0; 0; 0; 50; 0; 160; 0; 91; 2; 2; 0; 0; 0; 0; 0; 9999
1954;12; 35; 0; 0; 225; 132; 0; 0; 329; 0; 40; 51; 350; 31; 0; 0; 52; 225; 0; 0; 0; 0; 300; 46; 5; 0; 2; 15; 0; 0; 0; 0
1955;01; 0; 0; 435; 55; 26; 316; 0; 4; 0; 52; 14; 0; 0; 160; 160; 6; 210; 145; 0; 0; 0; 0; 342; 91; 0; 0; 0; 0; 0; 31; 0
1955;02; 0; 0; 0; 0; 0; 0; 0; 0; 0; 50; 15; 0; 1; 30; 0; 0; 0; 0; 0; 0; 2; 105; 301; 0; 0; 2; 81; 152; 9999; 9999; 9999
1955;03; 31; 15; 54; 82; 0; 41; 40; 10; 221; 8; 222; 101; 0; 100; 467; 0; 0; 0; 0; 0; 0; 0; 0; 0; 0; 0; 40; 2; 152; 60; 0
1955;04; 0; 0; 0; 81; 53; 43; 0; 0; 0; 0; 0; 64; 53; 0; 0; 255; 12; 0; 0; 0; 0; 0; 0; 0; 0; 0; 0; 0; 225; 0; 9999
1955;05; 0; 0; 0; 0; 0; 0; 0; 0; 0; 0; 0; 0; 0; 0; 0; 0; 0; 0; 0; 98; 35; 0; 0; 33; 0; 0; 0; 0; 0; 0; 62
1955;06; 9999; 9999; 9999; 9999; 9999; 9999; 9999; 9999; 9999; 9999; 9999; 9999; 9999; 9999; 9999; 9999; 9999; 9999; 9999; 9999; 9999; 9999; 9999; 9999; 9999; 9999; 9999; 9999; 9999; 9999; 9999
1955;07; 0; 0; 0; 0; 0; 0; 0; 0; 0; 0; 0; 0; 0; 0; 0; 0; 0; 0; 0; 0; 0; 0; 0; 0; 0; 0; 0; 0; 0; 0; 0
1955;08; 0; 0; 0; 0; 0; 0; 0; 0; 0; 0; 0; 0; 0; 0; 0; 0; 0; 0; 0; 0; 0; 0; 0; 0; 0; 0; 174; 54; 50; 0; 0
1955;09; 0; 0; 0; 0; 0; 0; 0; 0; 0; 0; 0; 0; 0; 0; 0; 0; 0; 0; 0; 0; 0; 0; 0; 0; 0; 0; 0; 0; 0; 0; 9999
1955;10; 0; 0; 6; 0; 0; 0; 0; 100; 15; 0; 0; 0; 272; 386; 0; 0; 1; 5; 0; 0; 0; 0; 0; 0; 0; 0; 20; 301; 23; 0; 5
1955;11; 0; 82; 210; 0; 0; 0; 0; 0; 0; 44; 61; 0; 0; 0; 1; 0; 0; 0; 72; 6; 0; 0; 8; 0; 0; 0; 0; 0; 0; 6; 9999
1955;12; 5; 101; 260; 104; 1; 0; 1; 3; 0; 0; 0; 2; 180; 45; 40; 64; 107; 157; 28; 0; 0; 0; 2; 1; 2; 43; 601; 358; 265; 41; 81
1956;01; 635; 13; 410; 1; 6; 2; 0; 0; 0; 35; 0; 0; 0; 0; 0; 0; 0; 0; 0; 32; 0; 0; 0; 0; 0; 0; 0; 81; 0; 0; 0
1956;02; 0; 53; 0; 0; 0; 0; 0; 0; 0; 0; 61; 12; 92; 31; 140; 14; 43; 0; 0; 6; 0; 31; 45; 364; 65; 1; 80; 114; 50; 9999; 9999
1956;03; 1; 215; 0; 0; 0; 0; 290; 0; 26; 0; 2; 0; 0; 0; 0; 0; 0; 0; 0; 0; 0; 0; 0; 21; 51; 200; 0; 0; 0; 0; 0
1956;04; 0; 0; 0; 0; 0; 0; 110; 122; 0; 58; 0; 0; 0; 0; 0; 0; 0; 4; 0; 0; 0; 0; 14; 0; 0; 60; 0; 100; 340; 4; 9999
1956;05; 2; 258; 0; 6; 161; 0; 123; 218; 116; 0; 0; 0; 0; 0; 0; 0; 0; 0; 0; 2; 25; 0; 0; 1; 0; 601; 150; 0; 2; 52; 5
1956;06; 362; 345; 60; 0; 0; 0; 0; 0; 91; 63; 107; 22; 16; 4; 15; 12; 0; 0; 0; 0; 0; 0; 0; 0; 0; 0; 0; 130; 0; 0; 9999
1956;07; 0; 0; 0; 0; 0; 0; 0; 0; 0; 0; 0; 0; 0; 21; 0; 0; 0; 0; 0; 0; 71; 0; 85; 42; 0; 0; 0; 86; 2; 5; 171
1956;08; 227; 10; 21; 0; 0; 2; 15; 6; 0; 0; 0; 0; 0; 0; 0; 0; 0; 0; 0; 0; 0; 0; 0; 0; 0; 0; 0; 0; 0; 0; 0
1956;09; 0; 0; 0; 0; 0; 0; 0; 0; 0; 108; 334; 42; 111; 50; 0; 0; 0; 0; 0; 0; 0; 0; 0; 0; 0; 0; 0; 6; 0; 274; 9999
1956;10; 0; 0; 0; 0; 0; 0; 0; 0; 0; 0; 147; 23; 0; 0; 0; 0; 62; 27; 0; 0; 0; 0; 0; 0; 0; 0; 0; 500; 31; 430; 0
1956;11; 0; 0; 0; 0; 0; 0; 0; 0; 0; 3; 2; 0; 1; 32; 0; 0; 0; 0; 0; 0; 0; 40; 10; 2; 215; 0; 0; 0; 0; 0; 9999
1956;12; 0; 0; 0; 0; 121; 28; 175; 80; 0; 0; 0; 0; 0; 502; 41; 43; 0; 0; 0; 8; 0; 2; 0; 205; 222; 240; 0; 0; 0; 0; 53
1957;01; 0; 0; 0; 48; 0; 0; 0; 3; 2; 80; 60; 0; 50; 102; 120; 113; 228; 23; 0; 4; 0; 0; 104; 30; 13; 91; 35; 22; 5; 512; 23
1957;02; 10; 60; 350; 60; 13; 22; 921; 50; 52; 83; 253; 60; 0; 0; 55; 214; 0; 0; 85; 0; 0; 0; 0; 0; 0; 235; 190; 51; 9999; 9999; 9999
1957;03; 11; 0; 0; 0; 0; 0; 370; 0; 0; 57; 27; 0; 0; 0; 0; 0; 0; 0; 0; 24; 345; 101; 84; 2; 2; 0; 0; 8; 5; 501; 51
1957;04; 42; 218; 0; 0; 305; 72; 0; 0; 22; 43; 18; 0; 41; 21; 14; 10; 0; 0; 0; 0; 0; 0; 0; 0; 0; 0; 105; 0; 0; 50; 9999
1957;05; 0; 0; 0; 0; 0; 0; 6; 31; 0; 55; 0; 0; 0; 0; 0; 80; 0; 0; 0; 0; 0; 0; 0; 0; 0; 0; 0; 0; 0; 0; 0
1957;06; 0; 0; 0; 0; 0; 0; 0; 55; 0; 0; 0; 0; 0; 0; 0; 0; 0; 0; 0; 0; 0; 0; 0; 0; 0; 0; 0; 0; 0; 0; 9999
1957;07; 0; 0; 31; 2; 110; 23; 0; 0; 0; 0; 0; 0; 0; 0; 0; 55; 226; 474; 52; 23; 0; 0; 0; 0; 0; 0; 0; 0; 0; 0; 0
1957;08; 0; 0; 1; 0; 0; 0; 0; 0; 0; 0; 0; 0; 0; 132; 0; 0; 221; 0; 134; 1; 0; 0; 0; 0; 0; 0; 0; 0; 0; 0; 6
1957;09; 0; 0; 23; 210; 0; 0; 0; 72; 200; 0; 0; 0; 85; 0; 0; 53; 0; 0; 0; 0; 8; 75; 188; 5; 25; 0; 0; 0; 0; 0; 9999
1957;10; 0; 0; 0; 0; 0; 0; 0; 0; 0; 0; 0; 0; 0; 0; 0; 0; 0; 0; 0; 0; 0; 65; 0; 0; 0; 5; 301; 2; 0; 150; 0
1957;11; 0; 0; 0; 0; 66; 0; 0; 175; 142; 0; 0; 0; 0; 0; 0; 0; 216; 196; 35; 210; 0; 200; 0; 0; 62; 10; 0; 0; 0; 6; 9999
1957;12; 5; 65; 175; 21; 22; 0; 69; 80; 0; 0; 91; 0; 130; 357; 425; 390; 26; 134; 0; 0; 0; 6; 192; 0; 0; 0; 0; 0; 0; 0; 0
1958;01; 0; 0; 0; 0; 0; 0; 0; 0; 32; 46; 0; 0; 52; 10; 272; 15; 33; 112; 100; 71; 212; 303; 501; 33; 62; 226; 315; 175; 54; 0; 0
1958;02; 0; 0; 2; 5; 355; 50; 61; 297; 0; 0; 0; 0; 52; 0; 0; 0; 0; 0; 0; 0; 50; 0; 0; 32; 0; 89; 237; 604; 9999; 9999; 9999
1958;03; 0; 0; 0; 35; 0; 0; 0; 98; 0; 0; 0; 0; 0; 0; 105; 104; 97; 227; 26; 0; 0; 0; 51; 0; 0; 0; 0; 0; 0; 0; 160
1958;04; 190; 0; 0; 0; 0; 0; 0; 0; 52; 165; 167; 81; 120; 0; 0; 0; 0; 122; 0; 0; 0; 0; 0; 0; 0; 0; 0; 0; 0; 0; 9999
1958;05; 0; 0; 78; 165; 25; 0; 0; 0; 0; 2; 0; 152; 0; 0; 0; 0; 0; 0; 0; 0; 0; 220; 285; 115; 112; 91; 0; 121; 0; 0; 0
1958;06; 0; 0; 0; 0; 0; 0; 0; 0; 0; 0; 0; 0; 0; 62; 580; 144; 0; 0; 0; 0; 0; 0; 0; 0; 0; 0; 0; 0; 0; 0; 9999
1958;07; 0; 0; 0; 0; 0; 0; 0; 0; 0; 0; 30; 4; 0; 0; 0; 2; 2; 1; 0; 0; 0; 0; 0; 5; 2; 0; 0; 0; 0; 0; 0
1958;08; 0; 0; 0; 16; 0; 0; 0; 0; 0; 0; 0; 0; 0; 0; 0; 0; 0; 0; 0; 0; 0; 0; 0; 0; 0; 0; 0; 0; 0; 62; 0
1958;09; 2; 0; 0; 0; 0; 0; 0; 0; 0; 3; 0; 0; 112; 250; 87; 0; 0; 0; 0; 0; 0; 0; 0; 3; 53; 0; 25; 0; 0; 0; 9999
1958;10; 6; 0; 0; 2; 0; 0; 132; 0; 30; 0; 232; 0; 0; 0; 0; 0; 0; 160; 29; 0; 0; 27; 32; 8; 38; 21; 112; 21; 125; 2; 0
1958;11; 128; 0; 0; 55; 59; 0; 0; 0; 0; 0; 0; 24; 122; 0; 0; 0; 0; 40; 80; 0; 0; 0; 191; 0; 195; 0; 52; 0; 0; 0; 9999
1958;12; 0; 0; 0; 0; 0; 90; 0; 0; 30; 7; 7; 4; 35; 41; 232; 85; 252; 0; 35; 48; 15; 33; 5; 15; 2; 0; 0; 45; 0; 0; 0
1959;01; 0; 0; 2; 1; 130; 250; 300; 310; 450; 6; 7; 600; 160; 510; 1; 0; 64; 313; 962; 85; 1; 2; 282; 72; 6; 82; 3; 0; 0; 0; 0
1959;02; 0; 165; 70; 14; 0; 0; 30; 0; 0; 0; 0; 0; 240; 0; 0; 1; 0; 518; 0; 78; 0; 0; 0; 136; 0; 0; 2; 75; 9999; 9999; 9999
1959;03; 0; 0; 0; 0; 0; 0; 0; 0; 260; 101; 29; 0; 10; 320; 0; 0; 20; 54; 85; 102; 146; 243; 21; 4; 32; 0; 0; 0; 33; 0; 0
1959;04; 0; 0; 80; 0; 13; 460; 0; 0; 0; 0; 0; 0; 0; 0; 0; 0; 0; 0; 0; 0; 0; 0; 222; 0; 10; 2; 41; 0; 0; 0; 9999
1959;05; 0; 0; 0; 0; 0; 0; 0; 0; 0; 0; 0; 11; 0; 0; 0; 0; 0; 0; 40; 2; 35; 0; 0; 0; 0; 0; 0; 0; 0; 0; 13
1959;06; 8; 0; 0; 0; 0; 102; 5; 0; 0; 0; 0; 0; 0; 0; 0; 0; 0; 0; 0; 0; 0; 0; 0; 0; 0; 0; 0; 0; 0; 0; 9999
1959;07; 0; 0; 0; 0; 0; 0; 0; 0; 0; 0; 0; 0; 0; 0; 0; 0; 0; 0; 0; 0; 0; 0; 0; 0; 0; 0; 0; 0; 0; 0; 0
1959;08; 134; 12; 0; 0; 0; 0; 6; 0; 101; 0; 0; 12; 2; 0; 5; 0; 0; 0; 0; 0; 0; 0; 0; 0; 0; 0; 0; 0; 0; 0; 0
1959;09; 0; 0; 12; 3; 0; 0; 0; 0; 0; 0; 0; 0; 0; 0; 0; 0; 0; 0; 0; 0; 0; 0; 0; 0; 0; 142; 0; 0; 0; 0; 9999
1959;10; 0; 0; 0; 0; 0; 0; 0; 35; 0; 0; 0; 32; 160; 122; 33; 0; 0; 15; 0; 0; 135; 36; 0; 0; 0; 0; 0; 0; 10; 20; 25
1959;11; 65; 0; 0; 0; 0; 0; 13; 190; 0; 0; 455; 8; 212; 0; 0; 10; 0; 0; 8; 120; 5; 0; 0; 3; 0; 0; 52; 40; 71; 0; 9999
1959;12; 0; 2; 2; 981; 1; 0; 135; 182; 80; 111; 0; 0; 0; 0; 0; 0; 0; 0; 0; 6; 0; 162; 20; 10; 1; 0; 0; 23; 61; 0; 0
1960;01; 0; 0; 0; 0; 0; 0; 33; 101; 156; 20; 63; 236; 0; 0; 0; 175; 41; 240; 281; 215; 70; 181; 595; 333; 30; 25; 0; 0; 43; 0; 0
1960;02; 0; 350; 76; 245; 34; 0; 0; 640; 0; 170; 15; 0; 0; 0; 0; 95; 0; 8; 0; 8; 331; 174; 202; 303; 6; 179; 38; 213; 216; 9999; 9999
1960;03; 67; 127; 28; 0; 0; 0; 0; 0; 0; 0; 75; 0; 0; 80; 0; 0; 0; 0; 0; 38; 30; 232; 201; 0; 0; 0; 0; 0; 0; 0; 90
1960;04; 12; 31; 4; 0; 11; 0; 0; 15; 8; 0; 0; 0; 0; 0; 0; 0; 0; 0; 22; 35; 0; 0; 0; 0; 0; 0; 0; 0; 6; 0; 9999
1960;05; 60; 0; 0; 0; 0; 0; 0; 0; 0; 51; 0; 0; 0; 0; 97; 101; 0; 0; 0; 0; 51; 1; 0; 0; 0; 0; 0; 0; 0; 0; 0
1960;06; 0; 0; 0; 0; 0; 0; 0; 0; 0; 0; 0; 0; 0; 0; 195; 57; 0; 0; 0; 0; 0; 0; 0; 271; 0; 113; 6; 0; 0; 0; 9999
1960;07; 0; 0; 0; 0; 0; 0; 0; 0; 0; 0; 0; 0; 0; 0; 0; 0; 0; 0; 0; 0; 0; 0; 0; 0; 0; 0; 0; 0; 0; 0; 0
1960;08; 0; 0; 0; 0; 0; 0; 0; 0; 0; 0; 0; 0; 0; 0; 0; 223; 18; 0; 0; 0; 0; 0; 0; 0; 0; 0; 0; 0; 0; 0; 0
1960;09; 0; 5; 0; 0; 0; 0; 0; 0; 0; 0; 0; 0; 0; 0; 0; 0; 0; 0; 0; 0; 0; 0; 0; 0; 0; 0; 0; 0; 0; 0; 9999
1960;10; 283; 530; 0; 0; 0; 0; 0; 0; 0; 0; 0; 0; 0; 0; 0; 0; 180; 5; 0; 0; 279; 0; 66; 0; 152; 0; 242; 0; 0; 0; 31
1960;11; 13; 34; 0; 0; 196; 86; 157; 0; 0; 10; 161; 15; 141; 6; 46; 2; 0; 0; 0; 61; 174; 6; 0; 0; 0; 630; 17; 105; 0; 66; 9999
1960;12; 0; 0; 0; 0; 0; 0; 122; 0; 0; 0; 0; 0; 90; 8; 0; 12; 16; 370; 80; 2; 360; 264; 62; 0; 0; 8; 0; 5; 5; 245; 4
1961;01; 314; 92; 138; 48; 70; 8; 135; 454; 5; 305; 101; 130; 130; 7; 1; 0; 310; 0; 0; 5; 300; 110; 2; 102; 1; 2; 0; 24; 5; 414; 1
1961;02; 0; 0; 262; 0; 315; 0; 0; 0; 0; 201; 0; 0; 604; 361; 0; 2; 537; 30; 35; 48; 353; 332; 102; 363; 17; 193; 21; 287; 9999; 9999; 9999
1961;03; 357; 1; 0; 0; 0; 251; 209; 1; 11; 6; 51; 0; 2; 3; 2; 210; 0; 15; 0; 4; 173; 0; 0; 0; 0; 2; 0; 0; 0; 0; 0
1961;04; 0; 0; 3; 8; 570; 121; 2; 2; 0; 0; 0; 0; 0; 0; 0; 0; 0; 0; 0; 78; 44; 0; 83; 0; 0; 75; 45; 0; 0; 0; 9999
1961;05; 0; 0; 60; 61; 256; 0; 0; 0; 5; 0; 0; 0; 0; 0; 0; 0; 0; 0; 0; 0; 0; 0; 0; 0; 0; 0; 0; 0; 0; 0; 0
1961;06; 0; 0; 0; 0; 0; 0; 0; 0; 0; 0; 0; 0; 0; 0; 0; 0; 0; 0; 0; 0; 0; 0; 0; 0; 0; 0; 0; 0; 0; 0; 9999
1961;07; 0; 0; 0; 0; 0; 0; 0; 0; 0; 0; 0; 0; 0; 0; 0; 0; 0; 0; 0; 0; 0; 0; 0; 0; 0; 0; 0; 0; 0; 0; 0
1961;08; 0; 0; 0; 0; 0; 0; 0; 0; 0; 0; 0; 0; 0; 0; 0; 0; 0; 0; 0; 0; 0; 0; 0; 0; 0; 51; 30; 0; 0; 0; 2
1961;09; 0; 0; 0; 0; 0; 0; 0; 0; 0; 0; 0; 0; 0; 0; 0; 0; 0; 0; 0; 0; 0; 0; 0; 0; 0; 0; 0; 0; 0; 1; 9999
1961;10; 0; 0; 3; 0; 0; 0; 0; 0; 0; 0; 15; 2; 1; 0; 0; 6; 2; 1; 0; 174; 0; 0; 0; 0; 0; 30; 337; 38; 5; 260; 82
1961;11; 0; 3; 1; 20; 0; 32; 118; 0; 0; 0; 2; 206; 220; 45; 32; 0; 0; 4; 2; 2; 13; 1; 0; 40; 0; 0; 0; 0; 0; 0; 9999
1961;12; 0; 115; 10; 2; 0; 0; 0; 45; 1; 40; 51; 35; 262; 70; 53; 60; 267; 123; 118; 102; 83; 0; 0; 425; 0; 251; 182; 13; 0; 0; 0
1962;01; 0; 0; 0; 51; 0; 0; 0; 35; 140; 91; 0; 0; 0; 0; 0; 52; 60; 81; 380; 150; 362; 83; 270; 312; 14; 8; 0; 0; 0; 0; 0
1962;02; 0; 0; 201; 50; 20; 150; 60; 9; 50; 184; 232; 1; 0; 0; 0; 0; 0; 0; 50; 45; 0; 3; 164; 96; 83; 1; 0; 0; 9999; 9999; 9999
1962;03; 75; 83; 280; 104; 396; 3; 0; 0; 0; 195; 76; 135; 414; 575; 120; 34; 15; 73; 50; 3; 306; 0; 0; 0; 171; 0; 0; 0; 0; 0; 0
1962;04; 0; 0; 0; 59; 0; 0; 0; 0; 0; 0; 0; 0; 0; 0; 0; 142; 1; 0; 0; 0; 0; 0; 0; 0; 0; 21; 0; 0; 24; 30; 9999
1962;05; 0; 4; 73; 0; 0; 0; 0; 0; 0; 0; 0; 0; 0; 0; 0; 0; 77; 0; 0; 0; 0; 0; 0; 0; 0; 0; 0; 0; 41; 0; 0
1962;06; 0; 0; 370; 100; 1; 46; 242; 1; 245; 2; 1; 0; 0; 0; 0; 0; 0; 0; 0; 0; 0; 0; 0; 0; 0; 0; 0; 0; 0; 0; 9999
1962;07; 0; 0; 0; 0; 0; 0; 0; 0; 0; 0; 2; 0; 0; 0; 0; 0; 0; 0; 10; 32; 0; 0; 0; 0; 2; 0; 0; 0; 0; 0; 0
1962;08; 0; 0; 0; 0; 0; 0; 0; 0; 0; 0; 0; 9; 0; 0; 0; 2; 12; 0; 0; 0; 0; 0; 104; 72; 0; 0; 0; 0; 0; 0; 2
1962;09; 0; 0; 7; 0; 7; 0; 12; 0; 106; 2; 0; 0; 0; 0; 0; 0; 0; 0; 0; 0; 0; 0; 110; 0; 0; 0; 0; 0; 39; 105; 9999
1962;10; 0; 184; 148; 188; 1; 0; 0; 95; 128; 38; 186; 122; 0; 0; 0; 0; 0; 48; 77; 31; 0; 0; 0; 5; 3; 41; 0; 0; 51; 90; 96
1962;11; 0; 0; 0; 0; 0; 0; 0; 145; 7; 0; 0; 0; 0; 0; 0; 0; 0; 0; 0; 111; 77; 5; 0; 0; 0; 0; 0; 0; 0; 9; 9999
1962;12; 72; 0; 0; 137; 0; 225; 0; 0; 30; 10; 495; 141; 45; 80; 5; 300; 201; 6; 40; 169; 60; 131; 723; 61; 6; 2; 301; 81; 410; 344; 111
1963;01; 490; 330; 27; 1; 0; 0; 0; 271; 337; 1; 0; 40; 3; 0; 0; 59; 82; 0; 401; 0; 0; 0; 34; 1; 27; 10; 841; 11; 2; 0; 60
1963;02; 141; 0; 2; 395; 292; 122; 395; 21; 0; 24; 0; 0; 16; 0; 0; 46; 0; 0; 5; 21; 90; 223; 2; 24; 103; 0; 0; 0; 9999; 9999; 9999
1963;03; 0; 0; 0; 283; 1; 380; 0; 0; 0; 0; 0; 0; 0; 0; 0; 0; 0; 0; 0; 293; 0; 28; 0; 340; 0; 43; 151; 61; 0; 4; 0
1963;04; 0; 0; 0; 0; 0; 0; 0; 0; 0; 0; 0; 2; 0; 0; 0; 109; 0; 0; 0; 0; 0; 0; 0; 0; 0; 0; 0; 0; 0; 0; 9999
1963;05; 0; 0; 0; 1; 0; 0; 0; 0; 0; 0; 0; 0; 0; 0; 0; 0; 0; 0; 0; 0; 0; 0; 0; 0; 0; 0; 0; 0; 0; 0; 0
1963;06; 0; 0; 0; 0; 0; 0; 0; 0; 0; 0; 0; 0; 0; 0; 0; 0; 0; 0; 0; 0; 0; 0; 0; 0; 0; 0; 0; 0; 0; 0; 9999
1963;07; 0; 0; 0; 0; 0; 0; 0; 0; 0; 0; 0; 0; 0; 0; 0; 0; 0; 0; 0; 0; 0; 0; 0; 0; 0; 0; 0; 0; 0; 0; 0
1963;08; 0; 0; 0; 0; 0; 0; 0; 0; 0; 0; 0; 0; 0; 0; 0; 0; 0; 45; 0; 0; 0; 0; 0; 0; 0; 0; 0; 0; 0; 0; 0
1963;09; 0; 0; 0; 0; 0; 0; 0; 0; 0; 0; 0; 0; 0; 0; 0; 0; 0; 0; 0; 0; 0; 53; 0; 3; 0; 0; 0; 0; 0; 2; 9999
1963;10; 2; 0; 0; 0; 0; 0; 0; 0; 0; 0; 0; 0; 0; 0; 0; 2; 0; 70; 111; 0; 0; 0; 25; 7; 0; 0; 0; 0; 0; 0; 0
1963;11; 0; 701; 0; 0; 0; 101; 0; 0; 9; 0; 0; 0; 0; 126; 6; 37; 70; 100; 0; 16; 0; 0; 0; 68; 0; 6; 0; 0; 2; 21; 9999
1963;12; 0; 1; 0; 220; 21; 121; 0; 0; 0; 0; 6; 8; 0; 238; 0; 0; 0; 0; 0; 0; 0; 0; 0; 0; 0; 0; 0; 70; 0; 47; 0
1964;01; 253; 256; 352; 0; 0; 0; 0; 0; 245; 52; 0; 0; 51; 63; 0; 10; 0; 15; 5; 0; 0; 0; 15; 1355; 101; 172; 278; 21; 6; 0; 0
1964;02; 0; 0; 0; 0; 0; 86; 10; 360; 1; 92; 40; 551; 117; 85; 308; 266; 212; 304; 338; 8; 5; 2; 13; 37; 0; 0; 0; 2; 8; 9999; 9999
1964;03; 4; 365; 91; 0; 0; 6; 0; 511; 0; 0; 0; 0; 0; 0; 0; 356; 0; 0; 0; 2; 0; 0; 0; 0; 0; 0; 0; 0; 130; 88; 5
1964;04; 0; 401; 80; 0; 0; 0; 0; 0; 0; 0; 0; 0; 0; 0; 0; 0; 0; 101; 0; 0; 0; 0; 0; 0; 0; 0; 0; 0; 0; 0; 9999
1964;05; 203; 74; 0; 0; 221; 6; 0; 0; 0; 0; 0; 0; 0; 6; 0; 0; 0; 0; 0; 0; 0; 0; 0; 0; 0; 0; 0; 0; 0; 0; 0
1964;06; 0; 0; 0; 0; 0; 0; 0; 0; 0; 0; 0; 0; 0; 41; 3; 0; 0; 0; 0; 0; 0; 0; 0; 0; 0; 20; 0; 20; 1; 0; 9999
1964;07; 0; 262; 10; 65; 0; 0; 0; 0; 0; 2; 0; 0; 0; 0; 0; 151; 45; 0; 21; 0; 0; 0; 0; 0; 202; 61; 0; 0; 0; 0; 0
1964;08; 0; 0; 0; 0; 0; 0; 0; 0; 0; 0; 0; 0; 0; 0; 0; 0; 0; 0; 0; 11; 53; 0; 0; 0; 0; 0; 0; 0; 0; 0; 0
1964;09; 0; 0; 0; 0; 0; 0; 0; 0; 0; 0; 0; 0; 0; 0; 0; 0; 0; 0; 0; 0; 0; 0; 0; 30; 231; 2; 202; 161; 0; 0; 9999
1964;10; 133; 2; 130; 28; 0; 2; 246; 153; 0; 0; 0; 0; 0; 0; 0; 0; 0; 0; 0; 136; 164; 20; 0; 0; 0; 1; 130; 0; 0; 72; 153
1964;11; 161; 0; 0; 0; 61; 541; 5; 0; 0; 0; 0; 0; 0; 0; 155; 51; 0; 0; 601; 7; 70; 115; 1; 0; 0; 0; 0; 0; 0; 0; 9999
1964;12; 301; 100; 223; 142; 0; 0; 0; 0; 0; 170; 5; 3; 121; 168; 13; 470; 72; 247; 201; 50; 6; 80; 766; 292; 81; 12; 2; 1; 270; 26; 0
1965;01; 0; 0; 51; 171; 0; 0; 43; 51; 0; 0; 180; 60; 201; 0; 0; 408; 382; 2; 0; 23; 3; 6; 8; 102; 6; 8; 29; 401; 200; 105; 61
1965;02; 302; 5; 131; 55; 193; 403; 102; 0; 0; 3; 70; 28; 105; 82; 0; 29; 4; 41; 28; 0; 106; 104; 142; 378; 112; 0; 861; 56; 9999; 9999; 9999
1965;03; 50; 45; 406; 3; 0; 1; 103; 202; 101; 273; 0; 0; 37; 101; 42; 595; 97; 15; 1; 0; 0; 6; 0; 0; 181; 195; 21; 2; 2; 1; 0
1965;04; 0; 0; 0; 0; 0; 0; 0; 0; 101; 310; 0; 2; 1; 0; 0; 0; 0; 13; 5; 27; 0; 0; 0; 0; 0; 0; 0; 5; 183; 125; 9999
1965;05; 0; 0; 0; 0; 0; 0; 0; 0; 0; 0; 0; 42; 46; 0; 63; 0; 6; 0; 16; 0; 0; 0; 0; 0; 0; 0; 0; 0; 0; 0; 0
1965;06; 0; 0; 0; 0; 0; 0; 0; 0; 6; 0; 0; 0; 8; 0; 10; 0; 0; 60; 0; 0; 0; 0; 0; 12; 0; 0; 3; 0; 0; 0; 9999
1965;07; 0; 0; 0; 0; 373; 51; 102; 0; 0; 0; 0; 4; 0; 0; 0; 0; 0; 0; 0; 0; 0; 0; 0; 0; 0; 0; 0; 0; 0; 0; 104
1965;08; 0; 5; 0; 0; 0; 0; 0; 0; 0; 0; 0; 4; 0; 0; 60; 42; 0; 0; 0; 0; 0; 0; 0; 0; 0; 0; 0; 0; 0; 0; 0
1965;09; 0; 0; 0; 0; 0; 0; 0; 0; 0; 0; 0; 0; 0; 0; 0; 0; 0; 0; 0; 0; 0; 0; 0; 0; 0; 0; 430; 215; 103; 255; 9999
1965;10; 334; 60; 0; 0; 0; 0; 0; 0; 65; 111; 0; 0; 0; 0; 161; 0; 0; 241; 60; 84; 1; 0; 0; 12; 20; 6; 0; 0; 190; 0; 0
1965;11; 0; 0; 0; 124; 0; 0; 0; 0; 0; 0; 45; 51; 0; 0; 0; 0; 82; 4; 40; 0; 0; 0; 181; 154; 0; 0; 254; 300; 40; 508; 9999
1965;12; 302; 53; 295; 8; 0; 0; 202; 425; 501; 53; 113; 4; 61; 40; 115; 0; 0; 201; 11; 0; 100; 61; 0; 56; 0; 0; 40; 50; 162; 31; 35
1966;01; 106; 65; 123; 42; 0; 53; 65; 762; 403; 45; 14; 0; 0; 0; 0; 31; 0; 0; 0; 0; 0; 0; 0; 0; 0; 0; 27; 0; 52; 134; 257
1966;02; 0; 0; 0; 0; 0; 0; 0; 0; 33; 21; 0; 99; 184; 0; 0; 0; 0; 0; 0; 0; 0; 68; 0; 24; 0; 302; 0; 0; 9999; 9999; 9999
1966;03; 60; 0; 54; 68; 46; 70; 102; 60; 0; 0; 0; 0; 0; 0; 96; 0; 0; 0; 0; 60; 0; 0; 0; 0; 0; 0; 0; 0; 0; 0; 0
1966;04; 0; 0; 52; 0; 0; 204; 0; 0; 0; 0; 0; 0; 0; 0; 0; 0; 0; 0; 0; 0; 0; 0; 0; 0; 304; 5; 0; 0; 0; 0; 9999
1966;05; 0; 0; 0; 0; 0; 148; 0; 0; 0; 0; 0; 60; 0; 0; 0; 0; 0; 0; 0; 21; 0; 74; 0; 252; 0; 0; 0; 0; 0; 0; 0
1966;06; 0; 0; 0; 0; 0; 0; 0; 0; 0; 0; 0; 0; 0; 0; 0; 0; 0; 0; 0; 0; 0; 0; 0; 0; 0; 0; 0; 0; 0; 0; 9999
1966;07; 0; 0; 0; 0; 0; 0; 0; 0; 0; 0; 0; 0; 0; 0; 0; 0; 0; 0; 0; 0; 0; 0; 0; 0; 0; 0; 0; 0; 0; 0; 162
1966;08; 0; 0; 0; 0; 0; 0; 0; 0; 0; 0; 0; 0; 0; 0; 0; 0; 0; 0; 0; 0; 0; 0; 0; 0; 0; 0; 0; 0; 0; 0; 72
1966;09; 0; 121; 83; 0; 0; 0; 0; 0; 0; 0; 0; 0; 0; 0; 0; 0; 0; 0; 0; 0; 0; 0; 0; 0; 0; 0; 0; 73; 0; 6; 9999
1966;10; 0; 0; 0; 0; 0; 0; 0; 173; 0; 0; 0; 0; 0; 0; 0; 0; 0; 244; 0; 0; 0; 0; 402; 0; 0; 0; 0; 404; 64; 145; 0
1966;11; 43; 0; 0; 0; 0; 0; 22; 0; 0; 163; 142; 0; 0; 200; 705; 0; 0; 88; 0; 0; 0; 0; 0; 40; 0; 0; 0; 61; 0; 0; 9999
1966;12; 0; 0; 0; 0; 0; 0; 0; 220; 0; 0; 182; 0; 0; 68; 0; 882; 175; 120; 0; 104; 95; 91; 0; 0; 0; 158; 0; 0; 0; 0; 0
1967;01; 0; 0; 44; 0; 0; 95; 0; 0; 0; 96; 148; 0; 0; 289; 82; 463; 76; 0; 34; 40; 12; 0; 0; 0; 80; 82; 121; 0; 0; 0; 0
1967;02; 0; 30; 281; 0; 30; 380; 41; 0; 30; 202; 321; 203; 0; 95; 32; 61; 40; 0; 53; 151; 0; 0; 0; 0; 0; 0; 0; 0; 9999; 9999; 9999
1967;03; 0; 310; 23; 40; 0; 0; 0; 61; 43; 30; 71; 116; 133; 208; 164; 0; 0; 0; 0; 0; 0; 0; 0; 225; 0; 0; 185; 0; 0; 0; 0
1967;04; 0; 0; 0; 0; 0; 0; 0; 0; 0; 0; 0; 0; 0; 0; 0; 0; 0; 0; 0; 0; 0; 0; 0; 0; 0; 0; 0; 508; 39; 0; 9999
1967;05; 0; 0; 0; 0; 0; 0; 0; 0; 0; 0; 0; 0; 0; 0; 0; 0; 0; 0; 0; 0; 0; 0; 0; 0; 0; 0; 0; 0; 0; 0; 0
1967;06; 0; 0; 0; 0; 0; 156; 243; 0; 0; 0; 0; 174; 0; 0; 0; 0; 0; 0; 0; 0; 0; 0; 0; 0; 0; 0; 0; 0; 0; 0; 9999
1967;07; 0; 0; 0; 0; 0; 0; 0; 0; 0; 0; 0; 0; 0; 0; 0; 0; 0; 0; 0; 0; 0; 0; 0; 0; 0; 0; 0; 0; 0; 0; 0
1967;08; 0; 0; 0; 0; 0; 0; 0; 0; 0; 0; 0; 0; 0; 0; 0; 0; 0; 0; 0; 0; 0; 0; 0; 0; 0; 0; 0; 0; 0; 0; 0
1967;09; 0; 0; 0; 0; 0; 0; 0; 69; 0; 0; 0; 0; 228; 87; 0; 0; 0; 0; 0; 0; 0; 0; 0; 0; 0; 0; 0; 0; 0; 0; 9999
1967;10; 0; 0; 0; 0; 0; 0; 0; 0; 0; 0; 0; 0; 0; 0; 0; 162; 0; 0; 0; 0; 297; 155; 0; 88; 544; 109; 0; 0; 0; 0; 0
1967;11; 0; 0; 0; 0; 368; 0; 0; 0; 0; 0; 0; 101; 112; 0; 105; 7; 88; 0; 0; 0; 0; 0; 244; 205; 100; 254; 276; 0; 0; 0; 9999
1967;12; 0; 0; 0; 76; 0; 0; 0; 76; 0; 76; 0; 334; 180; 0; 0; 0; 130; 0; 0; 607; 0; 0; 0; 0; 703; 0; 405; 0; 0; 100; 0
1968;01; 0; 0; 0; 0; 0; 0; 0; 123; 0; 140; 94; 0; 45; 63; 0; 32; 0; 0; 123; 0; 0; 0; 246; 0; 0; 0; 0; 0; 0; 0; 0
1968;02; 0; 0; 0; 0; 0; 78; 0; 0; 0; 0; 0; 0; 125; 87; 304; 205; 0; 0; 0; 0; 0; 102; 71; 0; 0; 0; 240; 50; 0; 9999; 9999
1968;03; 0; 0; 0; 0; 122; 43; 202; 103; 0; 0; 0; 0; 0; 0; 0; 350; 392; 0; 0; 0; 0; 0; 0; 0; 0; 0; 0; 0; 0; 0; 0
1968;04; 295; 0; 0; 0; 0; 0; 0; 0; 0; 0; 0; 0; 0; 0; 0; 0; 0; 0; 0; 287; 0; 0; 0; 0; 0; 0; 0; 0; 0; 0; 9999
1968;05; 0; 0; 0; 0; 0; 0; 0; 0; 0; 0; 0; 0; 0; 0; 0; 0; 0; 0; 0; 0; 0; 0; 0; 0; 0; 0; 0; 0; 0; 0; 0
1968;06; 0; 0; 0; 0; 0; 0; 0; 0; 0; 0; 0; 0; 0; 0; 0; 0; 0; 0; 0; 0; 0; 3; 0; 0; 0; 0; 0; 0; 0; 0; 9999
1968;07; 0; 0; 0; 0; 0; 0; 0; 0; 0; 65; 0; 0; 0; 0; 0; 0; 0; 0; 0; 0; 0; 0; 0; 0; 0; 0; 0; 0; 0; 0; 0
1968;08; 0; 0; 0; 0; 0; 0; 0; 0; 145; 0; 0; 0; 0; 0; 0; 0; 0; 0; 0; 0; 0; 0; 0; 0; 0; 0; 0; 0; 0; 0; 139
1968;09; 0; 0; 200; 0; 0; 0; 0; 0; 0; 0; 0; 0; 0; 102; 0; 0; 0; 0; 0; 0; 0; 0; 0; 0; 0; 0; 0; 0; 0; 0; 9999
1968;10; 0; 0; 0; 0; 0; 0; 0; 0; 0; 0; 0; 0; 0; 0; 0; 0; 565; 240; 118; 0; 0; 0; 103; 331; 0; 0; 36; 0; 0; 0; 0
1968;11; 0; 0; 0; 0; 0; 0; 0; 0; 0; 0; 0; 0; 0; 0; 0; 81; 220; 0; 0; 0; 0; 0; 0; 0; 0; 0; 250; 163; 5; 6; 9999
1968;12; 120; 243; 237; 97; 0; 0; 0; 0; 0; 0; 0; 0; 0; 0; 0; 0; 0; 0; 0; 0; 0; 0; 582; 0; 0; 153; 109; 0; 0; 0; 0
1969;01; 0; 0; 0; 0; 0; 0; 0; 0; 0; 0; 0; 0; 43; 20; 0; 0; 173; 112; 0; 0; 0; 821; 0; 0; 0; 0; 0; 0; 0; 0; 0
1969;02; 0; 0; 69; 0; 0; 0; 0; 114; 0; 560; 0; 0; 0; 56; 348; 179; 0; 0; 108; 160; 0; 0; 0; 0; 0; 0; 0; 328; 9999; 9999; 9999
1969;03; 0; 0; 22; 101; 301; 25; 0; 0; 0; 0; 0; 125; 0; 0; 0; 0; 0; 0; 0; 0; 0; 384; 0; 0; 0; 0; 0; 0; 0; 0; 0
1969;04; 0; 0; 0; 0; 261; 0; 0; 0; 35; 0; 0; 0; 0; 0; 0; 0; 0; 0; 0; 0; 0; 0; 0; 0; 0; 0; 0; 0; 0; 0; 9999
1969;05; 0; 0; 0; 0; 0; 0; 0; 0; 0; 0; 0; 0; 0; 0; 0; 0; 0; 0; 0; 0; 0; 0; 0; 0; 0; 0; 0; 0; 0; 0; 0
1969;06; 0; 0; 0; 0; 0; 0; 0; 0; 0; 0; 0; 0; 0; 0; 0; 0; 0; 0; 0; 0; 0; 0; 0; 0; 0; 0; 0; 0; 0; 0; 9999
1969;07; 0; 0; 0; 0; 0; 0; 0; 0; 0; 0; 0; 0; 0; 0; 0; 0; 0; 0; 0; 0; 0; 0; 0; 0; 0; 0; 0; 0; 0; 0; 0
1969;08; 0; 0; 0; 0; 0; 0; 0; 0; 0; 0; 0; 0; 0; 0; 0; 0; 0; 0; 0; 0; 0; 0; 0; 0; 0; 0; 0; 0; 0; 0; 0
1969;09; 0; 0; 0; 0; 0; 0; 0; 0; 0; 0; 0; 0; 0; 0; 0; 0; 0; 0; 0; 0; 20; 0; 0; 0; 0; 0; 0; 0; 0; 721; 9999
1969;10; 312; 10; 316; 62; 0; 68; 0; 0; 0; 0; 0; 0; 0; 0; 0; 0; 0; 0; 0; 163; 0; 0; 256; 0; 0; 0; 0; 0; 0; 342; 0
1969;11; 0; 0; 179; 0; 0; 0; 0; 0; 114; 151; 0; 0; 880; 81; 30; 176; 0; 0; 113; 31; 0; 0; 0; 0; 0; 0; 0; 0; 174; 0; 9999
1969;12; 161; 19; 0; 0; 55; 0; 0; 0; 0; 0; 0; 51; 119; 573; 0; 0; 0; 0; 0; 92; 0; 0; 9; 10; 0; 0; 0; 0; 0; 570; 0
1970;01; 661; 39; 294; 6; 0; 0; 0; 0; 0; 288; 0; 0; 0; 0; 34; 640; 240; 18; 929; 334; 71; 31; 0; 0; 0; 0; 0; 0; 366; 0; 70
1970;02; 0; 74; 0; 0; 64; 0; 6; 0; 0; 891; 0; 0; 0; 80; 245; 15; 184; 161; 32; 0; 274; 133; 72; 3; 52; 0; 0; 0; 9999; 9999; 9999
1970;03; 0; 0; 0; 0; 0; 0; 0; 0; 0; 0; 0; 0; 84; 416; 63; 0; 170; 61; 0; 195; 0; 0; 0; 0; 0; 0; 0; 0; 0; 0; 0
1970;04; 0; 0; 0; 30; 0; 34; 0; 0; 0; 0; 20; 0; 0; 0; 0; 0; 0; 0; 0; 0; 0; 0; 0; 0; 0; 0; 0; 0; 0; 0; 9999
1970;05; 0; 0; 0; 0; 0; 0; 0; 240; 0; 0; 0; 0; 0; 0; 0; 0; 0; 0; 0; 0; 0; 0; 81; 0; 0; 0; 0; 0; 0; 0; 0
1970;06; 0; 0; 0; 0; 0; 0; 0; 0; 0; 0; 0; 0; 0; 0; 0; 0; 0; 0; 0; 0; 0; 0; 80; 400; 5; 0; 0; 0; 174; 0; 9999
1970;07; 0; 0; 0; 0; 0; 0; 0; 0; 0; 100; 0; 72; 0; 64; 0; 0; 0; 0; 0; 0; 0; 0; 0; 0; 0; 0; 0; 0; 0; 0; 0
1970;08; 0; 0; 0; 0; 0; 0; 0; 0; 0; 0; 0; 0; 0; 0; 0; 0; 0; 0; 0; 0; 0; 0; 0; 0; 0; 75; 175; 18; 0; 0; 0
1970;09; 103; 0; 0; 0; 0; 0; 102; 0; 0; 0; 0; 0; 35; 230; 0; 34; 0; 0; 0; 180; 40; 52; 0; 0; 0; 0; 0; 0; 20; 33; 9999
1970;10; 0; 250; 239; 360; 0; 0; 0; 0; 0; 0; 0; 0; 100; 0; 0; 0; 0; 0; 0; 0; 0; 0; 0; 0; 0; 0; 0; 0; 0; 0; 0
1970;11; 0; 0; 0; 0; 0; 0; 550; 23; 149; 0; 0; 0; 0; 0; 0; 0; 0; 0; 0; 0; 0; 343; 0; 0; 0; 0; 0; 0; 0; 20; 9999
1970;12; 200; 0; 0; 0; 0; 0; 0; 0; 0; 300; 144; 0; 0; 0; 0; 0; 20; 255; 86; 0; 352; 0; 0; 0; 224; 176; 0; 0; 0; 0; 160
1971;01; 120; 0; 0; 0; 0; 104; 0; 0; 0; 126; 0; 0; 0; 0; 64; 0; 0; 0; 0; 112; 0; 56; 0; 0; 0; 0; 0; 0; 0; 0; 0
1971;02; 0; 0; 0; 0; 0; 0; 48; 82; 15; 0; 0; 0; 0; 290; 0; 0; 0; 0; 0; 0; 0; 60; 76; 0; 0; 178; 0; 104; 9999; 9999; 9999
1971;03; 0; 0; 0; 0; 0; 0; 356; 0; 78; 0; 154; 173; 0; 0; 0; 0; 0; 0; 0; 0; 70; 103; 0; 0; 0; 0; 0; 0; 744; 0; 0
1971;04; 0; 0; 0; 0; 0; 0; 0; 0; 0; 116; 0; 0; 0; 0; 0; 0; 0; 0; 0; 0; 0; 108; 0; 0; 0; 0; 0; 0; 0; 0; 9999
1971;05; 0; 0; 483; 5; 103; 6; 0; 0; 0; 0; 0; 0; 0; 0; 0; 0; 0; 0; 0; 0; 0; 0; 0; 0; 0; 92; 0; 0; 0; 0; 0
1971;06; 0; 0; 0; 0; 0; 0; 0; 0; 0; 0; 140; 100; 190; 0; 0; 145; 0; 0; 302; 68; 0; 0; 0; 0; 0; 0; 0; 0; 0; 0; 9999
1971;07; 0; 0; 0; 0; 113; 0; 0; 0; 0; 0; 0; 0; 0; 0; 0; 0; 0; 0; 0; 0; 0; 0; 0; 0; 0; 0; 0; 0; 0; 250; 0
1971;08; 0; 0; 0; 0; 0; 0; 0; 0; 0; 0; 0; 0; 0; 0; 0; 0; 0; 0; 0; 0; 0; 0; 0; 0; 0; 0; 0; 0; 0; 0; 0
1971;09; 0; 0; 0; 0; 0; 0; 41; 0; 113; 0; 0; 295; 0; 0; 0; 0; 0; 0; 0; 0; 0; 0; 0; 16; 144; 0; 57; 0; 0; 0; 9999
1971;10; 215; 36; 0; 0; 344; 0; 157; 91; 0; 0; 26; 149; 0; 0; 0; 28; 0; 0; 0; 0; 0; 0; 0; 0; 75; 0; 0; 0; 57; 0; 0
1971;11; 131; 758; 0; 0; 0; 0; 0; 0; 0; 0; 0; 0; 27; 0; 0; 0; 0; 0; 921; 0; 0; 0; 0; 0; 8; 0; 0; 0; 201; 0; 9999
1971;12; 9; 0; 0; 652; 0; 0; 0; 298; 94; 8; 0; 42; 124; 23; 135; 0; 0; 11; 573; 0; 96; 47; 0; 488; 2; 201; 50; 0; 0; 8; 0
1972;01; 0; 193; 285; 87; 0; 0; 0; 344; 0; 136; 1; 142; 0; 71; 0; 0; 25; 0; 0; 0; 0; 765; 668; 57; 8; 329; 125; 31; 0; 0; 0
1972;02; 262; 0; 81; 0; 24; 43; 95; 0; 48; 0; 128; 26; 0; 79; 0; 57; 496; 0; 0; 652; 261; 45; 78; 0; 206; 39; 0; 0; 0; 9999; 9999
1972;03; 0; 0; 0; 0; 34; 976; 0; 0; 0; 93; 0; 141; 135; 0; 0; 0; 0; 351; 0; 0; 24; 0; 0; 41; 0; 89; 0; 46; 0; 0; 0
1972;04; 292; 253; 0; 0; 0; 0; 0; 0; 0; 0; 0; 0; 0; 0; 106; 0; 0; 0; 0; 0; 0; 0; 0; 0; 0; 5; 21; 0; 0; 0; 9999
1972;05; 0; 0; 0; 0; 0; 0; 0; 0; 0; 0; 0; 0; 0; 0; 0; 0; 0; 0; 0; 0; 0; 0; 94; 578; 299; 0; 0; 0; 0; 0; 0
1972;06; 0; 0; 0; 0; 0; 0; 0; 0; 0; 0; 0; 0; 0; 0; 0; 0; 0; 0; 63; 0; 0; 0; 0; 0; 0; 0; 0; 0; 0; 0; 9999
1972;07; 0; 0; 0; 0; 0; 0; 0; 222; 0; 203; 64; 26; 141; 6; 11; 72; 5; 0; 0; 0; 0; 0; 0; 0; 0; 0; 48; 0; 0; 0; 0
1972;08; 0; 0; 0; 131; 147; 0; 93; 0; 0; 0; 0; 15; 0; 0; 0; 0; 0; 0; 0; 0; 0; 0; 0; 63; 6; 0; 0; 0; 0; 128; 0
1972;09; 5; 0; 0; 0; 0; 0; 0; 0; 0; 0; 67; 171; 0; 0; 0; 0; 0; 0; 0; 0; 0; 0; 0; 41; 7; 0; 0; 62; 96; 0; 9999
1972;10; 0; 137; 196; 374; 275; 0; 5; 0; 0; 351; 327; 0; 0; 0; 282; 0; 0; 0; 0; 0; 0; 0; 0; 0; 0; 0; 0; 151; 0; 120; 0
1972;11; 298; 84; 0; 42; 0; 0; 0; 0; 259; 0; 27; 0; 58; 61; 0; 62; 0; 74; 0; 0; 0; 0; 0; 0; 15; 121; 9; 0; 0; 0; 9999
1972;12; 73; 0; 0; 51; 0; 0; 0; 0; 0; 0; 0; 0; 0; 0; 0; 0; 0; 0; 67; 24; 0; 302; 80; 31; 0; 36; 0; 0; 0; 375; 0
1973;01; 0; 42; 13; 0; 0; 191; 0; 23; 0; 0; 89; 0; 304; 417; 20; 59; 171; 0; 38; 105; 26; 4; 67; 46; 11; 115; 0; 0; 0; 0; 0
1973;02; 0; 0; 0; 0; 452; 16; 34; 0; 0; 0; 27; 0; 75; 3; 468; 301; 64; 0; 82; 0; 0; 0; 0; 0; 0; 69; 88; 101; 9999; 9999; 9999
1973;03; 8; 0; 0; 0; 0; 0; 0; 37; 151; 112; 141; 0; 0; 0; 0; 0; 0; 153; 0; 0; 0; 674; 0; 53; 0; 9; 0; 0; 0; 271; 1033
1973;04; 53; 12; 0; 0; 0; 0; 0; 0; 0; 264; 397; 36; 22; 0; 0; 0; 0; 0; 0; 0; 303; 0; 281; 0; 0; 14; 0; 0; 0; 0; 9999
1973;05; 0; 0; 0; 0; 0; 0; 0; 0; 0; 146; 91; 0; 0; 0; 0; 0; 0; 0; 0; 0; 0; 283; 0; 0; 0; 0; 0; 0; 0; 0; 0
1973;06; 0; 0; 0; 0; 0; 0; 0; 0; 0; 0; 0; 0; 0; 0; 0; 0; 0; 0; 78; 0; 0; 0; 0; 0; 0; 12; 0; 0; 0; 0; 9999
1973;07; 0; 0; 51; 0; 0; 0; 0; 0; 0; 0; 0; 0; 0; 0; 0; 0; 0; 0; 0; 0; 104; 0; 0; 0; 0; 0; 0; 105; 0; 0; 0
1973;08; 0; 0; 0; 0; 12; 0; 0; 0; 0; 0; 0; 0; 0; 0; 0; 0; 0; 0; 0; 0; 0; 0; 0; 0; 0; 0; 0; 4; 0; 0; 0
1973;09; 0; 239; 3; 0; 0; 0; 0; 0; 0; 9; 0; 0; 0; 0; 0; 0; 0; 0; 0; 0; 0; 0; 0; 0; 0; 0; 8; 0; 0; 0; 9999
1973;10; 0; 0; 0; 0; 0; 0; 284; 0; 87; 105; 3; 187; 0; 0; 0; 0; 0; 0; 182; 0; 0; 0; 0; 41; 0; 0; 52; 0; 0; 0; 269
1973;11; 218; 0; 81; 0; 0; 0; 0; 0; 0; 14; 0; 39; 55; 0; 0; 0; 0; 263; 242; 0; 0; 0; 0; 0; 77; 0; 0; 0; 0; 0; 9999
1973;12; 153; 0; 0; 14; 331; 82; 58; 15; 149; 0; 0; 0; 77; 0; 0; 213; 226; 625; 400; 92; 239; 476; 0; 108; 214; 41; 6; 0; 47; 193; 414
1974;01; 79; 203; 132; 0; 1; 33; 71; 72; 0; 25; 143; 51; 238; 314; 92; 379; 5; 332; 0; 0; 0; 0; 0; 0; 0; 0; 0; 149; 646; 622; 0
1974;02; 90; 102; 41; 0; 0; 0; 0; 0; 0; 0; 0; 0; 0; 235; 22; 0; 0; 0; 0; 0; 0; 0; 0; 70; 0; 87; 0; 0; 9999; 9999; 9999
1974;03; 0; 0; 0; 91; 202; 0; 744; 78; 71; 1; 243; 0; 269; 28; 294; 0; 95; 301; 796; 602; 11; 0; 0; 39; 1; 0; 0; 168; 0; 0; 0
1974;04; 27; 0; 0; 0; 0; 0; 0; 0; 0; 52; 0; 0; 0; 401; 0; 0; 0; 0; 0; 0; 0; 0; 0; 0; 83; 37; 0; 0; 0; 0; 9999
1974;05; 0; 0; 0; 0; 0; 0; 0; 0; 0; 0; 0; 0; 8; 0; 0; 0; 5; 0; 0; 0; 0; 0; 0; 0; 0; 0; 0; 0; 1; 0; 0
1974;06; 0; 0; 1; 52; 90; 0; 0; 0; 0; 0; 0; 49; 1; 0; 0; 0; 0; 0; 0; 0; 0; 192; 0; 0; 0; 103; 0; 0; 0; 0; 9999
1974;07; 0; 0; 0; 0; 0; 0; 0; 0; 0; 0; 0; 0; 0; 0; 0; 0; 0; 0; 0; 0; 0; 0; 0; 0; 0; 0; 0; 0; 0; 0; 0
1974;08; 0; 0; 0; 0; 0; 0; 0; 0; 0; 0; 0; 0; 8; 0; 0; 0; 0; 0; 0; 0; 0; 0; 0; 0; 0; 0; 0; 0; 0; 0; 0
1974;09; 0; 0; 0; 0; 0; 0; 0; 0; 0; 0; 0; 0; 0; 0; 0; 0; 0; 0; 0; 0; 0; 0; 0; 0; 0; 0; 39; 0; 211; 32; 9999
1974;10; 16; 89; 0; 0; 209; 0; 0; 0; 2; 0; 0; 0; 0; 0; 0; 0; 100; 0; 115; 0; 0; 0; 0; 0; 3; 217; 4; 46; 0; 101; 0
1974;11; 0; 0; 0; 0; 0; 39; 0; 0; 0; 0; 0; 0; 259; 0; 0; 0; 0; 0; 0; 0; 295; 5; 51; 0; 0; 0; 0; 12; 239; 281; 9999
1974;12; 0; 0; 77; 198; 130; 32; 0; 0; 0; 0; 0; 0; 0; 2; 568; 94; 42; 240; 609; 102; 128; 194; 51; 473; 136; 0; 2; 131; 13; 18; 205
1975;01; 295; 13; 0; 0; 0; 0; 384; 20; 0; 24; 13; 133; 55; 0; 41; 0; 0; 0; 0; 602; 1; 0; 0; 14; 0; 236; 0; 0; 303; 12; 64
1975;02; 0; 0; 161; 263; 13; 301; 54; 62; 149; 137; 0; 0; 0; 0; 0; 0; 0; 0; 275; 12; 0; 26; 131; 4; 95; 0; 6; 0; 9999; 9999; 9999
1975;03; 14; 0; 9; 0; 0; 0; 0; 0; 30; 21; 0; 0; 0; 0; 0; 0; 0; 0; 0; 0; 0; 0; 28; 492; 1; 0; 0; 0; 0; 0; 104
1975;04; 0; 0; 0; 0; 0; 0; 0; 0; 0; 81; 102; 25; 0; 0; 100; 36; 0; 0; 0; 0; 0; 0; 0; 0; 0; 0; 0; 0; 0; 0; 9999
1975;05; 13; 0; 0; 0; 0; 0; 1; 0; 0; 0; 0; 0; 0; 0; 0; 0; 0; 0; 0; 0; 0; 0; 0; 0; 0; 0; 0; 0; 0; 0; 0
1975;06; 0; 0; 0; 0; 0; 0; 0; 0; 0; 0; 0; 0; 0; 0; 0; 0; 0; 0; 0; 0; 0; 0; 0; 0; 0; 0; 0; 0; 0; 0; 9999
1975;07; 0; 2; 0; 172; 0; 0; 0; 0; 0; 0; 0; 0; 0; 0; 0; 0; 43; 17; 0; 0; 0; 0; 0; 0; 0; 0; 0; 0; 0; 0; 0
1975;08; 0; 0; 0; 0; 0; 0; 0; 0; 0; 0; 0; 0; 0; 0; 0; 0; 0; 0; 0; 0; 0; 0; 0; 0; 0; 0; 0; 0; 0; 0; 0
1975;09; 0; 0; 0; 0; 0; 0; 0; 0; 0; 0; 0; 0; 0; 0; 0; 0; 0; 0; 0; 0; 0; 0; 0; 0; 4; 0; 401; 10; 0; 13; 9999
1975;10; 182; 0; 103; 94; 0; 102; 0; 273; 1; 0; 0; 0; 3; 40; 0; 0; 32; 211; 127; 0; 0; 0; 0; 0; 0; 0; 0; 0; 0; 0; 2
1975;11; 0; 31; 0; 0; 0; 0; 342; 0; 0; 23; 0; 113; 0; 0; 0; 0; 0; 288; 2; 276; 269; 0; 0; 50; 154; 599; 2; 514; 29; 57; 9999
1975;12; 296; 185; 8; 0; 0; 50; 0; 61; 0; 53; 0; 0; 32; 62; 45; 0; 0; 13; 4; 0; 0; 0; 289; 1; 901; 78; 52; 0; 6; 213; 0
1976;01; 0; 203; 38; 0; 35; 58; 32; 73; 6; 0; 0; 27; 0; 0; 141; 156; 0; 0; 0; 4; 135; 71; 0; 0; 0; 0; 1; 17; 89; 1; 0
1976;02; 129; 223; 398; 30; 10; 51; 152; 408; 74; 0; 0; 0; 0; 0; 0; 112; 96; 85; 9; 0; 0; 9; 68; 121; 0; 0; 26; 0; 0; 9999; 9999
1976;03; 546; 2; 204; 0; 0; 0; 0; 43; 0; 0; 28; 177; 58; 36; 29; 981; 32; 4; 80; 222; 6; 133; 0; 1; 0; 8; 1; 0; 0; 0; 0
1976;04; 0; 0; 9; 0; 0; 0; 0; 0; 0; 110; 141; 169; 6; 9; 27; 0; 0; 0; 0; 0; 0; 0; 4; 0; 0; 0; 0; 0; 0; 0; 9999
1976;05; 0; 0; 0; 0; 122; 0; 0; 0; 8; 0; 0; 0; 0; 0; 0; 0; 0; 1; 85; 83; 22; 47; 0; 0; 0; 0; 0; 2; 429; 73; 0
1976;06; 0; 0; 0; 0; 116; 80; 0; 0; 0; 0; 0; 0; 0; 0; 0; 0; 0; 0; 0; 0; 0; 0; 0; 0; 0; 0; 0; 0; 0; 0; 9999
1976;07; 0; 0; 348; 20; 0; 20; 30; 0; 4; 62; 0; 0; 0; 0; 0; 0; 0; 0; 0; 0; 0; 0; 0; 0; 0; 0; 0; 0; 0; 0; 0
1976;08; 0; 0; 0; 0; 0; 9; 0; 0; 0; 188; 16; 82; 57; 459; 0; 0; 0; 0; 2; 190; 0; 0; 0; 0; 0; 0; 0; 0; 0; 0; 0
1976;09; 0; 0; 0; 0; 24; 175; 44; 0; 0; 0; 0; 0; 5; 248; 3; 376; 2; 1; 0; 0; 0; 0; 0; 6; 0; 39; 73; 1; 2; 0; 9999
1976;10; 0; 0; 0; 0; 0; 179; 0; 0; 331; 119; 0; 0; 0; 0; 0; 0; 0; 50; 103; 38; 0; 0; 0; 0; 312; 125; 7; 0; 0; 0; 160
1976;11; 75; 0; 0; 2; 259; 133; 0; 0; 0; 0; 0; 0; 0; 0; 0; 122; 349; 0; 0; 0; 91; 3; 0; 0; 0; 4; 0; 0; 0; 0; 9999
1976;12; 26; 72; 0; 0; 0; 0; 18; 45; 63; 131; 0; 49; 8; 17; 50; 189; 191; 46; 0; 34; 139; 87; 39; 305; 42; 213; 14; 774; 2; 0; 123
1977;01; 86; 0; 0; 0; 19; 4; 267; 368; 0; 0; 0; 0; 0; 0; 70; 0; 63; 24; 205; 371; 0; 0; 22; 29; 221; 191; 9; 13; 12; 10; 224
1977;02; 293; 5; 0; 73; 68; 0; 0; 0; 0; 0; 329; 0; 0; 0; 16; 11; 0; 0; 4; 0; 0; 0; 43; 19; 0; 0; 0; 0; 9999; 9999; 9999
1977;03; 0; 0; 0; 0; 0; 0; 23; 0; 0; 0; 104; 0; 0; 299; 83; 0; 112; 0; 1; 2; 337; 81; 2; 48; 0; 0; 0; 0; 69; 1; 345
1977;04; 64; 0; 0; 503; 138; 0; 0; 0; 21; 349; 1; 0; 0; 0; 0; 0; 0; 0; 52; 301; 42; 1; 0; 0; 0; 0; 0; 0; 0; 0; 9999
1977;05; 0; 1; 2; 0; 0; 0; 0; 0; 4; 2; 0; 0; 0; 0; 0; 0; 66; 0; 0; 0; 0; 0; 0; 0; 0; 0; 0; 0; 0; 0; 0
1977;06; 1; 34; 0; 42; 39; 48; 2; 0; 0; 0; 0; 0; 0; 0; 220; 43; 31; 0; 0; 0; 0; 49; 28; 0; 0; 0; 0; 0; 0; 0; 9999
1977;07; 0; 0; 0; 0; 0; 0; 0; 0; 0; 0; 0; 0; 0; 0; 0; 0; 0; 0; 0; 0; 0; 0; 7; 0; 58; 0; 0; 0; 0; 0; 0
1977;08; 0; 0; 0; 0; 0; 0; 0; 0; 0; 0; 0; 0; 0; 0; 0; 0; 0; 0; 0; 0; 0; 0; 0; 0; 0; 0; 0; 0; 3; 41; 90
1977;09; 237; 153; 5; 0; 0; 0; 222; 59; 0; 0; 0; 0; 0; 0; 0; 0; 0; 0; 73; 0; 48; 0; 2; 323; 4; 0; 0; 0; 0; 0; 9999
1977;10; 1; 4; 0; 0; 0; 338; 0; 0; 0; 0; 0; 0; 2; 5; 33; 0; 14; 5; 0; 0; 0; 0; 0; 9; 0; 0; 133; 125; 0; 0; 0
1977;11; 0; 164; 0; 17; 0; 0; 0; 0; 0; 0; 0; 223; 441; 134; 29; 183; 106; 28; 3; 0; 16; 15; 0; 0; 4; 0; 51; 210; 22; 18; 9999
1977;12; 230; 483; 641; 279; 174; 48; 0; 65; 0; 33; 352; 0; 0; 0; 0; 0; 0; 0; 0; 103; 381; 93; 239; 340; 3; 0; 0; 0; 0; 0; 0
1978;01; 0; 176; 43; 0; 196; 32; 236; 44; 9; 267; 558; 83; 120; 92; 4; 0; 166; 0; 0; 0; 0; 28; 0; 0; 0; 0; 157; 316; 0; 0; 0
1978;02; 4; 0; 0; 0; 0; 0; 0; 154; 0; 0; 0; 40; 19; 0; 0; 23; 0; 0; 19; 0; 158; 119; 417; 0; 15; 73; 114; 56; 9999; 9999; 9999
1978;03; 0; 0; 45; 100; 3; 0; 0; 73; 603; 571; 224; 18; 0; 0; 0; 0; 0; 10; 0; 0; 0; 0; 0; 0; 0; 0; 0; 0; 39; 25; 0
1978;04; 0; 619; 10; 0; 0; 0; 0; 0; 0; 0; 0; 0; 0; 0; 0; 0; 0; 0; 0; 6; 1; 18; 7; 0; 0; 0; 0; 0; 0; 0; 9999
1978;05; 0; 0; 0; 0; 0; 0; 0; 0; 0; 0; 0; 0; 0; 0; 0; 0; 378; 560; 55; 0; 79; 60; 142; 2; 0; 8; 0; 6; 10; 292; 27
1978;06; 0; 0; 0; 6; 0; 0; 0; 0; 169; 0; 0; 0; 0; 0; 0; 0; 0; 0; 0; 0; 0; 0; 0; 0; 0; 0; 0; 0; 0; 0; 9999
1978;07; 0; 0; 0; 0; 0; 0; 0; 0; 0; 0; 0; 0; 0; 0; 0; 241; 0; 60; 3; 2; 298; 99; 0; 0; 0; 0; 0; 0; 0; 0; 0
1978;08; 0; 0; 0; 0; 0; 0; 0; 0; 0; 0; 0; 0; 0; 0; 0; 0; 0; 0; 0; 0; 0; 0; 0; 0; 0; 0; 0; 0; 0; 0; 0
1978;09; 0; 0; 0; 0; 0; 14; 598; 10; 0; 0; 0; 0; 0; 0; 108; 0; 57; 13; 0; 0; 0; 0; 0; 0; 0; 0; 0; 0; 0; 0; 9999
1978;10; 0; 0; 0; 0; 0; 0; 0; 0; 0; 0; 84; 0; 0; 106; 0; 0; 0; 0; 235; 0; 0; 0; 0; 0; 0; 0; 0; 6; 0; 20; 25
1978;11; 29; 0; 296; 17; 68; 30; 0; 0; 0; 0; 12; 211; 23; 0; 0; 0; 394; 46; 0; 2; 0; 20; 19; 131; 6; 0; 40; 0; 0; 0; 9999
1978;12; 0; 0; 3; 0; 10; 24; 568; 289; 691; 23; 0; 0; 0; 73; 41; 97; 301; 0; 0; 0; 0; 0; 204; 253; 0; 467; 520; 481; 459; 51; 0
1979;01; 0; 151; 97; 162; 19; 0; 0; 0; 0; 0; 33; 154; 130; 0; 0; 0; 0; 0; 0; 0; 13; 300; 0; 0; 0; 343; 0; 42; 71; 59; 0
1979;02; 0; 0; 0; 0; 40; 0; 19; 0; 48; 0; 71; 204; 212; 380; 147; 6; 0; 0; 0; 0; 0; 0; 300; 79; 0; 0; 438; 0; 9999; 9999; 9999
1979;03; 0; 0; 0; 179; 0; 0; 0; 45; 0; 0; 606; 33; 47; 0; 25; 0; 0; 0; 0; 6; 0; 0; 31; 6; 3; 0; 0; 0; 0; 0; 0
1979;04; 0; 0; 0; 321; 60; 20; 0; 0; 0; 0; 0; 0; 0; 0; 0; 0; 0; 0; 0; 0; 0; 0; 1; 0; 0; 0; 0; 0; 0; 417; 9999
1979;05; 16; 0; 0; 0; 309; 0; 0; 0; 0; 0; 0; 0; 0; 0; 0; 0; 0; 0; 0; 0; 0; 0; 0; 0; 0; 0; 0; 0; 3; 180; 0
1979;06; 0; 1; 0; 0; 0; 0; 0; 0; 0; 0; 0; 0; 0; 0; 0; 0; 0; 0; 0; 0; 0; 0; 0; 0; 0; 0; 0; 0; 0; 0; 9999
1979;07; 0; 0; 0; 0; 0; 0; 0; 0; 0; 0; 0; 0; 0; 0; 0; 2; 0; 0; 2; 135; 1; 0; 0; 21; 1; 0; 0; 0; 0; 0; 0
1979;08; 0; 0; 0; 0; 0; 0; 0; 0; 0; 0; 0; 0; 6; 0; 0; 0; 0; 152; 221; 8; 0; 0; 0; 0; 0; 29; 318; 0; 0; 0; 0
1979;09; 0; 0; 29; 0; 0; 0; 0; 0; 0; 14; 159; 83; 0; 222; 369; 201; 1; 0; 0; 0; 0; 0; 352; 16; 0; 0; 0; 0; 0; 0; 9999
1979;10; 43; 0; 0; 0; 0; 0; 0; 17; 38; 0; 0; 0; 0; 14; 237; 249; 16; 0; 0; 0; 0; 0; 0; 0; 0; 0; 146; 0; 23; 0; 3
1979;11; 0; 86; 309; 2; 0; 0; 54; 656; 213; 135; 27; 0; 0; 0; 13; 0; 0; 0; 0; 0; 0; 0; 8; 2; 0; 167; 0; 0; 0; 0; 9999
1979;12; 0; 0; 5; 104; 73; 0; 0; 0; 0; 0; 0; 6; 269; 256; 283; 208; 0; 0; 0; 412; 521; 324; 271; 532; 107; 69; 628; 263; 165; 0; 176
1980;01; 84; 0; 0; 0; 0; 0; 16; 369; 13; 95; 88; 87; 0; 0; 0; 0; 18; 725; 61; 3; 42; 79; 481; 46; 313; 24; 47; 19; 0; 0; 0
1980;02; 14; 0; 0; 0; 0; 0; 0; 0; 80; 124; 143; 123; 155; 26; 57; 0; 109; 314; 28; 0; 0; 0; 47; 322; 76; 291; 113; 280; 79; 9999; 9999
1980;03; 68; 0; 0; 0; 0; 0; 0; 0; 0; 0; 41; 13; 212; 499; 220; 32; 264; 0; 0; 23; 0; 0; 0; 0; 0; 0; 0; 0; 0; 0; 0
1980;04; 0; 0; 423; 301; 89; 13; 0; 0; 0; 0; 16; 0; 0; 124; 255; 49; 0; 0; 0; 0; 0; 0; 0; 0; 0; 0; 0; 0; 0; 0; 9999
1980;05; 0; 37; 3; 0; 0; 0; 0; 0; 0; 0; 15; 0; 0; 0; 0; 0; 0; 0; 0; 0; 0; 225; 0; 0; 0; 0; 0; 0; 0; 0; 0
1980;06; 0; 0; 4; 7; 0; 0; 0; 0; 0; 0; 0; 0; 0; 3; 1; 0; 0; 0; 0; 0; 0; 0; 0; 0; 40; 159; 155; 3; 0; 0; 9999
1980;07; 0; 0; 0; 0; 0; 0; 0; 0; 0; 0; 0; 0; 0; 0; 0; 0; 0; 0; 0; 0; 0; 0; 0; 0; 0; 0; 0; 3; 0; 0; 2
1980;08; 0; 0; 0; 0; 0; 0; 23; 0; 0; 0; 0; 0; 78; 0; 0; 0; 0; 1; 0; 0; 0; 0; 0; 0; 0; 24; 27; 0; 0; 0; 0
1980;09; 0; 0; 0; 0; 0; 0; 0; 0; 0; 1; 0; 0; 12; 0; 44; 0; 0; 5; 123; 691; 48; 36; 0; 0; 0; 0; 0; 265; 1; 0; 9999
1980;10; 0; 0; 0; 0; 0; 0; 0; 2; 53; 0; 21; 279; 3; 0; 0; 0; 0; 0; 0; 0; 0; 0; 0; 315; 0; 0; 0; 0; 0; 17; 16
1980;11; 0; 0; 0; 0; 2; 0; 357; 319; 68; 41; 0; 0; 0; 0; 0; 0; 0; 0; 0; 267; 0; 0; 108; 503; 134; 0; 0; 0; 99; 386; 9999
1980;12; 397; 124; 28; 6; 359; 0; 0; 175; 0; 0; 0; 3; 40; 0; 0; 0; 0; 0; 0; 0; 29; 0; 248; 0; 195; 0; 0; 31; 96; 30; 294
1981;01; 0; 0; 12; 0; 23; 0; 21; 134; 2; 5; 219; 257; 286; 150; 98; 134; 10; 0; 0; 0; 303; 381; 26; 48; 434; 143; 15; 0; 0; 0; 0
1981;02; 0; 7; 0; 0; 0; 23; 0; 568; 0; 246; 45; 34; 39; 0; 0; 0; 0; 0; 0; 12; 495; 6; 0; 0; 0; 0; 0; 0; 9999; 9999; 9999
1981;03; 0; 0; 0; 9; 15; 8; 6; 214; 63; 0; 0; 0; 0; 0; 1; 8; 172; 300; 19; 0; 0; 0; 0; 0; 0; 0; 91; 222; 184; 47; 0
1981;04; 0; 0; 0; 0; 0; 11; 0; 0; 0; 0; 0; 0; 0; 0; 0; 0; 0; 0; 0; 0; 0; 0; 0; 20; 5; 0; 0; 71; 2; 0; 9999
1981;05; 0; 0; 0; 0; 0; 0; 0; 0; 0; 0; 0; 0; 0; 0; 0; 0; 0; 0; 0; 0; 17; 0; 0; 0; 0; 0; 3; 0; 0; 0; 0
1981;06; 0; 0; 0; 0; 0; 462; 0; 0; 0; 0; 0; 0; 0; 0; 0; 49; 364; 21; 1; 0; 0; 0; 0; 0; 0; 0; 0; 0; 0; 0; 9999
1981;07; 0; 0; 0; 0; 0; 0; 0; 0; 0; 0; 0; 0; 0; 0; 0; 0; 0; 0; 0; 0; 0; 0; 0; 0; 0; 0; 0; 0; 0; 0; 0
1981;08; 0; 0; 0; 0; 0; 0; 0; 0; 0; 0; 0; 0; 0; 0; 0; 0; 0; 24; 0; 0; 0; 0; 0; 0; 0; 0; 0; 0; 0; 0; 0
1981;09; 0; 0; 0; 0; 0; 0; 0; 0; 0; 0; 0; 0; 0; 0; 0; 0; 0; 0; 0; 0; 0; 0; 0; 0; 0; 61; 0; 0; 0; 11; 9999
1981;10; 0; 18; 115; 26; 1; 2; 109; 3; 0; 0; 0; 19; 587; 0; 0; 493; 0; 0; 14; 359; 15; 0; 0; 0; 0; 0; 408; 6; 0; 0; 0
1981;11; 0; 0; 57; 153; 0; 0; 0; 0; 0; 186; 161; 0; 0; 0; 0; 0; 0; 123; 171; 52; 0; 0; 0; 0; 0; 0; 1; 0; 15; 428; 9999
1981;12; 123; 206; 147; 0; 0; 0; 379; 262; 498; 73; 0; 281; 0; 0; 0; 47; 8; 25; 0; 0; 0; 13; 2; 0; 0; 0; 0; 269; 0; 0; 0
1982;01; 0; 14; 101; 0; 0; 0; 114; 52; 403; 605; 589; 146; 33; 0; 0; 0; 0; 0; 0; 0; 75; 0; 0; 157; 134; 0; 26; 99; 112; 0; 0
1982;02; 143; 195; 62; 201; 146; 534; 392; 17; 46; 0; 0; 0; 0; 0; 0; 0; 38; 0; 0; 0; 0; 0; 54; 41; 473; 199; 25; 239; 9999; 9999; 9999
1982;03; 67; 116; 83; 0; 0; 0; 21; 5; 202; 199; 623; 274; 112; 109; 506; 61; 28; 57; 0; 0; 0; 334; 80; 0; 0; 0; 0; 0; 0; 0; 0
1982;04; 0; 0; 0; 0; 0; 0; 0; 0; 0; 0; 0; 0; 59; 121; 52; 0; 0; 0; 0; 0; 0; 0; 0; 0; 0; 0; 0; 0; 0; 0; 9999
1982;05; 63; 0; 0; 0; 0; 0; 0; 0; 0; 0; 0; 0; 0; 0; 0; 1; 3; 0; 142; 9999; 0; 0; 62; 0; 271; 14; 0; 0; 0; 0; 15
1982;06; 0; 0; 0; 61; 8; 0; 0; 0; 0; 0; 0; 0; 86; 0; 0; 0; 0; 0; 0; 0; 5; 0; 0; 0; 0; 0; 2; 0; 6; 0; 9999
1982;07; 0; 0; 0; 0; 0; 0; 0; 0; 0; 0; 0; 0; 0; 54; 0; 0; 2; 81; 0; 0; 0; 0; 0; 0; 0; 0; 0; 0; 0; 34; 0
1982;08; 0; 0; 0; 0; 51; 0; 0; 0; 0; 0; 58; 0; 0; 0; 0; 0; 0; 0; 4; 0; 0; 0; 0; 0; 0; 0; 101; 59; 0; 0; 0
1982;09; 0; 0; 0; 0; 0; 0; 0; 0; 0; 0; 0; 0; 0; 0; 0; 0; 0; 0; 0; 0; 0; 37; 0; 0; 0; 0; 53; 98; 0; 0; 9999
1982;10; 0; 18; 261; 0; 0; 19; 64; 52; 73; 399; 16; 0; 65; 103; 0; 0; 0; 97; 142; 0; 0; 88; 0; 0; 0; 11; 14; 0; 332; 25; 0
1982;11; 0; 0; 0; 0; 0; 0; 0; 365; 34; 0; 3; 432; 0; 0; 0; 344; 25; 0; 0; 0; 0; 121; 0; 92; 0; 0; 0; 129; 0; 0; 9999
1982;12; 64; 0; 0; 0; 41; 0; 39; 0; 2; 13; 20; 0; 71; 0; 0; 205; 267; 20; 26; 0; 12; 18; 256; 0; 0; 0; 0; 6; 63; 217; 298
1983;01; 0; 0; 0; 23; 91; 135; 220; 0; 52; 249; 313; 49; 595; 478; 354; 116; 198; 586; 233; 307; 69; 1; 0; 0; 0; 4; 43; 0; 0; 0; 17
1983;02; 291; 629; 263; 2; 0; 0; 117; 398; 16; 15; 0; 0; 0; 105; 4; 0; 0; 0; 0; 203; 0; 0; 44; 499; 0; 0; 0; 163; 9999; 9999; 9999
1983;03; 17; 296; 0; 275; 34; 963; 68; 262; 1; 154; 0; 6; 0; 292; 19; 0; 0; 0; 283; 321; 0; 0; 0; 0; 0; 0; 0; 0; 0; 0; 0
1983;04; 0; 0; 4; 0; 0; 173; 102; 11; 0; 0; 5; 23; 116; 0; 0; 0; 0; 0; 0; 0; 109; 42; 0; 0; 653; 371; 2; 0; 0; 0; 9999
1983;05; 0; 0; 0; 0; 0; 0; 0; 0; 0; 0; 0; 0; 134; 0; 0; 0; 0; 0; 0; 223; 8; 0; 99; 3; 0; 0; 0; 0; 312; 101; 323
1983;06; 14; 113; 98; 21; 0; 0; 42; 0; 0; 0; 0; 0; 0; 0; 0; 0; 0; 0; 0; 0; 0; 0; 0; 0; 0; 0; 0; 0; 0; 0; 9999
1983;07; 0; 0; 0; 0; 0; 0; 0; 0; 0; 0; 0; 0; 0; 0; 0; 0; 0; 169; 202; 191; 43; 0; 0; 0; 0; 0; 0; 0; 0; 0; 0
1983;08; 0; 7; 0; 0; 0; 0; 0; 0; 0; 0; 0; 0; 0; 0; 0; 0; 0; 0; 0; 0; 0; 0; 0; 0; 0; 0; 0; 0; 0; 0; 0
1983;09; 0; 0; 0; 0; 0; 78; 542; 294; 29; 16; 0; 0; 95; 0; 0; 53; 109; 213; 332; 95; 0; 0; 21; 179; 0; 0; 0; 0; 0; 0; 9999
1983;10; 0; 0; 0; 108; 0; 0; 129; 11; 0; 0; 0; 0; 397; 203; 116; 0; 0; 404; 46; 0; 0; 276; 224; 95; 3; 0; 0; 0; 0; 0; 0
1983;11; 273; 64; 81; 98; 92; 0; 0; 0; 0; 0; 76; 31; 299; 32; 175; 17; 0; 0; 0; 190; 0; 143; 0; 0; 0; 0; 0; 0; 91; 28; 9999
1983;12; 0; 96; 0; 0; 0; 0; 82; 0; 0; 643; 57; 0; 108; 169; 56; 0; 0; 499; 0; 32; 128; 179; 83; 112; 495; 44; 103; 101; 334; 96; 31
1984;01; 101; 0; 0; 20; 0; 0; 0; 102; 0; 8; 0; 0; 0; 1; 0; 2; 0; 0; 14; 239; 216; 0; 0; 57; 535; 26; 391; 283; 0; 0; 0
1984;02; 0; 0; 0; 0; 0; 0; 231; 0; 0; 0; 0; 125; 0; 146; 0; 0; 0; 0; 0; 67; 0; 0; 311; 0; 0; 64; 23; 0; 0; 9999; 9999
1984;03; 5; 177; 0; 0; 0; 19; 343; 198; 351; 0; 0; 0; 0; 0; 3; 0; 0; 65; 0; 0; 0; 94; 0; 0; 0; 0; 6; 0; 83; 0; 106
1984;04; 0; 0; 115; 0; 8; 0; 0; 689; 0; 0; 0; 0; 0; 0; 0; 0; 46; 0; 0; 0; 0; 0; 0; 0; 89; 0; 0; 0; 0; 74; 9999
1984;05; 51; 98; 79; 15; 0; 0; 0; 0; 0; 0; 0; 0; 96; 0; 7; 0; 0; 223; 0; 0; 0; 0; 0; 0; 0; 0; 0; 0; 0; 0; 0
1984;06; 0; 0; 0; 0; 0; 0; 0; 0; 0; 0; 0; 0; 0; 0; 0; 0; 0; 0; 0; 0; 0; 0; 0; 0; 0; 0; 0; 0; 0; 0; 9999
1984;07; 0; 0; 0; 0; 2; 0; 0; 0; 0; 0; 0; 0; 0; 0; 0; 0; 0; 0; 0; 0; 0; 0; 0; 0; 0; 0; 0; 0; 26; 0; 0
1984;08; 0; 2; 208; 253; 0; 0; 0; 0; 0; 0; 0; 0; 0; 0; 0; 0; 0; 0; 0; 32; 135; 30; 129; 16; 13; 0; 0; 0; 0; 0; 0
1984;09; 0; 0; 0; 0; 0; 0; 0; 37; 0; 0; 0; 0; 0; 0; 0; 0; 39; 0; 0; 0; 63; 0; 0; 0; 0; 24; 194; 0; 0; 0; 9999
1984;10; 0; 0; 0; 0; 0; 0; 0; 0; 0; 0; 0; 0; 0; 0; 3; 0; 0; 165; 16; 0; 0; 0; 0; 0; 208; 0; 0; 0; 0; 0; 0
1984;11; 0; 0; 0; 0; 0; 0; 0; 0; 0; 3; 2; 300; 204; 0; 0; 0; 109; 101; 0; 0; 133; 0; 0; 0; 5; 141; 397; 0; 0; 0; 9999
1984;12; 45; 0; 374; 0; 0; 0; 8; 26; 37; 25; 0; 41; 7; 29; 163; 187; 22; 94; 0; 0; 0; 0; 0; 0; 0; 0; 0; 59; 0; 0; 0
1985;01; 41; 99; 0; 0; 0; 54; 36; 101; 295; 0; 0; 61; 0; 107; 193; 142; 385; 88; 79; 198; 325; 32; 34; 53; 195; 186; 99; 2; 0; 0; 0
1985;02; 0; 523; 124; 0; 0; 0; 0; 0; 409; 0; 0; 182; 45; 2; 6; 0; 0; 47; 0; 0; 0; 137; 96; 0; 0; 35; 14; 13; 9999; 9999; 9999
1985;03; 602; 264; 159; 53; 85; 26; 18; 147; 0; 161; 105; 13; 0; 0; 8; 109; 2; 3; 0; 0; 0; 9999; 9999; 9999; 14; 0; 0; 3; 0; 12; 9
1985;04; 0; 0; 0; 274; 0; 0; 128; 252; 0; 102; 47; 3; 0; 41; 0; 4; 303; 40; 2; 0; 0; 0; 0; 0; 0; 9; 0; 0; 12; 11; 9999
1985;05; 33; 0; 0; 0; 0; 0; 0; 0; 0; 0; 0; 0; 0; 0; 0; 0; 0; 0; 0; 0; 0; 101; 3; 0; 0; 0; 0; 0; 0; 0; 0
1985;06; 0; 42; 21; 3; 0; 0; 0; 0; 0; 0; 0; 0; 0; 0; 0; 0; 0; 0; 0; 0; 0; 0; 0; 0; 0; 0; 0; 0; 0; 0; 9999
1985;07; 0; 0; 0; 0; 0; 64; 0; 0; 0; 0; 0; 0; 0; 0; 0; 0; 0; 0; 0; 0; 0; 0; 0; 0; 0; 0; 0; 0; 0; 0; 0
1985;08; 0; 0; 0; 0; 0; 0; 0; 0; 0; 0; 0; 0; 0; 0; 0; 0; 0; 0; 0; 0; 0; 0; 13; 0; 0; 0; 0; 0; 0; 87; 0
1985;09; 80; 9; 0; 0; 61; 0; 6; 0; 0; 0; 0; 0; 0; 0; 0; 0; 0; 0; 0; 0; 0; 0; 0; 2; 0; 0; 0; 0; 3; 62; 9999
1985;10; 0; 0; 0; 0; 0; 0; 0; 0; 0; 18; 0; 0; 0; 0; 0; 0; 0; 0; 13; 0; 0; 0; 0; 0; 25; 0; 0; 181; 68; 0; 11
1985;11; 29; 38; 502; 471; 30; 0; 0; 0; 0; 0; 0; 69; 0; 0; 0; 0; 0; 0; 83; 0; 0; 2; 0; 227; 261; 189; 291; 0; 0; 0; 9999
1985;12; 0; 0; 0; 195; 0; 0; 0; 0; 0; 0; 0; 0; 0; 0; 0; 0; 6; 0; 0; 0; 0; 243; 0; 79; 206; 0; 92; 0; 0; 0; 0
1986;01; 0; 64; 2; 0; 0; 103; 0; 169; 0; 31; 0; 693; 0; 116; 1; 0; 5; 0; 0; 0; 209; 313; 0; 0; 0; 7; 28; 6; 0; 5; 0
1986;02; 0; 0; 156; 23; 108; 0; 0; 0; 0; 69; 0; 602; 21; 0; 0; 298; 406; 83; 0; 183; 205; 161; 0; 0; 0; 0; 0; 0; 9999; 9999; 9999
1986;03; 0; 82; 458; 519; 15; 0; 562; 0; 0; 101; 0; 0; 0; 0; 0; 6; 3; 0; 506; 0; 0; 0; 191; 4; 0; 0; 0; 0; 77; 0; 0
1986;04; 0; 0; 0; 0; 0; 0; 0; 0; 0; 0; 0; 0; 0; 15; 63; 8; 0; 0; 0; 0; 0; 59; 0; 0; 0; 0; 0; 0; 0; 0; 9999
1986;05; 0; 0; 0; 0; 0; 0; 23; 55; 16; 0; 28; 0; 214; 32; 0; 0; 0; 22; 233; 0; 0; 0; 0; 0; 0; 0; 0; 0; 0; 0; 0
1986;06; 8; 0; 0; 0; 0; 0; 0; 0; 0; 0; 0; 0; 0; 0; 0; 0; 0; 0; 0; 0; 0; 0; 0; 0; 0; 0; 0; 0; 0; 0; 9999
1986;07; 0; 0; 0; 6; 21; 0; 0; 0; 0; 0; 0; 0; 0; 0; 0; 0; 0; 0; 0; 0; 0; 0; 160; 187; 0; 0; 0; 0; 0; 0; 23
1986;08; 18; 0; 0; 0; 0; 0; 0; 0; 0; 0; 0; 0; 0; 3; 179; 138; 57; 0; 0; 0; 0; 43; 457; 196; 0; 0; 0; 0; 0; 0; 0
1986;09; 0; 0; 0; 0; 16; 0; 0; 0; 0; 0; 0; 0; 0; 0; 0; 0; 0; 0; 0; 0; 0; 0; 0; 0; 13; 0; 0; 64; 0; 0; 9999
1986;10; 0; 0; 0; 0; 0; 0; 0; 0; 0; 0; 0; 33; 0; 0; 0; 0; 0; 0; 171; 0; 72; 0; 205; 0; 0; 0; 65; 0; 0; 0; 0
1986;11; 0; 0; 0; 0; 0; 0; 0; 0; 0; 0; 423; 134; 0; 0; 0; 0; 0; 0; 0; 2; 0; 0; 0; 0; 0; 6; 0; 0; 75; 102; 9999
1986;12; 605; 216; 27; 0; 0; 0; 3; 69; 131; 178; 55; 0; 236; 0; 142; 61; 53; 0; 0; 0; 0; 0; 173; 0; 398; 463; 37; 106; 277; 61; 135
1987;01; 0; 0; 0; 162; 209; 281; 25; 0; 0; 0; 204; 0; 6; 0; 0; 6; 0; 285; 0; 24; 0; 0; 123; 262; 273; 24; 142; 409; 308; 104; 248
1987;02; 0; 0; 6; 161; 85; 0; 0; 0; 62; 0; 0; 160; 205; 85; 125; 9; 145; 273; 0; 0; 0; 0; 0; 0; 0; 41; 0; 12; 9999; 9999; 9999
1987;03; 0; 54; 0; 0; 0; 0; 0; 29; 191; 112; 0; 0; 0; 0; 0; 365; 0; 0; 109; 95; 0; 0; 0; 0; 0; 0; 0; 0; 0; 0; 0
1987;04; 5; 63; 38; 29; 0; 0; 0; 0; 0; 0; 0; 0; 0; 0; 0; 0; 1; 0; 0; 0; 57; 0; 0; 0; 0; 0; 0; 0; 0; 8; 9999
1987;05; 0; 0; 0; 15; 0; 173; 0; 32; 0; 0; 0; 232; 0; 0; 0; 119; 0; 0; 0; 24; 0; 0; 0; 21; 28; 0; 0; 0; 0; 0; 0
1987;06; 0; 0; 0; 0; 0; 0; 0; 0; 0; 0; 0; 0; 0; 0; 0; 18; 0; 0; 0; 0; 0; 0; 59; 0; 0; 0; 0; 0; 0; 0; 9999
1987;07; 0; 0; 0; 0; 0; 0; 0; 0; 62; 0; 0; 0; 0; 0; 0; 0; 0; 0; 0; 0; 0; 0; 0; 0; 0; 0; 0; 0; 0; 47; 0
1987;08; 0; 0; 0; 0; 0; 16; 43; 0; 0; 0; 0; 0; 0; 0; 0; 0; 0; 0; 0; 0; 0; 0; 0; 0; 0; 0; 0; 0; 0; 0; 0
1987;09; 0; 0; 0; 0; 0; 0; 2; 89; 16; 0; 258; 134; 0; 0; 0; 0; 0; 0; 52; 0; 101; 0; 362; 376; 0; 0; 0; 46; 0; 0; 9999
1987;10; 0; 332; 0; 0; 0; 162; 0; 0; 0; 0; 0; 0; 0; 0; 0; 0; 0; 0; 0; 4; 0; 0; 29; 386; 18; 0; 0; 0; 0; 0; 0
1987;11; 0; 0; 0; 0; 0; 621; 395; 0; 0; 12; 0; 0; 0; 281; 328; 234; 5; 0; 0; 0; 6; 0; 0; 0; 155; 68; 2; 0; 0; 0; 9999
1987;12; 0; 0; 0; 5; 86; 99; 0; 0; 0; 0; 198; 0; 56; 101; 0; 0; 328; 355; 0; 0; 0; 0; 0; 0; 0; 0; 0; 135; 2; 265; 0
1988;01; 235; 0; 0; 0; 463; 252; 265; 334; 298; 19; 0; 0; 28; 213; 99; 0; 0; 0; 0; 298; 99; 68; 0; 350; 53; 0; 0; 0; 66; 35; 0
1988;02; 0; 0; 0; 0; 27; 0; 91; 104; 177; 15; 7; 0; 80; 113; 101; 2; 0; 0; 0; 191; 236; 0; 127; 0; 0; 246; 24; 0; 0; 9999; 9999
1988;03; 0; 0; 45; 68; 219; 187; 74; 6; 0; 0; 0; 0; 0; 0; 0; 0; 63; 164; 492; 0; 0; 0; 0; 0; 0; 0; 0; 6; 0; 0; 0
1988;04; 0; 0; 0; 0; 0; 0; 0; 0; 481; 0; 0; 8; 206; 109; 7; 0; 0; 0; 0; 0; 0; 0; 0; 0; 0; 0; 0; 0; 0; 0; 9999
1988;05; 0; 0; 0; 15; 0; 0; 0; 0; 0; 0; 0; 0; 0; 0; 0; 221; 189; 141; 0; 0; 0; 0; 0; 0; 72; 0; 0; 0; 0; 25; 74
1988;06; 2; 0; 0; 0; 0; 0; 0; 0; 0; 0; 0; 0; 0; 0; 0; 0; 0; 0; 0; 0; 0; 0; 0; 0; 0; 0; 0; 0; 0; 0; 9999
1988;07; 0; 0; 0; 0; 0; 0; 0; 0; 0; 0; 0; 0; 0; 0; 0; 0; 0; 0; 0; 0; 0; 0; 0; 0; 0; 0; 0; 0; 0; 0; 0
1988;08; 0; 0; 0; 0; 0; 0; 0; 0; 0; 0; 0; 0; 0; 0; 0; 0; 0; 0; 0; 0; 0; 0; 0; 0; 0; 0; 0; 0; 0; 0; 0
1988;09; 0; 0; 0; 0; 0; 0; 0; 0; 0; 0; 0; 0; 0; 0; 0; 0; 8; 0; 0; 0; 0; 0; 0; 0; 0; 0; 0; 0; 5; 0; 9999
1988;10; 0; 0; 0; 0; 0; 38; 0; 0; 0; 0; 0; 29; 81; 0; 0; 0; 0; 0; 0; 136; 42; 83; 121; 68; 0; 345; 19; 0; 24; 43; 271
1988;11; 22; 20; 0; 0; 0; 0; 0; 61; 0; 0; 0; 0; 0; 0; 0; 0; 0; 0; 0; 123; 284; 36; 15; 8; 0; 0; 0; 0; 0; 0; 9999
1988;12; 0; 0; 0; 0; 0; 0; 0; 0; 0; 0; 0; 0; 0; 0; 204; 0; 0; 0; 0; 0; 65; 462; 3; 101; 98; 389; 217; 0; 0; 0; 182
1989;01; 0; 0; 0; 158; 401; 2; 101; 162; 201; 0; 203; 8; 0; 0; 9; 164; 0; 298; 0; 0; 308; 408; 0; 0; 0; 0; 5; 0; 0; 3; 0
1989;02; 0; 0; 219; 186; 0; 0; 8; 129; 65; 92; 486; 529; 24; 32; 0; 228; 101; 0; 0; 99; 231; 0; 23; 12; 224; 206; 0; 2; 9999; 9999; 9999
1989;03; 0; 0; 0; 0; 0; 0; 23; 0; 0; 0; 0; 0; 0; 27; 29; 0; 0; 0; 0; 245; 143; 17; 0; 0; 138; 2; 326; 178; 43; 0; 0
1989;04; 0; 0; 57; 0; 0; 0; 0; 0; 0; 0; 109; 2; 0; 195; 0; 0; 0; 0; 201; 0; 0; 0; 0; 0; 0; 0; 0; 0; 0; 0; 9999
1989;05; 0; 109; 0; 133; 96; 0; 299; 0; 0; 0; 0; 0; 0; 0; 0; 0; 0; 0; 0; 0; 0; 0; 0; 0; 0; 0; 0; 0; 0; 0; 0
1989;06; 0; 0; 0; 0; 0; 0; 0; 0; 0; 265; 128; 259; 0; 0; 0; 0; 0; 0; 0; 0; 0; 0; 0; 0; 18; 0; 0; 188; 0; 0; 9999
1989;07; 0; 0; 0; 0; 0; 0; 0; 0; 0; 0; 0; 0; 0; 0; 0; 0; 0; 0; 0; 0; 0; 0; 0; 0; 0; 0; 0; 0; 0; 296; 384
1989;08; 0; 0; 0; 0; 0; 16; 0; 0; 0; 0; 0; 0; 0; 0; 0; 0; 0; 0; 9999; 9999; 9999; 9999; 9999; 9999; 0; 9999; 9999; 9999; 9999; 9999; 268
1989;09; 0; 76; 0; 0; 0; 40; 0; 0; 39; 42; 0; 0; 0; 239; 0; 0; 0; 0; 0; 0; 0; 0; 0; 209; 0; 0; 28; 56; 0; 0; 9999
1989;10; 0; 0; 0; 89; 0; 0; 0; 0; 0; 0; 0; 189; 0; 0; 0; 26; 0; 0; 0; 0; 0; 0; 0; 0; 0; 26; 0; 329; 0; 0; 0
1989;11; 0; 0; 0; 58; 0; 0; 0; 0; 26; 0; 0; 209; 301; 0; 0; 0; 0; 0; 0; 223; 235; 219; 0; 0; 0; 0; 0; 301; 10; 12; 9999
1989;12; 0; 0; 0; 0; 0; 13; 0; 0; 126; 204; 121; 186; 469; 78; 0; 0; 0; 0; 56; 0; 0; 0; 0; 0; 0; 29; 151; 148; 696; 214; 597
1990;01; 102; 256; 145; 96; 14; 191; 0; 58; 202; 86; 287; 179; 0; 0; 398; 0; 0; 0; 0; 57; 0; 0; 0; 122; 0; 0; 0; 200; 0; 0; 0
1990;02; 0; 0; 0; 0; 0; 26; 73; 0; 0; 0; 0; 0; 13; 0; 482; 0; 0; 0; 0; 0; 0; 0; 211; 0; 169; 6; 143; 68; 9999; 9999; 9999
1990;03; 82; 6; 0; 8; 0; 0; 171; 49; 0; 0; 0; 0; 0; 0; 0; 0; 612; 583; 569; 48; 216; 75; 314; 77; 0; 0; 175; 226; 0; 0; 0
1990;04; 0; 0; 0; 0; 0; 0; 0; 0; 86; 0; 0; 0; 0; 0; 0; 132; 129; 346; 84; 78; 0; 0; 0; 0; 0; 0; 0; 0; 0; 0; 9999
1990;05; 0; 43; 92; 0; 0; 18; 0; 0; 0; 0; 0; 127; 0; 0; 0; 0; 0; 151; 0; 0; 0; 0; 0; 0; 0; 0; 0; 0; 0; 0; 0
1990;06; 0; 0; 0; 0; 0; 0; 0; 0; 0; 0; 0; 0; 0; 0; 0; 0; 0; 0; 0; 0; 21; 0; 0; 0; 0; 0; 0; 0; 0; 0; 9999
1990;07; 0; 0; 0; 0; 9; 0; 47; 0; 0; 0; 51; 0; 0; 0; 0; 0; 0; 0; 0; 0; 0; 0; 0; 0; 0; 0; 0; 0; 0; 0; 0
1990;08; 0; 0; 0; 0; 0; 0; 0; 0; 0; 0; 0; 0; 0; 0; 0; 0; 92; 49; 0; 210; 42; 0; 0; 0; 38; 0; 0; 275; 23; 0; 182
1990;09; 101; 26; 0; 0; 0; 0; 0; 0; 0; 0; 0; 0; 109; 28; 0; 0; 0; 0; 0; 0; 0; 26; 0; 0; 0; 0; 0; 0; 0; 0; 9999
1990;10; 46; 62; 0; 0; 0; 0; 0; 0; 0; 0; 0; 0; 49; 0; 0; 8; 21; 55; 85; 28; 13; 0; 0; 0; 0; 0; 0; 17; 0; 0; 0
1990;11; 19; 0; 0; 0; 37; 71; 39; 12; 0; 0; 0; 0; 0; 0; 0; 3; 101; 38; 0; 0; 87; 0; 32; 38; 0; 0; 0; 0; 0; 0; 9999
1990;12; 0; 0; 0; 0; 0; 0; 0; 209; 128; 103; 68; 59; 206; 0; 0; 0; 0; 0; 0; 0; 0; 0; 0; 0; 0; 324; 0; 0; 0; 0; 0
1991;01; 0; 26; 0; 458; 126; 0; 0; 0; 0; 0; 0; 0; 349; 331; 268; 137; 0; 0; 0; 0; 133; 0; 141; 0; 22; 328; 175; 81; 86; 16; 458
1991;02; 89; 687; 298; 329; 28; 264; 316; 205; 126; 283; 291; 22; 36; 45; 0; 0; 47; 0; 0; 0; 0; 0; 0; 0; 0; 0; 0; 25; 9999; 9999; 9999
1991;03; 0; 46; 58; 385; 294; 21; 0; 0; 0; 0; 0; 0; 0; 80; 48; 0; 0; 281; 0; 0; 0; 0; 0; 0; 0; 262; 219; 186; 128; 102; 91
1991;04; 0; 0; 0; 0; 171; 69; 126; 108; 0; 0; 0; 0; 0; 0; 0; 128; 87; 0; 0; 218; 0; 0; 0; 0; 435; 468; 0; 0; 0; 0; 9999
1991;05; 0; 0; 0; 0; 0; 0; 0; 133; 0; 0; 0; 0; 0; 129; 98; 0; 0; 0; 0; 37; 42; 0; 0; 0; 0; 0; 0; 0; 0; 0; 0
1991;06; 0; 0; 0; 0; 0; 0; 0; 0; 0; 0; 0; 0; 0; 0; 0; 0; 0; 0; 0; 0; 0; 0; 176; 0; 0; 0; 0; 0; 0; 0; 9999
1991;07; 0; 0; 0; 0; 0; 0; 0; 0; 0; 0; 0; 41; 0; 0; 0; 0; 0; 0; 0; 0; 0; 0; 0; 0; 0; 0; 0; 0; 0; 0; 0
1991;08; 0; 0; 0; 0; 0; 0; 0; 0; 0; 0; 0; 0; 0; 0; 0; 0; 0; 0; 0; 0; 0; 0; 0; 0; 0; 0; 0; 0; 0; 0; 0
1991;09; 0; 0; 0; 0; 0; 0; 0; 0; 0; 0; 0; 0; 0; 0; 0; 0; 0; 0; 0; 53; 0; 0; 0; 0; 0; 0; 0; 0; 181; 103; 9999
1991;10; 0; 109; 121; 12; 0; 118; 133; 14; 3; 0; 0; 0; 0; 0; 0; 0; 0; 63; 0; 0; 0; 0; 0; 0; 0; 0; 0; 0; 0; 0; 0
1991;11; 0; 0; 0; 0; 0; 0; 0; 0; 0; 237; 0; 0; 0; 0; 201; 0; 0; 0; 208; 105; 0; 0; 0; 0; 0; 0; 0; 0; 155; 257; 9999
1991;12; 0; 0; 0; 0; 0; 0; 29; 258; 571; 23; 69; 0; 0; 0; 109; 121; 228; 442; 237; 246; 0; 0; 0; 0; 0; 128; 206; 0; 0; 315; 62
1992;01; 108; 126; 30; 167; 188; 0; 0; 0; 0; 0; 0; 0; 24; 0; 0; 106; 153; 154; 198; 0; 9; 42; 163; 0; 0; 0; 0; 0; 0; 9; 0
1992;02; 568; 529; 542; 311; 373; 82; 0; 0; 101; 0; 0; 0; 0; 0; 0; 0; 0; 0; 0; 129; 0; 0; 0; 0; 0; 0; 102; 153; 298; 9999; 9999
1992;03; 242; 319; 186; 0; 0; 0; 0; 0; 0; 0; 38; 75; 0; 0; 0; 294; 287; 0; 0; 82; 0; 0; 0; 0; 59; 101; 0; 0; 87; 329; 162
1992;04; 23; 0; 0; 0; 0; 0; 0; 0; 0; 0; 0; 0; 0; 0; 264; 0; 0; 0; 0; 362; 123; 0; 0; 0; 0; 0; 0; 0; 0; 0; 9999
1992;05; 49; 0; 328; 19; 127; 0; 0; 0; 0; 0; 0; 0; 0; 0; 0; 0; 0; 0; 0; 0; 0; 0; 122; 0; 0; 0; 0; 0; 0; 0; 0
1992;06; 0; 0; 0; 0; 0; 0; 0; 0; 0; 0; 0; 0; 0; 0; 0; 0; 0; 0; 0; 0; 0; 0; 0; 0; 0; 0; 0; 21; 0; 0; 9999
1992;07; 0; 0; 0; 0; 0; 0; 0; 53; 94; 12; 0; 0; 0; 0; 0; 0; 0; 0; 0; 0; 0; 0; 0; 0; 0; 0; 0; 0; 0; 0; 0
1992;08; 0; 0; 0; 0; 0; 0; 0; 0; 0; 0; 0; 0; 0; 0; 0; 0; 0; 0; 38; 0; 0; 67; 0; 0; 0; 0; 0; 0; 0; 0; 0
1992;09; 6; 18; 0; 82; 46; 0; 0; 0; 0; 0; 121; 43; 14; 57; 0; 4; 6; 359; 246; 0; 0; 0; 0; 67; 118; 0; 0; 0; 0; 0; 9999
1992;10; 0; 109; 32; 0; 0; 0; 16; 463; 25; 0; 0; 101; 74; 0; 0; 0; 329; 0; 0; 0; 0; 0; 0; 0; 0; 6; 0; 0; 203; 56; 307
1992;11; 0; 0; 362; 46; 0; 371; 183; 0; 0; 54; 0; 0; 0; 0; 0; 0; 0; 0; 39; 0; 0; 41; 0; 0; 29; 0; 0; 0; 0; 0; 9999
1992;12; 465; 0; 0; 0; 0; 0; 264; 0; 0; 239; 48; 0; 0; 0; 0; 0; 80; 328; 0; 202; 0; 0; 0; 0; 0; 0; 0; 0; 0; 0; 0
1993;01; 69; 0; 0; 0; 0; 0; 327; 28; 62; 101; 34; 83; 170; 15; 0; 0; 0; 58; 49; 0; 0; 0; 202; 290; 29; 0; 0; 0; 0; 0; 0
1993;02; 80; 0; 59; 101; 22; 187; 198; 65; 173; 219; 6; 0; 100; 126; 138; 102; 53; 0; 0; 112; 96; 74; 136; 93; 0; 0; 0; 0; 9999; 9999; 9999
1993;03; 0; 6; 3; 2; 0; 0; 0; 0; 0; 0; 0; 0; 0; 0; 0; 0; 28; 10; 101; 172; 26; 75; 10; 82; 0; 0; 0; 91; 202; 161; 386
1993;04; 428; 335; 434; 0; 0; 0; 368; 359; 0; 0; 0; 0; 62; 56; 0; 0; 0; 0; 0; 0; 0; 0; 0; 0; 0; 0; 0; 0; 0; 0; 9999
1993;05; 0; 0; 0; 0; 8; 0; 0; 0; 0; 0; 0; 0; 0; 26; 0; 82; 0; 0; 0; 0; 0; 0; 0; 0; 0; 0; 0; 0; 0; 0; 359
1993;06; 124; 6; 0; 0; 369; 305; 0; 0; 0; 0; 0; 0; 0; 0; 0; 0; 0; 2; 26; 0; 0; 0; 0; 0; 0; 0; 0; 0; 0; 0; 9999
1993;07; 0; 0; 0; 0; 0; 0; 0; 0; 0; 0; 0; 0; 0; 0; 0; 0; 0; 0; 0; 0; 0; 0; 0; 0; 0; 0; 0; 0; 0; 0; 0
1993;08; 0; 5; 0; 0; 0; 0; 0; 0; 0; 0; 0; 0; 0; 0; 0; 157; 2; 0; 0; 163; 0; 0; 21; 89; 16; 0; 0; 0; 0; 0; 0
1993;09; 62; 5; 0; 0; 0; 0; 0; 129; 0; 0; 0; 0; 0; 0; 112; 38; 0; 0; 0; 0; 0; 128; 12; 0; 0; 118; 122; 24; 0; 0; 9999
1993;10; 0; 0; 0; 0; 23; 52; 0; 0; 0; 0; 0; 0; 0; 0; 0; 0; 128; 0; 0; 0; 0; 0; 0; 0; 101; 0; 0; 0; 0; 0; 0
1993;11; 2; 0; 0; 0; 0; 0; 192; 175; 0; 18; 0; 0; 0; 0; 0; 0; 0; 0; 0; 0; 0; 0; 0; 0; 326; 0; 0; 0; 0; 0; 9999
1993;12; 7; 21; 0; 0; 65; 81; 0; 0; 0; 104; 141; 32; 23; 0; 0; 131; 179; 38; 0; 0; 0; 0; 398; 382; 394; 292; 89; 35; 337; 216; 63
1994;01; 202; 289; 56; 28; 0; 0; 357; 45; 162; 101; 0; 0; 0; 133; 122; 0; 0; 0; 19; 35; 483; 121; 146; 228; 37; 59; 281; 28; 0; 0; 37
1994;02; 0; 0; 0; 0; 45; 0; 3; 0; 3; 0; 0; 163; 0; 0; 41; 0; 0; 0; 0; 0; 100; 0; 101; 0; 37; 0; 0; 0; 9999; 9999; 9999
1994;03; 9; 18; 356; 0; 0; 0; 0; 0; 0; 57; 92; 0; 0; 0; 0; 0; 165; 233; 252; 236; 34; 0; 0; 0; 201; 293; 0; 0; 0; 0; 0
1994;04; 0; 0; 0; 0; 0; 0; 109; 0; 0; 0; 0; 0; 0; 0; 62; 0; 0; 0; 131; 80; 0; 0; 0; 0; 0; 0; 0; 22; 0; 0; 9999
1994;05; 0; 0; 0; 0; 0; 0; 0; 0; 0; 0; 0; 0; 0; 0; 0; 29; 0; 0; 0; 0; 0; 0; 0; 0; 0; 0; 100; 142; 0; 0; 0
1994;06; 0; 0; 0; 0; 0; 0; 0; 0; 0; 0; 0; 0; 0; 0; 0; 0; 0; 0; 0; 0; 0; 0; 83; 0; 0; 0; 0; 0; 0; 0; 9999
1994;07; 0; 0; 0; 0; 0; 0; 0; 0; 103; 0; 0; 0; 0; 0; 0; 0; 0; 0; 0; 0; 0; 0; 0; 102; 0; 0; 0; 0; 0; 0; 0
1994;08; 0; 0; 0; 0; 0; 0; 0; 0; 0; 0; 0; 0; 0; 0; 0; 0; 0; 0; 0; 0; 0; 0; 0; 0; 0; 0; 0; 0; 0; 0; 0
1994;09; 0; 0; 0; 0; 0; 0; 0; 0; 0; 0; 0; 0; 0; 0; 0; 2; 0; 0; 0; 0; 0; 0; 0; 0; 0; 0; 0; 6; 0; 0; 9999
1994;10; 0; 0; 0; 0; 0; 0; 0; 0; 0; 0; 0; 0; 0; 0; 0; 0; 0; 0; 0; 0; 152; 133; 0; 0; 0; 6; 157; 128; 82; 101; 0
1994;11; 0; 0; 0; 0; 241; 0; 0; 0; 3; 0; 0; 0; 0; 62; 0; 0; 0; 109; 112; 0; 0; 0; 0; 0; 0; 0; 101; 55; 0; 0; 9999
1994;12; 0; 0; 101; 56; 0; 8; 173; 23; 0; 0; 0; 239; 40; 0; 0; 0; 127; 149; 172; 51; 0; 0; 0; 0; 62; 81; 0; 0; 202; 105; 409
1995;01; 282; 221; 0; 0; 185; 103; 4; 56; 231; 0; 87; 0; 0; 0; 0; 49; 0; 0; 0; 0; 36; 128; 202; 0; 0; 0; 297; 223; 262; 26; 139
1995;02; 208; 389; 327; 502; 498; 203; 296; 711; 39; 25; 0; 186; 51; 95; 32; 36; 63; 24; 52; 109; 46; 0; 0; 0; 0; 0; 0; 0; 9999; 9999; 9999
1995;03; 21; 23; 49; 92; 1; 0; 0; 0; 0; 0; 0; 101; 169; 0; 0; 0; 0; 0; 0; 0; 0; 0; 0; 0; 155; 26; 0; 0; 0; 0; 232
1995;04; 208; 59; 0; 0; 0; 0; 151; 42; 188; 206; 0; 0; 0; 0; 0; 0; 0; 0; 0; 0; 42; 0; 0; 0; 0; 0; 0; 192; 0; 0; 9999
1995;05; 0; 0; 0; 0; 0; 0; 82; 51; 0; 0; 0; 0; 0; 0; 0; 0; 152; 0; 0; 0; 0; 0; 0; 0; 0; 0; 0; 0; 0; 0; 0
1995;06; 0; 0; 0; 0; 0; 0; 0; 0; 0; 0; 0; 0; 0; 0; 0; 0; 0; 137; 0; 0; 0; 0; 0; 0; 0; 7; 0; 0; 0; 0; 9999
1995;07; 0; 0; 0; 0; 0; 0; 0; 0; 42; 93; 0; 0; 0; 0; 0; 0; 0; 0; 0; 0; 0; 0; 0; 0; 0; 0; 0; 0; 0; 0; 0
1995;08; 0; 0; 0; 0; 0; 0; 0; 0; 0; 0; 0; 0; 0; 0; 0; 0; 0; 0; 0; 0; 0; 0; 0; 0; 0; 0; 0; 0; 0; 0; 0
1995;09; 0; 0; 0; 0; 0; 0; 0; 0; 0; 0; 0; 0; 0; 0; 0; 0; 0; 0; 357; 38; 0; 0; 0; 0; 63; 0; 0; 56; 201; 0; 9999
1995;10; 0; 0; 0; 0; 0; 0; 0; 11; 73; 0; 0; 0; 0; 38; 41; 0; 145; 159; 0; 0; 217; 0; 0; 0; 0; 0; 0; 0; 239; 23; 0
1995;11; 0; 0; 0; 0; 25; 112; 0; 0; 0; 0; 0; 133; 23; 149; 204; 0; 0; 0; 0; 0; 0; 0; 0; 0; 17; 0; 0; 203; 0; 0; 9999
1995;12; 0; 0; 0; 101; 75; 133; 0; 0; 0; 0; 0; 0; 609; 561; 0; 0; 0; 402; 204; 21; 49; 316; 0; 0; 0; 79; 305; 391; 19; 47; 0
1996;01; 0; 209; 226; 91; 22; 25; 127; 133; 294; 229; 0; 51; 208; 0; 0; 84; 108; 0; 101; 33; 0; 335; 0; 0; 103; 47; 0; 0; 0; 0; 0
1996;02; 0; 0; 0; 0; 21; 88; 0; 0; 0; 91; 0; 0; 199; 0; 0; 0; 0; 0; 0; 108; 53; 17; 0; 0; 0; 86; 55; 305; 31; 9999; 9999
1996;03; 0; 0; 24; 201; 2; 0; 0; 249; 28; 69; 0; 93; 42; 0; 34; 56; 527; 0; 0; 0; 0; 176; 135; 0; 0; 0; 0; 0; 276; 0; 0
1996;04; 38; 51; 0; 0; 0; 0; 0; 0; 0; 0; 163; 447; 0; 0; 0; 0; 532; 43; 0; 0; 0; 0; 0; 0; 0; 0; 0; 0; 0; 0; 9999
1996;05; 0; 0; 0; 0; 0; 0; 0; 0; 0; 132; 0; 0; 0; 13; 5; 407; 23; 386; 0; 0; 93; 27; 19; 62; 0; 0; 0; 0; 0; 0; 0
1996;06; 0; 0; 0; 0; 302; 0; 0; 0; 0; 0; 0; 0; 0; 0; 0; 0; 0; 0; 0; 0; 0; 0; 0; 0; 0; 0; 0; 71; 98; 0; 9999
1996;07; 0; 0; 0; 0; 0; 0; 0; 0; 0; 0; 0; 0; 0; 0; 0; 0; 0; 0; 0; 0; 0; 0; 0; 0; 0; 0; 0; 0; 0; 0; 0
1996;08; 0; 0; 0; 0; 0; 0; 0; 0; 0; 0; 82; 0; 0; 0; 0; 0; 0; 0; 0; 0; 0; 0; 0; 0; 0; 0; 0; 0; 0; 0; 0
1996;09; 2; 33; 0; 201; 2; 104; 0; 35; 123; 236; 79; 0; 0; 0; 0; 0; 21; 0; 0; 0; 0; 0; 0; 0; 0; 0; 0; 0; 29; 0; 9999
1996;10; 58; 0; 0; 0; 0; 0; 393; 0; 0; 0; 107; 0; 0; 0; 0; 0; 0; 0; 0; 58; 0; 0; 39; 0; 256; 0; 149; 125; 0; 0; 0
1996;11; 174; 31; 282; 173; 0; 0; 0; 0; 0; 0; 0; 0; 0; 0; 0; 82; 21; 0; 193; 65; 369; 301; 0; 0; 0; 0; 0; 0; 0; 0; 9999
1996;12; 0; 0; 37; 71; 192; 60; 0; 52; 0; 83; 75; 204; 26; 0; 0; 0; 209; 191; 0; 0; 65; 159; 167; 212; 58; 0; 0; 0; 0; 123; 82
1997;01; 102; 129; 483; 221; 0; 0; 0; 0; 0; 152; 54; 108; 46; 101; 0; 0; 0; 123; 114; 82; 325; 501; 147; 98; 126; 259; 208; 41; 225; 56; 21
1997;02; 2; 129; 168; 152; 0; 0; 0; 0; 0; 0; 0; 0; 0; 0; 0; 67; 0; 119; 0; 0; 0; 0; 0; 0; 0; 0; 0; 0; 9999; 9999; 9999
1997;03; 0; 0; 181; 8; 0; 0; 73; 42; 284; 325; 0; 0; 0; 0; 0; 191; 93; 0; 0; 0; 0; 0; 0; 0; 0; 0; 0; 0; 0; 0; 152
1997;04; 181; 0; 0; 0; 0; 0; 0; 0; 0; 0; 0; 0; 0; 0; 0; 0; 214; 0; 0; 121; 169; 24; 0; 0; 0; 0; 0; 0; 0; 0; 9999
1997;05; 0; 0; 0; 0; 0; 0; 0; 0; 0; 0; 0; 0; 0; 0; 0; 0; 0; 0; 0; 82; 0; 0; 211; 0; 134; 0; 0; 23; 0; 0; 0
1997;06; 0; 0; 65; 21; 84; 637; 0; 0; 0; 0; 0; 332; 0; 0; 0; 396; 418; 0; 0; 0; 0; 0; 0; 0; 0; 0; 0; 0; 0; 0; 9999
1997;07; 0; 0; 0; 0; 0; 0; 0; 0; 0; 0; 0; 0; 0; 0; 0; 0; 0; 0; 0; 0; 5; 112; 23; 0; 0; 0; 0; 0; 0; 0; 0
1997;08; 0; 0; 0; 0; 0; 0; 0; 0; 0; 0; 0; 0; 0; 0; 0; 0; 0; 0; 0; 0; 0; 0; 0; 0; 0; 0; 0; 0; 0; 0; 0
1997;09; 0; 0; 0; 0; 0; 0; 0; 0; 0; 0; 0; 0; 0; 0; 0; 0; 0; 0; 0; 0; 299; 0; 0; 21; 58; 0; 0; 0; 0; 0; 9999
1997;10; 211; 132; 0; 0; 0; 13; 0; 0; 0; 0; 0; 0; 0; 0; 0; 0; 127; 0; 0; 0; 323; 0; 0; 0; 0; 0; 34; 191; 25; 0; 0
1997;11; 0; 0; 0; 0; 0; 23; 51; 0; 0; 0; 0; 102; 0; 0; 98; 344; 315; 292; 287; 29; 0; 456; 0; 0; 0; 0; 382; 328; 53; 41; 9999
1997;12; 32; 28; 19; 76; 0; 151; 16; 0; 0; 0; 0; 0; 122; 23; 0; 67; 0; 0; 0; 0; 0; 0; 0; 0; 0; 52; 37; 0; 319; 0; 0
