33
Ano,Mes,1,2,3,4,5,6,7,8,9,10,11,12,13,14,15,16,17,18,19,20,21,22,23,24,25,26,27,28,29,30,31
1970;11; 0; 0; 114; 0; 0; 495; 0; 0; 0; 0; 0; 0; 0; 43; 91; 0; 0; 0; 0; 0; 0; 0; 0; 0; 0; 0; 0; 0; 224; 0; 9999
1970;12; 75; 0; 0; 0; 0; 0; 0; 0; 0; 0; 134; 0; 0; 0; 0; 0; 0; 219; 199; 0; 0; 15; 0; 0; 0; 0; 0; 0; 0; 0; 189
1971;01; 181; 0; 0; 0; 0; 53; 0; 0; 0; 0; 400; 0; 0; 0; 233; 0; 0; 0; 318; 0; 59; 0; 0; 0; 0; 0; 0; 0; 0; 0; 0
1971;02; 0; 0; 0; 0; 0; 0; 0; 0; 570; 80; 0; 153; 0; 0; 0; 0; 0; 0; 0; 0; 0; 484; 0; 0; 0; 0; 0; 0; 9999; 9999; 9999
1971;03; 0; 0; 0; 0; 69; 177; 0; 0; 0; 191; 143; 0; 0; 97; 0; 0; 355; 0; 0; 0; 0; 87; 0; 0; 151; 0; 0; 0; 111; 0; 123
1971;04; 0; 0; 0; 0; 0; 0; 300; 0; 565; 0; 31; 0; 140; 37; 0; 0; 0; 0; 0; 0; 9; 0; 0; 0; 0; 0; 0; 0; 0; 0; 9999
1971;05; 0; 0; 100; 42; 0; 0; 0; 0; 0; 0; 0; 0; 0; 0; 87; 0; 0; 0; 0; 0; 0; 0; 0; 0; 0; 0; 0; 0; 0; 0; 0
1971;06; 0; 0; 0; 0; 0; 0; 0; 0; 0; 0; 0; 487; 0; 0; 158; 0; 0; 0; 170; 0; 0; 0; 0; 0; 0; 0; 0; 0; 0; 0; 9999
1971;07; 9999; 9999; 9999; 9999; 9999; 9999; 9999; 9999; 9999; 9999; 9999; 9999; 9999; 9999; 9999; 9999; 9999; 9999; 9999; 9999; 9999; 9999; 9999; 9999; 9999; 9999; 9999; 9999; 9999; 9999; 9999
1971;08; 0; 0; 0; 0; 0; 0; 0; 0; 0; 0; 0; 0; 0; 0; 0; 0; 0; 0; 0; 0; 0; 0; 0; 0; 0; 0; 0; 0; 0; 0; 0
1971;09; 0; 0; 0; 0; 0; 0; 0; 257; 0; 0; 0; 225; 0; 0; 0; 0; 0; 0; 0; 0; 0; 0; 0; 0; 89; 1; 391; 0; 0; 0; 9999
1971;10; 205; 5; 0; 0; 0; 0; 210; 0; 0; 0; 166; 0; 0; 0; 0; 0; 0; 0; 0; 0; 0; 0; 0; 0; 301; 0; 0; 0; 0; 0; 0
1971;11; 0; 229; 0; 0; 0; 0; 0; 0; 0; 0; 0; 0; 0; 0; 0; 0; 0; 0; 0; 0; 0; 0; 0; 0; 0; 213; 0; 0; 217; 0; 9999
1971;12; 0; 546; 0; 230; 0; 0; 0; 0; 0; 0; 83; 0; 0; 0; 300; 0; 0; 83; 0; 61; 59; 50; 92; 238; 88; 85; 309; 0; 265; 0; 0
1972;01; 0; 0; 0; 0; 128; 0; 0; 0; 179; 0; 0; 0; 384; 0; 0; 0; 0; 0; 0; 0; 263; 196; 168; 282; 304; 0; 384; 99; 255; 144; 0
1972;02; 44; 126; 156; 55; 0; 141; 44; 51; 176; 276; 113; 88; 164; 46; 119; 22; 0; 0; 169; 88; 621; 489; 44; 168; 331; 288; 0; 156; 251; 9999; 9999
1972;03; 0; 0; 0; 0; 0; 0; 279; 0; 0; 188; 0; 0; 0; 0; 0; 0; 158; 0; 0; 0; 456; 0; 126; 162; 0; 237; 289; 28; 0; 0; 0
1972;04; 0; 0; 0; 0; 0; 0; 47; 207; 0; 0; 0; 0; 0; 0; 0; 0; 0; 0; 0; 0; 0; 0; 0; 0; 0; 0; 0; 0; 0; 0; 9999
1972;05; 0; 0; 0; 0; 0; 0; 0; 0; 0; 0; 0; 0; 0; 0; 0; 0; 0; 0; 0; 0; 0; 0; 207; 0; 0; 0; 0; 0; 0; 0; 0
1972;06; 0; 0; 0; 0; 0; 0; 0; 0; 0; 0; 0; 0; 0; 0; 0; 0; 0; 0; 0; 0; 0; 0; 0; 0; 0; 0; 0; 0; 0; 0; 9999
1972;07; 0; 0; 0; 0; 240; 0; 0; 0; 0; 0; 134; 100; 165; 0; 0; 0; 0; 0; 0; 0; 0; 0; 0; 0; 0; 0; 0; 0; 0; 0; 0
1972;08; 0; 0; 0; 0; 987; 86; 0; 0; 0; 0; 0; 0; 0; 0; 0; 0; 0; 0; 0; 0; 0; 0; 0; 0; 0; 0; 0; 0; 0; 48; 0
1972;09; 0; 0; 0; 236; 0; 0; 0; 0; 0; 100; 94; 0; 0; 110; 0; 0; 0; 0; 0; 0; 0; 0; 0; 0; 273; 0; 0; 142; 189; 545; 9999
1972;10; 156; 295; 300; 226; 381; 0; 487; 0; 0; 174; 540; 0; 0; 0; 458; 0; 0; 0; 0; 0; 0; 0; 0; 0; 0; 0; 0; 378; 0; 120; 0
1972;11; 50; 351; 168; 133; 351; 0; 0; 0; 0; 280; 0; 0; 57; 0; 0; 0; 0; 0; 0; 0; 339; 0; 77; 0; 566; 96; 0; 0; 0; 0; 9999
1972;12; 85; 0; 0; 0; 143; 71; 0; 0; 0; 0; 275; 0; 0; 0; 0; 0; 0; 0; 0; 0; 0; 0; 210; 133; 0; 110; 75; 59; 0; 0; 161
1973;01; 13; 0; 215; 30; 0; 0; 0; 0; 0; 0; 0; 0; 0; 0; 0; 0; 122; 92; 338; 5; 31; 0; 79; 0; 14; 18; 0; 0; 0; 0; 133
1973;02; 0; 0; 0; 0; 0; 0; 0; 0; 135; 91; 2160; 0; 0; 0; 0; 0; 0; 321; 0; 0; 241; 0; 0; 45; 0; 0; 0; 0; 9999; 9999; 9999
1973;03; 0; 0; 0; 0; 0; 0; 0; 0; 135; 91; 2160; 0; 0; 0; 0; 0; 0; 321; 0; 0; 241; 0; 0; 45; 0; 0; 0; 0; 0; 641; 323
1973;04; 311; 105; 21; 0; 0; 0; 0; 100; 0; 0; 138; 133; 301; 0; 0; 0; 0; 0; 0; 0; 0; 172; 0; 0; 0; 0; 0; 0; 0; 0; 9999
1973;05; 0; 0; 0; 0; 0; 0; 0; 0; 0; 116; 0; 0; 0; 0; 0; 0; 0; 0; 0; 0; 140; 0; 0; 0; 0; 0; 0; 0; 0; 0; 0
1973;06; 0; 0; 0; 0; 0; 0; 0; 0; 0; 46; 0; 0; 0; 0; 0; 0; 0; 0; 23; 0; 0; 35; 0; 33; 0; 0; 249; 0; 0; 0; 9999
1973;07; 0; 0; 0; 0; 0; 0; 0; 0; 0; 0; 0; 0; 0; 0; 0; 0; 0; 0; 0; 0; 0; 11; 0; 0; 0; 0; 0; 37; 0; 0; 0
1973;08; 0; 0; 0; 0; 0; 0; 0; 0; 0; 0; 0; 0; 0; 0; 0; 0; 0; 0; 0; 0; 0; 0; 0; 0; 0; 0; 0; 0; 0; 0; 0
1973;09; 2; 162; 13; 0; 0; 0; 0; 0; 0; 0; 0; 0; 0; 0; 0; 0; 0; 0; 0; 116; 0; 0; 0; 0; 0; 0; 0; 0; 0; 0; 9999
1973;10; 0; 0; 0; 0; 0; 0; 350; 0; 17; 0; 0; 0; 162; 317; 0; 0; 0; 0; 586; 0; 0; 0; 0; 0; 0; 163; 0; 14; 0; 0; 386
1973;11; 671; 152; 13; 0; 139; 0; 0; 0; 0; 0; 0; 166; 239; 235; 44; 0; 235; 0; 0; 0; 0; 0; 0; 0; 66; 0; 0; 107; 0; 0; 9999
1973;12; 0; 0; 0; 273; 0; 0; 100; 88; 0; 37; 0; 0; 0; 0; 716; 0; 317; 0; 128; 0; 377; 449; 311; 417; 77; 0; 67; 0; 135; 0; 61
1974;01; 166; 0; 0; 0; 0; 12; 9999; 366; 0; 0; 155; 0; 0; 320; 23; 37; 133; 83; 25; 0; 0; 0; 0; 48; 9999; 80; 9999; 9999; 132; 9999; 323
1974;02; 77; 211; 0; 291; 0; 0; 0; 0; 0; 0; 0; 0; 37; 0; 0; 0; 0; 0; 0; 0; 22; 0; 0; 0; 0; 0; 0; 0; 9999; 9999; 9999
1974;03; 111; 0; 0; 123; 0; 0; 77; 0; 0; 98; 98; 105; 0; 0; 0; 0; 35; 307; 443; 222; 22; 0; 246; 285; 0; 0; 0; 0; 0; 0; 0
1974;04; 0; 0; 0; 0; 17; 0; 77; 0; 0; 0; 13; 269; 51; 0; 0; 0; 0; 0; 0; 0; 0; 0; 0; 104; 10; 0; 0; 0; 0; 0; 9999
1974;05; 61; 0; 0; 0; 0; 0; 0; 0; 0; 0; 0; 0; 74; 0; 0; 0; 0; 0; 0; 0; 0; 0; 0; 0; 0; 0; 0; 0; 0; 0; 0
1974;06; 0; 0; 0; 1; 71; 0; 0; 0; 0; 0; 0; 0; 0; 0; 0; 0; 0; 0; 0; 0; 0; 228; 0; 0; 0; 0; 292; 0; 0; 0; 9999
1974;07; 0; 0; 0; 0; 0; 0; 0; 0; 0; 0; 0; 0; 0; 0; 0; 0; 0; 0; 0; 0; 0; 0; 0; 0; 0; 0; 0; 0; 0; 0; 0
1974;08; 0; 0; 0; 0; 0; 0; 0; 0; 0; 0; 0; 0; 44; 0; 0; 0; 0; 0; 0; 0; 0; 0; 0; 0; 0; 0; 0; 0; 0; 0; 0
1974;09; 140; 0; 0; 0; 0; 0; 0; 0; 0; 0; 0; 0; 0; 0; 0; 0; 0; 0; 0; 0; 0; 0; 0; 0; 0; 141; 0; 0; 0; 0; 9999
1974;10; 0; 0; 0; 0; 269; 0; 0; 0; 77; 0; 0; 0; 0; 0; 0; 0; 0; 35; 0; 0; 179; 0; 0; 91; 0; 0; 0; 140; 0; 142; 0
1974;11; 0; 0; 0; 0; 77; 0; 0; 0; 0; 0; 0; 0; 131; 99; 0; 0; 0; 0; 0; 0; 171; 141; 0; 0; 0; 0; 71; 288; 0; 0; 9999
1974;12; 0; 0; 0; 0; 20; 200; 0; 0; 0; 0; 0; 0; 0; 339; 99; 443; 9999; 9999; 500; 9999; 221; 9999; 9999; 137; 9999; 251; 9999; 9999; 326; 71; 233
1975;01; 275; 133; 34; 32; 0; 0; 339; 0; 0; 0; 0; 0; 0; 28; 0; 0; 0; 0; 0; 0; 0; 0; 0; 0; 39; 0; 0; 0; 200; 0; 308
1975;02; 65; 47; 70; 45; 370; 28; 0; 0; 0; 0; 0; 0; 0; 23; 0; 0; 0; 0; 0; 254; 0; 0; 0; 0; 0; 80; 0; 0; 9999; 9999; 9999
1975;03; 0; 88; 0; 0; 0; 0; 0; 72; 0; 0; 0; 0; 162; 0; 0; 48; 0; 0; 0; 0; 0; 44; 0; 0; 0; 0; 252; 0; 0; 0; 55
1975;04; 0; 0; 0; 0; 96; 0; 32; 0; 0; 0; 0; 195; 0; 0; 0; 0; 0; 59; 0; 0; 0; 0; 0; 0; 0; 0; 0; 0; 0; 0; 9999
1975;05; 0; 0; 0; 0; 5; 0; 0; 0; 0; 0; 0; 0; 0; 0; 0; 0; 0; 0; 0; 0; 0; 0; 0; 0; 0; 0; 0; 0; 0; 0; 0
1975;06; 0; 0; 0; 0; 0; 0; 0; 0; 0; 0; 0; 0; 0; 0; 0; 0; 0; 0; 0; 0; 0; 0; 0; 0; 0; 0; 0; 0; 41; 0; 9999
1975;07; 229; 0; 0; 88; 0; 0; 0; 0; 0; 0; 0; 0; 0; 0; 0; 0; 0; 0; 0; 0; 0; 0; 0; 0; 0; 0; 0; 0; 0; 0; 0
1975;08; 0; 0; 0; 0; 0; 0; 0; 0; 0; 0; 0; 0; 0; 0; 0; 0; 0; 0; 0; 0; 0; 0; 0; 0; 0; 0; 0; 0; 0; 0; 0
1975;09; 0; 0; 0; 0; 0; 0; 0; 0; 0; 0; 0; 0; 0; 0; 0; 0; 0; 0; 0; 0; 0; 0; 0; 0; 13; 0; 0; 0; 0; 18; 9999
1975;10; 0; 0; 0; 0; 0; 0; 88; 0; 0; 0; 0; 0; 0; 0; 0; 0; 112; 0; 368; 0; 0; 0; 0; 0; 0; 23; 0; 0; 0; 0; 225
1975;11; 45; 0; 0; 0; 0; 0; 77; 0; 0; 197; 0; 94; 27; 0; 68; 0; 42; 70; 0; 175; 109; 0; 0; 0; 88; 0; 0; 0; 92; 0; 9999
1975;12; 75; 0; 0; 0; 100; 0; 68; 92; 0; 0; 0; 58; 0; 0; 98; 0; 0; 0; 0; 56; 0; 8; 0; 0; 1000; 112; 0; 0; 53; 0; 0
1976;01; 198; 78; 52; 0; 0; 84; 0; 0; 0; 0; 0; 48; 0; 0; 35; 0; 0; 0; 0; 71; 199; 0; 0; 0; 8; 0; 0; 0; 0; 0; 1032
1976;02; 198; 72; 0; 0; 28; 0; 222; 0; 0; 0; 0; 0; 58; 24; 0; 0; 0; 0; 0; 98; 0; 0; 0; 88; 134; 72; 34; 68; 100; 9999; 9999
1976;03; 36; 4; 0; 0; 0; 5; 0; 0; 9999; 9999; 9999; 9999; 9999; 9999; 9999; 9999; 9999; 9999; 9999; 9999; 9999; 9999; 9999; 9999; 9999; 9999; 9999; 9999; 9999; 9999; 9999
1976;04; 9999; 9999; 9999; 9999; 9999; 9999; 9999; 9999; 0; 157; 75; 54; 0; 151; 3; 0; 1; 0; 0; 2; 1; 1; 0; 0; 0; 0; 0; 0; 0; 0; 9999
1976;05; 0; 0; 0; 0; 102; 0; 0; 0; 0; 132; 1; 0; 0; 2; 2; 3; 2; 0; 49; 18; 1; 1; 0; 2; 48; 2; 1; 365; 53; 3; 3
1976;06; 1; 2; 0; 4; 20; 0; 0; 0; 0; 0; 0; 0; 1; 3; 3; 2; 2; 2; 0; 1; 1; 0; 1; 0; 0; 1; 0; 0; 0; 0; 9999
1976;07; 1; 0; 379; 18; 2; 1; 0; 0; 52; 0; 1; 0; 0; 0; 7; 0; 0; 0; 0; 1; 0; 0; 64; 0; 0; 0; 0; 0; 0; 0; 0
1976;08; 0; 0; 0; 0; 32; 2; 0; 0; 1; 0; 24; 68; 1; 375; 49; 1; 0; 3; 0; 97; 0; 1; 0; 0; 2; 0; 0; 7; 0; 0; 0
1976;09; 0; 0; 0; 0; 4; 95; 24; 2; 0; 0; 0; 0; 0; 1229; 49; 436; 0; 0; 0; 0; 0; 18; 0; 0; 0; 25; 101; 129; 10; 0; 9999
1976;10; 0; 0; 0; 0; 75; 3; 0; 0; 62; 114; 0; 0; 0; 0; 0; 0; 0; 54; 236; 32; 0; 0; 0; 289; 78; 0; 0; 0; 0; 0; 25
1976;11; 334; 249; 35; 8; 6; 0; 0; 0; 0; 0; 124; 2; 0; 152; 208; 264; 539; 0; 0; 489; 5; 20; 2; 0; 0; 99; 228; 0; 0; 94; 9999
1976;12; 34; 86; 0; 0; 65; 0; 0; 99; 39; 35; 154; 135; 54; 31; 74; 45; 45; 0; 25; 129; 120; 133; 100; 42; 119; 90; 224; 0; 0; 0; 0
1977;01; 3; 51; 24; 0; 3; 672; 88; 0; 0; 0; 0; 0; 0; 15; 0; 85; 10; 48; 125; 23; 0; 0; 928; 25; 86; 0; 0; 0; 59; 23; 26
1977;02; 19; 52; 0; 0; 0; 0; 0; 59; 0; 9; 0; 8; 0; 0; 96; 6; 0; 0; 0; 0; 0; 1; 46; 9; 148; 0; 0; 0; 9999; 9999; 9999
1977;03; 0; 5; 1; 0; 0; 0; 48; 181; 0; 0; 0; 0; 466; 22; 0; 0; 23; 31; 0; 5; 161; 0; 65; 0; 0; 503; 0; 15; 24; 15; 48
1977;04; 657; 0; 349; 160; 37; 0; 65; 0; 0; 0; 0; 0; 0; 0; 0; 0; 0; 2; 62; 14; 94; 0; 0; 0; 0; 0; 0; 0; 0; 15; 9999
1977;05; 103; 2; 0; 0; 0; 0; 0; 8; 0; 0; 0; 0; 0; 0; 33; 38; 0; 0; 0; 0; 0; 0; 0; 0; 0; 0; 0; 0; 0; 0; 0
1977;06; 29; 1; 3; 140; 2; 0; 0; 0; 0; 0; 0; 0; 0; 9; 7; 1; 0; 0; 0; 0; 3; 0; 0; 18; 0; 0; 0; 0; 0; 0; 9999
1977;07; 0; 0; 0; 0; 0; 0; 0; 0; 0; 0; 0; 0; 0; 0; 0; 0; 0; 0; 0; 0; 0; 0; 0; 36; 0; 0; 0; 0; 0; 0; 0
1977;08; 0; 0; 0; 0; 0; 0; 0; 0; 0; 0; 0; 0; 0; 0; 0; 0; 0; 0; 0; 0; 0; 0; 0; 0; 0; 0; 0; 0; 251; 28; 81
1977;09; 162; 45; 0; 0; 0; 23; 23; 0; 0; 0; 0; 0; 0; 0; 0; 0; 0; 7; 0; 110; 0; 208; 0; 0; 0; 0; 0; 0; 13; 36; 9999
1977;10; 19; 0; 0; 0; 0; 0; 0; 0; 0; 0; 0; 0; 25; 0; 0; 0; 0; 340; 0; 0; 0; 0; 0; 0; 0; 338; 155; 1; 0; 36; 7
1977;11; 442; 1; 0; 0; 0; 0; 0; 0; 0; 0; 339; 28; 0; 130; 143; 163; 315; 102; 423; 111; 108; 0; 0; 355; 65; 25; 140; 0; 65; 58; 9999
1977;12; 176; 150; 23; 56; 360; 0; 0; 0; 21; 105; 0; 0; 0; 112; 0; 0; 0; 120; 49; 251; 1; 152; 132; 2; 0; 0; 0; 0; 0; 0; 0
1978;01; 0; 44; 107; 18; 157; 713; 292; 339; 183; 31; 185; 158; 0; 4; 137; 251; 0; 0; 0; 0; 467; 0; 0; 0; 0; 62; 70; 0; 25; 2; 0
1978;02; 0; 0; 0; 0; 74; 282; 0; 0; 0; 0; 0; 164; 0; 0; 35; 0; 29; 1; 0; 77; 365; 150; 0; 4; 12; 24; 68; 0; 9999; 9999; 9999
1978;03; 0; 8; 53; 40; 0; 0; 0; 9; 663; 596; 151; 0; 0; 1; 0; 0; 0; 0; 0; 0; 65; 0; 0; 0; 1; 0; 0; 0; 0; 64; 0
1978;04; 0; 0; 0; 2; 1; 0; 0; 0; 0; 0; 0; 1; 0; 0; 0; 0; 37; 0; 110; 0; 0; 0; 0; 0; 2; 0; 0; 0; 0; 0; 9999
1978;05; 0; 0; 0; 0; 0; 0; 0; 0; 0; 0; 0; 0; 0; 0; 5; 0; 225; 4; 27; 0; 26; 16; 0; 1; 3; 0; 0; 136; 35; 412; 43
1978;06; 0; 2; 0; 0; 0; 0; 0; 0; 214; 0; 0; 0; 0; 0; 0; 0; 0; 0; 0; 0; 0; 0; 0; 0; 0; 0; 0; 0; 0; 0; 9999
1978;07; 0; 0; 0; 0; 0; 0; 0; 0; 0; 0; 0; 0; 0; 0; 0; 166; 7; 27; 2; 50; 0; 0; 0; 0; 3; 0; 0; 0; 0; 0; 0
1978;08; 0; 0; 0; 0; 0; 0; 0; 0; 0; 0; 0; 0; 0; 0; 0; 0; 0; 0; 0; 0; 0; 0; 0; 0; 0; 0; 0; 0; 0; 0; 0
1978;09; 0; 0; 0; 0; 0; 41; 14; 1; 0; 0; 0; 0; 0; 0; 0; 1; 16; 0; 0; 0; 0; 0; 0; 0; 0; 0; 0; 0; 0; 0; 9999
1978;10; 0; 0; 0; 0; 0; 0; 0; 0; 0; 0; 22; 13; 0; 12; 0; 0; 1; 0; 112; 0; 0; 0; 0; 0; 0; 0; 0; 0; 0; 313; 48
1978;11; 190; 0; 1; 678; 58; 98; 0; 0; 0; 6; 313; 162; 143; 0; 0; 0; 318; 4; 0; 46; 39; 156; 0; 168; 8; 0; 121; 203; 535; 0; 9999
1978;12; 0; 0; 0; 0; 90; 8; 0; 352; 237; 33; 210; 38; 492; 30; 144; 26; 0; 267; 0; 0; 0; 0; 89; 7; 0; 19; 615; 273; 349; 148; 42
1979;01; 21; 12; 63; 31; 31; 206; 0; 51; 0; 0; 35; 315; 461; 37; 9; 0; 0; 0; 0; 0; 405; 95; 0; 0; 0; 31; 0; 40; 208; 13; 0
1979;02; 6; 0; 0; 0; 0; 0; 78; 0; 0; 9; 0; 76; 86; 368; 316; 0; 0; 30; 0; 9; 0; 163; 0; 1; 0; 0; 2; 0; 9999; 9999; 9999
1979;03; 0; 0; 440; 0; 0; 0; 1; 0; 0; 0; 192; 0; 168; 148; 66; 0; 0; 0; 8; 0; 0; 0; 1; 10; 0; 12; 0; 0; 0; 0; 0
1979;04; 0; 0; 0; 136; 470; 14; 5; 0; 0; 0; 0; 0; 0; 2; 0; 0; 1; 0; 0; 0; 0; 0; 0; 0; 0; 0; 0; 0; 20; 3; 9999
1979;05; 95; 5; 0; 44; 167; 0; 44; 21; 2; 0; 0; 0; 0; 0; 0; 0; 0; 0; 0; 0; 0; 0; 0; 0; 1; 0; 1; 0; 57; 198; 1
1979;06; 2; 1; 0; 0; 0; 0; 0; 0; 0; 0; 0; 0; 0; 0; 0; 0; 0; 0; 0; 0; 0; 0; 0; 0; 1; 0; 0; 0; 0; 0; 9999
1979;07; 0; 0; 0; 2; 0; 0; 0; 1; 0; 0; 0; 0; 0; 0; 0; 0; 1; 0; 0; 225; 2; 1; 5; 107; 102; 0; 0; 0; 0; 0; 0
1979;08; 0; 0; 0; 0; 0; 0; 0; 0; 0; 0; 0; 0; 0; 0; 0; 0; 0; 2; 270; 1; 0; 0; 0; 0; 0; 6; 60; 0; 110; 0; 1
1979;09; 0; 0; 0; 0; 0; 0; 0; 0; 0; 39; 87; 38; 1; 75; 87; 14; 0; 0; 0; 0; 0; 0; 169; 1; 1; 0; 0; 0; 0; 0; 9999
1979;10; 0; 0; 125; 1; 0; 1; 0; 0; 13; 0; 0; 2; 387; 342; 153; 1; 0; 0; 0; 0; 0; 0; 0; 0; 0; 0; 0; 0; 0; 0; 2
1979;11; 0; 34; 304; 0; 4; 0; 14; 140; 54; 216; 136; 3; 1; 0; 9; 0; 0; 0; 104; 0; 0; 0; 18; 65; 0; 213; 0; 0; 0; 0; 9999
1979;12; 0; 0; 67; 53; 38; 1; 1; 132; 0; 8; 72; 241; 1110; 138; 179; 23; 1; 11; 1; 10; 0; 522; 478; 132; 590; 121; 211; 646; 2; 105; 328
1980;01; 23; 2; 1; 0; 0; 0; 0; 150; 426; 318; 415; 129; 4; 20; 0; 56; 2; 43; 123; 100; 184; 88; 155; 4; 107; 148; 0; 2; 1; 3; 54
1980;02; 3; 2; 0; 0; 1; 1; 0; 985; 0; 1; 19; 2; 576; 40; 19; 0; 0; 2; 40; 1; 0; 0; 180; 115; 320; 44; 135; 125; 3; 9999; 9999
1980;03; 112; 0; 1; 1; 1; 5; 0; 0; 0; 0; 18; 0; 0; 298; 0; 1; 75; 1; 0; 1; 1; 0; 0; 0; 0; 0; 1; 0; 0; 0; 0
1980;04; 0; 0; 100; 370; 147; 119; 0; 0; 13; 0; 51; 20; 0; 563; 127; 1; 2; 0; 1; 0; 2; 0; 1; 0; 0; 0; 0; 1; 1; 0; 9999
1980;05; 0; 10; 56; 51; 3; 1; 0; 0; 1; 0; 0; 11; 0; 0; 0; 0; 1; 0; 1; 1; 0; 88; 3; 0; 0; 0; 0; 0; 0; 0; 0
1980;06; 0; 0; 0; 20; 1; 0; 0; 0; 0; 0; 0; 0; 0; 82; 3; 0; 0; 0; 0; 0; 0; 0; 0; 0; 25; 323; 117; 3; 2; 1; 9999
1980;07; 1; 1; 0; 0; 0; 0; 0; 0; 0; 0; 1; 0; 1; 1; 1; 0; 0; 0; 0; 0; 0; 0; 0; 0; 0; 0; 0; 0; 0; 1; 0
1980;08; 0; 0; 0; 0; 0; 0; 1; 0; 0; 0; 0; 0; 0; 0; 0; 0; 0; 0; 0; 3; 0; 0; 0; 0; 0; 0; 5; 0; 0; 0; 0
1980;09; 0; 0; 0; 0; 0; 0; 0; 0; 0; 1; 0; 2; 0; 0; 0; 9; 1; 0; 104; 4; 531; 6; 0; 1; 0; 7; 0; 177; 1; 2; 9999
1980;10; 0; 0; 1; 0; 0; 0; 0; 4; 267; 1; 16; 195; 1; 0; 0; 0; 0; 0; 0; 0; 0; 0; 0; 87; 0; 4; 0; 0; 0; 11; 32
1980;11; 0; 0; 0; 0; 62; 1; 11; 119; 0; 188; 33; 0; 0; 0; 0; 0; 0; 0; 0; 90; 1; 0; 3; 513; 22; 0; 0; 207; 0; 628; 9999
1980;12; 463; 81; 73; 1; 122; 108; 103; 1; 0; 95; 0; 426; 98; 5; 0; 2; 0; 0; 8; 0; 9; 180; 39; 0; 252; 250; 65; 72; 430; 1; 15
1981;01; 0; 41; 0; 13; 5; 1; 0; 43; 32; 16; 246; 65; 63; 346; 111; 175; 159; 102; 35; 5; 83; 25; 21; 75; 40; 210; 35; 1; 72; 1; 1
1981;02; 35; 0; 93; 1; 0; 40; 35; 15; 17; 165; 30; 0; 73; 0; 0; 0; 1; 0; 0; 0; 318; 1; 0; 0; 0; 0; 49; 0; 9999; 9999; 9999
1981;03; 0; 0; 0; 0; 0; 0; 191; 40; 264; 23; 3; 0; 0; 0; 38; 10; 8; 426; 193; 0; 0; 0; 0; 0; 0; 0; 0; 105; 145; 2; 2
1981;04; 1; 1; 0; 4; 24; 131; 0; 0; 0; 0; 0; 0; 1; 0; 0; 225; 0; 0; 0; 0; 1; 0; 0; 4; 0; 2; 0; 23; 0; 4; 9999
1981;05; 1; 1; 0; 0; 0; 0; 0; 0; 0; 0; 0; 0; 0; 1; 0; 0; 0; 0; 0; 0; 1; 0; 0; 2; 1; 0; 0; 0; 162; 1; 1
1981;06; 0; 0; 0; 0; 0; 0; 221; 1; 2; 1; 1; 1; 0; 1; 0; 62; 98; 10; 0; 0; 1; 0; 0; 0; 0; 0; 0; 0; 0; 1; 9999
1981;07; 0; 1; 0; 0; 0; 0; 0; 0; 0; 0; 0; 0; 0; 0; 0; 0; 1; 0; 0; 0; 2; 1; 0; 0; 0; 1; 0; 0; 0; 0; 0
1981;08; 0; 0; 0; 0; 0; 0; 0; 0; 0; 0; 0; 0; 0; 0; 0; 0; 0; 1; 0; 0; 0; 0; 0; 0; 0; 0; 0; 0; 0; 0; 0
1981;09; 0; 0; 0; 0; 2; 0; 0; 0; 0; 0; 0; 0; 0; 0; 0; 0; 0; 0; 0; 0; 0; 0; 0; 0; 0; 5; 0; 0; 0; 7; 9999
1981;10; 0; 0; 46; 120; 0; 2; 35; 0; 0; 0; 5; 215; 294; 1; 9; 461; 1; 0; 0; 1408; 13; 1; 0; 0; 1; 0; 379; 6; 14; 0; 14
1981;11; 5; 52; 114; 106; 0; 0; 0; 0; 3; 195; 2; 41; 32; 176; 0; 1; 0; 0; 0; 500; 53; 0; 0; 0; 0; 1; 0; 0; 5; 480; 9999
1981;12; 30; 118; 211; 56; 0; 0; 211; 26; 92; 506; 3; 91; 0; 0; 0; 5; 13; 548; 606; 0; 1; 36; 0; 91; 0; 19; 0; 740; 1; 0; 1
1982;01; 0; 0; 588; 2; 20; 0; 1; 21; 191; 163; 16; 181; 67; 2; 1; 1; 0; 0; 0; 44; 93; 1; 111; 97; 0; 0; 43; 148; 377; 110; 27
1982;02; 325; 309; 5; 49; 57; 280; 201; 1; 0; 17; 1; 0; 0; 0; 0; 0; 0; 3; 1; 0; 0; 0; 189; 35; 35; 6; 66; 75; 9999; 9999; 9999
1982;03; 0; 3; 7; 1113; 0; 0; 591; 100; 555; 1158; 121; 41; 102; 50; 0; 55; 184; 11; 1; 0; 0; 8; 210; 24; 17; 1; 0; 0; 3; 0; 1
1982;04; 0; 217; 1; 0; 0; 1; 1; 0; 0; 0; 7; 0; 0; 145; 63; 2; 1; 0; 0; 0; 0; 0; 0; 0; 0; 0; 0; 0; 0; 0; 9999
1982;05; 22; 0; 1; 0; 0; 0; 1; 0; 0; 0; 0; 0; 0; 1; 0; 0; 0; 33; 144; 1; 1; 0; 0; 3; 445; 144; 2; 2; 1; 1; 24
1982;06; 0; 0; 1; 1; 46; 3; 1; 0; 0; 0; 0; 0; 117; 1; 1; 0; 0; 0; 0; 0; 0; 0; 1; 1; 0; 0; 0; 1; 0; 164; 9999
1982;07; 2; 1; 0; 1; 1; 1; 1; 1; 0; 0; 1; 1; 0; 36; 0; 2; 10; 0; 212; 2; 0; 1; 0; 0; 1; 1; 0; 0; 0; 0; 4
1982;08; 0; 0; 0; 0; 0; 19; 0; 0; 0; 0; 142; 3; 0; 0; 0; 0; 0; 0; 0; 0; 0; 0; 0; 0; 0; 0; 2; 4; 27; 0; 0
1982;09; 0; 0; 0; 0; 0; 0; 0; 0; 0; 0; 0; 0; 0; 0; 0; 0; 0; 0; 4; 1; 0; 0; 2; 0; 50; 0; 6; 313; 0; 0; 9999
1982;10; 0; 0; 200; 1; 1; 0; 0; 217; 241; 0; 267; 1; 11; 1; 0; 0; 0; 156; 466; 2; 64; 22; 0; 0; 4; 9; 0; 47; 157; 40; 2
1982;11; 1; 0; 0; 0; 0; 70; 0; 0; 8; 0; 55; 107; 0; 5; 68; 1051; 2; 36; 329; 448; 5; 31; 0; 19; 0; 0; 0; 0; 3; 0; 9999
1982;12; 0; 0; 12; 3; 0; 16; 160; 102; 5; 96; 77; 27; 5; 26; 0; 49; 363; 305; 5; 20; 0; 69; 83; 142; 2; 0; 295; 30; 21; 243; 130
1983;01; 1; 0; 2; 55; 298; 442; 171; 89; 0; 1; 13; 5; 140; 958; 400; 400; 95; 410; 523; 91; 5; 22; 0; 0; 0; 64; 0; 0; 35; 0; 88
1983;02; 1342; 78; 1115; 210; 5; 0; 1; 53; 4; 211; 123; 177; 71; 75; 54; 0; 0; 0; 60; 55; 1; 1; 0; 0; 0; 0; 0; 19; 9999; 9999; 9999
1983;03; 0; 66; 7; 361; 23; 110; 41; 41; 0; 1; 1; 0; 630; 0; 4; 0; 0; 0; 210; 361; 0; 1; 45; 0; 0; 0; 0; 25; 1; 1; 0
1983;04; 0; 0; 30; 0; 1; 3; 635; 15; 1; 0; 33; 218; 122; 2; 1; 1; 0; 0; 1; 1; 67; 44; 2; 0; 44; 158; 1; 2; 0; 0; 9999
1983;05; 0; 0; 0; 1; 1; 0; 0; 38; 0; 1; 0; 1; 87; 1; 0; 1; 1; 2; 1; 4; 138; 0; 63; 138; 1; 1; 0; 0; 87; 0; 363
1983;06; 24; 88; 0; 3; 59; 2; 184; 0; 0; 1; 0; 0; 2; 0; 0; 1; 0; 0; 0; 0; 1; 0; 0; 0; 0; 1; 1; 0; 0; 0; 9999
1983;07; 0; 1; 0; 0; 0; 0; 0; 0; 0; 0; 0; 0; 0; 0; 0; 0; 0; 10; 136; 184; 80; 3; 1; 1; 0; 0; 0; 0; 0; 0; 0
1983;08; 0; 0; 1; 0; 0; 0; 0; 0; 0; 0; 0; 0; 0; 0; 0; 0; 0; 0; 1; 0; 0; 0; 0; 0; 1; 0; 0; 0; 0; 0; 0
1983;09; 0; 0; 0; 0; 0; 92; 297; 213; 3; 0; 0; 0; 7; 0; 0; 236; 38; 0; 366; 73; 1; 1; 0; 2; 0; 1; 0; 0; 0; 0; 9999
1983;10; 0; 20; 0; 54; 16; 6; 60; 15; 0; 1; 0; 31; 29; 110; 21; 1; 0; 94; 357; 1; 0; 53; 426; 262; 0; 65; 0; 3; 1; 0; 0
1983;11; 60; 0; 5; 0; 40; 1; 0; 0; 0; 0; 263; 248; 0; 77; 6; 81; 2; 0; 0; 304; 11; 18; 15; 0; 0; 0; 0; 0; 0; 1; 9999
1983;12; 0; 220; 4; 0; 0; 0; 187; 0; 67; 0; 245; 17; 165; 26; 84; 13; 367; 30; 113; 65; 408; 171; 17; 125; 106; 0; 74; 98; 17; 297; 88
1984;01; 35; 1; 0; 0; 0; 0; 0; 917; 152; 1; 81; 1; 1; 1; 0; 0; 0; 0; 0; 473; 56; 0; 363; 33; 50; 442; 495; 69; 16; 0; 0
1984;02; 0; 1; 0; 0; 0; 1; 18; 29; 0; 6; 0; 108; 1; 1; 0; 0; 14; 1; 593; 63; 1; 0; 156; 2; 122; 3; 171; 1; 0; 9999; 9999
1984;03; 0; 0; 176; 5; 0; 0; 467; 13; 190; 0; 0; 0; 0; 0; 0; 0; 0; 0; 0; 0; 1; 0; 0; 23; 0; 0; 0; 0; 9; 1; 8
1984;04; 193; 0; 298; 77; 1; 0; 0; 334; 82; 69; 0; 0; 0; 0; 0; 5; 1; 11; 0; 52; 0; 0; 13; 1; 0; 0; 0; 0; 846; 13; 9999
1984;05; 15; 59; 465; 1; 0; 0; 0; 1; 5; 1; 1; 0; 0; 0; 224; 1; 0; 149; 0; 0; 0; 1; 1; 0; 1; 0; 0; 1; 0; 0; 0
1984;06; 0; 0; 0; 0; 0; 0; 0; 2; 1; 0; 1; 0; 0; 0; 1; 0; 0; 0; 1; 1; 0; 1; 0; 0; 0; 1; 0; 0; 0; 0; 9999
1984;07; 0; 0; 0; 0; 0; 0; 0; 0; 0; 0; 0; 0; 0; 0; 0; 0; 0; 0; 0; 0; 0; 0; 1; 1; 0; 0; 0; 0; 0; 0; 0
1984;08; 0; 25; 16; 15; 0; 0; 0; 0; 0; 0; 0; 0; 0; 0; 0; 0; 0; 0; 0; 0; 134; 0; 168; 2; 45; 10; 0; 0; 0; 0; 90
1984;09; 1; 0; 0; 0; 0; 0; 5; 44; 91; 1; 0; 0; 0; 0; 0; 0; 70; 0; 0; 0; 202; 0; 0; 0; 0; 27; 220; 6; 1; 1; 9999
1984;10; 0; 0; 0; 0; 0; 0; 0; 0; 0; 0; 0; 0; 0; 94; 19; 495; 1; 194; 164; 9; 0; 0; 0; 28; 4; 12; 0; 0; 0; 0; 0
1984;11; 0; 0; 0; 0; 0; 0; 0; 0; 0; 7; 0; 114; 112; 0; 0; 0; 105; 8; 24; 0; 35; 181; 1; 3; 0; 422; 15; 7; 1; 141; 9999
1984;12; 11; 845; 31; 1; 5; 233; 105; 236; 110; 136; 25; 0; 67; 322; 450; 25; 83; 109; 1; 0; 1; 0; 0; 0; 0; 0; 508; 121; 29; 4; 15
1985;01; 56; 1; 0; 0; 0; 23; 34; 220; 436; 0; 0; 0; 15; 0; 0; 611; 178; 111; 124; 281; 137; 156; 79; 126; 363; 447; 45; 1; 0; 0; 173
1985;02; 3; 0; 0; 0; 22; 0; 0; 0; 7; 10; 76; 84; 2; 30; 58; 0; 0; 5; 0; 0; 0; 0; 603; 533; 7; 217; 107; 3; 9999; 9999; 9999
1985;03; 476; 204; 175; 0; 220; 151; 148; 34; 1200; 140; 94; 2; 0; 0; 7; 201; 0; 12; 2; 0; 20; 0; 0; 0; 0; 0; 0; 0; 0; 0; 0
1985;04; 314; 1; 10; 263; 0; 5; 0; 4; 0; 22; 0; 135; 124; 115; 7; 3; 9; 133; 1; 0; 0; 0; 0; 1; 0; 102; 0; 0; 0; 0; 9999
1985;05; 36; 0; 0; 1; 0; 0; 0; 1; 0; 0; 2; 0; 0; 2; 0; 1; 1; 0; 0; 0; 0; 70; 1; 0; 0; 0; 1; 1; 0; 0; 0
1985;06; 0; 0; 4; 25; 2; 1; 1; 0; 0; 1; 1; 1; 0; 1; 0; 0; 0; 0; 0; 0; 0; 0; 0; 0; 0; 0; 0; 0; 0; 0; 9999
1985;07; 0; 0; 0; 0; 0; 41; 3; 1; 0; 0; 1; 0; 0; 0; 0; 0; 0; 0; 0; 0; 0; 0; 0; 0; 0; 0; 0; 0; 0; 0; 0
1985;08; 0; 0; 0; 0; 0; 0; 0; 0; 0; 0; 0; 2; 1; 0; 0; 0; 0; 0; 0; 0; 0; 0; 1; 1; 0; 0; 0; 0; 0; 0; 0
1985;09; 104; 13; 0; 0; 0; 0; 1; 0; 0; 0; 0; 0; 0; 0; 0; 0; 0; 0; 0; 0; 0; 0; 0; 4; 0; 0; 0; 0; 0; 1; 9999
1985;10; 0; 0; 0; 0; 0; 0; 0; 2; 0; 0; 43; 0; 0; 0; 0; 0; 0; 0; 0; 0; 22; 0; 0; 0; 0; 0; 4; 0; 440; 0; 0
1985;11; 3; 530; 90; 345; 127; 1; 0; 34; 0; 0; 6; 83; 0; 0; 0; 0; 0; 0; 0; 0; 80; 0; 0; 122; 135; 71; 213; 0; 0; 1; 9999
1985;12; 0; 0; 0; 162; 0; 0; 0; 0; 0; 0; 0; 0; 0; 0; 244; 0; 1; 0; 1; 1; 193; 245; 356; 15; 235; 258; 63; 0; 202; 0; 0
1986;01; 0; 2; 24; 0; 0; 364; 9; 89; 0; 14; 161; 3; 310; 127; 150; 36; 8; 0; 0; 18; 0; 0; 0; 8; 0; 0; 0; 869; 1; 1; 38
1986;02; 0; 0; 27; 2; 0; 7; 87; 91; 35; 0; 0; 19; 46; 45; 801; 86; 258; 172; 9; 265; 49; 0; 0; 0; 0; 32; 0; 272; 9999; 9999; 9999
1986;03; 77; 0; 0; 0; 203; 10; 203; 42; 0; 0; 0; 0; 0; 19; 0; 0; 1; 0; 226; 0; 0; 0; 930; 9; 1; 7; 4; 0; 0; 237; 1
1986;04; 0; 0; 0; 0; 0; 0; 0; 0; 0; 0; 9; 0; 0; 0; 255; 13; 0; 0; 0; 0; 0; 72; 1; 1; 0; 66; 0; 0; 0; 0; 9999
1986;05; 0; 0; 1; 0; 0; 1; 0; 222; 294; 21; 0; 4; 285; 78; 1; 0; 0; 6; 221; 1; 0; 1; 0; 0; 0; 0; 0; 0; 0; 0; 92
1986;06; 0; 2; 1; 0; 0; 0; 0; 0; 0; 0; 0; 0; 0; 0; 0; 0; 0; 0; 0; 0; 0; 0; 0; 0; 0; 0; 1; 0; 0; 0; 9999
1986;07; 0; 0; 1; 114; 0; 0; 10; 0; 0; 0; 0; 0; 0; 0; 0; 0; 0; 0; 0; 0; 0; 4; 165; 128; 2; 1; 0; 0; 0; 0; 18
1986;08; 2; 1; 0; 0; 0; 0; 0; 0; 0; 0; 0; 4; 0; 64; 17; 50; 21; 0; 0; 0; 0; 16; 265; 11; 0; 23; 0; 0; 0; 0; 0
1986;09; 0; 0; 17; 0; 10; 0; 20; 0; 0; 0; 0; 0; 0; 0; 0; 0; 0; 0; 0; 0; 0; 0; 0; 0; 0; 0; 0; 0; 110; 0; 9999
1986;10; 0; 0; 0; 0; 0; 0; 0; 0; 107; 7; 17; 0; 0; 0; 0; 0; 0; 0; 0; 72; 18; 294; 4; 0; 0; 0; 5; 0; 0; 0; 0
1986;11; 0; 0; 83; 0; 0; 0; 0; 0; 0; 0; 95; 223; 0; 0; 17; 0; 0; 0; 0; 0; 67; 0; 0; 0; 0; 0; 0; 43; 0; 288; 9999
1986;12; 617; 46; 336; 9; 137; 0; 0; 7; 1; 12; 132; 0; 0; 89; 248; 108; 11; 13; 0; 0; 0; 0; 80; 0; 57; 30; 286; 305; 226; 84; 0
1987;01; 0; 116; 0; 150; 0; 53; 0; 16; 0; 0; 0; 114; 32; 0; 0; 360; 0; 118; 0; 1; 0; 242; 348; 216; 7; 300; 52; 126; 93; 50; 41
1987;02; 175; 125; 14; 127; 0; 11; 277; 5; 0; 53; 20; 227; 100; 90; 162; 194; 1; 268; 59; 274; 0; 0; 0; 5; 0; 25; 5; 36; 9999; 9999; 9999
1987;03; 63; 0; 16; 0; 0; 0; 21; 299; 235; 563; 1; 0; 1; 0; 209; 5; 3; 26; 50; 10; 1; 0; 1; 0; 0; 0; 0; 0; 0; 0; 0
1987;04; 4; 55; 0; 242; 12; 1; 1; 0; 1; 10; 146; 0; 0; 0; 0; 0; 0; 0; 0; 0; 111; 5; 1; 0; 0; 0; 0; 0; 5; 103; 9999
1987;05; 1; 2; 1; 15; 0; 0; 0; 0; 104; 0; 0; 0; 1; 0; 0; 162; 1; 194; 1; 22; 0; 133; 0; 33; 0; 0; 1; 0; 1; 0; 0
1987;06; 0; 0; 0; 0; 1; 0; 25; 0; 2; 0; 1; 0; 0; 0; 0; 0; 6; 1; 0; 0; 0; 0; 90; 3; 0; 0; 0; 0; 0; 1; 9999
1987;07; 0; 0; 0; 0; 0; 0; 0; 0; 5; 70; 0; 0; 0; 0; 0; 0; 1; 0; 0; 0; 0; 0; 0; 0; 0; 0; 0; 0; 0; 15; 5
1987;08; 0; 0; 0; 0; 0; 0; 35; 2; 1; 0; 0; 0; 0; 0; 0; 0; 0; 0; 0; 0; 0; 0; 0; 0; 0; 0; 0; 0; 0; 0; 0
1987;09; 0; 0; 0; 0; 0; 15; 0; 44; 19; 0; 44; 0; 0; 0; 0; 0; 5; 0; 55; 0; 0; 97; 0; 262; 1; 0; 0; 38; 0; 0; 9999
1987;10; 0; 194; 0; 0; 0; 113; 0; 1; 0; 0; 0; 0; 0; 61; 0; 0; 0; 0; 0; 0; 0; 0; 0; 694; 311; 0; 0; 0; 17; 0; 0
1987;11; 0; 0; 0; 0; 0; 280; 341; 1; 0; 0; 46; 0; 0; 389; 174; 137; 5; 1; 0; 0; 0; 10; 0; 0; 191; 8; 327; 0; 0; 125; 9999
1987;12; 0; 0; 0; 0; 36; 314; 227; 1; 135; 0; 0; 0; 0; 38; 0; 23; 17; 154; 0; 26; 5; 0; 0; 0; 0; 0; 0; 97; 0; 0; 15
1988;01; 283; 0; 0; 1; 0; 44; 219; 132; 73; 0; 18; 1; 17; 70; 0; 0; 0; 4; 2; 0; 42; 0; 71; 0; 8; 100; 270; 0; 0; 0; 0
1988;02; 0; 0; 0; 0; 191; 188; 124; 113; 165; 100; 0; 39; 0; 54; 90; 581; 241; 0; 14; 0; 259; 0; 63; 251; 1; 512; 25; 11; 1; 9999; 9999
1988;03; 8; 127; 446; 76; 253; 7; 0; 0; 178; 0; 0; 0; 0; 0; 0; 12; 0; 446; 9; 0; 1; 0; 0; 0; 0; 0; 0; 0; 0; 0; 0
1988;04; 0; 0; 0; 0; 0; 0; 61; 68; 133; 0; 177; 1; 56; 113; 2; 23; 31; 25; 233; 35; 28; 6; 1; 0; 1; 0; 0; 0; 0; 0; 9999
1988;05; 0; 0; 0; 0; 0; 0; 0; 0; 1; 0; 0; 0; 0; 0; 0; 28; 0; 8; 1; 0; 0; 0; 0; 0; 8; 74; 0; 1; 1; 45; 62
1988;06; 2; 1; 0; 169; 2; 1; 0; 0; 0; 0; 0; 0; 0; 0; 0; 1; 0; 0; 0; 0; 0; 0; 0; 1; 0; 0; 0; 0; 1; 0; 9999
1988;07; 1; 0; 0; 0; 0; 0; 0; 0; 0; 0; 0; 1; 0; 1; 0; 0; 0; 0; 0; 0; 0; 0; 0; 0; 1; 0; 0; 0; 0; 0; 0
1988;08; 0; 0; 0; 0; 0; 0; 0; 0; 0; 0; 0; 0; 0; 0; 0; 0; 0; 0; 0; 0; 0; 0; 0; 0; 0; 0; 0; 0; 0; 0; 0
1988;09; 0; 0; 0; 0; 0; 0; 0; 0; 0; 0; 0; 0; 0; 0; 0; 0; 0; 44; 0; 0; 0; 0; 0; 0; 0; 0; 0; 0; 0; 3; 9999
1988;10; 0; 0; 0; 0; 0; 0; 122; 0; 0; 0; 0; 0; 273; 0; 0; 0; 0; 0; 62; 48; 366; 0; 31; 287; 1; 0; 245; 0; 90; 0; 46
1988;11; 90; 7; 0; 12; 0; 0; 0; 255; 0; 1; 0; 0; 0; 0; 0; 0; 0; 0; 0; 81; 166; 16; 265; 1; 0; 0; 0; 0; 0; 0; 9999
1988;12; 298; 69; 49; 1; 0; 56; 0; 1; 0; 0; 71; 21; 0; 17; 32; 0; 0; 0; 0; 0; 0; 170; 202; 119; 78; 367; 12; 397; 9; 5; 0
1989;01; 0; 0; 12; 414; 61; 254; 38; 74; 4; 377; 1; 415; 7; 0; 71; 133; 43; 9; 31; 1; 28; 23; 0; 2; 0; 0; 0; 80; 0; 0; 0
1989;02; 0; 0; 145; 137; 2; 2; 1; 567; 230; 306; 600; 179; 2; 166; 158; 76; 65; 0; 30; 12; 26; 0; 26; 288; 29; 28; 89; 35; 9999; 9999; 9999
1989;03; 106; 34; 133; 0; 0; 3; 2; 0; 0; 0; 0; 0; 9; 433; 1; 52; 0; 38; 0; 6; 35; 1; 0; 0; 0; 0; 19; 7; 199; 1; 0
1989;04; 0; 15; 1; 1; 3; 1; 0; 0; 0; 1; 0; 2; 0; 31; 0; 0; 0; 0; 0; 0; 1; 0; 0; 0; 2; 0; 0; 0; 0; 0; 9999
1989;05; 0; 55; 1; 0; 8; 0; 0; 1; 0; 0; 0; 0; 0; 0; 0; 0; 0; 0; 0; 0; 0; 0; 0; 0; 0; 0; 0; 0; 0; 0; 0
1989;06; 0; 0; 0; 0; 0; 0; 0; 196; 107; 267; 5; 7; 3; 2; 1; 0; 22; 2; 0; 0; 0; 0; 0; 0; 109; 1; 2; 1; 237; 1; 9999
1989;07; 0; 0; 0; 0; 0; 0; 0; 0; 0; 0; 0; 0; 0; 1; 0; 0; 0; 0; 0; 0; 0; 0; 0; 0; 0; 0; 0; 0; 63; 322; 241
1989;08; 2; 0; 1; 0; 0; 10; 0; 0; 0; 5; 0; 0; 0; 0; 0; 0; 0; 0; 0; 0; 0; 0; 0; 0; 0; 32; 0; 85; 1; 0; 0
1989;09; 0; 11; 0; 0; 12; 14; 0; 0; 91; 123; 0; 216; 26; 0; 0; 2; 0; 0; 0; 0; 0; 0; 0; 0; 0; 0; 22; 0; 30; 0; 9999
1989;10; 0; 0; 0; 58; 2; 0; 0; 0; 0; 0; 0; 117; 0; 0; 0; 18; 71; 0; 0; 0; 0; 0; 0; 0; 0; 0; 490; 0; 0; 0; 1
1989;11; 0; 0; 0; 29; 185; 1; 0; 0; 112; 15; 7; 415; 180; 0; 0; 0; 0; 52; 23; 148; 168; 76; 46; 0; 1; 24; 0; 334; 23; 6; 9999
1989;12; 1; 158; 0; 0; 1; 43; 1; 0; 0; 38; 121; 174; 150; 403; 90; 283; 0; 0; 0; 0; 0; 0; 0; 0; 114; 263; 117; 119; 800; 327; 69
1990;01; 135; 291; 372; 60; 320; 72; 0; 183; 74; 42; 77; 20; 36; 0; 144; 65; 1; 416; 21; 0; 0; 0; 0; 0; 0; 0; 0; 18; 0; 0; 0
1990;02; 0; 0; 0; 0; 0; 0; 13; 0; 0; 19; 0; 0; 493; 33; 0; 2; 0; 0; 0; 0; 0; 0; 59; 0; 485; 0; 7; 150; 9999; 9999; 9999
1990;03; 474; 0; 82; 0; 0; 0; 0; 15; 1; 0; 0; 0; 0; 122; 0; 0; 308; 0; 109; 5; 11; 60; 286; 80; 33; 1; 0; 40; 0; 9; 0
1990;04; 0; 0; 0; 0; 1; 0; 0; 0; 0; 0; 0; 0; 0; 0; 0; 1; 307; 403; 0; 193; 0; 2; 1; 0; 0; 0; 1; 0; 0; 0; 9999
1990;05; 0; 13; 109; 1; 0; 49; 1; 1; 0; 0; 0; 5; 0; 2; 0; 4; 1; 128; 2; 1; 1; 0; 1; 0; 0; 0; 0; 0; 0; 0; 0
1990;06; 0; 0; 0; 0; 0; 0; 0; 1; 0; 0; 0; 0; 0; 0; 34; 1; 2; 1; 0; 0; 0; 2; 1; 1; 0; 0; 0; 0; 0; 0; 9999
1990;07; 0; 0; 0; 0; 7; 18; 75; 1; 1; 5; 56; 0; 0; 0; 0; 0; 0; 1; 0; 0; 0; 0; 0; 1; 0; 0; 0; 42; 0; 1; 2
1990;08; 1; 0; 0; 0; 0; 0; 0; 0; 0; 0; 0; 0; 0; 0; 0; 0; 65; 123; 1; 78; 257; 0; 0; 0; 65; 0; 0; 122; 35; 2; 33
1990;09; 52; 54; 1; 0; 1; 0; 0; 0; 1; 1; 0; 0; 36; 67; 1; 0; 1; 0; 0; 0; 0; 0; 8; 10; 0; 0; 0; 0; 0; 39; 9999
1990;10; 114; 8; 0; 0; 0; 0; 0; 0; 0; 0; 0; 0; 15; 0; 0; 300; 42; 436; 141; 0; 110; 0; 0; 1; 0; 0; 0; 1; 1; 0; 0
1990;11; 0; 0; 0; 45; 54; 33; 92; 136; 1; 0; 0; 0; 0; 0; 0; 0; 0; 171; 0; 0; 94; 0; 0; 160; 0; 0; 13; 305; 10; 0; 9999
1990;12; 0; 0; 0; 0; 0; 0; 0; 0; 0; 258; 294; 0; 0; 15; 54; 0; 13; 0; 0; 47; 0; 0; 0; 0; 34; 20; 0; 0; 0; 0; 0
1991;01; 0; 20; 0; 114; 130; 75; 0; 0; 145; 100; 328; 730; 94; 145; 83; 366; 175; 0; 1; 0; 0; 34; 0; 0; 0; 589; 627; 918; 28; 342; 9
1991;02; 151; 439; 300; 11; 4; 107; 119; 155; 24; 92; 355; 17; 8; 2; 536; 0; 4; 0; 50; 0; 0; 0; 0; 0; 0; 0; 0; 63; 9999; 9999; 9999
1991;03; 0; 52; 184; 828; 169; 235; 7; 0; 0; 142; 0; 0; 141; 0; 170; 0; 14; 0; 0; 0; 4; 415; 19; 14; 20; 122; 172; 15; 309; 240; 598
1991;04; 2; 1; 0; 0; 400; 0; 0; 351; 0; 0; 0; 0; 0; 0; 2; 104; 8; 1; 209; 2; 0; 0; 0; 1; 77; 725; 186; 2; 1; 0; 9999
1991;05; 0; 0; 0; 0; 0; 0; 0; 1; 0; 0; 0; 0; 0; 0; 16; 184; 1; 0; 0; 16; 120; 1; 0; 1; 0; 0; 0; 1; 1; 0; 0
1991;06; 0; 0; 0; 0; 0; 0; 0; 0; 0; 0; 0; 0; 0; 0; 0; 0; 0; 1; 0; 0; 0; 19; 0; 0; 0; 0; 0; 1; 0; 1; 9999
1991;07; 0; 0; 1; 0; 0; 0; 0; 0; 0; 0; 0; 0; 0; 35; 0; 0; 1; 0; 0; 0; 0; 0; 0; 2; 0; 0; 0; 0; 0; 0; 0
1991;08; 0; 0; 0; 0; 0; 0; 0; 0; 0; 0; 0; 0; 0; 0; 0; 0; 0; 0; 0; 0; 0; 0; 0; 0; 0; 0; 0; 0; 0; 0; 0
1991;09; 0; 0; 0; 0; 0; 0; 0; 0; 0; 0; 0; 0; 0; 0; 0; 0; 0; 0; 36; 30; 0; 0; 0; 0; 0; 58; 0; 0; 292; 32; 9999
1991;10; 47; 3; 175; 1; 0; 122; 198; 8; 0; 1; 1; 0; 0; 0; 0; 0; 27; 0; 4; 0; 0; 0; 0; 0; 0; 0; 0; 0; 0; 0; 0
1991;11; 37; 63; 28; 0; 0; 0; 0; 0; 90; 2; 0; 141; 0; 4; 65; 0; 0; 0; 7; 5; 0; 0; 0; 0; 0; 0; 0; 0; 282; 102; 9999
1991;12; 0; 0; 0; 0; 0; 0; 160; 42; 22; 190; 154; 8; 44; 0; 4; 0; 59; 0; 4; 26; 8; 0; 136; 60; 23; 2; 20; 215; 3; 89; 10
1992;01; 0; 15; 42; 0; 271; 1; 0; 0; 0; 31; 0; 7; 0; 11; 321; 0; 489; 19; 426; 60; 85; 118; 230; 25; 147; 0; 0; 0; 0; 51; 38
1992;02; 117; 256; 457; 54; 0; 176; 1; 0; 182; 4; 5; 1; 0; 0; 2; 0; 53; 0; 12; 0; 0; 0; 47; 0; 0; 32; 52; 25; 176; 9999; 9999
1992;03; 1058; 225; 3; 0; 0; 0; 0; 0; 0; 53; 185; 170; 21; 0; 0; 420; 128; 105; 1; 1; 8; 0; 1; 9; 81; 100; 0; 0; 13; 122; 47
1992;04; 42; 2; 5; 0; 0; 0; 80; 0; 0; 0; 0; 0; 447; 56; 0; 1; 309; 2; 0; 5; 140; 15; 1; 340; 10; 1; 0; 0; 0; 0; 9999
1992;05; 0; 0; 0; 152; 1; 59; 1; 0; 0; 1; 1; 0; 1; 0; 1; 0; 0; 0; 0; 10; 1; 1; 39; 59; 0; 1; 0; 0; 0; 0; 0
1992;06; 0; 0; 1; 1; 0; 0; 0; 0; 1; 0; 0; 5; 0; 0; 0; 0; 0; 0; 0; 0; 0; 0; 0; 0; 0; 0; 0; 0; 0; 0; 9999
1992;07; 0; 0; 0; 0; 0; 0; 0; 0; 4; 27; 0; 0; 0; 0; 0; 0; 0; 0; 0; 0; 0; 0; 0; 0; 0; 0; 0; 0; 0; 0; 0
1992;08; 0; 0; 0; 0; 0; 0; 0; 0; 0; 0; 0; 0; 0; 0; 0; 0; 26; 0; 5; 3; 0; 0; 7; 0; 0; 0; 0; 0; 0; 0; 0
1992;09; 3; 33; 4; 2; 10; 148; 4; 0; 0; 0; 0; 7; 0; 0; 290; 2; 0; 270; 315; 1; 0; 0; 183; 36; 8; 37; 4; 143; 1; 0; 9999
1992;10; 0; 446; 270; 0; 12; 1; 0; 147; 220; 52; 0; 54; 69; 17; 0; 6; 647; 6; 0; 1; 0; 16; 0; 0; 0; 0; 75; 6; 550; 55; 172
1992;11; 3; 7; 13; 4; 3; 0; 7; 7; 0; 0; 0; 0; 0; 34; 0; 0; 194; 11; 0; 1; 365; 0; 1; 0; 46; 426; 55; 0; 4; 0; 9999
1992;12; 56; 65; 1; 0; 68; 0; 60; 40; 0; 5; 193; 110; 6; 0; 0; 12; 0; 289; 0; 0; 106; 1; 0; 0; 0; 11; 25; 1; 0; 0; 0
1993;01; 0; 0; 0; 0; 258; 15; 0; 0; 120; 447; 46; 30; 69; 0; 0; 0; 0; 141; 28; 13; 0; 3; 395; 595; 6; 44; 5; 0; 24; 0; 0
1993;02; 337; 38; 1; 7; 37; 511; 69; 273; 96; 233; 0; 40; 488; 0; 529; 103; 202; 8; 184; 336; 19; 76; 227; 106; 2; 448; 0; 52; 9999; 9999; 9999
1993;03; 43; 1; 180; 0; 0; 0; 0; 0; 0; 0; 0; 0; 83; 1; 0; 0; 0; 0; 0; 342; 0; 35; 0; 17; 131; 156; 100; 69; 190; 36; 1
1993;04; 0; 57; 414; 1; 1; 113; 5; 0; 214; 1; 0; 5; 137; 10; 1; 0; 0; 0; 0; 0; 0; 0; 0; 19; 0; 1; 0; 1; 0; 0; 9999
1993;05; 0; 0; 0; 0; 196; 79; 1; 0; 0; 1; 0; 0; 0; 0; 40; 0; 0; 1; 0; 0; 0; 0; 0; 0; 0; 0; 1; 0; 0; 0; 36
1993;06; 354; 2; 0; 0; 43; 1; 0; 0; 26; 1; 0; 0; 0; 0; 0; 0; 0; 0; 70; 2; 1; 0; 0; 1; 0; 0; 0; 0; 0; 0; 9999
1993;07; 0; 0; 0; 0; 0; 0; 0; 0; 1; 0; 0; 0; 1; 2; 0; 1; 0; 0; 0; 1; 0; 0; 0; 0; 0; 0; 0; 0; 0; 0; 0
1993;08; 0; 0; 2; 0; 0; 0; 0; 0; 0; 0; 0; 0; 0; 0; 0; 137; 1; 0; 0; 16; 1; 0; 4; 100; 6; 1; 0; 0; 0; 0; 0
1993;09; 0; 0; 0; 0; 0; 0; 0; 109; 2; 0; 0; 45; 0; 0; 148; 19; 1; 0; 0; 0; 195; 11; 0; 240; 12; 0; 184; 6; 0; 1; 9999
1993;10; 0; 13; 0; 0; 95; 64; 0; 1; 0; 0; 0; 0; 0; 0; 0; 70; 604; 1; 0; 0; 8; 0; 0; 0; 627; 14; 0; 0; 0; 0; 0
1993;11; 0; 0; 0; 0; 0; 0; 255; 204; 92; 81; 6; 0; 0; 0; 0; 0; 63; 0; 0; 0; 0; 0; 25; 700; 309; 0; 38; 11; 1; 0; 9999
1993;12; 0; 0; 0; 528; 50; 2; 0; 0; 171; 0; 256; 126; 1; 7; 339; 27; 37; 104; 22; 128; 28; 0; 3; 705; 641; 335; 51; 7; 305; 11; 143
1994;01; 544; 86; 139; 592; 6; 53; 102; 247; 73; 110; 1; 19; 228; 1; 136; 23; 0; 1; 11; 120; 52; 37; 985; 29; 109; 102; 240; 183; 19; 422; 0
1994;02; 0; 0; 1; 0; 41; 7; 0; 8; 0; 49; 22; 0; 353; 0; 88; 25; 67; 1; 0; 64; 0; 33; 244; 24; 20; 115; 23; 26; 9999; 9999; 9999
1994;03; 0; 305; 223; 13; 0; 70; 32; 0; 1; 69; 0; 476; 92; 99; 21; 49; 99; 9999; 9999; 9999; 9999; 9999; 9999; 9999; 9999; 9999; 9999; 9999; 9999; 9999; 9999
1994;04; 9999; 9999; 9999; 9999; 9999; 9999; 9999; 9999; 9999; 9999; 9999; 9999; 9999; 9999; 9999; 9999; 9999; 9999; 9999; 9999; 9999; 9999; 9999; 9999; 9999; 9999; 0; 0; 0; 0; 9999
1994;05; 0; 0; 0; 0; 0; 0; 0; 0; 0; 0; 0; 0; 0; 34; 0; 0; 0; 0; 0; 0; 0; 4; 31; 0; 0; 0; 17; 0; 12; 4; 0
1994;06; 0; 0; 0; 0; 0; 0; 0; 0; 1; 0; 0; 1; 0; 0; 0; 0; 0; 0; 0; 0; 0; 0; 267; 1; 31; 4; 2; 1; 0; 0; 9999
1994;07; 0; 0; 0; 0; 0; 0; 0; 0; 2; 0; 0; 0; 0; 0; 0; 0; 0; 0; 0; 0; 0; 0; 100; 48; 3; 0; 0; 0; 0; 0; 0
1994;08; 0; 0; 0; 0; 0; 0; 0; 0; 0; 0; 0; 0; 0; 0; 0; 0; 0; 0; 0; 0; 0; 0; 0; 0; 0; 0; 0; 0; 0; 0; 0
1994;09; 9999; 9999; 9999; 9999; 9999; 9999; 9999; 9999; 9999; 9999; 9999; 9999; 9999; 9999; 9999; 9999; 9999; 9999; 9999; 9999; 9999; 9999; 9999; 9999; 9999; 9999; 9999; 9999; 9999; 9999; 9999
1994;10; 9999; 9999; 9999; 9999; 9999; 9999; 0; 0; 0; 0; 0; 0; 0; 0; 0; 0; 0; 8; 0; 113; 57; 0; 0; 144; 0; 425; 130; 140; 3; 0; 0
1994;11; 0; 0; 0; 0; 0; 0; 130; 0; 0; 0; 100; 0; 190; 0; 170; 0; 365; 320; 130; 0; 0; 0; 0; 0; 0; 0; 180; 23; 100; 0; 9999
1994;12; 0; 0; 0; 300; 8; 150; 0; 0; 0; 0; 0; 0; 0; 0; 0; 0; 195; 56; 145; 0; 163; 246; 554; 0; 0; 0; 455; 0; 200; 263; 213
1995;01; 16; 0; 123; 90; 0; 0; 0; 116; 0; 0; 0; 0; 0; 0; 0; 0; 0; 415; 0; 119; 162; 0; 0; 0; 55; 45; 60; 100; 0; 312; 0
1995;02; 254; 844; 133; 765; 360; 284; 362; 87; 105; 112; 90; 81; 247; 0; 223; 0; 163; 216; 358; 46; 0; 40; 0; 0; 0; 0; 105; 0; 9999; 9999; 9999
1995;03; 0; 67; 0; 0; 0; 0; 40; 0; 0; 0; 0; 0; 150; 0; 0; 0; 0; 0; 0; 0; 137; 0; 29; 60; 0; 0; 0; 30; 67; 0; 0
1995;04; 760; 0; 0; 0; 0; 0; 0; 115; 50; 0; 0; 0; 0; 0; 0; 0; 0; 0; 0; 0; 0; 0; 0; 0; 0; 147; 0; 0; 0; 0; 9999
1995;05; 0; 0; 0; 0; 0; 0; 0; 0; 0; 0; 105; 0; 0; 0; 0; 25; 0; 0; 20; 0; 0; 0; 0; 0; 0; 0; 0; 0; 0; 0; 0
1995;06; 0; 0; 0; 0; 0; 0; 0; 0; 0; 0; 0; 0; 0; 0; 0; 0; 0; 0; 0; 0; 0; 0; 0; 0; 0; 182; 0; 0; 0; 0; 9999
1995;07; 0; 0; 0; 0; 0; 0; 0; 0; 0; 32; 0; 0; 0; 0; 0; 0; 0; 0; 0; 0; 0; 0; 0; 0; 0; 0; 0; 0; 0; 0; 0
1995;08; 0; 0; 0; 0; 0; 0; 0; 0; 0; 0; 0; 0; 0; 0; 0; 0; 0; 0; 0; 0; 0; 0; 0; 0; 0; 0; 0; 0; 0; 0; 0
1995;09; 0; 0; 0; 0; 0; 0; 0; 0; 0; 0; 0; 0; 0; 0; 0; 0; 0; 0; 0; 0; 0; 0; 0; 0; 0; 93; 24; 0; 0; 0; 9999
1995;10; 106; 0; 0; 0; 0; 0; 0; 0; 0; 0; 0; 0; 590; 0; 70; 98; 0; 0; 0; 0; 0; 0; 0; 0; 0; 0; 0; 0; 50; 0; 0
1995;11; 38; 0; 22; 0; 0; 0; 0; 0; 0; 0; 0; 120; 730; 0; 0; 0; 0; 0; 0; 0; 0; 0; 140; 0; 0; 0; 486; 0; 0; 0; 9999
1995;12; 9999; 9999; 9999; 9999; 9999; 9999; 9999; 9999; 9999; 9999; 9999; 9999; 9999; 9999; 9999; 9999; 9999; 9999; 9999; 9999; 9999; 9999; 9999; 9999; 9999; 9999; 9999; 9999; 9999; 9999; 9999
1996;01; 0; 350; 180; 0; 150; 230; 0; 180; 780; 80; 130; 0; 0; 0; 0; 0; 0; 0; 0; 0; 50; 0; 0; 0; 0; 160; 0; 0; 0; 0; 0
1996;02; 0; 0; 0; 0; 80; 125; 0; 0; 0; 0; 55; 0; 0; 0; 0; 0; 0; 0; 0; 0; 30; 0; 0; 0; 0; 300; 360; 0; 90; 9999; 9999
1996;03; 0; 0; 0; 25; 0; 85; 260; 300; 70; 160; 40; 120; 200; 60; 30; 50; 200; 280; 50; 0; 110; 0; 0; 0; 0; 0; 0; 0; 0; 170; 90
1996;04; 115; 0; 0; 0; 0; 0; 0; 0; 0; 146; 370; 0; 0; 147; 0; 142; 445; 0; 0; 0; 0; 0; 0; 0; 0; 0; 0; 0; 0; 0; 9999
1996;05; 0; 0; 0; 0; 0; 0; 0; 210; 0; 0; 0; 0; 0; 0; 2; 3; 270; 10; 0; 30; 0; 20; 0; 0; 0; 0; 0; 0; 0; 0; 0
1996;06; 0; 0; 30; 0; 0; 0; 0; 0; 0; 0; 0; 0; 0; 0; 0; 0; 0; 0; 0; 0; 0; 0; 0; 0; 0; 0; 0; 0; 251; 0; 9999
1996;07; 0; 0; 0; 0; 0; 0; 0; 0; 0; 0; 0; 0; 0; 0; 0; 0; 0; 0; 0; 0; 0; 0; 0; 0; 0; 0; 0; 0; 0; 0; 0
1996;08; 0; 0; 0; 0; 0; 0; 0; 0; 0; 5; 0; 130; 0; 0; 0; 0; 0; 0; 0; 0; 0; 0; 0; 0; 0; 0; 0; 0; 0; 0; 0
1996;09; 6; 0; 0; 35; 3; 9; 0; 0; 3; 31; 0; 0; 0; 0; 0; 0; 2; 0; 0; 0; 0; 0; 0; 0; 0; 0; 0; 2; 0; 0; 9999
1996;10; 0; 0; 0; 0; 0; 11; 0; 0; 0; 5; 0; 0; 0; 1; 0; 0; 0; 0; 0; 0; 0; 0; 0; 0; 53; 0; 0; 0; 0; 0; 52
1996;11; 82; 17; 12; 0; 0; 0; 0; 0; 0; 0; 0; 0; 0; 0; 23; 22; 37; 6; 10; 45; 477; 0; 0; 0; 0; 0; 9; 0; 0; 0; 9999
1996;12; 0; 135; 105; 0; 0; 0; 0; 0; 43; 0; 18; 20; 108; 24; 15; 214; 120; 0; 8; 0; 17; 10; 23; 0; 0; 0; 0; 0; 30; 208; 17
1997;01; 25; 371; 49; 33; 0; 0; 282; 0; 21; 8; 0; 0; 0; 0; 1; 3; 0; 20; 8; 113; 9; 187; 11; 9; 20; 234; 320; 0; 145; 7; 5
1997;02; 5; 3; 7; 3; 0; 0; 0; 0; 0; 0; 0; 0; 0; 0; 0; 0; 35; 20; 18; 23; 0; 0; 0; 21; 0; 2; 0; 4; 9999; 9999; 9999
1997;03; 0; 0; 4; 2; 3; 2; 25; 0; 0; 0; 15; 0; 0; 8; 12; 22; 0; 0; 0; 0; 0; 0; 0; 0; 0; 0; 0; 0; 0; 12; 20
1997;04; 0; 0; 0; 0; 0; 0; 0; 0; 0; 0; 0; 0; 0; 0; 0; 0; 0; 8; 2; 23; 0; 0; 0; 0; 2; 0; 0; 0; 0; 0; 9999
1997;05; 0; 0; 0; 0; 0; 0; 0; 0; 0; 0; 0; 0; 0; 0; 0; 0; 14; 0; 0; 0; 0; 15; 0; 0; 350; 0; 0; 0; 0; 0; 0
1997;06; 0; 0; 15; 0; 52; 0; 0; 0; 0; 0; 181; 0; 0; 160; 201; 0; 0; 0; 0; 0; 0; 0; 0; 0; 0; 0; 0; 0; 0; 0; 9999
1997;07; 0; 0; 0; 0; 0; 0; 0; 0; 0; 0; 0; 0; 0; 0; 0; 0; 0; 0; 0; 0; 0; 0; 0; 0; 0; 0; 0; 0; 0; 0; 0
1997;08; 0; 0; 0; 0; 0; 0; 0; 0; 0; 0; 0; 0; 0; 0; 0; 0; 0; 0; 0; 0; 0; 0; 0; 0; 0; 0; 0; 0; 0; 0; 0
1997;09; 0; 0; 0; 0; 0; 0; 0; 0; 0; 0; 0; 0; 0; 0; 0; 0; 0; 0; 0; 502; 0; 0; 0; 180; 0; 0; 0; 0; 22; 0; 9999
1997;10; 0; 0; 0; 0; 0; 22; 0; 0; 0; 0; 0; 0; 0; 0; 0; 8; 0; 0; 0; 231; 32; 0; 0; 0; 0; 8; 0; 0; 0; 0; 0
1997;11; 0; 0; 133; 0; 0; 0; 0; 0; 0; 0; 0; 0; 0; 220; 281; 5; 8; 286; 0; 0; 480; 9; 0; 0; 15; 0; 0; 7; 17; 284; 9999
1997;12; 326; 0; 0; 7; 0; 0; 0; 0; 158; 17; 0; 25; 12; 156; 18; 22; 0; 0; 0; 7; 0; 0; 0; 0; 0; 0; 25; 30; 0; 0; 0
