33
Ano,Mes,1,2,3,4,5,6,7,8,9,10,11,12,13,14,15,16,17,18,19,20,21,22,23,24,25,26,27,28,29,30,31
1976;08; 0; 0; 0; 0; 0; 17; 0; 0; 0; 125; 2; 12; 110; 497; 0; 0; 0; 0; 4; 185; 0; 0; 0; 0; 0; 0; 0; 0; 0; 0; 0
1976;09; 0; 0; 0; 0; 2; 255; 25; 0; 0; 0; 0; 0; 1; 96; 13; 630; 1; 0; 0; 0; 0; 0; 0; 26; 0; 163; 177; 12; 0; 0; 9999
1976;10; 0; 0; 0; 0; 0; 170; 0; 0; 403; 177; 0; 0; 0; 0; 0; 0; 0; 113; 79; 14; 0; 0; 0; 0; 328; 62; 1; 0; 0; 0; 26
1976;11; 357; 168; 0; 163; 188; 78; 0; 0; 0; 0; 0; 0; 20; 0; 0; 247; 46; 0; 0; 0; 210; 85; 0; 0; 0; 10; 99; 0; 2; 0; 9999
1976;12; 69; 72; 0; 0; 0; 0; 5; 0; 0; 0; 75; 34; 0; 524; 143; 142; 163; 0; 0; 59; 112; 0; 10; 258; 46; 105; 280; 481; 0; 0; 0
1977;01; 385; 0; 81; 0; 198; 0; 195; 140; 0; 0; 0; 0; 0; 0; 6; 0; 11; 73; 94; 422; 0; 0; 22; 0; 14; 175; 23; 21; 0; 104; 33
1977;02; 317; 20; 0; 22; 41; 9; 0; 0; 0; 0; 24; 0; 0; 0; 0; 0; 0; 0; 0; 0; 0; 0; 55; 0; 62; 77; 10; 0; 9999; 9999; 9999
1977;03; 0; 0; 98; 0; 0; 0; 40; 0; 12; 0; 0; 0; 0; 243; 0; 0; 0; 0; 0; 0; 244; 31; 0; 0; 0; 0; 169; 0; 140; 0; 58
1977;04; 0; 0; 0; 371; 64; 0; 0; 0; 20; 262; 7; 0; 0; 0; 0; 0; 0; 0; 215; 476; 45; 186; 0; 0; 0; 0; 0; 0; 0; 0; 9999
1977;05; 0; 0; 25; 0; 0; 0; 0; 0; 0; 0; 0; 0; 0; 0; 0; 0; 30; 0; 0; 0; 0; 0; 0; 0; 0; 0; 0; 0; 0; 0; 0
1977;06; 0; 0; 0; 86; 47; 0; 0; 0; 0; 0; 0; 0; 0; 0; 0; 38; 0; 0; 0; 0; 0; 31; 0; 0; 0; 0; 0; 0; 0; 0; 9999
1977;07; 0; 0; 0; 0; 2; 0; 0; 0; 0; 0; 0; 0; 0; 0; 0; 0; 0; 0; 0; 0; 0; 0; 15; 0; 0; 0; 0; 0; 0; 0; 0
1977;08; 0; 0; 0; 0; 0; 0; 0; 0; 0; 0; 0; 0; 0; 0; 0; 0; 0; 0; 0; 0; 0; 0; 0; 0; 0; 0; 0; 0; 9; 225; 48
1977;09; 360; 189; 14; 0; 0; 0; 193; 61; 0; 0; 0; 0; 0; 0; 0; 0; 0; 17; 37; 0; 22; 97; 0; 50; 0; 0; 0; 0; 0; 5; 9999
1977;10; 16; 3; 0; 0; 0; 0; 0; 0; 0; 0; 0; 0; 0; 0; 0; 0; 249; 82; 0; 0; 0; 0; 0; 0; 0; 0; 815; 186; 0; 0; 0
1977;11; 0; 369; 0; 0; 0; 0; 0; 0; 0; 0; 0; 94; 281; 37; 24; 262; 71; 186; 607; 5; 62; 13; 76; 0; 24; 0; 100; 312; 80; 171; 9999
1977;12; 74; 670; 403; 155; 0; 43; 0; 168; 0; 131; 245; 0; 0; 0; 17; 0; 0; 0; 25; 158; 355; 20; 251; 158; 9; 0; 0; 0; 0; 0; 0
1978;01; 19; 202; 21; 100; 307; 136; 68; 273; 82; 293; 425; 26; 255; 96; 5; 103; 52; 0; 0; 0; 0; 17; 0; 0; 0; 0; 86; 73; 0; 0; 0
1978;02; 0; 0; 0; 0; 0; 0; 0; 55; 0; 0; 0; 0; 0; 0; 0; 412; 0; 340; 0; 0; 0; 0; 271; 0; 14; 0; 64; 0; 9999; 9999; 9999
1978;03; 0; 0; 20; 16; 0; 0; 0; 86; 873; 600; 141; 8; 0; 0; 0; 0; 0; 0; 0; 0; 0; 26; 0; 0; 0; 0; 0; 0; 19; 155; 0
1978;04; 0; 0; 0; 0; 0; 0; 0; 0; 0; 0; 0; 0; 0; 0; 0; 0; 0; 0; 0; 15; 0; 92; 0; 0; 0; 0; 0; 0; 0; 0; 9999
1978;05; 0; 0; 0; 0; 0; 0; 0; 0; 0; 0; 0; 0; 0; 0; 0; 0; 331; 427; 52; 0; 25; 48; 342; 0; 0; 22; 0; 15; 4; 456; 9
1978;06; 0; 0; 0; 21; 0; 0; 0; 0; 224; 0; 0; 0; 0; 0; 0; 0; 0; 0; 0; 0; 0; 0; 0; 0; 0; 0; 0; 0; 0; 0; 9999
1978;07; 0; 0; 0; 0; 0; 0; 0; 0; 0; 0; 0; 0; 0; 0; 0; 58; 5; 71; 1; 28; 288; 73; 0; 0; 0; 0; 0; 0; 0; 0; 0
1978;08; 0; 0; 0; 0; 0; 0; 0; 0; 0; 0; 0; 0; 0; 0; 0; 0; 0; 0; 0; 0; 0; 0; 0; 0; 0; 0; 0; 0; 0; 0; 0
1978;09; 5; 0; 0; 0; 0; 35; 0; 171; 0; 0; 0; 0; 0; 0; 182; 0; 6; 0; 0; 0; 0; 0; 0; 0; 0; 0; 0; 0; 0; 0; 9999
1978;10; 0; 0; 0; 0; 0; 0; 0; 0; 0; 0; 108; 0; 0; 9; 0; 0; 13; 0; 211; 0; 0; 0; 0; 0; 0; 0; 0; 26; 13; 278; 16
1978;11; 119; 0; 30; 27; 55; 52; 0; 0; 0; 0; 127; 196; 15; 0; 0; 0; 97; 53; 0; 0; 0; 71; 0; 382; 0; 0; 7; 308; 0; 0; 9999
1978;12; 0; 0; 98; 0; 0; 21; 245; 180; 1005; 56; 4; 0; 48; 11; 358; 148; 215; 33; 0; 0; 0; 0; 4; 53; 0; 412; 800; 847; 795; 0; 0
1979;01; 0; 94; 143; 220; 35; 0; 0; 0; 0; 0; 104; 26; 565; 0; 0; 0; 0; 0; 0; 0; 230; 15; 0; 0; 0; 24; 0; 305; 108; 422; 0
1979;02; 19; 0; 0; 0; 0; 22; 53; 0; 0; 138; 4; 39; 137; 204; 17; 0; 0; 58; 0; 0; 0; 205; 626; 363; 0; 0; 32; 0; 9999; 9999; 9999
1979;03; 0; 0; 95; 0; 0; 0; 0; 8; 0; 0; 20; 673; 246; 405; 156; 0; 0; 0; 0; 43; 0; 0; 4; 120; 0; 0; 0; 0; 0; 0; 0
1979;04; 0; 0; 0; 172; 319; 56; 0; 0; 0; 0; 0; 0; 0; 0; 0; 0; 0; 0; 0; 0; 0; 0; 0; 0; 0; 0; 0; 0; 13; 352; 9999
1979;05; 0; 0; 0; 4; 281; 0; 8; 0; 0; 3; 0; 0; 0; 0; 0; 0; 0; 0; 0; 0; 0; 0; 0; 45; 0; 0; 0; 0; 182; 21; 0
1979;06; 0; 0; 0; 0; 0; 0; 0; 0; 0; 0; 0; 0; 0; 0; 0; 0; 0; 0; 0; 0; 0; 0; 0; 0; 0; 0; 0; 0; 0; 0; 9999
1979;07; 0; 0; 0; 4; 0; 0; 0; 0; 0; 0; 0; 0; 0; 0; 0; 0; 0; 0; 0; 95; 0; 0; 5; 63; 74; 0; 25; 0; 0; 0; 0
1979;08; 0; 0; 0; 0; 0; 0; 0; 0; 0; 0; 0; 0; 0; 0; 0; 0; 0; 41; 122; 0; 0; 0; 0; 0; 0; 0; 73; 0; 9; 0; 0
1979;09; 0; 0; 56; 0; 0; 0; 0; 0; 5; 61; 198; 57; 0; 252; 357; 54; 0; 0; 0; 0; 0; 0; 105; 6; 0; 0; 0; 0; 0; 0; 9999
1979;10; 198; 0; 0; 0; 0; 0; 0; 60; 0; 0; 0; 0; 35; 48; 149; 0; 0; 0; 0; 0; 0; 0; 0; 0; 0; 0; 109; 0; 0; 0; 0
1979;11; 0; 583; 108; 34; 0; 0; 0; 425; 152; 238; 26; 0; 0; 0; 73; 0; 0; 0; 0; 0; 0; 0; 109; 332; 15; 234; 0; 0; 0; 0; 9999
1979;12; 0; 6; 91; 185; 36; 0; 0; 0; 0; 0; 0; 31; 413; 132; 51; 38; 31; 0; 0; 0; 0; 12; 107; 204; 587; 205; 276; 349; 28; 34; 233
1980;01; 78; 0; 0; 0; 0; 21; 32; 240; 417; 432; 423; 132; 266; 51; 0; 0; 5; 486; 117; 12; 187; 4; 642; 5; 523; 0; 92; 0; 0; 0; 103
1980;02; 4; 0; 0; 0; 0; 0; 0; 0; 0; 297; 20; 136; 43; 48; 0; 9; 9; 75; 0; 0; 0; 0; 442; 162; 8; 289; 73; 89; 262; 9999; 9999
1980;03; 44; 0; 0; 0; 0; 0; 0; 0; 0; 185; 0; 16; 59; 415; 216; 43; 84; 0; 0; 0; 0; 0; 0; 0; 0; 0; 0; 0; 0; 169; 22
1980;04; 0; 0; 275; 38; 118; 47; 0; 0; 13; 8; 7; 0; 0; 7; 173; 48; 0; 0; 0; 0; 0; 0; 0; 0; 0; 0; 0; 0; 0; 0; 9999
1980;05; 0; 63; 4; 0; 0; 0; 0; 0; 0; 0; 44; 0; 0; 0; 0; 0; 0; 0; 0; 0; 0; 12; 3; 0; 0; 0; 0; 0; 0; 0; 0
1980;06; 0; 0; 4; 0; 0; 0; 0; 0; 0; 0; 0; 0; 0; 47; 0; 0; 0; 0; 0; 0; 0; 0; 0; 0; 76; 78; 237; 0; 0; 1; 9999
1980;07; 0; 0; 0; 0; 0; 0; 0; 0; 0; 0; 0; 0; 0; 0; 0; 0; 0; 0; 0; 0; 0; 0; 0; 0; 0; 0; 0; 0; 0; 0; 1
1980;08; 0; 0; 0; 0; 0; 0; 29; 0; 0; 0; 0; 0; 33; 0; 0; 0; 0; 0; 0; 0; 0; 0; 0; 0; 0; 24; 5; 0; 0; 0; 0
1980;09; 0; 0; 0; 0; 0; 0; 0; 0; 0; 37; 0; 0; 82; 23; 0; 13; 0; 16; 85; 0; 132; 24; 0; 0; 0; 0; 0; 347; 0; 0; 9999
1980;10; 0; 0; 0; 0; 0; 0; 0; 53; 44; 0; 9999; 9999; 0; 0; 0; 0; 0; 0; 0; 0; 0; 0; 5; 43; 0; 0; 0; 0; 14; 163; 124
1980;11; 0; 0; 0; 0; 68; 0; 289; 497; 108; 10; 0; 0; 0; 0; 0; 0; 0; 0; 0; 41; 0; 0; 243; 48; 0; 0; 0; 0; 0; 119; 9999
1980;12; 228; 155; 6; 0; 0; 346; 19; 0; 0; 145; 8; 74; 19; 0; 35; 0; 0; 0; 36; 0; 47; 26; 304; 0; 318; 0; 105; 126; 25; 37; 212
1981;01; 0; 0; 0; 9; 20; 0; 0; 28; 0; 19; 84; 51; 254; 625; 108; 57; 22; 0; 0; 0; 508; 19; 48; 44; 823; 16; 5; 0; 0; 0; 0
1981;02; 0; 0; 0; 0; 0; 27; 74; 0; 0; 86; 393; 496; 22; 0; 0; 0; 0; 0; 0; 0; 75; 28; 0; 0; 0; 0; 0; 0; 9999; 9999; 9999
1981;03; 0; 0; 0; 0; 0; 0; 0; 17; 0; 55; 0; 0; 0; 0; 0; 0; 166; 143; 134; 0; 0; 0; 0; 0; 0; 0; 42; 143; 164; 12; 0
1981;04; 0; 0; 0; 5; 7; 0; 0; 0; 0; 0; 0; 0; 0; 0; 0; 22; 0; 0; 0; 0; 0; 0; 0; 87; 0; 0; 26; 134; 6; 0; 9999
1981;05; 0; 0; 0; 0; 0; 0; 0; 0; 0; 0; 0; 0; 0; 0; 0; 0; 0; 0; 0; 0; 0; 0; 0; 0; 0; 0; 0; 54; 9; 0; 0
1981;06; 0; 0; 0; 6; 0; 7; 546; 0; 1; 0; 0; 0; 0; 0; 0; 26; 285; 8; 0; 0; 0; 0; 0; 0; 0; 0; 0; 0; 0; 0; 9999
1981;07; 0; 0; 0; 0; 0; 0; 0; 0; 0; 0; 0; 0; 0; 0; 0; 0; 0; 0; 0; 0; 0; 0; 0; 0; 0; 0; 0; 0; 0; 0; 0
1981;08; 0; 0; 0; 0; 0; 0; 0; 0; 0; 0; 0; 0; 0; 0; 0; 0; 0; 6; 0; 0; 0; 0; 0; 0; 0; 0; 0; 0; 0; 0; 0
1981;09; 0; 0; 0; 0; 0; 0; 0; 0; 0; 0; 0; 0; 0; 0; 0; 0; 0; 0; 0; 0; 0; 0; 0; 0; 0; 28; 0; 0; 0; 0; 9999
1981;10; 0; 0; 0; 1; 0; 6; 187; 0; 0; 0; 0; 23; 508; 0; 0; 344; 0; 0; 0; 325; 0; 0; 0; 0; 0; 0; 167; 48; 16; 183; 0
1981;11; 15; 0; 12; 395; 0; 0; 0; 0; 0; 128; 0; 0; 33; 278; 23; 0; 0; 105; 126; 41; 34; 0; 0; 0; 0; 6; 0; 0; 0; 0; 9999
1981;12; 445; 394; 13; 0; 112; 7; 388; 39; 422; 47; 0; 37; 21; 4; 0; 0; 206; 147; 0; 92; 0; 0; 0; 9; 0; 0; 0; 162; 0; 0; 0
1982;01; 0; 266; 157; 0; 0; 0; 0; 83; 56; 540; 288; 510; 11; 0; 0; 0; 0; 0; 0; 2; 263; 247; 188; 191; 0; 17; 6; 104; 180; 23; 4
1982;02; 129; 360; 9; 39; 351; 243; 373; 0; 47; 0; 0; 0; 0; 0; 0; 0; 14; 0; 15; 0; 0; 0; 157; 0; 232; 189; 137; 27; 9999; 9999; 9999
1982;03; 0; 407; 421; 0; 0; 0; 0; 19; 420; 196; 58; 413; 94; 281; 216; 135; 69; 29; 0; 262; 26; 274; 129; 0; 5; 0; 0; 0; 230; 0; 0
1982;04; 4; 0; 0; 0; 0; 0; 0; 0; 0; 0; 0; 0; 152; 121; 70; 0; 0; 0; 0; 0; 0; 0; 0; 0; 0; 0; 0; 0; 0; 0; 9999
1982;05; 7; 0; 0; 0; 0; 0; 0; 0; 0; 0; 0; 0; 0; 0; 0; 0; 0; 0; 207; 18; 0; 0; 0; 0; 478; 9; 0; 0; 0; 0; 156
1982;06; 0; 0; 0; 0; 70; 11; 0; 0; 0; 0; 0; 0; 31; 0; 0; 0; 0; 0; 0; 0; 0; 0; 0; 0; 0; 0; 0; 0; 20; 0; 9999
1982;07; 0; 0; 0; 0; 0; 0; 0; 0; 0; 0; 0; 0; 0; 63; 0; 0; 10; 0; 0; 0; 0; 0; 0; 0; 0; 0; 0; 0; 0; 21; 0
1982;08; 0; 0; 0; 0; 71; 0; 0; 0; 0; 2; 29; 0; 0; 0; 0; 0; 0; 0; 7; 0; 0; 0; 0; 0; 0; 0; 0; 156; 0; 0; 0
1982;09; 0; 0; 0; 0; 0; 0; 0; 0; 0; 0; 0; 0; 0; 0; 0; 0; 0; 0; 4; 0; 0; 3; 12; 0; 0; 0; 0; 200; 0; 0; 9999
1982;10; 0; 0; 436; 0; 0; 44; 47; 55; 134; 5; 777; 0; 7; 96; 0; 0; 0; 77; 236; 0; 27; 73; 0; 0; 0; 0; 113; 0; 65; 13; 0
1982;11; 0; 0; 0; 0; 68; 69; 0; 225; 0; 0; 0; 128; 39; 119; 33; 345; 319; 0; 0; 306; 4; 255; 0; 6; 0; 0; 9; 3; 0; 0; 9999
1982;12; 437; 0; 532; 0; 0; 0; 40; 3; 0; 0; 98; 4; 38; 0; 0; 36; 474; 106; 12; 0; 0; 100; 53; 38; 0; 0; 123; 0; 298; 121; 37
1983;01; 108; 105; 0; 0; 470; 133; 158; 44; 38; 46; 100; 170; 374; 153; 598; 281; 155; 963; 172; 143; 10; 0; 0; 0; 0; 94; 53; 0; 0; 5; 142
1983;02; 130; 377; 230; 16; 0; 0; 4; 327; 18; 4; 10; 9; 110; 5; 52; 0; 0; 0; 324; 49; 0; 0; 49; 35; 0; 0; 0; 196; 9999; 9999; 9999
1983;03; 14; 48; 0; 0; 78; 100; 189; 887; 0; 0; 0; 0; 857; 141; 12; 0; 0; 0; 123; 417; 0; 0; 0; 0; 0; 0; 0; 226; 0; 0; 0
1983;04; 0; 0; 18; 0; 0; 41; 30; 0; 0; 0; 3; 57; 0; 0; 0; 0; 0; 0; 0; 0; 312; 56; 0; 0; 815; 255; 19; 0; 0; 0; 9999
1983;05; 0; 0; 0; 0; 0; 0; 0; 0; 0; 0; 0; 0; 228; 0; 0; 0; 0; 0; 0; 0; 216; 0; 109; 117; 0; 0; 0; 0; 222; 188; 358
1983;06; 18; 104; 18; 0; 0; 0; 55; 0; 0; 27; 0; 0; 0; 0; 0; 0; 0; 0; 0; 0; 0; 0; 0; 0; 0; 0; 0; 0; 0; 0; 9999
1983;07; 0; 0; 0; 0; 0; 0; 0; 0; 0; 0; 0; 0; 0; 0; 0; 0; 0; 108; 195; 183; 17; 0; 0; 0; 0; 0; 0; 0; 0; 0; 0
1983;08; 0; 0; 0; 0; 0; 0; 0; 0; 0; 0; 0; 0; 0; 0; 0; 0; 0; 0; 0; 0; 0; 0; 0; 0; 0; 0; 0; 0; 0; 0; 0
1983;09; 9999; 9999; 9999; 9999; 9999; 9999; 9999; 9999; 9999; 9999; 9999; 9999; 9999; 9999; 9999; 9999; 9999; 9999; 9999; 9999; 9999; 9999; 9999; 9999; 9999; 9999; 9999; 9999; 9999; 9999; 9999
1983;10; 9999; 9999; 9999; 9999; 9999; 9999; 9999; 9999; 9999; 9999; 9999; 9999; 9999; 9999; 9999; 9999; 9999; 9999; 9999; 9999; 9999; 9999; 9999; 9999; 9999; 9999; 9999; 9999; 9999; 9999; 9999
1983;11; 9999; 9999; 9999; 9999; 9999; 9999; 3005; 0; 0; 0; 57; 28; 108; 6; 121; 43; 0; 0; 0; 202; 0; 0; 0; 0; 0; 0; 0; 0; 0; 0; 9999
1983;12; 0; 0; 208; 0; 0; 0; 30; 0; 70; 69; 0; 140; 245; 0; 22; 166; 0; 0; 165; 0; 420; 322; 47; 408; 272; 0; 95; 57; 244; 243; 0
1984;01; 0; 0; 0; 100; 0; 0; 0; 0; 0; 0; 0; 0; 0; 0; 0; 0; 0; 0; 0; 0; 113; 0; 239; 50; 1256; 0; 513; 154; 0; 0; 0
1984;02; 0; 136; 0; 0; 0; 0; 0; 166; 0; 0; 0; 284; 0; 0; 75; 0; 0; 0; 370; 205; 0; 0; 123; 0; 0; 280; 0; 0; 0; 9999; 9999
1984;03; 0; 0; 0; 0; 0; 0; 120; 78; 0; 0; 0; 0; 0; 0; 0; 0; 0; 0; 218; 0; 0; 0; 0; 0; 0; 0; 0; 0; 22; 109; 449
1984;04; 0; 0; 93; 0; 0; 0; 0; 412; 0; 0; 0; 0; 0; 0; 0; 0; 80; 0; 163; 0; 0; 0; 0; 0; 383; 0; 0; 0; 0; 106; 9999
1984;05; 0; 97; 0; 0; 0; 0; 0; 0; 0; 0; 0; 0; 0; 0; 100; 0; 0; 38; 0; 0; 0; 0; 0; 0; 0; 0; 0; 0; 0; 0; 0
1984;06; 0; 0; 0; 0; 0; 0; 0; 0; 0; 0; 0; 0; 0; 0; 0; 0; 0; 0; 0; 0; 0; 0; 0; 0; 0; 0; 0; 0; 0; 0; 9999
1984;07; 0; 0; 0; 0; 0; 0; 0; 0; 0; 0; 0; 0; 0; 0; 0; 0; 0; 0; 0; 0; 0; 0; 0; 0; 0; 0; 0; 0; 0; 0; 0
1984;08; 0; 0; 205; 0; 0; 0; 0; 0; 0; 0; 0; 0; 0; 0; 0; 0; 0; 0; 0; 0; 202; 0; 103; 0; 0; 0; 0; 0; 0; 0; 0
1984;09; 0; 0; 0; 0; 0; 0; 0; 0; 0; 0; 0; 0; 0; 0; 0; 0; 100; 0; 0; 0; 33; 0; 0; 0; 0; 0; 745; 0; 0; 0; 9999
1984;10; 0; 0; 0; 0; 0; 0; 0; 0; 0; 153; 0; 0; 0; 0; 0; 0; 0; 203; 100; 0; 0; 0; 0; 0; 25; 0; 0; 0; 0; 0; 0
1984;11; 0; 0; 0; 0; 0; 0; 0; 0; 0; 0; 302; 0; 113; 0; 0; 0; 109; 253; 0; 0; 70; 0; 0; 161; 0; 0; 0; 0; 0; 0; 9999
1984;12; 0; 443; 0; 0; 0; 0; 0; 145; 58; 0; 0; 0; 59; 139; 130; 95; 0; 55; 0; 0; 0; 0; 0; 0; 0; 0; 0; 570; 75; 0; 0
1985;01; 90; 0; 0; 0; 0; 0; 0; 252; 95; 0; 0; 0; 275; 0; 100; 142; 0; 265; 0; 0; 258; 0; 0; 415; 592; 154; 0; 0; 0; 0; 0
1985;02; 0; 182; 0; 0; 0; 0; 0; 75; 439; 0; 0; 23; 0; 0; 70; 0; 0; 0; 0; 0; 0; 0; 215; 0; 0; 0; 57; 0; 9999; 9999; 9999
1985;03; 132; 0; 237; 0; 58; 35; 8; 235; 0; 100; 0; 0; 0; 0; 0; 445; 60; 0; 0; 0; 0; 0; 0; 0; 0; 0; 0; 0; 0; 0; 0
1985;04; 0; 85; 0; 239; 175; 0; 0; 0; 0; 215; 95; 0; 193; 0; 0; 0; 284; 211; 0; 0; 0; 0; 0; 0; 0; 0; 0; 0; 0; 0; 9999
1985;05; 0; 0; 0; 0; 0; 0; 0; 0; 0; 0; 0; 0; 0; 0; 0; 0; 0; 0; 0; 0; 0; 138; 0; 0; 0; 0; 0; 0; 0; 0; 0
1985;06; 0; 0; 0; 89; 0; 0; 0; 0; 0; 0; 0; 0; 0; 0; 0; 0; 0; 0; 0; 0; 0; 0; 0; 0; 0; 0; 0; 0; 0; 0; 9999
1985;07; 0; 0; 0; 0; 0; 85; 0; 0; 0; 0; 0; 0; 0; 0; 0; 0; 0; 0; 0; 0; 0; 0; 0; 0; 0; 0; 0; 0; 0; 0; 0
1985;08; 0; 0; 0; 0; 0; 0; 0; 0; 0; 0; 0; 0; 0; 0; 0; 0; 0; 0; 0; 0; 0; 0; 0; 0; 0; 0; 0; 0; 0; 0; 0
1985;09; 142; 0; 0; 0; 0; 0; 0; 0; 0; 0; 0; 0; 0; 0; 0; 0; 0; 0; 0; 0; 0; 0; 0; 0; 0; 0; 0; 0; 0; 62; 9999
1985;10; 0; 0; 0; 0; 0; 0; 0; 0; 0; 35; 0; 0; 0; 0; 0; 0; 0; 0; 0; 0; 0; 0; 0; 0; 21; 0; 0; 0; 81; 0; 186
1985;11; 0; 0; 755; 395; 322; 0; 0; 0; 0; 0; 0; 175; 0; 0; 0; 0; 0; 0; 33; 0; 0; 0; 50; 0; 161; 131; 265; 0; 0; 0; 9999
1985;12; 0; 0; 0; 510; 0; 0; 0; 0; 0; 0; 0; 0; 0; 0; 286; 0; 112; 0; 0; 0; 84; 0; 0; 0; 0; 0; 0; 0; 73; 0; 0
1986;01; 17; 0; 31; 0; 0; 195; 0; 461; 0; 113; 28; 589; 207; 0; 0; 0; 0; 31; 0; 0; 344; 190; 0; 0; 0; 0; 38; 0; 0; 0; 0
1986;02; 0; 0; 252; 42; 472; 0; 0; 84; 0; 82; 0; 253; 0; 20; 61; 60; 173; 0; 0; 339; 61; 120; 9; 0; 0; 0; 492; 0; 9999; 9999; 9999
1986;03; 140; 65; 0; 770; 229; 0; 289; 0; 0; 54; 0; 0; 0; 23; 0; 0; 57; 0; 1059; 0; 0; 130; 340; 0; 0; 0; 0; 0; 0; 0; 0
1986;04; 0; 0; 0; 0; 0; 0; 0; 0; 0; 0; 0; 0; 0; 0; 127; 0; 0; 0; 0; 0; 0; 295; 0; 0; 0; 0; 0; 0; 0; 0; 9999
1986;05; 0; 0; 0; 0; 0; 0; 0; 100; 70; 0; 172; 0; 175; 175; 0; 0; 0; 190; 0; 0; 0; 0; 0; 0; 0; 0; 0; 0; 0; 0; 13
1986;06; 0; 0; 0; 0; 0; 0; 0; 0; 0; 0; 0; 0; 0; 0; 0; 0; 0; 0; 0; 0; 0; 0; 0; 0; 0; 0; 0; 0; 0; 0; 9999
1986;07; 0; 0; 0; 20; 55; 0; 0; 0; 0; 0; 0; 0; 0; 0; 0; 0; 0; 0; 0; 0; 0; 0; 161; 155; 0; 0; 0; 0; 0; 0; 15
1986;08; 23; 0; 0; 0; 0; 0; 0; 0; 0; 0; 0; 0; 0; 10; 72; 129; 77; 0; 0; 0; 0; 18; 438; 63; 108; 0; 0; 0; 0; 0; 0
1986;09; 0; 0; 0; 0; 32; 0; 0; 0; 0; 0; 0; 0; 0; 0; 0; 0; 0; 0; 0; 0; 0; 0; 0; 0; 0; 79; 0; 139; 0; 0; 9999
1986;10; 0; 0; 0; 0; 0; 0; 0; 0; 0; 10; 0; 0; 0; 0; 0; 0; 0; 0; 233; 0; 70; 360; 5; 0; 0; 0; 0; 0; 0; 0; 0
1986;11; 0; 0; 0; 210; 0; 0; 0; 0; 0; 30; 303; 57; 0; 0; 0; 0; 0; 0; 0; 0; 0; 0; 0; 0; 0; 0; 95; 90; 0; 160; 9999
1986;12; 756; 223; 0; 106; 0; 0; 230; 145; 128; 62; 55; 63; 0; 0; 350; 0; 0; 0; 0; 0; 0; 164; 140; 260; 445; 0; 210; 8; 180; 0; 7
1987;01; 0; 0; 22; 179; 0; 0; 0; 134; 0; 0; 285; 0; 201; 0; 0; 205; 0; 0; 0; 184; 0; 55; 21; 48; 153; 140; 139; 18; 310; 37; 115
1987;02; 0; 0; 0; 340; 0; 425; 0; 0; 165; 15; 0; 0; 250; 585; 395; 0; 0; 105; 7; 170; 100; 0; 0; 0; 0; 18; 46; 0; 9999; 9999; 9999
1987;03; 0; 0; 0; 0; 0; 0; 85; 160; 140; 155; 0; 0; 0; 0; 0; 28; 0; 0; 18; 0; 0; 0; 0; 0; 0; 0; 0; 0; 0; 0; 0
1987;04; 0; 0; 58; 148; 0; 0; 0; 36; 0; 0; 0; 0; 0; 0; 0; 0; 0; 0; 0; 0; 97; 155; 0; 0; 0; 0; 0; 0; 0; 0; 9999
1987;05; 0; 0; 0; 0; 0; 181; 0; 0; 46; 0; 0; 30; 0; 0; 0; 188; 0; 0; 42; 55; 117; 0; 0; 130; 0; 0; 0; 0; 0; 0; 0
1987;06; 0; 0; 0; 0; 0; 0; 0; 0; 0; 0; 0; 0; 0; 0; 0; 0; 0; 0; 0; 0; 0; 0; 20; 0; 0; 0; 0; 0; 0; 0; 9999
1987;07; 0; 0; 0; 0; 0; 0; 0; 0; 125; 0; 0; 0; 0; 0; 0; 0; 0; 0; 0; 0; 0; 0; 0; 0; 0; 0; 0; 0; 0; 20; 0
1987;08; 0; 0; 0; 0; 0; 10; 50; 0; 0; 0; 0; 0; 0; 0; 0; 0; 0; 0; 0; 0; 0; 0; 0; 0; 0; 0; 0; 0; 0; 0; 0
1987;09; 0; 0; 0; 0; 0; 0; 0; 53; 0; 0; 15; 0; 0; 0; 0; 0; 0; 0; 85; 0; 0; 135; 241; 240; 0; 0; 0; 59; 0; 0; 9999
1987;10; 0; 362; 0; 0; 0; 170; 0; 0; 0; 0; 0; 0; 0; 0; 0; 0; 0; 0; 0; 0; 0; 0; 0; 78; 151; 0; 43; 0; 0; 0; 0
1987;11; 0; 0; 0; 0; 0; 167; 447; 0; 0; 0; 0; 0; 0; 412; 432; 250; 0; 0; 0; 0; 96; 35; 0; 0; 157; 55; 183; 0; 0; 0; 9999
1987;12; 0; 0; 95; 0; 165; 95; 131; 0; 2; 0; 343; 0; 135; 175; 0; 0; 123; 80; 0; 0; 0; 70; 0; 0; 0; 0; 0; 343; 15; 158; 0
1988;01; 293; 0; 0; 0; 0; 345; 120; 35; 245; 9999; 31; 0; 15; 0; 25; 0; 0; 0; 0; 50; 68; 0; 0; 10; 0; 0; 0; 0; 0; 565; 0
1988;02; 25; 26; 0; 0; 0; 575; 230; 145; 455; 90; 0; 60; 0; 30; 0; 0; 635; 0; 495; 50; 155; 0; 0; 345; 0; 110; 0; 0; 0; 9999; 9999
1988;03; 0; 60; 0; 75; 210; 0; 0; 254; 0; 0; 45; 0; 0; 0; 0; 0; 0; 355; 675; 0; 0; 0; 0; 0; 0; 0; 0; 0; 0; 0; 0
1988;04; 90; 0; 0; 0; 0; 0; 0; 140; 555; 0; 0; 0; 100; 0; 0; 170; 0; 0; 0; 30; 0; 0; 0; 0; 0; 0; 0; 0; 0; 0; 9999
1988;05; 0; 0; 0; 0; 0; 0; 0; 0; 0; 0; 0; 0; 0; 0; 0; 0; 30; 37; 0; 0; 0; 0; 0; 0; 45; 0; 0; 0; 0; 0; 0
1988;06; 0; 0; 0; 59; 0; 0; 0; 0; 0; 0; 0; 0; 0; 0; 0; 0; 0; 0; 0; 0; 0; 0; 0; 0; 0; 0; 0; 0; 0; 0; 9999
1988;07; 0; 0; 0; 0; 0; 0; 0; 0; 0; 0; 0; 0; 0; 0; 0; 0; 0; 0; 0; 0; 0; 0; 0; 0; 0; 0; 0; 0; 0; 0; 0
1988;08; 0; 0; 0; 0; 0; 0; 0; 0; 0; 0; 0; 0; 0; 0; 0; 0; 0; 0; 0; 0; 0; 0; 0; 0; 0; 0; 0; 0; 0; 0; 0
1988;09; 0; 0; 0; 0; 0; 0; 0; 0; 0; 0; 0; 0; 0; 0; 0; 0; 0; 0; 0; 0; 0; 0; 0; 0; 0; 0; 0; 0; 0; 0; 9999
1988;10; 0; 0; 0; 0; 22; 125; 0; 0; 0; 0; 0; 22; 0; 0; 0; 0; 0; 0; 0; 100; 367; 195; 533; 0; 0; 233; 95; 0; 0; 60; 0
1988;11; 0; 0; 0; 0; 0; 0; 0; 282; 0; 0; 0; 0; 0; 0; 0; 0; 0; 0; 0; 230; 270; 64; 0; 0; 0; 0; 0; 0; 0; 0; 9999
1988;12; 11; 10; 191; 0; 0; 0; 0; 0; 0; 0; 0; 213; 0; 77; 232; 0; 0; 0; 26; 0; 24; 655; 175; 666; 10; 596; 53; 0; 38; 0; 0
1989;01; 0; 280; 0; 320; 790; 141; 89; 0; 0; 88; 0; 0; 116; 152; 190; 0; 12; 100; 0; 170; 237; 479; 0; 0; 0; 0; 0; 35; 0; 100; 0
1989;02; 0; 269; 209; 70; 155; 0; 0; 130; 265; 225; 293; 267; 455; 0; 550; 20; 0; 45; 0; 0; 0; 0; 60; 0; 150; 0; 95; 0; 9999; 9999; 9999
1989;03; 15; 0; 0; 0; 0; 0; 0; 0; 0; 0; 0; 0; 0; 83; 0; 110; 0; 0; 0; 25; 370; 0; 0; 0; 0; 210; 239; 36; 0; 0; 0
1989;04; 0; 0; 0; 0; 0; 0; 0; 0; 0; 0; 0; 0; 0; 0; 0; 0; 0; 0; 207; 0; 0; 0; 0; 0; 0; 0; 0; 0; 0; 0; 9999
1989;05; 0; 320; 0; 70; 0; 0; 0; 0; 0; 0; 0; 0; 0; 0; 0; 0; 0; 0; 0; 0; 0; 0; 0; 0; 0; 0; 0; 0; 0; 0; 0
1989;06; 0; 0; 0; 0; 0; 0; 0; 380; 0; 0; 0; 0; 0; 0; 0; 0; 0; 0; 0; 0; 0; 0; 0; 0; 70; 0; 0; 0; 125; 0; 9999
1989;07; 0; 0; 0; 0; 0; 0; 0; 0; 0; 0; 0; 0; 0; 0; 0; 0; 0; 0; 0; 0; 0; 0; 0; 0; 0; 0; 0; 0; 0; 145; 266
1989;08; 0; 0; 0; 0; 0; 0; 0; 0; 0; 0; 0; 0; 0; 0; 0; 0; 0; 0; 0; 0; 0; 0; 30; 0; 0; 0; 0; 140; 0; 0; 0
1989;09; 0; 30; 0; 0; 0; 80; 0; 0; 0; 355; 0; 75; 30; 90; 0; 0; 0; 0; 0; 0; 0; 0; 215; 0; 0; 0; 0; 0; 0; 0; 9999
1989;10; 0; 0; 0; 78; 0; 0; 0; 0; 0; 0; 0; 100; 0; 0; 0; 0; 0; 0; 0; 0; 0; 0; 0; 0; 0; 10; 470; 0; 0; 0; 0
1989;11; 0; 0; 0; 130; 0; 0; 0; 0; 0; 0; 170; 255; 350; 0; 0; 0; 0; 0; 100; 135; 0; 531; 0; 0; 0; 0; 0; 0; 295; 52; 9999
1989;12; 20; 0; 0; 0; 0; 35; 0; 0; 190; 480; 0; 710; 345; 90; 75; 0; 0; 440; 180; 40; 0; 0; 0; 0; 0; 270; 145; 30; 325; 130; 155
1990;01; 65; 255; 315; 65; 35; 155; 0; 235; 0; 95; 212; 0; 210; 0; 0; 195; 0; 0; 0; 0; 245; 0; 0; 0; 0; 0; 0; 175; 0; 0; 0
1990;02; 0; 0; 0; 0; 0; 0; 0; 0; 0; 0; 90; 0; 0; 55; 110; 0; 0; 0; 0; 0; 0; 0; 173; 0; 0; 0; 0; 0; 9999; 9999; 9999
1990;03; 255; 0; 0; 0; 0; 0; 495; 0; 0; 0; 0; 0; 0; 0; 535; 0; 175; 135; 182; 160; 275; 45; 545; 147; 190; 0; 28; 120; 0; 0; 0
1990;04; 0; 0; 0; 0; 0; 0; 0; 0; 255; 0; 0; 0; 0; 0; 0; 57; 255; 350; 0; 0; 0; 0; 0; 0; 0; 0; 0; 0; 0; 0; 9999
1990;05; 0; 30; 310; 0; 0; 0; 0; 0; 0; 0; 0; 0; 0; 0; 0; 0; 0; 140; 0; 0; 0; 0; 0; 0; 0; 0; 0; 0; 0; 0; 0
1990;06; 0; 0; 0; 0; 0; 0; 0; 0; 0; 0; 0; 0; 0; 25; 0; 0; 0; 0; 0; 0; 100; 0; 0; 0; 0; 0; 0; 0; 0; 0; 9999
1990;07; 0; 0; 0; 0; 35; 0; 113; 0; 0; 39; 29; 0; 0; 40; 0; 0; 0; 208; 0; 0; 0; 0; 0; 15; 0; 0; 0; 15; 0; 0; 0
1990;08; 0; 0; 0; 0; 0; 0; 0; 0; 0; 0; 0; 0; 0; 0; 0; 0; 123; 122; 0; 321; 381; 0; 0; 0; 68; 0; 0; 168; 3; 0; 37
1990;09; 0; 107; 0; 0; 0; 0; 0; 0; 0; 0; 0; 0; 127; 50; 0; 0; 0; 0; 0; 0; 0; 0; 40; 0; 0; 0; 0; 0; 0; 85; 9999
1990;10; 44; 0; 0; 0; 0; 0; 0; 0; 0; 0; 0; 0; 450; 0; 0; 0; 0; 75; 95; 435; 0; 0; 0; 0; 0; 0; 0; 0; 0; 0; 0
1990;11; 0; 0; 0; 0; 218; 153; 80; 227; 0; 0; 0; 0; 0; 0; 0; 0; 0; 0; 0; 0; 76; 0; 0; 0; 0; 0; 48; 29; 0; 0; 9999
1990;12; 0; 0; 0; 0; 0; 0; 0; 110; 0; 250; 589; 72; 0; 58; 0; 0; 62; 0; 76; 288; 0; 0; 0; 0; 0; 787; 0; 0; 0; 0; 0
1991;01; 0; 0; 0; 475; 903; 0; 0; 0; 0; 0; 422; 456; 370; 79; 389; 33; 0; 0; 0; 0; 415; 0; 0; 0; 0; 157; 755; 394; 292; 312; 0
1991;02; 357; 653; 220; 0; 35; 0; 122; 0; 0; 280; 395; 0; 216; 0; 122; 0; 110; 0; 0; 0; 0; 0; 0; 0; 0; 0; 0; 0; 9999; 9999; 9999
1991;03; 0; 210; 70; 620; 127; 107; 124; 0; 0; 0; 39; 0; 49; 0; 83; 0; 0; 0; 0; 0; 0; 0; 0; 0; 0; 189; 325; 150; 265; 130; 125
1991;04; 0; 0; 0; 0; 0; 0; 0; 88; 0; 0; 0; 0; 0; 45; 0; 81; 0; 0; 18; 155; 0; 0; 0; 0; 900; 13; 0; 0; 0; 0; 9999
1991;05; 0; 0; 0; 0; 0; 0; 0; 0; 0; 0; 0; 0; 0; 0; 74; 111; 0; 0; 0; 0; 0; 0; 0; 0; 0; 0; 0; 0; 0; 0; 0
1991;06; 0; 0; 0; 0; 0; 0; 0; 0; 0; 0; 0; 0; 0; 0; 0; 0; 0; 0; 0; 0; 0; 11; 0; 0; 0; 0; 0; 0; 0; 0; 9999
1991;07; 0; 0; 0; 0; 0; 0; 0; 0; 0; 0; 0; 0; 0; 45; 0; 0; 0; 0; 0; 0; 0; 0; 0; 0; 0; 0; 0; 0; 0; 0; 0
1991;08; 0; 0; 0; 0; 0; 0; 0; 0; 0; 0; 0; 0; 0; 0; 0; 0; 0; 0; 0; 0; 0; 0; 0; 0; 0; 0; 0; 0; 0; 0; 0
1991;09; 0; 0; 0; 0; 0; 0; 0; 0; 0; 0; 0; 0; 0; 0; 0; 0; 0; 0; 36; 17; 0; 0; 0; 0; 0; 0; 0; 0; 480; 29; 9999
1991;10; 69; 0; 240; 0; 0; 0; 142; 0; 0; 0; 0; 0; 0; 0; 0; 0; 0; 0; 0; 0; 0; 0; 0; 0; 0; 0; 0; 0; 0; 0; 0
1991;11; 0; 69; 0; 0; 0; 0; 16; 0; 189; 0; 0; 315; 0; 0; 310; 0; 0; 0; 37; 0; 0; 0; 0; 0; 0; 0; 0; 0; 128; 125; 9999
1991;12; 98; 40; 0; 0; 0; 0; 450; 25; 54; 19; 58; 122; 0; 240; 44; 82; 79; 0; 188; 106; 0; 0; 166; 62; 10; 0; 58; 795; 0; 0; 0
1992;01; 0; 96; 63; 0; 375; 0; 0; 0; 0; 55; 0; 95; 123; 62; 0; 0; 145; 0; 0; 0; 67; 240; 95; 0; 0; 0; 0; 0; 0; 63; 195
1992;02; 340; 234; 634; 242; 197; 80; 0; 0; 0; 0; 0; 0; 0; 0; 0; 0; 0; 0; 0; 0; 0; 0; 82; 142; 0; 64; 21; 19; 175; 9999; 9999
1992;03; 60; 197; 28; 0; 0; 0; 0; 0; 0; 0; 151; 0; 99; 420; 0; 0; 153; 297; 0; 0; 0; 0; 0; 0; 65; 34; 0; 0; 0; 0; 251
1992;04; 114; 0; 0; 0; 0; 0; 71; 0; 0; 0; 0; 0; 77; 128; 0; 0; 0; 0; 0; 324; 305; 0; 0; 0; 0; 0; 0; 0; 0; 6; 9999
1992;05; 0; 92; 16; 213; 29; 139; 0; 0; 0; 0; 0; 0; 0; 18; 0; 0; 0; 0; 0; 33; 0; 0; 238; 0; 0; 0; 0; 0; 0; 0; 0
1992;06; 0; 0; 0; 0; 0; 0; 0; 0; 0; 0; 0; 0; 0; 0; 0; 0; 0; 0; 0; 0; 0; 0; 0; 0; 0; 0; 0; 0; 0; 0; 9999
1992;07; 0; 0; 0; 0; 0; 0; 0; 120; 16; 0; 0; 0; 32; 0; 0; 0; 0; 0; 0; 0; 0; 0; 0; 0; 0; 0; 0; 0; 11; 0; 0
1992;08; 0; 0; 0; 0; 0; 0; 0; 0; 0; 0; 0; 0; 0; 0; 0; 0; 0; 0; 0; 0; 135; 47; 38; 25; 0; 0; 0; 0; 0; 0; 0
1992;09; 29; 23; 0; 0; 42; 151; 73; 0; 0; 0; 24; 0; 80; 0; 48; 0; 0; 75; 220; 0; 0; 0; 0; 0; 0; 76; 23; 0; 0; 0; 9999
1992;10; 0; 0; 225; 0; 0; 0; 48; 553; 149; 0; 0; 213; 65; 0; 0; 0; 210; 0; 0; 0; 0; 287; 0; 0; 0; 0; 29; 0; 430; 0; 90
1992;11; 123; 0; 0; 40; 0; 165; 80; 0; 0; 0; 0; 0; 0; 0; 0; 0; 0; 0; 0; 0; 0; 0; 0; 0; 175; 50; 0; 0; 95; 0; 9999
1992;12; 210; 169; 0; 0; 0; 0; 0; 270; 0; 0; 114; 115; 0; 0; 0; 0; 0; 32; 0; 0; 235; 0; 0; 0; 0; 175; 0; 0; 0; 0; 0
1993;01; 0; 0; 0; 0; 0; 857; 40; 140; 0; 410; 155; 0; 90; 30; 0; 0; 0; 0; 210; 0; 0; 0; 48; 135; 0; 0; 17; 0; 0; 0; 0
1993;02; 0; 171; 18; 105; 0; 165; 54; 136; 340; 28; 40; 312; 465; 0; 173; 0; 364; 31; 56; 312; 0; 65; 30; 0; 35; 11; 0; 85; 9999; 9999; 9999
1993;03; 50; 0; 249; 0; 0; 0; 0; 0; 0; 0; 0; 0; 0; 0; 0; 0; 0; 108; 35; 546; 0; 27; 200; 15; 38; 0; 0; 0; 202; 0; 167
1993;04; 129; 360; 89; 45; 0; 0; 0; 0; 620; 0; 0; 0; 0; 0; 0; 0; 0; 0; 0; 0; 0; 0; 0; 127; 0; 0; 0; 0; 0; 0; 9999
1993;05; 0; 0; 0; 0; 0; 151; 0; 0; 0; 0; 0; 0; 0; 0; 85; 0; 0; 5; 0; 0; 0; 0; 0; 0; 0; 0; 0; 0; 0; 0; 215
1993;06; 77; 0; 0; 0; 287; 21; 0; 0; 0; 0; 0; 0; 0; 0; 0; 0; 0; 0; 63; 0; 0; 0; 0; 0; 0; 0; 0; 0; 0; 0; 9999
1993;07; 0; 0; 0; 0; 0; 0; 0; 0; 0; 0; 0; 0; 0; 0; 3; 0; 0; 0; 0; 0; 0; 0; 0; 0; 0; 0; 0; 0; 0; 0; 0
1993;08; 0; 20; 0; 0; 0; 0; 0; 0; 0; 0; 0; 0; 0; 0; 0; 21; 0; 0; 0; 179; 0; 0; 57; 55; 0; 0; 0; 0; 0; 0; 0
1993;09; 90; 0; 0; 0; 0; 0; 0; 75; 0; 0; 11; 0; 0; 0; 81; 163; 0; 0; 0; 0; 0; 105; 0; 95; 17; 0; 177; 0; 0; 0; 9999
1993;10; 0; 0; 0; 0; 0; 0; 0; 0; 0; 0; 0; 0; 0; 0; 0; 0; 0; 2; 0; 177; 305; 0; 0; 0; 0; 71; 0; 0; 0; 0; 0
1993;11; 0; 0; 0; 0; 0; 0; 1097; 683; 0; 0; 357; 0; 0; 0; 0; 0; 0; 0; 0; 0; 0; 0; 0; 0; 87; 0; 6; 0; 0; 122; 9999
1993;12; 122; 0; 0; 132; 23; 0; 0; 0; 0; 0; 119; 4; 0; 0; 0; 14; 168; 16; 2; 121; 86; 0; 0; 195; 287; 383; 9; 13; 274; 2; 0
1994;01; 56; 47; 304; 31; 0; 0; 259; 31; 344; 142; 0; 0; 95; 18; 119; 170; 75; 0; 56; 0; 413; 326; 14; 149; 55; 233; 241; 0; 0; 0; 323
1994;02; 14; 0; 0; 0; 3; 282; 32; 49; 0; 21; 94; 18; 871; 0; 109; 0; 0; 38; 0; 517; 0; 174; 87; 0; 166; 34; 0; 0; 9999; 9999; 9999
1994;03; 0; 187; 105; 33; 39; 0; 0; 0; 0; 285; 0; 0; 0; 0; 0; 0; 0; 0; 0; 104; 175; 0; 0; 0; 177; 124; 0; 0; 0; 0; 133
1994;04; 333; 212; 0; 0; 0; 0; 51; 0; 0; 0; 0; 0; 0; 0; 59; 0; 0; 0; 182; 0; 0; 41; 0; 0; 0; 0; 0; 0; 0; 0; 9999
1994;05; 0; 0; 0; 0; 0; 0; 0; 0; 0; 0; 0; 0; 0; 72; 0; 0; 0; 0; 0; 0; 0; 0; 0; 0; 0; 0; 0; 136; 0; 0; 0
1994;06; 0; 0; 0; 0; 0; 0; 0; 0; 0; 0; 0; 0; 0; 0; 0; 0; 0; 0; 0; 0; 0; 0; 64; 0; 97; 10; 0; 0; 0; 0; 9999
1994;07; 0; 0; 0; 0; 0; 0; 0; 0; 46; 0; 0; 0; 0; 0; 0; 0; 0; 0; 0; 0; 0; 0; 160; 0; 0; 0; 0; 0; 0; 0; 0
1994;08; 0; 0; 0; 0; 0; 0; 0; 0; 0; 0; 0; 0; 0; 0; 0; 0; 0; 0; 0; 0; 0; 0; 0; 0; 0; 0; 0; 0; 0; 0; 0
1994;09; 0; 0; 0; 0; 0; 0; 0; 0; 0; 0; 0; 0; 0; 0; 0; 0; 0; 0; 0; 0; 0; 0; 0; 0; 0; 0; 0; 0; 0; 0; 9999
1994;10; 0; 0; 0; 0; 0; 0; 0; 0; 0; 0; 0; 0; 0; 0; 0; 0; 0; 0; 0; 0; 51; 125; 193; 6; 58; 0; 53; 206; 137; 2; 0
1994;11; 0; 0; 0; 0; 92; 0; 0; 0; 0; 0; 0; 0; 0; 12; 32; 220; 0; 45; 165; 0; 0; 0; 0; 0; 0; 0; 0; 59; 59; 0; 9999
1994;12; 0; 8; 47; 0; 74; 2; 146; 129; 0; 0; 91; 277; 0; 6; 2; 70; 196; 716; 429; 105; 0; 196; 297; 11; 0; 0; 0; 582; 91; 3; 260
1995;01; 262; 200; 0; 186; 0; 0; 56; 0; 141; 0; 16; 89; 0; 0; 0; 0; 0; 0; 1; 0; 10; 158; 0; 0; 0; 0; 126; 97; 75; 60; 45
1995;02; 47; 729; 186; 468; 684; 124; 183; 631; 368; 0; 51; 109; 330; 12; 192; 156; 119; 68; 0; 846; 121; 0; 0; 0; 0; 0; 0; 325; 9999; 9999; 9999
1995;03; 41; 0; 0; 0; 13; 48; 0; 0; 0; 98; 93; 0; 251; 113; 0; 0; 0; 0; 0; 0; 0; 0; 0; 0; 389; 0; 0; 0; 49; 0; 0
1995;04; 400; 0; 0; 0; 0; 0; 179; 17; 87; 41; 0; 59; 0; 0; 0; 0; 0; 0; 0; 0; 0; 0; 0; 16; 0; 0; 39; 0; 0; 0; 9999
1995;05; 0; 0; 0; 0; 0; 20; 90; 7; 0; 0; 46; 0; 0; 0; 0; 0; 0; 0; 0; 0; 0; 0; 0; 0; 0; 0; 0; 0; 0; 0; 0
1995;06; 0; 0; 0; 0; 0; 0; 0; 0; 0; 0; 0; 0; 0; 0; 0; 0; 0; 121; 0; 0; 0; 0; 16; 0; 0; 68; 0; 0; 0; 0; 9999
1995;07; 0; 0; 0; 0; 0; 0; 0; 0; 0; 91; 104; 0; 0; 0; 0; 0; 0; 0; 0; 0; 0; 0; 0; 0; 0; 0; 0; 0; 0; 0; 0
1995;08; 0; 0; 0; 0; 0; 0; 0; 0; 0; 0; 0; 0; 0; 0; 0; 0; 0; 0; 0; 0; 0; 0; 0; 0; 0; 0; 0; 0; 0; 0; 0
1995;09; 0; 0; 0; 0; 0; 0; 0; 0; 0; 0; 0; 0; 0; 0; 0; 0; 0; 0; 39; 0; 0; 0; 0; 0; 82; 0; 0; 133; 110; 0; 9999
1995;10; 0; 0; 0; 0; 0; 36; 0; 66; 0; 0; 0; 0; 0; 31; 10; 9; 85; 156; 0; 0; 158; 0; 0; 0; 0; 0; 0; 0; 0; 44; 31
1995;11; 0; 0; 52; 0; 0; 0; 0; 0; 0; 0; 0; 21; 84; 122; 322; 0; 0; 0; 0; 0; 0; 0; 0; 19; 18; 0; 0; 111; 0; 0; 9999
1995;12; 104; 0; 0; 168; 0; 0; 0; 0; 0; 0; 0; 96; 475; 225; 0; 0; 0; 208; 421; 0; 51; 351; 91; 282; 25; 45; 69; 92; 41; 62; 0
1996;01; 69; 529; 92; 4; 149; 276; 0; 0; 436; 65; 594; 81; 25; 0; 0; 4; 37; 160; 0; 0; 31; 343; 0; 0; 42; 0; 0; 203; 0; 0; 0
1996;02; 95; 5; 0; 87; 0; 109; 16; 19; 0; 39; 0; 22; 0; 0; 123; 0; 0; 0; 0; 232; 802; 698; 0; 0; 16; 105; 506; 24; 18; 9999; 9999
1996;03; 6; 0; 0; 177; 0; 0; 0; 357; 261; 8; 0; 9; 252; 0; 188; 0; 147; 3; 0; 0; 108; 0; 0; 21; 0; 0; 0; 0; 0; 0; 0
1996;04; 188; 131; 0; 0; 0; 0; 0; 0; 0; 0; 85; 282; 0; 0; 0; 8; 168; 12; 0; 0; 0; 0; 0; 0; 0; 0; 0; 0; 0; 0; 9999
1996;05; 0; 0; 0; 0; 0; 0; 0; 0; 0; 293; 0; 0; 0; 51; 0; 115; 0; 427; 6; 0; 0; 13; 28; 0; 26; 0; 0; 0; 0; 0; 0
1996;06; 0; 0; 0; 0; 151; 0; 0; 0; 0; 0; 0; 0; 0; 0; 0; 0; 0; 0; 0; 0; 0; 0; 0; 0; 0; 0; 0; 0; 162; 0; 9999
1996;07; 0; 0; 0; 0; 0; 0; 0; 0; 0; 0; 0; 0; 0; 0; 0; 0; 0; 0; 0; 0; 0; 0; 0; 0; 0; 0; 0; 0; 6; 0; 0
1996;08; 0; 0; 0; 0; 0; 0; 0; 0; 0; 0; 55; 0; 0; 0; 22; 75; 0; 0; 0; 0; 0; 0; 0; 0; 0; 0; 0; 0; 0; 0; 0
1996;09; 99; 0; 0; 147; 44; 112; 0; 0; 193; 235; 39; 0; 0; 0; 0; 0; 0; 0; 0; 0; 0; 0; 0; 0; 6; 9; 0; 0; 0; 0; 9999
1996;10; 0; 0; 45; 0; 0; 0; 259; 0; 0; 12; 238; 17; 0; 0; 0; 0; 0; 0; 16; 0; 0; 0; 0; 0; 0; 128; 19; 112; 0; 0; 0
1996;11; 354; 0; 549; 189; 0; 0; 0; 0; 0; 0; 0; 0; 0; 0; 63; 142; 0; 0; 37; 81; 210; 41; 53; 0; 0; 0; 0; 0; 0; 0; 9999
1996;12; 0; 26; 92; 347; 62; 42; 21; 119; 0; 0; 60; 49; 61; 0; 0; 0; 281; 21; 0; 0; 0; 251; 0; 0; 0; 215; 0; 0; 28; 249; 0
1997;01; 41; 322; 654; 0; 0; 0; 0; 0; 0; 95; 0; 75; 200; 148; 192; 0; 0; 43; 102; 10; 664; 283; 82; 223; 138; 382; 0; 420; 243; 20; 0
1997;02; 25; 129; 234; 129; 0; 0; 0; 0; 0; 0; 0; 0; 0; 0; 0; 0; 19; 89; 0; 0; 8; 0; 0; 0; 178; 0; 0; 0; 9999; 9999; 9999
1997;03; 0; 0; 23; 0; 13; 79; 0; 0; 100; 120; 0; 0; 0; 0; 152; 195; 9; 0; 0; 21; 0; 0; 0; 0; 0; 0; 0; 0; 0; 15; 118
1997;04; 158; 0; 0; 0; 0; 0; 0; 0; 0; 0; 0; 0; 0; 0; 0; 0; 189; 0; 0; 168; 106; 0; 0; 0; 0; 0; 0; 0; 0; 0; 9999
1997;05; 0; 0; 0; 0; 0; 0; 0; 0; 0; 0; 0; 0; 0; 0; 0; 104; 0; 0; 0; 0; 0; 0; 155; 0; 102; 0; 0; 124; 21; 0; 0
1997;06; 0; 0; 0; 104; 0; 844; 0; 0; 0; 0; 0; 331; 0; 0; 141; 272; 0; 0; 0; 0; 0; 0; 0; 0; 0; 0; 0; 0; 0; 0; 9999
1997;07; 0; 0; 0; 0; 0; 0; 0; 0; 0; 0; 0; 0; 0; 0; 0; 0; 0; 0; 0; 0; 12; 94; 0; 0; 0; 0; 0; 0; 0; 0; 0
1997;08; 0; 0; 0; 0; 0; 0; 0; 0; 0; 0; 0; 0; 0; 0; 0; 0; 0; 0; 0; 0; 0; 0; 0; 0; 0; 0; 0; 0; 0; 0; 0
1997;09; 0; 0; 0; 0; 0; 0; 0; 0; 0; 0; 0; 0; 0; 0; 0; 0; 0; 0; 0; 0; 295; 0; 0; 0; 265; 0; 0; 0; 0; 0; 9999
1997;10; 62; 0; 0; 0; 0; 0; 0; 0; 0; 0; 0; 0; 0; 0; 0; 54; 37; 0; 0; 0; 241; 0; 0; 0; 0; 10; 201; 0; 0; 0; 0
1997;11; 0; 0; 0; 0; 0; 288; 3; 0; 0; 0; 0; 87; 0; 0; 23; 434; 263; 93; 438; 0; 0; 232; 155; 0; 106; 30; 9; 67; 125; 0; 9999
1997;12; 292; 187; 0; 32; 71; 0; 45; 0; 205; 0; 7; 0; 0; 286; 255; 15; 26; 0; 0; 0; 0; 0; 0; 0; 0; 0; 31; 0; 414; 0; 360
