33
Ano,Mes,1,2,3,4,5,6,7,8,9,10,11,12,13,14,15,16,17,18,19,20,21,22,23,24,25,26,27,28,29,30,31
1937;09; 9999; 0; 0; 0; 0; 0; 0; 0; 0; 0; 11; 7; 0; 0; 0; 0; 0; 0; 0; 0; 0; 0; 0; 0; 0; 0; 0; 0; 2; 0; 9999
1937;10; 161; 8; 25; 65; 55; 1; 0; 0; 260; 0; 6; 0; 0; 0; 275; 0; 48; 0; 18; 120; 0; 0; 0; 0; 190; 15; 0; 0; 10; 165; 230
1937;11; 0; 48; 340; 0; 0; 96; 0; 34; 223; 0; 0; 67; 9; 0; 125; 0; 125; 0; 0; 0; 0; 0; 104; 0; 0; 0; 37; 0; 0; 0; 9999
1937;12; 0; 0; 10; 45; 20; 219; 3; 580; 0; 147; 225; 0; 0; 0; 13; 194; 69; 98; 0; 0; 0; 0; 0; 0; 152; 40; 0; 75; 21; 205; 79
1938;01; 0; 0; 0; 0; 528; 0; 0; 0; 0; 0; 32; 214; 56; 0; 149; 86; 4; 12; 33; 105; 125; 203; 0; 0; 12; 0; 0; 0; 0; 0; 158
1938;02; 0; 0; 0; 0; 0; 123; 305; 4; 133; 0; 0; 0; 15; 236; 0; 0; 0; 235; 164; 0; 0; 0; 0; 0; 0; 56; 0; 0; 9999; 9999; 9999
1938;03; 32; 0; 0; 118; 351; 0; 0; 0; 0; 0; 0; 0; 0; 0; 0; 0; 15; 98; 0; 0; 78; 0; 0; 0; 15; 11; 0; 0; 0; 0; 0
1938;04; 35; 0; 23; 0; 21; 275; 0; 125; 0; 86; 40; 0; 0; 0; 0; 0; 0; 0; 0; 0; 20; 0; 0; 0; 0; 0; 0; 0; 0; 12; 9999
1938;05; 0; 0; 0; 0; 0; 0; 0; 0; 0; 20; 0; 0; 70; 0; 0; 0; 85; 0; 0; 645; 0; 22; 0; 0; 0; 35; 0; 0; 0; 0; 10
1938;06; 0; 0; 0; 0; 0; 0; 0; 0; 0; 0; 0; 0; 0; 0; 0; 0; 0; 0; 0; 0; 0; 0; 0; 0; 0; 0; 0; 0; 0; 0; 9999
1938;07; 0; 0; 0; 0; 0; 0; 0; 0; 0; 0; 0; 0; 0; 0; 0; 0; 0; 0; 0; 0; 0; 0; 0; 0; 0; 0; 0; 0; 0; 0; 0
1938;08; 0; 15; 0; 0; 0; 0; 15; 15; 0; 0; 0; 0; 0; 0; 0; 0; 0; 0; 0; 0; 0; 0; 0; 0; 0; 0; 0; 0; 0; 0; 0
1938;09; 0; 0; 0; 0; 0; 8; 43; 0; 121; 0; 1; 2; 0; 5; 0; 0; 0; 0; 0; 0; 0; 0; 0; 0; 0; 0; 0; 0; 0; 0; 9999
1938;10; 0; 159; 0; 0; 0; 0; 0; 0; 0; 0; 0; 46; 283; 12; 0; 0; 173; 0; 2; 64; 0; 0; 178; 169; 1; 0; 147; 0; 0; 0; 0
1938;11; 0; 0; 0; 0; 0; 0; 0; 250; 102; 87; 7; 0; 0; 0; 0; 5; 35; 0; 0; 0; 0; 105; 16; 0; 0; 2; 0; 120; 211; 622; 9999
1938;12; 119; 0; 3; 0; 0; 1; 242; 1135; 107; 0; 0; 0; 0; 0; 235; 0; 0; 12; 0; 0; 0; 0; 457; 67; 439; 16; 17; 9; 0; 0; 318
1939;01; 131; 25; 27; 0; 0; 0; 0; 0; 67; 0; 0; 0; 0; 40; 0; 9; 20; 0; 0; 10; 20; 102; 339; 0; 0; 0; 0; 0; 0; 65; 0
1939;02; 180; 0; 2; 45; 0; 0; 0; 2; 102; 95; 111; 0; 0; 18; 0; 0; 0; 0; 0; 42; 5; 19; 0; 0; 0; 0; 264; 0; 9999; 9999; 9999
1939;03; 40; 77; 0; 0; 0; 0; 0; 0; 0; 0; 0; 0; 0; 0; 0; 0; 0; 160; 162; 50; 9; 18; 55; 70; 145; 7; 0; 0; 1; 46; 1
1939;04; 0; 0; 0; 0; 146; 0; 0; 0; 0; 0; 0; 0; 0; 0; 0; 0; 26; 136; 0; 0; 0; 0; 0; 0; 0; 215; 32; 0; 0; 0; 9999
1939;05; 0; 0; 0; 0; 58; 0; 0; 165; 3; 0; 20; 275; 0; 0; 0; 0; 0; 0; 0; 0; 0; 0; 0; 0; 0; 0; 0; 0; 63; 767; 68
1939;06; 0; 0; 12; 10; 0; 0; 0; 0; 0; 124; 3; 0; 0; 0; 56; 20; 0; 0; 0; 0; 0; 0; 0; 0; 0; 0; 0; 280; 50; 0; 9999
1939;07; 0; 0; 0; 0; 0; 0; 0; 0; 0; 0; 0; 0; 57; 0; 0; 0; 0; 0; 0; 0; 0; 0; 35; 0; 175; 0; 0; 78; 0; 0; 0
1939;08; 0; 0; 0; 0; 0; 0; 0; 0; 0; 0; 0; 0; 0; 0; 0; 0; 0; 0; 0; 0; 0; 0; 0; 0; 0; 0; 0; 0; 0; 0; 0
1939;09; 0; 0; 77; 2; 0; 0; 0; 0; 0; 0; 0; 0; 0; 0; 0; 0; 0; 413; 0; 0; 0; 0; 0; 0; 0; 0; 0; 125; 0; 0; 9999
1939;10; 7; 180; 0; 54; 234; 0; 0; 0; 0; 0; 0; 0; 0; 0; 70; 0; 0; 0; 0; 0; 0; 0; 4; 140; 0; 40; 0; 0; 0; 0; 150
1939;11; 0; 165; 0; 0; 8; 0; 0; 210; 180; 97; 0; 0; 0; 806; 117; 45; 362; 242; 39; 0; 0; 46; 630; 126; 0; 175; 148; 0; 0; 0; 9999
1939;12; 313; 1; 80; 28; 0; 0; 17; 0; 28; 281; 0; 243; 0; 0; 2; 0; 230; 255; 435; 72; 32; 385; 30; 0; 36; 8; 1; 170; 0; 0; 61
1940;01; 424; 93; 0; 0; 31; 0; 23; 69; 307; 378; 463; 38; 0; 0; 0; 0; 54; 0; 345; 3; 0; 45; 0; 15; 2; 0; 0; 0; 0; 90; 23
1940;02; 30; 165; 22; 78; 15; 2; 0; 0; 0; 0; 0; 122; 0; 450; 8; 0; 0; 58; 305; 42; 0; 0; 0; 7; 0; 0; 0; 0; 0; 9999; 9999
1940;03; 0; 0; 0; 0; 0; 0; 623; 57; 138; 185; 0; 0; 0; 683; 0; 155; 0; 0; 0; 0; 0; 0; 0; 4; 0; 0; 0; 0; 0; 0; 0
1940;04; 0; 0; 0; 0; 0; 0; 0; 0; 0; 0; 0; 0; 0; 0; 0; 72; 5; 0; 0; 0; 0; 0; 0; 0; 0; 0; 0; 40; 0; 17; 9999
1940;05; 0; 0; 0; 0; 0; 0; 0; 0; 0; 0; 0; 0; 0; 0; 74; 0; 0; 0; 0; 0; 0; 0; 0; 0; 0; 0; 0; 0; 0; 0; 0
1940;06; 0; 0; 0; 0; 0; 0; 0; 0; 0; 0; 0; 0; 0; 0; 0; 0; 0; 0; 0; 0; 0; 0; 0; 0; 0; 0; 0; 0; 0; 0; 9999
1940;07; 0; 0; 0; 0; 0; 0; 0; 0; 0; 0; 0; 0; 0; 0; 0; 0; 0; 0; 0; 0; 0; 10; 0; 0; 0; 0; 0; 0; 0; 0; 0
1940;08; 0; 0; 0; 0; 0; 0; 0; 0; 0; 0; 0; 0; 0; 0; 0; 0; 0; 0; 0; 0; 0; 0; 0; 0; 0; 0; 68; 0; 0; 0; 0
1940;09; 0; 0; 0; 0; 0; 0; 0; 0; 0; 0; 0; 0; 0; 0; 0; 0; 0; 0; 0; 0; 0; 0; 0; 0; 128; 0; 0; 0; 0; 0; 9999
1940;10; 0; 0; 0; 0; 0; 0; 0; 0; 0; 90; 0; 135; 0; 0; 0; 0; 0; 0; 0; 0; 674; 102; 0; 7; 30; 0; 415; 0; 12; 160; 0
1940;11; 0; 0; 0; 0; 15; 0; 0; 1068; 18; 0; 70; 0; 84; 300; 777; 10; 0; 0; 0; 0; 14; 0; 0; 0; 165; 20; 105; 36; 0; 0; 9999
1940;12; 0; 30; 155; 135; 0; 0; 0; 0; 0; 0; 0; 0; 0; 0; 0; 233; 40; 0; 0; 297; 248; 280; 0; 0; 30; 3; 20; 0; 0; 0; 120
1941;01; 205; 39; 0; 465; 150; 0; 0; 0; 0; 30; 15; 65; 36; 96; 190; 360; 0; 0; 140; 0; 75; 0; 0; 0; 0; 20; 0; 0; 80; 0; 44
1941;02; 0; 0; 0; 0; 0; 0; 0; 100; 0; 0; 0; 0; 0; 0; 0; 0; 0; 0; 58; 0; 0; 0; 40; 10; 133; 0; 0; 0; 9999; 9999; 9999
1941;03; 0; 0; 0; 62; 0; 0; 0; 0; 0; 0; 0; 0; 0; 10; 24; 0; 0; 0; 0; 0; 0; 0; 0; 0; 200; 80; 0; 0; 0; 0; 0
1941;04; 0; 252; 0; 0; 0; 0; 0; 15; 0; 360; 0; 0; 0; 0; 0; 0; 0; 5; 0; 0; 0; 0; 0; 0; 0; 0; 0; 0; 0; 0; 9999
1941;05; 0; 0; 0; 0; 0; 0; 45; 0; 0; 0; 0; 0; 0; 0; 0; 0; 60; 0; 0; 0; 0; 0; 0; 0; 0; 0; 0; 153; 0; 0; 0
1941;06; 0; 0; 0; 0; 0; 0; 0; 0; 0; 0; 0; 0; 0; 0; 0; 0; 0; 0; 0; 0; 0; 0; 0; 0; 0; 0; 0; 0; 0; 0; 9999
1941;07; 0; 0; 0; 0; 0; 0; 0; 65; 35; 0; 0; 0; 0; 0; 0; 0; 62; 0; 144; 116; 0; 0; 0; 0; 0; 0; 0; 0; 0; 0; 0
1941;08; 0; 0; 0; 0; 0; 0; 0; 0; 0; 0; 0; 0; 0; 0; 88; 0; 0; 0; 0; 0; 0; 0; 0; 0; 0; 0; 0; 0; 0; 0; 0
1941;09; 0; 0; 110; 152; 0; 0; 125; 0; 0; 0; 30; 188; 0; 15; 325; 0; 4; 25; 0; 0; 0; 76; 0; 0; 0; 160; 55; 112; 0; 3; 9999
1941;10; 0; 0; 0; 0; 0; 0; 0; 110; 2; 0; 0; 0; 0; 0; 0; 0; 0; 0; 0; 0; 0; 0; 0; 0; 0; 0; 0; 175; 0; 0; 0
1941;11; 361; 14; 0; 0; 13; 125; 45; 0; 25; 0; 0; 0; 648; 0; 0; 0; 50; 250; 0; 0; 0; 0; 80; 0; 0; 10; 170; 0; 165; 5; 9999
1941;12; 0; 225; 0; 0; 0; 0; 0; 0; 195; 0; 503; 0; 0; 121; 85; 117; 0; 160; 144; 0; 139; 0; 60; 0; 0; 0; 35; 0; 0; 275; 133
1942;01; 0; 0; 31; 0; 535; 0; 21; 0; 150; 710; 20; 0; 0; 0; 0; 0; 0; 0; 0; 0; 280; 0; 0; 0; 102; 11; 0; 0; 0; 55; 31
1942;02; 42; 92; 28; 355; 0; 0; 0; 0; 0; 12; 30; 0; 0; 0; 20; 0; 0; 110; 25; 120; 430; 7; 144; 0; 0; 0; 0; 6; 9999; 9999; 9999
1942;03; 186; 0; 204; 20; 127; 185; 64; 0; 0; 48; 160; 218; 35; 253; 27; 0; 0; 10; 0; 0; 105; 0; 0; 0; 0; 0; 0; 0; 0; 0; 67
1942;04; 0; 0; 0; 0; 1005; 3; 40; 15; 0; 0; 0; 0; 0; 350; 222; 0; 0; 0; 0; 0; 0; 0; 0; 0; 0; 0; 0; 0; 0; 0; 9999
1942;05; 0; 0; 0; 0; 0; 155; 270; 11; 0; 0; 0; 0; 0; 0; 0; 5; 0; 0; 0; 0; 0; 0; 0; 0; 0; 0; 0; 0; 0; 0; 0
1942;06; 0; 0; 0; 0; 0; 6; 0; 0; 0; 13; 6; 0; 0; 0; 0; 0; 0; 0; 0; 0; 0; 0; 0; 0; 0; 0; 0; 0; 0; 0; 9999
1942;07; 0; 0; 0; 0; 0; 0; 0; 0; 0; 24; 0; 0; 0; 0; 0; 0; 0; 0; 0; 0; 0; 0; 0; 0; 0; 0; 0; 0; 0; 0; 0
1942;08; 0; 0; 0; 0; 0; 0; 0; 0; 0; 0; 0; 0; 0; 0; 0; 0; 0; 0; 0; 0; 0; 0; 0; 0; 0; 0; 0; 0; 0; 0; 0
1942;09; 0; 0; 0; 0; 22; 0; 0; 0; 0; 0; 0; 0; 0; 0; 0; 0; 5; 27; 103; 0; 0; 0; 0; 0; 62; 0; 0; 0; 0; 0; 9999
1942;10; 13; 0; 16; 0; 0; 0; 0; 0; 0; 0; 0; 0; 0; 29; 0; 2; 0; 0; 0; 0; 0; 0; 0; 0; 0; 7; 1; 176; 421; 0; 0
1942;11; 27; 190; 0; 0; 0; 0; 0; 0; 0; 0; 0; 0; 22; 106; 17; 0; 0; 0; 0; 275; 90; 0; 0; 0; 120; 575; 210; 283; 0; 0; 9999
1942;12; 0; 0; 14; 0; 0; 13; 0; 9; 0; 6; 72; 235; 36; 555; 0; 0; 0; 10; 0; 366; 557; 888; 145; 40; 45; 55; 41; 0; 60; 0; 0
1943;01; 0; 0; 155; 230; 205; 70; 110; 790; 9; 20; 23; 0; 0; 2; 220; 80; 0; 476; 450; 327; 70; 0; 5; 0; 90; 0; 47; 0; 7; 308; 130
1943;02; 307; 11; 0; 0; 0; 0; 0; 0; 20; 85; 0; 150; 0; 47; 583; 198; 242; 130; 75; 0; 121; 35; 17; 0; 0; 0; 0; 175; 9999; 9999; 9999
1943;03; 45; 0; 120; 167; 95; 23; 32; 360; 115; 0; 14; 135; 13; 0; 315; 35; 0; 0; 0; 0; 0; 12; 40; 0; 0; 0; 0; 130; 0; 10; 0
1943;04; 0; 0; 0; 0; 0; 0; 0; 0; 0; 0; 0; 0; 0; 5; 236; 163; 4; 0; 0; 0; 0; 0; 0; 0; 0; 0; 0; 0; 0; 0; 9999
1943;05; 0; 45; 0; 0; 0; 0; 0; 0; 0; 0; 0; 0; 0; 0; 0; 0; 0; 0; 0; 0; 0; 0; 0; 0; 0; 0; 0; 0; 0; 0; 0
1943;06; 0; 0; 0; 0; 0; 50; 0; 261; 0; 0; 0; 0; 17; 136; 0; 0; 0; 0; 0; 0; 0; 0; 0; 0; 0; 0; 0; 0; 0; 0; 9999
1943;07; 0; 0; 0; 0; 0; 0; 0; 0; 0; 0; 0; 0; 0; 0; 0; 0; 0; 0; 0; 0; 0; 0; 0; 0; 0; 0; 0; 0; 0; 0; 0
1943;08; 0; 0; 0; 0; 0; 0; 0; 0; 0; 0; 0; 0; 0; 0; 0; 0; 0; 0; 0; 0; 0; 0; 0; 0; 0; 0; 0; 0; 0; 0; 0
1943;09; 0; 0; 0; 0; 0; 0; 0; 0; 0; 0; 20; 25; 4; 115; 0; 0; 0; 0; 135; 30; 0; 3; 0; 250; 158; 0; 0; 0; 0; 0; 9999
1943;10; 0; 0; 15; 120; 66; 0; 0; 0; 0; 0; 0; 365; 0; 192; 123; 0; 0; 0; 0; 0; 0; 0; 0; 115; 10; 0; 333; 248; 24; 0; 0
1943;11; 0; 154; 218; 138; 3; 180; 5; 0; 0; 0; 10; 5; 0; 0; 0; 19; 0; 660; 211; 0; 0; 0; 0; 0; 0; 0; 0; 0; 0; 0; 9999
1943;12; 165; 240; 0; 0; 0; 0; 0; 0; 0; 0; 0; 0; 170; 0; 0; 0; 0; 0; 0; 0; 0; 0; 0; 0; 0; 0; 263; 111; 308; 186; 40
1944;01; 10; 0; 0; 0; 0; 87; 120; 111; 0; 0; 0; 0; 0; 0; 0; 7; 0; 58; 0; 0; 0; 0; 0; 25; 0; 85; 0; 0; 0; 217; 0
1944;02; 0; 55; 500; 0; 40; 0; 0; 0; 6; 0; 0; 0; 20; 36; 331; 280; 67; 25; 225; 0; 0; 57; 0; 25; 0; 220; 0; 6; 5; 9999; 9999
1944;03; 0; 41; 97; 0; 725; 0; 120; 0; 0; 5; 0; 0; 40; 19; 5; 90; 10; 750; 15; 3; 0; 0; 0; 0; 0; 0; 0; 0; 15; 0; 0
1944;04; 0; 13; 0; 0; 0; 0; 0; 0; 0; 0; 5; 0; 0; 2; 206; 35; 35; 0; 0; 0; 197; 0; 0; 0; 0; 0; 0; 0; 0; 0; 9999
1944;05; 0; 0; 0; 0; 0; 0; 0; 0; 0; 0; 0; 0; 0; 0; 0; 0; 13; 0; 0; 0; 0; 0; 0; 0; 0; 0; 0; 0; 0; 0; 0
1944;06; 0; 0; 0; 0; 11; 0; 0; 0; 0; 0; 0; 0; 0; 0; 0; 0; 0; 0; 0; 0; 0; 0; 0; 0; 0; 0; 0; 0; 0; 0; 9999
1944;07; 0; 0; 0; 0; 0; 0; 5; 0; 0; 0; 0; 0; 0; 0; 0; 0; 0; 0; 0; 0; 0; 0; 0; 0; 0; 0; 0; 0; 0; 0; 0
1944;08; 0; 0; 0; 0; 0; 0; 0; 0; 0; 0; 0; 0; 0; 0; 0; 0; 0; 0; 0; 0; 0; 0; 0; 0; 0; 0; 0; 0; 0; 0; 0
1944;09; 0; 0; 0; 0; 0; 0; 5; 40; 0; 0; 0; 0; 0; 0; 0; 0; 0; 0; 0; 0; 0; 0; 0; 0; 0; 0; 0; 0; 0; 0; 9999
1944;10; 0; 0; 0; 0; 0; 0; 0; 0; 0; 0; 0; 0; 120; 325; 0; 46; 0; 0; 0; 0; 0; 0; 0; 0; 200; 5; 483; 0; 60; 191; 20
1944;11; 0; 30; 115; 0; 0; 163; 15; 450; 3; 0; 0; 0; 120; 255; 40; 0; 42; 0; 150; 0; 122; 0; 355; 850; 60; 5; 0; 0; 0; 0; 9999
1944;12; 140; 470; 156; 0; 16; 0; 0; 0; 0; 340; 106; 0; 0; 0; 0; 0; 0; 0; 110; 10; 0; 0; 0; 31; 15; 0; 0; 0; 0; 0; 0
1945;01; 0; 0; 35; 175; 42; 0; 287; 10; 0; 0; 0; 0; 42; 0; 0; 55; 0; 35; 11; 5; 0; 61; 0; 0; 0; 10; 110; 1; 15; 792; 35
1945;02; 310; 195; 0; 0; 0; 0; 153; 54; 25; 23; 265; 58; 65; 0; 0; 0; 0; 50; 180; 10; 35; 334; 73; 0; 0; 0; 0; 2; 9999; 9999; 9999
1945;03; 0; 0; 21; 53; 0; 0; 0; 10; 40; 15; 0; 0; 0; 0; 0; 0; 0; 0; 155; 43; 60; 0; 0; 0; 11; 22; 0; 0; 0; 0; 0
1945;04; 70; 225; 0; 0; 45; 19; 66; 0; 0; 0; 0; 0; 0; 0; 0; 0; 10; 0; 185; 190; 0; 0; 0; 0; 0; 0; 0; 0; 13; 35; 9999
1945;05; 0; 0; 0; 0; 0; 0; 0; 0; 0; 0; 0; 0; 0; 0; 0; 0; 0; 0; 0; 0; 0; 0; 0; 0; 0; 0; 0; 0; 0; 0; 0
1945;06; 0; 0; 0; 0; 0; 20; 0; 0; 0; 0; 0; 0; 0; 0; 0; 0; 0; 0; 0; 170; 0; 0; 0; 0; 0; 0; 0; 0; 0; 0; 9999
1945;07; 0; 0; 0; 0; 25; 32; 85; 0; 0; 0; 0; 0; 0; 0; 0; 0; 0; 0; 0; 0; 0; 0; 0; 0; 0; 0; 0; 0; 0; 0; 0
1945;08; 0; 0; 0; 0; 0; 0; 0; 0; 0; 0; 0; 0; 0; 0; 0; 0; 0; 0; 0; 0; 0; 0; 0; 0; 0; 0; 0; 70; 0; 0; 0
1945;09; 0; 43; 0; 0; 0; 0; 0; 0; 0; 0; 0; 0; 0; 0; 0; 120; 0; 0; 0; 0; 0; 0; 0; 0; 0; 0; 0; 0; 0; 0; 9999
1945;10; 0; 0; 0; 35; 210; 0; 0; 0; 0; 0; 0; 0; 0; 0; 0; 0; 0; 0; 0; 0; 0; 0; 0; 0; 2; 217; 0; 0; 2; 0; 0
1945;11; 10; 140; 29; 60; 10; 455; 0; 0; 40; 38; 0; 263; 0; 178; 0; 0; 0; 0; 0; 0; 10; 113; 0; 0; 5; 87; 79; 884; 0; 42; 9999
1945;12; 0; 0; 0; 0; 0; 178; 0; 0; 0; 10; 0; 5; 90; 241; 355; 105; 120; 94; 0; 0; 0; 0; 0; 112; 0; 0; 100; 121; 65; 0; 0
1946;01; 0; 0; 0; 0; 400; 0; 122; 245; 189; 0; 0; 0; 0; 0; 170; 0; 0; 0; 0; 37; 468; 0; 0; 32; 0; 12; 36; 310; 219; 30; 0
1946;02; 0; 0; 50; 317; 0; 0; 0; 0; 0; 0; 0; 0; 465; 0; 384; 70; 44; 95; 0; 191; 0; 30; 185; 64; 11; 0; 0; 0; 9999; 9999; 9999
1946;03; 0; 25; 320; 150; 240; 255; 0; 0; 0; 260; 222; 65; 94; 0; 19; 204; 4; 35; 0; 0; 51; 0; 0; 0; 38; 0; 0; 0; 0; 0; 0
1946;04; 215; 175; 0; 0; 55; 0; 0; 0; 0; 0; 0; 0; 0; 0; 0; 0; 0; 42; 0; 0; 0; 0; 0; 0; 0; 0; 0; 0; 0; 0; 9999
1946;05; 0; 0; 0; 0; 0; 0; 0; 0; 0; 0; 0; 10; 0; 0; 0; 0; 0; 0; 0; 0; 0; 0; 0; 0; 0; 0; 0; 0; 0; 0; 0
1946;06; 0; 185; 10; 0; 0; 0; 0; 0; 0; 0; 0; 0; 0; 0; 0; 0; 0; 0; 0; 0; 0; 0; 0; 0; 0; 0; 0; 0; 0; 0; 9999
1946;07; 0; 0; 0; 0; 0; 0; 0; 0; 55; 0; 0; 25; 118; 52; 0; 85; 50; 0; 0; 0; 0; 0; 0; 0; 0; 0; 0; 0; 0; 0; 0
1946;08; 0; 0; 0; 0; 0; 0; 0; 0; 0; 0; 0; 0; 0; 0; 0; 0; 0; 0; 0; 0; 0; 0; 0; 0; 0; 0; 0; 0; 0; 0; 0
1946;09; 0; 0; 12; 0; 0; 0; 0; 0; 0; 0; 0; 0; 0; 0; 0; 3; 0; 0; 0; 0; 0; 0; 0; 93; 0; 5; 0; 0; 40; 0; 9999
1946;10; 0; 0; 0; 0; 0; 0; 0; 107; 85; 98; 0; 0; 50; 82; 0; 20; 103; 110; 20; 183; 0; 30; 0; 0; 0; 0; 0; 0; 0; 0; 0
1946;11; 35; 58; 108; 5; 0; 0; 55; 30; 412; 0; 0; 0; 0; 0; 0; 40; 0; 0; 0; 15; 0; 15; 0; 0; 35; 115; 0; 0; 0; 211; 9999
1946;12; 0; 0; 0; 0; 0; 0; 20; 810; 242; 55; 0; 0; 0; 0; 0; 66; 5; 0; 0; 2; 40; 105; 7; 10; 65; 0; 260; 0; 0; 0; 10
1947;01; 321; 790; 194; 46; 46; 0; 0; 0; 0; 54; 0; 0; 210; 30; 466; 0; 55; 0; 57; 183; 405; 15; 0; 5; 1105; 0; 77; 754; 0; 67; 5
1947;02; 0; 67; 0; 0; 105; 0; 5; 0; 0; 23; 0; 0; 0; 180; 58; 158; 10; 72; 120; 0; 0; 15; 25; 0; 48; 45; 172; 200; 9999; 9999; 9999
1947;03; 435; 0; 50; 0; 75; 370; 85; 30; 0; 0; 272; 0; 0; 0; 400; 329; 30; 25; 86; 0; 0; 0; 0; 48; 172; 170; 80; 25; 0; 0; 0
1947;04; 0; 0; 0; 0; 0; 0; 0; 0; 0; 0; 0; 0; 0; 0; 0; 134; 0; 0; 0; 0; 0; 0; 0; 0; 5; 0; 0; 0; 0; 0; 9999
1947;05; 0; 0; 0; 405; 0; 0; 0; 0; 0; 0; 0; 0; 0; 96; 0; 0; 0; 0; 30; 50; 0; 0; 0; 190; 0; 0; 0; 0; 0; 0; 0
1947;06; 0; 0; 0; 0; 0; 0; 0; 0; 0; 0; 0; 0; 0; 0; 0; 0; 0; 0; 0; 0; 0; 48; 85; 0; 0; 10; 0; 0; 0; 0; 9999
1947;07; 0; 0; 0; 0; 2; 0; 0; 0; 82; 20; 0; 0; 0; 0; 0; 0; 0; 0; 0; 0; 0; 0; 0; 0; 0; 0; 0; 2; 0; 0; 0
1947;08; 20; 10; 0; 0; 0; 0; 0; 0; 0; 0; 0; 0; 0; 0; 0; 0; 0; 0; 0; 0; 0; 0; 0; 0; 0; 5; 0; 10; 135; 100; 20
1947;09; 0; 0; 0; 36; 0; 0; 0; 0; 120; 142; 175; 0; 0; 0; 0; 0; 0; 300; 2; 0; 0; 0; 2; 0; 0; 0; 0; 0; 0; 0; 9999
1947;10; 0; 10; 0; 0; 0; 0; 0; 200; 70; 0; 0; 0; 0; 0; 22; 0; 0; 0; 0; 0; 0; 0; 195; 667; 41; 0; 0; 0; 0; 0; 0
1947;11; 0; 8; 271; 7; 0; 0; 0; 0; 0; 0; 0; 0; 224; 0; 0; 0; 0; 0; 0; 0; 0; 33; 80; 5; 7; 253; 120; 0; 0; 0; 9999
1947;12; 0; 85; 0; 0; 0; 0; 0; 30; 0; 55; 140; 100; 45; 14; 0; 0; 607; 0; 0; 90; 616; 132; 247; 0; 0; 372; 0; 0; 525; 0; 0
1948;01; 0; 0; 0; 0; 0; 0; 0; 0; 0; 60; 177; 208; 122; 45; 0; 35; 22; 30; 5; 0; 26; 105; 5; 0; 140; 0; 0; 30; 37; 166; 70
1948;02; 0; 13; 0; 32; 100; 123; 0; 0; 37; 0; 263; 17; 0; 475; 225; 125; 0; 0; 10; 0; 505; 0; 0; 0; 0; 0; 180; 5; 215; 9999; 9999
1948;03; 0; 0; 0; 0; 0; 0; 0; 0; 0; 0; 22; 73; 33; 0; 807; 0; 0; 0; 0; 0; 0; 0; 0; 0; 100; 5; 0; 0; 0; 0; 0
1948;04; 0; 0; 0; 0; 0; 0; 0; 0; 0; 0; 0; 0; 0; 0; 0; 0; 0; 0; 0; 0; 0; 0; 0; 0; 0; 0; 0; 0; 0; 0; 9999
1948;05; 0; 0; 0; 0; 0; 0; 0; 0; 0; 0; 0; 0; 0; 0; 0; 0; 0; 480; 0; 65; 0; 27; 0; 0; 0; 0; 0; 0; 187; 0; 0
1948;06; 0; 0; 0; 0; 0; 0; 0; 0; 0; 0; 0; 0; 0; 0; 0; 0; 0; 0; 0; 0; 0; 0; 0; 0; 0; 0; 0; 0; 0; 0; 9999
1948;07; 0; 0; 0; 0; 0; 0; 0; 0; 0; 0; 0; 0; 0; 0; 0; 0; 0; 0; 0; 0; 75; 0; 0; 0; 42; 10; 0; 0; 50; 0; 0
1948;08; 0; 0; 0; 0; 0; 0; 0; 0; 0; 0; 0; 0; 0; 0; 0; 0; 0; 0; 0; 0; 0; 0; 0; 0; 0; 0; 0; 0; 0; 0; 0
1948;09; 0; 0; 0; 0; 0; 0; 0; 0; 0; 0; 0; 10; 0; 0; 0; 0; 0; 0; 0; 0; 0; 0; 0; 0; 0; 0; 0; 72; 0; 165; 9999
1948;10; 0; 0; 0; 2; 531; 3; 0; 0; 0; 0; 96; 11; 110; 0; 138; 15; 0; 0; 0; 0; 0; 0; 0; 0; 0; 0; 0; 5; 22; 245; 0
1948;11; 0; 200; 121; 0; 160; 360; 0; 182; 61; 0; 0; 0; 90; 0; 740; 10; 43; 28; 5; 175; 40; 5; 0; 0; 0; 0; 64; 15; 0; 0; 9999
1948;12; 0; 121; 0; 16; 0; 0; 0; 21; 505; 0; 0; 0; 0; 0; 0; 32; 5; 55; 235; 80; 0; 0; 0; 0; 0; 0; 0; 0; 3; 131; 11
1949;01; 0; 12; 0; 0; 0; 0; 0; 0; 0; 20; 90; 230; 80; 132; 140; 0; 126; 85; 390; 0; 0; 0; 0; 0; 132; 12; 0; 0; 0; 5; 50
1949;02; 0; 0; 0; 53; 0; 20; 61; 35; 177; 0; 0; 0; 0; 0; 0; 72; 5; 8; 24; 440; 302; 236; 122; 142; 0; 24; 0; 0; 9999; 9999; 9999
1949;03; 40; 0; 0; 0; 30; 39; 20; 0; 66; 2; 0; 0; 0; 0; 0; 0; 0; 72; 0; 42; 0; 0; 0; 35; 0; 0; 135; 0; 0; 65; 0
1949;04; 0; 277; 0; 0; 0; 0; 280; 0; 0; 0; 0; 0; 0; 0; 0; 0; 0; 0; 0; 0; 0; 0; 0; 0; 74; 0; 0; 0; 0; 53; 9999
1949;05; 0; 0; 0; 0; 173; 0; 290; 110; 0; 0; 0; 140; 0; 0; 0; 0; 0; 0; 0; 0; 0; 0; 0; 0; 0; 0; 0; 0; 0; 0; 0
1949;06; 0; 0; 0; 0; 0; 0; 0; 0; 0; 0; 0; 0; 0; 0; 22; 0; 0; 0; 0; 0; 0; 0; 0; 0; 0; 0; 0; 0; 0; 0; 9999
1949;07; 0; 0; 0; 0; 0; 0; 0; 0; 0; 0; 0; 0; 0; 0; 0; 0; 0; 0; 0; 0; 0; 0; 0; 0; 0; 0; 0; 0; 0; 0; 0
1949;08; 0; 0; 0; 0; 0; 0; 0; 0; 0; 0; 0; 0; 0; 0; 0; 0; 0; 0; 0; 0; 0; 0; 0; 0; 0; 0; 0; 0; 0; 0; 10
1949;09; 0; 0; 0; 0; 0; 0; 0; 0; 0; 0; 0; 0; 0; 0; 0; 0; 80; 0; 0; 0; 0; 0; 0; 0; 0; 0; 0; 0; 0; 0; 9999
1949;10; 0; 0; 0; 0; 38; 0; 0; 15; 0; 0; 0; 0; 72; 0; 0; 265; 81; 0; 0; 0; 321; 0; 0; 0; 0; 0; 10; 0; 18; 0; 0
1949;11; 0; 0; 0; 0; 0; 72; 20; 0; 51; 103; 100; 0; 0; 0; 0; 0; 0; 0; 0; 42; 17; 480; 0; 0; 0; 0; 0; 0; 0; 0; 9999
1949;12; 67; 0; 100; 0; 25; 0; 5; 70; 30; 51; 0; 0; 155; 820; 0; 84; 266; 120; 5; 0; 0; 0; 0; 263; 377; 86; 120; 0; 0; 0; 70
1950;01; 0; 0; 250; 61; 0; 0; 160; 40; 0; 0; 0; 140; 122; 64; 0; 0; 46; 60; 65; 315; 214; 5; 88; 195; 1375; 211; 280; 2; 135; 56; 0
1950;02; 360; 75; 0; 0; 0; 130; 105; 270; 10; 95; 535; 141; 20; 60; 216; 60; 0; 0; 0; 0; 67; 391; 42; 0; 0; 90; 0; 0; 9999; 9999; 9999
1950;03; 118; 0; 0; 0; 100; 20; 97; 150; 81; 27; 0; 0; 250; 0; 12; 190; 27; 186; 75; 28; 8; 62; 0; 2; 48; 0; 0; 325; 0; 10; 0
1950;04; 47; 0; 120; 0; 0; 0; 0; 0; 0; 0; 0; 0; 0; 38; 0; 0; 0; 5; 0; 5; 0; 0; 0; 0; 0; 0; 0; 0; 0; 0; 9999
1950;05; 0; 0; 0; 0; 0; 0; 0; 0; 0; 0; 0; 0; 0; 0; 0; 0; 0; 0; 0; 0; 0; 0; 0; 0; 0; 0; 0; 0; 0; 0; 0
1950;06; 0; 0; 0; 0; 0; 0; 42; 37; 18; 0; 0; 0; 0; 0; 0; 0; 0; 0; 0; 0; 0; 0; 0; 0; 0; 0; 0; 0; 0; 0; 9999
1950;07; 0; 33; 0; 0; 0; 0; 0; 0; 0; 0; 0; 0; 0; 0; 0; 0; 0; 0; 0; 0; 0; 0; 0; 0; 0; 0; 0; 0; 0; 0; 0
1950;08; 0; 0; 0; 0; 0; 0; 0; 0; 0; 0; 0; 0; 0; 0; 0; 0; 0; 0; 0; 0; 0; 0; 0; 9; 0; 0; 0; 0; 0; 0; 0
1950;09; 0; 0; 0; 0; 0; 0; 0; 0; 0; 0; 0; 0; 0; 0; 0; 0; 0; 0; 0; 0; 0; 0; 0; 0; 0; 33; 0; 0; 0; 0; 9999
1950;10; 0; 20; 0; 0; 0; 527; 0; 0; 635; 0; 0; 20; 0; 0; 15; 0; 0; 0; 77; 265; 125; 0; 0; 0; 92; 0; 0; 0; 0; 31; 15
1950;11; 0; 0; 0; 0; 0; 0; 0; 360; 25; 233; 10; 0; 325; 0; 0; 0; 280; 146; 0; 0; 0; 15; 158; 95; 0; 737; 494; 12; 289; 0; 9999
1950;12; 5; 0; 0; 0; 5; 115; 238; 155; 0; 3; 3; 0; 22; 0; 376; 401; 0; 0; 0; 0; 0; 135; 220; 0; 0; 0; 0; 0; 0; 180; 0
1951;01; 108; 0; 0; 155; 130; 133; 56; 0; 190; 45; 67; 0; 393; 242; 290; 6; 3; 432; 35; 254; 450; 470; 240; 0; 140; 970; 290; 12; 0; 20; 210
1951;02; 0; 0; 350; 60; 0; 100; 288; 0; 265; 15; 404; 0; 0; 54; 293; 3; 8; 0; 237; 55; 190; 0; 510; 0; 0; 18; 0; 0; 9999; 9999; 9999
1951;03; 0; 0; 0; 0; 0; 572; 250; 80; 0; 0; 0; 0; 0; 0; 180; 210; 122; 0; 0; 20; 0; 0; 0; 55; 0; 0; 0; 0; 0; 0; 0
1951;04; 30; 644; 110; 0; 0; 0; 5; 0; 0; 0; 0; 0; 0; 0; 0; 0; 0; 0; 0; 0; 0; 0; 0; 0; 0; 0; 0; 0; 0; 0; 9999
1951;05; 0; 0; 0; 137; 0; 0; 0; 0; 2; 0; 0; 0; 0; 0; 0; 0; 0; 0; 81; 0; 0; 0; 0; 0; 0; 0; 0; 0; 0; 60; 0
1951;06; 0; 0; 0; 0; 0; 0; 107; 0; 0; 0; 0; 0; 0; 0; 0; 0; 0; 0; 0; 0; 0; 0; 0; 0; 0; 0; 0; 0; 95; 0; 9999
1951;07; 0; 0; 0; 0; 5; 0; 0; 0; 0; 0; 0; 0; 0; 0; 0; 0; 0; 0; 0; 0; 0; 0; 0; 0; 0; 0; 0; 0; 0; 0; 0
1951;08; 0; 0; 0; 0; 0; 0; 0; 0; 0; 0; 0; 0; 0; 0; 0; 0; 0; 0; 0; 0; 0; 150; 30; 0; 0; 0; 0; 0; 0; 0; 0
1951;09; 0; 0; 0; 0; 0; 0; 0; 0; 0; 0; 0; 0; 0; 0; 0; 0; 0; 0; 0; 0; 0; 0; 0; 0; 0; 0; 0; 0; 0; 0; 9999
1951;10; 0; 0; 0; 0; 0; 92; 0; 0; 0; 0; 0; 0; 0; 0; 55; 720; 0; 0; 5; 285; 6; 0; 0; 0; 0; 170; 0; 19; 0; 0; 0
1951;11; 0; 204; 0; 0; 0; 0; 0; 0; 0; 0; 0; 0; 0; 0; 20; 0; 0; 0; 0; 0; 0; 0; 5; 8; 528; 355; 0; 137; 85; 17; 9999
1951;12; 0; 0; 294; 0; 0; 0; 70; 368; 23; 15; 0; 0; 0; 0; 0; 0; 0; 0; 0; 4; 0; 97; 13; 0; 0; 0; 0; 0; 0; 22; 0
1952;01; 472; 0; 0; 0; 115; 0; 0; 0; 0; 0; 0; 0; 44; 20; 70; 563; 233; 67; 0; 20; 5; 42; 0; 240; 160; 9; 0; 0; 145; 0; 0
1952;02; 0; 0; 12; 119; 55; 201; 53; 6; 15; 170; 210; 22; 0; 205; 0; 64; 0; 0; 167; 0; 545; 60; 32; 0; 20; 130; 42; 0; 25; 9999; 9999
1952;03; 0; 150; 449; 0; 0; 0; 0; 0; 25; 832; 61; 95; 110; 24; 310; 276; 0; 0; 290; 48; 0; 0; 0; 5; 0; 5; 0; 0; 0; 445; 0
1952;04; 81; 0; 0; 0; 0; 0; 31; 0; 0; 5; 350; 158; 0; 22; 0; 0; 0; 0; 0; 0; 0; 0; 455; 0; 0; 0; 0; 0; 0; 0; 9999
1952;05; 0; 0; 0; 0; 0; 0; 0; 0; 0; 0; 0; 0; 0; 0; 0; 0; 0; 0; 0; 0; 0; 0; 0; 0; 0; 0; 0; 0; 0; 0; 0
1952;06; 0; 0; 0; 0; 0; 0; 0; 0; 0; 165; 215; 65; 0; 0; 0; 0; 105; 185; 95; 0; 0; 0; 0; 0; 0; 0; 0; 0; 0; 0; 9999
1952;07; 0; 0; 0; 0; 0; 0; 0; 0; 0; 0; 0; 0; 0; 0; 0; 0; 0; 0; 0; 0; 0; 0; 0; 0; 0; 0; 0; 0; 0; 0; 0
1952;08; 0; 0; 0; 0; 0; 0; 0; 0; 0; 0; 0; 0; 0; 0; 0; 0; 0; 0; 0; 0; 0; 0; 0; 0; 0; 0; 0; 0; 0; 0; 0
1952;09; 0; 0; 0; 0; 0; 27; 0; 0; 0; 0; 0; 0; 0; 0; 0; 0; 0; 0; 117; 0; 0; 0; 0; 0; 0; 0; 0; 0; 0; 0; 9999
1952;10; 0; 0; 0; 0; 0; 5; 0; 87; 287; 0; 0; 70; 145; 274; 0; 0; 0; 171; 276; 74; 8; 96; 0; 0; 125; 0; 141; 102; 0; 0; 0
1952;11; 0; 76; 83; 0; 0; 0; 0; 0; 5; 115; 205; 0; 0; 0; 0; 0; 0; 160; 50; 40; 26; 0; 0; 0; 0; 0; 0; 106; 0; 0; 9999
1952;12; 638; 0; 0; 0; 0; 0; 0; 0; 0; 18; 0; 85; 152; 0; 0; 0; 0; 0; 0; 120; 363; 0; 0; 0; 0; 0; 62; 0; 0; 32; 0
1953;01; 180; 282; 230; 20; 25; 40; 10; 685; 38; 0; 0; 0; 0; 4; 0; 0; 0; 0; 0; 0; 0; 0; 308; 115; 0; 0; 215; 30; 240; 89; 133
1953;02; 0; 0; 3; 5; 440; 0; 0; 0; 0; 376; 50; 202; 40; 248; 52; 4; 0; 0; 162; 650; 0; 0; 4; 0; 0; 0; 0; 305; 9999; 9999; 9999
1953;03; 358; 70; 3; 12; 0; 0; 0; 0; 0; 0; 5; 0; 200; 5; 0; 313; 3; 6; 42; 485; 6; 5; 0; 0; 15; 13; 55; 250; 0; 445; 17
1953;04; 0; 0; 0; 43; 0; 0; 0; 90; 0; 0; 0; 0; 0; 0; 0; 55; 14; 0; 0; 0; 0; 170; 0; 0; 0; 0; 0; 0; 0; 0; 9999
1953;05; 0; 0; 10; 0; 0; 0; 0; 0; 0; 0; 0; 0; 0; 0; 0; 0; 0; 0; 0; 0; 0; 0; 30; 55; 0; 25; 0; 0; 0; 0; 0
1953;06; 20; 0; 0; 0; 0; 0; 0; 0; 0; 405; 0; 0; 0; 0; 0; 0; 0; 0; 0; 0; 0; 0; 0; 0; 0; 0; 0; 0; 0; 0; 9999
1953;07; 0; 0; 0; 0; 0; 0; 0; 0; 0; 642; 51; 0; 0; 0; 0; 0; 0; 0; 0; 4; 0; 0; 0; 0; 0; 0; 0; 0; 0; 0; 0
1953;08; 0; 0; 0; 0; 0; 0; 0; 0; 0; 0; 0; 0; 0; 0; 0; 0; 0; 0; 0; 0; 0; 0; 0; 2; 0; 0; 0; 0; 0; 0; 0
1953;09; 0; 0; 0; 0; 0; 0; 10; 0; 0; 15; 0; 0; 0; 0; 0; 337; 0; 0; 0; 0; 35; 0; 20; 145; 10; 0; 0; 0; 0; 0; 9999
1953;10; 0; 0; 5; 0; 0; 275; 0; 0; 0; 0; 0; 0; 0; 0; 0; 0; 44; 25; 0; 0; 10; 0; 5; 0; 0; 0; 0; 0; 0; 0; 0
1953;11; 8; 0; 160; 0; 0; 0; 135; 160; 0; 200; 0; 0; 0; 20; 46; 0; 0; 0; 355; 80; 0; 0; 0; 0; 0; 0; 0; 0; 0; 200; 9999
1953;12; 20; 350; 130; 185; 0; 4; 0; 0; 0; 0; 410; 636; 25; 0; 0; 157; 0; 44; 0; 0; 0; 0; 0; 0; 0; 0; 0; 10; 110; 0; 0
1954;01; 0; 0; 242; 198; 225; 20; 0; 0; 0; 10; 52; 0; 0; 5; 0; 0; 0; 0; 130; 0; 0; 20; 184; 64; 0; 25; 0; 50; 0; 0; 0
1954;02; 666; 0; 30; 0; 881; 250; 443; 385; 0; 0; 355; 118; 0; 110; 0; 366; 25; 100; 605; 15; 0; 0; 0; 0; 0; 0; 125; 0; 9999; 9999; 9999
1954;03; 0; 65; 10; 0; 0; 3; 0; 0; 249; 26; 0; 140; 30; 0; 0; 0; 0; 0; 0; 0; 0; 0; 0; 0; 0; 0; 0; 0; 180; 160; 23
1954;04; 20; 0; 0; 0; 0; 0; 0; 0; 0; 0; 0; 0; 0; 0; 0; 0; 0; 0; 0; 0; 0; 0; 0; 0; 0; 0; 0; 142; 0; 171; 9999
1954;05; 0; 0; 0; 0; 0; 0; 195; 0; 435; 180; 24; 0; 0; 180; 0; 0; 0; 144; 156; 0; 0; 226; 0; 0; 0; 0; 0; 0; 0; 0; 0
1954;06; 0; 0; 0; 0; 0; 467; 136; 0; 0; 0; 0; 0; 0; 0; 0; 0; 0; 0; 5; 5; 0; 0; 22; 0; 0; 0; 0; 0; 0; 0; 9999
1954;07; 0; 0; 0; 0; 0; 0; 0; 0; 0; 0; 0; 0; 0; 0; 0; 0; 0; 0; 0; 0; 0; 0; 0; 0; 0; 0; 0; 0; 0; 0; 0
1954;08; 0; 0; 0; 0; 0; 0; 0; 0; 0; 0; 0; 0; 0; 0; 0; 0; 0; 0; 0; 0; 0; 0; 0; 0; 0; 0; 0; 0; 0; 0; 0
1954;09; 0; 0; 0; 0; 0; 0; 0; 0; 0; 0; 0; 0; 0; 0; 0; 0; 0; 0; 0; 0; 0; 0; 0; 0; 0; 0; 15; 155; 40; 0; 9999
1954;10; 25; 10; 0; 0; 0; 0; 0; 0; 0; 80; 10; 0; 0; 0; 0; 57; 0; 0; 5; 0; 45; 85; 0; 0; 0; 0; 0; 103; 25; 56; 0
1954;11; 0; 0; 0; 0; 0; 0; 0; 0; 0; 0; 42; 0; 0; 148; 615; 0; 0; 0; 105; 0; 5; 0; 0; 0; 0; 0; 0; 0; 160; 42; 9999
1954;12; 0; 0; 0; 397; 80; 0; 0; 135; 0; 0; 615; 0; 460; 210; 0; 0; 0; 0; 32; 0; 0; 1220; 273; 0; 0; 0; 0; 0; 0; 0; 0
1955;01; 0; 0; 520; 60; 108; 50; 0; 0; 0; 0; 190; 0; 0; 245; 108; 548; 167; 378; 35; 0; 0; 0; 185; 600; 0; 0; 0; 0; 0; 0; 0
1955;02; 0; 130; 0; 0; 58; 0; 0; 0; 0; 100; 0; 25; 23; 280; 0; 0; 0; 0; 0; 0; 0; 0; 0; 73; 3; 0; 25; 773; 9999; 9999; 9999
1955;03; 25; 30; 380; 0; 0; 0; 110; 9; 35; 0; 0; 0; 0; 30; 0; 515; 0; 0; 0; 0; 0; 0; 32; 5; 0; 0; 0; 110; 190; 62; 15
1955;04; 130; 0; 0; 0; 30; 0; 0; 0; 0; 0; 0; 35; 120; 0; 0; 322; 18; 0; 15; 0; 0; 0; 0; 0; 0; 0; 0; 0; 52; 0; 9999
1955;05; 0; 0; 0; 0; 0; 0; 0; 0; 0; 0; 0; 0; 0; 0; 0; 0; 0; 0; 0; 25; 23; 0; 0; 50; 0; 0; 0; 0; 0; 0; 45
1955;06; 125; 0; 0; 0; 0; 0; 0; 0; 51; 71; 0; 0; 0; 0; 0; 0; 0; 0; 0; 0; 0; 0; 0; 0; 0; 0; 0; 0; 0; 0; 9999
1955;07; 0; 0; 0; 0; 0; 0; 0; 0; 0; 0; 0; 0; 0; 0; 0; 0; 0; 0; 0; 0; 0; 0; 0; 0; 0; 0; 0; 0; 0; 0; 0
1955;08; 0; 0; 0; 0; 0; 0; 0; 0; 0; 0; 0; 0; 0; 0; 0; 0; 0; 0; 0; 0; 0; 0; 0; 0; 0; 0; 50; 0; 12; 0; 0
1955;09; 0; 0; 0; 0; 0; 0; 0; 0; 0; 0; 0; 0; 0; 0; 0; 0; 0; 0; 0; 0; 0; 0; 0; 0; 0; 0; 0; 0; 0; 0; 9999
1955;10; 0; 0; 0; 0; 0; 0; 90; 167; 79; 0; 0; 0; 578; 10; 24; 0; 10; 0; 0; 0; 0; 0; 0; 0; 0; 0; 0; 292; 170; 0; 160
1955;11; 4; 40; 370; 0; 0; 0; 0; 0; 0; 100; 40; 0; 0; 0; 0; 0; 0; 0; 155; 115; 0; 0; 25; 0; 0; 0; 0; 0; 0; 0; 9999
1955;12; 16; 30; 452; 230; 0; 0; 15; 185; 0; 0; 0; 55; 105; 25; 150; 23; 90; 61; 172; 0; 0; 0; 0; 620; 0; 0; 400; 847; 165; 125; 340
1956;01; 113; 5; 281; 40; 0; 115; 0; 0; 0; 51; 0; 0; 0; 0; 0; 0; 0; 0; 0; 0; 0; 0; 0; 7; 5; 0; 5; 30; 10; 0; 0
1956;02; 0; 0; 0; 0; 0; 0; 0; 0; 30; 7; 24; 35; 85; 265; 115; 60; 110; 575; 35; 0; 0; 145; 0; 345; 214; 0; 30; 102; 15; 9999; 9999
1956;03; 5; 31; 0; 0; 0; 0; 0; 0; 0; 0; 65; 13; 5; 0; 0; 0; 0; 0; 265; 0; 0; 0; 0; 0; 82; 0; 0; 0; 0; 24; 0
1956;04; 0; 20; 0; 0; 0; 0; 145; 3; 138; 0; 0; 0; 0; 0; 0; 0; 0; 0; 307; 0; 0; 0; 155; 0; 0; 30; 5; 155; 390; 0; 9999
1956;05; 0; 187; 10; 0; 5; 95; 35; 160; 162; 0; 0; 0; 0; 0; 0; 0; 0; 0; 0; 0; 40; 0; 0; 0; 0; 390; 100; 0; 0; 0; 0
1956;06; 415; 115; 41; 0; 0; 0; 0; 0; 10; 75; 62; 118; 35; 45; 28; 0; 0; 0; 0; 0; 0; 0; 0; 0; 0; 0; 0; 55; 0; 0; 9999
1956;07; 0; 0; 0; 0; 0; 0; 0; 0; 0; 0; 0; 0; 0; 10; 0; 0; 0; 0; 0; 0; 106; 0; 5; 12; 0; 0; 0; 150; 0; 130; 185
1956;08; 275; 0; 40; 47; 0; 0; 0; 0; 0; 0; 0; 0; 0; 0; 0; 0; 0; 0; 0; 0; 0; 0; 0; 0; 0; 0; 0; 0; 0; 0; 0
1956;09; 0; 0; 0; 0; 0; 0; 0; 0; 0; 90; 326; 0; 0; 16; 0; 0; 0; 0; 0; 0; 0; 0; 0; 0; 0; 7; 0; 0; 0; 285; 9999
1956;10; 0; 0; 0; 0; 0; 0; 0; 0; 0; 0; 63; 0; 0; 0; 0; 0; 0; 103; 10; 0; 0; 0; 80; 5; 0; 0; 3; 400; 20; 385; 0
1956;11; 0; 0; 0; 0; 0; 0; 0; 0; 0; 20; 0; 0; 0; 35; 0; 0; 0; 0; 0; 0; 0; 39; 122; 0; 5; 10; 0; 0; 0; 0; 9999
1956;12; 0; 0; 0; 0; 37; 131; 41; 342; 0; 0; 0; 0; 5; 20; 3; 175; 0; 0; 0; 59; 0; 0; 0; 355; 265; 782; 7; 0; 0; 0; 0
1957;01; 0; 0; 0; 0; 365; 0; 0; 0; 3; 34; 20; 530; 0; 0; 190; 60; 121; 10; 0; 53; 5; 0; 120; 0; 0; 40; 111; 30; 115; 0; 0
1957;02; 58; 45; 416; 115; 0; 35; 557; 385; 100; 220; 35; 10; 0; 0; 50; 350; 66; 0; 0; 0; 0; 74; 0; 0; 0; 237; 247; 0; 9999; 9999; 9999
1957;03; 0; 0; 0; 0; 0; 0; 200; 0; 0; 815; 105; 0; 0; 0; 0; 0; 177; 0; 0; 0; 160; 81; 118; 0; 0; 0; 58; 0; 60; 110; 3
1957;04; 170; 162; 0; 0; 53; 83; 0; 0; 0; 55; 60; 0; 0; 0; 0; 15; 0; 0; 0; 0; 0; 0; 0; 0; 0; 0; 38; 0; 0; 165; 9999
1957;05; 0; 0; 0; 0; 0; 0; 88; 25; 0; 18; 0; 0; 0; 0; 0; 145; 0; 0; 0; 0; 500; 0; 0; 0; 0; 0; 0; 0; 0; 0; 0
1957;06; 0; 0; 0; 0; 0; 0; 0; 20; 0; 0; 0; 0; 0; 0; 0; 0; 0; 0; 0; 0; 0; 0; 0; 0; 0; 0; 0; 0; 0; 0; 9999
1957;07; 0; 0; 0; 62; 315; 0; 0; 0; 0; 0; 0; 0; 0; 0; 0; 0; 70; 122; 111; 25; 0; 0; 0; 0; 0; 0; 0; 0; 0; 0; 0
1957;08; 0; 0; 0; 0; 0; 0; 0; 0; 0; 0; 0; 0; 0; 405; 0; 0; 100; 0; 90; 0; 0; 0; 0; 0; 0; 0; 0; 0; 0; 0; 20
1957;09; 5; 0; 35; 151; 0; 0; 0; 15; 115; 0; 0; 0; 440; 0; 0; 0; 3; 0; 0; 0; 0; 82; 233; 56; 0; 0; 0; 0; 0; 0; 9999
1957;10; 0; 0; 0; 0; 0; 0; 0; 0; 0; 0; 0; 73; 0; 0; 24; 0; 309; 4; 35; 45; 0; 73; 0; 0; 24; 0; 309; 4; 35; 45; 0
1957;11; 0; 0; 0; 0; 125; 5; 0; 48; 195; 0; 0; 0; 0; 0; 0; 36; 78; 39; 30; 220; 3; 105; 24; 0; 305; 0; 0; 0; 0; 0; 9999
1957;12; 0; 564; 160; 65; 891; 0; 61; 5; 0; 0; 222; 14; 332; 74; 545; 233; 22; 156; 0; 0; 0; 19; 158; 0; 0; 0; 0; 0; 0; 0; 148
1958;01; 0; 0; 0; 0; 0; 0; 0; 0; 15; 115; 0; 8; 0; 0; 222; 251; 16; 35; 300; 44; 60; 165; 512; 200; 195; 532; 470; 143; 0; 0; 0
1958;02; 0; 111; 0; 565; 40; 77; 148; 223; 35; 0; 0; 0; 0; 0; 0; 0; 0; 0; 0; 45; 8; 0; 0; 0; 0; 0; 235; 410; 9999; 9999; 9999
1958;03; 5; 55; 0; 462; 0; 0; 11; 135; 217; 0; 0; 0; 0; 0; 118; 115; 185; 213; 30; 0; 0; 0; 0; 0; 0; 0; 0; 0; 0; 0; 34
1958;04; 358; 5; 0; 0; 0; 0; 0; 0; 62; 92; 37; 0; 113; 0; 0; 0; 0; 50; 90; 115; 0; 0; 0; 0; 0; 0; 0; 0; 0; 0; 9999
1958;05; 0; 0; 697; 0; 20; 0; 0; 0; 0; 0; 0; 0; 0; 0; 0; 0; 0; 0; 0; 0; 0; 290; 589; 105; 245; 0; 0; 52; 0; 0; 0
1958;06; 0; 0; 0; 0; 0; 0; 0; 0; 0; 0; 0; 0; 0; 0; 313; 263; 0; 0; 0; 0; 0; 0; 0; 0; 0; 0; 0; 0; 0; 0; 9999
1958;07; 0; 0; 0; 0; 0; 0; 0; 0; 0; 0; 0; 0; 0; 0; 0; 90; 0; 80; 0; 0; 0; 0; 0; 0; 17; 0; 0; 0; 0; 0; 0
1958;08; 0; 0; 0; 0; 0; 0; 0; 0; 0; 0; 0; 0; 0; 0; 0; 0; 0; 0; 0; 0; 0; 0; 0; 0; 0; 0; 0; 0; 0; 87; 0
1958;09; 43; 0; 0; 0; 0; 0; 0; 0; 0; 0; 0; 0; 108; 154; 93; 0; 0; 0; 0; 0; 0; 0; 0; 4; 21; 0; 25; 0; 0; 0; 9999
1958;10; 30; 0; 0; 0; 0; 0; 22; 0; 0; 0; 228; 0; 63; 0; 0; 0; 0; 114; 0; 0; 0; 0; 0; 0; 15; 138; 385; 10; 225; 0; 0
1958;11; 107; 0; 0; 115; 10; 0; 0; 0; 0; 0; 85; 75; 0; 0; 0; 0; 0; 52; 0; 211; 0; 0; 42; 0; 86; 0; 0; 0; 0; 427; 9999
1958;12; 125; 0; 0; 0; 0; 0; 0; 0; 20; 0; 161; 0; 0; 146; 0; 85; 366; 0; 13; 560; 65; 0; 0; 0; 177; 0; 0; 0; 0; 0; 0
1959;01; 0; 0; 57; 3; 166; 80; 51; 50; 100; 172; 0; 225; 363; 140; 66; 20; 390; 297; 392; 7; 0; 75; 620; 400; 0; 148; 78; 0; 100; 0; 0
1959;02; 0; 0; 80; 20; 0; 0; 0; 0; 0; 0; 0; 0; 428; 0; 0; 505; 25; 95; 80; 0; 0; 65; 0; 30; 0; 0; 0; 13; 9999; 9999; 9999
1959;03; 310; 0; 0; 0; 0; 0; 0; 233; 73; 70; 0; 21; 5; 15; 0; 0; 0; 111; 477; 87; 275; 305; 0; 55; 0; 0; 0; 0; 0; 0; 0
1959;04; 0; 0; 0; 0; 0; 305; 0; 0; 0; 0; 0; 0; 0; 0; 0; 0; 0; 0; 0; 0; 0; 0; 335; 0; 0; 0; 0; 0; 0; 0; 9999
1959;05; 0; 0; 0; 0; 0; 0; 0; 0; 0; 0; 0; 0; 0; 0; 0; 0; 0; 0; 70; 3; 44; 0; 0; 0; 0; 0; 0; 0; 0; 0; 0
1959;06; 0; 0; 0; 0; 0; 218; 5; 0; 0; 0; 0; 0; 0; 0; 0; 0; 0; 0; 0; 0; 0; 0; 0; 0; 0; 0; 0; 0; 0; 0; 9999
1959;07; 0; 0; 0; 0; 0; 0; 0; 0; 0; 0; 0; 0; 0; 0; 0; 0; 0; 0; 0; 0; 0; 0; 0; 0; 0; 0; 0; 0; 0; 0; 0
1959;08; 165; 15; 0; 0; 0; 0; 0; 3; 158; 0; 0; 0; 12; 0; 0; 0; 0; 0; 0; 0; 0; 0; 0; 0; 0; 0; 0; 0; 0; 0; 0
1959;09; 0; 0; 0; 0; 0; 0; 0; 0; 0; 0; 0; 0; 5; 0; 0; 0; 0; 0; 0; 0; 0; 0; 0; 0; 0; 153; 0; 0; 0; 0; 9999
1959;10; 0; 0; 0; 0; 0; 0; 0; 0; 0; 0; 0; 0; 180; 128; 0; 24; 0; 135; 0; 116; 151; 92; 22; 0; 0; 0; 0; 0; 30; 0; 10
1959;11; 51; 0; 0; 0; 0; 0; 0; 313; 0; 25; 323; 95; 343; 0; 0; 0; 0; 0; 620; 13; 0; 0; 5; 36; 0; 0; 86; 0; 191; 0; 9999
1959;12; 0; 0; 0; 205; 0; 23; 92; 49; 222; 0; 0; 0; 0; 0; 0; 0; 0; 0; 0; 0; 42; 12; 0; 47; 0; 0; 0; 25; 0; 0; 0
1960;01; 76; 0; 0; 0; 0; 0; 85; 110; 60; 128; 85; 30; 102; 0; 0; 0; 17; 337; 500; 302; 0; 0; 0; 37; 320; 45; 0; 0; 135; 0; 0
1960;02; 0; 480; 0; 193; 135; 0; 0; 140; 0; 80; 8; 5; 0; 0; 0; 49; 0; 14; 25; 177; 170; 343; 272; 586; 5; 122; 0; 200; 225; 9999; 9999
1960;03; 0; 80; 0; 0; 0; 0; 0; 0; 0; 0; 0; 0; 0; 0; 13; 0; 17; 0; 0; 0; 345; 160; 0; 35; 0; 0; 0; 0; 0; 0; 0
1960;04; 0; 0; 0; 0; 23; 0; 0; 40; 78; 122; 16; 0; 0; 0; 0; 0; 0; 0; 150; 70; 0; 0; 0; 0; 0; 0; 0; 0; 10; 0; 9999
1960;05; 32; 0; 0; 0; 0; 0; 0; 0; 0; 22; 3; 0; 0; 0; 0; 125; 0; 0; 0; 0; 71; 0; 0; 0; 0; 0; 0; 0; 0; 0; 0
1960;06; 0; 0; 0; 0; 0; 0; 0; 0; 0; 0; 0; 0; 0; 0; 255; 100; 0; 0; 0; 0; 0; 0; 0; 158; 0; 0; 150; 0; 0; 0; 9999
1960;07; 0; 0; 0; 0; 0; 0; 0; 0; 0; 0; 0; 0; 0; 0; 0; 0; 0; 0; 0; 0; 0; 0; 0; 0; 0; 0; 0; 0; 0; 0; 0
1960;08; 0; 0; 0; 0; 0; 0; 0; 0; 0; 0; 0; 0; 0; 0; 0; 105; 10; 0; 0; 0; 0; 0; 0; 0; 0; 0; 0; 0; 0; 0; 0
1960;09; 0; 30; 0; 0; 0; 0; 0; 0; 0; 0; 0; 0; 0; 0; 0; 0; 0; 0; 0; 0; 0; 0; 0; 0; 0; 0; 0; 0; 0; 0; 9999
1960;10; 52; 180; 0; 0; 0; 0; 0; 15; 0; 0; 0; 0; 0; 0; 0; 0; 65; 72; 0; 13; 165; 0; 30; 0; 0; 0; 112; 0; 0; 51; 52
1960;11; 83; 0; 0; 0; 68; 46; 0; 225; 0; 5; 53; 0; 0; 0; 192; 0; 0; 0; 0; 195; 805; 0; 0; 30; 0; 185; 25; 196; 0; 0; 9999
1960;12; 0; 0; 0; 0; 0; 0; 10; 5; 0; 0; 0; 0; 133; 0; 0; 268; 0; 197; 70; 0; 260; 195; 290; 0; 0; 0; 0; 0; 0; 186; 144
1961;01; 97; 91; 115; 153; 552; 790; 335; 423; 345; 161; 25; 20; 326; 10; 0; 0; 0; 91; 50; 0; 92; 215; 0; 0; 0; 0; 0; 0; 92; 18; 0
1961;02; 0; 0; 0; 0; 98; 0; 0; 0; 0; 160; 23; 171; 284; 174; 67; 0; 496; 83; 41; 85; 68; 42; 62; 153; 324; 120; 242; 22; 9999; 9999; 9999
1961;03; 602; 0; 0; 0; 0; 620; 652; 73; 10; 0; 61; 0; 0; 133; 377; 0; 0; 150; 0; 0; 55; 0; 0; 0; 0; 0; 0; 0; 0; 0; 0
1961;04; 0; 0; 5; 42; 550; 90; 7; 0; 0; 0; 0; 0; 0; 0; 0; 0; 0; 0; 0; 15; 20; 0; 193; 34; 0; 87; 0; 0; 0; 0; 9999
1961;05; 0; 0; 38; 25; 515; 0; 0; 0; 15; 0; 0; 0; 0; 0; 0; 0; 0; 0; 0; 0; 0; 0; 0; 0; 0; 0; 0; 0; 0; 0; 0
1961;06; 0; 0; 0; 0; 0; 0; 0; 0; 0; 0; 0; 0; 0; 0; 0; 0; 0; 0; 0; 0; 0; 0; 0; 0; 0; 0; 0; 0; 0; 0; 9999
1961;07; 0; 0; 0; 0; 0; 0; 0; 0; 0; 0; 0; 0; 0; 0; 0; 0; 0; 0; 0; 0; 0; 0; 0; 0; 0; 0; 0; 0; 0; 0; 0
1961;08; 0; 0; 0; 0; 0; 0; 0; 0; 0; 0; 0; 0; 0; 0; 0; 0; 0; 0; 0; 0; 0; 0; 0; 0; 0; 15; 45; 0; 0; 0; 15
1961;09; 0; 0; 0; 0; 0; 0; 0; 0; 0; 0; 0; 0; 0; 0; 0; 0; 0; 0; 0; 0; 0; 0; 0; 0; 0; 0; 0; 0; 8; 0; 9999
1961;10; 0; 0; 35; 0; 0; 0; 0; 0; 0; 0; 65; 0; 0; 0; 0; 0; 0; 0; 0; 169; 0; 0; 0; 0; 0; 5; 67; 105; 127; 63; 285
1961;11; 6; 0; 0; 80; 0; 0; 0; 0; 0; 0; 32; 138; 15; 55; 30; 0; 0; 54; 0; 0; 0; 0; 46; 20; 35; 0; 0; 10; 0; 0; 9999
1961;12; 20; 81; 0; 0; 0; 0; 0; 100; 0; 0; 0; 180; 95; 0; 105; 280; 150; 93; 62; 0; 0; 5; 0; 175; 0; 491; 210; 45; 0; 0; 0
1962;01; 0; 0; 307; 40; 0; 0; 0; 200; 80; 177; 56; 0; 0; 0; 0; 130; 0; 23; 372; 62; 645; 256; 4; 344; 118; 0; 0; 0; 0; 0; 0
1962;02; 0; 0; 0; 0; 595; 80; 115; 45; 180; 0; 130; 25; 5; 0; 0; 182; 0; 0; 18; 0; 0; 40; 100; 137; 0; 0; 0; 0; 9999; 9999; 9999
1962;03; 130; 85; 44; 23; 19; 0; 0; 0; 0; 0; 43; 236; 482; 292; 160; 124; 2; 23; 18; 288; 0; 0; 0; 7; 5; 0; 0; 0; 0; 0; 0
1962;04; 0; 0; 0; 0; 0; 0; 0; 0; 0; 0; 0; 0; 0; 0; 0; 47; 0; 0; 0; 30; 0; 0; 0; 0; 0; 0; 0; 0; 50; 0; 9999
1962;05; 0; 0; 120; 0; 0; 0; 0; 0; 0; 0; 0; 0; 0; 0; 0; 0; 0; 0; 0; 0; 0; 0; 0; 0; 0; 0; 0; 0; 50; 0; 0
1962;06; 0; 0; 140; 195; 0; 14; 430; 275; 130; 0; 0; 0; 0; 0; 0; 0; 0; 0; 0; 0; 0; 0; 0; 0; 0; 0; 0; 0; 0; 0; 9999
1962;07; 0; 0; 0; 0; 0; 0; 0; 0; 0; 0; 0; 0; 0; 0; 0; 0; 0; 0; 5; 10; 0; 0; 0; 0; 0; 0; 0; 0; 0; 0; 0
1962;08; 0; 0; 0; 0; 0; 0; 0; 0; 0; 0; 0; 11; 3; 0; 25; 5; 33; 0; 0; 0; 0; 0; 77; 5; 0; 0; 0; 0; 0; 0; 0
1962;09; 0; 0; 35; 0; 65; 0; 0; 0; 3; 0; 0; 0; 0; 0; 0; 0; 0; 0; 0; 0; 0; 0; 20; 0; 0; 0; 0; 0; 5; 0; 9999
1962;10; 0; 200; 177; 490; 12; 0; 0; 25; 80; 100; 225; 5; 0; 0; 0; 0; 0; 175; 0; 0; 0; 0; 0; 0; 0; 0; 0; 0; 326; 195; 62
1962;11; 0; 0; 0; 0; 0; 0; 0; 70; 35; 0; 0; 0; 0; 0; 0; 0; 0; 0; 0; 12; 180; 0; 0; 0; 0; 0; 0; 0; 0; 190; 9999
1962;12; 0; 426; 0; 54; 0; 0; 0; 0; 35; 27; 592; 55; 58; 0; 8; 176; 232; 185; 62; 20; 82; 47; 28; 745; 0; 0; 768; 35; 322; 355; 342
1963;01; 453; 277; 0; 0; 0; 0; 0; 81; 78; 0; 200; 275; 0; 0; 0; 156; 0; 180; 0; 60; 79; 0; 65; 0; 12; 261; 23; 147; 0; 0; 14
1963;02; 95; 340; 452; 105; 37; 245; 40; 0; 0; 67; 0; 0; 5; 5; 67; 30; 122; 0; 0; 10; 100; 338; 0; 0; 35; 0; 0; 0; 9999; 9999; 9999
1963;03; 0; 0; 30; 6; 0; 5; 10; 0; 0; 0; 0; 0; 0; 0; 0; 0; 0; 0; 0; 25; 0; 0; 0; 235; 65; 10; 45; 0; 8; 0; 0
1963;04; 0; 0; 0; 0; 0; 0; 200; 0; 0; 0; 0; 0; 0; 0; 0; 245; 47; 0; 0; 0; 0; 0; 0; 0; 0; 0; 0; 0; 0; 0; 9999
1963;05; 0; 0; 0; 0; 0; 0; 0; 0; 0; 0; 0; 0; 0; 0; 0; 0; 0; 0; 0; 0; 0; 0; 0; 0; 0; 0; 0; 0; 0; 0; 0
1963;06; 0; 0; 0; 0; 0; 0; 0; 0; 0; 0; 0; 0; 0; 0; 0; 0; 0; 0; 0; 0; 0; 0; 0; 0; 0; 0; 0; 0; 0; 0; 9999
1963;07; 0; 0; 0; 0; 0; 0; 0; 0; 0; 0; 0; 0; 0; 0; 0; 0; 0; 0; 0; 0; 0; 0; 0; 0; 0; 0; 0; 0; 0; 0; 0
1963;08; 0; 0; 0; 0; 0; 0; 0; 0; 0; 0; 0; 0; 0; 0; 0; 0; 0; 0; 0; 0; 0; 0; 0; 0; 0; 0; 0; 0; 0; 0; 0
1963;09; 0; 0; 0; 0; 0; 0; 35; 0; 0; 0; 0; 0; 0; 0; 0; 0; 50; 0; 0; 0; 10; 0; 0; 50; 0; 0; 0; 0; 0; 0; 9999
1963;10; 0; 0; 0; 0; 0; 0; 0; 0; 0; 0; 0; 0; 0; 0; 0; 0; 0; 0; 0; 0; 0; 12; 0; 0; 0; 0; 0; 0; 0; 0; 0
1963;11; 0; 133; 0; 0; 0; 115; 0; 0; 0; 0; 0; 0; 0; 185; 7; 5; 125; 0; 15; 7; 0; 0; 0; 0; 0; 0; 0; 37; 0; 0; 9999
1963;12; 0; 75; 0; 200; 445; 30; 0; 0; 0; 0; 0; 0; 0; 85; 0; 0; 0; 0; 0; 385; 0; 0; 0; 0; 0; 0; 0; 0; 0; 0; 0
1964;01; 512; 106; 0; 0; 0; 0; 0; 0; 298; 2; 67; 0; 116; 36; 50; 200; 0; 76; 0; 0; 0; 193; 0; 295; 62; 50; 0; 0; 105; 0; 0
1964;02; 3; 1; 0; 0; 251; 0; 200; 157; 0; 11; 78; 228; 245; 85; 212; 233; 250; 396; 405; 0; 238; 0; 5; 70; 37; 0; 0; 0; 0; 9999; 9999
1964;03; 0; 37; 0; 0; 0; 17; 0; 0; 0; 0; 0; 0; 0; 0; 0; 429; 0; 0; 0; 0; 0; 0; 0; 0; 0; 0; 0; 132; 220; 125; 35
1964;04; 0; 45; 170; 0; 0; 0; 0; 0; 0; 0; 0; 0; 0; 0; 0; 0; 0; 0; 0; 0; 0; 0; 0; 0; 0; 0; 0; 0; 0; 0; 9999
1964;05; 193; 9; 0; 0; 80; 24; 0; 0; 0; 0; 0; 0; 0; 0; 0; 0; 0; 0; 0; 0; 0; 0; 0; 0; 0; 0; 0; 0; 0; 0; 0
1964;06; 0; 0; 0; 0; 0; 0; 0; 0; 0; 0; 0; 0; 0; 0; 0; 0; 0; 0; 0; 0; 0; 0; 0; 0; 0; 21; 0; 8; 0; 0; 9999
1964;07; 0; 0; 70; 220; 0; 0; 0; 0; 0; 0; 0; 0; 0; 0; 0; 0; 32; 0; 0; 61; 0; 0; 0; 0; 125; 41; 0; 0; 0; 0; 0
1964;08; 0; 0; 0; 0; 0; 0; 0; 0; 0; 0; 0; 5; 0; 0; 0; 0; 0; 0; 0; 3; 12; 0; 0; 0; 0; 0; 0; 0; 0; 0; 0
1964;09; 0; 0; 0; 0; 0; 0; 0; 0; 0; 0; 0; 0; 0; 0; 0; 0; 0; 0; 0; 0; 0; 0; 0; 21; 230; 81; 0; 215; 0; 0; 9999
1964;10; 182; 0; 150; 0; 0; 0; 275; 3; 0; 0; 0; 0; 0; 0; 0; 0; 0; 0; 0; 75; 91; 0; 0; 0; 0; 0; 263; 0; 57; 158; 132
1964;11; 5; 0; 0; 0; 0; 638; 0; 0; 0; 0; 0; 0; 0; 0; 358; 130; 0; 0; 255; 0; 83; 0; 0; 0; 0; 0; 0; 0; 0; 0; 9999
1964;12; 492; 57; 521; 90; 0; 0; 0; 0; 0; 100; 0; 0; 115; 260; 107; 0; 0; 442; 77; 0; 5; 528; 511; 145; 12; 95; 35; 0; 63; 16; 0
1965;01; 0; 1; 21; 53; 205; 0; 0; 0; 2; 0; 575; 5; 0; 55; 0; 0; 0; 43; 0; 180; 36; 0; 20; 2; 44; 0; 5; 24; 440; 210; 0
1965;02; 186; 52; 133; 0; 173; 178; 15; 0; 0; 88; 691; 205; 252; 22; 16; 0; 0; 175; 0; 0; 217; 218; 120; 60; 23; 192; 291; 95; 9999; 9999; 9999
1965;03; 10; 0; 480; 1; 0; 0; 105; 0; 195; 150; 0; 0; 0; 0; 0; 650; 7; 12; 0; 0; 0; 43; 0; 0; 60; 660; 0; 0; 0; 0; 0
1965;04; 0; 0; 0; 0; 0; 0; 0; 0; 17; 78; 0; 0; 0; 0; 0; 0; 0; 0; 75; 0; 0; 0; 0; 0; 0; 0; 0; 0; 133; 240; 9999
1965;05; 0; 0; 0; 0; 0; 0; 0; 0; 0; 0; 0; 18; 0; 0; 25; 28; 235; 0; 64; 0; 0; 0; 0; 0; 0; 0; 0; 0; 0; 0; 0
1965;06; 0; 0; 0; 0; 0; 0; 0; 0; 55; 2; 0; 0; 0; 0; 0; 0; 0; 0; 0; 0; 0; 0; 0; 44; 0; 0; 189; 0; 0; 0; 9999
1965;07; 0; 0; 0; 0; 333; 33; 85; 104; 0; 0; 31; 0; 0; 0; 0; 0; 0; 0; 0; 0; 0; 0; 0; 0; 0; 0; 0; 0; 0; 0; 106
1965;08; 0; 0; 0; 0; 12; 0; 0; 0; 0; 0; 0; 0; 0; 0; 0; 27; 0; 0; 0; 0; 0; 0; 0; 0; 0; 0; 0; 0; 0; 0; 0
1965;09; 0; 0; 0; 0; 0; 0; 0; 0; 0; 0; 0; 0; 0; 0; 0; 0; 0; 0; 0; 0; 0; 0; 0; 0; 70; 2; 89; 311; 27; 202; 9999
1965;10; 0; 0; 0; 0; 0; 0; 0; 0; 265; 0; 0; 0; 5; 0; 28; 0; 0; 38; 8; 30; 0; 0; 136; 0; 80; 12; 0; 4; 15; 55; 6
1965;11; 0; 0; 0; 0; 0; 0; 176; 0; 315; 9; 0; 0; 552; 38; 88; 0; 2; 0; 0; 0; 98; 0; 0; 0; 0; 0; 42; 6; 23; 34; 9999
1965;12; 98; 0; 488; 197; 159; 43; 406; 562; 104; 105; 106; 67; 343; 0; 310; 0; 0; 293; 0; 0; 0; 0; 0; 140; 0; 22; 350; 12; 8; 0; 26
1966;01; 82; 181; 14; 101; 121; 0; 20; 293; 0; 80; 0; 85; 0; 0; 0; 0; 0; 0; 0; 0; 0; 0; 0; 0; 0; 321; 0; 10; 0; 305; 77
1966;02; 385; 114; 0; 0; 45; 205; 498; 1445; 42; 276; 35; 18; 2; 30; 0; 0; 0; 30; 217; 0; 0; 42; 15; 10; 0; 0; 0; 260; 9999; 9999; 9999
1966;03; 0; 20; 0; 116; 48; 176; 210; 48; 13; 0; 0; 0; 0; 3; 0; 0; 0; 0; 0; 0; 0; 86; 0; 0; 0; 122; 52; 0; 0; 0; 0
1966;04; 52; 75; 164; 0; 0; 327; 0; 0; 0; 0; 0; 0; 0; 0; 0; 0; 0; 0; 0; 0; 0; 0; 0; 0; 0; 350; 15; 0; 0; 0; 9999
1966;05; 0; 0; 0; 3; 20; 8; 25; 0; 0; 29; 0; 50; 25; 0; 0; 0; 0; 0; 0; 0; 116; 122; 247; 0; 0; 0; 0; 0; 0; 0; 0
1966;06; 0; 0; 0; 0; 0; 0; 0; 0; 0; 0; 0; 0; 0; 0; 0; 0; 0; 0; 0; 0; 0; 0; 0; 0; 0; 0; 0; 0; 0; 0; 9999
1966;07; 0; 0; 0; 0; 0; 0; 0; 0; 0; 0; 0; 0; 0; 0; 0; 0; 0; 0; 0; 0; 0; 0; 0; 0; 0; 0; 0; 0; 0; 0; 32
1966;08; 150; 19; 0; 0; 0; 0; 0; 0; 0; 0; 0; 0; 0; 0; 0; 0; 0; 0; 0; 0; 0; 0; 0; 0; 0; 0; 0; 0; 0; 255; 27
1966;09; 0; 210; 45; 0; 0; 0; 0; 0; 0; 0; 0; 0; 0; 0; 0; 0; 0; 0; 0; 0; 16; 0; 0; 0; 0; 0; 0; 125; 12; 15; 9999
1966;10; 0; 0; 0; 0; 0; 0; 0; 98; 224; 0; 0; 0; 0; 0; 0; 0; 0; 0; 127; 0; 0; 0; 260; 6; 0; 0; 0; 251; 2; 942; 19
1966;11; 0; 0; 0; 0; 0; 0; 162; 0; 0; 32; 0; 0; 133; 112; 53; 211; 52; 138; 0; 0; 0; 0; 0; 0; 0; 0; 0; 0; 0; 0; 9999
1966;12; 0; 0; 11; 15; 0; 0; 0; 23; 0; 108; 10; 29; 23; 200; 0; 355; 398; 170; 270; 136; 440; 234; 535; 16; 0; 0; 0; 60; 0; 0; 0
1967;01; 5; 0; 453; 18; 0; 198; 7; 0; 177; 29; 310; 74; 0; 116; 47; 320; 12; 152; 289; 0; 160; 0; 32; 95; 76; 175; 0; 0; 17; 4; 0
1967;02; 0; 0; 51; 4; 415; 217; 134; 0; 95; 320; 0; 0; 2; 3; 51; 0; 0; 28; 234; 0; 105; 96; 0; 0; 0; 9; 15; 0; 9999; 9999; 9999
1967;03; 8; 645; 65; 10; 0; 388; 3; 104; 305; 562; 0; 1; 5; 15; 103; 95; 0; 0; 0; 0; 0; 0; 0; 286; 30; 12; 110; 15; 2; 18; 3
1967;04; 18; 0; 0; 0; 0; 0; 0; 0; 0; 0; 0; 0; 0; 0; 0; 0; 90; 0; 0; 0; 0; 0; 0; 0; 0; 0; 0; 563; 0; 0; 9999
1967;05; 0; 0; 0; 174; 0; 0; 0; 0; 0; 0; 0; 0; 0; 0; 0; 0; 0; 0; 0; 0; 0; 0; 0; 0; 0; 0; 0; 0; 0; 0; 0
1967;06; 0; 0; 0; 0; 0; 0; 104; 267; 0; 0; 0; 56; 63; 3; 0; 0; 0; 0; 0; 0; 0; 0; 0; 0; 0; 0; 0; 0; 0; 0; 9999
1967;07; 0; 0; 0; 0; 0; 0; 0; 0; 0; 0; 0; 0; 0; 0; 0; 0; 0; 0; 0; 0; 0; 0; 4; 0; 0; 0; 0; 0; 0; 0; 0
1967;08; 0; 0; 0; 0; 0; 0; 0; 0; 0; 0; 0; 0; 0; 0; 0; 0; 0; 0; 0; 0; 0; 0; 0; 0; 0; 0; 0; 0; 0; 0; 0
1967;09; 0; 0; 0; 0; 0; 0; 0; 0; 0; 0; 0; 0; 200; 320; 0; 0; 0; 0; 0; 0; 0; 0; 0; 0; 0; 0; 0; 0; 0; 0; 9999
1967;10; 0; 0; 0; 0; 0; 0; 0; 0; 0; 0; 0; 0; 0; 0; 0; 0; 116; 0; 0; 30; 10; 36; 8; 243; 130; 580; 429; 0; 0; 0; 0
1967;11; 0; 0; 0; 52; 0; 0; 0; 0; 0; 0; 68; 0; 30; 7; 0; 52; 495; 8; 0; 0; 0; 0; 245; 90; 52; 46; 516; 0; 0; 0; 9999
1967;12; 0; 0; 0; 216; 36; 5; 0; 0; 146; 475; 60; 18; 0; 0; 48; 0; 144; 143; 47; 0; 18; 6; 164; 64; 12; 227; 253; 80; 27; 86; 0
1968;01; 0; 280; 18; 0; 28; 0; 0; 0; 0; 723; 84; 147; 18; 0; 279; 391; 25; 15; 10; 0; 0; 48; 52; 0; 0; 0; 0; 25; 0; 0; 180
1968;02; 0; 0; 0; 0; 0; 30; 0; 0; 0; 0; 6; 0; 0; 63; 154; 85; 3; 152; 0; 0; 230; 0; 0; 438; 84; 0; 0; 0; 0; 9999; 9999
1968;03; 0; 0; 0; 0; 0; 5; 68; 298; 0; 167; 0; 0; 0; 0; 214; 128; 118; 0; 0; 0; 22; 0; 0; 0; 0; 0; 0; 0; 0; 0; 0
1968;04; 2; 0; 15; 0; 0; 0; 0; 0; 0; 0; 0; 0; 125; 0; 0; 0; 0; 0; 0; 348; 14; 0; 0; 0; 0; 0; 0; 0; 0; 0; 9999
1968;05; 0; 0; 0; 0; 0; 0; 0; 0; 0; 3; 0; 0; 0; 0; 0; 0; 0; 0; 0; 0; 0; 0; 0; 0; 0; 0; 0; 0; 0; 0; 0
1968;06; 0; 0; 0; 0; 0; 0; 0; 13; 0; 0; 0; 0; 0; 0; 0; 0; 0; 0; 0; 0; 2; 0; 0; 0; 0; 2; 0; 0; 0; 0; 9999
1968;07; 0; 0; 0; 0; 0; 0; 0; 0; 0; 45; 2; 0; 0; 0; 0; 0; 0; 0; 0; 0; 0; 0; 0; 0; 0; 0; 0; 0; 0; 0; 0
1968;08; 0; 0; 0; 0; 2; 0; 0; 6; 246; 65; 0; 0; 0; 0; 0; 0; 0; 0; 0; 0; 0; 0; 0; 0; 0; 0; 0; 0; 0; 0; 114
1968;09; 0; 0; 40; 118; 0; 0; 0; 0; 0; 0; 0; 0; 0; 0; 0; 0; 0; 0; 0; 4; 86; 0; 0; 0; 0; 0; 0; 0; 0; 0; 9999
1968;10; 13; 0; 0; 0; 0; 0; 0; 0; 0; 0; 0; 0; 0; 0; 0; 8; 344; 271; 129; 0; 0; 0; 49; 177; 30; 0; 0; 66; 0; 0; 0
1968;11; 0; 0; 0; 0; 0; 13; 0; 0; 0; 0; 87; 0; 0; 0; 0; 0; 154; 37; 0; 22; 0; 0; 0; 0; 0; 8; 220; 55; 0; 7; 9999
1968;12; 35; 400; 315; 172; 0; 0; 108; 0; 0; 0; 0; 0; 0; 0; 0; 0; 0; 413; 0; 24; 0; 0; 0; 0; 75; 0; 112; 226; 11; 1; 74
1969;01; 0; 14; 0; 0; 1; 0; 0; 0; 0; 0; 240; 0; 46; 0; 0; 0; 0; 12; 0; 0; 0; 234; 761; 56; 0; 3; 0; 7; 12; 0; 1
1969;02; 0; 0; 183; 0; 0; 4; 0; 103; 148; 136; 0; 38; 0; 13; 257; 61; 0; 0; 0; 416; 9; 0; 128; 0; 0; 0; 0; 0; 9999; 9999; 9999
1969;03; 278; 0; 5; 53; 0; 0; 0; 0; 0; 0; 0; 0; 0; 2; 428; 0; 0; 0; 0; 0; 0; 52; 6; 10; 0; 45; 0; 0; 2; 0; 6
1969;04; 71; 69; 0; 0; 27; 36; 0; 0; 18; 0; 0; 7; 0; 119; 0; 0; 0; 0; 0; 0; 0; 0; 1; 0; 0; 0; 0; 0; 22; 0; 9999
1969;05; 0; 0; 0; 25; 0; 0; 0; 0; 0; 0; 0; 0; 0; 0; 0; 0; 0; 0; 0; 0; 0; 0; 0; 0; 0; 0; 0; 0; 0; 192; 0
1969;06; 0; 40; 103; 6; 0; 0; 0; 0; 0; 0; 0; 0; 0; 0; 0; 0; 0; 0; 0; 0; 38; 125; 0; 0; 0; 0; 0; 0; 0; 0; 9999
1969;07; 0; 0; 0; 0; 0; 0; 0; 0; 0; 0; 0; 0; 56; 41; 0; 0; 0; 0; 0; 0; 0; 0; 0; 0; 0; 0; 0; 0; 0; 0; 0
1969;08; 0; 0; 10; 0; 0; 0; 16; 0; 0; 0; 0; 0; 0; 0; 0; 0; 0; 0; 0; 0; 0; 0; 0; 0; 0; 0; 0; 0; 0; 0; 0
1969;09; 0; 0; 0; 0; 22; 0; 0; 0; 0; 0; 0; 0; 0; 0; 0; 0; 0; 0; 0; 5; 129; 0; 0; 0; 0; 0; 0; 0; 4; 166; 9999
1969;10; 286; 7; 0; 190; 64; 0; 48; 0; 0; 0; 41; 0; 0; 0; 3; 0; 0; 80; 9; 89; 0; 0; 343; 0; 0; 0; 0; 0; 0; 0; 0
1969;11; 2; 0; 19; 30; 2; 0; 8; 214; 0; 97; 0; 0; 74; 350; 25; 125; 0; 0; 130; 0; 0; 0; 0; 0; 0; 0; 22; 6; 23; 0; 9999
1969;12; 638; 14; 0; 0; 23; 0; 3; 0; 0; 0; 0; 182; 32; 26; 230; 0; 0; 0; 0; 0; 0; 0; 258; 32; 48; 0; 0; 0; 0; 0; 135
1970;01; 117; 23; 169; 198; 0; 0; 0; 0; 0; 195; 0; 0; 0; 0; 106; 426; 290; 4; 416; 104; 308; 0; 0; 0; 0; 0; 0; 0; 43; 94; 39
1970;02; 44; 25; 0; 0; 62; 88; 74; 7; 0; 437; 150; 4; 61; 338; 197; 57; 260; 306; 103; 19; 210; 782; 41; 261; 15; 0; 0; 48; 9999; 9999; 9999
1970;03; 0; 21; 9; 22; 83; 0; 202; 0; 0; 0; 5; 0; 88; 170; 46; 0; 51; 308; 13; 84; 0; 0; 0; 96; 0; 0; 0; 15; 0; 0; 0
1970;04; 68; 0; 3; 15; 0; 136; 0; 0; 0; 0; 23; 19; 0; 0; 0; 0; 0; 0; 0; 0; 0; 0; 0; 0; 0; 0; 0; 0; 0; 0; 9999
1970;05; 0; 0; 0; 0; 0; 0; 42; 124; 0; 0; 0; 0; 0; 0; 0; 0; 0; 0; 0; 0; 76; 8; 8; 0; 0; 0; 0; 0; 0; 0; 0
1970;06; 0; 0; 0; 0; 0; 0; 0; 0; 0; 0; 0; 0; 0; 0; 0; 0; 0; 0; 0; 0; 0; 0; 0; 493; 9; 0; 6; 4; 147; 18; 9999
1970;07; 0; 0; 0; 0; 0; 0; 0; 0; 0; 42; 80; 33; 27; 8; 0; 0; 0; 0; 0; 0; 0; 0; 0; 0; 0; 0; 0; 0; 0; 0; 0
1970;08; 0; 0; 0; 0; 0; 0; 0; 0; 0; 0; 0; 0; 0; 0; 0; 0; 0; 0; 0; 0; 0; 0; 0; 0; 0; 0; 195; 0; 0; 13; 9
1970;09; 15; 0; 0; 0; 0; 0; 68; 0; 0; 3; 0; 0; 170; 13; 5; 7; 4; 0; 0; 45; 15; 109; 0; 0; 0; 0; 0; 0; 0; 0; 9999
1970;10; 0; 264; 410; 214; 13; 0; 0; 0; 8; 0; 0; 0; 36; 0; 0; 0; 6; 0; 0; 0; 0; 24; 7; 0; 0; 0; 0; 0; 116; 0; 0
1970;11; 0; 0; 0; 0; 0; 0; 111; 110; 121; 0; 0; 0; 0; 13; 10; 0; 0; 0; 0; 0; 0; 116; 0; 0; 0; 0; 0; 49; 123; 0; 9999
1970;12; 70; 0; 0; 0; 0; 0; 0; 0; 0; 428; 26; 0; 0; 9; 0; 13; 0; 76; 105; 534; 15; 0; 0; 0; 17; 11; 12; 102; 13; 60; 54
1971;01; 11; 0; 0; 13; 0; 75; 84; 36; 0; 32; 147; 0; 102; 24; 7; 0; 0; 42; 11; 310; 0; 40; 10; 0; 0; 0; 0; 0; 20; 8; 50
1971;02; 0; 0; 0; 0; 0; 0; 245; 2; 1; 7; 41; 0; 48; 46; 3; 36; 0; 0; 0; 108; 50; 308; 0; 7; 39; 271; 177; 72; 9999; 9999; 9999
1971;03; 0; 0; 0; 0; 0; 0; 260; 0; 398; 14; 153; 244; 0; 0; 0; 0; 28; 0; 0; 0; 0; 23; 0; 40; 0; 0; 0; 66; 133; 0; 0
1971;04; 0; 0; 0; 0; 0; 0; 0; 0; 162; 6; 0; 0; 0; 150; 0; 0; 11; 5; 0; 0; 39; 30; 60; 0; 0; 0; 0; 0; 0; 0; 9999
1971;05; 0; 8; 353; 19; 134; 52; 0; 4; 3; 0; 0; 0; 0; 0; 0; 0; 0; 0; 0; 0; 0; 0; 0; 0; 0; 112; 265; 0; 0; 0; 0
1971;06; 0; 0; 0; 0; 0; 0; 0; 0; 0; 0; 0; 124; 225; 30; 3; 117; 12; 0; 211; 25; 0; 0; 0; 0; 0; 0; 0; 0; 0; 0; 9999
1971;07; 0; 0; 0; 0; 148; 0; 0; 0; 0; 0; 0; 0; 0; 0; 0; 0; 0; 0; 0; 0; 0; 0; 0; 0; 0; 0; 0; 0; 0; 484; 32
1971;08; 0; 0; 0; 0; 0; 0; 0; 0; 0; 0; 0; 0; 0; 0; 0; 0; 0; 0; 0; 0; 0; 0; 0; 0; 0; 0; 0; 0; 0; 0; 0
1971;09; 0; 0; 7; 0; 0; 0; 3; 6; 105; 0; 0; 208; 0; 0; 0; 0; 0; 0; 0; 0; 0; 0; 0; 0; 185; 0; 53; 0; 10; 0; 9999
1971;10; 112; 0; 22; 0; 0; 0; 119; 188; 0; 0; 89; 64; 0; 0; 0; 40; 42; 0; 0; 0; 0; 0; 0; 0; 0; 0; 0; 0; 58; 0; 0
1971;11; 173; 661; 0; 80; 0; 0; 0; 0; 22; 0; 0; 0; 0; 0; 0; 0; 0; 0; 68; 0; 0; 0; 0; 0; 0; 0; 0; 213; 0; 2; 9999
1971;12; 70; 0; 62; 460; 24; 0; 0; 232; 283; 145; 581; 104; 25; 10; 110; 0; 0; 0; 118; 15; 8; 0; 25; 474; 31; 4; 740; 0; 0; 0; 0
1972;01; 8; 0; 0; 335; 0; 0; 3; 472; 0; 231; 2; 205; 46; 0; 8; 0; 46; 0; 0; 0; 0; 171; 172; 575; 188; 18; 219; 59; 7; 48; 6
1972;02; 19; 0; 56; 413; 102; 71; 369; 24; 257; 0; 135; 0; 82; 39; 316; 37; 30; 0; 0; 553; 622; 174; 158; 0; 58; 398; 5; 9; 0; 9999; 9999
1972;03; 0; 0; 0; 5; 48; 70; 58; 0; 0; 360; 38; 213; 12; 0; 0; 0; 0; 0; 369; 0; 222; 0; 0; 0; 0; 49; 107; 76; 0; 0; 0
1972;04; 11; 3; 0; 14; 0; 0; 0; 0; 0; 0; 0; 0; 0; 0; 35; 13; 0; 0; 0; 0; 0; 0; 0; 0; 0; 0; 21; 5; 0; 0; 9999
1972;05; 0; 0; 31; 0; 0; 0; 0; 1; 0; 0; 0; 0; 0; 0; 0; 0; 0; 0; 0; 0; 0; 0; 162; 48; 266; 0; 0; 0; 0; 0; 0
1972;06; 0; 0; 0; 0; 0; 0; 0; 0; 0; 0; 0; 0; 0; 0; 0; 0; 0; 0; 0; 0; 0; 0; 0; 0; 0; 0; 0; 0; 0; 0; 9999
1972;07; 0; 0; 0; 0; 0; 0; 0; 184; 0; 80; 81; 0; 132; 0; 10; 4; 26; 0; 0; 0; 0; 0; 0; 0; 0; 0; 72; 0; 0; 0; 0
1972;08; 0; 0; 0; 17; 328; 15; 4; 0; 0; 0; 0; 0; 0; 0; 0; 0; 0; 0; 0; 0; 0; 0; 35; 0; 0; 0; 0; 0; 0; 100; 0
1972;09; 7; 0; 0; 0; 115; 0; 0; 0; 0; 0; 126; 211; 0; 101; 0; 0; 0; 0; 0; 0; 0; 0; 0; 54; 6; 0; 0; 20; 186; 12; 9999
1972;10; 142; 306; 307; 282; 348; 0; 0; 0; 0; 185; 326; 0; 0; 0; 244; 0; 0; 0; 0; 0; 0; 0; 0; 0; 0; 0; 0; 0; 116; 61; 12
1972;11; 561; 20; 10; 0; 145; 0; 0; 0; 222; 249; 203; 137; 8; 39; 0; 206; 0; 79; 0; 237; 0; 0; 0; 0; 86; 65; 8; 0; 0; 0; 9999
1972;12; 20; 0; 0; 46; 0; 17; 0; 0; 0; 0; 0; 144; 0; 0; 0; 0; 0; 0; 139; 0; 0; 98; 369; 53; 9; 10; 3; 0; 30; 0; 0
1973;01; 42; 8; 0; 0; 0; 55; 0; 0; 5; 0; 38; 0; 0; 76; 0; 42; 354; 20; 4; 268; 10; 0; 128; 42; 23; 85; 0; 0; 0; 0; 0
1973;02; 44; 0; 0; 0; 313; 54; 0; 0; 0; 0; 24; 228; 380; 51; 385; 185; 0; 0; 0; 0; 53; 0; 0; 0; 0; 0; 152; 0; 9999; 9999; 9999
1973;03; 0; 0; 83; 0; 0; 0; 0; 95; 0; 136; 0; 0; 0; 0; 0; 0; 0; 174; 66; 0; 0; 213; 0; 0; 0; 0; 0; 0; 0; 52; 205
1973;04; 132; 13; 0; 152; 0; 0; 0; 0; 0; 0; 468; 65; 18; 0; 0; 0; 0; 0; 0; 0; 82; 0; 27; 0; 0; 0; 0; 0; 0; 0; 9999
1973;05; 0; 0; 0; 0; 0; 0; 0; 0; 0; 240; 0; 140; 0; 0; 0; 0; 0; 0; 0; 0; 0; 348; 12; 0; 13; 0; 0; 0; 0; 0; 0
1973;06; 0; 0; 0; 0; 0; 0; 0; 0; 0; 0; 0; 0; 0; 0; 0; 0; 0; 3; 73; 0; 0; 0; 0; 0; 0; 0; 12; 0; 7; 0; 9999
1973;07; 0; 0; 3; 0; 0; 0; 0; 0; 0; 0; 0; 0; 0; 0; 0; 0; 0; 0; 0; 0; 0; 53; 0; 0; 0; 0; 0; 140; 0; 0; 0
1973;08; 0; 0; 0; 0; 0; 0; 0; 0; 0; 0; 0; 0; 0; 0; 0; 0; 0; 0; 0; 0; 0; 0; 0; 0; 0; 0; 0; 40; 0; 0; 0
1973;09; 0; 63; 0; 0; 0; 0; 0; 0; 0; 5; 0; 0; 0; 0; 0; 0; 0; 0; 0; 0; 0; 0; 0; 0; 0; 18; 0; 0; 0; 0; 9999
1973;10; 0; 10; 0; 0; 0; 0; 356; 0; 13; 0; 0; 118; 0; 0; 0; 0; 0; 0; 384; 0; 0; 0; 0; 14; 0; 0; 880; 0; 0; 0; 248
1973;11; 83; 93; 0; 0; 0; 0; 0; 0; 0; 0; 0; 135; 48; 22; 0; 0; 10; 482; 105; 0; 0; 0; 0; 0; 12; 0; 0; 34; 0; 0; 9999
1973;12; 0; 0; 92; 90; 220; 88; 89; 67; 21; 0; 0; 0; 21; 0; 0; 34; 0; 160; 0; 0; 58; 142; 72; 80; 23; 65; 0; 0; 34; 168; 426
1974;01; 35; 52; 0; 0; 0; 18; 0; 1001; 148; 0; 145; 33; 297; 231; 244; 23; 275; 8; 0; 4; 0; 0; 0; 42; 0; 5; 6; 0; 298; 24; 73
1974;02; 170; 64; 23; 0; 344; 0; 0; 0; 68; 0; 0; 19; 0; 357; 22; 0; 0; 0; 0; 0; 0; 68; 81; 46; 0; 0; 0; 0; 9999; 9999; 9999
1974;03; 0; 0; 0; 12; 125; 0; 661; 143; 125; 16; 49; 14; 8; 0; 312; 0; 34; 158; 496; 562; 0; 140; 51; 7; 23; 0; 0; 0; 0; 0; 0
1974;04; 10; 45; 0; 42; 0; 54; 0; 27; 0; 5; 125; 0; 0; 95; 0; 0; 0; 0; 0; 0; 0; 0; 0; 37; 36; 28; 0; 0; 0; 0; 9999
1974;05; 0; 0; 0; 0; 0; 0; 0; 0; 0; 0; 0; 0; 16; 5; 0; 0; 65; 0; 0; 0; 12; 0; 0; 0; 0; 0; 4; 0; 0; 0; 0
1974;06; 0; 0; 5; 40; 43; 0; 0; 0; 0; 0; 0; 13; 43; 0; 0; 0; 0; 0; 0; 0; 0; 258; 0; 0; 0; 0; 97; 0; 0; 0; 9999
1974;07; 0; 0; 0; 0; 0; 0; 0; 0; 0; 0; 0; 0; 0; 0; 0; 0; 0; 0; 0; 0; 0; 0; 0; 0; 0; 0; 0; 0; 0; 0; 0
1974;08; 0; 0; 0; 0; 0; 0; 0; 0; 0; 0; 0; 0; 32; 0; 0; 0; 0; 0; 0; 0; 0; 0; 0; 0; 0; 0; 0; 0; 0; 0; 0
1974;09; 0; 0; 0; 0; 0; 0; 0; 0; 0; 0; 0; 0; 0; 0; 0; 0; 0; 0; 0; 0; 33; 0; 0; 0; 0; 0; 77; 0; 122; 20; 9999
1974;10; 5; 86; 0; 0; 330; 0; 0; 0; 0; 14; 0; 0; 0; 0; 0; 0; 293; 0; 28; 5; 0; 0; 0; 20; 228; 190; 50; 60; 0; 210; 0
1974;11; 0; 0; 0; 0; 0; 75; 10; 0; 0; 0; 0; 0; 262; 0; 0; 0; 0; 0; 0; 0; 131; 64; 0; 0; 0; 0; 0; 33; 224; 0; 9999
1974;12; 0; 0; 314; 14; 205; 118; 5; 0; 0; 0; 0; 0; 4; 83; 227; 192; 89; 216; 84; 92; 193; 68; 15; 196; 212; 12; 24; 238; 155; 148; 54
1975;01; 336; 99; 0; 0; 0; 0; 54; 28; 13; 10; 0; 170; 13; 3; 48; 0; 0; 0; 555; 8; 59; 0; 0; 62; 13; 12; 132; 0; 21; 34; 174
1975;02; 0; 71; 38; 165; 98; 296; 163; 242; 47; 108; 0; 0; 0; 0; 0; 0; 0; 0; 0; 7; 13; 60; 104; 16; 458; 61; 0; 180; 9999; 9999; 9999
1975;03; 8; 0; 63; 364; 0; 0; 0; 38; 0; 7; 0; 0; 0; 0; 0; 0; 425; 0; 0; 0; 0; 0; 0; 44; 0; 34; 0; 0; 0; 0; 149
1975;04; 306; 0; 0; 0; 0; 0; 0; 0; 13; 104; 129; 13; 0; 0; 60; 185; 0; 0; 0; 0; 0; 0; 0; 0; 0; 0; 0; 0; 0; 0; 9999
1975;05; 7; 0; 0; 0; 0; 0; 0; 0; 0; 0; 0; 0; 0; 0; 0; 0; 0; 0; 0; 0; 0; 0; 0; 0; 0; 0; 0; 0; 0; 0; 0
1975;06; 0; 0; 0; 0; 0; 0; 0; 0; 0; 0; 0; 0; 0; 0; 0; 0; 0; 0; 0; 0; 0; 0; 0; 0; 0; 0; 0; 0; 0; 0; 9999
1975;07; 0; 0; 0; 238; 0; 35; 0; 0; 0; 0; 0; 0; 0; 0; 0; 0; 3; 0; 0; 0; 0; 0; 0; 0; 0; 0; 0; 0; 0; 2; 0
1975;08; 0; 0; 0; 0; 0; 0; 0; 0; 0; 0; 0; 0; 0; 0; 0; 0; 0; 0; 0; 0; 0; 0; 0; 0; 0; 0; 0; 0; 0; 0; 0
1975;09; 0; 0; 0; 0; 0; 0; 0; 0; 0; 0; 0; 0; 0; 0; 0; 0; 0; 0; 0; 0; 0; 0; 0; 2; 0; 1; 38; 303; 0; 0; 9999
1975;10; 39; 0; 67; 234; 0; 61; 0; 20; 39; 0; 0; 6; 0; 13; 3; 0; 88; 70; 554; 0; 1; 0; 0; 0; 0; 0; 0; 0; 0; 0; 20
1975;11; 0; 31; 1; 0; 0; 0; 601; 1; 0; 183; 0; 307; 0; 0; 0; 4; 124; 13; 0; 202; 39; 8; 0; 295; 198; 1170; 122; 554; 1; 8; 9999
1975;12; 183; 180; 0; 0; 49; 0; 0; 0; 0; 119; 0; 0; 0; 40; 70; 0; 0; 49; 0; 0; 0; 8; 0; 33; 377; 123; 54; 47; 0; 7; 0
1976;01; 0; 188; 62; 6; 93; 0; 570; 340; 5; 0; 0; 192; 0; 0; 67; 0; 0; 15; 0; 52; 117; 232; 0; 0; 0; 9; 3; 157; 77; 0; 145
1976;02; 504; 424; 19; 0; 18; 132; 94; 338; 0; 0; 0; 0; 0; 0; 112; 78; 80; 6; 6; 2; 60; 241; 260; 0; 230; 300; 40; 0; 374; 9999; 9999
1976;03; 5; 174; 0; 0; 0; 0; 0; 0; 4; 1; 0; 0; 0; 78; 0; 0; 140; 299; 535; 0; 127; 0; 33; 0; 20; 0; 2; 0; 0; 0; 0
1976;04; 1; 0; 0; 0; 0; 0; 0; 0; 171; 330; 168; 5; 0; 155; 0; 0; 0; 0; 0; 0; 0; 82; 0; 0; 0; 0; 0; 0; 0; 0; 9999
1976;05; 0; 0; 0; 0; 0; 0; 0; 17; 0; 0; 9; 0; 0; 0; 4; 0; 2; 6; 83; 13; 87; 0; 0; 0; 0; 0; 15; 430; 81; 0; 0
1976;06; 0; 0; 0; 0; 92; 35; 0; 0; 0; 0; 0; 0; 0; 0; 0; 0; 0; 0; 0; 0; 0; 0; 0; 0; 0; 0; 0; 0; 0; 1; 9999
1976;07; 0; 0; 251; 5; 0; 0; 0; 0; 0; 45; 0; 0; 0; 0; 0; 0; 0; 0; 0; 0; 0; 160; 0; 0; 0; 0; 0; 0; 0; 0; 0
1976;08; 0; 0; 0; 0; 0; 14; 0; 0; 0; 100; 0; 2; 41; 482; 0; 0; 0; 0; 5; 231; 0; 0; 0; 0; 0; 0; 0; 0; 0; 0; 0
1976;09; 0; 0; 0; 0; 17; 207; 21; 0; 0; 0; 0; 0; 1; 188; 20; 485; 0; 0; 0; 0; 0; 0; 0; 0; 0; 60; 108; 0; 0; 0; 9999
1976;10; 0; 0; 0; 0; 0; 182; 0; 0; 318; 150; 0; 0; 0; 0; 0; 0; 0; 87; 83; 15; 0; 0; 0; 0; 100; 49; 0; 0; 0; 49; 50
1976;11; 5; 150; 0; 7; 494; 157; 0; 0; 0; 0; 0; 5; 93; 0; 0; 219; 0; 0; 0; 39; 174; 145; 0; 0; 0; 115; 388; 0; 12; 0; 9999
1976;12; 49; 47; 1; 0; 0; 0; 0; 5; 4; 0; 5; 82; 24; 344; 402; 71; 200; 290; 0; 253; 100; 70; 59; 442; 60; 230; 97; 608; 2; 0; 22
1977;01; 22; 0; 8; 142; 30; 201; 287; 52; 0; 0; 0; 0; 0; 0; 30; 0; 6; 13; 182; 360; 2; 29; 455; 68; 100; 83; 33; 68; 0; 0; 4
1977;02; 247; 53; 8; 159; 384; 0; 0; 0; 33; 14; 0; 7; 8; 0; 0; 0; 0; 0; 0; 0; 0; 98; 93; 16; 57; 9; 3; 0; 9999; 9999; 9999
1977;03; 0; 0; 284; 0; 0; 0; 68; 0; 0; 0; 0; 0; 0; 6; 0; 0; 0; 0; 48; 0; 32; 300; 38; 0; 0; 0; 0; 0; 40; 8; 161
1977;04; 0; 0; 0; 368; 23; 0; 0; 0; 39; 265; 23; 0; 0; 0; 0; 0; 0; 0; 62; 253; 124; 161; 0; 0; 0; 0; 0; 0; 0; 0; 9999
1977;05; 0; 2; 28; 0; 0; 0; 0; 0; 0; 0; 0; 0; 0; 0; 0; 1; 57; 0; 0; 0; 0; 0; 0; 0; 0; 0; 0; 0; 0; 0; 0
1977;06; 11; 0; 0; 0; 56; 0; 0; 0; 0; 0; 0; 0; 0; 0; 8; 165; 0; 0; 0; 0; 0; 10; 0; 0; 0; 0; 0; 0; 0; 0; 9999
1977;07; 0; 0; 0; 0; 0; 0; 0; 0; 0; 0; 0; 0; 0; 0; 0; 0; 0; 0; 0; 0; 0; 0; 10; 0; 1; 0; 0; 0; 0; 0; 0
1977;08; 0; 0; 0; 0; 0; 0; 0; 0; 0; 0; 0; 0; 0; 0; 0; 0; 0; 0; 0; 0; 0; 0; 0; 0; 0; 0; 0; 0; 1; 38; 61
1977;09; 205; 294; 21; 0; 0; 0; 22; 59; 0; 0; 0; 0; 0; 0; 0; 0; 0; 19; 27; 0; 97; 0; 41; 528; 0; 0; 0; 0; 0; 0; 9999
1977;10; 87; 13; 0; 0; 0; 0; 0; 0; 0; 0; 0; 0; 2; 0; 0; 7; 198; 5; 0; 0; 0; 0; 0; 0; 0; 0; 290; 117; 46; 0; 158
1977;11; 0; 328; 0; 0; 0; 0; 0; 0; 0; 0; 0; 235; 0; 0; 16; 136; 311; 153; 371; 5; 96; 0; 3; 0; 65; 0; 63; 79; 107; 5; 9999
1977;12; 134; 556; 500; 130; 150; 46; 0; 132; 0; 36; 39; 0; 0; 0; 34; 0; 0; 22; 202; 49; 122; 80; 345; 192; 5; 0; 0; 0; 0; 65; 0
1978;01; 10; 67; 20; 100; 46; 47; 71; 31; 32; 215; 448; 18; 25; 32; 29; 716; 337; 186; 0; 0; 0; 18; 0; 0; 0; 0; 20; 329; 0; 0; 4
1978;02; 0; 0; 0; 0; 0; 134; 2; 166; 0; 0; 0; 0; 0; 0; 0; 129; 0; 267; 0; 0; 0; 2; 291; 0; 19; 0; 260; 0; 9999; 9999; 9999
1978;03; 0; 68; 31; 6; 0; 0; 0; 20; 774; 712; 114; 0; 0; 0; 3; 0; 0; 0; 0; 0; 0; 216; 0; 0; 4; 0; 0; 131; 90; 61; 0
1978;04; 8; 0; 0; 0; 0; 0; 0; 0; 0; 0; 0; 0; 0; 0; 0; 0; 0; 0; 48; 0; 0; 47; 0; 0; 0; 0; 0; 0; 0; 0; 9999
1978;05; 2; 0; 0; 0; 0; 0; 0; 0; 0; 0; 0; 0; 0; 0; 0; 0; 293; 620; 122; 0; 45; 95; 195; 0; 0; 17; 0; 57; 0; 982; 16
1978;06; 0; 0; 0; 36; 0; 0; 0; 266; 0; 0; 0; 0; 0; 0; 0; 0; 0; 0; 0; 0; 0; 0; 0; 0; 0; 0; 0; 0; 0; 0; 9999
1978;07; 0; 0; 0; 0; 0; 0; 0; 0; 0; 0; 0; 0; 0; 0; 0; 134; 27; 88; 0; 22; 210; 80; 0; 0; 19; 0; 0; 0; 0; 0; 0
1978;08; 0; 0; 0; 0; 0; 0; 0; 0; 0; 0; 0; 0; 0; 0; 0; 0; 0; 0; 0; 0; 0; 0; 0; 0; 0; 0; 0; 0; 0; 0; 0
1978;09; 1; 3; 0; 0; 3; 5; 0; 190; 0; 0; 0; 0; 0; 0; 154; 0; 83; 0; 0; 0; 0; 3; 0; 0; 0; 0; 0; 0; 0; 0; 9999
1978;10; 0; 0; 0; 0; 0; 0; 0; 0; 0; 0; 284; 0; 0; 9; 0; 0; 74; 0; 166; 0; 0; 0; 0; 0; 0; 0; 1; 10; 14; 40; 9
1978;11; 145; 0; 0; 53; 57; 55; 0; 0; 0; 12; 74; 790; 78; 0; 0; 0; 105; 6; 0; 0; 0; 77; 0; 325; 15; 0; 20; 102; 8; 0; 9999
1978;12; 0; 0; 41; 0; 0; 0; 175; 58; 505; 127; 145; 0; 133; 2; 265; 18; 308; 446; 0; 0; 0; 0; 123; 25; 0; 474; 934; 720; 155; 0; 0
1979;01; 38; 19; 88; 133; 354; 11; 0; 0; 0; 0; 254; 189; 424; 0; 0; 0; 0; 0; 0; 0; 1568; 25; 0; 0; 0; 150; 0; 1094; 80; 150; 0
1979;02; 0; 0; 0; 65; 0; 0; 0; 116; 0; 18; 4; 0; 31; 347; 17; 0; 0; 113; 0; 4; 0; 1; 355; 340; 0; 0; 5; 0; 9999; 9999; 9999
1979;03; 0; 0; 97; 0; 0; 0; 0; 0; 0; 0; 40; 37; 153; 226; 234; 0; 0; 0; 0; 6; 0; 0; 43; 7; 0; 0; 0; 0; 0; 0; 0
1979;04; 0; 0; 4; 143; 520; 37; 0; 0; 0; 0; 0; 0; 0; 0; 0; 0; 0; 0; 0; 0; 0; 0; 0; 0; 0; 0; 1; 0; 2; 397; 9999
1979;05; 5; 40; 2; 0; 248; 1; 4; 0; 0; 4; 0; 0; 0; 2; 1; 0; 0; 0; 0; 0; 0; 1; 0; 0; 0; 0; 0; 0; 109; 55; 2
1979;06; 2; 1; 0; 0; 0; 1; 1; 0; 0; 0; 0; 1; 1; 1; 0; 0; 0; 1; 0; 1; 1; 0; 0; 1; 0; 0; 0; 0; 0; 0; 9999
1979;07; 0; 0; 0; 2; 3; 0; 0; 0; 1; 0; 0; 0; 0; 0; 0; 0; 0; 0; 0; 88; 2; 0; 2; 93; 132; 0; 55; 0; 0; 0; 0
1979;08; 0; 0; 0; 0; 0; 0; 0; 0; 0; 0; 0; 0; 0; 0; 0; 0; 0; 0; 270; 1; 1; 0; 0; 0; 0; 0; 84; 0; 0; 0; 0
1979;09; 0; 0; 70; 0; 0; 0; 0; 0; 2; 83; 136; 113; 0; 287; 295; 90; 2; 0; 0; 0; 0; 0; 139; 20; 0; 0; 0; 0; 0; 0; 9999
1979;10; 0; 0; 0; 0; 0; 0; 0; 0; 3; 0; 0; 0; 38; 107; 110; 0; 0; 0; 0; 0; 0; 0; 0; 0; 0; 0; 202; 0; 0; 0; 26
1979;11; 0; 200; 0; 34; 0; 11; 0; 145; 82; 447; 31; 1; 0; 0; 0; 0; 0; 0; 9; 0; 0; 0; 89; 98; 106; 267; 0; 0; 0; 0; 9999
1979;12; 0; 1; 235; 303; 80; 0; 0; 0; 0; 0; 7; 13; 310; 127; 355; 35; 19; 0; 0; 260; 0; 110; 323; 75; 303; 204; 295; 215; 7; 0; 239
1980;01; 108; 0; 0; 0; 0; 0; 0; 128; 342; 615; 377; 271; 0; 2; 0; 0; 2; 1220; 140; 7; 120; 78; 469; 0; 489; 0; 50; 1; 0; 0; 472
1980;02; 0; 0; 0; 0; 0; 0; 0; 41; 0; 509; 46; 116; 95; 15; 1; 0; 12; 211; 6; 0; 0; 0; 232; 171; 18; 246; 88; 117; 294; 9999; 9999
1980;03; 76; 0; 0; 49; 0; 0; 31; 0; 0; 0; 0; 3; 31; 262; 167; 16; 152; 87; 0; 15; 1; 0; 0; 1; 0; 0; 1; 2; 1; 46; 0
1980;04; 0; 0; 422; 33; 163; 0; 2; 1; 0; 20; 4; 3; 1; 17; 156; 3; 0; 0; 0; 0; 0; 0; 0; 0; 0; 0; 0; 0; 0; 0; 9999
1980;05; 0; 24; 6; 2; 2; 1; 0; 0; 0; 0; 0; 1; 0; 0; 0; 0; 0; 0; 0; 0; 0; 28; 0; 0; 0; 0; 0; 0; 0; 0; 0
1980;06; 0; 0; 8; 2; 0; 0; 0; 0; 0; 0; 0; 0; 0; 20; 0; 0; 0; 0; 0; 0; 0; 0; 0; 0; 61; 56; 207; 0; 0; 0; 9999
1980;07; 1; 1; 0; 0; 0; 0; 0; 0; 0; 0; 1; 0; 0; 0; 0; 0; 0; 0; 0; 0; 0; 0; 0; 0; 0; 0; 0; 0; 0; 0; 1
1980;08; 0; 0; 0; 0; 0; 0; 18; 1; 0; 0; 0; 0; 0; 0; 0; 0; 0; 0; 0; 0; 0; 0; 6; 0; 0; 0; 18; 0; 0; 0; 0
1980;09; 0; 0; 0; 0; 0; 0; 0; 0; 0; 0; 0; 0; 31; 20; 1; 8; 0; 1; 110; 1; 190; 17; 0; 0; 0; 0; 0; 310; 1; 1; 9999
1980;10; 0; 0; 0; 0; 0; 0; 0; 14; 139; 1; 120; 192; 10; 0; 0; 0; 0; 0; 0; 0; 0; 0; 15; 123; 1; 0; 0; 0; 0; 132; 66
1980;11; 0; 0; 0; 0; 281; 1; 438; 451; 67; 89; 1; 0; 0; 0; 0; 0; 0; 0; 0; 163; 1; 3; 104; 129; 25; 0; 0; 0; 0; 165; 9999
1980;12; 317; 633; 1; 0; 61; 31; 45; 1; 0; 179; 222; 91; 4; 74; 37; 0; 0; 0; 87; 1; 92; 34; 224; 0; 126; 2; 286; 186; 1; 7; 191
1981;01; 1; 0; 0; 0; 57; 0; 0; 263; 0; 111; 1; 338; 270; 662; 159; 161; 0; 0; 5; 7; 260; 172; 171; 3; 348; 9; 36; 0; 0; 0; 0
1981;02; 48; 0; 7; 0; 4; 164; 0; 0; 0; 320; 59; 263; 0; 0; 0; 0; 1; 0; 0; 0; 119; 17; 0; 0; 0; 0; 16; 0; 9999; 9999; 9999
1981;03; 0; 0; 0; 0; 105; 0; 0; 0; 394; 24; 1; 0; 0; 0; 31; 3; 171; 362; 87; 0; 2; 0; 0; 0; 0; 0; 0; 109; 35; 0; 2
1981;04; 1; 0; 0; 0; 0; 0; 0; 0; 0; 0; 0; 0; 0; 0; 0; 109; 0; 0; 0; 0; 0; 0; 0; 52; 16; 0; 0; 117; 2; 0; 9999
1981;05; 0; 0; 0; 0; 0; 0; 0; 0; 0; 0; 0; 0; 0; 0; 0; 0; 0; 0; 0; 0; 30; 0; 0; 0; 0; 0; 0; 1; 36; 0; 0
1981;06; 0; 0; 0; 0; 0; 0; 499; 0; 2; 1; 0; 0; 0; 0; 0; 54; 250; 9; 2; 1; 1; 1; 0; 0; 0; 0; 0; 0; 0; 0; 9999
1981;07; 0; 0; 0; 0; 0; 0; 0; 0; 0; 0; 0; 0; 0; 0; 0; 0; 0; 0; 0; 0; 0; 0; 0; 0; 0; 0; 0; 0; 0; 0; 0
1981;08; 0; 0; 0; 0; 0; 0; 0; 0; 0; 0; 0; 0; 0; 0; 0; 0; 0; 4; 1; 0; 0; 0; 0; 0; 0; 0; 0; 0; 0; 0; 0
1981;09; 0; 0; 0; 0; 0; 0; 0; 0; 0; 0; 0; 0; 0; 0; 0; 0; 0; 0; 0; 0; 0; 0; 0; 0; 0; 42; 0; 0; 0; 0; 9999
1981;10; 0; 0; 0; 0; 0; 8; 163; 0; 0; 0; 0; 16; 141; 1; 0; 364; 2; 0; 9; 365; 2; 1; 0; 0; 0; 0; 213; 58; 27; 72; 1
1981;11; 82; 1; 9999; 61; 1; 0; 0; 0; 0; 419; 0; 0; 0; 334; 1; 0; 0; 0; 83; 9999; 27; 0; 0; 0; 0; 9; 0; 19; 0; 0; 9999
1981;12; 124; 876; 3; 1; 63; 0; 247; 56; 139; 677; 0; 24; 46; 0; 0; 0; 141; 225; 0; 59; 0; 0; 0; 18; 0; 0; 0; 189; 0; 0; 0
1982;01; 0; 180; 9999; 67; 0; 0; 0; 69; 83; 222; 238; 245; 55; 2; 1; 0; 0; 0; 10; 49; 21; 25; 235; 321; 1; 45; 28; 177; 205; 88; 2
1982;02; 395; 102; 114; 0; 184; 242; 384; 2; 1; 0; 0; 0; 0; 0; 0; 3; 59; 0; 0; 0; 0; 0; 9999; 0; 282; 36; 6; 24; 9999; 9999; 9999
1982;03; 0; 60; 329; 0; 0; 0; 0; 5; 230; 209; 236; 289; 116; 368; 304; 268; 279; 5; 1; 0; 13; 263; 100; 2; 29; 2; 0; 86; 0; 0; 0
1982;04; 0; 0; 0; 0; 0; 0; 0; 0; 0; 0; 0; 0; 5; 147; 88; 3; 0; 0; 0; 0; 0; 0; 0; 0; 0; 0; 0; 0; 0; 0; 9999
1982;05; 0; 0; 0; 0; 0; 0; 0; 0; 0; 0; 0; 0; 0; 1; 0; 0; 0; 0; 158; 2; 2; 0; 0; 0; 558; 11; 2; 2; 0; 0; 162
1982;06; 2; 0; 0; 0; 25; 0; 0; 0; 0; 0; 0; 0; 16; 0; 0; 0; 0; 0; 0; 0; 0; 1; 1; 2; 0; 0; 0; 0; 1; 0; 9999
1982;07; 0; 0; 0; 0; 0; 0; 0; 0; 0; 0; 0; 0; 0; 45; 2; 1; 13; 0; 8; 0; 0; 0; 0; 0; 0; 0; 0; 0; 0; 23; 0
1982;08; 0; 0; 0; 0; 1; 0; 0; 0; 0; 2; 70; 1; 0; 0; 0; 0; 0; 0; 2; 0; 0; 0; 0; 0; 0; 0; 2; 51; 0; 0; 0
1982;09; 0; 0; 0; 0; 0; 0; 0; 0; 0; 0; 0; 0; 0; 0; 0; 0; 0; 0; 2; 0; 0; 3; 18; 0; 0; 0; 0; 107; 1; 0; 9999
1982;10; 0; 0; 207; 1; 1; 78; 121; 54; 368; 7; 71; 1; 89; 94; 0; 0; 0; 52; 205; 0; 34; 376; 0; 0; 0; 62; 0; 0; 0; 147; 1
1982;11; 0; 0; 0; 0; 18; 94; 0; 525; 1; 0; 0; 276; 0; 0; 0; 234; 167; 0; 0; 13; 19; 291; 0; 79; 1; 1; 0; 0; 0; 331; 9999
1982;12; 0; 0; 9999; 0; 0; 3; 30; 0; 37; 0; 78; 28; 13; 0; 0; 18; 188; 188; 0; 31; 1; 162; 246; 293; 0; 0; 0; 194; 54; 138; 50
1983;01; 85; 153; 1; 102; 180; 179; 201; 17; 55; 289; 1; 2; 262; 132; 597; 378; 106; 889; 711; 188; 35; 2; 108; 107; 1; 72; 10; 20; 0; 1; 186
1983;02; 186; 72; 209; 26; 0; 0; 103; 321; 3; 5; 11; 12; 1; 38; 0; 0; 0; 0; 107; 133; 1; 0; 30; 24; 0; 0; 0; 100; 9999; 9999; 9999
1983;03; 1; 87; 8; 1; 234; 32; 181; 723; 0; 0; 0; 133; 0; 171; 0; 0; 0; 0; 218; 295; 0; 0; 0; 0; 0; 0; 0; 40; 0; 0; 0
1983;04; 0; 0; 8; 0; 0; 76; 68; 2; 0; 0; 109; 107; 0; 0; 0; 0; 0; 0; 0; 0; 43; 0; 0; 0; 390; 165; 8; 0; 0; 0; 9999
1983;05; 0; 0; 0; 0; 0; 0; 0; 0; 0; 0; 0; 0; 418; 0; 0; 0; 0; 16; 0; 0; 176; 2; 86; 264; 9; 0; 0; 0; 28; 248; 224
1983;06; 28; 112; 0; 5; 3; 0; 28; 0; 0; 3; 0; 0; 0; 0; 0; 0; 0; 0; 0; 0; 0; 0; 0; 0; 0; 0; 0; 21; 0; 0; 9999
1983;07; 0; 0; 0; 0; 0; 0; 0; 0; 0; 0; 0; 0; 0; 0; 0; 0; 0; 131; 251; 170; 244; 0; 0; 0; 0; 0; 0; 0; 0; 0; 0
1983;08; 0; 0; 0; 0; 0; 0; 0; 0; 0; 0; 0; 0; 0; 0; 0; 0; 0; 0; 0; 0; 0; 0; 0; 0; 0; 0; 0; 0; 0; 0; 0
1983;09; 0; 0; 0; 0; 0; 85; 195; 360; 37; 0; 17; 35; 1; 0; 55; 0; 124; 68; 474; 149; 0; 0; 0; 0; 0; 0; 0; 0; 0; 0; 9999
1983;10; 0; 0; 0; 127; 12; 0; 58; 18; 1; 0; 0; 0; 55; 147; 87; 0; 0; 218; 2; 4; 0; 110; 236; 101; 0; 0; 0; 0; 0; 0; 0
1983;11; 313; 2; 133; 217; 106; 0; 0; 0; 0; 0; 25; 287; 66; 42; 71; 53; 0; 0; 0; 106; 2; 317; 0; 0; 0; 0; 0; 0; 3; 6; 9999
1983;12; 0; 31; 28; 0; 0; 0; 17; 3; 278; 87; 9; 82; 335; 3; 6; 10; 138; 49; 3; 67; 56; 236; 93; 47; 201; 1; 138; 112; 60; 401; 1
1984;01; 23; 1; 0; 8; 0; 0; 0; 0; 12; 0; 0; 0; 0; 0; 0; 7; 0; 24; 0; 0; 38; 370; 17; 198; 84; 2; 332; 70; 0; 0; 0
1984;02; 0; 21; 49; 0; 0; 0; 19; 21; 0; 0; 0; 58; 25; 0; 72; 7; 78; 0; 62; 52; 0; 0; 0; 0; 0; 46; 1; 0; 0; 9999; 9999
1984;03; 0; 2; 72; 66; 0; 96; 39; 122; 60; 0; 0; 0; 0; 0; 3; 0; 0; 0; 4; 0; 0; 0; 0; 25; 0; 0; 0; 0; 5; 14; 332
1984;04; 0; 0; 739; 1; 8; 0; 0; 1207; 35; 0; 0; 0; 0; 0; 0; 0; 18; 7; 33; 0; 192; 0; 0; 0; 47; 0; 0; 0; 72; 26; 9999
1984;05; 58; 15; 53; 0; 0; 0; 0; 0; 0; 0; 0; 0; 0; 2; 3; 0; 0; 182; 0; 1; 0; 0; 0; 0; 0; 0; 0; 0; 0; 0; 0
1984;06; 0; 0; 0; 0; 0; 0; 0; 3; 0; 0; 0; 0; 0; 0; 0; 0; 0; 0; 0; 0; 0; 0; 0; 0; 0; 0; 0; 0; 0; 0; 9999
1984;07; 0; 0; 0; 0; 0; 0; 0; 0; 0; 0; 0; 0; 0; 0; 0; 0; 0; 0; 0; 0; 0; 0; 0; 0; 0; 0; 0; 0; 18; 0; 0
1984;08; 0; 6; 178; 98; 0; 0; 0; 0; 0; 0; 0; 0; 0; 0; 0; 0; 0; 0; 0; 60; 478; 47; 113; 1; 0; 69; 1; 0; 0; 0; 57
1984;09; 0; 0; 0; 0; 0; 0; 0; 0; 63; 0; 0; 0; 0; 0; 0; 0; 11; 0; 0; 0; 103; 2; 0; 0; 0; 5; 204; 1; 2; 0; 9999
1984;10; 0; 0; 0; 0; 0; 0; 0; 0; 0; 77; 0; 0; 0; 18; 0; 0; 0; 454; 0; 0; 0; 0; 0; 0; 8; 0; 0; 0; 0; 0; 0
1984;11; 0; 0; 0; 0; 0; 54; 0; 0; 0; 29; 0; 166; 38; 1; 0; 0; 192; 113; 0; 0; 41; 0; 0; 0; 2; 42; 197; 1; 0; 234; 9999
1984;12; 9; 334; 1; 0; 0; 45; 0; 9; 75; 13; 0; 0; 116; 353; 318; 64; 223; 294; 0; 0; 0; 0; 0; 0; 0; 2; 77; 499; 9; 4; 38
1985;01; 236; 0; 0; 0; 5; 4; 0; 44; 87; 0; 0; 0; 9; 10; 5; 8; 186; 572; 8; 192; 121; 185; 51; 260; 566; 423; 4; 1; 0; 0; 1
1985;02; 14; 52; 0; 4; 0; 0; 0; 0; 0; 38; 32; 21; 21; 40; 0; 0; 14; 0; 0; 0; 0; 0; 105; 20; 24; 31; 18; 0; 9999; 9999; 9999
1985;03; 247; 52; 109; 150; 157; 45; 7; 310; 0; 0; 125; 6; 1; 0; 0; 409; 24; 85; 0; 0; 0; 0; 0; 0; 0; 0; 0; 0; 0; 152; 0
1985;04; 84; 0; 0; 657; 20; 26; 0; 0; 0; 0; 105; 0; 32; 42; 104; 0; 59; 689; 0; 0; 0; 0; 0; 0; 0; 0; 52; 0; 0; 3; 9999
1985;05; 127; 1; 0; 0; 0; 0; 0; 0; 0; 0; 1; 0; 0; 0; 0; 0; 0; 0; 0; 0; 0; 106; 3; 0; 0; 0; 0; 0; 0; 0; 0
1985;06; 0; 0; 17; 74; 3; 0; 0; 0; 0; 0; 0; 0; 0; 0; 0; 0; 0; 0; 0; 0; 0; 0; 0; 0; 0; 0; 0; 0; 0; 0; 9999
1985;07; 0; 0; 0; 0; 0; 62; 13; 0; 0; 0; 0; 0; 0; 0; 0; 0; 0; 0; 0; 0; 0; 0; 0; 0; 0; 0; 0; 0; 0; 0; 0
1985;08; 0; 0; 0; 0; 0; 0; 0; 0; 0; 0; 0; 0; 0; 0; 0; 0; 0; 0; 0; 0; 0; 0; 0; 0; 0; 0; 0; 0; 0; 0; 0
1985;09; 67; 2; 0; 0; 0; 0; 0; 0; 0; 0; 0; 0; 0; 0; 0; 0; 0; 0; 0; 0; 0; 0; 0; 0; 0; 0; 0; 0; 4; 38; 9999
1985;10; 0; 0; 0; 0; 0; 0; 0; 0; 0; 90; 0; 0; 0; 0; 0; 0; 0; 4; 0; 0; 0; 0; 0; 0; 0; 0; 0; 0; 118; 158; 54
1985;11; 184; 68; 483; 266; 463; 1; 0; 0; 0; 0; 0; 33; 28; 0; 0; 0; 0; 0; 0; 0; 0; 0; 0; 292; 210; 122; 53; 45; 0; 0; 9999
1985;12; 0; 4; 8; 241; 0; 0; 0; 0; 0; 0; 0; 0; 0; 0; 0; 3; 8; 97; 0; 0; 98; 0; 2; 34; 51; 75; 1; 0; 0; 0; 8
1986;01; 31; 156; 0; 0; 223; 604; 2; 1; 0; 0; 440; 132; 164; 42; 0; 11; 13; 1; 0; 0; 178; 353; 2; 0; 0; 0; 0; 0; 0; 0; 0
1986;02; 0; 0; 168; 34; 181; 1; 0; 24; 0; 0; 274; 112; 77; 11; 44; 38; 37; 3; 0; 14; 28; 954; 20; 0; 0; 3; 57; 1; 9999; 9999; 9999
1986;03; 25; 0; 0; 415; 197; 69; 449; 1; 0; 97; 0; 0; 0; 4; 0; 79; 0; 0; 525; 34; 0; 94; 395; 30; 0; 0; 3; 0; 0; 30; 0
1986;04; 0; 0; 0; 50; 0; 0; 0; 0; 0; 0; 0; 0; 0; 0; 102; 53; 0; 0; 0; 0; 5; 406; 1; 1; 0; 0; 0; 0; 0; 0; 9999
1986;05; 0; 0; 0; 0; 0; 0; 0; 72; 7; 51; 54; 0; 190; 133; 0; 0; 0; 9; 154; 0; 0; 0; 1; 0; 0; 0; 0; 0; 0; 0; 14
1986;06; 0; 0; 0; 0; 0; 0; 0; 0; 0; 0; 0; 0; 0; 0; 0; 0; 0; 0; 0; 0; 0; 0; 0; 0; 0; 0; 0; 0; 0; 0; 9999
1986;07; 0; 0; 0; 55; 112; 0; 0; 0; 0; 0; 0; 0; 0; 0; 0; 0; 0; 0; 0; 0; 0; 0; 85; 235; 0; 0; 0; 0; 0; 0; 19
1986;08; 39; 0; 0; 0; 0; 0; 0; 0; 0; 0; 0; 1; 1; 7; 1; 140; 95; 1; 0; 0; 0; 65; 314; 49; 23; 0; 0; 0; 0; 0; 0
1986;09; 0; 0; 0; 0; 0; 0; 0; 0; 0; 0; 0; 0; 0; 0; 0; 0; 0; 0; 0; 0; 0; 0; 0; 0; 3; 12; 321; 0; 0; 0; 9999
1986;10; 0; 0; 0; 0; 0; 0; 0; 16; 0; 0; 0; 0; 0; 0; 0; 0; 0; 0; 184; 69; 21; 474; 0; 0; 0; 0; 20; 0; 32; 0; 0
1986;11; 0; 0; 8; 49; 0; 0; 0; 0; 0; 24; 221; 88; 0; 0; 0; 0; 0; 0; 0; 0; 0; 0; 0; 0; 0; 0; 0; 16; 67; 271; 9999
1986;12; 503; 144; 5; 0; 0; 0; 12; 243; 35; 354; 3; 0; 0; 0; 33; 42; 163; 0; 0; 0; 0; 0; 0; 0; 344; 20; 381; 223; 119; 105; 283
1987;01; 0; 0; 38; 593; 17; 0; 0; 1; 0; 0; 40; 0; 210; 0; 0; 23; 0; 0; 0; 194; 0; 0; 33; 204; 278; 105; 111; 55; 161; 23; 0
1987;02; 3; 5; 0; 307; 0; 38; 13; 1; 105; 13; 4; 221; 33; 125; 0; 0; 0; 129; 33; 37; 0; 0; 0; 0; 0; 34; 48; 14; 9999; 9999; 9999
1987;03; 109; 58; 0; 0; 0; 0; 282; 161; 125; 323; 0; 0; 0; 0; 0; 83; 0; 0; 60; 212; 0; 0; 0; 0; 0; 0; 0; 0; 0; 0; 0
1987;04; 0; 0; 73; 148; 0; 0; 0; 0; 0; 0; 0; 0; 0; 0; 0; 0; 0; 0; 0; 0; 86; 59; 0; 0; 0; 0; 0; 0; 0; 30; 9999
1987;05; 0; 0; 0; 0; 11; 0; 0; 0; 96; 0; 0; 5; 0; 0; 0; 72; 0; 0; 0; 0; 21; 213; 2; 34; 146; 0; 0; 0; 0; 0; 0
1987;06; 0; 0; 0; 0; 0; 0; 0; 0; 0; 0; 0; 0; 0; 0; 0; 48; 4; 0; 0; 0; 0; 0; 28; 14; 0; 0; 0; 0; 0; 0; 9999
1987;07; 0; 0; 0; 0; 0; 0; 0; 0; 67; 0; 0; 0; 0; 0; 0; 0; 0; 0; 0; 0; 0; 0; 0; 0; 0; 0; 0; 0; 0; 5; 0
1987;08; 0; 0; 0; 0; 0; 21; 34; 0; 0; 0; 0; 0; 0; 0; 0; 0; 0; 0; 0; 0; 0; 0; 0; 0; 0; 0; 0; 0; 0; 0; 0
1987;09; 0; 0; 0; 0; 0; 0; 4; 40; 0; 60; 0; 0; 0; 0; 0; 0; 0; 0; 0; 0; 0; 76; 253; 201; 0; 0; 0; 77; 0; 0; 9999
1987;10; 0; 388; 0; 0; 0; 87; 1; 0; 1; 0; 0; 0; 0; 0; 0; 0; 0; 0; 0; 0; 11; 0; 0; 91; 327; 1; 213; 0; 0; 0; 0
1987;11; 0; 0; 0; 0; 0; 296; 282; 0; 0; 0; 0; 0; 0; 397; 367; 78; 0; 0; 0; 0; 0; 224; 0; 0; 243; 122; 242; 0; 0; 264; 9999
1987;12; 0; 0; 268; 223; 111; 0; 0; 0; 0; 173; 0; 74; 0; 0; 0; 126; 100; 263; 0; 0; 0; 41; 0; 0; 0; 0; 0; 0; 21; 0; 0
1988;01; 203; 0; 0; 0; 0; 409; 166; 6; 0; 63; 350; 170; 0; 154; 0; 0; 0; 3; 0; 31; 14; 0; 0; 14; 0; 160; 0; 0; 0; 715; 0
1988;02; 0; 0; 0; 0; 0; 864; 366; 137; 479; 155; 87; 39; 0; 0; 41; 12; 62; 0; 80; 66; 315; 0; 0; 183; 0; 330; 0; 3; 95; 9999; 9999
1988;03; 198; 133; 38; 452; 867; 35; 78; 9; 0; 0; 0; 0; 0; 0; 0; 0; 8; 677; 0; 0; 0; 0; 0; 0; 0; 0; 0; 0; 0; 0; 0
1988;04; 0; 77; 0; 0; 0; 0; 9; 0; 581; 0; 0; 0; 59; 91; 0; 0; 80; 177; 0; 33; 0; 0; 0; 0; 0; 0; 0; 0; 7; 31; 9999
1988;05; 0; 0; 0; 0; 3; 0; 0; 0; 0; 0; 0; 0; 0; 0; 0; 13; 123; 30; 0; 0; 0; 0; 0; 0; 28; 2; 0; 0; 0; 110; 71
1988;06; 0; 0; 0; 57; 0; 0; 0; 0; 0; 0; 0; 0; 0; 0; 0; 0; 0; 0; 0; 0; 0; 0; 0; 0; 0; 0; 0; 0; 0; 0; 9999
1988;07; 0; 0; 0; 0; 0; 0; 0; 0; 0; 0; 0; 0; 0; 0; 0; 0; 0; 0; 0; 0; 0; 0; 0; 0; 0; 0; 0; 0; 0; 0; 0
1988;08; 0; 0; 0; 0; 0; 0; 0; 0; 0; 0; 0; 0; 0; 0; 0; 0; 0; 0; 0; 0; 0; 0; 0; 0; 0; 0; 0; 0; 0; 0; 0
1988;09; 0; 0; 0; 0; 0; 0; 0; 0; 0; 0; 0; 0; 0; 0; 0; 0; 0; 0; 0; 0; 0; 0; 0; 0; 0; 0; 0; 0; 0; 1; 9999
1988;10; 0; 0; 0; 0; 0; 151; 34; 0; 0; 0; 0; 6; 33; 0; 0; 0; 0; 0; 0; 87; 347; 0; 203; 243; 0; 77; 93; 0; 16; 0; 3
1988;11; 5; 0; 0; 0; 0; 0; 0; 3; 0; 0; 0; 0; 0; 0; 296; 0; 0; 0; 0; 164; 414; 18; 0; 0; 0; 0; 4; 0; 0; 0; 9999
1988;12; 3; 8; 0; 0; 0; 0; 0; 0; 0; 0; 0; 18; 0; 110; 44; 0; 0; 0; 0; 0; 12; 433; 146; 285; 24; 453; 12; 0; 125; 0; 2
1989;01; 0; 413; 55; 348; 1013; 152; 18; 29; 0; 49; 67; 9; 383; 18; 271; 80; 19; 215; 67; 0; 39; 80; 225; 0; 0; 0; 0; 5; 9; 0; 0
1989;02; 0; 0; 136; 50; 38; 0; 0; 123; 30; 260; 333; 242; 10; 0; 280; 521; 31; 0; 49; 0; 0; 0; 0; 35; 0; 143; 0; 0; 9999; 9999; 9999
1989;03; 0; 0; 0; 0; 0; 0; 0; 0; 0; 0; 0; 0; 0; 270; 25; 149; 0; 50; 0; 320; 355; 180; 0; 0; 0; 0; 106; 165; 46; 0; 0
1989;04; 0; 0; 0; 0; 0; 0; 0; 0; 0; 0; 0; 65; 0; 0; 0; 0; 0; 0; 110; 0; 0; 0; 0; 0; 0; 0; 0; 0; 0; 50; 9999
1989;05; 0; 28; 0; 82; 232; 0; 0; 0; 0; 0; 0; 0; 0; 0; 0; 0; 0; 0; 0; 0; 0; 0; 0; 0; 0; 0; 0; 0; 0; 0; 0
1989;06; 0; 0; 0; 0; 0; 0; 0; 200; 0; 401; 0; 83; 0; 0; 0; 0; 0; 0; 0; 0; 0; 0; 0; 0; 76; 0; 0; 0; 136; 0; 9999
1989;07; 0; 0; 0; 0; 0; 0; 0; 0; 0; 0; 0; 0; 0; 0; 0; 0; 0; 0; 0; 0; 0; 0; 0; 0; 0; 0; 0; 19; 5; 0; 353
1989;08; 0; 0; 0; 0; 0; 0; 0; 0; 0; 0; 0; 0; 0; 0; 0; 0; 0; 0; 0; 0; 0; 9; 20; 0; 0; 0; 0; 45; 0; 0; 0
1989;09; 45; 0; 0; 0; 0; 100; 0; 0; 106; 90; 0; 82; 55; 243; 0; 0; 0; 0; 0; 0; 0; 0; 0; 0; 40; 0; 20; 0; 0; 0; 9999
1989;10; 0; 0; 0; 100; 0; 0; 0; 0; 0; 0; 0; 85; 0; 0; 0; 5; 0; 0; 0; 0; 0; 0; 0; 0; 0; 0; 325; 0; 0; 0; 0
1989;11; 0; 0; 0; 142; 70; 0; 0; 0; 25; 0; 86; 260; 0; 0; 0; 0; 240; 0; 0; 324; 56; 153; 0; 0; 30; 0; 132; 0; 0; 50; 9999
1989;12; 0; 100; 0; 0; 0; 0; 0; 0; 20; 120; 60; 388; 400; 80; 35; 0; 0; 132; 370; 42; 0; 0; 0; 0; 259; 0; 149; 58; 345; 115; 200
1990;01; 196; 228; 136; 295; 198; 97; 22; 238; 0; 395; 176; 30; 400; 0; 0; 0; 0; 0; 0; 55; 0; 0; 0; 0; 0; 0; 0; 225; 0; 0; 0
1990;02; 0; 0; 0; 0; 0; 0; 116; 100; 0; 0; 98; 0; 0; 70; 312; 0; 0; 0; 0; 0; 0; 0; 203; 5; 202; 0; 55; 70; 9999; 9999; 9999
1990;03; 0; 0; 0; 0; 0; 0; 85; 27; 0; 0; 0; 0; 0; 122; 40; 0; 135; 97; 20; 163; 346; 188; 257; 0; 50; 0; 30; 145; 0; 0; 0
1990;04; 0; 0; 0; 0; 0; 0; 0; 0; 30; 0; 0; 0; 0; 0; 0; 0; 225; 300; 76; 238; 0; 0; 0; 0; 0; 0; 0; 0; 0; 0; 9999
1990;05; 0; 0; 269; 0; 0; 68; 0; 0; 0; 0; 40; 0; 0; 0; 0; 10; 0; 72; 0; 0; 0; 0; 0; 0; 0; 0; 0; 0; 0; 0; 0
1990;06; 0; 0; 0; 0; 0; 0; 0; 0; 0; 0; 0; 0; 0; 0; 48; 0; 0; 0; 0; 0; 74; 0; 0; 0; 0; 0; 0; 0; 0; 0; 9999
1990;07; 0; 0; 0; 0; 3; 0; 0; 0; 0; 20; 30; 0; 0; 0; 0; 0; 0; 0; 0; 0; 0; 0; 0; 0; 0; 0; 0; 0; 0; 0; 0
1990;08; 0; 0; 0; 0; 0; 0; 0; 0; 0; 0; 0; 0; 0; 0; 0; 0; 100; 141; 0; 250; 128; 0; 0; 0; 122; 0; 0; 118; 20; 0; 92
1990;09; 0; 72; 0; 0; 0; 0; 0; 0; 0; 0; 0; 0; 50; 25; 0; 0; 0; 0; 0; 0; 0; 0; 0; 0; 0; 0; 0; 0; 85; 46; 9999
1990;10; 0; 0; 0; 0; 0; 0; 0; 0; 0; 0; 0; 0; 466; 0; 0; 0; 24; 4; 45; 24; 0; 0; 0; 0; 0; 0; 0; 0; 0; 0; 0
1990;11; 0; 0; 0; 0; 200; 215; 25; 400; 0; 0; 0; 0; 0; 0; 0; 0; 0; 31; 0; 0; 290; 0; 145; 95; 0; 0; 525; 0; 0; 0; 9999
1990;12; 0; 0; 0; 0; 0; 15; 0; 93; 85; 10; 295; 0; 0; 55; 67; 120; 0; 0; 35; 290; 572; 27; 0; 0; 0; 50; 0; 0; 0; 0; 0
1991;01; 0; 0; 0; 350; 227; 0; 0; 0; 0; 0; 0; 460; 140; 65; 75; 28; 0; 0; 0; 0; 644; 116; 0; 0; 0; 0; 202; 373; 253; 114; 0
1991;02; 320; 844; 143; 39; 0; 0; 49; 0; 0; 0; 840; 0; 0; 0; 493; 0; 0; 0; 0; 0; 0; 0; 0; 0; 0; 0; 0; 0; 9999; 9999; 9999
1991;03; 160; 0; 190; 950; 387; 85; 60; 0; 0; 0; 0; 0; 0; 0; 115; 100; 0; 0; 0; 0; 87; 0; 0; 0; 0; 167; 165; 115; 433; 198; 246
1991;04; 0; 0; 0; 0; 0; 0; 0; 580; 0; 0; 0; 0; 0; 192; 0; 43; 15; 0; 0; 79; 0; 0; 0; 0; 635; 0; 0; 0; 0; 0; 9999
1991;05; 0; 0; 0; 0; 0; 0; 0; 25; 0; 0; 0; 0; 0; 0; 141; 72; 0; 0; 10; 0; 222; 0; 0; 0; 0; 0; 0; 0; 0; 0; 0
1991;06; 0; 0; 0; 0; 0; 0; 0; 0; 0; 0; 0; 0; 0; 0; 0; 0; 0; 0; 0; 0; 0; 68; 0; 0; 0; 0; 0; 0; 0; 0; 9999
1991;07; 0; 0; 0; 0; 0; 0; 0; 0; 0; 0; 0; 14; 276; 0; 0; 0; 0; 0; 0; 0; 0; 0; 0; 0; 0; 0; 0; 0; 0; 0; 0
1991;08; 0; 0; 0; 0; 0; 0; 0; 0; 0; 0; 0; 0; 0; 0; 0; 0; 0; 0; 0; 0; 0; 0; 0; 0; 0; 0; 0; 0; 0; 0; 0
1991;09; 0; 0; 0; 0; 0; 0; 0; 0; 0; 0; 0; 0; 0; 0; 0; 0; 0; 0; 40; 0; 0; 0; 0; 0; 0; 0; 0; 0; 245; 52; 9999
1991;10; 119; 0; 274; 0; 0; 0; 0; 97; 8; 0; 0; 0; 0; 0; 0; 0; 0; 0; 0; 0; 68; 0; 0; 0; 0; 0; 0; 0; 0; 0; 0
1991;11; 0; 275; 0; 0; 0; 0; 0; 0; 0; 0; 0; 0; 17; 0; 329; 0; 0; 0; 4; 35; 0; 0; 0; 0; 3; 0; 0; 0; 75; 24; 9999
1991;12; 0; 60; 0; 0; 0; 202; 213; 375; 0; 0; 136; 62; 30; 133; 102; 0; 0; 0; 93; 336; 0; 0; 38; 257; 189; 0; 95; 356; 314; 63; 0
1992;01; 35; 377; 186; 94; 328; 0; 0; 0; 0; 256; 0; 0; 42; 223; 78; 0; 326; 122; 40; 0; 328; 70; 224; 0; 0; 0; 0; 0; 0; 166; 33
1992;02; 353; 166; 792; 754; 225; 0; 0; 0; 0; 0; 0; 0; 0; 0; 0; 0; 0; 0; 0; 0; 0; 0; 242; 50; 0; 25; 0; 152; 206; 9999; 9999
1992;03; 0; 288; 33; 0; 0; 0; 0; 0; 0; 0; 70; 0; 115; 128; 0; 153; 137; 38; 0; 0; 0; 0; 0; 0; 123; 0; 36; 43; 21; 0; 773
1992;04; 0; 0; 0; 0; 0; 0; 0; 55; 126; 0; 0; 122; 138; 137; 0; 0; 0; 0; 0; 67; 370; 3; 0; 0; 0; 0; 0; 0; 0; 22; 9999
1992;05; 28; 105; 0; 200; 0; 0; 0; 0; 0; 0; 0; 0; 0; 5; 0; 0; 0; 0; 0; 10; 0; 0; 220; 0; 0; 0; 0; 0; 0; 0; 0
1992;06; 0; 0; 0; 0; 0; 0; 0; 0; 0; 0; 0; 0; 0; 0; 0; 0; 0; 0; 0; 0; 0; 0; 0; 0; 0; 0; 0; 0; 0; 0; 9999
1992;07; 0; 0; 0; 0; 0; 0; 10; 40; 9; 0; 0; 0; 131; 0; 0; 0; 0; 0; 0; 0; 0; 0; 0; 0; 0; 0; 0; 0; 0; 0; 0
1992;08; 0; 0; 0; 0; 0; 0; 0; 0; 0; 0; 0; 0; 0; 0; 0; 0; 0; 0; 0; 0; 0; 28; 31; 0; 0; 0; 0; 0; 0; 0; 0
1992;09; 40; 18; 0; 23; 57; 155; 15; 0; 0; 0; 0; 0; 67; 62; 0; 5; 0; 167; 300; 0; 0; 0; 0; 0; 39; 88; 0; 0; 0; 0; 9999
1992;10; 0; 10; 140; 0; 0; 0; 0; 75; 0; 48; 0; 152; 53; 68; 0; 22; 245; 0; 62; 0; 0; 378; 0; 0; 0; 0; 63; 0; 278; 66; 300
1992;11; 10; 18; 0; 0; 0; 68; 16; 0; 0; 0; 0; 0; 0; 0; 0; 0; 40; 0; 0; 0; 0; 0; 0; 0; 100; 0; 0; 0; 0; 0; 9999
1992;12; 59; 276; 0; 216; 0; 0; 0; 0; 0; 0; 178; 217; 0; 0; 0; 0; 0; 0; 0; 0; 0; 0; 0; 0; 0; 0; 40; 0; 0; 0; 0
1993;01; 0; 0; 0; 0; 158; 13; 0; 0; 328; 507; 215; 36; 0; 210; 0; 0; 0; 0; 200; 0; 0; 0; 0; 0; 0; 0; 224; 0; 0; 0; 0
1993;02; 329; 37; 43; 0; 0; 300; 14; 42; 100; 0; 0; 0; 0; 67; 0; 0; 104; 33; 47; 108; 43; 116; 127; 0; 23; 0; 0; 0; 9999; 9999; 9999
1993;03; 121; 0; 0; 0; 0; 0; 0; 0; 0; 0; 0; 0; 0; 0; 0; 0; 0; 0; 82; 307; 0; 0; 0; 61; 0; 0; 255; 0; 623; 0; 198
1993;04; 78; 312; 189; 200; 0; 0; 0; 0; 37; 319; 0; 0; 0; 0; 0; 0; 0; 0; 0; 0; 0; 0; 0; 0; 0; 0; 0; 0; 0; 0; 9999
1993;05; 0; 0; 0; 0; 0; 103; 0; 0; 0; 0; 0; 0; 0; 0; 58; 0; 0; 0; 0; 0; 0; 0; 0; 0; 0; 0; 0; 0; 0; 0; 106
1993;06; 86; 0; 0; 0; 328; 0; 0; 0; 0; 0; 0; 0; 0; 0; 0; 0; 0; 0; 53; 0; 0; 0; 0; 0; 0; 0; 0; 0; 0; 0; 9999
1993;07; 0; 0; 0; 0; 0; 0; 0; 0; 0; 0; 0; 0; 0; 0; 5; 0; 0; 0; 0; 0; 0; 0; 0; 0; 0; 0; 0; 0; 0; 0; 0
1993;08; 0; 8; 0; 0; 0; 0; 0; 0; 0; 0; 0; 0; 0; 0; 0; 14; 0; 0; 0; 104; 25; 0; 37; 44; 0; 0; 0; 0; 0; 0; 0
1993;09; 53; 0; 0; 0; 0; 0; 0; 129; 0; 0; 25; 16; 0; 0; 100; 27; 0; 0; 0; 0; 0; 53; 0; 165; 42; 0; 141; 0; 0; 0; 9999
1993;10; 0; 0; 58; 0; 203; 0; 0; 0; 0; 0; 0; 0; 0; 0; 0; 85; 0; 0; 0; 0; 0; 0; 0; 0; 0; 85; 0; 0; 0; 52; 0
1993;11; 0; 0; 0; 0; 0; 0; 402; 364; 0; 60; 0; 0; 0; 0; 0; 0; 0; 0; 0; 0; 0; 0; 546; 0; 15; 0; 0; 0; 0; 0; 9999
1993;12; 21; 0; 0; 200; 20; 0; 0; 0; 38; 0; 326; 63; 107; 0; 0; 103; 47; 82; 0; 0; 88; 243; 0; 258; 232; 400; 235; 33; 109; 0; 233
1994;01; 80; 54; 89; 13; 0; 0; 0; 0; 78; 465; 0; 0; 123; 0; 0; 262; 16; 0; 103; 0; 1080; 0; 60; 33; 736; 135; 532; 315; 44; 0; 570
1994;02; 0; 24; 76; 0; 0; 0; 76; 413; 18; 0; 0; 0; 265; 84; 163; 0; 0; 0; 0; 0; 123; 299; 0; 0; 0; 0; 0; 0; 9999; 9999; 9999
1994;03; 0; 0; 209; 68; 36; 49; 0; 0; 0; 0; 0; 79; 0; 0; 0; 0; 0; 0; 0; 178; 110; 0; 0; 15; 618; 0; 0; 0; 0; 0; 48
1994;04; 0; 78; 0; 0; 0; 0; 88; 0; 0; 0; 0; 0; 0; 0; 0; 0; 0; 0; 66; 0; 0; 86; 0; 0; 0; 0; 0; 0; 0; 0; 9999
1994;05; 0; 0; 0; 0; 0; 0; 0; 0; 0; 0; 0; 0; 0; 78; 43; 0; 0; 0; 0; 0; 0; 0; 0; 0; 0; 0; 0; 50; 0; 0; 0
1994;06; 0; 0; 0; 0; 0; 0; 0; 0; 0; 0; 0; 0; 0; 0; 0; 0; 0; 0; 0; 0; 0; 0; 53; 0; 120; 10; 0; 0; 0; 0; 9999
1994;07; 0; 0; 0; 0; 0; 0; 0; 0; 23; 0; 0; 0; 0; 0; 0; 0; 0; 0; 0; 0; 0; 0; 156; 0; 0; 0; 0; 0; 0; 0; 0
1994;08; 0; 0; 0; 0; 0; 0; 0; 0; 0; 0; 0; 0; 0; 0; 0; 0; 0; 0; 0; 0; 0; 0; 0; 0; 0; 0; 0; 0; 0; 0; 0
1994;09; 0; 0; 0; 0; 0; 0; 0; 0; 0; 0; 0; 0; 0; 0; 0; 15; 0; 0; 0; 0; 0; 0; 0; 0; 0; 0; 0; 0; 0; 0; 9999
1994;10; 0; 0; 0; 0; 0; 0; 0; 0; 0; 0; 0; 0; 0; 0; 0; 0; 0; 64; 3; 0; 5; 258; 22; 0; 736; 0; 41; 298; 300; 13; 0
1994;11; 0; 0; 0; 0; 200; 0; 0; 0; 0; 13; 0; 0; 0; 362; 58; 110; 0; 113; 380; 0; 0; 0; 0; 0; 0; 0; 56; 193; 86; 0; 9999
1994;12; 0; 0; 0; 0; 182; 0; 255; 0; 0; 0; 0; 50; 0; 0; 80; 0; 89; 433; 200; 88; 0; 0; 0; 86; 0; 0; 0; 338; 25; 0; 86
1995;01; 436; 21; 24; 80; 0; 0; 12; 0; 0; 0; 72; 10; 0; 0; 0; 0; 0; 0; 128; 0; 0; 225; 0; 0; 0; 0; 79; 0; 43; 0; 0
1995;02; 227; 163; 450; 528; 452; 364; 192; 609; 188; 0; 50; 289; 205; 30; 0; 60; 166; 81; 0; 391; 108; 0; 0; 0; 0; 0; 0; 0; 9999; 9999; 9999
1995;03; 237; 150; 0; 0; 0; 389; 0; 0; 122; 127; 150; 0; 378; 44; 0; 0; 0; 0; 0; 0; 10; 0; 0; 0; 126; 0; 0; 0; 0; 0; 0
1995;04; 427; 0; 0; 0; 0; 0; 20; 82; 435; 150; 0; 0; 0; 0; 0; 0; 0; 0; 0; 0; 0; 0; 0; 0; 10; 0; 120; 0; 0; 0; 9999
1995;05; 0; 0; 0; 0; 0; 48; 162; 7; 0; 0; 20; 0; 0; 0; 0; 75; 0; 20; 19; 0; 0; 0; 0; 0; 0; 0; 0; 0; 0; 0; 0
1995;06; 0; 0; 0; 0; 0; 0; 0; 0; 0; 0; 0; 0; 0; 0; 0; 0; 0; 175; 0; 0; 0; 0; 0; 0; 0; 96; 0; 0; 0; 0; 9999
1995;07; 0; 0; 0; 0; 0; 0; 0; 0; 122; 10; 83; 0; 0; 0; 0; 0; 0; 0; 0; 0; 0; 0; 0; 0; 0; 0; 0; 0; 0; 0; 0
1995;08; 0; 0; 0; 0; 0; 0; 0; 0; 0; 0; 0; 0; 0; 0; 0; 0; 0; 0; 0; 0; 0; 0; 0; 0; 0; 0; 0; 0; 0; 0; 0
1995;09; 0; 0; 0; 0; 0; 0; 0; 0; 0; 0; 0; 0; 0; 0; 0; 0; 0; 0; 100; 0; 8; 0; 0; 0; 34; 0; 30; 93; 205; 0; 9999
1995;10; 0; 0; 0; 0; 0; 0; 46; 10; 0; 0; 0; 0; 0; 136; 21; 0; 75; 230; 0; 63; 246; 0; 0; 0; 0; 0; 0; 0; 0; 0; 0
1995;11; 0; 0; 31; 183; 0; 24; 0; 0; 0; 0; 0; 116; 0; 388; 280; 0; 0; 0; 0; 0; 0; 0; 0; 168; 40; 0; 0; 0; 0; 0; 9999
1995;12; 0; 0; 0; 200; 0; 0; 0; 0; 0; 0; 0; 348; 380; 0; 0; 0; 0; 410; 425; 0; 28; 156; 0; 42; 258; 20; 0; 152; 244; 0; 0
1996;01; 0; 154; 700; 133; 128; 0; 126; 115; 230; 30; 0; 0; 200; 0; 0; 95; 0; 154; 15; 0; 423; 0; 0; 0; 236; 0; 0; 364; 0; 0; 0
1996;02; 0; 0; 0; 228; 0; 100; 62; 5; 0; 25; 0; 0; 0; 0; 205; 0; 0; 0; 0; 188; 38; 0; 0; 0; 0; 0; 32; 44; 0; 9999; 9999
1996;03; 0; 0; 0; 26; 0; 0; 0; 563; 190; 25; 0; 0; 0; 430; 0; 0; 400; 39; 0; 0; 0; 220; 0; 86; 0; 30; 0; 0; 0; 0; 93
1996;04; 234; 200; 70; 0; 0; 0; 0; 0; 0; 0; 0; 680; 18; 0; 20; 40; 352; 0; 0; 0; 0; 0; 0; 0; 0; 0; 0; 0; 0; 0; 9999
1996;05; 0; 0; 0; 0; 0; 0; 0; 0; 0; 210; 0; 0; 0; 0; 102; 163; 0; 396; 25; 0; 16; 0; 0; 40; 0; 37; 0; 0; 0; 0; 0
1996;06; 0; 0; 0; 0; 49; 0; 0; 0; 0; 0; 0; 0; 0; 0; 0; 0; 0; 0; 0; 0; 0; 0; 0; 0; 0; 0; 0; 35; 160; 0; 9999
1996;07; 0; 0; 0; 0; 0; 0; 0; 0; 0; 0; 0; 0; 0; 0; 0; 0; 0; 0; 0; 0; 0; 0; 0; 0; 0; 0; 0; 0; 0; 0; 0
1996;08; 0; 0; 0; 0; 0; 0; 0; 0; 0; 0; 0; 0; 0; 0; 60; 14; 0; 0; 0; 0; 0; 0; 0; 0; 0; 0; 0; 0; 0; 0; 0
1996;09; 0; 74; 0; 174; 55; 120; 0; 5; 155; 272; 17; 0; 0; 0; 0; 0; 0; 0; 0; 0; 0; 0; 0; 0; 13; 0; 0; 0; 0; 33; 9999
1996;10; 0; 0; 0; 0; 0; 0; 66; 0; 0; 42; 223; 0; 0; 0; 0; 0; 0; 0; 0; 0; 0; 0; 0; 0; 166; 87; 20; 483; 0; 0; 0
1996;11; 36; 0; 332; 0; 0; 0; 0; 0; 0; 0; 0; 0; 0; 0; 300; 312; 0; 21; 202; 63; 265; 97; 0; 0; 0; 0; 0; 0; 0; 0; 9999
1996;12; 0; 22; 65; 464; 0; 0; 152; 344; 0; 0; 44; 53; 0; 0; 0; 0; 29; 340; 0; 0; 0; 0; 28; 0; 343; 51; 0; 0; 0; 453; 256
1997;01; 343; 221; 337; 0; 0; 0; 0; 50; 0; 0; 0; 300; 20; 23; 0; 28; 65; 0; 0; 0; 488; 21; 347; 70; 65; 101; 142; 228; 110; 0; 92
1997;02; 0; 192; 215; 145; 0; 0; 0; 0; 0; 0; 0; 0; 0; 0; 0; 0; 25; 53; 0; 0; 0; 220; 0; 0; 0; 0; 0; 0; 9999; 9999; 9999
1997;03; 0; 0; 0; 29; 0; 0; 0; 0; 60; 0; 0; 9; 0; 0; 174; 130; 193; 0; 10; 0; 0; 0; 0; 0; 0; 0; 0; 0; 0; 0; 119
1997;04; 140; 0; 0; 0; 0; 0; 0; 0; 0; 0; 0; 0; 0; 0; 0; 0; 102; 119; 0; 220; 165; 0; 0; 0; 0; 0; 0; 0; 0; 0; 9999
1997;05; 0; 0; 0; 0; 0; 0; 0; 0; 0; 0; 0; 0; 0; 0; 0; 0; 0; 0; 0; 0; 0; 0; 212; 0; 125; 0; 0; 95; 0; 0; 0
1997;06; 0; 0; 0; 87; 0; 1040; 0; 0; 0; 0; 0; 262; 0; 0; 192; 350; 0; 0; 0; 0; 0; 0; 0; 0; 0; 0; 0; 0; 0; 0; 9999
1997;07; 0; 0; 0; 0; 0; 0; 0; 0; 0; 0; 0; 0; 0; 0; 0; 0; 0; 0; 0; 0; 61; 0; 0; 0; 0; 0; 0; 0; 0; 0; 0
1997;08; 0; 0; 0; 0; 0; 0; 0; 0; 0; 0; 0; 0; 0; 0; 0; 0; 0; 0; 0; 0; 0; 0; 0; 0; 0; 0; 0; 0; 0; 0; 0
1997;09; 0; 0; 0; 0; 0; 0; 0; 0; 0; 0; 0; 0; 0; 0; 0; 0; 0; 0; 0; 0; 380; 0; 0; 0; 30; 0; 0; 0; 0; 0; 9999
1997;10; 0; 70; 0; 0; 0; 0; 0; 0; 0; 0; 0; 0; 0; 0; 0; 41; 35; 0; 0; 0; 420; 0; 0; 0; 0; 23; 301; 0; 0; 0; 0
1997;11; 0; 0; 0; 0; 225; 120; 0; 0; 0; 0; 0; 0; 0; 0; 122; 344; 245; 120; 0; 0; 0; 103; 0; 0; 0; 0; 0; 320; 0; 0; 9999
1997;12; 254; 175; 0; 55; 84; 0; 0; 0; 0; 376; 177; 0; 0; 201; 256; 124; 0; 0; 0; 0; 0; 0; 223; 0; 0; 0; 0; 0; 0; 280; 0
