33
Ano,Mes,1,2,3,4,5,6,7,8,9,10,11,12,13,14,15,16,17,18,19,20,21,22,23,24,25,26,27,28,29,30,31
1969;11; 18; 0; 8; 0; 1; 0; 0; 31; 10; 2; 0; 0; 32; 10; 1; 0; 3307; 6; 80; 14; 27; 10; 0; 0; 0; 0; 0; 16; 300; 12; 9999
1969;12; 0; 0; 0; 0; 0; 0; 0; 0; 22; 4; 22; 7; 0; 10; 0; 0; 0; 0; 0; 0; 0; 0; 0; 14; 0; 0; 0; 0; 15; 0; 15
1970;01; 0; 0; 0; 0; 0; 0; 0; 0; 294; 47; 220; 7; 0; 104; 0; 45; 0; 0; 0; 0; 0; 0; 0; 100; 0; 0; 0; 0; 150; 0; 150
1970;02; 0; 148; 24; 0; 60; 50; 0; 100; 0; 348; 0; 0; 0; 402; 40; 0; 100; 200; 400; 0; 200; 4; 20; 10; 4; 0; 0; 0; 9999; 9999; 9999
1970;03; 0; 100; 0; 4; 0; 0; 0; 0; 40; 0; 250; 77; 0; 63; 0; 0; 83; 78; 6; 0; 0; 0; 0; 0; 0; 0; 0; 0; 0; 0; 0
1970;04; 0; 0; 0; 200; 0; 0; 0; 0; 0; 0; 80; 0; 0; 0; 0; 0; 0; 0; 0; 0; 0; 0; 0; 0; 0; 0; 0; 0; 0; 0; 9999
1970;05; 0; 0; 250; 0; 0; 0; 247; 158; 0; 14; 0; 13; 0; 0; 0; 0; 0; 0; 0; 0; 71; 10; 0; 0; 0; 0; 0; 0; 0; 0; 0
1970;06; 0; 0; 0; 0; 0; 0; 0; 0; 0; 0; 0; 0; 0; 0; 0; 0; 0; 0; 0; 0; 0; 0; 200; 247; 83; 0; 0; 0; 173; 0; 9999
1970;07; 0; 0; 0; 0; 0; 0; 0; 0; 0; 100; 0; 57; 0; 0; 0; 0; 0; 0; 0; 0; 0; 0; 0; 0; 0; 0; 0; 0; 0; 0; 0
1970;08; 0; 0; 0; 0; 0; 0; 0; 0; 0; 0; 0; 0; 0; 0; 0; 0; 0; 0; 0; 0; 0; 0; 0; 0; 0; 100; 152; 0; 0; 21; 40
1970;09; 12; 0; 0; 0; 0; 0; 124; 0; 23; 84; 0; 0; 56; 47; 0; 12; 0; 90; 0; 70; 0; 0; 0; 0; 0; 0; 0; 3; 0; 0; 9999
1970;10; 0; 246; 300; 404; 0; 0; 0; 0; 32; 0; 0; 0; 0; 0; 0; 0; 0; 0; 20; 0; 0; 0; 0; 0; 0; 0; 0; 18; 0; 0; 0
1970;11; 0; 0; 0; 0; 0; 0; 0; 0; 0; 0; 0; 0; 0; 0; 0; 0; 0; 0; 0; 0; 42; 0; 0; 0; 0; 0; 0; 0; 52; 100; 9999
1970;12; 0; 0; 0; 0; 0; 0; 0; 0; 0; 42; 403; 0; 306; 0; 0; 283; 135; 0; 40; 0; 82; 91; 0; 0; 0; 0; 0; 84; 38; 335; 0
1971;01; 0; 0; 352; 53; 137; 392; 253; 0; 20; 47; 80; 0; 0; 402; 73; 0; 0; 0; 0; 0; 0; 0; 0; 0; 0; 0; 0; 0; 0; 103; 0
1971;02; 0; 20; 0; 0; 0; 0; 0; 0; 204; 0; 0; 0; 216; 456; 0; 105; 42; 0; 82; 163; 0; 0; 0; 0; 123; 0; 127; 84; 9999; 9999; 9999
1971;03; 0; 0; 0; 0; 5; 0; 3; 0; 103; 0; 232; 26; 64; 0; 0; 0; 0; 0; 0; 0; 6; 7; 17; 253; 0; 0; 0; 396; 0; 0; 0
1971;04; 0; 0; 0; 0; 0; 0; 0; 0; 0; 0; 0; 0; 0; 0; 0; 2; 150; 0; 0; 0; 192; 803; 211; 0; 0; 0; 0; 0; 0; 0; 9999
1971;05; 0; 0; 384; 52; 105; 3; 0; 0; 0; 0; 0; 0; 0; 0; 0; 0; 0; 0; 0; 0; 0; 0; 0; 0; 0; 383; 65; 0; 0; 0; 0
1971;06; 0; 0; 0; 0; 0; 0; 0; 0; 12; 0; 0; 26; 27; 0; 196; 0; 0; 82; 0; 191; 2; 0; 0; 0; 0; 0; 0; 0; 0; 0; 9999
1971;07; 0; 0; 0; 0; 49; 0; 0; 0; 0; 0; 0; 0; 0; 0; 0; 0; 0; 0; 0; 0; 0; 0; 0; 0; 0; 0; 0; 0; 0; 193; 0
1971;08; 0; 0; 0; 0; 0; 0; 0; 0; 0; 0; 0; 0; 0; 0; 0; 0; 0; 0; 0; 0; 0; 0; 0; 0; 0; 0; 0; 0; 0; 0; 0
1971;09; 0; 0; 0; 0; 0; 0; 0; 24; 32; 0; 23; 90; 0; 0; 0; 0; 0; 0; 0; 0; 0; 0; 0; 0; 233; 0; 114; 0; 0; 0; 9999
1971;10; 128; 0; 0; 0; 0; 0; 52; 25; 0; 0; 116; 0; 0; 0; 0; 0; 0; 0; 0; 0; 0; 0; 0; 0; 0; 0; 0; 0; 0; 0; 301
1971;11; 176; 429; 0; 17; 0; 0; 0; 0; 0; 0; 0; 0; 0; 0; 0; 0; 0; 0; 187; 0; 0; 0; 0; 0; 56; 0; 0; 0; 0; 9; 9999
1971;12; 139; 0; 0; 548; 27; 287; 77; 7; 15; 0; 0; 0; 288; 0; 362; 0; 0; 0; 0; 172; 0; 71; 1; 51; 0; 0; 88; 37; 3; 0; 0
1972;01; 0; 0; 201; 1; 3; 0; 21; 330; 4; 50; 0; 3; 38; 4; 188; 0; 29; 0; 0; 0; 0; 241; 366; 190; 25; 236; 257; 143; 0; 272; 5
1972;02; 18; 0; 350; 10; 58; 0; 2; 42; 114; 0; 64; 266; 117; 46; 155; 63; 123; 3; 38; 266; 158; 315; 50; 7; 0; 118; 0; 6; 0; 9999; 9999
1972;03; 0; 0; 0; 0; 496; 58; 0; 0; 16; 17; 0; 33; 0; 0; 0; 0; 0; 0; 51; 11; 323; 0; 0; 0; 0; 0; 0; 3; 0; 0; 40
1972;04; 38; 0; 0; 206; 0; 0; 0; 69; 0; 0; 0; 0; 0; 0; 1; 0; 0; 0; 0; 0; 0; 0; 0; 0; 0; 0; 101; 2; 0; 0; 9999
1972;05; 0; 0; 0; 0; 0; 0; 0; 69; 0; 0; 0; 0; 0; 0; 0; 0; 0; 0; 0; 0; 0; 0; 340; 496; 256; 0; 0; 0; 0; 0; 0
1972;06; 0; 0; 0; 0; 0; 0; 0; 0; 0; 0; 0; 0; 0; 0; 0; 0; 0; 0; 0; 0; 0; 0; 0; 0; 0; 0; 0; 0; 0; 0; 9999
1972;07; 0; 0; 0; 0; 0; 0; 0; 229; 0; 154; 41; 2; 138; 0; 43; 266; 0; 0; 0; 0; 0; 0; 0; 0; 0; 0; 16; 0; 0; 0; 0
1972;08; 0; 0; 0; 0; 70; 0; 41; 0; 0; 0; 0; 0; 88; 0; 0; 0; 0; 0; 0; 0; 0; 0; 38; 112; 0; 0; 0; 0; 0; 19; 0
1972;09; 2; 0; 0; 0; 2; 0; 0; 0; 0; 0; 154; 83; 0; 23; 0; 0; 0; 0; 0; 0; 0; 0; 0; 101; 2; 0; 0; 43; 107; 93; 9999
1972;10; 223; 278; 252; 287; 178; 0; 0; 0; 0; 202; 137; 0; 0; 0; 125; 0; 0; 0; 0; 0; 0; 0; 0; 0; 0; 0; 0; 31; 20; 372; 184
1972;11; 642; 31; 387; 0; 0; 0; 0; 0; 282; 16; 83; 2; 0; 133; 0; 62; 0; 39; 68; 0; 95; 12; 0; 0; 2; 145; 0; 0; 0; 0; 9999
1972;12; 81; 0; 2; 13; 0; 0; 0; 0; 78; 33; 0; 131; 0; 0; 0; 0; 0; 0; 494; 0; 0; 94; 0; 0; 0; 19; 0; 97; 0; 3; 136
1973;01; 181; 46; 0; 0; 0; 0; 0; 0; 0; 61; 56; 0; 301; 387; 0; 3; 0; 0; 0; 0; 91; 30; 428; 345; 0; 2; 0; 0; 0; 0; 0
1973;02; 30; 0; 332; 0; 214; 40; 0; 0; 0; 0; 228; 0; 0; 35; 190; 88; 39; 53; 0; 0; 0; 0; 0; 2; 0; 0; 0; 0; 9999; 9999; 9999
1973;03; 0; 0; 0; 0; 4; 0; 0; 1; 0; 124; 103; 0; 0; 0; 0; 0; 0; 11; 0; 498; 0; 76; 0; 0; 0; 2; 0; 0; 0; 3; 102
1973;04; 1; 18; 0; 11; 0; 0; 0; 0; 235; 90; 1; 18; 0; 0; 0; 0; 0; 0; 19; 0; 137; 0; 52; 0; 0; 0; 0; 0; 0; 0; 9999
1973;05; 0; 0; 530; 0; 0; 24; 0; 0; 0; 188; 0; 122; 0; 0; 0; 2; 1; 0; 0; 0; 0; 378; 0; 0; 355; 0; 0; 0; 0; 0; 0
1973;06; 0; 0; 0; 0; 0; 0; 0; 0; 0; 11; 0; 0; 0; 0; 0; 0; 0; 0; 21; 0; 0; 0; 0; 0; 59; 0; 18; 0; 0; 0; 9999
1973;07; 0; 5; 114; 0; 0; 0; 0; 0; 0; 0; 0; 0; 0; 0; 0; 0; 0; 0; 0; 0; 0; 0; 0; 0; 0; 0; 0; 4; 0; 0; 0
1973;08; 0; 0; 0; 0; 0; 0; 0; 0; 0; 0; 0; 0; 0; 0; 0; 0; 0; 0; 0; 0; 0; 0; 0; 0; 0; 88; 0; 1; 0; 0; 0
1973;09; 0; 12; 0; 0; 0; 0; 17; 0; 14; 0; 0; 0; 0; 0; 0; 0; 0; 0; 0; 0; 0; 0; 0; 0; 0; 496; 28; 0; 0; 0; 9999
1973;10; 0; 3; 0; 0; 0; 0; 633; 0; 0; 23; 0; 650; 4; 0; 0; 0; 0; 0; 5; 0; 0; 0; 0; 215; 0; 0; 288; 0; 0; 0; 2
1973;11; 65; 182; 0; 0; 0; 0; 0; 0; 0; 12; 0; 242; 64; 214; 0; 0; 41; 220; 380; 0; 0; 0; 0; 0; 64; 0; 0; 5; 0; 0; 9999
1973;12; 0; 0; 0; 16; 0; 0; 416; 27; 24; 0; 0; 0; 0; 12; 0; 4; 86; 49; 0; 333; 153; 446; 0; 0; 166; 269; 9; 0; 0; 20; 154
1974;01; 161; 193; 2; 1; 0; 8; 0; 3; 304; 5; 37; 169; 80; 46; 51; 54; 226; 0; 49; 0; 0; 0; 29; 4; 0; 41; 0; 10; 131; 32; 43
1974;02; 19; 340; 222; 18; 117; 0; 0; 0; 0; 0; 46; 0; 0; 94; 20; 52; 0; 0; 0; 0; 0; 8; 32; 29; 3; 145; 0; 0; 9999; 9999; 9999
1974;03; 0; 0; 7; 87; 335; 0; 467; 207; 24; 90; 47; 3; 60; 322; 1; 87; 141; 428; 851; 201; 6; 7; 0; 18; 7; 0; 0; 0; 0; 0; 0
1974;04; 0; 2; 0; 13; 0; 0; 0; 0; 0; 0; 0; 0; 0; 27; 0; 0; 0; 0; 0; 0; 0; 0; 0; 8; 34; 78; 0; 0; 0; 0; 9999
1974;05; 27; 0; 0; 0; 0; 0; 0; 0; 0; 0; 0; 0; 138; 2; 0; 0; 0; 0; 11; 16; 0; 0; 0; 0; 0; 0; 43; 0; 0; 0; 0
1974;06; 0; 0; 21; 86; 180; 0; 0; 0; 0; 0; 0; 115; 15; 2; 0; 0; 0; 0; 0; 0; 0; 317; 1; 0; 0; 0; 99; 0; 0; 0; 9999
1974;07; 0; 0; 0; 0; 0; 0; 0; 0; 0; 0; 0; 0; 0; 0; 0; 0; 0; 0; 0; 0; 0; 0; 0; 0; 0; 0; 0; 0; 0; 0; 0
1974;08; 0; 0; 0; 0; 0; 0; 0; 0; 0; 0; 0; 0; 13; 0; 0; 2; 0; 0; 0; 0; 0; 0; 0; 0; 0; 0; 0; 0; 0; 0; 0
1974;09; 0; 0; 0; 0; 0; 0; 0; 0; 0; 0; 0; 0; 0; 0; 0; 0; 0; 0; 0; 0; 0; 8; 0; 0; 0; 0; 349; 0; 462; 3; 9999
1974;10; 0; 65; 0; 0; 244; 0; 0; 1; 3; 0; 0; 0; 0; 0; 0; 0; 188; 0; 31; 49; 0; 0; 0; 79; 125; 38; 0; 92; 0; 434; 0
1974;11; 0; 0; 0; 0; 0; 163; 12; 0; 0; 0; 0; 27; 95; 0; 0; 0; 0; 0; 0; 0; 271; 0; 0; 0; 0; 0; 0; 251; 35; 0; 9999
1974;12; 161; 15; 17; 0; 95; 21; 134; 0; 0; 0; 0; 5; 65; 191; 245; 300; 77; 41; 231; 131; 87; 81; 103; 189; 16; 2; 0; 373; 38; 39; 46
1975;01; 546; 264; 0; 0; 0; 0; 88; 0; 0; 0; 158; 39; 221; 59; 0; 0; 0; 0; 0; 0; 0; 0; 0; 0; 0; 95; 0; 37; 387; 0; 0
1975;02; 0; 135; 224; 35; 742; 554; 56; 146; 0; 133; 0; 0; 0; 0; 0; 0; 33; 0; 0; 3; 0; 0; 423; 0; 30; 58; 49; 0; 9999; 9999; 9999
1975;03; 13; 0; 0; 0; 0; 0; 44; 74; 307; 0; 0; 0; 123; 0; 0; 0; 0; 0; 0; 0; 0; 0; 203; 163; 326; 0; 0; 0; 0; 454; 0
1975;04; 50; 3; 2; 0; 0; 0; 0; 0; 44; 144; 346; 3; 0; 0; 5; 2; 0; 0; 0; 0; 0; 0; 0; 0; 0; 0; 0; 0; 0; 0; 9999
1975;05; 0; 0; 0; 0; 0; 0; 0; 0; 0; 0; 0; 0; 0; 0; 0; 0; 0; 0; 0; 0; 0; 0; 0; 0; 0; 0; 0; 0; 0; 0; 0
1975;06; 0; 0; 0; 0; 0; 0; 0; 0; 0; 0; 0; 0; 0; 0; 0; 0; 0; 0; 0; 0; 0; 0; 0; 0; 0; 0; 0; 0; 0; 0; 9999
1975;07; 0; 0; 0; 103; 3; 127; 0; 0; 0; 0; 0; 0; 0; 0; 0; 0; 13; 0; 0; 0; 0; 0; 0; 0; 0; 0; 0; 0; 0; 0; 0
1975;08; 0; 0; 0; 0; 0; 0; 0; 0; 0; 0; 0; 0; 0; 0; 0; 0; 0; 0; 0; 0; 0; 0; 0; 0; 0; 0; 0; 0; 0; 0; 0
1975;09; 0; 0; 0; 0; 0; 0; 0; 0; 0; 0; 0; 0; 0; 0; 0; 0; 0; 0; 0; 0; 0; 0; 0; 47; 0; 0; 363; 0; 9; 45; 9999
1975;10; 0; 0; 177; 240; 0; 10; 0; 139; 3; 0; 0; 25; 0; 1; 3; 0; 203; 227; 485; 0; 0; 0; 0; 0; 0; 1; 0; 0; 0; 97; 70
1975;11; 0; 105; 0; 0; 0; 4; 138; 0; 4; 42; 0; 19; 0; 0; 0; 0; 66; 20; 0; 357; 343; 0; 7; 5; 121; 320; 74; 213; 15; 58; 9999
1975;12; 632; 29; 138; 331; 0; 0; 0; 0; 0; 5; 0; 0; 1; 769; 0; 0; 0; 7; 165; 2; 0; 71; 0; 122; 382; 78; 0; 0; 0; 94; 0
1976;01; 305; 186; 9; 1; 0; 41; 12; 435; 255; 0; 0; 115; 42; 0; 6; 30; 0; 0; 0; 73; 432; 77; 9999; 9999; 9999; 9999; 9999; 9999; 9999; 9999; 9999
1976;02; 9999; 9999; 9999; 9999; 9999; 9999; 9999; 9999; 9999; 9999; 9999; 9999; 9999; 9999; 9999; 9999; 9999; 9999; 9999; 369; 11; 30; 236; 151; 16; 0; 209; 7; 7; 9999; 9999
1976;03; 5; 118; 40; 0; 0; 0; 0; 0; 0; 0; 0; 33; 0; 0; 0; 95; 0; 133; 180; 170; 0; 588; 0; 16; 0; 154; 58; 0; 0; 0; 0
1976;04; 0; 0; 0; 0; 0; 0; 0; 0; 210; 9; 604; 13; 7; 4; 188; 0; 0; 0; 0; 0; 0; 0; 0; 0; 0; 0; 0; 0; 0; 0; 9999
1976;05; 0; 0; 0; 0; 62; 0; 0; 0; 53; 2; 5; 5; 1; 0; 0; 0; 2; 158; 2; 93; 0; 2; 3; 0; 8; 4; 0; 45; 315; 5; 0
1976;06; 0; 0; 0; 0; 50; 77; 0; 0; 0; 0; 1; 0; 0; 0; 0; 0; 0; 0; 0; 0; 0; 0; 0; 0; 0; 0; 0; 0; 0; 0; 9999
1976;07; 0; 0; 51; 4; 0; 0; 0; 0; 0; 12; 4; 0; 0; 0; 0; 0; 0; 0; 0; 0; 0; 0; 0; 0; 0; 0; 0; 0; 0; 0; 0
1976;08; 0; 0; 0; 0; 0; 60; 0; 0; 0; 119; 3; 0; 0; 507; 0; 0; 0; 204; 0; 64; 0; 0; 0; 0; 0; 0; 0; 0; 0; 0; 0
1976;09; 0; 0; 0; 0; 84; 250; 122; 0; 2; 0; 0; 0; 6; 215; 6; 638; 0; 2; 0; 0; 2; 0; 10; 0; 0; 58; 233; 0; 3; 0; 9999
1976;10; 0; 0; 0; 0; 236; 89; 0; 0; 277; 21; 0; 0; 0; 0; 0; 0; 0; 88; 70; 1; 0; 0; 0; 0; 2; 238; 2; 0; 0; 0; 89
1976;11; 48; 26; 0; 22; 44; 145; 0; 0; 0; 0; 0; 0; 72; 0; 0; 308; 11; 0; 0; 45; 425; 0; 0; 0; 0; 618; 344; 0; 1; 31; 9999
1976;12; 252; 124; 0; 0; 0; 0; 36; 64; 5; 4; 8; 180; 1; 6; 136; 85; 190; 0; 0; 2; 0; 40; 21; 76; 2; 173; 213; 337; 1; 0; 0
1977;01; 0; 0; 338; 0; 304; 8; 291; 71; 45; 0; 0; 0; 0; 31; 218; 0; 7; 209; 105; 881; 0; 0; 41; 174; 24; 91; 8; 12; 0; 17; 31
1977;02; 70; 52; 96; 0; 3; 19; 1; 0; 0; 67; 0; 0; 0; 0; 0; 0; 0; 0; 0; 0; 0; 0; 61; 0; 7; 127; 38; 3; 9999; 9999; 9999
1977;03; 0; 0; 27; 0; 20; 0; 0; 0; 49; 0; 0; 0; 0; 0; 0; 0; 0; 2; 0; 0; 381; 37; 51; 143; 0; 0; 0; 0; 160; 4; 462
1977;04; 3; 0; 0; 14; 3; 0; 0; 0; 4; 271; 0; 0; 0; 0; 0; 0; 0; 0; 0; 122; 31; 2; 1; 0; 0; 0; 0; 0; 0; 0; 9999
1977;05; 4; 9; 20; 0; 0; 0; 0; 0; 1; 0; 0; 0; 0; 0; 0; 0; 0; 0; 0; 0; 0; 0; 0; 0; 0; 0; 0; 0; 0; 0; 0
1977;06; 46; 0; 69; 14; 35; 2; 0; 0; 0; 0; 0; 0; 0; 0; 27; 136; 14; 0; 0; 0; 0; 157; 3; 0; 4; 0; 0; 0; 0; 0; 9999
1977;07; 0; 0; 0; 0; 0; 0; 0; 0; 0; 0; 0; 0; 0; 0; 0; 0; 0; 0; 0; 0; 0; 11; 22; 0; 0; 0; 0; 0; 0; 0; 0
1977;08; 0; 0; 0; 0; 0; 0; 0; 0; 0; 0; 0; 0; 0; 0; 0; 0; 0; 0; 0; 0; 0; 0; 0; 0; 0; 0; 0; 0; 0; 66; 66
1977;09; 100; 121; 8; 0; 0; 0; 32; 123; 0; 0; 0; 0; 0; 0; 0; 0; 0; 57; 4; 2; 20; 0; 39; 281; 2; 0; 0; 0; 0; 0; 9999
1977;10; 3; 14; 0; 1; 0; 0; 0; 0; 0; 0; 0; 0; 0; 0; 0; 0; 285; 43; 0; 0; 0; 0; 20; 0; 0; 2; 41; 59; 145; 0; 64
1977;11; 0; 348; 0; 32; 0; 0; 0; 0; 0; 0; 0; 113; 1; 4; 86; 362; 545; 40; 148; 36; 50; 193; 74; 2; 130; 16; 23; 62; 0; 0; 9999
1977;12; 122; 858; 123; 104; 3; 112; 0; 0; 208; 267; 3; 0; 0; 0; 0; 0; 0; 0; 14; 24; 53; 26; 548; 285; 2; 0; 0; 0; 0; 0; 0
1978;01; 128; 421; 2; 3; 207; 102; 4; 20; 47; 409; 104; 37; 107; 97; 118; 55; 82; 373; 0; 0; 0; 238; 50; 0; 0; 0; 0; 0; 120; 0; 0
1978;02; 0; 0; 0; 0; 0; 0; 423; 0; 0; 0; 0; 141; 0; 0; 0; 0; 76; 0; 0; 0; 232; 0; 188; 0; 0; 0; 32; 0; 9999; 9999; 9999
1978;03; 0; 240; 142; 2; 0; 0; 0; 0; 467; 746; 59; 4; 22; 0; 0; 0; 0; 0; 0; 0; 0; 0; 0; 0; 0; 0; 0; 0; 102; 13; 2
1978;04; 47; 0; 0; 0; 0; 0; 0; 0; 0; 0; 0; 0; 0; 0; 0; 0; 0; 0; 0; 0; 0; 0; 20; 0; 0; 0; 0; 0; 0; 0; 9999
1978;05; 0; 0; 0; 0; 0; 0; 0; 0; 0; 0; 0; 0; 0; 0; 0; 0; 287; 344; 43; 2; 227; 4; 1; 0; 0; 75; 0; 48; 13; 620; 14
1978;06; 2; 0; 0; 10; 0; 0; 0; 0; 53; 0; 0; 0; 0; 0; 0; 0; 0; 0; 0; 0; 0; 0; 0; 0; 0; 0; 0; 0; 0; 0; 9999
1978;07; 0; 0; 0; 0; 0; 0; 0; 0; 0; 0; 0; 0; 0; 0; 0; 43; 2; 118; 1; 149; 460; 78; 4; 2; 17; 0; 0; 0; 0; 0; 0
1978;08; 0; 0; 0; 0; 0; 0; 0; 0; 0; 0; 0; 0; 0; 0; 0; 0; 0; 0; 0; 0; 0; 0; 0; 0; 0; 0; 0; 0; 0; 0; 0
1978;09; 4; 6; 2; 0; 17; 20; 0; 372; 2; 0; 0; 0; 0; 0; 125; 0; 6; 3; 0; 0; 0; 12; 0; 0; 0; 0; 0; 0; 0; 0; 9999
1978;10; 0; 0; 0; 0; 0; 0; 0; 0; 0; 27; 47; 0; 0; 4; 0; 0; 0; 0; 424; 0; 0; 0; 0; 0; 0; 0; 0; 587; 25; 4; 18
1978;11; 51; 2; 0; 66; 521; 6; 0; 0; 0; 18; 566; 125; 3; 0; 0; 0; 135; 0; 0; 0; 0; 291; 0; 116; 0; 0; 126; 14; 0; 0; 9999
1978;12; 0; 0; 5; 0; 16; 14; 2; 199; 1169; 23; 140; 1; 2; 0; 0; 3; 149; 53; 0; 0; 0; 0; 0; 0; 0; 225; 879; 197; 97; 3; 1
1979;01; 0; 0; 52; 498; 317; 5; 0; 0; 0; 0; 10; 268; 239; 44; 2; 0; 0; 0; 0; 0; 0; 0; 0; 0; 0; 37; 0; 148; 335; 29; 2
1979;02; 0; 0; 0; 0; 0; 0; 7; 0; 0; 56; 2; 34; 84; 191; 64; 2; 0; 0; 0; 0; 0; 0; 366; 2; 0; 0; 0; 0; 9999; 9999; 9999
1979;03; 0; 25; 364; 2; 0; 0; 0; 0; 52; 3; 46; 55; 209; 13; 230; 5; 2; 0; 0; 102; 2; 4; 60; 0; 0; 0; 0; 0; 0; 0; 0
1979;04; 0; 0; 85; 70; 532; 27; 3; 0; 0; 0; 0; 0; 0; 0; 0; 0; 0; 0; 0; 0; 0; 0; 0; 0; 0; 0; 0; 0; 1; 403; 9999
1979;05; 1; 0; 0; 0; 306; 0; 22; 282; 32; 0; 0; 0; 0; 0; 2; 1; 0; 0; 0; 0; 0; 0; 0; 0; 0; 0; 0; 0; 89; 86; 1
1979;06; 0; 0; 0; 0; 0; 0; 0; 0; 0; 2; 0; 0; 0; 0; 0; 0; 0; 0; 0; 0; 0; 0; 0; 0; 0; 0; 0; 0; 0; 0; 9999
1979;07; 0; 0; 0; 90; 65; 2; 0; 0; 0; 0; 0; 0; 0; 0; 2; 0; 0; 0; 0; 135; 0; 0; 5; 108; 19; 0; 0; 0; 0; 0; 0
1979;08; 0; 0; 0; 0; 0; 0; 0; 0; 0; 0; 0; 0; 0; 0; 0; 0; 0; 188; 233; 0; 0; 0; 0; 0; 0; 0; 244; 0; 0; 0; 0
1979;09; 0; 0; 168; 2; 0; 0; 0; 0; 6; 156; 215; 33; 0; 308; 115; 66; 0; 0; 0; 6; 0; 0; 7; 28; 0; 0; 0; 0; 0; 0; 9999
1979;10; 0; 0; 0; 0; 0; 0; 0; 281; 0; 0; 0; 0; 0; 16; 164; 1; 0; 0; 0; 0; 0; 0; 0; 0; 0; 0; 482; 4; 92; 1; 90
1979;11; 6; 2; 9; 15; 0; 0; 2; 88; 201; 375; 27; 0; 0; 0; 56; 0; 0; 0; 293; 0; 0; 0; 107; 5; 90; 349; 0; 0; 0; 0; 9999
1979;12; 0; 69; 0; 0; 147; 0; 0; 0; 0; 2; 30; 0; 24; 285; 0; 417; 84; 0; 0; 54; 0; 558; 40; 894; 360; 109; 318; 472; 2; 12; 137
1980;01; 47; 0; 0; 0; 0; 54; 0; 248; 440; 533; 363; 236; 11; 0; 0; 0; 3; 98; 282; 0; 24; 0; 25; 77; 383; 0; 57; 0; 0; 0; 20
1980;02; 1; 380; 0; 0; 0; 0; 0; 0; 0; 117; 468; 58; 18; 14; 5; 0; 42; 31; 57; 1; 0; 0; 0; 826; 97; 66; 288; 12; 32; 9999; 9999
1980;03; 61; 2; 197; 0; 0; 23; 0; 0; 0; 0; 55; 0; 0; 223; 226; 42; 351; 1; 0; 0; 0; 0; 0; 0; 0; 0; 0; 0; 0; 0; 0
1980;04; 0; 0; 159; 23; 407; 3; 0; 0; 0; 21; 10; 1; 0; 121; 282; 6; 1; 0; 0; 0; 0; 0; 0; 0; 0; 0; 0; 0; 0; 0; 9999
1980;05; 0; 521; 1; 0; 0; 0; 0; 0; 0; 0; 24; 0; 0; 0; 0; 0; 0; 0; 0; 0; 0; 196; 3; 1; 0; 0; 0; 0; 0; 0; 0
1980;06; 0; 0; 19; 0; 0; 0; 0; 0; 0; 0; 0; 0; 0; 1; 0; 0; 0; 0; 0; 0; 0; 0; 0; 0; 93; 117; 243; 2; 0; 0; 9999
1980;07; 0; 0; 2; 3; 0; 0; 0; 0; 0; 0; 0; 0; 0; 0; 0; 0; 0; 0; 0; 0; 0; 0; 0; 0; 0; 0; 0; 0; 0; 0; 2
1980;08; 0; 0; 0; 0; 0; 0; 60; 0; 0; 0; 0; 0; 4; 0; 0; 0; 0; 0; 0; 0; 0; 0; 33; 2; 0; 13; 0; 0; 0; 0; 0
1980;09; 0; 0; 0; 0; 0; 0; 0; 0; 6; 8; 0; 0; 320; 34; 52; 27; 0; 8; 113; 0; 87; 51; 0; 0; 0; 0; 0; 312; 3; 0; 9999
1980;10; 0; 0; 0; 0; 0; 0; 0; 0; 0; 0; 265; 313; 2; 0; 0; 0; 0; 0; 0; 0; 0; 0; 0; 195; 0; 0; 0; 0; 2; 165; 54
1980;11; 0; 0; 0; 30; 24; 0; 327; 218; 58; 0; 39; 0; 0; 0; 0; 0; 0; 0; 0; 52; 0; 3; 290; 704; 1; 0; 0; 0; 0; 202; 9999
1980;12; 154; 298; 2; 63; 0; 0; 477; 120; 0; 0; 0; 78; 67; 51; 0; 0; 0; 0; 0; 0; 0; 59; 109; 2; 111; 1; 137; 535; 4; 2; 5
1981;01; 2; 0; 49; 3; 14; 0; 0; 146; 4; 459; 607; 104; 179; 3; 348; 20; 0; 0; 0; 0; 88; 62; 10; 19; 37; 71; 0; 0; 0; 0; 0
1981;02; 0; 0; 0; 0; 2; 0; 0; 0; 22; 4; 0; 415; 593; 69; 0; 0; 0; 0; 0; 40; 4; 39; 0; 0; 0; 0; 25; 54; 9999; 9999; 9999
1981;03; 0; 0; 0; 34; 5; 2; 19; 0; 589; 1; 0; 0; 0; 0; 0; 2; 145; 84; 635; 0; 0; 0; 0; 0; 0; 0; 7; 365; 663; 0; 0
1981;04; 0; 0; 0; 0; 0; 0; 0; 0; 0; 0; 0; 0; 0; 0; 0; 29; 0; 0; 0; 0; 0; 0; 0; 691; 2; 0; 0; 432; 3; 0; 9999
1981;05; 0; 0; 0; 0; 0; 0; 0; 0; 0; 0; 0; 0; 0; 0; 0; 0; 0; 0; 0; 0; 0; 0; 0; 0; 0; 0; 0; 0; 0; 0; 0
1981;06; 0; 0; 0; 0; 0; 93; 647; 3; 0; 0; 0; 0; 0; 0; 0; 111; 218; 0; 0; 0; 0; 0; 0; 0; 0; 0; 0; 0; 0; 0; 9999
1981;07; 0; 0; 0; 0; 0; 0; 0; 0; 0; 0; 0; 0; 0; 0; 0; 0; 0; 0; 0; 0; 0; 0; 0; 0; 0; 0; 0; 0; 0; 0; 0
1981;08; 0; 0; 0; 0; 0; 0; 0; 0; 0; 0; 0; 0; 0; 0; 0; 0; 0; 59; 0; 0; 0; 0; 0; 0; 0; 0; 0; 0; 0; 0; 0
1981;09; 0; 0; 0; 171; 0; 0; 0; 0; 0; 0; 0; 0; 0; 0; 0; 0; 0; 0; 0; 0; 0; 0; 0; 0; 0; 44; 0; 0; 0; 13; 9999
1981;10; 0; 0; 0; 207; 25; 109; 264; 58; 0; 0; 0; 396; 145; 0; 0; 360; 2; 0; 17; 188; 0; 0; 0; 0; 0; 0; 123; 954; 0; 403; 0
1981;11; 0; 0; 138; 262; 1; 0; 378; 20; 0; 343; 1; 0; 0; 0; 99; 0; 96; 5; 308; 138; 83; 2; 0; 0; 0; 0; 0; 0; 0; 6; 9999
1981;12; 20; 457; 1; 0; 5; 12; 90; 15; 142; 3; 0; 37; 3; 12; 0; 0; 55; 432; 2; 4; 0; 519; 34; 2; 6; 0; 0; 102; 0; 0; 0
1982;01; 17; 77; 218; 23; 0; 0; 18; 422; 48; 185; 102; 286; 2; 0; 0; 0; 0; 0; 86; 0; 27; 7; 51; 0; 0; 0; 49; 44; 62; 127; 5
1982;02; 55; 102; 61; 255; 87; 154; 410; 10; 0; 120; 0; 0; 0; 0; 0; 0; 2; 0; 0; 0; 0; 0; 139; 208; 277; 2; 0; 377; 9999; 9999; 9999
1982;03; 268; 27; 49; 0; 0; 0; 0; 1; 82; 121; 94; 763; 152; 364; 132; 393; 159; 27; 0; 0; 0; 728; 279; 5; 226; 0; 0; 0; 57; 0; 0
1982;04; 0; 0; 0; 0; 0; 0; 0; 0; 0; 0; 0; 0; 0; 54; 38; 2; 0; 0; 0; 0; 0; 0; 0; 0; 0; 0; 75; 0; 0; 3; 9999
1982;05; 2; 0; 0; 0; 0; 0; 0; 0; 0; 0; 0; 0; 0; 0; 0; 0; 0; 0; 3; 18; 0; 0; 0; 9999; 742; 3; 1; 0; 0; 0; 32
1982;06; 2; 0; 0; 0; 16; 0; 0; 0; 0; 0; 0; 0; 14; 0; 0; 118; 8; 0; 0; 0; 59; 8; 0; 3; 1; 0; 0; 0; 114; 0; 9999
1982;07; 48; 0; 0; 0; 0; 0; 0; 0; 0; 0; 0; 0; 0; 52; 0; 0; 90; 2; 31; 1; 0; 0; 0; 0; 0; 0; 0; 0; 0; 13; 0
1982;08; 0; 0; 0; 0; 203; 0; 0; 0; 0; 0; 44; 0; 0; 0; 0; 0; 0; 0; 3; 0; 0; 0; 0; 0; 0; 0; 6; 18; 1; 4; 0
1982;09; 0; 0; 0; 0; 31; 0; 0; 0; 0; 0; 0; 0; 0; 110; 2; 0; 0; 0; 23; 0; 0; 0; 5; 0; 0; 41; 205; 253; 0; 0; 9999
1982;10; 0; 0; 59; 0; 0; 112; 85; 59; 317; 7; 15; 2; 0; 223; 0; 0; 0; 98; 83; 0; 9; 177; 0; 2; 0; 0; 112; 2; 4; 190; 0
1982;11; 2; 0; 0; 0; 391; 63; 15; 0; 0; 0; 133; 501; 2; 0; 5; 85; 2; 0; 107; 33; 2; 10; 3; 117; 2; 69; 54; 3; 132; 0; 9999
1982;12; 6; 785; 121; 2; 0; 0; 161; 1; 0; 0; 7; 16; 2; 0; 0; 13; 82; 141; 8; 0; 0; 460; 93; 40; 0; 0; 0; 41; 32; 68; 57
1983;01; 67; 2; 0; 0; 32; 61; 63; 51; 87; 225; 1; 461; 329; 266; 178; 583; 252; 362; 49; 7; 5; 0; 0; 23; 0; 0; 82; 59; 2; 83; 112
1983;02; 359; 620; 51; 65; 6; 0; 0; 341; 2; 129; 0; 0; 39; 0; 0; 0; 0; 2; 21; 0; 0; 0; 173; 0; 0; 17; 0; 260; 9999; 9999; 9999
1983;03; 69; 6; 0; 214; 75; 97; 128; 709; 47; 0; 0; 0; 159; 61; 0; 0; 0; 131; 18; 7; 0; 0; 0; 0; 0; 0; 18; 174; 0; 0; 0
1983;04; 0; 5; 0; 0; 0; 12; 26; 2; 0; 0; 30; 119; 0; 0; 0; 0; 0; 0; 0; 14; 115; 1; 2; 39; 366; 326; 2; 0; 0; 0; 9999
1983;05; 0; 0; 0; 0; 0; 0; 0; 0; 0; 0; 0; 0; 0; 0; 0; 0; 37; 5; 0; 0; 200; 0; 285; 183; 22; 0; 0; 0; 222; 234; 133
1983;06; 23; 118; 2; 0; 0; 4; 1; 0; 0; 0; 0; 0; 0; 2; 0; 0; 0; 0; 0; 0; 0; 0; 0; 0; 2; 0; 0; 0; 0; 0; 9999
1983;07; 0; 0; 0; 0; 0; 0; 0; 0; 0; 0; 0; 0; 0; 0; 0; 0; 0; 42; 287; 137; 22; 3; 4; 0; 0; 0; 0; 0; 0; 0; 0
1983;08; 0; 2; 0; 0; 0; 0; 0; 0; 0; 0; 0; 0; 0; 0; 0; 0; 0; 0; 0; 0; 0; 0; 0; 0; 0; 0; 0; 0; 0; 0; 0
1983;09; 0; 0; 0; 0; 0; 15; 391; 526; 87; 2; 0; 0; 2; 0; 30; 0; 4; 109; 459; 157; 0; 0; 0; 0; 0; 0; 0; 0; 0; 0; 9999
1983;10; 0; 0; 0; 0; 2; 0; 71; 36; 2; 109; 0; 0; 7; 92; 279; 0; 0; 373; 56; 0; 0; 198; 386; 277; 0; 0; 0; 0; 0; 0; 0
1983;11; 345; 51; 89; 2; 139; 0; 0; 0; 0; 0; 7; 179; 115; 2; 31; 2; 0; 0; 0; 269; 0; 277; 2; 0; 0; 0; 0; 0; 9; 0; 9999
1983;12; 0; 36; 0; 0; 0; 0; 0; 0; 55; 45; 44; 213; 23; 29; 6; 0; 0; 44; 0; 1; 0; 173; 153; 98; 138; 2; 40; 0; 57; 2; 0
1984;01; 169; 0; 0; 0; 0; 0; 0; 8; 0; 7; 0; 0; 0; 0; 0; 0; 0; 0; 0; 0; 4; 6; 31; 59; 27; 291; 451; 373; 0; 0; 0
1984;02; 0; 0; 0; 0; 0; 0; 58; 157; 6; 0; 35; 147; 7; 0; 121; 0; 204; 0; 211; 0; 0; 184; 73; 20; 0; 0; 2; 0; 0; 9999; 9999
1984;03; 0; 267; 2; 9; 0; 141; 110; 115; 0; 0; 0; 0; 0; 0; 0; 0; 69; 308; 2; 0; 0; 29; 0; 0; 0; 0; 0; 0; 176; 91; 352
1984;04; 13; 17; 69; 2; 3; 0; 0; 59; 163; 0; 0; 0; 0; 0; 12; 63; 36; 65; 0; 0; 0; 0; 0; 2; 30; 0; 0; 0; 31; 69; 9999
1984;05; 24; 262; 49; 0; 0; 0; 0; 0; 0; 0; 60; 39; 2; 77; 0; 0; 0; 80; 0; 0; 0; 0; 0; 0; 0; 0; 0; 0; 0; 0; 0
1984;06; 0; 0; 0; 0; 0; 0; 0; 0; 0; 0; 0; 0; 0; 0; 0; 0; 0; 0; 0; 0; 0; 0; 0; 0; 0; 0; 0; 0; 0; 0; 9999
1984;07; 0; 0; 0; 0; 0; 0; 0; 0; 0; 0; 0; 0; 0; 0; 0; 0; 0; 0; 0; 0; 0; 0; 0; 0; 0; 0; 0; 0; 51; 2; 0
1984;08; 0; 2; 206; 42; 0; 0; 0; 0; 0; 0; 0; 0; 0; 0; 0; 0; 0; 0; 0; 108; 146; 51; 165; 0; 17; 7; 0; 0; 0; 0; 0
1984;09; 0; 0; 0; 0; 0; 0; 0; 0; 52; 0; 0; 0; 0; 0; 0; 0; 20; 0; 0; 0; 2; 45; 0; 0; 0; 6; 285; 0; 0; 0; 9999
1984;10; 0; 0; 0; 0; 0; 0; 0; 0; 0; 567; 2; 0; 0; 0; 0; 0; 47; 132; 2; 0; 0; 0; 0; 0; 0; 0; 0; 0; 0; 0; 0
1984;11; 0; 0; 0; 0; 0; 0; 0; 0; 0; 57; 2; 95; 2; 0; 0; 0; 0; 199; 85; 0; 275; 0; 2; 0; 0; 6; 51; 0; 0; 0; 9999
1984;12; 0; 97; 198; 0; 0; 74; 306; 2; 85; 0; 0; 53; 7; 36; 321; 13; 52; 61; 0; 0; 0; 99; 0; 0; 0; 0; 0; 0; 0; 0; 0
1985;01; 267; 2; 0; 0; 0; 0; 0; 229; 16; 0; 0; 0; 0; 0; 9; 249; 207; 235; 2; 7; 31; 51; 837; 183; 852; 46; 2; 0; 0; 0; 0
1985;02; 0; 2; 0; 0; 0; 0; 0; 0; 0; 0; 6; 8; 117; 2; 0; 0; 0; 0; 0; 0; 0; 0; 0; 79; 371; 5; 238; 67; 9999; 9999; 9999
1985;03; 226; 265; 181; 192; 36; 50; 2; 569; 0; 2; 29; 3; 65; 2; 0; 137; 194; 388; 0; 0; 0; 0; 0; 0; 0; 0; 0; 0; 0; 2; 42
1985;04; 16; 2; 0; 376; 157; 131; 43; 2; 0; 0; 57; 0; 40; 0; 0; 0; 18; 126; 2; 0; 0; 0; 0; 0; 0; 0; 0; 0; 48; 9; 9999
1985;05; 88; 0; 0; 0; 0; 0; 0; 0; 0; 3; 0; 0; 0; 0; 0; 0; 0; 0; 0; 0; 0; 315; 2; 0; 0; 0; 0; 0; 0; 0; 0
1985;06; 0; 0; 29; 61; 0; 0; 0; 0; 0; 0; 0; 0; 0; 0; 0; 0; 0; 0; 0; 0; 0; 0; 0; 0; 0; 0; 0; 0; 0; 0; 9999
1985;07; 0; 0; 0; 0; 0; 37; 43; 2; 0; 0; 0; 0; 0; 0; 0; 0; 0; 0; 0; 0; 0; 0; 0; 0; 0; 0; 0; 0; 0; 0; 0
1985;08; 0; 0; 0; 0; 0; 0; 0; 0; 0; 0; 0; 0; 0; 0; 0; 0; 0; 0; 0; 0; 0; 0; 0; 0; 0; 0; 0; 0; 5; 0; 0
1985;09; 50; 2; 0; 0; 0; 0; 0; 0; 0; 0; 0; 0; 0; 0; 0; 0; 0; 0; 0; 0; 0; 0; 0; 0; 0; 0; 0; 0; 0; 46; 9999
1985;10; 0; 0; 0; 0; 0; 0; 0; 8; 2; 6; 145; 0; 0; 0; 0; 0; 0; 0; 60; 0; 3; 0; 0; 0; 0; 0; 0; 0; 200; 61; 0
1985;11; 361; 289; 262; 9999; 47; 0; 0; 0; 0; 0; 0; 36; 0; 0; 0; 0; 0; 0; 0; 0; 0; 0; 0; 97; 69; 58; 4; 98; 0; 0; 9999
1985;12; 0; 17; 41; 88; 0; 0; 0; 0; 0; 0; 0; 0; 0; 0; 359; 2; 6; 8; 0; 0; 67; 59; 0; 0; 0; 0; 0; 0; 0; 9; 0
1986;01; 0; 6; 422; 0; 276; 28; 0; 0; 0; 0; 0; 169; 245; 418; 12; 2; 9; 0; 0; 0; 2; 38; 0; 0; 0; 0; 31; 0; 0; 4; 0
1986;02; 0; 0; 105; 49; 22; 2; 0; 24; 14; 93; 2; 101; 2; 0; 386; 213; 348; 4; 0; 26; 329; 5; 12; 0; 0; 0; 100; 0; 9999; 9999; 9999
1986;03; 0; 0; 10; 19; 0; 6; 240; 94; 3; 86; 0; 6; 0; 0; 169; 2; 12; 148; 24; 254; 2; 3; 369; 2; 0; 9; 0; 0; 0; 182; 0
1986;04; 0; 0; 0; 0; 159; 0; 0; 0; 0; 0; 0; 5; 0; 13; 0; 2; 2; 0; 0; 9; 13; 119; 68; 2; 0; 0; 0; 0; 0; 0; 9999
1986;05; 0; 0; 0; 0; 0; 0; 0; 538; 55; 2; 13; 2; 188; 152; 2; 0; 0; 29; 52; 2; 19; 0; 0; 0; 0; 0; 0; 0; 0; 0; 93
1986;06; 2; 0; 0; 0; 0; 0; 0; 0; 0; 0; 0; 0; 0; 0; 0; 0; 0; 0; 0; 0; 0; 0; 0; 0; 0; 0; 0; 0; 0; 0; 9999
1986;07; 0; 0; 0; 83; 44; 2; 5; 0; 0; 0; 0; 0; 0; 0; 0; 0; 0; 0; 0; 0; 31; 3; 241; 6; 2; 0; 0; 0; 0; 0; 53
1986;08; 10; 0; 0; 0; 0; 0; 0; 0; 0; 0; 2; 0; 0; 24; 12; 34; 46; 2; 0; 0; 0; 122; 189; 99; 131; 2; 0; 0; 0; 0; 0
1986;09; 0; 2; 0; 0; 4; 0; 0; 0; 0; 0; 0; 0; 0; 0; 0; 0; 0; 0; 0; 0; 0; 0; 0; 0; 0; 217; 2; 0; 6; 2; 9999
1986;10; 0; 0; 0; 0; 0; 0; 0; 0; 0; 144; 6; 0; 0; 0; 0; 0; 0; 0; 172; 3; 74; 122; 2; 0; 0; 0; 0; 0; 0; 0; 0
1986;11; 0; 0; 0; 0; 0; 3; 12; 2; 0; 63; 12; 51; 2; 0; 0; 0; 0; 0; 0; 0; 29; 0; 0; 0; 0; 0; 0; 0; 673; 286; 9999
1986;12; 18; 579; 61; 49; 249; 2; 3; 191; 184; 29; 90; 2; 1; 2; 139; 4; 542; 163; 6; 5; 2; 2; 13; 6; 2; 0; 0; 2; 179; 346; 2
1987;01; 2; 74; 0; 0; 0; 2; 0; 0; 0; 0; 189; 2; 2; 0; 0; 353; 2; 14; 2; 53; 3; 37; 15; 78; 319; 183; 232; 191; 114; 53; 112
1987;02; 103; 29; 86; 117; 337; 287; 143; 2; 6; 3; 2; 107; 9; 84; 246; 148; 2; 174; 2; 0; 0; 0; 0; 0; 0; 0; 0; 0; 9999; 9999; 9999
1987;03; 36; 6; 12; 2; 0; 0; 2; 136; 392; 212; 36; 3; 0; 0; 0; 6; 0; 0; 0; 0; 0; 0; 0; 0; 0; 0; 0; 0; 0; 0; 0
1987;04; 0; 0; 202; 217; 2; 2; 0; 105; 80; 2; 6; 0; 0; 0; 0; 0; 0; 0; 0; 0; 161; 42; 2; 0; 0; 0; 0; 0; 0; 39; 9999
1987;05; 0; 0; 0; 0; 33; 2; 0; 0; 0; 0; 0; 439; 0; 0; 0; 212; 24; 2; 22; 11; 17; 260; 3; 41; 109; 2; 2; 0; 2; 0; 0
1987;06; 0; 0; 0; 0; 0; 0; 8; 0; 0; 0; 0; 0; 0; 0; 5; 32; 2; 0; 0; 0; 0; 0; 0; 3; 0; 0; 0; 0; 0; 0; 9999
1987;07; 0; 0; 0; 0; 0; 0; 0; 0; 114; 2; 0; 0; 0; 0; 0; 0; 0; 0; 0; 0; 0; 0; 0; 0; 0; 0; 0; 0; 0; 8; 3
1987;08; 0; 0; 0; 0; 0; 9999; 9999; 9999; 9999; 9999; 82; 0; 0; 0; 0; 0; 0; 0; 0; 0; 0; 0; 0; 0; 0; 0; 0; 0; 0; 0; 0
1987;09; 0; 0; 3; 0; 0; 0; 28; 49; 41; 0; 159; 133; 0; 0; 0; 0; 0; 0; 0; 0; 0; 33; 159; 271; 0; 0; 0; 187; 0; 0; 9999
1987;10; 4; 462; 0; 0; 0; 272; 0; 0; 0; 0; 0; 0; 0; 0; 0; 0; 0; 0; 0; 6; 0; 0; 0; 117; 241; 0; 6; 0; 0; 0; 0
1987;11; 0; 0; 0; 0; 0; 466; 385; 8; 0; 0; 0; 0; 0; 191; 129; 40; 0; 0; 0; 0; 0; 0; 0; 0; 61; 13; 0; 0; 0; 63; 9999
1987;12; 0; 0; 0; 23; 267; 82; 333; 14; 0; 0; 0; 66; 9; 3; 0; 0; 311; 57; 462; 83; 151; 0; 0; 0; 0; 0; 43; 0; 0; 106; 0
1988;01; 398; 0; 0; 0; 0; 278; 169; 364; 395; 0; 0; 0; 19; 12; 0; 0; 0; 0; 113; 81; 0; 0; 0; 57; 0; 0; 0; 0; 0; 216; 0
1988;02; 0; 0; 0; 0; 275; 212; 78; 19; 32; 48; 29; 0; 0; 0; 0; 0; 143; 0; 0; 302; 46; 53; 22; 58; 60; 36; 61; 6; 4; 9999; 9999
1988;03; 0; 209; 4; 47; 174; 71; 161; 133; 0; 0; 0; 0; 0; 0; 0; 0; 608; 476; 308; 0; 0; 0; 0; 0; 0; 0; 0; 0; 184; 0; 0
1988;04; 39; 0; 0; 0; 143; 0; 0; 297; 0; 0; 0; 0; 94; 173; 0; 133; 0; 0; 76; 13; 0; 0; 0; 0; 0; 0; 0; 0; 0; 0; 9999
1988;05; 0; 0; 0; 115; 86; 0; 0; 0; 0; 0; 0; 0; 0; 0; 0; 0; 0; 171; 0; 0; 0; 0; 0; 0; 20; 0; 8; 0; 0; 96; 91
1988;06; 0; 0; 0; 12; 0; 0; 0; 0; 0; 0; 0; 0; 0; 0; 0; 0; 0; 0; 0; 0; 0; 0; 0; 0; 0; 0; 0; 0; 0; 0; 9999
1988;07; 0; 0; 0; 0; 0; 0; 0; 0; 0; 0; 0; 0; 0; 0; 0; 0; 0; 0; 0; 0; 0; 0; 0; 0; 0; 0; 0; 0; 0; 0; 0
1988;08; 0; 0; 0; 0; 0; 0; 0; 0; 0; 0; 0; 0; 0; 0; 0; 0; 0; 0; 0; 0; 0; 0; 0; 0; 0; 0; 0; 0; 0; 0; 0
1988;09; 0; 0; 0; 0; 0; 0; 0; 0; 0; 0; 0; 0; 0; 0; 0; 0; 2; 0; 0; 0; 0; 0; 0; 0; 0; 0; 0; 0; 0; 0; 9999
1988;10; 0; 0; 0; 27; 112; 0; 0; 0; 0; 0; 0; 12; 0; 0; 0; 0; 0; 0; 0; 304; 364; 26; 113; 609; 0; 70; 0; 0; 0; 0; 0
1988;11; 18; 0; 0; 0; 0; 0; 0; 0; 0; 0; 0; 0; 0; 0; 38; 0; 0; 0; 0; 117; 213; 7; 116; 0; 0; 0; 0; 0; 0; 0; 9999
1988;12; 117; 302; 0; 0; 0; 0; 0; 0; 0; 0; 0; 163; 305; 45; 0; 82; 0; 0; 0; 0; 23; 209; 65; 345; 68; 443; 68; 0; 46; 0; 38
1989;01; 0; 336; 18; 755; 246; 35; 0; 85; 259; 68; 327; 0; 56; 97; 163; 128; 75; 26; 0; 0; 0; 0; 45; 0; 31; 0; 0; 45; 0; 26; 68
1989;02; 0; 0; 0; 300; 208; 0; 1100; 0; 29; 198; 1065; 103; 62; 430; 13; 0; 146; 227; 0; 390; 0; 0; 85; 143; 789; 87; 0; 0; 9999; 9999; 9999
1989;03; 0; 0; 26; 0; 0; 0; 0; 0; 0; 0; 0; 0; 0; 0; 120; 39; 36; 130; 0; 195; 158; 0; 0; 0; 0; 64; 86; 0; 0; 0; 0
1989;04; 0; 0; 0; 0; 0; 0; 0; 0; 0; 0; 18; 0; 0; 0; 0; 0; 0; 0; 115; 0; 0; 0; 0; 0; 0; 0; 0; 0; 0; 0; 9999
1989;05; 0; 197; 0; 0; 140; 0; 0; 0; 0; 0; 0; 0; 0; 0; 0; 0; 0; 0; 0; 0; 0; 0; 0; 0; 0; 53; 0; 0; 0; 0; 0
1989;06; 0; 0; 0; 0; 0; 0; 0; 355; 0; 0; 26; 0; 0; 0; 0; 46; 40; 0; 0; 0; 0; 0; 0; 0; 81; 0; 0; 0; 60; 0; 9999
1989;07; 0; 0; 0; 0; 0; 0; 0; 0; 0; 0; 0; 0; 0; 0; 0; 0; 0; 0; 0; 0; 0; 0; 0; 0; 0; 0; 0; 0; 60; 23; 292
1989;08; 0; 0; 0; 0; 0; 0; 0; 0; 8; 0; 0; 0; 0; 0; 0; 0; 0; 0; 0; 0; 36; 43; 47; 0; 0; 85; 0; 110; 0; 0; 0
1989;09; 74; 30; 0; 0; 48; 77; 0; 0; 0; 58; 0; 0; 65; 206; 0; 0; 0; 0; 0; 0; 0; 0; 0; 0; 56; 0; 0; 0; 0; 0; 9999
1989;10; 0; 0; 0; 15; 0; 0; 0; 0; 0; 0; 0; 225; 0; 0; 0; 8; 0; 0; 0; 0; 0; 0; 0; 0; 0; 0; 350; 0; 0; 0; 0
1989;11; 0; 0; 0; 101; 46; 0; 0; 0; 24; 80; 110; 71; 308; 0; 0; 0; 0; 0; 0; 117; 0; 189; 84; 0; 0; 0; 0; 0; 355; 34; 9999
1989;12; 0; 38; 0; 0; 0; 0; 0; 0; 0; 62; 36; 136; 260; 74; 80; 0; 0; 0; 376; 43; 0; 0; 0; 0; 65; 29; 0; 179; 366; 601; 358
1990;01; 153; 210; 19; 164; 237; 483; 190; 289; 413; 360; 186; 58; 24; 0; 0; 0; 0; 0; 0; 35; 0; 0; 196; 0; 0; 0; 0; 26; 23; 16; 0
1990;02; 0; 0; 0; 0; 0; 0; 0; 0; 0; 0; 78; 0; 24; 0; 0; 0; 0; 0; 0; 0; 0; 125; 230; 0; 58; 0; 0; 0; 9999; 9999; 9999
1990;03; 40; 0; 0; 0; 21; 0; 0; 18; 0; 0; 0; 0; 0; 0; 0; 0; 380; 0; 740; 305; 490; 47; 225; 163; 113; 0; 202; 0; 0; 103; 0
1990;04; 0; 0; 0; 0; 0; 0; 0; 197; 48; 0; 0; 0; 0; 0; 0; 0; 460; 580; 40; 80; 0; 0; 0; 0; 0; 0; 0; 0; 0; 0; 9999
1990;05; 0; 2; 45; 10; 0; 0; 0; 0; 0; 0; 85; 180; 0; 0; 0; 13; 0; 76; 0; 0; 0; 0; 0; 0; 0; 0; 0; 0; 0; 0; 0
1990;06; 0; 0; 0; 0; 0; 0; 0; 0; 0; 0; 0; 0; 0; 0; 35; 0; 0; 0; 0; 36; 66; 0; 0; 0; 0; 0; 0; 0; 0; 0; 9999
1990;07; 0; 0; 0; 0; 0; 0; 6; 0; 0; 70; 43; 0; 0; 0; 0; 0; 0; 0; 0; 110; 0; 0; 0; 0; 0; 0; 80; 0; 0; 0; 0
1990;08; 0; 0; 0; 0; 0; 0; 0; 0; 0; 0; 0; 0; 0; 0; 0; 0; 80; 52; 0; 354; 347; 0; 0; 0; 117; 0; 0; 210; 0; 0; 18
1990;09; 120; 0; 0; 0; 0; 0; 22; 0; 0; 0; 0; 0; 8; 62; 0; 0; 0; 0; 0; 0; 0; 0; 0; 95; 0; 0; 0; 0; 30; 115; 9999
1990;10; 220; 31; 0; 0; 0; 0; 0; 0; 0; 0; 0; 0; 17; 0; 0; 224; 0; 0; 317; 95; 0; 0; 0; 0; 0; 0; 0; 0; 0; 0; 0
1990;11; 0; 0; 0; 0; 18; 218; 0; 10; 0; 0; 0; 0; 0; 0; 0; 0; 0; 0; 0; 0; 53; 0; 0; 78; 240; 0; 73; 0; 0; 0; 9999
1990;12; 0; 0; 0; 0; 0; 0; 0; 210; 0; 164; 493; 277; 0; 167; 425; 0; 12; 0; 222; 40; 0; 0; 0; 0; 0; 583; 0; 0; 0; 0; 0
1991;01; 0; 0; 0; 480; 402; 0; 0; 0; 287; 4; 0; 182; 273; 5; 102; 80; 0; 0; 0; 0; 103; 7; 0; 0; 156; 5; 480; 77; 162; 200; 38
1991;02; 210; 263; 48; 0; 0; 0; 0; 0; 134; 116; 536; 31; 13; 60; 0; 0; 0; 78; 0; 0; 0; 0; 0; 0; 0; 0; 0; 0; 9999; 9999; 9999
1991;03; 0; 0; 155; 357; 362; 109; 30; 0; 0; 0; 0; 98; 46; 0; 133; 0; 0; 341; 0; 0; 106; 0; 0; 0; 0; 120; 25; 100; 89; 136; 151
1991;04; 0; 0; 0; 0; 260; 0; 0; 240; 0; 0; 0; 0; 0; 0; 29; 0; 0; 0; 121; 11; 0; 0; 0; 0; 162; 17; 0; 0; 0; 0; 9999
1991;05; 0; 0; 0; 0; 0; 0; 0; 25; 0; 0; 0; 0; 0; 0; 214; 0; 0; 0; 0; 0; 0; 0; 0; 0; 0; 0; 0; 0; 0; 0; 0
1991;06; 0; 0; 0; 0; 0; 0; 41; 0; 0; 0; 0; 0; 0; 0; 0; 0; 0; 0; 0; 0; 0; 0; 0; 0; 0; 0; 0; 0; 0; 0; 9999
1991;07; 0; 0; 0; 0; 0; 0; 0; 0; 0; 0; 0; 0; 172; 0; 0; 0; 0; 0; 0; 0; 0; 0; 0; 0; 0; 0; 0; 0; 0; 0; 0
1991;08; 0; 0; 0; 0; 0; 0; 0; 9; 0; 0; 0; 0; 0; 0; 0; 0; 0; 0; 0; 0; 0; 0; 0; 0; 0; 0; 0; 0; 0; 0; 0
1991;09; 0; 0; 0; 0; 0; 0; 0; 0; 0; 0; 0; 0; 0; 0; 0; 0; 0; 0; 114; 0; 0; 0; 0; 0; 0; 11; 0; 0; 125; 18; 9999
1991;10; 180; 29; 585; 0; 0; 0; 113; 25; 0; 0; 0; 0; 0; 0; 0; 0; 21; 126; 0; 0; 3; 0; 0; 0; 0; 0; 0; 0; 0; 35; 0
1991;11; 0; 0; 0; 0; 0; 0; 3; 15; 140; 0; 0; 6; 0; 39; 106; 0; 0; 0; 0; 0; 0; 0; 0; 0; 0; 0; 0; 0; 0; 81; 9999
1991;12; 52; 97; 0; 0; 0; 0; 307; 125; 6; 9; 94; 191; 147; 60; 42; 26; 28; 0; 50; 154; 15; 0; 147; 260; 92; 115; 9; 324; 36; 0; 0
1992;01; 0; 349; 0; 15; 310; 0; 0; 0; 0; 365; 0; 0; 197; 0; 0; 188; 81; 0; 14; 0; 239; 381; 224; 0; 0; 0; 0; 0; 0; 348; 195
1992;02; 80; 144; 497; 422; 22; 5; 0; 0; 4; 0; 0; 40; 0; 4; 47; 81; 28; 38; 6; 0; 0; 0; 54; 0; 22; 213; 0; 26; 114; 9999; 9999
1992;03; 60; 52; 176; 0; 0; 0; 0; 0; 0; 0; 5; 0; 0; 0; 0; 23; 210; 0; 0; 0; 0; 0; 0; 47; 41; 0; 68; 0; 53; 168; 94
1992;04; 40; 0; 0; 0; 0; 0; 69; 0; 0; 0; 0; 0; 311; 201; 0; 0; 0; 0; 0; 204; 56; 0; 0; 192; 174; 0; 0; 0; 0; 37; 9999
1992;05; 0; 330; 0; 212; 0; 210; 0; 0; 0; 0; 0; 0; 0; 94; 0; 0; 0; 0; 0; 56; 0; 0; 328; 0; 0; 0; 0; 0; 0; 0; 0
1992;06; 0; 0; 0; 0; 0; 0; 0; 0; 0; 0; 0; 0; 0; 0; 0; 0; 0; 0; 0; 0; 0; 0; 0; 0; 0; 0; 0; 0; 0; 0; 9999
1992;07; 0; 0; 0; 0; 0; 0; 0; 78; 0; 0; 0; 0; 0; 0; 0; 0; 0; 0; 0; 0; 0; 0; 0; 0; 0; 0; 0; 0; 0; 0; 0
1992;08; 0; 0; 0; 0; 0; 0; 0; 0; 0; 0; 0; 0; 0; 0; 0; 0; 0; 0; 0; 0; 0; 27; 80; 0; 0; 0; 0; 0; 0; 0; 12
1992;09; 47; 10; 5; 12; 101; 170; 0; 0; 0; 0; 154; 67; 147; 0; 53; 19; 0; 154; 312; 0; 0; 0; 0; 0; 4; 133; 0; 5; 0; 0; 9999
1992;10; 0; 307; 0; 0; 0; 0; 0; 7; 46; 0; 0; 30; 112; 6; 0; 0; 475; 0; 197; 0; 0; 0; 0; 0; 0; 0; 40; 0; 94; 0; 10
1992;11; 112; 281; 0; 52; 0; 0; 0; 0; 0; 80; 0; 0; 0; 0; 0; 0; 43; 0; 0; 0; 0; 63; 17; 0; 490; 110; 25; 0; 11; 0; 9999
1992;12; 0; 47; 0; 14; 0; 0; 0; 88; 0; 0; 153; 212; 0; 0; 0; 0; 0; 137; 0; 0; 36; 0; 0; 0; 0; 0; 691; 0; 0; 0; 0
1993;01; 0; 0; 0; 0; 343; 0; 210; 0; 0; 313; 174; 108; 75; 0; 0; 0; 0; 0; 34; 0; 0; 0; 0; 0; 0; 140; 0; 0; 0; 0; 0
1993;02; 125; 0; 3; 452; 0; 217; 134; 198; 83; 137; 0; 0; 241; 0; 254; 213; 154; 22; 237; 149; 40; 138; 0; 5; 0; 0; 0; 21; 9999; 9999; 9999
1993;03; 18; 0; 7; 0; 58; 0; 0; 0; 0; 0; 0; 3; 0; 0; 0; 0; 0; 12; 14; 400; 214; 3; 20; 19; 23; 0; 163; 0; 442; 4; 30
1993;04; 271; 397; 0; 0; 0; 0; 0; 0; 589; 0; 0; 138; 0; 0; 0; 0; 0; 0; 0; 0; 0; 0; 180; 0; 0; 0; 0; 0; 0; 0; 9999
1993;05; 0; 0; 0; 0; 0; 107; 0; 0; 0; 0; 0; 0; 0; 0; 79; 0; 0; 0; 0; 0; 0; 0; 0; 0; 0; 0; 0; 0; 0; 0; 139
1993;06; 228; 0; 3; 0; 566; 33; 0; 0; 0; 0; 0; 0; 0; 0; 0; 0; 0; 7; 0; 0; 0; 0; 0; 0; 0; 0; 0; 0; 0; 0; 9999
1993;07; 0; 0; 0; 0; 0; 0; 0; 0; 0; 0; 0; 0; 0; 98; 0; 0; 0; 0; 0; 0; 0; 0; 0; 0; 0; 0; 0; 0; 0; 0; 0
1993;08; 0; 0; 0; 0; 0; 0; 0; 0; 0; 0; 0; 0; 0; 0; 0; 0; 0; 0; 23; 323; 0; 0; 27; 0; 0; 0; 0; 0; 0; 0; 0
1993;09; 0; 0; 0; 0; 0; 0; 0; 332; 0; 0; 16; 0; 0; 0; 129; 44; 0; 0; 0; 0; 0; 273; 61; 443; 92; 0; 185; 5; 0; 0; 9999
1993;10; 0; 0; 0; 0; 84; 0; 0; 0; 0; 0; 0; 0; 0; 0; 0; 4; 0; 0; 19; 0; 0; 0; 0; 0; 0; 126; 7; 0; 0; 0; 0
1993;11; 0; 0; 0; 0; 0; 0; 0; 112; 0; 0; 296; 0; 0; 0; 0; 0; 0; 46; 0; 0; 0; 0; 44; 0; 32; 14; 0; 0; 0; 0; 9999
1993;12; 0; 0; 0; 0; 0; 350; 0; 0; 0; 0; 342; 14; 64; 0; 0; 0; 0; 214; 277; 115; 0; 0; 0; 51; 322; 17; 28; 49; 98; 11; 0
1994;01; 16; 71; 0; 0; 0; 0; 0; 0; 162; 235; 0; 0; 0; 120; 65; 38; 0; 0; 143; 0; 30; 643; 84; 371; 75; 131; 275; 97; 0; 63; 377
1994;02; 0; 0; 29; 0; 0; 108; 21; 450; 0; 0; 0; 0; 156; 27; 246; 0; 47; 0; 0; 21; 43; 11; 81; 0; 0; 239; 0; 0; 9999; 9999; 9999
1994;03; 0; 99; 64; 0; 0; 14; 0; 0; 0; 0; 0; 0; 0; 0; 0; 0; 0; 0; 0; 409; 230; 0; 0; 0; 194; 141; 0; 0; 0; 0; 0
1994;04; 0; 0; 0; 0; 0; 0; 364; 0; 0; 0; 0; 0; 0; 0; 0; 0; 0; 0; 27; 0; 0; 0; 62; 0; 0; 0; 0; 0; 0; 0; 9999
1994;05; 0; 0; 0; 0; 0; 0; 0; 0; 0; 0; 0; 0; 0; 43; 0; 0; 0; 0; 0; 0; 31; 0; 0; 0; 63; 0; 0; 46; 0; 0; 0
1994;06; 0; 0; 0; 0; 0; 0; 0; 0; 0; 0; 0; 0; 0; 0; 0; 0; 0; 0; 0; 0; 0; 0; 36; 0; 149; 0; 0; 0; 0; 0; 9999
1994;07; 0; 0; 0; 0; 0; 0; 0; 0; 79; 0; 0; 0; 0; 0; 0; 0; 0; 0; 0; 0; 0; 0; 82; 0; 0; 0; 0; 0; 0; 0; 0
1994;08; 0; 0; 0; 0; 0; 0; 0; 0; 0; 0; 0; 0; 0; 0; 0; 0; 0; 0; 0; 0; 0; 0; 0; 0; 0; 0; 0; 0; 0; 0; 0
1994;09; 0; 0; 0; 0; 0; 0; 0; 0; 0; 0; 0; 0; 0; 0; 0; 0; 0; 0; 0; 0; 0; 0; 0; 0; 0; 0; 0; 0; 0; 0; 9999
1994;10; 0; 0; 0; 0; 0; 0; 0; 0; 0; 0; 0; 0; 0; 0; 0; 0; 0; 106; 0; 0; 0; 48; 9; 0; 108; 0; 144; 0; 1067; 10; 0
1994;11; 0; 0; 0; 0; 382; 145; 0; 0; 0; 0; 0; 0; 0; 85; 91; 3; 0; 0; 337; 9; 0; 0; 0; 0; 0; 0; 380; 582; 112; 0; 9999
1994;12; 0; 0; 0; 0; 17; 47; 73; 24; 0; 0; 0; 40; 0; 0; 0; 225; 28; 42; 205; 0; 302; 10; 0; 0; 0; 36; 0; 0; 0; 0; 0
1995;01; 330; 90; 195; 147; 110; 105; 0; 93; 7; 100; 0; 0; 0; 92; 0; 0; 0; 0; 0; 0; 0; 0; 0; 0; 0; 0; 0; 1032; 207; 0; 128
1995;02; 686; 85; 98; 309; 367; 123; 238; 405; 620; 0; 16; 72; 0; 12; 390; 95; 0; 58; 347; 635; 184; 65; 0; 0; 0; 0; 0; 0; 9999; 9999; 9999
1995;03; 9999; 9999; 0; 0; 0; 0; 0; 0; 144; 80; 0; 0; 202; 11; 0; 0; 0; 0; 0; 0; 0; 6; 0; 0; 133; 0; 0; 0; 0; 0; 42
1995;04; 369; 9; 0; 0; 0; 0; 18; 48; 275; 0; 0; 0; 0; 0; 0; 0; 0; 0; 0; 60; 0; 0; 0; 0; 10; 0; 0; 0; 0; 0; 9999
1995;05; 0; 0; 0; 0; 0; 0; 20; 0; 0; 86; 67; 0; 0; 0; 0; 0; 0; 0; 0; 0; 0; 0; 0; 0; 0; 0; 0; 0; 0; 0; 0
1995;06; 0; 0; 0; 0; 0; 0; 0; 0; 0; 0; 0; 0; 0; 0; 0; 0; 0; 122; 0; 0; 0; 0; 0; 0; 0; 95; 0; 0; 0; 0; 9999
1995;07; 0; 0; 0; 0; 0; 0; 0; 0; 0; 9999; 9999; 0; 0; 0; 0; 0; 0; 0; 0; 0; 0; 6; 0; 0; 0; 0; 0; 0; 0; 0; 0
1995;08; 0; 0; 0; 0; 0; 0; 0; 0; 0; 0; 0; 0; 0; 0; 0; 0; 0; 0; 0; 0; 0; 0; 0; 0; 0; 0; 0; 0; 0; 0; 0
1995;09; 0; 0; 0; 0; 0; 0; 0; 0; 0; 0; 0; 0; 0; 0; 0; 0; 0; 0; 177; 11; 0; 0; 0; 0; 126; 0; 247; 125; 108; 0; 9999
1995;10; 0; 0; 0; 0; 0; 0; 36; 54; 0; 0; 0; 0; 0; 51; 32; 27; 91; 137; 0; 0; 215; 0; 0; 0; 0; 0; 0; 0; 0; 147; 0
1995;11; 0; 0; 0; 0; 0; 0; 0; 0; 0; 0; 0; 0; 165; 47; 429; 0; 0; 0; 0; 0; 0; 0; 0; 0; 48; 0; 0; 0; 0; 66; 9999
1995;12; 0; 0; 0; 24; 0; 0; 0; 0; 0; 0; 0; 35; 296; 72; 0; 0; 0; 22; 174; 0; 21; 615; 0; 0; 0; 275; 207; 209; 0; 121; 0
1996;01; 0; 153; 143; 0; 7; 0; 0; 811; 138; 79; 24; 0; 90; 0; 0; 0; 0; 0; 19; 0; 493; 45; 0; 0; 0; 0; 75; 0; 0; 0; 0
1996;02; 105; 0; 0; 0; 0; 148; 19; 40; 0; 0; 0; 0; 544; 0; 0; 0; 0; 0; 0; 0; 0; 0; 0; 0; 181; 48; 10; 0; 0; 9999; 9999
1996;03; 107; 247; 0; 62; 0; 0; 0; 310; 422; 0; 0; 35; 6; 0; 303; 0; 53; 0; 31; 0; 0; 0; 0; 0; 0; 0; 0; 0; 0; 0; 0
1996;04; 134; 0; 0; 0; 0; 0; 0; 0; 0; 0; 140; 40; 0; 0; 92; 0; 328; 0; 0; 0; 0; 0; 0; 0; 0; 0; 0; 0; 0; 0; 9999
1996;05; 0; 0; 0; 0; 0; 0; 0; 0; 0; 279; 0; 0; 0; 41; 29; 132; 0; 0; 0; 0; 322; 0; 0; 0; 0; 109; 0; 0; 0; 0; 0
1996;06; 0; 0; 0; 0; 0; 0; 0; 0; 0; 0; 0; 0; 0; 0; 0; 0; 0; 0; 0; 0; 0; 0; 0; 0; 0; 0; 0; 0; 95; 0; 9999
1996;07; 0; 0; 6; 0; 0; 0; 0; 0; 0; 0; 0; 0; 0; 0; 0; 0; 0; 0; 0; 0; 0; 0; 0; 0; 0; 0; 0; 0; 72; 0; 0
1996;08; 0; 0; 0; 0; 0; 0; 0; 0; 0; 0; 0; 0; 0; 0; 42; 0; 0; 0; 0; 0; 0; 0; 0; 0; 0; 0; 0; 0; 0; 0; 0
1996;09; 73; 0; 0; 400; 52; 302; 0; 53; 381; 276; 78; 0; 0; 0; 0; 0; 21; 0; 0; 0; 0; 0; 0; 0; 0; 0; 0; 0; 65; 0; 9999
1996;10; 0; 0; 89; 0; 0; 0; 526; 0; 0; 0; 0; 0; 405; 0; 0; 0; 0; 0; 0; 703; 86; 0; 0; 0; 0; 0; 74; 0; 0; 0; 0
1996;11; 122; 102; 301; 48; 0; 0; 0; 0; 0; 0; 0; 0; 0; 0; 378; 171; 94; 0; 0; 200; 322; 2; 0; 0; 0; 0; 0; 0; 0; 0; 9999
1996;12; 0; 15; 0; 116; 0; 0; 0; 0; 0; 127; 188; 0; 0; 0; 0; 0; 90; 185; 0; 0; 0; 98; 107; 0; 0; 19; 0; 0; 0; 275; 20
1997;01; 120; 180; 271; 0; 0; 0; 55; 0; 197; 33; 0; 0; 225; 291; 0; 0; 0; 0; 0; 540; 263; 67; 114; 83; 71; 120; 102; 0; 222; 6; 0
1997;02; 0; 102; 18; 46; 0; 0; 0; 0; 0; 0; 0; 0; 0; 0; 0; 0; 0; 485; 0; 0; 9; 0; 0; 0; 0; 0; 0; 0; 9999; 9999; 9999
1997;03; 0; 0; 59; 298; 0; 0; 0; 0; 0; 0; 200; 0; 0; 0; 0; 0; 0; 0; 0; 532; 0; 0; 0; 0; 0; 0; 0; 0; 0; 0; 209
1997;04; 122; 0; 0; 0; 0; 0; 0; 0; 0; 0; 0; 0; 0; 0; 0; 0; 0; 0; 0; 231; 0; 0; 0; 0; 0; 0; 0; 0; 0; 0; 9999
1997;05; 0; 0; 0; 0; 0; 0; 0; 0; 0; 0; 0; 0; 0; 0; 0; 115; 203; 0; 0; 0; 0; 0; 0; 0; 304; 0; 0; 29; 0; 0; 0
1997;06; 0; 0; 0; 0; 0; 778; 0; 0; 0; 0; 0; 313; 0; 0; 239; 168; 0; 83; 0; 21; 0; 0; 0; 0; 0; 0; 0; 0; 0; 0; 9999
1997;07; 0; 0; 0; 0; 0; 0; 0; 0; 0; 0; 0; 0; 0; 0; 0; 0; 0; 0; 0; 0; 0; 34; 0; 0; 0; 0; 0; 0; 0; 0; 0
1997;08; 0; 0; 0; 0; 0; 0; 0; 0; 0; 0; 0; 0; 0; 0; 0; 0; 0; 0; 0; 0; 0; 0; 0; 0; 0; 0; 0; 0; 0; 0; 0
1997;09; 0; 0; 0; 0; 0; 0; 0; 0; 0; 0; 0; 0; 0; 0; 0; 0; 0; 0; 0; 0; 152; 0; 0; 0; 0; 0; 0; 0; 0; 0; 9999
1997;10; 0; 0; 0; 0; 0; 0; 0; 0; 0; 0; 0; 0; 0; 0; 0; 38; 68; 0; 0; 0; 425; 0; 0; 0; 0; 0; 302; 0; 0; 0; 0
1997;11; 0; 0; 0; 0; 0; 643; 0; 0; 0; 0; 0; 236; 93; 256; 0; 9999; 9999; 0; 0; 0; 0; 206; 153; 0; 25; 0; 27; 106; 0; 48; 9999
1997;12; 0; 168; 0; 77; 0; 0; 0; 0; 0; 0; 0; 0; 9999; 9999; 9999; 27; 0; 0; 0; 0; 0; 0; 0; 0; 0; 0; 9999; 9999; 9999; 0; 52
