33
Ano,Mes,1,2,3,4,5,6,7,8,9,10,11,12,13,14,15,16,17,18,19,20,21,22,23,24,25,26,27,28,29,30,31
1944;07; 0; 0; 0; 0; 0; 0; 61; 0; 0; 0; 0; 0; 0; 0; 0; 0; 0; 0; 0; 0; 0; 0; 0; 0; 0; 0; 0; 0; 0; 0; 0
1944;08; 0; 0; 0; 0; 0; 0; 0; 0; 0; 0; 0; 0; 0; 0; 0; 0; 0; 0; 0; 0; 0; 0; 0; 0; 0; 0; 0; 0; 0; 0; 0
1944;09; 0; 0; 37; 0; 0; 0; 0; 2; 0; 0; 0; 0; 0; 0; 0; 0; 0; 0; 0; 0; 0; 0; 0; 0; 0; 0; 0; 0; 0; 0; 9999
1944;10; 0; 0; 0; 0; 0; 0; 0; 0; 0; 57; 63; 0; 187; 284; 0; 0; 9; 0; 0; 111; 8; 51; 0; 0; 0; 53; 0; 235; 272; 24; 0
1944;11; 0; 0; 146; 68; 57; 107; 4; 273; 45; 0; 0; 0; 328; 10; 61; 73; 0; 0; 0; 15; 351; 0; 20; 160; 0; 271; 0; 0; 0; 0; 9999
1944;12; 2; 0; 0; 22; 58; 0; 0; 0; 0; 703; 24; 0; 0; 0; 0; 0; 0; 10; 0; 0; 0; 0; 0; 25; 87; 67; 0; 0; 0; 0; 0
1945;01; 0; 335; 57; 33; 186; 241; 50; 86; 0; 0; 0; 0; 0; 16; 0; 5; 290; 326; 0; 369; 0; 148; 16; 0; 0; 14; 0; 219; 47; 68; 345
1945;02; 240; 751; 12; 115; 10; 106; 108; 2; 39; 0; 0; 6; 10; 0; 7; 75; 98; 5; 4; 17; 354; 587; 23; 0; 0; 0; 0; 6; 9999; 9999; 9999
1945;03; 1; 29; 659; 1; 60; 0; 7; 14; 126; 118; 2; 0; 0; 0; 100; 126; 0; 0; 0; 0; 358; 0; 0; 45; 0; 18; 211; 0; 0; 0; 0
1945;04; 108; 158; 2; 10; 0; 25; 0; 0; 0; 0; 0; 0; 0; 12; 0; 0; 0; 50; 53; 78; 0; 0; 0; 0; 0; 0; 0; 0; 0; 60; 9999
1945;05; 0; 0; 0; 0; 0; 0; 0; 0; 0; 0; 0; 0; 0; 0; 6; 0; 28; 4; 0; 0; 0; 0; 0; 0; 0; 0; 0; 16; 0; 0; 0
1945;06; 0; 0; 0; 0; 0; 10; 13; 0; 0; 0; 0; 0; 0; 0; 0; 0; 0; 0; 0; 167; 31; 0; 0; 6; 4; 0; 0; 0; 0; 0; 9999
1945;07; 0; 0; 0; 0; 6; 11; 120; 0; 0; 0; 0; 0; 0; 0; 0; 0; 0; 0; 0; 0; 0; 0; 0; 0; 0; 0; 0; 0; 0; 0; 0
1945;08; 0; 0; 0; 0; 0; 0; 0; 0; 0; 0; 0; 0; 0; 0; 0; 0; 0; 0; 0; 0; 0; 0; 0; 0; 0; 0; 0; 0; 0; 0; 21
1945;09; 0; 0; 24; 0; 0; 0; 0; 0; 0; 0; 0; 0; 0; 0; 0; 2; 145; 0; 0; 0; 0; 0; 0; 0; 0; 0; 0; 0; 0; 0; 9999
1945;10; 0; 8; 0; 56; 0; 0; 0; 0; 20; 3; 0; 0; 0; 0; 0; 0; 0; 243; 0; 0; 0; 0; 0; 0; 0; 28; 33; 283; 85; 0; 0
1945;11; 132; 862; 338; 0; 0; 8; 0; 0; 132; 48; 0; 0; 23; 167; 0; 0; 0; 4; 43; 0; 18; 148; 0; 0; 96; 102; 124; 13; 228; 6; 9999
1945;12; 0; 0; 0; 0; 0; 617; 105; 45; 237; 328; 0; 13; 0; 98; 483; 231; 134; 326; 0; 0; 37; 0; 0; 0; 0; 0; 17; 235; 567; 0; 1138
1946;01; 356; 66; 0; 69; 42; 38; 15; 62; 0; 0; 113; 0; 0; 0; 130; 56; 0; 0; 26; 1; 147; 49; 0; 133; 43; 248; 106; 451; 0; 0; 0
1946;02; 0; 23; 0; 22; 0; 0; 0; 143; 0; 0; 0; 0; 116; 392; 9999; 427; 3; 9999; 0; 151; 9999; 9999; 111; 173; 9999; 0; 0; 0; 9999; 9999; 9999
1946;03; 0; 117; 0; 608; 9999; 367; 0; 0; 0; 0; 188; 2; 0; 9999; 9999; 9999; 295; 0; 9999; 0; 0; 118; 0; 0; 9999; 0; 0; 0; 0; 0; 0
1946;04; 229; 232; 0; 0; 0; 0; 0; 16; 16; 0; 9999; 0; 6; 0; 0; 0; 0; 9999; 3; 0; 0; 0; 0; 0; 0; 0; 0; 0; 0; 0; 9999
1946;05; 0; 0; 5; 0; 0; 0; 0; 0; 0; 0; 0; 0; 9999; 0; 0; 0; 0; 0; 0; 0; 0; 0; 0; 8; 0; 0; 9999; 0; 0; 0; 0
1946;06; 0; 130; 9999; 0; 0; 0; 0; 0; 0; 0; 0; 0; 0; 0; 0; 9999; 0; 0; 0; 0; 0; 0; 0; 0; 0; 0; 0; 0; 0; 0; 9999
1946;07; 0; 0; 0; 0; 9999; 0; 9999; 9999; 9999; 3; 0; 238; 9999; 313; 0; 237; 9999; 0; 0; 0; 0; 0; 0; 9999; 0; 0; 0; 0; 0; 0; 0
1946;08; 0; 0; 0; 0; 0; 0; 0; 0; 0; 0; 0; 0; 0; 0; 0; 0; 0; 0; 0; 0; 0; 0; 0; 0; 0; 0; 0; 0; 0; 0; 0
1946;09; 0; 0; 0; 0; 0; 50; 0; 0; 0; 0; 0; 0; 0; 0; 0; 0; 0; 0; 0; 0; 0; 0; 0; 0; 10; 0; 30; 0; 253; 0; 9999
1946;10; 0; 0; 0; 0; 0; 0; 0; 7; 9999; 0; 0; 9999; 234; 0; 9999; 241; 122; 9999; 0; 9999; 0; 90; 239; 0; 0; 0; 0; 0; 0; 0; 0
1946;11; 192; 226; 9999; 5; 0; 0; 9999; 9999; 9999; 0; 0; 0; 0; 0; 0; 176; 0; 0; 0; 9999; 0; 9; 0; 0; 0; 9999; 5; 0; 9999; 9999; 9999
1946;12; 0; 0; 0; 0; 0; 9999; 9999; 9999; 9999; 9999; 0; 0; 0; 0; 0; 608; 0; 206; 0; 0; 0; 0; 9999; 9999; 196; 9999; 165; 8; 0; 9999; 0
1947;01; 365; 448; 9999; 207; 2; 6; 0; 124; 9999; 0; 9999; 143; 176; 9999; 166; 9999; 9999; 0; 9999; 172; 425; 0; 0; 0; 363; 306; 137; 9999; 182; 9999; 192
1947;02; 0; 0; 0; 0; 0; 104; 3; 0; 0; 0; 0; 0; 9999; 153; 167; 475; 143; 9999; 238; 0; 9999; 0; 0; 9999; 9999; 9999; 132; 9999; 9999; 9999; 9999
1947;03; 232; 0; 297; 0; 121; 247; 9999; 189; 3; 0; 9999; 150; 2; 107; 498; 9999; 0; 9999; 122; 0; 0; 0; 0; 116; 9999; 135; 9999; 9999; 0; 0; 0
1947;04; 0; 0; 0; 0; 0; 0; 0; 0; 9; 0; 0; 0; 0; 0; 0; 0; 0; 0; 0; 251; 0; 0; 0; 0; 0; 0; 0; 0; 0; 0; 9999
1947;05; 0; 0; 0; 0; 0; 0; 0; 0; 0; 0; 0; 9999; 0; 0; 0; 0; 0; 0; 0; 9999; 6; 0; 0; 3; 0; 0; 0; 0; 0; 0; 0
1947;06; 0; 0; 0; 0; 0; 0; 0; 0; 0; 0; 0; 0; 0; 0; 0; 0; 0; 0; 0; 315; 0; 0; 181; 0; 0; 136; 0; 0; 0; 0; 9999
1947;07; 0; 0; 0; 0; 0; 0; 0; 0; 9999; 9999; 0; 0; 0; 0; 0; 0; 0; 0; 0; 0; 0; 0; 0; 0; 0; 0; 0; 0; 0; 0; 0
1947;08; 8; 9999; 0; 0; 0; 0; 0; 0; 0; 0; 0; 198; 0; 0; 0; 0; 0; 0; 0; 0; 0; 0; 0; 0; 0; 0; 0; 203; 507; 0; 0
1947;09; 9999; 0; 0; 0; 106; 0; 0; 0; 9999; 9999; 0; 232; 0; 0; 0; 0; 0; 9999; 207; 3; 0; 0; 0; 0; 9999; 138; 0; 0; 0; 0; 9999
1947;10; 0; 352; 10; 30; 0; 0; 0; 0; 9999; 9999; 0; 0; 0; 0; 0; 0; 0; 0; 9999; 0; 0; 0; 253; 768; 106; 117; 0; 0; 0; 0; 0
1947;11; 0; 9999; 9999; 9999; 0; 0; 0; 0; 0; 250; 0; 0; 9999; 131; 3; 9999; 0; 0; 0; 0; 0; 0; 102; 0; 9999; 80; 216; 9; 0; 0; 9999
1947;12; 0; 9999; 384; 0; 0; 0; 0; 0; 0; 9999; 362; 9999; 173; 9999; 108; 9999; 513; 9999; 0; 9999; 9999; 272; 9999; 188; 50; 0; 0; 0; 9999; 37; 0
1948;01; 0; 0; 0; 0; 9999; 0; 0; 0; 319; 9999; 575; 462; 9999; 5; 201; 258; 9999; 9999; 0; 0; 9999; 8; 2; 0; 0; 9999; 6; 50; 0; 9999; 0
1948;02; 0; 9999; 9999; 515; 243; 9999; 4; 9999; 0; 130; 296; 9999; 0; 9999; 295; 307; 9999; 257; 0; 191; 0; 9999; 9999; 0; 0; 0; 3; 212; 9999; 9999; 9999
1948;03; 174; 0; 0; 0; 0; 0; 121; 0; 0; 0; 232; 9999; 0; 495; 462; 136; 0; 0; 9999; 0; 0; 0; 9999; 5; 9999; 420; 0; 0; 0; 0; 0
1948;04; 0; 0; 0; 0; 0; 0; 0; 0; 0; 0; 0; 0; 0; 0; 0; 0; 0; 0; 0; 0; 0; 0; 0; 0; 0; 0; 0; 0; 0; 0; 9999
1948;05; 0; 0; 0; 0; 0; 0; 0; 0; 0; 0; 0; 0; 0; 0; 0; 0; 0; 247; 0; 137; 0; 0; 0; 0; 0; 0; 0; 0; 9999; 0; 0
1948;06; 0; 0; 0; 0; 0; 0; 0; 0; 0; 0; 0; 0; 0; 0; 0; 0; 0; 0; 0; 0; 0; 0; 0; 0; 0; 0; 0; 0; 0; 0; 9999
1948;07; 0; 0; 0; 0; 0; 0; 0; 0; 0; 0; 0; 0; 0; 0; 0; 0; 0; 0; 0; 0; 0; 0; 0; 0; 9999; 0; 26; 0; 9999; 0; 0
1948;08; 0; 0; 9999; 0; 0; 0; 0; 9999; 0; 0; 0; 0; 0; 0; 0; 0; 0; 0; 0; 0; 0; 0; 0; 0; 0; 0; 0; 9999; 0; 0; 0
1948;09; 0; 0; 0; 0; 0; 0; 0; 0; 0; 0; 0; 9999; 9999; 0; 0; 0; 0; 0; 0; 0; 0; 0; 0; 0; 0; 0; 0; 7; 0; 123; 9999
1948;10; 0; 0; 9999; 126; 9999; 9999; 176; 0; 0; 0; 192; 9999; 102; 0; 9999; 0; 0; 0; 0; 0; 0; 0; 0; 0; 9999; 0; 9999; 9999; 0; 0; 0
1948;11; 0; 9999; 9999; 178; 345; 0; 0; 145; 9999; 9999; 9999; 0; 9999; 0; 0; 283; 236; 9999; 9999; 0; 9999; 0; 0; 0; 0; 0; 278; 0; 0; 0; 9999
1948;12; 0; 134; 9999; 9999; 0; 0; 0; 0; 9999; 9999; 0; 0; 0; 0; 0; 9999; 267; 665; 648; 0; 0; 0; 0; 0; 0; 243; 0; 0; 0; 0; 9999
1949;01; 0; 0; 0; 0; 0; 0; 0; 0; 124; 0; 9999; 9999; 102; 466; 0; 0; 9999; 9999; 378; 0; 0; 0; 0; 9999; 4; 338; 0; 8; 0; 9999; 137
1949;02; 16; 0; 0; 0; 32; 29; 154; 568; 402; 0; 0; 0; 0; 0; 0; 382; 412; 508; 12; 0; 292; 130; 72; 12; 0; 58; 132; 0; 9999; 9999; 9999
1949;03; 0; 0; 9999; 3; 9999; 0; 9999; 227; 9999; 2; 0; 0; 0; 0; 0; 0; 0; 0; 0; 134; 0; 0; 0; 2; 0; 0; 0; 0; 9999; 227; 183
1949;04; 2; 287; 216; 9999; 0; 0; 0; 0; 0; 182; 0; 2; 0; 0; 0; 0; 0; 0; 0; 0; 0; 7; 0; 9999; 312; 2; 0; 0; 0; 0; 9999
1949;05; 0; 0; 0; 0; 177; 0; 9999; 3; 0; 0; 9999; 215; 0; 0; 0; 0; 0; 0; 0; 0; 0; 0; 0; 0; 0; 0; 0; 0; 0; 4; 9999
1949;06; 0; 0; 0; 0; 0; 2; 0; 0; 0; 0; 0; 102; 101; 0; 3; 282; 0; 0; 0; 0; 0; 0; 0; 0; 0; 0; 0; 0; 0; 0; 9999
1949;07; 0; 0; 0; 0; 0; 0; 0; 0; 0; 0; 0; 0; 0; 0; 0; 0; 0; 0; 0; 0; 0; 0; 0; 0; 0; 0; 0; 0; 0; 0; 0
1949;08; 0; 0; 0; 0; 0; 0; 0; 0; 0; 0; 0; 0; 0; 0; 0; 0; 0; 0; 0; 0; 0; 0; 0; 0; 0; 0; 0; 0; 0; 0; 9999
1949;09; 0; 0; 0; 0; 0; 0; 0; 0; 0; 0; 0; 0; 0; 0; 0; 0; 0; 0; 0; 0; 0; 0; 0; 0; 0; 0; 0; 0; 0; 0; 9999
1949;10; 0; 0; 0; 0; 0; 0; 0; 9999; 0; 0; 7; 0; 173; 0; 0; 9999; 9999; 9999; 0; 0; 9999; 259; 0; 0; 0; 9999; 9999; 126; 9999; 0; 0
1949;11; 0; 0; 0; 0; 0; 9999; 127; 0; 8; 487; 4; 9999; 0; 0; 0; 0; 0; 0; 6; 0; 14; 65; 70; 0; 0; 0; 0; 0; 0; 0; 9999
1949;12; 0; 9999; 202; 9999; 0; 0; 0; 575; 394; 9999; 0; 0; 162; 9999; 244; 9999; 326; 0; 0; 0; 0; 0; 9999; 9999; 206; 192; 9999; 3; 0; 0; 0
1950;01; 0; 9999; 0; 0; 206; 9999; 102; 173; 0; 0; 9999; 256; 0; 9999; 0; 0; 0; 9999; 128; 136; 273; 118; 9999; 2; 514; 152; 543; 333; 153; 9999; 9999
1950;02; 9999; 238; 9999; 222; 7; 229; 154; 137; 154; 378; 117; 182; 0; 9999; 0; 319; 3; 0; 9999; 9999; 362; 301; 156; 9999; 9999; 0; 0; 0; 9999; 9999; 9999
1950;03; 0; 0; 0; 0; 0; 9999; 283; 0; 9999; 9999; 0; 0; 9999; 0; 0; 148; 113; 9999; 142; 9999; 413; 3; 0; 0; 0; 0; 0; 0; 9999; 0; 0
1950;04; 0; 0; 238; 0; 9999; 0; 0; 0; 0; 0; 9999; 0; 0; 272; 0; 42; 2; 0; 0; 0; 9999; 0; 0; 0; 0; 0; 0; 2; 0; 8; 9999
1950;05; 0; 0; 0; 341; 0; 0; 0; 0; 0; 0; 0; 0; 0; 0; 0; 0; 0; 0; 0; 0; 0; 0; 0; 0; 0; 0; 0; 0; 0; 0; 0
1950;06; 0; 0; 0; 0; 0; 0; 0; 0; 0; 0; 0; 0; 0; 0; 0; 0; 0; 0; 0; 0; 0; 0; 0; 0; 0; 0; 0; 0; 0; 0; 9999
1950;07; 0; 9999; 0; 0; 0; 0; 0; 0; 0; 0; 0; 0; 0; 0; 0; 0; 0; 0; 0; 0; 0; 0; 0; 0; 0; 0; 0; 0; 0; 0; 0
1950;08; 0; 0; 0; 0; 0; 0; 0; 0; 0; 0; 0; 0; 0; 0; 0; 0; 0; 0; 0; 0; 0; 0; 0; 0; 0; 0; 0; 0; 0; 0; 0
1950;09; 0; 0; 0; 0; 0; 0; 0; 0; 0; 0; 0; 0; 0; 0; 0; 0; 0; 0; 0; 0; 0; 0; 0; 9999; 0; 182; 0; 0; 0; 0; 9999
1950;10; 0; 9999; 0; 0; 0; 506; 0; 0; 9999; 1; 0; 9999; 9999; 0; 0; 60; 9999; 0; 9; 9999; 9999; 0; 9999; 9999; 193; 0; 0; 0; 0; 9999; 253
1950;11; 9999; 0; 0; 0; 0; 0; 0; 123; 9999; 272; 9999; 0; 266; 9999; 0; 0; 4; 9999; 407; 112; 164; 9999; 162; 0; 0; 9999; 406; 245; 319; 0; 9999
1950;12; 2; 192; 0; 9999; 9999; 101; 554; 9999; 9999; 9999; 136; 6; 9999; 9999; 402; 9999; 0; 0; 0; 0; 0; 0; 0; 0; 0; 0; 0; 0; 296; 9999; 101
1951;01; 9999; 9999; 9999; 9999; 154; 264; 336; 9999; 0; 0; 208; 0; 0; 0; 206; 0; 9999; 113; 271; 265; 0; 9999; 0; 0; 9999; 9999; 142; 0; 9999; 0; 0
1951;02; 9; 9999; 9999; 380; 0; 0; 229; 133; 161; 9999; 112; 9999; 0; 233; 13; 51; 0; 354; 88; 127; 35; 0; 63; 0; 0; 0; 0; 0; 9999; 9999; 9999
1951;03; 0; 0; 0; 87; 27; 110; 43; 326; 17; 68; 0; 72; 38; 178; 102; 9; 9999; 0; 9999; 9999; 0; 0; 9999; 137; 344; 389; 0; 0; 0; 0; 0
1951;04; 0; 623; 217; 0; 0; 0; 245; 0; 0; 0; 0; 0; 0; 6; 9999; 0; 0; 0; 0; 0; 0; 0; 0; 0; 0; 0; 9999; 0; 0; 0; 9999
1951;05; 0; 0; 0; 0; 0; 0; 0; 0; 0; 0; 0; 0; 0; 0; 0; 0; 0; 0; 9999; 8; 0; 0; 0; 0; 0; 0; 0; 0; 0; 9999; 0
1951;06; 0; 0; 0; 0; 0; 0; 8; 0; 0; 0; 0; 0; 0; 0; 0; 0; 0; 0; 0; 0; 0; 0; 0; 0; 0; 0; 0; 0; 71; 8; 9999
1951;07; 0; 0; 0; 0; 0; 0; 0; 0; 0; 0; 0; 0; 0; 0; 0; 0; 0; 0; 0; 0; 0; 0; 0; 0; 0; 0; 0; 0; 0; 0; 0
1951;08; 0; 0; 0; 0; 59; 18; 0; 0; 0; 0; 0; 0; 0; 0; 0; 0; 0; 0; 0; 0; 0; 2; 76; 0; 0; 0; 0; 0; 0; 0; 0
1951;09; 0; 0; 0; 0; 0; 0; 0; 0; 0; 0; 0; 0; 0; 0; 0; 0; 0; 0; 0; 0; 0; 0; 0; 0; 0; 0; 0; 0; 0; 0; 9999
1951;10; 0; 0; 0; 0; 0; 53; 0; 0; 0; 0; 63; 0; 0; 176; 152; 4; 0; 0; 0; 9999; 9999; 0; 488; 0; 164; 0; 0; 9999; 9999; 0; 0
1951;11; 0; 0; 0; 0; 0; 297; 0; 0; 0; 0; 0; 9999; 0; 0; 0; 0; 212; 0; 0; 0; 0; 0; 112; 248; 339; 111; 5; 245; 342; 0; 9999
1951;12; 0; 0; 166; 0; 0; 9999; 117; 9999; 9999; 0; 9999; 9999; 0; 0; 0; 9999; 0; 0; 0; 0; 0; 341; 0; 0; 0; 0; 5; 0; 0; 9999; 9999
1952;01; 132; 0; 9999; 0; 9999; 0; 0; 9999; 106; 0; 9999; 0; 0; 311; 164; 124; 82; 382; 35; 0; 0; 0; 119; 448; 278; 29; 0; 0; 31; 13; 0
1952;02; 0; 0; 272; 88; 0; 301; 499; 57; 0; 0; 19; 197; 0; 366; 21; 0; 0; 9999; 403; 9999; 327; 9999; 9999; 0; 232; 9999; 0; 0; 0; 9999; 9999
1952;03; 9999; 312; 148; 9999; 0; 0; 0; 0; 0; 243; 9999; 9999; 0; 50; 214; 102; 0; 0; 0; 0; 0; 0; 9999; 3; 0; 322; 0; 0; 0; 198; 282
1952;04; 2; 0; 0; 0; 0; 0; 0; 0; 0; 0; 2; 107; 0; 0; 0; 0; 0; 0; 0; 0; 0; 0; 0; 0; 0; 0; 0; 0; 0; 0; 9999
1952;05; 0; 0; 0; 0; 0; 0; 0; 0; 0; 0; 0; 0; 0; 0; 0; 0; 0; 0; 0; 0; 0; 0; 0; 0; 0; 0; 0; 0; 0; 0; 0
1952;06; 0; 0; 0; 0; 0; 0; 0; 0; 0; 225; 9999; 9999; 0; 9999; 0; 0; 222; 143; 9999; 0; 0; 0; 0; 0; 0; 0; 0; 0; 0; 0; 9999
1952;07; 0; 0; 0; 0; 0; 0; 0; 0; 0; 0; 0; 0; 0; 0; 0; 0; 0; 0; 0; 0; 0; 0; 0; 0; 0; 0; 0; 0; 0; 0; 0
1952;08; 0; 0; 0; 0; 0; 0; 0; 0; 0; 0; 0; 0; 0; 0; 0; 0; 0; 0; 0; 0; 0; 0; 0; 0; 0; 0; 0; 9999; 0; 0; 0
1952;09; 0; 0; 0; 0; 0; 47; 12; 0; 0; 0; 0; 0; 0; 0; 0; 0; 24; 0; 29; 11; 0; 0; 0; 0; 0; 0; 0; 0; 0; 0; 9999
1952;10; 0; 0; 0; 0; 0; 0; 0; 15; 97; 0; 0; 233; 145; 227; 0; 0; 0; 5; 156; 111; 14; 327; 13; 0; 482; 28; 2; 3; 0; 0; 0
1952;11; 14; 0; 74; 0; 0; 152; 0; 48; 3; 0; 293; 0; 0; 0; 0; 0; 71; 194; 0; 303; 153; 0; 0; 0; 0; 0; 0; 42; 0; 107; 9999
1952;12; 81; 79; 0; 0; 22; 12; 0; 0; 0; 0; 115; 47; 255; 0; 0; 0; 0; 0; 0; 72; 0; 37; 0; 0; 18; 0; 415; 208; 82; 0; 0
1953;01; 78; 42; 3; 26; 14; 48; 34; 296; 0; 0; 0; 34; 0; 0; 69; 0; 0; 0; 0; 0; 0; 21; 6; 0; 48; 224; 226; 3; 412; 24; 76
1953;02; 0; 0; 0; 0; 0; 0; 0; 0; 0; 0; 0; 17; 0; 162; 252; 63; 0; 0; 21; 462; 0; 0; 64; 342; 0; 0; 0; 0; 9999; 9999; 9999
1953;03; 0; 0; 0; 0; 0; 0; 0; 0; 0; 41; 0; 8; 0; 7; 0; 0; 5; 28; 0; 116; 14; 381; 12; 28; 354; 71; 189; 0; 157; 17; 0
1953;04; 0; 0; 0; 329; 192; 227; 0; 218; 5; 0; 0; 0; 0; 0; 0; 0; 18; 0; 0; 0; 0; 111; 0; 0; 0; 0; 0; 0; 0; 0; 9999
1953;05; 0; 0; 0; 0; 0; 62; 0; 0; 0; 0; 0; 0; 0; 0; 0; 0; 0; 0; 0; 0; 0; 0; 0; 62; 0; 76; 2; 0; 0; 0; 0
1953;06; 45; 0; 0; 0; 0; 0; 0; 0; 0; 433; 0; 0; 0; 0; 0; 0; 0; 0; 0; 0; 0; 0; 0; 0; 0; 0; 0; 0; 0; 0; 9999
1953;07; 0; 0; 0; 0; 0; 0; 0; 0; 0; 223; 122; 0; 0; 0; 0; 0; 0; 0; 0; 4; 0; 0; 0; 0; 0; 0; 0; 0; 0; 0; 0
1953;08; 0; 0; 0; 0; 0; 0; 0; 0; 0; 0; 0; 0; 0; 0; 0; 0; 0; 0; 0; 0; 0; 0; 0; 23; 24; 0; 0; 0; 0; 0; 0
1953;09; 0; 0; 0; 0; 0; 0; 26; 0; 0; 9999; 0; 73; 0; 0; 0; 79; 0; 0; 0; 0; 0; 0; 0; 0; 15; 0; 0; 0; 0; 0; 9999
1953;10; 0; 0; 0; 141; 6; 0; 92; 326; 0; 0; 0; 0; 0; 0; 0; 0; 178; 257; 188; 0; 18; 0; 0; 0; 0; 0; 0; 108; 0; 6; 0
1953;11; 78; 0; 337; 0; 0; 0; 46; 98; 19; 0; 0; 0; 118; 39; 204; 17; 0; 0; 0; 102; 79; 0; 0; 251; 0; 0; 0; 0; 0; 0; 9999
1953;12; 181; 5; 82; 2; 82; 0; 0; 0; 0; 0; 76; 152; 210; 53; 0; 0; 48; 164; 1; 0; 0; 207; 0; 11; 0; 0; 0; 0; 43; 39; 0
1954;01; 0; 76; 92; 281; 408; 0; 24; 364; 178; 81; 0; 9; 0; 0; 0; 0; 0; 8; 132; 0; 1; 31; 3; 217; 0; 0; 0; 0; 0; 201; 175
1954;02; 28; 37; 0; 33; 146; 121; 313; 410; 261; 0; 117; 0; 0; 87; 43; 19; 103; 95; 275; 209; 0; 0; 0; 0; 0; 0; 5; 0; 9999; 9999; 9999
1954;03; 0; 3; 0; 0; 0; 66; 0; 194; 37; 0; 41; 6; 44; 0; 0; 0; 0; 0; 0; 0; 0; 0; 0; 0; 0; 0; 0; 0; 388; 270; 260
1954;04; 180; 107; 84; 0; 0; 0; 0; 0; 0; 0; 0; 0; 0; 0; 0; 0; 0; 0; 0; 0; 0; 0; 0; 0; 0; 0; 0; 2; 7; 76; 9999
1954;05; 86; 120; 0; 0; 0; 0; 314; 0; 277; 2; 429; 0; 23; 223; 0; 0; 0; 24; 86; 0; 18; 320; 0; 0; 0; 0; 0; 0; 0; 0; 0
1954;06; 0; 0; 0; 11; 48; 286; 0; 0; 0; 0; 0; 0; 0; 0; 0; 0; 0; 0; 0; 0; 0; 0; 162; 0; 0; 0; 0; 0; 0; 0; 9999
1954;07; 0; 0; 0; 0; 0; 0; 0; 0; 0; 0; 0; 0; 0; 0; 0; 26; 22; 0; 0; 0; 0; 0; 0; 0; 0; 0; 0; 0; 0; 102; 0
1954;08; 0; 0; 0; 0; 0; 0; 0; 0; 0; 0; 0; 0; 0; 0; 0; 0; 0; 0; 0; 0; 0; 0; 0; 0; 0; 0; 0; 0; 0; 0; 0
1954;09; 0; 0; 0; 0; 0; 0; 0; 0; 0; 0; 0; 0; 0; 0; 0; 0; 0; 0; 0; 55; 0; 0; 0; 0; 0; 57; 6; 0; 5; 0; 9999
1954;10; 25; 13; 85; 0; 0; 0; 0; 0; 0; 0; 144; 0; 3; 3; 0; 181; 0; 0; 0; 0; 0; 198; 0; 0; 0; 0; 0; 326; 0; 0; 0
1954;11; 106; 0; 0; 0; 0; 0; 0; 0; 0; 0; 0; 5; 102; 0; 46; 149; 0; 4; 32; 0; 0; 0; 0; 23; 0; 0; 0; 21; 8; 0; 9999
1954;12; 0; 6; 0; 153; 177; 0; 0; 374; 0; 0; 241; 94; 666; 7; 0; 7; 108; 28; 61; 126; 128; 11; 193; 0; 0; 0; 0; 164; 256; 4; 0
1955;01; 0; 3; 194; 494; 15; 0; 38; 0; 6; 119; 153; 1; 69; 7; 39; 9; 218; 270; 20; 0; 0; 0; 39; 92; 1; 0; 0; 0; 0; 0; 201
1955;02; 302; 476; 0; 0; 0; 0; 0; 0; 0; 0; 0; 11; 0; 5; 0; 0; 0; 0; 0; 0; 169; 95; 0; 21; 0; 0; 64; 200; 9999; 9999; 9999
1955;03; 0; 516; 53; 0; 0; 0; 2; 3; 26; 10; 241; 19; 0; 0; 0; 329; 0; 0; 0; 0; 0; 0; 0; 0; 0; 0; 0; 40; 32; 430; 67
1955;04; 0; 359; 200; 0; 27; 34; 0; 0; 0; 0; 0; 0; 455; 38; 0; 218; 0; 12; 0; 0; 0; 0; 0; 0; 0; 0; 0; 0; 98; 0; 9999
1955;05; 0; 0; 0; 0; 0; 0; 0; 0; 0; 0; 0; 0; 0; 0; 0; 0; 0; 0; 0; 39; 102; 0; 0; 19; 3; 0; 0; 0; 1; 0; 0
1955;06; 118; 0; 0; 0; 0; 22; 0; 0; 163; 0; 0; 0; 0; 0; 0; 0; 0; 0; 0; 0; 0; 0; 0; 13; 0; 0; 0; 0; 0; 0; 9999
1955;07; 0; 0; 0; 0; 0; 0; 0; 0; 0; 0; 0; 0; 0; 0; 0; 0; 0; 0; 0; 0; 0; 0; 0; 0; 0; 0; 0; 0; 0; 0; 1
1955;08; 0; 0; 0; 0; 0; 0; 0; 0; 0; 0; 0; 0; 0; 0; 0; 0; 0; 0; 0; 0; 0; 0; 0; 0; 0; 0; 73; 158; 40; 16; 0
1955;09; 0; 0; 0; 0; 0; 0; 0; 11; 0; 0; 0; 0; 0; 0; 0; 0; 0; 0; 0; 0; 0; 0; 0; 0; 0; 0; 0; 0; 0; 0; 9999
1955;10; 0; 13; 0; 0; 0; 0; 0; 29; 37; 0; 0; 0; 240; 220; 0; 5; 0; 0; 0; 0; 65; 3; 0; 0; 2; 34; 26; 197; 152; 0; 44
1955;11; 3; 170; 143; 0; 0; 0; 63; 0; 0; 331; 3; 73; 0; 0; 0; 0; 0; 0; 18; 18; 0; 199; 153; 0; 0; 0; 0; 0; 0; 0; 9999
1955;12; 0; 53; 526; 232; 2; 129; 0; 288; 0; 0; 0; 0; 276; 79; 4; 269; 438; 372; 0; 0; 0; 0; 0; 13; 0; 0; 212; 0; 107; 204; 46
1956;01; 22; 113; 3; 0; 0; 3; 0; 0; 0; 0; 0; 0; 0; 0; 0; 0; 38; 0; 344; 0; 0; 0; 9; 41; 0; 0; 99; 82; 3; 0; 9
1956;02; 0; 63; 23; 0; 0; 0; 0; 0; 0; 0; 11; 147; 183; 160; 36; 6; 22; 240; 12; 226; 0; 0; 472; 136; 7; 1; 132; 213; 80; 9999; 9999
1956;03; 123; 36; 1; 0; 0; 0; 0; 0; 0; 0; 0; 1; 37; 0; 0; 0; 0; 0; 31; 258; 0; 0; 0; 0; 66; 8; 0; 0; 0; 228; 69
1956;04; 0; 0; 0; 0; 0; 0; 63; 36; 0; 1; 0; 33; 0; 0; 0; 0; 23; 0; 0; 76; 0; 0; 0; 0; 105; 319; 0; 129; 25; 0; 9999
1956;05; 0; 276; 24; 0; 51; 3; 0; 88; 121; 3; 0; 0; 0; 0; 0; 0; 0; 0; 0; 4; 69; 49; 0; 0; 0; 172; 3; 0; 0; 2; 0
1956;06; 232; 17; 10; 5; 0; 0; 0; 0; 120; 34; 13; 81; 8; 1; 4; 99; 0; 0; 4; 0; 0; 0; 0; 0; 0; 0; 0; 42; 0; 0; 9999
1956;07; 0; 0; 0; 0; 0; 0; 23; 0; 0; 0; 0; 0; 0; 0; 3; 0; 0; 0; 0; 0; 52; 61; 0; 92; 2; 0; 0; 98; 48; 0; 116
1956;08; 233; 1; 156; 96; 0; 0; 0; 47; 0; 0; 0; 0; 0; 0; 0; 0; 0; 0; 0; 0; 0; 0; 0; 0; 0; 0; 0; 0; 0; 0; 0
1956;09; 0; 0; 0; 0; 0; 0; 0; 0; 0; 226; 156; 6; 0; 105; 20; 0; 0; 0; 0; 0; 0; 0; 0; 0; 0; 0; 0; 0; 128; 3; 9999
1956;10; 0; 0; 0; 0; 0; 0; 0; 0; 0; 0; 79; 28; 0; 0; 0; 0; 0; 23; 4; 0; 0; 8; 144; 81; 0; 0; 29; 247; 47; 154; 5
1956;11; 0; 0; 0; 0; 360; 0; 0; 0; 0; 2; 233; 0; 28; 0; 13; 0; 0; 0; 0; 0; 0; 13; 8; 0; 0; 107; 1; 0; 0; 0; 9999
1956;12; 0; 0; 4; 0; 84; 135; 241; 512; 26; 0; 0; 0; 0; 258; 0; 3; 0; 0; 0; 86; 0; 0; 0; 750; 416; 153; 28; 0; 0; 0; 0
1957;01; 23; 0; 0; 0; 0; 215; 19; 0; 54; 82; 206; 82; 0; 0; 14; 304; 554; 47; 204; 38; 0; 61; 160; 0; 0; 15; 0; 182; 80; 134; 0
1957;02; 0; 9; 21; 291; 48; 31; 0; 133; 83; 44; 219; 8; 0; 0; 52; 300; 81; 0; 2; 0; 0; 0; 81; 0; 0; 197; 426; 50; 9999; 9999; 9999
1957;03; 9; 0; 0; 0; 0; 0; 227; 0; 0; 6; 80; 1; 0; 8; 37; 0; 0; 32; 0; 0; 174; 703; 493; 4; 0; 0; 20; 0; 0; 314; 3
1957;04; 0; 90; 29; 1; 0; 73; 53; 0; 0; 27; 0; 19; 0; 0; 0; 200; 0; 0; 0; 0; 0; 0; 0; 0; 0; 0; 102; 0; 0; 223; 9999
1957;05; 94; 0; 0; 0; 0; 0; 0; 7; 0; 24; 0; 0; 0; 30; 0; 11; 59; 0; 0; 0; 0; 0; 0; 0; 0; 0; 0; 0; 0; 0; 0
1957;06; 0; 0; 0; 15; 0; 0; 0; 162; 0; 0; 0; 0; 0; 0; 0; 0; 0; 0; 0; 0; 0; 0; 0; 0; 0; 0; 0; 0; 0; 0; 9999
1957;07; 0; 0; 0; 0; 0; 295; 79; 0; 0; 0; 0; 0; 0; 0; 0; 0; 138; 269; 73; 3; 7; 0; 0; 0; 0; 0; 0; 0; 0; 0; 0
1957;08; 0; 0; 0; 0; 0; 0; 0; 0; 0; 0; 0; 0; 0; 104; 0; 3; 37; 0; 155; 4; 0; 0; 0; 0; 0; 0; 0; 0; 0; 0; 32
1957;09; 2; 0; 137; 612; 133; 0; 0; 0; 0; 0; 0; 2; 142; 0; 0; 0; 41; 0; 0; 0; 2; 0; 4; 210; 0; 0; 0; 0; 0; 0; 9999
1957;10; 0; 0; 0; 31; 0; 0; 0; 0; 0; 0; 0; 0; 15; 219; 0; 0; 120; 0; 0; 0; 0; 266; 0; 0; 0; 0; 156; 112; 60; 24; 0
1957;11; 0; 0; 0; 0; 29; 3; 0; 58; 138; 14; 0; 0; 64; 41; 8; 1; 1; 61; 0; 97; 78; 12; 0; 81; 7; 0; 0; 0; 0; 0; 9999
1957;12; 160; 378; 0; 84; 34; 0; 0; 0; 0; 0; 32; 56; 6; 183; 898; 39; 95; 28; 6; 0; 21; 41; 22; 0; 0; 21; 0; 0; 0; 0; 0
1958;01; 0; 0; 0; 0; 0; 0; 0; 0; 0; 0; 54; 36; 3; 0; 13; 155; 0; 371; 83; 146; 11; 17; 71; 7; 85; 941; 528; 242; 227; 0; 0
1958;02; 0; 0; 0; 187; 498; 4; 181; 243; 0; 0; 0; 0; 0; 0; 0; 0; 0; 0; 0; 0; 0; 2; 120; 56; 28; 59; 314; 311; 9999; 9999; 9999
1958;03; 207; 12; 1; 23; 78; 0; 0; 25; 0; 0; 0; 0; 0; 0; 0; 3; 235; 761; 234; 0; 0; 0; 0; 0; 0; 38; 0; 0; 0; 0; 0
1958;04; 92; 105; 0; 0; 0; 0; 0; 0; 0; 78; 8; 13; 0; 0; 0; 0; 0; 0; 98; 9; 0; 0; 0; 0; 0; 0; 0; 0; 0; 0; 9999
1958;05; 0; 0; 24; 12; 126; 47; 0; 0; 25; 0; 0; 0; 0; 8; 0; 0; 0; 0; 0; 0; 0; 95; 68; 68; 82; 84; 0; 75; 3; 0; 0
1958;06; 0; 0; 0; 0; 0; 0; 0; 0; 0; 0; 0; 0; 0; 34; 468; 32; 0; 0; 0; 0; 0; 0; 0; 0; 0; 0; 0; 0; 0; 0; 9999
1958;07; 0; 0; 0; 0; 0; 0; 0; 0; 0; 0; 0; 6; 0; 0; 0; 41; 36; 95; 9; 0; 0; 0; 7; 0; 0; 0; 0; 0; 0; 0; 0
1958;08; 0; 0; 0; 4; 0; 0; 0; 0; 0; 0; 0; 0; 0; 0; 0; 0; 0; 0; 0; 0; 0; 0; 0; 0; 0; 0; 0; 0; 0; 222; 0
1958;09; 0; 0; 0; 0; 0; 0; 0; 4; 12; 14; 26; 0; 132; 388; 104; 1; 0; 0; 0; 0; 0; 0; 0; 0; 179; 0; 0; 0; 0; 0; 9999
1958;10; 0; 0; 0; 43; 23; 0; 74; 0; 24; 0; 217; 86; 123; 0; 0; 0; 69; 216; 96; 0; 0; 0; 26; 0; 0; 53; 67; 268; 444; 1; 0
1958;11; 0; 295; 0; 7; 114; 0; 0; 0; 0; 0; 0; 24; 0; 21; 0; 0; 0; 0; 17; 0; 102; 0; 306; 3; 91; 11; 65; 0; 66; 6; 9999
1958;12; 93; 0; 0; 0; 0; 0; 54; 28; 100; 0; 402; 13; 306; 3; 380; 150; 155; 191; 568; 0; 0; 86; 0; 0; 0; 0; 0; 0; 0; 0; 0
1959;01; 0; 0; 119; 38; 353; 404; 150; 126; 502; 204; 58; 329; 78; 137; 0; 0; 0; 8; 358; 0; 0; 0; 61; 350; 627; 58; 220; 0; 0; 0; 23
1959;02; 254; 32; 110; 163; 0; 340; 0; 0; 349; 0; 0; 0; 0; 0; 0; 0; 249; 0; 0; 0; 0; 0; 0; 0; 33; 308; 10; 0; 9999; 9999; 9999
1959;03; 11; 0; 0; 0; 0; 0; 8; 32; 166; 20; 1; 28; 0; 99; 4; 0; 0; 58; 12; 172; 0; 307; 4; 213; 2; 9; 0; 8; 4; 0; 20
1959;04; 60; 8; 0; 0; 4; 0; 31; 0; 0; 0; 0; 0; 0; 0; 0; 0; 0; 0; 0; 0; 0; 0; 124; 2; 57; 46; 0; 0; 0; 0; 9999
1959;05; 0; 0; 0; 0; 0; 0; 10; 0; 0; 0; 0; 3; 0; 0; 0; 0; 0; 0; 2; 32; 51; 0; 0; 0; 0; 0; 0; 0; 0; 4; 144
1959;06; 0; 0; 0; 0; 0; 30; 8; 0; 0; 0; 0; 0; 0; 0; 0; 0; 0; 0; 0; 0; 0; 0; 0; 0; 0; 0; 0; 0; 0; 0; 9999
1959;07; 0; 0; 0; 0; 0; 0; 0; 0; 0; 0; 0; 0; 0; 0; 0; 0; 0; 0; 0; 0; 0; 0; 0; 0; 0; 0; 0; 0; 0; 0; 0
1959;08; 46; 113; 0; 0; 0; 0; 0; 48; 49; 45; 0; 0; 89; 0; 89; 0; 0; 0; 0; 0; 0; 0; 0; 0; 0; 0; 0; 0; 0; 0; 0
1959;09; 0; 0; 3; 0; 0; 0; 0; 0; 0; 0; 0; 0; 1; 0; 0; 33; 0; 0; 0; 0; 0; 0; 0; 0; 0; 86; 5; 0; 0; 0; 9999
1959;10; 0; 0; 0; 0; 0; 0; 0; 0; 0; 0; 0; 86; 160; 110; 2; 0; 0; 0; 22; 0; 0; 2; 3; 0; 0; 0; 0; 0; 26; 0; 45
1959;11; 398; 0; 0; 0; 108; 106; 2; 8; 21; 355; 98; 0; 137; 6; 1; 0; 0; 0; 69; 68; 24; 135; 0; 0; 39; 125; 43; 150; 5; 0; 9999
1959;12; 0; 0; 99; 99; 0; 154; 0; 12; 114; 57; 68; 0; 3; 22; 0; 0; 0; 61; 21; 226; 0; 136; 0; 94; 187; 30; 0; 0; 115; 0; 0
1960;01; 63; 0; 0; 0; 0; 32; 313; 188; 295; 124; 78; 83; 21; 0; 8; 74; 9; 391; 425; 117; 152; 647; 185; 226; 6; 1; 0; 0; 0; 25; 72
1960;02; 37; 122; 651; 184; 26; 0; 0; 123; 7; 0; 0; 0; 0; 0; 323; 906; 0; 30; 68; 32; 26; 198; 98; 57; 98; 99; 14; 23; 421; 9999; 9999
1960;03; 83; 12; 15; 0; 33; 104; 0; 0; 0; 0; 0; 0; 0; 27; 83; 0; 34; 0; 0; 0; 0; 85; 438; 121; 78; 6; 0; 0; 0; 0; 0
1960;04; 19; 29; 41; 0; 0; 0; 0; 100; 33; 110; 0; 0; 0; 0; 0; 0; 0; 0; 0; 0; 0; 0; 0; 0; 0; 0; 0; 0; 0; 0; 9999
1960;05; 525; 2; 0; 0; 0; 0; 0; 0; 0; 34; 122; 0; 0; 0; 16; 203; 0; 0; 0; 0; 58; 2; 0; 0; 0; 0; 0; 0; 0; 0; 0
1960;06; 0; 0; 0; 0; 0; 0; 0; 0; 0; 0; 0; 0; 0; 0; 178; 0; 0; 3; 9; 1; 0; 0; 0; 135; 50; 0; 36; 214; 0; 0; 9999
1960;07; 0; 0; 0; 0; 0; 0; 0; 0; 0; 0; 11; 0; 0; 0; 0; 0; 0; 0; 0; 0; 0; 0; 0; 0; 0; 0; 0; 0; 0; 0; 0
1960;08; 0; 0; 0; 0; 0; 0; 0; 0; 0; 0; 0; 0; 0; 0; 0; 76; 0; 0; 0; 0; 0; 0; 0; 0; 0; 0; 0; 0; 0; 0; 0
1960;09; 14; 2; 0; 0; 0; 0; 0; 0; 0; 0; 0; 0; 0; 0; 0; 0; 0; 0; 0; 0; 0; 0; 0; 0; 0; 0; 0; 0; 0; 0; 9999
1960;10; 133; 0; 34; 19; 0; 0; 0; 0; 0; 0; 0; 0; 0; 0; 0; 0; 66; 0; 0; 77; 173; 350; 4; 1; 40; 2; 101; 0; 0; 0; 2
1960;11; 60; 0; 0; 0; 177; 227; 0; 242; 211; 2; 0; 11; 460; 66; 0; 0; 0; 4; 33; 313; 240; 114; 0; 0; 0; 174; 128; 1; 69; 1; 9999
1960;12; 0; 0; 93; 0; 0; 0; 111; 0; 0; 0; 0; 0; 274; 4; 24; 161; 101; 118; 318; 769; 186; 153; 102; 140; 0; 151; 0; 0; 76; 6; 37
1961;01; 239; 200; 80; 77; 16; 1; 220; 0; 469; 231; 7; 1; 161; 51; 0; 0; 196; 0; 0; 89; 0; 24; 87; 1; 204; 138; 220; 22; 72; 36; 0
1961;02; 10; 147; 4; 0; 227; 105; 7; 13; 0; 0; 0; 0; 466; 361; 0; 13; 19; 71; 35; 192; 137; 15; 644; 72; 34; 0; 0; 310; 9999; 9999; 9999
1961;03; 0; 122; 0; 0; 0; 258; 62; 69; 490; 31; 0; 0; 2; 39; 245; 53; 0; 94; 123; 114; 83; 0; 0; 0; 0; 105; 0; 0; 0; 0; 0
1961;04; 0; 0; 0; 66; 140; 268; 0; 0; 0; 0; 0; 0; 0; 0; 0; 0; 0; 0; 0; 0; 15; 0; 0; 0; 0; 253; 122; 0; 0; 0; 9999
1961;05; 0; 0; 0; 208; 139; 0; 0; 0; 3; 34; 0; 0; 0; 0; 0; 0; 0; 0; 0; 0; 0; 0; 0; 0; 0; 0; 0; 0; 0; 0; 0
1961;06; 0; 0; 31; 0; 0; 103; 0; 0; 0; 0; 0; 0; 0; 0; 0; 0; 0; 0; 0; 0; 0; 0; 0; 0; 0; 0; 0; 0; 0; 0; 9999
1961;07; 0; 0; 0; 0; 0; 0; 0; 0; 19; 0; 0; 0; 0; 0; 0; 0; 0; 0; 0; 0; 0; 0; 0; 0; 0; 0; 0; 0; 0; 0; 0
1961;08; 0; 0; 0; 0; 0; 0; 0; 0; 0; 0; 0; 0; 0; 0; 0; 0; 0; 0; 0; 0; 0; 0; 0; 0; 0; 17; 18; 0; 0; 0; 0
1961;09; 0; 0; 0; 0; 0; 0; 0; 0; 0; 0; 0; 0; 0; 0; 0; 0; 0; 0; 0; 0; 0; 0; 0; 0; 0; 0; 0; 0; 0; 0; 9999
1961;10; 0; 0; 0; 0; 0; 0; 0; 0; 0; 0; 0; 18; 0; 0; 0; 313; 32; 147; 3; 0; 0; 0; 0; 0; 0; 16; 17; 134; 21; 1; 8
1961;11; 0; 0; 0; 320; 301; 22; 10; 0; 0; 0; 36; 395; 1; 27; 46; 0; 0; 0; 0; 0; 0; 22; 22; 278; 0; 137; 0; 87; 9; 0; 9999
1961;12; 0; 0; 15; 25; 0; 0; 99; 304; 0; 0; 0; 19; 196; 41; 59; 2; 687; 373; 4; 0; 102; 0; 0; 0; 212; 163; 23; 150; 16; 0; 0
1962;01; 0; 0; 85; 16; 0; 0; 0; 228; 33; 61; 1; 0; 0; 0; 0; 19; 188; 74; 124; 673; 0; 160; 0; 60; 8; 0; 57; 18; 0; 0; 0
1962;02; 0; 0; 0; 236; 682; 375; 29; 0; 97; 0; 179; 14; 0; 0; 196; 21; 0; 79; 132; 0; 0; 101; 2; 195; 0; 0; 0; 0; 9999; 9999; 9999
1962;03; 0; 1; 165; 0; 123; 13; 0; 0; 0; 0; 412; 114; 498; 0; 567; 38; 7; 71; 0; 174; 202; 0; 0; 0; 240; 0; 0; 0; 0; 0; 0
1962;04; 0; 105; 0; 0; 0; 0; 0; 0; 0; 22; 0; 0; 0; 0; 0; 15; 0; 0; 0; 0; 0; 0; 0; 0; 0; 123; 0; 0; 42; 85; 9999
1962;05; 0; 35; 372; 0; 0; 0; 0; 0; 0; 0; 0; 0; 0; 0; 0; 0; 0; 0; 0; 0; 0; 0; 0; 0; 0; 0; 0; 0; 0; 90; 0
1962;06; 0; 0; 24; 105; 0; 6; 102; 0; 63; 2; 0; 0; 0; 0; 0; 0; 0; 0; 0; 0; 0; 0; 0; 0; 0; 0; 0; 0; 0; 0; 9999
1962;07; 0; 0; 0; 0; 0; 0; 0; 0; 0; 0; 0; 0; 0; 0; 0; 0; 0; 0; 0; 58; 0; 0; 0; 0; 0; 0; 0; 0; 0; 0; 0
1962;08; 0; 0; 0; 0; 0; 0; 0; 0; 0; 0; 0; 0; 0; 0; 0; 157; 0; 0; 0; 0; 0; 0; 186; 111; 0; 0; 0; 0; 0; 0; 2
1962;09; 2; 0; 137; 0; 416; 0; 0; 0; 31; 193; 0; 0; 0; 0; 0; 0; 0; 0; 0; 0; 0; 0; 112; 0; 0; 0; 0; 0; 14; 175; 9999
1962;10; 143; 216; 120; 251; 50; 0; 0; 0; 293; 6; 261; 96; 0; 0; 0; 0; 0; 26; 6; 41; 0; 0; 0; 0; 45; 0; 0; 0; 210; 223; 52
1962;11; 7; 0; 0; 0; 0; 0; 25; 169; 60; 0; 0; 0; 0; 0; 0; 0; 0; 3; 213; 258; 89; 99; 0; 0; 0; 0; 0; 0; 81; 0; 9999
1962;12; 17; 47; 0; 119; 9; 88; 0; 0; 0; 0; 146; 271; 81; 314; 55; 0; 75; 87; 178; 21; 0; 0; 0; 62; 0; 0; 87; 275; 207; 591; 317
1963;01; 132; 209; 121; 0; 0; 9; 0; 30; 368; 0; 129; 10; 0; 0; 207; 622; 8; 10; 8; 18; 0; 0; 258; 0; 26; 285; 75; 0; 0; 6; 9
1963;02; 2; 0; 37; 26; 371; 245; 127; 173; 0; 0; 0; 0; 0; 0; 0; 0; 0; 0; 6; 0; 338; 31; 50; 194; 14; 0; 0; 0; 9999; 9999; 9999
1963;03; 0; 0; 0; 51; 76; 0; 0; 0; 0; 0; 0; 0; 0; 0; 0; 0; 0; 0; 0; 51; 0; 0; 0; 0; 216; 32; 0; 0; 9; 0; 0
1963;04; 0; 0; 0; 0; 0; 0; 0; 3; 0; 0; 0; 0; 0; 0; 0; 17; 41; 0; 0; 0; 0; 0; 0; 0; 0; 0; 0; 0; 0; 0; 9999
1963;05; 0; 0; 0; 0; 0; 0; 0; 0; 0; 0; 0; 0; 0; 0; 0; 0; 0; 84; 0; 0; 0; 0; 0; 0; 0; 0; 0; 0; 0; 0; 0
1963;06; 0; 0; 0; 0; 0; 0; 0; 0; 0; 0; 0; 0; 0; 0; 0; 0; 0; 0; 0; 0; 0; 0; 0; 0; 0; 0; 0; 0; 0; 0; 9999
1963;07; 0; 0; 0; 0; 0; 0; 0; 0; 0; 0; 0; 0; 0; 0; 0; 0; 0; 0; 0; 0; 0; 0; 0; 0; 0; 0; 0; 0; 0; 0; 0
1963;08; 0; 0; 0; 0; 0; 0; 0; 0; 0; 0; 0; 0; 0; 0; 0; 0; 0; 101; 0; 0; 0; 0; 0; 0; 0; 0; 0; 0; 0; 0; 0
1963;09; 0; 0; 0; 0; 0; 0; 0; 0; 0; 0; 0; 0; 0; 0; 0; 0; 0; 0; 0; 0; 0; 0; 0; 0; 0; 0; 0; 0; 0; 0; 9999
1963;10; 0; 0; 0; 0; 0; 0; 0; 0; 0; 0; 0; 0; 0; 0; 2; 0; 0; 0; 0; 0; 0; 179; 38; 9; 0; 15; 0; 410; 21; 0; 0
1963;11; 0; 67; 0; 0; 0; 14; 0; 0; 47; 39; 162; 0; 0; 387; 23; 313; 0; 103; 0; 103; 120; 0; 0; 161; 0; 0; 0; 0; 0; 0; 9999
1963;12; 0; 90; 0; 0; 0; 0; 0; 0; 0; 0; 0; 0; 50; 0; 0; 0; 0; 0; 0; 296; 12; 0; 0; 0; 0; 0; 0; 9; 119; 0; 151
1964;01; 2; 155; 0; 175; 0; 0; 0; 0; 54; 122; 2; 0; 0; 14; 0; 0; 344; 0; 0; 0; 0; 0; 0; 768; 599; 301; 75; 93; 4; 0; 0
1964;02; 4; 51; 22; 71; 0; 0; 0; 0; 0; 21; 124; 0; 0; 104; 177; 30; 33; 89; 341; 120; 175; 65; 34; 24; 5; 83; 0; 0; 19; 9999; 9999
1964;03; 93; 101; 0; 0; 0; 0; 0; 0; 0; 0; 0; 0; 0; 4; 0; 314; 0; 0; 0; 0; 0; 0; 0; 0; 0; 0; 0; 0; 23; 24; 22
1964;04; 4; 52; 0; 18; 0; 0; 0; 0; 0; 13; 0; 0; 0; 0; 0; 0; 0; 0; 0; 0; 0; 0; 0; 0; 0; 0; 0; 0; 0; 62; 9999
1964;05; 441; 68; 0; 0; 0; 649; 0; 0; 0; 0; 0; 0; 0; 0; 0; 0; 0; 0; 0; 0; 114; 123; 0; 0; 0; 0; 0; 0; 0; 0; 0
1964;06; 0; 0; 0; 0; 0; 0; 0; 0; 0; 0; 0; 0; 0; 44; 28; 0; 14; 0; 0; 0; 0; 0; 0; 0; 0; 22; 0; 23; 0; 3; 9999
1964;07; 0; 118; 32; 38; 0; 0; 0; 0; 0; 0; 0; 0; 0; 0; 0; 0; 31; 0; 0; 17; 0; 0; 0; 0; 15; 85; 0; 0; 0; 0; 0
1964;08; 0; 0; 0; 0; 0; 0; 0; 0; 0; 0; 0; 0; 0; 0; 0; 0; 0; 0; 0; 0; 0; 0; 0; 0; 0; 0; 0; 0; 0; 0; 0
1964;09; 0; 0; 0; 0; 0; 0; 0; 0; 0; 0; 0; 0; 0; 0; 0; 0; 0; 0; 0; 0; 0; 0; 0; 0; 255; 93; 78; 88; 58; 0; 9999
1964;10; 254; 0; 423; 368; 0; 0; 507; 11; 0; 0; 88; 0; 15; 0; 0; 0; 0; 0; 0; 152; 0; 17; 0; 0; 0; 0; 141; 0; 0; 0; 114
1964;11; 2; 62; 0; 0; 0; 190; 0; 0; 0; 0; 0; 0; 0; 0; 19; 86; 0; 0; 10; 0; 597; 6; 0; 0; 0; 0; 0; 0; 0; 0; 9999
1964;12; 243; 345; 190; 38; 3; 0; 0; 0; 201; 3; 129; 138; 225; 597; 18; 63; 93; 193; 150; 73; 0; 181; 415; 223; 125; 192; 459; 87; 335; 71; 0
1965;01; 0; 81; 21; 189; 111; 61; 0; 0; 380; 103; 0; 0; 0; 0; 81; 249; 217; 18; 80; 185; 4; 0; 163; 448; 75; 72; 286; 681; 141; 252; 3
1965;02; 137; 47; 0; 20; 193; 362; 0; 0; 22; 0; 0; 0; 63; 148; 127; 0; 100; 232; 92; 0; 4; 300; 475; 186; 94; 461; 222; 286; 9999; 9999; 9999
1965;03; 0; 0; 64; 2; 0; 35; 12; 0; 165; 302; 27; 0; 0; 152; 74; 28; 22; 7; 3; 182; 29; 19; 9; 40; 0; 88; 0; 0; 0; 0; 0
1965;04; 0; 0; 0; 0; 0; 0; 0; 0; 0; 153; 34; 4; 0; 0; 0; 0; 0; 0; 0; 0; 0; 54; 0; 0; 0; 0; 0; 0; 279; 209; 9999
1965;05; 57; 0; 0; 0; 0; 0; 0; 0; 0; 0; 0; 0; 0; 0; 79; 13; 114; 0; 364; 0; 0; 0; 0; 0; 0; 0; 0; 0; 0; 0; 0
1965;06; 0; 0; 0; 0; 0; 0; 0; 0; 0; 0; 0; 13; 33; 49; 0; 33; 105; 55; 0; 0; 0; 0; 0; 123; 70; 0; 0; 0; 0; 0; 9999
1965;07; 0; 0; 0; 0; 213; 10; 76; 66; 313; 108; 81; 0; 0; 0; 0; 0; 0; 0; 0; 0; 0; 0; 0; 0; 0; 0; 0; 0; 0; 0; 147
1965;08; 0; 0; 0; 0; 0; 0; 40; 54; 0; 0; 0; 0; 0; 0; 0; 0; 0; 0; 0; 0; 0; 0; 0; 0; 0; 0; 0; 0; 0; 0; 0
1965;09; 0; 0; 0; 0; 0; 0; 0; 0; 0; 0; 0; 0; 0; 0; 0; 0; 0; 0; 0; 0; 0; 0; 0; 5; 0; 29; 95; 221; 35; 14; 9999
1965;10; 542; 645; 3; 0; 0; 0; 0; 0; 230; 159; 183; 11; 0; 0; 83; 0; 0; 0; 89; 258; 29; 471; 219; 7; 26; 64; 33; 0; 418; 108; 0
1965;11; 0; 0; 0; 0; 0; 0; 0; 0; 0; 8; 0; 0; 0; 33; 19; 1; 0; 0; 0; 0; 60; 21; 0; 86; 0; 11; 91; 1; 380; 8; 9999
1965;12; 61; 0; 0; 85; 37; 180; 311; 233; 136; 427; 96; 192; 0; 0; 19; 0; 0; 0; 173; 0; 0; 0; 0; 47; 95; 6; 34; 3; 75; 119; 59
1966;01; 148; 98; 120; 39; 85; 15; 37; 116; 272; 350; 159; 629; 467; 154; 11; 0; 0; 1; 0; 0; 0; 0; 0; 0; 0; 0; 0; 384; 17; 24; 100
1966;02; 33; 570; 0; 0; 166; 46; 0; 0; 0; 0; 37; 0; 0; 22; 0; 0; 0; 0; 0; 124; 0; 207; 4; 125; 0; 315; 18; 0; 9999; 9999; 9999
1966;03; 0; 155; 30; 305; 23; 888; 819; 220; 193; 158; 3; 28; 59; 3; 0; 0; 0; 0; 0; 0; 0; 0; 0; 0; 0; 600; 239; 38; 0; 0; 0
1966;04; 0; 101; 5; 40; 0; 6; 57; 0; 0; 0; 0; 0; 0; 0; 0; 0; 0; 0; 0; 0; 0; 0; 0; 0; 0; 0; 0; 0; 0; 0; 9999
1966;05; 0; 0; 0; 0; 0; 33; 248; 130; 0; 0; 0; 39; 122; 0; 0; 0; 0; 0; 0; 0; 0; 0; 47; 0; 0; 0; 0; 0; 0; 0; 0
1966;06; 0; 0; 0; 0; 0; 0; 0; 0; 0; 0; 0; 0; 0; 0; 0; 0; 0; 0; 0; 0; 0; 0; 0; 0; 0; 0; 0; 0; 0; 0; 9999
1966;07; 0; 0; 0; 0; 0; 0; 0; 0; 0; 0; 0; 0; 0; 0; 0; 0; 0; 0; 0; 0; 0; 0; 0; 0; 0; 0; 0; 0; 0; 0; 0
1966;08; 83; 34; 0; 0; 0; 0; 0; 0; 0; 0; 0; 0; 0; 0; 0; 0; 0; 0; 0; 0; 0; 0; 0; 0; 0; 58; 0; 0; 0; 0; 0
1966;09; 0; 3; 0; 0; 0; 0; 0; 0; 0; 0; 0; 0; 0; 0; 0; 0; 0; 0; 0; 0; 153; 0; 0; 0; 0; 0; 0; 0; 160; 103; 9999
1966;10; 0; 0; 0; 0; 0; 0; 199; 551; 22; 0; 0; 42; 92; 0; 0; 0; 0; 0; 225; 0; 0; 0; 213; 45; 0; 0; 122; 811; 72; 42; 182
1966;11; 34; 345; 0; 0; 0; 206; 62; 0; 0; 21; 55; 146; 157; 22; 264; 838; 66; 213; 0; 0; 0; 0; 0; 0; 0; 0; 0; 0; 0; 0; 9999
1966;12; 0; 0; 0; 86; 0; 406; 0; 0; 0; 0; 115; 0; 32; 0; 0; 225; 464; 0; 73; 66; 84; 535; 300; 480; 0; 0; 119; 119; 0; 0; 0
1967;01; 0; 0; 23; 200; 78; 66; 128; 0; 16; 287; 108; 32; 145; 77; 176; 199; 179; 0; 37; 412; 134; 83; 0; 25; 52; 0; 0; 12; 0; 27; 12
1967;02; 76; 253; 138; 4; 76; 227; 116; 334; 0; 37; 60; 0; 0; 0; 27; 0; 0; 73; 200; 246; 6; 32; 0; 3; 0; 0; 0; 0; 9999; 9999; 9999
1967;03; 0; 0; 0; 0; 21; 0; 0; 39; 73; 131; 15; 5; 0; 0; 35; 81; 14; 11; 472; 4; 0; 0; 0; 0; 49; 0; 59; 0; 358; 156; 0
1967;04; 0; 0; 0; 0; 0; 0; 0; 0; 0; 0; 0; 0; 0; 0; 0; 0; 21; 0; 0; 0; 0; 0; 0; 0; 2; 0; 0; 151; 0; 0; 9999
1967;05; 0; 0; 142; 311; 0; 0; 0; 0; 0; 0; 0; 0; 0; 0; 0; 0; 0; 0; 0; 0; 0; 0; 0; 0; 0; 0; 0; 0; 0; 0; 0
1967;06; 0; 0; 0; 12; 0; 0; 202; 227; 30; 0; 0; 0; 121; 145; 0; 0; 0; 0; 0; 0; 0; 0; 0; 0; 0; 0; 0; 0; 0; 0; 9999
1967;07; 0; 0; 0; 0; 0; 0; 0; 0; 0; 0; 0; 0; 0; 0; 0; 0; 0; 0; 0; 0; 0; 0; 12; 0; 0; 0; 0; 0; 0; 0; 0
1967;08; 0; 0; 0; 0; 0; 0; 0; 0; 0; 0; 0; 0; 0; 0; 0; 0; 0; 0; 0; 0; 0; 0; 0; 0; 0; 0; 0; 0; 0; 0; 0
1967;09; 0; 0; 0; 0; 0; 0; 0; 0; 0; 103; 0; 19; 339; 156; 0; 0; 0; 0; 0; 0; 0; 0; 0; 0; 0; 0; 0; 0; 0; 0; 9999
1967;10; 0; 135; 0; 0; 0; 0; 0; 0; 0; 0; 0; 151; 0; 0; 127; 0; 109; 0; 0; 11; 21; 0; 0; 0; 191; 384; 129; 202; 0; 0; 0
1967;11; 0; 129; 0; 538; 0; 0; 0; 0; 0; 0; 0; 0; 353; 17; 0; 0; 307; 67; 18; 0; 0; 188; 61; 138; 41; 60; 0; 0; 16; 0; 9999
1967;12; 0; 0; 0; 38; 830; 137; 38; 0; 332; 28; 73; 0; 0; 0; 0; 0; 66; 356; 54; 3; 14; 264; 33; 0; 0; 0; 843; 9; 144; 0; 0
1968;01; 0; 0; 0; 0; 58; 0; 0; 0; 0; 109; 6; 372; 115; 181; 230; 288; 5; 178; 25; 8; 4; 225; 17; 13; 40; 0; 0; 0; 0; 0; 0
1968;02; 0; 0; 0; 0; 0; 0; 24; 15; 0; 0; 8; 40; 0; 294; 191; 46; 107; 0; 0; 0; 0; 0; 4; 334; 45; 0; 54; 73; 0; 9999; 9999
1968;03; 0; 0; 0; 0; 12; 14; 0; 94; 278; 0; 0; 0; 0; 150; 109; 6; 45; 1; 0; 0; 0; 0; 0; 0; 0; 0; 0; 0; 25; 0; 0
1968;04; 0; 0; 159; 0; 0; 143; 0; 0; 0; 0; 0; 0; 0; 0; 0; 0; 0; 0; 0; 318; 111; 0; 0; 0; 0; 0; 0; 0; 0; 4; 9999
1968;05; 0; 0; 0; 0; 0; 0; 0; 0; 0; 0; 0; 0; 0; 0; 0; 44; 0; 0; 0; 0; 0; 0; 0; 0; 0; 0; 0; 0; 0; 0; 0
1968;06; 0; 0; 0; 0; 0; 0; 0; 0; 0; 0; 0; 0; 0; 0; 0; 0; 0; 0; 0; 0; 0; 0; 0; 0; 0; 0; 0; 0; 0; 0; 9999
1968;07; 0; 0; 0; 0; 0; 0; 0; 0; 0; 32; 0; 0; 0; 0; 0; 0; 0; 0; 0; 0; 0; 0; 0; 0; 0; 0; 0; 0; 0; 0; 0
1968;08; 0; 0; 0; 0; 22; 57; 0; 18; 130; 75; 1; 0; 0; 0; 0; 0; 0; 0; 0; 0; 0; 0; 0; 0; 0; 0; 0; 0; 0; 0; 36
1968;09; 55; 0; 0; 235; 0; 0; 0; 0; 0; 0; 0; 0; 0; 0; 0; 0; 0; 0; 0; 0; 38; 5; 0; 0; 0; 0; 0; 0; 0; 0; 9999
1968;10; 40; 0; 0; 0; 0; 0; 0; 0; 0; 0; 0; 71; 0; 0; 0; 1; 532; 97; 98; 0; 0; 32; 129; 22; 8; 0; 1; 52; 0; 34; 0
1968;11; 0; 34; 137; 0; 18; 0; 0; 0; 0; 0; 220; 0; 0; 0; 0; 0; 31; 75; 48; 54; 0; 0; 0; 0; 0; 0; 0; 10; 92; 179; 9999
1968;12; 27; 245; 45; 275; 26; 0; 0; 0; 30; 0; 0; 0; 0; 0; 0; 0; 26; 6; 7; 0; 0; 0; 0; 0; 47; 51; 138; 2; 0; 0; 0
1969;01; 0; 0; 11; 2; 0; 33; 85; 0; 0; 0; 26; 0; 0; 3; 0; 208; 4; 94; 16; 0; 0; 15; 20; 344; 11; 0; 83; 1; 43; 0; 0
1969;02; 0; 0; 123; 0; 3; 0; 0; 0; 0; 0; 0; 0; 64; 0; 0; 89; 54; 61; 0; 233; 17; 0; 75; 221; 32; 171; 100; 303; 9999; 9999; 9999
1969;03; 55; 73; 47; 0; 71; 134; 0; 0; 44; 27; 66; 0; 0; 16; 32; 0; 0; 0; 0; 0; 0; 0; 850; 0; 0; 0; 0; 56; 0; 0; 12
1969;04; 0; 25; 189; 0; 18; 15; 0; 0; 200; 0; 0; 93; 0; 26; 0; 0; 0; 0; 0; 0; 0; 0; 69; 35; 0; 0; 0; 0; 41; 0; 9999
1969;05; 0; 0; 0; 35; 0; 0; 0; 0; 0; 0; 0; 0; 0; 0; 0; 0; 0; 0; 0; 0; 0; 0; 0; 0; 0; 0; 0; 0; 0; 220; 112
1969;06; 0; 33; 117; 65; 0; 0; 0; 0; 0; 0; 0; 0; 0; 0; 0; 0; 0; 0; 0; 0; 0; 45; 0; 0; 0; 0; 0; 0; 0; 0; 9999
1969;07; 0; 0; 0; 0; 0; 0; 0; 0; 0; 0; 0; 0; 0; 55; 0; 0; 0; 0; 0; 0; 0; 0; 0; 0; 0; 0; 0; 0; 0; 0; 0
1969;08; 0; 0; 8; 21; 0; 0; 17; 0; 0; 0; 0; 0; 0; 0; 0; 33; 0; 0; 0; 0; 0; 0; 0; 0; 0; 0; 0; 0; 0; 0; 0
1969;09; 0; 0; 0; 0; 0; 0; 0; 0; 0; 0; 0; 0; 0; 0; 0; 0; 0; 0; 0; 0; 125; 0; 0; 0; 0; 0; 0; 0; 0; 57; 9999
1969;10; 192; 3; 1; 200; 0; 0; 1; 0; 0; 520; 0; 0; 0; 0; 0; 0; 0; 0; 0; 470; 0; 0; 242; 85; 0; 0; 0; 0; 0; 0; 127
1969;11; 0; 53; 641; 7; 0; 0; 74; 161; 86; 108; 3; 12; 74; 572; 26; 158; 94; 292; 56; 147; 166; 39; 0; 29; 0; 0; 0; 0; 7; 294; 9999
1969;12; 227; 11; 0; 0; 0; 0; 158; 141; 0; 350; 0; 0; 301; 429; 0; 0; 0; 0; 0; 0; 0; 0; 76; 115; 260; 31; 0; 0; 0; 0; 234
1970;01; 234; 18; 2; 347; 116; 0; 0; 58; 339; 234; 0; 0; 0; 38; 93; 14; 786; 0; 81; 53; 227; 0; 0; 0; 204; 160; 0; 0; 0; 0; 280
1970;02; 26; 0; 0; 18; 462; 0; 0; 4; 83; 31; 30; 95; 327; 30; 144; 861; 186; 20; 160; 143; 153; 857; 238; 0; 0; 0; 50; 0; 9999; 9999; 9999
1970;03; 0; 17; 91; 0; 0; 0; 84; 299; 0; 128; 452; 0; 0; 216; 0; 0; 8; 5; 0; 0; 0; 0; 0; 0; 0; 0; 1177; 86; 0; 0; 0
1970;04; 61; 40; 102; 41; 125; 390; 0; 0; 0; 0; 0; 0; 0; 0; 0; 0; 0; 0; 0; 0; 0; 0; 0; 0; 0; 0; 0; 0; 0; 31; 9999
1970;05; 0; 0; 200; 0; 0; 0; 68; 106; 61; 7; 0; 37; 0; 0; 0; 0; 0; 0; 0; 0; 151; 0; 0; 0; 0; 0; 0; 0; 0; 0; 0
1970;06; 0; 0; 0; 0; 0; 0; 0; 0; 0; 0; 31; 0; 0; 0; 0; 0; 0; 0; 5; 0; 0; 0; 0; 422; 7; 0; 20; 0; 64; 0; 9999
1970;07; 0; 0; 0; 0; 0; 0; 0; 0; 0; 0; 14; 0; 4; 12; 8; 0; 0; 0; 0; 0; 0; 0; 0; 123; 0; 0; 10; 0; 0; 0; 0
1970;08; 0; 0; 0; 0; 0; 0; 0; 0; 14; 0; 0; 0; 0; 0; 0; 0; 0; 0; 0; 0; 0; 0; 0; 0; 0; 9; 457; 249; 0; 58; 140
1970;09; 0; 0; 0; 41; 0; 0; 114; 0; 0; 414; 17; 0; 153; 11; 0; 56; 393; 0; 0; 0; 0; 0; 45; 0; 0; 26; 0; 0; 162; 57; 9999
1970;10; 0; 0; 49; 269; 32; 0; 0; 0; 11; 0; 0; 4; 113; 0; 0; 0; 0; 0; 28; 11; 0; 15; 17; 0; 0; 4; 0; 0; 32; 226; 0
1970;11; 0; 0; 152; 0; 0; 0; 0; 197; 421; 0; 0; 187; 0; 44; 99; 0; 0; 0; 0; 4; 0; 70; 0; 0; 0; 0; 0; 34; 42; 236; 9999
1970;12; 84; 91; 0; 0; 0; 0; 0; 0; 0; 169; 0; 181; 19; 17; 0; 0; 160; 0; 0; 580; 35; 11; 0; 0; 81; 150; 0; 0; 0; 61; 3
1971;01; 0; 104; 22; 11; 39; 7; 0; 0; 0; 0; 0; 0; 0; 201; 0; 0; 0; 37; 53; 0; 0; 0; 0; 0; 0; 0; 27; 0; 0; 36; 0
1971;02; 0; 0; 0; 0; 0; 38; 164; 0; 113; 153; 91; 75; 0; 0; 7; 153; 0; 0; 0; 18; 0; 40; 0; 0; 120; 3; 40; 45; 9999; 9999; 9999
1971;03; 0; 0; 0; 0; 0; 81; 378; 30; 9; 144; 0; 92; 121; 0; 0; 0; 0; 0; 0; 0; 0; 171; 0; 0; 166; 7; 91; 172; 31; 0; 0
1971;04; 0; 27; 0; 0; 0; 0; 0; 0; 459; 36; 0; 0; 0; 56; 0; 9; 0; 91; 0; 0; 0; 96; 103; 69; 0; 0; 0; 0; 0; 0; 9999
1971;05; 0; 0; 87; 0; 0; 0; 0; 0; 0; 0; 0; 0; 0; 0; 0; 0; 0; 0; 0; 0; 0; 0; 0; 0; 0; 152; 4; 0; 0; 0; 0
1971;06; 0; 0; 0; 0; 0; 0; 0; 0; 18; 0; 0; 224; 226; 66; 0; 148; 11; 200; 296; 42; 3; 1; 0; 0; 0; 0; 0; 0; 0; 0; 9999
1971;07; 0; 2; 159; 0; 52; 0; 0; 0; 0; 0; 0; 0; 0; 0; 0; 0; 0; 0; 0; 0; 0; 0; 0; 0; 0; 0; 0; 0; 0; 128; 50
1971;08; 0; 0; 0; 0; 0; 0; 0; 0; 0; 0; 0; 0; 0; 0; 0; 0; 0; 0; 0; 0; 0; 0; 0; 0; 0; 0; 0; 0; 0; 0; 0
1971;09; 0; 0; 0; 0; 0; 0; 7; 0; 139; 0; 0; 244; 0; 0; 0; 0; 0; 0; 0; 0; 0; 0; 0; 164; 191; 43; 9; 0; 7; 0; 9999
1971;10; 163; 56; 39; 90; 13; 7; 255; 203; 0; 0; 133; 555; 127; 0; 0; 0; 262; 0; 0; 0; 0; 0; 0; 0; 0; 66; 0; 0; 127; 0; 0
1971;11; 0; 728; 21; 64; 0; 0; 0; 0; 0; 0; 0; 0; 0; 0; 0; 0; 0; 0; 53; 0; 4; 0; 16; 0; 251; 25; 35; 0; 0; 44; 9999
1971;12; 155; 139; 72; 304; 53; 0; 0; 0; 223; 631; 4; 6; 41; 234; 290; 0; 0; 0; 29; 0; 0; 7; 7; 219; 48; 218; 229; 48; 210; 0; 0
1972;01; 0; 14; 322; 87; 28; 10; 38; 102; 26; 45; 11; 0; 0; 0; 0; 0; 0; 0; 0; 5; 1; 135; 245; 816; 0; 55; 172; 3; 132; 91; 0
1972;02; 135; 0; 203; 180; 141; 41; 203; 187; 0; 38; 67; 0; 22; 0; 128; 124; 0; 0; 47; 266; 318; 135; 194; 128; 0; 81; 333; 91; 0; 9999; 9999
1972;03; 0; 0; 33; 0; 0; 0; 0; 0; 360; 0; 30; 199; 0; 0; 0; 0; 29; 8; 0; 0; 68; 0; 13; 10; 0; 445; 40; 42; 0; 0; 0
1972;04; 213; 0; 0; 45; 0; 0; 0; 16; 0; 0; 0; 0; 0; 7; 14; 67; 0; 0; 0; 0; 0; 0; 0; 0; 0; 0; 0; 0; 0; 0; 9999
1972;05; 0; 0; 27; 0; 0; 0; 0; 0; 0; 0; 0; 29; 0; 0; 0; 0; 0; 0; 0; 0; 0; 0; 62; 81; 643; 0; 0; 0; 0; 0; 0
1972;06; 0; 0; 0; 0; 0; 0; 0; 0; 0; 0; 0; 0; 0; 0; 0; 0; 0; 0; 2; 0; 0; 0; 0; 0; 0; 0; 0; 0; 0; 0; 9999
1972;07; 0; 0; 0; 0; 0; 0; 0; 152; 0; 34; 95; 499; 829; 8; 0; 64; 0; 0; 0; 0; 0; 0; 0; 0; 0; 0; 38; 0; 0; 0; 0
1972;08; 0; 0; 0; 19; 150; 3; 133; 0; 0; 0; 0; 0; 42; 11; 0; 0; 0; 0; 0; 0; 0; 0; 0; 103; 0; 0; 0; 0; 0; 33; 0
1972;09; 1; 0; 0; 0; 0; 416; 0; 0; 0; 0; 10; 10; 0; 9; 0; 0; 0; 0; 0; 0; 0; 0; 0; 0; 75; 123; 0; 57; 92; 57; 9999
1972;10; 8; 21; 0; 81; 294; 44; 363; 0; 0; 316; 519; 30; 0; 0; 293; 0; 0; 0; 0; 0; 0; 0; 0; 0; 0; 0; 0; 0; 0; 363; 0
1972;11; 0; 419; 288; 135; 176; 0; 0; 0; 98; 0; 1; 10; 3; 14; 104; 64; 31; 170; 0; 168; 0; 125; 0; 0; 0; 312; 89; 0; 0; 0; 9999
1972;12; 176; 0; 0; 19; 0; 189; 0; 0; 0; 58; 0; 0; 0; 0; 0; 0; 0; 0; 0; 10; 0; 0; 155; 282; 87; 183; 56; 9; 38; 0; 0
1973;01; 0; 0; 118; 0; 0; 112; 172; 0; 0; 38; 104; 0; 0; 89; 35; 26; 106; 99; 230; 259; 18; 35; 34; 233; 69; 25; 246; 0; 0; 0; 0
1973;02; 285; 269; 1; 19; 10; 37; 182; 0; 0; 0; 0; 0; 57; 17; 93; 223; 18; 28; 0; 0; 0; 0; 0; 0; 0; 91; 15; 0; 9999; 9999; 9999
1973;03; 0; 0; 0; 0; 20; 0; 0; 0; 193; 164; 0; 0; 0; 0; 0; 0; 0; 0; 0; 0; 0; 300; 132; 210; 0; 0; 0; 0; 0; 81; 99
1973;04; 199; 53; 20; 52; 0; 0; 0; 67; 2; 0; 0; 233; 30; 81; 0; 0; 0; 0; 220; 0; 310; 0; 0; 0; 0; 0; 0; 0; 0; 6; 9999
1973;05; 0; 0; 0; 0; 0; 154; 5; 0; 0; 112; 4; 66; 0; 0; 0; 0; 0; 0; 0; 0; 0; 74; 0; 0; 0; 2; 0; 0; 0; 0; 0
1973;06; 0; 0; 0; 0; 0; 0; 0; 0; 0; 0; 0; 0; 0; 0; 0; 0; 0; 0; 70; 0; 0; 0; 0; 0; 0; 0; 29; 0; 102; 0; 9999
1973;07; 0; 0; 1; 0; 0; 0; 0; 0; 0; 0; 0; 0; 0; 0; 0; 0; 0; 0; 0; 0; 0; 22; 0; 0; 0; 0; 0; 97; 44; 0; 0
1973;08; 0; 0; 0; 0; 0; 25; 0; 0; 0; 0; 0; 0; 0; 0; 0; 31; 0; 0; 0; 0; 0; 0; 0; 0; 0; 0; 0; 0; 10; 0; 0
1973;09; 0; 395; 123; 0; 0; 0; 0; 0; 0; 0; 0; 0; 0; 0; 0; 0; 0; 0; 0; 0; 0; 1; 0; 0; 0; 63; 0; 0; 0; 0; 9999
1973;10; 0; 0; 0; 0; 0; 0; 84; 0; 197; 6; 2; 231; 30; 0; 0; 0; 0; 0; 383; 0; 0; 0; 0; 0; 0; 0; 4; 41; 0; 0; 254
1973;11; 111; 212; 117; 0; 0; 4; 0; 0; 0; 8; 0; 0; 27; 546; 0; 0; 0; 234; 391; 0; 0; 2; 152; 2; 153; 0; 0; 0; 0; 0; 9999
1973;12; 12; 0; 0; 550; 62; 74; 114; 269; 40; 15; 0; 0; 0; 263; 0; 14; 73; 715; 36; 229; 41; 241; 0; 237; 108; 67; 0; 55; 4; 96; 335
1974;01; 304; 70; 0; 0; 0; 20; 0; 4; 0; 0; 344; 464; 596; 65; 90; 251; 72; 0; 0; 0; 0; 0; 0; 0; 11; 0; 117; 20; 114; 0; 96
1974;02; 4; 228; 24; 0; 0; 0; 0; 0; 0; 0; 2; 0; 6; 141; 0; 15; 41; 160; 291; 0; 0; 34; 0; 80; 108; 15; 1; 1; 9999; 9999; 9999
1974;03; 0; 0; 0; 0; 4; 6; 36; 0; 0; 7; 81; 63; 100; 335; 7; 12; 0; 143; 200; 250; 171; 36; 30; 0; 34; 124; 3; 0; 0; 0; 0
1974;04; 1; 1; 0; 100; 1; 0; 0; 0; 0; 0; 83; 29; 13; 334; 0; 1; 1; 17; 1; 0; 1; 1; 21; 0; 75; 56; 0; 0; 0; 0; 9999
1974;05; 61; 0; 0; 0; 0; 0; 0; 0; 0; 0; 0; 0; 17; 28; 0; 0; 0; 0; 0; 26; 0; 0; 0; 0; 0; 0; 4; 28; 0; 0; 0
1974;06; 0; 0; 0; 42; 135; 0; 0; 0; 0; 0; 0; 0; 12; 0; 0; 0; 0; 0; 0; 0; 0; 178; 0; 0; 0; 310; 498; 0; 0; 0; 9999
1974;07; 0; 0; 0; 0; 0; 0; 0; 0; 0; 0; 0; 0; 0; 0; 0; 0; 0; 0; 0; 0; 0; 0; 1; 1; 0; 0; 0; 0; 0; 0; 0
1974;08; 0; 0; 0; 0; 0; 0; 0; 0; 0; 0; 0; 0; 8; 0; 7; 126; 1; 1; 0; 0; 0; 0; 0; 0; 0; 0; 0; 0; 0; 0; 0
1974;09; 0; 0; 0; 231; 0; 0; 0; 0; 0; 0; 0; 0; 0; 0; 0; 0; 0; 0; 0; 27; 20; 0; 0; 0; 5; 0; 0; 0; 0; 15; 9999
1974;10; 223; 0; 0; 0; 102; 0; 2; 0; 26; 0; 0; 0; 0; 0; 0; 0; 169; 0; 41; 0; 0; 34; 0; 0; 75; 75; 0; 0; 125; 211; 5
1974;11; 0; 0; 0; 0; 0; 0; 40; 0; 0; 0; 0; 0; 91; 68; 0; 0; 0; 0; 0; 0; 431; 105; 97; 0; 0; 0; 0; 127; 380; 290; 9999
1974;12; 227; 0; 30; 226; 267; 130; 0; 0; 0; 0; 0; 0; 2; 104; 286; 6; 101; 291; 279; 25; 127; 661; 327; 410; 0; 0; 258; 204; 29; 40; 28
1975;01; 288; 235; 0; 0; 0; 0; 0; 0; 14; 30; 99; 41; 24; 0; 0; 0; 0; 0; 38; 27; 21; 0; 0; 68; 58; 26; 0; 0; 0; 25; 2
1975;02; 5; 187; 426; 88; 101; 68; 42; 170; 230; 394; 0; 0; 0; 0; 0; 0; 96; 0; 0; 319; 0; 0; 417; 139; 6; 392; 197; 0; 9999; 9999; 9999
1975;03; 297; 0; 0; 0; 0; 0; 0; 367; 0; 0; 0; 0; 0; 0; 0; 0; 0; 0; 0; 0; 0; 54; 0; 0; 12; 555; 0; 0; 0; 0; 270
1975;04; 19; 0; 54; 0; 0; 0; 0; 0; 0; 80; 96; 15; 0; 0; 0; 311; 0; 0; 0; 0; 0; 0; 0; 0; 0; 0; 0; 0; 0; 0; 9999
1975;05; 0; 0; 0; 0; 0; 11; 25; 1; 0; 0; 0; 0; 0; 0; 0; 0; 0; 0; 0; 0; 0; 0; 0; 0; 0; 0; 0; 0; 0; 0; 0
1975;06; 0; 0; 0; 0; 0; 0; 0; 0; 0; 0; 0; 0; 0; 0; 0; 0; 0; 0; 0; 0; 0; 0; 0; 0; 0; 0; 0; 0; 0; 15; 9999
1975;07; 0; 0; 0; 144; 0; 75; 0; 0; 0; 0; 0; 0; 0; 0; 0; 0; 0; 22; 0; 0; 0; 0; 0; 0; 0; 0; 0; 0; 0; 0; 0
1975;08; 0; 0; 0; 0; 0; 0; 0; 0; 0; 0; 0; 0; 0; 0; 0; 0; 0; 0; 0; 0; 0; 0; 0; 0; 0; 0; 0; 0; 0; 0; 0
1975;09; 0; 0; 0; 0; 0; 0; 0; 0; 0; 0; 0; 0; 0; 0; 0; 0; 0; 0; 0; 0; 0; 0; 0; 54; 0; 0; 61; 512; 0; 53; 9999
1975;10; 151; 0; 69; 8; 0; 95; 3; 24; 0; 0; 0; 4; 0; 0; 145; 0; 2; 11; 125; 8; 0; 0; 0; 0; 0; 7; 0; 0; 0; 0; 106
1975;11; 0; 135; 25; 0; 0; 0; 493; 0; 41; 333; 0; 401; 0; 0; 0; 0; 4; 0; 112; 0; 542; 0; 0; 2; 643; 334; 84; 128; 117; 202; 9999
1975;12; 161; 352; 0; 0; 10; 0; 0; 0; 0; 0; 0; 0; 71; 252; 12; 0; 0; 25; 180; 0; 0; 0; 0; 9; 200; 165; 83; 26; 9; 0; 6
1976;01; 0; 28; 90; 312; 164; 0; 427; 4; 3; 0; 67; 3; 0; 0; 78; 13; 0; 0; 160; 15; 4; 0; 0; 33; 0; 11; 36; 13; 14; 0; 26
1976;02; 211; 91; 95; 16; 48; 108; 337; 220; 0; 0; 0; 0; 0; 0; 0; 28; 151; 41; 141; 95; 232; 97; 540; 26; 68; 0; 50; 344; 72; 9999; 9999
1976;03; 46; 108; 66; 0; 0; 0; 122; 0; 66; 4; 0; 128; 210; 0; 630; 0; 0; 160; 256; 150; 0; 10; 303; 7; 8; 460; 210; 62; 0; 0; 0
1976;04; 0; 0; 0; 0; 0; 0; 0; 0; 0; 56; 223; 69; 237; 43; 10; 0; 0; 0; 0; 0; 0; 0; 97; 11; 0; 0; 0; 0; 0; 0; 9999
1976;05; 0; 0; 0; 0; 7; 277; 0; 0; 0; 7; 0; 0; 0; 0; 0; 0; 0; 0; 5; 208; 0; 20; 5; 0; 59; 47; 0; 8; 630; 48; 0
1976;06; 0; 0; 0; 0; 0; 360; 0; 0; 0; 41; 0; 0; 0; 0; 0; 0; 0; 0; 0; 0; 0; 0; 0; 0; 0; 0; 0; 0; 0; 0; 9999
1976;07; 0; 0; 368; 421; 0; 0; 0; 0; 8; 148; 0; 0; 0; 0; 0; 0; 0; 0; 0; 0; 0; 0; 0; 0; 0; 0; 0; 0; 0; 0; 0
1976;08; 0; 0; 0; 0; 0; 75; 0; 0; 0; 158; 40; 94; 237; 295; 16; 0; 0; 12; 9; 274; 71; 0; 0; 0; 0; 0; 0; 0; 0; 0; 0
1976;09; 0; 0; 0; 0; 0; 85; 35; 28; 0; 0; 0; 0; 49; 600; 30; 450; 5; 0; 0; 0; 8; 0; 115; 95; 0; 0; 110; 127; 0; 0; 9999
1976;10; 0; 0; 0; 0; 0; 6; 0; 0; 20; 241; 0; 0; 0; 0; 0; 0; 0; 8; 6; 95; 113; 0; 0; 24; 426; 0; 49; 51; 0; 4; 0
1976;11; 215; 0; 0; 0; 378; 255; 0; 0; 0; 0; 0; 0; 65; 0; 0; 0; 246; 0; 303; 111; 82; 139; 0; 0; 5; 27; 80; 0; 0; 0; 9999
1976;12; 0; 185; 105; 0; 0; 17; 0; 0; 427; 0; 0; 151; 56; 0; 125; 246; 233; 77; 0; 0; 117; 2; 59; 20; 120; 295; 135; 327; 0; 68; 0
1977;01; 390; 165; 20; 0; 540; 106; 456; 0; 0; 0; 0; 0; 0; 0; 301; 0; 114; 128; 350; 2290; 194; 0; 14; 38; 90; 354; 239; 40; 526; 5; 158
1977;02; 2; 0; 8; 0; 0; 0; 0; 0; 0; 0; 0; 0; 0; 0; 0; 15; 0; 0; 0; 0; 0; 0; 0; 248; 0; 111; 0; 0; 9999; 9999; 9999
1977;03; 0; 0; 0; 0; 10; 134; 4; 0; 33; 77; 85; 0; 0; 0; 0; 0; 40; 0; 130; 234; 81; 291; 22; 32; 10; 5; 0; 0; 241; 6; 16
1977;04; 19; 0; 0; 176; 303; 0; 0; 0; 178; 375; 30; 0; 0; 0; 0; 0; 0; 0; 144; 356; 152; 52; 0; 0; 0; 0; 0; 0; 0; 0; 9999
1977;05; 0; 0; 2; 0; 0; 0; 0; 0; 0; 0; 0; 0; 0; 0; 0; 0; 9; 0; 0; 0; 0; 0; 0; 0; 0; 0; 0; 0; 0; 0; 0
1977;06; 0; 27; 0; 29; 243; 30; 0; 0; 0; 0; 0; 0; 0; 0; 0; 0; 0; 0; 0; 0; 0; 0; 0; 0; 103; 0; 0; 0; 0; 0; 9999
1977;07; 0; 0; 0; 0; 0; 0; 0; 0; 0; 0; 0; 0; 0; 0; 0; 0; 0; 0; 50; 0; 0; 0; 0; 0; 31; 0; 0; 0; 0; 0; 0
1977;08; 0; 0; 0; 0; 0; 0; 0; 0; 0; 0; 0; 0; 0; 0; 0; 0; 0; 0; 0; 4; 0; 0; 0; 0; 0; 0; 0; 0; 11; 263; 97
1977;09; 0; 165; 0; 0; 0; 25; 201; 43; 0; 0; 0; 0; 0; 0; 0; 0; 0; 0; 16; 0; 75; 15; 0; 166; 69; 0; 0; 0; 0; 0; 9999
1977;10; 0; 398; 0; 0; 0; 115; 0; 0; 0; 0; 0; 0; 20; 10; 0; 0; 0; 0; 2; 14; 0; 0; 0; 0; 0; 0; 57; 315; 0; 0; 0
1977;11; 0; 102; 0; 0; 0; 0; 0; 0; 0; 0; 12; 250; 12; 52; 262; 34; 257; 0; 50; 302; 0; 0; 14; 7; 55; 95; 0; 312; 469; 66; 9999
1977;12; 150; 176; 177; 70; 64; 3; 0; 232; 0; 16; 71; 6; 0; 0; 51; 71; 0; 0; 192; 114; 62; 255; 454; 196; 0; 7; 2; 0; 0; 0; 0
1978;01; 0; 0; 350; 2; 7; 31; 148; 35; 1; 164; 24; 141; 99; 159; 138; 183; 191; 0; 0; 0; 0; 52; 0; 0; 0; 0; 88; 0; 0; 0; 0
1978;02; 0; 0; 0; 0; 0; 0; 0; 31; 36; 0; 0; 363; 0; 0; 0; 31; 40; 0; 10; 31; 394; 107; 8; 0; 58; 0; 21; 0; 9999; 9999; 9999
1978;03; 0; 0; 10; 370; 233; 0; 70; 46; 54; 7; 0; 0; 0; 0; 0; 0; 0; 0; 0; 98; 0; 0; 0; 0; 44; 0; 323; 3; 122; 89; 0
1978;04; 0; 2; 0; 0; 0; 0; 0; 0; 0; 74; 50; 0; 0; 0; 0; 125; 91; 83; 0; 0; 0; 37; 184; 0; 0; 0; 0; 0; 0; 0; 9999
1978;05; 12; 0; 0; 0; 2; 0; 0; 0; 0; 0; 0; 0; 0; 0; 0; 0; 146; 47; 215; 0; 164; 31; 316; 0; 0; 0; 0; 1; 0; 303; 1
1978;06; 14; 0; 0; 2; 0; 0; 0; 0; 205; 8; 0; 0; 0; 0; 0; 0; 0; 0; 0; 0; 0; 0; 0; 0; 0; 0; 0; 0; 0; 0; 9999
1978;07; 0; 0; 0; 0; 0; 0; 0; 0; 0; 0; 0; 0; 0; 0; 0; 249; 0; 39; 7; 0; 97; 127; 14; 5; 0; 0; 0; 0; 0; 0; 0
1978;08; 0; 0; 0; 0; 0; 0; 0; 0; 0; 0; 0; 0; 0; 9; 4; 0; 0; 0; 0; 0; 0; 0; 0; 0; 0; 0; 0; 0; 0; 0; 12
1978;09; 0; 3; 1; 0; 0; 43; 5; 9; 15; 0; 0; 0; 0; 0; 0; 0; 577; 58; 0; 0; 0; 0; 0; 0; 0; 0; 0; 0; 0; 0; 9999
1978;10; 0; 0; 0; 0; 0; 0; 0; 0; 0; 0; 3; 2; 0; 101; 0; 0; 13; 0; 247; 102; 0; 0; 0; 0; 0; 0; 6; 36; 2; 81; 0
1978;11; 132; 0; 0; 346; 324; 189; 0; 0; 0; 70; 117; 202; 245; 0; 0; 0; 441; 254; 0; 0; 0; 82; 359; 31; 72; 0; 169; 456; 0; 0; 9999
1978;12; 0; 0; 0; 0; 48; 0; 152; 87; 366; 423; 0; 7; 0; 0; 75; 240; 51; 55; 0; 0; 0; 0; 78; 0; 0; 0; 326; 541; 56; 2; 10
1979;01; 36; 2; 120; 71; 65; 75; 0; 0; 0; 0; 0; 6; 0; 0; 0; 0; 0; 12; 40; 0; 31; 309; 0; 0; 0; 55; 0; 18; 212; 139; 2
1979;02; 131; 2; 0; 0; 0; 0; 0; 0; 10; 123; 2; 25; 610; 486; 95; 12; 11; 85; 0; 6; 0; 26; 134; 0; 0; 0; 39; 6; 9999; 9999; 9999
1979;03; 0; 0; 81; 0; 0; 0; 0; 0; 0; 39; 133; 0; 27; 68; 215; 0; 0; 126; 201; 40; 13; 0; 0; 0; 206; 0; 0; 0; 0; 0; 0
1979;04; 9; 0; 0; 60; 20; 5; 61; 3; 0; 0; 0; 0; 0; 0; 0; 0; 0; 0; 0; 0; 0; 0; 0; 0; 0; 0; 0; 12; 46; 235; 9999
1979;05; 16; 3; 0; 122; 170; 0; 12; 284; 13; 0; 0; 0; 0; 0; 0; 0; 0; 0; 0; 0; 0; 0; 0; 22; 0; 0; 0; 0; 0; 360; 14
1979;06; 0; 0; 0; 0; 0; 0; 0; 0; 0; 0; 0; 0; 0; 0; 0; 0; 0; 0; 0; 0; 0; 0; 0; 0; 0; 0; 0; 0; 0; 0; 9999
1979;07; 0; 0; 0; 2; 0; 0; 0; 0; 0; 0; 0; 0; 0; 0; 0; 0; 0; 0; 0; 360; 0; 0; 0; 0; 144; 0; 0; 0; 0; 0; 0
1979;08; 0; 0; 0; 0; 0; 0; 0; 0; 0; 0; 0; 0; 35; 0; 0; 0; 0; 0; 80; 196; 0; 0; 0; 0; 0; 0; 29; 0; 0; 0; 0
1979;09; 0; 0; 281; 226; 11; 0; 0; 0; 0; 0; 17; 25; 0; 149; 390; 234; 13; 130; 0; 0; 0; 0; 312; 0; 0; 0; 0; 0; 0; 0; 9999
1979;10; 0; 0; 0; 0; 0; 0; 0; 0; 171; 0; 0; 121; 279; 153; 64; 61; 0; 0; 0; 0; 0; 0; 0; 0; 0; 0; 0; 63; 0; 7; 0
1979;11; 161; 13; 289; 17; 0; 0; 0; 19; 165; 17; 104; 0; 0; 255; 0; 0; 0; 0; 101; 12; 0; 0; 0; 0; 71; 272; 4; 0; 0; 0; 9999
1979;12; 0; 3; 256; 146; 524; 0; 0; 5; 19; 0; 36; 0; 399; 23; 69; 41; 0; 0; 0; 259; 83; 20; 38; 55; 41; 403; 305; 185; 0; 0; 31
1980;01; 413; 0; 0; 0; 0; 0; 0; 192; 274; 25; 878; 129; 162; 12; 17; 3; 0; 100; 198; 36; 74; 13; 159; 2; 307; 185; 241; 3; 0; 0; 33
1980;02; 33; 979; 0; 0; 0; 0; 0; 35; 232; 0; 0; 0; 47; 164; 0; 7; 2; 321; 375; 41; 0; 0; 182; 35; 347; 0; 163; 421; 0; 9999; 9999
1980;03; 0; 0; 0; 0; 0; 0; 0; 0; 9; 0; 8; 162; 46; 145; 0; 156; 105; 0; 39; 1; 0; 0; 0; 0; 0; 0; 0; 0; 0; 0; 0
1980;04; 0; 0; 309; 257; 291; 157; 12; 0; 0; 0; 154; 0; 5; 234; 0; 5; 0; 0; 0; 0; 0; 0; 0; 0; 0; 0; 0; 0; 0; 0; 9999
1980;05; 17; 8; 31; 61; 0; 0; 0; 0; 0; 0; 0; 0; 0; 0; 0; 0; 0; 0; 3; 0; 0; 0; 10; 0; 0; 0; 0; 0; 0; 0; 0
1980;06; 0; 0; 1; 69; 0; 0; 0; 0; 0; 0; 0; 0; 0; 131; 0; 0; 0; 0; 0; 0; 0; 71; 0; 0; 0; 596; 224; 0; 0; 0; 9999
1980;07; 0; 0; 0; 0; 0; 0; 0; 0; 0; 0; 0; 0; 0; 0; 0; 0; 0; 0; 0; 0; 0; 0; 0; 0; 0; 0; 0; 0; 0; 0; 4
1980;08; 0; 0; 0; 0; 0; 0; 11; 0; 0; 0; 0; 0; 0; 0; 0; 0; 0; 0; 0; 0; 0; 0; 0; 0; 0; 0; 11; 0; 0; 0; 0
1980;09; 0; 0; 0; 0; 0; 0; 0; 0; 0; 0; 0; 246; 14; 7; 0; 0; 0; 35; 109; 3; 176; 139; 0; 0; 0; 0; 0; 0; 71; 0; 9999
1980;10; 0; 0; 0; 0; 0; 0; 0; 31; 274; 112; 0; 449; 4; 0; 0; 0; 0; 0; 0; 0; 0; 0; 0; 0; 0; 0; 0; 0; 0; 0; 6
1980;11; 0; 0; 0; 0; 0; 0; 0; 598; 74; 97; 27; 239; 96; 0; 0; 0; 0; 0; 0; 314; 0; 0; 66; 236; 110; 0; 0; 0; 4; 706; 9999
1980;12; 289; 299; 106; 151; 46; 83; 6; 22; 0; 0; 43; 3; 60; 547; 177; 0; 0; 0; 0; 0; 0; 161; 109; 17; 191; 61; 85; 35; 203; 233; 427
1981;01; 0; 17; 0; 189; 0; 0; 41; 77; 5; 11; 159; 161; 178; 358; 348; 246; 45; 0; 13; 0; 47; 75; 17; 0; 192; 189; 121; 8; 0; 0; 0
1981;02; 0; 0; 275; 15; 0; 0; 78; 0; 3; 142; 49; 12; 45; 41; 0; 0; 0; 0; 0; 78; 15; 8; 0; 0; 0; 0; 0; 0; 9999; 9999; 9999
1981;03; 0; 0; 0; 0; 241; 0; 71; 0; 95; 0; 0; 0; 0; 0; 0; 5; 126; 749; 4; 0; 0; 0; 0; 0; 0; 0; 0; 5; 96; 461; 80
1981;04; 0; 0; 0; 0; 0; 0; 0; 0; 0; 0; 0; 0; 0; 0; 0; 279; 5; 0; 0; 0; 0; 0; 0; 0; 32; 0; 0; 183; 0; 0; 9999
1981;05; 0; 0; 20; 0; 0; 0; 0; 0; 0; 0; 0; 0; 0; 0; 0; 0; 0; 0; 0; 0; 0; 0; 0; 0; 0; 0; 0; 0; 127; 2; 0
1981;06; 0; 0; 0; 0; 0; 0; 315; 3; 0; 0; 0; 0; 0; 0; 0; 187; 262; 3; 0; 0; 2; 0; 0; 0; 0; 0; 0; 0; 0; 0; 9999
1981;07; 0; 0; 0; 0; 0; 0; 0; 0; 0; 0; 0; 0; 0; 0; 0; 0; 0; 0; 1; 0; 0; 0; 0; 0; 3; 0; 0; 0; 0; 0; 0
1981;08; 0; 0; 0; 0; 0; 0; 0; 0; 0; 0; 0; 65; 0; 0; 0; 0; 0; 15; 5; 0; 0; 0; 0; 0; 0; 0; 0; 0; 0; 0; 0
1981;09; 0; 0; 0; 20; 13; 0; 0; 0; 0; 0; 0; 0; 0; 0; 0; 0; 0; 0; 0; 0; 0; 0; 0; 0; 0; 211; 0; 9; 0; 0; 9999
1981;10; 0; 0; 4; 12; 5; 0; 4; 41; 0; 0; 76; 21; 85; 0; 0; 374; 0; 0; 0; 1072; 46; 0; 0; 0; 6; 0; 114; 0; 46; 0; 8
1981;11; 4; 0; 58; 457; 71; 0; 0; 0; 110; 310; 36; 45; 259; 85; 247; 0; 185; 0; 0; 275; 1; 0; 111; 0; 0; 0; 0; 0; 0; 177; 9999
1981;12; 643; 7; 2; 2; 129; 29; 118; 383; 294; 248; 29; 418; 149; 0; 0; 41; 588; 81; 44; 41; 0; 187; 3; 23; 0; 51; 45; 192; 0; 4; 0
1982;01; 0; 25; 333; 7; 49; 0; 0; 0; 41; 61; 178; 395; 24; 0; 0; 0; 0; 0; 0; 103; 78; 28; 327; 75; 81; 28; 0; 65; 323; 0; 0
1982;02; 0; 1; 104; 0; 4; 341; 140; 4; 469; 0; 0; 0; 0; 0; 0; 0; 0; 0; 0; 0; 0; 0; 0; 139; 4; 0; 8; 61; 9999; 9999; 9999
1982;03; 2; 135; 59; 32; 0; 0; 0; 0; 434; 487; 221; 147; 3; 132; 0; 135; 0; 59; 191; 31; 0; 440; 164; 5; 10; 20; 22; 50; 0; 19; 82
1982;04; 38; 0; 0; 0; 0; 0; 0; 0; 0; 0; 0; 0; 0; 5; 231; 254; 0; 0; 0; 0; 0; 0; 0; 0; 0; 0; 0; 0; 0; 0; 9999
1982;05; 0; 0; 0; 0; 0; 0; 0; 0; 0; 0; 0; 0; 0; 0; 0; 0; 0; 0; 7; 1; 0; 0; 0; 0; 29; 382; 0; 0; 0; 0; 180
1982;06; 11; 0; 0; 0; 41; 0; 0; 0; 0; 0; 0; 0; 48; 0; 0; 0; 208; 0; 0; 0; 0; 12; 0; 0; 148; 20; 118; 0; 0; 43; 9999
1982;07; 1; 0; 0; 0; 0; 0; 0; 0; 0; 0; 0; 0; 0; 60; 0; 0; 0; 0; 290; 0; 0; 0; 0; 0; 0; 0; 0; 0; 0; 24; 0
1982;08; 0; 0; 0; 0; 2; 0; 0; 0; 0; 0; 45; 25; 0; 0; 0; 0; 0; 0; 14; 0; 0; 0; 0; 0; 0; 0; 0; 39; 169; 0; 0
1982;09; 0; 0; 0; 0; 0; 12; 0; 0; 0; 0; 0; 0; 0; 0; 0; 0; 0; 0; 0; 20; 0; 0; 30; 0; 0; 0; 0; 363; 0; 0; 9999
1982;10; 0; 38; 258; 21; 0; 6; 16; 61; 55; 163; 281; 0; 181; 344; 0; 0; 0; 0; 176; 0; 12; 0; 0; 59; 0; 0; 355; 115; 256; 43; 33
1982;11; 0; 0; 0; 0; 0; 0; 0; 25; 0; 0; 516; 79; 0; 0; 61; 41; 0; 0; 1; 367; 3; 10; 159; 3; 0; 31; 200; 0; 120; 0; 9999
1982;12; 41; 0; 9999; 0; 0; 225; 358; 55; 81; 0; 33; 189; 450; 126; 9999; 478; 232; 43; 95; 0; 17; 231; 225; 485; 64; 0; 0; 21; 125; 55; 2
1983;01; 31; 7; 0; 0; 170; 70; 88; 2; 392; 29; 0; 14; 12; 294; 219; 51; 166; 217; 220; 741; 102; 0; 0; 81; 15; 291; 0; 3; 2; 16; 272
1983;02; 355; 403; 525; 0; 0; 0; 0; 55; 30; 132; 2; 221; 350; 0; 0; 0; 0; 0; 316; 0; 0; 0; 0; 0; 129; 0; 0; 159; 9999; 9999; 9999
1983;03; 0; 4; 14; 4; 0; 259; 302; 281; 0; 0; 0; 0; 71; 2; 0; 0; 0; 35; 233; 9999; 40; 13; 0; 0; 0; 0; 111; 10; 110; 0; 0
1983;04; 115; 2; 135; 0; 0; 24; 388; 0; 0; 0; 66; 68; 282; 0; 0; 0; 0; 0; 0; 2; 76; 32; 0; 0; 315; 72; 11; 0; 211; 0; 9999
1983;05; 0; 0; 0; 0; 0; 0; 0; 91; 71; 0; 0; 0; 17; 194; 0; 0; 0; 0; 0; 157; 23; 0; 61; 140; 20; 0; 0; 0; 255; 195; 739
1983;06; 36; 135; 70; 24; 78; 0; 121; 0; 4; 312; 0; 0; 0; 0; 0; 0; 0; 0; 0; 0; 0; 0; 0; 0; 0; 0; 0; 0; 6; 0; 9999
1983;07; 0; 0; 0; 0; 0; 0; 0; 0; 0; 0; 0; 0; 0; 0; 0; 0; 0; 158; 188; 69; 135; 0; 0; 0; 0; 0; 0; 0; 0; 0; 0
1983;08; 0; 15; 0; 0; 0; 0; 0; 0; 0; 0; 0; 0; 0; 0; 0; 0; 0; 0; 0; 0; 0; 0; 0; 0; 0; 0; 0; 0; 0; 0; 0
1983;09; 0; 0; 4; 0; 0; 229; 294; 253; 35; 0; 0; 0; 186; 0; 0; 139; 43; 245; 413; 103; 0; 0; 22; 343; 11; 0; 0; 0; 0; 0; 9999
1983;10; 0; 117; 0; 0; 0; 0; 0; 6; 0; 0; 0; 278; 12; 129; 124; 0; 0; 40; 175; 0; 6; 72; 720; 390; 0; 0; 0; 0; 0; 0; 0
1983;11; 651; 10; 61; 0; 100; 0; 0; 0; 0; 0; 21; 417; 366; 4; 6; 22; 0; 0; 0; 96; 38; 101; 49; 0; 0; 0; 0; 0; 0; 0; 9999
1983;12; 0; 0; 198; 34; 0; 0; 184; 0; 24; 100; 191; 409; 758; 651; 298; 31; 154; 51; 0; 28; 155; 74; 223; 217; 5; 13; 41; 316; 0; 0; 31
1984;01; 0; 45; 121; 23; 34; 70; 0; 0; 0; 229; 0; 0; 0; 0; 0; 0; 0; 0; 0; 130; 10; 521; 135; 65; 266; 71; 214; 245; 11; 0; 0
1984;02; 0; 0; 0; 0; 0; 0; 343; 0; 0; 0; 0; 0; 0; 0; 27; 0; 47; 2; 0; 0; 0; 0; 0; 0; 41; 0; 0; 0; 0; 9999; 9999
1984;03; 0; 8; 54; 164; 0; 4; 72; 25; 28; 21; 176; 11; 0; 4; 0; 0; 0; 0; 0; 0; 0; 91; 0; 0; 0; 0; 0; 0; 0; 51; 0
1984;04; 0; 0; 51; 84; 7; 0; 0; 5; 0; 54; 0; 0; 0; 0; 0; 0; 101; 0; 0; 3; 0; 0; 0; 0; 0; 0; 81; 31; 608; 71; 9999
1984;05; 4; 19; 73; 0; 0; 0; 0; 0; 0; 0; 0; 5; 0; 11; 59; 0; 0; 327; 0; 0; 0; 0; 0; 0; 0; 0; 0; 0; 0; 0; 0
1984;06; 0; 0; 0; 0; 0; 0; 0; 0; 0; 0; 0; 0; 0; 0; 0; 0; 0; 0; 0; 0; 0; 0; 0; 0; 0; 0; 0; 0; 0; 0; 9999
1984;07; 0; 0; 0; 0; 0; 0; 0; 0; 0; 0; 0; 0; 0; 0; 0; 0; 0; 0; 0; 0; 0; 0; 0; 0; 0; 0; 0; 0; 0; 0; 0
1984;08; 0; 0; 171; 232; 0; 0; 0; 0; 0; 0; 0; 0; 0; 0; 0; 0; 0; 0; 0; 150; 98; 0; 608; 61; 0; 0; 0; 0; 0; 22; 0
1984;09; 0; 0; 0; 0; 0; 0; 146; 31; 181; 0; 0; 0; 0; 0; 0; 0; 133; 0; 24; 164; 115; 0; 0; 0; 0; 6; 290; 0; 0; 0; 9999
1984;10; 0; 0; 14; 0; 0; 0; 0; 0; 0; 0; 0; 0; 0; 0; 0; 16; 0; 50; 10; 53; 0; 0; 0; 0; 54; 0; 0; 0; 0; 0; 1
1984;11; 0; 0; 0; 0; 0; 23; 0; 0; 0; 190; 13; 210; 12; 0; 0; 0; 63; 30; 202; 196; 0; 0; 215; 0; 71; 180; 2; 0; 28; 0; 9999
1984;12; 13; 579; 19; 0; 0; 0; 11; 191; 341; 16; 13; 50; 301; 256; 331; 51; 77; 387; 0; 0; 0; 0; 0; 0; 53; 64; 2; 1; 45; 65; 235
1985;01; 128; 2; 0; 0; 0; 0; 52; 630; 603; 0; 0; 0; 0; 11; 0; 0; 423; 38; 94; 209; 108; 16; 198; 15; 109; 388; 2; 5; 0; 14; 445
1985;02; 169; 5; 0; 0; 0; 0; 0; 234; 0; 0; 77; 40; 251; 0; 72; 0; 0; 0; 0; 0; 0; 58; 43; 63; 32; 46; 3; 33; 9999; 9999; 9999
1985;03; 372; 160; 77; 0; 0; 61; 145; 237; 0; 0; 151; 72; 0; 0; 0; 461; 141; 225; 12; 0; 0; 0; 0; 0; 0; 0; 0; 16; 0; 0; 25
1985;04; 0; 0; 0; 0; 0; 50; 0; 0; 8; 0; 0; 385; 4; 0; 0; 134; 303; 327; 8; 0; 0; 0; 0; 0; 0; 9; 11; 0; 0; 0; 9999
1985;05; 45; 5; 0; 0; 0; 0; 0; 0; 0; 0; 5; 0; 0; 0; 0; 0; 0; 0; 0; 0; 0; 308; 0; 0; 0; 0; 0; 0; 0; 0; 0
1985;06; 0; 0; 0; 12; 0; 0; 0; 0; 0; 0; 0; 0; 0; 0; 0; 0; 0; 0; 0; 0; 0; 0; 0; 0; 0; 0; 0; 0; 0; 0; 9999
1985;07; 0; 0; 0; 0; 0; 0; 0; 13; 0; 0; 0; 0; 0; 0; 0; 0; 0; 0; 0; 0; 0; 0; 0; 0; 0; 0; 0; 0; 0; 0; 0
1985;08; 0; 0; 0; 0; 0; 0; 0; 0; 0; 0; 0; 0; 0; 0; 0; 0; 0; 0; 0; 0; 0; 0; 77; 0; 0; 0; 0; 0; 0; 0; 1
1985;09; 41; 0; 0; 37; 16; 75; 165; 0; 0; 0; 0; 0; 0; 0; 0; 0; 0; 0; 0; 0; 3; 0; 0; 78; 0; 0; 0; 0; 0; 9; 9999
1985;10; 0; 0; 0; 0; 0; 0; 0; 19; 0; 64; 0; 0; 0; 0; 0; 0; 0; 15; 0; 0; 10; 0; 0; 0; 30; 20; 0; 0; 260; 0; 0
1985;11; 0; 467; 436; 450; 85; 0; 0; 0; 0; 0; 0; 0; 0; 0; 0; 0; 0; 0; 0; 42; 169; 5; 0; 16; 50; 37; 20; 75; 0; 2; 9999
1985;12; 0; 0; 357; 181; 0; 0; 0; 0; 0; 0; 0; 50; 0; 0; 127; 49; 4; 89; 0; 0; 0; 51; 1; 179; 5; 39; 355; 209; 0; 0; 0
1986;01; 0; 0; 584; 0; 151; 71; 10; 119; 40; 59; 67; 1227; 167; 123; 250; 0; 2; 63; 0; 0; 0; 232; 8; 360; 0; 94; 249; 0; 0; 0; 0
1986;02; 0; 2; 6; 10; 0; 0; 5; 0; 184; 18; 0; 13; 292; 19; 59; 136; 0; 107; 975; 175; 21; 0; 0; 0; 0; 0; 10; 146; 9999; 9999; 9999
1986;03; 18; 0; 27; 255; 147; 50; 72; 60; 61; 8; 0; 0; 0; 0; 0; 0; 34; 0; 361; 0; 281; 0; 0; 29; 44; 0; 25; 0; 4; 304; 2
1986;04; 0; 0; 0; 0; 0; 0; 0; 7; 0; 0; 0; 0; 0; 69; 450; 195; 0; 0; 0; 0; 0; 5; 161; 0; 0; 0; 14; 40; 0; 0; 9999
1986;05; 0; 0; 0; 0; 0; 0; 0; 105; 454; 65; 11; 0; 215; 55; 1; 0; 0; 0; 129; 0; 0; 0; 0; 0; 0; 89; 0; 0; 0; 0; 107
1986;06; 0; 0; 0; 0; 0; 0; 0; 0; 0; 0; 0; 0; 0; 0; 0; 0; 0; 0; 0; 0; 0; 0; 0; 0; 0; 0; 0; 0; 0; 0; 9999
1986;07; 0; 0; 0; 26; 2; 0; 0; 0; 0; 0; 0; 0; 0; 0; 0; 0; 0; 0; 0; 0; 0; 0; 264; 159; 30; 0; 0; 0; 0; 0; 0
1986;08; 41; 0; 0; 0; 0; 0; 0; 0; 0; 0; 0; 0; 7; 0; 1; 204; 21; 0; 0; 0; 7; 463; 94; 63; 136; 71; 0; 0; 0; 0; 0
1986;09; 0; 0; 0; 0; 0; 0; 0; 0; 0; 0; 0; 0; 0; 0; 0; 0; 0; 0; 0; 0; 0; 0; 0; 0; 0; 8; 5; 0; 193; 0; 9999
1986;10; 0; 0; 0; 0; 0; 0; 0; 0; 8; 0; 37; 0; 0; 0; 0; 0; 0; 0; 0; 15; 185; 316; 37; 0; 0; 0; 0; 0; 0; 0; 0
1986;11; 0; 0; 548; 25; 10; 33; 41; 11; 0; 15; 230; 368; 0; 0; 0; 0; 0; 0; 0; 0; 4; 0; 0; 19; 0; 4; 0; 21; 235; 88; 9999
1986;12; 98; 131; 149; 9; 281; 1; 54; 49; 480; 71; 0; 0; 0; 525; 71; 107; 123; 15; 0; 0; 0; 14; 188; 0; 61; 630; 259; 53; 220; 370; 0
1987;01; 0; 321; 193; 336; 124; 0; 0; 0; 0; 50; 181; 15; 0; 4; 0; 9; 0; 263; 32; 14; 0; 46; 201; 167; 84; 56; 296; 533; 425; 7; 109
1987;02; 0; 0; 0; 135; 60; 0; 0; 0; 0; 419; 0; 0; 193; 112; 29; 70; 46; 0; 0; 0; 0; 0; 192; 28; 0; 360; 0; 0; 9999; 9999; 9999
1987;03; 0; 0; 5; 0; 0; 0; 0; 103; 153; 211; 21; 0; 0; 0; 23; 99; 0; 0; 26; 5; 0; 0; 0; 0; 0; 0; 0; 0; 31; 0; 0
1987;04; 0; 23; 42; 10; 457; 14; 237; 0; 0; 55; 0; 19; 40; 26; 0; 0; 0; 0; 0; 0; 526; 12; 0; 0; 0; 0; 0; 0; 0; 33; 9999
1987;05; 0; 0; 0; 0; 2; 53; 0; 97; 252; 0; 0; 70; 0; 0; 0; 234; 0; 5; 2; 136; 0; 106; 0; 0; 90; 0; 0; 0; 21; 0; 0
1987;06; 0; 0; 0; 0; 0; 0; 70; 0; 0; 0; 0; 0; 0; 0; 0; 45; 4; 0; 0; 0; 0; 0; 97; 0; 0; 0; 0; 0; 0; 0; 9999
1987;07; 0; 0; 0; 0; 0; 0; 0; 0; 57; 54; 0; 0; 0; 0; 0; 0; 0; 0; 0; 0; 0; 0; 0; 0; 0; 0; 0; 0; 0; 6; 0
1987;08; 0; 0; 0; 0; 0; 0; 50; 0; 0; 0; 0; 0; 0; 0; 0; 0; 0; 0; 0; 0; 0; 0; 0; 0; 0; 0; 0; 0; 0; 0; 0
1987;09; 0; 0; 0; 0; 0; 64; 6; 4; 0; 0; 113; 13; 0; 0; 0; 0; 0; 0; 153; 0; 0; 141; 92; 66; 0; 0; 0; 96; 0; 0; 9999
1987;10; 0; 185; 10; 0; 0; 295; 0; 0; 0; 0; 0; 0; 0; 0; 0; 306; 3; 5; 0; 5; 5; 0; 0; 75; 36; 0; 0; 127; 0; 0; 90
1987;11; 0; 0; 0; 0; 0; 111; 11; 0; 3; 0; 0; 0; 0; 0; 121; 1287; 410; 0; 0; 0; 0; 18; 0; 0; 546; 36; 9; 0; 0; 0; 9999
1987;12; 0; 15; 0; 61; 74; 114; 586; 0; 110; 99; 45; 0; 0; 65; 0; 0; 0; 27; 137; 0; 81; 0; 0; 0; 0; 0; 0; 17; 32; 35; 0
1988;01; 210; 0; 0; 0; 508; 183; 356; 155; 208; 135; 261; 35; 23; 10; 37; 0; 32; 0; 0; 0; 0; 35; 0; 0; 0; 0; 45; 24; 18; 31; 0
1988;02; 423; 5; 0; 0; 40; 140; 142; 51; 138; 112; 138; 0; 0; 0; 21; 85; 178; 74; 457; 121; 124; 0; 0; 0; 0; 0; 107; 17; 0; 9999; 9999
1988;03; 697; 57; 357; 33; 79; 0; 0; 0; 0; 0; 0; 0; 0; 0; 0; 0; 55; 242; 320; 0; 0; 0; 0; 0; 0; 0; 0; 0; 0; 0; 0
1988;04; 0; 5; 5; 0; 51; 0; 0; 229; 110; 0; 0; 0; 46; 270; 0; 0; 41; 104; 0; 28; 0; 9; 0; 46; 0; 0; 0; 0; 218; 0; 9999
1988;05; 0; 0; 0; 0; 0; 68; 0; 0; 0; 0; 0; 0; 0; 0; 0; 20; 41; 269; 0; 0; 0; 0; 0; 0; 46; 0; 0; 0; 0; 501; 68
1988;06; 0; 0; 0; 220; 8; 0; 0; 0; 0; 0; 0; 0; 0; 0; 90; 0; 0; 0; 0; 0; 0; 0; 0; 0; 0; 0; 0; 0; 0; 0; 9999
1988;07; 0; 0; 0; 0; 0; 0; 0; 0; 0; 45; 0; 0; 0; 0; 0; 0; 0; 0; 0; 0; 0; 0; 0; 0; 0; 0; 0; 0; 0; 0; 0
1988;08; 0; 0; 0; 0; 0; 0; 0; 0; 0; 0; 0; 0; 0; 0; 0; 0; 0; 0; 0; 0; 0; 0; 0; 0; 0; 0; 0; 0; 0; 0; 0
1988;09; 0; 0; 0; 0; 0; 0; 0; 0; 0; 0; 0; 0; 0; 0; 0; 0; 0; 28; 0; 0; 0; 0; 0; 0; 0; 0; 0; 0; 0; 10; 9999
1988;10; 0; 0; 0; 0; 8; 110; 261; 0; 0; 0; 0; 31; 0; 0; 0; 0; 0; 10; 0; 201; 0; 0; 95; 263; 0; 501; 100; 0; 0; 0; 120
1988;11; 12; 40; 10; 5; 0; 0; 1; 112; 4; 0; 0; 0; 20; 51; 20; 0; 0; 0; 0; 275; 32; 0; 31; 7; 0; 0; 77; 4; 0; 0; 9999
1988;12; 0; 37; 0; 0; 0; 0; 0; 0; 0; 0; 10; 40; 0; 360; 0; 0; 0; 0; 0; 239; 263; 160; 0; 315; 70; 136; 0; 0; 190; 0; 173
1989;01; 0; 0; 18; 41; 40; 175; 71; 311; 160; 149; 7; 145; 9; 98; 141; 157; 15; 33; 0; 1; 41; 61; 0; 0; 20; 0; 0; 51; 50; 0; 0
1989;02; 0; 0; 343; 0; 4; 0; 0; 120; 20; 151; 251; 184; 0; 0; 115; 0; 601; 71; 15; 0; 70; 14; 0; 78; 68; 100; 0; 15; 9999; 9999; 9999
1989;03; 51; 4; 46; 40; 0; 0; 0; 0; 39; 0; 0; 0; 0; 473; 79; 149; 15; 21; 0; 0; 0; 0; 0; 0; 0; 0; 86; 20; 0; 0; 0
1989;04; 0; 0; 55; 0; 0; 0; 0; 0; 0; 0; 0; 226; 81; 55; 125; 0; 0; 0; 5; 0; 0; 0; 0; 0; 0; 0; 0; 0; 21; 0; 9999
1989;05; 0; 2; 0; 161; 5; 81; 0; 0; 0; 0; 0; 0; 0; 0; 0; 0; 0; 0; 0; 0; 0; 0; 0; 0; 0; 0; 0; 0; 0; 0; 0
1989;06; 0; 0; 0; 0; 0; 0; 0; 60; 0; 0; 150; 9; 0; 0; 0; 0; 0; 0; 0; 0; 0; 0; 0; 0; 45; 0; 0; 0; 0; 0; 9999
1989;07; 0; 0; 0; 0; 0; 0; 0; 0; 0; 0; 0; 0; 0; 0; 0; 0; 0; 0; 0; 0; 0; 0; 0; 0; 0; 0; 0; 52; 255; 64; 301
1989;08; 7; 0; 0; 0; 0; 17; 0; 0; 0; 0; 0; 0; 0; 0; 0; 0; 0; 0; 0; 0; 0; 22; 24; 0; 0; 0; 161; 61; 0; 0; 0
1989;09; 4; 98; 0; 0; 0; 0; 40; 0; 81; 305; 0; 15; 0; 127; 215; 0; 0; 0; 0; 0; 0; 0; 0; 0; 0; 0; 72; 21; 7; 0; 9999
1989;10; 0; 0; 0; 30; 10; 0; 0; 0; 0; 0; 0; 235; 8; 0; 0; 12; 0; 0; 0; 0; 0; 82; 42; 0; 0; 0; 158; 0; 0; 0; 0
1989;11; 0; 0; 0; 95; 0; 0; 0; 0; 110; 180; 0; 257; 245; 0; 0; 0; 0; 0; 0; 56; 168; 488; 344; 32; 277; 0; 0; 175; 0; 0; 9999
1989;12; 0; 0; 0; 0; 0; 51; 0; 0; 0; 0; 171; 245; 630; 315; 275; 281; 0; 0; 0; 579; 5; 0; 0; 0; 0; 0; 118; 90; 27; 196; 286
1990;01; 245; 378; 380; 271; 98; 42; 18; 0; 0; 0; 157; 75; 67; 0; 0; 0; 0; 0; 0; 0; 0; 0; 200; 246; 0; 0; 16; 75; 0; 0; 0
1990;02; 0; 0; 0; 0; 0; 57; 0; 11; 0; 0; 0; 0; 45; 75; 273; 68; 0; 0; 0; 0; 0; 29; 268; 10; 226; 80; 150; 288; 9999; 9999; 9999
1990;03; 225; 0; 29; 0; 0; 0; 75; 0; 11; 0; 0; 0; 0; 0; 0; 0; 25; 55; 0; 360; 0; 155; 133; 96; 0; 0; 189; 419; 55; 0; 0
1990;04; 0; 0; 0; 0; 0; 0; 0; 0; 7; 19; 0; 0; 0; 0; 3; 4; 32; 68; 1; 48; 0; 0; 0; 0; 0; 0; 0; 0; 0; 0; 9999
1990;05; 19; 35; 90; 0; 0; 0; 151; 0; 0; 0; 212; 50; 0; 0; 0; 101; 98; 31; 0; 0; 0; 0; 0; 0; 0; 0; 0; 0; 0; 0; 0
1990;06; 0; 0; 0; 0; 0; 0; 0; 0; 0; 0; 0; 0; 0; 0; 5; 0; 0; 0; 0; 0; 25; 0; 0; 0; 0; 0; 0; 0; 0; 0; 9999
1990;07; 0; 0; 0; 0; 0; 15; 0; 0; 0; 3; 46; 0; 0; 24; 0; 0; 64; 0; 0; 0; 0; 0; 0; 0; 0; 0; 0; 26; 0; 0; 0
1990;08; 0; 0; 0; 0; 0; 0; 0; 0; 0; 0; 0; 0; 0; 0; 0; 0; 104; 89; 81; 109; 202; 0; 0; 31; 0; 0; 0; 165; 0; 0; 0
1990;09; 0; 341; 0; 0; 0; 0; 0; 0; 0; 0; 0; 0; 0; 152; 14; 0; 0; 0; 0; 0; 0; 0; 0; 42; 0; 0; 0; 0; 0; 4; 9999
1990;10; 74; 226; 14; 0; 0; 0; 0; 0; 0; 0; 0; 0; 135; 0; 0; 0; 65; 141; 0; 309; 62; 0; 0; 0; 0; 0; 0; 0; 0; 0; 46
1990;11; 0; 137; 25; 12; 76; 244; 0; 3; 9; 0; 0; 0; 0; 0; 13; 41; 81; 8; 20; 0; 0; 15; 0; 63; 11; 0; 16; 93; 0; 0; 9999
1990;12; 0; 0; 0; 0; 0; 0; 10; 0; 83; 0; 245; 359; 122; 277; 77; 0; 1; 0; 8; 256; 82; 0; 0; 0; 35; 363; 0; 0; 0; 0; 0
1991;01; 0; 0; 0; 72; 114; 44; 0; 0; 0; 0; 355; 154; 72; 25; 101; 88; 172; 0; 52; 0; 194; 0; 0; 417; 0; 221; 232; 213; 152; 140; 85
1991;02; 81; 211; 31; 0; 321; 213; 24; 82; 122; 361; 640; 0; 43; 22; 0; 32; 77; 21; 42; 0; 0; 0; 0; 0; 0; 0; 0; 19; 9999; 9999; 9999
1991;03; 119; 461; 140; 517; 158; 56; 39; 0; 0; 0; 0; 72; 304; 549; 0; 0; 0; 0; 0; 0; 0; 52; 44; 0; 8; 115; 135; 227; 221; 211; 368
1991;04; 136; 0; 0; 0; 0; 0; 0; 28; 36; 0; 0; 0; 0; 32; 0; 36; 0; 14; 116; 15; 0; 0; 0; 0; 20; 546; 90; 15; 0; 0; 9999
1991;05; 0; 0; 0; 0; 0; 0; 0; 150; 0; 0; 0; 0; 0; 0; 9; 42; 0; 0; 0; 0; 0; 8; 0; 0; 0; 0; 0; 0; 0; 0; 0
1991;06; 0; 0; 0; 0; 0; 0; 0; 0; 0; 0; 0; 0; 0; 0; 0; 0; 0; 0; 0; 0; 0; 0; 3; 0; 21; 0; 0; 0; 0; 0; 9999
1991;07; 0; 42; 0; 0; 0; 0; 0; 0; 0; 0; 0; 69; 0; 15; 1; 0; 0; 0; 0; 0; 0; 0; 0; 0; 0; 0; 0; 0; 0; 0; 0
1991;08; 0; 0; 0; 0; 0; 0; 0; 0; 0; 0; 0; 0; 0; 0; 0; 0; 0; 0; 0; 0; 0; 0; 0; 0; 0; 0; 0; 0; 0; 0; 0
1991;09; 0; 0; 5; 0; 0; 0; 0; 0; 0; 0; 0; 0; 0; 0; 0; 0; 0; 0; 8; 165; 0; 0; 0; 0; 0; 86; 0; 0; 152; 56; 9999
1991;10; 429; 0; 406; 0; 0; 0; 326; 50; 8; 0; 0; 0; 0; 0; 0; 0; 51; 159; 0; 171; 0; 0; 0; 0; 0; 0; 2; 17; 0; 0; 0
1991;11; 70; 290; 109; 0; 0; 0; 0; 0; 55; 28; 0; 0; 0; 0; 68; 0; 0; 30; 0; 0; 0; 0; 0; 0; 0; 15; 0; 0; 208; 141; 9999
1991;12; 3; 0; 0; 0; 68; 0; 46; 191; 91; 68; 104; 554; 301; 0; 44; 761; 162; 212; 56; 214; 0; 101; 6; 0; 0; 0; 63; 323; 0; 0; 5
1992;01; 99; 66; 0; 0; 0; 58; 0; 0; 0; 0; 0; 0; 3; 163; 0; 0; 0; 327; 10; 46; 0; 268; 678; 14; 0; 47; 3; 0; 0; 115; 395
1992;02; 75; 20; 25; 175; 38; 56; 48; 0; 58; 5; 0; 0; 0; 0; 0; 0; 0; 0; 0; 0; 0; 0; 58; 105; 0; 110; 0; 11; 31; 9999; 9999
1992;03; 46; 141; 0; 17; 0; 3; 33; 0; 67; 25; 3; 261; 0; 0; 0; 261; 594; 149; 0; 10; 10; 0; 0; 81; 241; 0; 0; 10; 39; 0; 49
1992;04; 34; 0; 0; 0; 0; 0; 0; 0; 0; 0; 0; 0; 152; 151; 0; 0; 0; 0; 0; 128; 98; 4; 8; 64; 0; 54; 105; 0; 0; 0; 9999
1992;05; 0; 175; 0; 332; 0; 0; 75; 0; 0; 0; 0; 0; 12; 0; 0; 0; 0; 0; 0; 0; 0; 0; 58; 79; 0; 0; 0; 0; 0; 0; 0
1992;06; 0; 0; 0; 0; 0; 0; 0; 0; 0; 0; 0; 0; 0; 0; 0; 0; 0; 0; 0; 0; 0; 0; 0; 0; 0; 0; 0; 0; 0; 0; 9999
1992;07; 0; 0; 0; 0; 0; 0; 0; 92; 371; 0; 0; 0; 0; 0; 0; 0; 0; 0; 0; 0; 0; 0; 0; 0; 0; 0; 0; 0; 0; 0; 0
1992;08; 0; 0; 0; 0; 0; 0; 0; 0; 0; 0; 0; 0; 16; 0; 0; 0; 0; 0; 7; 0; 0; 0; 0; 62; 0; 0; 0; 0; 0; 0; 0
1992;09; 0; 4; 0; 65; 0; 92; 62; 0; 0; 0; 0; 0; 52; 0; 62; 491; 0; 339; 71; 0; 0; 0; 0; 0; 0; 45; 47; 152; 0; 0; 9999
1992;10; 3; 474; 236; 0; 0; 0; 0; 3; 237; 0; 0; 472; 55; 7; 0; 0; 0; 0; 3; 25; 0; 0; 0; 91; 0; 0; 4; 78; 851; 61; 91
1992;11; 0; 21; 45; 4; 287; 0; 39; 0; 58; 652; 0; 0; 0; 556; 0; 0; 143; 97; 0; 0; 0; 282; 628; 0; 256; 0; 0; 47; 0; 0; 9999
1992;12; 3; 422; 0; 0; 0; 0; 0; 28; 0; 0; 141; 615; 0; 0; 0; 0; 0; 84; 0; 0; 143; 0; 19; 0; 0; 69; 0; 0; 0; 0; 0
1993;01; 0; 0; 12; 8; 51; 20; 87; 0; 113; 406; 250; 71; 0; 0; 0; 0; 0; 12; 2; 427; 0; 0; 0; 65; 38; 0; 0; 0; 0; 0; 137
1993;02; 0; 0; 0; 260; 150; 128; 42; 111; 67; 0; 47; 120; 0; 0; 160; 233; 0; 0; 0; 0; 0; 275; 140; 81; 177; 303; 11; 0; 9999; 9999; 9999
1993;03; 0; 19; 0; 99; 261; 0; 0; 0; 0; 0; 0; 0; 0; 0; 0; 0; 0; 75; 18; 0; 0; 0; 75; 115; 181; 0; 0; 0; 139; 0; 19
1993;04; 50; 110; 0; 23; 0; 35; 0; 0; 555; 0; 0; 0; 0; 0; 44; 0; 0; 0; 0; 0; 0; 0; 0; 254; 0; 0; 0; 0; 0; 0; 9999
1993;05; 0; 0; 26; 12; 35; 156; 0; 0; 0; 0; 0; 0; 0; 0; 82; 0; 0; 0; 0; 0; 0; 0; 0; 0; 0; 0; 0; 0; 0; 0; 585
1993;06; 49; 0; 0; 0; 78; 28; 90; 0; 83; 0; 0; 0; 0; 0; 0; 0; 0; 0; 120; 0; 0; 0; 0; 0; 0; 0; 0; 0; 0; 0; 9999
1993;07; 0; 0; 0; 0; 0; 0; 0; 0; 0; 0; 0; 0; 0; 0; 0; 44; 0; 0; 0; 0; 0; 0; 0; 0; 0; 0; 0; 0; 0; 0; 2
1993;08; 0; 15; 6; 0; 0; 0; 0; 0; 0; 0; 10; 0; 0; 0; 0; 35; 0; 0; 0; 147; 0; 0; 0; 95; 148; 0; 0; 0; 0; 0; 0
1993;09; 0; 0; 0; 0; 0; 0; 0; 101; 11; 0; 0; 0; 0; 0; 89; 182; 74; 0; 0; 24; 0; 521; 164; 0; 31; 0; 209; 116; 0; 0; 9999
1993;10; 0; 0; 0; 0; 21; 52; 0; 0; 0; 0; 0; 0; 0; 0; 0; 0; 40; 5; 10; 79; 15; 0; 0; 124; 29; 22; 0; 0; 0; 0; 0
1993;11; 0; 0; 0; 0; 0; 0; 484; 0; 185; 0; 0; 0; 0; 0; 0; 0; 0; 0; 186; 11; 0; 57; 0; 145; 440; 262; 0; 0; 0; 0; 9999
1993;12; 0; 82; 20; 18; 72; 0; 0; 0; 59; 5; 2; 72; 0; 0; 0; 252; 22; 45; 0; 175; 12; 0; 0; 19; 150; 41; 0; 41; 430; 90; 30
1994;01; 0; 137; 15; 81; 21; 0; 0; 42; 26; 627; 40; 15; 0; 0; 3; 25; 0; 0; 176; 3; 136; 303; 501; 44; 33; 41; 61; 0; 0; 0; 85
1994;02; 0; 0; 0; 0; 0; 176; 0; 49; 23; 0; 0; 0; 675; 3; 0; 181; 0; 0; 0; 88; 0; 0; 0; 16; 0; 263; 61; 155; 9999; 9999; 9999
1994;03; 14; 404; 131; 3; 3; 2; 5; 21; 0; 0; 125; 221; 0; 0; 0; 0; 0; 0; 0; 341; 152; 0; 133; 0; 193; 0; 351; 36; 0; 0; 0
1994;04; 55; 21; 0; 0; 0; 0; 4; 0; 0; 0; 0; 0; 0; 0; 38; 0; 68; 0; 0; 0; 0; 32; 121; 0; 0; 0; 0; 0; 0; 0; 9999
1994;05; 0; 0; 0; 0; 0; 0; 0; 0; 0; 0; 0; 0; 75; 198; 621; 18; 0; 0; 0; 0; 0; 0; 0; 0; 0; 0; 42; 0; 0; 0; 0
1994;06; 0; 0; 0; 0; 16; 0; 0; 0; 0; 0; 0; 0; 0; 0; 0; 0; 0; 0; 0; 0; 0; 0; 102; 0; 0; 62; 0; 0; 0; 0; 9999
1994;07; 0; 0; 0; 0; 0; 0; 0; 0; 64; 0; 0; 0; 0; 0; 0; 0; 0; 0; 0; 0; 0; 0; 49; 31; 0; 0; 0; 0; 0; 0; 0
1994;08; 0; 0; 0; 0; 0; 0; 0; 0; 0; 0; 0; 0; 0; 0; 0; 0; 0; 0; 0; 0; 0; 0; 0; 0; 0; 0; 0; 0; 0; 0; 0
1994;09; 0; 0; 0; 0; 0; 0; 0; 0; 0; 0; 0; 0; 0; 0; 0; 0; 0; 0; 0; 0; 0; 0; 0; 0; 0; 0; 0; 0; 0; 0; 9999
1994;10; 208; 0; 0; 0; 0; 0; 208; 41; 0; 0; 0; 0; 0; 12; 0; 91; 5; 2; 0; 19; 111; 55; 36; 0; 179; 0; 87; 61; 0; 187; 0
1994;11; 0; 0; 415; 0; 0; 57; 0; 23; 0; 29; 0; 0; 305; 230; 229; 9; 0; 0; 205; 28; 0; 0; 0; 0; 0; 0; 0; 127; 168; 70; 9999
1994;12; 0; 0; 33; 0; 0; 145; 21; 7; 0; 0; 0; 43; 0; 0; 0; 12; 175; 450; 189; 0; 0; 0; 1395; 504; 0; 0; 91; 94; 0; 0; 47
1995;01; 9; 36; 192; 498; 196; 0; 0; 0; 105; 131; 282; 14; 0; 0; 0; 0; 0; 0; 91; 0; 95; 6; 475; 0; 0; 0; 11; 0; 237; 255; 7
1995;02; 265; 63; 85; 575; 463; 0; 827; 295; 217; 45; 78; 41; 193; 75; 530; 603; 104; 2; 90; 231; 348; 0; 0; 0; 0; 0; 0; 0; 9999; 9999; 9999
1995;03; 0; 0; 0; 142; 225; 0; 0; 0; 14; 13; 23; 0; 15; 61; 191; 26; 0; 0; 0; 0; 0; 144; 0; 3; 365; 0; 0; 0; 0; 21; 177
1995;04; 43; 631; 0; 0; 0; 0; 0; 0; 0; 0; 0; 41; 21; 0; 0; 0; 0; 0; 0; 65; 30; 0; 0; 0; 0; 0; 0; 0; 0; 0; 9999
1995;05; 0; 0; 0; 0; 0; 120; 265; 6; 0; 0; 235; 0; 0; 0; 0; 0; 0; 0; 0; 0; 0; 0; 0; 0; 0; 0; 0; 0; 0; 0; 0
1995;06; 0; 0; 0; 0; 0; 0; 0; 0; 0; 0; 0; 0; 0; 0; 0; 0; 0; 17; 3; 0; 0; 0; 0; 0; 0; 172; 0; 0; 0; 0; 9999
1995;07; 0; 0; 0; 0; 0; 0; 0; 0; 0; 89; 21; 0; 0; 0; 0; 0; 0; 0; 0; 0; 0; 202; 0; 0; 0; 0; 0; 0; 0; 0; 0
1995;08; 0; 0; 0; 0; 0; 0; 0; 0; 0; 0; 0; 0; 0; 0; 0; 0; 0; 0; 0; 0; 0; 0; 0; 0; 0; 0; 0; 0; 0; 0; 0
1995;09; 0; 0; 0; 0; 0; 0; 0; 0; 0; 0; 0; 0; 0; 0; 0; 0; 0; 0; 46; 7; 0; 0; 0; 0; 33; 0; 44; 0; 0; 0; 9999
1995;10; 18; 0; 0; 0; 0; 0; 0; 11; 0; 51; 0; 0; 69; 488; 403; 5; 385; 50; 20; 0; 205; 0; 0; 0; 0; 0; 0; 0; 0; 0; 185
1995;11; 13; 0; 27; 15; 0; 0; 0; 0; 0; 0; 0; 191; 31; 2; 75; 206; 3; 0; 174; 0; 0; 0; 0; 297; 422; 2; 0; 12; 0; 0; 9999
1995;12; 0; 0; 0; 0; 0; 0; 40; 15; 0; 0; 0; 36; 589; 263; 0; 0; 0; 61; 203; 53; 94; 98; 38; 170; 0; 510; 55; 445; 165; 215; 0
1996;01; 0; 220; 329; 296; 0; 337; 121; 41; 266; 160; 260; 162; 125; 1; 0; 0; 0; 35; 109; 1; 1; 193; 0; 164; 258; 0; 0; 341; 0; 0; 0
1996;02; 0; 0; 0; 0; 106; 165; 5; 0; 0; 167; 0; 281; 0; 8; 26; 0; 0; 0; 5; 390; 120; 21; 0; 130; 0; 147; 119; 3; 12; 9999; 9999
1996;03; 0; 0; 0; 57; 62; 179; 0; 595; 375; 395; 0; 86; 45; 53; 145; 51; 39; 40; 177; 11; 0; 0; 9; 0; 0; 0; 0; 12; 42; 0; 0
1996;04; 148; 0; 0; 0; 0; 0; 0; 0; 0; 0; 0; 0; 0; 0; 0; 121; 327; 14; 0; 0; 0; 0; 0; 0; 0; 0; 0; 0; 0; 0; 9999
1996;05; 0; 0; 0; 0; 0; 0; 0; 0; 0; 112; 60; 0; 0; 0; 17; 135; 73; 9999; 9999; 0; 0; 78; 158; 2; 0; 0; 0; 0; 0; 0; 0
1996;06; 0; 0; 0; 0; 0; 0; 0; 0; 0; 0; 0; 0; 0; 0; 0; 0; 0; 0; 0; 0; 0; 0; 0; 0; 0; 0; 0; 71; 215; 0; 9999
1996;07; 0; 0; 0; 0; 0; 0; 0; 0; 0; 0; 0; 0; 0; 0; 0; 0; 0; 0; 0; 0; 0; 0; 0; 0; 0; 0; 0; 0; 0; 0; 0
1996;08; 0; 0; 0; 0; 0; 0; 0; 0; 0; 0; 38; 0; 60; 0; 85; 0; 0; 0; 0; 0; 0; 0; 0; 0; 0; 0; 0; 0; 0; 0; 0
1996;09; 0; 89; 0; 536; 17; 66; 0; 0; 0; 167; 57; 102; 0; 0; 0; 0; 79; 0; 0; 0; 0; 0; 0; 0; 0; 0; 0; 0; 0; 84; 9999
1996;10; 0; 0; 200; 272; 0; 0; 162; 0; 0; 0; 29; 4; 0; 94; 5; 0; 0; 0; 0; 0; 143; 0; 0; 0; 25; 285; 0; 24; 0; 0; 0
1996;11; 410; 0; 363; 116; 0; 0; 0; 0; 0; 0; 0; 0; 0; 0; 0; 3; 155; 205; 155; 265; 212; 535; 115; 0; 0; 0; 0; 0; 0; 0; 9999
1996;12; 3; 0; 124; 22; 0; 148; 0; 0; 257; 0; 84; 205; 3; 201; 41; 0; 610; 162; 0; 0; 303; 70; 33; 63; 0; 199; 0; 81; 120; 288; 35
1997;01; 15; 45; 207; 29; 0; 36; 7; 13; 313; 41; 135; 53; 285; 300; 19; 0; 244; 250; 0; 11; 0; 15; 18; 315; 207; 180; 100; 379; 605; 0; 13
1997;02; 32; 49; 28; 0; 0; 0; 0; 0; 0; 0; 0; 0; 0; 0; 0; 42; 166; 113; 101; 275; 0; 0; 0; 0; 0; 83; 215; 0; 9999; 9999; 9999
1997;03; 0; 197; 83; 91; 10; 51; 45; 34; 40; 0; 0; 0; 0; 0; 43; 10; 15; 0; 0; 0; 0; 0; 0; 0; 0; 0; 0; 0; 0; 0; 11
1997;04; 191; 12; 0; 0; 10; 0; 0; 0; 0; 0; 0; 0; 0; 0; 0; 0; 0; 0; 0; 0; 35; 0; 0; 0; 0; 0; 0; 0; 0; 0; 9999
1997;05; 0; 0; 0; 0; 0; 0; 0; 0; 0; 0; 0; 0; 0; 0; 0; 5; 0; 0; 0; 0; 0; 0; 247; 0; 493; 0; 0; 0; 360; 0; 31
1997;06; 0; 0; 0; 158; 28; 365; 3; 0; 0; 0; 0; 95; 0; 18; 160; 325; 0; 0; 0; 0; 14; 0; 0; 0; 0; 0; 0; 0; 0; 0; 9999
1997;07; 0; 0; 0; 0; 0; 0; 0; 0; 0; 0; 0; 0; 0; 0; 0; 0; 0; 0; 0; 0; 0; 143; 0; 0; 0; 0; 0; 0; 0; 0; 0
1997;08; 0; 0; 0; 0; 0; 0; 0; 0; 0; 0; 0; 0; 0; 0; 0; 0; 0; 0; 0; 0; 0; 0; 0; 0; 0; 0; 0; 0; 0; 0; 0
1997;09; 0; 0; 0; 0; 0; 0; 0; 0; 0; 0; 0; 0; 0; 135; 48; 0; 0; 0; 0; 0; 193; 0; 0; 0; 4; 12; 12; 0; 0; 3; 9999
1997;10; 0; 19; 0; 0; 0; 50; 69; 0; 0; 0; 0; 0; 0; 0; 0; 0; 25; 0; 0; 54; 150; 173; 0; 0; 0; 2; 130; 0; 0; 0; 0
1997;11; 110; 0; 0; 0; 82; 349; 249; 2; 0; 0; 0; 1; 0; 36; 31; 36; 29; 187; 169; 0; 0; 282; 0; 0; 0; 48; 90; 16; 120; 0; 9999
1997;12; 0; 140; 145; 3; 0; 0; 395; 165; 63; 0; 0; 0; 0; 258; 130; 17; 22; 0; 81; 24; 2; 35; 0; 0; 112; 162; 20; 0; 15; 633; 0
