33
Ano,Mes,1,2,3,4,5,6,7,8,9,10,11,12,13,14,15,16,17,18,19,20,21,22,23,24,25,26,27,28,29,30,31
1936;11; 0; 50; 163; 272; 473; 0; 0; 0; 83; 0; 196; 0; 0; 0; 0; 0; 270; 311; 76; 11; 0; 0; 773; 585; 292; 43; 0; 0; 0; 0; 9999
1936;12; 25; 15; 593; 0; 0; 3; 0; 0; 0; 0; 342; 41; 170; 265; 970; 999; 65; 0; 172; 391; 0; 0; 0; 0; 1; 316; 74; 344; 17; 0; 415
1937;01; 6; 13; 81; 394; 11; 521; 1257; 489; 2; 0; 13; 163; 153; 133; 136; 8; 0; 194; 0; 0; 0; 0; 0; 31; 0; 137; 0; 0; 0; 0; 152
1937;02; 0; 12; 58; 27; 0; 217; 0; 0; 55; 0; 0; 0; 0; 0; 364; 4; 0; 0; 0; 97; 0; 0; 0; 37; 0; 0; 0; 912; 9999; 9999; 9999
1937;03; 95; 26; 236; 6; 0; 53; 46; 0; 0; 0; 86; 5; 0; 0; 0; 26; 101; 0; 0; 0; 50; 2; 0; 0; 0; 140; 0; 0; 0; 0; 0
1937;04; 0; 0; 0; 80; 927; 3; 62; 61; 84; 11; 0; 0; 0; 0; 226; 86; 0; 0; 0; 0; 0; 0; 0; 0; 0; 0; 0; 0; 3; 0; 9999
1937;05; 315; 0; 0; 0; 0; 0; 0; 0; 0; 0; 0; 0; 0; 0; 0; 117; 0; 0; 0; 0; 0; 0; 0; 0; 0; 0; 0; 0; 25; 0; 0
1937;06; 322; 0; 0; 0; 80; 182; 1; 0; 0; 0; 0; 0; 0; 0; 0; 0; 0; 0; 0; 0; 0; 0; 0; 0; 0; 0; 0; 0; 0; 0; 9999
1937;07; 9999; 9999; 9999; 9999; 9999; 9999; 9999; 9999; 9999; 9999; 9999; 9999; 9999; 9999; 9999; 9999; 9999; 9999; 9999; 9999; 9999; 9999; 9999; 9999; 9999; 9999; 9999; 9999; 9999; 9999; 9999
1937;08; 0; 0; 0; 0; 0; 0; 0; 0; 0; 0; 0; 0; 0; 0; 0; 0; 0; 0; 0; 0; 0; 0; 0; 55; 0; 0; 0; 0; 135; 0; 0
1937;09; 0; 0; 0; 0; 0; 0; 0; 0; 0; 0; 0; 0; 0; 0; 0; 0; 0; 0; 0; 0; 0; 0; 0; 0; 0; 0; 0; 0; 0; 0; 9999
1937;10; 185; 6; 0; 94; 38; 0; 303; 0; 101; 0; 63; 0; 0; 16; 461; 2; 0; 0; 62; 135; 0; 0; 0; 0; 765; 172; 0; 0; 0; 0; 0
1937;11; 641; 257; 0; 0; 0; 0; 110; 0; 328; 0; 0; 0; 0; 0; 0; 130; 321; 0; 0; 0; 0; 0; 527; 0; 0; 13; 0; 150; 0; 55; 9999
1937;12; 35; 26; 180; 167; 67; 0; 368; 0; 0; 158; 83; 0; 0; 0; 260; 346; 176; 0; 0; 122; 0; 0; 0; 0; 9; 176; 40; 0; 713; 333; 382
1938;01; 0; 0; 0; 0; 242; 0; 47; 0; 0; 0; 0; 70; 63; 455; 188; 452; 33; 71; 18; 0; 0; 0; 0; 0; 0; 25; 0; 120; 56; 0; 0
1938;02; 0; 0; 317; 0; 0; 215; 0; 0; 38; 0; 27; 0; 451; 30; 0; 97; 333; 0; 23; 0; 0; 48; 17; 0; 0; 82; 0; 0; 9999; 9999; 9999
1938;03; 423; 0; 0; 57; 0; 29; 0; 0; 0; 0; 0; 0; 142; 0; 0; 0; 40; 40; 270; 0; 189; 0; 0; 22; 0; 0; 0; 0; 0; 0; 0
1938;04; 0; 0; 0; 0; 120; 0; 65; 1; 0; 195; 0; 0; 0; 0; 0; 0; 0; 0; 0; 0; 0; 0; 0; 0; 0; 0; 0; 0; 0; 0; 9999
1938;05; 9999; 0; 0; 0; 0; 0; 0; 0; 0; 0; 0; 0; 0; 0; 0; 0; 0; 0; 0; 0; 0; 0; 0; 0; 0; 0; 0; 0; 0; 0; 0
1938;06; 9999; 0; 0; 0; 0; 0; 0; 0; 0; 0; 0; 0; 0; 0; 0; 0; 0; 0; 0; 0; 0; 0; 0; 0; 0; 0; 0; 0; 0; 0; 9999
1938;07; 9999; 9999; 9999; 9999; 9999; 9999; 9999; 9999; 9999; 9999; 9999; 9999; 9999; 9999; 9999; 9999; 9999; 9999; 9999; 9999; 9999; 9999; 9999; 9999; 9999; 9999; 9999; 9999; 9999; 9999; 9999
1938;08; 9999; 0; 0; 0; 0; 0; 0; 0; 0; 0; 0; 0; 0; 0; 0; 0; 0; 0; 0; 0; 0; 0; 0; 0; 0; 0; 0; 0; 0; 0; 0
1938;09; 9999; 0; 0; 0; 0; 0; 0; 0; 0; 0; 0; 0; 0; 0; 0; 0; 0; 0; 0; 0; 0; 0; 0; 0; 0; 0; 0; 0; 0; 0; 9999
1938;10; 9999; 9999; 9999; 9999; 9999; 9999; 9999; 9999; 9999; 9999; 9999; 9999; 9999; 9999; 9999; 9999; 9999; 9999; 9999; 9999; 9999; 9999; 9999; 9999; 9999; 9999; 9999; 9999; 9999; 9999; 9999
1938;11; 9999; 9999; 9999; 9999; 9999; 9999; 9999; 9999; 9999; 9999; 9999; 9999; 9999; 9999; 9999; 9999; 9999; 9999; 9999; 9999; 9999; 9999; 9999; 9999; 9999; 9999; 9999; 9999; 9999; 9999; 9999
1938;12; 9999; 9999; 9999; 9999; 9999; 9999; 9999; 9999; 9999; 9999; 9999; 9999; 9999; 9999; 9999; 9999; 9999; 9999; 9999; 9999; 9999; 9999; 9999; 9999; 9999; 9999; 9999; 9999; 9999; 9999; 9999
1939;01; 9999; 9999; 9999; 9999; 9999; 9999; 9999; 9999; 9999; 9999; 9999; 9999; 9999; 9999; 9999; 9999; 9999; 9999; 9999; 9999; 9999; 9999; 9999; 9999; 9999; 9999; 9999; 9999; 9999; 9999; 9999
1939;02; 9999; 9999; 9999; 9999; 9999; 9999; 9999; 9999; 9999; 9999; 9999; 9999; 9999; 9999; 9999; 9999; 9999; 9999; 9999; 9999; 9999; 9999; 9999; 9999; 9999; 9999; 9999; 9999; 9999; 9999; 9999
1939;03; 9999; 9999; 9999; 9999; 9999; 9999; 9999; 9999; 9999; 9999; 9999; 9999; 9999; 9999; 9999; 9999; 9999; 9999; 9999; 9999; 9999; 9999; 9999; 9999; 9999; 9999; 9999; 9999; 9999; 9999; 9999
1939;04; 9999; 9999; 9999; 9999; 9999; 9999; 9999; 9999; 9999; 9999; 9999; 9999; 9999; 9999; 9999; 9999; 9999; 9999; 9999; 9999; 9999; 9999; 9999; 9999; 9999; 9999; 9999; 9999; 9999; 9999; 9999
1939;05; 9999; 9999; 9999; 9999; 9999; 9999; 9999; 9999; 9999; 9999; 9999; 9999; 9999; 9999; 9999; 9999; 9999; 9999; 9999; 9999; 9999; 9999; 9999; 9999; 9999; 9999; 9999; 9999; 9999; 9999; 9999
1939;06; 9999; 9999; 9999; 9999; 9999; 9999; 9999; 9999; 9999; 9999; 9999; 9999; 9999; 9999; 9999; 9999; 9999; 9999; 9999; 9999; 9999; 9999; 9999; 9999; 9999; 9999; 9999; 9999; 9999; 9999; 9999
1939;07; 9999; 9999; 9999; 9999; 9999; 9999; 9999; 9999; 9999; 9999; 9999; 9999; 9999; 9999; 9999; 9999; 9999; 9999; 9999; 9999; 9999; 9999; 9999; 9999; 9999; 9999; 9999; 9999; 9999; 9999; 9999
1939;08; 9999; 9999; 9999; 9999; 9999; 9999; 9999; 9999; 9999; 9999; 9999; 9999; 9999; 9999; 9999; 9999; 9999; 9999; 9999; 9999; 9999; 9999; 9999; 9999; 9999; 9999; 9999; 9999; 9999; 9999; 9999
1939;09; 9999; 9999; 9999; 9999; 9999; 9999; 9999; 9999; 9999; 9999; 9999; 9999; 9999; 9999; 9999; 9999; 9999; 9999; 9999; 9999; 9999; 9999; 9999; 9999; 9999; 9999; 9999; 9999; 9999; 9999; 9999
1939;10; 9999; 9999; 9999; 9999; 9999; 9999; 9999; 9999; 9999; 9999; 9999; 9999; 9999; 9999; 9999; 9999; 9999; 9999; 9999; 9999; 9999; 9999; 9999; 9999; 9999; 9999; 9999; 9999; 9999; 9999; 9999
1939;11; 9999; 9999; 9999; 9999; 9999; 9999; 9999; 9999; 9999; 9999; 9999; 9999; 9999; 9999; 9999; 9999; 9999; 9999; 9999; 9999; 9999; 9999; 9999; 9999; 9999; 9999; 9999; 9999; 9999; 9999; 9999
1939;12; 9999; 9999; 9999; 9999; 9999; 9999; 9999; 9999; 9999; 9999; 9999; 9999; 9999; 9999; 9999; 9999; 9999; 9999; 9999; 9999; 9999; 9999; 9999; 9999; 9999; 9999; 9999; 9999; 9999; 9999; 9999
1940;01; 9999; 9999; 9999; 9999; 9999; 9999; 9999; 9999; 9999; 9999; 9999; 9999; 9999; 9999; 9999; 9999; 9999; 9999; 9999; 9999; 9999; 9999; 9999; 9999; 9999; 9999; 9999; 9999; 9999; 9999; 9999
1940;02; 9999; 9999; 9999; 9999; 9999; 9999; 9999; 9999; 9999; 9999; 9999; 9999; 9999; 9999; 9999; 9999; 9999; 9999; 9999; 9999; 9999; 9999; 9999; 9999; 9999; 9999; 9999; 9999; 9999; 9999; 9999
1940;03; 9999; 0; 0; 0; 0; 0; 0; 0; 0; 0; 0; 0; 0; 0; 0; 0; 0; 0; 0; 0; 0; 0; 0; 0; 0; 0; 0; 0; 0; 0; 0
1940;04; 9999; 0; 0; 0; 0; 0; 0; 0; 0; 0; 0; 0; 0; 0; 0; 0; 0; 0; 0; 0; 0; 0; 0; 0; 0; 0; 0; 0; 0; 0; 9999
1940;05; 9999; 0; 0; 0; 0; 0; 0; 0; 0; 0; 0; 0; 0; 0; 0; 0; 0; 0; 0; 0; 0; 0; 0; 0; 0; 0; 0; 0; 0; 0; 0
1940;06; 9999; 0; 0; 0; 0; 0; 0; 0; 0; 0; 0; 0; 0; 0; 0; 0; 0; 0; 0; 0; 0; 0; 0; 0; 0; 0; 0; 0; 0; 0; 9999
1940;07; 0; 0; 0; 0; 0; 0; 0; 0; 0; 0; 0; 0; 0; 0; 0; 0; 0; 0; 0; 0; 0; 0; 0; 0; 0; 0; 0; 0; 0; 0; 0
1940;08; 0; 0; 0; 0; 0; 0; 0; 0; 0; 0; 0; 0; 0; 0; 0; 0; 0; 0; 0; 0; 0; 0; 0; 0; 0; 0; 0; 0; 0; 0; 0
1940;09; 0; 0; 0; 0; 0; 0; 0; 0; 0; 0; 0; 0; 0; 0; 0; 0; 0; 0; 0; 0; 0; 20; 0; 0; 140; 0; 0; 0; 0; 0; 9999
1940;10; 0; 0; 0; 0; 0; 0; 0; 0; 0; 13; 0; 407; 0; 0; 0; 0; 0; 0; 5; 0; 230; 4; 0; 0; 194; 0; 0; 0; 65; 95; 1
1940;11; 0; 0; 0; 0; 112; 0; 0; 0; 131; 40; 0; 400; 405; 735; 127; 0; 41; 0; 0; 25; 505; 0; 0; 0; 130; 175; 0; 280; 96; 0; 9999
1940;12; 0; 0; 18; 0; 0; 0; 0; 0; 0; 0; 0; 0; 662; 52; 16; 0; 913; 0; 0; 0; 0; 20; 682; 0; 503; 55; 151; 0; 25; 0; 80
1941;01; 708; 840; 0; 0; 968; 200; 0; 0; 0; 48; 0; 128; 0; 203; 170; 55; 25; 0; 0; 0; 0; 65; 0; 20; 154; 10; 0; 0; 0; 0; 0
1941;02; 0; 0; 0; 0; 0; 0; 0; 0; 0; 0; 0; 0; 0; 0; 0; 0; 102; 10; 0; 0; 0; 0; 84; 0; 0; 78; 100; 0; 9999; 9999; 9999
1941;03; 0; 0; 115; 0; 40; 2; 0; 0; 0; 0; 0; 0; 0; 148; 2; 0; 0; 0; 0; 0; 0; 264; 20; 0; 123; 128; 0; 0; 0; 0; 0
1941;04; 248; 67; 0; 0; 0; 0; 0; 0; 0; 365; 0; 4; 0; 0; 0; 0; 0; 0; 0; 0; 0; 0; 0; 0; 0; 0; 0; 0; 0; 0; 9999
1941;05; 0; 0; 0; 0; 0; 0; 0; 0; 0; 0; 0; 0; 0; 0; 0; 0; 0; 0; 0; 0; 0; 0; 0; 0; 0; 0; 0; 130; 20; 0; 0
1941;06; 0; 0; 0; 0; 0; 0; 0; 0; 0; 0; 0; 0; 0; 0; 0; 0; 0; 0; 0; 0; 0; 0; 0; 0; 0; 0; 0; 0; 0; 0; 9999
1941;07; 0; 0; 0; 0; 0; 0; 0; 0; 0; 0; 0; 0; 0; 0; 0; 0; 0; 0; 0; 0; 0; 0; 0; 0; 0; 0; 0; 0; 0; 0; 0
1941;08; 0; 0; 0; 0; 0; 0; 0; 0; 0; 0; 0; 0; 0; 0; 0; 0; 0; 0; 0; 0; 0; 0; 0; 0; 0; 0; 0; 0; 0; 0; 0
1941;09; 0; 0; 0; 0; 0; 0; 0; 0; 0; 0; 0; 0; 0; 0; 0; 0; 0; 0; 0; 0; 0; 0; 0; 0; 0; 0; 0; 0; 0; 0; 9999
1941;10; 0; 0; 0; 0; 0; 0; 0; 0; 0; 0; 0; 0; 0; 0; 0; 0; 0; 0; 0; 0; 0; 0; 0; 0; 0; 0; 0; 0; 0; 0; 0
1941;11; 0; 0; 0; 0; 0; 0; 0; 0; 0; 0; 0; 0; 0; 0; 0; 0; 0; 0; 0; 0; 0; 0; 0; 0; 0; 0; 75; 0; 0; 0; 9999
1941;12; 103; 202; 0; 0; 30; 0; 0; 0; 164; 0; 0; 22; 0; 0; 0; 50; 0; 500; 0; 104; 130; 100; 74; 122; 0; 0; 0; 0; 306; 5; 0
1942;01; 44; 0; 0; 0; 0; 0; 156; 0; 0; 318; 138; 0; 0; 0; 0; 44; 0; 117; 0; 0; 410; 0; 0; 4; 0; 24; 0; 20; 0; 100; 91
1942;02; 100; 0; 200; 0; 0; 0; 0; 161; 0; 73; 0; 87; 0; 67; 0; 0; 135; 74; 138; 776; 0; 375; 120; 0; 0; 0; 0; 0; 9999; 9999; 9999
1942;03; 0; 368; 335; 0; 90; 207; 10; 5; 0; 159; 225; 7; 132; 360; 0; 0; 0; 0; 0; 0; 0; 167; 0; 0; 17; 43; 0; 0; 0; 0; 144
1942;04; 0; 30; 0; 0; 422; 17; 0; 4; 0; 0; 0; 0; 105; 287; 204; 0; 2; 21; 0; 0; 0; 0; 0; 0; 0; 0; 0; 0; 0; 0; 9999
1942;05; 0; 0; 0; 0; 0; 33; 0; 0; 0; 0; 0; 0; 0; 0; 0; 0; 0; 0; 0; 0; 0; 0; 0; 0; 0; 0; 0; 0; 0; 0; 0
1942;06; 0; 0; 0; 0; 0; 0; 32; 19; 0; 3; 0; 3; 0; 0; 0; 0; 0; 0; 0; 0; 0; 0; 0; 0; 0; 0; 0; 0; 0; 0; 9999
1942;07; 0; 0; 0; 41; 0; 0; 0; 0; 0; 0; 0; 0; 0; 0; 0; 0; 0; 0; 0; 0; 0; 0; 0; 0; 0; 0; 0; 0; 0; 0; 0
1942;08; 0; 0; 0; 0; 0; 0; 0; 0; 0; 0; 0; 0; 0; 0; 0; 0; 0; 0; 0; 0; 0; 0; 0; 0; 0; 0; 0; 0; 0; 0; 0
1942;09; 0; 0; 0; 0; 0; 0; 4; 0; 0; 0; 0; 0; 0; 0; 0; 0; 6; 125; 25; 0; 27; 0; 0; 63; 0; 0; 0; 0; 0; 0; 9999
1942;10; 0; 0; 0; 0; 134; 0; 0; 2; 0; 0; 0; 0; 0; 18; 50; 0; 0; 0; 0; 0; 0; 0; 0; 10; 168; 141; 265; 860; 35; 0; 0
1942;11; 0; 303; 130; 0; 0; 0; 0; 10; 125; 0; 0; 0; 205; 265; 0; 0; 0; 0; 0; 268; 0; 0; 0; 0; 0; 62; 405; 0; 0; 0; 9999
1942;12; 0; 0; 75; 0; 0; 0; 0; 0; 0; 19; 240; 10; 150; 112; 117; 114; 85; 14; 0; 0; 42; 968; 0; 208; 0; 73; 74; 0; 327; 0; 0
1943;01; 0; 0; 0; 85; 22; 0; 56; 307; 146; 138; 0; 0; 0; 355; 386; 0; 0; 0; 493; 700; 0; 38; 47; 0; 515; 479; 0; 27; 58; 38; 0
1943;02; 0; 0; 0; 0; 0; 0; 0; 0; 0; 0; 0; 0; 67; 0; 142; 1003; 0; 257; 103; 0; 0; 20; 142; 0; 0; 0; 0; 0; 9999; 9999; 9999
1943;03; 0; 0; 0; 0; 0; 0; 20; 0; 0; 0; 0; 0; 0; 0; 0; 0; 0; 0; 0; 0; 0; 0; 0; 0; 0; 0; 0; 0; 0; 0; 0
1943;04; 0; 0; 0; 0; 0; 0; 0; 0; 0; 0; 0; 0; 0; 0; 0; 0; 0; 0; 0; 0; 0; 0; 0; 0; 0; 0; 0; 0; 0; 0; 9999
1943;05; 0; 0; 0; 0; 0; 0; 0; 0; 0; 0; 0; 0; 0; 0; 0; 0; 0; 0; 0; 0; 0; 0; 0; 0; 0; 0; 0; 0; 0; 0; 0
1943;06; 0; 0; 0; 0; 0; 0; 0; 0; 0; 0; 0; 0; 0; 0; 0; 0; 0; 0; 0; 0; 0; 0; 0; 0; 0; 0; 0; 0; 0; 0; 9999
1943;07; 0; 0; 0; 0; 0; 0; 0; 0; 0; 0; 0; 0; 0; 0; 0; 0; 0; 0; 0; 0; 0; 0; 0; 0; 0; 0; 0; 0; 0; 0; 0
1943;08; 0; 0; 0; 0; 0; 0; 0; 0; 0; 0; 0; 0; 0; 0; 0; 0; 0; 0; 0; 0; 0; 0; 0; 0; 0; 0; 0; 0; 0; 0; 0
1943;09; 0; 0; 0; 0; 0; 0; 0; 0; 0; 0; 0; 0; 0; 0; 199; 0; 0; 0; 0; 0; 0; 0; 0; 0; 100; 100; 0; 0; 0; 0; 9999
1943;10; 0; 0; 0; 1; 0; 0; 0; 0; 0; 1; 0; 0; 0; 0; 0; 0; 0; 0; 0; 0; 0; 0; 0; 0; 0; 0; 0; 99; 0; 0; 0
1943;11; 0; 0; 0; 0; 0; 0; 0; 0; 0; 0; 0; 0; 0; 0; 0; 0; 0; 309; 203; 0; 0; 0; 0; 105; 0; 0; 0; 0; 0; 2; 9999
1943;12; 0; 0; 180; 0; 0; 2; 0; 0; 5; 0; 0; 7; 0; 0; 38; 0; 0; 140; 0; 0; 0; 0; 0; 2; 0; 0; 33; 0; 0; 115; 0
1944;01; 0; 0; 0; 19; 37; 9999; 0; 209; 0; 0; 0; 202; 0; 1; 0; 9999; 9999; 208; 0; 0; 0; 3; 0; 1; 202; 422; 109; 3; 9999; 9999; 4
1944;02; 0; 0; 3; 8; 0; 3; 0; 3; 0; 5; 0; 3; 0; 0; 8; 9; 184; 3; 0; 101; 182; 9999; 2; 9999; 101; 0; 18; 0; 608; 9999; 9999
1944;03; 608; 8; 0; 0; 208; 0; 3; 0; 3; 3; 0; 0; 203; 5; 3; 203; 35; 3; 202; 3; 3; 3; 3; 3; 3; 0; 3; 3; 0; 3; 3
1944;04; 1; 104; 3; 2; 0; 3; 2; 0; 3; 2; 3; 2; 2; 2; 403; 3; 304; 5; 6; 5; 409; 17; 6; 4; 3; 0; 3; 0; 0; 3; 9999
1944;05; 3; 0; 6; 0; 0; 4; 2; 0; 4; 0; 0; 3; 0; 0; 3; 0; 0; 3; 0; 0; 3; 0; 0; 3; 0; 0; 3; 0; 0; 3; 0
1944;06; 0; 3; 0; 0; 7; 3; 3; 3; 3; 5; 4; 0; 3; 3; 3; 0; 3; 0; 3; 3; 3; 0; 0; 3; 0; 3; 3; 0; 6; 3; 9999
1944;07; 0; 3; 3; 4; 3; 2; 20; 3; 0; 0; 0; 3; 4; 2; 3; 3; 3; 3; 0; 4; 3; 0; 3; 3; 0; 5; 0; 0; 4; 0; 3
1944;08; 3; 3; 3; 3; 3; 3; 3; 3; 3; 3; 3; 3; 3; 3; 3; 3; 3; 3; 3; 3; 3; 3; 3; 3; 3; 9999; 3; 3; 3; 3; 3
1944;09; 9999; 0; 0; 0; 0; 0; 0; 0; 0; 0; 0; 0; 0; 0; 0; 0; 0; 0; 0; 0; 0; 0; 0; 0; 0; 0; 0; 0; 0; 0; 9999
1944;10; 9999; 9999; 9999; 9999; 9999; 9999; 9999; 9999; 9999; 9999; 9999; 9999; 9999; 9999; 9999; 9999; 9999; 9999; 9999; 9999; 9999; 9999; 9999; 9999; 9999; 9999; 9999; 9999; 9999; 9999; 9999
1944;11; 0; 3; 0; 5; 5; 190; 0; 0; 102; 0; 3; 3; 0; 6; 18; 15; 5; 0; 3; 5; 32; 0; 1; 327; 0; 2; 3; 0; 0; 3; 9999
1944;12; 0; 3; 124; 0; 5; 0; 0; 0; 3; 1; 3; 0; 0; 5; 3; 0; 5; 3; 0; 3; 3; 0; 1; 0; 0; 9999; 3; 0; 4; 3; 0
1945;01; 4; 3; 2; 8; 36; 9999; 9999; 96; 5; 5; 3; 3; 5; 5; 5; 9999; 186; 9999; 3; 96; 5; 9999; 4; 3; 9999; 3; 5; 4; 92; 4; 9999
1945;02; 363; 5; 9999; 5; 4; 8; 114; 2; 4; 52; 3; 8; 3; 8; 5; 15; 0; 100; 4; 9999; 9; 9999; 0; 0; 0; 0; 5; 5; 9999; 9999; 9999
1945;03; 9999; 0; 0; 0; 0; 0; 0; 0; 0; 0; 0; 0; 0; 0; 0; 0; 0; 0; 0; 0; 0; 0; 0; 0; 0; 0; 0; 0; 0; 0; 0
1945;04; 4; 3; 3; 2; 3; 2; 3; 2; 3; 3; 2; 4; 3; 2; 3; 3; 2; 3; 3; 3; 3; 3; 0; 3; 3; 0; 3; 3; 0; 8; 9999
1945;05; 4; 2; 3; 4; 3; 3; 4; 3; 2; 4; 4; 4; 3; 3; 3; 3; 3; 4; 4; 3; 3; 4; 2; 2; 2; 2; 2; 2; 3; 3; 3
1945;06; 9999; 0; 0; 0; 0; 0; 0; 0; 0; 0; 0; 0; 0; 0; 0; 0; 0; 0; 0; 0; 0; 0; 0; 0; 0; 0; 0; 0; 0; 0; 9999
1945;07; 0; 0; 2; 0; 0; 3; 0; 0; 3; 0; 0; 3; 0; 0; 3; 0; 0; 5; 0; 2; 5; 0; 2; 0; 0; 2; 0; 0; 2; 0; 0
1945;08; 2; 2; 2; 2; 3; 3; 2; 2; 3; 2; 3; 2; 2; 4; 3; 2; 3; 3; 3; 3; 3; 2; 3; 3; 3; 4; 4; 2; 3; 3; 1
1945;09; 2; 2; 2; 3; 3; 8; 3; 3; 2; 3; 3; 3; 3; 3; 3; 3; 3; 3; 3; 2; 2; 3; 3; 3; 3; 3; 3; 3; 3; 3; 9999
1945;10; 4; 3; 3; 4; 4; 4; 4; 4; 9999; 9999; 4; 3; 4; 9999; 3; 4; 7; 4; 4; 3; 2; 4; 4; 4; 4; 4; 6; 6; 4; 4; 4
1945;11; 5; 0; 4; 4; 4; 7; 3; 5; 5; 3; 3; 9; 3; 3; 3; 3; 5; 3; 9999; 3; 3; 3; 9999; 3; 9999; 4; 9999; 3; 4; 4; 9999
1945;12; 3; 3; 3; 3; 3; 9999; 5; 5; 9999; 9999; 9999; 3; 4; 4; 9999; 9999; 3; 9999; 3; 4; 9999; 4; 4; 4; 3; 6; 9999; 9999; 9999; 9999; 5
1946;01; 3; 5; 4; 4; 4; 4; 9999; 4; 4; 4; 4; 9999; 4; 4; 4; 4; 9999; 9999; 3; 9999; 9999; 4; 4; 9999; 4; 8; 4; 9999; 98; 4; 4
1946;02; 4; 4; 4; 4; 4; 4; 9999; 9999; 4; 4; 4; 4; 4; 9999; 9999; 9999; 4; 4; 4; 3; 3; 5; 9999; 8; 8; 4; 4; 4; 9999; 9999; 9999
1946;03; 4; 4; 4; 105; 3; 3; 4; 4; 4; 4; 9999; 9999; 1; 2; 9999; 8; 4; 9999; 4; 4; 3; 4; 4; 4; 3; 4; 4; 4; 4; 4; 4
1946;04; 4; 9999; 4; 4; 4; 8; 2; 2; 4; 4; 4; 4; 4; 4; 4; 4; 4; 4; 4; 4; 4; 4; 4; 4; 4; 4; 4; 4; 4; 4; 9999
1946;05; 4; 4; 4; 4; 4; 4; 4; 4; 4; 4; 4; 4; 4; 4; 4; 4; 4; 4; 4; 4; 4; 4; 4; 4; 4; 4; 4; 4; 4; 4; 4
1946;06; 0; 0; 0; 0; 0; 0; 0; 0; 0; 0; 0; 0; 0; 0; 0; 109; 0; 0; 0; 0; 0; 0; 0; 0; 0; 0; 0; 0; 0; 0; 9999
1946;07; 0; 0; 0; 0; 0; 0; 4; 0; 0; 0; 0; 0; 17; 0; 0; 312; 0; 0; 0; 0; 0; 0; 0; 0; 0; 0; 0; 0; 0; 0; 0
1946;08; 3; 3; 3; 3; 3; 3; 3; 3; 3; 3; 3; 3; 3; 3; 3; 3; 3; 3; 3; 3; 3; 3; 3; 3; 3; 3; 3; 3; 3; 3; 3
1946;09; 3; 0; 0; 0; 0; 0; 0; 0; 0; 0; 0; 0; 0; 3; 0; 0; 0; 0; 0; 0; 0; 0; 0; 0; 0; 0; 0; 0; 9999; 3; 9999
1946;10; 4; 4; 4; 4; 4; 4; 4; 157; 3; 4; 4; 4; 4; 4; 4; 59; 52; 27; 9999; 26; 4; 9; 9; 4; 4; 4; 4; 4; 4; 4; 9999
1946;11; 46; 10; 7; 0; 0; 0; 0; 9; 44; 0; 0; 0; 0; 0; 0; 8; 0; 0; 0; 126; 0; 0; 0; 0; 1; 7; 1; 0; 1; 94; 9999
1946;12; 1; 0; 0; 0; 0; 1; 8; 139; 210; 1; 0; 0; 0; 0; 0; 147; 180; 303; 0; 118; 0; 407; 491; 68; 458; 25; 0; 6; 34; 2; 62
1947;01; 395; 194; 174; 14; 12; 353; 21; 366; 23; 0; 25; 9; 118; 172; 132; 39; 90; 206; 4; 149; 45; 0; 0; 0; 148; 125; 133; 169; 51; 280; 18
1947;02; 0; 0; 0; 0; 100; 54; 0; 0; 0; 0; 0; 0; 8; 187; 620; 330; 75; 247; 37; 1; 0; 0; 62; 308; 41; 24; 99; 207; 9999; 9999; 9999
1947;03; 151; 209; 226; 7; 343; 375; 41; 215; 136; 41; 130; 9; 0; 490; 396; 452; 0; 33; 112; 128; 0; 0; 0; 7; 0; 412; 57; 0; 0; 0; 0
1947;04; 0; 0; 0; 0; 0; 0; 0; 0; 0; 0; 0; 0; 0; 0; 0; 0; 0; 0; 0; 59; 0; 0; 0; 0; 0; 0; 0; 0; 0; 0; 9999
1947;05; 0; 0; 0; 106; 0; 0; 0; 0; 0; 0; 0; 0; 0; 0; 0; 0; 0; 0; 0; 88; 5; 0; 0; 0; 6; 0; 0; 0; 0; 0; 0
1947;06; 0; 0; 0; 0; 0; 0; 0; 0; 0; 0; 0; 0; 0; 0; 0; 0; 0; 0; 0; 106; 0; 0; 168; 1; 0; 0; 0; 0; 0; 0; 9999
1947;07; 0; 0; 0; 0; 115; 0; 0; 0; 158; 23; 0; 0; 0; 0; 0; 0; 0; 0; 0; 0; 0; 0; 0; 0; 0; 0; 0; 0; 5; 0; 0
1947;08; 29; 24; 0; 0; 0; 0; 0; 0; 0; 0; 0; 2; 0; 0; 0; 0; 0; 0; 0; 0; 0; 0; 0; 0; 0; 0; 0; 140; 252; 0; 0
1947;09; 58; 0; 0; 0; 78; 0; 0; 0; 239; 8; 0; 242; 0; 0; 0; 0; 0; 118; 212; 0; 0; 0; 0; 3; 0; 1; 0; 0; 48; 0; 9999
1947;10; 0; 494; 0; 0; 0; 290; 0; 8; 262; 0; 0; 0; 0; 0; 0; 23; 0; 0; 25; 0; 0; 0; 427; 415; 177; 88; 0; 0; 0; 0; 0
1947;11; 298; 0; 36; 110; 0; 0; 0; 0; 0; 266; 0; 0; 38; 85; 0; 0; 0; 0; 20; 0; 0; 0; 2; 0; 77; 127; 271; 468; 0; 0; 9999
1947;12; 0; 2; 203; 0; 0; 0; 0; 0; 1; 4; 36; 1; 57; 5; 6; 24; 183; 125; 0; 120; 122; 190; 0; 0; 144; 138; 348; 0; 0; 5; 0
1948;01; 0; 18; 8; 0; 0; 0; 0; 0; 310; 2; 297; 156; 401; 3; 78; 600; 99; 15; 0; 0; 217; 0; 0; 0; 110; 11; 0; 38; 0; 38; 0
1948;02; 190; 176; 130; 8; 0; 6; 4; 5; 7; 145; 218; 16; 0; 260; 473; 1; 0; 1; 0; 60; 145; 7; 0; 0; 0; 0; 0; 0; 94; 9999; 9999
1948;03; 101; 0; 0; 0; 0; 29; 0; 0; 0; 0; 502; 297; 24; 120; 462; 42; 2; 162; 0; 106; 0; 0; 18; 15; 4; 228; 0; 0; 0; 0; 0
1948;04; 0; 0; 0; 0; 0; 0; 0; 0; 0; 0; 0; 0; 0; 0; 0; 0; 0; 0; 0; 0; 0; 0; 0; 0; 0; 0; 0; 0; 0; 0; 9999
1948;05; 0; 0; 0; 0; 0; 0; 0; 0; 0; 0; 0; 0; 0; 0; 0; 0; 0; 343; 0; 13; 0; 0; 0; 0; 0; 0; 0; 0; 63; 0; 0
1948;06; 0; 0; 0; 0; 0; 0; 0; 0; 0; 0; 0; 0; 0; 0; 0; 0; 0; 0; 0; 0; 0; 0; 0; 0; 0; 0; 0; 0; 0; 0; 9999
1948;07; 0; 0; 0; 0; 0; 0; 0; 0; 0; 0; 0; 7; 0; 0; 0; 0; 0; 0; 0; 2; 0; 0; 0; 0; 116; 0; 25; 9; 29; 0; 0
1948;08; 0; 0; 23; 0; 0; 0; 0; 31; 0; 0; 0; 13; 0; 0; 0; 0; 0; 0; 0; 0; 0; 0; 0; 0; 0; 0; 0; 30; 0; 0; 0
1948;09; 0; 0; 0; 0; 0; 0; 0; 0; 0; 0; 0; 54; 6; 78; 0; 0; 0; 0; 0; 0; 0; 0; 0; 0; 0; 14; 0; 64; 0; 0; 9999
1948;10; 0; 0; 0; 1; 108; 20; 67; 14; 0; 0; 69; 0; 87; 0; 112; 0; 0; 0; 0; 0; 0; 0; 0; 0; 0; 0; 70; 13; 5; 183; 5
1948;11; 0; 100; 100; 0; 407; 54; 0; 69; 89; 80; 0; 0; 0; 0; 0; 177; 250; 13; 23; 163; 38; 0; 0; 0; 0; 0; 27; 0; 0; 0; 9999
1948;12; 0; 444; 18; 0; 0; 0; 0; 0; 2; 132; 0; 0; 0; 0; 0; 74; 107; 597; 198; 0; 0; 0; 0; 0; 6; 7; 0; 0; 0; 74; 190
1949;01; 0; 0; 0; 0; 0; 0; 0; 0; 155; 32; 12; 110; 183; 613; 0; 0; 0; 948; 10; 0; 0; 0; 0; 74; 100; 268; 0; 74; 43; 0; 1
1949;02; 140; 0; 0; 167; 68; 19; 24; 264; 180; 0; 0; 0; 0; 0; 0; 91; 28; 114; 0; 10; 384; 106; 0; 52; 32; 26; 270; 0; 9999; 9999; 9999
1949;03; 140; 0; 0; 0; 0; 0; 4; 400; 0; 0; 0; 0; 0; 0; 0; 0; 410; 400; 0; 0; 0; 0; 0; 150; 0; 0; 70; 0; 65; 195; 140
1949;04; 16; 65; 9; 0; 0; 153; 0; 0; 0; 28; 0; 30; 0; 0; 0; 0; 0; 0; 0; 0; 0; 0; 43; 44; 210; 0; 0; 0; 0; 0; 9999
1949;05; 0; 0; 0; 0; 196; 0; 60; 0; 0; 0; 0; 212; 0; 0; 0; 0; 0; 0; 0; 0; 0; 0; 0; 0; 0; 0; 0; 0; 0; 0; 0
1949;06; 0; 0; 0; 0; 0; 0; 0; 0; 0; 0; 0; 53; 155; 0; 140; 51; 0; 0; 0; 0; 0; 0; 0; 0; 0; 0; 0; 0; 0; 0; 9999
1949;07; 0; 0; 0; 0; 0; 0; 0; 0; 0; 0; 0; 0; 0; 0; 0; 0; 0; 0; 0; 0; 0; 0; 0; 0; 0; 0; 0; 0; 0; 0; 0
1949;08; 0; 0; 0; 0; 0; 0; 0; 0; 0; 0; 0; 0; 0; 0; 0; 0; 0; 0; 0; 0; 0; 0; 0; 0; 0; 0; 0; 0; 0; 0; 0
1949;09; 0; 0; 0; 0; 0; 0; 0; 0; 0; 0; 0; 0; 0; 0; 0; 0; 0; 0; 0; 0; 0; 0; 0; 0; 0; 0; 0; 0; 0; 0; 9999
1949;10; 0; 120; 0; 138; 0; 0; 6; 6; 0; 0; 0; 0; 0; 0; 0; 1; 70; 0; 0; 0; 2; 120; 0; 0; 0; 110; 0; 274; 70; 0; 0
1949;11; 0; 0; 0; 0; 0; 78; 15; 0; 16; 223; 204; 0; 0; 0; 0; 0; 0; 42; 34; 0; 201; 57; 12; 0; 36; 0; 26; 0; 0; 0; 9999
1949;12; 22; 308; 386; 6; 0; 0; 0; 49; 489; 0; 0; 0; 403; 1; 445; 602; 398; 0; 0; 0; 0; 0; 46; 38; 29; 52; 32; 28; 0; 0; 2
1950;01; 3; 5; 108; 0; 462; 0; 268; 129; 0; 0; 0; 310; 0; 20; 0; 0; 2; 38; 60; 176; 106; 210; 2; 0; 700; 168; 255; 1; 18; 3; 68
1950;02; 0; 0; 0; 248; 11; 0; 33; 34; 19; 498; 101; 350; 197; 19; 0; 47; 31; 144; 32; 62; 151; 58; 89; 77; 0; 1; 1; 0; 9999; 9999; 9999
1950;03; 0; 0; 0; 0; 0; 462; 0; 0; 0; 4; 258; 0; 5; 0; 0; 77; 179; 168; 177; 82; 82; 84; 0; 0; 0; 0; 0; 120; 0; 0; 167
1950;04; 0; 3; 83; 0; 0; 87; 0; 0; 0; 0; 0; 0; 157; 235; 2; 14; 279; 4; 128; 0; 54; 0; 0; 0; 0; 0; 0; 5; 2; 19; 9999
1950;05; 0; 0; 0; 0; 0; 0; 0; 0; 0; 0; 0; 0; 0; 0; 0; 0; 0; 0; 0; 0; 0; 0; 0; 0; 0; 0; 0; 0; 0; 0; 0
1950;06; 0; 0; 0; 0; 0; 0; 0; 0; 0; 0; 0; 0; 0; 0; 0; 0; 0; 0; 0; 0; 0; 0; 0; 0; 3; 3; 2; 3; 2; 3; 9999
1950;07; 3; 3; 3; 1; 0; 0; 0; 0; 0; 0; 0; 2; 2; 0; 0; 0; 0; 0; 0; 0; 0; 0; 0; 0; 0; 0; 0; 0; 0; 0; 0
1950;08; 0; 0; 0; 0; 0; 0; 0; 0; 0; 0; 0; 0; 0; 0; 0; 0; 0; 0; 0; 0; 0; 0; 0; 0; 0; 0; 0; 0; 0; 0; 0
1950;09; 0; 0; 0; 0; 0; 0; 0; 0; 0; 0; 0; 0; 0; 0; 0; 0; 0; 0; 0; 0; 0; 0; 0; 0; 0; 0; 0; 0; 0; 0; 9999
1950;10; 0; 0; 0; 0; 8; 9; 4; 4; 7; 0; 2; 3; 5; 3; 0; 8; 4; 0; 303; 93; 3; 3; 3; 3; 186; 3; 3; 3; 3; 115; 405
1950;11; 3; 3; 3; 3; 3; 3; 3; 3; 807; 3; 2; 9999; 267; 8; 182; 5; 3; 154; 4; 108; 3; 39; 9999; 4; 4; 179; 114; 102; 288; 4; 9999
1950;12; 76; 218; 2; 2; 9999; 9999; 64; 4; 4; 168; 77; 3; 3; 78; 225; 19; 7; 3; 3; 3; 117; 4; 4; 3; 3; 3; 3; 3; 9999; 7; 2020
1951;01; 111; 8; 128; 4; 101; 272; 346; 4; 3; 3; 5; 3; 577; 62; 263; 301; 4; 295; 372; 119; 4; 3; 9; 8; 738; 346; 5; 4; 4; 4; 4
1951;02; 4; 4; 3; 8; 4; 5; 6; 129; 8; 498; 3; 5; 3; 3; 4; 5; 162; 3; 4; 4; 9999; 9999; 3; 4; 3; 5; 3; 3; 9999; 9999; 9999
1951;03; 3; 3; 5; 9999; 3; 3; 3; 3; 9999; 3; 3; 3; 3; 3; 3; 3; 3; 3; 9999; 3; 3; 9999; 3; 6; 3; 4; 3; 4; 4; 4; 4
1951;04; 3; 9999; 9999; 9999; 4; 4; 4; 4; 4; 4; 4; 4; 4; 9999; 4; 4; 4; 4; 4; 4; 4; 4; 4; 4; 4; 4; 4; 4; 4; 4; 9999
1951;05; 4; 4; 4; 4; 4; 4; 4; 4; 4; 4; 4; 4; 4; 4; 4; 4; 4; 4; 4; 4; 4; 4; 4; 4; 4; 4; 4; 4; 4; 4; 4
1951;06; 4; 4; 4; 4; 4; 4; 9; 4; 2; 2; 2; 2; 2; 2; 2; 2; 2; 2; 2; 2; 2; 2; 2; 2; 2; 2; 4; 4; 4; 4; 9999
1951;07; 2; 2; 2; 2; 2; 2; 2; 2; 2; 2; 2; 2; 2; 2; 2; 2; 0; 0; 0; 0; 0; 0; 0; 0; 0; 0; 0; 0; 0; 0; 0
1951;08; 0; 0; 0; 0; 0; 0; 0; 0; 0; 0; 0; 0; 0; 0; 0; 0; 0; 0; 0; 0; 0; 0; 4; 0; 0; 0; 0; 0; 0; 0; 0
1951;09; 0; 0; 0; 0; 0; 0; 0; 0; 0; 0; 0; 0; 0; 0; 0; 0; 0; 0; 0; 0; 0; 0; 0; 0; 0; 0; 0; 0; 0; 0; 9999
1951;10; 0; 0; 0; 2; 0; 93; 0; 0; 0; 0; 0; 0; 0; 0; 205; 374; 0; 0; 85; 92; 0; 0; 0; 0; 32; 0; 0; 100; 204; 0; 0
1951;11; 0; 0; 0; 0; 3; 0; 0; 0; 0; 0; 0; 0; 0; 0; 0; 0; 0; 0; 0; 9999; 0; 4; 433; 364; 162; 0; 9999; 9999; 9999; 0; 9999
1951;12; 0; 573; 0; 0; 0; 0; 0; 309; 168; 0; 107; 0; 0; 0; 0; 0; 0; 0; 0; 4; 96; 0; 0; 0; 0; 0; 0; 0; 0; 86; 37
1952;01; 77; 104; 0; 0; 0; 5; 2; 102; 0; 177; 0; 107; 104; 105; 358; 1; 76; 3; 4; 0; 0; 0; 0; 0; 0; 0; 0; 0; 0; 0; 0
1952;02; 0; 0; 8; 48; 15; 157; 302; 0; 0; 0; 507; 39; 0; 47; 0; 0; 0; 0; 0; 436; 15; 22; 363; 100; 168; 113; 0; 0; 0; 9999; 9999
1952;03; 201; 0; 1263; 0; 5; 0; 0; 0; 83; 412; 272; 0; 2; 583; 803; 385; 15; 0; 0; 0; 0; 0; 0; 7; 86; 4; 0; 0; 8; 6; 8
1952;04; 0; 0; 0; 0; 0; 0; 0; 0; 0; 0; 0; 5; 0; 0; 0; 0; 0; 0; 0; 0; 0; 0; 0; 11; 0; 0; 0; 0; 0; 0; 9999
1952;05; 0; 0; 0; 0; 0; 0; 0; 0; 0; 0; 0; 0; 0; 0; 0; 0; 0; 0; 0; 0; 0; 0; 0; 0; 0; 0; 0; 0; 0; 0; 0
1952;06; 0; 0; 0; 0; 0; 0; 0; 0; 6; 16; 26; 4; 0; 0; 0; 0; 208; 208; 25; 1; 2; 0; 0; 0; 0; 0; 0; 0; 0; 0; 9999
1952;07; 0; 0; 0; 0; 0; 0; 0; 0; 0; 0; 0; 0; 0; 0; 0; 0; 0; 0; 0; 0; 0; 0; 0; 0; 0; 0; 0; 0; 0; 0; 0
1952;08; 0; 0; 0; 0; 0; 0; 0; 0; 0; 0; 0; 0; 0; 0; 0; 0; 0; 0; 0; 0; 0; 0; 0; 0; 0; 0; 0; 0; 0; 0; 0
1952;09; 0; 0; 0; 0; 0; 4; 0; 0; 0; 0; 0; 0; 0; 0; 0; 0; 0; 0; 3; 0; 0; 0; 0; 0; 0; 0; 0; 0; 0; 0; 9999
1952;10; 0; 0; 0; 0; 0; 0; 27; 0; 98; 0; 0; 104; 123; 77; 0; 0; 0; 517; 235; 129; 0; 47; 2; 67; 0; 20; 0; 0; 0; 0; 0
1952;11; 0; 0; 0; 0; 0; 0; 0; 307; 314; 608; 0; 0; 0; 0; 0; 0; 17; 207; 0; 606; 585; 0; 0; 0; 0; 0; 0; 0; 0; 0; 9999
1952;12; 762; 0; 0; 0; 0; 97; 0; 0; 0; 0; 228; 0; 602; 0; 0; 0; 0; 0; 0; 0; 306; 0; 0; 0; 0; 0; 568; 0; 0; 0; 1
1953;01; 0; 0; 103; 0; 47; 6; 47; 413; 0; 0; 0; 2; 2; 92; 0; 0; 0; 0; 0; 0; 0; 0; 0; 0; 0; 0; 0; 0; 17; 77; 0
1953;02; 0; 0; 178; 0; 0; 0; 0; 0; 7; 0; 27; 0; 0; 219; 415; 190; 0; 0; 0; 67; 0; 0; 58; 0; 50; 0; 7; 101; 9999; 9999; 9999
1953;03; 0; 35; 0; 0; 0; 0; 0; 0; 0; 0; 0; 0; 0; 0; 4; 45; 0; 0; 0; 0; 0; 5; 7; 153; 57; 326; 20; 4; 195; 213; 0
1953;04; 0; 0; 0; 252; 9; 87; 106; 0; 0; 0; 0; 0; 0; 0; 2; 0; 3; 0; 0; 0; 164; 188; 0; 0; 0; 0; 0; 0; 0; 0; 9999
1953;05; 0; 0; 0; 0; 0; 0; 0; 0; 0; 0; 0; 0; 0; 0; 0; 0; 0; 0; 0; 0; 0; 0; 190; 0; 0; 36; 0; 0; 0; 0; 87
1953;06; 0; 0; 0; 0; 0; 0; 0; 0; 0; 205; 0; 0; 0; 0; 0; 0; 0; 0; 0; 0; 0; 0; 0; 0; 0; 0; 0; 0; 0; 0; 9999
1953;07; 0; 0; 0; 4; 0; 0; 0; 0; 0; 307; 173; 0; 0; 0; 0; 0; 0; 0; 3; 3; 0; 0; 0; 0; 0; 0; 0; 0; 0; 0; 0
1953;08; 0; 0; 0; 0; 0; 0; 0; 0; 0; 0; 0; 0; 0; 0; 0; 0; 0; 0; 0; 0; 0; 5; 0; 0; 0; 0; 0; 0; 0; 0; 0
1953;09; 0; 0; 0; 0; 0; 3; 0; 0; 0; 0; 305; 0; 0; 0; 7; 0; 0; 0; 0; 0; 0; 245; 0; 3; 0; 0; 0; 0; 0; 0; 9999
1953;10; 0; 0; 0; 0; 0; 0; 4; 333; 0; 0; 0; 0; 0; 0; 0; 0; 0; 406; 608; 3; 600; 0; 0; 0; 0; 0; 0; 0; 0; 0; 0
1953;11; 0; 516; 0; 0; 0; 188; 98; 4; 0; 0; 0; 0; 57; 215; 0; 0; 0; 0; 0; 0; 0; 0; 0; 0; 0; 0; 0; 0; 0; 7; 9999
1953;12; 157; 108; 4; 8; 482; 0; 0; 0; 0; 105; 57; 103; 304; 5; 3; 3; 3; 0; 0; 0; 0; 200; 0; 0; 0; 0; 4; 9; 0; 37; 0
1954;01; 0; 0; 167; 407; 202; 7; 6; 107; 307; 156; 0; 0; 0; 0; 0; 0; 0; 107; 147; 0; 0; 28; 0; 0; 0; 0; 0; 3; 0; 0; 0
1954;02; 0; 0; 0; 0; 202; 107; 178; 207; 307; 112; 0; 1; 6; 4; 21; 0; 44; 0; 0; 0; 0; 0; 0; 0; 0; 0; 55; 0; 9999; 9999; 9999
1954;03; 0; 525; 0; 0; 278; 0; 0; 0; 0; 0; 77; 0; 0; 0; 0; 0; 0; 0; 0; 0; 0; 0; 0; 0; 0; 0; 0; 0; 47; 504; 178
1954;04; 0; 0; 0; 0; 0; 0; 0; 0; 0; 0; 0; 0; 0; 0; 0; 0; 0; 0; 0; 0; 0; 0; 0; 0; 7; 0; 29; 2; 2; 2; 9999
1954;05; 0; 0; 0; 0; 0; 0; 0; 0; 7; 707; 0; 0; 8; 0; 0; 5; 0; 0; 4; 107; 409; 0; 0; 0; 0; 0; 0; 0; 0; 0; 36
1954;06; 0; 0; 0; 2; 2; 403; 2; 2; 2; 0; 0; 0; 0; 0; 0; 0; 0; 0; 0; 0; 0; 0; 62; 0; 0; 0; 0; 0; 0; 0; 9999
1954;07; 0; 0; 0; 0; 0; 0; 0; 0; 0; 0; 0; 0; 0; 0; 0; 0; 0; 0; 0; 0; 0; 0; 0; 0; 0; 0; 0; 0; 0; 0; 0
1954;08; 0; 0; 0; 0; 0; 0; 0; 0; 0; 0; 0; 0; 0; 0; 0; 0; 0; 0; 0; 0; 0; 0; 0; 0; 0; 0; 0; 0; 0; 0; 0
1954;09; 0; 0; 0; 0; 0; 0; 0; 0; 0; 0; 0; 0; 0; 0; 0; 0; 0; 0; 0; 0; 0; 0; 0; 0; 0; 2; 2; 2; 2; 2; 9999
1954;10; 0; 0; 0; 0; 0; 0; 0; 0; 0; 5; 4; 68; 18; 0; 0; 0; 0; 0; 0; 0; 0; 0; 0; 0; 0; 0; 103; 0; 0; 4; 0
1954;11; 0; 0; 0; 0; 0; 0; 0; 0; 0; 0; 0; 0; 1; 208; 107; 0; 0; 103; 0; 0; 0; 0; 284; 77; 0; 0; 74; 0; 0; 0; 9999
1954;12; 0; 0; 78; 432; 0; 0; 0; 3; 3; 5; 0; 0; 603; 0; 0; 0; 3; 3; 4; 492; 109; 307; 0; 4; 0; 0; 0; 0; 200; 0; 0
1955;01; 3; 149; 341; 29; 3; 0; 0; 5; 0; 1; 3; 3; 9; 9; 2; 108; 159; 305; 67; 0; 48; 0; 0; 41; 0; 0; 0; 5; 0; 0; 0
1955;02; 0; 235; 0; 0; 0; 0; 0; 0; 0; 0; 0; 0; 0; 4; 0; 0; 0; 0; 0; 4; 4; 3; 0; 0; 0; 0; 500; 908; 9999; 9999; 9999
1955;03; 0; 0; 47; 0; 0; 0; 0; 89; 3; 58; 0; 89; 0; 0; 0; 334; 0; 0; 0; 0; 0; 0; 0; 0; 0; 0; 87; 0; 4; 162; 0
1955;04; 0; 105; 0; 19; 21; 16; 0; 0; 0; 0; 0; 0; 507; 0; 5; 29; 0; 0; 0; 0; 0; 0; 0; 0; 0; 0; 0; 0; 43; 0; 9999
1955;05; 0; 0; 0; 0; 0; 0; 0; 0; 0; 0; 0; 0; 0; 0; 0; 0; 0; 0; 0; 0; 0; 0; 0; 0; 0; 0; 0; 0; 0; 0; 0
1955;06; 0; 0; 0; 0; 0; 0; 0; 0; 0; 0; 0; 0; 0; 0; 0; 0; 0; 0; 0; 0; 0; 0; 0; 0; 0; 0; 0; 0; 0; 0; 9999
1955;07; 0; 0; 0; 0; 0; 0; 0; 0; 0; 0; 0; 0; 0; 0; 0; 0; 0; 0; 0; 0; 0; 0; 0; 0; 0; 0; 0; 0; 2; 4; 4
1955;08; 2; 2; 0; 0; 0; 0; 0; 0; 0; 0; 0; 0; 0; 0; 0; 0; 0; 0; 0; 0; 0; 0; 0; 0; 0; 0; 82; 98; 59; 3; 0
1955;09; 0; 0; 0; 0; 0; 0; 0; 0; 0; 0; 0; 0; 0; 0; 0; 0; 0; 0; 0; 0; 0; 0; 0; 0; 0; 0; 0; 0; 0; 0; 9999
1955;10; 0; 0; 0; 0; 0; 0; 5; 0; 0; 0; 0; 0; 219; 39; 3; 0; 0; 0; 0; 0; 0; 0; 0; 0; 0; 0; 0; 103; 104; 3; 3
1955;11; 4; 108; 102; 185; 0; 0; 0; 6; 0; 0; 0; 0; 4; 0; 0; 0; 0; 153; 0; 55; 0; 0; 0; 0; 0; 0; 0; 0; 5; 0; 9999
1955;12; 0; 9; 2; 155; 273; 77; 0; 0; 0; 0; 0; 0; 93; 175; 75; 104; 53; 75; 0; 0; 0; 0; 0; 23; 0; 1; 0; 8; 205; 97; 200
1956;01; 42; 173; 0; 0; 0; 0; 0; 0; 0; 0; 0; 0; 0; 0; 0; 0; 0; 0; 0; 0; 0; 0; 0; 150; 0; 0; 0; 205; 0; 0; 0
1956;02; 0; 107; 0; 0; 0; 0; 0; 0; 0; 0; 117; 1; 8; 165; 44; 2; 208; 0; 2; 0; 0; 203; 0; 104; 3; 208; 0; 0; 0; 9999; 9999
1956;03; 0; 0; 0; 0; 0; 0; 0; 0; 0; 0; 0; 0; 0; 0; 0; 0; 0; 0; 0; 0; 0; 0; 0; 0; 0; 0; 0; 0; 0; 0; 17
1956;04; 0; 0; 0; 0; 0; 2; 25; 65; 0; 0; 0; 0; 0; 0; 0; 0; 0; 0; 0; 0; 0; 0; 0; 0; 0; 230; 0; 208; 0; 0; 9999
1956;05; 0; 187; 0; 0; 30; 0; 12; 54; 67; 0; 0; 0; 0; 0; 0; 0; 0; 0; 0; 0; 0; 2; 2; 2; 178; 0; 0; 0; 0; 0; 0
1956;06; 157; 24; 0; 0; 0; 0; 0; 0; 103; 3; 65; 35; 157; 4; 0; 0; 0; 0; 0; 0; 0; 0; 0; 0; 0; 0; 0; 0; 0; 0; 9999
1956;07; 0; 0; 0; 0; 0; 0; 0; 0; 0; 0; 0; 0; 0; 0; 0; 0; 0; 0; 0; 0; 5; 0; 9999; 5; 0; 0; 0; 192; 0; 0; 0
1956;08; 75; 0; 0; 383; 0; 0; 0; 0; 0; 0; 0; 0; 0; 0; 8; 0; 0; 0; 0; 0; 0; 0; 0; 0; 0; 0; 0; 0; 0; 0; 0
1956;09; 0; 0; 0; 0; 0; 0; 0; 0; 0; 0; 402; 2; 168; 0; 0; 0; 0; 0; 0; 0; 0; 0; 0; 0; 0; 0; 0; 0; 160; 0; 9999
1956;10; 0; 0; 0; 0; 0; 0; 0; 0; 0; 0; 128; 0; 0; 0; 0; 0; 0; 37; 135; 0; 0; 0; 6; 6; 0; 0; 0; 696; 17; 1007; 23
1956;11; 0; 0; 3; 2; 0; 0; 0; 0; 0; 0; 0; 0; 0; 0; 0; 0; 0; 0; 0; 0; 0; 128; 0; 0; 5; 8; 0; 0; 0; 0; 9999
1956;12; 0; 0; 0; 0; 104; 203; 108; 652; 0; 0; 0; 113; 0; 0; 363; 0; 0; 0; 190; 0; 0; 0; 58; 0; 358; 506; 53; 0; 0; 0; 0
1957;01; 0; 0; 0; 0; 198; 0; 0; 0; 25; 123; 0; 87; 522; 302; 128; 347; 275; 188; 53; 175; 0; 64; 0; 0; 0; 0; 42; 0; 0; 9; 0
1957;02; 0; 133; 97; 27; 0; 403; 3; 202; 5; 0; 406; 0; 0; 0; 100; 530; 69; 0; 0; 0; 0; 0; 0; 0; 0; 205; 9999; 9999; 9999; 9999; 9999
1957;03; 9999; 9999; 9999; 9999; 9999; 9999; 9999; 9999; 9999; 9999; 9999; 9999; 9999; 9999; 225; 0; 0; 0; 5; 221; 150; 460; 226; 8; 0; 0; 15; 0; 84; 293; 0
1957;04; 197; 7; 0; 0; 1; 65; 0; 0; 0; 0; 0; 0; 0; 0; 92; 0; 0; 0; 0; 0; 0; 0; 0; 0; 0; 0; 53; 0; 0; 104; 9999
1957;05; 0; 0; 0; 0; 0; 0; 0; 0; 102; 243; 0; 0; 0; 0; 94; 0; 0; 0; 0; 0; 0; 0; 0; 0; 0; 0; 0; 0; 0; 0; 0
1957;06; 0; 0; 0; 0; 0; 0; 0; 204; 5; 0; 0; 0; 0; 0; 0; 0; 0; 0; 0; 0; 0; 0; 0; 0; 0; 0; 0; 0; 0; 0; 9999
1957;07; 0; 0; 0; 0; 233; 83; 0; 0; 0; 0; 0; 0; 0; 0; 0; 140; 303; 127; 0; 6; 3; 3; 0; 0; 0; 0; 0; 0; 0; 0; 0
1957;08; 0; 0; 0; 0; 0; 0; 0; 0; 0; 0; 0; 0; 0; 0; 0; 0; 0; 206; 403; 0; 0; 0; 0; 0; 0; 0; 0; 0; 0; 0; 10
1957;09; 0; 0; 56; 357; 165; 0; 0; 0; 37; 0; 0; 0; 81; 0; 0; 0; 0; 0; 0; 0; 32; 109; 123; 0; 0; 0; 0; 0; 0; 0; 9999
1957;10; 0; 0; 0; 0; 0; 0; 0; 0; 0; 0; 0; 0; 257; 57; 0; 0; 0; 0; 0; 0; 0; 204; 0; 0; 0; 3; 283; 124; 0; 324; 0
1957;11; 0; 0; 0; 0; 63; 0; 0; 20; 192; 0; 0; 0; 0; 0; 0; 0; 305; 187; 9999; 489; 126; 8; 0; 48; 0; 0; 0; 0; 0; 0; 9999
1957;12; 0; 742; 0; 4; 0; 0; 0; 0; 0; 0; 97; 32; 68; 253; 223; 57; 0; 0; 0; 0; 0; 0; 0; 0; 0; 0; 0; 0; 0; 0; 0
1958;01; 0; 0; 0; 0; 0; 0; 0; 0; 0; 0; 0; 0; 302; 0; 696; 18; 4; 198; 53; 319; 0; 304; 444; 292; 194; 57; 452; 5; 283; 0; 0
1958;02; 0; 0; 0; 75; 130; 12; 86; 54; 0; 0; 0; 0; 0; 102; 0; 0; 0; 0; 0; 0; 51; 0; 0; 339; 0; 339; 557; 457; 9999; 9999; 9999
1958;03; 67; 0; 79; 165; 0; 0; 141; 78; 0; 0; 0; 0; 0; 0; 0; 0; 405; 700; 0; 0; 0; 0; 0; 0; 0; 0; 0; 0; 0; 124; 0
1958;04; 22; 128; 0; 0; 0; 0; 0; 0; 0; 8; 4; 0; 8; 0; 0; 0; 0; 0; 306; 0; 0; 0; 0; 0; 0; 0; 0; 0; 0; 0; 9999
1958;05; 0; 0; 0; 0; 85; 0; 0; 0; 0; 0; 0; 0; 0; 0; 0; 0; 0; 0; 0; 0; 0; 21; 60; 28; 19; 44; 0; 104; 2; 2; 2
1958;06; 0; 0; 0; 0; 0; 0; 0; 0; 0; 0; 0; 0; 0; 24; 263; 128; 0; 103; 54; 2; 0; 0; 0; 0; 0; 0; 0; 0; 0; 0; 9999
1958;07; 0; 0; 0; 0; 0; 0; 0; 0; 0; 0; 0; 3; 0; 0; 0; 19; 3; 26; 0; 0; 0; 0; 0; 0; 0; 0; 0; 0; 0; 0; 0
1958;08; 0; 0; 0; 2; 0; 0; 0; 0; 0; 0; 0; 0; 0; 0; 0; 0; 0; 0; 0; 0; 0; 0; 0; 0; 0; 0; 0; 0; 0; 107; 0
1958;09; 0; 0; 0; 0; 0; 0; 0; 2; 0; 54; 0; 0; 227; 307; 125; 0; 0; 0; 0; 0; 0; 0; 0; 0; 133; 0; 0; 0; 0; 197; 9999
1958;10; 0; 0; 0; 0; 0; 0; 195; 0; 235; 0; 274; 127; 5; 0; 0; 0; 0; 369; 0; 0; 0; 0; 179; 0; 0; 102; 177; 632; 0; 0; 0
1958;11; 0; 0; 0; 0; 208; 0; 0; 0; 0; 0; 0; 78; 0; 14; 167; 0; 0; 0; 25; 0; 12; 0; 0; 0; 392; 0; 0; 0; 0; 0; 9999
1958;12; 3; 0; 0; 0; 0; 0; 0; 701; 0; 0; 179; 122; 0; 0; 24; 132; 14; 88; 0; 48; 8; 12; 0; 0; 0; 0; 0; 0; 0; 198; 0
1959;01; 0; 43; 181; 0; 349; 263; 179; 328; 518; 27; 107; 647; 105; 42; 506; 41; 46; 217; 1001; 12; 0; 0; 66; 356; 32; 48; 0; 0; 0; 0; 0
1959;02; 0; 588; 112; 106; 101; 0; 0; 4; 0; 0; 0; 0; 0; 14; 236; 4; 222; 0; 71; 0; 0; 0; 0; 0; 86; 6; 187; 42; 9999; 9999; 9999
1959;03; 0; 0; 0; 0; 0; 0; 0; 0; 170; 12; 15; 0; 0; 0; 0; 0; 0; 0; 96; 3; 48; 100; 20; 3; 0; 0; 5; 0; 0; 189; 0
1959;04; 0; 38; 12; 0; 0; 0; 0; 0; 0; 0; 0; 0; 0; 0; 0; 0; 0; 0; 0; 0; 0; 0; 275; 5; 1; 0; 27; 5; 0; 0; 9999
1959;05; 0; 0; 0; 0; 0; 0; 0; 0; 0; 0; 0; 0; 0; 0; 0; 0; 0; 0; 74; 207; 0; 0; 0; 0; 0; 0; 0; 0; 302; 21; 0
1959;06; 0; 0; 0; 0; 0; 74; 0; 0; 0; 0; 0; 0; 0; 0; 0; 0; 0; 0; 0; 0; 0; 0; 0; 0; 0; 0; 0; 0; 0; 0; 9999
1959;07; 0; 0; 0; 0; 0; 0; 0; 0; 0; 0; 0; 0; 0; 0; 0; 0; 0; 0; 0; 0; 0; 0; 0; 0; 0; 0; 0; 0; 0; 0; 0
1959;08; 87; 46; 0; 0; 0; 0; 0; 87; 139; 3; 0; 16; 0; 0; 46; 0; 0; 0; 0; 0; 0; 0; 0; 0; 0; 0; 0; 0; 0; 0; 0
1959;09; 0; 0; 146; 0; 0; 0; 0; 0; 0; 0; 0; 0; 0; 0; 0; 0; 0; 0; 0; 0; 0; 0; 0; 0; 0; 2; 0; 0; 0; 0; 9999
1959;10; 0; 0; 0; 0; 0; 0; 0; 0; 0; 0; 0; 309; 384; 98; 3; 0; 0; 0; 0; 0; 67; 17; 0; 0; 0; 0; 0; 34; 95; 0; 62
1959;11; 83; 0; 0; 0; 0; 303; 28; 0; 405; 24; 50; 0; 312; 0; 0; 0; 0; 0; 289; 0; 45; 292; 0; 0; 19; 402; 24; 252; 56; 0; 9999
1959;12; 0; 0; 36; 227; 21; 0; 35; 186; 82; 41; 144; 0; 309; 0; 0; 0; 0; 19; 0; 78; 0; 125; 208; 45; 108; 0; 0; 96; 0; 0; 35
1960;01; 185; 0; 0; 0; 17; 0; 13; 198; 454; 124; 15; 157; 0; 213; 17; 59; 0; 71; 806; 0; 429; 95; 289; 45; 3; 169; 0; 0; 0; 0; 26
1960;02; 0; 109; 1269; 79; 64; 0; 0; 178; 22; 0; 27; 0; 0; 0; 0; 0; 0; 0; 0; 0; 292; 46; 79; 63; 51; 182; 18; 234; 757; 9999; 9999
1960;03; 0; 51; 0; 0; 0; 0; 0; 0; 0; 0; 0; 6; 0; 0; 0; 0; 0; 0; 0; 0; 0; 5; 242; 26; 23; 0; 0; 0; 0; 0; 0
1960;04; 36; 0; 105; 0; 0; 0; 0; 31; 89; 95; 0; 0; 0; 0; 0; 0; 0; 0; 0; 125; 0; 0; 0; 0; 0; 0; 0; 4; 0; 0; 9999
1960;05; 337; 4; 0; 0; 0; 0; 0; 0; 0; 68; 54; 65; 0; 0; 78; 247; 1; 0; 0; 19; 8; 1; 0; 1; 1; 0; 0; 0; 0; 0; 0
1960;06; 0; 0; 0; 0; 0; 0; 0; 0; 0; 0; 0; 14; 21; 146; 0; 47; 0; 0; 0; 0; 0; 0; 114; 4; 0; 178; 0; 0; 0; 0; 9999
1960;07; 0; 0; 0; 0; 0; 0; 0; 0; 0; 0; 0; 0; 0; 0; 0; 0; 0; 0; 0; 0; 0; 0; 0; 0; 0; 0; 0; 0; 0; 0; 0
1960;08; 0; 0; 0; 0; 0; 0; 0; 0; 0; 0; 0; 0; 0; 0; 103; 45; 0; 0; 0; 0; 0; 0; 0; 0; 0; 0; 0; 0; 0; 0; 0
1960;09; 15; 0; 0; 0; 0; 0; 0; 0; 0; 0; 0; 0; 0; 0; 0; 0; 0; 0; 0; 0; 0; 0; 0; 0; 0; 0; 0; 0; 0; 0; 9999
1960;10; 0; 0; 14; 0; 0; 0; 0; 0; 0; 0; 0; 0; 0; 0; 32; 239; 0; 0; 11; 295; 0; 14; 0; 48; 23; 91; 13; 0; 0; 0; 2
1960;11; 0; 0; 0; 0; 160; 0; 0; 260; 2; 5; 0; 103; 0; 601; 2; 2; 4; 0; 0; 172; 131; 6; 0; 0; 0; 628; 3; 205; 4; 0; 9999
1960;12; 0; 0; 1; 0; 0; 0; 30; 0; 0; 0; 0; 23; 0; 0; 0; 502; 602; 408; 207; 602; 750; 7; 7; 0; 0; 600; 0; 0; 4; 54; 0
1961;01; 303; 181; 14; 6; 14; 24; 261; 205; 32; 31; 15; 2106; 64; 0; 0; 0; 0; 8; 5; 4; 3; 71; 145; 5; 72; 70; 0; 5; 8; 71; 0
1961;02; 2; 1; 234; 0; 108; 217; 0; 0; 0; 0; 0; 787; 1178; 684; 7; 16; 65; 41; 182; 527; 83; 45; 1117; 67; 94; 0; 4; 21; 9999; 9999; 9999
1961;03; 41; 8; 0; 0; 0; 133; 555; 30; 188; 195; 28; 23; 0; 0; 0; 4; 0; 8; 203; 405; 9; 5; 0; 0; 0; 0; 0; 0; 0; 0; 0
1961;04; 0; 0; 0; 2; 500; 303; 0; 0; 0; 0; 0; 0; 0; 0; 0; 0; 0; 0; 0; 0; 2; 0; 0; 0; 0; 193; 2; 0; 0; 0; 9999
1961;05; 0; 0; 0; 132; 345; 0; 0; 0; 8; 0; 0; 0; 0; 0; 0; 0; 0; 0; 0; 0; 0; 0; 0; 0; 0; 0; 0; 0; 0; 0; 0
1961;06; 0; 0; 0; 0; 0; 0; 0; 0; 0; 0; 0; 0; 0; 0; 0; 0; 0; 0; 0; 0; 0; 0; 0; 0; 0; 0; 0; 0; 0; 0; 9999
1961;07; 0; 0; 0; 0; 0; 0; 0; 0; 0; 0; 0; 0; 0; 0; 0; 0; 0; 0; 0; 0; 0; 0; 0; 0; 0; 0; 0; 0; 0; 0; 0
1961;08; 0; 0; 0; 0; 0; 0; 0; 0; 0; 0; 0; 0; 0; 0; 0; 0; 0; 0; 0; 0; 0; 0; 0; 0; 0; 15; 0; 0; 0; 0; 31
1961;09; 0; 0; 0; 0; 0; 0; 0; 0; 0; 0; 0; 0; 0; 0; 0; 0; 0; 0; 0; 0; 0; 0; 0; 0; 0; 0; 0; 0; 15; 0; 9999
1961;10; 0; 0; 106; 0; 0; 0; 0; 0; 0; 0; 0; 0; 0; 0; 0; 0; 0; 0; 0; 0; 0; 0; 0; 0; 0; 7; 7; 5; 4; 17; 35
1961;11; 0; 0; 200; 217; 142; 133; 0; 0; 0; 0; 25; 192; 6; 5; 43; 0; 0; 0; 0; 0; 197; 0; 0; 62; 0; 0; 27; 14; 78; 0; 9999
1961;12; 0; 6; 156; 328; 0; 0; 70; 0; 96; 0; 0; 0; 194; 181; 106; 74; 67; 204; 21; 179; 143; 62; 0; 7; 0; 221; 134; 18; 202; 0; 0
1962;01; 0; 0; 0; 485; 0; 0; 544; 0; 108; 51; 137; 0; 0; 0; 0; 537; 42; 87; 51; 0; 187; 223; 0; 0; 0; 56; 163; 2; 0; 0; 0
1962;02; 0; 0; 0; 501; 209; 251; 72; 0; 61; 0; 64; 292; 0; 0; 67; 0; 0; 0; 21; 2; 0; 0; 0; 155; 0; 101; 0; 0; 9999; 9999; 9999
1962;03; 0; 151; 41; 342; 3; 47; 0; 0; 0; 0; 0; 109; 550; 200; 490; 103; 35; 245; 38; 10; 65; 0; 0; 0; 79; 0; 0; 0; 0; 0; 0
1962;04; 2; 56; 0; 0; 0; 0; 0; 0; 0; 0; 0; 0; 0; 0; 0; 0; 0; 0; 12; 0; 0; 0; 0; 0; 0; 114; 0; 0; 0; 93; 9999
1962;05; 0; 0; 57; 0; 0; 0; 0; 0; 0; 0; 0; 0; 0; 0; 0; 0; 0; 0; 0; 0; 0; 0; 0; 0; 0; 0; 0; 0; 0; 0; 0
1962;06; 0; 0; 143; 24; 30; 80; 164; 1; 3; 5; 0; 0; 0; 0; 0; 0; 0; 0; 0; 0; 0; 0; 0; 0; 0; 0; 0; 0; 0; 0; 9999
1962;07; 0; 0; 0; 0; 0; 0; 0; 0; 0; 0; 0; 0; 0; 0; 0; 0; 0; 0; 0; 0; 0; 0; 0; 0; 0; 0; 0; 0; 0; 0; 0
1962;08; 0; 0; 0; 0; 0; 0; 0; 0; 0; 0; 0; 0; 0; 0; 0; 0; 0; 0; 0; 0; 0; 0; 182; 0; 5; 0; 0; 0; 0; 0; 0
1962;09; 0; 0; 0; 401; 0; 0; 250; 0; 0; 0; 0; 0; 0; 0; 0; 0; 0; 0; 0; 0; 0; 0; 120; 0; 0; 0; 0; 0; 0; 295; 9999
1962;10; 0; 305; 0; 0; 0; 0; 0; 0; 250; 250; 400; 256; 0; 0; 0; 551; 0; 300; 2; 0; 0; 0; 0; 0; 7; 0; 0; 120; 290; 200; 2
1962;11; 0; 0; 0; 0; 0; 0; 11; 95; 0; 0; 0; 0; 0; 0; 0; 0; 0; 0; 0; 103; 147; 0; 0; 0; 0; 0; 0; 332; 0; 0; 9999
1962;12; 0; 0; 269; 4; 98; 80; 0; 0; 0; 0; 0; 370; 480; 0; 0; 0; 375; 430; 209; 232; 0; 0; 0; 0; 7; 144; 58; 45; 4; 250; 200
1963;01; 400; 450; 250; 0; 0; 0; 0; 0; 23; 0; 302; 0; 111; 232; 0; 381; 404; 36; 0; 0; 0; 0; 401; 0; 6; 7; 0; 0; 0; 12; 0
1963;02; 0; 0; 0; 35; 0; 593; 2; 210; 0; 0; 0; 0; 80; 0; 0; 0; 0; 0; 0; 0; 0; 202; 0; 0; 0; 0; 0; 0; 9999; 9999; 9999
1963;03; 0; 0; 0; 580; 8; 0; 0; 0; 0; 0; 0; 0; 0; 0; 0; 0; 0; 0; 150; 46; 0; 0; 0; 0; 0; 0; 0; 0; 0; 0; 0
1963;04; 0; 0; 0; 0; 0; 0; 0; 0; 0; 0; 0; 0; 0; 0; 0; 0; 0; 0; 0; 0; 0; 0; 0; 0; 0; 0; 0; 0; 0; 0; 9999
1963;05; 0; 0; 0; 0; 0; 0; 0; 0; 0; 0; 0; 0; 0; 0; 0; 0; 0; 0; 0; 0; 0; 0; 0; 0; 0; 0; 0; 0; 0; 0; 0
1963;06; 0; 0; 0; 0; 0; 0; 0; 0; 0; 0; 0; 0; 0; 0; 0; 0; 0; 0; 0; 0; 0; 0; 0; 0; 0; 0; 0; 0; 0; 0; 9999
1963;07; 0; 0; 0; 0; 0; 0; 0; 0; 0; 0; 0; 0; 0; 0; 0; 0; 0; 0; 0; 0; 0; 0; 0; 0; 0; 0; 0; 0; 0; 0; 0
1963;08; 0; 0; 0; 0; 0; 0; 0; 0; 0; 0; 0; 0; 0; 0; 0; 0; 0; 0; 0; 0; 0; 0; 0; 0; 0; 0; 0; 0; 0; 0; 0
1963;09; 0; 0; 0; 0; 0; 0; 0; 0; 0; 0; 0; 0; 0; 0; 0; 0; 0; 0; 0; 0; 0; 0; 0; 0; 0; 0; 0; 0; 0; 0; 9999
1963;10; 0; 0; 0; 0; 0; 0; 0; 0; 0; 0; 0; 0; 0; 0; 0; 0; 0; 0; 0; 2; 5; 70; 0; 0; 73; 0; 170; 0; 0; 0; 0
1963;11; 0; 0; 750; 0; 0; 0; 0; 284; 0; 0; 0; 0; 0; 300; 3; 280; 0; 110; 20; 0; 280; 0; 0; 0; 0; 0; 0; 160; 0; 0; 9999
1963;12; 0; 0; 0; 0; 0; 0; 0; 0; 0; 0; 0; 0; 0; 0; 0; 0; 0; 0; 189; 0; 0; 0; 0; 0; 0; 0; 0; 0; 0; 0; 263
1964;01; 240; 0; 0; 0; 0; 0; 0; 0; 0; 0; 0; 0; 0; 0; 0; 0; 366; 0; 132; 0; 0; 0; 0; 310; 690; 382; 266; 5; 0; 0; 0
1964;02; 0; 4; 2; 0; 0; 0; 0; 0; 0; 0; 292; 567; 344; 263; 122; 97; 116; 330; 190; 193; 8; 29; 14; 2; 65; 0; 0; 0; 0; 9999; 9999
1964;03; 0; 0; 0; 0; 0; 16; 9; 0; 34; 0; 0; 0; 0; 0; 105; 0; 0; 0; 0; 0; 0; 0; 0; 0; 0; 0; 4; 200; 100; 1; 70
1964;04; 3; 150; 250; 0; 0; 0; 0; 0; 0; 0; 0; 0; 110; 0; 0; 0; 0; 0; 0; 0; 0; 0; 0; 0; 0; 0; 0; 0; 50; 290; 9999
1964;05; 118; 0; 0; 0; 15; 235; 0; 0; 0; 0; 0; 0; 28; 0; 0; 0; 0; 70; 0; 0; 240; 0; 0; 0; 0; 0; 0; 0; 0; 0; 0
1964;06; 0; 0; 0; 0; 0; 0; 0; 0; 0; 0; 0; 0; 0; 0; 0; 0; 0; 0; 0; 0; 0; 0; 0; 0; 18; 0; 0; 17; 77; 0; 9999
1964;07; 0; 298; 12; 73; 0; 0; 0; 0; 0; 0; 0; 0; 0; 0; 0; 0; 48; 0; 0; 7; 0; 0; 0; 0; 102; 75; 0; 0; 0; 0; 0
1964;08; 0; 0; 0; 0; 0; 0; 0; 0; 0; 0; 0; 0; 0; 0; 0; 0; 0; 0; 0; 0; 30; 0; 0; 0; 0; 0; 0; 0; 0; 0; 0
1964;09; 0; 0; 0; 0; 0; 0; 0; 0; 0; 0; 0; 0; 0; 0; 0; 0; 0; 0; 0; 0; 0; 0; 0; 0; 50; 0; 0; 38; 61; 0; 9999
1964;10; 38; 0; 0; 0; 72; 0; 0; 0; 58; 34; 0; 0; 0; 0; 0; 0; 0; 0; 20; 37; 80; 0; 0; 470; 0; 400; 0; 0; 235; 0; 53
1964;11; 0; 14; 0; 0; 442; 0; 0; 0; 0; 0; 0; 0; 0; 62; 101; 49; 0; 42; 655; 187; 103; 302; 0; 0; 0; 0; 0; 0; 0; 510; 9999
1964;12; 370; 140; 170; 0; 0; 0; 0; 5; 14; 0; 400; 45; 103; 6; 103; 265; 77; 435; 90; 0; 0; 220; 347; 60; 20; 305; 5; 14; 163; 144; 0
1965;01; 435; 150; 92; 455; 0; 0; 0; 75; 19; 150; 15; 0; 0; 73; 62; 30; 245; 2; 269; 2; 0; 32; 13; 115; 0; 40; 119; 115; 253; 50; 307
1965;02; 290; 23; 13; 70; 290; 0; 0; 2; 0; 26; 101; 17; 77; 30; 0; 0; 0; 233; 5; 250; 450; 252; 54; 18; 75; 355; 63; 30; 9999; 9999; 9999
1965;03; 5; 67; 75; 0; 2; 2; 25; 120; 168; 0; 0; 0; 88; 39; 35; 67; 0; 0; 6; 0; 0; 63; 24; 33; 210; 2; 0; 0; 0; 0; 0
1965;04; 0; 0; 0; 0; 0; 0; 2; 117; 0; 0; 0; 0; 0; 0; 0; 0; 0; 0; 3; 0; 52; 0; 0; 0; 0; 0; 0; 55; 94; 0; 9999
1965;05; 0; 0; 0; 0; 0; 0; 0; 0; 0; 0; 0; 19; 0; 110; 0; 0; 20; 318; 0; 0; 65; 0; 0; 0; 0; 0; 0; 0; 0; 0; 0
1965;06; 0; 0; 0; 0; 0; 0; 0; 9; 0; 0; 0; 0; 0; 0; 0; 80; 0; 0; 0; 0; 0; 2; 0; 56; 13; 0; 0; 0; 0; 0; 9999
1965;07; 0; 0; 0; 250; 223; 166; 1; 77; 122; 45; 0; 0; 0; 0; 0; 0; 0; 0; 0; 0; 0; 0; 0; 0; 0; 0; 0; 0; 0; 130; 0
1965;08; 0; 0; 0; 15; 0; 0; 0; 0; 0; 0; 0; 0; 0; 0; 0; 0; 0; 0; 0; 0; 0; 0; 0; 0; 0; 0; 0; 0; 0; 0; 0
1965;09; 0; 0; 0; 0; 0; 0; 0; 0; 0; 0; 0; 0; 0; 0; 0; 0; 0; 0; 0; 0; 0; 0; 0; 0; 0; 193; 399; 18; 35; 1065; 9999
1965;10; 818; 0; 0; 0; 0; 0; 0; 70; 0; 185; 0; 0; 0; 172; 0; 0; 0; 198; 97; 0; 0; 63; 0; 0; 53; 0; 5; 6; 11; 0; 0
1965;11; 0; 0; 0; 0; 0; 0; 2; 63; 138; 0; 0; 23; 145; 313; 0; 85; 0; 0; 0; 348; 11; 0; 0; 0; 0; 217; 0; 8; 0; 23; 9999
1965;12; 0; 36; 0; 23; 40; 181; 363; 590; 91; 87; 32; 14; 0; 66; 0; 0; 0; 53; 0; 0; 0; 0; 417; 0; 123; 246; 0; 44; 228; 3; 0
1966;01; 55; 397; 65; 0; 17; 79; 88; 115; 186; 413; 251; 110; 6; 0; 0; 163; 0; 0; 0; 0; 0; 0; 0; 0; 22; 0; 83; 3; 94; 250; 323
1966;02; 150; 14; 0; 127; 28; 0; 9; 0; 215; 14; 20; 30; 159; 35; 0; 0; 0; 56; 0; 0; 0; 0; 709; 0; 0; 70; 83; 133; 9999; 9999; 9999
1966;03; 22; 0; 351; 67; 238; 817; 116; 133; 3; 0; 0; 160; 0; 0; 0; 0; 0; 0; 0; 0; 42; 0; 0; 115; 0; 0; 318; 0; 0; 0; 0
1966;04; 147; 53; 0; 0; 183; 515; 0; 0; 0; 0; 0; 0; 0; 0; 0; 0; 0; 0; 0; 0; 0; 0; 0; 0; 40; 0; 0; 0; 0; 0; 9999
1966;05; 0; 0; 0; 0; 0; 246; 0; 0; 0; 0; 55; 0; 43; 0; 0; 0; 0; 0; 0; 0; 0; 200; 0; 0; 0; 0; 0; 0; 0; 0; 0
1966;06; 0; 0; 0; 0; 0; 0; 0; 0; 0; 0; 0; 0; 0; 0; 0; 0; 0; 0; 0; 0; 0; 0; 0; 0; 0; 0; 0; 0; 0; 0; 9999
1966;07; 0; 0; 0; 0; 0; 0; 0; 0; 0; 0; 0; 0; 0; 0; 0; 30; 0; 0; 0; 0; 0; 0; 0; 0; 0; 0; 0; 0; 0; 10; 127
1966;08; 0; 7; 0; 0; 0; 0; 0; 0; 0; 0; 0; 0; 0; 0; 0; 0; 0; 0; 0; 0; 0; 0; 0; 0; 0; 0; 0; 0; 0; 0; 0
1966;09; 28; 0; 0; 0; 0; 0; 0; 0; 0; 0; 0; 0; 0; 0; 0; 0; 0; 0; 0; 24; 0; 0; 0; 0; 0; 0; 0; 0; 27; 0; 9999
1966;10; 0; 0; 0; 0; 0; 230; 103; 19; 0; 0; 0; 0; 0; 0; 0; 7; 0; 123; 0; 0; 0; 215; 0; 0; 0; 0; 93; 102; 20; 255; 89
1966;11; 120; 0; 146; 0; 0; 30; 0; 0; 73; 277; 0; 35; 408; 302; 306; 254; 231; 0; 0; 0; 0; 0; 0; 0; 0; 55; 0; 0; 0; 0; 9999
1966;12; 0; 91; 0; 0; 832; 0; 0; 0; 77; 3; 0; 96; 0; 0; 202; 22; 0; 1; 15; 139; 627; 500; 211; 0; 0; 123; 328; 0; 0; 0; 0
1967;01; 0; 0; 0; 186; 67; 6; 0; 0; 296; 300; 108; 83; 152; 169; 401; 74; 31; 319; 2; 81; 294; 0; 70; 36; 0; 104; 0; 0; 0; 130; 44
1967;02; 287; 80; 132; 18; 130; 5; 0; 127; 128; 7; 0; 0; 50; 205; 3; 0; 42; 175; 47; 6; 453; 9; 6; 0; 0; 0; 0; 3; 9999; 9999; 9999
1967;03; 0; 0; 48; 0; 18; 191; 105; 0; 110; 11; 80; 133; 22; 12; 0; 0; 38; 0; 284; 0; 0; 0; 1; 145; 0; 10; 0; 38; 25; 0; 0
1967;04; 0; 0; 0; 0; 0; 0; 0; 0; 0; 0; 0; 10; 0; 0; 0; 0; 0; 0; 0; 36; 0; 0; 0; 0; 0; 0; 151; 0; 0; 0; 9999
1967;05; 8; 0; 0; 0; 0; 0; 0; 0; 0; 0; 0; 0; 0; 0; 0; 0; 0; 0; 0; 0; 0; 0; 0; 0; 0; 0; 0; 0; 0; 0; 0
1967;06; 0; 0; 15; 0; 0; 366; 245; 0; 0; 3; 133; 240; 5; 0; 0; 0; 0; 0; 0; 0; 0; 0; 0; 0; 0; 0; 0; 0; 0; 0; 9999
1967;07; 0; 0; 0; 0; 0; 0; 0; 0; 0; 0; 0; 0; 0; 0; 0; 0; 0; 0; 0; 0; 16; 0; 0; 0; 0; 0; 0; 0; 0; 0; 0
1967;08; 0; 0; 0; 0; 0; 0; 0; 0; 0; 0; 0; 0; 0; 0; 0; 0; 0; 0; 0; 0; 0; 0; 0; 0; 0; 0; 0; 0; 0; 0; 0
1967;09; 0; 0; 0; 0; 0; 0; 0; 25; 0; 0; 423; 245; 147; 0; 0; 0; 0; 0; 0; 0; 0; 0; 0; 0; 0; 0; 0; 0; 0; 0; 9999
1967;10; 0; 0; 0; 0; 0; 0; 0; 0; 0; 95; 0; 0; 0; 25; 0; 0; 0; 193; 0; 9; 0; 0; 60; 103; 507; 135; 37; 0; 0; 0; 0
1967;11; 0; 50; 44; 0; 0; 0; 0; 0; 0; 0; 80; 0; 87; 30; 35; 419; 19; 8; 0; 0; 0; 369; 0; 358; 104; 279; 0; 0; 270; 0; 9999
1967;12; 0; 0; 0; 0; 0; 0; 0; 0; 0; 460; 0; 0; 0; 0; 149; 0; 708; 207; 204; 0; 0; 308; 0; 0; 0; 0; 129; 0; 45; 109; 10
1968;01; 0; 0; 85; 0; 0; 0; 77; 0; 0; 0; 255; 134; 203; 70; 4; 98; 42; 227; 59; 0; 0; 0; 0; 0; 0; 0; 0; 0; 0; 0; 0
1968;02; 0; 0; 0; 0; 0; 0; 0; 0; 0; 0; 42; 36; 23; 33; 39; 0; 0; 0; 0; 0; 0; 0; 406; 0; 0; 58; 1; 0; 0; 9999; 9999
1968;03; 0; 0; 405; 0; 10; 9; 93; 280; 138; 0; 0; 172; 92; 101; 152; 56; 0; 0; 0; 0; 0; 0; 0; 0; 0; 0; 0; 99; 0; 0; 26
1968;04; 0; 0; 0; 0; 0; 0; 0; 0; 0; 0; 0; 0; 0; 0; 0; 0; 0; 0; 315; 128; 0; 0; 0; 0; 0; 0; 0; 0; 0; 0; 9999
1968;05; 0; 0; 0; 0; 0; 0; 0; 0; 0; 0; 0; 0; 0; 0; 40; 0; 0; 0; 0; 0; 0; 0; 0; 0; 0; 0; 0; 0; 0; 0; 0
1968;06; 0; 0; 0; 0; 0; 0; 0; 0; 0; 0; 0; 0; 0; 0; 0; 0; 0; 0; 0; 25; 0; 0; 0; 0; 20; 0; 0; 0; 0; 0; 9999
1968;07; 0; 0; 0; 0; 0; 0; 0; 0; 0; 0; 0; 0; 0; 0; 0; 0; 0; 0; 0; 0; 0; 0; 0; 0; 0; 0; 0; 0; 0; 0; 0
1968;08; 0; 0; 0; 0; 100; 0; 100; 110; 60; 0; 0; 0; 0; 0; 0; 0; 0; 0; 0; 0; 0; 0; 0; 0; 0; 0; 0; 0; 0; 150; 20
1968;09; 0; 15; 180; 0; 0; 0; 0; 0; 0; 0; 0; 0; 0; 0; 0; 0; 0; 0; 0; 70; 45; 0; 0; 0; 0; 0; 0; 0; 0; 0; 9999
1968;10; 0; 0; 0; 0; 0; 0; 0; 0; 0; 0; 0; 0; 0; 0; 0; 670; 140; 145; 0; 0; 0; 75; 20; 40; 0; 0; 60; 0; 0; 0; 0
1968;11; 0; 0; 0; 0; 0; 0; 0; 0; 0; 0; 0; 0; 0; 0; 0; 40; 125; 0; 5; 0; 0; 0; 0; 0; 0; 0; 320; 110; 185; 205; 9999
1968;12; 370; 120; 130; 20; 0; 0; 60; 25; 0; 0; 0; 0; 0; 0; 0; 360; 10; 0; 0; 10; 0; 0; 0; 0; 0; 60; 185; 65; 20; 95; 0
1969;01; 30; 8; 519; 0; 34; 30; 125; 86; 120; 0; 0; 0; 36; 0; 357; 616; 719; 301; 34; 69; 20; 0; 0; 0; 0; 0; 0; 0; 0; 0; 0
1969;02; 0; 0; 830; 0; 0; 0; 0; 0; 0; 291; 0; 60; 0; 0; 0; 0; 0; 260; 0; 170; 0; 0; 0; 100; 0; 80; 0; 0; 9999; 9999; 9999
1969;03; 120; 0; 254; 0; 0; 0; 0; 0; 150; 0; 0; 0; 0; 0; 0; 0; 0; 0; 0; 0; 0; 0; 0; 0; 0; 100; 0; 40; 0; 0; 0
1969;04; 0; 0; 0; 100; 0; 0; 0; 0; 0; 0; 152; 0; 0; 0; 0; 0; 0; 0; 0; 0; 0; 0; 0; 0; 0; 0; 0; 0; 100; 0; 9999
1969;05; 9999; 0; 0; 0; 0; 0; 0; 0; 0; 0; 0; 0; 0; 0; 0; 0; 0; 0; 0; 0; 0; 0; 0; 0; 0; 0; 0; 0; 0; 0; 0
1969;06; 9999; 0; 0; 0; 0; 0; 0; 0; 0; 0; 0; 0; 0; 0; 0; 0; 0; 0; 0; 0; 0; 0; 0; 0; 0; 0; 0; 0; 0; 0; 9999
1969;07; 9999; 0; 0; 0; 0; 0; 0; 0; 0; 0; 0; 0; 0; 0; 0; 0; 0; 0; 0; 0; 0; 0; 0; 0; 0; 0; 0; 0; 0; 0; 0
1969;08; 9999; 0; 0; 0; 0; 0; 0; 0; 0; 0; 0; 0; 0; 0; 0; 0; 0; 0; 0; 0; 0; 0; 0; 0; 0; 0; 0; 0; 0; 0; 0
1969;09; 9999; 0; 0; 0; 0; 0; 0; 0; 0; 0; 0; 0; 0; 0; 0; 0; 0; 0; 0; 0; 0; 0; 0; 0; 0; 0; 0; 0; 0; 0; 9999
1969;10; 9999; 9999; 9999; 9999; 9999; 9999; 9999; 9999; 9999; 9999; 9999; 9999; 9999; 9999; 9999; 9999; 9999; 9999; 9999; 9999; 9999; 9999; 9999; 9999; 9999; 9999; 9999; 9999; 9999; 9999; 9999
1969;11; 9999; 9999; 9999; 9999; 9999; 9999; 9999; 9999; 9999; 9999; 9999; 9999; 9999; 9999; 9999; 9999; 9999; 9999; 9999; 9999; 9999; 9999; 9999; 9999; 9999; 9999; 9999; 9999; 9999; 9999; 9999
1969;12; 9999; 9999; 9999; 9999; 9999; 9999; 9999; 9999; 9999; 9999; 9999; 9999; 9999; 9999; 9999; 9999; 9999; 9999; 9999; 9999; 9999; 9999; 9999; 9999; 9999; 9999; 9999; 9999; 9999; 9999; 9999
1970;01; 30; 8; 519; 0; 34; 30; 125; 86; 120; 0; 0; 0; 36; 0; 357; 616; 719; 301; 34; 69; 20; 0; 0; 0; 298; 0; 7; 0; 0; 364; 0
1970;02; 55; 0; 0; 0; 0; 163; 0; 0; 0; 144; 96; 176; 35; 291; 252; 25; 185; 45; 55; 81; 563; 455; 111; 0; 0; 0; 63; 0; 9999; 9999; 9999
1970;03; 33; 21; 0; 0; 0; 0; 0; 0; 0; 17; 49; 106; 77; 34; 0; 3; 396; 0; 0; 0; 0; 0; 0; 0; 0; 0; 0; 0; 0; 0; 71
1970;04; 0; 86; 0; 0; 0; 0; 0; 0; 0; 0; 67; 0; 0; 0; 0; 0; 20; 0; 0; 25; 0; 0; 0; 0; 0; 0; 0; 0; 1; 0; 9999
1970;05; 0; 54; 0; 0; 0; 0; 124; 84; 0; 0; 0; 0; 0; 0; 0; 0; 0; 0; 0; 103; 0; 11; 0; 0; 0; 0; 0; 0; 0; 0; 0
1970;06; 0; 0; 0; 0; 0; 0; 0; 0; 0; 0; 0; 0; 0; 0; 0; 0; 0; 0; 0; 0; 0; 2; 608; 25; 0; 8; 0; 0; 0; 0; 9999
1970;07; 0; 0; 0; 0; 0; 0; 0; 0; 0; 35; 0; 118; 18; 0; 0; 0; 0; 0; 0; 0; 0; 0; 0; 0; 0; 0; 0; 0; 0; 0; 0
1970;08; 0; 0; 0; 0; 0; 0; 0; 0; 0; 0; 0; 0; 0; 0; 0; 0; 0; 0; 0; 0; 0; 0; 0; 0; 42; 419; 84; 0; 62; 134; 0
1970;09; 0; 0; 0; 0; 0; 143; 0; 0; 84; 0; 0; 66; 2; 0; 27; 0; 0; 0; 0; 0; 0; 0; 11; 0; 22; 0; 0; 67; 30; 0; 9999
1970;10; 69; 248; 251; 58; 0; 0; 0; 7; 0; 0; 0; 157; 0; 0; 0; 31; 0; 0; 29; 0; 205; 217; 0; 115; 3; 0; 0; 0; 564; 0; 0
1970;11; 22; 0; 0; 0; 0; 0; 47; 438; 0; 0; 34; 0; 4; 103; 0; 0; 0; 0; 0; 0; 176; 0; 0; 0; 0; 0; 0; 59; 18; 150; 9999
1970;12; 0; 0; 0; 0; 0; 0; 0; 0; 150; 55; 0; 0; 7; 344; 0; 137; 37; 364; 460; 350; 0; 0; 0; 0; 2; 0; 0; 0; 50; 122; 2
1971;01; 81; 3; 0; 31; 0; 212; 0; 0; 4; 0; 5; 21; 10; 463; 0; 202; 0; 0; 0; 0; 60; 0; 0; 0; 0; 0; 0; 23; 0; 0; 0
1971;02; 0; 0; 0; 0; 254; 385; 11; 10; 0; 71; 2; 1; 0; 3; 16; 0; 4; 0; 112; 103; 5; 0; 0; 8; 90; 33; 15; 0; 9999; 9999; 9999
1971;03; 0; 37; 86; 0; 896; 124; 0; 3; 18; 28; 333; 96; 20; 0; 0; 0; 0; 0; 0; 22; 125; 0; 172; 79; 276; 0; 41; 189; 0; 0; 0
1971;04; 0; 0; 0; 0; 0; 0; 4; 185; 38; 0; 7; 61; 0; 0; 0; 1; 6; 0; 0; 4; 168; 168; 0; 4; 0; 0; 0; 0; 0; 0; 9999
1971;05; 0; 105; 0; 178; 4; 0; 0; 0; 0; 0; 0; 0; 0; 0; 0; 0; 0; 0; 0; 0; 0; 0; 0; 0; 39; 21; 0; 0; 0; 0; 0
1971;06; 0; 0; 0; 0; 0; 0; 0; 2; 10; 3; 178; 262; 70; 0; 231; 3; 0; 271; 109; 0; 0; 0; 0; 0; 0; 0; 0; 0; 0; 0; 9999
1971;07; 0; 3; 0; 55; 1; 0; 0; 0; 0; 0; 0; 0; 0; 0; 0; 0; 0; 0; 0; 0; 0; 0; 0; 0; 0; 0; 0; 0; 185; 9; 0
1971;08; 0; 0; 0; 0; 0; 0; 0; 0; 0; 0; 0; 0; 0; 0; 0; 0; 0; 0; 0; 0; 0; 0; 0; 0; 0; 0; 0; 0; 0; 0; 0
1971;09; 0; 1; 0; 0; 0; 41; 0; 90; 0; 0; 69; 0; 0; 0; 0; 0; 0; 0; 0; 0; 0; 0; 0; 236; 2; 11; 2; 3; 9999; 262; 9999
1971;10; 0; 89; 3; 133; 0; 328; 207; 0; 0; 0; 128; 8; 0; 0; 48; 60; 0; 0; 0; 0; 0; 0; 0; 1; 63; 0; 0; 112; 0; 0; 2
1971;11; 995; 10; 59; 0; 0; 0; 0; 0; 6; 0; 0; 0; 4; 0; 0; 0; 0; 42; 0; 0; 0; 15; 2; 26; 42; 34; 65; 0; 50; 279; 9999
1971;12; 0; 5; 354; 34; 0; 0; 23; 326; 0; 74; 4; 2; 27; 226; 0; 0; 0; 0; 0; 0; 0; 192; 401; 18; 288; 248; 127; 0; 105; 0; 0
1972;01; 42; 0; 80; 0; 0; 0; 308; 1; 48; 3; 89; 0; 0; 0; 23; 0; 0; 26; 6; 28; 34; 364; 397; 1; 560; 302; 16; 19; 221; 4; 410
1972;02; 8; 269; 66; 37; 38; 83; 33; 10; 0; 21; 122; 27; 100; 211; 3; 3; 0; 0; 490; 239; 123; 118; 31; 23; 34; 3; 130; 0; 0; 9999; 9999
1972;03; 0; 0; 0; 19; 12; 0; 0; 287; 0; 0; 18; 1; 53; 0; 0; 3; 30; 0; 18; 0; 0; 0; 23; 0; 174; 88; 6; 0; 0; 0; 275
1972;04; 3; 3; 51; 0; 0; 0; 63; 0; 0; 0; 0; 0; 0; 0; 55; 0; 0; 0; 0; 0; 0; 0; 0; 0; 0; 0; 45; 0; 0; 0; 9999
1972;05; 0; 39; 0; 0; 0; 0; 0; 0; 0; 0; 0; 0; 0; 0; 0; 0; 0; 0; 0; 0; 0; 77; 212; 533; 0; 0; 0; 0; 0; 0; 0
1972;06; 0; 0; 0; 0; 0; 0; 0; 0; 0; 0; 0; 0; 0; 0; 0; 0; 0; 16; 0; 0; 0; 0; 0; 0; 0; 0; 0; 0; 0; 0; 9999
1972;07; 0; 0; 0; 0; 0; 0; 0; 273; 2; 125; 41; 124; 703; 1; 137; 0; 0; 0; 0; 0; 0; 0; 0; 0; 0; 48; 0; 0; 0; 0; 0
1972;08; 0; 0; 231; 97; 0; 267; 0; 0; 0; 0; 0; 9; 0; 0; 0; 0; 0; 0; 0; 0; 0; 0; 83; 0; 0; 0; 0; 72; 6; 3; 0
1972;09; 0; 0; 0; 143; 24; 0; 0; 0; 0; 44; 0; 35; 0; 0; 0; 0; 0; 0; 0; 0; 0; 0; 41; 34; 111; 0; 142; 202; 2; 42; 9999
1972;10; 37; 0; 87; 544; 0; 13; 0; 0; 43; 601; 9; 0; 0; 288; 0; 0; 0; 0; 0; 0; 0; 0; 0; 0; 0; 0; 207; 0; 176; 0; 54
1972;11; 32; 97; 387; 0; 0; 0; 0; 145; 2; 29; 27; 0; 257; 93; 15; 0; 34; 0; 183; 0; 0; 0; 0; 16; 202; 56; 0; 0; 0; 365; 9999
1972;12; 13; 0; 43; 421; 0; 0; 0; 0; 59; 0; 23; 0; 0; 0; 0; 0; 0; 26; 0; 0; 9; 639; 107; 0; 347; 19; 0; 394; 0; 0; 103
1973;01; 3; 112; 0; 0; 197; 0; 0; 43; 0; 0; 0; 324; 2; 0; 7; 486; 0; 0; 23; 32; 58; 148; 0; 31; 171; 52; 1; 0; 0; 1; 138
1973;02; 0; 0; 0; 925; 744; 21; 0; 0; 0; 0; 0; 45; 26; 161; 18; 45; 0; 8; 0; 274; 0; 0; 0; 246; 0; 150; 0; 176; 9999; 9999; 9999
1973;03; 18; 0; 48; 0; 0; 0; 0; 219; 287; 2; 0; 0; 0; 0; 0; 0; 9; 0; 0; 53; 0; 5; 203; 0; 0; 0; 0; 0; 519; 121; 127
1973;04; 242; 11; 0; 0; 0; 0; 302; 6; 102; 575; 74; 506; 4; 0; 69; 0; 0; 0; 2; 195; 1; 0; 170; 0; 0; 0; 148; 0; 0; 0; 9999
1973;05; 0; 0; 0; 0; 301; 0; 0; 0; 58; 0; 0; 0; 0; 0; 0; 0; 0; 0; 0; 0; 138; 0; 0; 3; 0; 0; 0; 0; 0; 0; 0
1973;06; 0; 0; 0; 0; 0; 0; 0; 0; 0; 0; 2; 0; 0; 0; 0; 0; 0; 85; 0; 0; 0; 0; 0; 0; 0; 17; 0; 26; 0; 0; 9999
1973;07; 0; 1; 0; 0; 0; 0; 0; 0; 0; 0; 0; 0; 0; 0; 0; 0; 0; 0; 0; 0; 76; 0; 0; 0; 0; 0; 135; 5; 0; 0; 0
1973;08; 0; 0; 0; 0; 33; 0; 0; 0; 0; 0; 0; 0; 0; 3; 0; 0; 0; 0; 0; 0; 0; 0; 0; 0; 0; 0; 0; 0; 0; 0; 0
1973;09; 331; 31; 0; 0; 0; 11; 0; 0; 5; 0; 0; 0; 0; 0; 0; 0; 0; 0; 0; 0; 0; 0; 0; 0; 44; 0; 0; 0; 0; 0; 9999
1973;10; 0; 0; 0; 0; 0; 64; 0; 57; 95; 141; 112; 0; 0; 0; 0; 0; 0; 334; 0; 0; 0; 0; 0; 0; 316; 68; 0; 0; 0; 491; 422
1973;11; 247; 11; 0; 0; 0; 0; 0; 0; 4; 0; 122; 56; 6; 0; 0; 28; 425; 344; 0; 0; 0; 12; 0; 0; 17; 0; 0; 0; 0; 0; 9999
1973;12; 0; 0; 592; 331; 76; 62; 358; 93; 0; 0; 0; 0; 0; 0; 4; 49; 18; 367; 155; 801; 214; 0; 272; 12; 0; 0; 37; 13; 147; 153; 701
1974;01; 93; 8; 86; 0; 0; 96; 215; 0; 68; 354; 225; 221; 135; 185; 35; 151; 17; 2; 0; 0; 0; 0; 0; 0; 0; 93; 77; 113; 0; 51; 177
1974;02; 104; 10; 24; 0; 0; 0; 33; 0; 0; 0; 45; 0; 109; 2; 0; 0; 280; 0; 0; 0; 0; 11; 8; 48; 0; 0; 0; 0; 9999; 9999; 9999
1974;03; 0; 0; 0; 0; 2; 185; 144; 0; 58; 365; 297; 22; 30; 304; 18; 151; 406; 413; 315; 152; 3; 0; 9; 40; 25; 0; 13; 0; 0; 0; 34
1974;04; 0; 0; 2; 0; 0; 0; 157; 0; 3; 9; 11; 0; 55; 0; 0; 0; 0; 0; 0; 0; 0; 0; 0; 18; 31; 0; 0; 0; 0; 0; 9999
1974;05; 0; 0; 0; 0; 0; 0; 0; 0; 0; 0; 0; 31; 2; 0; 0; 0; 17; 0; 0; 0; 0; 0; 0; 0; 0; 1; 0; 0; 0; 0; 0
1974;06; 0; 0; 49; 0; 0; 0; 0; 0; 0; 0; 0; 51; 0; 0; 0; 0; 0; 0; 0; 0; 172; 3; 0; 0; 63; 383; 0; 0; 0; 0; 9999
1974;07; 0; 0; 0; 0; 0; 0; 0; 0; 0; 0; 0; 0; 0; 0; 0; 0; 0; 0; 0; 0; 0; 0; 0; 0; 0; 0; 0; 0; 0; 0; 0
1974;08; 0; 0; 0; 0; 0; 0; 0; 0; 0; 0; 0; 0; 0; 0; 0; 0; 0; 0; 0; 0; 0; 0; 0; 0; 0; 0; 0; 0; 0; 0; 0
1974;09; 0; 0; 0; 0; 0; 0; 0; 0; 0; 0; 0; 0; 0; 0; 0; 0; 0; 0; 0; 30; 250; 0; 0; 0; 0; 0; 0; 102; 13; 0; 9999
1974;10; 7; 5; 0; 248; 0; 0; 0; 0; 18; 0; 0; 0; 0; 0; 0; 0; 173; 0; 48; 11; 0; 17; 0; 21; 43; 181; 0; 173; 72; 52; 11
1974;11; 0; 0; 0; 0; 0; 21; 0; 0; 0; 0; 0; 0; 125; 5; 0; 0; 0; 0; 0; 0; 135; 388; 5; 0; 0; 0; 63; 101; 319; 64; 9999
1974;12; 0; 15; 3; 270; 68; 553; 2; 0; 0; 0; 0; 0; 0; 62; 366; 118; 0; 1022; 397; 237; 448; 31; 40; 92; 61; 0; 45; 21; 4; 221; 11
1975;01; 232; 73; 0; 0; 0; 0; 15; 231; 0; 54; 0; 54; 2; 0; 0; 10; 0; 0; 12; 0; 0; 0; 0; 0; 64; 96; 0; 44; 207; 75; 0
1975;02; 0; 23; 52; 163; 21; 288; 344; 247; 2; 16; 0; 0; 0; 0; 0; 810; 0; 0; 0; 31; 0; 0; 395; 22; 6; 4; 0; 0; 9999; 9999; 9999
1975;03; 376; 0; 0; 0; 0; 0; 0; 0; 139; 25; 0; 0; 0; 0; 0; 0; 0; 0; 0; 0; 0; 0; 0; 18; 41; 0; 0; 0; 4; 0; 0
1975;04; 0; 0; 110; 0; 0; 0; 0; 0; 0; 199; 177; 1; 0; 0; 0; 246; 0; 0; 0; 0; 0; 0; 0; 0; 0; 0; 0; 0; 0; 0; 9999
1975;05; 0; 0; 0; 0; 0; 0; 19; 0; 0; 0; 0; 0; 0; 0; 0; 0; 0; 0; 0; 0; 0; 0; 0; 0; 0; 0; 0; 0; 0; 0; 0
1975;06; 0; 0; 0; 0; 0; 0; 0; 0; 0; 0; 0; 0; 0; 0; 0; 0; 0; 0; 0; 0; 0; 0; 0; 0; 0; 0; 0; 3; 0; 0; 9999
1975;07; 0; 0; 0; 240; 0; 71; 0; 0; 0; 0; 0; 0; 0; 0; 0; 0; 0; 12; 0; 0; 0; 0; 0; 0; 0; 0; 0; 0; 0; 0; 0
1975;08; 0; 0; 0; 0; 0; 0; 0; 0; 0; 0; 0; 0; 0; 0; 0; 0; 0; 0; 0; 0; 0; 0; 0; 0; 0; 0; 0; 0; 0; 0; 0
1975;09; 0; 0; 0; 0; 0; 0; 0; 0; 0; 0; 0; 0; 0; 0; 0; 0; 0; 0; 0; 0; 0; 0; 0; 28; 0; 2; 223; 432; 0; 87; 9999
1975;10; 264; 0; 37; 31; 0; 153; 1; 88; 0; 0; 0; 35; 0; 0; 63; 37; 0; 15; 141; 0; 0; 0; 0; 0; 0; 0; 0; 0; 0; 0; 0
1975;11; 43; 39; 0; 31; 0; 72; 413; 0; 0; 2; 0; 701; 0; 0; 0; 0; 63; 24; 2; 38; 521; 0; 0; 35; 1133; 903; 32; 36; 102; 220; 9999
1975;12; 128; 0; 0; 133; 2; 0; 0; 3; 0; 0; 5; 2; 58; 3; 5; 0; 2; 167; 102; 0; 0; 0; 156; 18; 435; 252; 31; 25; 0; 25; 0
1976;01; 0; 90; 53; 301; 79; 0; 0; 21; 0; 0; 75; 84; 0; 0; 0; 22; 0; 17; 56; 0; 0; 0; 2; 0; 0; 0; 455; 15; 0; 0; 0
1976;02; 160; 143; 211; 55; 0; 54; 227; 262; 0; 0; 0; 0; 0; 0; 0; 464; 225; 380; 459; 5; 125; 11; 10; 67; 0; 70; 5; 293; 3; 9999; 9999
1976;03; 37; 33; 153; 0; 0; 0; 0; 0; 12; 0; 0; 104; 0; 83; 103; 0; 0; 1; 248; 181; 0; 37; 0; 135; 187; 404; 20; 38; 0; 0; 0
1976;04; 0; 0; 0; 0; 0; 0; 1; 0; 0; 0; 95; 46; 117; 470; 45; 0; 0; 0; 0; 0; 0; 0; 37; 0; 0; 0; 0; 0; 0; 20; 9999
1976;05; 0; 0; 0; 0; 91; 0; 0; 0; 0; 5; 0; 11; 0; 0; 0; 0; 0; 0; 0; 42; 0; 0; 0; 0; 0; 0; 0; 0; 511; 71; 0
1976;06; 0; 0; 0; 0; 9; 184; 11; 0; 0; 0; 0; 0; 0; 0; 0; 0; 0; 0; 0; 0; 0; 0; 0; 0; 0; 0; 0; 0; 0; 0; 9999
1976;07; 0; 2; 883; 145; 0; 0; 0; 0; 0; 87; 0; 0; 0; 0; 0; 0; 0; 0; 0; 0; 0; 0; 0; 0; 0; 0; 0; 0; 0; 0; 0
1976;08; 0; 0; 0; 0; 0; 18; 0; 0; 0; 151; 98; 0; 125; 443; 15; 0; 0; 0; 1; 82; 12; 0; 0; 0; 0; 0; 0; 0; 0; 0; 0
1976;09; 0; 0; 0; 0; 1; 105; 41; 2; 0; 0; 0; 0; 18; 278; 14; 440; 0; 0; 0; 0; 0; 0; 101; 0; 0; 0; 133; 93; 0; 0; 9999
1976;10; 0; 0; 0; 0; 0; 0; 6; 0; 432; 447; 0; 0; 0; 0; 0; 0; 0; 90; 46; 45; 0; 2; 21; 0; 222; 42; 0; 0; 0; 333; 0
1976;11; 274; 5; 0; 32; 87; 285; 0; 0; 0; 0; 0; 0; 21; 0; 27; 143; 0; 0; 0; 431; 456; 57; 0; 0; 0; 89; 31; 0; 118; 48; 9999
1976;12; 3; 247; 0; 0; 185; 33; 0; 0; 52; 19; 0; 78; 3; 2; 6; 103; 161; 67; 0; 98; 0; 0; 181; 259; 58; 263; 168; 206; 0; 0; 0
1977;01; 0; 178; 0; 0; 223; 168; 137; 0; 0; 0; 0; 0; 0; 0; 0; 0; 356; 9; 106; 847; 0; 7; 121; 211; 7; 127; 11; 103; 9; 264; 223
1977;02; 242; 0; 59; 0; 0; 0; 0; 0; 0; 0; 101; 0; 0; 0; 9; 0; 0; 0; 0; 0; 0; 0; 0; 51; 0; 0; 42; 0; 9999; 9999; 9999
1977;03; 0; 0; 0; 0; 72; 11; 21; 0; 51; 0; 0; 0; 0; 0; 0; 0; 0; 0; 51; 0; 0; 100; 0; 2; 0; 0; 16; 0; 76; 82; 109
1977;04; 175; 0; 2; 303; 131; 0; 0; 0; 102; 384; 42; 0; 0; 0; 0; 0; 0; 0; 441; 563; 302; 85; 0; 0; 0; 0; 0; 0; 0; 0; 9999
1977;05; 0; 0; 55; 0; 0; 0; 0; 0; 0; 4; 0; 0; 0; 0; 0; 0; 57; 0; 0; 0; 0; 0; 0; 0; 0; 0; 0; 0; 0; 0; 0
1977;06; 0; 49; 0; 22; 138; 6; 0; 0; 0; 0; 0; 0; 0; 0; 5; 0; 0; 0; 0; 0; 0; 0; 0; 0; 229; 0; 0; 0; 0; 0; 9999
1977;07; 0; 0; 0; 0; 0; 0; 0; 0; 0; 0; 0; 0; 0; 0; 0; 0; 0; 0; 2; 0; 0; 0; 0; 0; 72; 0; 0; 0; 0; 0; 0
1977;08; 0; 0; 0; 0; 0; 0; 0; 0; 0; 0; 0; 0; 0; 0; 0; 0; 0; 0; 0; 0; 0; 0; 0; 0; 0; 0; 0; 0; 55; 32; 7
1977;09; 285; 219; 9; 0; 0; 0; 657; 1; 0; 0; 0; 0; 0; 0; 0; 0; 0; 0; 0; 0; 0; 0; 11; 353; 3; 0; 0; 0; 0; 36; 9999
1977;10; 0; 166; 0; 0; 0; 53; 0; 0; 0; 0; 0; 0; 0; 0; 0; 0; 0; 116; 0; 0; 0; 0; 0; 0; 0; 0; 0; 323; 12; 0; 0
1977;11; 0; 88; 0; 0; 0; 0; 0; 0; 0; 0; 0; 141; 146; 0; 334; 54; 0; 16; 71; 79; 0; 0; 0; 1; 30; 29; 661; 215; 4; 216; 9999
1977;12; 187; 282; 381; 140; 214; 151; 60; 71; 0; 66; 446; 51; 0; 0; 241; 0; 0; 0; 21; 153; 37; 71; 166; 0; 0; 0; 0; 0; 0; 0; 27
1978;01; 62; 39; 117; 4; 347; 0; 163; 33; 103; 78; 115; 45; 14; 356; 9; 0; 128; 0; 0; 0; 0; 48; 0; 0; 0; 0; 78; 100; 0; 0; 0
1978;02; 0; 0; 0; 7; 3; 6; 0; 0; 0; 0; 0; 0; 0; 35; 0; 39; 0; 32; 0; 83; 1; 45; 84; 0; 0; 32; 355; 0; 9999; 9999; 9999
1978;03; 2; 0; 102; 223; 77; 0; 53; 31; 54; 264; 63; 0; 0; 0; 0; 0; 0; 0; 0; 0; 0; 0; 0; 0; 0; 0; 0; 13; 32; 117; 0
1978;04; 0; 0; 0; 0; 0; 0; 0; 0; 0; 0; 0; 0; 0; 0; 0; 0; 121; 0; 0; 0; 29; 1; 1; 0; 0; 0; 0; 0; 0; 0; 9999
1978;05; 0; 0; 0; 0; 0; 0; 0; 0; 0; 0; 0; 0; 0; 0; 0; 1; 181; 213; 251; 0; 54; 74; 470; 0; 0; 0; 0; 0; 0; 181; 22
1978;06; 13; 0; 0; 0; 0; 0; 0; 0; 180; 100; 0; 0; 0; 0; 0; 0; 0; 0; 0; 0; 0; 0; 0; 0; 0; 0; 0; 0; 0; 0; 9999
1978;07; 0; 0; 0; 0; 0; 0; 0; 0; 0; 0; 0; 0; 0; 0; 264; 0; 0; 63; 0; 0; 161; 60; 0; 0; 0; 0; 0; 0; 0; 0; 0
1978;08; 0; 0; 0; 0; 0; 0; 0; 0; 0; 0; 0; 0; 0; 0; 0; 0; 0; 0; 0; 0; 0; 0; 0; 0; 0; 0; 0; 0; 0; 0; 0
1978;09; 1; 0; 0; 0; 0; 64; 49; 44; 0; 0; 0; 0; 0; 0; 1; 0; 91; 53; 0; 0; 0; 0; 0; 0; 0; 0; 0; 0; 0; 0; 9999
1978;10; 0; 0; 0; 0; 0; 0; 0; 0; 0; 0; 5; 0; 0; 111; 0; 0; 70; 0; 165; 0; 0; 0; 0; 0; 0; 0; 47; 13; 4; 31; 171
1978;11; 101; 0; 0; 327; 24; 111; 0; 0; 0; 0; 1034; 301; 131; 0; 0; 0; 81; 3; 0; 0; 188; 61; 12; 285; 0; 9; 0; 354; 0; 0; 9999
1978;12; 0; 0; 4; 0; 2; 119; 139; 441; 279; 637; 1; 0; 0; 0; 64; 1; 34; 70; 0; 0; 0; 0; 141; 31; 0; 131; 242; 273; 9; 0; 0
1979;01; 0; 31; 207; 110; 1; 157; 0; 0; 0; 0; 0; 29; 22; 0; 0; 0; 0; 0; 0; 7; 610; 101; 0; 0; 1; 401; 82; 4; 102; 21; 0
1979;02; 0; 0; 0; 21; 0; 22; 0; 4; 0; 0; 0; 17; 327; 533; 60; 0; 0; 84; 0; 31; 0; 0; 10; 0; 0; 0; 371; 0; 9999; 9999; 9999
1979;03; 0; 0; 244; 0; 0; 63; 0; 0; 0; 0; 27; 0; 286; 10; 35; 0; 0; 0; 0; 46; 0; 0; 0; 0; 130; 0; 0; 0; 0; 0; 0
1979;04; 0; 0; 0; 191; 117; 0; 157; 3; 0; 0; 0; 0; 0; 339; 0; 0; 0; 0; 0; 0; 0; 0; 0; 0; 0; 0; 0; 0; 71; 190; 9999
1979;05; 141; 140; 0; 24; 234; 2; 331; 43; 0; 0; 0; 0; 0; 0; 0; 0; 0; 0; 0; 0; 0; 0; 0; 37; 0; 0; 0; 0; 12; 348; 0
1979;06; 0; 0; 0; 0; 0; 0; 0; 0; 0; 0; 0; 0; 0; 0; 0; 0; 0; 0; 0; 0; 0; 0; 0; 0; 0; 0; 0; 0; 0; 0; 9999
1979;07; 0; 0; 0; 0; 0; 0; 0; 0; 0; 0; 0; 0; 0; 0; 0; 0; 0; 0; 0; 185; 9; 0; 5; 0; 81; 0; 118; 0; 0; 0; 0
1979;08; 0; 0; 0; 0; 0; 0; 0; 0; 0; 0; 0; 0; 4; 0; 0; 0; 0; 0; 145; 184; 0; 0; 0; 0; 0; 0; 178; 0; 23; 0; 0
1979;09; 0; 0; 18; 3; 9; 0; 0; 0; 0; 0; 58; 39; 0; 176; 601; 255; 18; 13; 0; 0; 0; 0; 235; 0; 0; 0; 0; 0; 0; 85; 9999
1979;10; 31; 3; 0; 0; 0; 0; 18; 73; 124; 0; 0; 0; 413; 120; 83; 33; 0; 0; 0; 0; 0; 0; 0; 0; 0; 0; 5; 0; 21; 0; 10
1979;11; 385; 44; 544; 3; 0; 0; 0; 37; 165; 13; 164; 4; 0; 0; 0; 0; 0; 0; 168; 0; 0; 0; 2; 11; 62; 282; 0; 0; 0; 0; 9999
1979;12; 0; 0; 201; 488; 189; 0; 0; 0; 0; 176; 0; 123; 209; 65; 23; 209; 11; 3; 13; 220; 151; 91; 79; 72; 278; 117; 353; 144; 14; 0; 23
1980;01; 87; 0; 0; 0; 0; 0; 0; 151; 24; 63; 4; 187; 43; 23; 0; 0; 11; 153; 111; 21; 29; 8; 134; 0; 517; 43; 362; 0; 25; 0; 0
1980;02; 29; 0; 0; 0; 0; 0; 0; 77; 134; 77; 153; 22; 29; 0; 19; 161; 32; 80; 401; 32; 0; 0; 288; 97; 331; 271; 556; 177; 81; 9999; 9999
1980;03; 44; 0; 0; 0; 0; 0; 0; 0; 0; 0; 0; 21; 303; 193; 71; 222; 12; 62; 1; 0; 0; 0; 0; 0; 0; 0; 0; 0; 0; 1; 0
1980;04; 0; 0; 90; 124; 182; 31; 0; 0; 1; 9; 130; 27; 4; 0; 124; 12; 0; 0; 0; 0; 0; 0; 0; 0; 0; 0; 0; 0; 0; 0; 9999
1980;05; 3; 11; 43; 26; 0; 0; 0; 0; 0; 0; 45; 3; 0; 0; 0; 0; 1; 0; 0; 0; 0; 0; 2; 0; 0; 0; 0; 0; 0; 0; 0
1980;06; 0; 0; 0; 20; 0; 0; 0; 0; 0; 0; 0; 0; 0; 17; 0; 0; 0; 0; 0; 0; 0; 11; 1; 0; 17; 841; 123; 0; 0; 0; 9999
1980;07; 0; 0; 0; 0; 0; 0; 0; 0; 0; 0; 0; 0; 0; 0; 0; 0; 0; 0; 0; 0; 0; 0; 0; 0; 0; 0; 0; 0; 0; 0; 0
1980;08; 0; 0; 0; 0; 0; 0; 7; 0; 0; 0; 0; 0; 28; 5; 0; 0; 0; 0; 0; 0; 0; 0; 0; 0; 0; 17; 88; 0; 0; 0; 0
1980;09; 0; 0; 0; 0; 0; 0; 0; 0; 0; 0; 0; 0; 406; 61; 0; 0; 2; 34; 123; 4; 224; 175; 0; 0; 0; 0; 0; 156; 21; 0; 9999
1980;10; 0; 0; 0; 0; 0; 0; 0; 41; 33; 4; 1; 313; 19; 0; 0; 0; 11; 0; 0; 0; 0; 0; 0; 0; 0; 3; 0; 0; 0; 0; 17
1980;11; 0; 0; 0; 0; 14; 0; 5; 453; 37; 504; 77; 43; 0; 0; 0; 0; 0; 0; 0; 276; 0; 0; 126; 165; 170; 0; 0; 0; 19; 266; 9999
1980;12; 364; 534; 413; 140; 75; 9; 0; 7; 0; 0; 0; 73; 32; 267; 13; 0; 0; 34; 0; 0; 152; 334; 41; 141; 143; 51; 34; 44; 21; 37; 121
1981;01; 0; 233; 4; 39; 63; 0; 100; 565; 0; 65; 533; 193; 161; 183; 185; 391; 133; 2; 0; 1; 401; 200; 0; 3; 233; 116; 3; 17; 3; 0; 0
1981;02; 0; 0; 0; 0; 0; 0; 0; 33; 3; 377; 143; 0; 4; 7; 0; 0; 0; 0; 0; 13; 43; 0; 0; 0; 0; 0; 8; 52; 9999; 9999; 9999
1981;03; 0; 0; 323; 0; 13; 0; 248; 0; 51; 0; 0; 0; 0; 0; 0; 0; 0; 181; 0; 0; 0; 0; 0; 0; 0; 0; 5; 151; 421; 37; 0
1981;04; 0; 0; 0; 0; 78; 29; 0; 0; 0; 0; 0; 0; 0; 0; 0; 25; 2; 0; 0; 0; 0; 0; 0; 68; 0; 0; 0; 144; 3; 0; 9999
1981;05; 0; 0; 0; 0; 0; 0; 0; 0; 0; 0; 0; 0; 0; 0; 0; 0; 0; 0; 15; 24; 65; 0; 0; 0; 0; 0; 0; 5; 87; 0; 0
1981;06; 0; 0; 0; 0; 0; 0; 49; 4; 0; 0; 0; 0; 0; 0; 0; 7; 411; 19; 0; 0; 0; 0; 0; 0; 0; 0; 0; 0; 0; 0; 9999
1981;07; 0; 0; 0; 0; 0; 0; 0; 0; 0; 0; 0; 0; 0; 0; 0; 0; 0; 0; 0; 0; 0; 0; 0; 0; 5; 2; 0; 0; 0; 0; 0
1981;08; 0; 0; 0; 0; 0; 0; 0; 0; 0; 0; 0; 0; 0; 0; 0; 0; 0; 37; 0; 0; 0; 0; 0; 0; 0; 0; 0; 0; 0; 0; 0
1981;09; 0; 0; 0; 188; 0; 0; 0; 0; 0; 0; 0; 0; 0; 0; 0; 0; 0; 0; 0; 0; 0; 0; 0; 0; 0; 274; 0; 0; 0; 0; 9999
1981;10; 0; 0; 63; 77; 13; 4; 43; 2; 0; 0; 25; 110; 311; 0; 0; 480; 0; 0; 0; 1223; 0; 0; 0; 0; 67; 0; 274; 0; 0; 183; 0
1981;11; 0; 13; 151; 111; 11; 0; 0; 3; 1; 111; 181; 177; 74; 53; 117; 0; 0; 0; 0; 65; 166; 0; 0; 0; 0; 0; 0; 0; 0; 12; 9999
1981;12; 5; 2; 0; 0; 166; 212; 181; 304; 586; 261; 0; 4; 8; 0; 0; 97; 204; 39; 103; 0; 0; 0; 330; 2; 13; 18; 0; 301; 2; 0; 0
1982;01; 0; 71; 173; 31; 0; 0; 1; 0; 12; 700; 371; 478; 31; 0; 0; 0; 0; 2; 0; 34; 76; 0; 174; 364; 0; 0; 133; 64; 244; 43; 7
1982;02; 0; 413; 77; 13; 473; 252; 120; 0; 0; 0; 0; 0; 0; 0; 0; 0; 0; 0; 0; 0; 0; 75; 13; 8; 36; 0; 74; 4; 9999; 9999; 9999
1982;03; 0; 88; 109; 0; 0; 0; 91; 2; 364; 471; 223; 13; 221; 122; 0; 187; 18; 5; 2; 0; 0; 802; 147; 0; 4; 0; 4; 510; 0; 0; 0
1982;04; 9; 21; 0; 0; 0; 0; 0; 0; 0; 0; 26; 22; 0; 48; 694; 0; 0; 0; 0; 0; 0; 0; 0; 0; 0; 0; 0; 0; 0; 0; 9999
1982;05; 182; 0; 0; 0; 0; 0; 0; 0; 0; 0; 0; 0; 0; 0; 0; 0; 28; 0; 31; 37; 0; 0; 0; 0; 47; 62; 0; 0; 0; 0; 108
1982;06; 0; 0; 0; 0; 82; 17; 0; 0; 0; 0; 0; 0; 75; 4; 0; 0; 482; 0; 0; 0; 0; 0; 0; 3; 51; 0; 0; 0; 3; 278; 9999
1982;07; 5; 0; 0; 0; 0; 0; 0; 0; 0; 0; 0; 0; 0; 55; 0; 0; 0; 0; 175; 0; 0; 0; 0; 0; 0; 0; 0; 0; 0; 54; 0
1982;08; 0; 0; 0; 0; 6; 7; 0; 0; 0; 0; 43; 3; 0; 0; 0; 0; 0; 0; 8; 0; 0; 0; 0; 0; 0; 0; 3; 15; 11; 0; 0
1982;09; 0; 0; 0; 9; 0; 42; 0; 0; 0; 0; 0; 0; 0; 0; 0; 0; 0; 0; 0; 0; 0; 13; 0; 0; 0; 0; 7; 274; 0; 0; 9999
1982;10; 0; 156; 445; 95; 0; 0; 0; 75; 87; 8; 421; 0; 5; 233; 0; 0; 0; 0; 235; 0; 11; 123; 0; 0; 0; 78; 59; 282; 0; 278; 0
1982;11; 0; 0; 17; 13; 21; 201; 83; 0; 0; 303; 312; 94; 0; 17; 225; 49; 0; 0; 0; 61; 13; 0; 0; 535; 0; 78; 154; 0; 0; 0; 9999
1982;12; 6; 73; 181; 0; 0; 0; 114; 153; 0; 0; 29; 343; 4; 5; 0; 811; 385; 111; 101; 175; 351; 111; 351; 445; 0; 0; 0; 168; 35; 149; 96
1983;01; 19; 0; 140; 0; 119; 41; 42; 12; 249; 123; 77; 77; 48; 266; 116; 188; 173; 144; 43; 184; 43; 0; 63; 0; 0; 32; 9; 0; 0; 3; 93
1983;02; 188; 706; 551; 171; 0; 0; 195; 333; 45; 385; 0; 322; 2; 4; 77; 0; 0; 0; 29; 0; 0; 0; 64; 0; 71; 36; 35; 17; 9999; 9999; 9999
1983;03; 0; 101; 0; 5; 125; 101; 409; 135; 0; 0; 0; 0; 195; 2; 1; 0; 0; 0; 102; 265; 35; 212; 51; 0; 0; 0; 4; 5; 0; 0; 0
1983;04; 47; 114; 267; 0; 0; 0; 281; 12; 0; 0; 98; 17; 18; 0; 0; 0; 0; 5; 0; 0; 55; 25; 0; 0; 681; 201; 12; 0; 0; 0; 9999
1983;05; 0; 0; 0; 0; 0; 0; 0; 0; 1; 0; 0; 0; 34; 5; 0; 0; 0; 0; 0; 334; 17; 0; 218; 123; 7; 0; 0; 0; 171; 213; 639
1983;06; 26; 136; 118; 52; 87; 0; 45; 0; 51; 0; 0; 0; 0; 0; 0; 0; 0; 0; 0; 0; 0; 0; 0; 0; 0; 0; 0; 0; 42; 0; 9999
1983;07; 0; 0; 0; 0; 0; 0; 0; 0; 0; 0; 0; 0; 0; 0; 0; 0; 0; 228; 162; 151; 143; 0; 0; 0; 0; 0; 0; 0; 0; 0; 0
1983;08; 0; 0; 0; 0; 0; 0; 0; 0; 0; 0; 0; 0; 0; 0; 0; 0; 0; 0; 0; 0; 0; 0; 0; 0; 0; 0; 0; 0; 0; 0; 0
1983;09; 0; 0; 0; 0; 23; 352; 184; 238; 8; 7; 13; 4; 294; 0; 0; 182; 11; 185; 501; 115; 0; 0; 0; 677; 181; 0; 0; 0; 0; 9999; 9999
1983;10; 0; 88; 0; 14; 0; 0; 18; 68; 0; 0; 3; 37; 88; 195; 59; 0; 0; 101; 66; 0; 0; 70; 487; 306; 0; 0; 0; 0; 0; 0; 0
1983;11; 38; 132; 31; 0; 114; 0; 0; 0; 0; 0; 44; 613; 148; 0; 33; 0; 0; 0; 0; 222; 0; 23; 0; 0; 0; 0; 0; 0; 3; 0; 9999
1983;12; 0; 183; 21; 0; 0; 18; 271; 0; 334; 84; 181; 91; 233; 426; 151; 38; 41; 0; 0; 31; 0; 284; 258; 12; 34; 6; 44; 278; 159; 53; 16
1984;01; 11; 13; 0; 0; 0; 0; 0; 0; 0; 0; 0; 0; 0; 0; 0; 0; 18; 0; 0; 0; 0; 737; 66; 21; 34; 128; 312; 421; 5; 0; 0
1984;02; 0; 0; 0; 0; 0; 0; 266; 0; 152; 4; 0; 11; 45; 0; 11; 42; 0; 0; 6; 11; 0; 0; 68; 0; 67; 11; 0; 0; 0; 9999; 9999
1984;03; 0; 196; 0; 29; 0; 0; 0; 304; 601; 0; 0; 0; 0; 0; 0; 0; 25; 0; 0; 0; 0; 15; 0; 0; 0; 0; 0; 0; 14; 3; 0
1984;04; 0; 0; 0; 0; 34; 0; 0; 175; 0; 0; 0; 0; 0; 2; 0; 21; 155; 0; 0; 0; 0; 0; 0; 0; 0; 0; 0; 0; 156; 53; 9999
1984;05; 11; 52; 128; 78; 0; 0; 0; 0; 0; 0; 0; 0; 3; 56; 235; 0; 0; 22; 0; 0; 0; 0; 0; 0; 0; 0; 0; 0; 0; 0; 0
1984;06; 0; 0; 0; 0; 0; 0; 0; 0; 0; 0; 0; 0; 0; 0; 0; 0; 0; 0; 0; 0; 0; 0; 0; 0; 0; 0; 0; 0; 0; 0; 9999
1984;07; 0; 0; 0; 0; 0; 0; 0; 0; 0; 0; 0; 0; 0; 0; 0; 0; 0; 0; 0; 0; 0; 0; 0; 0; 0; 0; 0; 0; 0; 0; 0
1984;08; 0; 0; 205; 246; 0; 0; 0; 0; 0; 0; 0; 0; 0; 0; 0; 0; 0; 0; 0; 4; 184; 3; 102; 6; 6; 31; 0; 0; 0; 3; 0
1984;09; 0; 0; 0; 0; 0; 0; 168; 64; 165; 0; 0; 0; 0; 0; 0; 0; 101; 0; 0; 11; 0; 0; 0; 0; 0; 0; 388; 0; 0; 0; 9999
1984;10; 0; 0; 0; 0; 0; 0; 0; 0; 0; 46; 0; 0; 0; 0; 8; 0; 0; 41; 0; 0; 0; 0; 0; 0; 11; 0; 0; 0; 0; 0; 0
1984;11; 0; 0; 0; 0; 0; 77; 24; 0; 0; 42; 3; 241; 82; 5; 0; 0; 84; 3; 35; 0; 652; 0; 8; 0; 153; 363; 67; 0; 0; 0; 9999
1984;12; 0; 578; 19; 0; 0; 0; 27; 169; 67; 0; 0; 0; 61; 347; 253; 118; 178; 137; 0; 0; 0; 0; 0; 0; 3; 0; 219; 0; 32; 111; 194
1985;01; 0; 0; 0; 0; 47; 351; 114; 381; 668; 0; 0; 0; 0; 0; 0; 0; 125; 42; 173; 6; 5; 12; 193; 135; 85; 231; 321; 11; 0; 0; 34
1985;02; 137; 0; 3; 6; 0; 0; 0; 144; 0; 0; 16; 29; 11; 0; 15; 31; 0; 9; 0; 0; 0; 28; 2; 23; 17; 78; 2; 73; 9999; 9999; 9999
1985;03; 144; 201; 73; 0; 3; 162; 4; 21; 0; 88; 201; 272; 0; 0; 0; 358; 81; 303; 0; 0; 4; 7; 0; 0; 0; 0; 75; 111; 0; 0; 0
1985;04; 0; 0; 0; 71; 122; 68; 341; 0; 16; 57; 0; 85; 0; 0; 0; 13; 48; 243; 1; 0; 0; 0; 0; 0; 0; 31; 71; 0; 0; 0; 9999
1985;05; 4; 0; 0; 0; 0; 0; 0; 0; 0; 1; 0; 0; 0; 0; 0; 0; 0; 0; 0; 0; 0; 73; 1; 0; 0; 0; 0; 0; 0; 0; 0
1985;06; 0; 0; 0; 0; 0; 0; 0; 0; 0; 0; 0; 0; 0; 0; 0; 0; 0; 0; 0; 0; 0; 0; 0; 0; 0; 0; 0; 0; 0; 0; 9999
1985;07; 0; 0; 0; 0; 0; 0; 0; 0; 0; 0; 0; 0; 0; 0; 0; 0; 0; 0; 0; 0; 0; 0; 0; 0; 0; 0; 0; 0; 0; 0; 0
1985;08; 0; 0; 0; 0; 0; 0; 0; 0; 0; 0; 0; 0; 0; 0; 0; 0; 0; 0; 0; 0; 0; 0; 45; 0; 0; 0; 0; 0; 0; 0; 11
1985;09; 22; 0; 0; 0; 16; 0; 0; 0; 0; 0; 0; 0; 0; 0; 0; 0; 0; 0; 0; 0; 0; 0; 0; 18; 0; 0; 0; 0; 0; 0; 9999
1985;10; 0; 0; 0; 0; 0; 0; 0; 0; 0; 136; 0; 0; 0; 0; 0; 0; 0; 133; 0; 0; 0; 0; 5; 0; 4; 3; 78; 0; 517; 0; 0
1985;11; 567; 704; 291; 36; 0; 0; 0; 0; 0; 0; 0; 0; 0; 0; 0; 0; 0; 0; 0; 63; 1; 19; 6; 8; 19; 74; 506; 37; 0; 0; 9999
1985;12; 0; 0; 35; 383; 0; 0; 0; 0; 0; 0; 0; 0; 0; 0; 73; 0; 391; 0; 0; 0; 331; 165; 107; 31; 64; 146; 345; 0; 0; 2; 0
1986;01; 0; 0; 2; 0; 14; 361; 0; 2; 73; 0; 0; 674; 514; 132; 0; 0; 0; 0; 28; 0; 0; 131; 32; 96; 25; 97; 8; 0; 0; 0; 3
1986;02; 0; 0; 111; 13; 0; 0; 0; 11; 0; 464; 14; 4; 54; 105; 115; 62; 96; 6; 112; 210; 11; 0; 0; 0; 0; 0; 134; 3; 9999; 9999; 9999
1986;03; 282; 4; 33; 34; 621; 10; 35; 148; 0; 25; 0; 0; 0; 13; 0; 66; 0; 63; 132; 0; 0; 0; 13; 39; 0; 0; 3; 0; 0; 719; 0
1986;04; 0; 0; 0; 0; 0; 0; 0; 15; 0; 0; 0; 0; 0; 0; 91; 147; 0; 0; 0; 0; 0; 117; 0; 0; 0; 0; 200; 0; 0; 0; 9999
1986;05; 0; 0; 0; 0; 0; 0; 63; 77; 123; 13; 62; 0; 302; 44; 0; 0; 0; 0; 332; 3; 0; 0; 0; 0; 0; 0; 5; 0; 0; 0; 165
1986;06; 3; 0; 0; 0; 0; 0; 0; 0; 0; 0; 0; 0; 0; 0; 0; 0; 0; 0; 0; 0; 0; 0; 0; 0; 0; 0; 0; 0; 0; 0; 9999
1986;07; 0; 0; 0; 0; 0; 0; 0; 0; 0; 0; 0; 0; 0; 0; 0; 0; 0; 0; 0; 0; 0; 0; 348; 165; 0; 0; 0; 0; 0; 0; 2
1986;08; 3; 0; 0; 0; 0; 0; 0; 0; 0; 0; 0; 0; 0; 0; 31; 190; 39; 0; 0; 0; 0; 517; 252; 24; 97; 4; 0; 0; 0; 0; 0
1986;09; 0; 0; 0; 0; 0; 0; 0; 0; 0; 0; 0; 0; 0; 0; 0; 0; 0; 0; 0; 0; 0; 0; 0; 0; 0; 0; 0; 0; 189; 0; 9999
1986;10; 0; 0; 0; 0; 0; 0; 0; 0; 71; 0; 41; 0; 0; 0; 0; 0; 0; 0; 0; 61; 193; 161; 1; 0; 0; 0; 11; 0; 0; 0; 0
1986;11; 0; 32; 21; 115; 138; 124; 19; 0; 0; 85; 76; 80; 0; 0; 0; 0; 0; 0; 0; 0; 68; 0; 0; 0; 0; 0; 52; 0; 0; 328; 9999
1986;12; 241; 392; 96; 28; 2; 0; 134; 28; 103; 181; 0; 0; 0; 29; 117; 85; 164; 5; 0; 0; 131; 1; 522; 2; 9; 1101; 44; 12; 177; 12; 23
1987;01; 65; 84; 116; 28; 0; 422; 24; 0; 0; 0; 51; 67; 0; 0; 0; 82; 0; 118; 7; 0; 0; 40; 55; 141; 61; 40; 272; 401; 173; 71; 164
1987;02; 32; 0; 83; 112; 2; 0; 0; 0; 0; 25; 0; 0; 68; 163; 178; 514; 21; 0; 21; 41; 0; 0; 0; 0; 0; 110; 0; 38; 9999; 9999; 9999
1987;03; 88; 0; 17; 0; 0; 0; 0; 155; 137; 161; 104; 0; 0; 0; 110; 95; 0; 0; 655; 116; 0; 0; 0; 0; 0; 0; 0; 0; 0; 0; 0
1987;04; 2; 0; 0; 241; 162; 0; 0; 0; 11; 42; 0; 0; 0; 0; 0; 0; 0; 0; 0; 0; 188; 0; 0; 63; 0; 0; 0; 0; 0; 14; 9999
1987;05; 0; 0; 15; 0; 0; 0; 0; 0; 198; 0; 0; 118; 0; 0; 0; 166; 0; 0; 21; 33; 124; 113; 0; 11; 104; 0; 0; 0; 0; 0; 0
1987;06; 0; 0; 0; 0; 0; 0; 0; 0; 0; 0; 0; 0; 0; 0; 0; 34; 0; 0; 0; 0; 0; 0; 72; 64; 0; 0; 0; 0; 0; 0; 9999
1987;07; 0; 0; 0; 0; 0; 0; 0; 0; 41; 97; 0; 0; 0; 0; 0; 0; 0; 0; 0; 0; 0; 0; 0; 0; 0; 0; 0; 0; 0; 6; 0
1987;08; 0; 0; 0; 0; 0; 0; 32; 0; 0; 0; 0; 0; 0; 0; 0; 0; 0; 0; 0; 0; 0; 0; 0; 0; 0; 0; 0; 0; 0; 0; 0
1987;09; 0; 0; 0; 0; 0; 13; 25; 2; 0; 0; 155; 0; 0; 0; 0; 0; 0; 0; 28; 0; 0; 29; 92; 94; 0; 0; 0; 75; 0; 0; 9999
1987;10; 0; 97; 0; 0; 0; 211; 0; 0; 0; 0; 0; 0; 0; 2; 0; 32; 0; 0; 0; 5; 3; 0; 0; 73; 131; 0; 0; 0; 177; 0; 48
1987;11; 0; 0; 0; 0; 0; 144; 91; 0; 3; 0; 0; 0; 0; 187; 505; 383; 35; 0; 0; 0; 12; 65; 0; 0; 393; 31; 165; 0; 0; 0; 9999
1987;12; 0; 0; 0; 0; 55; 133; 61; 0; 96; 0; 121; 0; 0; 145; 0; 0; 19; 278; 10; 0; 0; 0; 0; 0; 0; 0; 0; 202; 28; 121; 0
1988;01; 128; 0; 0; 0; 138; 91; 183; 65; 403; 0; 66; 0; 0; 53; 71; 0; 0; 11; 0; 0; 64; 0; 531; 19; 0; 0; 167; 0; 68; 119; 0
1988;02; 0; 276; 0; 0; 38; 74; 0; 98; 25; 163; 224; 0; 0; 131; 943; 0; 117; 126; 0; 132; 425; 0; 0; 0; 241; 302; 63; 168; 0; 9999; 9999
1988;03; 257; 483; 168; 53; 2; 0; 0; 0; 0; 0; 0; 0; 0; 0; 0; 0; 257; 89; 148; 17; 0; 0; 0; 0; 0; 0; 0; 0; 0; 0; 0
1988;04; 0; 0; 22; 0; 0; 0; 0; 124; 301; 0; 0; 0; 64; 303; 0; 0; 0; 171; 0; 176; 2; 0; 0; 0; 0; 0; 162; 0; 0; 0; 9999
1988;05; 0; 0; 0; 0; 12; 554; 0; 0; 0; 0; 0; 0; 0; 0; 7; 0; 78; 102; 0; 0; 0; 0; 0; 27; 0; 0; 0; 0; 0; 177; 114
1988;06; 0; 0; 0; 246; 0; 0; 0; 0; 0; 0; 0; 0; 0; 0; 69; 0; 0; 0; 0; 0; 0; 0; 0; 0; 0; 0; 0; 0; 0; 0; 9999
1988;07; 0; 0; 0; 0; 0; 0; 0; 0; 0; 0; 0; 0; 0; 0; 0; 0; 0; 0; 0; 0; 0; 0; 0; 0; 0; 0; 0; 0; 0; 0; 0
1988;08; 0; 0; 0; 0; 0; 0; 0; 0; 0; 0; 0; 0; 0; 0; 0; 0; 0; 0; 0; 0; 0; 0; 0; 0; 0; 0; 0; 0; 0; 0; 0
1988;09; 0; 0; 0; 0; 0; 0; 0; 0; 0; 0; 0; 0; 0; 0; 0; 0; 0; 26; 0; 0; 0; 0; 0; 0; 0; 0; 0; 0; 2; 0; 9999
1988;10; 125; 0; 0; 0; 91; 1; 0; 0; 0; 0; 0; 60; 164; 25; 0; 0; 0; 0; 0; 215; 19; 0; 155; 306; 0; 78; 377; 0; 21; 33; 121
1988;11; 45; 55; 0; 0; 0; 0; 0; 78; 0; 0; 0; 0; 0; 0; 32; 0; 31; 0; 0; 51; 124; 52; 24; 0; 0; 0; 189; 0; 0; 0; 9999
1988;12; 19; 321; 17; 0; 0; 0; 0; 0; 0; 0; 42; 0; 0; 172; 2; 0; 0; 0; 0; 134; 301; 115; 45; 264; 16; 277; 64; 71; 164; 0; 37
1989;01; 0; 0; 0; 227; 249; 134; 61; 239; 114; 354; 161; 173; 161; 41; 194; 219; 0; 41; 0; 64; 0; 2; 134; 21; 144; 16; 0; 0; 0; 0; 0
1989;02; 0; 0; 0; 459; 54; 41; 53; 44; 34; 63; 453; 15; 27; 0; 281; 1; 49; 0; 97; 0; 98; 0; 2; 40; 25; 318; 0; 0; 9999; 9999; 9999
1989;03; 2; 0; 15; 393; 0; 0; 0; 0; 57; 0; 0; 0; 0; 252; 44; 313; 0; 0; 0; 0; 0; 0; 0; 14; 114; 17; 444; 187; 0; 0; 0
1989;04; 0; 38; 0; 0; 0; 0; 3; 0; 0; 0; 0; 58; 0; 48; 483; 40; 0; 0; 12; 0; 0; 0; 0; 0; 0; 0; 0; 0; 0; 156; 9999
1989;05; 0; 6; 0; 256; 44; 31; 0; 0; 0; 0; 0; 0; 0; 0; 0; 0; 0; 0; 0; 0; 0; 0; 0; 0; 0; 0; 0; 0; 0; 0; 0
1989;06; 0; 0; 0; 0; 0; 0; 0; 131; 65; 144; 38; 0; 0; 0; 0; 0; 0; 0; 0; 0; 0; 0; 0; 0; 27; 0; 0; 0; 43; 0; 9999
1989;07; 0; 0; 0; 0; 0; 4; 0; 0; 0; 0; 0; 0; 0; 0; 0; 0; 0; 0; 0; 0; 0; 0; 0; 0; 0; 3; 0; 6; 354; 0; 371
1989;08; 0; 0; 0; 0; 0; 20; 0; 0; 0; 0; 0; 0; 0; 0; 0; 0; 0; 0; 0; 0; 0; 21; 36; 0; 0; 118; 0; 67; 0; 0; 0
1989;09; 0; 0; 0; 0; 145; 11; 89; 6; 111; 168; 0; 0; 68; 123; 56; 0; 0; 0; 0; 0; 0; 0; 0; 0; 0; 0; 41; 12; 0; 0; 9999
1989;10; 0; 0; 0; 81; 0; 0; 0; 0; 0; 0; 0; 103; 0; 0; 0; 0; 0; 0; 0; 0; 0; 27; 0; 0; 0; 11; 402; 9; 9999; 0; 0
1989;11; 0; 0; 0; 62; 1; 0; 0; 0; 0; 6; 18; 232; 78; 0; 0; 0; 0; 98; 0; 208; 101; 123; 73; 7; 134; 0; 0; 125; 24; 43; 9999
1989;12; 0; 0; 0; 0; 0; 0; 0; 0; 0; 93; 89; 387; 98; 54; 44; 0; 0; 0; 0; 0; 0; 0; 0; 0; 0; 0; 78; 93; 103; 325; 583
1990;01; 219; 234; 256; 301; 231; 254; 235; 101; 93; 27; 204; 155; 69; 2; 0; 75; 392; 0; 0; 14; 0; 0; 13; 0; 0; 0; 0; 16; 0; 0; 0
1990;02; 0; 0; 0; 0; 0; 91; 4; 21; 9; 0; 0; 23; 19; 85; 81; 0; 0; 0; 0; 0; 0; 0; 45; 0; 344; 34; 166; 101; 9999; 9999; 9999
1990;03; 263; 29; 46; 0; 0; 0; 201; 22; 17; 112; 0; 0; 0; 0; 0; 0; 17; 93; 95; 64; 33; 25; 404; 4; 19; 0; 235; 31; 9; 5; 0
1990;04; 0; 0; 0; 0; 0; 0; 28; 12; 14; 0; 0; 0; 0; 0; 0; 118; 313; 202; 11; 55; 0; 0; 0; 0; 0; 0; 0; 0; 0; 0; 9999
1990;05; 0; 36; 313; 0; 0; 0; 0; 0; 0; 0; 94; 55; 0; 0; 0; 91; 9; 86; 0; 0; 0; 0; 0; 0; 0; 0; 0; 0; 0; 0; 0
1990;06; 0; 0; 0; 0; 0; 0; 0; 0; 0; 0; 0; 0; 0; 0; 0; 0; 0; 0; 0; 0; 0; 0; 0; 0; 0; 0; 0; 0; 0; 0; 9999
1990;07; 0; 0; 0; 0; 4; 63; 0; 0; 0; 0; 33; 0; 0; 0; 0; 0; 0; 0; 0; 0; 0; 23; 0; 0; 0; 0; 0; 0; 0; 0; 0
1990;08; 0; 0; 0; 0; 0; 0; 0; 0; 0; 0; 0; 0; 0; 0; 0; 0; 124; 195; 20; 85; 369; 0; 0; 54; 0; 0; 0; 151; 11; 0; 0
1990;09; 0; 45; 0; 0; 0; 0; 0; 0; 0; 0; 0; 0; 29; 30; 0; 0; 0; 0; 0; 0; 0; 0; 0; 14; 0; 0; 0; 0; 0; 29; 9999
1990;10; 102; 44; 25; 14; 174; 0; 0; 0; 0; 0; 0; 0; 314; 0; 0; 0; 21; 35; 11; 101; 23; 0; 0; 0; 0; 0; 0; 0; 0; 0; 0
1990;11; 19; 25; 0; 58; 137; 163; 0; 15; 74; 69; 0; 0; 0; 12; 0; 39; 417; 9; 0; 0; 28; 0; 0; 0; 0; 0; 111; 95; 0; 0; 9999
1990;12; 0; 0; 0; 0; 0; 0; 0; 0; 0; 0; 188; 676; 365; 0; 53; 994; 6; 0; 0; 154; 0; 45; 0; 0; 0; 31; 0; 0; 0; 0; 0
1991;01; 0; 0; 0; 203; 222; 0; 0; 0; 0; 0; 473; 130; 115; 3; 58; 135; 114; 0; 0; 0; 99; 0; 0; 12; 0; 73; 477; 223; 97; 5; 74
1991;02; 21; 119; 0; 0; 73; 52; 41; 263; 211; 273; 291; 32; 54; 0; 0; 0; 100; 41; 101; 0; 0; 0; 0; 0; 0; 0; 0; 282; 9999; 9999; 9999
1991;03; 181; 304; 31; 342; 183; 95; 121; 55; 0; 0; 0; 93; 0; 0; 0; 0; 0; 0; 0; 0; 0; 97; 0; 0; 131; 159; 64; 93; 352; 233; 161
1991;04; 61; 0; 0; 0; 73; 0; 0; 544; 93; 0; 0; 0; 0; 0; 0; 0; 0; 11; 21; 272; 0; 0; 0; 0; 325; 471; 167; 0; 0; 0; 9999
1991;05; 0; 0; 0; 0; 0; 0; 0; 75; 0; 0; 0; 0; 0; 0; 31; 83; 0; 0; 0; 0; 0; 0; 0; 0; 0; 0; 0; 0; 0; 0; 0
1991;06; 0; 0; 0; 0; 0; 0; 0; 0; 0; 0; 0; 0; 0; 0; 0; 0; 0; 0; 0; 0; 0; 0; 0; 0; 0; 0; 0; 0; 0; 0; 9999
1991;07; 0; 0; 0; 0; 0; 0; 0; 0; 0; 0; 0; 56; 0; 61; 2; 0; 281; 0; 0; 0; 0; 0; 0; 0; 0; 0; 0; 0; 0; 0; 0
1991;08; 0; 0; 0; 0; 0; 0; 0; 0; 0; 0; 0; 0; 0; 0; 0; 0; 0; 0; 0; 0; 0; 0; 0; 0; 0; 0; 0; 0; 0; 0; 0
1991;09; 0; 0; 0; 0; 0; 0; 0; 0; 0; 0; 0; 0; 0; 0; 0; 0; 0; 0; 43; 93; 0; 0; 0; 0; 0; 54; 0; 0; 320; 55; 9999
1991;10; 309; 0; 121; 13; 0; 97; 196; 123; 6; 0; 0; 0; 0; 0; 0; 0; 3; 0; 0; 0; 0; 0; 0; 0; 0; 47; 0; 0; 54; 0; 0
1991;11; 38; 0; 67; 0; 0; 0; 0; 0; 265; 63; 0; 0; 0; 0; 0; 0; 0; 0; 0; 0; 0; 0; 0; 0; 0; 0; 0; 0; 0; 137; 9999
1991;12; 35; 0; 0; 0; 0; 0; 9; 130; 144; 492; 181; 24; 81; 0; 0; 46; 55; 13; 116; 375; 0; 0; 205; 0; 0; 0; 0; 276; 0; 0; 377
1992;01; 23; 585; 43; 39; 55; 0; 0; 0; 0; 0; 0; 0; 0; 101; 0; 0; 0; 55; 351; 40; 0; 180; 339; 0; 104; 0; 0; 0; 0; 12; 45
1992;02; 213; 188; 262; 85; 222; 0; 18; 0; 10; 14; 0; 0; 0; 0; 0; 0; 0; 0; 0; 0; 0; 21; 0; 30; 92; 0; 7; 20; 115; 9999; 9999
1992;03; 141; 184; 55; 12; 0; 0; 0; 18; 0; 0; 245; 559; 58; 0; 0; 61; 255; 0; 0; 365; 0; 0; 0; 0; 162; 0; 201; 52; 0; 88; 86
1992;04; 16; 0; 0; 0; 0; 0; 0; 0; 0; 0; 508; 0; 72; 205; 0; 0; 0; 0; 0; 101; 202; 0; 19; 0; 35; 164; 0; 0; 0; 0; 9999
1992;05; 0; 265; 302; 30; 0; 0; 2; 0; 0; 0; 0; 0; 0; 0; 0; 0; 0; 0; 0; 0; 0; 0; 350; 0; 0; 0; 0; 0; 0; 0; 0
1992;06; 0; 0; 0; 0; 0; 0; 0; 0; 0; 0; 0; 0; 0; 0; 0; 0; 0; 0; 0; 0; 0; 0; 0; 0; 0; 0; 0; 0; 0; 0; 9999
1992;07; 0; 0; 0; 0; 0; 0; 0; 0; 0; 0; 0; 0; 0; 0; 0; 0; 0; 0; 0; 0; 0; 0; 0; 0; 0; 0; 0; 0; 0; 0; 0
1992;08; 0; 0; 0; 0; 0; 0; 0; 0; 0; 0; 0; 0; 20; 0; 0; 0; 0; 0; 13; 0; 0; 61; 91; 39; 0; 0; 0; 0; 0; 0; 0
1992;09; 0; 15; 0; 24; 61; 112; 34; 21; 0; 0; 0; 73; 0; 9999; 9999; 102; 9999; 9999; 9999; 0; 0; 0; 0; 0; 42; 38; 142; 0; 0; 0; 9999
1992;10; 0; 191; 221; 0; 0; 0; 135; 50; 178; 0; 0; 215; 135; 0; 0; 0; 308; 0; 0; 0; 185; 0; 0; 0; 0; 0; 0; 80; 130; 0; 0
1992;11; 201; 0; 0; 401; 0; 0; 14; 41; 170; 5; 0; 0; 205; 0; 0; 0; 162; 0; 0; 0; 0; 0; 123; 0; 302; 45; 10; 0; 0; 0; 9999
1992;12; 161; 364; 0; 0; 0; 0; 0; 68; 0; 95; 551; 0; 0; 0; 23; 0; 0; 45; 0; 0; 231; 0; 0; 19; 0; 9; 0; 0; 0; 163; 19
1993;01; 0; 0; 0; 146; 63; 81; 0; 357; 0; 121; 275; 50; 75; 25; 0; 0; 0; 75; 0; 0; 85; 0; 0; 0; 0; 91; 104; 0; 0; 0; 0
1993;02; 157; 24; 192; 412; 303; 202; 0; 305; 285; 45; 0; 202; 24; 0; 190; 3; 165; 102; 193; 127; 0; 25; 294; 45; 0; 203; 0; 71; 9999; 9999; 9999
1993;03; 114; 0; 0; 0; 0; 0; 0; 0; 0; 0; 0; 0; 0; 0; 65; 0; 0; 58; 52; 81; 25; 0; 0; 250; 165; 0; 465; 0; 28; 26; 263
1993;04; 0; 301; 11; 252; 21; 0; 230; 0; 0; 191; 0; 42; 415; 89; 0; 0; 0; 0; 0; 0; 0; 0; 75; 180; 0; 0; 0; 0; 0; 0; 9999
1993;05; 0; 0; 0; 0; 143; 0; 0; 0; 0; 0; 0; 0; 0; 0; 154; 0; 0; 0; 0; 0; 0; 0; 0; 0; 0; 0; 0; 0; 0; 489; 71
1993;06; 0; 5; 0; 0; 197; 0; 0; 49; 0; 0; 0; 0; 0; 0; 0; 0; 0; 0; 131; 0; 0; 0; 0; 0; 0; 0; 0; 0; 0; 0; 9999
1993;07; 0; 0; 0; 0; 0; 0; 0; 0; 0; 0; 0; 0; 0; 0; 0; 0; 0; 0; 0; 0; 0; 0; 0; 0; 0; 0; 0; 0; 0; 0; 0
1993;08; 0; 20; 0; 0; 0; 0; 0; 0; 0; 0; 0; 0; 0; 0; 0; 102; 0; 0; 0; 101; 0; 0; 0; 105; 64; 0; 0; 0; 0; 0; 0
1993;09; 0; 0; 0; 0; 0; 0; 0; 93; 0; 0; 13; 0; 0; 0; 79; 142; 0; 0; 0; 0; 0; 239; 0; 69; 195; 0; 132; 45; 0; 0; 9999
1993;10; 0; 0; 0; 0; 9999; 0; 0; 0; 0; 0; 0; 0; 0; 0; 0; 139; 31; 0; 0; 120; 345; 0; 112; 0; 502; 0; 0; 0; 0; 0; 0
1993;11; 0; 0; 0; 0; 0; 0; 94; 0; 0; 0; 0; 0; 0; 0; 0; 0; 0; 50; 0; 0; 0; 302; 58; 0; 25; 0; 0; 0; 0; 0; 9999
1993;12; 0; 0; 0; 0; 682; 5; 192; 0; 370; 0; 104; 0; 0; 0; 32; 0; 117; 0; 0; 0; 0; 0; 0; 309; 9999; 0; 9; 408; 72; 69; 9999
1994;01; 95; 180; 146; 0; 56; 0; 76; 92; 181; 121; 0; 5; 152; 20; 486; 5; 0; 0; 74; 30; 372; 259; 422; 33; 189; 319; 32; 0; 0; 365; 75
1994;02; 31; 0; 0; 0; 0; 54; 0; 0; 106; 0; 149; 186; 51; 20; 292; 42; 0; 0; 0; 61; 0; 0; 139; 0; 36; 0; 115; 56; 9999; 9999; 9999
1994;03; 72; 118; 0; 0; 0; 520; 0; 141; 0; 421; 82; 0; 0; 0; 0; 0; 0; 0; 0; 209; 159; 5; 26; 61; 34; 36; 0; 0; 0; 0; 9
1994;04; 0; 0; 0; 0; 0; 0; 33; 0; 0; 0; 0; 0; 0; 0; 7; 0; 0; 8; 0; 0; 0; 0; 0; 0; 3; 0; 0; 0; 0; 0; 9999
1994;05; 0; 0; 35; 0; 0; 0; 0; 0; 0; 0; 0; 0; 101; 74; 702; 0; 0; 0; 0; 0; 0; 0; 0; 0; 0; 0; 0; 115; 0; 0; 0
1994;06; 0; 0; 0; 0; 0; 0; 0; 0; 0; 0; 0; 0; 0; 0; 0; 0; 0; 0; 0; 0; 0; 98; 0; 0; 145; 34; 0; 0; 0; 0; 9999
1994;07; 0; 0; 0; 0; 0; 0; 0; 132; 17; 0; 0; 0; 0; 0; 0; 0; 0; 0; 0; 0; 0; 0; 101; 3; 0; 0; 0; 0; 0; 0; 0
1994;08; 0; 0; 0; 0; 0; 0; 0; 0; 0; 0; 0; 0; 0; 0; 0; 0; 0; 0; 0; 0; 0; 0; 0; 0; 0; 0; 0; 0; 0; 0; 0
1994;09; 0; 0; 0; 0; 0; 0; 0; 0; 0; 0; 0; 0; 0; 0; 0; 0; 0; 0; 0; 0; 0; 0; 0; 0; 0; 0; 0; 0; 0; 0; 9999
1994;10; 0; 0; 0; 0; 0; 0; 0; 0; 0; 0; 0; 0; 0; 0; 0; 0; 92; 78; 0; 0; 203; 17; 362; 0; 393; 0; 102; 25; 92; 0; 183
1994;11; 0; 9; 0; 0; 0; 205; 1; 0; 74; 0; 0; 0; 74; 34; 58; 253; 0; 54; 493; 0; 0; 0; 0; 0; 0; 0; 0; 42; 25; 307; 9999
1994;12; 0; 0; 13; 0; 0; 39; 0; 0; 0; 0; 0; 0; 0; 0; 32; 0; 0; 35; 278; 0; 0; 527; 341; 82; 0; 121; 195; 0; 0; 0; 142
1995;01; 471; 0; 55; 486; 35; 5; 24; 0; 72; 10; 0; 7; 0; 51; 0; 0; 0; 0; 9; 0; 131; 185; 9999; 0; 0; 0; 250; 0; 429; 0; 20
1995;02; 210; 139; 19; 455; 340; 0; 720; 462; 385; 0; 64; 301; 20; 29; 46; 12; 0; 34; 151; 205; 98; 0; 0; 0; 0; 0; 0; 0; 9999; 9999; 9999
1995;03; 61; 106; 0; 0; 190; 0; 0; 0; 32; 251; 0; 0; 136; 102; 0; 0; 0; 0; 0; 105; 0; 278; 0; 0; 133; 0; 0; 0; 0; 102; 702
1995;04; 50; 0; 0; 0; 21; 0; 0; 102; 0; 0; 0; 7; 0; 0; 0; 0; 0; 0; 0; 0; 45; 0; 0; 0; 0; 0; 0; 0; 0; 0; 9999
1995;05; 0; 0; 0; 0; 0; 47; 239; 9; 0; 0; 386; 0; 0; 0; 0; 0; 0; 0; 282; 0; 0; 0; 0; 0; 0; 0; 0; 0; 0; 0; 0
1995;06; 0; 0; 0; 0; 0; 0; 0; 0; 0; 0; 0; 0; 0; 0; 0; 0; 0; 0; 0; 0; 0; 0; 0; 0; 0; 101; 0; 0; 0; 0; 9999
1995;07; 0; 0; 0; 0; 0; 0; 0; 0; 65; 42; 90; 0; 0; 0; 0; 0; 0; 0; 0; 5; 0; 0; 0; 0; 0; 0; 0; 0; 0; 0; 0
1995;08; 0; 0; 0; 0; 0; 21; 0; 0; 0; 0; 0; 0; 0; 0; 0; 0; 0; 0; 0; 0; 0; 0; 0; 0; 0; 0; 0; 0; 0; 0; 0
1995;09; 0; 0; 0; 0; 0; 0; 0; 0; 0; 0; 0; 0; 0; 0; 0; 0; 0; 0; 79; 0; 0; 0; 0; 0; 72; 0; 130; 0; 0; 0; 9999
1995;10; 35; 0; 0; 0; 0; 0; 0; 292; 0; 0; 0; 0; 2; 215; 224; 27; 345; 286; 25; 0; 169; 0; 0; 0; 0; 0; 0; 0; 0; 47; 0
1995;11; 0; 0; 169; 45; 0; 0; 0; 0; 0; 0; 0; 228; 0; 76; 61; 0; 0; 0; 0; 0; 0; 0; 0; 62; 20; 0; 0; 0; 0; 0; 9999
1995;12; 0; 12; 0; 0; 0; 0; 0; 251; 0; 0; 38; 0; 406; 162; 0; 0; 184; 225; 179; 10; 0; 87; 82; 282; 12; 155; 11; 355; 0; 0; 0
1996;01; 0; 136; 562; 172; 0; 25; 0; 193; 262; 61; 4; 25; 453; 0; 0; 0; 0; 0; 0; 0; 0; 0; 0; 0; 0; 124; 0; 0; 0; 0; 0
1996;02; 545; 0; 241; 105; 262; 0; 5; 0; 0; 65; 0; 0; 0; 0; 61; 0; 0; 0; 0; 152; 0; 0; 130; 0; 0; 0; 0; 0; 89; 9999; 9999
1996;03; 29; 21; 0; 0; 304; 0; 119; 250; 59; 183; 0; 69; 0; 0; 0; 0; 162; 0; 1; 0; 0; 0; 195; 0; 0; 0; 0; 659; 189; 0; 172
1996;04; 0; 275; 0; 0; 0; 0; 0; 0; 0; 0; 79; 0; 0; 0; 409; 42; 56; 48; 0; 0; 0; 0; 0; 0; 0; 0; 0; 0; 0; 0; 9999
1996;05; 0; 0; 0; 0; 0; 0; 0; 0; 0; 45; 0; 0; 0; 0; 0; 355; 0; 155; 0; 0; 0; 0; 0; 21; 0; 0; 0; 0; 0; 0; 0
1996;06; 0; 0; 0; 0; 0; 0; 0; 0; 0; 0; 0; 0; 0; 0; 0; 0; 0; 0; 0; 0; 0; 0; 0; 0; 0; 0; 0; 139; 65; 0; 9999
1996;07; 0; 0; 0; 0; 0; 0; 0; 0; 0; 0; 0; 0; 0; 0; 0; 0; 0; 0; 0; 0; 0; 0; 0; 0; 0; 0; 0; 0; 0; 0; 0
1996;08; 0; 0; 0; 0; 0; 0; 0; 0; 0; 144; 0; 0; 0; 0; 42; 0; 0; 0; 0; 0; 0; 0; 0; 0; 0; 0; 0; 0; 0; 0; 0
1996;09; 85; 0; 0; 302; 50; 145; 0; 0; 0; 305; 73; 0; 0; 0; 0; 0; 0; 0; 0; 0; 0; 0; 0; 0; 0; 0; 0; 0; 0; 139; 9999
1996;10; 0; 0; 285; 12; 0; 0; 0; 0; 0; 0; 85; 0; 0; 0; 0; 0; 0; 0; 0; 0; 0; 0; 435; 80; 0; 469; 195; 0; 0; 0; 0
1996;11; 682; 94; 0; 42; 0; 0; 0; 0; 0; 0; 0; 0; 0; 0; 319; 231; 125; 0; 0; 590; 302; 506; 0; 0; 0; 0; 0; 0; 0; 0; 9999
1996;12; 0; 0; 0; 62; 0; 0; 244; 421; 0; 32; 68; 69; 75; 905; 0; 0; 239; 789; 0; 0; 123; 102; 60; 40; 0; 0; 0; 0; 180; 101; 202
1997;01; 245; 224; 228; 0; 18; 0; 26; 0; 361; 0; 75; 322; 0; 0; 109; 0; 0; 0; 68; 256; 49; 0; 41; 302; 102; 162; 306; 59; 0; 134; 0
1997;02; 92; 131; 123; 65; 0; 0; 0; 0; 0; 0; 0; 0; 225; 32; 0; 85; 371; 1; 0; 25; 0; 0; 0; 0; 0; 0; 0; 0; 9999; 9999; 9999
1997;03; 9999; 9999; 9999; 9999; 9999; 9999; 9999; 9999; 9999; 9999; 9999; 9999; 9999; 9999; 9999; 9999; 9999; 9999; 9999; 9999; 9999; 9999; 9999; 9999; 9999; 9999; 9999; 9999; 9999; 9999; 9999
1997;04; 9999; 9999; 9999; 9999; 9999; 9999; 9999; 9999; 9999; 9999; 9999; 9999; 9999; 9999; 9999; 9999; 9999; 9999; 9999; 9999; 9999; 9999; 9999; 9999; 9999; 9999; 9999; 9999; 9999; 9999; 9999
1997;05; 0; 0; 0; 0; 0; 0; 0; 0; 0; 0; 0; 0; 0; 0; 0; 50; 0; 0; 0; 0; 0; 0; 115; 0; 405; 0; 0; 0; 189; 0; 0
1997;06; 9999; 9999; 9999; 9999; 9999; 9999; 9999; 9999; 9999; 9999; 9999; 9999; 9999; 9999; 9999; 9999; 9999; 9999; 9999; 9999; 9999; 9999; 9999; 9999; 9999; 9999; 9999; 9999; 9999; 9999; 9999
1997;07; 0; 0; 0; 0; 0; 0; 0; 0; 0; 0; 0; 0; 0; 0; 0; 0; 0; 0; 0; 0; 0; 179; 0; 0; 0; 0; 0; 0; 0; 0; 0
1997;08; 0; 0; 0; 0; 0; 0; 0; 0; 0; 0; 0; 0; 0; 0; 0; 0; 0; 0; 0; 0; 0; 0; 0; 0; 0; 0; 0; 0; 0; 0; 0
1997;09; 0; 0; 0; 0; 0; 0; 0; 0; 0; 0; 0; 0; 0; 45; 0; 0; 0; 0; 27; 0; 276; 0; 0; 0; 21; 0; 0; 0; 0; 0; 9999
1997;10; 0; 41; 0; 0; 0; 131; 0; 0; 41; 0; 0; 0; 0; 0; 0; 0; 95; 0; 0; 205; 304; 113; 0; 0; 0; 0; 345; 0; 0; 0; 0
1997;11; 0; 0; 0; 0; 301; 190; 585; 75; 0; 0; 0; 0; 0; 0; 265; 145; 120; 183; 595; 0; 0; 175; 0; 0; 0; 95; 261; 420; 286; 0; 9999
1997;12; 0; 151; 0; 0; 0; 187; 0; 111; 0; 0; 0; 0; 25; 53; 225; 0; 0; 61; 0; 0; 372; 0; 0; 0; 0; 132; 0; 0; 0; 0; 122
