33
Ano,Mes,1,2,3,4,5,6,7,8,9,10,11,12,13,14,15,16,17,18,19,20,21,22,23,24,25,26,27,28,29,30,31
1936;01; 0; 151; 80; 105; 0; 0; 0; 0; 0; 0; 0; 151; 0; 0; 0; 161; 0; 275; 0; 0; 0; 0; 0; 0; 0; 0; 0; 0; 0; 0; 0
1936;02; 0; 157; 0; 0; 121; 222; 0; 0; 0; 0; 0; 0; 0; 0; 0; 0; 0; 150; 0; 0; 155; 0; 0; 301; 455; 595; 455; 580; 0; 9999; 9999
1936;03; 181; 0; 173; 182; 0; 550; 563; 151; 420; 0; 0; 0; 203; 0; 653; 0; 0; 0; 125; 0; 0; 0; 230; 0; 0; 0; 0; 0; 0; 0; 0
1936;04; 0; 0; 0; 0; 0; 0; 0; 0; 0; 0; 150; 0; 461; 0; 0; 0; 0; 0; 0; 0; 304; 0; 0; 0; 0; 0; 0; 0; 0; 0; 9999
1936;05; 322; 0; 0; 0; 0; 0; 0; 0; 0; 0; 0; 0; 0; 0; 0; 0; 0; 0; 0; 0; 0; 0; 0; 0; 0; 0; 0; 0; 0; 0; 0
1936;06; 0; 0; 0; 0; 0; 0; 0; 0; 0; 0; 0; 0; 0; 0; 0; 0; 0; 0; 0; 0; 0; 0; 0; 0; 0; 0; 0; 0; 0; 0; 9999
1936;07; 0; 0; 0; 0; 0; 0; 0; 0; 0; 0; 0; 0; 0; 60; 0; 0; 0; 0; 0; 0; 0; 0; 0; 0; 0; 0; 0; 0; 0; 0; 0
1936;08; 0; 0; 0; 0; 251; 60; 0; 0; 0; 0; 0; 0; 0; 0; 0; 0; 0; 0; 0; 0; 0; 300; 0; 0; 0; 20; 278; 312; 30; 0; 0
1936;09; 0; 0; 0; 0; 0; 0; 0; 0; 0; 0; 201; 20; 0; 0; 0; 301; 0; 0; 30; 9; 0; 0; 0; 300; 0; 0; 300; 0; 0; 0; 9999
1936;10; 0; 0; 0; 0; 0; 0; 0; 0; 0; 150; 0; 0; 0; 0; 0; 0; 100; 0; 0; 60; 311; 0; 0; 0; 0; 0; 0; 0; 0; 0; 0
1936;11; 0; 0; 21; 322; 258; 0; 0; 0; 0; 150; 183; 280; 130; 0; 0; 0; 350; 0; 101; 0; 0; 0; 279; 217; 66; 0; 0; 0; 0; 0; 9999
1936;12; 65; 631; 215; 0; 0; 0; 60; 140; 0; 0; 0; 40; 80; 325; 177; 11; 211; 130; 0; 0; 0; 0; 0; 0; 0; 280; 14; 0; 110; 0; 0
1937;01; 0; 20; 0; 50; 235; 0; 0; 120; 250; 0; 113; 110; 134; 0; 75; 0; 0; 0; 30; 0; 0; 0; 0; 40; 400; 0; 0; 0; 0; 0; 0
1937;02; 0; 180; 262; 30; 115; 45; 120; 0; 0; 0; 20; 160; 197; 90; 392; 0; 0; 0; 0; 0; 0; 0; 70; 60; 0; 0; 0; 0; 9999; 9999; 9999
1937;03; 183; 19; 99; 61; 0; 0; 36; 148; 0; 0; 0; 0; 0; 0; 0; 0; 34; 0; 0; 0; 0; 0; 0; 0; 0; 150; 0; 0; 0; 0; 0
1937;04; 0; 0; 0; 0; 85; 0; 0; 83; 0; 0; 0; 0; 0; 0; 0; 470; 0; 0; 0; 0; 0; 0; 0; 0; 0; 0; 0; 0; 0; 34; 9999
1937;05; 220; 0; 0; 0; 0; 0; 0; 0; 0; 0; 0; 0; 0; 0; 0; 400; 120; 20; 0; 0; 0; 0; 0; 0; 0; 0; 0; 0; 0; 0; 0
1937;06; 60; 0; 0; 0; 53; 825; 0; 0; 0; 0; 0; 0; 0; 0; 0; 0; 0; 40; 0; 0; 0; 0; 0; 0; 0; 0; 0; 0; 0; 0; 9999
1937;07; 0; 0; 0; 0; 0; 0; 0; 0; 0; 0; 0; 0; 0; 0; 0; 0; 0; 0; 0; 0; 0; 0; 0; 0; 0; 0; 0; 0; 0; 0; 0
1937;08; 0; 0; 0; 0; 0; 0; 0; 0; 0; 0; 0; 0; 0; 0; 0; 0; 0; 0; 0; 0; 0; 0; 72; 372; 0; 0; 0; 0; 110; 0; 0
1937;09; 0; 0; 0; 0; 0; 0; 0; 0; 0; 0; 0; 10; 0; 0; 0; 0; 0; 0; 0; 0; 0; 0; 0; 0; 0; 0; 0; 0; 0; 0; 9999
1937;10; 0; 0; 30; 0; 0; 510; 0; 0; 0; 0; 0; 0; 0; 80; 70; 440; 0; 0; 140; 160; 0; 0; 0; 190; 40; 100; 0; 0; 0; 0; 0
1937;11; 0; 0; 40; 0; 0; 0; 14; 40; 120; 0; 0; 0; 0; 0; 0; 160; 495; 0; 0; 0; 0; 0; 406; 0; 0; 0; 0; 0; 0; 0; 9999
1937;12; 0; 0; 0; 110; 350; 80; 36; 0; 0; 60; 170; 0; 0; 0; 59; 0; 221; 122; 0; 72; 10; 0; 0; 0; 0; 50; 0; 0; 63; 372; 0
1938;01; 0; 21; 66; 448; 577; 0; 0; 0; 0; 0; 0; 0; 0; 15; 0; 900; 15; 16; 152; 0; 0; 0; 0; 0; 0; 99; 0; 0; 0; 70; 0
1938;02; 0; 3; 0; 0; 340; 0; 88; 0; 0; 0; 0; 0; 0; 2; 4; 67; 20; 0; 220; 0; 0; 0; 0; 0; 0; 122; 0; 0; 9999; 9999; 9999
1938;03; 100; 40; 0; 0; 121; 0; 0; 0; 0; 0; 0; 0; 60; 0; 0; 40; 88; 122; 0; 0; 88; 40; 170; 10; 0; 0; 0; 0; 0; 0; 0
1938;04; 470; 0; 0; 90; 0; 90; 0; 120; 0; 115; 145; 0; 0; 0; 0; 0; 0; 0; 235; 0; 0; 0; 0; 0; 0; 0; 0; 0; 0; 0; 9999
1938;05; 0; 0; 0; 0; 0; 0; 0; 0; 0; 0; 0; 0; 50; 50; 0; 30; 125; 0; 0; 105; 0; 300; 0; 0; 0; 0; 120; 0; 0; 0; 0
1938;06; 0; 0; 0; 0; 0; 0; 0; 0; 0; 0; 0; 0; 0; 0; 0; 0; 0; 0; 0; 0; 0; 0; 0; 0; 0; 0; 0; 0; 0; 0; 9999
1938;07; 0; 0; 0; 0; 0; 0; 0; 0; 0; 0; 0; 0; 0; 10; 0; 0; 0; 0; 0; 0; 0; 0; 0; 0; 0; 0; 0; 0; 0; 0; 0
1938;08; 80; 130; 40; 0; 0; 80; 0; 0; 0; 0; 0; 0; 0; 0; 0; 0; 0; 0; 0; 0; 0; 0; 0; 0; 0; 0; 0; 0; 0; 0; 0
1938;09; 0; 0; 0; 0; 60; 50; 0; 252; 233; 24; 0; 0; 200; 200; 0; 0; 0; 0; 0; 0; 0; 0; 0; 0; 0; 0; 0; 0; 0; 0; 9999
1938;10; 0; 0; 170; 60; 0; 0; 0; 60; 70; 60; 60; 70; 190; 590; 100; 80; 60; 714; 70; 528; 80; 70; 80; 190; 90; 0; 240; 0; 80; 0; 70
1938;11; 156; 0; 0; 0; 0; 0; 0; 200; 0; 0; 201; 0; 325; 0; 0; 0; 253; 0; 0; 0; 0; 300; 0; 0; 0; 0; 30; 185; 0; 0; 9999
1938;12; 0; 0; 0; 0; 0; 0; 0; 80; 50; 52; 0; 0; 0; 20; 85; 223; 0; 0; 0; 60; 230; 0; 30; 0; 380; 20; 30; 0; 0; 0; 0
1939;01; 270; 80; 0; 0; 0; 0; 50; 123; 0; 0; 0; 0; 0; 0; 360; 0; 120; 40; 0; 0; 0; 455; 455; 343; 154; 0; 0; 0; 30; 0; 0
1939;02; 30; 75; 40; 0; 40; 0; 0; 0; 52; 994; 305; 0; 0; 0; 0; 0; 0; 0; 40; 0; 0; 41; 0; 0; 0; 20; 0; 0; 9999; 9999; 9999
1939;03; 80; 170; 0; 0; 0; 0; 0; 0; 0; 0; 0; 0; 20; 0; 35; 35; 0; 0; 0; 0; 0; 72; 0; 0; 95; 0; 557; 0; 0; 20; 30
1939;04; 0; 0; 130; 82; 110; 0; 0; 0; 0; 0; 0; 0; 0; 0; 0; 0; 0; 0; 0; 0; 0; 0; 0; 60; 0; 30; 160; 5; 0; 0; 9999
1939;05; 0; 0; 0; 0; 5; 0; 0; 0; 540; 20; 540; 40; 20; 0; 0; 0; 0; 0; 0; 0; 0; 0; 0; 0; 0; 0; 0; 0; 30; 985; 153
1939;06; 0; 0; 0; 130; 0; 0; 0; 0; 0; 0; 0; 0; 0; 0; 0; 40; 0; 0; 0; 0; 0; 0; 0; 0; 0; 0; 0; 0; 103; 0; 9999
1939;07; 0; 0; 0; 0; 0; 0; 0; 0; 0; 0; 0; 0; 0; 0; 0; 0; 0; 0; 0; 0; 0; 0; 60; 0; 103; 0; 0; 0; 0; 0; 0
1939;08; 0; 0; 0; 0; 0; 0; 0; 0; 0; 0; 0; 0; 0; 0; 0; 0; 0; 0; 0; 0; 0; 0; 0; 0; 0; 0; 0; 0; 0; 0; 0
1939;09; 0; 0; 0; 0; 0; 0; 0; 0; 0; 0; 0; 0; 0; 0; 0; 260; 83; 0; 125; 0; 0; 0; 0; 0; 0; 0; 0; 0; 0; 0; 9999
1939;10; 222; 163; 0; 0; 0; 0; 0; 0; 0; 0; 0; 0; 0; 0; 0; 0; 0; 0; 0; 0; 0; 160; 20; 130; 0; 0; 0; 0; 0; 0; 0
1939;11; 0; 0; 78; 85; 150; 0; 90; 50; 382; 0; 0; 0; 0; 0; 90; 0; 42; 85; 70; 0; 0; 0; 0; 0; 0; 180; 182; 0; 0; 0; 9999
1939;12; 105; 83; 0; 51; 110; 0; 60; 20; 0; 0; 0; 155; 422; 0; 0; 0; 0; 223; 171; 90; 44; 360; 330; 0; 0; 32; 0; 43; 0; 0; 0
1940;01; 285; 0; 0; 0; 30; 140; 42; 253; 21; 0; 332; 101; 62; 0; 0; 0; 40; 0; 0; 200; 0; 335; 41; 0; 0; 0; 0; 0; 0; 280; 0
1940;02; 120; 520; 390; 240; 0; 101; 253; 115; 0; 0; 220; 185; 153; 420; 90; 40; 140; 0; 0; 125; 0; 128; 35; 0; 0; 0; 0; 0; 0; 9999; 9999
1940;03; 0; 0; 0; 0; 0; 0; 0; 41; 62; 60; 253; 0; 0; 290; 330; 0; 0; 0; 0; 0; 0; 0; 0; 0; 0; 0; 60; 0; 0; 0; 0
1940;04; 0; 0; 0; 0; 0; 0; 0; 0; 42; 20; 0; 0; 0; 0; 0; 20; 0; 0; 0; 0; 0; 0; 0; 0; 0; 240; 60; 0; 0; 0; 9999
1940;05; 0; 23; 217; 0; 0; 0; 0; 0; 0; 0; 0; 0; 0; 0; 0; 0; 0; 0; 0; 0; 0; 0; 0; 0; 0; 0; 0; 0; 0; 0; 0
1940;06; 0; 0; 0; 0; 0; 0; 0; 0; 0; 0; 0; 0; 0; 0; 0; 60; 0; 0; 0; 0; 0; 0; 0; 0; 0; 0; 0; 0; 0; 0; 9999
1940;07; 0; 0; 0; 0; 0; 0; 0; 0; 0; 0; 0; 0; 0; 0; 0; 0; 0; 0; 0; 0; 0; 0; 0; 0; 0; 0; 0; 0; 0; 0; 0
1940;08; 0; 0; 0; 0; 0; 0; 0; 0; 2; 0; 0; 0; 0; 0; 0; 0; 0; 0; 0; 0; 0; 0; 0; 0; 0; 0; 0; 0; 0; 0; 1
1940;09; 0; 0; 0; 0; 0; 0; 0; 0; 0; 0; 0; 0; 10; 0; 0; 0; 0; 0; 0; 0; 0; 20; 0; 70; 163; 0; 0; 0; 0; 0; 9999
1940;10; 0; 0; 0; 0; 0; 0; 0; 0; 0; 0; 0; 320; 0; 0; 0; 0; 0; 0; 0; 0; 120; 110; 0; 0; 40; 0; 0; 0; 21; 55; 0
1940;11; 0; 0; 0; 0; 260; 0; 0; 0; 60; 0; 32; 300; 46; 310; 430; 20; 100; 0; 0; 0; 0; 0; 0; 0; 35; 302; 57; 16; 72; 0; 9999
1940;12; 0; 0; 31; 0; 0; 0; 0; 0; 0; 0; 103; 0; 103; 85; 0; 0; 0; 0; 0; 0; 0; 420; 100; 0; 0; 112; 21; 15; 30; 20; 0
1941;01; 0; 140; 0; 210; 520; 0; 0; 0; 0; 588; 0; 60; 110; 70; 0; 0; 0; 0; 0; 0; 0; 52; 0; 185; 84; 0; 40; 0; 0; 10; 0
1941;02; 0; 0; 21; 0; 13; 74; 0; 0; 20; 10; 0; 0; 30; 0; 0; 0; 0; 0; 0; 0; 0; 0; 0; 0; 5; 310; 0; 0; 9999; 9999; 9999
1941;03; 0; 0; 21; 0; 0; 0; 0; 0; 0; 0; 0; 0; 20; 290; 30; 0; 0; 0; 0; 0; 0; 216; 30; 450; 111; 170; 0; 0; 0; 0; 0
1941;04; 0; 41; 113; 0; 0; 0; 0; 331; 0; 0; 0; 95; 41; 0; 0; 0; 0; 0; 0; 0; 0; 0; 0; 0; 0; 0; 0; 0; 0; 0; 9999
1941;05; 0; 0; 0; 0; 0; 0; 0; 0; 0; 0; 0; 0; 0; 0; 0; 0; 0; 0; 0; 0; 0; 0; 0; 0; 0; 0; 0; 34; 3; 0; 0
1941;06; 0; 0; 0; 0; 0; 0; 0; 0; 0; 0; 0; 0; 0; 0; 0; 0; 0; 0; 0; 0; 0; 0; 0; 0; 0; 0; 67; 0; 0; 0; 9999
1941;07; 0; 0; 0; 0; 0; 0; 0; 0; 0; 0; 0; 0; 0; 0; 0; 0; 182; 0; 2; 0; 0; 0; 0; 0; 0; 0; 0; 0; 0; 0; 0
1941;08; 0; 0; 0; 0; 0; 0; 0; 0; 0; 0; 0; 0; 0; 0; 23; 21; 0; 0; 0; 0; 0; 0; 0; 0; 0; 0; 0; 0; 0; 0; 0
1941;09; 0; 0; 138; 151; 0; 31; 390; 0; 0; 0; 41; 11; 0; 0; 285; 29; 0; 14; 188; 0; 0; 0; 0; 0; 128; 58; 0; 130; 0; 6; 9999
1941;10; 0; 7; 8; 0; 0; 16; 0; 418; 0; 90; 0; 0; 0; 0; 0; 0; 145; 0; 0; 0; 0; 0; 0; 0; 0; 0; 0; 0; 56; 0; 0
1941;11; 606; 5; 0; 0; 7; 275; 307; 0; 409; 0; 0; 0; 5; 0; 0; 0; 305; 102; 0; 0; 0; 0; 112; 0; 0; 115; 132; 0; 0; 151; 9999
1941;12; 104; 32; 12; 0; 0; 0; 0; 0; 51; 22; 0; 26; 0; 0; 0; 43; 72; 231; 151; 12; 10; 0; 26; 0; 0; 0; 34; 0; 24; 138; 12
1942;01; 212; 65; 6; 0; 0; 16; 0; 0; 0; 199; 50; 0; 0; 0; 0; 31; 302; 0; 0; 0; 171; 0; 0; 0; 0; 0; 7; 45; 0; 91; 22
1942;02; 0; 0; 4; 295; 0; 0; 0; 0; 101; 5; 6; 11; 0; 0; 0; 0; 0; 43; 588; 232; 195; 803; 655; 52; 0; 0; 0; 7; 9999; 9999; 9999
1942;03; 0; 75; 56; 302; 483; 125; 282; 0; 0; 135; 483; 23; 201; 26; 0; 0; 0; 0; 0; 321; 42; 0; 0; 0; 26; 0; 27; 0; 0; 0; 74
1942;04; 34; 0; 0; 0; 235; 0; 0; 16; 0; 0; 0; 0; 0; 0; 54; 266; 0; 0; 0; 46; 0; 9; 0; 0; 0; 0; 0; 0; 0; 0; 9999
1942;05; 0; 0; 0; 0; 0; 31; 136; 21; 0; 0; 0; 0; 0; 0; 0; 0; 0; 0; 0; 0; 0; 0; 0; 0; 0; 0; 0; 0; 0; 0; 0
1942;06; 0; 0; 0; 0; 0; 0; 0; 0; 15; 0; 9; 1; 0; 0; 0; 0; 0; 0; 0; 0; 0; 0; 0; 0; 0; 0; 0; 0; 0; 0; 9999
1942;07; 0; 0; 5; 0; 0; 0; 0; 0; 0; 42; 0; 0; 0; 0; 0; 0; 0; 0; 0; 0; 0; 0; 0; 0; 0; 0; 0; 0; 0; 0; 0
1942;08; 0; 0; 0; 0; 0; 0; 0; 0; 0; 0; 0; 0; 0; 0; 0; 0; 0; 0; 0; 0; 0; 0; 0; 0; 0; 0; 0; 0; 0; 0; 0
1942;09; 0; 0; 0; 0; 0; 0; 0; 0; 0; 0; 0; 0; 0; 0; 0; 0; 3; 0; 15; 0; 0; 0; 3; 0; 6; 0; 0; 0; 0; 0; 9999
1942;10; 18; 0; 0; 0; 231; 0; 0; 0; 0; 0; 0; 0; 0; 9; 85; 0; 0; 0; 0; 0; 0; 0; 0; 0; 0; 144; 46; 118; 171; 0; 0
1942;11; 0; 89; 0; 0; 0; 0; 0; 0; 0; 43; 0; 0; 257; 268; 0; 67; 19; 0; 13; 79; 28; 0; 0; 0; 11; 185; 42; 131; 0; 56; 9999
1942;12; 112; 1; 141; 0; 0; 0; 0; 0; 16; 334; 138; 12; 0; 262; 0; 62; 18; 5; 0; 5; 24; 206; 382; 516; 82; 49; 0; 0; 5; 2; 0
1943;01; 0; 0; 0; 0; 32; 98; 31; 426; 69; 0; 0; 0; 0; 484; 209; 165; 0; 0; 398; 281; 35; 175; 188; 0; 101; 76; 0; 0; 0; 132; 150
1943;02; 3; 16; 71; 0; 0; 0; 0; 0; 0; 2; 33; 203; 0; 47; 146; 268; 16; 0; 71; 0; 0; 61; 9; 0; 0; 0; 0; 263; 9999; 9999; 9999
1943;03; 163; 165; 0; 0; 11; 182; 91; 385; 85; 11; 3; 0; 13; 3; 0; 284; 0; 0; 0; 0; 0; 0; 0; 0; 0; 45; 55; 1; 55; 0; 38
1943;04; 0; 0; 0; 0; 0; 0; 0; 0; 0; 0; 0; 0; 0; 0; 0; 155; 0; 0; 0; 0; 0; 0; 0; 0; 0; 0; 0; 0; 0; 0; 9999
1943;05; 0; 0; 0; 0; 0; 0; 0; 0; 0; 0; 0; 0; 0; 0; 0; 0; 0; 0; 0; 0; 0; 0; 0; 0; 0; 0; 0; 0; 0; 0; 0
1943;06; 0; 0; 0; 0; 0; 0; 0; 204; 0; 0; 0; 4; 0; 0; 0; 0; 0; 34; 0; 0; 0; 0; 0; 0; 0; 22; 0; 0; 0; 0; 9999
1943;07; 0; 0; 0; 0; 0; 0; 0; 0; 0; 0; 0; 0; 0; 0; 0; 0; 0; 0; 0; 0; 0; 0; 0; 0; 0; 0; 0; 0; 0; 0; 0
1943;08; 0; 0; 0; 0; 16; 12; 0; 0; 0; 0; 0; 0; 0; 0; 0; 0; 0; 0; 0; 0; 0; 0; 0; 0; 14; 0; 0; 0; 0; 0; 0
1943;09; 0; 0; 0; 0; 0; 0; 0; 0; 0; 0; 2; 0; 20; 119; 0; 0; 0; 0; 0; 0; 0; 22; 0; 325; 653; 0; 0; 0; 0; 0; 9999
1943;10; 0; 0; 0; 0; 342; 12; 205; 0; 25; 0; 0; 183; 0; 292; 0; 0; 0; 0; 0; 0; 80; 0; 328; 101; 0; 0; 0; 431; 21; 0; 0
1943;11; 0; 0; 0; 110; 2; 0; 0; 0; 0; 0; 210; 12; 0; 0; 0; 0; 0; 204; 472; 0; 0; 0; 0; 231; 38; 0; 0; 0; 0; 0; 9999
1943;12; 418; 492; 0; 0; 0; 0; 0; 0; 0; 0; 0; 0; 62; 217; 58; 27; 0; 0; 0; 4; 0; 0; 0; 62; 0; 0; 121; 21; 285; 21; 123
1944;01; 0; 0; 0; 186; 351; 3; 0; 265; 0; 0; 0; 0; 0; 0; 0; 0; 0; 214; 0; 0; 0; 0; 0; 221; 217; 283; 46; 0; 0; 0; 92
1944;02; 0; 460; 0; 2; 0; 0; 0; 0; 0; 0; 0; 0; 0; 0; 125; 144; 92; 0; 0; 0; 122; 223; 0; 461; 268; 15; 0; 22; 0; 9999; 9999
1944;03; 64; 111; 293; 71; 0; 0; 35; 0; 0; 0; 0; 0; 123; 0; 75; 52; 142; 244; 0; 0; 0; 0; 0; 0; 0; 0; 0; 0; 18; 0; 0
1944;04; 35; 0; 0; 0; 0; 0; 0; 0; 0; 0; 43; 0; 0; 0; 31; 0; 235; 0; 0; 0; 0; 0; 0; 0; 0; 0; 0; 0; 0; 0; 9999
1944;05; 0; 0; 0; 0; 0; 0; 0; 0; 0; 0; 0; 0; 0; 0; 0; 0; 15; 0; 0; 0; 0; 0; 0; 0; 0; 0; 0; 0; 0; 0; 0
1944;06; 0; 0; 0; 0; 0; 0; 0; 0; 0; 0; 0; 0; 0; 0; 0; 0; 0; 0; 0; 0; 0; 0; 0; 0; 0; 0; 0; 0; 0; 0; 9999
1944;07; 0; 0; 0; 0; 0; 0; 16; 0; 0; 0; 0; 0; 0; 0; 0; 0; 0; 0; 0; 0; 0; 0; 0; 0; 0; 0; 0; 0; 0; 0; 0
1944;08; 0; 0; 0; 0; 0; 0; 0; 0; 0; 0; 0; 0; 0; 0; 0; 0; 0; 0; 0; 0; 0; 0; 0; 0; 0; 0; 0; 0; 0; 0; 0
1944;09; 0; 0; 0; 0; 0; 0; 0; 11; 0; 0; 0; 0; 0; 0; 0; 0; 0; 0; 0; 0; 0; 0; 0; 0; 0; 0; 0; 2; 0; 0; 9999
1944;10; 0; 0; 0; 0; 0; 0; 0; 0; 0; 0; 0; 0; 91; 258; 0; 0; 39; 0; 0; 27; 0; 0; 0; 0; 0; 163; 15; 108; 0; 59; 0
1944;11; 0; 0; 98; 0; 25; 158; 0; 175; 0; 0; 0; 0; 121; 237; 47; 0; 0; 0; 0; 112; 206; 0; 0; 688; 0; 0; 0; 0; 0; 0; 9999
1944;12; 208; 0; 0; 0; 0; 0; 0; 0; 0; 0; 0; 0; 0; 0; 0; 0; 0; 0; 76; 0; 0; 0; 4; 0; 0; 0; 0; 0; 0; 0; 0
1945;01; 0; 0; 0; 0; 22; 0; 0; 0; 0; 0; 0; 0; 0; 0; 0; 0; 178; 343; 0; 150; 0; 75; 0; 0; 0; 0; 0; 0; 356; 581; 613
1945;02; 576; 148; 61; 0; 0; 217; 312; 162; 460; 0; 0; 154; 0; 0; 0; 0; 0; 0; 43; 0; 72; 82; 0; 0; 0; 0; 0; 82; 9999; 9999; 9999
1945;03; 0; 0; 362; 0; 0; 0; 0; 0; 22; 12; 0; 0; 0; 0; 0; 0; 0; 0; 0; 0; 238; 0; 0; 0; 0; 0; 65; 0; 0; 0; 0
1945;04; 0; 0; 0; 0; 0; 0; 0; 0; 0; 0; 0; 0; 0; 0; 0; 0; 0; 0; 0; 176; 0; 0; 0; 0; 0; 0; 0; 21; 0; 34; 9999
1945;05; 0; 0; 0; 0; 0; 0; 0; 0; 0; 0; 0; 0; 0; 0; 0; 0; 0; 0; 0; 0; 0; 0; 0; 0; 0; 0; 0; 0; 0; 0; 0
1945;06; 0; 0; 0; 0; 0; 31; 0; 0; 0; 0; 0; 0; 0; 0; 0; 0; 0; 0; 0; 93; 145; 322; 15; 183; 283; 213; 0; 0; 0; 0; 9999
1945;07; 0; 0; 0; 0; 61; 75; 68; 0; 0; 0; 0; 0; 0; 0; 0; 0; 0; 0; 0; 0; 0; 0; 0; 0; 0; 0; 0; 0; 0; 0; 0
1945;08; 0; 0; 0; 0; 0; 0; 0; 0; 0; 0; 0; 0; 0; 0; 0; 0; 0; 0; 0; 0; 0; 0; 0; 0; 0; 0; 0; 0; 0; 0; 0
1945;09; 0; 0; 0; 0; 0; 0; 0; 0; 0; 0; 0; 0; 0; 0; 0; 22; 0; 0; 0; 0; 0; 0; 0; 0; 0; 0; 0; 0; 0; 0; 9999
1945;10; 0; 0; 32; 32; 0; 75; 0; 0; 33; 98; 0; 0; 0; 0; 0; 2; 0; 2; 0; 0; 0; 0; 0; 0; 0; 0; 0; 0; 0; 0; 0
1945;11; 152; 0; 0; 0; 0; 0; 0; 0; 121; 106; 0; 62; 155; 118; 0; 0; 0; 72; 0; 0; 85; 54; 0; 0; 0; 42; 0; 221; 98; 0; 9999
1945;12; 0; 0; 0; 0; 0; 401; 36; 0; 35; 303; 0; 113; 152; 382; 645; 0; 425; 282; 0; 9; 0; 0; 0; 35; 0; 0; 44; 213; 112; 0; 181
1946;01; 405; 0; 0; 0; 0; 16; 423; 15; 0; 0; 14; 8; 0; 0; 65; 0; 0; 0; 0; 0; 295; 116; 0; 74; 0; 0; 2; 22; 85; 0; 0
1946;02; 18; 0; 0; 0; 0; 0; 119; 18; 0; 0; 0; 0; 0; 0; 344; 813; 0; 0; 0; 76; 22; 0; 0; 929; 6; 0; 0; 0; 9999; 9999; 9999
1946;03; 0; 119; 194; 22; 135; 0; 0; 0; 125; 119; 226; 36; 38; 82; 14; 373; 54; 0; 0; 14; 9; 0; 0; 0; 0; 0; 0; 0; 0; 0; 0
1946;04; 84; 62; 18; 0; 0; 0; 64; 0; 0; 0; 0; 0; 0; 0; 0; 0; 0; 0; 0; 0; 0; 0; 0; 0; 0; 0; 0; 0; 0; 0; 9999
1946;05; 0; 0; 0; 0; 0; 0; 0; 0; 0; 0; 0; 0; 128; 0; 0; 0; 0; 0; 0; 0; 0; 0; 0; 0; 0; 0; 0; 0; 0; 0; 0
1946;06; 3; 6; 0; 0; 0; 0; 0; 0; 0; 0; 0; 0; 0; 0; 0; 0; 0; 0; 0; 0; 0; 0; 0; 0; 0; 0; 0; 0; 0; 0; 9999
1946;07; 0; 0; 0; 0; 0; 0; 0; 0; 32; 0; 0; 127; 10; 321; 0; 184; 96; 0; 0; 0; 0; 0; 0; 2; 0; 0; 0; 0; 0; 0; 0
1946;08; 0; 0; 0; 0; 0; 0; 0; 0; 0; 0; 0; 0; 0; 0; 0; 0; 0; 0; 0; 0; 0; 0; 0; 0; 0; 0; 0; 0; 0; 0; 0
1946;09; 0; 0; 0; 0; 0; 0; 0; 0; 0; 0; 0; 0; 0; 0; 0; 0; 0; 0; 0; 0; 0; 0; 0; 73; 0; 4; 0; 210; 102; 0; 9999
1946;10; 0; 0; 0; 0; 0; 0; 0; 178; 87; 0; 0; 6; 4; 95; 0; 62; 463; 271; 124; 4; 105; 17; 0; 0; 0; 0; 0; 0; 0; 0; 0
1946;11; 0; 283; 120; 0; 0; 15; 30; 62; 78; 0; 0; 0; 0; 0; 178; 0; 0; 0; 0; 39; 0; 0; 0; 0; 9; 5; 0; 0; 0; 35; 9999
1946;12; 0; 0; 0; 0; 0; 85; 0; 180; 72; 10; 0; 0; 0; 0; 36; 200; 60; 378; 29; 17; 0; 87; 79; 103; 97; 0; 182; 0; 0; 0; 0
1947;01; 265; 134; 144; 152; 0; 34; 0; 0; 148; 19; 0; 0; 39; 59; 166; 68; 4; 3; 225; 141; 0; 0; 0; 128; 0; 157; 46; 317; 135; 67; 0
1947;02; 0; 0; 0; 0; 0; 0; 0; 0; 0; 0; 0; 46; 0; 81; 31; 325; 56; 345; 473; 0; 0; 0; 0; 138; 194; 136; 204; 675; 9999; 9999; 9999
1947;03; 0; 0; 0; 61; 128; 266; 104; 47; 25; 53; 26; 703; 89; 83; 76; 0; 0; 101; 53; 386; 0; 0; 0; 0; 158; 25; 24; 0; 0; 0; 0
1947;04; 0; 0; 0; 0; 0; 0; 0; 0; 0; 0; 0; 0; 0; 0; 43; 0; 0; 0; 0; 0; 0; 0; 0; 0; 0; 0; 0; 0; 0; 0; 9999
1947;05; 0; 0; 0; 133; 0; 0; 0; 0; 0; 0; 0; 0; 0; 0; 0; 0; 0; 0; 0; 200; 0; 0; 0; 0; 0; 0; 0; 0; 0; 0; 0
1947;06; 0; 0; 0; 0; 0; 0; 0; 0; 0; 0; 0; 0; 3; 0; 0; 0; 0; 0; 0; 6; 0; 0; 0; 13; 0; 0; 0; 0; 0; 0; 9999
1947;07; 0; 0; 0; 0; 0; 0; 0; 0; 60; 170; 0; 0; 0; 0; 0; 0; 0; 0; 0; 0; 0; 0; 0; 0; 0; 0; 0; 0; 0; 0; 0
1947;08; 0; 0; 0; 0; 0; 0; 0; 0; 0; 0; 0; 0; 0; 0; 0; 0; 0; 0; 0; 0; 0; 0; 0; 0; 0; 0; 0; 82; 184; 0; 0
1947;09; 42; 0; 0; 0; 61; 0; 0; 0; 245; 502; 0; 0; 0; 0; 0; 0; 0; 123; 184; 0; 0; 0; 0; 200; 145; 93; 0; 14; 0; 0; 9999
1947;10; 0; 85; 0; 0; 0; 0; 0; 0; 225; 0; 0; 0; 0; 0; 0; 24; 0; 0; 0; 0; 0; 0; 124; 842; 146; 100; 0; 0; 0; 0; 0
1947;11; 154; 140; 472; 204; 0; 0; 0; 0; 0; 73; 0; 0; 47; 0; 0; 0; 0; 0; 0; 0; 0; 0; 0; 0; 53; 241; 729; 175; 0; 0; 9999
1947;12; 0; 18; 0; 0; 0; 0; 0; 47; 0; 125; 107; 51; 221; 0; 676; 0; 92; 0; 12; 149; 0; 68; 0; 0; 0; 1; 1; 0; 0; 41; 0
1948;01; 0; 0; 0; 0; 0; 0; 0; 0; 0; 22; 205; 318; 6; 56; 0; 278; 156; 202; 6; 8; 81; 238; 98; 0; 2; 0; 0; 0; 0; 0; 4
1948;02; 0; 4; 125; 56; 0; 48; 0; 0; 0; 35; 194; 24; 0; 183; 57; 0; 0; 36; 0; 0; 285; 100; 24; 0; 0; 0; 0; 0; 140; 9999; 9999
1948;03; 66; 0; 0; 0; 0; 0; 0; 0; 0; 0; 72; 423; 0; 110; 252; 314; 0; 0; 140; 0; 0; 0; 0; 0; 0; 130; 0; 0; 0; 20; 0
1948;04; 0; 0; 0; 20; 0; 0; 0; 0; 0; 0; 0; 0; 0; 0; 0; 0; 0; 0; 0; 0; 0; 0; 0; 0; 0; 0; 0; 0; 0; 0; 9999
1948;05; 0; 0; 0; 0; 0; 0; 0; 0; 0; 0; 0; 0; 0; 0; 0; 0; 0; 274; 0; 113; 0; 0; 0; 0; 0; 0; 0; 0; 98; 0; 0
1948;06; 0; 0; 0; 0; 0; 0; 0; 0; 0; 0; 0; 0; 0; 0; 0; 0; 0; 0; 0; 0; 0; 0; 0; 0; 0; 0; 0; 0; 0; 0; 9999
1948;07; 0; 0; 0; 0; 0; 0; 0; 0; 0; 0; 0; 0; 0; 0; 0; 0; 0; 0; 0; 0; 0; 0; 0; 0; 99; 0; 0; 0; 128; 0; 125
1948;08; 0; 0; 0; 0; 0; 0; 0; 4; 0; 0; 0; 41; 0; 0; 0; 0; 0; 0; 0; 0; 0; 0; 0; 0; 0; 0; 0; 23; 0; 0; 0
1948;09; 0; 0; 0; 0; 0; 0; 0; 0; 0; 0; 0; 130; 0; 0; 0; 0; 0; 0; 0; 0; 0; 0; 0; 0; 0; 0; 0; 0; 0; 0; 9999
1948;10; 0; 0; 0; 92; 182; 0; 0; 0; 0; 0; 112; 203; 15; 0; 21; 0; 0; 0; 0; 0; 0; 0; 0; 0; 0; 0; 0; 89; 28; 138; 0
1948;11; 0; 485; 224; 0; 196; 0; 0; 438; 73; 27; 0; 0; 0; 0; 0; 198; 424; 11; 142; 0; 155; 0; 0; 0; 0; 0; 2; 0; 0; 0; 9999
1948;12; 0; 124; 0; 0; 0; 0; 0; 86; 0; 0; 0; 0; 0; 0; 0; 0; 284; 448; 146; 0; 0; 0; 0; 0; 0; 223; 0; 0; 0; 0; 236
1949;01; 0; 0; 0; 0; 0; 0; 0; 0; 4; 0; 48; 132; 428; 261; 27; 0; 332; 152; 392; 0; 0; 0; 0; 0; 98; 0; 0; 0; 54; 254; 28
1949;02; 0; 68; 0; 0; 54; 0; 0; 200; 330; 0; 0; 0; 0; 0; 0; 330; 150; 70; 0; 160; 0; 20; 10; 0; 0; 10; 190; 0; 9999; 9999; 9999
1949;03; 320; 0; 0; 10; 0; 0; 60; 150; 240; 0; 0; 0; 0; 0; 0; 0; 0; 0; 250; 0; 0; 0; 0; 70; 120; 10; 60; 50; 140; 230; 190
1949;04; 160; 90; 20; 20; 0; 0; 0; 0; 0; 0; 0; 0; 0; 0; 0; 0; 0; 0; 0; 0; 0; 0; 220; 70; 220; 0; 0; 0; 0; 0; 9999
1949;05; 0; 0; 0; 0; 0; 0; 140; 0; 0; 0; 0; 150; 0; 0; 0; 0; 0; 0; 0; 0; 0; 0; 0; 0; 0; 0; 0; 0; 0; 0; 0
1949;06; 0; 0; 0; 0; 0; 3; 0; 0; 0; 0; 0; 0; 160; 30; 100; 60; 0; 0; 0; 0; 0; 0; 0; 0; 0; 0; 0; 0; 0; 0; 9999
1949;07; 0; 0; 0; 0; 0; 0; 0; 0; 0; 0; 0; 0; 0; 0; 0; 0; 0; 0; 0; 0; 0; 0; 0; 0; 0; 0; 0; 0; 0; 0; 0
1949;08; 0; 0; 0; 0; 0; 0; 0; 0; 0; 0; 0; 0; 0; 0; 0; 0; 0; 0; 0; 0; 0; 0; 0; 0; 0; 0; 0; 0; 0; 0; 0
1949;09; 0; 0; 0; 0; 0; 0; 0; 0; 0; 0; 0; 0; 0; 0; 0; 0; 0; 0; 0; 0; 0; 0; 0; 0; 0; 0; 0; 0; 0; 0; 9999
1949;10; 0; 0; 42; 0; 0; 0; 0; 0; 0; 36; 4; 21; 0; 0; 0; 4; 40; 0; 0; 0; 60; 0; 0; 0; 16; 0; 21; 0; 0; 0; 0
1949;11; 0; 0; 0; 0; 0; 270; 31; 61; 496; 0; 0; 0; 0; 0; 0; 0; 0; 88; 0; 306; 123; 136; 0; 0; 16; 0; 0; 0; 0; 0; 9999
1949;12; 148; 500; 343; 68; 0; 0; 0; 136; 354; 19; 0; 0; 218; 0; 648; 219; 0; 0; 0; 0; 0; 0; 8; 69; 305; 218; 0; 0; 0; 0; 0
1950;01; 0; 0; 0; 97; 512; 0; 582; 0; 0; 60; 524; 0; 0; 42; 0; 0; 11; 42; 208; 374; 192; 202; 370; 401; 196; 22; 300; 0; 0; 16; 73
1950;02; 0; 116; 8; 0; 0; 0; 132; 68; 7; 190; 215; 123; 12; 0; 348; 68; 10; 10; 0; 20; 40; 40; 290; 401; 196; 22; 0; 0; 9999; 9999; 9999
1950;03; 0; 10; 0; 0; 0; 460; 0; 0; 40; 5; 0; 0; 0; 8; 0; 50; 556; 68; 0; 258; 284; 182; 0; 0; 0; 0; 0; 0; 0; 0; 0
1950;04; 0; 0; 0; 0; 158; 0; 0; 0; 0; 0; 0; 0; 0; 168; 3; 40; 2; 0; 0; 4; 42; 0; 0; 0; 0; 0; 0; 250; 0; 20; 9999
1950;05; 0; 0; 86; 0; 0; 0; 0; 0; 0; 0; 0; 0; 0; 0; 0; 0; 0; 0; 0; 0; 0; 0; 0; 0; 0; 0; 0; 0; 0; 0; 0
1950;06; 0; 0; 0; 0; 0; 0; 0; 0; 0; 0; 0; 0; 0; 0; 0; 0; 35; 30; 0; 0; 0; 0; 0; 0; 0; 0; 0; 0; 0; 0; 9999
1950;07; 64; 104; 0; 0; 0; 0; 0; 0; 0; 0; 0; 0; 0; 0; 0; 0; 0; 0; 0; 0; 0; 0; 0; 0; 0; 0; 0; 0; 0; 0; 0
1950;08; 0; 0; 0; 0; 0; 0; 0; 0; 0; 0; 0; 0; 0; 0; 0; 0; 0; 0; 0; 0; 0; 0; 0; 0; 0; 0; 0; 0; 0; 0; 0
1950;09; 0; 0; 0; 0; 0; 0; 0; 0; 0; 0; 0; 0; 0; 0; 0; 0; 0; 0; 0; 0; 0; 0; 0; 0; 0; 138; 0; 0; 0; 0; 9999
1950;10; 0; 43; 0; 0; 0; 360; 0; 0; 33; 13; 0; 14; 176; 0; 15; 0; 0; 56; 314; 52; 14; 0; 4; 0; 84; 2; 0; 0; 0; 0; 87
1950;11; 0; 0; 0; 0; 0; 0; 0; 283; 0; 143; 24; 130; 86; 20; 0; 16; 120; 148; 42; 3; 42; 19; 103; 183; 0; 380; 284; 274; 462; 2; 9999
1950;12; 450; 17; 0; 17; 14; 0; 95; 0; 0; 60; 75; 148; 0; 182; 0; 530; 0; 0; 0; 0; 0; 0; 12; 0; 0; 0; 0; 0; 0; 3; 0
1951;01; 470; 0; 133; 73; 6; 386; 93; 37; 0; 0; 276; 252; 273; 25; 204; 206; 34; 9; 64; 203; 11; 56; 0; 22; 92; 1162; 280; 30; 180; 180; 0
1951;02; 0; 0; 550; 0; 5; 110; 250; 10; 30; 0; 0; 30; 0; 940; 0; 90; 32; 0; 234; 2; 0; 63; 0; 0; 4; 0; 0; 0; 9999; 9999; 9999
1951;03; 0; 0; 0; 0; 27; 183; 174; 176; 0; 0; 0; 336; 0; 0; 123; 0; 170; 0; 0; 86; 0; 0; 7; 0; 0; 0; 0; 0; 0; 0; 0
1951;04; 0; 164; 42; 0; 0; 0; 0; 0; 0; 0; 0; 0; 0; 35; 0; 0; 0; 0; 0; 0; 0; 0; 0; 0; 0; 0; 74; 0; 0; 0; 9999
1951;05; 0; 0; 0; 0; 0; 0; 0; 0; 0; 0; 0; 0; 0; 0; 0; 0; 0; 0; 94; 0; 0; 0; 0; 0; 0; 0; 0; 0; 0; 34; 0
1951;06; 0; 0; 0; 0; 0; 0; 16; 0; 0; 0; 0; 0; 0; 0; 0; 0; 0; 0; 0; 0; 0; 0; 0; 0; 0; 0; 0; 0; 80; 0; 9999
1951;07; 0; 0; 0; 0; 9; 0; 0; 0; 0; 0; 0; 0; 0; 0; 0; 0; 0; 0; 0; 0; 0; 0; 0; 0; 0; 0; 0; 0; 0; 0; 0
1951;08; 0; 0; 0; 0; 120; 98; 0; 0; 0; 0; 0; 0; 0; 0; 0; 0; 0; 0; 0; 0; 0; 198; 42; 0; 0; 0; 0; 0; 0; 0; 0
1951;09; 0; 0; 0; 0; 0; 0; 0; 0; 0; 0; 0; 0; 0; 0; 0; 0; 18; 0; 0; 0; 0; 0; 0; 0; 0; 0; 27; 29; 0; 0; 9999
1951;10; 0; 0; 0; 0; 93; 0; 0; 0; 0; 0; 91; 0; 24; 52; 13; 0; 0; 0; 196; 5; 0; 0; 0; 12; 0; 0; 0; 10; 74; 0; 0
1951;11; 0; 0; 0; 0; 5; 0; 0; 0; 0; 0; 0; 0; 0; 0; 38; 0; 3; 4; 0; 104; 0; 0; 9; 182; 210; 324; 0; 703; 312; 14; 9999
1951;12; 134; 0; 190; 0; 0; 5; 53; 204; 35; 0; 3; 113; 0; 0; 0; 3; 0; 0; 0; 0; 31; 0; 38; 0; 0; 0; 0; 0; 0; 156; 0
1952;01; 33; 0; 0; 0; 0; 0; 0; 113; 0; 340; 0; 0; 12; 32; 212; 287; 57; 21; 225; 0; 0; 0; 0; 258; 126; 21; 0; 0; 21; 0; 0
1952;02; 0; 0; 97; 180; 120; 166; 33; 50; 4; 0; 70; 140; 10; 12; 127; 0; 3; 80; 0; 0; 31; 46; 0; 0; 220; 220; 0; 0; 0; 9999; 9999
1952;03; 184; 54; 262; 133; 292; 0; 0; 6; 305; 305; 254; 92; 24; 94; 423; 133; 38; 0; 0; 0; 0; 0; 125; 112; 41; 86; 0; 0; 0; 15; 103
1952;04; 4; 0; 0; 0; 0; 56; 0; 0; 0; 0; 50; 32; 0; 0; 0; 0; 0; 0; 0; 0; 0; 0; 0; 0; 0; 0; 0; 0; 0; 0; 9999
1952;05; 0; 0; 0; 0; 0; 0; 0; 0; 0; 0; 0; 0; 0; 0; 0; 0; 0; 0; 0; 0; 0; 0; 0; 0; 0; 0; 0; 0; 0; 0; 0
1952;06; 0; 0; 0; 0; 0; 0; 49; 0; 41; 249; 12; 0; 0; 57; 12; 0; 198; 225; 16; 0; 0; 0; 0; 0; 0; 0; 0; 0; 0; 0; 9999
1952;07; 0; 0; 0; 0; 0; 0; 0; 0; 0; 0; 0; 0; 0; 0; 0; 0; 0; 0; 0; 0; 0; 0; 0; 0; 0; 0; 0; 0; 0; 0; 0
1952;08; 0; 0; 0; 0; 0; 0; 0; 0; 0; 0; 0; 0; 0; 0; 0; 0; 0; 0; 0; 0; 0; 0; 0; 0; 0; 0; 0; 0; 0; 0; 0
1952;09; 0; 0; 0; 0; 17; 32; 0; 0; 0; 0; 0; 0; 0; 0; 0; 0; 51; 0; 31; 16; 0; 0; 0; 0; 0; 0; 0; 0; 0; 0; 9999
1952;10; 0; 0; 0; 0; 0; 0; 21; 0; 178; 0; 0; 311; 8; 237; 0; 0; 0; 324; 527; 234; 0; 94; 6; 0; 162; 0; 0; 0; 0; 0; 10
1952;11; 0; 0; 96; 0; 0; 0; 0; 382; 48; 0; 67; 0; 0; 0; 0; 0; 0; 216; 0; 282; 0; 0; 0; 0; 0; 0; 0; 246; 0; 0; 9999
1952;12; 302; 0; 0; 0; 62; 0; 23; 0; 0; 29; 116; 0; 0; 0; 0; 0; 0; 0; 0; 117; 0; 0; 0; 0; 0; 0; 136; 0; 0; 0; 52
1953;01; 0; 353; 6; 232; 0; 0; 0; 93; 50; 0; 0; 0; 0; 0; 0; 0; 0; 0; 0; 0; 98; 0; 0; 6; 30; 423; 0; 7; 372; 222; 25
1953;02; 0; 20; 346; 0; 0; 0; 0; 0; 0; 0; 131; 0; 162; 0; 92; 10; 0; 0; 0; 142; 0; 0; 0; 0; 0; 114; 0; 0; 9999; 9999; 9999
1953;03; 28; 0; 0; 0; 0; 0; 0; 0; 0; 0; 33; 0; 0; 0; 0; 0; 272; 0; 0; 58; 27; 6; 0; 0; 63; 168; 157; 0; 20; 0; 0
1953;04; 0; 0; 130; 12; 0; 8; 94; 192; 4; 0; 0; 0; 0; 0; 0; 0; 0; 0; 0; 0; 0; 58; 0; 0; 0; 0; 0; 0; 0; 0; 9999
1953;05; 0; 0; 0; 0; 0; 132; 0; 0; 0; 0; 0; 0; 0; 0; 0; 0; 0; 0; 0; 0; 0; 0; 62; 24; 0; 102; 22; 0; 0; 0; 0
1953;06; 97; 0; 0; 0; 0; 0; 0; 0; 0; 260; 0; 0; 0; 0; 0; 0; 0; 0; 0; 0; 0; 0; 0; 0; 0; 0; 0; 0; 0; 0; 9999
1953;07; 0; 0; 0; 0; 0; 0; 0; 0; 0; 164; 0; 0; 0; 0; 0; 0; 0; 0; 0; 35; 0; 0; 0; 0; 0; 0; 0; 0; 0; 0; 0
1953;08; 0; 0; 0; 0; 0; 0; 0; 0; 0; 0; 0; 0; 0; 0; 0; 0; 0; 0; 0; 0; 0; 0; 0; 68; 0; 0; 0; 0; 0; 0; 0
1953;09; 0; 0; 0; 0; 0; 0; 27; 0; 0; 29; 24; 349; 0; 0; 57; 0; 0; 0; 0; 0; 0; 0; 136; 17; 3; 0; 0; 0; 0; 0; 9999
1953;10; 0; 0; 0; 0; 96; 99; 6; 0; 0; 0; 0; 0; 0; 0; 0; 0; 303; 142; 623; 0; 0; 0; 3; 0; 0; 0; 0; 0; 269; 0; 0
1953;11; 73; 354; 248; 0; 0; 0; 0; 0; 0; 0; 0; 0; 0; 137; 47; 0; 0; 0; 0; 20; 20; 0; 0; 0; 0; 0; 0; 0; 0; 181; 9999
1953;12; 262; 7; 202; 196; 38; 0; 0; 0; 0; 0; 72; 48; 400; 6; 146; 0; 37; 36; 0; 0; 0; 0; 0; 0; 0; 0; 120; 65; 17; 84; 0
1954;01; 0; 0; 62; 400; 518; 72; 0; 0; 45; 0; 142; 0; 0; 0; 0; 0; 0; 0; 73; 0; 106; 147; 74; 0; 0; 118; 0; 24; 13; 32; 0
1954;02; 136; 27; 390; 60; 250; 340; 304; 440; 90; 0; 120; 5; 80; 55; 60; 22; 26; 25; 200; 41; 0; 0; 4; 0; 0; 118; 0; 0; 9999; 9999; 9999
1954;03; 0; 43; 0; 0; 0; 0; 138; 35; 67; 18; 253; 144; 0; 0; 0; 0; 0; 0; 19; 0; 0; 0; 0; 0; 0; 0; 0; 83; 43; 42; 174
1954;04; 41; 0; 0; 0; 0; 0; 0; 0; 0; 0; 0; 182; 0; 0; 0; 0; 0; 0; 0; 0; 0; 0; 0; 0; 0; 0; 0; 41; 0; 0; 9999
1954;05; 0; 0; 0; 0; 0; 0; 218; 0; 278; 23; 403; 0; 0; 94; 0; 38; 6; 12; 18; 0; 137; 222; 0; 0; 0; 0; 0; 0; 0; 0; 0
1954;06; 0; 0; 0; 21; 0; 380; 5; 0; 0; 0; 0; 0; 0; 0; 0; 0; 0; 0; 0; 0; 0; 0; 128; 0; 0; 0; 0; 0; 0; 0; 9999
1954;07; 0; 0; 0; 0; 0; 0; 0; 0; 0; 0; 0; 0; 0; 0; 0; 15; 0; 0; 0; 0; 0; 0; 0; 0; 0; 0; 0; 0; 0; 0; 0
1954;08; 0; 0; 0; 0; 0; 0; 0; 0; 0; 0; 0; 0; 0; 0; 0; 0; 0; 0; 0; 0; 0; 0; 0; 0; 0; 0; 0; 0; 0; 0; 0
1954;09; 0; 0; 0; 0; 0; 0; 0; 0; 0; 0; 0; 0; 0; 0; 0; 0; 0; 0; 0; 25; 0; 0; 0; 0; 0; 37; 0; 0; 0; 0; 9999
1954;10; 35; 38; 0; 0; 0; 0; 0; 0; 0; 0; 0; 0; 0; 0; 0; 0; 0; 0; 0; 0; 0; 82; 0; 0; 0; 0; 0; 205; 0; 0; 20
1954;11; 0; 0; 0; 0; 0; 0; 0; 0; 0; 0; 35; 0; 0; 74; 303; 0; 0; 0; 0; 0; 0; 0; 0; 133; 0; 0; 0; 0; 52; 15; 9999
1954;12; 0; 0; 21; 0; 0; 0; 0; 0; 0; 0; 187; 0; 619; 3; 0; 100; 45; 16; 225; 105; 0; 0; 0; 0; 0; 0; 0; 0; 36; 0; 0
1955;01; 0; 0; 200; 50; 135; 0; 0; 0; 0; 0; 24; 250; 18; 85; 32; 3; 32; 232; 0; 0; 0; 0; 685; 783; 0; 0; 0; 78; 0; 0; 0
1955;02; 56; 0; 0; 0; 0; 0; 0; 0; 0; 0; 36; 0; 0; 285; 0; 0; 0; 0; 0; 0; 0; 200; 110; 250; 0; 0; 0; 300; 9999; 9999; 9999
1955;03; 0; 150; 145; 0; 0; 0; 191; 0; 0; 0; 200; 72; 0; 0; 0; 165; 0; 0; 0; 0; 0; 0; 0; 0; 0; 0; 0; 222; 2; 102; 52
1955;04; 0; 50; 0; 150; 0; 0; 0; 0; 0; 0; 136; 0; 87; 132; 120; 0; 80; 0; 0; 0; 0; 0; 0; 0; 0; 0; 0; 0; 172; 0; 9999
1955;05; 0; 0; 0; 0; 0; 0; 0; 0; 0; 0; 0; 0; 0; 0; 0; 0; 0; 0; 0; 90; 0; 0; 0; 0; 0; 0; 0; 0; 0; 85; 131
1955;06; 0; 0; 0; 0; 0; 42; 0; 0; 120; 0; 0; 20; 0; 53; 0; 0; 0; 0; 0; 0; 0; 0; 0; 0; 0; 0; 0; 0; 0; 0; 9999
1955;07; 0; 0; 0; 0; 0; 0; 0; 0; 0; 0; 0; 0; 0; 0; 0; 0; 0; 0; 0; 0; 0; 0; 0; 0; 0; 0; 0; 0; 0; 0; 0
1955;08; 0; 0; 0; 0; 0; 0; 0; 0; 0; 0; 0; 0; 0; 0; 0; 0; 0; 0; 0; 0; 0; 0; 0; 0; 0; 0; 30; 340; 75; 0; 0
1955;09; 0; 0; 0; 0; 0; 0; 0; 0; 0; 0; 0; 0; 0; 0; 0; 0; 0; 0; 0; 0; 0; 0; 0; 0; 0; 0; 0; 0; 0; 0; 9999
1955;10; 0; 0; 0; 0; 0; 0; 0; 0; 0; 0; 0; 0; 420; 0; 0; 0; 50; 0; 0; 0; 0; 0; 0; 0; 0; 0; 0; 400; 0; 0; 110
1955;11; 0; 300; 180; 0; 0; 0; 415; 0; 0; 105; 200; 0; 0; 0; 0; 0; 0; 0; 0; 0; 0; 169; 0; 0; 0; 0; 0; 0; 0; 0; 9999
1955;12; 0; 100; 420; 400; 65; 60; 0; 100; 0; 0; 0; 0; 0; 0; 250; 150; 330; 42; 0; 0; 0; 0; 0; 0; 0; 0; 330; 0; 0; 210; 87
1956;01; 367; 107; 87; 0; 0; 0; 0; 0; 0; 2; 0; 0; 0; 0; 0; 0; 0; 0; 0; 0; 0; 0; 0; 0; 0; 0; 0; 0; 210; 0; 43
1956;02; 0; 15; 0; 0; 0; 0; 0; 0; 0; 4; 0; 225; 0; 0; 200; 0; 87; 165; 0; 400; 0; 0; 170; 350; 232; 2; 40; 23; 0; 9999; 9999
1956;03; 0; 220; 0; 0; 0; 0; 0; 0; 0; 0; 0; 0; 0; 0; 0; 0; 0; 0; 0; 0; 0; 0; 0; 0; 0; 0; 0; 0; 25; 0; 320
1956;04; 0; 0; 0; 0; 0; 0; 6; 90; 0; 0; 0; 0; 0; 0; 0; 0; 0; 61; 0; 85; 0; 0; 0; 0; 285; 0; 400; 0; 80; 0; 9999
1956;05; 0; 340; 156; 124; 90; 0; 19; 18; 51; 0; 0; 0; 0; 0; 0; 0; 0; 0; 0; 0; 0; 0; 50; 0; 32; 120; 60; 0; 0; 0; 0
1956;06; 370; 16; 0; 0; 0; 0; 0; 0; 50; 70; 64; 340; 0; 0; 0; 0; 0; 0; 0; 0; 0; 0; 0; 0; 0; 0; 70; 0; 0; 0; 9999
1956;07; 0; 0; 0; 0; 0; 0; 0; 0; 0; 0; 0; 0; 0; 0; 0; 0; 0; 0; 0; 0; 45; 0; 145; 402; 0; 0; 0; 152; 0; 0; 192
1956;08; 220; 0; 103; 130; 0; 0; 0; 85; 0; 0; 0; 0; 0; 0; 0; 0; 0; 0; 0; 0; 0; 0; 0; 0; 0; 0; 0; 0; 0; 0; 0
1956;09; 0; 0; 0; 0; 0; 0; 0; 0; 0; 102; 333; 200; 0; 0; 0; 0; 0; 0; 0; 0; 0; 0; 0; 0; 0; 0; 0; 0; 80; 70; 9999
1956;10; 0; 0; 0; 0; 0; 0; 0; 0; 0; 0; 290; 90; 0; 0; 0; 0; 0; 280; 0; 0; 0; 0; 4; 0; 0; 0; 180; 0; 0; 0; 350
1956;11; 0; 0; 0; 0; 170; 0; 0; 0; 0; 0; 60; 9; 50; 0; 0; 0; 0; 0; 0; 0; 0; 94; 0; 0; 40; 145; 0; 0; 0; 0; 9999
1956;12; 0; 0; 0; 0; 400; 100; 0; 270; 0; 0; 0; 0; 105; 490; 0; 60; 0; 0; 220; 0; 0; 0; 0; 233; 11; 43; 0; 0; 0; 0; 0
1957;01; 0; 0; 0; 0; 0; 230; 0; 0; 0; 163; 350; 8; 0; 222; 416; 406; 105; 170; 0; 0; 37; 0; 0; 0; 0; 40; 0; 63; 0; 0; 0
1957;02; 0; 0; 125; 202; 0; 0; 17; 20; 0; 0; 190; 110; 0; 0; 608; 120; 120; 0; 0; 0; 0; 0; 0; 0; 0; 200; 254; 60; 9999; 9999; 9999
1957;03; 0; 0; 0; 0; 0; 0; 36; 0; 370; 60; 0; 56; 0; 0; 0; 0; 0; 0; 0; 0; 360; 374; 328; 0; 0; 0; 80; 0; 0; 0; 0
1957;04; 0; 120; 80; 0; 15; 0; 0; 0; 0; 0; 0; 0; 0; 0; 0; 174; 0; 0; 0; 0; 0; 0; 0; 0; 0; 0; 40; 0; 0; 200; 9999
1957;05; 96; 0; 0; 0; 0; 0; 0; 0; 0; 90; 0; 0; 0; 0; 0; 120; 0; 0; 0; 0; 0; 0; 0; 0; 0; 0; 0; 0; 0; 0; 0
1957;06; 0; 0; 0; 0; 0; 0; 0; 305; 0; 0; 0; 0; 0; 0; 0; 0; 0; 0; 0; 0; 0; 0; 0; 0; 0; 0; 0; 0; 0; 0; 9999
1957;07; 0; 0; 0; 105; 100; 0; 0; 0; 0; 0; 0; 0; 0; 0; 0; 0; 205; 552; 88; 0; 0; 0; 0; 0; 0; 0; 0; 0; 0; 0; 0
1957;08; 0; 0; 0; 0; 0; 0; 0; 0; 0; 0; 0; 0; 0; 211; 0; 0; 132; 0; 295; 0; 0; 0; 0; 0; 0; 0; 0; 0; 0; 0; 0
1957;09; 0; 0; 110; 38; 0; 0; 60; 80; 65; 0; 0; 0; 0; 0; 0; 0; 0; 0; 0; 0; 0; 0; 120; 0; 0; 0; 0; 0; 0; 0; 9999
1957;10; 0; 0; 0; 0; 0; 0; 0; 0; 0; 0; 0; 0; 0; 20; 0; 196; 0; 0; 0; 0; 0; 69; 0; 0; 0; 0; 0; 126; 107; 42; 0
1957;11; 0; 0; 0; 0; 43; 0; 0; 0; 80; 0; 0; 0; 0; 320; 0; 0; 20; 170; 0; 0; 0; 0; 0; 0; 0; 0; 0; 0; 0; 0; 9999
1957;12; 0; 210; 0; 0; 0; 0; 0; 0; 0; 0; 0; 90; 280; 180; 220; 0; 91; 0; 0; 150; 0; 0; 0; 0; 0; 80; 0; 0; 0; 0; 0
1958;01; 0; 0; 0; 0; 0; 0; 0; 0; 0; 0; 0; 85; 0; 108; 469; 0; 0; 482; 132; 0; 0; 90; 520; 0; 130; 130; 180; 100; 542; 0; 0
1958;02; 0; 0; 0; 0; 0; 320; 50; 222; 0; 0; 0; 0; 0; 0; 0; 0; 0; 80; 0; 0; 0; 0; 0; 0; 606; 68; 370; 16; 9999; 9999; 9999
1958;03; 103; 236; 15; 0; 0; 0; 320; 0; 0; 0; 0; 0; 0; 0; 0; 0; 0; 323; 0; 0; 0; 0; 0; 0; 0; 0; 0; 0; 0; 0; 220
1958;04; 153; 0; 0; 0; 0; 0; 0; 0; 0; 0; 0; 122; 0; 0; 0; 0; 0; 0; 330; 0; 0; 0; 0; 0; 0; 0; 0; 0; 0; 0; 9999
1958;05; 0; 0; 115; 125; 0; 0; 0; 0; 0; 0; 0; 0; 0; 0; 0; 0; 0; 0; 0; 0; 0; 321; 402; 0; 30; 50; 0; 100; 0; 0; 0
1958;06; 0; 0; 0; 0; 0; 0; 0; 0; 0; 0; 0; 0; 0; 58; 500; 0; 0; 0; 0; 0; 0; 0; 0; 0; 0; 0; 0; 0; 0; 0; 9999
1958;07; 0; 0; 0; 0; 0; 0; 0; 0; 0; 0; 0; 0; 0; 0; 0; 0; 0; 0; 0; 0; 0; 0; 0; 0; 0; 0; 0; 0; 0; 0; 0
1958;08; 0; 0; 0; 0; 77; 0; 0; 0; 0; 0; 0; 0; 0; 0; 0; 0; 0; 0; 0; 0; 0; 0; 0; 0; 0; 0; 0; 0; 0; 0; 0
1958;09; 0; 0; 0; 0; 0; 0; 45; 73; 0; 0; 0; 0; 200; 260; 40; 0; 0; 0; 0; 0; 0; 0; 0; 0; 72; 0; 0; 0; 0; 0; 9999
1958;10; 0; 0; 0; 0; 0; 0; 0; 0; 90; 0; 340; 0; 0; 0; 0; 0; 0; 304; 0; 0; 0; 0; 0; 2; 0; 70; 210; 120; 320; 30; 0
1958;11; 125; 0; 0; 38; 0; 0; 0; 0; 0; 0; 0; 120; 0; 20; 0; 0; 0; 0; 64; 0; 0; 0; 0; 80; 230; 0; 0; 76; 0; 0; 9999
1958;12; 0; 0; 0; 0; 0; 80; 0; 0; 0; 0; 270; 80; 0; 0; 0; 137; 71; 85; 0; 420; 260; 50; 0; 0; 0; 0; 0; 0; 0; 0; 0
1959;01; 0; 0; 0; 400; 210; 360; 170; 240; 0; 0; 0; 220; 110; 22; 185; 18; 28; 94; 532; 63; 0; 0; 60; 119; 155; 0; 0; 0; 0; 0; 0
1959;02; 0; 197; 160; 37; 72; 0; 109; 0; 0; 0; 0; 0; 0; 0; 22; 0; 322; 118; 300; 0; 0; 0; 0; 0; 126; 0; 147; 120; 9999; 9999; 9999
1959;03; 80; 0; 0; 0; 0; 0; 0; 0; 0; 0; 0; 0; 95; 140; 120; 0; 0; 0; 0; 160; 101; 300; 99; 0; 0; 98; 130; 0; 0; 80; 0
1959;04; 190; 0; 0; 258; 38; 0; 0; 0; 0; 0; 0; 0; 0; 0; 0; 0; 0; 0; 0; 0; 0; 0; 124; 0; 0; 0; 0; 0; 0; 0; 9999
1959;05; 0; 0; 0; 0; 0; 0; 0; 0; 0; 0; 0; 0; 0; 0; 0; 0; 0; 0; 65; 123; 0; 0; 0; 0; 0; 0; 0; 0; 0; 110; 0
1959;06; 0; 0; 0; 0; 0; 0; 0; 0; 0; 0; 0; 0; 0; 0; 0; 0; 0; 0; 0; 0; 0; 0; 0; 0; 0; 0; 0; 0; 0; 0; 9999
1959;07; 0; 0; 0; 0; 0; 0; 0; 0; 0; 0; 0; 0; 0; 0; 0; 0; 0; 0; 0; 0; 0; 0; 0; 0; 0; 0; 0; 0; 0; 0; 0
1959;08; 70; 0; 100; 0; 0; 0; 0; 54; 58; 0; 0; 25; 288; 0; 120; 0; 0; 0; 0; 0; 0; 0; 0; 0; 0; 0; 0; 0; 0; 0; 0
1959;09; 0; 0; 0; 80; 0; 0; 0; 0; 0; 0; 0; 0; 0; 0; 0; 0; 0; 0; 0; 0; 0; 0; 0; 0; 0; 60; 120; 0; 0; 0; 9999
1959;10; 0; 0; 0; 0; 0; 0; 0; 0; 0; 0; 0; 0; 0; 0; 0; 0; 0; 85; 0; 0; 54; 32; 0; 0; 0; 0; 0; 0; 0; 0; 25
1959;11; 224; 0; 0; 13; 0; 9; 60; 250; 0; 0; 0; 220; 130; 0; 0; 0; 0; 0; 64; 2; 80; 60; 0; 0; 0; 770; 90; 0; 107; 0; 9999
1959;12; 0; 0; 113; 48; 200; 0; 0; 120; 0; 70; 0; 0; 46; 0; 0; 0; 0; 0; 70; 0; 0; 120; 0; 50; 230; 0; 0; 0; 0; 0; 0
1960;01; 0; 0; 0; 0; 0; 188; 238; 378; 0; 0; 0; 0; 0; 0; 0; 15; 0; 114; 16; 100; 150; 45; 377; 141; 0; 0; 0; 0; 0; 0; 0
1960;02; 30; 252; 421; 115; 0; 0; 0; 430; 0; 0; 80; 0; 0; 0; 164; 222; 0; 0; 0; 0; 80; 60; 0; 0; 400; 120; 0; 305; 350; 9999; 9999
1960;03; 48; 0; 0; 0; 0; 0; 0; 0; 0; 0; 0; 0; 0; 0; 0; 0; 0; 0; 0; 0; 0; 0; 250; 120; 0; 0; 0; 0; 0; 0; 0
1960;04; 0; 0; 220; 0; 0; 0; 0; 43; 702; 47; 0; 0; 0; 0; 0; 0; 0; 0; 0; 0; 120; 0; 0; 0; 0; 0; 0; 0; 0; 0; 9999
1960;05; 960; 0; 0; 0; 0; 0; 0; 0; 0; 0; 0; 0; 0; 0; 0; 280; 0; 0; 0; 0; 0; 0; 0; 0; 0; 0; 0; 0; 0; 0; 0
1960;06; 0; 0; 0; 0; 0; 0; 0; 0; 0; 0; 0; 0; 0; 0; 90; 0; 0; 0; 0; 0; 0; 0; 0; 143; 0; 0; 220; 260; 0; 0; 9999
1960;07; 0; 0; 0; 0; 0; 0; 0; 0; 0; 0; 0; 0; 0; 0; 0; 0; 0; 0; 0; 0; 0; 0; 0; 0; 0; 0; 0; 0; 0; 0; 0
1960;08; 0; 0; 0; 0; 0; 0; 0; 0; 0; 0; 0; 0; 0; 0; 0; 120; 0; 0; 0; 0; 0; 0; 0; 0; 0; 0; 0; 0; 0; 0; 0
1960;09; 0; 0; 0; 0; 0; 0; 0; 0; 0; 0; 0; 0; 0; 0; 0; 0; 0; 0; 0; 0; 0; 0; 0; 0; 0; 0; 0; 0; 0; 0; 9999
1960;10; 0; 0; 0; 0; 0; 0; 0; 0; 0; 0; 0; 0; 0; 0; 0; 0; 220; 0; 0; 402; 59; 285; 52; 0; 0; 0; 120; 0; 0; 0; 0
1960;11; 155; 0; 267; 0; 0; 0; 0; 250; 0; 0; 0; 100; 260; 180; 0; 0; 0; 0; 0; 539; 144; 60; 0; 0; 0; 0; 80; 0; 159; 59; 9999
1960;12; 0; 0; 0; 0; 0; 0; 90; 0; 0; 0; 0; 0; 83; 0; 0; 259; 0; 428; 470; 0; 860; 230; 80; 0; 0; 200; 0; 85; 0; 185; 130
1961;01; 105; 258; 120; 95; 5; 0; 0; 168; 0; 208; 81; 0; 0; 0; 0; 13; 0; 0; 0; 85; 12; 0; 0; 0; 0; 95; 0; 293; 0; 243; 0
1961;02; 100; 28; 67; 42; 165; 115; 0; 0; 0; 0; 287; 269; 163; 144; 0; 110; 225; 0; 80; 460; 150; 7; 200; 240; 29; 0; 0; 0; 9999; 9999; 9999
1961;03; 60; 0; 0; 0; 0; 0; 0; 375; 92; 0; 0; 0; 62; 120; 60; 320; 0; 100; 120; 0; 168; 0; 0; 0; 0; 0; 333; 0; 0; 0; 0
1961;04; 0; 0; 0; 100; 234; 37; 0; 0; 0; 0; 0; 0; 0; 0; 0; 0; 0; 0; 0; 0; 0; 0; 0; 0; 0; 0; 0; 0; 0; 0; 9999
1961;05; 0; 0; 533; 105; 173; 0; 0; 0; 0; 0; 0; 0; 0; 0; 0; 0; 0; 0; 0; 0; 0; 0; 0; 0; 0; 0; 0; 0; 0; 0; 0
1961;06; 0; 0; 0; 0; 0; 0; 0; 0; 0; 0; 0; 0; 0; 0; 0; 0; 0; 0; 0; 0; 0; 0; 0; 0; 0; 0; 0; 0; 0; 0; 9999
1961;07; 0; 0; 0; 0; 0; 0; 0; 0; 0; 0; 0; 0; 0; 0; 0; 0; 0; 0; 0; 0; 0; 0; 0; 0; 0; 0; 0; 0; 0; 0; 0
1961;08; 0; 0; 0; 0; 0; 0; 0; 0; 0; 0; 0; 0; 0; 0; 0; 0; 0; 0; 0; 0; 0; 0; 0; 0; 0; 10; 0; 0; 0; 0; 0
1961;09; 0; 0; 0; 0; 0; 0; 0; 0; 0; 0; 0; 0; 0; 0; 0; 0; 0; 0; 0; 0; 0; 0; 0; 0; 0; 0; 0; 0; 0; 0; 9999
1961;10; 0; 0; 56; 82; 0; 0; 0; 0; 0; 0; 0; 0; 80; 60; 160; 0; 0; 0; 0; 0; 0; 0; 0; 0; 0; 0; 120; 80; 100; 120; 0
1961;11; 23; 0; 200; 200; 108; 0; 0; 0; 0; 0; 0; 0; 143; 0; 83; 0; 0; 29; 0; 0; 0; 72; 9; 0; 0; 0; 0; 0; 6; 0; 9999
1961;12; 0; 0; 120; 80; 0; 0; 110; 220; 0; 0; 0; 0; 135; 10; 26; 579; 0; 0; 80; 0; 10; 0; 0; 160; 0; 52; 203; 0; 46; 0; 0
1962;01; 0; 0; 0; 340; 0; 0; 0; 240; 114; 212; 0; 110; 0; 0; 184; 0; 86; 80; 80; 10; 154; 225; 22; 0; 0; 204; 0; 0; 0; 0; 0
1962;02; 0; 0; 0; 24; 704; 53; 82; 0; 320; 0; 360; 0; 0; 0; 0; 25; 0; 0; 0; 42; 0; 45; 260; 220; 80; 0; 0; 0; 9999; 9999; 9999
1962;03; 90; 0; 86; 188; 0; 0; 0; 0; 0; 0; 72; 0; 160; 90; 850; 50; 0; 100; 160; 292; 60; 0; 0; 0; 0; 0; 0; 0; 0; 0; 0
1962;04; 0; 0; 0; 0; 0; 0; 0; 0; 0; 0; 0; 0; 0; 0; 0; 60; 0; 182; 0; 0; 0; 0; 0; 0; 0; 0; 0; 0; 0; 0; 9999
1962;05; 0; 52; 40; 0; 0; 0; 0; 0; 0; 0; 0; 0; 0; 0; 0; 0; 0; 0; 0; 0; 0; 0; 0; 0; 0; 0; 0; 0; 0; 0; 0
1962;06; 0; 0; 80; 30; 0; 80; 184; 0; 0; 0; 0; 0; 0; 0; 0; 0; 0; 0; 0; 0; 0; 0; 0; 0; 0; 0; 0; 0; 0; 0; 9999
1962;07; 0; 0; 0; 0; 0; 0; 0; 0; 0; 0; 67; 0; 0; 0; 0; 0; 0; 0; 0; 0; 0; 0; 0; 0; 0; 5; 0; 0; 0; 0; 0
1962;08; 0; 0; 0; 0; 0; 0; 0; 0; 0; 0; 0; 50; 0; 0; 0; 80; 0; 0; 0; 0; 0; 0; 250; 39; 0; 0; 0; 0; 0; 0; 0
1962;09; 0; 0; 106; 0; 29; 0; 0; 0; 412; 0; 0; 0; 0; 0; 0; 0; 0; 0; 0; 0; 0; 0; 0; 0; 0; 0; 0; 0; 0; 90; 9999
1962;10; 0; 220; 120; 0; 0; 0; 0; 0; 0; 0; 130; 0; 0; 0; 0; 0; 180; 320; 0; 0; 0; 0; 0; 0; 30; 0; 0; 0; 106; 120; 40
1962;11; 0; 0; 0; 0; 0; 0; 0; 0; 60; 0; 0; 0; 0; 0; 0; 0; 0; 0; 0; 80; 0; 0; 0; 0; 0; 0; 0; 0; 0; 0; 9999
1962;12; 0; 42; 0; 220; 120; 180; 0; 0; 0; 109; 0; 628; 912; 0; 0; 0; 330; 120; 0; 60; 0; 0; 0; 0; 0; 0; 0; 0; 0; 313; 304
1963;01; 226; 260; 120; 0; 0; 0; 0; 32; 0; 0; 0; 28; 0; 237; 0; 320; 0; 160; 0; 0; 0; 0; 278; 0; 110; 1004; 0; 0; 0; 0; 0
1963;02; 0; 0; 0; 0; 0; 83; 32; 0; 0; 0; 0; 0; 0; 0; 0; 0; 0; 0; 0; 0; 149; 0; 0; 54; 110; 0; 0; 0; 9999; 9999; 9999
1963;03; 0; 0; 0; 0; 0; 0; 0; 286; 0; 0; 15; 0; 0; 0; 0; 0; 0; 0; 36; 59; 0; 0; 0; 100; 0; 200; 0; 0; 0; 0; 0
1963;04; 0; 0; 0; 0; 0; 0; 0; 77; 0; 156; 0; 0; 0; 0; 0; 200; 36; 0; 0; 0; 0; 0; 0; 0; 0; 0; 0; 0; 0; 0; 9999
1963;05; 0; 0; 0; 0; 0; 0; 0; 0; 0; 0; 0; 0; 0; 0; 0; 0; 0; 15; 0; 0; 0; 0; 0; 0; 0; 0; 0; 0; 0; 0; 0
1963;06; 0; 0; 0; 0; 0; 0; 0; 0; 0; 0; 0; 0; 0; 0; 0; 0; 0; 0; 0; 0; 0; 0; 0; 0; 0; 0; 0; 0; 0; 0; 9999
1963;07; 0; 0; 0; 0; 0; 0; 0; 0; 0; 0; 0; 0; 0; 0; 0; 0; 0; 0; 0; 0; 0; 0; 0; 0; 0; 0; 0; 0; 0; 0; 0
1963;08; 0; 0; 0; 0; 0; 0; 0; 0; 0; 0; 0; 0; 0; 0; 0; 0; 0; 160; 0; 0; 0; 0; 0; 0; 0; 0; 0; 0; 0; 0; 0
1963;09; 0; 0; 0; 0; 0; 0; 0; 0; 0; 0; 0; 0; 0; 0; 0; 0; 0; 0; 0; 0; 0; 0; 0; 0; 0; 0; 0; 0; 0; 0; 9999
1963;10; 0; 0; 0; 0; 0; 0; 41; 0; 0; 0; 0; 0; 0; 0; 0; 0; 0; 0; 56; 0; 0; 280; 140; 0; 0; 170; 0; 0; 0; 0; 0
1963;11; 9999; 9999; 9999; 9999; 9999; 9999; 9999; 9999; 9999; 9999; 9999; 9999; 9999; 9999; 9999; 9999; 9999; 9999; 9999; 9999; 9999; 9999; 9999; 9999; 9999; 9999; 9999; 9999; 9999; 9999; 9999
1963;12; 14; 300; 0; 140; 0; 120; 0; 90; 0; 0; 0; 0; 0; 0; 0; 0; 0; 0; 0; 240; 0; 0; 0; 0; 0; 0; 0; 0; 30; 0; 0
1964;01; 0; 0; 0; 0; 0; 0; 0; 0; 50; 0; 0; 0; 0; 80; 0; 0; 0; 60; 0; 0; 0; 0; 84; 0; 0; 0; 0; 0; 290; 0; 0
1964;02; 0; 0; 0; 37; 0; 0; 0; 26; 0; 25; 0; 240; 400; 260; 260; 0; 50; 85; 160; 120; 24; 0; 18; 250; 0; 0; 0; 0; 0; 9999; 9999
1964;03; 0; 0; 20; 0; 0; 0; 108; 130; 0; 0; 0; 0; 0; 0; 0; 200; 0; 0; 0; 0; 10; 0; 0; 0; 0; 0; 0; 0; 0; 160; 0
1964;04; 0; 0; 76; 22; 7; 0; 0; 0; 0; 0; 0; 0; 0; 0; 0; 0; 0; 0; 0; 0; 0; 0; 0; 0; 0; 0; 0; 0; 0; 0; 9999
1964;05; 365; 31; 0; 0; 80; 190; 0; 0; 0; 0; 0; 0; 0; 50; 0; 0; 0; 0; 0; 0; 0; 0; 0; 0; 0; 0; 0; 0; 0; 0; 0
1964;06; 0; 0; 0; 0; 0; 0; 0; 0; 0; 0; 0; 0; 0; 136; 40; 0; 0; 0; 0; 0; 0; 0; 0; 0; 0; 106; 0; 12; 190; 33; 9999
1964;07; 0; 0; 0; 130; 0; 0; 0; 0; 0; 0; 0; 0; 0; 0; 0; 0; 10; 0; 0; 0; 0; 0; 0; 0; 195; 85; 0; 0; 0; 0; 0
1964;08; 0; 0; 0; 0; 0; 0; 0; 0; 0; 0; 0; 0; 0; 0; 0; 0; 0; 0; 0; 0; 35; 0; 0; 0; 0; 0; 0; 0; 0; 0; 0
1964;09; 0; 0; 0; 0; 0; 0; 22; 0; 0; 0; 0; 0; 0; 0; 0; 0; 0; 0; 0; 0; 0; 0; 0; 0; 376; 283; 64; 112; 82; 0; 9999
1964;10; 224; 0; 52; 0; 0; 0; 850; 21; 0; 0; 0; 0; 0; 0; 0; 0; 0; 0; 0; 0; 82; 22; 0; 0; 0; 0; 296; 0; 0; 405; 53
1964;11; 47; 0; 0; 0; 0; 319; 28; 0; 0; 0; 0; 0; 0; 0; 6; 350; 47; 0; 0; 22; 290; 0; 0; 0; 0; 0; 0; 0; 0; 0; 9999
1964;12; 146; 266; 68; 0; 0; 0; 0; 0; 163; 0; 0; 0; 532; 182; 233; 0; 0; 625; 25; 0; 0; 0; 0; 405; 604; 25; 0; 82; 0; 0; 0
1965;01; 0; 0; 0; 21; 0; 0; 0; 0; 1032; 0; 117; 2; 0; 0; 246; 0; 46; 161; 612; 221; 0; 0; 12; 0; 72; 0; 0; 51; 89; 98; 0
1965;02; 62; 304; 0; 0; 176; 37; 0; 0; 0; 0; 0; 0; 0; 0; 304; 0; 0; 36; 59; 138; 100; 290; 605; 102; 0; 0; 689; 224; 9999; 9999; 9999
1965;03; 0; 0; 26; 0; 0; 270; 0; 0; 80; 480; 0; 0; 0; 0; 0; 30; 111; 0; 0; 0; 0; 0; 305; 0; 0; 204; 0; 0; 0; 0; 0
1965;04; 0; 0; 0; 0; 0; 0; 0; 0; 0; 0; 0; 0; 0; 0; 0; 0; 0; 0; 0; 82; 0; 0; 0; 0; 0; 0; 0; 0; 530; 80; 9999
1965;05; 0; 0; 0; 0; 0; 0; 0; 0; 0; 0; 0; 20; 0; 0; 370; 0; 0; 0; 270; 0; 0; 0; 0; 0; 0; 0; 0; 0; 0; 0; 0
1965;06; 0; 0; 0; 0; 0; 0; 0; 0; 0; 0; 0; 60; 0; 50; 0; 0; 0; 0; 0; 0; 0; 0; 0; 210; 0; 0; 0; 0; 0; 0; 9999
1965;07; 0; 0; 0; 0; 0; 135; 38; 100; 24; 155; 25; 0; 0; 0; 0; 0; 0; 0; 0; 0; 0; 0; 0; 0; 0; 0; 0; 0; 0; 0; 105
1965;08; 0; 0; 0; 0; 0; 0; 185; 0; 0; 0; 0; 0; 0; 0; 0; 0; 0; 0; 0; 0; 0; 0; 0; 0; 0; 0; 0; 0; 0; 0; 0
1965;09; 0; 0; 0; 0; 0; 0; 0; 0; 0; 0; 0; 0; 0; 0; 0; 0; 0; 0; 0; 0; 0; 0; 0; 0; 0; 106; 3; 30; 22; 0; 9999
1965;10; 575; 390; 0; 0; 0; 0; 0; 0; 0; 0; 42; 0; 0; 0; 220; 0; 0; 0; 95; 320; 0; 30; 160; 0; 0; 90; 0; 0; 290; 50; 0
1965;11; 0; 0; 0; 0; 0; 0; 0; 0; 386; 0; 0; 0; 0; 0; 34; 0; 0; 0; 0; 0; 0; 0; 0; 0; 0; 0; 298; 0; 284; 15; 9999
1965;12; 0; 0; 42; 83; 246; 314; 314; 504; 258; 383; 40; 30; 0; 0; 16; 0; 0; 0; 0; 0; 0; 0; 0; 0; 23; 0; 0; 0; 143; 0; 93
1966;01; 0; 0; 204; 0; 140; 0; 20; 0; 30; 0; 20; 0; 0; 0; 265; 0; 0; 0; 0; 0; 0; 0; 0; 0; 0; 290; 0; 325; 0; 10; 150
1966;02; 100; 250; 0; 0; 50; 150; 130; 0; 0; 0; 90; 0; 160; 50; 0; 0; 0; 0; 0; 0; 0; 0; 0; 230; 0; 0; 0; 0; 9999; 9999; 9999
1966;03; 0; 165; 130; 190; 20; 150; 315; 70; 75; 60; 10; 0; 0; 0; 0; 0; 0; 0; 0; 0; 0; 0; 0; 0; 0; 100; 0; 0; 0; 0; 0
1966;04; 58; 110; 40; 0; 0; 320; 0; 0; 0; 0; 0; 0; 0; 0; 0; 0; 0; 0; 0; 0; 0; 0; 0; 0; 0; 0; 0; 0; 0; 0; 9999
1966;05; 0; 0; 0; 0; 0; 40; 0; 0; 0; 0; 0; 181; 0; 0; 0; 0; 0; 0; 0; 0; 30; 0; 50; 0; 0; 0; 0; 0; 0; 0; 0
1966;06; 0; 0; 0; 0; 0; 0; 0; 0; 0; 0; 0; 0; 0; 0; 0; 0; 0; 0; 0; 0; 0; 0; 0; 0; 0; 0; 0; 0; 0; 0; 9999
1966;07; 0; 0; 0; 0; 0; 0; 7; 0; 0; 0; 0; 0; 0; 0; 0; 0; 0; 0; 0; 0; 0; 0; 0; 20; 0; 0; 0; 0; 0; 0; 0
1966;08; 100; 0; 0; 0; 0; 0; 0; 0; 0; 0; 0; 0; 0; 0; 0; 0; 0; 0; 0; 0; 0; 0; 0; 0; 0; 0; 0; 0; 0; 0; 0
1966;09; 3; 100; 120; 0; 0; 0; 0; 0; 0; 0; 0; 0; 0; 0; 0; 0; 0; 0; 0; 0; 35; 0; 0; 0; 0; 0; 0; 0; 403; 0; 9999
1966;10; 0; 0; 0; 0; 0; 0; 0; 81; 1; 0; 0; 0; 171; 11; 0; 0; 0; 100; 25; 0; 0; 0; 616; 0; 0; 0; 0; 215; 25; 180; 100
1966;11; 50; 350; 0; 0; 28; 0; 0; 140; 0; 444; 70; 0; 87; 90; 0; 540; 0; 90; 0; 0; 0; 0; 0; 0; 0; 0; 0; 0; 0; 0; 9999
1966;12; 0; 0; 233; 40; 10; 0; 0; 33; 0; 0; 0; 0; 0; 0; 0; 110; 160; 270; 0; 50; 290; 405; 754; 170; 0; 0; 200; 160; 0; 0; 90
1967;01; 0; 0; 0; 140; 130; 64; 0; 0; 0; 370; 180; 140; 160; 41; 53; 70; 60; 0; 30; 0; 186; 300; 500; 70; 0; 50; 0; 0; 0; 0; 0
1967;02; 23; 520; 0; 0; 0; 184; 40; 123; 15; 0; 0; 0; 0; 0; 0; 0; 0; 0; 180; 0; 0; 112; 40; 0; 261; 73; 0; 0; 9999; 9999; 9999
1967;03; 30; 0; 2; 0; 0; 72; 260; 83; 0; 0; 0; 0; 150; 110; 40; 0; 0; 0; 20; 0; 0; 0; 0; 0; 0; 0; 60; 0; 0; 0; 0
1967;04; 0; 0; 0; 0; 0; 0; 0; 0; 0; 0; 0; 0; 0; 0; 0; 0; 50; 0; 0; 0; 0; 40; 0; 0; 0; 0; 0; 110; 0; 0; 9999
1967;05; 0; 0; 70; 0; 0; 0; 0; 0; 0; 0; 0; 0; 0; 0; 0; 0; 0; 0; 0; 0; 0; 0; 0; 0; 0; 0; 0; 0; 0; 0; 0
1967;06; 0; 0; 0; 0; 0; 60; 170; 50; 0; 0; 4; 0; 409; 40; 0; 0; 0; 0; 0; 0; 0; 0; 0; 0; 0; 0; 0; 0; 0; 0; 9999
1967;07; 0; 0; 0; 0; 0; 0; 0; 0; 0; 0; 0; 0; 0; 0; 0; 0; 0; 0; 0; 0; 0; 0; 0; 0; 0; 0; 0; 0; 0; 0; 0
1967;08; 0; 0; 0; 0; 0; 0; 0; 0; 0; 0; 0; 0; 0; 0; 0; 0; 0; 0; 0; 0; 0; 0; 0; 0; 0; 0; 0; 0; 0; 0; 0
1967;09; 0; 0; 0; 0; 0; 0; 0; 0; 270; 0; 0; 0; 190; 0; 0; 0; 0; 0; 0; 0; 0; 0; 0; 0; 0; 0; 0; 0; 0; 0; 9999
1967;10; 0; 0; 0; 0; 0; 0; 0; 0; 0; 0; 0; 0; 0; 0; 0; 0; 670; 0; 0; 55; 85; 20; 0; 0; 52; 380; 370; 90; 0; 0; 0
1967;11; 0; 0; 190; 0; 0; 0; 0; 0; 0; 0; 0; 0; 0; 110; 110; 80; 170; 0; 0; 0; 0; 0; 240; 240; 0; 0; 0; 60; 70; 0; 9999
1967;12; 0; 0; 0; 0; 0; 0; 0; 0; 70; 0; 140; 0; 60; 0; 110; 140; 400; 300; 1; 0; 0; 130; 0; 0; 0; 0; 0; 0; 110; 270; 0
1968;01; 0; 0; 0; 80; 0; 0; 0; 0; 0; 0; 50; 0; 260; 60; 130; 0; 110; 310; 0; 0; 0; 0; 260; 0; 0; 0; 0; 0; 0; 0; 0
1968;02; 0; 0; 0; 0; 0; 0; 0; 0; 0; 0; 0; 0; 0; 0; 100; 60; 0; 0; 0; 0; 0; 120; 140; 180; 0; 0; 0; 0; 0; 9999; 9999
1968;03; 0; 0; 0; 40; 140; 0; 0; 20; 0; 0; 0; 0; 150; 0; 0; 0; 0; 0; 0; 0; 0; 0; 0; 0; 0; 0; 0; 0; 0; 0; 400
1968;04; 0; 0; 0; 0; 0; 0; 0; 0; 0; 0; 0; 0; 0; 0; 0; 0; 0; 0; 190; 0; 0; 0; 0; 0; 0; 0; 0; 0; 0; 0; 9999
1968;05; 0; 0; 0; 0; 0; 0; 0; 0; 0; 0; 0; 0; 0; 0; 0; 0; 0; 0; 0; 0; 0; 0; 0; 0; 0; 0; 0; 0; 0; 0; 0
1968;06; 0; 0; 0; 0; 0; 0; 0; 0; 0; 0; 0; 0; 0; 0; 0; 0; 0; 0; 0; 0; 100; 0; 0; 0; 5; 0; 0; 0; 0; 0; 9999
1968;07; 0; 0; 0; 0; 0; 0; 0; 0; 0; 0; 0; 0; 0; 0; 0; 0; 0; 0; 0; 0; 37; 0; 0; 0; 0; 0; 0; 0; 0; 0; 0
1968;08; 0; 0; 0; 25; 0; 0; 0; 90; 45; 0; 0; 0; 0; 0; 0; 0; 0; 0; 0; 0; 0; 0; 0; 0; 0; 0; 0; 0; 0; 0; 110
1968;09; 0; 0; 0; 193; 0; 0; 0; 0; 0; 0; 0; 0; 0; 0; 0; 0; 0; 0; 0; 0; 5; 0; 0; 0; 0; 0; 0; 0; 0; 0; 9999
1968;10; 200; 0; 0; 0; 0; 0; 0; 0; 0; 0; 0; 16; 0; 0; 0; 0; 390; 205; 0; 0; 0; 0; 270; 0; 82; 0; 0; 0; 0; 0; 0
1968;11; 0; 0; 0; 0; 0; 0; 0; 0; 0; 0; 0; 0; 0; 0; 0; 0; 0; 125; 0; 0; 0; 0; 0; 0; 0; 0; 191; 93; 83; 156; 9999
1968;12; 193; 232; 142; 42; 0; 0; 0; 0; 0; 0; 0; 0; 0; 0; 0; 0; 203; 0; 0; 0; 0; 0; 0; 0; 0; 0; 0; 140; 40; 0; 0
1969;01; 0; 0; 0; 0; 243; 0; 0; 0; 0; 0; 0; 0; 0; 0; 0; 0; 0; 0; 0; 0; 0; 235; 220; 450; 0; 0; 0; 302; 0; 0; 0
1969;02; 0; 0; 130; 0; 0; 0; 0; 0; 0; 300; 0; 0; 0; 0; 0; 0; 0; 0; 0; 260; 85; 0; 0; 0; 0; 0; 0; 70; 9999; 9999; 9999
1969;03; 78; 0; 170; 0; 57; 0; 0; 0; 0; 0; 190; 0; 0; 0; 0; 0; 0; 0; 0; 0; 0; 170; 0; 0; 0; 0; 30; 0; 0; 0; 0
1969;04; 40; 130; 0; 0; 100; 0; 0; 20; 0; 0; 10; 20; 0; 0; 0; 0; 0; 0; 0; 0; 0; 10; 0; 0; 0; 0; 0; 0; 0; 0; 9999
1969;05; 0; 0; 0; 0; 0; 0; 0; 0; 0; 0; 0; 0; 0; 0; 0; 0; 0; 0; 0; 0; 0; 0; 0; 0; 0; 0; 0; 0; 0; 30; 160
1969;06; 0; 47; 0; 0; 0; 0; 0; 0; 0; 0; 0; 0; 0; 0; 0; 0; 0; 0; 0; 0; 0; 0; 0; 0; 0; 0; 0; 0; 0; 0; 9999
1969;07; 0; 0; 0; 0; 0; 0; 0; 0; 0; 0; 0; 0; 80; 0; 0; 0; 0; 0; 0; 0; 0; 0; 0; 0; 0; 0; 0; 0; 0; 0; 0
1969;08; 0; 0; 106; 0; 0; 0; 23; 0; 0; 0; 0; 0; 0; 0; 0; 28; 0; 0; 0; 0; 0; 0; 0; 0; 0; 0; 0; 0; 0; 0; 0
1969;09; 0; 0; 0; 0; 0; 0; 0; 0; 0; 0; 0; 0; 0; 0; 0; 0; 0; 0; 0; 58; 64; 0; 0; 0; 0; 120; 0; 0; 0; 406; 9999
1969;10; 100; 0; 131; 135; 226; 68; 91; 0; 0; 296; 0; 0; 0; 0; 0; 0; 45; 0; 0; 331; 0; 0; 30; 31; 0; 0; 39; 0; 0; 0; 52
1969;11; 0; 0; 0; 0; 320; 0; 85; 0; 0; 131; 0; 0; 428; 353; 0; 91; 93; 50; 96; 406; 0; 90; 0; 0; 0; 0; 0; 0; 20; 128; 9999
1969;12; 100; 105; 0; 0; 0; 106; 61; 0; 70; 0; 0; 92; 102; 805; 0; 0; 0; 0; 0; 0; 0; 0; 95; 65; 0; 0; 0; 0; 0; 0; 62
1970;01; 0; 408; 0; 152; 0; 0; 0; 0; 0; 135; 0; 0; 0; 402; 370; 325; 661; 545; 545; 125; 428; 0; 0; 0; 0; 0; 0; 0; 0; 429; 0
1970;02; 86; 16; 0; 0; 0; 73; 91; 0; 92; 0; 0; 424; 215; 306; 202; 444; 106; 62; 308; 46; 52; 1426; 22; 0; 0; 295; 0; 0; 9999; 9999; 9999
1970;03; 0; 0; 0; 0; 0; 0; 0; 62; 0; 0; 0; 0; 0; 0; 0; 0; 42; 0; 0; 182; 0; 0; 0; 0; 0; 0; 62; 0; 0; 0; 0
1970;04; 0; 295; 32; 48; 0; 65; 0; 0; 0; 0; 0; 0; 0; 0; 0; 0; 0; 0; 0; 0; 0; 0; 0; 0; 0; 0; 0; 0; 0; 32; 9999
1970;05; 0; 0; 0; 0; 0; 0; 0; 190; 0; 0; 0; 0; 0; 0; 0; 0; 0; 0; 0; 0; 0; 0; 0; 0; 0; 0; 0; 0; 0; 0; 0
1970;06; 0; 0; 0; 0; 0; 0; 0; 0; 0; 0; 0; 0; 0; 0; 0; 20; 0; 0; 0; 0; 0; 0; 35; 486; 34; 0; 6; 0; 0; 0; 9999
1970;07; 0; 0; 0; 0; 0; 0; 0; 0; 0; 0; 25; 0; 23; 0; 0; 0; 0; 0; 0; 0; 0; 0; 0; 0; 0; 0; 0; 0; 0; 0; 0
1970;08; 0; 0; 0; 0; 0; 0; 0; 0; 0; 0; 0; 0; 0; 0; 0; 0; 0; 0; 0; 0; 0; 0; 0; 0; 0; 0; 503; 420; 20; 30; 125
1970;09; 0; 0; 0; 0; 0; 0; 194; 0; 0; 248; 0; 0; 0; 4; 0; 0; 0; 0; 0; 0; 0; 0; 0; 0; 0; 0; 0; 25; 0; 50; 9999
1970;10; 0; 0; 0; 0; 0; 0; 0; 0; 300; 0; 0; 0; 180; 0; 0; 0; 0; 0; 0; 85; 0; 140; 120; 0; 0; 0; 0; 0; 40; 140; 0
1970;11; 0; 0; 20; 0; 0; 0; 0; 843; 0; 0; 0; 128; 0; 0; 0; 0; 0; 0; 0; 0; 0; 232; 0; 0; 0; 0; 0; 0; 0; 248; 9999
1970;12; 225; 0; 0; 0; 0; 0; 0; 0; 0; 0; 0; 0; 0; 203; 0; 0; 0; 0; 392; 375; 333; 293; 0; 0; 0; 0; 0; 0; 0; 0; 0
1971;01; 151; 60; 143; 242; 151; 123; 0; 142; 267; 0; 38; 60; 27; 0; 0; 0; 55; 82; 0; 0; 0; 0; 0; 0; 0; 0; 0; 0; 0; 11; 0
1971;02; 0; 0; 0; 0; 0; 255; 0; 0; 0; 116; 0; 0; 308; 304; 0; 0; 0; 0; 0; 502; 0; 0; 0; 0; 0; 162; 0; 0; 9999; 9999; 9999
1971;03; 0; 0; 0; 0; 0; 80; 80; 0; 0; 0; 155; 705; 210; 0; 0; 0; 0; 0; 0; 0; 125; 0; 0; 0; 450; 120; 0; 0; 90; 0; 0
1971;04; 0; 0; 0; 0; 0; 0; 0; 0; 342; 0; 0; 0; 0; 0; 0; 0; 0; 0; 0; 0; 221; 0; 0; 0; 0; 0; 0; 0; 0; 0; 9999
1971;05; 0; 0; 0; 225; 307; 0; 0; 0; 0; 0; 0; 0; 0; 0; 0; 0; 0; 0; 0; 0; 0; 0; 0; 0; 0; 95; 0; 0; 0; 0; 0
1971;06; 0; 0; 0; 0; 0; 0; 0; 0; 9; 0; 0; 178; 97; 0; 28; 235; 205; 308; 0; 0; 0; 0; 0; 0; 0; 0; 0; 0; 0; 0; 9999
1971;07; 0; 0; 0; 0; 68; 0; 0; 0; 0; 0; 0; 0; 0; 0; 0; 0; 0; 0; 0; 0; 0; 0; 0; 0; 0; 0; 0; 0; 0; 191; 0
1971;08; 0; 0; 0; 0; 0; 0; 0; 0; 0; 0; 0; 0; 0; 0; 0; 0; 0; 0; 0; 0; 0; 0; 0; 0; 0; 0; 0; 0; 0; 0; 0
1971;09; 0; 0; 24; 0; 0; 0; 35; 0; 187; 0; 0; 0; 0; 0; 0; 0; 0; 0; 0; 0; 0; 0; 0; 0; 0; 0; 0; 0; 0; 0; 9999
1971;10; 9999; 9999; 9999; 9999; 9999; 9999; 9999; 9999; 9999; 9999; 9999; 9999; 9999; 9999; 9999; 9999; 9999; 9999; 9999; 9999; 9999; 9999; 9999; 9999; 9999; 9999; 9999; 9999; 9999; 9999; 9999
1971;11; 9999; 9999; 9999; 9999; 9999; 9999; 9999; 9999; 9999; 9999; 9999; 9999; 9999; 9999; 9999; 9999; 9999; 9999; 9999; 9999; 9999; 9999; 9999; 9999; 9999; 9999; 9999; 9999; 9999; 9999; 9999
1971;12; 9999; 9999; 9999; 9999; 9999; 9999; 9999; 9999; 9999; 9999; 9999; 9999; 9999; 9999; 9999; 9999; 9999; 9999; 9999; 9999; 9999; 9999; 9999; 9999; 9999; 9999; 9999; 9999; 9999; 9999; 9999
1972;01; 9999; 9999; 9999; 9999; 9999; 9999; 9999; 9999; 9999; 9999; 9999; 9999; 9999; 9999; 9999; 9999; 9999; 9999; 9999; 9999; 9999; 9999; 9999; 9999; 9999; 9999; 9999; 9999; 9999; 9999; 9999
1972;02; 9999; 9999; 9999; 9999; 9999; 9999; 9999; 9999; 9999; 9999; 9999; 9999; 9999; 9999; 9999; 9999; 9999; 9999; 9999; 9999; 9999; 9999; 9999; 9999; 9999; 9999; 9999; 9999; 9999; 9999; 9999
1972;03; 9999; 9999; 9999; 9999; 9999; 9999; 9999; 9999; 9999; 9999; 9999; 9999; 9999; 9999; 9999; 9999; 9999; 9999; 9999; 9999; 9999; 9999; 9999; 9999; 9999; 9999; 9999; 9999; 9999; 9999; 9999
1972;04; 9999; 9999; 9999; 9999; 9999; 9999; 9999; 9999; 9999; 9999; 9999; 9999; 9999; 9999; 9999; 9999; 9999; 9999; 9999; 9999; 9999; 9999; 9999; 9999; 9999; 9999; 9999; 9999; 9999; 9999; 9999
1972;05; 9999; 9999; 9999; 9999; 9999; 9999; 9999; 9999; 9999; 9999; 9999; 9999; 9999; 9999; 9999; 9999; 9999; 9999; 9999; 9999; 9999; 9999; 9999; 9999; 9999; 9999; 9999; 9999; 9999; 9999; 9999
1972;06; 9999; 9999; 9999; 9999; 9999; 9999; 9999; 9999; 9999; 9999; 9999; 9999; 9999; 9999; 9999; 9999; 9999; 9999; 9999; 9999; 9999; 9999; 9999; 9999; 9999; 9999; 9999; 9999; 9999; 9999; 9999
1972;07; 9999; 9999; 9999; 9999; 9999; 9999; 9999; 9999; 9999; 9999; 9999; 9999; 9999; 9999; 9999; 9999; 9999; 9999; 9999; 9999; 9999; 9999; 9999; 9999; 9999; 9999; 9999; 9999; 9999; 9999; 9999
1972;08; 9999; 9999; 9999; 9999; 9999; 9999; 9999; 9999; 9999; 9999; 9999; 9999; 9999; 9999; 9999; 9999; 9999; 9999; 9999; 9999; 9999; 9999; 9999; 9999; 9999; 9999; 9999; 9999; 9999; 9999; 9999
1972;09; 9999; 9999; 9999; 9999; 9999; 9999; 9999; 9999; 9999; 9999; 9999; 9999; 9999; 9999; 9999; 9999; 9999; 9999; 9999; 9999; 9999; 9999; 9999; 9999; 9999; 9999; 9999; 9999; 9999; 9999; 9999
1972;10; 9999; 9999; 9999; 9999; 9999; 9999; 9999; 9999; 9999; 9999; 9999; 9999; 9999; 9999; 9999; 9999; 9999; 9999; 9999; 9999; 9999; 9999; 9999; 9999; 9999; 9999; 9999; 9999; 9999; 9999; 9999
1972;11; 9999; 9999; 9999; 9999; 9999; 9999; 9999; 9999; 9999; 9999; 9999; 9999; 9999; 9999; 9999; 9999; 9999; 9999; 9999; 9999; 9999; 9999; 9999; 9999; 9999; 9999; 9999; 9999; 9999; 9999; 9999
1972;12; 9999; 9999; 9999; 9999; 9999; 9999; 9999; 9999; 9999; 9999; 9999; 9999; 9999; 9999; 9999; 9999; 9999; 9999; 9999; 9999; 9999; 9999; 9999; 9999; 9999; 9999; 9999; 9999; 9999; 9999; 9999
1973;01; 9999; 9999; 9999; 9999; 9999; 9999; 9999; 9999; 9999; 9999; 9999; 9999; 9999; 9999; 9999; 9999; 9999; 9999; 9999; 9999; 9999; 9999; 9999; 9999; 9999; 9999; 9999; 9999; 9999; 9999; 9999
1973;02; 9999; 9999; 9999; 9999; 9999; 9999; 9999; 9999; 9999; 9999; 9999; 9999; 9999; 9999; 9999; 9999; 9999; 9999; 9999; 9999; 9999; 9999; 9999; 9999; 9999; 9999; 9999; 9999; 9999; 9999; 9999
1973;03; 9999; 9999; 9999; 9999; 9999; 9999; 9999; 9999; 9999; 9999; 9999; 9999; 9999; 9999; 9999; 9999; 9999; 9999; 9999; 9999; 9999; 9999; 9999; 9999; 9999; 9999; 9999; 9999; 9999; 9999; 9999
1973;04; 9999; 9999; 9999; 9999; 9999; 9999; 9999; 9999; 9999; 9999; 9999; 9999; 9999; 9999; 9999; 9999; 9999; 9999; 9999; 9999; 9999; 9999; 9999; 9999; 9999; 9999; 9999; 9999; 9999; 9999; 9999
1973;05; 9999; 9999; 9999; 9999; 9999; 9999; 9999; 9999; 9999; 9999; 9999; 9999; 9999; 9999; 9999; 9999; 9999; 9999; 9999; 9999; 9999; 9999; 9999; 9999; 9999; 9999; 9999; 9999; 9999; 9999; 9999
1973;06; 9999; 9999; 9999; 9999; 9999; 9999; 9999; 9999; 9999; 9999; 9999; 9999; 9999; 9999; 9999; 9999; 9999; 9999; 9999; 9999; 9999; 9999; 9999; 9999; 9999; 9999; 9999; 9999; 9999; 9999; 9999
1973;07; 9999; 9999; 9999; 9999; 9999; 9999; 9999; 9999; 9999; 9999; 9999; 9999; 9999; 9999; 9999; 9999; 9999; 9999; 9999; 9999; 9999; 9999; 9999; 9999; 9999; 9999; 9999; 9999; 9999; 9999; 9999
1973;08; 9999; 9999; 9999; 9999; 9999; 9999; 9999; 9999; 9999; 9999; 9999; 9999; 9999; 9999; 9999; 9999; 9999; 9999; 9999; 9999; 9999; 9999; 9999; 9999; 9999; 9999; 9999; 9999; 9999; 9999; 9999
1973;09; 9999; 9999; 9999; 9999; 9999; 9999; 9999; 9999; 9999; 9999; 9999; 9999; 9999; 9999; 9999; 9999; 9999; 9999; 9999; 9999; 9999; 9999; 9999; 9999; 9999; 9999; 9999; 9999; 9999; 9999; 9999
1973;10; 9999; 9999; 9999; 9999; 9999; 9999; 9999; 9999; 9999; 9999; 9999; 9999; 9999; 9999; 9999; 9999; 9999; 9999; 9999; 9999; 9999; 9999; 9999; 9999; 9999; 9999; 9999; 9999; 9999; 9999; 9999
1973;11; 9999; 9999; 9999; 9999; 9999; 9999; 9999; 9999; 9999; 9999; 9999; 9999; 9999; 9999; 9999; 9999; 9999; 9999; 9999; 9999; 9999; 9999; 9999; 9999; 9999; 9999; 9999; 9999; 9999; 9999; 9999
1973;12; 9999; 9999; 9999; 9999; 9999; 9999; 9999; 9999; 9999; 9999; 9999; 9999; 9999; 9999; 9999; 9999; 9999; 9999; 9999; 9999; 9999; 9999; 9999; 9999; 9999; 9999; 9999; 9999; 9999; 9999; 9999
1974;01; 9999; 9999; 9999; 9999; 9999; 9999; 9999; 9999; 9999; 9999; 9999; 9999; 9999; 9999; 9999; 9999; 9999; 9999; 9999; 9999; 9999; 9999; 9999; 9999; 9999; 9999; 9999; 9999; 9999; 9999; 9999
1974;02; 9999; 9999; 9999; 9999; 9999; 9999; 9999; 9999; 9999; 9999; 9999; 9999; 9999; 9999; 9999; 9999; 9999; 9999; 9999; 9999; 9999; 9999; 9999; 9999; 9999; 9999; 9999; 9999; 9999; 9999; 9999
1974;03; 9999; 9999; 9999; 9999; 9999; 9999; 9999; 9999; 9999; 9999; 9999; 9999; 9999; 9999; 9999; 9999; 9999; 9999; 9999; 9999; 9999; 9999; 9999; 9999; 9999; 9999; 9999; 9999; 9999; 9999; 9999
1974;04; 9999; 9999; 9999; 9999; 9999; 9999; 9999; 9999; 9999; 9999; 9999; 9999; 9999; 9999; 9999; 9999; 9999; 9999; 9999; 9999; 9999; 9999; 9999; 9999; 9999; 9999; 9999; 9999; 9999; 9999; 9999
1974;05; 9999; 9999; 9999; 9999; 9999; 9999; 9999; 9999; 9999; 9999; 9999; 9999; 9999; 9999; 9999; 9999; 9999; 9999; 9999; 9999; 9999; 9999; 9999; 9999; 9999; 9999; 9999; 9999; 9999; 9999; 9999
1974;06; 9999; 9999; 9999; 9999; 9999; 9999; 9999; 9999; 9999; 9999; 9999; 9999; 9999; 9999; 9999; 9999; 9999; 9999; 9999; 9999; 9999; 9999; 9999; 9999; 9999; 9999; 9999; 9999; 9999; 9999; 9999
1974;07; 9999; 9999; 9999; 9999; 9999; 9999; 9999; 9999; 9999; 9999; 9999; 9999; 9999; 9999; 9999; 9999; 9999; 9999; 9999; 9999; 9999; 9999; 9999; 9999; 9999; 9999; 9999; 9999; 9999; 9999; 9999
1974;08; 9999; 9999; 9999; 9999; 9999; 9999; 9999; 9999; 9999; 9999; 9999; 9999; 9999; 9999; 9999; 9999; 9999; 9999; 9999; 9999; 9999; 9999; 9999; 9999; 9999; 9999; 9999; 9999; 9999; 9999; 9999
1974;09; 9999; 9999; 9999; 9999; 9999; 9999; 9999; 9999; 9999; 9999; 9999; 9999; 9999; 9999; 9999; 9999; 9999; 9999; 9999; 9999; 9999; 9999; 9999; 9999; 9999; 9999; 9999; 9999; 9999; 9999; 9999
1974;10; 9999; 9999; 9999; 9999; 9999; 9999; 9999; 9999; 9999; 9999; 9999; 9999; 9999; 9999; 9999; 9999; 9999; 9999; 9999; 9999; 9999; 9999; 9999; 9999; 9999; 9999; 9999; 9999; 9999; 9999; 9999
1974;11; 9999; 9999; 9999; 9999; 9999; 9999; 9999; 9999; 9999; 9999; 9999; 9999; 9999; 9999; 9999; 9999; 9999; 9999; 9999; 9999; 9999; 9999; 9999; 9999; 9999; 9999; 9999; 9999; 9999; 9999; 9999
1974;12; 9999; 9999; 9999; 9999; 9999; 9999; 9999; 9999; 9999; 9999; 9999; 9999; 9999; 9999; 9999; 9999; 9999; 9999; 9999; 9999; 9999; 9999; 9999; 9999; 9999; 9999; 9999; 9999; 9999; 9999; 9999
1975;01; 9999; 9999; 9999; 9999; 9999; 9999; 9999; 9999; 9999; 9999; 9999; 9999; 9999; 9999; 9999; 9999; 9999; 9999; 9999; 9999; 9999; 9999; 9999; 9999; 9999; 9999; 9999; 9999; 9999; 9999; 9999
1975;02; 9999; 9999; 9999; 9999; 9999; 9999; 9999; 9999; 9999; 9999; 9999; 9999; 9999; 9999; 9999; 9999; 9999; 9999; 9999; 9999; 9999; 9999; 9999; 9999; 9999; 9999; 9999; 9999; 9999; 9999; 9999
1975;03; 9999; 9999; 9999; 9999; 9999; 9999; 9999; 9999; 9999; 9999; 9999; 9999; 9999; 9999; 9999; 9999; 9999; 9999; 9999; 9999; 9999; 9999; 9999; 9999; 9999; 9999; 9999; 9999; 9999; 9999; 9999
1975;04; 9999; 9999; 9999; 9999; 9999; 9999; 9999; 9999; 9999; 9999; 9999; 9999; 9999; 9999; 9999; 9999; 9999; 9999; 9999; 9999; 9999; 9999; 9999; 9999; 9999; 9999; 9999; 9999; 9999; 9999; 9999
1975;05; 9999; 9999; 9999; 9999; 9999; 9999; 9999; 9999; 9999; 9999; 9999; 9999; 9999; 9999; 9999; 9999; 9999; 9999; 9999; 9999; 9999; 9999; 9999; 9999; 9999; 9999; 9999; 9999; 9999; 9999; 9999
1975;06; 9999; 9999; 9999; 9999; 9999; 9999; 9999; 9999; 9999; 9999; 9999; 9999; 9999; 9999; 9999; 9999; 9999; 9999; 9999; 9999; 9999; 9999; 9999; 9999; 9999; 9999; 9999; 9999; 9999; 9999; 9999
1975;07; 9999; 9999; 9999; 9999; 9999; 9999; 9999; 9999; 9999; 9999; 9999; 9999; 9999; 9999; 9999; 9999; 9999; 9999; 9999; 9999; 9999; 9999; 9999; 9999; 9999; 9999; 9999; 9999; 9999; 9999; 9999
1975;08; 9999; 9999; 9999; 9999; 9999; 9999; 9999; 9999; 9999; 9999; 9999; 9999; 9999; 9999; 9999; 9999; 9999; 9999; 9999; 9999; 9999; 9999; 9999; 9999; 9999; 9999; 9999; 9999; 9999; 9999; 9999
1975;09; 9999; 9999; 9999; 9999; 9999; 9999; 9999; 9999; 9999; 9999; 9999; 9999; 9999; 9999; 9999; 9999; 9999; 9999; 9999; 9999; 9999; 9999; 9999; 9999; 9999; 9999; 9999; 9999; 9999; 9999; 9999
1975;10; 9999; 9999; 9999; 9999; 9999; 9999; 9999; 9999; 9999; 9999; 9999; 9999; 9999; 9999; 9999; 9999; 9999; 9999; 9999; 9999; 9999; 9999; 9999; 9999; 9999; 9999; 9999; 9999; 9999; 9999; 9999
1975;11; 9999; 9999; 9999; 9999; 9999; 9999; 9999; 9999; 9999; 9999; 9999; 9999; 9999; 9999; 9999; 9999; 9999; 9999; 9999; 9999; 9999; 9999; 9999; 9999; 9999; 9999; 9999; 9999; 9999; 9999; 9999
1975;12; 9999; 9999; 9999; 9999; 9999; 9999; 9999; 9999; 9999; 9999; 9999; 9999; 9999; 9999; 9999; 9999; 9999; 9999; 9999; 9999; 9999; 9999; 9999; 9999; 9999; 9999; 9999; 9999; 9999; 9999; 9999
1976;01; 9999; 9999; 9999; 9999; 9999; 9999; 9999; 9999; 9999; 9999; 9999; 9999; 9999; 9999; 9999; 9999; 9999; 9999; 9999; 9999; 9999; 9999; 9999; 9999; 9999; 9999; 9999; 9999; 9999; 9999; 9999
1976;02; 9999; 9999; 9999; 9999; 9999; 9999; 9999; 9999; 9999; 9999; 9999; 9999; 9999; 9999; 9999; 9999; 9999; 9999; 9999; 9999; 9999; 9999; 9999; 9999; 9999; 9999; 9999; 9999; 9999; 9999; 9999
1976;03; 9999; 9999; 9999; 9999; 9999; 9999; 9999; 9999; 9999; 9999; 9999; 9999; 9999; 9999; 9999; 9999; 9999; 9999; 9999; 9999; 9999; 9999; 9999; 9999; 9999; 9999; 9999; 9999; 9999; 9999; 9999
1976;04; 9999; 9999; 9999; 9999; 9999; 9999; 9999; 9999; 9999; 9999; 9999; 9999; 9999; 9999; 9999; 9999; 9999; 9999; 9999; 9999; 9999; 9999; 9999; 9999; 9999; 9999; 9999; 9999; 9999; 9999; 9999
1976;05; 9999; 9999; 9999; 9999; 9999; 9999; 9999; 9999; 9999; 9999; 9999; 9999; 9999; 9999; 9999; 9999; 9999; 9999; 9999; 9999; 9999; 9999; 9999; 9999; 9999; 9999; 9999; 9999; 9999; 9999; 9999
1976;06; 9999; 9999; 9999; 9999; 9999; 9999; 9999; 9999; 9999; 9999; 9999; 9999; 9999; 9999; 9999; 9999; 9999; 9999; 9999; 9999; 9999; 9999; 9999; 9999; 9999; 9999; 9999; 9999; 9999; 9999; 9999
1976;07; 9999; 9999; 9999; 9999; 9999; 9999; 9999; 9999; 9999; 9999; 9999; 9999; 9999; 9999; 9999; 9999; 9999; 9999; 9999; 9999; 9999; 9999; 9999; 9999; 9999; 9999; 9999; 9999; 9999; 9999; 9999
1976;08; 9999; 9999; 9999; 9999; 9999; 9999; 9999; 9999; 9999; 9999; 9999; 9999; 9999; 9999; 9999; 9999; 9999; 9999; 9999; 9999; 9999; 9999; 9999; 9999; 9999; 9999; 9999; 9999; 9999; 9999; 9999
1976;09; 9999; 9999; 9999; 9999; 9999; 9999; 9999; 9999; 9999; 9999; 9999; 9999; 9999; 9999; 9999; 9999; 9999; 9999; 9999; 9999; 9999; 9999; 9999; 9999; 9999; 9999; 9999; 9999; 9999; 9999; 9999
1976;10; 9999; 9999; 9999; 9999; 9999; 9999; 9999; 9999; 9999; 9999; 9999; 9999; 9999; 9999; 9999; 9999; 9999; 9999; 9999; 9999; 9999; 9999; 9999; 9999; 9999; 9999; 9999; 9999; 9999; 9999; 9999
1976;11; 9999; 9999; 9999; 9999; 9999; 9999; 9999; 9999; 9999; 9999; 9999; 9999; 9999; 9999; 9999; 9999; 9999; 9999; 9999; 9999; 9999; 9999; 9999; 9999; 9999; 9999; 9999; 9999; 9999; 9999; 9999
1976;12; 9999; 9999; 9999; 9999; 9999; 9999; 9999; 9999; 9999; 9999; 9999; 9999; 9999; 9999; 9999; 9999; 9999; 9999; 9999; 9999; 9999; 9999; 9999; 9999; 9999; 9999; 9999; 9999; 9999; 9999; 9999
1977;01; 9999; 9999; 9999; 9999; 9999; 9999; 9999; 9999; 9999; 9999; 9999; 9999; 9999; 9999; 9999; 9999; 9999; 9999; 9999; 9999; 9999; 9999; 9999; 9999; 9999; 9999; 9999; 9999; 9999; 9999; 9999
1977;02; 9999; 9999; 9999; 9999; 9999; 9999; 9999; 9999; 9999; 9999; 9999; 9999; 9999; 9999; 9999; 9999; 9999; 9999; 9999; 9999; 9999; 9999; 9999; 9999; 9999; 9999; 9999; 9999; 9999; 9999; 9999
1977;03; 9999; 9999; 9999; 9999; 9999; 9999; 9999; 9999; 9999; 9999; 9999; 9999; 9999; 9999; 9999; 9999; 9999; 9999; 9999; 9999; 9999; 9999; 9999; 9999; 9999; 9999; 9999; 9999; 9999; 9999; 9999
1977;04; 9999; 9999; 9999; 9999; 9999; 9999; 9999; 9999; 9999; 9999; 9999; 9999; 9999; 9999; 9999; 9999; 9999; 9999; 9999; 9999; 9999; 9999; 9999; 9999; 9999; 9999; 9999; 9999; 9999; 9999; 9999
1977;05; 9999; 9999; 9999; 9999; 9999; 9999; 9999; 9999; 9999; 9999; 9999; 9999; 9999; 9999; 9999; 9999; 9999; 9999; 9999; 9999; 9999; 9999; 9999; 9999; 9999; 9999; 9999; 9999; 9999; 9999; 9999
1977;06; 9999; 9999; 9999; 9999; 9999; 9999; 9999; 9999; 9999; 9999; 9999; 9999; 9999; 9999; 9999; 9999; 9999; 9999; 9999; 9999; 9999; 9999; 9999; 9999; 9999; 9999; 9999; 9999; 9999; 9999; 9999
1977;07; 9999; 9999; 9999; 9999; 9999; 9999; 9999; 9999; 9999; 9999; 9999; 9999; 9999; 9999; 9999; 9999; 9999; 9999; 9999; 9999; 9999; 9999; 9999; 9999; 9999; 9999; 9999; 9999; 9999; 9999; 9999
1977;08; 9999; 9999; 9999; 9999; 9999; 9999; 9999; 9999; 9999; 9999; 9999; 9999; 9999; 9999; 9999; 9999; 9999; 9999; 9999; 9999; 9999; 9999; 9999; 9999; 9999; 9999; 9999; 9999; 9999; 9999; 9999
1977;09; 9999; 9999; 9999; 9999; 9999; 9999; 9999; 9999; 9999; 9999; 9999; 9999; 9999; 9999; 9999; 9999; 9999; 9999; 9999; 9999; 9999; 9999; 9999; 9999; 9999; 9999; 9999; 9999; 9999; 9999; 9999
1977;10; 9999; 9999; 9999; 9999; 9999; 9999; 9999; 9999; 9999; 9999; 9999; 9999; 9999; 9999; 9999; 9999; 9999; 9999; 9999; 9999; 9999; 9999; 9999; 9999; 9999; 9999; 9999; 9999; 9999; 9999; 9999
1977;11; 9999; 9999; 9999; 9999; 9999; 9999; 9999; 9999; 9999; 9999; 9999; 9999; 9999; 9999; 9999; 9999; 9999; 9999; 9999; 9999; 9999; 9999; 9999; 9999; 9999; 9999; 9999; 9999; 9999; 9999; 9999
1977;12; 9999; 9999; 9999; 9999; 9999; 9999; 9999; 9999; 9999; 9999; 9999; 9999; 9999; 9999; 9999; 9999; 9999; 9999; 9999; 9999; 9999; 9999; 9999; 9999; 9999; 9999; 9999; 9999; 9999; 9999; 9999
1978;01; 9999; 9999; 9999; 9999; 9999; 9999; 9999; 9999; 9999; 9999; 9999; 9999; 9999; 9999; 9999; 9999; 9999; 9999; 9999; 9999; 9999; 9999; 9999; 9999; 9999; 9999; 9999; 9999; 9999; 9999; 9999
1978;02; 9999; 9999; 9999; 9999; 9999; 9999; 9999; 9999; 9999; 9999; 9999; 9999; 9999; 9999; 9999; 9999; 9999; 9999; 9999; 9999; 9999; 9999; 9999; 9999; 9999; 9999; 9999; 9999; 9999; 9999; 9999
1978;03; 9999; 9999; 9999; 9999; 9999; 9999; 9999; 9999; 9999; 9999; 9999; 9999; 9999; 9999; 9999; 9999; 9999; 9999; 9999; 9999; 9999; 9999; 9999; 9999; 9999; 9999; 9999; 9999; 9999; 9999; 9999
1978;04; 9999; 9999; 9999; 9999; 9999; 9999; 9999; 9999; 9999; 9999; 9999; 9999; 9999; 9999; 9999; 9999; 9999; 9999; 9999; 9999; 9999; 9999; 9999; 9999; 9999; 9999; 9999; 9999; 9999; 9999; 9999
1978;05; 9999; 9999; 9999; 9999; 9999; 9999; 9999; 9999; 9999; 9999; 9999; 9999; 9999; 9999; 9999; 9999; 9999; 9999; 9999; 9999; 9999; 9999; 9999; 9999; 9999; 9999; 9999; 9999; 9999; 9999; 9999
1978;06; 9999; 9999; 9999; 9999; 9999; 9999; 9999; 9999; 9999; 9999; 9999; 9999; 9999; 9999; 9999; 9999; 9999; 9999; 9999; 9999; 9999; 9999; 9999; 9999; 9999; 9999; 9999; 9999; 9999; 9999; 9999
1978;07; 9999; 9999; 9999; 9999; 9999; 9999; 9999; 9999; 9999; 9999; 9999; 9999; 9999; 9999; 9999; 9999; 9999; 9999; 9999; 9999; 9999; 9999; 9999; 9999; 9999; 9999; 9999; 9999; 9999; 9999; 9999
1978;08; 9999; 9999; 9999; 9999; 9999; 9999; 9999; 9999; 9999; 9999; 9999; 9999; 9999; 9999; 9999; 9999; 9999; 9999; 9999; 9999; 9999; 9999; 9999; 9999; 9999; 9999; 9999; 9999; 9999; 9999; 9999
1978;09; 9999; 9999; 9999; 9999; 9999; 9999; 9999; 9999; 9999; 9999; 9999; 9999; 9999; 9999; 9999; 9999; 9999; 9999; 9999; 9999; 9999; 9999; 9999; 9999; 9999; 9999; 9999; 9999; 9999; 9999; 9999
1978;10; 9999; 9999; 9999; 9999; 9999; 9999; 9999; 9999; 9999; 9999; 9999; 9999; 9999; 9999; 9999; 9999; 9999; 9999; 9999; 9999; 9999; 9999; 9999; 9999; 9999; 9999; 9999; 9999; 9999; 9999; 9999
1978;11; 9999; 9999; 9999; 9999; 9999; 9999; 9999; 9999; 9999; 9999; 9999; 9999; 9999; 9999; 9999; 9999; 9999; 9999; 9999; 9999; 9999; 9999; 9999; 9999; 9999; 9999; 9999; 9999; 9999; 9999; 9999
1978;12; 9999; 9999; 9999; 9999; 9999; 9999; 9999; 9999; 9999; 9999; 9999; 9999; 9999; 9999; 9999; 9999; 9999; 9999; 9999; 9999; 9999; 9999; 9999; 9999; 9999; 9999; 9999; 9999; 9999; 9999; 9999
1979;01; 9999; 9999; 9999; 9999; 9999; 9999; 9999; 9999; 9999; 9999; 9999; 9999; 9999; 9999; 9999; 9999; 9999; 9999; 9999; 9999; 9999; 9999; 9999; 9999; 9999; 9999; 9999; 9999; 9999; 9999; 9999
1979;02; 9999; 9999; 9999; 9999; 9999; 9999; 9999; 9999; 9999; 9999; 9999; 9999; 9999; 9999; 9999; 9999; 9999; 9999; 9999; 9999; 9999; 9999; 9999; 9999; 9999; 9999; 9999; 9999; 9999; 9999; 9999
1979;03; 9999; 9999; 9999; 9999; 9999; 9999; 9999; 9999; 9999; 9999; 9999; 9999; 9999; 9999; 9999; 9999; 9999; 9999; 9999; 9999; 9999; 9999; 9999; 9999; 9999; 9999; 9999; 9999; 9999; 9999; 9999
1979;04; 9999; 9999; 9999; 9999; 9999; 9999; 9999; 9999; 9999; 9999; 9999; 9999; 9999; 9999; 9999; 9999; 9999; 9999; 9999; 9999; 9999; 9999; 9999; 9999; 9999; 9999; 9999; 9999; 9999; 9999; 9999
1979;05; 9999; 9999; 9999; 9999; 9999; 9999; 9999; 9999; 9999; 9999; 9999; 9999; 9999; 9999; 9999; 9999; 9999; 9999; 9999; 9999; 9999; 9999; 9999; 9999; 9999; 9999; 9999; 9999; 9999; 9999; 9999
1979;06; 9999; 9999; 9999; 9999; 9999; 9999; 9999; 9999; 9999; 9999; 9999; 9999; 9999; 9999; 9999; 9999; 9999; 9999; 9999; 9999; 9999; 9999; 9999; 9999; 9999; 9999; 9999; 9999; 9999; 9999; 9999
1979;07; 9999; 9999; 9999; 9999; 9999; 9999; 9999; 9999; 9999; 9999; 9999; 9999; 9999; 9999; 9999; 9999; 9999; 9999; 9999; 9999; 9999; 9999; 9999; 9999; 9999; 9999; 9999; 9999; 9999; 9999; 9999
1979;08; 9999; 9999; 9999; 9999; 9999; 9999; 9999; 9999; 9999; 9999; 9999; 9999; 9999; 9999; 9999; 9999; 9999; 9999; 9999; 9999; 9999; 9999; 9999; 9999; 9999; 9999; 9999; 9999; 9999; 9999; 9999
1979;09; 9999; 9999; 9999; 9999; 9999; 9999; 9999; 9999; 9999; 9999; 9999; 9999; 9999; 9999; 9999; 9999; 9999; 9999; 9999; 9999; 9999; 9999; 9999; 9999; 9999; 9999; 9999; 9999; 9999; 9999; 9999
1979;10; 9999; 9999; 9999; 9999; 9999; 9999; 9999; 9999; 9999; 9999; 9999; 9999; 9999; 9999; 9999; 9999; 9999; 9999; 9999; 9999; 9999; 9999; 9999; 9999; 9999; 9999; 9999; 9999; 9999; 9999; 9999
1979;11; 9999; 9999; 9999; 9999; 9999; 9999; 9999; 9999; 9999; 9999; 9999; 9999; 9999; 9999; 9999; 9999; 9999; 9999; 9999; 9999; 9999; 9999; 9999; 9999; 9999; 9999; 9999; 9999; 9999; 9999; 9999
1979;12; 9999; 9999; 9999; 9999; 9999; 9999; 9999; 9999; 9999; 9999; 9999; 9999; 9999; 9999; 9999; 9999; 9999; 9999; 9999; 9999; 9999; 9999; 9999; 9999; 9999; 9999; 9999; 9999; 9999; 9999; 9999
1980;01; 9999; 9999; 9999; 9999; 9999; 9999; 9999; 9999; 9999; 9999; 9999; 9999; 9999; 9999; 9999; 9999; 9999; 9999; 9999; 9999; 9999; 9999; 9999; 9999; 9999; 9999; 9999; 9999; 9999; 9999; 9999
1980;02; 9999; 9999; 9999; 9999; 9999; 9999; 9999; 9999; 9999; 9999; 9999; 9999; 9999; 9999; 9999; 9999; 9999; 9999; 9999; 9999; 9999; 9999; 9999; 9999; 9999; 9999; 9999; 9999; 9999; 9999; 9999
1980;03; 9999; 9999; 9999; 9999; 9999; 9999; 9999; 9999; 9999; 9999; 9999; 9999; 9999; 9999; 9999; 9999; 9999; 9999; 9999; 9999; 9999; 9999; 9999; 9999; 9999; 9999; 9999; 9999; 9999; 9999; 9999
1980;04; 9999; 9999; 9999; 9999; 9999; 9999; 9999; 9999; 9999; 9999; 9999; 9999; 9999; 9999; 9999; 9999; 9999; 9999; 9999; 9999; 9999; 9999; 9999; 9999; 9999; 9999; 9999; 9999; 9999; 9999; 9999
1980;05; 9999; 9999; 9999; 9999; 9999; 9999; 9999; 9999; 9999; 9999; 9999; 9999; 9999; 9999; 9999; 9999; 9999; 9999; 9999; 9999; 9999; 9999; 9999; 9999; 9999; 9999; 9999; 9999; 9999; 9999; 9999
1980;06; 9999; 9999; 9999; 9999; 9999; 9999; 9999; 9999; 9999; 9999; 9999; 9999; 9999; 9999; 9999; 9999; 9999; 9999; 9999; 9999; 9999; 9999; 9999; 9999; 9999; 9999; 9999; 9999; 9999; 9999; 9999
1980;07; 9999; 9999; 9999; 9999; 9999; 9999; 9999; 9999; 9999; 9999; 9999; 9999; 9999; 9999; 9999; 9999; 9999; 9999; 9999; 9999; 9999; 9999; 9999; 9999; 9999; 9999; 9999; 9999; 9999; 9999; 9999
1980;08; 9999; 9999; 9999; 9999; 9999; 9999; 9999; 9999; 9999; 9999; 9999; 9999; 9999; 9999; 9999; 9999; 9999; 9999; 9999; 9999; 9999; 9999; 9999; 9999; 9999; 9999; 9999; 9999; 9999; 9999; 9999
1980;09; 9999; 9999; 9999; 9999; 9999; 9999; 9999; 9999; 9999; 9999; 9999; 9999; 9999; 9999; 9999; 9999; 9999; 9999; 9999; 9999; 9999; 9999; 9999; 9999; 9999; 9999; 9999; 9999; 9999; 9999; 9999
1980;10; 9999; 9999; 9999; 9999; 9999; 9999; 9999; 9999; 9999; 9999; 9999; 9999; 9999; 9999; 9999; 9999; 9999; 9999; 9999; 9999; 9999; 9999; 9999; 9999; 9999; 9999; 9999; 9999; 9999; 9999; 9999
1980;11; 9999; 9999; 9999; 9999; 9999; 9999; 9999; 9999; 9999; 9999; 9999; 9999; 9999; 9999; 9999; 9999; 9999; 9999; 9999; 9999; 9999; 9999; 9999; 9999; 9999; 9999; 9999; 9999; 9999; 9999; 9999
1980;12; 9999; 9999; 9999; 9999; 9999; 9999; 9999; 9999; 9999; 9999; 9999; 9999; 9999; 9999; 9999; 9999; 9999; 9999; 9999; 9999; 9999; 9999; 9999; 9999; 9999; 9999; 9999; 9999; 9999; 9999; 9999
1981;01; 9999; 9999; 9999; 9999; 9999; 9999; 9999; 9999; 9999; 9999; 9999; 9999; 9999; 9999; 9999; 9999; 9999; 9999; 9999; 9999; 9999; 9999; 9999; 9999; 9999; 9999; 9999; 9999; 9999; 9999; 9999
1981;02; 9999; 9999; 9999; 9999; 9999; 9999; 9999; 9999; 9999; 9999; 9999; 9999; 9999; 9999; 9999; 9999; 9999; 9999; 9999; 9999; 9999; 9999; 9999; 9999; 9999; 9999; 9999; 9999; 9999; 9999; 9999
1981;03; 9999; 9999; 9999; 9999; 9999; 9999; 9999; 9999; 9999; 9999; 9999; 9999; 9999; 9999; 9999; 9999; 9999; 9999; 9999; 9999; 9999; 9999; 9999; 9999; 9999; 9999; 9999; 9999; 9999; 9999; 9999
1981;04; 9999; 9999; 9999; 9999; 9999; 9999; 9999; 9999; 9999; 9999; 9999; 9999; 9999; 9999; 9999; 9999; 9999; 9999; 9999; 9999; 9999; 9999; 9999; 9999; 9999; 9999; 9999; 9999; 9999; 9999; 9999
1981;05; 9999; 9999; 9999; 9999; 9999; 9999; 9999; 9999; 9999; 9999; 9999; 9999; 9999; 9999; 9999; 9999; 9999; 9999; 9999; 9999; 9999; 9999; 9999; 9999; 9999; 9999; 9999; 9999; 9999; 9999; 9999
1981;06; 9999; 9999; 9999; 9999; 9999; 9999; 9999; 9999; 9999; 9999; 9999; 9999; 9999; 9999; 9999; 9999; 9999; 9999; 9999; 9999; 9999; 9999; 9999; 9999; 9999; 9999; 9999; 9999; 9999; 9999; 9999
1981;07; 9999; 9999; 9999; 9999; 9999; 9999; 9999; 9999; 9999; 9999; 9999; 9999; 9999; 9999; 9999; 9999; 9999; 9999; 9999; 9999; 9999; 9999; 9999; 9999; 9999; 9999; 9999; 9999; 9999; 9999; 9999
1981;08; 9999; 9999; 9999; 9999; 9999; 9999; 9999; 9999; 9999; 9999; 9999; 9999; 9999; 9999; 9999; 9999; 9999; 9999; 9999; 9999; 9999; 9999; 9999; 9999; 9999; 9999; 9999; 9999; 9999; 9999; 9999
1981;09; 9999; 9999; 9999; 9999; 9999; 9999; 9999; 9999; 9999; 9999; 9999; 9999; 9999; 9999; 9999; 9999; 9999; 9999; 9999; 9999; 9999; 9999; 9999; 9999; 9999; 9999; 9999; 9999; 9999; 9999; 9999
1981;10; 9999; 9999; 9999; 9999; 9999; 9999; 9999; 9999; 9999; 9999; 9999; 9999; 9999; 9999; 9999; 9999; 9999; 9999; 9999; 9999; 9999; 9999; 9999; 9999; 9999; 9999; 9999; 9999; 9999; 9999; 9999
1981;11; 9999; 9999; 9999; 9999; 9999; 9999; 9999; 9999; 9999; 9999; 9999; 9999; 9999; 9999; 9999; 9999; 9999; 9999; 9999; 9999; 9999; 9999; 9999; 9999; 9999; 9999; 9999; 9999; 9999; 9999; 9999
1981;12; 9999; 9999; 9999; 9999; 9999; 9999; 9999; 9999; 9999; 9999; 9999; 9999; 9999; 9999; 9999; 9999; 9999; 9999; 9999; 9999; 9999; 9999; 9999; 9999; 9999; 9999; 9999; 9999; 9999; 9999; 9999
1982;01; 9999; 9999; 9999; 9999; 9999; 9999; 9999; 9999; 9999; 9999; 9999; 9999; 9999; 9999; 9999; 9999; 9999; 9999; 9999; 9999; 9999; 9999; 9999; 9999; 9999; 9999; 9999; 9999; 9999; 9999; 9999
1982;02; 9999; 9999; 9999; 9999; 9999; 9999; 9999; 9999; 9999; 9999; 9999; 9999; 9999; 9999; 9999; 9999; 9999; 9999; 9999; 9999; 9999; 9999; 9999; 9999; 9999; 9999; 9999; 9999; 9999; 9999; 9999
1982;03; 9999; 9999; 9999; 9999; 9999; 9999; 9999; 9999; 9999; 9999; 9999; 9999; 9999; 9999; 9999; 9999; 9999; 9999; 9999; 9999; 9999; 9999; 9999; 9999; 9999; 9999; 9999; 9999; 9999; 9999; 9999
1982;04; 9999; 9999; 9999; 9999; 9999; 9999; 9999; 9999; 9999; 9999; 9999; 9999; 9999; 9999; 9999; 9999; 9999; 9999; 9999; 9999; 9999; 9999; 9999; 9999; 9999; 9999; 9999; 9999; 9999; 9999; 9999
1982;05; 9999; 9999; 9999; 9999; 9999; 9999; 9999; 9999; 9999; 9999; 9999; 9999; 9999; 9999; 9999; 9999; 9999; 9999; 9999; 9999; 9999; 9999; 9999; 9999; 9999; 9999; 9999; 9999; 9999; 9999; 9999
1982;06; 9999; 9999; 9999; 9999; 9999; 9999; 9999; 9999; 9999; 9999; 9999; 9999; 9999; 9999; 9999; 9999; 9999; 9999; 9999; 9999; 9999; 9999; 9999; 9999; 9999; 9999; 9999; 9999; 9999; 9999; 9999
1982;07; 9999; 9999; 9999; 9999; 9999; 9999; 9999; 9999; 9999; 9999; 9999; 9999; 9999; 9999; 9999; 9999; 9999; 9999; 9999; 9999; 9999; 9999; 9999; 9999; 9999; 9999; 9999; 9999; 9999; 9999; 9999
1982;08; 9999; 9999; 9999; 9999; 9999; 9999; 9999; 9999; 9999; 9999; 9999; 9999; 9999; 9999; 9999; 9999; 9999; 9999; 9999; 9999; 9999; 9999; 9999; 9999; 9999; 9999; 9999; 9999; 9999; 9999; 9999
1982;09; 9999; 9999; 9999; 9999; 9999; 9999; 9999; 9999; 9999; 9999; 9999; 9999; 9999; 9999; 9999; 9999; 9999; 9999; 9999; 9999; 9999; 9999; 9999; 9999; 9999; 9999; 9999; 9999; 9999; 9999; 9999
1982;10; 9999; 9999; 9999; 9999; 9999; 9999; 9999; 9999; 9999; 9999; 9999; 9999; 9999; 9999; 9999; 9999; 9999; 9999; 9999; 9999; 9999; 9999; 9999; 9999; 9999; 9999; 9999; 9999; 9999; 9999; 9999
1982;11; 9999; 9999; 9999; 9999; 9999; 9999; 9999; 9999; 9999; 9999; 9999; 9999; 9999; 9999; 9999; 9999; 9999; 9999; 9999; 9999; 9999; 9999; 9999; 9999; 9999; 9999; 9999; 9999; 9999; 9999; 9999
1982;12; 9999; 9999; 9999; 9999; 9999; 9999; 9999; 9999; 9999; 9999; 9999; 9999; 9999; 9999; 9999; 9999; 9999; 9999; 9999; 9999; 9999; 9999; 9999; 9999; 9999; 9999; 9999; 9999; 9999; 9999; 9999
1983;01; 9999; 9999; 9999; 9999; 9999; 9999; 9999; 9999; 9999; 9999; 9999; 9999; 9999; 9999; 9999; 9999; 9999; 9999; 9999; 9999; 9999; 9999; 9999; 9999; 9999; 9999; 9999; 9999; 9999; 9999; 9999
1983;02; 9999; 9999; 9999; 9999; 9999; 9999; 9999; 9999; 9999; 9999; 9999; 9999; 9999; 9999; 9999; 9999; 9999; 9999; 9999; 9999; 9999; 9999; 9999; 9999; 9999; 9999; 9999; 9999; 9999; 9999; 9999
1983;03; 9999; 9999; 9999; 9999; 9999; 9999; 9999; 9999; 9999; 9999; 9999; 9999; 9999; 9999; 9999; 9999; 9999; 9999; 9999; 9999; 9999; 9999; 9999; 9999; 9999; 9999; 9999; 9999; 9999; 9999; 9999
1983;04; 9999; 9999; 9999; 9999; 9999; 9999; 9999; 9999; 9999; 9999; 9999; 9999; 9999; 9999; 9999; 9999; 9999; 9999; 9999; 9999; 9999; 9999; 9999; 9999; 9999; 9999; 9999; 9999; 9999; 9999; 9999
1983;05; 9999; 9999; 9999; 9999; 9999; 9999; 9999; 9999; 9999; 9999; 9999; 9999; 9999; 9999; 9999; 9999; 9999; 9999; 9999; 9999; 9999; 9999; 9999; 9999; 9999; 9999; 9999; 9999; 9999; 9999; 9999
1983;06; 9999; 9999; 9999; 9999; 9999; 9999; 9999; 9999; 9999; 9999; 9999; 9999; 9999; 9999; 9999; 9999; 9999; 9999; 9999; 9999; 9999; 9999; 9999; 9999; 9999; 9999; 9999; 9999; 9999; 9999; 9999
1983;07; 9999; 9999; 9999; 9999; 9999; 9999; 9999; 9999; 9999; 9999; 9999; 9999; 9999; 9999; 9999; 9999; 9999; 9999; 9999; 9999; 9999; 9999; 9999; 9999; 9999; 9999; 9999; 9999; 9999; 9999; 9999
1983;08; 9999; 9999; 9999; 9999; 9999; 9999; 9999; 9999; 9999; 9999; 9999; 9999; 9999; 9999; 9999; 9999; 9999; 9999; 9999; 9999; 9999; 9999; 9999; 9999; 9999; 9999; 9999; 9999; 9999; 9999; 9999
1983;09; 9999; 9999; 9999; 9999; 9999; 9999; 9999; 9999; 9999; 9999; 9999; 9999; 9999; 9999; 9999; 9999; 9999; 9999; 9999; 9999; 9999; 9999; 9999; 9999; 9999; 9999; 9999; 9999; 9999; 9999; 9999
1983;10; 9999; 9999; 9999; 9999; 9999; 9999; 9999; 9999; 9999; 9999; 9999; 9999; 9999; 9999; 9999; 9999; 9999; 9999; 9999; 9999; 9999; 9999; 9999; 9999; 9999; 9999; 9999; 9999; 9999; 9999; 9999
1983;11; 9999; 9999; 9999; 9999; 9999; 9999; 9999; 9999; 9999; 9999; 9999; 9999; 9999; 9999; 9999; 9999; 9999; 9999; 9999; 9999; 9999; 9999; 9999; 9999; 9999; 9999; 9999; 9999; 9999; 9999; 9999
1983;12; 9999; 9999; 9999; 9999; 9999; 9999; 9999; 9999; 9999; 9999; 9999; 9999; 9999; 9999; 9999; 9999; 9999; 9999; 9999; 9999; 9999; 9999; 9999; 9999; 9999; 9999; 9999; 9999; 9999; 9999; 9999
1984;01; 9999; 9999; 9999; 9999; 9999; 9999; 9999; 9999; 9999; 9999; 9999; 9999; 9999; 9999; 9999; 9999; 9999; 9999; 9999; 9999; 9999; 9999; 9999; 9999; 9999; 9999; 9999; 9999; 9999; 9999; 9999
1984;02; 9999; 9999; 9999; 9999; 9999; 9999; 9999; 9999; 9999; 9999; 9999; 9999; 9999; 9999; 9999; 9999; 9999; 9999; 9999; 9999; 9999; 9999; 9999; 9999; 9999; 9999; 9999; 9999; 9999; 9999; 9999
1984;03; 9999; 9999; 9999; 9999; 9999; 9999; 9999; 9999; 9999; 9999; 9999; 9999; 9999; 9999; 9999; 9999; 9999; 9999; 9999; 9999; 9999; 9999; 9999; 9999; 9999; 9999; 9999; 9999; 9999; 9999; 9999
1984;04; 9999; 9999; 9999; 9999; 9999; 9999; 9999; 9999; 9999; 9999; 9999; 9999; 9999; 9999; 9999; 9999; 9999; 9999; 9999; 9999; 9999; 9999; 9999; 9999; 9999; 9999; 9999; 9999; 9999; 9999; 9999
1984;05; 9999; 9999; 9999; 9999; 9999; 9999; 9999; 9999; 9999; 9999; 9999; 9999; 9999; 9999; 9999; 9999; 9999; 9999; 9999; 9999; 9999; 9999; 9999; 9999; 9999; 9999; 9999; 9999; 9999; 9999; 9999
1984;06; 9999; 9999; 9999; 9999; 9999; 9999; 9999; 9999; 9999; 9999; 9999; 9999; 9999; 9999; 9999; 9999; 9999; 9999; 9999; 9999; 9999; 9999; 9999; 9999; 9999; 9999; 9999; 9999; 9999; 9999; 9999
1984;07; 9999; 9999; 9999; 9999; 9999; 9999; 9999; 9999; 9999; 9999; 9999; 9999; 9999; 9999; 9999; 9999; 9999; 9999; 9999; 9999; 9999; 9999; 9999; 9999; 9999; 9999; 9999; 9999; 9999; 9999; 9999
1984;08; 9999; 9999; 9999; 9999; 9999; 9999; 9999; 9999; 9999; 9999; 9999; 9999; 9999; 9999; 9999; 9999; 9999; 9999; 9999; 9999; 9999; 9999; 9999; 9999; 9999; 9999; 9999; 9999; 9999; 9999; 9999
1984;09; 9999; 9999; 9999; 9999; 9999; 9999; 9999; 9999; 9999; 9999; 9999; 9999; 9999; 9999; 9999; 9999; 9999; 9999; 9999; 9999; 9999; 9999; 9999; 9999; 9999; 9999; 9999; 9999; 9999; 9999; 9999
1984;10; 9999; 9999; 9999; 9999; 9999; 9999; 9999; 9999; 9999; 9999; 9999; 9999; 9999; 9999; 9999; 9999; 9999; 9999; 9999; 9999; 9999; 9999; 9999; 9999; 9999; 9999; 9999; 9999; 9999; 0; 0
1984;11; 0; 0; 0; 0; 0; 6; 10; 0; 0; 45; 28; 158; 20; 0; 0; 0; 106; 4; 0; 0; 59; 0; 35; 0; 257; 277; 14; 0; 0; 0; 9999
1984;12; 226; 299; 1; 0; 0; 231; 7; 120; 0; 0; 0; 2; 94; 225; 484; 0; 6; 45; 0; 0; 0; 0; 0; 0; 1; 11; 33; 403; 127; 82; 14
1985;01; 87; 0; 0; 0; 22; 11; 2; 197; 355; 0; 0; 0; 0; 0; 0; 2; 107; 150; 97; 121; 136; 13; 37; 467; 43; 109; 0; 0; 1; 0; 386
1985;02; 47; 0; 0; 0; 0; 43; 13; 0; 27; 0; 30; 0; 32; 211; 0; 6; 0; 15; 0; 0; 0; 75; 11; 0; 0; 150; 0; 377; 9999; 9999; 9999
1985;03; 383; 148; 72; 0; 3; 122; 41; 4; 0; 20; 217; 18; 0; 0; 0; 791; 14; 92; 95; 0; 2; 0; 0; 0; 0; 0; 0; 0; 1; 15; 0
1985;04; 21; 0; 0; 400; 3; 0; 77; 0; 0; 0; 0; 0; 0; 0; 0; 0; 200; 380; 310; 0; 0; 0; 0; 0; 0; 30; 57; 0; 0; 0; 9999
1985;05; 11; 0; 0; 0; 0; 0; 0; 0; 0; 1; 0; 0; 0; 0; 0; 0; 0; 0; 0; 0; 0; 154; 0; 0; 0; 0; 0; 0; 0; 0; 0
1985;06; 0; 0; 41; 88; 0; 0; 0; 0; 0; 16; 0; 0; 0; 0; 0; 0; 0; 0; 0; 0; 0; 0; 0; 0; 0; 0; 0; 0; 0; 0; 9999
1985;07; 0; 0; 0; 0; 0; 0; 7; 0; 0; 1; 0; 0; 0; 0; 0; 0; 0; 0; 0; 0; 0; 0; 0; 0; 0; 0; 0; 0; 0; 0; 0
1985;08; 0; 0; 0; 0; 0; 0; 0; 0; 0; 0; 0; 0; 0; 0; 0; 0; 0; 0; 0; 0; 0; 0; 93; 0; 0; 0; 0; 0; 0; 0; 7
1985;09; 30; 45; 0; 36; 26; 19; 33; 0; 0; 0; 0; 0; 0; 0; 0; 0; 0; 0; 0; 0; 0; 0; 0; 44; 0; 0; 0; 0; 4; 11; 9999
1985;10; 0; 0; 0; 0; 0; 0; 0; 59; 0; 13; 0; 0; 0; 0; 0; 0; 0; 0; 1; 0; 19; 0; 0; 0; 63; 0; 49; 0; 126; 41; 60
1985;11; 21; 142; 715; 248; 2; 0; 0; 0; 0; 0; 0; 0; 0; 0; 0; 0; 0; 0; 0; 85; 19; 115; 0; 0; 247; 17; 14; 144; 0; 0; 9999
1985;12; 0; 0; 0; 558; 0; 1; 0; 0; 0; 0; 0; 0; 0; 0; 70; 0; 9; 0; 0; 0; 81; 99; 99; 172; 601; 295; 200; 20; 0; 0; 0
1986;01; 0; 0; 4; 0; 1; 38; 0; 4; 192; 74; 0; 427; 61; 0; 0; 56; 81; 0; 0; 0; 11; 14; 106; 384; 98; 14; 118; 0; 0; 0; 0
1986;02; 0; 0; 121; 120; 9; 0; 0; 6; 0; 211; 0; 220; 15; 639; 148; 403; 4; 89; 505; 97; 236; 0; 0; 0; 0; 264; 0; 268; 9999; 9999; 9999
1986;03; 361; 243; 0; 140; 533; 85; 17; 107; 0; 91; 0; 0; 4; 0; 0; 0; 41; 0; 290; 94; 0; 0; 31; 5; 109; 0; 72; 0; 0; 234; 0
1986;04; 25; 0; 0; 0; 0; 0; 0; 0; 0; 0; 0; 0; 0; 0; 135; 33; 0; 0; 0; 0; 0; 5; 3; 0; 0; 0; 0; 19; 0; 0; 9999
1986;05; 0; 0; 0; 0; 0; 0; 5; 65; 54; 12; 3; 0; 28; 31; 0; 1; 0; 0; 207; 0; 84; 0; 0; 0; 0; 0; 0; 0; 0; 0; 87
1986;06; 0; 0; 0; 0; 0; 0; 0; 0; 0; 0; 0; 0; 0; 0; 0; 0; 0; 0; 0; 0; 0; 0; 0; 0; 0; 0; 0; 0; 0; 0; 9999
1986;07; 0; 0; 0; 0; 0; 40; 0; 0; 0; 0; 0; 0; 0; 0; 0; 0; 0; 0; 0; 0; 2; 3; 277; 21; 23; 0; 0; 0; 0; 0; 23
1986;08; 51; 2; 0; 0; 0; 0; 0; 0; 0; 0; 0; 0; 2; 0; 4; 103; 10; 0; 0; 0; 31; 412; 214; 23; 122; 0; 0; 0; 0; 0; 0
1986;09; 0; 0; 0; 0; 0; 0; 0; 0; 0; 0; 0; 0; 0; 0; 0; 0; 0; 0; 0; 0; 0; 0; 0; 0; 0; 38; 0; 0; 102; 0; 9999
1986;10; 0; 0; 0; 0; 0; 0; 0; 0; 152; 0; 68; 0; 0; 0; 0; 0; 0; 0; 0; 58; 83; 203; 0; 0; 0; 0; 0; 8; 0; 0; 0
1986;11; 0; 322; 0; 0; 0; 142; 164; 0; 0; 144; 704; 121; 0; 0; 0; 0; 0; 0; 0; 0; 0; 0; 0; 1; 23; 37; 13; 38; 0; 362; 9999
1986;12; 66; 913; 71; 3; 5; 0; 27; 17; 286; 322; 0; 0; 0; 26; 102; 327; 301; 75; 0; 0; 19; 0; 174; 81; 32; 321; 688; 242; 0; 53; 0
1987;01; 0; 19; 238; 41; 37; 0; 0; 0; 0; 126; 7; 0; 0; 0; 7; 0; 6; 0; 549; 0; 0; 19; 287; 77; 219; 361; 153; 252; 644; 6; 220
1987;02; 69; 0; 8; 282; 0; 0; 0; 0; 0; 142; 0; 0; 106; 124; 391; 22; 0; 12; 0; 0; 0; 0; 0; 0; 0; 307; 0; 0; 9999; 9999; 9999
1987;03; 0; 0; 0; 0; 0; 0; 0; 50; 255; 295; 0; 0; 0; 0; 65; 12; 0; 0; 572; 3; 0; 71; 0; 0; 0; 0; 0; 0; 8; 0; 0
1987;04; 0; 0; 0; 215; 268; 9; 0; 2; 0; 0; 6; 0; 0; 0; 0; 0; 0; 0; 0; 0; 299; 205; 0; 0; 0; 0; 0; 0; 0; 0; 9999
1987;05; 0; 0; 0; 0; 33; 107; 0; 15; 265; 0; 0; 405; 0; 0; 0; 244; 0; 0; 35; 123; 14; 35; 0; 0; 105; 0; 0; 0; 26; 6; 0
1987;06; 0; 0; 0; 0; 0; 0; 0; 0; 0; 0; 0; 0; 0; 0; 0; 26; 0; 0; 0; 2; 0; 0; 125; 23; 0; 0; 0; 0; 0; 0; 9999
1987;07; 0; 0; 0; 0; 0; 0; 0; 0; 109; 33; 0; 0; 0; 0; 0; 0; 0; 0; 0; 0; 0; 0; 0; 0; 0; 0; 0; 0; 0; 5; 0
1987;08; 0; 0; 0; 0; 0; 0; 47; 0; 0; 0; 0; 0; 0; 0; 0; 0; 0; 0; 0; 0; 0; 0; 0; 0; 0; 0; 0; 0; 0; 0; 0
1987;09; 20; 0; 0; 0; 0; 5; 0; 9; 0; 0; 49; 35; 0; 0; 0; 0; 0; 18; 189; 0; 0; 135; 185; 0; 0; 0; 0; 13; 0; 0; 9999
1987;10; 0; 75; 0; 0; 0; 376; 0; 0; 0; 0; 0; 0; 0; 0; 0; 0; 28; 5; 0; 0; 9; 0; 0; 14; 46; 0; 0; 0; 0; 0; 0
1987;11; 0; 0; 0; 0; 45; 22; 0; 0; 7; 0; 0; 8; 0; 505; 437; 1033; 45; 0; 0; 0; 544; 144; 0; 0; 239; 2; 21; 0; 0; 0; 9999
1987;12; 0; 0; 0; 9; 247; 116; 27; 0; 2; 0; 0; 0; 10; 0; 0; 0; 115; 217; 81; 0; 0; 0; 0; 0; 0; 0; 0; 0; 7; 0; 49
1988;01; 62; 0; 0; 0; 2; 133; 337; 290; 132; 522; 9999; 0; 0; 7; 4; 0; 113; 0; 0; 161; 0; 6; 0; 0; 0; 29; 3; 0; 0; 40; 11
1988;02; 70; 39; 0; 0; 12; 33; 4; 211; 61; 24; 85; 0; 0; 431; 37; 0; 258; 28; 32; 437; 49; 0; 0; 0; 0; 0; 0; 16; 8; 9999; 9999
1988;03; 68; 239; 216; 333; 438; 6; 0; 22; 0; 0; 0; 0; 0; 0; 0; 0; 333; 330; 331; 0; 0; 0; 0; 0; 0; 0; 0; 0; 0; 0; 0
1988;04; 0; 0; 0; 0; 0; 0; 0; 217; 104; 0; 0; 0; 115; 183; 0; 0; 65; 0; 239; 167; 68; 0; 0; 0; 0; 0; 0; 0; 0; 0; 9999
1988;05; 0; 0; 0; 0; 232; 236; 0; 0; 0; 0; 0; 0; 45; 0; 74; 0; 0; 284; 0; 0; 0; 122; 0; 0; 13; 0; 0; 0; 0; 125; 75
1988;06; 0; 0; 0; 21; 0; 0; 0; 0; 0; 0; 0; 0; 0; 0; 98; 0; 0; 0; 0; 0; 0; 0; 0; 0; 0; 0; 0; 2; 0; 0; 9999
1988;07; 0; 0; 0; 0; 0; 0; 0; 0; 0; 0; 0; 0; 0; 0; 0; 0; 0; 0; 0; 0; 0; 0; 0; 0; 0; 0; 0; 0; 0; 0; 0
1988;08; 0; 0; 0; 0; 0; 0; 0; 0; 0; 0; 0; 0; 0; 0; 0; 0; 0; 0; 0; 0; 0; 0; 0; 0; 0; 0; 0; 0; 0; 0; 0
1988;09; 0; 0; 0; 0; 0; 0; 0; 0; 0; 0; 0; 0; 0; 0; 111; 0; 58; 52; 0; 0; 0; 0; 0; 0; 0; 0; 0; 0; 0; 0; 9999
1988;10; 0; 0; 0; 0; 125; 10; 0; 0; 0; 14; 0; 359; 213; 32; 0; 0; 0; 18; 271; 0; 15; 0; 98; 63; 33; 272; 42; 0; 0; 0; 109
1988;11; 102; 22; 0; 0; 0; 95; 0; 45; 0; 0; 0; 23; 61; 27; 48; 68; 0; 0; 1; 261; 27; 0; 38; 0; 0; 0; 615; 0; 0; 0; 9999
1988;12; 0; 0; 0; 0; 0; 0; 0; 16; 0; 0; 0; 13; 0; 130; 2; 0; 0; 0; 22; 23; 216; 83; 0; 105; 5; 104; 35; 0; 20; 10; 12
1989;01; 1; 0; 22; 152; 185; 220; 38; 0; 511; 131; 10; 575; 22; 9; 299; 237; 0; 106; 16; 0; 473; 0; 2; 0; 277; 348; 0; 49; 32; 0; 0
1989;02; 0; 0; 57; 267; 643; 0; 23; 0; 266; 83; 355; 109; 4; 0; 448; 0; 266; 0; 78; 0; 294; 0; 61; 0; 16; 7; 0; 0; 9999; 9999; 9999
1989;03; 57; 0; 6; 0; 0; 0; 0; 0; 0; 0; 0; 0; 0; 139; 780; 493; 0; 0; 0; 0; 0; 0; 0; 0; 0; 23; 0; 0; 13; 0; 0
1989;04; 0; 0; 11; 0; 0; 0; 0; 0; 0; 0; 0; 267; 0; 0; 0; 0; 0; 0; 7; 0; 0; 0; 0; 0; 0; 0; 0; 0; 0; 19; 9999
1989;05; 0; 0; 0; 0; 321; 84; 0; 0; 0; 0; 0; 0; 0; 0; 0; 0; 0; 0; 0; 0; 0; 0; 0; 0; 0; 8; 0; 0; 0; 0; 0
1989;06; 0; 0; 0; 0; 0; 0; 0; 50; 7; 0; 35; 16; 0; 0; 0; 0; 0; 0; 0; 0; 0; 0; 0; 0; 20; 0; 0; 0; 19; 0; 9999
1989;07; 0; 0; 0; 0; 0; 0; 0; 0; 0; 0; 0; 0; 0; 0; 0; 0; 0; 0; 0; 0; 0; 0; 0; 0; 0; 0; 11; 175; 165; 63; 374
1989;08; 0; 0; 0; 0; 0; 0; 0; 0; 0; 0; 0; 0; 0; 0; 0; 0; 0; 0; 0; 0; 0; 34; 0; 0; 0; 147; 0; 74; 0; 0; 0
1989;09; 0; 8; 0; 0; 0; 18; 98; 12; 0; 138; 163; 0; 0; 127; 84; 0; 0; 0; 0; 0; 0; 0; 0; 0; 0; 0; 81; 0; 0; 0; 9999
1989;10; 0; 0; 0; 63; 0; 0; 0; 0; 0; 0; 0; 17; 0; 0; 0; 0; 0; 0; 0; 0; 0; 0; 0; 0; 0; 0; 538; 0; 0; 0; 0
1989;11; 0; 0; 0; 21; 51; 0; 0; 0; 0; 431; 2; 122; 394; 0; 0; 0; 0; 206; 17; 135; 76; 293; 119; 0; 6; 0; 0; 111; 0; 21; 9999
1989;12; 0; 0; 0; 0; 0; 0; 0; 0; 0; 0; 151; 14; 841; 143; 0; 0; 0; 0; 0; 0; 0; 0; 0; 0; 0; 76; 60; 355; 140; 321; 372
1990;01; 167; 229; 301; 0; 177; 95; 79; 63; 18; 113; 292; 72; 317; 69; 0; 21; 0; 0; 0; 0; 0; 0; 15; 0; 0; 0; 2; 6; 0; 0; 0
1990;02; 0; 26; 0; 0; 0; 17; 0; 0; 0; 0; 0; 3; 63; 103; 0; 0; 0; 0; 0; 0; 0; 0; 80; 11; 291; 421; 0; 75; 9999; 9999; 9999
1990;03; 139; 76; 520; 160; 0; 0; 26; 0; 71; 15; 0; 0; 0; 21; 65; 0; 0; 101; 304; 132; 21; 213; 50; 0; 0; 0; 78; 77; 5; 0; 0
1990;04; 0; 0; 0; 0; 0; 0; 0; 2; 131; 3; 0; 0; 0; 0; 0; 6; 153; 145; 37; 134; 0; 0; 0; 0; 0; 0; 0; 0; 0; 0; 9999
1990;05; 156; 247; 35; 0; 0; 0; 10; 0; 0; 0; 53; 18; 0; 0; 0; 148; 44; 98; 0; 0; 0; 0; 0; 0; 0; 0; 0; 0; 0; 0; 0
1990;06; 0; 0; 0; 0; 0; 0; 0; 0; 0; 0; 0; 0; 0; 0; 33; 0; 0; 0; 0; 0; 40; 0; 0; 0; 0; 0; 19; 0; 0; 0; 9999
1990;07; 0; 0; 0; 0; 0; 76; 0; 0; 0; 47; 0; 0; 0; 4; 0; 146; 30; 5; 27; 0; 9; 0; 56; 0; 0; 0; 0; 0; 0; 0; 0
1990;08; 0; 0; 0; 0; 0; 0; 0; 0; 0; 0; 0; 0; 0; 0; 0; 74; 80; 0; 203; 82; 62; 0; 0; 6; 0; 0; 0; 103; 0; 0; 0
1990;09; 0; 151; 0; 0; 0; 29; 0; 100; 0; 0; 0; 0; 31; 143; 0; 0; 0; 0; 0; 0; 0; 0; 40; 37; 0; 0; 0; 0; 0; 38; 9999
1990;10; 114; 38; 0; 21; 0; 0; 4; 0; 0; 0; 0; 0; 67; 0; 0; 0; 129; 86; 108; 902; 0; 0; 0; 0; 0; 0; 0; 0; 0; 0; 0
1990;11; 0; 11; 8; 5; 55; 78; 31; 0; 3; 5; 0; 0; 0; 0; 0; 63; 199; 16; 0; 0; 71; 72; 0; 263; 14; 0; 0; 227; 0; 0; 9999
1990;12; 0; 0; 0; 28; 11; 0; 0; 28; 0; 0; 43; 372; 6; 146; 262; 345; 77; 0; 0; 143; 0; 0; 0; 0; 1900; 279; 0; 0; 0; 0; 0
1991;01; 0; 0; 0; 130; 14; 0; 0; 0; 0; 342; 70; 42; 0; 0; 448; 241; 126; 0; 0; 0; 0; 0; 99; 28; 0; 22; 490; 14; 158; 10; 14
1991;02; 82; 840; 0; 0; 78; 116; 27; 149; 161; 745; 110; 0; 35; 0; 0; 0; 63; 31; 160; 0; 0; 0; 0; 0; 0; 0; 0; 0; 9999; 9999; 9999
1991;03; 104; 237; 6; 573; 29; 640; 97; 85; 0; 0; 0; 0; 156; 159; 0; 0; 0; 0; 0; 5; 62; 88; 0; 0; 0; 96; 150; 662; 363; 204; 783
1991;04; 34; 0; 0; 0; 0; 0; 0; 50; 1; 0; 0; 0; 0; 0; 0; 0; 22; 0; 71; 26; 0; 0; 0; 0; 603; 577; 107; 0; 0; 0; 9999
1991;05; 0; 0; 0; 0; 0; 0; 0; 178; 0; 0; 0; 0; 0; 0; 60; 187; 0; 0; 0; 0; 0; 0; 80; 0; 0; 0; 0; 0; 0; 0; 0
1991;06; 0; 0; 0; 0; 0; 0; 0; 0; 0; 0; 0; 0; 0; 0; 0; 0; 0; 0; 0; 0; 0; 23; 4; 0; 0; 0; 0; 0; 0; 64; 9999
1991;07; 0; 0; 0; 0; 0; 0; 0; 0; 0; 0; 75; 87; 0; 28; 0; 7; 25; 0; 0; 0; 0; 0; 0; 0; 0; 0; 0; 0; 0; 0; 0
1991;08; 0; 0; 0; 0; 0; 0; 0; 0; 0; 0; 0; 0; 0; 0; 0; 0; 0; 0; 0; 0; 0; 0; 0; 0; 0; 0; 0; 0; 0; 0; 0
1991;09; 0; 0; 1; 0; 0; 0; 0; 0; 0; 0; 0; 0; 0; 0; 0; 0; 0; 0; 17; 139; 0; 0; 0; 0; 0; 0; 0; 0; 114; 53; 9999
1991;10; 72; 0; 316; 0; 0; 64; 398; 0; 0; 0; 0; 0; 0; 0; 0; 0; 0; 33; 0; 0; 59; 0; 0; 0; 0; 4; 0; 0; 0; 0; 0
1991;11; 67; 145; 2; 0; 0; 0; 0; 0; 19; 51; 0; 0; 0; 0; 0; 0; 0; 0; 0; 0; 0; 0; 0; 0; 14; 0; 0; 0; 5; 589; 9999
1991;12; 12; 0; 0; 0; 0; 198; 213; 72; 98; 71; 16; 94; 79; 0; 183; 148; 308; 309; 251; 296; 0; 122; 43; 0; 13; 0; 0; 86; 0; 5; 99
1992;01; 297; 0; 0; 83; 280; 0; 0; 0; 0; 0; 0; 0; 192; 0; 0; 11; 0; 49; 27; 0; 0; 836; 33; 0; 0; 110; 0; 44; 2; 4; 220
1992;02; 256; 133; 118; 145; 193; 13; 444; 211; 0; 0; 20; 0; 0; 0; 0; 0; 0; 0; 0; 0; 4; 0; 0; 0; 11; 128; 242; 75; 0; 9999; 9999
1992;03; 0; 85; 0; 2; 29; 0; 13; 0; 0; 29; 267; 5; 41; 0; 0; 260; 116; 55; 0; 0; 155; 0; 0; 21; 0; 185; 381; 30; 0; 56; 226
1992;04; 5; 0; 0; 0; 0; 0; 0; 0; 0; 0; 0; 0; 71; 20; 0; 0; 0; 0; 0; 156; 118; 15; 0; 3; 0; 10; 0; 0; 0; 109; 9999
1992;05; 0; 100; 2; 393; 81; 0; 0; 0; 0; 0; 0; 0; 0; 77; 0; 0; 0; 0; 45; 0; 0; 0; 110; 8; 0; 0; 0; 0; 0; 0; 0
1992;06; 0; 0; 0; 0; 0; 0; 0; 0; 0; 0; 0; 0; 0; 0; 0; 0; 0; 0; 0; 0; 0; 0; 0; 0; 0; 0; 0; 0; 0; 0; 9999
1992;07; 0; 0; 0; 0; 0; 0; 0; 113; 336; 0; 0; 0; 0; 0; 0; 0; 0; 0; 0; 0; 0; 0; 0; 0; 0; 0; 0; 0; 0; 0; 0
1992;08; 0; 0; 0; 0; 0; 0; 0; 0; 0; 0; 0; 0; 0; 0; 0; 0; 0; 0; 106; 0; 6; 60; 102; 167; 0; 0; 0; 0; 0; 0; 0
1992;09; 0; 5; 0; 6; 39; 65; 39; 0; 0; 0; 0; 44; 41; 0; 99; 287; 0; 234; 187; 0; 0; 0; 0; 0; 6; 158; 6; 28; 0; 0; 9999
1992;10; 0; 62; 99; 0; 0; 0; 0; 23; 26; 0; 0; 180; 147; 0; 0; 0; 265; 0; 0; 0; 0; 0; 0; 0; 0; 0; 8; 190; 397; 65; 196
1992;11; 0; 64; 0; 53; 215; 78; 33; 0; 72; 51; 0; 0; 0; 0; 0; 0; 132; 0; 0; 0; 0; 3; 0; 314; 205; 214; 10; 0; 0; 0; 9999
1992;12; 30; 258; 0; 0; 0; 0; 440; 14; 0; 15; 0; 226; 0; 0; 0; 0; 136; 62; 0; 0; 522; 0; 0; 0; 0; 119; 0; 0; 0; 0; 0
1993;01; 0; 0; 0; 2; 162; 71; 462; 155; 25; 417; 185; 376; 4; 271; 0; 0; 0; 4; 162; 12; 113; 0; 0; 0; 0; 0; 80; 0; 0; 0; 477
1993;02; 313; 196; 21; 0; 309; 77; 16; 116; 82; 136; 8; 111; 381; 0; 797; 196; 259; 0; 117; 124; 73; 93; 228; 51; 3; 0; 22; 103; 9999; 9999; 9999
1993;03; 159; 43; 149; 4; 0; 0; 0; 0; 0; 0; 0; 0; 0; 0; 0; 0; 6; 0; 256; 48; 0; 148; 68; 143; 72; 25; 0; 210; 0; 22; 114
1993;04; 358; 126; 49; 16; 0; 0; 0; 33; 462; 0; 0; 98; 0; 0; 0; 0; 0; 0; 0; 0; 0; 0; 0; 182; 0; 0; 0; 0; 0; 0; 9999
1993;05; 0; 0; 148; 210; 0; 124; 0; 0; 0; 0; 0; 0; 0; 0; 85; 0; 0; 0; 0; 0; 0; 0; 0; 0; 0; 0; 0; 0; 0; 0; 177
1993;06; 307; 0; 0; 0; 84; 387; 0; 0; 0; 0; 58; 4; 0; 0; 0; 0; 0; 0; 46; 0; 0; 0; 0; 0; 0; 0; 0; 0; 0; 0; 9999
1993;07; 0; 0; 0; 0; 0; 0; 0; 0; 0; 0; 0; 0; 0; 0; 79; 14; 0; 0; 0; 0; 0; 0; 0; 0; 0; 0; 0; 0; 0; 0; 0
1993;08; 0; 3; 0; 0; 0; 0; 0; 0; 0; 0; 7; 0; 0; 0; 2; 79; 0; 0; 0; 25; 0; 0; 0; 78; 115; 0; 0; 0; 0; 0; 0
1993;09; 0; 0; 0; 0; 0; 0; 0; 47; 6; 0; 20; 26; 0; 0; 81; 87; 0; 0; 0; 0; 4; 108; 0; 75; 210; 154; 0; 18; 0; 0; 9999
1993;10; 0; 210; 0; 0; 222; 91; 0; 0; 0; 0; 0; 0; 0; 0; 0; 51; 6; 55; 199; 128; 57; 0; 78; 22; 109; 3; 0; 0; 0; 0; 0
1993;11; 0; 0; 0; 0; 0; 0; 228; 7; 0; 27; 580; 0; 0; 0; 0; 0; 0; 14; 0; 0; 0; 0; 80; 0; 127; 266; 77; 0; 0; 0; 9999
1993;12; 0; 9; 0; 94; 171; 0; 0; 0; 140; 0; 186; 292; 0; 0; 0; 76; 0; 48; 0; 17; 0; 0; 0; 0; 121; 112; 0; 0; 382; 76; 32
1994;01; 350; 38; 0; 22; 0; 0; 0; 51; 210; 370; 0; 0; 27; 6; 11; 100; 7; 0; 103; 647; 8; 14; 76; 710; 255; 210; 75; 128; 13; 112; 0
1994;02; 0; 46; 0; 0; 0; 370; 0; 270; 0; 0; 0; 20; 110; 0; 51; 0; 0; 0; 0; 241; 0; 0; 0; 0; 410; 112; 173; 21; 9999; 9999; 9999
1994;03; 52; 65; 45; 0; 0; 0; 0; 110; 0; 0; 0; 262; 0; 0; 0; 0; 0; 0; 0; 21; 84; 0; 0; 0; 33; 0; 214; 0; 0; 0; 0
1994;04; 61; 110; 0; 0; 0; 0; 48; 10; 0; 0; 0; 0; 0; 24; 35; 0; 0; 0; 11; 0; 0; 28; 3; 0; 0; 0; 6; 0; 0; 0; 9999
1994;05; 0; 0; 0; 0; 0; 0; 0; 0; 0; 0; 0; 0; 0; 12; 493; 0; 0; 0; 0; 0; 0; 0; 0; 0; 0; 0; 0; 188; 0; 0; 0
1994;06; 0; 0; 0; 0; 27; 0; 0; 0; 0; 0; 0; 0; 0; 0; 0; 0; 0; 0; 0; 0; 0; 0; 350; 0; 59; 27; 0; 0; 0; 0; 9999
1994;07; 0; 0; 0; 0; 0; 0; 0; 0; 56; 0; 0; 0; 0; 0; 0; 0; 0; 0; 0; 0; 0; 0; 129; 130; 0; 0; 0; 0; 0; 0; 0
1994;08; 0; 0; 0; 0; 0; 0; 0; 0; 0; 0; 0; 0; 0; 0; 0; 0; 0; 0; 0; 0; 0; 0; 0; 0; 0; 0; 0; 0; 0; 0; 0
1994;09; 0; 0; 0; 0; 0; 0; 0; 0; 0; 0; 0; 0; 0; 0; 0; 0; 0; 0; 0; 0; 0; 0; 0; 0; 0; 0; 0; 0; 0; 0; 9999
1994;10; 0; 0; 0; 0; 0; 0; 0; 0; 0; 0; 0; 0; 0; 0; 0; 0; 242; 0; 0; 0; 137; 310; 0; 0; 228; 0; 383; 294; 24; 0; 0
1994;11; 0; 0; 0; 0; 286; 34; 512; 0; 0; 2; 0; 0; 65; 275; 6; 0; 0; 10; 278; 0; 0; 0; 0; 0; 18; 0; 0; 269; 82; 327; 9999
1994;12; 0; 0; 0; 0; 8; 58; 4; 0; 0; 0; 81; 9; 55; 0; 68; 175; 48; 143; 343; 0; 0; 468; 698; 29; 0; 0; 45; 24; 0; 0; 58
1995;01; 354; 39; 0; 76; 39; 42; 0; 0; 256; 0; 110; 0; 0; 0; 0; 0; 0; 0; 5; 0; 43; 20; 0; 0; 0; 0; 0; 216; 450; 155; 94
1995;02; 122; 40; 634; 493; 314; 20; 940; 440; 530; 118; 29; 27; 0; 625; 77; 28; 0; 9; 620; 483; 238; 15; 0; 0; 0; 0; 0; 0; 9999; 9999; 9999
1995;03; 0; 63; 0; 0; 37; 110; 46; 0; 164; 16; 0; 0; 9; 117; 10; 0; 0; 0; 0; 4; 7; 0; 0; 0; 524; 0; 12; 2; 0; 27; 496
1995;04; 768; 20; 0; 0; 0; 0; 0; 0; 0; 0; 0; 44; 0; 0; 0; 0; 0; 0; 0; 23; 260; 0; 0; 0; 0; 0; 0; 590; 0; 0; 9999
1995;05; 0; 0; 0; 0; 0; 162; 18; 9; 0; 0; 323; 0; 0; 0; 0; 0; 69; 0; 0; 0; 0; 0; 0; 0; 0; 0; 0; 0; 0; 0; 0
1995;06; 0; 0; 0; 0; 0; 0; 0; 0; 0; 0; 0; 0; 0; 0; 0; 0; 0; 126; 0; 0; 0; 0; 0; 0; 0; 60; 0; 0; 0; 0; 9999
1995;07; 0; 0; 0; 0; 0; 0; 0; 0; 109; 79; 113; 0; 0; 0; 0; 0; 0; 0; 0; 0; 0; 47; 0; 0; 0; 0; 0; 0; 0; 0; 0
1995;08; 0; 0; 0; 0; 0; 0; 0; 0; 0; 0; 0; 0; 0; 0; 0; 0; 0; 0; 0; 0; 0; 0; 0; 0; 0; 0; 0; 0; 0; 0; 0
1995;09; 0; 0; 0; 0; 0; 0; 0; 0; 0; 0; 0; 0; 0; 0; 0; 0; 0; 0; 34; 0; 0; 0; 0; 0; 59; 0; 8; 0; 0; 18; 9999
1995;10; 0; 0; 0; 0; 0; 0; 45; 37; 0; 0; 0; 0; 0; 296; 8; 15; 206; 352; 16; 0; 99; 31; 0; 0; 0; 0; 0; 0; 0; 111; 124
1995;11; 0; 32; 112; 21; 7; 0; 0; 0; 0; 0; 0; 255; 27; 0; 19; 0; 0; 0; 0; 0; 0; 0; 0; 48; 269; 0; 0; 228; 0; 0; 9999
1995;12; 0; 0; 33; 0; 0; 0; 0; 0; 0; 0; 0; 189; 507; 199; 0; 0; 8; 163; 229; 0; 0; 107; 16; 4; 0; 290; 43; 140; 131; 159; 37
1996;01; 0; 57; 470; 247; 0; 456; 420; 0; 87; 140; 39; 74; 67; 9; 0; 0; 0; 0; 22; 0; 254; 21; 0; 0; 64; 58; 0; 179; 25; 0; 0
1996;02; 0; 0; 422; 0; 11; 0; 0; 0; 0; 222; 0; 131; 0; 0; 0; 0; 12; 0; 15; 17; 0; 0; 464; 352; 0; 0; 30; 446; 22; 9999; 9999
1996;03; 53; 155; 0; 2; 0; 66; 25; 162; 370; 381; 0; 28; 16; 0; 5; 42; 185; 154; 0; 112; 0; 0; 0; 0; 0; 0; 0; 0; 83; 0; 0
1996;04; 0; 0; 0; 0; 0; 0; 0; 0; 0; 0; 9; 110; 129; 0; 7; 2; 262; 41; 0; 0; 0; 0; 0; 0; 0; 0; 0; 0; 0; 0; 9999
1996;05; 0; 0; 0; 0; 0; 0; 0; 0; 0; 114; 0; 0; 0; 0; 17; 327; 3; 4; 0; 0; 0; 32; 165; 3; 0; 0; 0; 0; 0; 0; 0
1996;06; 0; 0; 0; 0; 0; 0; 35; 0; 0; 0; 0; 0; 0; 0; 0; 0; 0; 0; 0; 0; 0; 0; 0; 0; 0; 0; 0; 43; 100; 0; 9999
1996;07; 0; 0; 0; 0; 0; 0; 0; 0; 0; 0; 0; 0; 0; 0; 0; 0; 0; 0; 0; 0; 0; 0; 0; 0; 0; 0; 0; 30; 0; 0; 0
1996;08; 0; 0; 0; 0; 0; 0; 0; 0; 0; 58; 81; 0; 0; 0; 16; 0; 0; 0; 0; 0; 0; 0; 0; 0; 0; 0; 0; 0; 0; 0; 0
1996;09; 0; 44; 0; 224; 29; 135; 0; 0; 238; 230; 215; 0; 0; 0; 0; 0; 254; 0; 0; 0; 0; 0; 0; 0; 0; 0; 0; 0; 0; 78; 9999
1996;10; 0; 0; 394; 15; 0; 0; 0; 0; 0; 0; 172; 81; 0; 163; 0; 0; 0; 0; 0; 0; 34; 0; 0; 52; 0; 208; 0; 229; 0; 0; 0
1996;11; 329; 179; 144; 83; 0; 0; 0; 0; 0; 0; 0; 0; 0; 15; 0; 0; 268; 50; 0; 406; 746; 372; 0; 0; 0; 0; 0; 0; 0; 0; 9999
1996;12; 0; 0; 0; 31; 6; 33; 46; 86; 2; 12; 156; 148; 80; 51; 17; 0; 144; 252; 0; 0; 566; 0; 77; 51; 0; 129; 0; 0; 100; 922; 150
1997;01; 0; 4; 257; 0; 0; 2; 0; 0; 672; 180; 602; 0; 0; 5; 24; 0; 0; 0; 52; 745; 182; 0; 34; 115; 49; 0; 262; 192; 13; 0; 45
1997;02; 140; 7; 183; 13; 0; 0; 0; 0; 0; 7; 0; 0; 23; 86; 19; 23; 8; 267; 0; 9; 48; 0; 0; 6; 228; 38; 0; 0; 9999; 9999; 9999
1997;03; 0; 0; 0; 98; 18; 77; 0; 0; 6; 0; 0; 0; 0; 0; 0; 28; 58; 0; 0; 0; 0; 0; 0; 0; 0; 0; 0; 0; 0; 0; 22
1997;04; 250; 0; 0; 0; 0; 0; 0; 0; 0; 0; 0; 0; 0; 0; 0; 0; 0; 71; 0; 0; 49; 0; 0; 52; 0; 0; 0; 0; 0; 0; 9999
1997;05; 0; 0; 0; 0; 0; 0; 0; 0; 0; 0; 0; 0; 0; 0; 0; 64; 205; 0; 0; 0; 0; 5; 65; 0; 495; 0; 0; 0; 311; 0; 0
1997;06; 0; 0; 0; 174; 415; 461; 0; 0; 0; 0; 0; 123; 3; 0; 162; 359; 0; 0; 0; 4; 203; 0; 0; 0; 0; 0; 0; 0; 0; 0; 9999
1997;07; 0; 0; 0; 0; 0; 0; 0; 0; 0; 0; 0; 0; 0; 0; 0; 0; 0; 0; 0; 0; 0; 265; 0; 0; 0; 0; 0; 0; 0; 0; 0
1997;08; 0; 0; 0; 0; 0; 0; 0; 0; 0; 0; 0; 0; 0; 0; 0; 0; 0; 0; 0; 0; 0; 0; 0; 0; 0; 0; 0; 0; 0; 0; 0
1997;09; 0; 0; 0; 0; 0; 0; 0; 0; 0; 0; 4; 0; 0; 87; 8; 0; 0; 0; 0; 0; 159; 0; 0; 0; 58; 15; 0; 0; 0; 0; 9999
1997;10; 17; 28; 0; 0; 0; 0; 7; 0; 0; 0; 0; 0; 0; 0; 0; 0; 191; 0; 18; 71; 56; 27; 0; 0; 39; 157; 0; 0; 0; 0; 0
1997;11; 97; 0; 0; 0; 0; 308; 305; 64; 0; 0; 0; 33; 0; 73; 332; 82; 463; 208; 233; 0; 0; 297; 334; 0; 0; 2; 265; 349; 120; 0; 9999
1997;12; 0; 113; 27; 15; 34; 0; 7; 91; 795; 0; 0; 0; 61; 360; 85; 0; 0; 0; 10; 0; 108; 0; 0; 0; 457; 516; 0; 81; 39; 0; 49
