33
Ano,Mes,1,2,3,4,5,6,7,8,9,10,11,12,13,14,15,16,17,18,19,20,21,22,23,24,25,26,27,28,29,30,31
1943;01; 0; 0; 0; 162; 268; 47; 19; 372; 0; 0; 5; 127; 0; 223; 346; 32; 0; 7; 500; 195; 0; 183; 72; 0; 351; 9; 250; 88; 36; 31; 152
1943;02; 136; 310; 0; 0; 0; 0; 0; 0; 130; 0; 0; 0; 24; 37; 160; 564; 14; 336; 23; 0; 228; 16; 702; 0; 10; 0; 0; 0; 9999; 9999; 9999
1943;03; 21; 123; 0; 34; 0; 260; 125; 0; 0; 0; 170; 0; 42; 110; 145; 0; 0; 0; 0; 0; 0; 2; 0; 0; 0; 0; 0; 40; 35; 23; 0
1943;04; 23; 0; 0; 0; 0; 0; 0; 0; 0; 0; 0; 0; 0; 0; 60; 179; 112; 0; 0; 0; 0; 0; 0; 0; 0; 0; 0; 0; 0; 0; 9999
1943;05; 0; 0; 0; 0; 0; 0; 0; 0; 6; 91; 0; 0; 0; 0; 0; 0; 0; 0; 0; 0; 0; 0; 0; 0; 0; 0; 0; 0; 0; 0; 0
1943;06; 0; 0; 0; 0; 0; 72; 2; 232; 0; 0; 0; 0; 0; 0; 0; 0; 0; 0; 0; 0; 0; 0; 0; 0; 0; 0; 0; 0; 0; 0; 9999
1943;07; 0; 0; 0; 0; 0; 0; 0; 0; 0; 0; 0; 0; 0; 0; 0; 0; 0; 0; 0; 0; 0; 0; 0; 0; 0; 0; 0; 0; 0; 0; 0
1943;08; 0; 0; 0; 0; 0; 0; 0; 0; 0; 0; 0; 0; 0; 0; 0; 0; 0; 0; 0; 0; 0; 0; 0; 0; 0; 0; 0; 0; 0; 0; 0
1943;09; 0; 0; 0; 0; 0; 0; 0; 0; 0; 0; 20; 34; 0; 106; 0; 0; 0; 0; 14; 0; 0; 0; 13; 209; 273; 0; 0; 0; 0; 0; 9999
1943;10; 0; 0; 0; 161; 90; 30; 0; 10; 0; 60; 114; 192; 0; 73; 216; 0; 0; 0; 0; 0; 0; 0; 450; 0; 0; 5; 66; 312; 0; 0; 0
1943;11; 9; 0; 65; 387; 166; 36; 10; 0; 0; 0; 21; 15; 0; 0; 220; 9; 0; 374; 183; 0; 0; 15; 0; 18; 3; 0; 0; 0; 0; 43; 9999
1943;12; 294; 409; 0; 0; 0; 0; 0; 3; 0; 0; 0; 20; 58; 0; 72; 84; 2; 0; 0; 2; 0; 0; 34; 50; 0; 144; 0; 21; 337; 5; 82
1944;01; 15; 2; 0; 0; 20; 0; 0; 167; 0; 0; 0; 32; 0; 0; 0; 0; 0; 247; 0; 0; 0; 0; 20; 174; 329; 417; 234; 0; 0; 0; 0
1944;02; 41; 0; 280; 22; 0; 5; 7; 0; 130; 0; 0; 0; 80; 0; 76; 122; 238; 20; 98; 406; 264; 453; 470; 70; 100; 0; 71; 0; 234; 9999; 9999
1944;03; 10; 10; 260; 60; 20; 0; 42; 0; 30; 0; 0; 0; 96; 230; 98; 26; 48; 14; 22; 0; 0; 0; 0; 0; 0; 0; 0; 0; 0; 0; 0
1944;04; 0; 100; 0; 0; 0; 0; 0; 0; 0; 0; 10; 0; 0; 0; 590; 0; 150; 14; 0; 13; 50; 0; 0; 0; 0; 0; 0; 0; 0; 0; 9999
1944;05; 0; 0; 0; 0; 0; 0; 0; 0; 0; 0; 0; 0; 0; 0; 0; 0; 0; 0; 0; 0; 0; 0; 0; 0; 0; 0; 0; 0; 0; 0; 0
1944;06; 0; 9999; 0; 0; 0; 0; 0; 0; 0; 0; 0; 0; 0; 0; 0; 0; 0; 0; 0; 0; 0; 9999; 9999; 9999; 9999; 9999; 9999; 9999; 9999; 9999; 9999
1944;07; 0; 0; 0; 0; 0; 0; 40; 0; 0; 0; 0; 0; 0; 0; 0; 0; 0; 0; 0; 0; 0; 0; 0; 0; 0; 0; 0; 0; 0; 0; 0
1944;08; 0; 0; 0; 0; 0; 0; 0; 0; 0; 0; 0; 0; 0; 0; 0; 0; 0; 0; 0; 0; 0; 0; 0; 0; 0; 0; 0; 0; 0; 0; 0
1944;09; 0; 0; 0; 0; 0; 0; 0; 4; 0; 0; 0; 0; 0; 0; 0; 0; 0; 0; 0; 0; 0; 0; 0; 0; 0; 0; 0; 0; 0; 0; 9999
1944;10; 0; 0; 0; 0; 0; 0; 0; 0; 0; 0; 0; 0; 0; 328; 0; 0; 13; 13; 10; 56; 0; 0; 0; 0; 300; 134; 20; 56; 86; 200; 0
1944;11; 0; 0; 110; 22; 0; 102; 0; 206; 26; 0; 0; 0; 5; 67; 66; 20; 0; 0; 0; 0; 250; 0; 120; 96; 0; 310; 106; 0; 0; 0; 9999
1944;12; 82; 1; 40; 12; 92; 0; 0; 0; 0; 190; 68; 0; 0; 0; 0; 0; 0; 0; 60; 0; 0; 0; 142; 10; 10; 0; 0; 0; 0; 0; 0
1945;01; 0; 0; 18; 22; 3; 0; 366; 22; 0; 0; 0; 0; 0; 0; 0; 118; 294; 72; 0; 202; 2; 130; 3; 0; 0; 0; 0; 94; 252; 199; 618
1945;02; 520; 495; 0; 64; 0; 1; 2; 300; 74; 1; 2; 3; 14; 0; 12; 0; 0; 2; 323; 0; 93; 23; 65; 0; 0; 0; 0; 33; 9999; 9999; 9999
1945;03; 0; 0; 794; 83; 0; 0; 80; 1; 0; 11; 0; 0; 0; 0; 44; 0; 0; 0; 0; 0; 209; 12; 0; 6; 160; 108; 291; 0; 0; 0; 0
1945;04; 51; 29; 0; 0; 0; 0; 0; 0; 0; 0; 0; 0; 0; 0; 0; 0; 0; 0; 0; 0; 364; 0; 0; 0; 0; 0; 0; 24; 0; 124; 9999
1945;05; 0; 0; 0; 0; 0; 0; 0; 0; 0; 0; 0; 0; 0; 0; 0; 0; 38; 13; 0; 0; 0; 0; 0; 0; 0; 0; 26; 28; 0; 0; 0
1945;06; 0; 0; 0; 0; 0; 25; 0; 0; 0; 0; 0; 0; 0; 0; 0; 0; 0; 0; 0; 252; 2; 0; 45; 18; 8; 0; 0; 0; 0; 0; 9999
1945;07; 0; 0; 0; 0; 80; 30; 56; 0; 0; 0; 0; 0; 0; 0; 0; 0; 0; 0; 0; 0; 0; 0; 0; 0; 0; 0; 0; 0; 0; 0; 0
1945;08; 0; 9999; 0; 0; 0; 0; 0; 0; 0; 0; 0; 0; 0; 0; 0; 0; 0; 0; 0; 0; 0; 0; 0; 0; 0; 0; 0; 0; 0; 0; 9999
1945;09; 0; 0; 0; 0; 0; 0; 0; 0; 0; 0; 0; 0; 0; 0; 0; 168; 76; 0; 0; 0; 0; 0; 0; 0; 0; 0; 0; 0; 0; 0; 9999
1945;10; 0; 0; 190; 156; 28; 0; 0; 0; 0; 0; 0; 0; 0; 0; 0; 0; 0; 0; 0; 0; 0; 0; 0; 0; 0; 0; 0; 36; 0; 0; 26
1945;11; 250; 0; 0; 0; 144; 60; 0; 0; 60; 180; 0; 130; 340; 90; 0; 0; 0; 0; 100; 0; 129; 190; 0; 20; 70; 20; 100; 70; 0; 0; 9999
1945;12; 0; 0; 0; 0; 0; 55; 17; 0; 332; 82; 0; 100; 90; 140; 136; 316; 143; 250; 0; 112; 540; 190; 0; 0; 0; 0; 400; 20; 330; 0; 340
1946;01; 340; 9999; 9999; 9999; 270; 0; 0; 0; 0; 0; 0; 0; 0; 0; 30; 0; 0; 65; 35; 45; 110; 0; 0; 0; 0; 0; 0; 250; 0; 9999; 0
1946;02; 9999; 9999; 9999; 9999; 9999; 190; 0; 40; 0; 180; 140; 0; 0; 80; 584; 212; 0; 20; 0; 0; 182; 32; 36; 330; 34; 0; 0; 0; 9999; 9999; 9999
1946;03; 0; 170; 30; 30; 62; 24; 0; 0; 160; 108; 160; 30; 0; 40; 90; 370; 0; 30; 0; 40; 40; 0; 0; 50; 0; 0; 0; 0; 0; 0; 0
1946;04; 250; 0; 0; 0; 0; 0; 340; 0; 0; 0; 0; 0; 0; 0; 0; 0; 0; 0; 0; 0; 0; 0; 0; 0; 0; 0; 0; 0; 0; 0; 9999
1946;05; 0; 0; 0; 0; 0; 0; 0; 0; 0; 0; 0; 52; 0; 0; 0; 0; 0; 0; 0; 0; 0; 0; 0; 0; 0; 0; 0; 0; 0; 0; 0
1946;06; 9999; 200; 9999; 9999; 2; 0; 0; 0; 0; 0; 0; 0; 0; 0; 0; 0; 0; 0; 0; 0; 0; 0; 0; 0; 0; 0; 0; 0; 0; 0; 9999
1946;07; 0; 0; 0; 0; 0; 0; 0; 0; 9999; 9999; 9999; 9999; 9999; 9999; 9999; 9999; 9999; 9999; 9999; 9999; 9999; 9999; 9999; 9999; 0; 0; 0; 0; 0; 0; 0
1946;08; 0; 0; 0; 0; 0; 0; 0; 0; 0; 0; 0; 0; 0; 0; 0; 0; 0; 0; 0; 0; 0; 0; 0; 0; 0; 0; 0; 0; 0; 0; 0
1946;09; 0; 0; 0; 0; 0; 0; 0; 0; 0; 0; 0; 0; 0; 0; 0; 0; 0; 0; 0; 0; 0; 0; 0; 0; 0; 0; 0; 0; 51; 1; 9999
1946;10; 0; 0; 0; 0; 0; 0; 0; 130; 0; 0; 0; 60; 0; 0; 0; 240; 360; 200; 0; 130; 0; 60; 150; 0; 30; 0; 0; 0; 0; 0; 0
1946;11; 50; 382; 90; 0; 0; 0; 50; 160; 0; 0; 0; 0; 0; 0; 0; 0; 0; 0; 0; 109; 0; 0; 0; 198; 116; 50; 0; 0; 50; 0; 9999
1946;12; 0; 0; 0; 0; 32; 30; 320; 90; 120; 0; 0; 0; 0; 0; 20; 10; 83; 0; 0; 0; 0; 132; 240; 216; 0; 110; 10; 10; 0; 26; 150
1947;01; 480; 120; 160; 115; 210; 40; 20; 220; 40; 0; 180; 20; 0; 270; 10; 250; 0; 190; 90; 114; 0; 0; 0; 246; 120; 44; 180; 20; 120; 40; 0
1947;02; 0; 0; 0; 0; 0; 0; 0; 0; 0; 0; 40; 0; 10; 50; 550; 792; 170; 452; 20; 0; 10; 0; 150; 420; 0; 80; 60; 284; 9999; 9999; 9999
1947;03; 50; 110; 84; 0; 94; 314; 400; 270; 620; 190; 20; 0; 0; 380; 270; 0; 140; 180; 80; 0; 0; 0; 0; 0; 106; 52; 30; 0; 0; 0; 0
1947;04; 0; 0; 0; 0; 0; 0; 0; 0; 0; 0; 20; 0; 0; 0; 0; 0; 0; 0; 100; 0; 0; 0; 0; 0; 0; 0; 0; 0; 0; 0; 9999
1947;05; 0; 0; 80; 0; 30; 0; 0; 0; 0; 0; 0; 0; 0; 0; 0; 0; 0; 0; 50; 40; 0; 0; 0; 0; 0; 0; 0; 0; 0; 0; 0
1947;06; 0; 0; 0; 0; 0; 0; 0; 0; 0; 0; 0; 0; 0; 0; 0; 0; 0; 0; 272; 0; 0; 130; 20; 0; 0; 120; 0; 0; 0; 0; 9999
1947;07; 0; 0; 0; 0; 0; 0; 0; 60; 80; 0; 0; 0; 0; 0; 0; 0; 0; 0; 0; 0; 0; 0; 0; 0; 0; 0; 0; 0; 0; 0; 0
1947;08; 46; 0; 0; 0; 0; 0; 0; 0; 0; 0; 0; 0; 0; 0; 0; 0; 0; 0; 0; 0; 0; 0; 0; 0; 0; 0; 0; 219; 200; 0; 54
1947;09; 30; 0; 0; 90; 0; 0; 0; 0; 150; 0; 156; 0; 0; 0; 0; 0; 0; 102; 0; 0; 0; 0; 0; 50; 0; 0; 0; 0; 0; 0; 9999
1947;10; 340; 0; 0; 0; 760; 0; 0; 300; 12; 0; 0; 0; 0; 0; 0; 0; 0; 344; 10; 0; 0; 0; 216; 1280; 766; 22; 0; 0; 0; 0; 0
1947;11; 18; 0; 0; 82; 0; 0; 0; 0; 0; 140; 0; 0; 72; 103; 0; 0; 0; 0; 0; 0; 0; 0; 37; 10; 84; 198; 491; 48; 10; 0; 9999
1947;12; 0; 70; 94; 0; 0; 0; 0; 0; 0; 262; 128; 0; 96; 30; 120; 28; 190; 141; 0; 67; 97; 38; 0; 0; 396; 102; 206; 50; 0; 48; 0
1948;01; 0; 20; 0; 0; 0; 0; 0; 0; 0; 0; 194; 330; 47; 0; 0; 254; 84; 140; 44; 0; 56; 0; 50; 0; 0; 0; 0; 0; 0; 0; 80
1948;02; 0; 130; 310; 102; 0; 20; 0; 0; 110; 130; 470; 158; 0; 134; 622; 208; 0; 0; 0; 0; 260; 18; 0; 0; 0; 0; 0; 0; 82; 9999; 9999
1948;03; 166; 0; 0; 0; 0; 48; 0; 0; 0; 0; 352; 493; 10; 131; 270; 125; 0; 0; 92; 0; 0; 0; 2; 1; 4; 86; 2; 0; 0; 0; 0
1948;04; 5; 0; 0; 5; 0; 0; 0; 0; 0; 0; 0; 0; 0; 0; 0; 0; 0; 0; 0; 0; 0; 0; 0; 0; 0; 0; 0; 0; 0; 0; 9999
1948;05; 0; 0; 0; 0; 0; 0; 0; 0; 0; 0; 0; 0; 0; 0; 0; 0; 0; 516; 0; 36; 0; 3; 0; 0; 0; 0; 0; 0; 79; 0; 0
1948;06; 0; 0; 0; 0; 0; 0; 0; 0; 0; 0; 0; 0; 0; 0; 0; 0; 0; 0; 0; 0; 0; 0; 0; 0; 0; 0; 0; 0; 0; 0; 9999
1948;07; 0; 0; 0; 0; 0; 0; 0; 0; 0; 0; 0; 0; 0; 0; 0; 0; 0; 0; 0; 0; 0; 0; 0; 0; 152; 0; 48; 6; 25; 0; 0
1948;08; 0; 3; 4; 0; 0; 0; 0; 28; 0; 0; 0; 48; 0; 0; 0; 0; 0; 0; 0; 0; 0; 0; 0; 0; 0; 0; 0; 32; 0; 0; 0
1948;09; 0; 0; 0; 0; 0; 0; 0; 0; 0; 0; 0; 69; 12; 1; 0; 0; 0; 0; 0; 0; 0; 0; 0; 0; 0; 170; 0; 56; 0; 0; 9999
1948;10; 0; 0; 11; 8; 106; 62; 27; 0; 0; 0; 294; 118; 62; 0; 32; 0; 0; 0; 0; 0; 0; 0; 0; 0; 0; 0; 9; 547; 0; 47; 0
1948;11; 0; 293; 56; 16; 52; 45; 0; 78; 57; 20; 0; 49; 0; 0; 0; 296; 234; 0; 0; 3; 353; 0; 0; 0; 0; 20; 69; 0; 0; 0; 9999
1948;12; 0; 174; 0; 0; 0; 0; 0; 0; 0; 45; 0; 0; 0; 32; 0; 158; 228; 486; 712; 0; 0; 0; 0; 0; 5; 0; 0; 0; 0; 0; 79
1949;01; 4; 0; 0; 0; 0; 0; 0; 20; 12; 19; 46; 83; 274; 386; 0; 10; 121; 949; 146; 0; 0; 0; 0; 156; 142; 602; 52; 0; 406; 125; 22
1949;02; 22; 0; 0; 160; 51; 18; 40; 217; 222; 0; 0; 0; 0; 0; 0; 160; 47; 159; 47; 12; 336; 143; 8; 0; 0; 0; 139; 0; 9999; 9999; 9999
1949;03; 2; 0; 0; 29; 0; 100; 1; 8; 194; 122; 0; 0; 0; 0; 0; 0; 0; 65; 0; 0; 0; 0; 22; 88; 13; 0; 0; 0; 84; 682; 62
1949;04; 0; 74; 42; 9; 0; 130; 190; 0; 0; 17; 0; 2; 0; 0; 0; 0; 0; 0; 0; 0; 0; 0; 45; 17; 154; 2; 0; 0; 0; 0; 9999
1949;05; 0; 0; 0; 0; 154; 1; 55; 0; 0; 0; 42; 239; 1; 0; 0; 0; 0; 0; 0; 0; 0; 0; 0; 0; 0; 0; 0; 0; 0; 0; 13
1949;06; 0; 0; 0; 0; 0; 0; 0; 0; 0; 0; 0; 44; 93; 5; 90; 100; 0; 0; 0; 0; 0; 0; 0; 0; 0; 0; 0; 0; 0; 0; 9999
1949;07; 0; 0; 0; 0; 0; 0; 0; 0; 0; 0; 0; 0; 0; 0; 0; 0; 0; 0; 0; 0; 0; 0; 0; 0; 0; 0; 0; 0; 0; 0; 0
1949;08; 0; 0; 0; 0; 0; 0; 0; 0; 0; 0; 0; 0; 0; 0; 0; 0; 0; 0; 0; 0; 0; 0; 0; 0; 0; 0; 0; 0; 0; 0; 154
1949;09; 0; 0; 0; 0; 0; 0; 0; 0; 0; 0; 0; 0; 0; 0; 0; 0; 0; 0; 0; 0; 0; 0; 0; 0; 0; 0; 0; 0; 0; 3; 9999
1949;10; 0; 0; 0; 0; 0; 0; 0; 129; 0; 0; 2; 26; 4; 0; 0; 18; 100; 106; 0; 0; 58; 0; 0; 4; 0; 44; 0; 199; 19; 0; 0
1949;11; 0; 0; 0; 0; 0; 146; 47; 0; 0; 196; 70; 0; 0; 0; 0; 0; 0; 21; 5; 104; 51; 470; 92; 0; 19; 0; 0; 0; 0; 0; 9999
1949;12; 26; 227; 351; 91; 0; 0; 0; 274; 301; 26; 0; 0; 87; 0; 325; 405; 637; 0; 0; 0; 0; 0; 166; 105; 67; 581; 14; 177; 0; 0; 0
1950;01; 0; 22; 39; 50; 140; 0; 285; 258; 0; 0; 35; 359; 3; 41; 0; 0; 13; 32; 98; 239; 31; 233; 48; 381; 465; 116; 455; 70; 302; 22; 0
1950;02; 0; 21; 9; 32; 6; 2; 31; 48; 14; 745; 105; 576; 74; 39; 0; 182; 12; 35; 169; 145; 183; 179; 96; 209; 0; 0; 0; 32; 9999; 9999; 9999
1950;03; 20; 0; 0; 0; 0; 74; 116; 0; 372; 401; 0; 0; 325; 0; 35; 74; 217; 149; 213; 155; 414; 69; 0; 0; 0; 0; 0; 61; 4; 37; 0
1950;04; 0; 2; 114; 9; 0; 7; 0; 0; 0; 0; 6; 0; 0; 243; 4; 124; 0; 29; 13; 0; 18; 1; 18; 0; 0; 0; 0; 132; 4; 4; 9999
1950;05; 0; 0; 0; 12; 0; 0; 0; 0; 0; 0; 0; 0; 0; 0; 0; 0; 0; 0; 0; 0; 0; 0; 0; 0; 0; 0; 0; 0; 0; 0; 0
1950;06; 0; 0; 0; 0; 0; 0; 0; 99; 0; 0; 0; 0; 0; 0; 0; 0; 0; 0; 0; 0; 0; 0; 0; 0; 0; 0; 0; 0; 0; 0; 9999
1950;07; 0; 69; 0; 0; 0; 0; 0; 0; 0; 0; 0; 0; 0; 0; 0; 0; 0; 0; 0; 0; 0; 0; 0; 0; 0; 0; 0; 0; 0; 0; 0
1950;08; 0; 0; 0; 0; 0; 0; 0; 0; 0; 0; 0; 0; 0; 0; 0; 0; 0; 0; 0; 0; 0; 0; 0; 0; 0; 0; 0; 0; 0; 0; 0
1950;09; 0; 0; 0; 0; 0; 0; 0; 0; 0; 0; 0; 0; 0; 0; 0; 0; 0; 0; 0; 0; 0; 0; 0; 0; 36; 26; 0; 0; 0; 0; 9999
1950;10; 0; 16; 0; 0; 11; 675; 0; 0; 53; 0; 0; 0; 100; 5; 2; 4; 6; 11; 377; 78; 52; 0; 0; 0; 309; 70; 0; 0; 0; 32; 580
1950;11; 0; 0; 0; 0; 0; 0; 0; 29; 47; 8; 94; 254; 250; 128; 0; 232; 108; 88; 20; 24; 0; 33; 17; 19; 0; 380; 101; 130; 386; 0; 9999
1950;12; 41; 58; 0; 0; 0; 41; 90; 0; 496; 36; 39; 0; 0; 182; 709; 123; 0; 0; 0; 0; 42; 0; 0; 0; 0; 0; 0; 0; 64; 92; 122
1951;01; 99; 0; 115; 14; 128; 156; 169; 148; 0; 0; 291; 136; 401; 35; 22; 117; 88; 19; 274; 255; 104; 13; 0; 0; 71; 572; 85; 52; 135; 270; 28
1951;02; 0; 0; 14; 48; 149; 10; 54; 15; 248; 0; 284; 0; 2; 2; 20; 0; 220; 162; 101; 101; 119; 66; 5; 0; 212; 0; 0; 0; 9999; 9999; 9999
1951;03; 0; 0; 0; 0; 14; 27; 219; 41; 107; 0; 0; 0; 0; 0; 216; 6; 52; 0; 0; 112; 110; 5; 0; 29; 375; 0; 0; 0; 0; 0; 0
1951;04; 0; 314; 246; 0; 0; 0; 47; 0; 0; 0; 0; 0; 0; 41; 68; 0; 0; 0; 0; 0; 0; 0; 0; 0; 0; 0; 22; 0; 0; 0; 9999
1951;05; 0; 0; 0; 0; 0; 0; 0; 0; 0; 0; 0; 0; 0; 0; 0; 0; 0; 0; 40; 0; 0; 0; 0; 0; 0; 0; 0; 0; 0; 29; 0
1951;06; 0; 0; 0; 0; 0; 0; 15; 0; 0; 0; 0; 0; 0; 0; 0; 0; 0; 0; 0; 0; 0; 0; 0; 0; 0; 0; 0; 0; 48; 0; 9999
1951;07; 0; 0; 0; 0; 0; 0; 0; 0; 0; 0; 0; 0; 0; 0; 0; 0; 0; 0; 0; 0; 0; 0; 0; 0; 0; 0; 0; 0; 0; 0; 0
1951;08; 0; 0; 0; 0; 34; 64; 0; 0; 0; 0; 0; 0; 0; 0; 0; 0; 0; 0; 0; 0; 0; 96; 13; 3; 0; 0; 0; 0; 0; 0; 0
1951;09; 0; 0; 0; 0; 0; 0; 0; 0; 0; 0; 0; 0; 0; 0; 0; 0; 3; 0; 0; 0; 0; 0; 0; 0; 0; 0; 0; 0; 0; 0; 9999
1951;10; 0; 0; 0; 0; 0; 90; 0; 0; 0; 0; 0; 0; 0; 26; 488; 136; 0; 0; 100; 27; 60; 0; 0; 0; 85; 0; 0; 0; 308; 0; 0
1951;11; 0; 76; 0; 0; 0; 1; 0; 0; 0; 0; 0; 0; 0; 0; 0; 0; 7; 0; 0; 538; 0; 14; 144; 339; 132; 160; 0; 418; 175; 5; 9999
1951;12; 10; 0; 468; 0; 0; 24; 0; 284; 59; 0; 209; 0; 0; 0; 0; 116; 0; 0; 0; 0; 0; 56; 0; 7; 0; 0; 10; 0; 0; 308; 0
1952;01; 157; 120; 0; 0; 0; 0; 0; 100; 0; 12; 0; 0; 0; 32; 296; 8; 124; 36; 198; 0; 0; 0; 72; 645; 45; 100; 0; 0; 25; 0; 0
1952;02; 3; 0; 189; 229; 6; 141; 163; 5; 0; 4; 3; 61; 26; 173; 36; 0; 0; 0; 52; 130; 148; 3; 96; 0; 261; 42; 138; 0; 0; 9999; 9999
1952;03; 60; 0; 484; 0; 3; 0; 0; 0; 56; 493; 182; 187; 11; 90; 916; 238; 50; 0; 0; 0; 0; 0; 0; 0; 3; 181; 0; 0; 0; 161; 62
1952;04; 80; 0; 0; 0; 0; 0; 0; 0; 0; 0; 84; 33; 0; 286; 0; 0; 0; 0; 0; 0; 0; 0; 0; 0; 0; 0; 0; 0; 0; 0; 9999
1952;05; 0; 0; 0; 0; 0; 0; 0; 0; 0; 0; 0; 0; 0; 0; 0; 0; 0; 0; 0; 0; 0; 0; 0; 0; 0; 0; 0; 0; 0; 0; 0
1952;06; 0; 0; 0; 0; 0; 0; 0; 0; 0; 224; 9; 20; 0; 31; 0; 0; 192; 173; 20; 0; 0; 0; 0; 0; 0; 0; 0; 0; 0; 0; 9999
1952;07; 0; 0; 0; 0; 0; 0; 0; 0; 0; 0; 0; 0; 0; 0; 0; 0; 0; 0; 0; 0; 0; 0; 0; 0; 0; 0; 0; 0; 0; 0; 0
1952;08; 0; 0; 0; 0; 0; 0; 0; 0; 0; 0; 0; 0; 0; 0; 0; 0; 0; 0; 41; 0; 0; 0; 0; 10; 0; 0; 0; 29; 0; 0; 0
1952;09; 0; 0; 0; 0; 5; 13; 6; 0; 0; 0; 0; 0; 0; 0; 0; 0; 28; 0; 29; 7; 0; 0; 0; 0; 0; 0; 0; 0; 0; 0; 9999
1952;10; 0; 0; 0; 0; 0; 0; 0; 0; 61; 0; 0; 262; 15; 170; 0; 0; 0; 639; 280; 86; 0; 99; 6; 0; 77; 7; 14; 0; 0; 0; 0
1952;11; 0; 0; 0; 0; 0; 38; 0; 104; 47; 0; 502; 0; 0; 0; 0; 0; 0; 359; 16; 308; 196; 0; 0; 0; 21; 231; 0; 42; 0; 0; 9999
1952;12; 782; 236; 0; 0; 0; 72; 0; 0; 0; 0; 36; 4; 186; 0; 0; 0; 0; 0; 0; 284; 0; 0; 0; 0; 0; 0; 429; 0; 0; 70; 15
1953;01; 0; 122; 19; 130; 0; 9; 4; 237; 0; 8; 0; 0; 0; 0; 0; 0; 0; 0; 0; 0; 0; 330; 0; 0; 9; 0; 322; 32; 339; 60; 58
1953;02; 19; 0; 279; 0; 0; 14; 0; 0; 171; 34; 31; 15; 0; 180; 457; 14; 0; 0; 0; 95; 0; 53; 63; 0; 94; 0; 23; 0; 9999; 9999; 9999
1953;03; 96; 7; 0; 0; 0; 0; 0; 0; 0; 0; 0; 0; 20; 0; 0; 132; 52; 7; 0; 138; 9; 0; 148; 314; 15; 146; 176; 49; 11; 0; 0
1953;04; 0; 0; 120; 173; 0; 0; 0; 86; 0; 0; 0; 0; 0; 0; 0; 8; 3; 0; 0; 0; 0; 3; 7; 0; 0; 0; 0; 0; 0; 0; 9999
1953;05; 0; 0; 0; 0; 0; 0; 0; 0; 0; 0; 0; 0; 0; 0; 0; 0; 0; 0; 0; 0; 0; 0; 132; 56; 0; 34; 7; 0; 0; 0; 0
1953;06; 99; 0; 0; 0; 0; 0; 0; 0; 0; 281; 0; 0; 0; 0; 0; 0; 0; 0; 0; 0; 0; 0; 0; 0; 0; 0; 0; 0; 0; 0; 9999
1953;07; 0; 0; 0; 0; 0; 0; 0; 0; 0; 195; 116; 0; 0; 0; 0; 0; 0; 0; 0; 0; 0; 0; 0; 0; 0; 0; 0; 0; 0; 0; 0
1953;08; 0; 0; 0; 0; 0; 0; 0; 0; 0; 0; 0; 0; 0; 0; 0; 0; 0; 0; 0; 0; 0; 0; 0; 56; 0; 0; 0; 0; 0; 0; 0
1953;09; 0; 0; 0; 0; 0; 0; 0; 0; 0; 130; 0; 186; 0; 0; 0; 199; 0; 0; 0; 0; 0; 0; 185; 6; 0; 0; 0; 0; 0; 0; 9999
1953;10; 0; 0; 0; 0; 4; 18; 16; 19; 0; 0; 0; 0; 0; 0; 5; 0; 595; 3; 148; 0; 0; 0; 179; 0; 0; 0; 0; 98; 0; 0; 0
1953;11; 0; 301; 197; 0; 0; 0; 156; 81; 36; 0; 0; 0; 136; 228; 184; 0; 0; 0; 0; 1; 5; 0; 0; 204; 0; 0; 0; 0; 0; 62; 9999
1953;12; 123; 92; 209; 79; 104; 14; 0; 0; 0; 0; 0; 234; 442; 80; 3; 183; 15; 154; 0; 0; 0; 0; 116; 0; 0; 0; 0; 4; 312; 92; 0
1954;01; 0; 2; 150; 369; 905; 136; 0; 282; 104; 250; 0; 0; 0; 0; 0; 13; 0; 0; 49; 0; 401; 56; 2; 0; 0; 0; 0; 39; 6; 0; 0
1954;02; 0; 52; 2; 175; 333; 204; 176; 187; 581; 0; 228; 0; 0; 0; 3; 42; 0; 13; 36; 0; 0; 0; 0; 0; 0; 0; 0; 0; 9999; 9999; 9999
1954;03; 43; 133; 0; 0; 4; 198; 0; 51; 0; 2; 35; 60; 0; 0; 0; 0; 0; 0; 0; 0; 0; 0; 0; 0; 11; 0; 6; 189; 211; 168; 202
1954;04; 0; 11; 0; 0; 0; 0; 0; 0; 0; 0; 0; 0; 0; 0; 0; 0; 0; 0; 0; 0; 0; 0; 0; 0; 0; 0; 0; 28; 0; 37; 9999
1954;05; 10; 0; 0; 0; 0; 0; 255; 0; 400; 30; 291; 0; 0; 268; 0; 7; 4; 0; 23; 0; 361; 162; 0; 0; 0; 0; 0; 0; 0; 0; 0
1954;06; 0; 0; 0; 9; 20; 429; 0; 0; 0; 0; 0; 0; 0; 0; 0; 0; 0; 0; 0; 4; 1; 0; 335; 0; 0; 0; 0; 0; 0; 0; 9999
1954;07; 0; 0; 0; 0; 0; 0; 0; 0; 0; 0; 0; 0; 0; 0; 0; 23; 0; 0; 0; 0; 0; 0; 0; 0; 0; 0; 0; 0; 0; 75; 0
1954;08; 0; 0; 0; 0; 0; 0; 0; 0; 0; 0; 0; 0; 0; 0; 0; 0; 0; 0; 0; 0; 0; 0; 0; 0; 0; 0; 0; 0; 0; 0; 0
1954;09; 0; 0; 0; 0; 0; 0; 0; 0; 0; 0; 0; 0; 6; 0; 0; 0; 0; 0; 0; 0; 0; 0; 0; 0; 0; 4; 4; 0; 8; 0; 9999
1954;10; 86; 26; 0; 0; 0; 0; 0; 0; 0; 0; 0; 0; 44; 6; 0; 0; 0; 0; 0; 5; 0; 49; 0; 0; 0; 0; 0; 200; 0; 0; 0
1954;11; 0; 0; 0; 0; 0; 0; 0; 32; 0; 0; 0; 42; 0; 241; 162; 174; 0; 0; 0; 0; 0; 0; 214; 90; 0; 0; 0; 0; 22; 13; 9999
1954;12; 192; 0; 0; 247; 6; 0; 0; 128; 0; 0; 198; 95; 526; 8; 0; 0; 0; 0; 10; 88; 0; 39; 307; 122; 0; 0; 136; 0; 38; 0; 0
1955;01; 0; 0; 182; 407; 51; 0; 0; 0; 0; 0; 34; 150; 260; 212; 63; 341; 115; 138; 0; 0; 0; 0; 277; 11; 89; 0; 0; 0; 0; 16; 0
1955;02; 600; 38; 0; 0; 0; 0; 0; 0; 0; 0; 0; 0; 176; 37; 0; 0; 0; 0; 0; 0; 3; 4; 1; 0; 204; 0; 456; 344; 9999; 9999; 9999
1955;03; 12; 130; 52; 0; 0; 0; 11; 0; 68; 440; 258; 8; 0; 0; 0; 346; 0; 0; 4; 0; 0; 0; 0; 0; 28; 0; 14; 161; 0; 77; 138
1955;04; 0; 20; 0; 0; 13; 17; 0; 0; 0; 0; 0; 0; 284; 0; 66; 84; 10; 0; 0; 0; 0; 0; 0; 0; 0; 0; 0; 0; 165; 0; 9999
1955;05; 0; 0; 0; 0; 0; 0; 0; 0; 0; 0; 0; 0; 0; 0; 0; 0; 0; 0; 0; 75; 57; 0; 0; 33; 2; 0; 0; 0; 0; 38; 81
1955;06; 39; 0; 0; 0; 0; 29; 0; 0; 116; 8; 0; 0; 0; 29; 0; 0; 0; 0; 0; 0; 0; 0; 0; 0; 0; 0; 0; 0; 0; 0; 9999
1955;07; 0; 0; 0; 0; 0; 0; 0; 0; 0; 0; 0; 0; 0; 0; 0; 0; 0; 0; 0; 0; 0; 0; 0; 0; 0; 0; 0; 0; 0; 0; 0
1955;08; 0; 0; 0; 0; 0; 0; 0; 0; 0; 0; 0; 0; 0; 0; 0; 0; 0; 0; 0; 0; 0; 0; 0; 0; 0; 0; 56; 140; 70; 30; 0
1955;09; 0; 0; 0; 0; 0; 0; 0; 0; 0; 0; 0; 0; 0; 0; 0; 0; 0; 0; 0; 0; 0; 0; 0; 0; 0; 0; 0; 0; 0; 0; 9999
1955;10; 0; 90; 2; 0; 0; 0; 47; 15; 5; 0; 0; 0; 266; 140; 14; 0; 0; 62; 0; 0; 0; 50; 0; 0; 0; 0; 0; 388; 24; 0; 308
1955;11; 0; 195; 113; 0; 0; 0; 372; 0; 92; 99; 117; 0; 0; 0; 0; 0; 0; 43; 128; 10; 0; 215; 21; 0; 0; 0; 0; 0; 0; 0; 9999
1955;12; 0; 227; 428; 354; 82; 158; 0; 5; 42; 0; 0; 0; 72; 138; 1; 5; 85; 150; 0; 0; 0; 0; 0; 123; 5; 390; 30; 99; 450; 173; 90
1956;01; 65; 388; 5; 10; 70; 0; 0; 0; 0; 40; 0; 0; 0; 0; 0; 0; 35; 94; 23; 0; 46; 15; 0; 86; 0; 0; 52; 0; 6; 0; 13
1956;02; 0; 55; 64; 0; 0; 0; 0; 0; 0; 45; 117; 25; 28; 440; 57; 0; 99; 256; 16; 150; 0; 0; 453; 438; 55; 0; 87; 210; 22; 9999; 9999
1956;03; 20; 77; 4; 0; 0; 0; 55; 301; 0; 0; 68; 0; 22; 17; 0; 0; 0; 0; 76; 0; 0; 0; 0; 0; 3; 0; 0; 0; 0; 4; 249
1956;04; 0; 0; 0; 0; 0; 0; 19; 194; 56; 50; 0; 0; 0; 0; 0; 0; 16; 1; 0; 31; 0; 0; 0; 0; 0; 214; 0; 201; 46; 0; 9999
1956;05; 0; 278; 6; 0; 29; 5; 1; 44; 58; 1; 0; 0; 0; 0; 0; 0; 0; 0; 0; 0; 38; 0; 0; 0; 0; 186; 15; 0; 1; 0; 0
1956;06; 256; 9; 28; 0; 0; 0; 0; 0; 168; 41; 21; 28; 8; 6; 0; 34; 0; 0; 0; 0; 0; 0; 0; 0; 0; 0; 0; 33; 1; 0; 9999
1956;07; 0; 0; 0; 0; 0; 0; 0; 0; 0; 0; 0; 0; 0; 0; 5; 0; 0; 0; 0; 0; 129; 0; 100; 45; 0; 0; 0; 214; 0; 0; 223
1956;08; 306; 0; 40; 134; 0; 0; 0; 135; 0; 0; 0; 0; 0; 0; 0; 0; 0; 0; 0; 0; 0; 0; 0; 0; 0; 0; 0; 0; 0; 0; 0
1956;09; 0; 0; 0; 0; 0; 0; 0; 0; 0; 145; 199; 0; 2; 181; 0; 0; 0; 0; 0; 0; 0; 0; 0; 0; 0; 0; 0; 0; 80; 0; 9999
1956;10; 0; 0; 0; 0; 0; 0; 0; 0; 0; 0; 171; 11; 0; 0; 0; 0; 0; 46; 10; 0; 0; 0; 63; 92; 0; 0; 42; 766; 12; 479; 0
1956;11; 0; 0; 0; 0; 13; 0; 0; 0; 0; 41; 36; 0; 37; 0; 0; 0; 0; 0; 0; 0; 0; 45; 0; 2; 0; 20; 0; 0; 0; 0; 9999
1956;12; 0; 0; 0; 0; 344; 150; 492; 296; 6; 0; 0; 0; 22; 294; 2; 0; 0; 0; 0; 29; 0; 0; 162; 418; 284; 56; 19; 0; 0; 0; 0
1957;01; 198; 0; 0; 0; 0; 149; 36; 0; 20; 116; 194; 31; 38; 9; 78; 282; 341; 309; 421; 46; 0; 29; 340; 0; 304; 24; 3; 66; 0; 274; 6
1957;02; 0; 27; 17; 87; 0; 331; 57; 149; 23; 20; 233; 36; 0; 0; 392; 1024; 104; 0; 0; 0; 0; 17; 0; 0; 12; 143; 333; 3; 9999; 9999; 9999
1957;03; 10; 0; 0; 0; 0; 0; 350; 0; 0; 69; 39; 116; 1; 0; 0; 0; 0; 68; 0; 4; 398; 300; 292; 0; 0; 0; 17; 0; 7; 44; 0
1957;04; 132; 100; 4; 0; 5; 45; 0; 5; 0; 237; 25; 0; 0; 0; 6; 229; 0; 0; 0; 0; 0; 0; 0; 0; 0; 0; 4; 0; 0; 136; 9999
1957;05; 202; 0; 0; 0; 0; 0; 3; 17; 38; 204; 3; 0; 0; 105; 0; 84; 0; 1; 0; 0; 0; 0; 0; 0; 0; 0; 0; 0; 0; 0; 0
1957;06; 0; 0; 0; 4; 0; 0; 0; 236; 0; 0; 0; 0; 0; 0; 0; 3; 0; 0; 0; 0; 0; 0; 0; 0; 0; 0; 0; 0; 0; 0; 9999
1957;07; 0; 0; 0; 12; 154; 60; 0; 0; 0; 0; 0; 0; 0; 0; 0; 0; 239; 293; 92; 3; 0; 0; 0; 0; 0; 0; 0; 0; 0; 0; 0
1957;08; 0; 0; 0; 0; 0; 0; 0; 0; 0; 0; 0; 0; 0; 154; 0; 84; 184; 0; 313; 0; 0; 0; 0; 0; 0; 0; 0; 0; 0; 0; 12
1957;09; 0; 0; 76; 454; 58; 0; 0; 0; 24; 0; 0; 68; 88; 6; 0; 1; 56; 0; 0; 0; 6; 30; 136; 116; 0; 0; 0; 0; 0; 0; 9999
1957;10; 0; 0; 0; 0; 0; 0; 0; 0; 0; 0; 0; 0; 0; 295; 0; 0; 18; 0; 0; 0; 0; 26; 9; 0; 9; 146; 166; 422; 17; 617; 0
1957;11; 0; 0; 0; 13; 74; 0; 0; 377; 99; 0; 0; 0; 0; 72; 1; 0; 25; 194; 57; 116; 112; 0; 0; 5; 87; 0; 0; 0; 0; 0; 9999
1957;12; 47; 292; 0; 19; 208; 2; 6; 0; 0; 0; 226; 0; 121; 140; 216; 120; 0; 7; 7; 0; 31; 176; 16; 0; 12; 13; 4; 0; 0; 0; 9
1958;01; 0; 0; 0; 0; 0; 0; 0; 0; 0; 0; 9; 58; 114; 5; 532; 3; 8; 300; 99; 14; 150; 152; 135; 97; 87; 40; 580; 152; 86; 0; 0
1958;02; 17; 0; 0; 47; 264; 27; 48; 302; 0; 0; 0; 0; 0; 19; 0; 0; 0; 27; 0; 0; 1; 0; 0; 0; 378; 202; 510; 658; 9999; 9999; 9999
1958;03; 27; 9; 22; 44; 31; 0; 0; 68; 0; 0; 0; 0; 0; 0; 5; 33; 755; 962; 11; 0; 0; 0; 3; 0; 0; 0; 0; 0; 0; 0; 247
1958;04; 262; 15; 0; 0; 0; 0; 19; 0; 0; 103; 0; 119; 77; 186; 0; 0; 0; 76; 78; 27; 0; 2; 0; 2; 0; 0; 0; 0; 0; 0; 9999
1958;05; 0; 0; 127; 42; 100; 0; 19; 0; 6; 57; 0; 0; 0; 0; 0; 0; 0; 0; 0; 0; 0; 346; 468; 48; 29; 57; 0; 106; 2; 0; 0
1958;06; 0; 0; 0; 0; 0; 0; 0; 0; 0; 0; 0; 0; 0; 42; 417; 35; 0; 37; 0; 0; 0; 0; 0; 0; 0; 0; 0; 0; 0; 0; 9999
1958;07; 0; 0; 0; 0; 0; 0; 0; 0; 0; 0; 0; 229; 0; 0; 0; 19; 0; 79; 3; 0; 0; 0; 0; 60; 0; 0; 0; 0; 0; 0; 0
1958;08; 0; 0; 0; 4; 0; 0; 0; 0; 0; 0; 0; 0; 0; 0; 0; 0; 0; 0; 0; 0; 0; 0; 0; 0; 0; 0; 0; 0; 0; 134; 0
1958;09; 0; 0; 0; 0; 0; 0; 0; 5; 0; 2; 19; 0; 238; 234; 88; 6; 0; 0; 0; 0; 0; 0; 0; 0; 128; 0; 0; 0; 0; 0; 9999
1958;10; 0; 0; 0; 0; 0; 0; 110; 0; 319; 0; 228; 212; 12; 0; 0; 0; 50; 134; 112; 0; 0; 17; 0; 0; 0; 104; 153; 226; 231; 0; 4
1958;11; 32; 45; 0; 0; 247; 0; 0; 0; 0; 0; 0; 46; 0; 5; 0; 0; 0; 11; 0; 0; 1; 0; 183; 1; 158; 2; 19; 0; 10; 0; 9999
1958;12; 11; 0; 0; 0; 0; 0; 100; 6; 0; 0; 137; 204; 0; 17; 13; 88; 95; 346; 6; 318; 7; 3; 198; 0; 0; 0; 0; 0; 0; 36; 0
1959;01; 0; 170; 0; 138; 350; 239; 32; 811; 497; 36; 0; 375; 251; 40; 84; 14; 0; 104; 831; 1; 0; 0; 66; 132; 151; 249; 0; 1; 0; 0; 4
1959;02; 76; 197; 103; 15; 66; 0; 0; 2; 0; 0; 0; 0; 8; 0; 0; 0; 196; 29; 0; 0; 0; 0; 0; 0; 511; 0; 242; 94; 9999; 9999; 9999
1959;03; 0; 114; 0; 0; 0; 88; 19; 26; 132; 24; 110; 0; 35; 9; 17; 0; 23; 0; 889; 15; 41; 348; 29; 0; 3; 274; 249; 210; 42; 11; 13
1959;04; 176; 0; 27; 0; 0; 0; 0; 0; 0; 0; 0; 0; 0; 0; 0; 0; 0; 0; 0; 0; 0; 0; 239; 0; 366; 0; 15; 0; 0; 0; 9999
1959;05; 0; 0; 0; 0; 0; 0; 0; 0; 0; 0; 0; 21; 0; 0; 0; 0; 0; 0; 98; 24; 11; 0; 0; 0; 0; 0; 0; 0; 0; 330; 2
1959;06; 0; 0; 0; 0; 0; 98; 0; 0; 0; 0; 0; 0; 0; 0; 0; 0; 0; 0; 0; 0; 0; 0; 0; 0; 0; 0; 0; 0; 0; 0; 9999
1959;07; 0; 0; 0; 0; 0; 0; 0; 0; 0; 0; 0; 0; 0; 0; 0; 0; 0; 0; 0; 0; 0; 0; 0; 0; 0; 0; 0; 0; 0; 0; 0
1959;08; 110; 0; 16; 0; 0; 0; 2; 49; 120; 0; 0; 42; 28; 0; 60; 2; 0; 0; 0; 0; 0; 0; 0; 0; 0; 0; 0; 0; 0; 0; 0
1959;09; 0; 0; 0; 0; 0; 0; 0; 0; 0; 0; 0; 0; 10; 0; 0; 51; 0; 0; 0; 0; 0; 0; 0; 0; 0; 21; 0; 0; 0; 0; 9999
1959;10; 0; 0; 0; 0; 0; 0; 6; 0; 0; 0; 0; 138; 283; 13; 0; 0; 0; 0; 0; 0; 33; 4; 0; 0; 0; 0; 0; 0; 40; 0; 42
1959;11; 172; 0; 0; 0; 0; 80; 49; 156; 37; 314; 62; 0; 196; 0; 0; 0; 0; 0; 35; 10; 34; 3; 0; 10; 691; 24; 120; 0; 0; 0; 9999
1959;12; 0; 0; 46; 260; 30; 7; 75; 142; 160; 133; 154; 18; 99; 0; 0; 0; 0; 12; 20; 0; 0; 78; 0; 72; 25; 3; 0; 17; 72; 0; 27
1960;01; 211; 0; 0; 0; 0; 3; 109; 201; 348; 128; 29; 69; 35; 0; 159; 448; 82; 157; 638; 239; 248; 188; 163; 638; 4; 56; 0; 0; 0; 0; 118
1960;02; 0; 82; 678; 62; 55; 0; 0; 205; 0; 0; 100; 0; 0; 0; 3; 0; 0; 2; 60; 30; 316; 196; 90; 26; 60; 219; 0; 136; 460; 9999; 9999
1960;03; 12; 48; 4; 0; 0; 0; 0; 0; 0; 0; 0; 286; 0; 2; 432; 0; 0; 0; 0; 0; 3; 654; 202; 148; 33; 0; 0; 0; 0; 6; 98
1960;04; 11; 33; 0; 0; 2; 104; 0; 59; 199; 19; 0; 0; 0; 0; 0; 0; 0; 0; 0; 104; 0; 0; 0; 0; 0; 0; 0; 0; 20; 0; 9999
1960;05; 495; 4; 0; 0; 0; 0; 0; 0; 0; 38; 0; 0; 0; 0; 63; 247; 0; 1; 0; 0; 30; 0; 0; 0; 0; 0; 0; 0; 0; 0; 0
1960;06; 0; 0; 0; 0; 0; 0; 0; 0; 0; 0; 0; 2; 54; 0; 181; 0; 0; 0; 0; 0; 0; 0; 0; 170; 0; 0; 252; 9; 0; 0; 9999
1960;07; 0; 0; 0; 0; 0; 0; 0; 0; 0; 0; 0; 0; 0; 0; 0; 0; 0; 0; 0; 0; 0; 0; 0; 0; 0; 0; 0; 0; 0; 0; 0
1960;08; 0; 0; 0; 0; 0; 0; 0; 0; 0; 0; 0; 0; 0; 0; 0; 167; 35; 0; 0; 0; 0; 0; 0; 0; 0; 0; 0; 0; 0; 0; 0
1960;09; 17; 0; 0; 0; 0; 0; 0; 0; 0; 0; 0; 0; 0; 0; 0; 0; 0; 0; 0; 0; 0; 0; 0; 0; 0; 0; 0; 0; 0; 386; 9999
1960;10; 386; 0; 0; 298; 0; 0; 1; 26; 0; 0; 0; 0; 0; 0; 0; 0; 228; 0; 0; 394; 141; 0; 120; 13; 345; 1; 121; 0; 0; 0; 7
1960;11; 76; 0; 0; 0; 134; 0; 0; 386; 0; 7; 47; 148; 0; 3; 0; 34; 0; 8; 0; 214; 110; 37; 0; 0; 3; 654; 12; 0; 46; 50; 9999
1960;12; 0; 33; 58; 0; 0; 0; 175; 0; 0; 0; 0; 0; 60; 0; 123; 474; 506; 374; 327; 740; 484; 498; 66; 19; 0; 202; 0; 9; 106; 23; 36
1961;01; 66; 222; 72; 1; 110; 59; 181; 263; 351; 306; 0; 4; 98; 15; 0; 27; 0; 10; 320; 52; 0; 106; 17; 0; 82; 60; 0; 20; 17; 23; 0
1961;02; 107; 0; 98; 0; 184; 336; 0; 314; 0; 25; 100; 351; 780; 634; 8; 0; 384; 4; 100; 649; 1; 27; 134; 262; 38; 0; 0; 0; 9999; 9999; 9999
1961;03; 0; 0; 0; 0; 0; 262; 406; 33; 400; 25; 11; 26; 91; 0; 339; 200; 0; 51; 186; 668; 23; 7; 0; 0; 0; 0; 3; 0; 0; 0; 0
1961;04; 0; 0; 0; 9; 438; 99; 0; 0; 0; 0; 0; 0; 0; 0; 0; 0; 0; 0; 0; 0; 10; 1; 75; 0; 0; 361; 17; 0; 0; 0; 9999
1961;05; 0; 0; 0; 300; 339; 1; 0; 0; 14; 0; 0; 0; 0; 0; 0; 0; 0; 0; 0; 0; 0; 0; 0; 3; 0; 0; 0; 0; 0; 0; 0
1961;06; 0; 0; 0; 0; 0; 0; 0; 0; 0; 0; 14; 0; 0; 0; 0; 0; 0; 0; 0; 0; 0; 0; 0; 0; 0; 0; 0; 0; 0; 0; 9999
1961;07; 0; 0; 0; 0; 0; 0; 0; 0; 0; 0; 0; 0; 0; 0; 0; 0; 0; 0; 0; 0; 0; 0; 0; 0; 0; 0; 0; 0; 0; 0; 0
1961;08; 0; 0; 0; 0; 0; 0; 0; 0; 0; 0; 0; 0; 0; 0; 0; 0; 0; 0; 0; 0; 0; 0; 0; 0; 0; 10; 37; 0; 0; 0; 5
1961;09; 0; 0; 0; 0; 0; 0; 0; 0; 0; 0; 0; 0; 0; 0; 0; 0; 0; 0; 0; 0; 0; 0; 0; 0; 0; 0; 0; 0; 3; 0; 9999
1961;10; 0; 0; 150; 9; 0; 0; 0; 0; 0; 0; 2; 26; 0; 0; 202; 31; 118; 0; 0; 11; 0; 0; 0; 0; 0; 43; 1; 26; 91; 29; 3
1961;11; 0; 0; 3; 660; 229; 0; 43; 0; 0; 0; 265; 180; 212; 65; 62; 0; 0; 0; 0; 0; 0; 0; 42; 182; 0; 0; 0; 0; 56; 0; 9999
1961;12; 0; 2; 36; 112; 0; 0; 24; 0; 52; 0; 0; 0; 62; 70; 130; 42; 58; 314; 11; 3; 121; 116; 0; 48; 0; 532; 171; 26; 245; 266; 0
1962;01; 0; 0; 0; 278; 0; 0; 0; 669; 88; 591; 122; 0; 0; 0; 0; 166; 28; 149; 115; 7; 351; 173; 0; 18; 0; 96; 66; 0; 0; 0; 0
1962;02; 0; 0; 45; 543; 682; 199; 24; 0; 27; 0; 342; 24; 0; 0; 0; 0; 0; 0; 32; 0; 101; 5; 0; 225; 129; 0; 0; 0; 9999; 9999; 9999
1962;03; 0; 256; 49; 25; 0; 172; 6; 0; 0; 10; 146; 298; 387; 79; 897; 5; 12; 124; 74; 10; 37; 0; 0; 0; 149; 0; 0; 0; 0; 0; 0
1962;04; 18; 0; 0; 0; 0; 0; 0; 0; 0; 0; 0; 0; 0; 0; 0; 0; 0; 0; 38; 0; 0; 0; 0; 0; 0; 2; 0; 0; 25; 44; 9999
1962;05; 0; 0; 252; 0; 0; 0; 0; 0; 0; 0; 0; 0; 0; 0; 0; 0; 0; 0; 0; 0; 0; 0; 0; 0; 0; 0; 0; 0; 26; 35; 0
1962;06; 0; 0; 86; 88; 42; 173; 72; 15; 57; 13; 1; 0; 0; 0; 0; 0; 0; 0; 0; 0; 0; 0; 0; 0; 0; 0; 0; 0; 0; 0; 9999
1962;07; 0; 0; 0; 0; 0; 0; 0; 0; 0; 0; 36; 0; 0; 0; 0; 0; 0; 0; 14; 51; 0; 0; 0; 0; 11; 0; 0; 0; 0; 0; 0
1962;08; 0; 0; 0; 0; 0; 0; 0; 0; 0; 0; 0; 0; 0; 0; 0; 10; 0; 0; 0; 0; 0; 0; 327; 18; 2; 0; 0; 0; 0; 0; 13
1962;09; 0; 0; 2; 0; 148; 0; 17; 0; 8; 0; 0; 0; 0; 0; 0; 0; 0; 0; 0; 0; 0; 0; 111; 0; 0; 0; 0; 0; 108; 0; 9999
1962;10; 128; 276; 105; 33; 5; 0; 0; 0; 401; 108; 97; 73; 0; 0; 0; 0; 10; 159; 184; 4; 0; 0; 0; 0; 12; 0; 0; 45; 189; 136; 0
1962;11; 0; 0; 0; 0; 0; 0; 106; 29; 0; 0; 0; 0; 0; 0; 0; 0; 0; 11; 23; 93; 61; 29; 0; 0; 0; 0; 0; 0; 6; 169; 9999
1962;12; 0; 52; 41; 220; 63; 92; 0; 0; 0; 0; 114; 544; 360; 5; 5; 3; 49; 32; 103; 192; 0; 0; 50; 130; 0; 22; 134; 194; 261; 468; 296
1963;01; 331; 300; 531; 0; 0; 0; 0; 401; 180; 0; 168; 6; 111; 74; 0; 736; 0; 28; 0; 19; 0; 0; 640; 172; 2; 442; 42; 26; 0; 48; 0
1963;02; 382; 13; 11; 0; 4; 110; 264; 646; 0; 0; 0; 0; 0; 22; 0; 208; 0; 0; 29; 149; 0; 648; 50; 18; 17; 0; 0; 0; 9999; 9999; 9999
1963;03; 0; 0; 0; 246; 0; 0; 0; 4; 0; 0; 0; 0; 0; 0; 0; 0; 0; 0; 0; 228; 0; 0; 0; 0; 4; 161; 0; 0; 0; 0; 0
1963;04; 0; 0; 0; 0; 0; 0; 0; 73; 0; 0; 0; 0; 0; 0; 0; 146; 0; 0; 0; 0; 0; 0; 0; 0; 0; 0; 0; 0; 0; 0; 9999
1963;05; 0; 0; 0; 0; 0; 0; 0; 0; 0; 0; 0; 0; 0; 0; 0; 0; 0; 0; 0; 0; 0; 0; 0; 0; 0; 0; 0; 0; 0; 0; 0
1963;06; 0; 0; 0; 0; 0; 0; 0; 0; 0; 0; 0; 0; 0; 0; 0; 0; 0; 0; 0; 0; 0; 0; 0; 0; 0; 0; 0; 0; 0; 0; 9999
1963;07; 0; 0; 0; 0; 0; 0; 0; 0; 0; 0; 0; 0; 0; 0; 0; 0; 0; 0; 0; 0; 0; 0; 0; 0; 0; 0; 0; 0; 0; 0; 0
1963;08; 0; 0; 0; 0; 0; 0; 0; 0; 0; 0; 0; 0; 0; 0; 0; 0; 10; 126; 0; 0; 0; 0; 0; 0; 0; 0; 0; 0; 0; 0; 0
1963;09; 0; 0; 0; 0; 0; 0; 0; 0; 0; 0; 0; 0; 0; 0; 0; 0; 0; 0; 0; 0; 0; 8; 0; 0; 0; 0; 0; 0; 0; 0; 9999
1963;10; 0; 0; 0; 0; 0; 0; 14; 0; 0; 0; 9; 0; 0; 179; 0; 46; 0; 9; 89; 0; 78; 171; 86; 0; 0; 42; 0; 210; 0; 0; 0
1963;11; 0; 277; 0; 0; 0; 0; 0; 70; 244; 0; 0; 0; 0; 412; 0; 310; 0; 248; 35; 49; 12; 0; 0; 58; 0; 0; 5; 0; 0; 0; 9999
1963;12; 21; 0; 5; 165; 0; 0; 0; 0; 0; 0; 23; 0; 0; 0; 0; 0; 0; 0; 66; 288; 2; 0; 0; 0; 0; 0; 0; 0; 7; 27; 22
1964;01; 53; 303; 0; 15; 0; 0; 0; 50; 53; 8; 0; 0; 0; 0; 0; 13; 0; 286; 0; 226; 0; 8; 0; 294; 447; 239; 114; 0; 0; 14; 0
1964;02; 246; 0; 402; 0; 0; 0; 0; 388; 0; 9; 187; 28; 424; 296; 89; 145; 18; 71; 174; 103; 174; 0; 26; 28; 0; 74; 0; 0; 0; 9999; 9999
1964;03; 38; 30; 0; 0; 0; 0; 0; 16; 0; 0; 0; 0; 0; 0; 0; 336; 0; 0; 0; 0; 0; 0; 0; 0; 0; 0; 0; 0; 83; 73; 0
1964;04; 0; 133; 26; 0; 0; 0; 0; 0; 0; 0; 0; 0; 12; 0; 0; 0; 0; 0; 0; 0; 0; 0; 0; 0; 0; 0; 0; 0; 0; 0; 9999
1964;05; 171; 6; 0; 0; 163; 408; 0; 0; 0; 0; 0; 0; 0; 114; 0; 0; 0; 0; 0; 0; 173; 0; 0; 0; 0; 0; 0; 0; 0; 0; 0
1964;06; 0; 0; 0; 0; 0; 0; 0; 0; 0; 0; 0; 0; 0; 188; 55; 0; 3; 0; 0; 0; 0; 0; 0; 0; 0; 17; 0; 7; 0; 0; 9999
1964;07; 0; 167; 11; 69; 0; 0; 0; 0; 0; 0; 0; 0; 0; 0; 0; 0; 44; 0; 0; 6; 0; 0; 0; 0; 137; 38; 0; 0; 0; 0; 0
1964;08; 0; 0; 0; 0; 0; 0; 0; 0; 0; 0; 0; 20; 43; 0; 0; 0; 0; 0; 0; 0; 33; 0; 0; 0; 0; 0; 0; 0; 0; 0; 0
1964;09; 0; 0; 0; 0; 0; 0; 0; 0; 0; 0; 0; 0; 0; 0; 0; 0; 0; 0; 0; 0; 0; 0; 0; 25; 549; 0; 45; 100; 159; 0; 9999
1964;10; 100; 0; 138; 439; 0; 44; 169; 21; 0; 0; 0; 0; 0; 0; 0; 0; 0; 0; 0; 98; 56; 42; 0; 0; 0; 2; 212; 0; 0; 200; 7
1964;11; 0; 0; 0; 0; 0; 300; 0; 0; 0; 0; 0; 0; 0; 0; 98; 182; 0; 26; 240; 0; 238; 19; 0; 0; 0; 0; 0; 0; 0; 6; 9999
1964;12; 768; 230; 69; 53; 0; 0; 0; 0; 0; 0; 386; 0; 327; 89; 0; 152; 196; 350; 58; 0; 31; 103; 286; 76; 37; 213; 0; 208; 216; 56; 0
1965;01; 0; 63; 110; 74; 371; 0; 0; 0; 125; 0; 104; 0; 0; 0; 43; 18; 61; 476; 0; 340; 0; 0; 0; 392; 114; 0; 0; 59; 356; 355; 35
1965;02; 325; 128; 16; 138; 196; 73; 0; 0; 0; 0; 12; 142; 14; 129; 213; 6; 0; 15; 601; 2; 185; 304; 352; 455; 0; 0; 331; 239; 9999; 9999; 9999
1965;03; 0; 0; 9; 0; 2; 0; 4; 51; 241; 372; 0; 0; 0; 0; 51; 29; 11; 7; 0; 4; 0; 0; 49; 2; 2; 736; 0; 0; 0; 0; 0
1965;04; 0; 0; 0; 0; 0; 0; 0; 0; 0; 180; 0; 0; 0; 0; 0; 0; 0; 0; 0; 10; 0; 0; 0; 0; 0; 0; 0; 0; 199; 43; 9999
1965;05; 0; 0; 0; 0; 0; 0; 0; 0; 0; 0; 0; 8; 12; 0; 120; 0; 0; 0; 424; 0; 0; 0; 0; 0; 0; 0; 0; 0; 0; 0; 0
1965;06; 0; 0; 0; 0; 0; 0; 0; 0; 0; 0; 0; 0; 0; 0; 0; 0; 136; 0; 0; 0; 0; 0; 0; 92; 13; 0; 0; 0; 0; 0; 9999
1965;07; 0; 0; 0; 3; 296; 5; 44; 8; 9; 93; 34; 0; 0; 0; 0; 6; 0; 0; 0; 0; 0; 0; 0; 0; 0; 0; 0; 0; 0; 0; 157
1965;08; 32; 0; 0; 0; 0; 0; 0; 0; 0; 0; 0; 0; 0; 0; 0; 6; 0; 0; 0; 0; 0; 0; 0; 0; 0; 0; 0; 0; 0; 0; 0
1965;09; 0; 0; 0; 0; 0; 0; 0; 0; 0; 0; 0; 0; 0; 0; 0; 0; 0; 0; 0; 0; 0; 0; 0; 234; 0; 4; 17; 392; 3; 104; 9999
1965;10; 443; 460; 0; 0; 0; 0; 0; 0; 145; 0; 22; 0; 0; 0; 58; 0; 0; 0; 126; 84; 0; 50; 64; 0; 0; 22; 0; 3; 196; 30; 0
1965;11; 0; 0; 0; 0; 0; 0; 0; 49; 101; 21; 0; 0; 9; 28; 41; 0; 7; 0; 0; 0; 189; 0; 0; 0; 0; 0; 188; 0; 113; 33; 9999
1965;12; 11; 0; 144; 141; 42; 0; 416; 376; 275; 108; 62; 19; 7; 0; 80; 0; 16; 25; 48; 0; 0; 112; 0; 270; 23; 160; 105; 0; 124; 182; 104
1966;01; 131; 160; 27; 211; 197; 98; 0; 80; 285; 35; 40; 60; 120; 0; 162; 0; 35; 0; 5; 0; 0; 0; 0; 0; 0; 59; 0; 112; 11; 8; 216
1966;02; 180; 277; 0; 0; 12; 100; 19; 0; 0; 0; 44; 30; 0; 26; 0; 0; 0; 0; 0; 0; 0; 127; 0; 196; 0; 0; 0; 0; 9999; 9999; 9999
1966;03; 24; 153; 5; 0; 60; 202; 444; 114; 84; 5; 0; 0; 347; 0; 20; 0; 0; 0; 0; 0; 0; 120; 0; 0; 0; 20; 13; 17; 0; 0; 0
1966;04; 0; 0; 0; 0; 0; 0; 0; 0; 0; 0; 0; 0; 0; 0; 0; 0; 0; 0; 0; 0; 0; 0; 0; 0; 73; 33; 1; 0; 0; 0; 9999
1966;05; 0; 0; 0; 0; 0; 349; 19; 0; 0; 0; 0; 37; 15; 0; 0; 0; 0; 0; 0; 0; 6; 1; 201; 8; 0; 0; 0; 0; 0; 0; 0
1966;06; 0; 0; 0; 0; 0; 0; 0; 0; 0; 0; 0; 0; 0; 0; 0; 0; 0; 0; 0; 0; 0; 0; 0; 0; 0; 0; 0; 0; 0; 0; 9999
1966;07; 0; 0; 0; 0; 0; 0; 0; 18; 0; 0; 0; 0; 0; 0; 0; 4; 0; 0; 0; 0; 0; 0; 0; 0; 0; 0; 0; 0; 0; 0; 0
1966;08; 124; 6; 0; 0; 0; 0; 0; 0; 0; 0; 0; 0; 0; 0; 0; 0; 0; 0; 0; 0; 0; 0; 0; 0; 0; 0; 0; 0; 0; 0; 0
1966;09; 57; 7; 62; 0; 0; 0; 0; 0; 0; 0; 0; 0; 0; 0; 0; 0; 0; 0; 0; 10; 29; 0; 0; 0; 0; 0; 0; 0; 187; 0; 9999
1966;10; 0; 0; 0; 0; 0; 0; 68; 134; 18; 0; 0; 7; 10; 9; 0; 0; 9; 0; 71; 0; 0; 0; 256; 0; 0; 0; 19; 136; 53; 47; 95
1966;11; 76; 256; 0; 0; 0; 0; 49; 0; 0; 7; 170; 0; 55; 144; 0; 512; 82; 369; 0; 0; 0; 0; 29; 0; 0; 0; 0; 0; 0; 0; 9999
1966;12; 0; 0; 46; 0; 0; 70; 0; 21; 0; 0; 70; 0; 160; 0; 17; 385; 35; 150; 10; 22; 189; 916; 492; 0; 0; 0; 98; 202; 0; 0; 0
1967;01; 0; 0; 95; 0; 51; 110; 0; 0; 67; 417; 676; 168; 68; 51; 170; 192; 274; 66; 68; 0; 360; 376; 0; 42; 44; 34; 12; 61; 0; 0; 55
1967;02; 10; 494; 70; 475; 82; 310; 4; 47; 86; 274; 0; 34; 41; 0; 132; 13; 0; 52; 151; 21; 0; 223; 88; 0; 0; 3; 0; 0; 9999; 9999; 9999
1967;03; 221; 0; 34; 0; 0; 2; 188; 78; 0; 126; 0; 24; 60; 15; 18; 0; 0; 18; 0; 250; 0; 0; 0; 142; 36; 0; 0; 0; 9; 4; 0
1967;04; 0; 10; 0; 0; 0; 0; 0; 0; 0; 0; 0; 0; 3; 0; 0; 0; 0; 0; 0; 0; 55; 6; 0; 0; 0; 0; 0; 453; 0; 0; 9999
1967;05; 0; 6; 99; 0; 0; 0; 0; 0; 0; 0; 0; 0; 0; 0; 0; 0; 0; 0; 0; 0; 0; 0; 0; 0; 0; 0; 0; 0; 0; 0; 0
1967;06; 0; 0; 6; 0; 0; 0; 271; 149; 0; 0; 0; 72; 104; 0; 0; 0; 0; 0; 0; 0; 0; 0; 0; 0; 0; 0; 0; 0; 0; 0; 9999
1967;07; 0; 0; 0; 0; 0; 0; 0; 0; 0; 0; 0; 0; 0; 0; 0; 0; 0; 0; 0; 0; 0; 0; 21; 0; 0; 0; 0; 0; 0; 0; 0
1967;08; 0; 0; 0; 0; 0; 0; 0; 0; 0; 0; 0; 0; 0; 0; 0; 0; 0; 0; 0; 0; 0; 0; 0; 0; 0; 0; 0; 0; 0; 0; 0
1967;09; 0; 0; 0; 0; 0; 0; 0; 10; 0; 173; 0; 355; 250; 160; 0; 0; 0; 0; 0; 0; 0; 0; 0; 0; 0; 0; 0; 0; 0; 0; 9999
1967;10; 0; 96; 0; 0; 0; 0; 0; 0; 0; 0; 23; 0; 122; 55; 0; 0; 23; 0; 0; 22; 25; 0; 0; 66; 256; 352; 155; 220; 0; 0; 0
1967;11; 0; 0; 51; 34; 0; 0; 0; 0; 0; 0; 0; 0; 28; 0; 56; 15; 720; 61; 0; 0; 0; 0; 385; 312; 60; 320; 26; 498; 33; 0; 9999
1967;12; 0; 0; 28; 218; 0; 0; 10; 5; 392; 87; 96; 0; 0; 0; 42; 24; 710; 0; 307; 0; 63; 48; 24; 0; 0; 18; 375; 136; 63; 210; 121
1968;01; 0; 0; 0; 251; 0; 0; 0; 0; 0; 37; 471; 143; 254; 285; 43; 31; 59; 160; 109; 33; 168; 3; 0; 437; 0; 0; 0; 0; 0; 0; 0
1968;02; 0; 0; 0; 0; 0; 0; 4; 0; 0; 0; 44; 85; 0; 0; 22; 146; 224; 0; 0; 0; 0; 52; 0; 177; 78; 0; 0; 0; 12; 9999; 9999
1968;03; 0; 0; 0; 42; 0; 0; 0; 69; 61; 123; 0; 44; 75; 215; 154; 60; 318; 0; 0; 0; 0; 0; 0; 0; 0; 0; 0; 0; 0; 35; 0
1968;04; 9; 0; 0; 0; 0; 0; 0; 0; 0; 0; 0; 0; 0; 0; 0; 0; 0; 0; 0; 380; 0; 0; 0; 0; 0; 0; 0; 0; 0; 0; 9999
1968;05; 0; 0; 0; 0; 0; 0; 0; 0; 0; 8; 0; 0; 0; 0; 0; 66; 0; 0; 0; 0; 0; 0; 0; 0; 0; 0; 0; 0; 0; 0; 0
1968;06; 0; 0; 0; 0; 0; 0; 0; 17; 0; 0; 0; 0; 0; 0; 0; 0; 0; 0; 0; 0; 30; 0; 0; 0; 14; 0; 0; 0; 0; 0; 9999
1968;07; 0; 0; 0; 0; 0; 0; 0; 0; 0; 8; 0; 0; 0; 0; 0; 0; 0; 0; 0; 0; 0; 24; 0; 0; 0; 0; 0; 0; 0; 0; 0
1968;08; 0; 0; 0; 0; 40; 31; 0; 85; 132; 76; 0; 0; 0; 0; 0; 0; 0; 0; 0; 0; 0; 0; 0; 0; 0; 0; 0; 0; 0; 0; 86
1968;09; 0; 0; 5; 151; 0; 0; 0; 0; 0; 0; 0; 0; 0; 0; 0; 0; 0; 0; 0; 0; 87; 0; 0; 0; 0; 0; 0; 0; 0; 0; 9999
1968;10; 13; 0; 0; 0; 0; 0; 0; 0; 0; 0; 0; 0; 0; 0; 0; 0; 490; 136; 96; 0; 0; 96; 0; 0; 186; 0; 0; 0; 0; 0; 0
1968;11; 183; 0; 0; 0; 0; 0; 0; 0; 0; 0; 92; 0; 0; 0; 0; 0; 47; 107; 0; 0; 0; 0; 0; 0; 0; 0; 23; 189; 146; 213; 9999
1968;12; 64; 238; 119; 108; 9; 0; 94; 28; 4; 71; 0; 0; 0; 0; 0; 0; 132; 0; 46; 6; 0; 0; 0; 0; 0; 0; 45; 147; 12; 0; 0
1969;01; 0; 0; 82; 230; 0; 0; 0; 0; 0; 14; 0; 3; 0; 0; 0; 50; 0; 192; 170; 0; 0; 197; 53; 207; 25; 0; 0; 0; 348; 0; 0
1969;02; 0; 45; 0; 0; 0; 62; 0; 102; 6; 486; 0; 0; 0; 28; 29; 54; 68; 0; 237; 680; 27; 0; 32; 12; 3; 0; 0; 0; 9999; 9999; 9999
1969;03; 38; 6; 230; 200; 166; 19; 0; 0; 11; 29; 0; 21; 0; 0; 0; 0; 0; 0; 0; 0; 0; 392; 0; 0; 0; 0; 72; 68; 80; 0; 0
1969;04; 0; 0; 252; 0; 0; 166; 0; 0; 80; 0; 0; 6; 19; 81; 0; 0; 0; 0; 0; 0; 0; 0; 17; 0; 0; 0; 0; 0; 33; 0; 9999
1969;05; 0; 0; 0; 0; 0; 0; 0; 0; 0; 0; 0; 0; 0; 0; 0; 0; 0; 0; 0; 0; 0; 0; 0; 0; 5; 0; 0; 0; 0; 69; 148
1969;06; 0; 14; 116; 0; 0; 0; 0; 0; 0; 0; 0; 0; 0; 0; 0; 0; 0; 0; 0; 0; 0; 12; 0; 0; 0; 0; 0; 0; 0; 0; 9999
1969;07; 0; 0; 0; 0; 0; 0; 0; 0; 0; 0; 0; 0; 32; 8; 0; 0; 0; 0; 0; 0; 0; 0; 0; 0; 0; 0; 0; 0; 0; 0; 0
1969;08; 0; 0; 195; 0; 0; 0; 39; 0; 0; 0; 0; 0; 0; 0; 0; 35; 0; 0; 0; 0; 0; 0; 0; 0; 0; 0; 0; 0; 0; 0; 0
1969;09; 0; 0; 0; 0; 0; 0; 0; 0; 0; 0; 0; 0; 0; 0; 0; 0; 0; 0; 0; 5; 111; 0; 0; 0; 0; 0; 0; 0; 0; 335; 9999
1969;10; 180; 0; 16; 453; 20; 0; 37; 0; 0; 29; 0; 0; 0; 0; 0; 0; 0; 7; 0; 696; 0; 0; 149; 0; 0; 0; 0; 9; 0; 0; 155
1969;11; 0; 0; 130; 105; 0; 42; 346; 27; 7; 9; 30; 0; 249; 571; 145; 75; 25; 15; 374; 74; 10; 14; 0; 0; 0; 0; 0; 0; 112; 130; 9999
1969;12; 46; 17; 0; 0; 275; 0; 340; 30; 0; 0; 0; 119; 182; 714; 8; 0; 0; 0; 0; 0; 0; 0; 480; 215; 319; 0; 0; 0; 0; 1; 100
1970;01; 682; 68; 2; 80; 3; 0; 0; 188; 1029; 142; 0; 0; 0; 0; 0; 410; 478; 417; 558; 142; 110; 209; 0; 0; 95; 9; 6; 26; 0; 0; 387
1970;02; 187; 82; 0; 7; 0; 0; 103; 0; 0; 364; 264; 126; 75; 80; 330; 350; 125; 220; 95; 65; 132; 773; 550; 83; 0; 0; 0; 118; 9999; 9999; 9999
1970;03; 0; 32; 17; 0; 0; 0; 0; 0; 0; 144; 0; 0; 360; 13; 58; 14; 0; 17; 0; 0; 0; 0; 0; 0; 0; 0; 12; 26; 0; 0; 0
1970;04; 7; 82; 0; 91; 0; 46; 0; 0; 0; 0; 0; 0; 0; 0; 0; 0; 0; 0; 0; 0; 0; 0; 0; 0; 0; 0; 0; 0; 0; 11; 9999
1970;05; 0; 0; 85; 0; 0; 0; 0; 89; 103; 0; 0; 0; 0; 0; 0; 0; 0; 0; 0; 0; 242; 0; 0; 0; 0; 0; 0; 0; 0; 0; 0
1970;06; 0; 0; 0; 0; 0; 0; 0; 0; 0; 0; 0; 0; 0; 0; 0; 0; 0; 0; 0; 0; 0; 0; 22; 282; 5; 0; 9; 0; 0; 0; 9999
1970;07; 0; 3; 0; 0; 0; 0; 0; 0; 0; 0; 0; 19; 24; 8; 0; 0; 0; 0; 0; 0; 0; 0; 0; 63; 0; 80; 9; 0; 0; 0; 0
1970;08; 0; 0; 0; 0; 0; 0; 0; 0; 0; 0; 0; 0; 0; 0; 0; 0; 0; 0; 0; 0; 0; 0; 0; 0; 0; 100; 424; 28; 107; 0; 164
1970;09; 0; 0; 0; 0; 0; 0; 92; 0; 0; 124; 0; 0; 106; 24; 0; 23; 152; 0; 0; 0; 0; 16; 0; 0; 0; 188; 0; 0; 134; 41; 9999
1970;10; 0; 114; 152; 388; 19; 0; 0; 0; 4; 0; 0; 0; 220; 0; 0; 0; 7; 0; 0; 0; 0; 164; 62; 5; 0; 0; 0; 0; 0; 282; 0
1970;11; 0; 0; 466; 0; 0; 0; 0; 163; 226; 0; 0; 29; 0; 122; 22; 0; 0; 0; 0; 0; 0; 181; 0; 0; 0; 0; 0; 6; 34; 109; 9999
1970;12; 175; 0; 0; 0; 0; 0; 0; 0; 0; 245; 8; 0; 88; 216; 0; 0; 172; 3; 2; 443; 314; 0; 0; 0; 6; 2; 0; 0; 0; 65; 108
1971;01; 3; 0; 40; 32; 0; 0; 0; 0; 0; 0; 0; 0; 0; 0; 70; 0; 0; 34; 0; 0; 0; 62; 8; 30; 0; 6; 0; 0; 2; 0; 0
1971;02; 0; 0; 0; 0; 0; 332; 222; 20; 4; 19; 106; 0; 4; 0; 0; 4; 0; 0; 0; 798; 40; 20; 0; 0; 12; 590; 12; 2; 9999; 9999; 9999
1971;03; 3; 0; 0; 0; 0; 120; 58; 0; 52; 30; 132; 332; 84; 24; 0; 0; 0; 0; 0; 0; 270; 78; 0; 174; 175; 158; 0; 80; 48; 9999; 9999
1971;04; 0; 0; 0; 0; 0; 0; 0; 20; 474; 67; 0; 0; 88; 5; 0; 0; 34; 0; 0; 0; 100; 194; 62; 120; 0; 0; 0; 0; 0; 0; 9999
1971;05; 0; 0; 138; 0; 156; 10; 4; 0; 97; 0; 0; 0; 0; 0; 0; 0; 0; 0; 0; 0; 0; 0; 0; 0; 52; 0; 14; 0; 0; 0; 0
1971;06; 0; 0; 0; 0; 0; 0; 0; 0; 7; 0; 0; 222; 202; 58; 0; 224; 3; 42; 208; 66; 0; 0; 0; 0; 0; 0; 0; 0; 0; 0; 9999
1971;07; 0; 0; 0; 0; 0; 0; 0; 0; 0; 0; 0; 0; 0; 0; 0; 0; 0; 0; 0; 0; 0; 0; 0; 0; 0; 0; 0; 0; 0; 0; 0
1971;08; 0; 0; 0; 0; 0; 0; 0; 0; 0; 0; 0; 0; 0; 0; 0; 0; 0; 0; 0; 0; 0; 0; 0; 0; 0; 0; 13; 0; 0; 0; 0
1971;09; 0; 0; 0; 0; 0; 0; 29; 0; 72; 0; 0; 60; 0; 0; 0; 0; 0; 0; 0; 0; 0; 0; 0; 72; 183; 3; 8; 3; 0; 0; 9999
1971;10; 310; 0; 81; 13; 16; 0; 318; 172; 0; 0; 106; 234; 1; 0; 0; 32; 348; 2; 0; 0; 0; 0; 0; 0; 58; 98; 0; 0; 98; 0; 0
1971;11; 0; 402; 18; 68; 0; 0; 0; 0; 0; 0; 0; 0; 0; 3; 0; 0; 0; 0; 186; 0; 0; 0; 14; 0; 74; 62; 6; 0; 52; 686; 9999
1971;12; 686; 0; 14; 320; 16; 0; 0; 94; 158; 176; 0; 0; 6; 382; 308; 0; 0; 0; 0; 137; 30; 0; 0; 69; 318; 32; 232; 180; 136; 110; 122
1972;01; 0; 82; 0; 36; 0; 0; 28; 484; 0; 18; 8; 0; 0; 0; 0; 30; 0; 162; 160; 158; 10; 78; 414; 464; 24; 534; 448; 0; 0; 562; 5
1972;02; 578; 0; 330; 56; 12; 6; 114; 30; 6; 6; 52; 264; 4; 85; 56; 158; 0; 104; 0; 354; 304; 122; 634; 6; 10; 34; 10; 130; 0; 9999; 9999
1972;03; 0; 0; 5; 0; 3; 4; 0; 0; 410; 0; 0; 666; 0; 0; 0; 0; 0; 0; 0; 5; 0; 0; 0; 49; 0; 37; 278; 0; 0; 0; 0
1972;04; 227; 0; 0; 28; 0; 0; 0; 38; 0; 0; 0; 0; 0; 0; 25; 6; 0; 0; 0; 0; 0; 0; 0; 0; 0; 0; 0; 22; 0; 0; 9999
1972;05; 0; 0; 0; 0; 0; 0; 0; 0; 0; 9999; 9999; 9999; 9999; 9999; 9999; 9999; 9999; 9999; 9999; 9999; 9999; 9999; 9999; 9999; 9999; 9999; 9999; 9999; 9999; 9999; 9999
