33
Ano,Mes,1,2,3,4,5,6,7,8,9,10,11,12,13,14,15,16,17,18,19,20,21,22,23,24,25,26,27,28,29,30,31
1976;05; 0; 0; 0; 0; 54; 29; 0; 0; 0; 13; 2; 0; 1; 0; 0; 0; 2; 9; 0; 87; 0; 0; 0; 0; 25; 7; 0; 0; 579; 0; 0
1976;06; 0; 0; 0; 0; 0; 86; 210; 0; 0; 80; 2; 0; 0; 0; 2; 0; 0; 0; 0; 0; 0; 0; 0; 0; 0; 0; 0; 0; 0; 0; 9999
1976;07; 0; 0; 530; 555; 0; 0; 0; 0; 0; 100; 0; 0; 0; 0; 0; 2; 0; 0; 0; 0; 0; 0; 0; 0; 0; 0; 0; 0; 0; 0; 0
1976;08; 0; 0; 0; 0; 0; 13; 0; 0; 0; 137; 65; 55; 62; 484; 11; 0; 0; 0; 0; 272; 17; 0; 0; 0; 0; 0; 0; 0; 0; 0; 0
1976;09; 0; 0; 0; 0; 0; 115; 0; 27; 0; 0; 0; 0; 94; 717; 190; 241; 0; 0; 0; 0; 167; 0; 82; 0; 0; 0; 267; 89; 0; 0; 9999
1976;10; 0; 0; 0; 0; 0; 8; 0; 0; 137; 66; 0; 0; 0; 0; 0; 0; 0; 62; 15; 157; 0; 0; 62; 0; 272; 0; 92; 0; 0; 64; 66
1976;11; 357; 228; 0; 0; 158; 197; 0; 0; 0; 9; 0; 0; 125; 0; 0; 14; 46; 213; 0; 853; 0; 357; 0; 0; 0; 2; 134; 0; 67; 0; 9999
1976;12; 0; 234; 23; 0; 0; 82; 0; 0; 138; 25; 0; 0; 113; 13; 147; 49; 304; 53; 0; 49; 54; 0; 0; 267; 0; 213; 484; 243; 0; 0; 49
1977;01; 0; 0; 57; 0; 44; 32; 462; 9; 0; 0; 0; 67; 0; 0; 252; 0; 394; 0; 428; 373; 113; 0; 0; 574; 238; 42; 114; 118; 27; 0; 572
1977;02; 120; 0; 0; 0; 3; 0; 0; 0; 0; 0; 0; 0; 0; 0; 0; 79; 0; 0; 0; 0; 33; 0; 152; 19; 0; 0; 0; 0; 9999; 9999; 9999
1977;03; 0; 0; 0; 9; 82; 125; 210; 0; 54; 0; 0; 27; 0; 0; 37; 0; 0; 0; 83; 0; 152; 112; 0; 9; 0; 0; 36; 0; 278; 0; 41
1977;04; 0; 66; 0; 112; 19; 0; 0; 0; 468; 200; 62; 0; 0; 0; 0; 0; 0; 0; 182; 209; 202; 640; 0; 0; 0; 0; 0; 0; 0; 0; 9999
1977;05; 0; 0; 205; 0; 0; 0; 0; 0; 0; 0; 0; 0; 0; 0; 0; 0; 23; 0; 0; 0; 0; 0; 0; 0; 0; 0; 0; 0; 0; 0; 0
1977;06; 0; 141; 3; 34; 12; 103; 0; 0; 0; 0; 0; 0; 0; 0; 23; 0; 3; 0; 0; 0; 0; 0; 0; 0; 116; 0; 0; 0; 0; 0; 9999
1977;07; 0; 0; 0; 0; 0; 0; 0; 0; 0; 0; 0; 0; 0; 0; 0; 0; 0; 0; 12; 0; 0; 0; 0; 0; 0; 0; 0; 0; 0; 0; 0
1977;08; 0; 0; 0; 0; 0; 0; 0; 0; 0; 0; 0; 0; 0; 0; 0; 0; 0; 0; 0; 0; 0; 0; 0; 0; 0; 0; 0; 0; 27; 218; 128
1977;09; 62; 86; 14; 0; 0; 0; 277; 0; 0; 0; 0; 0; 0; 0; 0; 0; 0; 0; 48; 0; 81; 0; 0; 643; 44; 0; 0; 0; 0; 0; 9999
1977;10; 0; 0; 183; 0; 0; 29; 0; 0; 0; 0; 0; 0; 0; 8; 0; 0; 0; 0; 31; 0; 0; 0; 0; 0; 0; 0; 103; 447; 7; 16; 0
1977;11; 0; 173; 0; 0; 0; 0; 0; 86; 0; 0; 14; 162; 67; 0; 31; 247; 22; 166; 208; 102; 41; 104; 0; 7; 47; 0; 0; 63; 0; 206; 9999
1977;12; 276; 162; 76; 0; 253; 75; 0; 44; 0; 223; 63; 0; 0; 0; 146; 39; 0; 0; 31; 55; 25; 151; 642; 151; 0; 0; 0; 0; 0; 0; 17
1978;01; 0; 89; 458; 46; 35; 20; 264; 0; 100; 8; 469; 11; 231; 147; 0; 0; 133; 0; 0; 81; 0; 151; 0; 0; 0; 0; 398; 127; 0; 0; 0
1978;02; 0; 0; 0; 0; 13; 0; 0; 27; 0; 0; 0; 0; 109; 100; 0; 15; 319; 0; 0; 41; 6; 84; 51; 0; 24; 0; 12; 0; 9999; 9999; 9999
1978;03; 0; 0; 104; 271; 31; 0; 0; 74; 0; 0; 11; 0; 0; 0; 0; 0; 0; 0; 0; 0; 0; 0; 0; 0; 177; 0; 0; 0; 0; 9; 0
1978;04; 0; 0; 0; 0; 0; 0; 0; 0; 0; 0; 0; 0; 0; 0; 0; 0; 75; 0; 0; 0; 0; 195; 9; 0; 0; 0; 0; 0; 0; 0; 9999
1978;05; 0; 12; 0; 0; 0; 0; 0; 0; 0; 0; 0; 0; 0; 0; 0; 0; 200; 152; 144; 0; 94; 132; 232; 0; 0; 0; 0; 0; 0; 270; 54
1978;06; 0; 0; 0; 0; 0; 0; 0; 0; 336; 4; 0; 0; 0; 0; 0; 0; 0; 0; 0; 0; 0; 0; 0; 0; 109; 0; 0; 0; 0; 0; 9999
1978;07; 0; 0; 0; 0; 0; 0; 0; 0; 86; 0; 0; 0; 0; 0; 0; 408; 7; 67; 0; 4; 83; 66; 0; 0; 0; 0; 0; 0; 0; 0; 0
1978;08; 0; 0; 0; 0; 0; 0; 0; 0; 0; 0; 0; 0; 0; 0; 0; 0; 0; 0; 0; 0; 0; 0; 0; 0; 0; 0; 0; 0; 0; 0; 0
1978;09; 0; 5; 0; 0; 0; 56; 15; 269; 0; 0; 0; 0; 0; 0; 0; 0; 0; 109; 0; 0; 0; 0; 0; 0; 0; 0; 0; 0; 0; 0; 9999
1978;10; 0; 0; 0; 0; 0; 0; 0; 0; 0; 0; 29; 0; 0; 135; 0; 0; 167; 0; 453; 182; 0; 0; 0; 0; 0; 0; 10; 23; 0; 20; 26
1978;11; 433; 0; 0; 197; 0; 0; 0; 0; 0; 626; 109; 190; 0; 0; 0; 0; 130; 0; 0; 0; 0; 293; 45; 150; 0; 0; 0; 688; 0; 0; 9999
1978;12; 0; 0; 0; 4; 142; 0; 32; 134; 800; 0; 625; 0; 0; 0; 425; 135; 0; 500; 0; 0; 0; 0; 0; 0; 0; 0; 417; 233; 215; 25; 0
1979;01; 0; 0; 0; 0; 79; 75; 0; 0; 0; 0; 0; 117; 160; 0; 0; 0; 0; 0; 0; 0; 100; 620; 88; 31; 47; 243; 73; 60; 136; 327; 13
1979;02; 0; 0; 0; 0; 0; 54; 0; 0; 55; 180; 0; 28; 485; 743; 154; 23; 0; 61; 0; 0; 0; 0; 0; 0; 0; 0; 37; 0; 9999; 9999; 9999
1979;03; 0; 0; 0; 0; 0; 0; 0; 0; 0; 0; 0; 73; 460; 100; 33; 0; 0; 0; 74; 2; 0; 0; 73; 0; 202; 0; 0; 0; 0; 0; 0
1979;04; 0; 0; 0; 275; 292; 34; 118; 0; 0; 0; 0; 0; 0; 0; 0; 0; 0; 0; 0; 0; 0; 0; 7; 0; 0; 0; 0; 0; 0; 360; 9999
1979;05; 0; 16; 0; 0; 216; 0; 50; 135; 0; 0; 0; 0; 0; 0; 0; 0; 0; 0; 0; 0; 0; 0; 0; 0; 0; 0; 0; 0; 0; 517; 0
1979;06; 0; 0; 0; 0; 0; 0; 0; 0; 0; 0; 0; 0; 0; 0; 0; 0; 0; 0; 0; 0; 0; 0; 0; 0; 0; 0; 0; 0; 0; 0; 9999
1979;07; 0; 0; 0; 0; 0; 0; 0; 0; 0; 0; 0; 0; 0; 0; 0; 0; 0; 0; 0; 260; 0; 5; 0; 15; 76; 3; 0; 0; 0; 0; 0
1979;08; 0; 0; 0; 0; 0; 0; 0; 0; 0; 0; 0; 0; 0; 0; 0; 0; 0; 0; 0; 0; 0; 0; 0; 0; 0; 0; 143; 0; 152; 0; 0
1979;09; 0; 0; 27; 132; 0; 0; 0; 0; 0; 0; 0; 0; 0; 150; 820; 305; 0; 0; 0; 0; 0; 0; 0; 460; 0; 0; 0; 0; 0; 0; 9999
1979;10; 24; 0; 0; 0; 0; 0; 0; 0; 143; 0; 0; 6; 145; 9999; 396; 6; 0; 0; 0; 0; 0; 0; 0; 0; 0; 0; 0; 0; 0; 0; 0
1979;11; 135; 0; 0; 0; 0; 0; 0; 6; 226; 0; 140; 0; 0; 0; 0; 0; 0; 0; 0; 0; 0; 0; 0; 0; 7; 250; 0; 0; 0; 0; 9999
1979;12; 0; 0; 0; 339; 243; 0; 0; 0; 0; 0; 5; 11; 388; 15; 0; 0; 270; 0; 0; 560; 172; 13; 101; 540; 260; 340; 180; 81; 0; 60; 24
1980;01; 107; 0; 0; 0; 0; 0; 0; 165; 60; 0; 61; 363; 0; 0; 0; 0; 0; 230; 180; 0; 107; 0; 0; 87; 145; 0; 212; 200; 17; 0; 0
1980;02; 290; 42; 0; 0; 121; 21; 0; 239; 257; 0; 0; 0; 421; 0; 0; 0; 0; 147; 369; 15; 0; 0; 640; 0; 450; 135; 105; 135; 35; 9999; 9999
1980;03; 0; 0; 0; 0; 11; 0; 23; 0; 0; 119; 11; 130; 606; 380; 2; 0; 870; 0; 0; 57; 0; 0; 0; 0; 0; 0; 0; 0; 0; 0; 0
1980;04; 0; 0; 387; 0; 295; 0; 326; 6; 0; 5; 156; 421; 0; 42; 77; 0; 0; 0; 0; 0; 0; 0; 0; 0; 0; 0; 0; 0; 0; 0; 9999
1980;05; 0; 38; 32; 98; 0; 0; 0; 0; 0; 0; 0; 0; 0; 0; 0; 0; 0; 2; 62; 0; 0; 0; 5; 0; 0; 0; 0; 0; 0; 0; 0
1980;06; 0; 0; 0; 13; 0; 0; 0; 0; 0; 0; 0; 0; 0; 86; 0; 0; 0; 0; 0; 0; 0; 0; 0; 0; 7; 710; 159; 2; 0; 0; 9999
1980;07; 0; 0; 0; 0; 0; 0; 0; 0; 0; 0; 0; 0; 0; 0; 0; 0; 0; 0; 0; 0; 0; 0; 0; 0; 0; 0; 0; 0; 0; 0; 9999
1980;08; 0; 0; 0; 0; 0; 0; 11; 0; 0; 0; 0; 0; 31; 0; 0; 0; 0; 0; 0; 0; 0; 0; 0; 0; 0; 0; 8; 0; 0; 0; 0
1980;09; 0; 0; 0; 0; 0; 0; 0; 0; 0; 0; 0; 0; 256; 0; 0; 21; 0; 70; 71; 0; 290; 112; 0; 0; 0; 0; 0; 9999; 162; 0; 9999
1980;10; 0; 0; 0; 0; 0; 0; 245; 45; 14; 0; 0; 200; 90; 0; 0; 0; 0; 0; 0; 0; 0; 0; 0; 0; 0; 0; 0; 0; 0; 0; 84
1980;11; 0; 0; 0; 0; 0; 0; 0; 0; 0; 303; 331; 300; 9999; 0; 0; 0; 0; 9; 178; 0; 0; 0; 0; 0; 0; 0; 0; 0; 0; 176; 9999
1980;12; 327; 900; 0; 144; 0; 87; 200; 127; 0; 9999; 44; 117; 17; 0; 0; 0; 0; 0; 0; 0; 0; 740; 70; 160; 50; 150; 250; 10; 190; 152; 56
1981;01; 0; 20; 0; 46; 30; 0; 3; 103; 0; 10; 258; 516; 200; 211; 260; 286; 0; 172; 0; 0; 208; 24; 0; 0; 0; 672; 24; 2; 6; 0; 0
1981;02; 0; 5; 10; 3; 0; 0; 452; 466; 0; 0; 0; 126; 0; 0; 0; 0; 60; 0; 0; 120; 0; 0; 0; 0; 0; 0; 0; 47; 9999; 9999; 9999
1981;03; 0; 0; 0; 0; 69; 0; 607; 0; 332; 0; 0; 0; 0; 0; 0; 12; 0; 822; 0; 0; 0; 0; 0; 0; 0; 0; 0; 122; 0; 117; 0
1981;04; 0; 0; 0; 0; 0; 0; 0; 0; 0; 0; 0; 0; 0; 0; 9; 63; 0; 0; 0; 0; 0; 0; 0; 263; 0; 0; 0; 558; 0; 26; 9999
1981;05; 0; 0; 0; 0; 0; 0; 0; 0; 0; 0; 0; 0; 0; 0; 0; 0; 0; 0; 0; 0; 118; 0; 0; 0; 0; 0; 0; 0; 77; 0; 0
1981;06; 0; 0; 0; 0; 0; 0; 340; 0; 0; 0; 0; 0; 0; 0; 0; 25; 309; 0; 0; 0; 0; 24; 0; 0; 0; 0; 0; 0; 0; 0; 9999
1981;07; 0; 0; 0; 0; 0; 0; 0; 0; 0; 0; 0; 0; 0; 0; 0; 0; 0; 0; 0; 0; 0; 0; 0; 0; 0; 0; 0; 0; 0; 0; 0
1981;08; 0; 0; 0; 0; 0; 0; 0; 0; 0; 0; 0; 0; 0; 0; 0; 0; 0; 38; 0; 0; 0; 0; 0; 0; 0; 0; 0; 0; 0; 0; 0
1981;09; 0; 0; 0; 0; 0; 0; 0; 0; 0; 0; 0; 0; 0; 0; 0; 0; 0; 0; 229; 0; 0; 0; 0; 0; 0; 252; 0; 0; 0; 0; 9999
1981;10; 0; 0; 78; 76; 0; 0; 33; 0; 0; 0; 0; 351; 134; 0; 0; 583; 0; 0; 0; 1375; 0; 0; 0; 0; 30; 0; 0; 200; 70; 280; 0
1981;11; 0; 0; 30; 200; 175; 0; 0; 0; 80; 170; 303; 10; 17; 160; 79; 0; 0; 0; 440; 73; 9; 0; 0; 67; 0; 55; 0; 0; 0; 187; 9999
1981;12; 0; 0; 20; 4; 73; 296; 136; 215; 279; 271; 0; 23; 590; 0; 0; 59; 15; 44; 0; 0; 27; 0; 467; 0; 0; 0; 0; 314; 0; 0; 0
1982;01; 0; 98; 500; 300; 0; 0; 0; 237; 171; 428; 187; 549; 405; 0; 0; 0; 0; 0; 0; 15; 300; 16; 165; 76; 300; 71; 177; 48; 184; 59; 0
1982;02; 3; 233; 20; 11; 27; 285; 0; 212; 0; 0; 0; 0; 0; 0; 0; 0; 16; 0; 0; 0; 0; 0; 2; 24; 3; 0; 219; 14; 9999; 9999; 9999
1982;03; 14; 40; 0; 5; 0; 0; 83; 87; 145; 500; 120; 70; 114; 0; 0; 506; 96; 0; 0; 17; 9; 520; 167; 0; 150; 0; 0; 305; 14; 4; 0
1982;04; 0; 0; 0; 0; 0; 0; 0; 0; 0; 0; 0; 7; 37; 0; 215; 19; 0; 0; 0; 0; 0; 0; 0; 0; 0; 0; 0; 0; 0; 0; 9999
1982;05; 104; 0; 0; 0; 0; 0; 0; 0; 0; 0; 0; 0; 0; 0; 0; 0; 0; 11; 0; 0; 0; 0; 0; 0; 0; 415; 0; 0; 0; 0; 110
1982;06; 0; 0; 0; 0; 60; 0; 0; 0; 0; 0; 0; 0; 32; 0; 0; 0; 64; 0; 0; 0; 0; 0; 28; 0; 50; 0; 0; 0; 0; 72; 9999
1982;07; 0; 0; 0; 0; 0; 0; 0; 0; 0; 0; 0; 0; 0; 85; 0; 0; 0; 0; 209; 0; 0; 0; 0; 0; 0; 0; 0; 0; 0; 60; 0
1982;08; 0; 0; 0; 0; 0; 0; 196; 0; 0; 0; 206; 0; 0; 0; 0; 0; 0; 0; 0; 0; 0; 0; 0; 0; 0; 76; 0; 0; 0; 0; 0
1982;09; 73; 0; 0; 0; 0; 0; 0; 0; 0; 0; 0; 0; 0; 0; 0; 0; 0; 0; 0; 0; 0; 0; 0; 0; 0; 0; 0; 337; 0; 0; 9999
1982;10; 0; 9; 517; 0; 0; 0; 0; 76; 40; 0; 316; 0; 30; 213; 0; 0; 0; 0; 195; 0; 190; 100; 0; 367; 0; 0; 225; 97; 270; 200; 0
1982;11; 0; 0; 0; 0; 0; 0; 0; 0; 0; 248; 15; 64; 0; 0; 610; 5; 14; 0; 0; 0; 0; 0; 0; 0; 0; 81; 0; 0; 45; 137; 9999
1982;12; 0; 241; 23; 0; 0; 263; 97; 160; 347; 0; 152; 147; 336; 15; 12; 391; 232; 82; 74; 0; 172; 18; 100; 922; 10; 0; 32; 262; 410; 338; 243
1983;01; 67; 0; 0; 0; 268; 310; 66; 236; 55; 0; 0; 350; 934; 274; 230; 200; 320; 137; 50; 165; 112; 34; 72; 0; 0; 2; 80; 7; 0; 73; 415
1983;02; 313; 700; 740; 0; 241; 0; 0; 290; 150; 90; 0; 143; 40; 175; 0; 0; 0; 0; 261; 0; 0; 0; 0; 0; 0; 0; 35; 500; 9999; 9999; 9999
1983;03; 0; 84; 82; 172; 23; 742; 37; 0; 0; 0; 0; 0; 194; 0; 0; 0; 0; 0; 177; 165; 55; 0; 0; 28; 0; 87; 6; 12; 0; 0; 0
1983;04; 9999; 67; 288; 65; 0; 0; 190; 4; 0; 0; 55; 0; 118; 0; 0; 0; 0; 0; 0; 0; 509; 58; 0; 0; 318; 34; 12; 0; 22; 0; 9999
1983;05; 0; 0; 0; 0; 0; 0; 0; 0; 0; 0; 0; 0; 0; 66; 0; 0; 0; 0; 0; 191; 0; 0; 75; 87; 1; 0; 0; 0; 244; 288; 524
1983;06; 37; 130; 152; 8; 88; 0; 233; 0; 0; 0; 0; 0; 0; 0; 0; 0; 0; 0; 0; 0; 0; 0; 0; 0; 0; 0; 0; 0; 0; 0; 9999
1983;07; 0; 0; 0; 0; 0; 0; 0; 0; 0; 0; 0; 0; 0; 0; 0; 0; 9999; 177; 180; 160; 55; 0; 0; 0; 0; 0; 0; 0; 0; 0; 0
1983;08; 0; 0; 0; 0; 0; 0; 0; 0; 0; 0; 0; 0; 0; 0; 0; 0; 0; 0; 0; 0; 0; 0; 0; 0; 0; 0; 0; 0; 0; 0; 0
1983;09; 0; 0; 0; 0; 0; 206; 137; 356; 0; 0; 0; 41; 0; 100; 0; 33; 0; 89; 466; 162; 0; 0; 0; 510; 28; 0; 0; 0; 0; 0; 9999
1983;10; 0; 0; 0; 0; 0; 0; 0; 490; 0; 0; 0; 350; 217; 32; 73; 0; 14; 236; 237; 0; 0; 470; 9999; 9999; 9999; 9999; 9999; 9999; 9999; 9999; 9999
1983;11; 9999; 9999; 9999; 9999; 9999; 9999; 9999; 0; 0; 35; 80; 618; 99; 142; 14; 16; 0; 0; 0; 297; 0; 0; 0; 0; 0; 0; 0; 0; 0; 25; 9999
1983;12; 0; 46; 42; 0; 0; 0; 156; 16; 12; 483; 246; 154; 290; 218; 241; 213; 155; 34; 0; 0; 140; 29; 179; 72; 23; 18; 47; 173; 20; 25; 307
1984;01; 35; 12; 20; 14; 0; 0; 0; 0; 0; 80; 0; 0; 0; 0; 0; 0; 0; 0; 0; 0; 20; 316; 52; 610; 35; 47; 145; 152; 15; 10; 0
1984;02; 0; 34; 0; 0; 0; 0; 49; 0; 0; 42; 0; 30; 254; 0; 7; 44; 0; 0; 12; 0; 0; 0; 0; 0; 50; 125; 0; 0; 0; 9999; 9999
1984;03; 125; 88; 119; 67; 0; 64; 28; 263; 90; 0; 0; 0; 0; 0; 0; 0; 0; 0; 0; 0; 0; 97; 0; 0; 0; 0; 0; 0; 0; 0; 0
1984;04; 0; 0; 8; 150; 7; 0; 0; 62; 0; 0; 0; 0; 0; 0; 0; 36; 435; 0; 0; 0; 11; 0; 0; 0; 0; 0; 27; 0; 395; 50; 9999
1984;05; 11; 112; 130; 0; 7; 0; 0; 0; 0; 0; 0; 0; 0; 72; 34; 0; 0; 82; 0; 0; 0; 0; 0; 0; 0; 0; 0; 0; 0; 0; 0
1984;06; 0; 0; 0; 0; 0; 0; 0; 0; 0; 0; 0; 0; 0; 0; 0; 0; 0; 0; 0; 0; 0; 0; 0; 0; 0; 0; 0; 0; 0; 0; 9999
1984;07; 0; 0; 0; 0; 0; 0; 0; 0; 0; 0; 0; 0; 0; 0; 0; 0; 0; 0; 0; 0; 0; 0; 0; 0; 0; 0; 0; 0; 0; 0; 0
1984;08; 0; 0; 63; 165; 0; 0; 0; 0; 0; 0; 0; 0; 0; 0; 0; 0; 0; 0; 0; 0; 125; 0; 240; 0; 15; 12; 5; 0; 0; 0; 47
1984;09; 0; 0; 0; 0; 0; 0; 77; 41; 176; 0; 0; 0; 0; 0; 0; 0; 93; 0; 0; 0; 156; 0; 0; 0; 0; 48; 331; 0; 0; 0; 9999
1984;10; 0; 0; 0; 0; 0; 0; 0; 0; 0; 105; 0; 0; 0; 0; 0; 31; 0; 81; 123; 32; 0; 0; 0; 0; 78; 0; 0; 0; 0; 0; 0
1984;11; 52; 0; 0; 0; 0; 43; 75; 0; 0; 0; 0; 195; 71; 0; 0; 0; 173; 12; 0; 0; 377; 0; 0; 28; 114; 401; 253; 20; 0; 110; 9999
1984;12; 0; 600; 25; 0; 0; 20; 70; 152; 114; 0; 0; 273; 25; 280; 207; 145; 58; 200; 0; 0; 0; 0; 0; 0; 53; 0; 238; 12; 345; 0; 146
1985;01; 0; 0; 0; 0; 25; 0; 156; 184; 384; 0; 0; 0; 0; 8; 0; 0; 788; 175; 202; 57; 0; 400; 205; 0; 253; 380; 168; 30; 0; 162; 405
1985;02; 173; 40; 10; 33; 0; 0; 0; 0; 243; 0; 20; 42; 0; 0; 123; 21; 57; 0; 0; 0; 0; 0; 37; 230; 63; 45; 0; 110; 9999; 9999; 9999
1985;03; 470; 153; 139; 0; 113; 214; 20; 57; 105; 112; 28; 375; 0; 0; 10; 310; 51; 184; 0; 0; 47; 0; 0; 0; 0; 0; 0; 293; 0; 0; 0
1985;04; 0; 0; 0; 102; 0; 0; 195; 20; 0; 234; 0; 0; 0; 0; 0; 0; 310; 335; 24; 0; 0; 0; 0; 0; 0; 92; 50; 27; 0; 0; 9999
1985;05; 0; 0; 0; 0; 0; 0; 0; 0; 0; 0; 0; 0; 0; 0; 0; 0; 0; 0; 0; 0; 0; 150; 0; 0; 0; 0; 0; 0; 0; 0; 0
1985;06; 0; 0; 0; 0; 0; 0; 0; 0; 0; 0; 0; 0; 0; 0; 0; 0; 0; 0; 0; 0; 0; 0; 0; 0; 0; 0; 0; 0; 0; 0; 9999
1985;07; 0; 0; 0; 0; 0; 0; 0; 0; 0; 0; 0; 0; 0; 0; 0; 0; 0; 0; 0; 0; 0; 0; 0; 0; 0; 0; 0; 0; 0; 0; 0
1985;08; 0; 0; 0; 0; 0; 0; 0; 0; 0; 0; 0; 0; 0; 0; 0; 0; 0; 0; 0; 0; 0; 0; 12; 0; 0; 0; 0; 0; 0; 46; 0
1985;09; 213; 15; 16; 0; 40; 0; 32; 0; 0; 0; 0; 0; 0; 0; 0; 0; 0; 0; 0; 0; 0; 0; 0; 40; 0; 0; 0; 0; 0; 19; 9999
1985;10; 0; 0; 0; 0; 0; 0; 0; 0; 0; 50; 15; 0; 0; 0; 0; 0; 0; 0; 0; 0; 0; 0; 0; 0; 0; 0; 200; 0; 439; 0; 0
1985;11; 770; 351; 182; 317; 115; 0; 0; 0; 0; 0; 0; 0; 0; 0; 0; 0; 0; 0; 0; 140; 100; 305; 0; 28; 40; 84; 13; 282; 0; 0; 9999
1985;12; 0; 0; 331; 240; 0; 0; 0; 0; 0; 0; 0; 0; 0; 0; 0; 10; 410; 57; 0; 0; 265; 132; 0; 0; 48; 587; 255; 200; 0; 10; 0
1986;01; 0; 0; 0; 0; 142; 281; 0; 0; 30; 23; 220; 332; 517; 196; 61; 24; 18; 90; 120; 35; 53; 56; 60; 259; 27; 0; 90; 0; 0; 0; 0
1986;02; 0; 0; 252; 15; 40; 18; 0; 83; 0; 457; 20; 0; 30; 144; 120; 46; 17; 3; 28; 122; 0; 0; 0; 0; 0; 56; 12; 10; 9999; 9999; 9999
1986;03; 56; 0; 108; 0; 415; 47; 32; 58; 105; 51; 0; 0; 0; 0; 0; 240; 27; 0; 16; 0; 0; 0; 0; 95; 0; 12; 9; 0; 0; 380; 9999
1986;04; 0; 0; 0; 0; 0; 0; 0; 0; 18; 0; 0; 0; 0; 0; 62; 47; 0; 0; 0; 0; 0; 115; 0; 0; 0; 24; 110; 0; 0; 0; 9999
1986;05; 0; 0; 0; 0; 0; 0; 0; 120; 577; 110; 0; 0; 310; 134; 0; 0; 0; 0; 275; 0; 0; 0; 0; 0; 0; 0; 0; 0; 0; 0; 54
1986;06; 0; 0; 0; 0; 0; 0; 0; 0; 0; 0; 0; 0; 0; 0; 0; 0; 0; 0; 0; 0; 0; 0; 0; 0; 0; 0; 0; 0; 0; 0; 9999
1986;07; 0; 0; 0; 0; 0; 0; 0; 0; 0; 0; 0; 0; 0; 0; 0; 0; 0; 0; 0; 0; 0; 0; 300; 228; 0; 0; 0; 0; 0; 0; 10
1986;08; 63; 0; 0; 0; 0; 0; 0; 0; 0; 0; 0; 0; 5; 0; 10; 163; 47; 0; 0; 0; 0; 435; 183; 146; 73; 64; 0; 0; 0; 0; 0
1986;09; 0; 0; 0; 0; 0; 0; 40; 0; 0; 0; 0; 0; 0; 0; 0; 0; 0; 0; 0; 0; 0; 0; 0; 0; 0; 0; 0; 0; 151; 0; 9999
1986;10; 0; 0; 0; 0; 0; 0; 0; 0; 30; 0; 56; 0; 0; 0; 0; 0; 0; 0; 0; 20; 195; 346; 134; 0; 0; 0; 73; 0; 0; 0; 57
1986;11; 0; 0; 35; 0; 0; 223; 20; 0; 0; 0; 602; 140; 0; 0; 0; 0; 0; 27; 0; 0; 10; 0; 0; 0; 13; 41; 0; 0; 0; 83; 9999
1986;12; 223; 80; 56; 35; 14; 0; 22; 120; 211; 154; 32; 75; 0; 27; 200; 29; 95; 9999; 9999; 9999; 9999; 9999; 324; 0; 80; 1684; 130; 23; 165; 0; 0
1987;01; 0; 45; 40; 112; 0; 0; 20; 40; 0; 0; 53; 0; 15; 10; 0; 18; 0; 356; 250; 0; 13; 26; 15; 157; 18; 0; 192; 125; 210; 20; 0
1987;02; 45; 0; 82; 40; 0; 0; 0; 52; 0; 220; 0; 0; 423; 174; 165; 521; 48; 0; 10; 302; 0; 0; 0; 856; 0; 43; 30; 35; 9999; 9999; 9999
1987;03; 0; 42; 0; 0; 0; 0; 0; 135; 223; 156; 27; 0; 0; 0; 84; 75; 0; 30; 523; 112; 40; 0; 0; 0; 0; 0; 0; 0; 0; 0; 0
1987;04; 20; 0; 0; 103; 191; 0; 0; 10; 0; 55; 80; 0; 0; 0; 74; 0; 0; 0; 0; 0; 50; 25; 0; 0; 0; 0; 0; 0; 0; 45; 9999
1987;05; 0; 0; 48; 0; 0; 0; 0; 25; 233; 0; 0; 20; 0; 0; 0; 170; 0; 26; 25; 0; 0; 366; 0; 16; 101; 0; 0; 0; 0; 0; 0
1987;06; 0; 0; 0; 0; 0; 0; 5; 0; 0; 0; 0; 0; 0; 0; 0; 35; 23; 0; 0; 0; 0; 0; 75; 45; 0; 0; 0; 0; 0; 0; 9999
1987;07; 0; 0; 0; 0; 0; 0; 0; 0; 120; 48; 0; 0; 0; 0; 0; 0; 0; 0; 0; 0; 0; 0; 0; 0; 0; 0; 0; 0; 0; 0; 0
1987;08; 0; 0; 0; 0; 0; 0; 73; 0; 0; 0; 0; 0; 0; 0; 0; 0; 0; 0; 0; 0; 0; 0; 0; 0; 0; 0; 0; 0; 0; 0; 0
1987;09; 0; 0; 0; 0; 0; 45; 37; 12; 16; 0; 258; 0; 0; 0; 0; 0; 0; 0; 63; 0; 0; 156; 78; 167; 0; 0; 0; 100; 0; 0; 9999
1987;10; 0; 156; 0; 0; 0; 503; 0; 0; 0; 0; 0; 0; 0; 0; 0; 120; 12; 0; 0; 15; 0; 0; 0; 500; 177; 0; 0; 13; 0; 0; 52
1987;11; 0; 0; 0; 0; 0; 140; 215; 0; 0; 87; 0; 0; 0; 353; 432; 586; 60; 0; 0; 0; 75; 200; 0; 0; 394; 20; 95; 0; 0; 0; 9999
1987;12; 0; 0; 15; 0; 123; 52; 170; 0; 84; 0; 12; 0; 147; 304; 0; 0; 0; 210; 76; 253; 74; 0; 0; 0; 0; 0; 0; 72; 30; 275; 0
1988;01; 0; 0; 0; 0; 672; 15; 247; 93; 184; 0; 86; 20; 105; 30; 0; 0; 0; 0; 0; 224; 104; 17; 0; 40; 35; 0; 0; 0; 355; 0; 112
1988;02; 67; 80; 0; 143; 225; 73; 34; 126; 60; 172; 150; 0; 0; 662; 533; 124; 557; 23; 12; 475; 467; 0; 51; 74; 5; 25; 320; 15; 17; 9999; 9999
1988;03; 210; 415; 283; 324; 72; 200; 84; 67; 0; 0; 0; 0; 0; 0; 0; 0; 38; 203; 170; 45; 0; 0; 0; 0; 0; 0; 0; 6; 0; 0; 0
1988;04; 0; 0; 0; 35; 0; 0; 0; 450; 153; 0; 0; 0; 345; 300; 0; 0; 32; 15; 80; 175; 82; 61; 90; 0; 0; 23; 0; 10; 0; 0; 9999
1988;05; 0; 0; 0; 0; 0; 52; 0; 0; 0; 0; 0; 0; 0; 0; 0; 0; 0; 305; 0; 0; 0; 0; 0; 94; 0; 0; 0; 0; 0; 220; 90
1988;06; 0; 0; 0; 215; 0; 0; 0; 0; 0; 0; 0; 0; 0; 0; 0; 0; 0; 0; 0; 0; 0; 0; 0; 0; 0; 10; 0; 0; 0; 0; 9999
1988;07; 0; 0; 0; 0; 0; 0; 0; 0; 0; 25; 0; 0; 0; 0; 0; 0; 0; 0; 0; 0; 0; 0; 0; 0; 0; 0; 0; 0; 0; 0; 0
1988;08; 0; 0; 0; 0; 0; 0; 0; 0; 0; 0; 0; 0; 0; 0; 0; 0; 0; 0; 0; 0; 0; 0; 0; 0; 0; 0; 0; 0; 0; 0; 0
1988;09; 0; 0; 0; 0; 0; 0; 0; 0; 0; 0; 0; 0; 0; 0; 0; 0; 0; 61; 0; 0; 0; 0; 0; 0; 0; 0; 0; 0; 9; 8; 9999
1988;10; 0; 0; 0; 0; 87; 0; 65; 0; 0; 0; 0; 175; 102; 30; 0; 0; 0; 0; 0; 390; 15; 0; 20; 167; 0; 269; 100; 0; 0; 154; 298
1988;11; 72; 195; 0; 0; 0; 0; 0; 292; 0; 0; 0; 0; 170; 35; 104; 0; 0; 0; 0; 0; 185; 63; 110; 0; 0; 0; 287; 0; 0; 0; 9999
1988;12; 45; 220; 172; 0; 0; 0; 0; 0; 0; 0; 95; 0; 0; 166; 120; 9; 0; 0; 192; 13; 70; 161; 97; 284; 10; 220; 12; 13; 43; 0; 0
1989;01; 0; 0; 29; 185; 48; 134; 122; 187; 140; 53; 236; 168; 15; 159; 33; 91; 10; 155; 0; 70; 47; 54; 113; 125; 112; 0; 0; 0; 0; 0; 0
1989;02; 0; 0; 58; 350; 255; 120; 79; 150; 80; 105; 298; 55; 84; 0; 464; 0; 205; 0; 0; 0; 102; 0; 0; 55; 62; 412; 0; 146; 9999; 9999; 9999
1989;03; 0; 108; 25; 0; 147; 0; 0; 0; 0; 0; 0; 0; 0; 250; 20; 262; 0; 0; 0; 0; 0; 0; 0; 0; 0; 0; 214; 0; 0; 0; 0
1989;04; 0; 0; 0; 0; 0; 93; 5; 0; 0; 0; 0; 0; 0; 0; 0; 0; 0; 301; 120; 0; 0; 0; 0; 0; 0; 0; 0; 5; 40; 0; 9999
1989;05; 50; 80; 20; 0; 150; 200; 0; 0; 0; 0; 0; 0; 0; 0; 0; 0; 0; 0; 0; 0; 0; 0; 0; 0; 0; 0; 0; 0; 0; 0; 0
1989;06; 0; 0; 0; 0; 0; 0; 0; 0; 106; 158; 0; 0; 0; 0; 0; 0; 0; 0; 0; 0; 0; 0; 0; 0; 63; 0; 0; 0; 28; 0; 9999
1989;07; 0; 0; 0; 0; 0; 0; 0; 0; 0; 0; 0; 0; 0; 0; 0; 0; 0; 0; 0; 0; 0; 0; 0; 0; 0; 0; 0; 2; 120; 27; 297
1989;08; 0; 0; 0; 0; 0; 0; 0; 0; 0; 0; 0; 0; 0; 0; 0; 0; 0; 0; 0; 0; 0; 0; 40; 0; 30; 130; 0; 170; 25; 0; 0
1989;09; 32; 11; 0; 41; 2; 0; 92; 56; 234; 310; 0; 30; 20; 0; 0; 0; 0; 0; 0; 0; 0; 0; 0; 0; 0; 0; 8; 2; 0; 0; 9999
1989;10; 0; 0; 408; 0; 0; 0; 0; 0; 0; 0; 400; 0; 0; 0; 0; 0; 0; 0; 0; 0; 0; 0; 0; 0; 0; 0; 280; 0; 0; 0; 0
1989;11; 0; 0; 0; 0; 0; 0; 0; 0; 0; 138; 190; 100; 85; 0; 0; 0; 0; 5; 100; 400; 150; 176; 320; 360; 100; 180; 0; 370; 0; 0; 9999
1989;12; 0; 0; 0; 0; 0; 0; 0; 0; 0; 60; 42; 800; 0; 100; 200; 34; 0; 0; 0; 27; 0; 0; 0; 0; 0; 0; 0; 17; 10; 20; 20
1990;01; 63; 400; 200; 180; 260; 270; 200; 250; 180; 0; 100; 20; 400; 300; 0; 17; 0; 0; 0; 50; 0; 0; 0; 0; 0; 0; 0; 150; 0; 0; 0
1990;02; 0; 0; 0; 0; 0; 10; 90; 30; 3; 5; 0; 0; 0; 60; 54; 0; 0; 0; 0; 0; 105; 69; 44; 0; 397; 19; 280; 225; 9999; 9999; 9999
1990;03; 206; 0; 61; 32; 0; 0; 87; 0; 0; 0; 0; 0; 0; 0; 0; 0; 30; 28; 60; 0; 49; 0; 378; 78; 124; 0; 217; 251; 64; 0; 0
1990;04; 0; 0; 0; 0; 0; 0; 0; 195; 270; 0; 0; 0; 0; 0; 0; 0; 110; 163; 0; 64; 0; 0; 0; 0; 0; 0; 0; 0; 0; 0; 9999
1990;05; 0; 0; 163; 0; 0; 0; 0; 0; 0; 0; 380; 60; 0; 0; 0; 157; 0; 118; 0; 0; 0; 0; 0; 0; 0; 0; 0; 0; 0; 0; 0
1990;06; 0; 0; 0; 0; 0; 0; 0; 0; 0; 0; 0; 0; 0; 0; 0; 0; 0; 0; 0; 0; 0; 0; 0; 0; 0; 0; 0; 0; 0; 0; 9999
1990;07; 0; 0; 0; 0; 0; 110; 0; 0; 0; 0; 66; 0; 0; 32; 0; 0; 0; 31; 0; 0; 0; 0; 0; 0; 0; 0; 0; 72; 0; 0; 0
1990;08; 0; 0; 0; 0; 0; 0; 0; 0; 0; 20; 0; 0; 0; 0; 0; 0; 107; 175; 0; 337; 172; 0; 0; 203; 0; 0; 0; 148; 10; 0; 0
1990;09; 0; 50; 0; 0; 0; 0; 0; 0; 0; 0; 0; 0; 15; 123; 0; 0; 0; 0; 0; 0; 0; 0; 0; 10; 0; 0; 0; 0; 0; 9; 9999
1990;10; 114; 58; 0; 32; 477; 0; 0; 0; 0; 0; 0; 0; 0; 0; 0; 0; 100; 780; 10; 102; 67; 0; 0; 0; 0; 0; 0; 0; 0; 0; 0
1990;11; 0; 0; 34; 0; 0; 69; 0; 312; 0; 92; 0; 0; 0; 153; 0; 0; 385; 0; 0; 0; 64; 0; 0; 20; 80; 0; 0; 370; 0; 0; 9999
1990;12; 0; 0; 0; 0; 0; 0; 0; 0; 0; 0; 95; 0; 44; 61; 125; 405; 0; 75; 0; 243; 0; 200; 0; 0; 0; 18; 0; 0; 0; 0; 0
1991;01; 0; 0; 60; 90; 135; 0; 0; 0; 146; 0; 65; 38; 254; 44; 180; 20; 339; 112; 0; 0; 91; 0; 0; 195; 0; 121; 337; 505; 50; 0; 250
1991;02; 15; 200; 0; 15; 55; 43; 72; 124; 54; 468; 1020; 67; 0; 0; 0; 0; 0; 14; 145; 0; 0; 0; 0; 0; 0; 0; 0; 0; 9999; 9999; 9999
1991;03; 0; 610; 0; 350; 184; 51; 96; 0; 0; 0; 0; 0; 124; 60; 0; 0; 0; 0; 190; 580; 110; 285; 0; 0; 0; 250; 124; 0; 124; 86; 173
1991;04; 89; 0; 0; 0; 5; 0; 0; 133; 0; 0; 0; 0; 0; 220; 0; 0; 0; 0; 53; 70; 0; 0; 0; 0; 152; 293; 102; 0; 0; 0; 9999
1991;05; 0; 0; 0; 0; 0; 0; 0; 38; 0; 0; 0; 0; 0; 0; 0; 72; 0; 0; 0; 0; 0; 0; 0; 0; 0; 0; 0; 0; 0; 0; 0
1991;06; 0; 0; 0; 0; 0; 0; 0; 0; 0; 0; 0; 0; 0; 0; 0; 0; 0; 0; 0; 0; 0; 0; 0; 0; 0; 0; 0; 0; 0; 0; 9999
1991;07; 0; 14; 0; 0; 0; 0; 0; 0; 0; 0; 0; 55; 0; 70; 0; 40; 0; 0; 0; 0; 0; 0; 0; 0; 0; 0; 0; 0; 0; 0; 0
1991;08; 0; 0; 0; 0; 0; 0; 0; 0; 0; 0; 0; 0; 0; 0; 0; 0; 0; 0; 0; 0; 0; 0; 0; 0; 0; 0; 0; 0; 0; 0; 0
1991;09; 0; 0; 0; 0; 0; 0; 0; 0; 0; 0; 0; 0; 0; 0; 0; 0; 0; 0; 0; 67; 0; 0; 0; 0; 0; 0; 0; 0; 363; 25; 9999
1991;10; 230; 0; 372; 0; 0; 0; 118; 0; 0; 0; 0; 0; 0; 0; 0; 0; 31; 0; 17; 60; 53; 0; 0; 40; 0; 0; 0; 0; 0; 0; 0
1991;11; 32; 190; 124; 0; 0; 0; 0; 0; 0; 0; 0; 0; 0; 0; 0; 0; 0; 0; 0; 0; 0; 0; 0; 0; 0; 0; 0; 0; 354; 26; 9999
1991;12; 0; 8; 0; 0; 0; 0; 185; 102; 198; 100; 275; 0; 110; 0; 0; 160; 10; 0; 210; 80; 0; 0; 62; 0; 0; 0; 30; 380; 0; 110; 0
1992;01; 0; 170; 70; 0; 0; 0; 0; 0; 0; 0; 0; 0; 210; 60; 26; 0; 56; 80; 90; 110; 35; 415; 726; 21; 0; 0; 0; 0; 0; 247; 171
1992;02; 234; 258; 172; 167; 179; 7; 0; 186; 0; 0; 0; 0; 0; 0; 0; 0; 0; 0; 0; 0; 0; 0; 0; 63; 380; 61; 0; 0; 141; 9999; 9999
1992;03; 0; 250; 0; 0; 0; 36; 0; 0; 0; 0; 204; 406; 109; 24; 0; 0; 219; 107; 0; 0; 0; 0; 0; 0; 357; 90; 262; 0; 0; 86; 47
1992;04; 10; 0; 0; 0; 0; 0; 0; 0; 0; 0; 0; 0; 0; 184; 0; 0; 20; 0; 0; 105; 154; 0; 310; 0; 0; 375; 282; 0; 0; 16; 9999
1992;05; 0; 120; 0; 620; 0; 0; 30; 0; 0; 0; 0; 10; 0; 0; 0; 0; 0; 0; 0; 24; 0; 0; 80; 100; 0; 0; 0; 0; 0; 0; 0
1992;06; 0; 0; 0; 0; 0; 0; 0; 0; 0; 0; 0; 0; 0; 0; 0; 0; 0; 0; 0; 0; 0; 0; 0; 0; 0; 0; 0; 0; 0; 0; 9999
1992;07; 0; 0; 0; 0; 0; 0; 0; 0; 323; 0; 0; 0; 0; 0; 0; 0; 0; 0; 0; 0; 0; 0; 0; 0; 0; 0; 0; 0; 0; 0; 0
1992;08; 0; 0; 0; 0; 0; 0; 0; 0; 0; 0; 0; 0; 0; 0; 0; 0; 0; 0; 0; 0; 0; 0; 0; 40; 0; 0; 0; 0; 0; 0; 0
1992;09; 0; 65; 0; 35; 20; 165; 30; 0; 0; 0; 0; 64; 80; 0; 162; 326; 0; 334; 92; 0; 0; 0; 0; 0; 70; 50; 0; 235; 0; 0; 9999
1992;10; 0; 321; 182; 0; 0; 0; 0; 30; 345; 0; 0; 522; 30; 88; 0; 0; 204; 0; 0; 0; 0; 77; 0; 0; 0; 84; 230; 0; 470; 7; 0
1992;11; 47; 291; 0; 0; 73; 0; 0; 44; 153; 0; 0; 0; 0; 75; 0; 0; 80; 112; 0; 0; 0; 0; 0; 0; 580; 0; 486; 0; 0; 0; 9999
1992;12; 25; 90; 0; 0; 0; 0; 0; 0; 0; 0; 220; 314; 0; 0; 0; 91; 0; 0; 32; 0; 253; 0; 0; 0; 0; 0; 0; 0; 0; 0; 34
1993;01; 0; 0; 0; 74; 167; 0; 40; 70; 0; 339; 185; 111; 20; 0; 0; 0; 0; 0; 125; 3; 470; 0; 0; 558; 3; 620; 224; 0; 7; 0; 0
1993;02; 4; 27; 55; 193; 490; 535; 153; 172; 230; 255; 0; 0; 0; 95; 250; 0; 73; 108; 117; 15; 0; 0; 420; 8; 395; 0; 0; 0; 9999; 9999; 9999
1993;03; 45; 30; 240; 0; 0; 0; 0; 0; 0; 0; 16; 0; 0; 0; 31; 0; 0; 0; 0; 48; 0; 0; 35; 98; 0; 0; 0; 200; 0; 25; 0
1993;04; 0; 450; 46; 0; 0; 40; 0; 0; 0; 180; 0; 22; 0; 135; 5; 0; 0; 0; 0; 205; 0; 0; 0; 40; 0; 0; 0; 0; 0; 0; 9999
1993;05; 0; 0; 58; 0; 0; 100; 0; 0; 0; 0; 0; 0; 0; 0; 150; 0; 0; 0; 0; 0; 0; 0; 0; 0; 0; 0; 0; 0; 0; 0; 335
1993;06; 132; 0; 0; 0; 150; 0; 0; 0; 0; 0; 0; 0; 0; 0; 0; 0; 0; 0; 170; 0; 0; 0; 0; 0; 0; 0; 0; 0; 0; 0; 9999
1993;07; 0; 0; 0; 0; 0; 0; 0; 0; 0; 0; 0; 0; 0; 0; 0; 20; 0; 0; 0; 0; 0; 0; 0; 0; 0; 0; 0; 0; 0; 0; 0
1993;08; 0; 0; 0; 0; 0; 0; 0; 0; 0; 0; 0; 0; 0; 0; 80; 185; 0; 0; 85; 0; 0; 0; 0; 80; 45; 0; 0; 0; 0; 0; 0
1993;09; 0; 0; 0; 0; 0; 0; 0; 224; 0; 0; 0; 0; 0; 0; 90; 34; 12; 0; 0; 0; 0; 195; 0; 115; 100; 0; 170; 5; 0; 0; 9999
1993;10; 0; 91; 0; 0; 0; 41; 0; 0; 0; 0; 0; 0; 0; 0; 0; 36; 86; 8; 0; 62; 80; 0; 136; 0; 15; 37; 0; 0; 0; 0; 0
1993;11; 0; 0; 0; 0; 0; 0; 80; 20; 0; 0; 0; 0; 0; 0; 0; 0; 0; 0; 48; 0; 0; 0; 640; 0; 0; 0; 0; 0; 0; 0; 9999
1993;12; 0; 60; 0; 145; 247; 10; 69; 0; 231; 0; 0; 0; 0; 165; 0; 0; 105; 0; 65; 61; 0; 0; 45; 415; 35; 0; 0; 450; 70; 0; 200
1994;01; 50; 10; 300; 208; 0; 80; 140; 195; 75; 105; 0; 15; 0; 0; 80; 200; 0; 0; 860; 83; 62; 0; 45; 200; 80; 233; 50; 30; 0; 147; 0
1994;02; 0; 0; 0; 25; 0; 0; 0; 557; 0; 0; 0; 21; 0; 0; 120; 97; 0; 0; 0; 0; 0; 0; 0; 0; 295; 300; 200; 60; 9999; 9999; 9999
1994;03; 13; 238; 0; 0; 0; 0; 85; 60; 0; 0; 45; 554; 0; 0; 18; 0; 0; 0; 0; 272; 62; 0; 227; 0; 262; 0; 0; 19; 0; 0; 0
1994;04; 149; 0; 0; 0; 0; 0; 140; 0; 0; 0; 0; 0; 0; 61; 0; 0; 0; 0; 47; 16; 0; 456; 42; 0; 0; 0; 0; 0; 0; 0; 9999
1994;05; 0; 0; 0; 0; 0; 0; 0; 0; 0; 0; 0; 0; 0; 79; 310; 160; 0; 0; 0; 0; 0; 0; 0; 0; 0; 0; 0; 14; 0; 0; 0
1994;06; 0; 0; 0; 0; 0; 0; 0; 0; 0; 0; 0; 0; 0; 0; 0; 0; 0; 0; 0; 0; 0; 0; 0; 105; 0; 53; 0; 0; 0; 0; 9999
1994;07; 0; 0; 0; 0; 0; 0; 0; 0; 0; 0; 0; 0; 0; 0; 0; 0; 0; 0; 0; 0; 0; 0; 33; 0; 0; 0; 0; 0; 0; 0; 0
1994;08; 0; 0; 0; 0; 0; 0; 0; 0; 0; 0; 0; 0; 0; 0; 0; 0; 0; 0; 0; 0; 0; 0; 0; 0; 0; 0; 0; 0; 0; 0; 0
1994;09; 0; 0; 0; 0; 0; 0; 0; 0; 0; 0; 0; 0; 0; 0; 0; 0; 0; 0; 0; 0; 0; 0; 0; 0; 0; 0; 0; 0; 0; 0; 9999
1994;10; 0; 0; 0; 0; 0; 0; 0; 0; 0; 0; 0; 0; 0; 0; 0; 122; 103; 0; 0; 0; 22; 31; 26; 0; 252; 0; 85; 100; 270; 104; 0
1994;11; 0; 0; 19; 0; 0; 333; 379; 0; 67; 77; 0; 295; 113; 0; 7; 40; 0; 88; 274; 0; 0; 0; 0; 0; 0; 0; 0; 0; 114; 135; 9999
1994;12; 0; 0; 95; 0; 0; 288; 810; 268; 0; 0; 80; 0; 0; 0; 410; 190; 77; 0; 379; 0; 0; 95; 164; 0; 0; 45; 368; 0; 0; 0; 245
1995;01; 200; 72; 19; 194; 200; 14; 8; 0; 31; 36; 0; 51; 10; 0; 0; 0; 0; 0; 252; 0; 0; 77; 15; 0; 0; 0; 13; 0; 482; 0; 119
1995;02; 46; 292; 4; 1148; 167; 12; 649; 247; 264; 40; 173; 720; 62; 0; 223; 59; 207; 414; 48; 249; 59; 0; 0; 0; 0; 0; 0; 0; 9999; 9999; 9999
1995;03; 0; 0; 0; 98; 281; 190; 0; 0; 0; 0; 0; 0; 82; 18; 0; 0; 0; 0; 0; 0; 96; 110; 0; 0; 374; 0; 0; 0; 0; 0; 321
1995;04; 738; 0; 0; 0; 0; 0; 0; 0; 310; 0; 10; 27; 0; 0; 0; 0; 0; 0; 0; 0; 0; 30; 0; 0; 0; 250; 0; 0; 0; 0; 9999
1995;05; 0; 0; 0; 0; 0; 142; 344; 17; 0; 0; 103; 0; 0; 0; 0; 7; 0; 0; 0; 0; 0; 0; 0; 0; 0; 0; 0; 0; 0; 0; 0
1995;06; 0; 0; 0; 0; 0; 0; 0; 0; 0; 0; 0; 0; 0; 0; 0; 0; 0; 30; 0; 0; 0; 0; 0; 0; 0; 59; 0; 0; 0; 0; 9999
1995;07; 0; 0; 0; 0; 0; 0; 0; 0; 72; 46; 170; 0; 0; 0; 0; 0; 0; 0; 0; 0; 0; 0; 0; 0; 0; 0; 0; 0; 0; 0; 0
1995;08; 0; 0; 0; 0; 0; 0; 0; 0; 0; 0; 0; 0; 0; 0; 0; 0; 0; 0; 0; 0; 0; 0; 0; 0; 0; 0; 0; 0; 0; 0; 0
1995;09; 0; 0; 0; 0; 0; 0; 0; 0; 0; 0; 0; 0; 0; 0; 0; 0; 0; 0; 30; 0; 0; 0; 0; 0; 190; 0; 153; 0; 0; 39; 9999
1995;10; 0; 0; 0; 0; 0; 0; 0; 167; 0; 0; 0; 0; 0; 657; 151; 293; 369; 179; 27; 0; 207; 0; 0; 0; 0; 0; 0; 0; 0; 0; 126
1995;11; 0; 36; 83; 23; 0; 0; 0; 0; 0; 0; 0; 177; 0; 0; 294; 0; 0; 0; 96; 0; 0; 0; 0; 25; 50; 0; 0; 31; 0; 0; 9999
1995;12; 0; 0; 0; 6; 0; 0; 71; 0; 0; 0; 35; 120; 523; 160; 0; 0; 0; 410; 268; 30; 30; 65; 33; 0; 0; 152; 115; 70; 175; 110; 0
1996;01; 0; 260; 320; 282; 10; 23; 0; 40; 470; 633; 4; 18; 539; 8; 0; 0; 0; 0; 0; 83; 348; 0; 0; 0; 0; 89; 0; 0; 0; 0; 0
1996;02; 0; 0; 258; 46; 32; 35; 81; 0; 0; 149; 0; 279; 50; 243; 0; 0; 0; 0; 0; 57; 39; 0; 0; 0; 0; 0; 0; 136; 0; 9999; 9999
1996;03; 190; 0; 0; 77; 15; 0; 67; 130; 196; 236; 0; 214; 5; 36; 0; 0; 32; 12; 91; 17; 28; 157; 57; 226; 0; 0; 0; 304; 0; 0; 48
1996;04; 0; 0; 0; 0; 0; 0; 0; 0; 0; 107; 97; 58; 0; 0; 0; 132; 512; 109; 0; 0; 0; 0; 0; 0; 0; 0; 0; 0; 0; 0; 9999
1996;05; 0; 0; 0; 0; 0; 0; 0; 0; 0; 27; 29; 0; 0; 0; 0; 312; 57; 110; 167; 0; 0; 0; 0; 0; 0; 0; 0; 0; 0; 0; 0
1996;06; 0; 0; 0; 0; 0; 0; 0; 0; 0; 0; 0; 0; 0; 0; 0; 0; 0; 0; 0; 0; 0; 0; 0; 0; 0; 0; 0; 71; 205; 0; 9999
1996;07; 0; 0; 0; 0; 0; 0; 0; 0; 0; 0; 0; 0; 0; 0; 0; 0; 0; 0; 0; 0; 0; 0; 0; 0; 0; 0; 0; 0; 0; 0; 0
1996;08; 0; 0; 0; 0; 0; 0; 0; 0; 0; 0; 89; 0; 0; 0; 4; 0; 0; 0; 0; 0; 0; 0; 0; 0; 0; 0; 0; 0; 0; 144; 0
1996;09; 0; 40; 0; 546; 47; 124; 26; 0; 0; 261; 24; 187; 0; 0; 0; 0; 17; 0; 0; 0; 0; 0; 0; 0; 0; 0; 0; 0; 0; 175; 9999
1996;10; 0; 0; 241; 48; 0; 0; 17; 0; 0; 0; 164; 20; 0; 144; 5; 0; 0; 0; 0; 0; 0; 0; 0; 40; 0; 241; 0; 265; 0; 0; 0
1996;11; 215; 40; 0; 146; 0; 0; 0; 0; 0; 0; 0; 0; 0; 0; 51; 157; 164; 23; 115; 217; 212; 557; 0; 0; 0; 0; 0; 0; 0; 0; 9999
1996;12; 0; 0; 0; 0; 0; 69; 65; 75; 0; 46; 0; 10; 78; 0; 0; 0; 165; 110; 0; 0; 0; 120; 255; 55; 0; 0; 0; 0; 0; 376; 180
1997;01; 0; 546; 287; 69; 119; 0; 130; 42; 243; 20; 11; 0; 203; 0; 132; 0; 0; 34; 440; 39; 314; 0; 20; 114; 659; 50; 250; 164; 63; 0; 197
1997;02; 0; 0; 119; 238; 0; 0; 0; 0; 0; 239; 0; 0; 0; 0; 100; 122; 124; 157; 286; 0; 0; 96; 0; 288; 0; 0; 0; 0; 9999; 9999; 9999
1997;03; 0; 142; 0; 11; 69; 48; 0; 0; 94; 0; 0; 0; 0; 0; 39; 198; 250; 18; 0; 0; 0; 0; 0; 0; 0; 0; 0; 0; 0; 0; 79
1997;04; 168; 0; 0; 0; 18; 0; 0; 0; 0; 0; 0; 0; 0; 0; 0; 0; 227; 18; 0; 0; 352; 0; 0; 139; 0; 0; 0; 0; 0; 0; 9999
1997;05; 0; 0; 0; 0; 0; 0; 0; 0; 0; 0; 0; 0; 0; 0; 0; 0; 257; 0; 0; 0; 0; 0; 188; 0; 543; 0; 0; 0; 59; 0; 0
1997;06; 0; 0; 0; 281; 85; 446; 0; 0; 0; 0; 0; 157; 0; 0; 152; 291; 0; 0; 0; 0; 0; 0; 0; 0; 0; 0; 0; 0; 0; 0; 9999
1997;07; 0; 0; 0; 0; 0; 0; 0; 0; 0; 0; 0; 0; 0; 0; 0; 0; 0; 0; 0; 0; 0; 87; 0; 0; 0; 0; 0; 0; 0; 0; 0
1997;08; 0; 0; 0; 0; 0; 0; 0; 0; 0; 0; 0; 0; 0; 0; 0; 0; 0; 0; 0; 0; 0; 0; 0; 0; 0; 0; 0; 0; 0; 0; 0
1997;09; 0; 0; 0; 0; 0; 0; 0; 0; 0; 0; 0; 0; 0; 27; 0; 0; 0; 0; 23; 0; 128; 0; 0; 0; 0; 37; 0; 0; 0; 0; 9999
1997;10; 65; 0; 0; 0; 0; 0; 84; 0; 0; 0; 0; 0; 0; 0; 0; 0; 49; 0; 0; 471; 250; 146; 0; 0; 0; 0; 53; 0; 0; 0; 0
1997;11; 187; 0; 0; 0; 128; 266; 198; 0; 0; 0; 0; 43; 0; 9; 258; 65; 78; 254; 300; 0; 0; 234; 0; 0; 0; 0; 189; 542; 143; 0; 9999
1997;12; 0; 271; 68; 7; 0; 0; 72; 28; 60; 0; 0; 0; 64; 553; 100; 45; 0; 50; 26; 0; 41; 42; 28; 0; 0; 284; 43; 0; 54; 0; 206
