33
Ano,Mes,1,2,3,4,5,6,7,8,9,10,11,12,13,14,15,16,17,18,19,20,21,22,23,24,25,26,27,28,29,30,31
1939;04; 0; 0; 0; 0; 25; 0; 0; 0; 0; 0; 0; 61; 0; 0; 0; 3; 0; 0; 0; 0; 0; 0; 0; 0; 0; 0; 180; 5; 0; 0; 9999
1939;05; 0; 0; 0; 0; 6; 0; 0; 0; 592; 25; 0; 55; 0; 0; 0; 0; 0; 0; 0; 0; 0; 0; 0; 0; 0; 0; 0; 0; 295; 297; 419
1939;06; 0; 0; 3; 205; 0; 0; 0; 0; 0; 0; 203; 0; 0; 0; 0; 177; 0; 0; 0; 0; 0; 0; 0; 0; 0; 0; 0; 0; 135; 3; 9999
1939;07; 0; 0; 0; 0; 0; 0; 0; 0; 0; 0; 0; 0; 0; 0; 0; 0; 0; 0; 0; 0; 0; 51; 0; 0; 147; 0; 0; 0; 7; 0; 0
1939;08; 0; 0; 0; 0; 0; 0; 0; 0; 0; 0; 0; 0; 0; 0; 0; 0; 0; 0; 0; 0; 0; 0; 0; 0; 0; 0; 0; 0; 0; 0; 0
1939;09; 0; 0; 0; 28; 0; 0; 0; 0; 0; 0; 0; 0; 0; 0; 0; 0; 0; 102; 280; 0; 0; 0; 0; 0; 0; 0; 0; 0; 0; 0; 9999
1939;10; 150; 36; 0; 0; 201; 0; 0; 0; 0; 0; 0; 0; 0; 0; 0; 0; 0; 0; 0; 0; 0; 190; 50; 0; 0; 0; 0; 0; 0; 0; 0
1939;11; 5; 0; 0; 0; 0; 0; 0; 42; 35; 2; 0; 0; 0; 0; 201; 0; 175; 92; 75; 0; 0; 35; 0; 0; 105; 904; 180; 170; 150; 100; 9999
1939;12; 0; 700; 0; 0; 85; 342; 85; 0; 0; 291; 0; 590; 0; 0; 0; 0; 0; 200; 320; 270; 0; 262; 241; 0; 0; 40; 15; 85; 0; 0; 0
1940;01; 690; 40; 25; 29; 14; 0; 85; 90; 360; 400; 95; 0; 0; 0; 0; 0; 0; 0; 80; 105; 0; 180; 44; 0; 45; 0; 0; 0; 0; 0; 298
1940;02; 220; 473; 182; 140; 20; 20; 140; 0; 0; 0; 0; 302; 192; 692; 58; 271; 103; 44; 60; 120; 0; 280; 0; 0; 0; 0; 0; 0; 0; 9999; 9999
1940;03; 0; 0; 0; 0; 0; 0; 0; 235; 154; 264; 638; 0; 0; 284; 563; 0; 0; 0; 0; 0; 0; 0; 0; 0; 0; 0; 0; 0; 245; 0; 0
1940;04; 0; 0; 0; 0; 0; 0; 0; 0; 0; 0; 0; 0; 0; 0; 0; 200; 0; 0; 0; 0; 0; 0; 0; 0; 0; 210; 80; 60; 0; 0; 9999
1940;05; 0; 352; 0; 0; 0; 0; 0; 0; 0; 0; 0; 0; 0; 0; 0; 71; 0; 0; 0; 0; 0; 0; 0; 0; 0; 0; 0; 0; 0; 0; 0
1940;06; 0; 0; 0; 0; 0; 0; 0; 0; 0; 0; 0; 0; 0; 0; 0; 0; 0; 0; 0; 0; 0; 0; 0; 0; 0; 0; 0; 0; 0; 0; 9999
1940;07; 0; 0; 0; 0; 0; 0; 0; 0; 0; 0; 0; 0; 0; 0; 0; 0; 0; 0; 0; 0; 0; 0; 0; 0; 0; 0; 0; 0; 0; 0; 0
1940;08; 0; 0; 0; 0; 0; 0; 0; 0; 0; 0; 0; 0; 0; 0; 0; 0; 0; 0; 0; 0; 0; 0; 0; 0; 0; 0; 0; 0; 0; 0; 0
1940;09; 0; 0; 0; 0; 0; 0; 0; 0; 0; 0; 0; 2; 13; 0; 0; 2; 0; 0; 0; 0; 0; 0; 3; 2; 55; 0; 0; 0; 0; 0; 9999
1940;10; 0; 0; 0; 0; 0; 0; 0; 0; 0; 0; 62; 0; 0; 0; 0; 0; 0; 0; 0; 0; 200; 62; 0; 0; 0; 0; 0; 102; 8; 9; 0
1940;11; 0; 0; 80; 0; 80; 0; 0; 0; 0; 0; 200; 300; 400; 340; 650; 0; 0; 0; 0; 0; 70; 0; 0; 0; 0; 10; 80; 70; 30; 0; 9999
1940;12; 9; 0; 0; 0; 0; 0; 0; 106; 0; 0; 0; 0; 250; 30; 0; 0; 0; 0; 0; 407; 0; 10; 0; 400; 0; 0; 0; 0; 0; 408; 5
1941;01; 100; 0; 170; 802; 0; 5; 0; 0; 0; 0; 0; 50; 205; 60; 0; 206; 0; 0; 17; 0; 0; 200; 305; 0; 415; 0; 0; 0; 0; 0; 0
1941;02; 0; 0; 0; 102; 0; 0; 0; 104; 0; 0; 0; 0; 0; 0; 0; 0; 0; 40; 0; 0; 0; 0; 30; 40; 0; 0; 0; 0; 9999; 9999; 9999
1941;03; 0; 0; 0; 120; 0; 0; 0; 0; 0; 0; 0; 0; 0; 30; 0; 0; 40; 0; 0; 0; 0; 213; 45; 50; 180; 0; 0; 0; 0; 0; 140
1941;04; 0; 0; 40; 0; 0; 0; 240; 0; 0; 0; 0; 0; 0; 0; 0; 0; 0; 75; 0; 0; 0; 0; 0; 0; 0; 0; 0; 0; 0; 0; 9999
1941;05; 0; 0; 0; 0; 0; 0; 0; 0; 0; 0; 0; 0; 0; 0; 0; 35; 0; 0; 0; 0; 0; 0; 0; 0; 0; 0; 65; 3; 0; 0; 0
1941;06; 0; 0; 0; 0; 0; 0; 0; 0; 0; 0; 0; 0; 0; 0; 0; 0; 0; 0; 0; 0; 0; 0; 0; 0; 0; 0; 118; 0; 0; 0; 9999
1941;07; 0; 0; 0; 0; 0; 0; 0; 5; 26; 0; 0; 0; 0; 0; 0; 0; 180; 0; 15; 10; 0; 0; 0; 0; 0; 0; 0; 0; 0; 0; 0
1941;08; 0; 0; 0; 0; 0; 0; 0; 0; 0; 0; 0; 0; 0; 0; 0; 20; 50; 10; 0; 0; 0; 0; 0; 18; 0; 0; 0; 0; 0; 0; 0
1941;09; 0; 0; 460; 70; 0; 10; 303; 0; 0; 0; 3; 2; 56; 407; 201; 5; 26; 53; 413; 0; 2; 15; 0; 1; 20; 80; 55; 82; 0; 0; 9999
1941;10; 0; 0; 0; 0; 0; 0; 0; 70; 20; 0; 0; 0; 0; 0; 0; 0; 0; 0; 0; 0; 0; 0; 0; 0; 0; 0; 0; 0; 93; 0; 0
1941;11; 330; 150; 0; 0; 0; 200; 283; 0; 55; 0; 0; 0; 0; 0; 0; 0; 4; 0; 0; 0; 0; 0; 0; 0; 0; 30; 423; 0; 0; 0; 9999
1941;12; 0; 0; 0; 220; 60; 0; 30; 0; 0; 0; 220; 60; 0; 0; 140; 0; 0; 0; 380; 150; 100; 0; 0; 0; 0; 0; 70; 0; 140; 0; 0
1942;01; 240; 230; 0; 0; 0; 0; 0; 0; 0; 0; 500; 80; 20; 0; 0; 20; 0; 640; 0; 200; 100; 0; 0; 0; 0; 0; 20; 380; 0; 140; 120
1942;02; 170; 43; 201; 206; 0; 0; 0; 0; 463; 0; 0; 0; 70; 124; 30; 110; 0; 270; 270; 260; 80; 180; 430; 0; 0; 0; 0; 0; 9999; 9999; 9999
1942;03; 0; 0; 40; 900; 1400; 600; 10; 0; 0; 420; 250; 280; 320; 450; 1; 1; 0; 0; 0; 0; 320; 0; 190; 0; 0; 0; 0; 0; 50; 0; 110
1942;04; 0; 40; 0; 0; 190; 70; 0; 0; 0; 0; 0; 0; 0; 250; 0; 80; 0; 0; 0; 60; 0; 0; 0; 0; 0; 0; 0; 0; 0; 0; 9999
1942;05; 0; 0; 0; 0; 0; 85; 80; 0; 0; 0; 0; 0; 0; 0; 0; 0; 0; 0; 0; 0; 0; 0; 0; 0; 0; 0; 0; 0; 0; 0; 0
1942;06; 0; 0; 0; 0; 0; 8; 25; 0; 0; 1; 137; 0; 0; 0; 0; 0; 0; 0; 0; 0; 0; 0; 0; 0; 0; 0; 0; 0; 0; 0; 9999
1942;07; 0; 0; 0; 8; 49; 0; 0; 0; 0; 20; 182; 0; 0; 0; 0; 0; 0; 0; 0; 0; 0; 0; 0; 0; 0; 0; 0; 0; 0; 0; 0
1942;08; 0; 0; 0; 0; 0; 0; 0; 0; 0; 0; 0; 0; 0; 0; 0; 0; 0; 0; 0; 0; 0; 0; 0; 0; 0; 0; 0; 0; 0; 0; 0
1942;09; 0; 0; 0; 0; 0; 37; 0; 0; 0; 0; 0; 0; 0; 0; 0; 0; 0; 37; 35; 34; 0; 0; 0; 36; 0; 0; 0; 0; 0; 0; 9999
1942;10; 0; 0; 0; 0; 80; 0; 0; 0; 0; 0; 0; 0; 0; 0; 100; 0; 0; 0; 0; 0; 0; 0; 0; 0; 0; 82; 65; 100; 0; 0; 0
1942;11; 215; 70; 0; 0; 0; 0; 0; 0; 0; 0; 0; 0; 30; 273; 0; 0; 0; 50; 0; 200; 0; 0; 0; 0; 0; 100; 165; 35; 135; 10; 9999
1942;12; 125; 57; 0; 0; 0; 0; 0; 10; 10; 80; 113; 0; 0; 120; 330; 0; 0; 32; 20; 11; 50; 220; 0; 80; 50; 0; 40; 20; 0; 30; 0
1943;01; 0; 121; 0; 165; 0; 0; 93; 140; 0; 63; 0; 120; 0; 700; 63; 25; 0; 175; 202; 200; 0; 200; 180; 182; 0; 0; 0; 5; 563; 0; 366
1943;02; 0; 0; 0; 0; 0; 0; 0; 0; 10; 0; 0; 0; 20; 10; 19; 290; 104; 0; 0; 20; 80; 93; 105; 0; 0; 10; 0; 120; 9999; 9999; 9999
1943;03; 0; 0; 0; 0; 0; 200; 700; 320; 30; 110; 0; 0; 0; 0; 160; 0; 0; 0; 0; 210; 62; 100; 0; 0; 0; 0; 65; 0; 0; 154; 45
1943;04; 0; 0; 0; 0; 0; 0; 0; 0; 0; 0; 0; 0; 0; 0; 0; 0; 0; 0; 0; 0; 0; 0; 0; 0; 0; 0; 0; 0; 0; 0; 9999
1943;05; 0; 0; 0; 0; 0; 0; 0; 0; 0; 0; 0; 0; 0; 0; 0; 0; 0; 0; 0; 0; 0; 0; 0; 0; 0; 0; 0; 0; 0; 0; 0
1943;06; 0; 0; 0; 0; 0; 0; 0; 395; 48; 0; 0; 5; 0; 0; 0; 0; 0; 0; 0; 0; 0; 0; 0; 0; 0; 65; 0; 0; 0; 0; 9999
1943;07; 0; 0; 0; 0; 0; 0; 0; 0; 0; 0; 0; 0; 0; 0; 0; 0; 0; 0; 0; 0; 0; 0; 0; 0; 0; 0; 0; 0; 0; 0; 0
1943;08; 0; 0; 0; 15; 5; 0; 0; 0; 0; 0; 0; 0; 0; 0; 0; 0; 0; 0; 0; 0; 0; 0; 0; 2; 0; 0; 0; 0; 0; 0; 0
1943;09; 0; 0; 0; 0; 0; 0; 0; 0; 0; 0; 65; 40; 160; 50; 0; 0; 0; 3; 0; 0; 0; 2; 100; 300; 0; 0; 0; 0; 0; 0; 9999
1943;10; 0; 20; 485; 2; 0; 0; 0; 0; 200; 205; 420; 87; 0; 70; 0; 0; 0; 0; 0; 0; 0; 502; 21; 0; 0; 0; 500; 20; 0; 0; 140
1943;11; 20; 205; 120; 5; 0; 205; 0; 20; 0; 130; 0; 15; 0; 8; 0; 0; 305; 545; 0; 0; 0; 70; 0; 0; 0; 0; 0; 0; 0; 0; 9999
1943;12; 100; 0; 100; 340; 0; 0; 0; 0; 0; 0; 0; 112; 400; 0; 0; 20; 0; 0; 0; 0; 0; 0; 0; 0; 0; 302; 0; 170; 450; 150; 140
1944;01; 0; 0; 0; 0; 0; 0; 0; 101; 30; 0; 0; 9; 0; 0; 0; 0; 205; 0; 0; 0; 0; 0; 0; 0; 608; 450; 9; 0; 0; 300; 0
1944;02; 100; 0; 40; 50; 0; 0; 0; 0; 0; 0; 0; 0; 0; 200; 800; 0; 0; 770; 60; 0; 0; 0; 20; 400; 0; 0; 0; 500; 80; 9999; 9999
1944;03; 200; 100; 20; 150; 230; 370; 0; 0; 0; 0; 0; 100; 0; 200; 0; 0; 250; 0; 0; 0; 0; 0; 0; 0; 0; 0; 0; 0; 0; 0; 0
1944;04; 0; 0; 0; 0; 0; 0; 0; 0; 0; 53; 0; 0; 0; 0; 0; 0; 0; 0; 0; 0; 0; 0; 0; 0; 0; 0; 0; 0; 0; 0; 9999
1944;05; 0; 0; 0; 0; 0; 0; 0; 0; 0; 0; 52; 0; 0; 0; 0; 0; 0; 0; 0; 0; 0; 0; 0; 0; 0; 0; 0; 0; 0; 0; 0
1944;06; 0; 0; 0; 0; 0; 0; 0; 0; 0; 0; 0; 0; 0; 0; 0; 0; 0; 0; 0; 0; 0; 0; 0; 0; 0; 0; 0; 0; 0; 0; 9999
1944;07; 0; 0; 0; 0; 0; 0; 0; 0; 0; 0; 0; 0; 0; 0; 0; 0; 0; 0; 0; 0; 0; 0; 0; 0; 0; 0; 0; 0; 0; 0; 0
1944;08; 0; 0; 0; 0; 0; 0; 0; 0; 0; 0; 0; 0; 0; 0; 0; 0; 0; 0; 0; 0; 0; 0; 0; 0; 0; 0; 0; 0; 0; 0; 0
1944;09; 0; 0; 0; 0; 0; 0; 0; 0; 0; 0; 0; 0; 0; 0; 0; 0; 0; 0; 0; 0; 0; 0; 0; 0; 0; 0; 0; 0; 0; 0; 9999
1944;10; 0; 0; 0; 0; 0; 0; 0; 0; 0; 0; 0; 0; 138; 168; 0; 0; 64; 0; 0; 0; 0; 0; 0; 0; 0; 140; 61; 48; 0; 0; 0
1944;11; 0; 0; 0; 6; 0; 0; 10; 8; 0; 0; 0; 0; 0; 5; 28; 12; 0; 0; 0; 0; 0; 0; 105; 340; 0; 0; 180; 0; 0; 0; 9999
1944;12; 0; 0; 0; 0; 304; 0; 0; 0; 0; 0; 0; 0; 0; 0; 0; 0; 0; 0; 0; 0; 0; 0; 0; 0; 0; 0; 0; 0; 0; 0; 0
1945;01; 0; 221; 0; 0; 0; 0; 0; 0; 0; 0; 0; 0; 0; 0; 0; 349; 232; 0; 0; 0; 136; 109; 0; 0; 0; 0; 0; 670; 372; 96; 132
1945;02; 502; 0; 295; 0; 0; 162; 0; 0; 0; 0; 0; 0; 0; 0; 0; 0; 198; 0; 0; 127; 0; 451; 52; 0; 0; 0; 0; 83; 9999; 9999; 9999
1945;03; 80; 276; 0; 0; 0; 0; 0; 0; 0; 0; 0; 0; 0; 0; 0; 0; 0; 0; 267; 0; 0; 0; 0; 602; 0; 0; 0; 0; 0; 0; 0
1945;04; 0; 0; 34; 153; 0; 0; 0; 0; 0; 0; 0; 0; 0; 0; 0; 0; 0; 0; 430; 0; 0; 0; 0; 0; 0; 0; 0; 0; 0; 0; 9999
1945;05; 0; 0; 0; 0; 0; 0; 0; 0; 0; 0; 0; 0; 0; 0; 0; 0; 7; 0; 0; 0; 0; 0; 0; 0; 0; 0; 0; 0; 0; 0; 0
1945;06; 0; 0; 0; 0; 0; 50; 0; 0; 0; 0; 0; 0; 0; 0; 0; 0; 0; 0; 0; 370; 320; 0; 10; 100; 120; 0; 0; 0; 0; 0; 9999
1945;07; 0; 0; 0; 0; 190; 0; 0; 0; 0; 0; 0; 0; 0; 0; 0; 0; 0; 0; 0; 0; 0; 0; 0; 0; 0; 0; 0; 0; 0; 0; 0
1945;08; 0; 0; 0; 0; 0; 0; 0; 0; 0; 0; 0; 0; 0; 0; 0; 0; 0; 0; 0; 0; 0; 0; 0; 0; 0; 0; 0; 0; 0; 0; 0
1945;09; 0; 0; 0; 0; 0; 0; 0; 0; 0; 0; 0; 0; 0; 0; 0; 190; 0; 0; 0; 0; 0; 0; 0; 0; 0; 0; 0; 0; 0; 0; 9999
1945;10; 0; 0; 40; 80; 0; 240; 0; 0; 100; 260; 0; 0; 0; 0; 0; 0; 0; 0; 0; 0; 0; 0; 0; 0; 0; 0; 10; 0; 0; 50; 0
1945;11; 620; 100; 0; 0; 0; 0; 0; 0; 320; 0; 0; 210; 150; 130; 0; 0; 0; 0; 300; 0; 190; 160; 0; 0; 10; 0; 340; 0; 0; 0; 9999
1945;12; 0; 0; 0; 210; 0; 0; 0; 0; 0; 0; 0; 0; 500; 500; 100; 0; 0; 0; 0; 450; 0; 0; 0; 0; 0; 20; 50; 0; 370; 0; 80
1946;01; 150; 0; 0; 160; 150; 600; 510; 20; 0; 0; 0; 190; 160; 0; 200; 0; 0; 0; 0; 420; 0; 0; 0; 0; 250; 40; 0; 350; 340; 0; 0
1946;02; 0; 0; 0; 0; 0; 0; 50; 250; 220; 140; 0; 0; 0; 0; 250; 340; 0; 20; 0; 0; 20; 40; 150; 0; 290; 0; 0; 0; 9999; 9999; 9999
1946;03; 0; 320; 0; 40; 20; 0; 160; 0; 0; 0; 240; 250; 0; 230; 170; 0; 0; 100; 0; 0; 130; 0; 0; 40; 0; 0; 0; 0; 0; 0; 0
1946;04; 220; 50; 0; 0; 0; 0; 20; 0; 0; 0; 0; 0; 0; 0; 0; 0; 0; 0; 0; 0; 0; 0; 0; 0; 0; 0; 0; 0; 0; 0; 9999
1946;05; 0; 70; 0; 0; 0; 0; 0; 0; 0; 0; 0; 100; 0; 0; 0; 0; 0; 0; 0; 0; 0; 0; 0; 0; 0; 0; 0; 0; 0; 0; 0
1946;06; 30; 440; 0; 0; 0; 0; 0; 0; 0; 0; 0; 0; 0; 0; 0; 40; 0; 0; 0; 0; 0; 0; 0; 0; 0; 0; 0; 0; 0; 0; 9999
1946;07; 0; 0; 0; 0; 0; 0; 0; 0; 50; 0; 0; 100; 190; 160; 0; 190; 30; 0; 0; 0; 0; 0; 0; 10; 0; 0; 0; 0; 0; 0; 0
1946;08; 0; 0; 0; 0; 0; 0; 0; 0; 0; 0; 0; 0; 0; 0; 0; 0; 0; 0; 0; 0; 0; 0; 0; 0; 0; 0; 0; 0; 0; 0; 0
1946;09; 0; 0; 0; 0; 0; 0; 0; 0; 0; 0; 0; 0; 0; 0; 50; 0; 0; 0; 0; 0; 0; 0; 60; 40; 0; 0; 0; 0; 0; 0; 9999
1946;10; 0; 0; 0; 0; 0; 0; 0; 390; 0; 0; 0; 0; 0; 100; 0; 0; 270; 140; 260; 0; 0; 30; 0; 0; 0; 0; 0; 0; 0; 0; 0
1946;11; 20; 170; 0; 0; 0; 0; 0; 50; 90; 0; 0; 0; 0; 0; 0; 0; 0; 0; 0; 0; 1; 0; 0; 0; 0; 60; 0; 0; 0; 100; 9999
1946;12; 0; 0; 0; 0; 0; 60; 210; 0; 770; 0; 0; 0; 0; 0; 240; 0; 290; 80; 0; 230; 0; 0; 0; 290; 270; 0; 70; 0; 50; 0; 0
1947;01; 140; 150; 390; 30; 160; 0; 170; 0; 0; 0; 0; 0; 120; 240; 170; 0; 70; 0; 0; 890; 120; 0; 0; 320; 120; 160; 0; 420; 30; 90; 30
1947;02; 0; 0; 0; 0; 150; 0; 0; 30; 0; 0; 0; 300; 0; 170; 0; 460; 530; 560; 1260; 0; 0; 380; 80; 0; 140; 150; 0; 670; 9999; 9999; 9999
1947;03; 240; 30; 120; 0; 150; 350; 50; 70; 170; 0; 190; 160; 0; 0; 0; 70; 100; 100; 300; 0; 0; 0; 0; 0; 0; 100; 100; 300; 100; 0; 0
1947;04; 0; 0; 0; 0; 0; 0; 0; 20; 0; 0; 0; 0; 0; 0; 0; 0; 0; 0; 0; 0; 0; 0; 0; 0; 0; 0; 0; 0; 0; 0; 9999
1947;05; 0; 0; 0; 0; 0; 0; 0; 0; 0; 0; 0; 0; 0; 0; 0; 100; 0; 0; 210; 0; 0; 0; 0; 0; 0; 0; 0; 0; 0; 0; 0
1947;06; 0; 0; 0; 0; 0; 0; 0; 0; 0; 0; 0; 0; 0; 0; 0; 0; 0; 0; 0; 110; 0; 120; 0; 0; 0; 0; 0; 0; 0; 0; 9999
1947;07; 0; 0; 0; 30; 0; 0; 0; 0; 100; 90; 0; 0; 0; 0; 0; 0; 0; 0; 0; 0; 0; 0; 0; 0; 0; 0; 50; 0; 0; 0; 0
1947;08; 70; 0; 0; 0; 0; 0; 0; 0; 0; 0; 0; 0; 0; 0; 0; 0; 0; 0; 0; 0; 0; 0; 0; 0; 0; 0; 0; 170; 270; 0; 0
1947;09; 60; 0; 0; 0; 0; 0; 0; 0; 310; 0; 120; 0; 0; 0; 0; 0; 240; 0; 160; 0; 0; 0; 0; 450; 0; 120; 0; 0; 0; 0; 9999
1947;10; 0; 350; 0; 0; 140; 0; 0; 30; 350; 0; 0; 0; 0; 0; 60; 0; 0; 0; 0; 0; 0; 0; 100; 460; 280; 0; 0; 0; 0; 0; 0
1947;11; 0; 0; 0; 0; 0; 0; 0; 0; 0; 420; 0; 0; 0; 0; 0; 0; 0; 0; 0; 0; 0; 0; 0; 0; 90; 300; 340; 0; 0; 0; 9999
1947;12; 0; 0; 0; 0; 0; 0; 0; 0; 430; 0; 360; 0; 220; 0; 0; 0; 380; 0; 0; 0; 270; 0; 0; 0; 290; 0; 160; 0; 0; 130; 0
1948;01; 0; 0; 0; 0; 0; 0; 0; 250; 0; 0; 0; 550; 0; 0; 40; 260; 210; 0; 90; 100; 0; 420; 0; 0; 0; 0; 0; 0; 150; 0; 0
1948;02; 210; 0; 420; 0; 0; 160; 0; 130; 0; 180; 140; 0; 0; 180; 120; 0; 0; 0; 0; 0; 0; 0; 160; 0; 0; 0; 0; 180; 0; 9999; 9999
1948;03; 0; 0; 0; 0; 0; 0; 0; 0; 0; 160; 0; 250; 0; 290; 0; 360; 90; 0; 60; 0; 0; 0; 0; 0; 0; 0; 0; 0; 0; 0; 0
1948;04; 0; 0; 0; 0; 0; 0; 0; 0; 0; 0; 0; 0; 0; 0; 0; 0; 0; 0; 0; 0; 0; 0; 0; 0; 0; 0; 0; 0; 0; 0; 9999
1948;05; 0; 0; 0; 0; 0; 0; 0; 0; 0; 0; 0; 0; 0; 0; 0; 0; 0; 210; 190; 0; 0; 0; 0; 0; 0; 0; 0; 0; 0; 0; 0
1948;06; 0; 0; 0; 0; 0; 0; 0; 0; 0; 0; 0; 0; 0; 0; 0; 0; 0; 0; 0; 0; 0; 0; 0; 0; 0; 0; 0; 0; 0; 0; 9999
1948;07; 0; 0; 0; 0; 0; 0; 0; 0; 0; 0; 0; 0; 0; 0; 0; 0; 0; 0; 0; 0; 0; 0; 0; 0; 0; 250; 0; 50; 0; 0; 0
1948;08; 0; 0; 0; 0; 0; 0; 0; 0; 0; 0; 0; 50; 0; 0; 0; 0; 0; 0; 0; 0; 0; 0; 0; 0; 0; 0; 0; 0; 0; 0; 0
1948;09; 0; 0; 0; 0; 0; 0; 0; 0; 0; 0; 0; 0; 0; 0; 0; 0; 0; 0; 0; 0; 0; 0; 0; 0; 0; 0; 0; 0; 0; 0; 9999
1948;10; 0; 0; 0; 570; 0; 40; 20; 0; 0; 80; 0; 160; 0; 0; 0; 0; 0; 0; 0; 0; 0; 0; 0; 0; 0; 0; 0; 30; 210; 0; 0
1948;11; 0; 650; 160; 0; 0; 30; 140; 0; 80; 0; 0; 0; 0; 0; 0; 680; 510; 180; 0; 0; 0; 0; 0; 0; 0; 0; 110; 0; 0; 0; 9999
1948;12; 0; 320; 0; 150; 0; 0; 0; 0; 100; 0; 0; 0; 0; 0; 0; 0; 570; 390; 0; 0; 0; 0; 0; 0; 0; 0; 0; 0; 40; 0; 0
1949;01; 0; 0; 0; 0; 0; 0; 0; 0; 0; 220; 140; 150; 400; 290; 0; 0; 0; 50; 0; 0; 0; 0; 0; 0; 0; 0; 0; 0; 0; 0; 470
1949;02; 0; 0; 0; 140; 0; 0; 100; 0; 480; 0; 0; 0; 0; 0; 0; 90; 140; 110; 0; 0; 100; 190; 50; 0; 0; 0; 0; 0; 9999; 9999; 9999
1949;03; 0; 0; 0; 0; 110; 0; 0; 0; 160; 0; 0; 0; 0; 0; 0; 0; 0; 0; 0; 0; 0; 0; 0; 0; 590; 0; 0; 240; 0; 90; 0
1949;04; 100; 230; 120; 0; 0; 0; 0; 0; 0; 0; 0; 0; 0; 0; 0; 0; 0; 0; 0; 0; 0; 0; 250; 150; 0; 0; 0; 0; 0; 0; 9999
1949;05; 0; 0; 0; 0; 140; 0; 250; 0; 0; 0; 0; 340; 0; 0; 0; 0; 0; 0; 0; 0; 0; 0; 0; 0; 0; 0; 0; 0; 0; 0; 0
1949;06; 0; 0; 0; 0; 70; 0; 0; 0; 0; 40; 0; 0; 0; 0; 140; 0; 0; 0; 0; 0; 0; 0; 0; 0; 0; 0; 0; 0; 0; 0; 9999
1949;07; 0; 0; 0; 0; 0; 0; 0; 0; 0; 0; 0; 0; 0; 0; 0; 0; 0; 10; 0; 0; 0; 0; 0; 0; 0; 0; 0; 0; 0; 0; 0
1949;08; 0; 0; 0; 0; 0; 0; 0; 0; 0; 0; 0; 0; 0; 0; 0; 0; 0; 0; 0; 0; 0; 0; 0; 0; 0; 0; 0; 0; 0; 0; 0
1949;09; 0; 0; 0; 0; 0; 0; 0; 0; 0; 0; 0; 0; 0; 0; 0; 0; 0; 0; 0; 0; 0; 0; 0; 0; 0; 0; 0; 0; 0; 0; 9999
1949;10; 0; 0; 0; 0; 0; 0; 60; 0; 0; 0; 40; 0; 0; 0; 0; 0; 30; 0; 0; 0; 50; 0; 0; 0; 140; 0; 0; 0; 0; 0; 0
1949;11; 0; 0; 0; 0; 0; 160; 0; 0; 0; 360; 0; 0; 0; 0; 0; 0; 0; 50; 30; 0; 40; 150; 0; 0; 0; 0; 0; 0; 0; 0; 9999
1949;12; 80; 750; 360; 0; 0; 0; 0; 250; 120; 0; 0; 0; 0; 0; 240; 420; 460; 0; 0; 0; 0; 0; 70; 90; 0; 230; 170; 0; 0; 0; 0
1950;01; 0; 0; 170; 0; 100; 70; 0; 0; 0; 0; 110; 0; 0; 0; 0; 0; 0; 0; 250; 290; 0; 0; 130; 310; 250; 0; 480; 70; 0; 0; 0
1950;02; 0; 100; 0; 270; 0; 0; 320; 40; 0; 440; 90; 0; 270; 140; 60; 310; 0; 330; 0; 50; 40; 100; 0; 0; 0; 0; 0; 0; 9999; 9999; 9999
1950;03; 240; 0; 0; 0; 0; 100; 60; 0; 360; 0; 0; 0; 40; 0; 0; 0; 70; 0; 450; 340; 350; 80; 0; 0; 0; 0; 0; 0; 0; 0; 0
1950;04; 0; 0; 170; 0; 0; 0; 0; 0; 0; 0; 0; 0; 0; 270; 0; 0; 0; 0; 0; 0; 120; 0; 0; 0; 0; 0; 670; 280; 0; 0; 9999
1950;05; 0; 0; 0; 220; 0; 0; 0; 0; 0; 0; 0; 0; 0; 0; 0; 0; 0; 0; 0; 0; 0; 0; 0; 0; 0; 0; 0; 0; 0; 0; 0
1950;06; 0; 0; 0; 0; 0; 0; 0; 0; 0; 0; 0; 0; 0; 0; 0; 0; 70; 0; 0; 0; 0; 0; 0; 0; 0; 0; 0; 0; 0; 0; 9999
1950;07; 0; 0; 0; 0; 0; 0; 0; 0; 0; 0; 0; 0; 0; 0; 0; 0; 0; 0; 0; 0; 0; 0; 0; 0; 0; 0; 0; 0; 0; 0; 0
1950;08; 0; 0; 0; 0; 0; 0; 0; 0; 0; 0; 0; 0; 0; 0; 0; 0; 0; 0; 0; 0; 0; 0; 0; 0; 0; 0; 0; 0; 0; 0; 0
1950;09; 0; 0; 0; 0; 0; 0; 0; 0; 0; 0; 0; 0; 0; 0; 0; 0; 0; 0; 0; 0; 0; 0; 0; 0; 0; 0; 0; 0; 0; 0; 9999
1950;10; 0; 0; 0; 0; 0; 380; 0; 0; 0; 0; 0; 0; 200; 0; 0; 110; 0; 0; 540; 0; 0; 0; 0; 0; 100; 0; 0; 0; 0; 0; 0
1950;11; 0; 0; 0; 0; 0; 0; 0; 90; 140; 0; 0; 0; 360; 0; 0; 0; 100; 0; 60; 160; 0; 200; 0; 0; 0; 170; 0; 80; 810; 110; 9999
1950;12; 280; 0; 0; 0; 0; 290; 0; 0; 0; 0; 0; 0; 370; 0; 860; 0; 0; 0; 0; 0; 0; 0; 0; 0; 0; 0; 0; 80; 0; 0; 0
1951;01; 0; 0; 290; 190; 0; 120; 0; 0; 0; 0; 0; 260; 110; 0; 0; 160; 0; 0; 180; 360; 0; 0; 80; 0; 0; 340; 210; 0; 220; 0; 0
1951;02; 0; 0; 120; 0; 0; 90; 160; 80; 390; 0; 0; 0; 0; 0; 0; 0; 0; 40; 220; 0; 120; 0; 150; 0; 0; 0; 0; 0; 9999; 9999; 9999
1951;03; 0; 0; 0; 0; 0; 0; 0; 450; 0; 0; 0; 0; 0; 0; 0; 0; 290; 0; 0; 340; 0; 0; 0; 90; 0; 0; 0; 0; 0; 0; 0
1951;04; 0; 280; 0; 0; 0; 0; 0; 0; 0; 0; 0; 0; 0; 0; 0; 0; 0; 0; 0; 0; 0; 0; 0; 0; 0; 0; 0; 0; 0; 0; 9999
1951;05; 0; 0; 0; 0; 0; 0; 0; 0; 0; 0; 0; 0; 0; 0; 0; 0; 0; 0; 0; 0; 0; 0; 0; 0; 0; 0; 0; 0; 0; 80; 0
1951;06; 0; 0; 0; 0; 50; 0; 0; 0; 0; 0; 0; 0; 0; 0; 0; 0; 0; 0; 0; 0; 0; 0; 0; 0; 0; 0; 0; 100; 0; 0; 9999
1951;07; 0; 0; 0; 0; 0; 0; 0; 0; 0; 0; 0; 0; 0; 0; 0; 0; 0; 0; 0; 0; 0; 0; 0; 0; 0; 0; 0; 0; 0; 0; 0
1951;08; 0; 0; 0; 0; 40; 0; 0; 0; 0; 0; 0; 0; 0; 0; 0; 0; 0; 0; 0; 0; 0; 220; 0; 0; 0; 0; 0; 0; 0; 0; 0
1951;09; 0; 0; 0; 0; 0; 0; 0; 0; 0; 0; 0; 0; 0; 0; 0; 0; 0; 0; 0; 0; 0; 0; 0; 0; 0; 0; 0; 0; 0; 0; 9999
1951;10; 0; 0; 0; 0; 0; 120; 0; 0; 0; 0; 20; 0; 0; 0; 130; 0; 0; 0; 180; 190; 0; 0; 0; 0; 300; 0; 0; 0; 140; 0; 0
1951;11; 0; 0; 0; 40; 0; 0; 0; 0; 0; 0; 0; 0; 0; 0; 90; 0; 0; 0; 270; 0; 0; 0; 0; 800; 720; 0; 0; 650; 30; 0; 9999
1951;12; 0; 0; 380; 0; 0; 50; 180; 140; 0; 130; 120; 0; 0; 0; 0; 0; 0; 0; 0; 0; 0; 270; 0; 0; 0; 0; 0; 0; 10; 0; 0
1952;01; 100; 0; 0; 0; 0; 0; 0; 200; 0; 40; 0; 0; 0; 60; 80; 670; 80; 0; 0; 0; 0; 0; 0; 80; 240; 220; 0; 0; 160; 0; 0
1952;02; 20; 0; 0; 0; 0; 170; 0; 100; 0; 50; 0; 290; 0; 80; 0; 0; 0; 0; 490; 0; 0; 70; 0; 500; 0; 150; 0; 0; 210; 9999; 9999
1952;03; 70; 0; 170; 0; 70; 0; 0; 210; 0; 570; 280; 120; 0; 0; 360; 0; 250; 0; 0; 0; 0; 0; 0; 220; 0; 190; 0; 0; 0; 170; 0
1952;04; 120; 0; 0; 0; 0; 0; 0; 0; 0; 0; 0; 0; 0; 0; 0; 0; 0; 0; 0; 0; 0; 0; 0; 0; 0; 0; 0; 0; 0; 0; 9999
1952;05; 0; 0; 0; 0; 0; 0; 0; 0; 0; 0; 0; 0; 0; 0; 0; 0; 0; 0; 0; 0; 0; 0; 0; 0; 0; 0; 0; 0; 0; 0; 0
1952;06; 0; 0; 0; 0; 0; 0; 0; 0; 0; 0; 200; 0; 0; 0; 0; 0; 270; 280; 20; 0; 0; 0; 0; 0; 0; 0; 0; 0; 0; 0; 9999
1952;07; 0; 0; 0; 0; 0; 0; 0; 0; 0; 0; 0; 0; 0; 0; 0; 0; 0; 0; 0; 0; 0; 0; 0; 0; 0; 0; 0; 0; 0; 0; 0
1952;08; 0; 0; 0; 0; 0; 0; 0; 0; 0; 0; 0; 0; 0; 0; 0; 0; 0; 0; 0; 0; 0; 0; 0; 0; 0; 0; 0; 0; 0; 0; 0
1952;09; 0; 0; 0; 0; 0; 70; 0; 0; 0; 0; 0; 0; 0; 0; 0; 0; 350; 0; 40; 0; 0; 0; 0; 0; 0; 0; 0; 0; 0; 0; 9999
1952;10; 0; 0; 0; 0; 0; 0; 0; 70; 110; 0; 0; 80; 0; 210; 0; 0; 0; 400; 690; 200; 0; 0; 0; 0; 90; 0; 0; 0; 0; 0; 0
1952;11; 0; 0; 0; 0; 0; 0; 0; 0; 0; 0; 1690; 0; 0; 0; 0; 0; 0; 320; 0; 590; 0; 0; 0; 0; 0; 0; 210; 0; 0; 0; 9999
1952;12; 210; 60; 0; 0; 0; 103; 0; 0; 0; 0; 0; 50; 0; 0; 0; 0; 0; 0; 0; 0; 0; 0; 0; 0; 0; 0; 167; 0; 130; 0; 180
1953;01; 50; 360; 0; 300; 100; 0; 0; 720; 0; 0; 0; 0; 0; 0; 0; 0; 0; 0; 0; 0; 0; 0; 0; 220; 0; 0; 0; 40; 220; 0; 0
1953;02; 0; 0; 250; 0; 0; 0; 0; 0; 0; 0; 0; 300; 0; 0; 80; 0; 0; 0; 210; 0; 0; 60; 0; 60; 60; 80; 0; 0; 9999; 9999; 9999
1953;03; 0; 0; 0; 0; 0; 0; 0; 0; 0; 0; 40; 0; 0; 0; 0; 120; 160; 0; 0; 20; 0; 0; 0; 250; 320; 270; 0; 190; 0; 50; 0
1953;04; 0; 0; 90; 0; 0; 0; 0; 150; 0; 0; 0; 0; 0; 0; 0; 0; 20; 0; 0; 0; 0; 270; 0; 0; 0; 0; 0; 0; 0; 0; 9999
1953;05; 0; 0; 0; 0; 120; 0; 0; 0; 0; 0; 0; 0; 0; 0; 0; 0; 0; 0; 0; 0; 0; 0; 200; 0; 0; 140; 0; 0; 0; 0; 0
1953;06; 130; 0; 0; 0; 0; 0; 0; 0; 0; 120; 0; 0; 0; 0; 0; 0; 0; 0; 0; 0; 0; 0; 0; 0; 0; 0; 0; 0; 0; 0; 9999
1953;07; 0; 0; 0; 0; 0; 0; 0; 0; 80; 120; 0; 0; 0; 0; 0; 0; 0; 0; 20; 0; 0; 0; 0; 0; 0; 0; 0; 0; 0; 0; 0
1953;08; 0; 0; 0; 0; 0; 0; 0; 0; 0; 0; 0; 0; 0; 0; 0; 0; 0; 0; 0; 0; 0; 0; 0; 170; 0; 0; 0; 0; 0; 0; 0
1953;09; 0; 0; 0; 0; 50; 0; 0; 0; 0; 0; 10; 330; 0; 0; 90; 120; 0; 0; 0; 0; 0; 30; 0; 0; 0; 0; 0; 0; 0; 0; 9999
1953;10; 0; 0; 70; 0; 140; 0; 130; 0; 0; 0; 0; 0; 0; 0; 0; 0; 600; 180; 0; 0; 0; 100; 0; 0; 0; 0; 0; 0; 0; 0; 0
1953;11; 0; 90; 180; 0; 0; 0; 0; 450; 0; 0; 0; 0; 620; 0; 0; 0; 0; 0; 0; 0; 0; 0; 40; 20; 0; 0; 0; 0; 60; 0; 9999
1953;12; 530; 150; 50; 0; 0; 0; 0; 0; 0; 0; 0; 1100; 0; 0; 120; 0; 170; 0; 0; 0; 0; 0; 0; 0; 0; 0; 0; 0; 120; 170; 0
1954;01; 0; 0; 400; 380; 440; 520; 0; 140; 0; 80; 240; 0; 0; 0; 0; 0; 0; 30; 390; 190; 30; 0; 0; 0; 0; 0; 0; 0; 0; 0; 50
1954;02; 0; 230; 0; 0; 430; 300; 200; 440; 0; 0; 100; 290; 0; 400; 260; 0; 50; 0; 60; 0; 0; 0; 0; 0; 0; 20; 0; 0; 9999; 9999; 9999
1954;03; 100; 370; 0; 0; 30; 0; 0; 240; 220; 0; 230; 430; 180; 0; 0; 0; 0; 0; 0; 0; 0; 0; 0; 0; 0; 0; 0; 160; 310; 80; 70
1954;04; 60; 0; 0; 0; 0; 0; 0; 0; 0; 0; 0; 0; 0; 0; 0; 0; 0; 0; 0; 0; 0; 0; 0; 0; 0; 0; 0; 50; 0; 0; 9999
1954;05; 0; 0; 0; 0; 0; 0; 60; 0; 450; 180; 440; 0; 0; 520; 0; 0; 0; 110; 60; 0; 160; 170; 0; 0; 0; 0; 0; 0; 0; 0; 0
1954;06; 0; 0; 0; 0; 0; 0; 0; 0; 0; 0; 0; 0; 0; 0; 0; 0; 0; 0; 0; 0; 0; 0; 0; 0; 0; 0; 0; 0; 0; 0; 9999
1954;07; 0; 0; 0; 0; 0; 0; 0; 0; 0; 0; 0; 0; 0; 0; 0; 0; 0; 0; 0; 0; 0; 0; 0; 0; 0; 0; 0; 0; 0; 0; 0
1954;08; 0; 0; 0; 0; 0; 0; 0; 0; 0; 0; 0; 0; 0; 0; 0; 0; 0; 0; 0; 0; 0; 0; 0; 0; 0; 0; 0; 0; 0; 0; 0
1954;09; 0; 0; 0; 0; 0; 0; 0; 0; 0; 0; 0; 0; 0; 0; 0; 0; 0; 0; 0; 0; 0; 0; 0; 0; 0; 0; 60; 0; 220; 0; 9999
1954;10; 0; 0; 0; 0; 0; 0; 0; 0; 0; 0; 0; 0; 0; 0; 0; 0; 0; 0; 0; 0; 0; 30; 0; 0; 0; 0; 0; 390; 0; 0; 0
1954;11; 0; 0; 0; 0; 0; 0; 0; 0; 0; 0; 0; 0; 0; 0; 80; 0; 0; 0; 0; 0; 0; 40; 240; 0; 0; 0; 0; 0; 30; 100; 9999
1954;12; 0; 70; 0; 560; 0; 230; 210; 0; 0; 0; 0; 0; 410; 0; 0; 0; 140; 20; 0; 80; 0; 0; 160; 0; 0; 0; 0; 0; 320; 0; 0
1955;01; 0; 0; 510; 30; 190; 0; 0; 0; 0; 0; 60; 200; 0; 140; 50; 70; 120; 300; 0; 0; 0; 0; 490; 280; 0; 0; 0; 60; 0; 0; 0
1955;02; 0; 40; 0; 0; 0; 0; 0; 0; 0; 0; 0; 0; 0; 70; 0; 0; 0; 0; 0; 0; 130; 80; 90; 160; 70; 0; 40; 280; 9999; 9999; 9999
1955;03; 60; 630; 70; 0; 0; 0; 90; 0; 0; 130; 430; 0; 0; 0; 0; 80; 0; 0; 0; 0; 0; 30; 0; 0; 0; 0; 0; 0; 0; 130; 0
1955;04; 0; 0; 0; 0; 50; 0; 0; 0; 0; 0; 190; 0; 130; 0; 0; 0; 340; 0; 0; 0; 0; 0; 0; 0; 0; 0; 0; 0; 190; 0; 9999
1955;05; 0; 0; 0; 0; 0; 0; 0; 0; 0; 0; 0; 0; 0; 0; 0; 0; 0; 0; 0; 120; 0; 0; 0; 90; 0; 0; 0; 0; 0; 0; 90
1955;06; 120; 0; 0; 0; 0; 0; 0; 0; 100; 0; 0; 0; 0; 0; 0; 0; 0; 0; 0; 0; 0; 0; 0; 0; 0; 0; 0; 0; 0; 0; 9999
1955;07; 0; 0; 0; 0; 0; 0; 0; 0; 0; 0; 0; 0; 0; 0; 0; 0; 0; 0; 0; 0; 0; 0; 0; 0; 0; 0; 0; 0; 0; 0; 0
1955;08; 0; 0; 0; 0; 0; 0; 0; 0; 0; 0; 0; 0; 0; 0; 0; 0; 0; 0; 0; 0; 0; 0; 0; 0; 0; 0; 34; 260; 280; 30; 0
1955;09; 0; 0; 0; 0; 0; 0; 10; 0; 0; 0; 0; 0; 0; 0; 0; 0; 0; 0; 0; 0; 0; 0; 0; 0; 0; 0; 0; 0; 0; 0; 9999
1955;10; 0; 0; 0; 0; 0; 0; 0; 0; 0; 0; 0; 0; 130; 0; 0; 0; 0; 0; 0; 0; 0; 0; 0; 0; 0; 0; 150; 480; 0; 0; 0
1955;11; 0; 160; 240; 0; 0; 0; 80; 0; 0; 760; 0; 0; 0; 0; 120; 0; 0; 0; 49; 0; 0; 0; 0; 0; 0; 0; 0; 0; 0; 0; 9999
1955;12; 0; 130; 526; 260; 0; 60; 0; 560; 0; 0; 0; 0; 140; 90; 0; 200; 95; 210; 0; 0; 0; 0; 0; 160; 0; 180; 0; 0; 100; 80; 90
1956;01; 1100; 0; 140; 470; 40; 0; 0; 0; 0; 0; 0; 0; 0; 0; 0; 0; 0; 100; 0; 0; 300; 0; 0; 284; 0; 0; 160; 43; 260; 0; 280
1956;02; 0; 110; 0; 0; 0; 0; 0; 0; 0; 140; 30; 50; 290; 70; 30; 0; 0; 0; 0; 160; 0; 0; 140; 30; 0; 0; 220; 0; 0; 9999; 9999
1956;03; 0; 290; 0; 0; 0; 0; 0; 0; 0; 0; 190; 0; 0; 0; 0; 0; 0; 0; 0; 0; 0; 0; 0; 0; 130; 0; 0; 0; 0; 150; 200
1956;04; 0; 0; 0; 0; 0; 0; 0; 230; 0; 0; 0; 0; 0; 0; 0; 0; 150; 0; 0; 60; 0; 0; 0; 0; 10; 240; 0; 330; 110; 0; 9999
1956;05; 0; 390; 120; 0; 120; 0; 0; 140; 20; 0; 0; 0; 0; 0; 0; 0; 0; 0; 0; 0; 60; 0; 0; 0; 40; 380; 0; 0; 0; 0; 0
1956;06; 380; 50; 30; 0; 0; 0; 0; 0; 0; 70; 120; 730; 0; 0; 140; 90; 0; 0; 0; 0; 0; 0; 0; 0; 0; 0; 0; 0; 0; 0; 9999
1956;07; 0; 0; 0; 0; 0; 0; 0; 0; 0; 0; 0; 0; 0; 0; 0; 0; 0; 0; 0; 0; 50; 0; 80; 210; 0; 0; 0; 360; 0; 0; 230
1956;08; 310; 0; 90; 240; 0; 0; 0; 190; 0; 0; 0; 0; 0; 0; 0; 0; 0; 0; 0; 0; 0; 0; 0; 0; 0; 0; 0; 0; 100; 0; 0
1956;09; 0; 0; 0; 0; 0; 0; 0; 0; 0; 370; 390; 0; 0; 160; 0; 0; 0; 0; 0; 0; 0; 0; 0; 0; 0; 0; 0; 0; 240; 0; 9999
1956;10; 0; 0; 0; 0; 0; 0; 0; 0; 0; 0; 250; 0; 0; 0; 0; 0; 0; 0; 0; 0; 0; 0; 80; 0; 0; 0; 410; 0; 0; 280; 0
1956;11; 0; 0; 0; 0; 0; 0; 0; 0; 0; 50; 0; 0; 0; 0; 0; 0; 0; 0; 0; 0; 0; 0; 0; 0; 0; 0; 0; 0; 0; 0; 9999
1956;12; 0; 0; 0; 0; 0; 0; 0; 0; 0; 0; 0; 0; 0; 0; 250; 0; 0; 0; 0; 90; 0; 0; 0; 0; 0; 80; 0; 0; 0; 0; 0
1957;01; 230; 0; 0; 0; 0; 0; 0; 0; 480; 90; 180; 50; 0; 480; 680; 290; 210; 0; 0; 0; 0; 0; 0; 0; 50; 0; 0; 0; 0; 80; 50
1957;02; 120; 0; 240; 140; 0; 20; 0; 35; 0; 300; 210; 130; 0; 0; 270; 0; 180; 0; 0; 0; 0; 0; 0; 0; 0; 160; 120; 0; 9999; 9999; 9999
1957;03; 0; 0; 0; 0; 0; 0; 110; 0; 0; 30; 0; 0; 0; 0; 0; 0; 0; 0; 0; 0; 310; 280; 0; 0; 0; 0; 70; 0; 0; 190; 0
1957;04; 0; 240; 0; 0; 0; 0; 0; 0; 0; 120; 0; 0; 0; 0; 60; 160; 0; 0; 0; 0; 0; 0; 0; 0; 0; 0; 180; 0; 0; 160; 9999
1957;05; 0; 0; 0; 0; 0; 0; 0; 0; 0; 160; 0; 0; 0; 130; 0; 0; 0; 0; 0; 0; 0; 0; 0; 0; 0; 0; 0; 0; 0; 0; 0
1957;06; 0; 0; 0; 0; 0; 0; 0; 0; 0; 0; 0; 0; 0; 0; 0; 0; 0; 0; 0; 0; 0; 0; 0; 0; 0; 0; 0; 0; 0; 0; 9999
1957;07; 0; 0; 160; 0; 180; 0; 0; 0; 0; 0; 0; 0; 0; 0; 0; 90; 50; 30; 30; 50; 0; 0; 0; 0; 0; 0; 0; 0; 0; 0; 0
1957;08; 0; 0; 0; 0; 0; 0; 0; 0; 0; 0; 0; 0; 0; 280; 0; 0; 210; 240; 0; 0; 0; 0; 0; 0; 0; 0; 0; 0; 0; 0; 0
1957;09; 0; 0; 60; 320; 0; 0; 0; 340; 0; 0; 0; 0; 70; 0; 0; 0; 0; 0; 0; 0; 0; 230; 0; 130; 0; 0; 0; 0; 0; 0; 9999
1957;10; 0; 0; 0; 0; 0; 0; 0; 0; 0; 0; 0; 0; 0; 90; 40; 0; 0; 0; 0; 0; 0; 120; 0; 130; 0; 0; 120; 140; 110; 50; 0
1957;11; 0; 0; 0; 50; 0; 0; 0; 50; 80; 0; 0; 0; 0; 0; 0; 0; 0; 100; 0; 20; 0; 130; 0; 0; 20; 0; 0; 0; 0; 70; 9999
1957;12; 400; 0; 0; 0; 0; 210; 0; 170; 0; 0; 120; 0; 190; 200; 320; 0; 130; 0; 0; 0; 0; 110; 0; 0; 0; 0; 0; 0; 0; 0; 70
1958;01; 0; 0; 0; 0; 0; 0; 0; 0; 0; 0; 40; 0; 0; 330; 350; 0; 0; 160; 0; 250; 0; 90; 200; 130; 0; 110; 200; 100; 330; 0; 0
1958;02; 0; 0; 0; 0; 0; 200; 210; 0; 0; 30; 0; 0; 0; 300; 0; 0; 0; 540; 0; 310; 0; 150; 0; 0; 70; 180; 500; 580; 9999; 9999; 9999
1958;03; 0; 680; 80; 260; 0; 0; 0; 0; 0; 0; 0; 0; 0; 0; 0; 360; 0; 20; 0; 0; 0; 0; 0; 0; 0; 0; 0; 0; 0; 0; 240
1958;04; 510; 0; 0; 0; 0; 0; 0; 0; 0; 0; 0; 0; 120; 190; 0; 0; 0; 0; 240; 80; 0; 0; 0; 0; 0; 0; 0; 0; 0; 0; 9999
1958;05; 0; 0; 80; 130; 280; 0; 0; 0; 0; 0; 190; 0; 0; 0; 0; 0; 0; 0; 0; 0; 0; 260; 400; 30; 50; 80; 0; 130; 0; 0; 0
1958;06; 0; 0; 0; 0; 0; 0; 0; 0; 0; 0; 0; 0; 0; 85; 603; 0; 0; 30; 0; 0; 0; 0; 0; 0; 0; 0; 0; 0; 0; 0; 9999
1958;07; 0; 0; 0; 0; 0; 0; 0; 0; 0; 0; 0; 0; 0; 0; 0; 0; 0; 70; 0; 0; 0; 0; 0; 0; 0; 0; 0; 0; 0; 0; 0
1958;08; 0; 0; 0; 0; 0; 0; 0; 0; 0; 0; 0; 0; 0; 0; 0; 0; 0; 0; 0; 0; 0; 0; 0; 0; 0; 0; 0; 0; 0; 100; 0
1958;09; 0; 0; 0; 0; 0; 0; 0; 80; 0; 0; 110; 0; 200; 290; 40; 0; 0; 0; 0; 0; 0; 0; 0; 0; 140; 0; 0; 0; 0; 0; 9999
1958;10; 0; 0; 0; 0; 0; 0; 0; 0; 0; 0; 300; 0; 80; 0; 0; 0; 0; 80; 0; 0; 0; 0; 0; 0; 0; 240; 220; 230; 0; 300; 280
1958;11; 240; 0; 0; 0; 130; 0; 0; 0; 0; 0; 0; 30; 0; 0; 0; 0; 0; 0; 0; 150; 0; 0; 0; 0; 120; 0; 0; 0; 0; 0; 9999
1958;12; 0; 0; 0; 0; 0; 0; 0; 0; 0; 0; 0; 100; 200; 0; 0; 0; 320; 0; 0; 1250; 200; 290; 0; 0; 0; 0; 0; 0; 0; 50; 0
1959;01; 0; 0; 0; 130; 0; 640; 0; 0; 250; 0; 0; 120; 40; 150; 0; 0; 0; 370; 1150; 90; 0; 0; 0; 270; 200; 0; 0; 0; 0; 0; 0
1959;02; 0; 50; 130; 0; 0; 90; 60; 0; 0; 0; 0; 0; 0; 0; 0; 0; 700; 310; 0; 120; 0; 0; 0; 0; 60; 0; 0; 0; 9999; 9999; 9999
1959;03; 0; 0; 0; 0; 0; 0; 0; 0; 0; 0; 0; 260; 0; 0; 0; 0; 0; 0; 250; 0; 230; 0; 200; 100; 0; 0; 530; 0; 0; 0; 0
1959;04; 0; 0; 0; 0; 0; 0; 0; 0; 0; 0; 0; 0; 0; 0; 0; 0; 0; 0; 0; 0; 0; 0; 120; 0; 0; 0; 0; 0; 0; 0; 9999
1959;05; 0; 0; 0; 0; 0; 0; 0; 0; 0; 0; 0; 0; 0; 0; 0; 0; 0; 0; 120; 210; 0; 0; 0; 0; 0; 0; 0; 0; 0; 80; 0
1959;06; 0; 0; 0; 0; 290; 20; 0; 0; 0; 0; 0; 0; 0; 0; 0; 0; 0; 0; 0; 0; 0; 0; 0; 0; 0; 0; 0; 0; 0; 0; 9999
1959;07; 0; 0; 0; 0; 0; 0; 0; 0; 0; 0; 0; 0; 0; 0; 0; 0; 0; 0; 0; 0; 0; 0; 0; 0; 0; 0; 0; 0; 0; 0; 0
1959;08; 100; 0; 0; 0; 0; 0; 40; 0; 0; 0; 0; 100; 160; 0; 0; 0; 0; 0; 0; 0; 0; 0; 0; 0; 0; 0; 0; 0; 0; 0; 0
1959;09; 0; 0; 0; 90; 0; 0; 0; 0; 0; 0; 0; 0; 0; 0; 0; 80; 0; 0; 0; 0; 0; 0; 0; 0; 0; 100; 0; 0; 0; 0; 9999
1959;10; 0; 0; 0; 0; 0; 0; 0; 0; 0; 0; 0; 0; 290; 0; 0; 0; 0; 0; 30; 0; 140; 0; 100; 0; 0; 0; 0; 0; 5; 0; 0
1959;11; 0; 0; 0; 0; 120; 0; 0; 0; 0; 670; 0; 110; 0; 0; 0; 0; 0; 0; 0; 0; 0; 0; 0; 0; 60; 0; 0; 0; 760; 0; 9999
1959;12; 0; 0; 240; 420; 80; 65; 35; 118; 227; 20; 5; 175; 0; 0; 0; 20; 60; 35; 200; 0; 95; 105; 230; 100; 0; 0; 0; 100; 0; 0; 145
1960;01; 0; 300; 0; 0; 0; 500; 260; 340; 410; 0; 320; 100; 100; 0; 310; 0; 0; 40; 60; 0; 150; 500; 0; 0; 0; 0; 0; 0; 0; 0; 0
1960;02; 0; 270; 830; 0; 120; 0; 0; 0; 0; 70; 0; 0; 0; 0; 0; 300; 0; 0; 380; 0; 270; 180; 0; 0; 120; 240; 0; 430; 400; 9999; 9999
1960;03; 0; 90; 0; 0; 0; 0; 0; 0; 0; 0; 0; 0; 0; 0; 80; 0; 0; 0; 0; 0; 0; 120; 400; 90; 0; 0; 0; 0; 0; 0; 0
1960;04; 0; 0; 0; 0; 0; 0; 0; 90; 0; 0; 0; 0; 0; 0; 0; 0; 0; 0; 290; 0; 0; 0; 0; 0; 0; 0; 0; 0; 0; 0; 9999
1960;05; 200; 0; 0; 0; 0; 0; 0; 0; 0; 0; 0; 0; 0; 0; 50; 430; 0; 0; 0; 0; 230; 0; 0; 0; 0; 0; 0; 0; 0; 0; 0
1960;06; 0; 0; 0; 0; 0; 0; 0; 0; 0; 0; 0; 0; 0; 0; 200; 0; 0; 0; 0; 0; 0; 0; 0; 370; 0; 0; 70; 0; 0; 0; 9999
1960;07; 0; 0; 0; 0; 0; 0; 0; 0; 0; 0; 0; 0; 0; 0; 0; 0; 0; 0; 0; 0; 0; 0; 0; 0; 0; 0; 0; 0; 0; 0; 0
1960;08; 0; 0; 0; 0; 0; 0; 0; 0; 0; 0; 0; 0; 0; 0; 0; 210; 0; 0; 0; 0; 0; 0; 0; 0; 0; 0; 0; 0; 0; 0; 0
1960;09; 0; 0; 0; 0; 0; 0; 0; 0; 0; 0; 0; 0; 0; 0; 0; 0; 0; 0; 0; 0; 0; 0; 0; 0; 0; 0; 0; 0; 0; 0; 9999
1960;10; 0; 20; 0; 0; 0; 0; 135; 0; 0; 0; 0; 0; 5; 0; 0; 260; 10; 0; 30; 60; 35; 30; 0; 0; 60; 140; 0; 0; 0; 25; 60
1960;11; 0; 0; 0; 10; 5; 0; 90; 0; 10; 45; 145; 155; 310; 50; 0; 0; 0; 0; 400; 155; 240; 0; 0; 0; 205; 0; 0; 110; 0; 0; 9999
1960;12; 0; 0; 0; 0; 0; 0; 0; 0; 0; 0; 0; 0; 0; 0; 0; 420; 450; 490; 510; 0; 0; 800; 0; 0; 0; 250; 0; 0; 0; 260; 0
1961;01; 0; 150; 0; 0; 0; 290; 100; 0; 240; 110; 0; 0; 100; 40; 0; 0; 0; 350; 0; 160; 400; 0; 0; 150; 0; 0; 0; 0; 0; 0; 0
1961;02; 140; 0; 100; 0; 0; 0; 100; 0; 90; 0; 0; 650; 210; 0; 0; 0; 300; 0; 70; 160; 350; 0; 0; 0; 400; 0; 0; 0; 9999; 9999; 9999
1961;03; 0; 0; 0; 0; 0; 0; 0; 130; 160; 0; 0; 0; 0; 170; 80; 0; 0; 120; 350; 190; 140; 0; 0; 0; 0; 0; 0; 0; 0; 0; 0
1961;04; 0; 0; 0; 0; 320; 0; 0; 0; 0; 0; 0; 0; 0; 0; 0; 0; 0; 0; 0; 0; 0; 0; 0; 0; 0; 220; 23; 0; 0; 0; 9999
1961;05; 0; 0; 140; 0; 350; 0; 0; 0; 0; 0; 0; 0; 0; 0; 0; 0; 0; 0; 0; 0; 0; 0; 0; 0; 0; 0; 0; 0; 0; 0; 0
1961;06; 0; 0; 0; 0; 0; 0; 0; 0; 0; 0; 0; 0; 0; 0; 0; 0; 0; 0; 0; 0; 0; 0; 0; 0; 0; 0; 0; 0; 0; 0; 9999
1961;07; 0; 0; 0; 0; 0; 0; 0; 0; 0; 0; 0; 0; 0; 0; 0; 0; 0; 0; 0; 0; 0; 0; 0; 0; 0; 0; 0; 0; 0; 0; 0
1961;08; 0; 0; 0; 0; 0; 0; 0; 0; 0; 0; 0; 0; 0; 0; 0; 0; 0; 0; 0; 0; 0; 0; 0; 0; 0; 0; 0; 0; 0; 0; 0
1961;09; 0; 0; 0; 0; 0; 0; 0; 0; 0; 0; 0; 0; 0; 0; 0; 0; 0; 0; 0; 0; 0; 0; 0; 0; 0; 0; 0; 0; 80; 0; 9999
1961;10; 0; 0; 0; 0; 0; 0; 0; 0; 0; 4; 40; 0; 0; 0; 175; 0; 0; 0; 40; 0; 0; 0; 0; 68; 55; 100; 0; 65; 2; 750; 0
1961;11; 0; 10; 588; 0; 70; 0; 0; 0; 0; 0; 0; 140; 1340; 560; 0; 0; 0; 0; 0; 150; 0; 130; 0; 0; 0; 0; 0; 0; 80; 0; 9999
1961;12; 105; 60; 210; 0; 20; 0; 700; 110; 0; 0; 0; 200; 0; 25; 50; 120; 145; 35; 95; 295; 0; 5; 55; 150; 385; 17; 5; 70; 0; 0; 0
1962;01; 0; 0; 0; 0; 0; 0; 210; 0; 280; 150; 0; 0; 0; 0; 150; 0; 250; 190; 80; 0; 0; 60; 0; 0; 0; 0; 0; 0; 0; 0; 0
1962;02; 0; 0; 0; 510; 260; 0; 120; 0; 70; 0; 400; 0; 0; 0; 0; 120; 0; 180; 0; 320; 0; 520; 0; 70; 0; 0; 0; 0; 9999; 9999; 9999
1962;03; 0; 0; 0; 390; 0; 0; 0; 0; 0; 0; 250; 140; 820; 70; 670; 0; 200; 200; 0; 0; 0; 0; 220; 0; 0; 0; 0; 0; 0; 0; 0
1962;04; 0; 0; 15; 0; 0; 0; 0; 0; 10; 0; 0; 0; 0; 0; 60; 0; 0; 200; 0; 0; 0; 0; 0; 0; 0; 0; 0; 18; 93; 0; 9999
1962;05; 0; 0; 350; 0; 0; 0; 0; 0; 0; 0; 0; 0; 0; 0; 0; 0; 0; 0; 0; 0; 0; 0; 0; 0; 0; 0; 0; 0; 0; 0; 0
1962;06; 0; 0; 400; 0; 0; 0; 100; 0; 0; 0; 0; 0; 0; 0; 0; 0; 0; 0; 0; 0; 0; 0; 0; 0; 0; 0; 0; 0; 0; 0; 9999
1962;07; 0; 0; 0; 0; 0; 0; 0; 0; 0; 0; 0; 0; 0; 0; 0; 0; 0; 100; 0; 0; 0; 0; 0; 0; 0; 0; 0; 0; 0; 0; 0
1962;08; 0; 0; 0; 0; 0; 0; 0; 0; 0; 0; 0; 75; 0; 0; 0; 0; 0; 0; 0; 0; 0; 0; 184; 12; 0; 0; 0; 0; 0; 0; 0
1962;09; 0; 0; 0; 164; 0; 0; 0; 0; 0; 0; 0; 0; 0; 0; 0; 0; 0; 0; 0; 0; 0; 0; 0; 0; 120; 0; 0; 85; 0; 0; 9999
1962;10; 190; 90; 250; 50; 0; 0; 0; 45; 5; 70; 180; 0; 0; 0; 0; 0; 220; 540; 140; 0; 0; 0; 0; 0; 30; 0; 0; 0; 370; 35; 50
1962;11; 0; 0; 0; 0; 0; 0; 0; 0; 240; 0; 0; 0; 0; 0; 0; 0; 0; 220; 50; 0; 40; 0; 0; 0; 0; 0; 0; 0; 0; 0; 9999
1962;12; 0; 0; 0; 70; 0; 520; 0; 0; 0; 80; 210; 550; 130; 0; 0; 0; 120; 0; 920; 0; 0; 0; 0; 280; 0; 0; 150; 0; 900; 900; 0
1963;01; 280; 110; 0; 0; 0; 0; 150; 0; 0; 30; 100; 0; 0; 0; 185; 50; 35; 0; 226; 0; 0; 40; 0; 165; 65; 30; 30; 0; 0; 0; 0
1963;02; 0; 0; 0; 0; 0; 0; 0; 0; 0; 0; 550; 0; 920; 0; 0; 0; 0; 0; 0; 0; 340; 0; 0; 0; 0; 0; 0; 0; 9999; 9999; 9999
1963;03; 0; 0; 0; 0; 0; 0; 0; 0; 0; 0; 0; 920; 0; 0; 0; 0; 0; 0; 0; 0; 0; 0; 0; 0; 0; 150; 150; 0; 0; 0; 0
1963;04; 0; 0; 0; 0; 0; 0; 0; 0; 0; 0; 0; 0; 0; 0; 0; 70; 120; 0; 0; 0; 0; 0; 0; 0; 0; 0; 0; 0; 0; 0; 9999
1963;05; 0; 0; 0; 0; 0; 0; 0; 0; 0; 0; 0; 0; 0; 0; 0; 0; 0; 0; 0; 0; 0; 0; 0; 0; 0; 0; 0; 0; 0; 0; 0
1963;06; 0; 0; 0; 0; 0; 0; 0; 0; 0; 0; 0; 0; 0; 0; 0; 0; 0; 0; 0; 0; 0; 0; 0; 0; 0; 0; 0; 0; 0; 0; 9999
1963;07; 0; 0; 0; 0; 0; 0; 0; 0; 0; 0; 0; 0; 0; 0; 0; 0; 0; 0; 0; 0; 0; 0; 0; 0; 0; 0; 0; 0; 0; 0; 0
1963;08; 0; 0; 0; 0; 0; 0; 0; 0; 0; 0; 0; 0; 0; 0; 0; 0; 0; 0; 0; 0; 0; 0; 0; 0; 0; 0; 0; 0; 0; 0; 0
1963;09; 0; 0; 0; 0; 0; 0; 0; 0; 0; 0; 0; 0; 0; 0; 0; 0; 0; 0; 0; 0; 70; 0; 0; 0; 0; 0; 0; 0; 0; 0; 9999
1963;10; 0; 0; 0; 120; 0; 120; 0; 0; 0; 0; 0; 0; 0; 140; 0; 0; 500; 0; 0; 0; 0; 230; 0; 0; 0; 0; 140; 0; 0; 0; 0
1963;11; 375; 0; 0; 0; 0; 0; 90; 240; 0; 0; 0; 0; 250; 30; 280; 0; 200; 110; 70; 40; 0; 0; 0; 0; 5; 5; 0; 0; 43; 0; 9999
1963;12; 102; 0; 69; 185; 115; 0; 0; 0; 0; 5; 0; 665; 0; 0; 0; 0; 0; 25; 268; 5; 0; 0; 0; 0; 0; 0; 0; 0; 0; 0; 65
1964;01; 150; 170; 0; 0; 0; 0; 0; 0; 0; 0; 0; 0; 178; 54; 0; 0; 72; 10; 0; 0; 42; 190; 220; 320; 98; 110; 240; 0; 0; 0; 0
1964;02; 495; 0; 0; 0; 0; 0; 0; 225; 0; 205; 155; 370; 200; 220; 162; 230; 142; 40; 125; 160; 80; 15; 13; 0; 0; 1; 0; 0; 103; 9999; 9999
1964;03; 0; 0; 0; 0; 0; 0; 0; 0; 0; 0; 0; 0; 0; 0; 0; 80; 0; 0; 0; 0; 0; 0; 0; 0; 0; 0; 0; 0; 240; 0; 0
1964;04; 1; 0; 0; 0; 20; 0; 0; 140; 0; 0; 0; 0; 0; 0; 0; 0; 0; 0; 0; 0; 0; 0; 0; 0; 0; 0; 0; 2; 0; 0; 9999
1964;05; 285; 200; 0; 0; 85; 152; 0; 0; 0; 0; 0; 0; 40; 0; 0; 0; 0; 0; 0; 0; 0; 0; 0; 0; 0; 0; 0; 0; 0; 0; 0
1964;06; 0; 0; 0; 0; 0; 0; 0; 0; 0; 0; 0; 0; 0; 220; 0; 88; 0; 0; 0; 0; 0; 0; 0; 0; 0; 0; 0; 0; 0; 0; 9999
1964;07; 0; 55; 0; 102; 0; 0; 0; 0; 0; 0; 0; 0; 0; 0; 0; 0; 6; 0; 0; 0; 0; 0; 0; 0; 302; 0; 0; 0; 0; 0; 0
1964;08; 0; 0; 0; 0; 0; 0; 0; 0; 0; 0; 0; 0; 0; 0; 0; 0; 0; 0; 0; 60; 0; 0; 0; 0; 0; 0; 0; 0; 0; 0; 0
1964;09; 0; 0; 0; 0; 0; 0; 0; 0; 0; 0; 0; 0; 0; 0; 0; 0; 0; 0; 0; 0; 0; 0; 0; 0; 323; 152; 46; 220; 0; 0; 9999
1964;10; 260; 0; 180; 0; 0; 246; 117; 0; 0; 0; 0; 0; 0; 0; 0; 0; 0; 0; 0; 113; 82; 26; 0; 0; 0; 0; 400; 0; 0; 240; 180
1964;11; 0; 0; 0; 0; 400; 0; 0; 0; 0; 0; 0; 0; 0; 0; 0; 250; 22; 0; 126; 92; 93; 34; 0; 0; 0; 0; 15; 0; 0; 0; 9999
1964;12; 690; 190; 22; 136; 0; 0; 0; 350; 220; 0; 250; 150; 120; 20; 322; 333; 211; 316; 0; 0; 0; 150; 290; 650; 120; 60; 0; 0; 50; 196; 0
1965;01; 120; 140; 0; 100; 0; 0; 0; 0; 180; 0; 80; 0; 0; 120; 0; 0; 0; 372; 200; 130; 100; 0; 140; 160; 120; 0; 80; 0; 220; 0; 1200
1965;02; 0; 150; 180; 230; 120; 0; 0; 0; 0; 0; 0; 0; 0; 0; 0; 0; 0; 180; 200; 0; 180; 260; 300; 100; 160; 200; 1070; 300; 9999; 9999; 9999
1965;03; 2; 0; 210; 0; 0; 130; 2; 3; 170; 122; 4; 0; 0; 0; 7; 0; 100; 0; 0; 1; 0; 0; 116; 142; 0; 466; 0; 0; 0; 0; 0
1965;04; 0; 0; 0; 0; 120; 0; 0; 0; 0; 0; 0; 0; 0; 0; 0; 0; 0; 0; 120; 230; 0; 0; 0; 0; 0; 0; 0; 180; 635; 0; 9999
1965;05; 0; 0; 0; 0; 0; 0; 0; 0; 0; 0; 0; 120; 180; 0; 506; 0; 0; 120; 180; 0; 0; 0; 0; 0; 0; 0; 0; 0; 0; 0; 0
1965;06; 0; 0; 0; 0; 0; 0; 0; 0; 0; 0; 0; 0; 0; 0; 0; 0; 180; 0; 0; 0; 0; 0; 0; 320; 0; 0; 0; 0; 0; 0; 9999
1965;07; 0; 0; 0; 0; 150; 160; 100; 0; 0; 0; 0; 0; 0; 0; 0; 0; 0; 0; 0; 0; 0; 0; 0; 0; 0; 0; 0; 0; 0; 0; 0
1965;08; 0; 0; 0; 0; 0; 0; 0; 0; 0; 0; 0; 0; 0; 0; 0; 0; 0; 0; 0; 0; 0; 0; 0; 0; 0; 0; 0; 0; 0; 0; 0
1965;09; 0; 0; 0; 0; 0; 0; 0; 0; 0; 0; 0; 0; 0; 0; 0; 0; 0; 0; 0; 0; 0; 0; 0; 0; 0; 130; 100; 180; 0; 0; 9999
1965;10; 600; 0; 0; 0; 0; 0; 0; 150; 270; 180; 0; 0; 0; 0; 0; 0; 220; 140; 160; 100; 0; 0; 650; 0; 0; 0; 0; 280; 0; 0; 0
1965;11; 0; 0; 0; 0; 0; 580; 0; 0; 220; 0; 0; 0; 0; 0; 200; 0; 0; 0; 0; 0; 0; 0; 160; 0; 0; 0; 0; 180; 1100; 320; 9999
1965;12; 0; 0; 300; 0; 180; 120; 400; 200; 200; 420; 180; 0; 0; 0; 180; 0; 0; 0; 0; 0; 0; 0; 0; 0; 0; 160; 0; 0; 320; 220; 0
1966;01; 50; 138; 10; 40; 0; 0; 90; 88; 45; 250; 10; 0; 0; 66; 0; 0; 30; 0; 0; 0; 0; 0; 0; 0; 20; 0; 100; 15; 40; 70; 0
1966;02; 320; 280; 0; 0; 0; 0; 120; 160; 140; 220; 180; 0; 0; 0; 0; 0; 0; 0; 0; 0; 0; 80; 150; 0; 0; 0; 0; 0; 9999; 9999; 9999
1966;03; 0; 0; 0; 300; 220; 300; 1300; 280; 0; 0; 0; 0; 100; 0; 0; 0; 0; 0; 0; 0; 0; 0; 0; 0; 150; 0; 180; 0; 0; 0; 220
1966;04; 60; 140; 0; 0; 40; 250; 0; 0; 0; 0; 0; 0; 0; 0; 0; 0; 0; 0; 0; 0; 0; 0; 0; 0; 50; 0; 0; 0; 0; 0; 9999
1966;05; 0; 0; 0; 0; 0; 0; 0; 0; 0; 0; 0; 120; 80; 0; 0; 0; 0; 0; 0; 0; 0; 0; 0; 0; 0; 0; 0; 0; 0; 0; 0
1966;06; 0; 0; 0; 0; 0; 0; 0; 0; 0; 0; 0; 0; 0; 0; 0; 0; 0; 0; 0; 0; 0; 0; 0; 0; 0; 0; 0; 0; 0; 0; 9999
1966;07; 0; 0; 0; 0; 0; 0; 0; 0; 0; 0; 0; 0; 0; 0; 0; 0; 0; 0; 0; 0; 0; 0; 0; 0; 0; 0; 0; 0; 0; 0; 80
1966;08; 28; 0; 0; 0; 0; 0; 0; 0; 0; 0; 0; 0; 0; 0; 0; 0; 0; 0; 0; 0; 0; 0; 0; 0; 0; 0; 0; 0; 0; 0; 10
1966;09; 120; 285; 0; 0; 0; 0; 0; 0; 0; 0; 0; 0; 0; 0; 0; 30; 0; 0; 30; 27; 0; 0; 0; 0; 0; 0; 70; 450; 0; 0; 9999
1966;10; 0; 0; 0; 0; 0; 0; 0; 0; 220; 0; 0; 0; 0; 0; 0; 0; 0; 180; 50; 0; 0; 0; 0; 500; 0; 0; 360; 670; 350; 180; 200
1966;11; 280; 0; 0; 0; 0; 0; 0; 0; 0; 100; 0; 0; 0; 320; 640; 510; 0; 280; 0; 0; 0; 0; 0; 0; 0; 0; 0; 0; 0; 0; 9999
1966;12; 0; 0; 0; 0; 0; 280; 120; 100; 0; 0; 0; 0; 100; 220; 340; 420; 530; 480; 540; 680; 790; 3; 0; 0; 0; 0; 170; 0; 0; 0; 0
1967;01; 0; 40; 5; 256; 462; 130; 0; 0; 56; 126; 422; 38; 138; 142; 104; 44; 12; 150; 0; 910; 300; 312; 770; 114; 224; 38; 0; 18; 60; 76; 12
1967;02; 148; 0; 309; 14; 46; 85; 0; 1; 78; 60; 0; 0; 0; 20; 40; 240; 0; 300; 1; 12; 47; 101; 32; 1; 0; 29; 0; 10; 9999; 9999; 9999
1967;03; 0; 0; 0; 200; 0; 282; 850; 330; 61; 86; 0; 176; 185; 27; 0; 57; 0; 2; 0; 0; 18; 0; 2; 19; 0; 73; 0; 0; 431; 27; 0
1967;04; 46; 0; 0; 0; 0; 0; 0; 0; 0; 0; 0; 0; 0; 0; 0; 0; 0; 0; 0; 0; 0; 0; 0; 0; 0; 0; 8; 0; 0; 0; 9999
1967;05; 0; 0; 114; 0; 0; 0; 0; 0; 0; 0; 0; 0; 0; 0; 0; 0; 0; 0; 0; 0; 0; 0; 0; 0; 0; 0; 0; 0; 0; 0; 0
1967;06; 0; 0; 48; 0; 20; 177; 42; 0; 0; 0; 50; 351; 35; 0; 0; 0; 0; 0; 0; 0; 0; 0; 0; 0; 0; 0; 0; 0; 0; 0; 9999
1967;07; 0; 0; 0; 0; 0; 0; 0; 0; 0; 0; 0; 0; 0; 0; 0; 0; 0; 0; 0; 0; 0; 0; 0; 0; 0; 0; 0; 0; 0; 0; 0
1967;08; 0; 0; 0; 0; 0; 0; 0; 0; 0; 0; 0; 0; 0; 0; 0; 0; 0; 0; 0; 0; 0; 0; 0; 0; 0; 0; 0; 0; 0; 0; 0
1967;09; 0; 0; 0; 0; 0; 0; 0; 10; 270; 0; 0; 0; 280; 180; 0; 0; 0; 0; 0; 75; 0; 0; 0; 0; 0; 0; 0; 0; 0; 0; 9999
1967;10; 43; 0; 0; 0; 0; 0; 0; 0; 0; 0; 0; 0; 0; 0; 272; 50; 0; 66; 138; 166; 0; 60; 102; 412; 353; 0; 0; 0; 0; 0; 0
1967;11; 15; 100; 0; 0; 0; 0; 0; 0; 0; 0; 0; 0; 86; 238; 18; 286; 42; 45; 0; 0; 0; 520; 187; 93; 31; 42; 4; 316; 0; 0; 9999
1967;12; 0; 0; 117; 0; 20; 0; 50; 12; 39; 74; 0; 0; 0; 70; 792; 0; 407; 105; 0; 350; 150; 20; 0; 0; 2; 0; 0; 87; 207; 0; 0
1968;01; 7; 143; 105; 0; 0; 0; 0; 0; 34; 0; 50; 498; 23; 170; 223; 16; 202; 189; 0; 0; 65; 0; 0; 0; 0; 0; 0; 0; 0; 0; 0
1968;02; 0; 0; 0; 0; 0; 0; 0; 0; 24; 0; 0; 0; 286; 59; 296; 32; 0; 0; 0; 19; 108; 0; 119; 18; 0; 0; 0; 0; 0; 9999; 9999
1968;03; 0; 0; 0; 0; 4; 9; 70; 75; 41; 0; 13; 214; 148; 0; 58; 233; 0; 0; 0; 0; 0; 0; 0; 0; 0; 0; 0; 0; 0; 0; 0
1968;04; 0; 0; 0; 0; 0; 0; 0; 0; 0; 0; 0; 0; 0; 0; 0; 0; 0; 0; 0; 0; 0; 0; 0; 0; 0; 0; 0; 0; 0; 0; 9999
1968;05; 0; 0; 0; 0; 0; 0; 0; 0; 42; 0; 0; 0; 0; 56; 30; 0; 0; 0; 0; 0; 0; 0; 0; 0; 0; 0; 0; 0; 0; 0; 0
1968;06; 0; 0; 0; 0; 0; 0; 0; 0; 0; 0; 0; 0; 0; 0; 0; 0; 0; 0; 0; 0; 0; 14; 0; 0; 0; 0; 0; 0; 0; 0; 9999
1968;07; 0; 0; 0; 0; 0; 0; 0; 0; 12; 0; 0; 0; 0; 0; 0; 0; 0; 0; 0; 0; 0; 0; 0; 0; 0; 0; 0; 0; 0; 0; 0
1968;08; 0; 0; 0; 0; 0; 0; 0; 0; 129; 0; 0; 0; 0; 0; 0; 0; 0; 0; 0; 0; 0; 0; 0; 0; 0; 0; 0; 0; 0; 113; 0
1968;09; 0; 0; 150; 280; 0; 0; 0; 0; 0; 0; 0; 0; 0; 0; 0; 0; 0; 0; 0; 0; 0; 0; 0; 0; 0; 0; 0; 0; 0; 0; 9999
1968;10; 80; 0; 0; 0; 0; 0; 0; 0; 0; 0; 0; 0; 0; 0; 0; 406; 305; 105; 0; 0; 0; 0; 106; 35; 0; 0; 0; 0; 0; 0; 0
1968;11; 0; 0; 108; 4; 0; 0; 0; 0; 0; 0; 50; 0; 0; 0; 0; 0; 0; 50; 0; 0; 0; 0; 0; 0; 0; 0; 808; 95; 107; 32; 9999
1968;12; 105; 206; 280; 103; 70; 0; 0; 0; 0; 0; 0; 0; 0; 0; 0; 0; 0; 0; 0; 0; 0; 0; 250; 0; 0; 0; 0; 0; 430; 0; 0
1969;01; 0; 0; 0; 116; 0; 103; 0; 0; 0; 0; 0; 0; 76; 0; 0; 0; 0; 0; 0; 0; 0; 220; 30; 120; 0; 0; 0; 244; 80; 0; 0
1969;02; 0; 0; 0; 89; 0; 0; 0; 65; 174; 0; 81; 0; 0; 0; 424; 0; 0; 175; 479; 40; 0; 0; 0; 0; 0; 0; 0; 463; 9999; 9999; 9999
1969;03; 59; 0; 64; 0; 0; 73; 0; 0; 0; 0; 0; 0; 0; 0; 0; 0; 0; 0; 0; 0; 0; 142; 0; 0; 0; 0; 0; 0; 140; 0; 0
1969;04; 0; 0; 0; 0; 212; 0; 0; 0; 180; 0; 0; 136; 0; 0; 0; 0; 0; 0; 0; 0; 0; 0; 0; 0; 0; 0; 0; 0; 93; 0; 9999
1969;05; 0; 0; 0; 0; 0; 0; 0; 0; 0; 0; 0; 0; 0; 0; 0; 0; 0; 0; 0; 0; 0; 0; 0; 0; 0; 0; 0; 0; 64; 0; 243
1969;06; 0; 201; 0; 0; 0; 0; 0; 0; 0; 0; 0; 0; 0; 0; 0; 0; 0; 0; 0; 0; 0; 0; 0; 0; 0; 0; 0; 0; 0; 0; 9999
1969;07; 0; 0; 0; 0; 0; 0; 0; 0; 0; 0; 0; 0; 60; 0; 0; 0; 0; 0; 0; 0; 0; 0; 0; 0; 0; 0; 0; 0; 0; 0; 0
1969;08; 0; 0; 0; 0; 0; 0; 0; 0; 0; 0; 0; 0; 0; 0; 0; 0; 0; 0; 0; 0; 0; 0; 0; 0; 0; 0; 0; 0; 0; 0; 0
1969;09; 0; 0; 0; 61; 0; 0; 0; 0; 0; 0; 0; 0; 0; 0; 0; 0; 0; 0; 0; 374; 0; 0; 0; 0; 0; 0; 0; 0; 0; 461; 9999
1969;10; 338; 12; 0; 193; 0; 476; 64; 0; 0; 146; 0; 0; 0; 0; 0; 0; 0; 0; 0; 184; 0; 0; 162; 0; 0; 0; 273; 0; 0; 0; 62
1969;11; 0; 0; 483; 0; 0; 0; 212; 0; 0; 170; 0; 0; 333; 456; 134; 165; 0; 73; 123; 353; 0; 0; 0; 0; 0; 0; 0; 0; 0; 210; 9999
1969;12; 286; 0; 0; 0; 0; 0; 229; 0; 0; 35; 0; 6; 356; 517; 0; 0; 0; 0; 0; 0; 1; 390; 110; 0; 0; 0; 0; 0; 0; 0; 440
1970;01; 255; 0; 0; 0; 0; 0; 0; 0; 0; 0; 0; 0; 332; 363; 1402; 614; 851; 140; 123; 0; 0; 0; 0; 0; 0; 0; 0; 0; 0; 0; 0
1970;02; 133; 151; 0; 0; 0; 354; 0; 0; 0; 114; 27; 30; 47; 79; 202; 466; 0; 160; 514; 229; 2; 661; 31; 22; 20; 0; 142; 24; 9999; 9999; 9999
1970;03; 2; 0; 0; 0; 66; 0; 0; 0; 0; 241; 90; 0; 357; 545; 0; 0; 0; 0; 225; 20; 0; 0; 0; 0; 0; 0; 0; 0; 0; 0; 0
1970;04; 174; 88; 314; 62; 0; 192; 0; 0; 0; 0; 0; 0; 0; 0; 0; 0; 0; 0; 0; 0; 0; 0; 0; 0; 0; 0; 0; 0; 0; 0; 9999
1970;05; 0; 0; 48; 39; 0; 0; 0; 257; 0; 0; 0; 0; 0; 0; 0; 0; 0; 0; 0; 0; 0; 0; 0; 0; 0; 0; 0; 0; 0; 0; 0
1970;06; 0; 0; 0; 0; 0; 0; 0; 0; 0; 0; 0; 0; 114; 0; 0; 0; 0; 0; 0; 0; 0; 0; 164; 395; 0; 0; 0; 0; 0; 0; 9999
1970;07; 0; 0; 0; 0; 0; 0; 0; 0; 0; 0; 0; 0; 41; 0; 0; 0; 0; 0; 0; 0; 0; 0; 0; 0; 0; 63; 0; 0; 0; 0; 0
1970;08; 0; 0; 0; 0; 0; 0; 0; 0; 0; 0; 0; 0; 0; 0; 0; 0; 0; 0; 0; 0; 0; 0; 0; 0; 0; 134; 267; 181; 0; 131; 113
1970;09; 0; 0; 0; 0; 0; 141; 0; 0; 0; 40; 0; 0; 174; 72; 0; 158; 0; 0; 0; 0; 0; 0; 0; 0; 0; 0; 0; 0; 418; 0; 9999
1970;10; 0; 80; 129; 338; 38; 0; 0; 0; 0; 0; 0; 0; 117; 0; 0; 0; 0; 0; 47; 0; 0; 0; 209; 0; 0; 0; 0; 0; 0; 0; 0
1970;11; 0; 0; 40; 0; 0; 0; 0; 104; 643; 189; 0; 8; 22; 0; 86; 0; 0; 0; 0; 0; 0; 124; 0; 0; 0; 0; 0; 0; 0; 337; 9999
1970;12; 9999; 9999; 9999; 9999; 9999; 9999; 9999; 9999; 9999; 9999; 9999; 9999; 9999; 9999; 9999; 9999; 9999; 9999; 9999; 9999; 9999; 9999; 9999; 9999; 9999; 9999; 9999; 9999; 9999; 9999; 9999
1971;01; 7; 133; 0; 0; 0; 84; 123; 0; 0; 27; 0; 27; 0; 43; 93; 189; 0; 0; 0; 0; 0; 0; 0; 0; 0; 0; 0; 0; 0; 0; 135
1971;02; 39; 0; 79; 14; 0; 0; 269; 155; 27; 0; 39; 90; 25; 5; 36; 69; 0; 0; 0; 40; 106; 0; 27; 0; 322; 253; 0; 0; 9999; 9999; 9999
1971;03; 0; 0; 0; 0; 152; 1072; 22; 0; 94; 0; 0; 81; 32; 0; 0; 0; 0; 0; 0; 0; 0; 63; 0; 328; 46; 0; 0; 0; 0; 0; 0
1971;04; 77; 0; 0; 0; 0; 0; 0; 0; 188; 280; 0; 0; 0; 0; 0; 0; 0; 0; 0; 0; 0; 185; 151; 0; 0; 0; 0; 0; 0; 0; 9999
1971;05; 0; 0; 314; 0; 291; 0; 0; 0; 30; 0; 0; 0; 0; 0; 0; 0; 0; 0; 0; 0; 0; 0; 0; 0; 0; 156; 0; 0; 0; 0; 0
1971;06; 0; 0; 0; 0; 0; 0; 0; 0; 101; 0; 0; 126; 56; 19; 22; 181; 22; 135; 474; 102; 24; 0; 0; 0; 0; 0; 0; 0; 0; 0; 9999
1971;07; 0; 0; 0; 0; 115; 0; 0; 0; 0; 0; 0; 0; 0; 0; 0; 0; 0; 0; 0; 0; 0; 0; 0; 0; 0; 0; 0; 0; 0; 193; 0
1971;08; 0; 0; 0; 0; 0; 0; 0; 0; 0; 0; 0; 0; 0; 0; 0; 0; 0; 0; 0; 0; 0; 0; 0; 0; 0; 0; 0; 0; 0; 0; 0
1971;09; 0; 0; 0; 0; 0; 0; 16; 122; 0; 0; 239; 0; 0; 0; 0; 0; 0; 0; 0; 0; 0; 0; 0; 62; 206; 0; 0; 65; 0; 168; 9999
1971;10; 0; 0; 0; 0; 54; 66; 0; 359; 0; 0; 227; 187; 33; 0; 0; 168; 36; 21; 0; 0; 0; 0; 0; 0; 77; 19; 0; 0; 93; 0; 0
1971;11; 0; 296; 0; 0; 0; 0; 0; 0; 0; 0; 0; 0; 0; 40; 0; 0; 0; 0; 349; 0; 0; 0; 0; 0; 221; 0; 0; 0; 0; 308; 9999
1971;12; 0; 0; 0; 295; 0; 0; 0; 40; 304; 46; 0; 0; 0; 364; 0; 0; 0; 116; 0; 0; 0; 0; 151; 436; 368; 0; 74; 0; 0; 266; 0
1972;01; 0; 0; 437; 14; 0; 0; 0; 0; 0; 626; 0; 0; 0; 0; 0; 0; 0; 0; 141; 0; 413; 831; 0; 274; 0; 152; 276; 21; 73; 0; 24
1972;02; 315; 0; 278; 322; 191; 100; 0; 43; 434; 0; 205; 0; 412; 19; 49; 0; 0; 86; 0; 741; 241; 82; 66; 176; 0; 0; 76; 0; 0; 9999; 9999
1972;03; 0; 0; 82; 25; 0; 165; 0; 0; 32; 0; 0; 0; 82; 0; 0; 0; 0; 0; 0; 0; 0; 0; 0; 0; 0; 244; 0; 0; 0; 0; 0
1972;04; 23; 0; 0; 338; 0; 0; 0; 0; 0; 0; 0; 0; 0; 0; 21; 0; 0; 0; 0; 0; 0; 0; 0; 0; 0; 0; 0; 0; 0; 0; 9999
1972;05; 0; 0; 72; 0; 0; 0; 0; 0; 25; 0; 0; 0; 0; 0; 0; 0; 0; 0; 0; 0; 0; 0; 70; 40; 460; 0; 0; 0; 0; 0; 0
1972;06; 0; 0; 0; 0; 0; 0; 0; 0; 0; 0; 0; 0; 0; 0; 0; 0; 0; 0; 0; 0; 0; 0; 0; 0; 0; 0; 0; 0; 0; 0; 9999
1972;07; 0; 0; 0; 0; 0; 0; 0; 330; 83; 0; 100; 440; 470; 203; 0; 0; 0; 0; 0; 0; 0; 0; 0; 0; 0; 35; 0; 0; 0; 0; 0
1972;08; 0; 0; 0; 200; 25; 0; 199; 0; 0; 0; 0; 0; 0; 0; 0; 0; 0; 0; 0; 0; 0; 0; 0; 95; 0; 0; 0; 0; 0; 130; 0
1972;09; 0; 0; 0; 0; 90; 0; 0; 0; 0; 0; 0; 0; 80; 0; 0; 0; 0; 0; 0; 0; 0; 25; 0; 0; 30; 5; 0; 0; 150; 35; 9999
1972;10; 0; 30; 25; 300; 260; 330; 0; 0; 0; 640; 0; 0; 0; 0; 0; 726; 0; 0; 0; 0; 0; 0; 0; 0; 0; 0; 0; 0; 450; 0; 0
1972;11; 270; 346; 0; 174; 0; 0; 0; 265; 130; 120; 0; 205; 35; 0; 0; 187; 545; 0; 663; 0; 0; 0; 0; 0; 150; 0; 0; 0; 0; 0; 9999
1972;12; 491; 0; 45; 0; 131; 0; 0; 0; 580; 0; 0; 0; 0; 0; 0; 0; 0; 0; 0; 0; 0; 440; 80; 0; 85; 0; 110; 45; 0; 0; 0
1973;01; 0; 0; 0; 280; 250; 200; 0; 0; 0; 65; 0; 0; 0; 342; 83; 80; 0; 0; 0; 125; 0; 510; 100; 0; 25; 0; 0; 0; 0; 60; 20
1973;02; 0; 35; 0; 41; 135; 10; 0; 0; 0; 0; 0; 0; 0; 0; 110; 275; 20; 0; 0; 40; 0; 385; 45; 0; 0; 0; 0; 0; 9999; 9999; 9999
1973;03; 120; 0; 0; 85; 0; 0; 0; 250; 30; 15; 0; 0; 0; 0; 0; 0; 0; 0; 0; 0; 30; 15; 215; 0; 0; 15; 0; 0; 190; 160; 0
1973;04; 165; 10; 0; 0; 220; 0; 35; 0; 120; 128; 35; 34; 0; 0; 0; 0; 25; 0; 320; 55; 0; 0; 0; 0; 0; 0; 0; 0; 0; 0; 9999
1973;05; 0; 0; 0; 0; 300; 0; 0; 0; 0; 0; 0; 0; 0; 0; 0; 0; 0; 0; 0; 0; 0; 200; 0; 45; 125; 0; 0; 0; 0; 0; 0
1973;06; 0; 0; 0; 0; 0; 0; 0; 0; 0; 30; 0; 0; 0; 0; 0; 0; 0; 215; 0; 0; 0; 0; 0; 0; 30; 0; 30; 0; 0; 0; 9999
1973;07; 0; 50; 0; 0; 0; 0; 0; 0; 0; 0; 0; 0; 0; 0; 0; 0; 0; 0; 0; 0; 0; 40; 0; 0; 0; 0; 0; 110; 0; 0; 0
1973;08; 0; 0; 0; 0; 75; 0; 0; 0; 0; 0; 0; 0; 0; 0; 0; 0; 0; 0; 0; 0; 0; 0; 0; 0; 0; 0; 0; 0; 0; 0; 0
1973;09; 160; 414; 2; 0; 0; 0; 0; 0; 0; 0; 0; 0; 0; 0; 0; 0; 0; 0; 0; 0; 0; 0; 0; 0; 26; 0; 0; 0; 0; 0; 9999
1973;10; 0; 0; 0; 0; 0; 133; 0; 0; 5; 0; 66; 0; 0; 0; 325; 0; 0; 0; 0; 0; 0; 0; 0; 0; 0; 0; 89; 0; 0; 0; 128
1973;11; 268; 64; 55; 0; 0; 0; 0; 0; 0; 0; 0; 0; 276; 86; 0; 0; 28; 0; 484; 0; 0; 0; 24; 0; 0; 0; 0; 0; 0; 0; 9999
1973;12; 0; 0; 0; 341; 72; 307; 447; 589; 0; 0; 0; 0; 0; 197; 0; 0; 128; 162; 54; 44; 39; 191; 0; 153; 0; 674; 0; 33; 0; 0; 595
1974;01; 0; 684; 0; 0; 0; 0; 109; 0; 424; 75; 148; 0; 0; 471; 67; 0; 137; 0; 57; 0; 0; 0; 121; 87; 0; 0; 0; 171; 75; 0; 0
1974;02; 111; 0; 0; 0; 0; 0; 0; 0; 0; 0; 0; 0; 0; 116; 55; 0; 0; 0; 0; 318; 0; 0; 0; 0; 0; 0; 0; 0; 9999; 9999; 9999
1974;03; 0; 0; 0; 26; 0; 41; 234; 475; 0; 242; 0; 185; 77; 0; 248; 0; 263; 311; 358; 735; 32; 0; 0; 0; 171; 0; 0; 27; 0; 0; 0
1974;04; 0; 53; 0; 386; 0; 0; 0; 0; 0; 0; 0; 99; 0; 0; 0; 0; 0; 0; 0; 0; 0; 0; 0; 0; 0; 68; 0; 0; 0; 0; 9999
1974;05; 0; 0; 0; 0; 0; 0; 0; 0; 0; 0; 0; 0; 0; 31; 0; 0; 0; 0; 0; 0; 0; 0; 0; 0; 0; 0; 0; 0; 0; 0; 0
1974;06; 0; 0; 0; 0; 75; 0; 0; 0; 0; 0; 0; 356; 0; 0; 0; 0; 0; 0; 0; 0; 0; 164; 0; 0; 125; 0; 557; 0; 0; 0; 9999
1974;07; 0; 0; 0; 0; 0; 0; 0; 0; 0; 0; 0; 0; 0; 0; 0; 0; 0; 0; 0; 0; 0; 0; 0; 0; 0; 0; 0; 0; 0; 0; 0
1974;08; 0; 0; 0; 0; 0; 0; 0; 0; 0; 0; 0; 0; 0; 0; 0; 0; 0; 0; 0; 0; 0; 0; 0; 0; 0; 0; 0; 0; 0; 0; 0
1974;09; 0; 0; 0; 0; 0; 0; 0; 0; 0; 0; 0; 0; 0; 0; 0; 0; 0; 0; 0; 0; 0; 0; 0; 0; 0; 0; 0; 0; 0; 73; 9999
1974;10; 0; 139; 0; 0; 148; 0; 0; 0; 26; 0; 0; 0; 0; 0; 0; 0; 598; 0; 0; 23; 0; 25; 0; 0; 0; 189; 0; 35; 0; 178; 0
1974;11; 0; 0; 0; 0; 0; 0; 0; 0; 0; 0; 0; 0; 126; 0; 0; 0; 0; 0; 0; 0; 181; 110; 0; 0; 0; 0; 0; 40; 0; 185; 9999
1974;12; 73; 145; 26; 114; 137; 292; 0; 0; 0; 0; 0; 0; 115; 21; 0; 12; 173; 186; 0; 195; 0; 0; 287; 291; 0; 0; 423; 43; 0; 436; 459
1975;01; 459; 13; 0; 0; 0; 0; 233; 0; 0; 29; 31; 100; 123; 0; 68; 0; 0; 0; 0; 0; 0; 0; 0; 0; 0; 0; 0; 0; 22; 0; 0
1975;02; 0; 0; 304; 207; 0; 316; 2; 137; 222; 243; 0; 0; 0; 0; 0; 351; 0; 0; 0; 373; 88; 0; 192; 131; 9; 0; 0; 149; 9999; 9999; 9999
1975;03; 7; 0; 0; 0; 0; 0; 0; 0; 0; 27; 0; 0; 75; 0; 55; 86; 0; 0; 0; 0; 0; 539; 0; 0; 314; 0; 0; 0; 0; 0; 104
1975;04; 0; 22; 62; 0; 0; 0; 0; 0; 0; 302; 175; 51; 0; 0; 184; 0; 0; 0; 0; 0; 0; 0; 0; 0; 0; 0; 0; 0; 0; 0; 9999
1975;05; 0; 0; 0; 0; 0; 0; 51; 0; 0; 0; 0; 0; 0; 0; 0; 0; 0; 0; 0; 0; 0; 0; 0; 0; 0; 0; 0; 0; 0; 0; 0
1975;06; 0; 0; 0; 0; 0; 0; 0; 0; 0; 0; 0; 0; 0; 0; 0; 0; 0; 0; 0; 0; 0; 0; 0; 0; 0; 0; 0; 0; 0; 0; 9999
1975;07; 0; 0; 0; 128; 0; 0; 0; 0; 0; 0; 0; 0; 0; 0; 0; 0; 23; 57; 0; 0; 0; 0; 0; 0; 0; 0; 0; 0; 0; 0; 0
1975;08; 0; 0; 0; 0; 0; 0; 0; 0; 0; 0; 0; 0; 0; 0; 0; 0; 0; 0; 0; 0; 0; 0; 0; 0; 0; 0; 0; 0; 0; 0; 0
1975;09; 0; 0; 0; 0; 0; 0; 0; 0; 0; 0; 0; 0; 0; 0; 0; 0; 0; 0; 0; 0; 0; 0; 0; 46; 0; 0; 68; 351; 0; 269; 9999
1975;10; 71; 152; 49; 0; 0; 76; 0; 172; 0; 0; 77; 0; 0; 0; 131; 0; 20; 51; 0; 168; 0; 0; 0; 0; 0; 0; 0; 0; 0; 0; 41
1975;11; 182; 0; 0; 20; 0; 402; 50; 0; 0; 0; 0; 0; 0; 0; 0; 0; 202; 121; 0; 0; 502; 0; 133; 204; 87; 313; 102; 302; 352; 202; 9999
1975;12; 586; 0; 0; 292; 55; 153; 0; 0; 0; 51; 0; 0; 208; 62; 35; 0; 0; 22; 52; 0; 0; 0; 0; 55; 132; 176; 57; 182; 84; 261; 0
1976;01; 0; 71; 142; 186; 84; 38; 0; 56; 8; 0; 0; 205; 0; 0; 0; 197; 0; 0; 0; 0; 0; 0; 0; 0; 0; 0; 178; 190; 0; 12; 0
1976;02; 390; 431; 514; 149; 0; 184; 139; 220; 115; 0; 0; 0; 0; 0; 0; 187; 84; 126; 140; 8; 0; 302; 271; 59; 22; 42; 285; 35; 0; 9999; 9999
1976;03; 0; 230; 84; 9; 0; 0; 0; 122; 37; 0; 0; 32; 0; 260; 0; 0; 0; 179; 422; 488; 420; 426; 0; 228; 90; 83; 29; 0; 0; 0; 0
1976;04; 0; 0; 0; 0; 0; 0; 9; 0; 0; 219; 15; 345; 36; 119; 110; 0; 0; 18; 0; 0; 0; 0; 4; 0; 0; 0; 0; 0; 0; 0; 9999
1976;05; 0; 0; 0; 0; 34; 0; 0; 0; 0; 19; 0; 3; 0; 0; 0; 0; 81; 0; 63; 189; 13; 0; 0; 0; 0; 0; 0; 63; 742; 72; 0
1976;06; 0; 0; 0; 0; 115; 973; 0; 0; 0; 0; 0; 0; 0; 0; 0; 0; 0; 0; 0; 0; 0; 0; 0; 0; 0; 0; 0; 0; 0; 0; 9999
1976;07; 0; 28; 583; 65; 0; 0; 0; 0; 63; 50; 0; 0; 0; 0; 0; 0; 0; 0; 0; 0; 0; 13; 0; 0; 0; 0; 0; 0; 0; 0; 0
1976;08; 0; 0; 0; 0; 0; 14; 0; 0; 0; 151; 34; 87; 223; 245; 0; 0; 0; 0; 0; 185; 0; 0; 0; 0; 0; 0; 0; 0; 0; 0; 0
1976;09; 0; 0; 0; 0; 0; 157; 68; 16; 0; 0; 0; 0; 71; 183; 44; 371; 0; 0; 0; 0; 0; 0; 0; 0; 0; 0; 154; 25; 0; 0; 9999
1976;10; 0; 0; 0; 0; 0; 96; 0; 0; 474; 31; 0; 0; 0; 0; 0; 0; 22; 93; 114; 0; 0; 0; 9; 0; 81; 147; 0; 0; 0; 0; 70
1976;11; 34; 0; 0; 37; 43; 138; 0; 0; 0; 0; 0; 0; 0; 0; 0; 23; 205; 35; 0; 189; 238; 0; 0; 0; 0; 35; 5; 0; 0; 0; 9999
1976;12; 0; 245; 32; 53; 242; 22; 0; 142; 0; 0; 0; 0; 0; 0; 34; 812; 219; 78; 0; 0; 345; 14; 0; 104; 23; 87; 157; 366; 0; 0; 0
1977;01; 0; 0; 0; 45; 112; 265; 9999; 9999; 9999; 9999; 9999; 9999; 9999; 9999; 9999; 0; 0; 0; 0; 0; 0; 0; 0; 0; 0; 0; 0; 0; 0; 0; 0
1977;02; 89; 20; 0; 34; 279; 3; 0; 0; 0; 0; 0; 0; 0; 0; 0; 27; 0; 0; 0; 0; 0; 0; 0; 122; 14; 0; 0; 0; 9999; 9999; 9999
1977;03; 0; 0; 18; 0; 3; 0; 380; 0; 79; 0; 0; 24; 0; 233; 0; 0; 328; 0; 302; 86; 300; 38; 3; 265; 7; 9; 0; 0; 152; 67; 89
1977;04; 42; 0; 0; 252; 125; 0; 0; 0; 562; 287; 4; 0; 0; 0; 0; 0; 52; 0; 74; 52; 110; 0; 0; 0; 0; 0; 0; 0; 0; 0; 9999
1977;05; 0; 4; 8; 0; 0; 0; 0; 0; 7; 0; 0; 0; 0; 0; 0; 4; 34; 0; 0; 0; 0; 0; 0; 0; 0; 0; 0; 0; 0; 0; 0
1977;06; 0; 40; 0; 30; 110; 91; 0; 0; 0; 0; 0; 0; 0; 0; 9; 6; 0; 0; 0; 0; 0; 7; 0; 0; 0; 0; 0; 0; 0; 0; 9999
1977;07; 0; 0; 0; 0; 0; 0; 0; 0; 0; 0; 0; 0; 0; 0; 0; 0; 0; 0; 0; 0; 0; 0; 0; 0; 186; 0; 0; 0; 0; 0; 0
1977;08; 0; 0; 0; 0; 0; 0; 0; 0; 0; 0; 0; 0; 0; 0; 0; 0; 0; 0; 0; 0; 0; 0; 0; 0; 0; 0; 0; 0; 35; 350; 240
1977;09; 132; 81; 0; 0; 0; 0; 252; 38; 0; 0; 0; 0; 0; 0; 0; 0; 0; 0; 0; 0; 0; 0; 0; 248; 30; 0; 0; 0; 0; 0; 9999
1977;10; 0; 172; 0; 0; 0; 294; 0; 0; 0; 0; 0; 0; 0; 0; 0; 0; 51; 0; 37; 0; 0; 0; 0; 0; 0; 0; 24; 145; 7; 0; 0
1977;11; 0; 295; 0; 0; 0; 0; 0; 0; 0; 0; 123; 203; 205; 203; 209; 417; 49; 154; 108; 42; 24; 186; 16; 161; 3; 101; 0; 382; 13; 224; 9999
1977;12; 64; 482; 507; 201; 269; 244; 0; 168; 0; 4; 52; 0; 0; 0; 11; 0; 0; 0; 382; 105; 67; 162; 157; 73; 0; 0; 0; 0; 0; 0; 181
1978;01; 54; 4; 0; 4; 31; 180; 0; 32; 181; 149; 53; 24; 195; 180; 2; 39; 0; 0; 0; 0; 212; 0; 0; 0; 0; 104; 50; 0; 0; 0; 0
1978;02; 0; 0; 0; 70; 0; 305; 0; 0; 0; 0; 95; 560; 0; 0; 0; 0; 0; 47; 8; 83; 0; 162; 302; 0; 0; 0; 28; 107; 9999; 9999; 9999
1978;03; 0; 0; 162; 250; 0; 59; 0; 302; 89; 362; 272; 0; 0; 0; 0; 0; 0; 0; 0; 0; 0; 0; 71; 0; 0; 0; 49; 23; 112; 85; 4
1978;04; 0; 0; 0; 0; 0; 0; 0; 0; 0; 0; 0; 0; 0; 0; 0; 0; 0; 0; 0; 0; 0; 0; 0; 0; 0; 0; 0; 0; 0; 0; 9999
1978;05; 22; 0; 0; 0; 0; 0; 0; 0; 0; 0; 0; 0; 0; 0; 0; 0; 162; 146; 258; 170; 0; 0; 70; 0; 0; 0; 0; 0; 0; 70; 42
1978;06; 14; 0; 0; 0; 0; 0; 0; 0; 422; 142; 0; 0; 0; 0; 0; 0; 0; 0; 0; 0; 0; 0; 0; 66; 0; 0; 0; 0; 0; 0; 9999
1978;07; 0; 0; 0; 0; 0; 0; 0; 0; 22; 0; 0; 0; 0; 0; 0; 529; 0; 102; 2; 160; 164; 184; 0; 0; 0; 0; 0; 0; 0; 0; 0
1978;08; 0; 0; 0; 0; 0; 0; 0; 0; 0; 0; 0; 0; 0; 9; 12; 0; 0; 0; 0; 0; 0; 0; 0; 0; 0; 0; 0; 0; 0; 0; 0
1978;09; 17; 0; 0; 0; 0; 386; 0; 61; 0; 0; 0; 0; 0; 42; 0; 0; 440; 0; 0; 0; 0; 0; 0; 0; 0; 0; 0; 0; 0; 0; 9999
1978;10; 0; 0; 0; 0; 0; 0; 0; 0; 0; 0; 3; 0; 0; 57; 20; 0; 155; 0; 333; 18; 0; 0; 0; 0; 0; 0; 0; 65; 53; 0; 431
1978;11; 112; 0; 0; 252; 294; 216; 0; 0; 0; 0; 445; 562; 4; 0; 0; 0; 123; 6; 0; 2; 0; 0; 3; 1; 0; 0; 18; 800; 0; 0; 9999
1978;12; 0; 0; 53; 0; 3; 2; 517; 74; 500; 300; 0; 0; 0; 0; 181; 203; 76; 0; 0; 0; 0; 0; 109; 198; 9; 173; 364; 473; 102; 120; 0
1979;01; 0; 808; 142; 14; 0; 0; 0; 0; 0; 0; 0; 79; 0; 0; 0; 0; 0; 0; 0; 0; 603; 152; 0; 0; 0; 207; 0; 0; 112; 73; 0
1979;02; 0; 0; 0; 0; 8; 0; 0; 0; 0; 1; 8; 153; 600; 263; 626; 0; 0; 43; 0; 3; 0; 0; 362; 0; 0; 0; 370; 0; 9999; 9999; 9999
1979;03; 5; 20; 18; 0; 0; 8; 0; 0; 0; 0; 150; 0; 24; 80; 263; 0; 0; 0; 0; 2; 0; 0; 0; 8; 166; 0; 0; 0; 0; 0; 0
1979;04; 0; 0; 0; 262; 60; 9; 0; 9; 0; 0; 0; 0; 0; 0; 0; 0; 0; 0; 6; 0; 0; 0; 0; 0; 0; 0; 0; 0; 0; 312; 9999
1979;05; 0; 0; 0; 419; 307; 0; 0; 84; 51; 3; 4; 0; 0; 0; 0; 0; 0; 0; 0; 0; 0; 0; 0; 0; 0; 0; 0; 0; 0; 256; 0
1979;06; 0; 0; 0; 0; 0; 0; 0; 0; 0; 0; 0; 0; 0; 0; 0; 0; 0; 0; 0; 0; 0; 0; 0; 0; 0; 0; 0; 0; 0; 0; 9999
1979;07; 0; 0; 0; 14; 0; 0; 0; 0; 0; 0; 0; 0; 0; 0; 0; 0; 0; 0; 40; 160; 0; 0; 8; 0; 7; 8; 62; 0; 0; 0; 0
1979;08; 0; 0; 0; 0; 0; 0; 0; 0; 0; 0; 0; 0; 4; 0; 2; 0; 0; 114; 58; 90; 0; 0; 0; 0; 0; 0; 137; 0; 0; 0; 0
1979;09; 0; 0; 228; 0; 0; 0; 0; 0; 0; 2; 39; 91; 0; 210; 268; 183; 20; 108; 0; 0; 0; 0; 175; 4; 0; 0; 0; 0; 0; 0; 9999
1979;10; 183; 0; 0; 0; 0; 0; 0; 153; 158; 0; 0; 32; 0; 386; 218; 3; 0; 0; 0; 0; 0; 0; 0; 0; 0; 0; 0; 0; 4; 0; 222
1979;11; 9; 268; 41; 8; 0; 0; 0; 0; 169; 104; 44; 0; 0; 0; 0; 0; 0; 0; 12; 0; 0; 0; 0; 46; 62; 420; 0; 0; 0; 0; 9999
1979;12; 0; 0; 5; 64; 89; 0; 0; 0; 0; 15; 215; 102; 162; 52; 204; 90; 4; 0; 27; 316; 500; 489; 590; 389; 313; 205; 263; 108; 0; 0; 0
1980;01; 112; 0; 0; 0; 0; 0; 55; 0; 14; 20; 319; 137; 38; 0; 0; 0; 0; 22; 159; 0; 150; 45; 28; 33; 339; 410; 309; 0; 22; 0; 0
1980;02; 65; 0; 0; 0; 0; 0; 0; 0; 46; 0; 412; 21; 708; 31; 30; 39; 25; 723; 167; 0; 0; 0; 408; 170; 439; 46; 131; 64; 122; 9999; 9999
1980;03; 21; 0; 0; 0; 0; 0; 0; 0; 0; 0; 0; 0; 38; 250; 579; 27; 16; 0; 131; 0; 0; 0; 0; 0; 21; 9; 0; 0; 0; 0; 7
1980;04; 0; 0; 608; 420; 136; 122; 0; 0; 0; 22; 5; 18; 2; 8; 259; 342; 0; 0; 0; 0; 0; 0; 0; 0; 0; 0; 0; 0; 0; 0; 9999
1980;05; 2; 15; 18; 0; 0; 0; 0; 0; 0; 0; 20; 6; 0; 0; 0; 0; 0; 0; 0; 0; 0; 0; 4; 0; 0; 0; 0; 0; 0; 0; 0
1980;06; 0; 0; 142; 7; 0; 0; 0; 0; 0; 0; 0; 0; 0; 82; 0; 0; 0; 0; 0; 0; 0; 17; 0; 0; 0; 636; 264; 0; 0; 0; 9999
1980;07; 0; 0; 0; 0; 0; 0; 0; 0; 0; 0; 0; 0; 0; 0; 0; 0; 0; 0; 0; 0; 0; 0; 0; 0; 0; 0; 0; 0; 0; 0; 4
1980;08; 0; 0; 0; 0; 0; 0; 48; 0; 0; 0; 0; 0; 0; 0; 19; 0; 0; 0; 0; 0; 0; 0; 0; 5; 0; 125; 0; 0; 0; 0; 0
1980;09; 0; 0; 0; 0; 0; 0; 0; 0; 0; 0; 0; 0; 195; 0; 0; 0; 0; 60; 79; 103; 388; 127; 0; 0; 0; 0; 0; 78; 0; 0; 9999
1980;10; 0; 0; 0; 0; 0; 0; 0; 277; 633; 0; 0; 319; 0; 0; 0; 0; 0; 0; 0; 0; 0; 0; 0; 0; 0; 0; 13; 0; 0; 0; 0
1980;11; 0; 0; 0; 0; 34; 0; 126; 194; 132; 94; 37; 0; 0; 0; 0; 0; 0; 0; 0; 15; 0; 0; 329; 402; 19; 0; 0; 0; 88; 440; 9999
1980;12; 240; 221; 25; 78; 442; 595; 140; 24; 0; 519; 0; 98; 72; 68; 0; 0; 0; 0; 0; 96; 0; 434; 4; 400; 163; 3; 24; 13; 572; 67; 153
1981;01; 11; 112; 15; 252; 13; 28; 205; 88; 0; 5; 108; 52; 102; 115; 317; 179; 27; 0; 0; 52; 120; 415; 257; 13; 159; 54; 277; 0; 0; 7; 0
1981;02; 0; 0; 277; 0; 292; 0; 10; 0; 0; 0; 465; 0; 0; 0; 0; 0; 0; 0; 0; 0; 32; 0; 0; 0; 0; 0; 0; 0; 9999; 9999; 9999
1981;03; 0; 0; 214; 0; 19; 0; 72; 5; 303; 0; 0; 0; 0; 0; 0; 11; 0; 306; 0; 0; 0; 0; 0; 0; 0; 0; 0; 109; 124; 65; 0
1981;04; 0; 0; 0; 0; 0; 0; 0; 0; 0; 0; 0; 0; 0; 0; 0; 46; 0; 0; 0; 0; 0; 0; 0; 50; 0; 0; 4; 282; 0; 5; 9999
1981;05; 0; 0; 0; 0; 204; 0; 0; 0; 0; 0; 0; 0; 0; 0; 0; 0; 0; 0; 0; 0; 0; 0; 0; 0; 0; 0; 0; 14; 138; 0; 0
1981;06; 0; 0; 0; 0; 0; 0; 548; 43; 0; 0; 0; 0; 0; 0; 0; 224; 165; 0; 0; 0; 6; 0; 0; 0; 0; 0; 0; 0; 0; 0; 9999
1981;07; 0; 0; 0; 0; 0; 0; 0; 0; 0; 0; 0; 0; 0; 0; 0; 0; 0; 0; 0; 0; 0; 0; 0; 0; 0; 0; 0; 0; 0; 0; 0
1981;08; 0; 0; 0; 0; 0; 0; 0; 0; 0; 0; 0; 0; 0; 0; 0; 0; 0; 35; 0; 0; 0; 0; 0; 0; 0; 0; 0; 0; 0; 0; 0
1981;09; 0; 0; 0; 0; 0; 0; 0; 0; 0; 0; 0; 0; 0; 0; 0; 0; 0; 0; 0; 0; 0; 0; 0; 0; 0; 112; 0; 0; 0; 0; 9999
1981;10; 0; 0; 86; 13; 64; 9; 13; 12; 0; 26; 3; 8; 184; 0; 0; 507; 0; 0; 3; 800; 0; 0; 0; 0; 0; 0; 286; 0; 10; 500; 0
1981;11; 0; 0; 123; 96; 106; 0; 0; 114; 990; 112; 70; 0; 0; 0; 0; 0; 376; 0; 182; 16; 143; 0; 0; 0; 0; 302; 0; 23; 0; 0; 9999
1981;12; 1431; 240; 0; 0; 51; 80; 95; 218; 89; 120; 0; 0; 107; 0; 0; 0; 189; 14; 45; 0; 0; 0; 0; 34; 0; 0; 0; 57; 0; 0; 0
1982;01; 0; 113; 203; 0; 0; 0; 0; 34; 221; 368; 500; 646; 0; 0; 0; 0; 0; 0; 20; 0; 67; 0; 420; 220; 0; 0; 60; 250; 80; 50; 20
1982;02; 110; 178; 106; 9; 565; 463; 303; 0; 8; 0; 0; 0; 0; 0; 0; 0; 0; 0; 0; 0; 0; 0; 279; 3; 54; 4; 0; 153; 9999; 9999; 9999
1982;03; 0; 58; 341; 0; 0; 0; 0; 0; 326; 168; 254; 153; 46; 14; 16; 301; 72; 4; 108; 0; 0; 362; 251; 0; 19; 0; 3; 152; 0; 207; 0
1982;04; 0; 0; 0; 0; 0; 0; 0; 0; 0; 0; 0; 0; 145; 12; 417; 0; 0; 0; 0; 0; 0; 0; 0; 0; 0; 0; 0; 0; 0; 0; 9999
1982;05; 0; 0; 0; 0; 0; 0; 0; 0; 0; 0; 0; 0; 0; 0; 0; 0; 0; 0; 43; 53; 0; 0; 12; 0; 313; 37; 0; 0; 0; 0; 227
1982;06; 0; 0; 0; 0; 39; 0; 0; 0; 0; 0; 0; 21; 30; 0; 0; 20; 21; 0; 0; 0; 0; 22; 2; 0; 0; 4; 0; 0; 41; 3; 9999
1982;07; 55; 4; 0; 0; 0; 0; 0; 0; 0; 0; 0; 0; 7; 30; 1; 0; 0; 0; 10; 0; 0; 0; 0; 0; 0; 0; 0; 0; 0; 18; 2
1982;08; 0; 0; 0; 0; 9; 0; 0; 0; 0; 0; 103; 0; 0; 0; 0; 0; 0; 0; 22; 0; 0; 0; 0; 200; 0; 0; 0; 3; 0; 0; 0
1982;09; 0; 0; 0; 0; 0; 0; 0; 0; 0; 0; 0; 0; 0; 0; 0; 0; 0; 0; 0; 0; 0; 0; 0; 0; 0; 0; 3; 97; 0; 0; 9999
1982;10; 0; 302; 304; 0; 0; 0; 0; 377; 481; 0; 397; 0; 265; 155; 0; 0; 0; 21; 213; 0; 0; 137; 0; 0; 0; 31; 0; 78; 12; 17; 77
1982;11; 0; 0; 0; 0; 69; 551; 0; 0; 0; 0; 148; 231; 0; 0; 72; 11; 0; 0; 0; 219; 58; 77; 0; 0; 0; 213; 227; 38; 37; 0; 9999
1982;12; 151; 37; 195; 0; 0; 0; 193; 5; 0; 0; 289; 31; 5; 97; 0; 147; 239; 32; 200; 93; 77; 0; 91; 213; 0; 0; 11; 553; 27; 7; 13
1983;01; 13; 0; 158; 0; 13; 205; 119; 33; 241; 23; 0; 0; 853; 230; 511; 87; 353; 483; 225; 87; 335; 0; 0; 0; 0; 0; 53; 13; 0; 163; 235
1983;02; 39; 515; 287; 31; 0; 0; 0; 383; 87; 161; 11; 0; 0; 0; 47; 0; 0; 0; 127; 0; 0; 0; 55; 79; 0; 21; 37; 137; 9999; 9999; 9999
1983;03; 0; 237; 0; 0; 319; 779; 418; 487; 0; 0; 0; 0; 83; 13; 57; 0; 0; 0; 393; 425; 0; 27; 0; 0; 0; 235; 0; 157; 0; 0; 0
1983;04; 0; 0; 0; 0; 0; 61; 355; 0; 0; 0; 0; 23; 67; 0; 0; 0; 0; 0; 0; 127; 43; 155; 0; 0; 378; 157; 0; 0; 0; 0; 9999
1983;05; 0; 0; 0; 0; 0; 0; 0; 0; 283; 0; 0; 0; 23; 0; 0; 0; 0; 17; 0; 305; 21; 0; 154; 91; 17; 0; 0; 0; 287; 390; 829
1983;06; 83; 105; 145; 43; 20; 0; 87; 0; 0; 125; 0; 39; 0; 0; 0; 0; 0; 0; 0; 0; 0; 0; 0; 0; 0; 0; 0; 0; 287; 0; 9999
1983;07; 0; 0; 0; 0; 0; 0; 0; 0; 0; 0; 0; 0; 0; 0; 0; 0; 0; 87; 0; 125; 219; 0; 0; 0; 0; 0; 0; 0; 0; 0; 0
1983;08; 0; 0; 0; 0; 0; 0; 0; 0; 0; 0; 0; 0; 0; 0; 0; 0; 0; 0; 0; 0; 0; 0; 0; 0; 0; 0; 0; 0; 0; 0; 0
1983;09; 0; 0; 27; 0; 0; 238; 281; 263; 0; 0; 0; 21; 239; 0; 0; 231; 61; 195; 415; 13; 0; 0; 7; 727; 15; 0; 0; 0; 0; 0; 9999
1983;10; 0; 0; 0; 0; 0; 0; 0; 0; 0; 0; 0; 315; 27; 181; 91; 0; 0; 215; 173; 0; 0; 27; 661; 581; 0; 0; 0; 0; 0; 0; 0
1983;11; 67; 145; 105; 7; 199; 0; 0; 0; 0; 0; 43; 87; 189; 10; 41; 43; 0; 0; 0; 541; 0; 149; 0; 0; 0; 0; 0; 0; 0; 161; 9999
1983;12; 0; 0; 0; 0; 0; 0; 297; 13; 27; 35; 27; 17; 0; 465; 137; 297; 0; 137; 123; 185; 10; 309; 300; 631; 77; 0; 137; 198; 13; 157; 7
1984;01; 0; 17; 0; 0; 0; 0; 0; 0; 0; 47; 0; 0; 0; 0; 0; 0; 0; 0; 15; 31; 13; 163; 21; 121; 31; 17; 322; 297; 0; 0; 0
1984;02; 0; 37; 0; 0; 0; 0; 125; 67; 0; 0; 0; 0; 19; 0; 0; 543; 0; 127; 0; 0; 0; 15; 0; 0; 0; 0; 0; 0; 13; 9999; 9999
1984;03; 15; 0; 0; 0; 111; 0; 621; 63; 0; 0; 0; 0; 0; 0; 0; 0; 0; 0; 27; 0; 0; 25; 0; 0; 0; 0; 215; 0; 0; 0; 0
1984;04; 0; 0; 23; 81; 41; 0; 0; 153; 0; 0; 0; 0; 0; 0; 17; 0; 37; 0; 0; 391; 32; 0; 0; 0; 0; 0; 0; 0; 27; 57; 9999
1984;05; 45; 21; 59; 0; 0; 25; 0; 0; 0; 0; 0; 0; 61; 87; 113; 0; 0; 91; 0; 0; 0; 0; 0; 0; 0; 0; 0; 0; 0; 0; 0
1984;06; 0; 0; 0; 0; 0; 0; 0; 0; 0; 0; 0; 0; 0; 0; 0; 0; 0; 0; 0; 0; 0; 0; 0; 0; 0; 0; 0; 0; 0; 0; 9999
1984;07; 0; 29; 0; 0; 0; 0; 0; 0; 0; 0; 0; 0; 0; 0; 0; 0; 0; 0; 0; 0; 0; 0; 0; 0; 0; 0; 0; 0; 0; 0; 0
1984;08; 0; 0; 219; 205; 0; 0; 0; 0; 0; 0; 0; 0; 0; 0; 0; 0; 0; 0; 0; 77; 161; 28; 353; 0; 10; 45; 0; 0; 0; 0; 59
1984;09; 0; 0; 0; 0; 0; 0; 0; 0; 127; 0; 0; 0; 0; 0; 0; 0; 171; 0; 185; 0; 247; 0; 0; 0; 0; 0; 587; 13; 0; 0; 9999
1984;10; 0; 0; 0; 0; 0; 0; 0; 0; 0; 13; 0; 0; 0; 0; 0; 0; 147; 245; 85; 0; 0; 0; 0; 0; 0; 0; 0; 0; 0; 0; 0
1984;11; 0; 0; 0; 0; 0; 227; 57; 41; 67; 0; 23; 163; 17; 0; 0; 0; 179; 69; 0; 0; 237; 0; 5; 0; 101; 225; 5; 0; 0; 0; 9999
1984;12; 0; 125; 27; 0; 0; 383; 0; 71; 0; 0; 0; 0; 223; 411; 747; 7; 0; 53; 0; 0; 0; 0; 0; 0; 0; 17; 57; 58; 0; 107; 77
1985;01; 15; 0; 0; 0; 279; 160; 0; 557; 171; 0; 0; 0; 0; 0; 0; 575; 453; 151; 0; 37; 135; 48; 331; 145; 497; 193; 0; 0; 0; 0; 269
1985;02; 111; 0; 0; 0; 0; 0; 0; 0; 103; 0; 27; 0; 29; 0; 0; 0; 0; 151; 0; 0; 0; 479; 31; 0; 0; 87; 0; 169; 9999; 9999; 9999
1985;03; 125; 141; 21; 0; 10; 181; 13; 7; 0; 0; 87; 0; 0; 0; 0; 561; 7; 195; 0; 0; 0; 0; 93; 0; 0; 0; 0; 81; 100; 0; 0
1985;04; 41; 0; 0; 0; 0; 225; 11; 0; 0; 0; 0; 0; 0; 0; 0; 0; 741; 445; 0; 0; 0; 0; 0; 0; 0; 34; 96; 0; 0; 0; 9999
1985;05; 92; 0; 0; 0; 0; 0; 0; 0; 0; 5; 0; 0; 0; 0; 0; 0; 0; 0; 0; 0; 0; 185; 0; 0; 0; 0; 0; 0; 0; 0; 0
1985;06; 0; 0; 131; 122; 0; 0; 0; 0; 0; 0; 0; 0; 0; 0; 0; 0; 0; 0; 0; 0; 0; 0; 0; 0; 0; 0; 0; 0; 0; 0; 9999
1985;07; 0; 0; 0; 0; 0; 0; 25; 0; 0; 0; 0; 0; 0; 0; 0; 0; 0; 0; 0; 0; 0; 0; 0; 0; 0; 0; 0; 0; 0; 0; 0
1985;08; 0; 0; 0; 0; 0; 0; 0; 0; 0; 0; 0; 0; 0; 0; 0; 0; 0; 0; 0; 0; 0; 0; 81; 0; 0; 0; 0; 0; 0; 0; 55
1985;09; 0; 75; 0; 8; 19; 53; 5; 0; 0; 0; 0; 0; 0; 0; 0; 0; 0; 0; 0; 0; 0; 0; 0; 35; 0; 0; 0; 0; 0; 21; 9999
1985;10; 0; 0; 0; 0; 0; 0; 0; 0; 0; 0; 0; 0; 0; 0; 0; 0; 0; 0; 0; 0; 0; 0; 0; 0; 0; 0; 51; 0; 299; 35; 0
1985;11; 17; 423; 647; 131; 17; 0; 0; 0; 0; 0; 0; 0; 0; 0; 0; 0; 0; 0; 0; 0; 325; 45; 0; 61; 141; 32; 47; 102; 0; 0; 9999
1985;12; 0; 0; 0; 331; 0; 0; 0; 0; 0; 0; 0; 0; 0; 0; 63; 0; 413; 0; 0; 0; 135; 182; 0; 457; 100; 181; 109; 0; 0; 0; 0
1986;01; 0; 0; 11; 0; 0; 45; 0; 0; 0; 217; 0; 825; 0; 0; 0; 32; 117; 0; 0; 0; 0; 0; 0; 0; 0; 27; 13; 0; 37; 5; 0
1986;02; 0; 0; 109; 41; 17; 0; 0; 145; 0; 53; 0; 335; 0; 297; 24; 147; 39; 131; 493; 285; 103; 0; 0; 0; 0; 191; 163; 223; 9999; 9999; 9999
1986;03; 5; 15; 0; 66; 571; 217; 97; 185; 0; 632; 0; 0; 17; 0; 0; 0; 41; 0; 513; 0; 0; 0; 353; 10; 23; 0; 25; 0; 0; 152; 0
1986;04; 0; 0; 0; 0; 0; 0; 0; 0; 0; 0; 0; 0; 0; 0; 427; 23; 0; 0; 0; 0; 0; 0; 0; 0; 0; 0; 0; 15; 0; 0; 9999
1986;05; 0; 0; 0; 0; 0; 0; 0; 27; 97; 12; 0; 0; 41; 39; 0; 0; 57; 0; 165; 0; 27; 0; 0; 0; 0; 0; 0; 0; 0; 0; 100
1986;06; 0; 0; 0; 0; 0; 0; 0; 0; 0; 0; 0; 0; 0; 0; 0; 0; 0; 0; 0; 0; 0; 0; 0; 0; 0; 0; 0; 0; 0; 0; 9999
1986;07; 0; 0; 0; 0; 0; 0; 0; 0; 0; 0; 0; 0; 0; 0; 0; 0; 0; 0; 0; 0; 0; 0; 295; 31; 0; 0; 0; 0; 0; 0; 27
1986;08; 15; 0; 0; 0; 0; 0; 0; 0; 0; 0; 0; 0; 0; 0; 25; 125; 32; 0; 0; 0; 34; 497; 275; 0; 156; 5; 0; 0; 0; 0; 0
1986;09; 0; 0; 0; 0; 0; 0; 0; 0; 0; 0; 0; 0; 0; 0; 0; 0; 0; 0; 0; 127; 0; 0; 0; 0; 0; 75; 0; 0; 127; 0; 9999
1986;10; 0; 0; 0; 0; 0; 0; 0; 0; 147; 20; 75; 0; 0; 0; 0; 0; 0; 0; 0; 83; 23; 254; 13; 0; 0; 0; 0; 0; 0; 277; 0
1986;11; 0; 93; 0; 0; 0; 295; 0; 0; 0; 45; 137; 187; 0; 0; 0; 0; 0; 0; 0; 0; 0; 0; 0; 0; 0; 0; 0; 35; 0; 165; 9999
1986;12; 267; 605; 193; 25; 217; 105; 47; 0; 487; 228; 0; 0; 0; 93; 0; 64; 383; 45; 0; 0; 25; 0; 345; 30; 551; 235; 100; 123; 115; 251; 47
1987;01; 115; 21; 175; 633; 625; 9; 371; 0; 0; 95; 147; 0; 41; 0; 0; 297; 5; 0; 487; 0; 0; 43; 435; 47; 115; 515; 97; 535; 173; 23; 155
1987;02; 227; 5; 15; 75; 0; 7; 0; 0; 97; 77; 0; 0; 65; 215; 162; 27; 0; 257; 0; 0; 0; 0; 0; 0; 0; 85; 32; 0; 9999; 9999; 9999
1987;03; 0; 0; 0; 0; 0; 0; 0; 0; 135; 357; 5; 0; 0; 0; 0; 0; 0; 0; 197; 0; 0; 0; 0; 0; 0; 0; 0; 0; 0; 0; 0
1987;04; 0; 0; 0; 275; 205; 0; 0; 0; 0; 0; 0; 0; 0; 0; 0; 0; 0; 0; 0; 0; 0; 107; 0; 0; 0; 0; 0; 0; 0; 0; 9999
1987;05; 0; 0; 0; 0; 227; 293; 0; 175; 177; 0; 0; 375; 0; 0; 0; 205; 0; 0; 5; 75; 7; 53; 0; 0; 146; 0; 0; 0; 43; 0; 0
1987;06; 0; 0; 0; 0; 0; 0; 21; 0; 0; 0; 0; 0; 0; 0; 0; 99; 0; 0; 0; 0; 0; 0; 145; 0; 0; 0; 0; 0; 0; 0; 9999
1987;07; 0; 0; 0; 0; 0; 0; 0; 0; 145; 43; 0; 0; 0; 0; 0; 0; 0; 0; 0; 0; 0; 0; 0; 0; 0; 0; 0; 0; 0; 0; 5
1987;08; 0; 0; 0; 0; 0; 0; 75; 0; 0; 0; 0; 0; 0; 0; 0; 0; 0; 0; 0; 0; 0; 0; 0; 0; 0; 0; 0; 0; 0; 0; 0
1987;09; 30; 0; 0; 0; 0; 0; 0; 0; 7; 0; 21; 162; 0; 0; 0; 0; 0; 163; 177; 0; 0; 89; 232; 0; 29; 0; 0; 0; 0; 0; 9999
1987;10; 0; 141; 0; 0; 0; 343; 0; 0; 0; 0; 0; 0; 0; 0; 0; 0; 0; 0; 0; 47; 15; 0; 0; 0; 67; 0; 0; 0; 0; 0; 0
1987;11; 0; 0; 0; 0; 0; 111; 41; 0; 5; 0; 0; 17; 0; 232; 840; 1155; 6; 0; 0; 0; 39; 51; 0; 0; 252; 73; 155; 0; 0; 0; 9999
1987;12; 0; 0; 0; 17; 775; 111; 65; 0; 92; 467; 27; 0; 19; 0; 0; 0; 274; 253; 585; 0; 0; 0; 0; 0; 0; 0; 0; 39; 31; 0; 0
1988;01; 73; 0; 0; 0; 0; 273; 422; 391; 200; 543; 119; 0; 0; 0; 0; 0; 9; 0; 0; 0; 427; 0; 46; 0; 0; 0; 0; 0; 37; 0; 0
1988;02; 0; 45; 0; 0; 214; 103; 0; 204; 253; 0; 126; 0; 0; 229; 25; 0; 205; 0; 109; 26; 99; 0; 63; 0; 0; 33; 0; 0; 0; 9999; 9999
1988;03; 55; 24; 76; 473; 275; 58; 225; 143; 0; 0; 0; 0; 0; 0; 0; 0; 252; 335; 305; 0; 0; 0; 0; 0; 0; 0; 0; 34; 0; 0; 0
1988;04; 0; 21; 15; 0; 0; 0; 0; 11; 163; 0; 0; 0; 177; 223; 0; 0; 5; 0; 67; 433; 143; 0; 0; 0; 0; 13; 0; 0; 0; 0; 9999
1988;05; 0; 0; 0; 5; 85; 0; 0; 0; 0; 0; 0; 0; 45; 0; 0; 0; 0; 205; 0; 0; 0; 0; 0; 3; 24; 0; 0; 0; 0; 147; 107
1988;06; 0; 0; 0; 10; 7; 0; 0; 0; 0; 0; 0; 0; 0; 45; 67; 0; 0; 0; 0; 0; 0; 0; 0; 0; 0; 0; 0; 9; 0; 0; 9999
1988;07; 0; 0; 0; 0; 0; 0; 0; 0; 0; 0; 0; 0; 0; 0; 0; 0; 0; 0; 0; 0; 0; 0; 0; 0; 0; 0; 0; 0; 0; 0; 0
1988;08; 0; 0; 0; 0; 0; 0; 0; 0; 0; 0; 0; 0; 0; 0; 0; 0; 0; 0; 0; 0; 0; 0; 0; 0; 0; 0; 0; 0; 0; 0; 0
1988;09; 0; 0; 0; 0; 0; 0; 0; 0; 0; 0; 0; 0; 0; 0; 57; 0; 45; 0; 0; 0; 0; 0; 0; 0; 0; 0; 0; 0; 0; 0; 9999
1988;10; 25; 0; 59; 0; 0; 42; 0; 0; 0; 0; 0; 155; 181; 21; 0; 0; 0; 5; 0; 207; 27; 0; 139; 68; 36; 165; 27; 0; 0; 147; 0
1988;11; 165; 17; 0; 0; 0; 7; 0; 25; 0; 0; 0; 39; 185; 0; 0; 0; 0; 451; 0; 0; 262; 0; 62; 0; 0; 0; 74; 0; 0; 0; 9999
1988;12; 0; 0; 49; 0; 0; 0; 0; 0; 0; 0; 0; 0; 0; 774; 0; 0; 0; 0; 0; 0; 374; 27; 0; 256; 113; 121; 0; 0; 0; 0; 158
1989;01; 65; 0; 517; 91; 187; 155; 47; 126; 117; 571; 11; 71; 15; 0; 168; 325; 0; 169; 0; 0; 172; 125; 32; 0; 192; 0; 0; 51; 0; 0; 0
1989;02; 0; 9; 0; 0; 45; 0; 89; 0; 115; 196; 589; 31; 241; 115; 234; 52; 37; 0; 73; 0; 11; 22; 105; 74; 83; 132; 0; 0; 9999; 9999; 9999
1989;03; 0; 0; 31; 0; 0; 115; 0; 0; 325; 0; 0; 0; 0; 58; 752; 885; 47; 0; 0; 0; 0; 0; 0; 0; 0; 0; 182; 0; 21; 55; 0
1989;04; 0; 0; 47; 0; 0; 0; 0; 0; 0; 0; 0; 81; 0; 5; 0; 0; 0; 0; 105; 0; 0; 0; 0; 0; 0; 0; 0; 0; 0; 293; 9999
1989;05; 0; 0; 0; 0; 67; 239; 0; 0; 0; 0; 0; 0; 0; 0; 0; 0; 0; 0; 0; 0; 0; 0; 0; 0; 0; 0; 0; 0; 0; 0; 0
1989;06; 0; 0; 0; 0; 0; 0; 0; 145; 82; 0; 274; 39; 0; 0; 0; 0; 0; 0; 0; 0; 0; 0; 0; 0; 25; 0; 0; 0; 39; 0; 9999
1989;07; 0; 0; 0; 0; 0; 0; 0; 0; 0; 0; 0; 0; 0; 0; 0; 0; 0; 0; 0; 0; 0; 0; 0; 0; 0; 0; 47; 247; 105; 525; 73
1989;08; 0; 0; 0; 0; 0; 0; 0; 0; 0; 0; 0; 0; 0; 0; 0; 0; 0; 0; 0; 0; 0; 115; 7; 0; 0; 155; 0; 89; 0; 0; 0
1989;09; 7; 48; 0; 0; 0; 17; 171; 0; 0; 455; 29; 0; 0; 117; 29; 0; 0; 0; 0; 0; 0; 0; 0; 0; 0; 0; 69; 0; 0; 0; 9999
1989;10; 0; 0; 0; 55; 0; 0; 0; 0; 0; 0; 0; 56; 5; 0; 0; 0; 0; 0; 0; 0; 0; 0; 0; 0; 0; 0; 317; 0; 0; 0; 0
1989;11; 0; 0; 51; 0; 0; 0; 0; 0; 0; 113; 15; 490; 7; 0; 0; 0; 0; 0; 0; 253; 73; 163; 0; 81; 25; 0; 0; 174; 0; 107; 9999
1989;12; 0; 0; 0; 0; 0; 0; 0; 0; 0; 113; 7; 236; 1093; 615; 0; 0; 0; 0; 0; 61; 0; 0; 0; 0; 0; 75; 108; 477; 182; 297; 344
1990;01; 185; 219; 224; 0; 455; 273; 107; 34; 0; 572; 517; 137; 128; 0; 0; 253; 28; 0; 0; 0; 0; 103; 35; 0; 0; 0; 0; 0; 0; 0; 0
1990;02; 0; 0; 0; 0; 0; 71; 0; 0; 0; 0; 0; 0; 28; 652; 0; 0; 0; 0; 0; 0; 0; 0; 282; 0; 229; 93; 0; 125; 9999; 9999; 9999
1990;03; 115; 0; 0; 61; 0; 0; 352; 0; 51; 0; 19; 0; 0; 0; 257; 0; 0; 0; 343; 64; 0; 282; 55; 0; 0; 0; 55; 143; 68; 0; 0
1990;04; 0; 0; 0; 0; 7; 0; 197; 0; 172; 18; 0; 0; 0; 0; 0; 0; 21; 305; 15; 125; 0; 0; 0; 0; 0; 0; 0; 0; 0; 0; 9999
1990;05; 67; 358; 0; 0; 0; 0; 0; 0; 0; 0; 28; 47; 0; 0; 105; 0; 107; 24; 0; 0; 0; 0; 0; 0; 0; 0; 0; 0; 0; 0; 0
1990;06; 0; 0; 0; 0; 0; 0; 0; 0; 0; 0; 0; 0; 0; 0; 7; 0; 0; 0; 0; 0; 57; 0; 0; 0; 0; 57; 0; 0; 0; 0; 9999
1990;07; 0; 0; 0; 0; 0; 0; 0; 0; 0; 0; 28; 0; 0; 0; 0; 0; 183; 0; 52; 0; 0; 7; 0; 5; 0; 0; 0; 0; 0; 0; 0
1990;08; 0; 0; 0; 0; 0; 0; 0; 0; 0; 0; 0; 0; 0; 0; 0; 0; 51; 85; 21; 56; 63; 0; 0; 0; 0; 0; 0; 144; 0; 0; 0
1990;09; 200; 82; 0; 0; 0; 0; 0; 0; 0; 0; 0; 0; 33; 136; 0; 0; 0; 0; 0; 0; 0; 0; 73; 0; 0; 0; 0; 0; 0; 38; 9999
1990;10; 88; 11; 0; 0; 0; 0; 0; 0; 0; 0; 0; 0; 319; 0; 7; 0; 82; 37; 192; 452; 15; 0; 0; 0; 0; 0; 0; 0; 0; 0; 0
1990;11; 0; 0; 0; 0; 133; 21; 0; 51; 157; 62; 0; 0; 0; 0; 56; 0; 119; 0; 0; 0; 0; 0; 0; 59; 42; 0; 47; 0; 0; 0; 9999
1990;12; 0; 0; 0; 0; 63; 0; 0; 411; 0; 32; 55; 367; 287; 155; 587; 53; 0; 0; 0; 437; 0; 0; 0; 0; 0; 369; 0; 0; 0; 0; 0
1991;01; 0; 0; 0; 205; 31; 0; 0; 0; 0; 0; 278; 145; 7; 5; 138; 291; 83; 5; 0; 0; 0; 0; 0; 17; 0; 93; 267; 5; 67; 51; 43
1991;02; 399; 298; 42; 0; 16; 133; 187; 65; 493; 565; 84; 0; 44; 0; 0; 0; 0; 87; 155; 0; 9999; 9999; 9999; 9999; 9999; 9999; 9999; 9999; 9999; 9999; 9999
1991;03; 9999; 9999; 9999; 9999; 9999; 9999; 9999; 9999; 9999; 9999; 9999; 9999; 9999; 9999; 9999; 9999; 9999; 9999; 9999; 9999; 0; 37; 0; 0; 0; 139; 439; 493; 345; 384; 522
1991;04; 121; 0; 0; 0; 0; 0; 0; 94; 26; 0; 0; 0; 0; 0; 0; 74; 0; 0; 310; 0; 0; 0; 0; 0; 464; 282; 30; 0; 0; 0; 9999
1991;05; 0; 0; 0; 0; 0; 0; 0; 39; 0; 20; 0; 0; 0; 20; 145; 182; 0; 0; 0; 0; 0; 0; 90; 0; 0; 0; 0; 0; 0; 0; 0
1991;06; 0; 0; 0; 0; 0; 0; 0; 0; 0; 0; 0; 0; 0; 0; 0; 0; 0; 0; 0; 0; 42; 23; 30; 25; 0; 0; 0; 0; 0; 11; 9999
1991;07; 0; 0; 0; 0; 0; 0; 0; 0; 0; 182; 0; 0; 91; 0; 0; 19; 8; 0; 0; 0; 0; 0; 0; 0; 0; 0; 0; 0; 0; 0; 0
1991;08; 0; 0; 0; 0; 0; 0; 0; 0; 0; 0; 0; 0; 0; 0; 0; 0; 0; 0; 0; 0; 0; 0; 0; 0; 0; 0; 0; 0; 0; 0; 0
1991;09; 0; 0; 0; 0; 0; 0; 0; 0; 0; 0; 0; 0; 0; 0; 0; 0; 0; 0; 0; 42; 0; 0; 0; 0; 0; 0; 0; 0; 322; 64; 9999
1991;10; 104; 6; 482; 0; 0; 9; 285; 8; 4; 95; 0; 0; 0; 0; 0; 0; 273; 18; 14; 0; 11; 0; 0; 0; 0; 13; 0; 0; 0; 0; 0
1991;11; 0; 84; 0; 0; 0; 0; 0; 0; 0; 14; 0; 0; 0; 0; 0; 0; 0; 0; 0; 0; 0; 0; 0; 0; 0; 0; 0; 0; 26; 0; 9999
1991;12; 86; 0; 0; 0; 0; 0; 243; 111; 216; 344; 265; 268; 342; 0; 265; 235; 218; 389; 291; 279; 82; 85; 244; 79; 394; 332; 221; 289; 0; 0; 0
1992;01; 0; 440; 420; 81; 122; 0; 0; 0; 0; 0; 0; 0; 86; 59; 0; 0; 0; 23; 217; 243; 413; 345; 386; 0; 0; 0; 217; 0; 185; 216; 112
1992;02; 429; 296; 434; 367; 322; 456; 482; 84; 69; 44; 0; 0; 0; 0; 0; 0; 0; 0; 0; 0; 0; 0; 0; 94; 362; 464; 592; 366; 0; 9999; 9999
1992;03; 94; 65; 346; 0; 166; 0; 0; 0; 0; 485; 364; 326; 0; 0; 0; 362; 264; 0; 62; 0; 0; 0; 0; 0; 64; 362; 314; 416; 53; 78; 312
1992;04; 346; 56; 0; 0; 0; 0; 0; 0; 0; 0; 219; 0; 366; 394; 0; 0; 0; 0; 364; 341; 445; 67; 65; 235; 256; 468; 0; 0; 0; 465; 9999
1992;05; 0; 0; 0; 268; 0; 0; 0; 0; 0; 0; 0; 0; 0; 0; 0; 0; 0; 0; 186; 0; 0; 0; 325; 0; 0; 0; 0; 0; 0; 0; 0
1992;06; 0; 0; 0; 0; 0; 0; 0; 0; 0; 0; 0; 0; 0; 0; 0; 0; 0; 0; 0; 0; 0; 0; 0; 0; 0; 0; 0; 0; 52; 0; 9999
1992;07; 0; 0; 0; 0; 0; 0; 162; 218; 261; 0; 0; 0; 0; 0; 0; 0; 0; 0; 0; 0; 0; 0; 0; 0; 0; 0; 0; 0; 0; 0; 0
1992;08; 0; 0; 0; 0; 0; 0; 0; 0; 0; 0; 0; 0; 0; 0; 0; 0; 0; 0; 24; 0; 69; 75; 58; 36; 0; 0; 0; 0; 0; 0; 0
1992;09; 84; 26; 24; 32; 236; 61; 23; 0; 0; 0; 23; 65; 0; 0; 256; 323; 0; 366; 265; 0; 0; 0; 0; 0; 23; 0; 0; 0; 0; 0; 9999
1992;10; 0; 0; 0; 0; 0; 0; 0; 0; 267; 0; 0; 0; 0; 0; 0; 0; 267; 175; 0; 0; 0; 0; 0; 0; 0; 0; 42; 244; 265; 231; 125
1992;11; 21; 164; 216; 267; 151; 164; 62; 132; 135; 165; 0; 112; 162; 0; 224; 0; 328; 0; 0; 0; 0; 161; 24; 36; 144; 125; 0; 0; 0; 0; 9999
1992;12; 185; 143; 0; 0; 0; 121; 0; 186; 0; 266; 348; 32; 0; 0; 0; 0; 0; 367; 0; 0; 328; 0; 0; 166; 0; 0; 0; 0; 0; 0; 0
1993;01; 0; 262; 0; 0; 166; 348; 0; 0; 165; 258; 286; 257; 162; 122; 0; 0; 0; 121; 125; 0; 138; 261; 0; 218; 183; 128; 0; 0; 0; 0; 74
1993;02; 85; 0; 327; 261; 318; 264; 281; 210; 238; 265; 0; 233; 267; 239; 368; 392; 366; 217; 162; 209; 238; 214; 162; 184; 0; 0; 264; 166; 9999; 9999; 9999
1993;03; 325; 226; 242; 162; 216; 0; 0; 0; 0; 0; 0; 0; 0; 0; 0; 0; 265; 234; 0; 163; 154; 184; 262; 318; 234; 287; 267; 274; 166; 175; 162
1993;04; 262; 226; 228; 268; 0; 0; 0; 162; 128; 0; 0; 116; 0; 225; 0; 0; 0; 168; 0; 0; 0; 0; 164; 242; 125; 0; 0; 0; 0; 0; 9999
1993;05; 0; 0; 128; 168; 264; 346; 0; 0; 0; 0; 0; 0; 0; 0; 165; 26; 0; 0; 0; 0; 0; 0; 0; 0; 0; 0; 0; 0; 0; 368; 226
1993;06; 345; 152; 124; 54; 254; 342; 0; 0; 0; 0; 165; 0; 0; 0; 0; 0; 0; 185; 265; 0; 0; 0; 0; 0; 0; 0; 0; 0; 0; 0; 9999
1993;07; 0; 0; 0; 0; 0; 0; 0; 0; 0; 0; 0; 0; 0; 0; 165; 64; 0; 0; 0; 0; 0; 0; 0; 0; 0; 0; 0; 0; 0; 0; 0
1993;08; 0; 0; 0; 0; 0; 0; 0; 0; 0; 0; 0; 0; 0; 0; 0; 265; 0; 0; 0; 166; 0; 0; 186; 248; 285; 0; 0; 0; 0; 0; 0
1993;09; 0; 0; 0; 0; 0; 0; 0; 164; 0; 0; 145; 126; 265; 323; 263; 0; 0; 0; 0; 0; 164; 268; 186; 355; 142; 262; 0; 0; 0; 0; 9999
1993;10; 0; 0; 0; 0; 186; 264; 0; 0; 0; 0; 0; 0; 0; 0; 0; 0; 0; 0; 213; 169; 0; 0; 57; 260; 41; 0; 0; 0; 0; 0; 0
1993;11; 0; 0; 0; 0; 0; 0; 112; 2; 79; 0; 151; 0; 0; 0; 0; 0; 0; 0; 0; 0; 0; 0; 38; 9; 123; 344; 20; 0; 0; 0; 9999
1993;12; 0; 0; 0; 13; 88; 0; 0; 0; 45; 0; 101; 63; 0; 0; 0; 40; 6; 0; 0; 194; 160; 7; 0; 13; 0; 0; 0; 0; 65; 14; 0
1994;01; 9999; 9999; 9999; 9999; 9999; 9999; 9999; 9999; 9999; 9999; 9999; 9999; 9999; 9999; 9999; 9999; 9999; 9999; 9999; 9999; 9999; 9999; 9999; 9999; 9999; 9999; 9999; 9999; 9999; 9999; 9999
1994;02; 9999; 9999; 9999; 9999; 9999; 9999; 9999; 9999; 9999; 9999; 9999; 9999; 9999; 9999; 9999; 9999; 9999; 9999; 9999; 9999; 9999; 9999; 0; 0; 0; 0; 112; 0; 9999; 9999; 9999
1994;03; 0; 512; 0; 0; 0; 0; 0; 0; 0; 0; 0; 0; 0; 0; 0; 0; 0; 0; 0; 0; 0; 0; 0; 0; 0; 0; 0; 700; 0; 0; 0
1994;04; 598; 0; 0; 0; 0; 0; 0; 0; 0; 0; 0; 0; 0; 220; 0; 0; 0; 0; 0; 0; 0; 0; 0; 0; 0; 0; 0; 0; 0; 0; 9999
1994;05; 0; 0; 0; 0; 0; 0; 0; 0; 0; 0; 0; 0; 0; 0; 0; 6; 0; 0; 0; 0; 0; 0; 0; 0; 0; 0; 0; 78; 0; 0; 0
1994;06; 0; 0; 0; 0; 0; 0; 0; 0; 0; 0; 0; 0; 0; 0; 0; 0; 0; 0; 0; 0; 0; 78; 372; 0; 53; 0; 0; 0; 0; 0; 9999
1994;07; 0; 0; 0; 0; 0; 0; 0; 0; 0; 0; 0; 0; 0; 0; 0; 0; 0; 0; 0; 0; 0; 0; 152; 24; 0; 0; 0; 0; 0; 0; 0
1994;08; 0; 0; 0; 0; 0; 0; 0; 0; 0; 0; 0; 0; 0; 0; 0; 0; 0; 0; 0; 0; 0; 0; 0; 0; 0; 0; 0; 0; 0; 0; 0
1994;09; 0; 0; 0; 0; 0; 0; 0; 0; 0; 0; 0; 0; 0; 0; 0; 0; 0; 0; 0; 0; 0; 0; 0; 0; 0; 0; 0; 0; 0; 0; 9999
1994;10; 0; 0; 0; 0; 0; 0; 0; 0; 0; 0; 0; 0; 0; 0; 0; 0; 0; 0; 0; 0; 115; 146; 0; 0; 187; 0; 674; 0; 0; 0; 0
1994;11; 0; 0; 0; 0; 229; 0; 0; 0; 0; 0; 0; 0; 49; 398; 0; 148; 0; 53; 213; 0; 0; 0; 0; 0; 15; 0; 0; 113; 334; 0; 9999
1994;12; 0; 0; 0; 0; 24; 317; 0; 0; 0; 0; 0; 0; 0; 0; 0; 0; 92; 0; 365; 0; 0; 144; 382; 0; 0; 0; 42; 60; 0; 48; 70
1995;01; 224; 10; 0; 183; 129; 175; 0; 210; 139; 0; 149; 0; 0; 0; 0; 0; 0; 0; 78; 0; 181; 0; 0; 0; 0; 0; 0; 242; 489; 0; 129
1995;02; 0; 235; 528; 645; 657; 113; 778; 273; 334; 0; 0; 200; 0; 0; 73; 24; 0; 556; 0; 206; 60; 0; 0; 0; 0; 0; 0; 0; 9999; 9999; 9999
1995;03; 0; 17; 0; 0; 0; 0; 0; 0; 161; 200; 0; 0; 0; 0; 186; 0; 0; 0; 0; 226; 29; 0; 0; 242; 162; 0; 0; 0; 0; 16; 262
1995;04; 760; 25; 0; 0; 0; 0; 0; 0; 0; 0; 0; 0; 0; 0; 0; 0; 0; 0; 0; 118; 163; 0; 0; 0; 0; 0; 0; 0; 0; 0; 9999
1995;05; 0; 0; 0; 0; 0; 25; 85; 0; 0; 117; 0; 0; 0; 0; 0; 0; 0; 0; 0; 0; 0; 0; 0; 0; 0; 0; 0; 0; 0; 0; 0
1995;06; 0; 0; 0; 0; 0; 0; 0; 0; 0; 0; 0; 0; 0; 0; 0; 0; 0; 133; 0; 0; 0; 0; 0; 0; 0; 62; 0; 0; 0; 0; 9999
1995;07; 0; 0; 0; 0; 0; 0; 0; 0; 95; 203; 22; 0; 0; 0; 0; 0; 0; 0; 0; 0; 0; 44; 0; 0; 0; 0; 0; 0; 0; 0; 0
1995;08; 0; 0; 0; 0; 0; 0; 0; 0; 0; 0; 0; 0; 0; 0; 0; 0; 0; 0; 0; 0; 0; 0; 0; 0; 0; 0; 0; 0; 0; 0; 0
1995;09; 0; 0; 0; 0; 0; 0; 0; 0; 0; 0; 0; 0; 0; 0; 0; 0; 0; 0; 65; 0; 0; 0; 0; 0; 115; 0; 0; 0; 0; 0; 9999
1995;10; 0; 0; 0; 0; 0; 91; 0; 14; 0; 0; 0; 0; 0; 131; 0; 189; 228; 217; 0; 0; 0; 0; 0; 0; 0; 0; 0; 0; 0; 287; 0
1995;11; 0; 0; 0; 195; 0; 0; 0; 0; 0; 0; 0; 778; 30; 161; 0; 0; 0; 0; 0; 0; 0; 0; 0; 0; 226; 0; 0; 133; 0; 0; 9999
1995;12; 0; 0; 0; 0; 0; 0; 0; 445; 0; 0; 0; 519; 391; 234; 0; 0; 246; 223; 126; 0; 0; 182; 0; 93; 0; 109; 0; 175; 116; 99; 0
1996;01; 0; 95; 800; 486; 54; 132; 136; 0; 144; 0; 218; 457; 175; 0; 0; 0; 0; 87; 459; 0; 164; 0; 0; 0; 59; 0; 0; 49; 0; 0; 0
1996;02; 126; 0; 249; 0; 11; 0; 0; 0; 91; 0; 0; 0; 0; 0; 0; 0; 0; 0; 0; 0; 0; 0; 0; 0; 0; 0; 343; 29; 140; 9999; 9999
1996;03; 100; 0; 13; 0; 69; 0; 0; 451; 226; 0; 0; 920; 23; 0; 179; 0; 340; 0; 0; 0; 0; 0; 0; 0; 0; 0; 0; 0; 0; 0; 0
1996;04; 0; 0; 0; 0; 0; 0; 0; 0; 0; 124; 556; 0; 0; 0; 0; 0; 284; 0; 0; 0; 0; 0; 0; 0; 0; 0; 0; 0; 0; 0; 9999
1996;05; 0; 0; 0; 0; 0; 0; 0; 0; 0; 23; 18; 0; 0; 0; 0; 112; 0; 0; 0; 0; 0; 0; 39; 0; 0; 0; 0; 0; 0; 0; 0
1996;06; 0; 0; 0; 0; 0; 38; 0; 0; 0; 0; 0; 0; 0; 0; 0; 0; 0; 0; 0; 0; 0; 0; 0; 0; 0; 0; 0; 139; 50; 0; 9999
1996;07; 0; 0; 19; 0; 0; 0; 0; 0; 0; 0; 0; 0; 0; 0; 0; 0; 0; 0; 0; 0; 0; 0; 0; 0; 0; 0; 0; 39; 0; 0; 0
1996;08; 0; 0; 0; 0; 0; 0; 0; 0; 0; 118; 0; 0; 0; 0; 60; 0; 0; 0; 0; 0; 0; 0; 0; 0; 0; 0; 0; 0; 0; 0; 0
1996;09; 0; 0; 0; 178; 0; 0; 0; 0; 313; 189; 0; 0; 0; 0; 0; 0; 127; 0; 0; 0; 0; 0; 0; 0; 4; 0; 0; 0; 0; 0; 9999
1996;10; 0; 0; 0; 439; 0; 0; 0; 0; 0; 0; 0; 0; 0; 183; 0; 0; 0; 0; 0; 0; 0; 0; 0; 0; 0; 310; 0; 85; 0; 0; 0
1996;11; 162; 0; 220; 151; 0; 0; 0; 0; 0; 0; 0; 0; 0; 268; 135; 0; 406; 124; 0; 524; 374; 116; 0; 0; 0; 0; 0; 0; 0; 0; 9999
1996;12; 0; 0; 0; 0; 0; 0; 0; 0; 0; 0; 0; 914; 241; 128; 0; 0; 103; 181; 0; 0; 230; 725; 133; 100; 0; 0; 0; 0; 300; 84; 0
1997;01; 185; 253; 0; 0; 0; 0; 0; 0; 0; 0; 0; 0; 0; 0; 193; 0; 0; 0; 0; 84; 214; 0; 0; 268; 0; 0; 262; 265; 361; 0; 0
1997;02; 0; 468; 217; 0; 0; 0; 0; 0; 0; 0; 0; 0; 0; 44; 0; 0; 0; 160; 200; 0; 0; 0; 246; 0; 0; 0; 0; 0; 9999; 9999; 9999
1997;03; 0; 0; 0; 0; 271; 653; 0; 0; 83; 0; 0; 0; 0; 0; 0; 9999; 0; 0; 0; 0; 0; 0; 0; 0; 0; 0; 0; 0; 0; 0; 9999
1997;04; 462; 0; 0; 0; 0; 0; 0; 0; 0; 0; 0; 0; 0; 0; 0; 81; 0; 0; 0; 0; 0; 0; 0; 0; 0; 0; 0; 0; 0; 0; 9999
1997;05; 0; 0; 0; 0; 0; 0; 0; 0; 0; 0; 0; 0; 0; 0; 0; 0; 119; 623; 0; 0; 0; 0; 9999; 0; 9999; 0; 0; 0; 0; 0; 0
1997;06; 0; 0; 0; 0; 216; 942; 0; 0; 0; 0; 0; 9999; 0; 0; 0; 428; 0; 0; 0; 0; 0; 0; 0; 0; 0; 0; 0; 0; 0; 0; 9999
1997;07; 0; 0; 0; 0; 0; 0; 0; 0; 0; 0; 0; 0; 0; 0; 0; 0; 0; 0; 0; 0; 0; 223; 0; 0; 0; 0; 0; 0; 0; 0; 0
1997;08; 0; 0; 0; 0; 0; 0; 0; 0; 0; 0; 0; 0; 0; 0; 0; 0; 0; 0; 0; 0; 0; 0; 0; 0; 0; 0; 0; 0; 0; 0; 0
1997;09; 0; 0; 0; 0; 0; 0; 0; 0; 0; 0; 0; 0; 0; 180; 0; 0; 0; 0; 0; 0; 0; 0; 0; 126; 0; 0; 0; 0; 0; 0; 9999
1997;10; 0; 0; 0; 0; 0; 0; 0; 0; 0; 0; 0; 0; 0; 0; 0; 0; 100; 0; 0; 188; 100; 0; 0; 0; 0; 213; 0; 0; 0; 0; 0
1997;11; 184; 0; 0; 0; 0; 0; 0; 417; 0; 0; 0; 0; 0; 0; 225; 183; 253; 105; 0; 0; 0; 0; 0; 235; 182; 91; 486; 0; 0; 0; 9999
1997;12; 0; 0; 0; 0; 100; 0; 0; 158; 351; 0; 0; 0; 0; 0; 0; 0; 0; 0; 0; 0; 0; 0; 0; 0; 256; 0; 0; 0; 0; 0; 0
