33
Ano,Mes,1,2,3,4,5,6,7,8,9,10,11,12,13,14,15,16,17,18,19,20,21,22,23,24,25,26,27,28,29,30,31
1972;09; 8; 0; 0; 0; 45; 0; 0; 0; 0; 0; 0; 0; 0; 0; 61; 0; 3; 0; 0; 0; 0; 0; 105; 0; 22; 15; 0; 144; 94; 44; 9999
1972;10; 0; 0; 0; 137; 96; 72; 72; 0; 48; 182; 362; 0; 0; 0; 29; 0; 9; 0; 2; 0; 0; 0; 0; 0; 0; 0; 0; 0; 97; 0; 0
1972;11; 77; 388; 165; 93; 5; 5; 0; 0; 0; 0; 1; 125; 308; 29; 183; 71; 56; 283; 5; 224; 10; 0; 3; 0; 0; 25; 34; 0; 0; 10; 9999
1972;12; 133; 0; 15; 72; 10; 0; 83; 2; 0; 0; 0; 0; 5; 9; 0; 0; 0; 0; 0; 40; 0; 0; 120; 107; 12; 57; 15; 200; 21; 3; 43
1973;01; 232; 0; 49; 0; 12; 0; 15; 0; 97; 38; 54; 0; 0; 0; 117; 432; 425; 2; 0; 0; 10; 451; 0; 40; 13; 396; 46; 0; 4; 126; 275
1973;02; 204; 0; 9; 313; 48; 0; 700; 0; 4; 0; 0; 49; 0; 280; 0; 337; 2; 193; 71; 60; 30; 22; 0; 0; 142; 234; 36; 22; 9999; 9999; 9999
1973;03; 0; 0; 0; 179; 243; 3; 0; 0; 47; 49; 0; 97; 0; 0; 0; 0; 0; 0; 0; 0; 111; 50; 152; 76; 0; 120; 0; 0; 0; 0; 215
1973;04; 95; 79; 78; 0; 0; 0; 0; 30; 0; 0; 90; 0; 0; 88; 24; 17; 0; 112; 0; 77; 146; 50; 67; 0; 8; 0; 0; 0; 0; 0; 9999
1973;05; 0; 0; 0; 279; 74; 86; 12; 22; 100; 0; 26; 235; 0; 0; 0; 0; 0; 0; 0; 0; 0; 117; 17; 0; 0; 0; 0; 11; 0; 0; 0
1973;06; 0; 0; 6; 0; 0; 0; 0; 0; 0; 0; 0; 0; 0; 0; 0; 8; 0; 0; 0; 0; 0; 0; 0; 0; 0; 0; 10; 47; 35; 0; 9999
1973;07; 0; 0; 240; 12; 0; 0; 0; 0; 0; 0; 0; 0; 0; 0; 0; 0; 0; 0; 0; 58; 0; 41; 2; 12; 0; 0; 0; 31; 112; 0; 0
1973;08; 0; 4; 0; 3; 38; 96; 0; 4; 0; 0; 0; 0; 0; 0; 0; 0; 0; 0; 0; 0; 0; 0; 0; 0; 0; 0; 0; 0; 0; 0; 0
1973;09; 0; 188; 86; 3; 1; 0; 3; 0; 0; 4; 105; 18; 0; 108; 1; 0; 3; 0; 0; 0; 0; 220; 0; 0; 0; 8; 2; 2; 0; 1; 9999
1973;10; 0; 0; 27; 27; 4; 0; 3; 31; 35; 0; 0; 30; 0; 0; 0; 0; 0; 0; 0; 0; 0; 0; 0; 218; 4; 53; 85; 0; 0; 0; 118
1973;11; 8; 0; 520; 0; 0; 140; 0; 20; 0; 0; 3; 75; 120; 30; 0; 0; 0; 69; 220; 65; 0; 0; 27; 0; 130; 37; 3; 0; 116; 2; 9999
1973;12; 1; 3; 0; 220; 8; 18; 294; 33; 94; 0; 0; 3; 0; 46; 0; 218; 33; 212; 87; 49; 214; 320; 30; 7; 124; 31; 0; 0; 0; 541; 115
1974;01; 21; 30; 82; 0; 3; 2; 30; 0; 40; 0; 115; 305; 95; 91; 140; 355; 20; 4; 0; 2; 0; 240; 4; 2; 172; 224; 12; 28; 448; 100; 38
1974;02; 0; 680; 3; 1; 1; 0; 0; 0; 2; 1; 45; 0; 6; 5; 0; 0; 0; 680; 2; 52; 3; 25; 594; 3; 100; 0; 0; 0; 9999; 9999; 9999
1974;03; 0; 2; 0; 2; 0; 386; 3; 0; 0; 146; 3; 130; 0; 0; 14; 5; 0; 0; 428; 185; 324; 220; 90; 100; 280; 180; 223; 0; 3; 0; 2
1974;04; 2; 90; 110; 106; 0; 20; 0; 0; 5; 20; 39; 15; 0; 0; 1; 2; 0; 5; 0; 2; 49; 5; 0; 0; 134; 25; 28; 0; 2; 0; 9999
1974;05; 11; 6; 0; 1; 1; 0; 0; 1; 0; 2; 0; 5; 0; 2; 1; 0; 1; 2; 0; 124; 3; 21; 0; 1; 0; 0; 0; 0; 8; 0; 0
1974;06; 0; 1; 2; 0; 0; 3; 0; 8; 14; 0; 0; 220; 226; 9; 0; 1; 0; 3; 0; 2; 1; 112; 0; 0; 185; 25; 196; 3; 0; 2; 9999
1974;07; 2; 1; 0; 2; 0; 0; 1; 0; 0; 1; 2; 0; 0; 0; 0; 0; 0; 0; 0; 0; 0; 0; 7; 2; 0; 0; 0; 1; 0; 0; 1
1974;08; 0; 0; 0; 1; 0; 0; 0; 0; 6; 5; 0; 0; 0; 7; 5; 8; 5; 6; 2; 0; 1; 0; 0; 1; 0; 0; 0; 1; 0; 0; 0
1974;09; 0; 0; 2; 5; 6; 0; 2; 5; 2; 0; 0; 3; 1; 0; 0; 4; 2; 0; 0; 0; 2; 0; 0; 1; 0; 0; 0; 0; 17; 20; 9999
1974;10; 0; 4; 0; 50; 0; 2; 0; 0; 0; 5; 0; 0; 0; 0; 0; 1; 2; 0; 121; 59; 5; 40; 1; 0; 4; 6; 97; 171; 38; 150; 55
1974;11; 0; 0; 0; 0; 0; 0; 0; 0; 0; 0; 0; 0; 0; 0; 0; 1; 2; 0; 0; 0; 80; 220; 7; 115; 0; 0; 155; 354; 357; 47; 9999
1974;12; 254; 379; 28; 321; 70; 30; 0; 4; 0; 2; 0; 30; 85; 114; 120; 55; 0; 70; 0; 4; 2; 150; 200; 61; 284; 200; 354; 238; 187; 1; 11
1975;01; 30; 391; 140; 0; 235; 3; 75; 36; 18; 18; 647; 210; 170; 120; 70; 25; 36; 0; 297; 97; 77; 0; 1; 0; 5; 10; 0; 15; 50; 130; 0
1975;02; 314; 117; 95; 262; 32; 82; 61; 14; 57; 60; 26; 0; 0; 0; 0; 0; 0; 0; 180; 18; 0; 0; 94; 60; 100; 45; 55; 149; 9999; 9999; 9999
1975;03; 280; 16; 12; 3; 1; 0; 0; 2; 3; 4; 0; 0; 5; 28; 0; 0; 0; 0; 0; 0; 6; 230; 0; 11; 34; 4; 3; 2; 3; 0; 149
1975;04; 200; 0; 0; 0; 12; 0; 0; 0; 0; 0; 0; 0; 8; 0; 0; 176; 0; 1; 0; 0; 0; 0; 1; 0; 0; 0; 3; 0; 0; 0; 9999
1975;05; 0; 0; 0; 0; 12; 517; 110; 64; 100; 0; 1; 1; 0; 0; 0; 0; 0; 0; 0; 0; 3; 0; 0; 3; 0; 1; 0; 0; 0; 0; 0
1975;06; 0; 0; 0; 0; 40; 20; 11; 0; 0; 8; 5; 0; 0; 0; 0; 0; 0; 0; 0; 0; 0; 0; 0; 0; 0; 0; 0; 0; 0; 290; 9999
1975;07; 0; 0; 0; 50; 40; 210; 0; 1; 0; 0; 1; 2; 0; 0; 2; 3; 0; 55; 9; 0; 0; 0; 0; 0; 0; 0; 0; 1; 1; 0; 0
1975;08; 0; 1; 0; 0; 0; 0; 0; 1; 0; 0; 0; 0; 0; 0; 0; 0; 0; 1; 0; 1; 0; 0; 0; 1; 0; 0; 0; 0; 0; 0; 1
1975;09; 0; 0; 1; 1; 0; 0; 0; 0; 0; 0; 0; 0; 1; 1; 0; 0; 0; 0; 0; 0; 0; 0; 0; 43; 24; 0; 59; 40; 0; 61; 9999
1975;10; 15; 0; 0; 115; 22; 201; 11; 0; 0; 0; 75; 193; 0; 0; 40; 0; 0; 1; 175; 0; 0; 0; 0; 0; 1; 0; 2; 0; 40; 9; 88
1975;11; 801; 20; 102; 81; 0; 3; 0; 21; 2; 11; 70; 166; 0; 0; 0; 0; 4; 1; 148; 20; 283; 0; 1; 67; 22; 409; 260; 121; 5; 27; 9999
1975;12; 66; 11; 2; 0; 1; 9; 50; 2; 0; 4; 11; 102; 151; 140; 121; 1; 0; 4; 15; 0; 101; 18; 11; 7; 621; 232; 2; 0; 12; 0; 8
1976;01; 8; 9; 3; 47; 38; 18; 0; 8; 7; 27; 25; 18; 100; 55; 45; 59; 25; 21; 74; 248; 121; 153; 36; 1; 0; 3; 33; 51; 48; 21; 53
1976;02; 58; 33; 19; 0; 0; 1; 22; 248; 3; 0; 2; 100; 98; 0; 4; 99; 16; 11; 36; 18; 36; 267; 459; 211; 121; 493; 55; 5; 79; 9999; 9999
1976;03; 97; 130; 7; 2; 1; 0; 1; 1; 0; 0; 0; 3; 217; 415; 91; 0; 0; 1; 8; 4; 11; 25; 24; 31; 94; 201; 102; 135; 0; 0; 3
1976;04; 0; 2; 5; 279; 1; 0; 11; 31; 101; 115; 0; 183; 153; 47; 41; 1; 0; 9; 54; 60; 1; 0; 91; 105; 2; 0; 3; 9; 172; 0; 9999
1976;05; 0; 0; 28; 0; 0; 0; 0; 0; 0; 50; 52; 139; 87; 30; 5; 11; 7; 0; 16; 194; 52; 20; 101; 3; 151; 290; 270; 50; 0; 0; 10
1976;06; 0; 0; 50; 0; 1; 0; 30; 0; 0; 0; 3; 12; 116; 108; 7; 0; 0; 2; 0; 2; 1; 0; 2; 0; 0; 0; 0; 0; 1; 0; 9999
1976;07; 0; 175; 136; 486; 0; 0; 1; 0; 37; 137; 1; 0; 0; 2; 0; 0; 1; 0; 0; 0; 2; 0; 1; 5; 0; 0; 1; 0; 1; 0; 0
1976;08; 0; 0; 0; 0; 7; 51; 0; 0; 2; 0; 114; 63; 141; 287; 16; 2; 0; 3; 11; 31; 160; 105; 1; 0; 1; 0; 1; 0; 4; 0; 2
1976;09; 1; 0; 0; 0; 0; 175; 53; 21; 6; 0; 3; 4; 151; 143; 172; 432; 0; 0; 3; 0; 14; 61; 12; 11; 49; 31; 87; 151; 0; 3; 9999
1976;10; 0; 1; 0; 0; 1; 7; 28; 1; 0; 0; 2; 0; 1; 0; 0; 0; 1; 26; 99; 130; 123; 35; 121; 25; 46; 1; 0; 21; 0; 0; 0
1976;11; 1; 8; 12; 79; 11; 3; 0; 0; 0; 7; 9; 13; 120; 70; 10; 0; 401; 378; 61; 99; 155; 37; 11; 3; 1; 0; 160; 0; 7; 0; 9999
1976;12; 11; 14; 23; 32; 391; 433; 71; 38; 75; 301; 185; 130; 48; 30; 90; 158; 173; 101; 31; 0; 38; 62; 158; 242; 47; 53; 22; 400; 61; 0; 32
1977;01; 101; 0; 90; 95; 28; 211; 304; 51; 13; 0; 0; 1; 73; 1; 0; 6; 36; 233; 501; 23; 11; 28; 4; 0; 3; 101; 140; 399; 52; 14; 316
1977;02; 198; 233; 1; 0; 0; 2; 0; 0; 1; 7; 3; 0; 16; 0; 1; 4; 0; 0; 11; 7; 0; 1; 0; 0; 37; 55; 41; 23; 9999; 9999; 9999
1977;03; 0; 182; 30; 37; 23; 35; 1; 244; 1; 0; 100; 0; 0; 0; 0; 0; 92; 0; 175; 1; 10; 8; 4; 215; 195; 93; 0; 0; 88; 0; 13
1977;04; 150; 40; 37; 6; 45; 0; 0; 1; 5; 50; 0; 0; 1; 0; 0; 2; 0; 1; 53; 250; 170; 1; 270; 221; 0; 5; 1; 0; 0; 0; 9999
1977;05; 0; 0; 3; 0; 1; 0; 0; 1; 0; 4; 0; 0; 2; 0; 1; 0; 106; 26; 0; 0; 3; 0; 0; 0; 4; 0; 0; 2; 0; 0; 0
1977;06; 7; 0; 2; 150; 47; 0; 2; 0; 4; 0; 1; 1; 1; 0; 1; 2; 0; 1; 3; 4; 1; 0; 0; 0; 2; 0; 4; 0; 10; 2; 9999
1977;07; 0; 1; 0; 0; 0; 0; 1; 0; 0; 0; 1; 0; 0; 0; 0; 0; 12; 250; 0; 0; 0; 0; 0; 0; 0; 0; 0; 0; 0; 0; 0
1977;08; 0; 0; 0; 0; 0; 0; 0; 0; 0; 0; 0; 0; 0; 0; 0; 1; 0; 0; 0; 2; 0; 0; 0; 1; 0; 0; 0; 0; 0; 92; 26
1977;09; 0; 185; 2; 0; 0; 3; 55; 2; 2; 0; 0; 0; 0; 0; 0; 5; 0; 0; 2; 6; 0; 0; 0; 165; 100; 0; 0; 0; 0; 0; 9999
1977;10; 0; 114; 4; 3; 0; 0; 0; 0; 0; 0; 0; 0; 0; 118; 2; 0; 0; 60; 40; 0; 0; 0; 0; 0; 0; 0; 2; 0; 0; 2; 4
1977;11; 0; 20; 0; 0; 350; 0; 0; 0; 0; 6; 12; 82; 4; 32; 106; 295; 31; 0; 5; 1; 0; 5; 502; 151; 55; 72; 0; 0; 101; 819; 9999
1977;12; 111; 62; 34; 11; 5; 101; 29; 103; 29; 51; 179; 58; 7; 2; 0; 0; 0; 0; 0; 301; 50; 30; 530; 50; 4; 0; 0; 0; 0; 0; 0
1978;01; 8; 102; 50; 7; 0; 0; 231; 0; 0; 7; 117; 19; 17; 0; 0; 172; 42; 0; 0; 0; 3; 42; 183; 0; 0; 0; 0; 0; 0; 0; 0
1978;02; 4; 0; 0; 14; 5; 95; 102; 6; 0; 0; 31; 14; 118; 125; 105; 20; 130; 70; 140; 0; 20; 48; 4; 0; 0; 3; 1; 0; 9999; 9999; 9999
1978;03; 0; 4; 0; 62; 121; 71; 32; 253; 86; 0; 0; 0; 3; 0; 2; 0; 3; 0; 0; 0; 0; 5; 153; 56; 137; 6; 16; 193; 0; 0; 4
1978;04; 3; 6; 0; 4; 0; 0; 0; 3; 0; 0; 421; 4; 0; 3; 2; 58; 15; 0; 0; 48; 56; 2; 1; 21; 0; 0; 0; 3; 0; 0; 9999
1978;05; 0; 117; 13; 0; 0; 0; 0; 0; 2; 1; 0; 0; 0; 0; 2; 0; 349; 16; 32; 4; 295; 60; 32; 18; 2; 2; 0; 0; 0; 1; 94
1978;06; 21; 0; 0; 1; 0; 2; 0; 0; 251; 282; 8; 0; 0; 0; 0; 3; 0; 2; 0; 0; 0; 0; 0; 123; 4; 0; 0; 0; 0; 0; 9999
1978;07; 0; 1; 0; 0; 0; 2; 0; 0; 39; 3; 0; 0; 0; 1; 0; 157; 1; 0; 0; 59; 10; 0; 107; 1; 0; 4; 0; 3; 0; 4; 2
1978;08; 2; 0; 0; 3; 2; 0; 2; 0; 0; 0; 2; 0; 0; 9; 49; 0; 1; 0; 0; 0; 0; 0; 0; 9; 0; 0; 0; 2; 0; 2; 50
1978;09; 52; 9; 2; 0; 0; 29; 179; 0; 0; 0; 0; 2; 0; 0; 0; 0; 0; 2; 0; 0; 1; 0; 2; 0; 3; 0; 0; 0; 2; 3; 9999
1978;10; 0; 0; 0; 2; 0; 0; 0; 0; 0; 0; 81; 12; 0; 4; 79; 2; 131; 89; 37; 52; 0; 0; 2; 0; 0; 0; 0; 125; 73; 0; 25
1978;11; 145; 48; 0; 25; 64; 307; 8; 0; 0; 0; 45; 305; 95; 2; 0; 0; 0; 2; 0; 0; 254; 459; 21; 159; 315; 0; 0; 0; 0; 0; 9999
1978;12; 0; 0; 0; 59; 0; 0; 6; 85; 96; 274; 0; 0; 2; 0; 0; 149; 0; 9; 0; 0; 0; 0; 61; 0; 7; 219; 405; 92; 183; 104; 138
1979;01; 0; 242; 89; 27; 19; 0; 3; 0; 0; 8; 0; 19; 8; 0; 0; 0; 0; 0; 2; 3; 107; 505; 0; 0; 42; 22; 23; 0; 43; 254; 0
1979;02; 53; 0; 2; 10; 53; 125; 174; 23; 0; 0; 0; 6; 23; 9; 318; 0; 9; 278; 325; 117; 8; 35; 22; 0; 0; 0; 62; 33; 9999; 9999; 9999
1979;03; 0; 53; 105; 3; 8; 183; 0; 102; 0; 93; 385; 215; 386; 328; 108; 45; 2; 0; 5; 0; 0; 0; 0; 5; 195; 8; 8; 0; 0; 6; 0
1979;04; 0; 1; 0; 2; 38; 28; 44; 8; 1; 2; 0; 0; 4; 0; 0; 0; 0; 0; 387; 7; 4; 0; 38; 24; 5; 8; 0; 173; 2; 36; 9999
1979;05; 0; 2; 4; 2; 81; 0; 2; 83; 1; 9; 84; 0; 2; 24; 52; 1; 3; 0; 0; 2; 0; 0; 8; 43; 0; 0; 0; 4; 1; 56; 32
1979;06; 2; 0; 3; 1; 0; 2; 0; 0; 7; 0; 2; 0; 3; 4; 8; 0; 2; 8; 0; 0; 0; 0; 0; 0; 0; 0; 17; 69; 0; 0; 9999
1979;07; 0; 1; 0; 0; 0; 0; 2; 52; 23; 14; 1; 0; 0; 0; 1; 1; 0; 0; 0; 145; 33; 0; 0; 0; 0; 7; 0; 3; 1; 2; 0
1979;08; 1; 0; 0; 1; 0; 0; 0; 0; 2; 0; 0; 2; 144; 1; 0; 2; 1; 1; 52; 246; 55; 21; 0; 0; 0; 0; 125; 2; 0; 0; 2
1979;09; 0; 0; 167; 4; 2; 3; 0; 2; 0; 0; 33; 0; 6; 149; 141; 211; 2; 214; 68; 15; 2; 0; 59; 15; 0; 0; 0; 0; 35; 5; 9999
1979;10; 0; 83; 0; 0; 13; 0; 24; 165; 253; 64; 2; 0; 0; 0; 11; 0; 0; 0; 2; 0; 0; 0; 0; 0; 0; 3; 0; 122; 165; 8; 38
1979;11; 78; 292; 588; 0; 0; 0; 0; 0; 144; 54; 248; 0; 0; 0; 0; 3; 0; 0; 34; 16; 0; 0; 118; 0; 54; 245; 0; 0; 0; 0; 9999
1979;12; 0; 79; 0; 288; 318; 6; 0; 0; 0; 0; 0; 132; 0; 0; 0; 0; 12; 6; 15; 0; 0; 0; 39; 98; 112; 48; 69; 26; 0; 0; 0
1980;01; 642; 0; 3; 0; 0; 0; 0; 9999; 4; 59; 69; 78; 94; 116; 6; 4; 108; 56; 144; 5; 56; 94; 0; 0; 108; 4; 48; 0; 0; 0; 0
1980;02; 15; 11; 35; 82; 0; 2; 0; 0; 0; 0; 0; 0; 0; 113; 198; 43; 46; 3; 133; 11; 133; 246; 21; 96; 0; 0; 0; 54; 12; 9999; 9999
1980;03; 2; 0; 1; 0; 1; 0; 0; 70; 0; 424; 45; 0; 0; 242; 253; 311; 4; 5; 0; 0; 0; 0; 0; 0; 0; 0; 0; 44; 0; 46; 361
1980;04; 114; 0; 15; 248; 236; 47; 4; 26; 2; 0; 0; 15; 0; 125; 206; 25; 5; 2; 0; 0; 0; 0; 2; 1; 0; 0; 0; 2; 0; 0; 9999
1980;05; 54; 0; 147; 33; 0; 0; 0; 0; 0; 0; 0; 3; 0; 0; 0; 0; 2; 3; 1; 0; 0; 0; 0; 6; 0; 3; 0; 0; 0; 2; 0
1980;06; 0; 2; 12; 38; 0; 2; 0; 0; 2; 0; 0; 0; 0; 59; 0; 0; 0; 0; 0; 0; 3; 4; 29; 2; 0; 252; 183; 0; 0; 2; 9999
1980;07; 0; 2; 2; 0; 0; 0; 0; 0; 0; 2; 3; 0; 2; 1; 3; 2; 0; 0; 2; 0; 1; 0; 2; 1; 0; 0; 0; 2; 0; 0; 48
1980;08; 0; 3; 0; 0; 0; 0; 40; 0; 0; 0; 0; 0; 0; 1; 0; 28; 0; 85; 0; 0; 0; 0; 0; 53; 14; 178; 17; 13; 2; 0; 0
1980;09; 0; 0; 0; 2; 0; 0; 0; 0; 0; 2; 35; 0; 0; 0; 0; 28; 0; 109; 375; 0; 125; 38; 0; 0; 0; 0; 0; 2; 0; 0; 9999
1980;10; 0; 1; 0; 0; 0; 0; 0; 38; 44; 3; 0; 338; 134; 2; 30; 0; 0; 0; 0; 0; 0; 0; 125; 0; 0; 0; 0; 0; 62; 0; 0
1980;11; 14; 0; 0; 0; 0; 9; 0; 315; 48; 14; 40; 0; 0; 0; 0; 0; 0; 0; 0; 9999; 0; 0; 0; 9999; 38; 0; 0; 0; 0; 55; 9999
1980;12; 115; 128; 196; 12; 68; 11; 38; 126; 22; 115; 122; 61; 265; 25; 20; 3; 0; 0; 0; 0; 0; 168; 48; 13; 0; 2; 4; 86; 24; 121; 242
1981;01; 0; 0; 25; 0; 141; 41; 272; 1; 242; 52; 0; 360; 93; 46; 14; 293; 0; 91; 151; 0; 4; 33; 0; 9999; 28; 10; 0; 0; 0; 0; 0
1981;02; 0; 74; 0; 1; 2; 202; 305; 65; 111; 50; 32; 0; 0; 0; 0; 0; 0; 0; 0; 95; 1; 36; 14; 1; 1; 6; 0; 0; 9999; 9999; 9999
1981;03; 0; 0; 0; 308; 97; 129; 23; 539; 124; 5; 140; 0; 0; 0; 0; 26; 59; 549; 69; 5; 6; 0; 0; 0; 0; 0; 13; 30; 31; 62; 0
1981;04; 0; 0; 29; 0; 0; 15; 1; 0; 0; 0; 0; 0; 0; 0; 0; 264; 180; 33; 0; 0; 0; 1; 0; 0; 118; 0; 0; 12; 44; 93; 9999
1981;05; 0; 0; 0; 0; 0; 0; 0; 0; 0; 0; 0; 0; 0; 0; 0; 0; 8; 11; 0; 13; 1; 0; 0; 0; 0; 0; 0; 24; 37; 2; 0
1981;06; 0; 0; 0; 0; 0; 0; 240; 0; 0; 0; 0; 0; 0; 0; 2; 126; 0; 0; 5; 0; 8; 0; 0; 0; 0; 0; 0; 0; 0; 0; 9999
1981;07; 0; 0; 88; 0; 2; 10; 1; 2; 0; 0; 0; 0; 0; 0; 0; 0; 0; 0; 18; 8; 0; 0; 0; 9; 28; 0; 0; 0; 0; 0; 0
1981;08; 0; 0; 0; 0; 0; 0; 0; 0; 0; 7; 70; 0; 0; 0; 0; 0; 103; 2; 0; 0; 0; 0; 0; 0; 0; 0; 0; 0; 0; 0; 0
1981;09; 7; 0; 0; 50; 0; 0; 0; 0; 0; 0; 0; 0; 0; 0; 0; 0; 0; 0; 0; 0; 0; 0; 0; 0; 0; 0; 22; 0; 0; 60; 9999
1981;10; 59; 0; 0; 2; 1; 0; 18; 115; 10; 0; 1; 0; 282; 1; 0; 387; 0; 0; 195; 0; 0; 0; 0; 0; 225; 0; 19; 7; 140; 235; 17
1981;11; 0; 0; 0; 65; 37; 0; 0; 403; 0; 198; 128; 47; 32; 44; 46; 0; 0; 1; 0; 0; 152; 0; 0; 0; 156; 224; 25; 0; 10; 5; 9999
1981;12; 50; 406; 68; 2; 7; 10; 43; 335; 119; 428; 1; 78; 57; 19; 0; 0; 435; 368; 15; 7; 0; 0; 0; 0; 33; 20; 190; 47; 0; 0; 0
1982;01; 0; 218; 617; 8; 0; 10; 59; 108; 0; 98; 56; 153; 2; 0; 0; 0; 0; 0; 8; 0; 15; 0; 235; 233; 0; 16; 34; 28; 97; 159; 9999
1982;02; 14; 61; 8; 0; 351; 22; 47; 58; 67; 0; 0; 0; 0; 0; 0; 0; 0; 0; 3; 0; 0; 0; 4; 5; 134; 35; 139; 423; 9999; 9999; 9999
1982;03; 129; 34; 9; 4; 1; 0; 5; 4; 59; 129; 226; 525; 4; 7; 10; 19; 223; 119; 2; 22; 0; 2; 0; 165; 237; 167; 88; 157; 35; 61; 65
1982;04; 0; 0; 78; 7; 0; 0; 8; 21; 0; 0; 0; 5; 18; 7; 42; 18; 117; 0; 0; 0; 0; 0; 7; 1; 0; 2; 5; 1; 1; 0; 9999
1982;05; 0; 0; 0; 0; 8; 0; 0; 0; 0; 0; 0; 0; 0; 0; 0; 0; 0; 0; 0; 19; 0; 0; 0; 0; 19; 99; 0; 0; 0; 0; 0
1982;06; 57; 0; 0; 0; 0; 24; 0; 0; 0; 0; 0; 1; 90; 0; 0; 0; 16; 22; 0; 0; 0; 0; 255; 8; 22; 288; 0; 0; 0; 22; 9999
1982;07; 12; 4; 0; 0; 0; 0; 0; 0; 0; 0; 0; 11; 0; 36; 0; 0; 0; 0; 228; 68; 0; 0; 0; 0; 0; 0; 0; 0; 0; 168; 8
1982;08; 0; 0; 0; 0; 40; 0; 0; 0; 0; 0; 183; 105; 0; 0; 0; 0; 0; 0; 98; 54; 0; 0; 0; 43; 0; 0; 0; 0; 133; 158; 0
1982;09; 0; 0; 0; 0; 0; 0; 138; 0; 0; 0; 0; 0; 0; 0; 0; 0; 0; 0; 4; 2; 0; 0; 0; 0; 0; 0; 0; 115; 0; 23; 9999
1982;10; 0; 0; 65; 0; 19; 0; 0; 2; 139; 9; 195; 0; 188; 64; 1; 0; 1; 0; 5; 0; 0; 0; 0; 42; 0; 0; 0; 154; 145; 153; 0
1982;11; 2; 0; 0; 0; 0; 305; 43; 39; 13; 1; 80; 132; 0; 14; 190; 0; 15; 0; 0; 0; 6; 165; 80; 40; 1; 205; 384; 0; 0; 4; 9999
1982;12; 165; 105; 569; 13; 15; 0; 87; 250; 0; 0; 13; 65; 19; 4; 230; 58; 0; 0; 0; 290; 321; 483; 160; 47; 0; 0; 305; 33; 35; 180; 302
1983;01; 37; 153; 0; 5; 82; 67; 5; 37; 17; 35; 1; 0; 135; 47; 26; 0; 10; 110; 12; 291; 110; 5; 2; 60; 7; 380; 3; 13; 245; 2; 0
1983;02; 83; 318; 13; 121; 0; 19; 5; 12; 202; 0; 0; 23; 537; 10; 18; 0; 0; 0; 30; 4; 0; 0; 0; 38; 10; 35; 32; 30; 9999; 9999; 9999
1983;03; 0; 0; 0; 153; 40; 32; 120; 70; 10; 3; 0; 0; 238; 27; 136; 4; 2; 2; 0; 338; 98; 36; 228; 138; 55; 3; 14; 250; 0; 4; 0
1983;04; 132; 0; 0; 3; 2; 520; 487; 8; 0; 0; 0; 12; 5; 92; 2; 40; 2; 2; 3; 2; 7; 400; 7; 3; 68; 0; 6; 1; 2; 2; 9999
1983;05; 0; 2; 57; 5; 4; 3; 3; 0; 3; 22; 2; 0; 0; 25; 40; 3; 1; 28; 4; 76; 0; 3; 0; 33; 23; 0; 0; 0; 349; 417; 267
1983;06; 18; 48; 68; 442; 93; 210; 270; 3; 143; 195; 4; 10; 28; 0; 0; 0; 0; 3; 0; 5; 3; 0; 2; 0; 3; 0; 0; 27; 167; 0; 9999
1983;07; 0; 3; 0; 3; 0; 0; 2; 0; 0; 4; 0; 0; 2; 4; 2; 2; 0; 74; 145; 48; 247; 2; 3; 0; 3; 0; 0; 3; 5; 0; 0
1983;08; 0; 119; 0; 4; 15; 4; 0; 3; 0; 0; 0; 3; 2; 0; 0; 0; 5; 0; 0; 25; 0; 0; 2; 0; 3; 0; 0; 2; 0; 0; 1
1983;09; 0; 7; 36; 77; 155; 390; 80; 118; 0; 0; 0; 7; 90; 30; 2; 360; 30; 335; 370; 70; 30; 0; 290; 278; 90; 0; 0; 2; 0; 3; 9999
1983;10; 0; 82; 69; 15; 2; 91; 0; 2; 0; 4; 0; 0; 27; 108; 37; 3; 1; 0; 156; 2; 0; 0; 150; 408; 0; 0; 0; 0; 3; 3; 17
1983;11; 2; 0; 193; 66; 81; 2; 2; 0; 0; 54; 125; 0; 20; 0; 115; 30; 3; 0; 0; 63; 66; 110; 5; 0; 0; 0; 0; 2; 0; 40; 9999
1983;12; 0; 216; 215; 25; 0; 28; 18; 43; 28; 10; 70; 108; 28; 134; 0; 230; 241; 14; 17; 3; 17; 223; 168; 77; 224; 24; 54; 626; 93; 10; 4
1984;01; 0; 2; 545; 0; 0; 65; 45; 0; 0; 4; 80; 4; 0; 0; 0; 0; 19; 0; 0; 89; 230; 117; 359; 6; 45; 14; 172; 10; 20; 1; 0
1984;02; 0; 2; 0; 2; 0; 100; 10; 52; 0; 0; 10; 9; 56; 2; 8; 2; 2; 0; 0; 0; 0; 53; 0; 0; 0; 3; 1; 0; 0; 9999; 9999
1984;03; 0; 0; 0; 190; 59; 23; 2; 190; 0; 0; 105; 1; 0; 11; 0; 6; 2; 0; 2; 12; 38; 19; 8; 0; 0; 1; 0; 17; 2; 174; 136
1984;04; 1; 1; 0; 115; 40; 0; 0; 0; 0; 0; 6; 1; 2; 2; 1; 0; 0; 89; 10; 74; 2; 2; 0; 0; 34; 0; 28; 44; 0; 31; 9999
1984;05; 87; 156; 81; 2; 46; 0; 3; 3; 0; 1; 0; 1; 18; 22; 34; 4; 30; 152; 3; 2; 2; 2; 2; 1; 0; 2; 2; 0; 0; 0; 1
1984;06; 0; 2; 2; 1; 1; 1; 1; 1; 0; 0; 3; 0; 3; 0; 2; 1; 1; 1; 2; 1; 1; 1; 2; 1; 1; 2; 1; 0; 0; 0; 9999
1984;07; 1; 2; 1; 0; 1; 1; 0; 1; 3; 2; 1; 1; 0; 0; 20; 0; 3; 0; 3; 0; 0; 0; 0; 0; 2; 0; 1; 53; 0; 2; 2
1984;08; 1; 0; 132; 59; 1; 0; 0; 1; 1; 1; 1; 1; 0; 0; 0; 0; 2; 2; 0; 0; 5; 0; 59; 92; 10; 184; 0; 0; 0; 0; 1
1984;09; 150; 2; 0; 2; 0; 0; 30; 14; 193; 1; 2; 3; 1; 1; 1; 0; 0; 0; 1; 0; 132; 1; 1; 1; 1; 0; 313; 24; 1; 1; 9999
1984;10; 0; 0; 1; 0; 0; 0; 0; 0; 0; 0; 0; 0; 0; 0; 0; 0; 0; 0; 469; 1; 60; 30; 1; 0; 62; 0; 1; 0; 1; 0; 0
1984;11; 0; 1; 0; 0; 113; 1; 2; 0; 3; 16; 193; 66; 78; 49; 0; 0; 196; 90; 0; 0; 46; 1; 87; 0; 1; 133; 13; 65; 1; 1; 9999
1984;12; 61; 148; 0; 0; 45; 1; 1; 166; 1; 10; 0; 0; 0; 25; 286; 10; 23; 177; 0; 0; 0; 9; 0; 1; 0; 75; 3; 0; 0; 260; 104
1985;01; 3; 455; 15; 0; 0; 1; 32; 82; 363; 3; 1; 0; 0; 25; 1; 1; 243; 128; 58; 40; 145; 50; 0; 393; 131; 45; 5; 0; 34; 98; 267
1985;02; 71; 40; 335; 0; 31; 64; 0; 0; 293; 14; 0; 0; 225; 150; 8; 286; 0; 0; 1; 0; 0; 22; 409; 377; 31; 130; 122; 163; 9999; 9999; 9999
1985;03; 34; 340; 39; 131; 40; 270; 32; 6; 3; 0; 59; 7; 1; 5; 126; 3; 70; 204; 0; 0; 0; 1; 0; 0; 0; 1; 0; 50; 79; 1; 4
1985;04; 8; 3; 0; 0; 13; 0; 54; 0; 19; 161; 0; 10; 0; 0; 1; 0; 38; 9; 103; 1; 0; 0; 1; 0; 0; 0; 0; 0; 0; 46; 9999
1985;05; 56; 14; 0; 0; 0; 0; 0; 0; 0; 19; 54; 0; 0; 0; 0; 0; 0; 0; 0; 0; 2; 299; 0; 0; 0; 0; 0; 0; 0; 0; 0
1985;06; 0; 0; 0; 73; 0; 0; 1; 2; 0; 22; 1; 1; 0; 1; 1; 0; 0; 0; 1; 0; 0; 0; 0; 0; 0; 0; 0; 0; 0; 0; 9999
1985;07; 0; 0; 0; 0; 0; 0; 10; 0; 0; 0; 0; 1; 1; 1; 1; 0; 0; 0; 0; 2; 2; 1; 0; 0; 2; 0; 2; 1; 1; 1; 1
1985;08; 0; 0; 0; 0; 0; 0; 0; 0; 0; 0; 0; 43; 0; 5; 2; 1; 1; 0; 1; 0; 18; 2; 124; 0; 1; 0; 0; 0; 0; 0; 226
1985;09; 190; 215; 3; 13; 49; 6; 13; 1; 1; 0; 1; 1; 0; 0; 1; 0; 0; 0; 0; 0; 73; 2; 2; 90; 19; 0; 0; 0; 2; 270; 9999
1985;10; 1; 0; 91; 2; 1; 0; 1; 82; 2; 2; 4; 1; 0; 1; 0; 0; 0; 0; 0; 2; 3; 0; 0; 245; 0; 2; 32; 2; 480; 1; 580
1985;11; 1; 80; 184; 80; 12; 2; 0; 0; 0; 0; 2; 1; 1; 3; 2; 1; 0; 0; 0; 0; 50; 87; 0; 118; 6; 370; 114; 15; 0; 0; 9999
1985;12; 12; 1; 0; 366; 45; 0; 3; 2; 3; 2; 1; 0; 3; 0; 27; 188; 2; 2; 0; 1; 124; 8; 0; 228; 755; 76; 385; 1; 150; 12; 2
1986;01; 45; 2; 465; 3; 0; 146; 1; 0; 160; 165; 164; 135; 1; 2; 5; 2; 1; 1; 1; 0; 147; 2; 168; 402; 158; 5; 495; 3; 3; 2; 2
1986;02; 2; 77; 175; 83; 50; 1; 2; 16; 23; 20; 212; 28; 113; 107; 7; 41; 42; 160; 61; 19; 466; 55; 15; 2; 1; 157; 124; 18; 9999; 9999; 9999
1986;03; 54; 97; 22; 32; 70; 33; 107; 3; 202; 1; 3; 3; 2; 2; 6; 3; 1; 10; 162; 8; 2; 3; 2; 9; 3; 167; 53; 3; 3; 60; 30
1986;04; 3; 3; 2; 3; 3; 3; 3; 1; 20; 2; 12; 2; 2; 3; 39; 243; 24; 3; 2; 2; 2; 6; 1; 10; 2; 2; 4; 23; 15; 5; 9999
1986;05; 3; 2; 3; 2; 2; 2; 0; 10; 52; 130; 3; 13; 82; 1; 1; 1; 2; 2; 170; 2; 33; 2; 0; 2; 2; 1; 1; 2; 2; 2; 78
1986;06; 24; 2; 2; 0; 2; 3; 3; 1; 2; 2; 1; 2; 0; 2; 1; 2; 2; 2; 1; 2; 2; 2; 1; 3; 94; 0; 3; 3; 2; 2; 9999
1986;07; 2; 7; 109; 1; 147; 3; 3; 2; 2; 3; 2; 2; 3; 2; 3; 2; 2; 2; 2; 2; 0; 4; 126; 3; 2; 3; 2; 2; 0; 3; 2
1986;08; 135; 3; 2; 2; 2; 2; 4; 3; 2; 2; 2; 1; 105; 5; 4; 16; 32; 0; 16; 14; 192; 126; 10; 44; 4; 0; 11; 2; 3; 2; 1
1986;09; 1; 2; 1; 2; 0; 0; 1; 2; 1; 1; 2; 2; 2; 2; 1; 1; 2; 0; 0; 40; 145; 2; 3; 2; 61; 85; 66; 2; 47; 5; 9999
1986;10; 1; 1; 2; 2; 1; 1; 1; 1; 0; 0; 84; 0; 1; 0; 1; 0; 2; 1; 0; 11; 76; 175; 2; 2; 0; 0; 1; 1; 1; 1; 2
1986;11; 2; 20; 10; 220; 100; 105; 36; 1; 1; 134; 104; 24; 1; 14; 1; 2; 0; 1; 45; 2; 0; 1; 0; 42; 213; 2; 13; 215; 116; 10; 9999
1986;12; 164; 25; 3; 115; 124; 121; 208; 101; 306; 15; 405; 16; 22; 2; 30; 2; 264; 3; 80; 66; 326; 25; 130; 175; 7; 175; 157; 111; 155; 250; 157
1987;01; 40; 2; 15; 36; 16; 80; 3; 7; 2; 5; 55; 91; 103; 13; 23; 2; 206; 5; 5; 157; 3; 77; 126; 376; 173; 17; 23; 123; 33; 25; 2
1987;02; 3; 1; 252; 55; 152; 3; 1; 2; 2; 81; 4; 1; 180; 1; 185; 395; 256; 315; 343; 16; 3; 3; 2; 5; 15; 3; 3; 40; 9999; 9999; 9999
1987;03; 3; 3; 3; 3; 2; 2; 2; 3; 200; 176; 240; 2; 6; 0; 1; 6; 2; 23; 0; 16; 208; 3; 3; 3; 3; 2; 3; 2; 2; 224; 3
1987;04; 2; 3; 310; 314; 410; 300; 5; 7; 270; 33; 26; 3; 3; 4; 98; 5; 4; 3; 4; 3; 4; 783; 3; 3; 23; 18; 24; 3; 3; 2; 9999
1987;05; 160; 58; 3; 3; 243; 135; 18; 29; 229; 2; 0; 1; 9; 3; 2; 170; 27; 69; 6; 46; 370; 40; 4; 5; 85; 7; 1; 2; 103; 3; 3
1987;06; 3; 2; 3; 3; 3; 3; 143; 42; 3; 3; 3; 4; 2; 354; 145; 43; 25; 4; 5; 3; 3; 3; 69; 27; 2; 3; 3; 3; 3; 3; 9999
1987;07; 3; 2; 3; 3; 3; 2; 2; 3; 10; 60; 4; 3; 2; 0; 3; 2; 3; 3; 2; 3; 3; 2; 1; 3; 2; 3; 2; 3; 3; 2; 38
1987;08; 22; 3; 3; 1; 1; 0; 23; 2; 3; 2; 2; 2; 1; 1; 1; 1; 1; 5; 0; 0; 0; 11; 2; 2; 2; 1; 1; 2; 0; 1; 0
1987;09; 8; 1; 1; 1; 0; 126; 102; 2; 2; 2; 74; 10; 2; 2; 2; 1; 38; 145; 134; 2; 4; 234; 34; 1; 47; 3; 1; 47; 1; 1; 9999
1987;10; 2; 48; 50; 2; 2; 330; 7; 2; 2; 2; 3; 2; 0; 0; 0; 0; 0; 0; 28; 99; 95; 3; 2; 2; 63; 7; 2; 335; 140; 2; 2
1987;11; 3; 3; 3; 3; 2; 0; 14; 1; 2; 27; 0; 0; 2; 1; 42; 235; 231; 2; 2; 1; 93; 3; 2; 2; 0; 106; 119; 1; 1; 4; 9999
1987;12; 2; 1; 112; 2; 4; 20; 30; 2; 157; 70; 10; 110; 1; 35; 3; 3; 3; 5; 227; 105; 7; 325; 3; 0; 0; 0; 1; 215; 2; 102; 245
1988;01; 240; 2; 8; 10; 7; 17; 70; 127; 227; 279; 78; 2; 2; 0; 1; 167; 1; 2; 2; 2; 1; 145; 1; 223; 142; 3; 205; 0; 14; 1; 10
1988;02; 210; 550; 2; 277; 173; 73; 72; 277; 63; 165; 235; 163; 50; 65; 30; 1; 18; 247; 79; 40; 80; 175; 140; 1; 1; 2; 4; 2; 2; 9999; 9999
1988;03; 154; 200; 488; 47; 2; 2; 0; 0; 47; 1; 0; 0; 1; 2; 2; 1; 177; 210; 626; 4; 3; 4; 3; 3; 3; 3; 2; 2; 3; 2; 2
1988;04; 20; 271; 170; 3; 1; 0; 2; 43; 22; 2; 3; 140; 43; 225; 23; 4; 4; 1; 0; 23; 344; 43; 24; 4; 3; 7; 310; 3; 1; 3; 9999
1988;05; 2; 3; 3; 2; 143; 53; 4; 30; 3; 3; 3; 3; 11; 150; 10; 347; 3; 247; 33; 4; 2; 135; 33; 15; 133; 2; 2; 1; 22; 323; 27
1988;06; 2; 3; 3; 75; 8; 4; 2; 2; 2; 2; 1; 1; 3; 45; 161; 1; 3; 3; 4; 2; 0; 1; 2; 2; 2; 8; 1; 2; 2; 2; 9999
1988;07; 2; 2; 3; 2; 2; 1; 1; 1; 0; 0; 1; 0; 2; 2; 2; 3; 2; 2; 2; 2; 2; 2; 2; 1; 3; 2; 2; 2; 3; 3; 3
1988;08; 3; 2; 2; 2; 2; 1; 0; 1; 1; 0; 3; 0; 1; 3; 3; 2; 2; 2; 2; 2; 1; 2; 2; 2; 2; 0; 1; 1; 1; 1; 1
1988;09; 2; 1; 0; 1; 0; 2; 2; 2; 1; 1; 1; 1; 1; 0; 140; 1; 5; 140; 2; 2; 2; 1; 1; 1; 0; 2; 2; 0; 18; 2; 9999
1988;10; 2; 2; 1; 0; 30; 17; 0; 3; 1; 0; 2; 0; 134; 3; 1; 0; 1; 140; 2; 208; 130; 6; 2; 8; 1; 224; 43; 1; 2; 1; 1
1988;11; 32; 137; 30; 1; 2; 101; 15; 253; 1; 0; 0; 1; 125; 162; 16; 216; 1; 2; 1; 1; 6; 0; 33; 0; 0; 0; 49; 26; 0; 0; 9999
1988;12; 0; 76; 2; 2; 1; 1; 0; 1; 1; 111; 8; 33; 2; 120; 385; 2; 1; 0; 0; 0; 470; 114; 6; 683; 67; 31; 35; 1; 2; 81; 5
1989;01; 103; 219; 49; 20; 162; 62; 133; 3; 86; 363; 8; 246; 315; 247; 294; 68; 2; 116; 34; 35; 4; 2; 110; 119; 3; 2; 2; 3; 17; 2; 2
1989;02; 2; 3; 245; 41; 50; 3; 55; 105; 160; 179; 229; 3; 22; 147; 128; 231; 2; 2; 403; 3; 2; 9; 45; 50; 509; 159; 2; 3; 9999; 9999; 9999
1989;03; 27; 82; 28; 143; 48; 67; 2; 2; 227; 28; 9; 1; 2; 537; 26; 50; 2; 205; 3; 3; 2; 3; 3; 62; 3; 3; 2; 119; 110; 3; 3
1989;04; 265; 62; 205; 32; 3; 3; 2; 9; 3; 63; 3; 227; 43; 3; 0; 3; 3; 2; 3; 44; 0; 6; 2; 2; 3; 3; 2; 3; 2; 3; 9999
1989;05; 2; 102; 5; 2; 1; 37; 6; 18; 3; 9; 3; 17; 7; 3; 3; 3; 4; 3; 2; 2; 3; 2; 3; 3; 2; 156; 7; 19; 6; 3; 2
1989;06; 2; 4; 3; 2; 1; 4; 2; 2; 5; 3; 42; 250; 2; 2; 3; 3; 4; 3; 2; 2; 2; 2; 3; 2; 67; 9; 3; 2; 3; 3; 9999
1989;07; 3; 3; 2; 3; 2; 40; 2; 3; 7; 2; 3; 2; 3; 2; 2; 2; 3; 3; 3; 3; 3; 3; 2; 2; 0; 1; 120; 186; 28; 21; 296
1989;08; 0; 0; 3; 3; 2; 0; 4; 0; 2; 1; 2; 2; 1; 1; 2; 3; 1; 1; 2; 2; 0; 0; 26; 2; 1; 143; 3; 251; 0; 2; 3
1989;09; 1; 85; 2; 3; 2; 66; 1; 1; 185; 19; 66; 1; 75; 83; 4; 3; 1; 0; 2; 1; 0; 3; 2; 0; 9; 15; 292; 3; 3; 0; 9999
1989;10; 1; 5; 2; 1; 1; 1; 0; 0; 0; 0; 0; 100; 0; 1; 2; 22; 66; 1; 0; 0; 0; 0; 180; 2; 3; 3; 1; 79; 0; 3; 2
1989;11; 0; 0; 3; 98; 3; 1; 0; 0; 0; 196; 7; 5; 120; 3; 1; 2; 1; 21; 1; 81; 2; 4; 70; 2; 87; 3; 3; 1; 8; 0; 9999
1989;12; 0; 1; 3; 2; 1; 1; 2; 2; 1; 0; 15; 142; 294; 88; 325; 145; 2; 0; 0; 398; 100; 2; 2; 3; 1; 129; 2; 6; 6; 23; 2
1990;01; 20; 188; 12; 12; 10; 14; 2; 2; 0; 0; 1; 1; 6; 2; 2; 5; 125; 2; 20; 178; 18; 78; 24; 3; 2; 56; 2; 5; 46; 2; 3
1990;02; 2; 2; 2; 1; 1; 88; 91; 316; 88; 191; 91; 2; 18; 470; 40; 10; 3; 3; 2; 1; 1; 2; 186; 36; 90; 286; 0; 386; 9999; 9999; 9999
1990;03; 236; 168; 12; 38; 20; 3; 61; 381; 3; 13; 10; 85; 8; 3; 3; 2; 170; 72; 5; 216; 2; 18; 10; 11; 7; 20; 2; 50; 3; 65; 4
1990;04; 3; 3; 3; 6; 3; 1; 0; 111; 17; 488; 3; 4; 3; 3; 3; 4; 3; 16; 237; 58; 42; 3; 3; 3; 3; 3; 2; 3; 2; 1; 9999
1990;05; 220; 112; 2; 2; 1; 2; 17; 3; 32; 4; 1; 65; 12; 4; 3; 32; 106; 33; 2; 2; 2; 3; 3; 3; 3; 3; 3; 2; 2; 2; 3
1990;06; 2; 2; 2; 3; 3; 3; 1; 1; 2; 1; 5; 1; 3; 3; 3; 0; 1; 3; 3; 3; 6; 17; 3; 2; 2; 1; 1; 3; 3; 2; 9999
1990;07; 15; 5; 3; 2; 2; 48; 2; 3; 3; 0; 105; 3; 3; 3; 2; 59; 4; 3; 48; 55; 3; 17; 11; 1; 1; 5; 2; 81; 6; 1; 1
1990;08; 6; 2; 3; 3; 2; 4; 2; 2; 1; 2; 2; 4; 2; 2; 2; 2; 122; 53; 2; 357; 13; 5; 0; 0; 2; 2; 49; 0; 1; 1; 2
1990;09; 122; 2; 3; 2; 2; 0; 0; 0; 2; 3; 2; 1; 16; 292; 123; 16; 3; 3; 2; 2; 0; 1; 0; 332; 15; 2; 1; 2; 2; 0; 9999
1990;10; 29; 227; 11; 5; 175; 2; 120; 3; 2; 2; 0; 53; 256; 1; 2; 248; 163; 42; 0; 64; 107; 1; 0; 1; 277; 1; 0; 2; 9999; 9999; 1
1990;11; 165; 344; 153; 2; 6; 76; 4; 2; 2; 1; 18; 2; 14; 2; 1; 1; 0; 0; 143; 2; 443; 3; 2; 84; 43; 3; 2; 165; 1; 2; 9999
1990;12; 1; 1; 2; 0; 1; 8; 1; 97; 0; 1; 18; 90; 83; 33; 130; 20; 2; 2; 0; 138; 1; 1; 2; 1; 419; 19; 1; 98; 1; 83; 1
1991;01; 1; 1; 66; 129; 166; 1; 0; 1; 6; 2; 1; 697; 5; 105; 116; 430; 409; 2; 1; 4; 186; 4; 2; 1; 1; 117; 545; 2; 1; 178; 1
1991;02; 1; 2; 130; 33; 100; 99; 37; 307; 12; 49; 27; 50; 7; 1; 9; 231; 50; 1; 400; 3; 2; 1; 115; 7; 1; 1; 1; 3; 9999; 9999; 9999
1991;03; 1; 4; 14; 9; 130; 69; 76; 6; 1; 2; 4; 140; 22; 196; 22; 2; 2; 1; 2; 1; 0; 300; 102; 10; 418; 12; 286; 370; 280; 248; 68
1991;04; 2; 1; 4; 18; 15; 2; 2; 2; 1; 2; 1; 2; 1; 12; 76; 3; 2; 3; 2; 121; 0; 2; 3; 3; 1; 341; 151; 122; 2; 2; 9999
1991;05; 3; 2; 3; 3; 3; 1; 31; 18; 2; 3; 3; 2; 2; 3; 2; 32; 1; 2; 1; 20; 2; 2; 22; 3; 2; 3; 3; 3; 3; 3; 3
1991;06; 3; 2; 3; 3; 2; 2; 2; 16; 11; 31; 1; 3; 1; 2; 2; 1; 4; 2; 1; 0; 0; 1; 39; 28; 148; 3; 2; 2; 2; 2; 9999
1991;07; 2; 3; 2; 3; 2; 1; 1; 0; 0; 1; 1; 4; 46; 2; 1; 1; 2; 3; 3; 2; 2; 3; 2; 0; 2; 1; 2; 2; 2; 2; 2
1991;08; 2; 2; 61; 2; 2; 1; 1; 108; 6; 2; 2; 0; 0; 1; 2; 0; 2; 2; 2; 2; 2; 2; 2; 2; 1; 2; 2; 1; 1; 1; 1
1991;09; 0; 5; 2; 2; 2; 2; 2; 2; 1; 0; 0; 2; 2; 2; 0; 1; 0; 1; 0; 104; 3; 2; 1; 0; 0; 144; 3; 2; 186; 174; 9999
1991;10; 305; 8; 313; 1; 1; 1; 537; 5; 20; 185; 37; 0; 3; 2; 2; 2; 2; 2; 0; 26; 0; 1; 2; 2; 2; 0; 1; 2; 1; 0; 0
1991;11; 8; 33; 105; 23; 17; 1; 3; 0; 106; 16; 1; 0; 170; 46; 1; 8; 2; 1; 15; 2; 0; 0; 1; 1; 1; 1; 0; 1; 0; 315; 9999
1991;12; 47; 17; 3; 2; 2; 7; 147; 0; 2; 45; 2; 0; 300; 45; 247; 620; 118; 111; 16; 140; 3; 2; 1; 1; 46; 2; 12; 194; 2; 20; 158
1992;01; 115; 32; 2; 75; 227; 3; 1; 2; 0; 3; 2; 0; 60; 20; 20; 78; 500; 15; 16; 0; 0; 121; 330; 436; 3; 3; 76; 90; 2; 2; 447
1992;02; 0; 1; 2; 11; 12; 62; 1; 70; 103; 63; 2; 1; 2; 14; 2; 1; 1; 2; 103; 2; 2; 2; 27; 2; 0; 173; 93; 20; 0; 9999; 9999
1992;03; 1; 46; 30; 24; 200; 2; 2; 93; 110; 7; 140; 6; 26; 115; 3; 2; 25; 106; 40; 470; 3; 2; 3; 370; 3; 6; 385; 2; 2; 1; 41
1992;04; 76; 77; 107; 2; 3; 3; 3; 2; 2; 2; 0; 0; 3; 122; 68; 3; 3; 3; 3; 2; 1; 9; 18; 1; 18; 8; 66; 3; 3; 0; 9999
1992;05; 3; 208; 2; 410; 106; 2; 16; 2; 2; 2; 2; 2; 2; 0; 20; 3; 2; 3; 25; 80; 0; 2; 84; 3; 16; 3; 3; 3; 2; 1; 2
1992;06; 0; 6; 3; 2; 2; 0; 1; 2; 3; 2; 2; 1; 2; 2; 4; 3; 2; 2; 2; 2; 1; 2; 1; 3; 3; 2; 3; 2; 2; 2; 9999
1992;07; 2; 2; 11; 2; 2; 64; 199; 499; 31; 26; 4; 3; 2; 2; 2; 1; 0; 1; 3; 0; 4; 3; 0; 28; 12; 3; 0; 3; 1; 2; 2
1992;08; 2; 2; 5; 0; 2; 6; 3; 2; 14; 6; 2; 55; 0; 15; 0; 1; 2; 2; 2; 98; 0; 17; 32; 34; 3; 2; 3; 2; 20; 2; 2
1992;09; 2; 1; 2; 38; 14; 150; 219; 1; 2; 0; 1; 17; 55; 3; 15; 115; 2; 235; 1; 1; 0; 2; 2; 2; 1; 96; 25; 225; 1; 1; 9999
1992;10; 1; 3; 40; 6; 1; 3; 28; 47; 297; 15; 3; 27; 197; 1; 2; 3; 2; 1; 0; 33; 15; 3; 0; 1; 2; 2; 2; 29; 1; 53; 395
1992;11; 13; 5; 8; 48; 209; 49; 280; 3; 185; 244; 3; 7; 3; 3; 2; 18; 127; 9; 0; 1; 7; 76; 148; 7; 178; 137; 75; 1; 0; 3; 9999
1992;12; 1; 188; 9; 18; 1; 0; 1; 58; 1; 28; 178; 387; 33; 15; 5; 47; 25; 132; 77; 1; 142; 91; 4; 45; 3; 29; 2; 1; 2; 1; 2
1993;01; 2; 1; 0; 137; 142; 14; 145; 74; 10; 0; 44; 48; 114; 0; 77; 55; 40; 44; 495; 4; 278; 176; 72; 98; 75; 105; 3; 3; 55; 24; 305
1993;02; 2; 38; 2; 87; 408; 9; 48; 2; 35; 74; 40; 1; 276; 4; 630; 120; 40; 3; 2; 2; 2; 38; 43; 22; 43; 26; 174; 22; 9999; 9999; 9999
1993;03; 97; 4; 3; 27; 5; 3; 20; 18; 1; 50; 130; 378; 6; 3; 47; 2; 6; 127; 18; 208; 1; 130; 55; 400; 170; 0; 6; 243; 6; 105; 126
1993;04; 2; 322; 6; 40; 2; 3; 212; 3; 136; 0; 1; 1; 2; 2; 4; 3; 3; 2; 3; 2; 2; 3; 2; 142; 7; 3; 2; 3; 3; 3; 9999
1993;05; 6; 3; 2; 1; 1; 2; 2; 3; 3; 3; 3; 3; 2; 0; 76; 1; 0; 2; 2; 2; 1; 2; 2; 2; 2; 187; 2; 2; 1; 0; 177
1993;06; 6; 3; 0; 2; 1; 73; 2; 2; 35; 2; 143; 5; 3; 3; 2; 3; 2; 1; 52; 3; 3; 3; 3; 2; 2; 3; 2; 3; 3; 2; 9999
1993;07; 3; 2; 3; 2; 2; 2; 2; 0; 3; 3; 2; 2; 3; 1; 66; 106; 3; 2; 3; 3; 2; 3; 2; 2; 1; 0; 0; 0; 3; 2; 1
1993;08; 1; 2; 7; 2; 0; 6; 3; 2; 1; 0; 2; 2; 2; 2; 0; 1; 2; 2; 0; 0; 1; 2; 2; 36; 86; 2; 2; 2; 1; 2; 1
1993;09; 0; 2; 1; 20; 1; 2; 1; 0; 18; 1; 0; 38; 101; 2; 5; 198; 78; 2; 0; 76; 3; 300; 19; 129; 200; 7; 30; 88; 0; 0; 9999
1993;10; 2; 187; 31; 133; 280; 83; 3; 2; 2; 2; 2; 0; 2; 2; 2; 1; 93; 2; 0; 200; 0; 2; 2; 173; 20; 2; 2; 0; 0; 1; 2
1993;11; 2; 0; 0; 2; 3; 23; 12; 10; 0; 184; 3; 2; 4; 0; 2; 2; 21; 29; 255; 53; 0; 1; 2; 2; 0; 94; 83; 2; 2; 2; 9999
1993;12; 1; 0; 355; 9; 215; 7; 5; 7; 212; 447; 0; 30; 3; 0; 77; 1; 1; 77; 1; 150; 147; 0; 1; 0; 177; 0; 0; 487; 129; 228; 151
1994;01; 122; 26; 1; 35; 1; 4; 2; 0; 61; 302; 2; 0; 14; 71; 245; 1; 47; 61; 1; 66; 67; 267; 2; 125; 60; 2; 1; 121; 32; 37; 210
1994;02; 222; 4; 2; 3; 2; 1; 14; 1; 81; 2; 271; 247; 37; 213; 15; 1; 17; 1; 3; 37; 3; 2; 3; 1; 2; 406; 223; 215; 9999; 9999; 9999
1994;03; 251; 70; 91; 5; 3; 3; 68; 24; 7; 3; 3; 496; 113; 122; 209; 1; 9; 28; 78; 376; 2; 20; 117; 2; 3; 22; 606; 1; 26; 2; 36
1994;04; 157; 58; 77; 2; 3; 3; 3; 2; 4; 3; 3; 2; 0; 5; 197; 7; 3; 2; 22; 130; 3; 2; 6; 23; 3; 3; 3; 3; 3; 3; 9999
1994;05; 3; 3; 2; 3; 3; 2; 3; 2; 2; 3; 3; 2; 2; 142; 357; 243; 2; 2; 3; 2; 1; 2; 15; 3; 2; 2; 42; 75; 2; 3; 3
1994;06; 2; 3; 1; 0; 28; 4; 1; 0; 85; 44; 4; 3; 3; 3; 2; 3; 3; 3; 2; 3; 2; 1; 1; 167; 3; 26; 3; 3; 2; 2; 9999
1994;07; 2; 2; 1; 2; 0; 3; 2; 1; 78; 4; 5; 2; 2; 2; 1; 1; 2; 1; 2; 1; 1; 0; 0; 206; 2; 2; 2; 2; 2; 1; 2
1994;08; 2; 1; 2; 2; 0; 1; 2; 3; 2; 1; 2; 0; 1; 2; 2; 2; 0; 1; 1; 2; 1; 2; 2; 1; 0; 2; 1; 0; 2; 2; 1
1994;09; 2; 0; 1; 1; 1; 2; 2; 4; 0; 1; 1; 0; 1; 1; 1; 0; 1; 0; 1; 0; 0; 1; 0; 0; 0; 1; 4; 12; 0; 0; 9999
1994;10; 20; 0; 0; 1; 1; 0; 66; 1; 3; 1; 0; 0; 2; 0; 0; 0; 1; 0; 11; 1; 366; 2; 102; 2; 0; 14; 106; 101; 2; 1; 1
1994;11; 1; 0; 1; 2; 1; 125; 23; 112; 61; 52; 3; 3; 0; 0; 1; 2; 208; 3; 323; 22; 10; 0; 1; 0; 0; 2; 10; 2; 79; 1; 9999
1994;12; 0; 0; 1; 0; 4; 15; 103; 105; 4; 1; 3; 504; 4; 1; 40; 150; 69; 140; 159; 50; 2; 150; 441; 122; 2; 138; 105; 52; 2; 2; 1
1995;01; 43; 10; 4; 10; 240; 57; 50; 15; 99; 4; 2; 55; 2; 2; 2; 1; 2; 1; 303; 73; 172; 70; 13; 15; 4; 8; 4; 88; 230; 203; 135
1995;02; 405; 5; 543; 295; 246; 4; 61; 208; 124; 32; 5; 130; 407; 17; 130; 35; 450; 10; 185; 34; 10; 15; 5; 4; 4; 3; 3; 2; 9999; 9999; 9999
1995;03; 4; 3; 2; 5; 18; 6; 28; 20; 5; 5; 17; 30; 350; 7; 290; 4; 24; 4; 20; 50; 150; 3; 10; 11; 201; 3; 4; 3; 2; 3; 147
1995;04; 177; 3; 2; 4; 3; 2; 0; 3; 4; 18; 3; 5; 59; 4; 2; 1; 2; 3; 4; 10; 20; 14; 5; 3; 4; 3; 2; 1; 0; 1; 9999
1995;05; 1; 2; 5; 4; 1; 2; 36; 5; 4; 36; 295; 2; 2; 2; 0; 1; 1; 2; 76; 2; 4; 1; 0; 3; 2; 1; 6; 3; 0; 1; 1
1995;06; 9999; 9999; 9999; 9999; 9999; 9999; 9999; 9999; 9999; 9999; 9999; 9999; 9999; 9999; 9999; 9999; 9999; 9999; 9999; 9999; 9999; 9999; 9999; 9999; 9999; 9999; 9999; 9999; 9999; 9999; 9999
1995;07; 9999; 9999; 9999; 9999; 9999; 9999; 9999; 9999; 9999; 9999; 9999; 9999; 9999; 9999; 9999; 9999; 9999; 9999; 9999; 9999; 9999; 9999; 9999; 9999; 9999; 9999; 9999; 9999; 9999; 9999; 9999
1995;08; 9999; 9999; 9999; 9999; 9999; 9999; 9999; 9999; 9999; 9999; 9999; 9999; 9999; 9999; 9999; 9999; 9999; 9999; 9999; 9999; 9999; 9999; 9999; 9999; 9999; 9999; 9999; 9999; 9999; 9999; 9999
1995;09; 9999; 9999; 9999; 9999; 9999; 9999; 9999; 9999; 9999; 9999; 9999; 9999; 9999; 9999; 9999; 9999; 9999; 9999; 9999; 9999; 9999; 9999; 9999; 9999; 9999; 9999; 9999; 9999; 9999; 9999; 9999
1995;10; 9999; 9999; 9999; 9999; 9999; 9999; 9999; 9999; 9999; 9999; 9999; 9999; 9999; 9999; 9999; 9999; 9999; 9999; 9999; 9999; 9999; 9999; 9999; 9999; 9999; 9999; 9999; 9999; 9999; 9999; 9999
1995;11; 9999; 9999; 9999; 9999; 9999; 9999; 9999; 9999; 9999; 9999; 9999; 9999; 9999; 9999; 9999; 9999; 9999; 9999; 9999; 9999; 9999; 9999; 9999; 9999; 9999; 9999; 9999; 9999; 9999; 9999; 9999
1995;12; 9999; 9999; 9999; 9999; 9999; 9999; 9999; 9999; 9999; 9999; 9999; 9999; 9999; 9999; 9999; 9999; 9999; 9999; 9999; 9999; 9999; 9999; 9999; 9999; 9999; 9999; 9999; 9999; 9999; 9999; 9999
1996;01; 9999; 9999; 9999; 9999; 9999; 9999; 9999; 9999; 9999; 9999; 9999; 9999; 9999; 9999; 9999; 9999; 9999; 9999; 9999; 9999; 9999; 9999; 9999; 9999; 9999; 9999; 9999; 9999; 9999; 9999; 9999
1996;02; 9999; 9999; 9999; 9999; 9999; 9999; 9999; 9999; 9999; 9999; 9999; 9999; 9999; 9999; 9999; 9999; 9999; 9999; 9999; 9999; 9999; 9999; 9999; 9999; 9999; 9999; 9999; 9999; 9999; 9999; 9999
1996;03; 9999; 9999; 9999; 9999; 9999; 9999; 9999; 9999; 9999; 9999; 9999; 9999; 9999; 9999; 9999; 9999; 9999; 9999; 9999; 9999; 9999; 9999; 9999; 9999; 9999; 9999; 9999; 9999; 9999; 9999; 9999
1996;04; 9999; 9999; 9999; 9999; 9999; 9999; 9999; 9999; 9999; 9999; 9999; 9999; 9999; 9999; 9999; 9999; 9999; 9999; 9999; 9999; 9999; 9999; 9999; 9999; 9999; 9999; 9999; 9999; 9999; 9999; 9999
1996;05; 9999; 9999; 9999; 9999; 9999; 9999; 9999; 9999; 9999; 9999; 9999; 9999; 9999; 9999; 9999; 9999; 9999; 9999; 9999; 9999; 9999; 9999; 9999; 9999; 9999; 9999; 9999; 9999; 9999; 9999; 9999
1996;06; 9999; 9999; 9999; 9999; 9999; 9999; 9999; 9999; 9999; 9999; 9999; 9999; 9999; 9999; 9999; 9999; 9999; 9999; 9999; 9999; 9999; 9999; 9999; 9999; 9999; 9999; 9999; 9999; 9999; 9999; 9999
1996;07; 9999; 9999; 9999; 9999; 9999; 9999; 9999; 9999; 9999; 9999; 9999; 9999; 9999; 9999; 9999; 9999; 9999; 9999; 9999; 9999; 9999; 9999; 9999; 9999; 9999; 9999; 9999; 9999; 9999; 9999; 9999
1996;08; 9999; 9999; 9999; 9999; 9999; 9999; 9999; 9999; 9999; 9999; 9999; 9999; 9999; 9999; 9999; 9999; 9999; 9999; 9999; 9999; 9999; 9999; 9999; 9999; 9999; 9999; 9999; 9999; 9999; 9999; 9999
1996;09; 9999; 9999; 9999; 9999; 9999; 9999; 9999; 9999; 9999; 9999; 9999; 9999; 9999; 9999; 9999; 9999; 9999; 9999; 9999; 9999; 9999; 9999; 9999; 9999; 9999; 9999; 9999; 9999; 9999; 9999; 9999
1996;10; 9999; 9999; 9999; 9999; 9999; 9999; 9999; 9999; 9999; 9999; 9999; 9999; 9999; 9999; 9999; 9999; 9999; 9999; 9999; 9999; 9999; 9999; 9999; 9999; 9999; 9999; 9999; 9999; 9999; 9999; 9999
1996;11; 9999; 9999; 9999; 9999; 9999; 9999; 9999; 9999; 9999; 9999; 9999; 9999; 9999; 9999; 9999; 9999; 9999; 9999; 9999; 9999; 9999; 9999; 9999; 9999; 9999; 9999; 9999; 9999; 9999; 9999; 9999
1996;12; 9999; 9999; 9999; 9999; 9999; 9999; 9999; 9999; 9999; 9999; 9999; 9999; 9999; 9999; 9999; 9999; 9999; 9999; 9999; 9999; 9999; 9999; 9999; 9999; 9999; 9999; 9999; 9999; 9999; 9999; 9999
1997;01; 9999; 9999; 9999; 9999; 9999; 9999; 9999; 9999; 9999; 9999; 9999; 9999; 9999; 9999; 9999; 9999; 9999; 9999; 9999; 9999; 9999; 9999; 9999; 9999; 9999; 9999; 9999; 9999; 9999; 9999; 9999
1997;02; 9999; 9999; 9999; 9999; 9999; 9999; 9999; 9999; 9999; 9999; 9999; 9999; 9999; 9999; 9999; 9999; 9999; 9999; 9999; 9999; 9999; 9999; 9999; 9999; 9999; 9999; 9999; 9999; 9999; 9999; 9999
1997;03; 9999; 9999; 9999; 9999; 9999; 9999; 9999; 9999; 9999; 9999; 9999; 9999; 9999; 280; 130; 275; 12; 0; 2; 0; 3; 40; 2; 0; 1; 0; 0; 1; 0; 3; 3
1997;04; 9999; 9999; 9999; 9999; 9999; 9999; 9999; 9999; 9999; 9999; 9999; 9999; 9999; 9999; 9999; 9999; 9999; 9999; 9999; 9999; 9999; 9999; 9999; 9999; 9999; 9999; 9999; 9999; 9999; 9999; 9999
1997;05; 0; 0; 2; 2; 92; 3; 0; 1; 1; 0; 0; 2; 1; 1; 2; 0; 1; 1; 2; 2; 2; 1; 32; 1; 26; 7; 1; 1; 60; 1; 2
1997;06; 2; 2; 1; 4; 117; 169; 2; 0; 0; 3; 7; 2; 0; 1; 39; 106; 0; 0; 2; 0; 102; 1; 0; 0; 0; 1; 0; 2; 0; 0; 9999
1997;07; 2; 0; 0; 1; 1; 0; 0; 1; 0; 0; 0; 1; 2; 1; 1; 2; 1; 1; 1; 1; 0; 130; 1; 1; 0; 0; 1; 1; 2; 1; 1
1997;08; 1; 0; 0; 0; 0; 28; 1; 1; 10; 9; 2; 2; 2; 2; 2; 2; 0; 2; 1; 0; 1; 2; 0; 27; 47; 0; 1; 2; 2; 1; 0
1997;09; 0; 0; 0; 0; 0; 28; 2; 3; 0; 0; 6; 0; 0; 2; 99; 196; 0; 0; 0; 1; 128; 4; 0; 0; 0; 197; 4; 0; 0; 235; 9999
1997;10; 0; 29; 0; 1; 0; 0; 230; 0; 1; 1; 0; 0; 0; 0; 0; 98; 77; 0; 1; 1; 266; 100; 0; 76; 1; 57; 140; 4; 1; 4; 10
1997;11; 4; 1; 1; 47; 597; 57; 0; 47; 0; 3; 0; 1; 48; 0; 128; 222; 118; 83; 70; 35; 2; 107; 0; 366; 193; 3; 124; 20; 127; 2; 9999
1997;12; 4; 40; 144; 2; 146; 1; 0; 2; 2; 1; 1; 135; 80; 597; 1; 47; 0; 4; 5; 1; 4; 3; 1; 0; 177; 56; 2; 0; 57; 1; 290
