33
Ano,Mes,1,2,3,4,5,6,7,8,9,10,11,12,13,14,15,16,17,18,19,20,21,22,23,24,25,26,27,28,29,30,31
1958;01; 9999; 9999; 9999; 9999; 9999; 9999; 9999; 9999; 9999; 9999; 9999; 9999; 9999; 9999; 9999; 9999; 9999; 9999; 9999; 9999; 9999; 9999; 9999; 9999; 9999; 9999; 9999; 9999; 9999; 9999; 9999
1958;02; 9999; 9999; 9999; 9999; 9999; 9999; 9999; 9999; 9999; 9999; 9999; 9999; 9999; 9999; 9999; 9999; 9999; 9999; 9999; 9999; 9999; 9999; 9999; 9999; 9999; 9999; 9999; 9999; 9999; 9999; 9999
1958;03; 9999; 9999; 9999; 9999; 9999; 9999; 9999; 9999; 9999; 9999; 9999; 9999; 9999; 9999; 9999; 9999; 9999; 9999; 9999; 9999; 9999; 9999; 9999; 9999; 9999; 9999; 9999; 9999; 9999; 9999; 9999
1958;04; 9999; 9999; 9999; 9999; 9999; 9999; 9999; 9999; 9999; 9999; 9999; 9999; 9999; 9999; 9999; 9999; 9999; 9999; 9999; 9999; 9999; 9999; 9999; 9999; 9999; 9999; 9999; 9999; 9999; 9999; 9999
1958;05; 9999; 9999; 9999; 9999; 9999; 9999; 9999; 9999; 9999; 9999; 9999; 9999; 9999; 9999; 9999; 9999; 9999; 9999; 9999; 9999; 9999; 9999; 9999; 9999; 9999; 9999; 9999; 9999; 9999; 9999; 9999
1958;06; 9999; 9999; 9999; 9999; 9999; 9999; 9999; 9999; 9999; 9999; 9999; 9999; 9999; 9999; 9999; 9999; 9999; 9999; 9999; 9999; 9999; 9999; 9999; 9999; 9999; 9999; 9999; 9999; 9999; 9999; 9999
1958;07; 9999; 9999; 9999; 9999; 9999; 9999; 9999; 9999; 9999; 9999; 9999; 9999; 9999; 9999; 9999; 9999; 9999; 9999; 9999; 9999; 9999; 9999; 9999; 9999; 9999; 9999; 9999; 9999; 9999; 9999; 9999
1958;08; 9999; 9999; 9999; 9999; 9999; 9999; 9999; 9999; 9999; 9999; 9999; 9999; 9999; 9999; 9999; 9999; 9999; 9999; 9999; 9999; 9999; 9999; 9999; 9999; 9999; 9999; 9999; 9999; 9999; 9999; 9999
1958;09; 9999; 9999; 9999; 9999; 9999; 9999; 9999; 9999; 9999; 9999; 9999; 9999; 9999; 9999; 9999; 9999; 9999; 9999; 9999; 9999; 9999; 9999; 9999; 9999; 9999; 9999; 9999; 9999; 9999; 9999; 9999
1958;10; 0; 0; 0; 52; 0; 0; 27; 0; 37; 0; 61; 8; 0; 0; 0; 0; 33; 14; 22; 0; 0; 0; 0; 69; 0; 34; 24; 34; 14; 52; 0
1958;11; 508; 6; 0; 0; 0; 0; 0; 0; 0; 0; 0; 72; 378; 9; 0; 0; 0; 104; 38; 0; 6; 15; 0; 112; 66; 103; 234; 0; 0; 0; 9999
1958;12; 6; 0; 0; 0; 27; 0; 8; 0; 19; 110; 0; 194; 154; 0; 0; 423; 102; 262; 25; 27; 56; 184; 84; 33; 0; 0; 0; 0; 0; 0; 0
1959;01; 29; 0; 0; 0; 75; 657; 95; 280; 146; 0; 0; 95; 60; 22; 40; 242; 0; 0; 25; 46; 0; 0; 0; 126; 0; 0; 130; 0; 0; 0; 0
1959;02; 0; 61; 6; 46; 3; 5; 6; 141; 8; 0; 19; 0; 0; 40; 0; 268; 0; 6; 291; 0; 0; 0; 0; 45; 23; 270; 190; 0; 9999; 9999; 9999
1959;03; 23; 0; 0; 0; 134; 56; 13; 141; 7; 39; 0; 51; 0; 49; 0; 0; 0; 0; 475; 101; 12; 0; 55; 104; 53; 306; 2; 212; 0; 37; 230
1959;04; 310; 9; 52; 53; 2; 93; 0; 2; 0; 3; 2; 0; 0; 0; 0; 0; 0; 0; 0; 0; 0; 0; 0; 0; 252; 0; 29; 50; 0; 0; 9999
1959;05; 0; 0; 0; 0; 0; 0; 0; 0; 0; 0; 0; 0; 12; 11; 0; 0; 0; 0; 113; 51; 0; 0; 0; 0; 0; 0; 0; 0; 0; 1; 13
1959;06; 64; 0; 3; 0; 0; 0; 0; 0; 0; 0; 13; 0; 0; 0; 0; 0; 0; 0; 0; 0; 0; 0; 0; 0; 0; 0; 0; 0; 0; 0; 9999
1959;07; 0; 0; 2; 0; 0; 0; 0; 0; 0; 0; 0; 0; 0; 0; 0; 0; 0; 0; 0; 0; 0; 0; 0; 0; 0; 0; 0; 0; 0; 0; 0
1959;08; 0; 0; 0; 1; 13; 0; 1; 12; 29; 0; 0; 0; 226; 0; 29; 40; 6; 0; 12; 0; 0; 0; 0; 0; 0; 0; 0; 0; 0; 0; 0
1959;09; 0; 0; 0; 0; 1; 62; 0; 0; 0; 0; 0; 0; 1; 0; 0; 12; 0; 0; 0; 0; 0; 0; 0; 0; 0; 19; 1; 0; 0; 0; 9999
1959;10; 0; 0; 0; 0; 0; 0; 0; 4; 0; 0; 0; 39; 40; 0; 1; 0; 3; 0; 159; 77; 0; 73; 9; 0; 0; 0; 0; 0; 1; 12; 0
1959;11; 275; 0; 0; 172; 0; 66; 47; 54; 291; 15; 2; 0; 176; 2; 0; 42; 0; 0; 117; 8; 83; 1; 16; 0; 46; 524; 58; 9; 0; 0; 9999
1959;12; 0; 0; 94; 76; 0; 0; 0; 92; 22; 41; 18; 2; 123; 0; 0; 0; 0; 142; 338; 316; 13; 31; 3; 88; 115; 0; 0; 0; 74; 0; 0
1960;01; 0; 21; 0; 0; 0; 520; 49; 37; 98; 79; 56; 206; 75; 147; 0; 25; 0; 145; 461; 47; 225; 298; 0; 94; 2; 0; 0; 0; 73; 73; 29
1960;02; 287; 49; 36; 392; 2; 0; 0; 91; 82; 32; 0; 19; 399; 0; 17; 239; 0; 604; 9; 247; 329; 64; 170; 15; 252; 174; 1; 63; 185; 9999; 9999
1960;03; 52; 5; 0; 0; 0; 147; 0; 0; 0; 0; 0; 312; 0; 371; 61; 2; 8; 23; 0; 25; 0; 42; 38; 49; 571; 132; 0; 0; 0; 25; 0
1960;04; 38; 0; 2; 0; 41; 0; 0; 0; 69; 69; 6; 1; 0; 0; 0; 0; 0; 0; 0; 22; 0; 0; 0; 0; 0; 0; 0; 0; 0; 79; 9999
1960;05; 132; 0; 0; 0; 0; 0; 0; 0; 1; 0; 98; 0; 0; 0; 0; 82; 0; 0; 0; 1; 465; 6; 0; 0; 0; 0; 0; 0; 0; 0; 0
1960;06; 0; 0; 0; 0; 0; 0; 0; 0; 0; 0; 0; 0; 19; 0; 69; 0; 0; 0; 0; 0; 0; 0; 0; 68; 0; 0; 0; 122; 0; 0; 9999
1960;07; 0; 0; 0; 0; 0; 0; 0; 0; 0; 0; 0; 41; 0; 0; 0; 0; 0; 0; 0; 0; 0; 0; 0; 0; 0; 28; 0; 0; 0; 0; 0
1960;08; 0; 0; 0; 0; 0; 0; 9; 0; 0; 0; 0; 0; 0; 0; 0; 140; 6; 0; 0; 5; 0; 0; 9; 0; 0; 0; 0; 3; 0; 0; 0
1960;09; 0; 46; 6; 0; 0; 0; 0; 0; 0; 0; 0; 0; 0; 0; 0; 0; 0; 0; 0; 0; 0; 0; 0; 0; 0; 8; 9; 0; 431; 0; 9999
1960;10; 0; 85; 0; 34; 0; 0; 0; 142; 0; 0; 0; 0; 0; 0; 0; 0; 0; 0; 1; 197; 63; 32; 102; 0; 0; 180; 2; 3; 0; 0; 0
1960;11; 42; 0; 0; 0; 0; 111; 0; 0; 61; 36; 26; 45; 107; 0; 8; 28; 16; 192; 473; 141; 270; 196; 93; 0; 0; 0; 55; 78; 299; 16; 9999
1960;12; 0; 43; 0; 0; 31; 19; 15; 49; 0; 0; 0; 0; 0; 64; 0; 74; 201; 132; 873; 357; 133; 52; 0; 224; 0; 116; 24; 312; 16; 76; 26
1961;01; 375; 94; 58; 0; 146; 16; 111; 0; 11; 301; 0; 0; 184; 6; 0; 0; 0; 0; 0; 33; 68; 0; 689; 9; 164; 312; 16; 198; 91; 0; 24
1961;02; 0; 0; 42; 0; 34; 54; 16; 42; 0; 199; 203; 174; 196; 148; 5; 0; 229; 6; 0; 334; 54; 51; 1051; 180; 39; 0; 25; 133; 9999; 9999; 9999
1961;03; 510; 425; 0; 0; 6; 5; 0; 138; 127; 317; 0; 3; 96; 284; 0; 0; 61; 3; 4; 198; 247; 128; 131; 0; 0; 0; 197; 6; 4; 0; 0
1961;04; 0; 0; 0; 0; 18; 34; 24; 0; 0; 161; 3; 0; 0; 0; 0; 0; 0; 0; 64; 0; 6; 0; 4; 0; 132; 297; 343; 0; 0; 0; 9999
1961;05; 0; 0; 0; 216; 0; 0; 0; 0; 21; 17; 0; 22; 0; 0; 0; 0; 0; 0; 0; 0; 5; 0; 0; 0; 0; 0; 0; 0; 0; 0; 0
1961;06; 0; 0; 0; 0; 59; 0; 0; 0; 0; 0; 0; 4; 0; 0; 4; 24; 28; 0; 0; 0; 0; 12; 0; 0; 0; 0; 0; 0; 0; 0; 9999
1961;07; 0; 0; 0; 0; 0; 0; 0; 0; 13; 21; 0; 0; 0; 0; 0; 0; 0; 0; 0; 0; 0; 0; 0; 0; 0; 0; 0; 11; 23; 0; 0
1961;08; 0; 0; 0; 0; 0; 0; 0; 0; 0; 0; 0; 0; 0; 0; 0; 0; 0; 0; 0; 0; 0; 0; 0; 0; 37; 153; 0; 0; 0; 0; 0
1961;09; 0; 0; 0; 0; 0; 0; 89; 0; 0; 0; 0; 0; 0; 0; 0; 0; 0; 0; 0; 0; 0; 0; 0; 0; 0; 0; 0; 0; 0; 0; 9999
1961;10; 9999; 9999; 9999; 9999; 9999; 9999; 9999; 9999; 9999; 9999; 9999; 9999; 9999; 9999; 9999; 9999; 9999; 9999; 9999; 9999; 9999; 9999; 9999; 9999; 9999; 9999; 9999; 9999; 9999; 9999; 9999
1961;11; 0; 0; 0; 91; 2; 90; 158; 0; 0; 0; 0; 114; 34; 2; 11; 23; 0; 0; 0; 19; 0; 29; 2; 77; 13; 66; 7; 36; 42; 0; 9999
1961;12; 0; 47; 116; 691; 24; 59; 39; 179; 0; 161; 0; 0; 0; 0; 62; 19; 137; 215; 25; 520; 0; 23; 134; 25; 36; 76; 260; 63; 32; 124; 0
1962;01; 3; 0; 16; 138; 0; 0; 158; 386; 29; 15; 0; 26; 0; 0; 0; 563; 43; 359; 113; 374; 63; 141; 5; 26; 104; 430; 112; 18; 0; 653; 4
1962;02; 5; 19; 88; 98; 418; 545; 67; 4; 375; 142; 45; 473; 125; 0; 0; 37; 64; 23; 36; 24; 104; 193; 9; 68; 289; 0; 0; 6; 9999; 9999; 9999
1962;03; 0; 5; 583; 7; 98; 7; 21; 0; 0; 0; 252; 265; 202; 300; 201; 0; 0; 313; 0; 0; 381; 0; 0; 75; 14; 0; 0; 0; 0; 0; 0
1962;04; 0; 55; 0; 24; 12; 0; 0; 0; 0; 45; 5; 0; 0; 0; 0; 0; 0; 55; 0; 0; 68; 0; 0; 0; 0; 0; 19; 0; 0; 0; 9999
1962;05; 0; 185; 48; 80; 0; 0; 0; 0; 0; 0; 0; 0; 0; 0; 0; 0; 0; 0; 15; 0; 0; 0; 0; 0; 0; 0; 0; 0; 0; 17; 0
1962;06; 0; 0; 0; 67; 93; 8; 28; 0; 0; 6; 0; 0; 0; 0; 0; 0; 0; 0; 0; 0; 0; 0; 0; 0; 0; 0; 0; 0; 0; 0; 9999
1962;07; 0; 0; 0; 0; 0; 0; 0; 0; 0; 0; 0; 0; 0; 0; 0; 0; 0; 0; 0; 204; 0; 0; 0; 0; 12; 0; 0; 0; 0; 0; 0
1962;08; 14; 0; 0; 0; 0; 0; 0; 0; 0; 0; 0; 0; 41; 0; 0; 0; 0; 0; 0; 0; 0; 0; 476; 0; 0; 0; 0; 0; 0; 0; 0
1962;09; 0; 0; 13; 0; 0; 15; 293; 14; 68; 4; 0; 2; 9; 6; 0; 0; 0; 0; 0; 0; 0; 168; 22; 0; 0; 0; 0; 0; 0; 176; 9999
1962;10; 0; 15; 22; 0; 59; 0; 0; 0; 224; 32; 342; 45; 92; 0; 4; 0; 0; 24; 29; 53; 3; 19; 0; 0; 213; 15; 0; 0; 103; 492; 102
1962;11; 19; 0; 0; 0; 0; 260; 31; 83; 7; 36; 68; 15; 0; 0; 0; 0; 0; 214; 0; 135; 254; 38; 0; 0; 253; 0; 0; 0; 0; 0; 9999
1962;12; 0; 0; 0; 141; 0; 185; 35; 32; 0; 25; 0; 65; 688; 269; 35; 28; 18; 93; 443; 257; 5; 0; 0; 233; 0; 0; 53; 132; 408; 72; 128
1963;01; 107; 7; 16; 0; 0; 0; 0; 0; 0; 6; 102; 37; 106; 0; 0; 388; 0; 234; 38; 0; 25; 0; 0; 35; 0; 0; 0; 0; 0; 0; 0
1963;02; 0; 27; 67; 209; 45; 531; 386; 50; 28; 0; 11; 0; 64; 52; 0; 57; 9; 0; 0; 112; 103; 36; 28; 22; 75; 166; 0; 0; 9999; 9999; 9999
1963;03; 0; 0; 75; 19; 39; 39; 0; 0; 0; 0; 114; 0; 0; 0; 0; 0; 0; 0; 0; 0; 0; 0; 7; 314; 181; 2; 0; 0; 147; 75; 0
1963;04; 0; 0; 0; 0; 0; 0; 0; 5; 10; 0; 0; 0; 0; 0; 0; 0; 0; 0; 0; 0; 0; 0; 0; 0; 0; 0; 0; 0; 0; 0; 9999
1963;05; 0; 0; 0; 0; 9; 0; 0; 0; 0; 0; 0; 0; 0; 0; 0; 0; 19; 144; 0; 0; 0; 0; 0; 0; 0; 0; 0; 0; 0; 0; 0
1963;06; 0; 0; 0; 0; 0; 0; 0; 0; 0; 0; 0; 0; 0; 0; 0; 0; 0; 0; 0; 0; 0; 0; 0; 0; 0; 0; 0; 0; 0; 0; 9999
1963;07; 0; 0; 0; 0; 18; 0; 0; 0; 0; 0; 0; 0; 0; 0; 0; 0; 0; 0; 0; 0; 0; 0; 0; 9; 0; 0; 0; 0; 0; 0; 0
1963;08; 0; 0; 0; 0; 0; 0; 0; 0; 0; 0; 0; 0; 0; 0; 0; 0; 34; 107; 0; 0; 0; 0; 0; 0; 0; 0; 0; 0; 0; 0; 0
1963;09; 0; 0; 0; 0; 0; 0; 0; 0; 0; 0; 0; 0; 0; 0; 0; 0; 0; 0; 0; 0; 0; 0; 0; 0; 0; 0; 0; 0; 0; 0; 9999
1963;10; 29; 7; 0; 0; 146; 3; 17; 0; 0; 0; 0; 0; 0; 0; 8; 18; 0; 158; 1; 0; 18; 354; 28; 8; 0; 0; 12; 212; 0; 0; 0
1963;11; 39; 126; 0; 0; 0; 0; 180; 59; 107; 38; 204; 0; 0; 92; 33; 266; 0; 15; 0; 35; 167; 12; 0; 248; 0; 0; 133; 61; 0; 0; 9999
1963;12; 0; 0; 22; 0; 0; 0; 0; 0; 0; 0; 74; 0; 0; 0; 0; 0; 0; 0; 0; 451; 162; 0; 0; 0; 0; 0; 5; 6; 0; 95; 274
1964;01; 0; 79; 123; 173; 0; 0; 56; 28; 135; 113; 6; 0; 0; 0; 0; 0; 0; 32; 2; 66; 0; 0; 93; 1012; 309; 227; 61; 0; 183; 0; 0
1964;02; 0; 199; 11; 62; 19; 0; 0; 0; 0; 10; 69; 34; 51; 239; 217; 42; 5; 106; 217; 262; 462; 14; 73; 14; 0; 10; 186; 59; 210; 9999; 9999
1964;03; 266; 26; 0; 0; 0; 0; 0; 0; 19; 0; 0; 0; 0; 0; 194; 93; 3; 0; 0; 0; 71; 0; 0; 0; 0; 0; 0; 0; 94; 56; 29
1964;04; 168; 194; 2; 162; 0; 0; 0; 0; 0; 0; 0; 0; 0; 0; 0; 0; 0; 0; 0; 0; 0; 0; 0; 0; 0; 43; 64; 17; 84; 3; 9999
1964;05; 195; 0; 0; 0; 0; 173; 0; 0; 0; 0; 0; 0; 0; 15; 0; 0; 0; 0; 0; 0; 0; 0; 0; 0; 0; 0; 0; 0; 79; 14; 0
1964;06; 2; 41; 113; 143; 14; 9; 0; 0; 0; 0; 0; 0; 0; 0; 0; 0; 19; 6; 0; 15; 0; 1; 0; 0; 0; 0; 0; 24; 0; 0; 9999
1964;07; 0; 0; 0; 0; 0; 0; 0; 0; 0; 0; 0; 23; 2; 5; 24; 29; 2; 0; 0; 70; 0; 0; 0; 0; 0; 26; 18; 14; 23; 113; 0
1964;08; 0; 0; 0; 59; 0; 0; 0; 0; 0; 17; 0; 0; 26; 0; 0; 0; 0; 0; 0; 103; 69; 0; 4; 0; 0; 0; 0; 0; 0; 0; 0
1964;09; 0; 0; 181; 0; 0; 0; 0; 0; 0; 0; 0; 6; 7; 0; 0; 0; 0; 0; 0; 0; 0; 0; 0; 0; 62; 11; 34; 7; 6; 0; 9999
1964;10; 224; 11; 204; 78; 14; 48; 123; 91; 0; 0; 27; 58; 84; 11; 0; 0; 0; 68; 0; 56; 158; 17; 0; 0; 12; 0; 108; 0; 0; 54; 45
1964;11; 69; 61; 92; 0; 0; 146; 0; 0; 0; 46; 38; 0; 0; 0; 0; 74; 62; 7; 0; 8; 289; 267; 8; 15; 0; 0; 0; 0; 0; 0; 9999
1964;12; 78; 93; 7; 424; 19; 0; 0; 0; 17; 0; 0; 0; 32; 312; 105; 0; 47; 118; 188; 0; 0; 39; 77; 46; 27; 2; 113; 417; 41; 271; 0
1965;01; 14; 153; 35; 295; 489; 18; 0; 0; 336; 117; 107; 0; 0; 12; 14; 4; 43; 54; 19; 614; 89; 0; 82; 53; 81; 158; 53; 378; 55; 32; 0
1965;02; 38; 135; 0; 0; 59; 12; 0; 35; 59; 316; 423; 0; 190; 24; 147; 46; 146; 287; 2; 0; 17; 172; 111; 550; 88; 59; 81; 18; 9999; 9999; 9999
1965;03; 2; 0; 51; 45; 63; 0; 112; 0; 12; 172; 164; 0; 1; 0; 0; 0; 65; 34; 4; 126; 0; 0; 19; 0; 0; 24; 11; 0; 0; 0; 0
1965;04; 0; 0; 0; 0; 0; 0; 0; 7; 0; 94; 99; 0; 0; 0; 8; 0; 0; 0; 0; 81; 85; 185; 0; 0; 0; 0; 0; 5; 207; 78; 9999
1965;05; 98; 0; 0; 0; 0; 0; 0; 0; 0; 0; 225; 47; 9; 7; 6; 9; 48; 155; 166; 3; 0; 0; 0; 0; 0; 0; 0; 0; 0; 0; 0
1965;06; 0; 0; 31; 49; 0; 0; 0; 0; 0; 113; 0; 0; 0; 8; 0; 26; 14; 94; 0; 0; 0; 0; 0; 3; 79; 3; 0; 0; 0; 0; 9999
1965;07; 0; 0; 0; 0; 75; 86; 93; 2; 0; 141; 2; 0; 0; 0; 0; 58; 0; 0; 0; 0; 0; 0; 0; 0; 0; 0; 0; 0; 0; 0; 0
1965;08; 85; 0; 0; 0; 63; 0; 0; 0; 0; 0; 0; 0; 0; 10; 0; 0; 0; 0; 0; 260; 0; 0; 0; 0; 0; 0; 0; 0; 0; 0; 0
1965;09; 0; 0; 0; 0; 0; 0; 0; 0; 0; 0; 0; 0; 17; 0; 0; 0; 0; 0; 0; 0; 0; 29; 0; 0; 0; 28; 411; 61; 0; 0; 9999
1965;10; 211; 381; 9; 0; 0; 0; 0; 0; 15; 71; 32; 57; 0; 0; 151; 0; 0; 0; 24; 120; 39; 0; 3; 180; 170; 315; 49; 0; 173; 92; 101
1965;11; 49; 0; 0; 0; 0; 0; 9; 0; 0; 104; 0; 38; 7; 110; 95; 475; 125; 0; 0; 0; 0; 0; 0; 0; 0; 331; 340; 31; 531; 158; 9999
1965;12; 37; 103; 167; 81; 89; 9; 94; 113; 55; 1122; 48; 106; 113; 56; 61; 142; 0; 0; 6; 0; 0; 24; 19; 0; 26; 0; 0; 127; 188; 58; 121
1966;01; 9999; 9999; 9999; 9999; 9999; 9999; 9999; 9999; 9999; 9999; 9999; 9999; 9999; 9999; 9999; 9999; 9999; 9999; 9999; 9999; 9999; 9999; 9999; 9999; 9999; 9999; 9999; 9999; 9999; 9999; 9999
1966;02; 242; 107; 392; 0; 0; 0; 14; 0; 0; 0; 41; 51; 0; 6; 0; 0; 16; 0; 0; 15; 19; 499; 282; 295; 4; 388; 0; 0; 9999; 9999; 9999
1966;03; 0; 0; 9; 157; 52; 7; 1009; 183; 587; 184; 0; 19; 64; 96; 0; 0; 0; 0; 0; 0; 291; 2; 0; 0; 0; 0; 196; 8; 67; 69; 0
1966;04; 10; 126; 6; 3; 188; 5; 12; 47; 49; 173; 76; 31; 0; 0; 0; 0; 0; 0; 0; 0; 0; 0; 0; 0; 0; 0; 0; 0; 0; 0; 9999
1966;05; 0; 0; 0; 0; 284; 7; 19; 0; 16; 0; 79; 0; 0; 3; 0; 0; 0; 0; 0; 0; 0; 6; 26; 0; 0; 0; 0; 0; 0; 0; 0
1966;06; 0; 0; 0; 0; 5; 0; 0; 0; 0; 0; 0; 0; 0; 0; 0; 0; 0; 0; 0; 0; 0; 0; 0; 0; 0; 0; 0; 0; 0; 0; 9999
1966;07; 27; 0; 0; 0; 0; 0; 0; 0; 0; 0; 0; 0; 0; 0; 0; 0; 0; 0; 0; 0; 0; 0; 0; 35; 39; 0; 0; 0; 0; 0; 46
1966;08; 188; 0; 0; 0; 0; 0; 0; 0; 0; 0; 0; 0; 0; 0; 0; 9; 8; 0; 0; 0; 0; 0; 0; 0; 297; 335; 0; 0; 0; 0; 0
1966;09; 0; 66; 21; 60; 16; 5; 0; 0; 0; 0; 0; 0; 0; 0; 0; 0; 41; 0; 0; 0; 56; 0; 0; 0; 0; 0; 0; 0; 113; 0; 9999
1966;10; 0; 0; 0; 0; 0; 0; 29; 589; 358; 0; 0; 0; 29; 0; 0; 0; 2; 0; 502; 0; 0; 0; 290; 0; 0; 0; 57; 122; 89; 162; 9
1966;11; 24; 257; 21; 25; 0; 57; 0; 23; 0; 36; 161; 18; 272; 23; 59; 272; 83; 25; 14; 6; 0; 158; 2; 6; 0; 0; 0; 0; 6; 268; 9999
1966;12; 0; 168; 167; 6; 0; 102; 0; 129; 0; 0; 0; 2; 0; 0; 0; 67; 0; 210; 0; 121; 130; 723; 960; 625; 16; 28; 106; 230; 67; 15; 11
1967;01; 0; 209; 36; 22; 191; 341; 332; 265; 46; 86; 184; 388; 455; 12; 8; 86; 108; 157; 15; 642; 63; 0; 5; 520; 25; 0; 77; 0; 175; 48; 147
1967;02; 33; 98; 151; 92; 401; 15; 192; 18; 136; 33; 301; 44; 0; 0; 78; 0; 0; 137; 448; 166; 188; 0; 0; 0; 0; 9; 0; 0; 9999; 9999; 9999
1967;03; 392; 0; 343; 58; 0; 292; 341; 217; 115; 118; 12; 4; 0; 8; 183; 174; 38; 14; 287; 229; 0; 0; 212; 148; 34; 95; 8; 0; 59; 8; 145
1967;04; 0; 2; 0; 0; 0; 0; 0; 0; 0; 0; 12; 0; 0; 0; 0; 148; 29; 0; 0; 0; 0; 135; 0; 0; 0; 3; 19; 0; 7; 0; 9999
1967;05; 0; 0; 0; 0; 0; 0; 0; 0; 0; 0; 0; 0; 0; 0; 0; 0; 0; 0; 0; 0; 0; 9; 0; 0; 0; 0; 0; 0; 0; 0; 0
1967;06; 0; 0; 0; 0; 0; 0; 135; 15; 0; 0; 62; 124; 81; 9; 0; 0; 0; 0; 0; 0; 0; 0; 0; 0; 0; 42; 0; 0; 0; 0; 9999
1967;07; 0; 0; 0; 0; 0; 0; 0; 0; 0; 0; 0; 43; 0; 0; 28; 0; 16; 2; 0; 0; 0; 0; 31; 0; 0; 0; 0; 0; 0; 0; 0
1967;08; 0; 0; 0; 0; 0; 0; 3; 0; 0; 0; 0; 0; 0; 0; 0; 9; 0; 0; 0; 0; 0; 0; 0; 0; 0; 0; 0; 0; 0; 0; 0
1967;09; 0; 0; 0; 0; 0; 0; 0; 37; 125; 3; 0; 76; 135; 122; 9; 0; 0; 0; 0; 0; 37; 58; 32; 12; 0; 0; 0; 0; 0; 0; 9999
1967;10; 571; 0; 0; 12; 0; 0; 0; 0; 0; 0; 0; 5; 34; 61; 0; 0; 34; 0; 0; 0; 64; 85; 162; 609; 234; 140; 255; 42; 798; 3; 0
1967;11; 0; 0; 68; 0; 0; 0; 0; 63; 0; 0; 97; 0; 107; 38; 0; 48; 573; 8; 206; 0; 0; 24; 5; 175; 38; 0; 252; 101; 56; 0; 9999
1967;12; 0; 0; 0; 9; 583; 48; 0; 178; 381; 92; 36; 19; 0; 11; 13; 0; 428; 99; 32; 17; 537; 468; 195; 44; 21; 13; 46; 113; 181; 27; 0
1968;01; 0; 0; 93; 75; 28; 8; 18; 34; 0; 0; 17; 83; 57; 37; 58; 41; 3; 66; 204; 74; 94; 204; 706; 196; 65; 0; 0; 0; 0; 0; 0
1968;02; 148; 47; 0; 0; 0; 0; 14; 0; 0; 0; 0; 0; 0; 67; 43; 352; 85; 0; 0; 0; 9; 75; 235; 266; 87; 24; 0; 130; 41; 9999; 9999
1968;03; 0; 0; 18; 45; 246; 0; 0; 38; 64; 59; 25; 46; 3; 71; 58; 6; 174; 2; 0; 0; 0; 0; 9; 0; 0; 0; 0; 0; 39; 3; 0
1968;04; 34; 3; 2; 31; 6; 160; 0; 0; 0; 0; 0; 0; 0; 0; 0; 0; 0; 0; 0; 27; 14; 5; 0; 0; 0; 0; 0; 0; 0; 0; 9999
1968;05; 0; 0; 0; 0; 0; 0; 0; 0; 0; 0; 0; 0; 0; 0; 0; 188; 0; 0; 0; 0; 0; 0; 8; 0; 0; 0; 0; 0; 0; 0; 0
1968;06; 0; 0; 0; 0; 0; 0; 0; 0; 0; 0; 0; 0; 0; 0; 0; 0; 0; 0; 0; 0; 0; 0; 0; 0; 0; 0; 0; 0; 0; 0; 9999
1968;07; 0; 0; 0; 0; 0; 0; 0; 0; 0; 0; 43; 0; 0; 0; 0; 0; 0; 0; 0; 0; 0; 28; 0; 0; 0; 0; 2; 0; 0; 0; 0
1968;08; 0; 0; 0; 0; 12; 89; 0; 0; 187; 0; 0; 0; 0; 0; 0; 0; 0; 0; 0; 0; 0; 0; 6; 19; 0; 0; 0; 0; 0; 0; 0
1968;09; 0; 0; 0; 13; 19; 0; 0; 0; 0; 0; 0; 0; 0; 0; 0; 0; 0; 0; 0; 0; 56; 0; 0; 0; 0; 0; 0; 0; 0; 0; 9999
1968;10; 64; 13; 0; 0; 0; 0; 0; 0; 0; 34; 52; 0; 0; 37; 0; 0; 18; 89; 33; 0; 0; 69; 35; 34; 27; 0; 0; 65; 0; 0; 140
1968;11; 0; 79; 0; 123; 0; 0; 0; 0; 0; 0; 0; 0; 0; 0; 0; 0; 0; 186; 35; 0; 0; 0; 0; 0; 0; 0; 0; 67; 123; 126; 9999
1968;12; 233; 946; 171; 41; 71; 6; 0; 0; 135; 0; 0; 0; 0; 0; 0; 0; 187; 61; 0; 0; 0; 0; 0; 0; 0; 138; 225; 363; 227; 487; 0
1969;01; 0; 0; 205; 14; 0; 73; 323; 0; 136; 0; 65; 38; 24; 0; 276; 41; 180; 13; 59; 0; 8; 98; 29; 263; 289; 61; 211; 255; 68; 0; 0
1969;02; 13; 9; 251; 195; 443; 0; 0; 0; 0; 0; 0; 0; 625; 0; 0; 0; 42; 0; 0; 329; 81; 0; 55; 329; 58; 7; 0; 0; 9999; 9999; 9999
1969;03; 155; 4; 18; 0; 75; 275; 0; 0; 17; 98; 0; 0; 53; 5; 8; 0; 0; 0; 0; 0; 0; 0; 0; 29; 0; 12; 0; 118; 59; 6; 29
1969;04; 0; 229; 99; 227; 0; 0; 200; 0; 83; 0; 0; 0; 7; 0; 0; 0; 0; 0; 0; 0; 0; 0; 9; 6; 0; 0; 0; 0; 16; 0; 9999
1969;05; 0; 0; 0; 13; 0; 0; 0; 0; 0; 0; 0; 0; 0; 0; 3; 0; 0; 0; 0; 0; 0; 0; 0; 0; 0; 8; 0; 21; 8; 138; 78
1969;06; 100; 174; 0; 0; 0; 0; 0; 0; 0; 0; 0; 0; 0; 0; 0; 0; 0; 0; 0; 0; 41; 444; 0; 0; 142; 3; 0; 0; 0; 0; 9999
1969;07; 0; 0; 0; 0; 0; 0; 0; 0; 0; 7; 0; 0; 23; 0; 0; 0; 0; 0; 0; 0; 0; 0; 0; 3; 0; 0; 0; 0; 0; 0; 0
1969;08; 0; 0; 399; 0; 0; 0; 85; 0; 0; 0; 0; 0; 0; 0; 0; 245; 0; 0; 0; 0; 19; 28; 0; 0; 0; 0; 0; 0; 13; 0; 0
1969;09; 0; 0; 0; 0; 0; 0; 0; 0; 0; 0; 0; 0; 0; 0; 38; 22; 0; 0; 0; 0; 93; 0; 0; 0; 0; 0; 8; 0; 0; 0; 9999
1969;10; 127; 17; 6; 144; 55; 39; 97; 18; 0; 5; 0; 0; 0; 0; 0; 0; 0; 27; 0; 465; 35; 0; 209; 31; 14; 0; 0; 0; 66; 0; 166
1969;11; 544; 86; 121; 157; 0; 0; 25; 12; 382; 490; 217; 64; 95; 155; 25; 35; 128; 24; 177; 185; 280; 18; 343; 0; 0; 0; 0; 0; 45; 68; 9999
1969;12; 23; 182; 4; 0; 0; 0; 213; 63; 177; 52; 0; 0; 109; 108; 17; 3; 0; 0; 0; 0; 0; 12; 0; 24; 478; 34; 0; 0; 0; 0; 0
1970;01; 91; 0; 161; 44; 0; 0; 262; 0; 125; 977; 0; 0; 0; 0; 0; 127; 453; 0; 118; 109; 0; 115; 0; 24; 0; 0; 5; 193; 0; 0; 55
1970;02; 0; 98; 29; 0; 0; 251; 0; 0; 0; 0; 197; 560; 15; 36; 313; 188; 0; 15; 190; 185; 157; 47; 16; 21; 17; 0; 0; 0; 9999; 9999; 9999
1970;03; 0; 0; 0; 0; 0; 0; 0; 0; 4; 89; 0; 69; 42; 212; 89; 0; 12; 78; 138; 334; 0; 94; 0; 0; 0; 0; 27; 0; 0; 0; 0
1970;04; 94; 25; 0; 807; 16; 9; 59; 9; 0; 0; 0; 16; 0; 0; 0; 0; 0; 0; 0; 0; 0; 0; 0; 0; 0; 0; 0; 0; 0; 320; 9999
1970;05; 0; 0; 0; 0; 0; 0; 0; 37; 28; 7; 0; 0; 0; 0; 0; 0; 0; 0; 0; 0; 75; 4; 0; 0; 0; 0; 0; 0; 0; 0; 0
1970;06; 0; 0; 0; 0; 0; 0; 0; 0; 0; 34; 0; 0; 0; 0; 0; 64; 0; 0; 0; 0; 0; 0; 0; 278; 8; 0; 12; 0; 0; 0; 9999
1970;07; 0; 0; 16; 0; 0; 0; 0; 0; 32; 29; 37; 0; 9; 24; 0; 0; 0; 0; 0; 0; 146; 27; 59; 14; 0; 53; 29; 0; 0; 0; 0
1970;08; 0; 0; 0; 0; 0; 0; 0; 0; 25; 0; 0; 0; 0; 0; 0; 0; 0; 0; 0; 0; 0; 0; 0; 0; 0; 182; 261; 264; 57; 232; 256
1970;09; 0; 0; 0; 5; 0; 0; 89; 0; 0; 7; 180; 0; 0; 144; 35; 126; 4; 0; 0; 0; 0; 0; 312; 0; 0; 13; 0; 0; 103; 0; 9999
1970;10; 0; 0; 0; 290; 154; 0; 0; 0; 92; 0; 0; 0; 29; 0; 0; 0; 0; 0; 72; 63; 0; 8; 120; 0; 39; 64; 141; 0; 7; 0; 0
1970;11; 0; 0; 58; 86; 0; 9; 0; 666; 227; 25; 0; 0; 56; 142; 42; 0; 0; 0; 0; 64; 0; 0; 178; 0; 0; 0; 0; 0; 84; 232; 9999
1970;12; 62; 205; 42; 0; 0; 0; 0; 0; 0; 28; 37; 0; 27; 168; 4; 34; 146; 0; 184; 333; 116; 17; 0; 0; 0; 4; 354; 0; 0; 69; 188
1971;01; 2; 98; 94; 123; 0; 0; 0; 0; 0; 0; 19; 79; 23; 0; 382; 62; 0; 17; 34; 0; 0; 0; 0; 0; 0; 0; 0; 0; 0; 346; 0
1971;02; 676; 0; 0; 0; 0; 79; 0; 0; 23; 113; 71; 67; 0; 0; 0; 72; 0; 0; 0; 38; 144; 34; 43; 0; 201; 513; 8; 0; 9999; 9999; 9999
1971;03; 0; 0; 0; 0; 0; 144; 409; 355; 127; 181; 434; 43; 73; 0; 0; 0; 0; 0; 0; 0; 4; 2; 82; 39; 2; 166; 25; 29; 79; 0; 0
1971;04; 0; 0; 0; 0; 0; 0; 0; 0; 0; 121; 140; 0; 45; 105; 0; 0; 42; 0; 32; 0; 0; 123; 0; 8; 95; 0; 0; 0; 0; 0; 9999
1971;05; 0; 0; 111; 3; 0; 34; 0; 0; 68; 0; 0; 0; 0; 0; 0; 0; 0; 0; 0; 0; 0; 0; 0; 0; 0; 0; 17; 73; 12; 0; 0
1971;06; 0; 0; 0; 0; 0; 0; 0; 0; 0; 0; 0; 198; 0; 63; 47; 55; 58; 177; 195; 0; 13; 0; 0; 0; 0; 0; 0; 0; 0; 0; 9999
1971;07; 0; 0; 221; 0; 0; 0; 0; 0; 0; 0; 0; 0; 0; 0; 0; 0; 0; 0; 0; 0; 0; 0; 0; 0; 0; 0; 0; 0; 0; 0; 0
1971;08; 0; 0; 0; 0; 0; 0; 0; 0; 0; 0; 0; 0; 0; 0; 0; 0; 0; 0; 0; 0; 0; 0; 0; 0; 0; 65; 186; 32; 0; 3; 2
1971;09; 0; 0; 0; 0; 0; 0; 0; 13; 285; 2; 0; 112; 24; 0; 0; 0; 0; 0; 0; 0; 0; 0; 0; 249; 13; 152; 24; 2; 152; 68; 9999
1971;10; 44; 0; 34; 0; 123; 0; 0; 247; 0; 0; 640; 227; 45; 27; 0; 0; 0; 74; 0; 0; 0; 0; 0; 0; 0; 596; 0; 0; 168; 22; 0
1971;11; 0; 556; 121; 0; 0; 0; 25; 0; 0; 37; 197; 0; 439; 112; 0; 0; 0; 0; 56; 0; 3; 0; 33; 64; 124; 76; 164; 8; 0; 3; 9999
1971;12; 29; 89; 85; 74; 14; 18; 0; 6; 68; 112; 0; 0; 0; 24; 856; 9; 0; 0; 29; 283; 512; 3; 27; 408; 122; 9; 97; 9; 7; 59; 0
1972;01; 0; 0; 7; 42; 0; 5; 4; 177; 0; 15; 4; 73; 101; 0; 0; 0; 0; 0; 0; 58; 197; 102; 113; 133; 108; 101; 83; 0; 0; 35; 478
1972;02; 58; 0; 39; 162; 11; 0; 0; 157; 0; 139; 82; 32; 172; 0; 271; 232; 74; 0; 0; 274; 289; 14; 225; 74; 97; 0; 26; 163; 0; 9999; 9999
1972;03; 0; 0; 158; 14; 0; 14; 0; 0; 0; 39; 68; 128; 445; 0; 0; 0; 16; 49; 47; 0; 0; 0; 3; 103; 333; 0; 29; 0; 0; 0; 0
1972;04; 133; 0; 0; 112; 71; 0; 0; 0; 572; 0; 0; 0; 0; 0; 0; 99; 12; 0; 0; 0; 0; 0; 0; 0; 0; 0; 0; 0; 0; 0; 9999
1972;05; 0; 0; 0; 0; 0; 0; 0; 0; 0; 0; 0; 0; 0; 0; 0; 0; 0; 0; 0; 0; 0; 0; 0; 0; 135; 0; 0; 0; 0; 0; 0
1972;06; 0; 0; 0; 0; 0; 0; 0; 0; 0; 0; 0; 0; 0; 9; 0; 0; 0; 0; 24; 0; 0; 0; 0; 0; 0; 0; 0; 0; 0; 0; 9999
1972;07; 0; 0; 0; 0; 0; 0; 0; 0; 0; 28; 9; 42; 264; 0; 0; 0; 0; 0; 0; 0; 0; 0; 0; 0; 0; 0; 63; 0; 0; 0; 0
1972;08; 0; 0; 0; 71; 106; 126; 194; 0; 29; 0; 0; 0; 0; 39; 0; 0; 0; 0; 0; 0; 0; 0; 0; 148; 0; 0; 0; 0; 0; 0; 0
1972;09; 32; 0; 0; 0; 49; 119; 0; 0; 0; 0; 0; 0; 0; 0; 115; 0; 0; 0; 0; 0; 0; 0; 0; 23; 127; 0; 0; 52; 92; 21; 9999
1972;10; 0; 0; 0; 99; 89; 99; 178; 8; 29; 160; 625; 4; 0; 0; 86; 20; 23; 0; 0; 0; 0; 0; 0; 0; 0; 0; 0; 49; 176; 0; 0
1972;11; 7; 19; 292; 134; 29; 0; 0; 0; 22; 0; 49; 54; 125; 67; 158; 4; 0; 25; 43; 46; 15; 36; 0; 14; 3; 76; 36; 0; 0; 0; 9999
1972;12; 28; 0; 95; 103; 140; 187; 0; 0; 0; 0; 17; 55; 13; 0; 0; 0; 0; 0; 18; 211; 0; 0; 236; 183; 46; 38; 143; 34; 82; 0; 29
1973;01; 233; 42; 55; 3; 0; 0; 137; 0; 0; 86; 98; 108; 41; 0; 0; 258; 364; 9; 532; 0; 59; 118; 34; 38; 0; 241; 0; 0; 4; 42; 164
1973;02; 45; 33; 190; 0; 0; 45; 125; 0; 0; 0; 0; 0; 0; 62; 0; 168; 120; 221; 0; 45; 0; 127; 0; 0; 4; 0; 0; 0; 9999; 9999; 9999
1973;03; 38; 0; 0; 0; 114; 0; 0; 0; 87; 28; 32; 46; 39; 0; 0; 0; 0; 0; 0; 0; 517; 255; 165; 508; 13; 7; 0; 0; 11; 0; 238
1973;04; 99; 133; 0; 6; 0; 15; 0; 0; 0; 0; 40; 183; 135; 0; 0; 0; 0; 0; 0; 34; 135; 0; 0; 0; 0; 0; 0; 0; 0; 0; 9999
1973;05; 0; 0; 0; 5; 41; 47; 0; 49; 0; 23; 0; 190; 0; 0; 0; 0; 0; 0; 0; 0; 0; 122; 0; 0; 0; 0; 0; 0; 0; 0; 0
1973;06; 0; 0; 0; 0; 0; 0; 0; 0; 0; 0; 0; 0; 0; 0; 0; 0; 0; 0; 0; 0; 0; 0; 0; 0; 0; 0; 0; 0; 0; 0; 9999
1973;07; 0; 0; 282; 0; 0; 0; 0; 0; 0; 0; 0; 0; 0; 0; 0; 0; 0; 0; 0; 59; 0; 34; 0; 0; 0; 0; 0; 120; 0; 0; 0
1973;08; 0; 0; 0; 0; 0; 79; 0; 0; 0; 0; 0; 0; 0; 0; 0; 5; 0; 0; 0; 0; 0; 0; 0; 0; 0; 0; 0; 0; 0; 0; 0
1973;09; 0; 238; 134; 0; 0; 0; 12; 0; 0; 0; 0; 0; 0; 0; 10; 0; 0; 0; 0; 0; 11; 89; 29; 0; 22; 0; 15; 24; 0; 23; 9999
1973;10; 0; 5; 8; 0; 0; 0; 27; 0; 351; 8; 217; 14; 48; 67; 2; 0; 0; 0; 136; 0; 0; 0; 0; 20; 403; 34; 120; 234; 0; 0; 185
1973;11; 81; 2; 225; 19; 0; 105; 0; 0; 0; 0; 0; 7; 60; 17; 5; 0; 0; 14; 17; 8; 0; 0; 25; 0; 85; 40; 0; 12; 0; 0; 9999
1973;12; 0; 0; 0; 252; 26; 126; 231; 76; 26; 6; 0; 4; 0; 0; 0; 0; 216; 696; 150; 50; 36; 524; 0; 47; 26; 33; 61; 0; 0; 8; 318
1974;01; 214; 18; 76; 0; 0; 0; 0; 28; 0; 0; 127; 136; 111; 196; 44; 462; 0; 237; 35; 0; 0; 0; 0; 0; 0; 40; 49; 55; 184; 26; 69
1974;02; 3; 144; 87; 0; 0; 0; 0; 0; 35; 0; 166; 4; 54; 0; 5; 8; 125; 243; 308; 46; 0; 0; 66; 22; 412; 3; 0; 0; 9999; 9999; 9999
1974;03; 0; 0; 0; 12; 0; 280; 138; 0; 35; 43; 405; 146; 2; 0; 19; 3; 0; 4; 364; 369; 649; 632; 20; 72; 412; 25; 5; 0; 0; 0; 0
1974;04; 0; 6; 82; 5; 149; 146; 0; 0; 0; 0; 38; 122; 5; 147; 0; 0; 15; 5; 0; 0; 21; 0; 50; 0; 16; 80; 4; 0; 0; 0; 9999
1974;05; 14; 0; 0; 0; 0; 0; 0; 0; 0; 0; 0; 0; 14; 0; 0; 0; 0; 0; 0; 100; 0; 0; 0; 0; 0; 0; 0; 67; 0; 0; 0
1974;06; 0; 0; 0; 7; 0; 0; 0; 0; 0; 0; 5; 339; 71; 6; 0; 0; 0; 0; 0; 0; 0; 75; 43; 0; 125; 8; 178; 0; 0; 0; 9999
1974;07; 0; 0; 0; 0; 0; 0; 0; 0; 0; 0; 0; 0; 0; 0; 0; 0; 0; 0; 0; 0; 0; 0; 0; 0; 0; 0; 0; 0; 0; 0; 0
1974;08; 0; 0; 0; 0; 0; 0; 0; 0; 8; 4; 0; 0; 0; 0; 9; 8; 0; 0; 0; 0; 4; 0; 0; 0; 0; 0; 0; 0; 0; 0; 0
1974;09; 0; 72; 16; 0; 0; 0; 25; 0; 0; 0; 0; 0; 0; 0; 0; 0; 0; 0; 0; 31; 40; 0; 0; 0; 0; 0; 0; 0; 32; 53; 9999
1974;10; 0; 32; 0; 0; 48; 0; 0; 0; 0; 4; 0; 0; 0; 0; 0; 0; 16; 0; 32; 99; 3; 37; 0; 0; 141; 67; 68; 124; 96; 244; 5
1974;11; 0; 0; 0; 0; 0; 0; 61; 0; 0; 139; 0; 0; 0; 129; 0; 0; 0; 0; 0; 0; 323; 18; 58; 0; 0; 0; 0; 75; 59; 6; 9999
1974;12; 199; 2; 3; 154; 51; 199; 3; 0; 0; 14; 22; 2; 0; 73; 169; 41; 51; 121; 520; 37; 0; 120; 25; 320; 159; 45; 7; 0; 17; 210; 54
1975;01; 32; 262; 116; 0; 0; 0; 122; 30; 16; 47; 3; 51; 330; 71; 18; 3; 60; 0; 24; 82; 90; 0; 56; 238; 8; 21; 0; 95; 99; 30; 0
1975;02; 132; 72; 161; 62; 162; 76; 16; 20; 223; 20; 0; 0; 0; 0; 0; 0; 0; 0; 65; 472; 3; 315; 112; 276; 0; 229; 52; 242; 9999; 9999; 9999
1975;03; 125; 30; 56; 0; 0; 0; 0; 0; 36; 8; 59; 0; 0; 0; 0; 0; 0; 0; 0; 0; 0; 529; 65; 0; 337; 186; 16; 3; 0; 0; 376
1975;04; 223; 25; 46; 8; 94; 0; 0; 0; 0; 0; 9; 3; 0; 0; 0; 116; 0; 0; 0; 0; 0; 0; 0; 0; 0; 0; 0; 0; 0; 0; 9999
1975;05; 0; 0; 28; 328; 4; 146; 67; 3; 0; 0; 0; 0; 0; 0; 0; 0; 0; 94; 0; 0; 0; 0; 0; 0; 0; 3; 0; 0; 0; 0; 0
1975;06; 0; 0; 0; 0; 28; 0; 0; 0; 0; 0; 0; 0; 0; 0; 17; 0; 0; 0; 0; 0; 0; 0; 0; 0; 0; 0; 0; 42; 31; 3; 9999
1975;07; 0; 0; 0; 116; 0; 8; 0; 0; 0; 0; 0; 0; 0; 0; 0; 0; 0; 58; 0; 0; 0; 0; 0; 0; 0; 0; 0; 0; 0; 0; 0
1975;08; 0; 0; 0; 0; 0; 0; 0; 0; 0; 0; 0; 0; 0; 0; 0; 0; 0; 0; 0; 0; 0; 0; 0; 0; 0; 0; 0; 0; 0; 0; 0
1975;09; 0; 0; 0; 0; 0; 0; 0; 0; 0; 0; 0; 0; 0; 0; 0; 3; 0; 0; 0; 0; 0; 0; 0; 25; 20; 0; 4; 98; 0; 0; 9999
1975;10; 104; 0; 81; 191; 0; 213; 0; 1; 0; 0; 0; 309; 44; 0; 49; 0; 0; 40; 169; 0; 0; 0; 0; 0; 0; 0; 0; 0; 0; 0; 143
1975;11; 166; 157; 83; 17; 6; 0; 54; 0; 0; 15; 0; 87; 0; 0; 36; 0; 0; 208; 107; 31; 300; 90; 0; 60; 130; 1270; 338; 39; 0; 26; 9999
1975;12; 52; 60; 0; 0; 0; 79; 208; 0; 107; 9; 112; 73; 290; 330; 130; 0; 2; 28; 112; 2; 25; 0; 124; 21; 552; 415; 210; 5; 18; 0; 63
1976;01; 2; 0; 30; 205; 106; 160; 46; 45; 41; 85; 129; 221; 5; 122; 261; 0; 5; 0; 0; 3; 8; 5; 271; 0; 78; 0; 13; 14; 53; 3; 317
1976;02; 60; 8; 74; 122; 2; 232; 148; 393; 634; 17; 0; 0; 0; 0; 0; 2; 52; 9; 163; 150; 3; 117; 349; 105; 0; 212; 84; 102; 164; 9999; 9999
1976;03; 74; 86; 30; 6; 0; 0; 0; 0; 0; 0; 0; 0; 118; 10; 4; 3; 0; 102; 104; 409; 117; 38; 29; 0; 25; 382; 64; 132; 2; 0; 0
1976;04; 0; 40; 0; 373; 0; 0; 0; 0; 0; 37; 119; 206; 228; 87; 0; 0; 0; 0; 0; 0; 0; 0; 234; 0; 0; 0; 0; 0; 0; 13; 9999
1976;05; 29; 2; 0; 0; 44; 50; 0; 0; 0; 73; 0; 65; 1; 0; 0; 0; 0; 0; 103; 125; 103; 124; 0; 0; 44; 261; 0; 13; 633; 0; 0
1976;06; 0; 0; 0; 0; 4; 247; 0; 0; 0; 58; 0; 0; 2; 145; 0; 0; 0; 35; 0; 0; 0; 0; 0; 0; 0; 0; 0; 0; 0; 1; 9999
1976;07; 24; 200; 300; 624; 0; 0; 0; 0; 24; 112; 0; 0; 0; 0; 0; 0; 0; 0; 0; 0; 0; 40; 0; 0; 0; 0; 0; 0; 0; 0; 0
1976;08; 0; 0; 0; 0; 0; 20; 7; 0; 0; 55; 30; 76; 115; 173; 52; 3; 0; 0; 0; 22; 149; 10; 0; 2; 0; 0; 0; 0; 0; 13; 6
1976;09; 0; 6; 0; 0; 0; 130; 78; 174; 4; 0; 0; 0; 20; 120; 26; 183; 0; 0; 0; 0; 0; 0; 110; 0; 0; 0; 205; 395; 43; 0; 9999
1976;10; 0; 5; 25; 0; 0; 29; 0; 0; 0; 291; 0; 0; 0; 0; 0; 4; 0; 0; 75; 108; 28; 62; 14; 0; 96; 0; 38; 9; 5; 4; 0
1976;11; 10; 44; 0; 0; 46; 96; 0; 0; 0; 17; 113; 0; 261; 0; 0; 0; 102; 20; 316; 249; 219; 41; 0; 0; 0; 0; 128; 43; 106; 0; 9999
1976;12; 0; 15; 156; 3; 81; 256; 0; 0; 255; 85; 0; 0; 0; 16; 0; 34; 259; 209; 17; 77; 147; 53; 34; 0; 13; 462; 25; 24; 0; 0; 0
1977;01; 0; 9; 32; 0; 270; 272; 500; 5; 0; 0; 9; 0; 0; 24; 0; 16; 90; 50; 440; 108; 0; 0; 0; 68; 288; 533; 12; 79; 93; 61; 241
1977;02; 53; 0; 0; 0; 8; 0; 0; 0; 30; 0; 0; 0; 0; 0; 0; 0; 0; 0; 0; 0; 0; 0; 0; 24; 9; 0; 8; 0; 9999; 9999; 9999
1977;03; 0; 0; 0; 172; 128; 0; 6; 31; 18; 319; 23; 0; 0; 2; 0; 0; 68; 0; 34; 5; 137; 11; 63; 0; 16; 2; 359; 0; 119; 74; 16
1977;04; 86; 94; 9; 16; 39; 0; 0; 0; 16; 25; 0; 3; 0; 0; 0; 0; 0; 3; 0; 121; 188; 4; 115; 227; 172; 16; 36; 0; 0; 0; 9999
1977;05; 0; 0; 16; 4; 0; 0; 0; 0; 0; 0; 0; 0; 0; 0; 0; 0; 88; 26; 0; 0; 0; 0; 2; 0; 1; 0; 0; 0; 0; 0; 0
1977;06; 0; 0; 0; 0; 253; 39; 1; 0; 0; 0; 0; 0; 0; 2; 0; 0; 3; 0; 0; 0; 0; 0; 0; 0; 9; 1; 0; 0; 0; 0; 9999
1977;07; 0; 0; 0; 0; 0; 0; 0; 0; 0; 0; 0; 0; 0; 0; 0; 0; 0; 23; 5; 0; 0; 0; 0; 0; 21; 0; 0; 0; 0; 0; 0
1977;08; 0; 0; 0; 0; 0; 0; 0; 0; 0; 0; 0; 0; 0; 0; 0; 0; 0; 0; 4; 0; 0; 0; 0; 0; 0; 0; 1; 0; 0; 109; 38
1977;09; 0; 222; 1; 0; 0; 0; 252; 49; 0; 0; 0; 0; 0; 0; 0; 0; 0; 0; 164; 42; 86; 16; 4; 246; 121; 0; 0; 0; 0; 0; 9999
1977;10; 0; 163; 6; 0; 0; 0; 3; 0; 0; 0; 0; 0; 0; 4; 0; 0; 0; 36; 69; 4; 0; 0; 0; 0; 0; 0; 0; 18; 46; 2; 0
1977;11; 0; 12; 0; 0; 136; 4; 81; 0; 0; 114; 0; 5; 25; 44; 218; 146; 36; 0; 8; 0; 0; 0; 52; 267; 148; 398; 0; 22; 45; 632; 9999
1977;12; 111; 86; 35; 0; 0; 79; 0; 57; 66; 54; 60; 13; 0; 0; 0; 0; 0; 0; 71; 313; 74; 451; 259; 98; 7; 0; 19; 0; 0; 0; 0
1978;01; 6; 99; 151; 0; 0; 4; 132; 18; 0; 118; 111; 157; 71; 64; 329; 211; 18; 0; 0; 0; 92; 93; 3; 0; 0; 0; 0; 0; 8; 47; 0
1978;02; 0; 0; 0; 0; 0; 217; 148; 23; 0; 0; 0; 215; 212; 6; 0; 0; 58; 17; 68; 0; 0; 106; 44; 12; 25; 0; 0; 0; 9999; 9999; 9999
1978;03; 0; 22; 0; 63; 85; 146; 181; 1419; 172; 211; 0; 0; 0; 0; 0; 0; 0; 0; 0; 0; 0; 0; 0; 0; 6; 264; 0; 111; 7; 82; 212
1978;04; 17; 7; 5; 0; 0; 0; 0; 0; 2; 1; 298; 0; 0; 0; 0; 7; 19; 0; 0; 3; 17; 5; 14; 17; 0; 0; 0; 0; 0; 0; 9999
1978;05; 2; 3; 0; 1; 0; 0; 0; 0; 0; 0; 0; 0; 0; 0; 0; 0; 129; 41; 18; 1; 41; 76; 12; 0; 0; 1; 0; 2; 15; 12; 13
1978;06; 1; 15; 0; 0; 0; 29; 0; 0; 362; 29; 0; 0; 0; 0; 0; 1; 0; 0; 0; 0; 0; 76; 3; 0; 0; 8; 3; 0; 0; 0; 9999
1978;07; 0; 0; 0; 0; 0; 0; 0; 2; 0; 0; 0; 0; 0; 0; 0; 116; 2; 0; 16; 0; 12; 41; 79; 0; 0; 0; 0; 0; 0; 0; 0
1978;08; 0; 0; 0; 0; 0; 0; 0; 0; 0; 0; 0; 0; 0; 1; 12; 0; 0; 0; 0; 0; 0; 0; 0; 175; 1; 0; 0; 0; 0; 0; 33
1978;09; 21; 26; 0; 0; 0; 19; 3; 0; 0; 0; 0; 0; 0; 0; 0; 17; 0; 0; 0; 0; 0; 0; 0; 0; 0; 0; 0; 0; 0; 0; 9999
1978;10; 0; 0; 0; 0; 0; 0; 0; 0; 0; 0; 16; 81; 0; 49; 22; 0; 168; 249; 214; 21; 0; 0; 0; 0; 0; 0; 0; 73; 6; 0; 73
1978;11; 236; 22; 0; 79; 33; 223; 0; 0; 0; 0; 129; 334; 112; 0; 0; 0; 53; 0; 0; 6; 299; 16; 4; 543; 21; 0; 0; 397; 0; 0; 9999
1978;12; 0; 0; 0; 0; 0; 0; 119; 323; 213; 615; 295; 0; 0; 0; 0; 249; 24; 109; 11; 0; 0; 0; 312; 21; 0; 0; 474; 121; 89; 66; 224
1979;01; 92; 12; 85; 131; 37; 1; 0; 0; 0; 0; 0; 78; 84; 3; 0; 0; 0; 26; 0; 26; 474; 356; 16; 236; 212; 28; 35; 7; 58; 247; 5
1979;02; 21; 5; 0; 0; 229; 7; 0; 52; 72; 122; 1; 111; 48; 34; 591; 3; 53; 46; 89; 13; 141; 142; 225; 0; 0; 0; 112; 6; 9999; 9999; 9999
1979;03; 0; 288; 326; 0; 0; 12; 42; 0; 0; 0; 31; 469; 79; 289; 56; 218; 0; 2; 17; 32; 0; 0; 0; 0; 291; 16; 5; 6; 0; 0; 0
1979;04; 0; 0; 0; 11; 38; 129; 6; 2; 0; 1; 0; 0; 0; 0; 0; 0; 0; 0; 39; 7; 0; 0; 0; 45; 4; 1; 0; 47; 72; 26; 9999
1979;05; 0; 0; 4; 8; 226; 0; 0; 161; 0; 1; 14; 16; 0; 0; 0; 0; 0; 0; 0; 0; 0; 83; 4; 32; 1; 0; 0; 0; 0; 78; 0
1979;06; 0; 4; 0; 0; 0; 0; 0; 0; 0; 0; 3; 0; 0; 9; 6; 0; 0; 0; 0; 1; 0; 1; 0; 0; 0; 0; 0; 115; 0; 0; 9999
1979;07; 0; 0; 0; 0; 0; 0; 0; 0; 6; 87; 21; 0; 0; 0; 0; 0; 0; 0; 0; 125; 0; 0; 0; 0; 28; 61; 0; 0; 1; 0; 0
1979;08; 0; 0; 0; 0; 0; 0; 0; 0; 0; 0; 0; 0; 154; 0; 172; 0; 0; 0; 8; 129; 6; 3; 1; 0; 0; 0; 113; 0; 0; 43; 1
1979;09; 0; 0; 38; 12; 19; 3; 0; 0; 0; 0; 0; 8; 0; 119; 171; 92; 2; 212; 111; 1; 0; 0; 3; 0; 0; 0; 0; 0; 0; 14; 9999
1979;10; 0; 0; 136; 86; 23; 19; 221; 387; 259; 15; 0; 0; 0; 0; 19; 17; 0; 0; 0; 0; 0; 0; 0; 0; 0; 0; 9; 78; 16; 8; 126
1979;11; 64; 648; 424; 57; 77; 0; 0; 0; 94; 99; 412; 0; 0; 47; 32; 0; 0; 0; 0; 8; 69; 0; 225; 39; 272; 267; 32; 0; 0; 0; 9999
1979;12; 0; 261; 284; 155; 149; 27; 0; 0; 0; 0; 115; 63; 16; 3; 0; 4; 5; 0; 29; 3; 15; 815; 318; 279; 82; 64; 207; 2; 0; 0; 0
1980;01; 376; 9; 0; 0; 0; 0; 0; 54; 44; 97; 44; 322; 187; 135; 16; 0; 23; 51; 12; 14; 211; 21; 0; 0; 12; 13; 188; 0; 65; 0; 0
1980;02; 37; 683; 17; 132; 0; 0; 0; 0; 8; 0; 0; 0; 18; 81; 210; 0; 43; 67; 123; 63; 0; 75; 2; 419; 2; 0; 39; 135; 1; 9999; 9999
1980;03; 0; 0; 0; 0; 0; 0; 0; 0; 181; 44; 156; 161; 0; 59; 74; 458; 15; 88; 38; 6; 0; 0; 0; 0; 0; 0; 0; 0; 0; 93; 49
1980;04; 26; 0; 207; 401; 467; 194; 12; 18; 0; 6; 0; 4; 1; 296; 139; 17; 8; 0; 0; 0; 0; 0; 0; 0; 0; 0; 0; 0; 0; 0; 9999
1980;05; 0; 9; 98; 16; 2; 0; 1; 1; 0; 0; 0; 4; 0; 0; 0; 0; 0; 16; 0; 26; 0; 0; 3; 0; 0; 0; 0; 0; 0; 0; 0
1980;06; 0; 0; 31; 76; 0; 1; 0; 1; 0; 0; 0; 0; 0; 27; 0; 0; 0; 1; 0; 0; 0; 24; 0; 0; 0; 271; 195; 0; 0; 3; 9999
1980;07; 1; 0; 0; 0; 0; 0; 0; 0; 0; 0; 0; 0; 0; 0; 0; 0; 1; 0; 0; 1; 1; 0; 62; 3; 0; 0; 0; 0; 0; 0; 36
1980;08; 19; 0; 0; 0; 0; 0; 0; 0; 0; 0; 0; 0; 13; 0; 0; 32; 0; 279; 0; 0; 0; 0; 0; 53; 9; 8; 135; 3; 0; 0; 0
1980;09; 0; 0; 0; 0; 0; 0; 0; 0; 0; 0; 24; 2; 0; 0; 0; 0; 0; 117; 77; 0; 159; 53; 1; 0; 8; 0; 0; 0; 0; 0; 9999
1980;10; 0; 0; 0; 0; 0; 8; 15; 39; 39; 11; 0; 281; 129; 77; 26; 0; 0; 0; 0; 0; 0; 0; 71; 16; 27; 0; 0; 0; 31; 18; 0
1980;11; 36; 0; 0; 0; 0; 0; 21; 157; 71; 64; 1213; 384; 4; 31; 0; 0; 0; 0; 0; 151; 0; 3; 5; 167; 283; 1; 0; 0; 0; 291; 9999
1980;12; 414; 251; 387; 5; 61; 82; 0; 145; 13; 287; 0; 268; 92; 151; 247; 0; 0; 0; 0; 0; 0; 328; 27; 13; 7; 0; 258; 523; 58; 89; 453
1981;01; 0; 249; 763; 6; 81; 614; 189; 68; 185; 66; 287; 341; 262; 84; 122; 426; 885; 3; 0; 0; 38; 232; 31; 0; 76; 74; 60; 26; 0; 0; 0
1981;02; 0; 0; 0; 362; 253; 81; 135; 53; 476; 109; 7; 24; 0; 0; 0; 0; 0; 0; 1; 0; 0; 73; 12; 8; 0; 15; 2; 0; 9999; 9999; 9999
1981;03; 0; 1; 0; 92; 4; 105; 12; 18; 57; 161; 1; 160; 0; 0; 0; 341; 926; 1089; 28; 191; 144; 0; 6; 0; 0; 0; 3; 35; 47; 26; 0
1981;04; 0; 0; 0; 0; 0; 15; 0; 0; 0; 0; 0; 0; 0; 0; 0; 32; 108; 75; 0; 0; 0; 0; 0; 0; 8; 0; 0; 39; 0; 9; 9999
1981;05; 0; 0; 0; 14; 3; 0; 1; 0; 0; 1; 0; 0; 0; 0; 0; 0; 13; 0; 0; 5; 0; 0; 0; 0; 1; 0; 35; 0; 108; 1; 0
1981;06; 1; 0; 0; 0; 0; 0; 285; 0; 2; 0; 3; 0; 0; 0; 14; 78; 99; 5; 2; 3; 2; 2; 0; 0; 4; 1; 0; 0; 0; 0; 9999
1981;07; 0; 0; 88; 14; 1; 0; 0; 0; 0; 0; 0; 0; 0; 0; 0; 0; 0; 0; 18; 23; 1; 0; 0; 1; 71; 0; 0; 2; 1; 0; 0
1981;08; 0; 0; 0; 0; 0; 0; 0; 0; 0; 8; 21; 2; 0; 63; 0; 0; 0; 125; 0; 0; 0; 0; 0; 0; 0; 0; 0; 0; 0; 1; 1
1981;09; 4; 0; 0; 43; 0; 0; 0; 0; 0; 0; 0; 0; 0; 0; 0; 0; 0; 0; 0; 0; 0; 0; 0; 0; 0; 3; 69; 14; 0; 24; 9999
1981;10; 16; 0; 0; 3; 221; 85; 175; 130; 1; 25; 2; 0; 86; 7; 0; 212; 0; 0; 0; 255; 0; 0; 0; 0; 19; 62; 8; 105; 21; 162; 52
1981;11; 0; 3; 32; 236; 53; 0; 0; 67; 28; 193; 215; 314; 328; 134; 81; 51; 0; 26; 112; 3; 267; 0; 0; 0; 0; 369; 119; 0; 3; 2; 9999
1981;12; 19; 39; 16; 21; 11; 1; 69; 192; 274; 275; 0; 0; 68; 381; 0; 31; 589; 11; 8; 0; 2; 0; 3; 34; 5; 6; 56; 52; 2; 0; 0
1982;01; 1; 617; 468; 164; 81; 0; 8; 85; 546; 91; 152; 151; 0; 0; 0; 0; 0; 0; 1; 2; 33; 3; 213; 369; 27; 0; 0; 12; 164; 79; 0
1982;02; 2; 0; 111; 0; 124; 51; 88; 4; 1; 0; 0; 0; 0; 0; 0; 0; 0; 0; 3; 0; 18; 0; 0; 84; 21; 202; 58; 48; 9999; 9999; 9999
1982;03; 81; 455; 39; 1; 0; 0; 27; 123; 97; 289; 135; 289; 125; 51; 9; 6; 76; 242; 15; 247; 67; 5; 221; 109; 16; 5; 93; 12; 181; 124; 431
1982;04; 11; 18; 1; 0; 0; 0; 0; 1; 0; 0; 0; 0; 0; 199; 34; 93; 11; 22; 1; 0; 0; 1; 0; 0; 0; 0; 3; 1; 33; 0; 9999
1982;05; 0; 0; 1; 25; 29; 1; 1; 0; 0; 1; 1; 2; 0; 1; 1; 0; 0; 0; 0; 72; 2; 0; 0; 0; 3; 68; 1; 0; 0; 0; 0
1982;06; 11; 1; 0; 1; 0; 14; 0; 0; 1; 1; 0; 0; 58; 0; 0; 8; 17; 13; 2; 0; 1; 2; 294; 49; 66; 117; 27; 0; 26; 7; 9999
1982;07; 58; 0; 0; 2; 1; 1; 2; 1; 0; 1; 0; 1; 2; 27; 0; 0; 0; 0; 214; 9; 0; 2; 1; 0; 0; 1; 1; 1; 0; 149; 1
1982;08; 1; 1; 0; 0; 11; 3; 2; 1; 1; 0; 199; 81; 0; 0; 0; 0; 1; 0; 78; 14; 0; 0; 0; 179; 1; 1; 0; 0; 0; 202; 0
1982;09; 0; 0; 0; 0; 0; 16; 16; 0; 0; 0; 0; 0; 0; 0; 0; 0; 0; 0; 0; 3; 2; 0; 6; 0; 0; 0; 0; 83; 1; 0; 9999
1982;10; 0; 18; 79; 0; 0; 3; 41; 9; 56; 2; 208; 0; 262; 46; 0; 0; 0; 0; 0; 0; 25; 0; 0; 0; 0; 0; 4; 174; 710; 16; 0
1982;11; 0; 0; 0; 0; 0; 181; 81; 53; 5; 1; 12; 33; 1; 13; 231; 0; 6; 9; 0; 69; 81; 18; 47; 173; 38; 79; 59; 0; 0; 18; 9999
1982;12; 15; 89; 491; 12; 31; 18; 85; 126; 13; 38; 6; 178; 55; 37; 51; 92; 168; 23; 33; 77; 159; 7; 14; 56; 164; 37; 36; 141; 145; 369; 21
1983;01; 48; 0; 0; 0; 264; 203; 14; 0; 36; 42; 0; 521; 324; 36; 33; 1; 45; 174; 35; 259; 257; 5; 114; 55; 208; 21; 88; 4; 0; 0; 61
1983;02; 196; 223; 130; 188; 147; 1; 166; 13; 93; 23; 36; 94; 157; 148; 64; 0; 0; 0; 1; 0; 0; 0; 0; 101; 53; 3; 16; 246; 9999; 9999; 9999
1983;03; 0; 0; 147; 12; 0; 173; 263; 275; 0; 0; 0; 0; 200; 104; 18; 2; 0; 0; 0; 174; 63; 96; 1; 92; 9; 2; 3; 204; 79; 0; 3
1983;04; 0; 23; 0; 0; 0; 172; 224; 0; 0; 0; 0; 25; 18; 0; 1; 0; 0; 0; 0; 0; 9; 309; 6; 2; 96; 0; 17; 1; 5; 0; 9999
1983;05; 0; 0; 15; 17; 1; 0; 1; 0; 2; 0; 0; 0; 88; 161; 5; 2; 0; 11; 0; 119; 0; 0; 0; 14; 35; 3; 0; 0; 305; 471; 332
1983;06; 25; 60; 78; 137; 72; 171; 333; 0; 61; 90; 12; 182; 2; 0; 0; 0; 0; 0; 0; 2; 0; 0; 0; 0; 0; 0; 0; 16; 166; 1; 9999
1983;07; 3; 0; 0; 0; 0; 0; 0; 0; 0; 0; 0; 0; 0; 0; 0; 0; 0; 72; 87; 73; 183; 0; 1; 0; 0; 0; 0; 0; 0; 0; 0
1983;08; 0; 42; 0; 2; 0; 0; 0; 3; 1; 0; 0; 0; 0; 0; 0; 0; 0; 0; 0; 2; 55; 3; 0; 0; 0; 0; 0; 0; 0; 0; 0
1983;09; 0; 2; 33; 95; 39; 435; 84; 108; 134; 0; 22; 5; 112; 0; 0; 253; 5; 120; 155; 35; 19; 6; 189; 291; 187; 0; 0; 0; 0; 0; 9999
1983;10; 0; 387; 72; 9; 6; 0; 0; 0; 0; 0; 0; 4; 32; 83; 62; 55; 0; 41; 103; 43; 0; 2; 153; 522; 3; 5; 0; 0; 0; 31; 0
1983;11; 82; 3; 208; 102; 80; 0; 0; 0; 0; 9; 18; 42; 14; 0; 25; 28; 0; 0; 0; 270; 394; 138; 11; 0; 0; 0; 0; 0; 0; 212; 9999
1983;12; 0; 188; 153; 7; 0; 21; 28; 124; 0; 23; 0; 113; 71; 278; 239; 1; 51; 29; 65; 47; 34; 337; 93; 62; 63; 29; 27; 276; 0; 2; 0
1984;01; 136; 0; 241; 9; 0; 126; 0; 0; 0; 302; 63; 0; 0; 0; 0; 0; 0; 0; 0; 29; 62; 85; 88; 155; 83; 21; 239; 46; 23; 3; 8
1984;02; 0; 0; 0; 0; 0; 0; 0; 0; 0; 0; 0; 0; 0; 0; 3; 6; 0; 0; 0; 0; 0; 0; 0; 0; 0; 0; 0; 0; 0; 9999; 9999
1984;03; 0; 0; 0; 0; 0; 137; 8; 240; 13; 27; 26; 0; 0; 15; 12; 0; 0; 0; 0; 75; 158; 72; 25; 0; 0; 0; 72; 21; 0; 141; 46
1984;04; 0; 0; 0; 222; 8; 2; 12; 33; 2; 1; 0; 0; 0; 0; 0; 0; 8; 0; 312; 632; 63; 0; 0; 0; 87; 8; 25; 127; 3; 12; 9999
1984;05; 16; 24; 152; 1; 191; 0; 0; 0; 0; 0; 0; 0; 56; 0; 24; 2; 161; 169; 2; 0; 0; 1; 0; 5; 0; 0; 0; 4; 0; 0; 0
1984;06; 0; 0; 0; 3; 0; 1; 3; 0; 0; 0; 0; 0; 0; 1; 0; 0; 0; 2; 0; 0; 0; 0; 0; 0; 1; 3; 0; 8; 24; 38; 9999
1984;07; 0; 0; 0; 2; 0; 0; 3; 0; 0; 0; 0; 0; 0; 0; 0; 0; 0; 0; 0; 0; 0; 0; 0; 0; 0; 0; 2; 37; 0; 5; 0
1984;08; 0; 0; 113; 98; 0; 0; 0; 0; 0; 0; 0; 0; 0; 0; 0; 4; 16; 10; 0; 0; 5; 6; 103; 147; 23; 142; 0; 0; 0; 0; 0
1984;09; 5; 0; 0; 0; 0; 1; 40; 5; 154; 0; 0; 0; 0; 0; 0; 0; 0; 4; 0; 0; 99; 1; 0; 0; 5; 0; 285; 16; 0; 0; 9999
1984;10; 0; 0; 0; 4; 0; 0; 0; 5; 78; 0; 0; 6; 0; 0; 0; 1; 2; 0; 43; 193; 0; 0; 0; 0; 0; 0; 0; 0; 0; 0; 0
1984;11; 0; 0; 0; 0; 0; 126; 17; 0; 0; 33; 74; 59; 131; 32; 0; 0; 141; 125; 6; 0; 0; 6; 0; 1; 33; 360; 83; 24; 0; 19; 9999
1984;12; 142; 121; 2; 5; 0; 0; 42; 253; 62; 1; 0; 2; 21; 82; 145; 91; 42; 153; 3; 0; 0; 24; 0; 0; 0; 67; 265; 0; 6; 23; 27
1985;01; 15; 109; 8; 52; 26; 56; 37; 96; 644; 0; 0; 0; 0; 3; 197; 0; 298; 123; 191; 153; 323; 15; 151; 216; 135; 137; 9; 2; 174; 328; 373
1985;02; 165; 319; 64; 107; 46; 22; 0; 0; 32; 0; 233; 455; 219; 284; 1; 79; 3; 0; 0; 0; 0; 79; 148; 7; 21; 362; 7; 254; 9999; 9999; 9999
1985;03; 394; 171; 30; 37; 9; 91; 57; 8; 303; 0; 23; 51; 0; 0; 278; 121; 125; 160; 143; 23; 0; 85; 0; 0; 0; 8; 5; 23; 318; 43; 0
1985;04; 6; 0; 4; 0; 0; 2; 0; 6; 197; 24; 7; 278; 126; 0; 0; 15; 27; 39; 35; 0; 0; 0; 0; 0; 0; 0; 0; 2; 0; 6; 9999
1985;05; 157; 25; 0; 5; 0; 0; 0; 0; 0; 63; 21; 0; 0; 0; 0; 0; 0; 2; 0; 0; 6; 271; 2; 0; 0; 0; 1; 0; 0; 3; 0
1985;06; 0; 0; 0; 89; 1; 0; 0; 0; 49; 2; 0; 0; 0; 1; 0; 0; 0; 2; 0; 0; 0; 0; 0; 0; 0; 2; 0; 3; 0; 0; 9999
1985;07; 0; 0; 0; 0; 1; 0; 32; 0; 0; 2; 22; 0; 0; 0; 2; 0; 0; 0; 0; 0; 0; 0; 0; 0; 0; 0; 2; 0; 0; 0; 0
1985;08; 0; 0; 0; 0; 0; 0; 0; 0; 1; 0; 0; 15; 0; 2; 0; 0; 0; 0; 0; 0; 0; 0; 123; 8; 0; 0; 0; 4; 0; 79; 76
1985;09; 63; 225; 31; 0; 112; 145; 0; 0; 0; 0; 0; 0; 0; 1; 0; 0; 0; 0; 0; 0; 94; 0; 2; 79; 17; 0; 1; 0; 33; 240; 9999
1985;10; 0; 0; 265; 1; 0; 0; 0; 30; 3; 14; 0; 0; 0; 0; 0; 0; 0; 0; 0; 0; 0; 0; 1; 0; 84; 0; 26; 0; 195; 16; 521
1985;11; 0; 72; 381; 141; 72; 91; 0; 0; 0; 0; 0; 0; 0; 0; 0; 0; 0; 0; 0; 0; 7; 302; 0; 0; 7; 9; 3; 31; 8; 15; 9999
1985;12; 0; 0; 37; 432; 59; 21; 0; 0; 0; 0; 0; 0; 0; 7; 0; 8; 3; 0; 0; 0; 5; 0; 141; 352; 318; 157; 360; 29; 32; 28; 0
1986;01; 0; 0; 66; 0; 0; 126; 0; 0; 52; 49; 111; 334; 0; 61; 303; 0; 0; 9; 0; 0; 504; 14; 20; 169; 0; 18; 133; 24; 0; 17; 0
1986;02; 0; 0; 21; 60; 45; 0; 9; 32; 0; 260; 441; 35; 118; 9; 24; 26; 349; 197; 104; 221; 203; 212; 101; 0; 0; 15; 41; 8; 9999; 9999; 9999
1986;03; 9; 51; 9; 462; 113; 7; 60; 432; 307; 36; 71; 0; 42; 1; 2; 30; 0; 118; 48; 362; 7; 0; 81; 5; 7; 5; 138; 0; 0; 163; 0
1986;04; 0; 0; 0; 0; 0; 0; 0; 23; 0; 0; 5; 0; 6; 0; 82; 0; 9; 0; 2; 0; 0; 0; 1; 0; 0; 0; 78; 140; 6; 0; 9999
1986;05; 0; 2; 0; 0; 1; 0; 2; 36; 162; 24; 0; 25; 119; 2; 0; 0; 0; 2; 183; 3; 7; 0; 2; 0; 0; 0; 9; 0; 0; 0; 0
1986;06; 0; 112; 3; 0; 0; 0; 0; 0; 0; 0; 0; 0; 0; 1; 0; 3; 0; 0; 0; 0; 2; 0; 1; 0; 0; 53; 2; 0; 0; 0; 9999
1986;07; 0; 14; 475; 0; 7; 27; 16; 57; 0; 0; 0; 0; 2; 0; 0; 0; 0; 0; 1; 0; 0; 54; 174; 3; 0; 0; 0; 0; 0; 0; 0
1986;08; 127; 0; 0; 0; 0; 0; 0; 1; 0; 0; 0; 109; 6; 0; 57; 0; 7; 0; 7; 3; 298; 96; 9; 8; 82; 3; 0; 0; 0; 0; 0
1986;09; 2; 0; 0; 0; 0; 0; 0; 0; 0; 0; 0; 0; 0; 0; 0; 0; 0; 0; 0; 173; 88; 0; 0; 0; 0; 24; 3; 82; 4; 2; 9999
1986;10; 0; 0; 0; 0; 0; 0; 0; 2; 0; 0; 0; 0; 0; 0; 0; 3; 0; 0; 15; 46; 75; 226; 12; 0; 4; 0; 0; 126; 0; 0; 0
1986;11; 0; 0; 205; 0; 53; 25; 0; 5; 3; 0; 33; 221; 234; 0; 0; 0; 0; 0; 0; 0; 0; 0; 0; 0; 3; 2; 18; 2; 254; 18; 9999
1986;12; 37; 46; 3; 155; 124; 56; 125; 62; 302; 112; 0; 0; 240; 407; 125; 2; 74; 5; 2; 45; 3; 7; 121; 88; 69; 85; 152; 63; 302; 42; 223
1987;01; 71; 5; 22; 14; 32; 143; 0; 0; 204; 8; 0; 36; 459; 3; 0; 0; 781; 58; 581; 0; 0; 0; 70; 70; 210; 84; 75; 45; 38; 3; 0
1987;02; 0; 0; 110; 15; 83; 6; 32; 0; 0; 83; 0; 0; 0; 15; 115; 117; 4; 365; 4; 338; 0; 0; 0; 0; 0; 0; 0; 0; 9999; 9999; 9999
1987;03; 0; 100; 0; 0; 0; 0; 0; 0; 342; 85; 210; 0; 0; 3; 0; 0; 0; 26; 88; 226; 32; 163; 8; 0; 0; 0; 0; 0; 0; 2; 0
1987;04; 0; 0; 186; 1041; 506; 561; 0; 31; 27; 177; 28; 0; 0; 106; 5; 0; 0; 0; 0; 0; 0; 309; 0; 0; 0; 37; 0; 8; 0; 0; 9999
1987;05; 0; 0; 0; 0; 125; 450; 0; 25; 216; 0; 0; 0; 0; 0; 0; 257; 4; 78; 0; 37; 283; 25; 0; 0; 123; 11; 0; 0; 86; 0; 0
1987;06; 0; 0; 0; 0; 0; 0; 272; 111; 0; 0; 0; 0; 0; 54; 193; 368; 9; 0; 0; 0; 0; 0; 69; 4; 0; 0; 0; 0; 0; 0; 9999
1987;07; 0; 0; 0; 0; 0; 0; 0; 0; 26; 0; 0; 0; 0; 0; 0; 0; 0; 0; 0; 0; 0; 0; 0; 0; 0; 0; 0; 0; 0; 0; 0
1987;08; 0; 0; 0; 0; 0; 0; 0; 0; 0; 0; 0; 0; 0; 0; 0; 0; 0; 0; 12; 0; 0; 0; 0; 0; 0; 0; 0; 0; 0; 0; 0
1987;09; 14; 0; 0; 31; 0; 170; 0; 0; 0; 0; 59; 12; 0; 0; 0; 0; 56; 273; 189; 0; 223; 130; 24; 0; 77; 0; 0; 48; 0; 0; 9999
1987;10; 0; 19; 17; 0; 0; 749; 5; 0; 0; 0; 0; 0; 0; 0; 0; 0; 0; 15; 0; 149; 158; 9; 0; 0; 39; 6; 0; 167; 289; 43; 0
1987;11; 0; 0; 0; 0; 0; 187; 0; 0; 196; 0; 26; 0; 0; 0; 61; 46; 239; 0; 0; 0; 0; 195; 11; 0; 0; 33; 12; 0; 0; 0; 9999
1987;12; 0; 0; 0; 9; 13; 42; 110; 49; 279; 8; 0; 345; 259; 31; 0; 0; 0; 5; 637; 50; 8; 25; 0; 0; 0; 0; 0; 0; 84; 143; 232
1988;01; 33; 5; 666; 235; 24; 49; 158; 125; 111; 259; 371; 398; 0; 0; 0; 33; 558; 142; 3; 0; 57; 0; 195; 0; 327; 0; 0; 140; 50; 31; 88
1988;02; 146; 88; 0; 59; 125; 127; 35; 0; 162; 152; 125; 118; 418; 0; 159; 185; 65; 221; 159; 387; 454; 435; 33; 0; 0; 0; 58; 0; 0; 9999; 9999
1988;03; 0; 118; 239; 41; 0; 0; 0; 187; 22; 0; 0; 0; 0; 0; 0; 0; 983; 130; 593; 0; 0; 0; 0; 0; 0; 0; 0; 0; 0; 0; 0
1988;04; 8; 238; 142; 0; 154; 0; 0; 91; 118; 0; 0; 353; 155; 77; 0; 0; 2; 0; 0; 88; 35; 78; 159; 0; 0; 0; 0; 199; 77; 4; 9999
1988;05; 0; 0; 0; 0; 123; 42; 0; 0; 34; 0; 0; 0; 13; 87; 0; 0; 0; 248; 15; 0; 0; 36; 253; 1; 198; 0; 0; 0; 0; 389; 39
1988;06; 0; 0; 0; 93; 0; 0; 0; 0; 0; 0; 0; 0; 0; 63; 98; 0; 0; 0; 0; 0; 0; 0; 0; 46; 37; 78; 0; 0; 0; 0; 9999
1988;07; 0; 0; 0; 0; 0; 0; 0; 0; 0; 0; 0; 0; 0; 68; 0; 0; 0; 0; 0; 0; 0; 0; 0; 0; 0; 0; 0; 0; 0; 0; 0
1988;08; 0; 0; 0; 0; 0; 0; 0; 0; 0; 0; 0; 0; 0; 0; 0; 0; 0; 0; 0; 0; 0; 0; 0; 0; 0; 0; 0; 0; 0; 0; 0
1988;09; 0; 0; 0; 0; 0; 0; 0; 0; 0; 0; 0; 0; 0; 0; 82; 44; 9; 279; 0; 0; 0; 0; 0; 0; 0; 0; 0; 55; 78; 0; 9999
1988;10; 0; 0; 0; 0; 68; 135; 0; 0; 0; 0; 3; 0; 419; 0; 0; 0; 241; 9; 0; 67; 114; 33; 23; 0; 0; 278; 119; 33; 0; 0; 0
1988;11; 25; 269; 0; 0; 34; 98; 2; 84; 0; 0; 0; 0; 0; 79; 0; 89; 0; 0; 0; 32; 52; 0; 26; 0; 0; 0; 0; 162; 0; 0; 9999
1988;12; 0; 212; 77; 0; 0; 0; 0; 0; 0; 175; 0; 29; 0; 0; 397; 0; 0; 0; 0; 0; 449; 179; 586; 350; 46; 75; 52; 0; 0; 123; 465
1989;01; 67; 189; 68; 213; 79; 155; 175; 112; 174; 159; 0; 39; 324; 173; 189; 166; 0; 23; 0; 0; 0; 0; 0; 73; 0; 0; 0; 0; 0; 0; 0
1989;02; 0; 62; 43; 189; 0; 53; 0; 422; 356; 563; 0; 0; 144; 53; 78; 547; 0; 0; 0; 0; 0; 0; 0; 86; 173; 91; 233; 0; 9999; 9999; 9999
1989;03; 42; 20; 0; 224; 0; 22; 0; 69; 419; 12; 0; 0; 0; 393; 20; 50; 0; 150; 0; 0; 0; 0; 0; 0; 0; 0; 0; 0; 0; 0; 0
1989;04; 165; 44; 78; 13; 0; 376; 0; 0; 0; 0; 53; 17; 0; 0; 0; 0; 0; 0; 0; 80; 0; 0; 0; 0; 0; 0; 0; 0; 0; 0; 9999
1989;05; 180; 97; 0; 0; 0; 65; 0; 0; 0; 0; 0; 0; 0; 0; 0; 0; 0; 0; 0; 0; 0; 0; 0; 0; 0; 0; 25; 0; 0; 0; 0
1989;06; 0; 0; 0; 0; 0; 0; 0; 0; 0; 0; 89; 126; 0; 0; 0; 0; 0; 0; 0; 0; 0; 0; 0; 158; 288; 325; 0; 0; 0; 0; 9999
1989;07; 0; 0; 0; 0; 0; 7; 0; 0; 0; 0; 0; 0; 0; 0; 0; 0; 0; 0; 0; 0; 0; 0; 0; 0; 0; 0; 60; 165; 88; 96; 116
1989;08; 9999; 9999; 9999; 9999; 9999; 9999; 9999; 9999; 9999; 9999; 9999; 9999; 9999; 9999; 9999; 9999; 9999; 9999; 9999; 9999; 9999; 9999; 9999; 9999; 9999; 9999; 9999; 9999; 9999; 9999; 9999
1989;09; 0; 80; 0; 0; 0; 0; 0; 0; 199; 20; 0; 0; 148; 0; 0; 0; 0; 0; 0; 0; 0; 0; 0; 0; 80; 128; 288; 3; 18; 0; 9999
1989;10; 0; 0; 0; 0; 0; 0; 0; 0; 0; 0; 0; 125; 12; 0; 0; 26; 0; 0; 0; 11; 0; 0; 125; 0; 0; 0; 0; 0; 25; 0; 0
1989;11; 34; 0; 0; 46; 3; 0; 0; 0; 119; 445; 18; 51; 122; 0; 0; 0; 0; 212; 0; 82; 33; 0; 128; 20; 22; 0; 0; 0; 0; 26; 9999
1989;12; 0; 0; 0; 0; 0; 0; 0; 0; 0; 0; 28; 53; 110; 328; 430; 69; 0; 0; 0; 110; 77; 0; 0; 0; 0; 0; 199; 130; 89; 20; 16
1990;01; 226; 355; 15; 5; 84; 30; 0; 768; 0; 2; 33; 0; 120; 0; 0; 0; 0; 0; 113; 0; 0; 17; 10; 0; 0; 33; 0; 0; 0; 0; 0
1990;02; 0; 0; 0; 0; 0; 128; 45; 8; 0; 0; 80; 89; 32; 23; 0; 0; 0; 0; 0; 0; 0; 0; 627; 12; 158; 335; 0; 222; 9999; 9999; 9999
1990;03; 21; 0; 128; 44; 0; 0; 8; 0; 86; 14; 146; 0; 0; 0; 0; 0; 0; 0; 128; 218; 2; 68; 99; 0; 72; 1253; 62; 0; 0; 0; 0
1990;04; 0; 2; 0; 223; 0; 165; 0; 0; 0; 0; 156; 0; 26; 0; 86; 0; 0; 61; 192; 72; 0; 0; 0; 0; 0; 0; 0; 0; 0; 0; 9999
1990;05; 35; 220; 0; 0; 0; 26; 0; 0; 0; 0; 0; 26; 0; 0; 0; 86; 392; 0; 0; 0; 0; 0; 0; 0; 0; 0; 0; 0; 0; 0; 0
1990;06; 0; 0; 0; 0; 0; 0; 0; 0; 0; 0; 3; 0; 0; 0; 0; 0; 0; 0; 0; 0; 0; 0; 0; 0; 0; 0; 0; 0; 0; 0; 9999
1990;07; 0; 93; 0; 0; 0; 121; 0; 0; 0; 0; 65; 6; 0; 0; 0; 0; 112; 41; 71; 68; 0; 26; 19; 0; 0; 49; 0; 6; 5; 0; 0
1990;08; 0; 0; 0; 0; 0; 0; 0; 0; 0; 0; 0; 0; 0; 0; 0; 0; 128; 30; 112; 177; 13; 28; 88; 61; 0; 0; 0; 0; 0; 0; 0
1990;09; 0; 45; 87; 0; 0; 10; 0; 0; 0; 0; 0; 0; 16; 478; 0; 0; 0; 0; 0; 0; 0; 0; 26; 469; 1; 48; 0; 0; 0; 0; 9999
1990;10; 0; 32; 80; 115; 7; 0; 0; 0; 0; 0; 0; 26; 73; 0; 17; 289; 182; 3; 0; 92; 0; 0; 0; 0; 267; 0; 0; 0; 0; 0; 0
1990;11; 0; 86; 342; 0; 5; 8; 0; 0; 92; 0; 0; 0; 0; 0; 0; 0; 0; 0; 0; 0; 0; 0; 0; 156; 0; 0; 0; 491; 0; 0; 9999
1990;12; 0; 0; 0; 0; 0; 0; 0; 242; 0; 26; 33; 28; 0; 18; 20; 116; 0; 0; 0; 493; 0; 60; 0; 0; 98; 59; 0; 0; 0; 80; 0
1991;01; 0; 0; 182; 125; 182; 53; 0; 0; 68; 25; 73; 237; 0; 553; 80; 693; 84; 3; 0; 0; 218; 44; 18; 0; 0; 5; 378; 142; 10; 3; 0
1991;02; 44; 53; 15; 0; 159; 52; 44; 133; 0; 29; 167; 5; 27; 5; 0; 0; 0; 6; 294; 20; 0; 0; 33; 0; 0; 0; 0; 0; 9999; 9999; 9999
1991;03; 0; 62; 36; 3; 125; 88; 5; 68; 126; 0; 0; 97; 95; 356; 0; 0; 0; 0; 0; 3; 369; 216; 0; 85; 48; 256; 380; 48; 180; 234; 144
1991;04; 380; 69; 15; 0; 0; 0; 0; 0; 0; 0; 0; 0; 0; 0; 750; 115; 0; 0; 0; 5; 7; 0; 0; 0; 5; 410; 328; 183; 0; 0; 9999
1991;05; 0; 0; 0; 0; 0; 0; 8; 125; 0; 0; 0; 0; 0; 0; 0; 22; 0; 0; 0; 0; 0; 0; 0; 0; 0; 0; 0; 0; 0; 0; 0
1991;06; 0; 0; 0; 0; 0; 0; 0; 0; 0; 0; 0; 0; 0; 0; 0; 0; 11; 0; 0; 0; 0; 0; 5; 81; 235; 3; 0; 0; 0; 23; 9999
1991;07; 83; 0; 0; 0; 0; 0; 0; 0; 0; 0; 5; 9; 0; 6; 28; 0; 0; 0; 0; 0; 0; 0; 0; 0; 0; 0; 0; 0; 0; 0; 0
1991;08; 0; 5; 8; 0; 0; 0; 0; 81; 0; 0; 0; 0; 0; 0; 0; 0; 0; 0; 0; 0; 0; 0; 0; 0; 0; 0; 0; 0; 0; 0; 0
1991;09; 0; 0; 0; 0; 0; 0; 0; 0; 0; 0; 0; 0; 0; 0; 0; 0; 0; 0; 0; 128; 88; 0; 0; 0; 0; 166; 0; 0; 97; 110; 9999
1991;10; 265; 21; 215; 4; 0; 5; 450; 56; 60; 77; 5; 0; 0; 0; 0; 0; 0; 0; 0; 0; 0; 0; 0; 0; 0; 0; 0; 0; 0; 0; 5
1991;11; 16; 0; 68; 153; 10; 0; 0; 0; 63; 94; 0; 210; 0; 0; 0; 0; 0; 0; 5; 0; 0; 0; 0; 0; 0; 110; 0; 0; 0; 120; 9999
1991;12; 120; 297; 0; 0; 0; 0; 245; 0; 0; 27; 188; 0; 80; 0; 0; 155; 119; 91; 126; 19; 0; 22; 155; 0; 180; 479; 2; 393; 0; 0; 39
1992;01; 20; 118; 29; 80; 7; 0; 0; 0; 230; 23; 0; 0; 149; 9; 13; 93; 334; 156; 60; 225; 6; 337; 551; 0; 0; 0; 173; 0; 0; 350; 666
1992;02; 16; 0; 0; 0; 0; 0; 122; 0; 0; 5; 0; 0; 0; 0; 0; 0; 0; 0; 0; 160; 0; 0; 7; 4; 260; 384; 63; 0; 50; 9999; 9999
1992;03; 88; 91; 5; 222; 119; 10; 0; 0; 0; 457; 0; 0; 0; 0; 0; 0; 278; 60; 143; 313; 0; 0; 0; 44; 0; 0; 80; 0; 0; 80; 310
1992;04; 0; 26; 0; 0; 0; 0; 0; 0; 0; 0; 0; 0; 0; 20; 223; 0; 0; 0; 0; 0; 0; 64; 0; 0; 0; 80; 123; 0; 0; 0; 9999
1992;05; 0; 50; 0; 557; 28; 0; 83; 0; 0; 0; 0; 0; 0; 0; 0; 0; 0; 0; 8; 77; 0; 0; 0; 5; 10; 0; 0; 0; 80; 5; 0
1992;06; 332; 0; 0; 0; 0; 0; 0; 0; 0; 0; 0; 0; 0; 0; 0; 0; 0; 0; 0; 0; 0; 0; 0; 0; 0; 0; 0; 0; 0; 0; 9999
1992;07; 0; 0; 0; 6; 0; 0; 80; 343; 386; 0; 0; 0; 0; 0; 0; 0; 0; 0; 0; 8; 0; 0; 0; 26; 71; 0; 0; 0; 0; 0; 0
1992;08; 0; 0; 8; 0; 0; 0; 0; 0; 0; 0; 0; 0; 8; 0; 0; 0; 0; 0; 0; 0; 0; 3; 80; 77; 0; 0; 0; 0; 0; 0; 0
1992;09; 0; 0; 0; 51; 80; 277; 390; 38; 0; 0; 0; 120; 168; 0; 0; 180; 0; 196; 0; 0; 0; 0; 0; 0; 0; 75; 138; 225; 0; 0; 9999
1992;10; 0; 180; 0; 125; 0; 0; 0; 93; 280; 166; 0; 294; 90; 80; 0; 0; 0; 0; 43; 46; 8; 2; 0; 0; 0; 0; 2; 80; 0; 0; 18
1992;11; 120; 288; 0; 0; 255; 125; 130; 0; 31; 51; 0; 0; 0; 0; 0; 8; 117; 26; 0; 0; 9; 41; 0; 2; 90; 27; 20; 0; 0; 0; 9999
1992;12; 0; 150; 5; 0; 0; 0; 95; 0; 0; 55; 0; 60; 437; 320; 0; 0; 0; 0; 0; 0; 0; 0; 0; 0; 0; 0; 0; 0; 0; 0; 0
1993;01; 0; 0; 230; 252; 363; 15; 76; 0; 0; 64; 120; 0; 0; 90; 0; 0; 0; 118; 230; 83; 90; 0; 0; 218; 320; 165; 9; 0; 0; 90; 30
1993;02; 385; 228; 3; 80; 222; 43; 128; 159; 0; 83; 6; 138; 0; 148; 790; 198; 99; 0; 0; 0; 0; 5; 8; 190; 329; 230; 233; 143; 9999; 9999; 9999
1993;03; 3; 0; 180; 5; 0; 0; 0; 0; 0; 330; 544; 211; 0; 0; 0; 150; 5; 218; 10; 9; 80; 38; 0; 653; 163; 0; 8; 229; 250; 136; 132
1993;04; 0; 150; 0; 5; 0; 0; 0; 3; 0; 5; 0; 0; 0; 0; 0; 0; 0; 0; 0; 0; 0; 393; 54; 195; 0; 0; 0; 0; 0; 0; 9999
1993;05; 0; 50; 0; 143; 0; 75; 0; 0; 0; 0; 0; 0; 0; 0; 0; 5; 2; 0; 0; 0; 0; 0; 0; 0; 0; 0; 0; 0; 0; 0; 258
1993;06; 2; 3; 0; 0; 0; 0; 0; 0; 0; 0; 150; 266; 0; 0; 0; 0; 0; 3; 0; 0; 0; 0; 0; 0; 0; 0; 0; 0; 0; 0; 9999
1993;07; 0; 0; 0; 0; 0; 0; 0; 0; 0; 0; 0; 0; 0; 0; 5; 233; 0; 0; 0; 0; 0; 0; 0; 0; 0; 0; 0; 0; 0; 0; 0
1993;08; 0; 0; 0; 0; 0; 0; 0; 0; 0; 0; 0; 0; 0; 0; 0; 0; 0; 0; 0; 0; 0; 0; 0; 0; 0; 0; 0; 10; 0; 0; 0
1993;09; 0; 0; 0; 880; 0; 0; 3; 5; 0; 190; 0; 0; 0; 0; 0; 280; 0; 0; 0; 0; 377; 310; 180; 352; 3; 8; 75; 0; 0; 0; 9999
1993;10; 71; 0; 0; 125; 322; 6; 0; 0; 0; 0; 0; 0; 0; 150; 180; 0; 0; 0; 17; 8; 0; 0; 8; 10; 174; 0; 87; 13; 0; 0; 0
1993;11; 0; 0; 5; 0; 0; 0; 73; 80; 19; 0; 0; 0; 0; 0; 0; 0; 0; 77; 197; 26; 0; 0; 0; 143; 3; 460; 0; 0; 0; 0; 9999
1993;12; 0; 0; 0; 0; 0; 0; 0; 0; 0; 0; 348; 0; 0; 0; 10; 56; 8; 0; 5; 0; 210; 0; 0; 0; 5; 0; 0; 9; 116; 0; 0
1994;01; 120; 3; 0; 0; 60; 0; 0; 0; 30; 0; 0; 0; 0; 5; 0; 260; 0; 0; 0; 5; 113; 5; 0; 0; 0; 0; 260; 155; 390; 6; 119
1994;02; 40; 137; 0; 0; 10; 80; 181; 185; 31; 0; 0; 5; 16; 85; 45; 0; 0; 0; 0; 0; 0; 0; 0; 0; 0; 0; 0; 260; 9999; 9999; 9999
1994;03; 321; 0; 0; 117; 80; 5; 159; 0; 5; 0; 134; 88; 358; 160; 0; 0; 5; 10; 120; 0; 360; 0; 73; 0; 85; 7; 150; 261; 0; 0; 0
1994;04; 0; 0; 5; 0; 0; 0; 0; 5; 0; 0; 0; 0; 0; 462; 0; 0; 0; 0; 261; 240; 0; 0; 5; 118; 0; 0; 0; 0; 0; 0; 9999
1994;05; 0; 0; 0; 0; 0; 0; 0; 0; 0; 0; 0; 0; 0; 0; 380; 548; 0; 0; 0; 0; 0; 0; 0; 0; 0; 0; 0; 230; 0; 0; 0
1994;06; 0; 0; 0; 0; 10; 0; 0; 0; 365; 18; 0; 0; 0; 0; 0; 0; 0; 0; 0; 0; 0; 0; 145; 0; 50; 0; 0; 0; 0; 0; 9999
1994;07; 0; 0; 0; 0; 0; 0; 0; 0; 0; 0; 0; 0; 0; 0; 0; 0; 0; 0; 0; 0; 0; 0; 0; 0; 0; 0; 0; 0; 0; 0; 0
1994;08; 0; 0; 0; 0; 0; 0; 0; 0; 0; 0; 0; 0; 0; 0; 0; 0; 0; 0; 0; 0; 0; 0; 0; 0; 0; 0; 0; 0; 0; 0; 0
1994;09; 0; 0; 0; 0; 236; 0; 0; 0; 0; 0; 0; 0; 0; 0; 0; 0; 0; 0; 0; 0; 0; 0; 0; 0; 0; 0; 0; 17; 0; 0; 9999
1994;10; 0; 0; 0; 0; 0; 0; 0; 50; 0; 0; 0; 0; 0; 0; 0; 0; 337; 426; 112; 0; 280; 110; 244; 0; 17; 241; 465; 145; 10; 77; 0
1994;11; 0; 0; 0; 0; 0; 36; 52; 0; 6; 0; 360; 454; 335; 0; 0; 0; 0; 0; 220; 6; 217; 8; 3; 0; 0; 0; 230; 45; 167; 0; 9999
1994;12; 0; 0; 0; 0; 121; 70; 132; 0; 60; 0; 155; 0; 0; 0; 51; 348; 0; 0; 0; 0; 0; 0; 160; 230; 0; 0; 0; 0; 0; 0; 0
1995;01; 0; 0; 537; 110; 0; 0; 0; 0; 0; 0; 0; 60; 0; 0; 81; 0; 0; 160; 422; 110; 344; 312; 165; 0; 0; 0; 0; 210; 290; 322; 33
1995;02; 172; 0; 0; 322; 274; 0; 225; 340; 90; 34; 275; 190; 281; 175; 258; 177; 180; 78; 119; 221; 0; 0; 0; 0; 0; 0; 0; 0; 9999; 9999; 9999
1995;03; 0; 0; 0; 5; 0; 0; 8; 0; 0; 0; 0; 0; 5; 562; 0; 148; 0; 0; 0; 35; 124; 140; 155; 8; 7; 0; 1; 0; 0; 153; 270
1995;04; 0; 0; 0; 0; 0; 0; 0; 0; 0; 5; 0; 125; 0; 0; 0; 0; 0; 0; 0; 0; 6; 0; 0; 0; 0; 0; 0; 0; 0; 0; 9999
1995;05; 0; 0; 748; 0; 0; 5; 424; 0; 0; 0; 0; 0; 0; 0; 0; 0; 0; 0; 10; 0; 0; 0; 0; 0; 0; 0; 5; 0; 0; 0; 0
1995;06; 0; 0; 0; 0; 0; 0; 0; 0; 0; 0; 0; 0; 0; 0; 0; 0; 0; 0; 0; 6; 0; 0; 0; 0; 0; 0; 0; 0; 0; 0; 9999
1995;07; 0; 0; 0; 0; 0; 0; 0; 125; 149; 250; 0; 0; 0; 0; 0; 0; 0; 0; 0; 0; 0; 0; 0; 0; 0; 0; 0; 0; 0; 0; 0
1995;08; 0; 0; 0; 0; 114; 0; 0; 0; 0; 0; 0; 0; 0; 0; 0; 0; 130; 0; 0; 0; 0; 0; 0; 0; 0; 0; 0; 0; 0; 0; 0
1995;09; 0; 0; 0; 0; 0; 0; 0; 0; 0; 0; 0; 5; 0; 0; 0; 0; 0; 150; 0; 0; 0; 0; 0; 0; 0; 0; 250; 472; 492; 0; 9999
1995;10; 0; 0; 191; 0; 0; 0; 0; 0; 120; 255; 0; 0; 0; 0; 0; 450; 388; 510; 890; 350; 0; 0; 0; 0; 0; 0; 0; 0; 360; 544; 250
1995;11; 0; 0; 0; 0; 0; 0; 0; 0; 0; 0; 155; 389; 0; 0; 290; 325; 0; 60; 0; 0; 5; 0; 0; 0; 0; 150; 0; 0; 0; 0; 9999
1995;12; 0; 0; 0; 4; 0; 390; 0; 0; 0; 0; 0; 0; 150; 265; 146; 0; 0; 0; 7; 53; 0; 375; 0; 250; 135; 380; 90; 552; 5; 52; 125
1996;01; 150; 211; 135; 246; 210; 246; 339; 250; 135; 260; 110; 0; 0; 0; 0; 0; 0; 0; 0; 0; 0; 0; 0; 0; 0; 0; 170; 0; 0; 0; 0
1996;02; 10; 120; 35; 0; 5; 180; 8; 172; 0; 630; 120; 149; 9; 5; 370; 0; 135; 0; 194; 39; 130; 669; 0; 0; 0; 0; 219; 85; 0; 9999; 9999
1996;03; 130; 77; 193; 0; 5; 280; 130; 213; 0; 0; 0; 180; 250; 171; 48; 150; 180; 210; 335; 25; 53; 8; 0; 0; 0; 0; 135; 0; 0; 0; 130
1996;04; 575; 18; 0; 0; 0; 0; 0; 0; 0; 4; 150; 0; 0; 0; 0; 0; 122; 260; 0; 0; 0; 0; 0; 0; 0; 0; 0; 0; 0; 0; 9999
1996;05; 0; 0; 0; 0; 0; 0; 0; 0; 0; 0; 0; 0; 0; 0; 0; 210; 0; 5; 0; 0; 0; 9; 5; 0; 0; 0; 0; 0; 0; 0; 0
1996;06; 0; 0; 0; 0; 0; 0; 0; 0; 0; 0; 0; 0; 0; 0; 0; 0; 0; 0; 0; 0; 0; 0; 0; 0; 0; 0; 0; 0; 130; 0; 9999
1996;07; 0; 0; 0; 0; 0; 0; 0; 0; 0; 0; 0; 0; 0; 0; 0; 0; 0; 5; 0; 0; 0; 0; 0; 0; 0; 0; 0; 0; 0; 8; 0
1996;08; 0; 0; 0; 0; 0; 0; 0; 0; 0; 0; 0; 42; 0; 0; 153; 0; 0; 0; 0; 0; 0; 0; 0; 0; 0; 0; 0; 0; 0; 0; 0
1996;09; 0; 150; 0; 0; 0; 277; 0; 0; 50; 270; 345; 220; 144; 0; 0; 0; 5; 0; 0; 0; 0; 0; 0; 0; 125; 7; 0; 0; 0; 0; 9999
1996;10; 0; 0; 0; 0; 0; 0; 0; 0; 0; 0; 0; 0; 0; 359; 0; 0; 0; 0; 0; 0; 125; 349; 160; 374; 0; 0; 0; 0; 0; 0; 0
1996;11; 5; 0; 0; 0; 0; 0; 0; 0; 0; 0; 0; 180; 6; 160; 288; 345; 420; 174; 390; 110; 0; 5; 0; 9; 0; 0; 0; 0; 0; 0; 9999
1996;12; 0; 0; 0; 0; 0; 2; 0; 8; 0; 0; 0; 10; 122; 0; 280; 0; 0; 0; 0; 0; 0; 0; 0; 0; 0; 0; 60; 0; 6; 0; 4
1997;01; 0; 5; 0; 177; 245; 0; 0; 0; 0; 0; 50; 4; 125; 0; 0; 0; 0; 110; 222; 145; 0; 0; 0; 0; 0; 0; 0; 0; 0; 0; 0
1997;02; 0; 0; 0; 0; 0; 0; 0; 0; 0; 0; 120; 330; 0; 0; 0; 1; 3; 0; 0; 0; 0; 0; 0; 0; 0; 5; 0; 120; 9999; 9999; 9999
1997;03; 0; 0; 0; 0; 230; 0; 0; 5; 144; 0; 0; 0; 0; 0; 5; 0; 130; 40; 0; 0; 0; 0; 0; 0; 0; 0; 0; 7; 2; 0; 0
