33
Ano,Mes,1,2,3,4,5,6,7,8,9,10,11,12,13,14,15,16,17,18,19,20,21,22,23,24,25,26,27,28,29,30,31
1970;05; 0; 0; 0; 0; 0; 0; 103; 175; 0; 0; 101; 1; 0; 1; 0; 0; 0; 0; 0; 0; 2; 0; 0; 0; 3; 0; 0; 0; 0; 0; 0
1970;06; 0; 0; 0; 0; 0; 0; 2; 0; 3; 0; 0; 1; 0; 0; 92; 10; 0; 0; 13; 2; 0; 0; 152; 86; 0; 0; 0; 0; 0; 0; 9999
1970;07; 1; 47; 1; 0; 0; 0; 0; 0; 0; 0; 7; 26; 13; 44; 21; 7; 0; 0; 0; 0; 0; 0; 0; 0; 0; 0; 0; 0; 0; 0; 0
1970;08; 0; 0; 0; 0; 0; 0; 0; 0; 0; 0; 0; 0; 0; 0; 0; 0; 0; 0; 0; 0; 0; 0; 0; 0; 0; 350; 240; 180; 150; 190; 169
1970;09; 0; 0; 0; 0; 0; 0; 104; 0; 0; 2; 284; 0; 47; 187; 0; 150; 11; 0; 0; 6; 22; 167; 0; 0; 0; 0; 0; 0; 198; 0; 9999
1970;10; 0; 51; 48; 72; 19; 0; 0; 113; 0; 0; 0; 0; 60; 0; 0; 0; 0; 29; 0; 65; 0; 3; 0; 0; 0; 0; 0; 0; 0; 0; 0
1970;11; 0; 0; 24; 0; 0; 0; 56; 312; 58; 0; 0; 0; 0; 37; 41; 0; 0; 0; 0; 0; 0; 86; 0; 0; 0; 0; 0; 0; 0; 111; 9999
1970;12; 44; 10; 0; 0; 0; 0; 0; 0; 0; 881; 27; 153; 25; 390; 0; 0; 150; 0; 0; 23; 356; 0; 0; 0; 0; 70; 54; 0; 0; 107; 0
1971;01; 113; 468; 12; 122; 3; 44; 146; 20; 0; 47; 0; 0; 132; 134; 71; 0; 0; 0; 0; 22; 531; 0; 0; 0; 0; 0; 0; 0; 26; 27; 7
1971;02; 88; 0; 0; 0; 0; 0; 0; 64; 4; 135; 0; 0; 151; 0; 14; 0; 0; 0; 0; 0; 0; 231; 155; 0; 0; 16; 0; 6; 9999; 9999; 9999
1971;03; 0; 0; 0; 149; 0; 95; 47; 0; 22; 0; 463; 90; 327; 0; 0; 0; 0; 0; 0; 0; 188; 6; 0; 532; 110; 94; 5; 9; 61; 0; 0
1971;04; 0; 0; 0; 0; 0; 0; 0; 0; 0; 9; 0; 0; 1; 0; 0; 67; 11; 0; 0; 0; 0; 31; 52; 8; 0; 0; 0; 0; 0; 0; 9999
1971;05; 0; 0; 107; 7; 105; 0; 0; 0; 17; 0; 0; 0; 0; 0; 0; 0; 3; 0; 0; 1; 2; 1; 0; 0; 87; 143; 0; 0; 0; 1; 0
1971;06; 0; 0; 0; 0; 0; 0; 1; 1; 51; 0; 0; 47; 39; 13; 3; 186; 58; 235; 290; 65; 16; 2; 0; 0; 0; 0; 0; 0; 0; 0; 9999
1971;07; 0; 0; 0; 0; 165; 9; 0; 0; 2; 0; 0; 0; 0; 0; 0; 1; 1; 0; 0; 0; 0; 0; 0; 0; 0; 0; 0; 17; 1; 130; 7
1971;08; 1; 1; 1; 0; 0; 0; 0; 27; 0; 0; 0; 0; 0; 0; 0; 1; 1; 1; 1; 0; 1; 0; 0; 0; 0; 0; 0; 0; 0; 0; 0
1971;09; 0; 0; 0; 0; 0; 0; 53; 15; 83; 1; 3; 60; 0; 0; 0; 0; 0; 0; 0; 0; 0; 0; 0; 38; 31; 12; 0; 0; 58; 0; 9999
1971;10; 356; 3; 0; 29; 0; 0; 54; 167; 0; 0; 0; 675; 11; 3; 0; 0; 0; 0; 0; 0; 0; 0; 0; 0; 0; 75; 0; 0; 0; 0; 1
1971;11; 18; 136; 0; 0; 0; 0; 3; 0; 0; 0; 0; 0; 76; 1; 0; 0; 0; 95; 0; 0; 0; 0; 0; 0; 19; 57; 0; 0; 0; 0; 9999
1971;12; 208; 0; 0; 0; 142; 0; 0; 0; 21; 15; 0; 0; 8; 331; 235; 0; 0; 0; 17; 122; 0; 0; 20; 29; 0; 0; 15; 223; 41; 80; 0
1972;01; 91; 66; 153; 18; 5; 66; 68; 205; 7; 80; 10; 9; 0; 0; 1; 0; 0; 0; 0; 0; 72; 418; 385; 109; 5; 0; 230; 153; 47; 28; 25
1972;02; 393; 0; 52; 8; 29; 0; 0; 30; 37; 149; 133; 4; 77; 10; 95; 0; 403; 45; 0; 709; 165; 4; 9; 2; 1007; 6; 66; 111; 0; 9999; 9999
1972;03; 0; 0; 67; 0; 0; 5; 20; 0; 0; 0; 30; 12; 0; 1; 0; 0; 0; 0; 0; 0; 0; 0; 0; 23; 0; 155; 0; 0; 0; 0; 0
1972;04; 265; 0; 222; 234; 0; 0; 0; 0; 1; 0; 0; 0; 1; 0; 0; 0; 0; 0; 0; 1; 0; 1; 0; 0; 1; 0; 0; 0; 2; 1; 9999
1972;05; 0; 0; 0; 0; 1; 0; 0; 195; 127; 0; 1; 1; 0; 2; 0; 1; 2; 0; 0; 1; 0; 0; 81; 53; 242; 2; 1; 0; 0; 0; 0
1972;06; 0; 0; 1; 0; 0; 0; 0; 0; 0; 0; 0; 1; 0; 1; 1; 1; 0; 0; 45; 1; 0; 0; 0; 0; 0; 0; 0; 0; 0; 0; 9999
1972;07; 0; 1; 0; 0; 0; 0; 0; 354; 0; 13; 0; 179; 613; 0; 21; 137; 11; 1; 0; 0; 0; 0; 0; 1; 1; 0; 73; 0; 0; 0; 0
1972;08; 0; 0; 0; 289; 23; 331; 24; 0; 0; 0; 0; 0; 0; 0; 0; 0; 1; 0; 0; 0; 0; 0; 102; 0; 81; 0; 0; 0; 0; 46; 0
1972;09; 0; 0; 0; 0; 0; 235; 60; 0; 0; 0; 98; 0; 0; 0; 0; 0; 0; 0; 0; 0; 0; 0; 116; 22; 246; 56; 0; 241; 92; 31; 9999
1972;10; 0; 29; 7; 567; 244; 0; 35; 0; 0; 85; 573; 0; 0; 0; 181; 0; 0; 0; 0; 0; 0; 0; 0; 0; 0; 0; 0; 0; 331; 5; 0
1972;11; 0; 199; 53; 71; 23; 0; 0; 0; 63; 42; 60; 53; 0; 0; 0; 187; 0; 40; 23; 35; 70; 0; 0; 0; 0; 116; 0; 0; 0; 0; 9999
1972;12; 757; 0; 0; 85; 123; 68; 0; 0; 0; 0; 0; 0; 0; 0; 0; 0; 0; 0; 0; 0; 0; 0; 435; 31; 0; 0; 0; 0; 58; 43; 50
1973;01; 115; 0; 3; 0; 41; 32; 0; 0; 0; 50; 0; 23; 0; 0; 0; 0; 0; 0; 268; 95; 230; 0; 108; 2; 0; 0; 31; 0; 0; 0; 0
1973;02; 0; 0; 0; 0; 113; 0; 0; 0; 0; 0; 0; 0; 0; 0; 412; 159; 23; 0; 0; 0; 0; 0; 0; 0; 23; 0; 0; 0; 9999; 9999; 9999
1973;03; 0; 0; 135; 0; 111; 0; 0; 0; 480; 0; 0; 0; 0; 0; 0; 0; 0; 0; 0; 0; 20; 0; 75; 0; 0; 0; 0; 0; 0; 53; 125
1973;04; 402; 165; 0; 0; 0; 0; 0; 0; 312; 230; 0; 0; 83; 0; 0; 0; 0; 0; 119; 0; 0; 0; 0; 0; 0; 0; 0; 0; 0; 0; 9999
1973;05; 0; 0; 0; 67; 0; 0; 0; 0; 0; 213; 0; 0; 0; 0; 0; 0; 0; 0; 0; 0; 0; 223; 0; 66; 0; 0; 0; 0; 0; 0; 0
1973;06; 1; 0; 0; 0; 0; 1; 0; 0; 0; 0; 0; 1; 0; 0; 0; 0; 0; 61; 0; 0; 0; 0; 0; 0; 153; 1; 160; 83; 0; 0; 9999
1973;07; 0; 0; 145; 1; 1; 1; 1; 0; 0; 0; 0; 0; 0; 0; 0; 0; 0; 8; 0; 0; 0; 0; 1; 0; 0; 0; 0; 63; 2; 2; 2
1973;08; 0; 0; 0; 0; 5; 126; 2; 2; 1; 0; 0; 0; 0; 0; 0; 0; 0; 0; 0; 0; 0; 0; 0; 1; 4; 0; 42; 40; 0; 0; 0
1973;09; 0; 276; 92; 0; 0; 0; 11; 0; 0; 10; 0; 0; 0; 16; 0; 0; 0; 0; 0; 0; 12; 35; 0; 0; 0; 15; 11; 0; 0; 0; 9999
1973;10; 0; 0; 0; 0; 0; 0; 250; 0; 59; 0; 34; 145; 0; 0; 0; 0; 0; 0; 90; 0; 0; 0; 0; 0; 0; 0; 0; 0; 0; 0; 323
1973;11; 381; 9; 35; 0; 6; 11; 0; 0; 0; 0; 0; 0; 6; 53; 0; 0; 0; 270; 16; 0; 0; 0; 0; 0; 64; 3; 0; 0; 0; 0; 9999
1973;12; 35; 0; 0; 358; 13; 225; 191; 118; 0; 0; 0; 0; 0; 0; 0; 67; 39; 27; 0; 21; 350; 0; 0; 97; 13; 37; 0; 0; 59; 221; 270
1974;01; 81; 15; 11; 0; 0; 329; 0; 7; 4; 35; 41; 87; 445; 2; 71; 119; 89; 0; 185; 79; 0; 0; 0; 0; 3; 0; 11; 144; 7; 126; 253
1974;02; 68; 329; 325; 0; 0; 0; 0; 0; 0; 0; 0; 239; 0; 0; 0; 0; 0; 303; 0; 0; 0; 44; 0; 81; 115; 0; 0; 0; 9999; 9999; 9999
1974;03; 0; 0; 0; 0; 0; 0; 0; 47; 81; 35; 204; 623; 0; 65; 243; 5; 92; 543; 312; 274; 182; 0; 0; 0; 51; 103; 0; 0; 0; 0; 0
1974;04; 0; 0; 0; 0; 146; 6; 0; 0; 0; 0; 0; 0; 0; 0; 0; 0; 0; 0; 0; 0; 0; 0; 0; 0; 37; 0; 0; 0; 0; 0; 9999
1974;05; 0; 0; 0; 0; 0; 0; 0; 0; 0; 0; 0; 0; 24; 0; 0; 0; 0; 0; 0; 47; 0; 0; 0; 0; 0; 0; 0; 0; 0; 0; 0
1974;06; 0; 0; 36; 1; 2; 0; 34; 15; 0; 24; 18; 359; 68; 0; 2; 0; 0; 0; 1; 1; 0; 162; 0; 0; 224; 172; 125; 0; 0; 0; 9999
1974;07; 1; 1; 0; 0; 0; 0; 0; 0; 1; 0; 0; 0; 0; 0; 0; 0; 0; 0; 0; 0; 2; 0; 0; 0; 0; 0; 0; 0; 0; 0; 0
1974;08; 1; 0; 0; 0; 0; 0; 0; 0; 4; 0; 0; 0; 0; 0; 118; 0; 0; 0; 0; 0; 0; 0; 0; 0; 0; 0; 0; 9; 0; 7; 0
1974;09; 0; 0; 0; 5; 0; 0; 0; 0; 0; 0; 0; 0; 0; 0; 0; 0; 0; 0; 0; 12; 0; 0; 0; 0; 0; 9; 0; 0; 137; 0; 9999
1974;10; 0; 85; 4; 161; 336; 0; 0; 0; 15; 0; 0; 0; 0; 0; 0; 0; 14; 0; 17; 0; 0; 83; 0; 0; 158; 0; 0; 18; 253; 297; 0
1974;11; 0; 0; 0; 0; 0; 32; 19; 0; 0; 0; 0; 0; 48; 0; 0; 0; 0; 0; 0; 0; 310; 0; 107; 0; 0; 0; 0; 105; 0; 0; 9999
1974;12; 81; 0; 169; 385; 87; 169; 0; 0; 0; 0; 34; 0; 65; 146; 21; 0; 34; 175; 233; 8; 42; 227; 134; 280; 0; 0; 0; 315; 0; 495; 94
1975;01; 53; 92; 0; 0; 0; 0; 97; 0; 0; 5; 31; 119; 95; 41; 115; 789; 0; 0; 0; 0; 0; 0; 0; 0; 0; 45; 25; 0; 0; 188; 0
1975;02; 0; 37; 70; 43; 449; 282; 35; 81; 63; 35; 0; 0; 0; 0; 0; 0; 43; 18; 105; 179; 0; 0; 293; 60; 31; 0; 0; 340; 9999; 9999; 9999
1975;03; 4; 0; 281; 0; 0; 0; 0; 12; 185; 3; 0; 0; 0; 0; 0; 196; 0; 0; 0; 0; 6; 0; 29; 0; 99; 0; 0; 0; 0; 6; 33
1975;04; 0; 0; 0; 0; 0; 0; 0; 0; 0; 291; 403; 11; 0; 0; 162; 27; 0; 0; 0; 0; 0; 0; 0; 0; 0; 0; 0; 0; 0; 0; 9999
1975;05; 33; 0; 0; 45; 0; 141; 20; 0; 0; 0; 0; 0; 0; 0; 0; 0; 0; 0; 0; 0; 0; 0; 0; 0; 0; 0; 0; 2; 0; 2; 0
1975;06; 0; 0; 5; 0; 3; 0; 0; 0; 2; 0; 0; 1; 1; 0; 0; 0; 2; 0; 0; 1; 0; 0; 0; 0; 0; 0; 2; 1; 0; 0; 9999
1975;07; 12; 1; 0; 139; 3; 41; 0; 2; 0; 0; 0; 0; 0; 2; 0; 0; 73; 93; 5; 3; 0; 0; 0; 0; 0; 0; 0; 0; 0; 0; 0
1975;08; 0; 0; 0; 0; 0; 0; 0; 0; 0; 0; 0; 0; 0; 0; 1; 0; 0; 0; 0; 0; 0; 0; 0; 0; 0; 0; 0; 0; 0; 0; 0
1975;09; 0; 0; 0; 0; 0; 0; 0; 0; 0; 0; 0; 0; 0; 0; 0; 0; 0; 0; 0; 0; 0; 0; 39; 0; 0; 25; 0; 0; 0; 0; 9999
1975;10; 282; 117; 0; 70; 62; 43; 0; 241; 0; 0; 0; 0; 0; 0; 204; 0; 0; 0; 54; 0; 0; 0; 0; 0; 0; 0; 0; 0; 0; 0; 12
1975;11; 18; 0; 0; 0; 0; 0; 284; 0; 0; 82; 0; 3; 0; 0; 0; 0; 107; 180; 0; 13; 228; 0; 0; 0; 143; 320; 2; 0; 63; 753; 9999
1975;12; 37; 25; 0; 0; 0; 0; 0; 0; 0; 143; 0; 0; 243; 135; 0; 0; 0; 0; 457; 160; 0; 0; 473; 0; 89; 15; 0; 143; 280; 50; 0
1976;01; 0; 37; 453; 33; 0; 0; 18; 230; 0; 0; 0; 240; 0; 0; 0; 20; 48; 0; 0; 0; 183; 13; 1; 0; 0; 0; 304; 234; 32; 0; 318
1976;02; 163; 0; 86; 153; 74; 70; 293; 465; 468; 10; 0; 0; 0; 0; 0; 0; 0; 60; 0; 0; 0; 0; 0; 25; 30; 0; 36; 16; 53; 9999; 9999
1976;03; 23; 40; 95; 507; 0; 0; 0; 0; 0; 0; 0; 0; 0; 0; 0; 0; 0; 133; 286; 383; 35; 21; 0; 0; 0; 55; 0; 0; 0; 0; 2
1976;04; 0; 0; 0; 0; 0; 0; 0; 0; 0; 71; 110; 200; 120; 140; 135; 0; 0; 0; 0; 0; 0; 0; 180; 0; 0; 0; 0; 0; 0; 0; 9999
1976;05; 0; 0; 0; 0; 0; 0; 0; 0; 0; 130; 0; 105; 0; 0; 0; 0; 75; 76; 0; 0; 99; 82; 0; 0; 0; 0; 0; 274; 602; 0; 0
1976;06; 0; 0; 0; 0; 67; 768; 0; 2; 0; 0; 0; 0; 24; 108; 0; 0; 0; 2; 0; 0; 0; 0; 0; 0; 0; 0; 0; 0; 0; 0; 9999
1976;07; 35; 97; 347; 59; 10; 2; 0; 30; 145; 90; 0; 0; 0; 0; 0; 0; 2; 0; 0; 0; 2; 0; 0; 0; 0; 0; 0; 0; 2; 0; 0
1976;08; 0; 0; 0; 0; 0; 4; 0; 0; 0; 145; 0; 172; 263; 347; 0; 0; 0; 0; 188; 51; 5; 0; 0; 0; 0; 0; 0; 0; 0; 0; 0
1976;09; 0; 0; 0; 0; 0; 152; 121; 295; 0; 0; 0; 0; 57; 132; 15; 153; 0; 0; 0; 0; 0; 0; 127; 0; 0; 0; 346; 534; 0; 0; 9999
1976;10; 0; 0; 0; 0; 0; 77; 0; 0; 327; 652; 0; 0; 0; 0; 0; 0; 0; 119; 128; 0; 0; 0; 0; 0; 136; 44; 0; 0; 0; 0; 0
1976;11; 32; 0; 0; 45; 140; 417; 0; 0; 0; 0; 0; 0; 0; 180; 0; 3; 9; 0; 0; 157; 215; 0; 0; 0; 0; 115; 175; 0; 0; 0; 9999
1976;12; 0; 118; 0; 0; 0; 7; 0; 0; 200; 0; 0; 62; 0; 0; 20; 73; 80; 0; 0; 0; 72; 0; 14; 62; 100; 52; 75; 0; 0; 0; 0
1977;01; 95; 6; 64; 0; 288; 187; 377; 185; 0; 0; 0; 0; 14; 8; 0; 0; 161; 27; 290; 5; 0; 0; 0; 163; 0; 0; 407; 74; 87; 232; 5
1977;02; 495; 0; 0; 129; 55; 124; 9; 28; 0; 0; 21; 0; 0; 0; 0; 0; 0; 0; 0; 0; 0; 65; 0; 0; 0; 0; 0; 0; 9999; 9999; 9999
1977;03; 4; 0; 0; 0; 411; 31; 0; 291; 0; 0; 0; 0; 0; 0; 5; 0; 211; 0; 0; 113; 4; 188; 144; 0; 0; 0; 0; 0; 157; 728; 97
1977;04; 97; 2; 0; 19; 31; 0; 0; 0; 237; 343; 0; 0; 0; 0; 0; 0; 0; 0; 53; 135; 152; 0; 0; 0; 0; 0; 0; 0; 0; 0; 9999
1977;05; 0; 85; 0; 0; 0; 0; 0; 43; 0; 0; 0; 0; 0; 0; 0; 0; 3; 0; 0; 0; 0; 0; 0; 0; 0; 0; 0; 0; 0; 0; 0
1977;06; 0; 43; 4; 12; 273; 21; 0; 0; 0; 0; 0; 0; 0; 0; 4; 63; 0; 0; 0; 0; 0; 6; 14; 0; 34; 0; 0; 0; 0; 0; 9999
1977;07; 0; 0; 0; 0; 0; 0; 0; 0; 0; 0; 0; 0; 0; 0; 0; 0; 0; 49; 0; 0; 0; 2; 92; 0; 67; 0; 0; 0; 0; 0; 0
1977;08; 0; 0; 0; 0; 0; 0; 0; 0; 0; 0; 0; 0; 0; 0; 0; 0; 0; 0; 0; 0; 0; 0; 0; 0; 0; 0; 0; 0; 0; 113; 51
1977;09; 0; 27; 0; 0; 0; 0; 87; 357; 0; 0; 0; 0; 0; 0; 0; 0; 0; 3; 78; 0; 82; 0; 8; 72; 104; 0; 0; 0; 0; 0; 9999
1977;10; 0; 59; 0; 0; 0; 0; 0; 0; 0; 0; 0; 0; 0; 0; 0; 0; 437; 4; 0; 0; 0; 0; 0; 0; 23; 39; 14; 94; 114; 0; 0
1977;11; 0; 29; 0; 21; 0; 0; 57; 0; 0; 84; 63; 4; 0; 249; 13; 0; 0; 0; 61; 0; 0; 0; 259; 0; 0; 25; 0; 591; 21; 35; 9999
1977;12; 121; 641; 52; 21; 51; 31; 0; 191; 0; 0; 392; 0; 0; 0; 0; 0; 0; 0; 12; 232; 35; 273; 287; 0; 0; 0; 0; 0; 0; 0; 0
1978;01; 92; 3; 14; 0; 0; 75; 112; 0; 0; 3; 7; 0; 0; 0; 0; 3; 77; 0; 0; 0; 0; 2; 0; 0; 0; 0; 251; 97; 0; 0; 44
1978;02; 0; 0; 0; 0; 0; 0; 281; 0; 0; 0; 0; 18; 52; 0; 0; 46; 37; 0; 0; 0; 0; 112; 0; 0; 0; 0; 0; 497; 9999; 9999; 9999
1978;03; 0; 0; 214; 114; 68; 0; 6; 151; 46; 103; 345; 6; 0; 67; 0; 0; 0; 0; 0; 0; 0; 0; 0; 5; 0; 0; 0; 9; 73; 147; 0
1978;04; 0; 0; 0; 0; 0; 0; 0; 0; 0; 0; 0; 0; 0; 0; 0; 0; 0; 0; 0; 0; 0; 0; 0; 4; 0; 0; 0; 0; 0; 0; 9999
1978;05; 0; 0; 0; 0; 0; 0; 0; 0; 0; 0; 0; 0; 0; 0; 91; 664; 171; 45; 0; 0; 251; 5; 3; 0; 0; 0; 0; 0; 0; 13; 0
1978;06; 0; 0; 0; 0; 0; 0; 0; 0; 354; 0; 0; 0; 0; 0; 0; 0; 0; 0; 0; 0; 0; 0; 0; 0; 0; 0; 0; 0; 0; 0; 9999
1978;07; 0; 0; 0; 0; 1; 0; 0; 0; 0; 1; 0; 0; 0; 2; 0; 29; 2; 141; 1; 0; 188; 111; 100; 0; 3; 0; 0; 0; 1; 0; 0
1978;08; 1; 1; 2; 1; 2; 0; 0; 0; 0; 0; 0; 0; 5; 0; 1; 0; 0; 0; 0; 1; 0; 0; 0; 0; 0; 0; 0; 0; 0; 0; 0
1978;09; 53; 23; 0; 0; 9; 205; 0; 110; 0; 0; 0; 0; 0; 20; 2; 403; 0; 0; 0; 0; 0; 0; 0; 0; 0; 0; 0; 0; 0; 0; 9999
1978;10; 0; 0; 0; 0; 0; 0; 0; 0; 0; 0; 10; 0; 0; 71; 0; 0; 54; 54; 400; 12; 0; 0; 0; 0; 0; 0; 0; 22; 52; 70; 453
1978;11; 2; 0; 0; 150; 127; 142; 0; 0; 0; 0; 480; 130; 0; 0; 0; 50; 383; 29; 0; 0; 0; 0; 70; 21; 0; 0; 0; 190; 0; 0; 9999
1978;12; 0; 0; 4; 0; 32; 0; 19; 274; 47; 19; 0; 0; 0; 0; 290; 70; 43; 0; 0; 0; 0; 0; 0; 0; 0; 40; 590; 14; 2; 37; 40
1979;01; 0; 280; 50; 100; 0; 0; 0; 0; 0; 0; 0; 38; 0; 0; 0; 0; 0; 0; 0; 0; 36; 0; 0; 0; 0; 200; 0; 0; 250; 76; 0
1979;02; 0; 0; 0; 0; 16; 0; 0; 0; 0; 60; 180; 31; 124; 210; 170; 0; 0; 0; 17; 0; 0; 0; 20; 36; 0; 0; 0; 0; 9999; 9999; 9999
1979;03; 0; 100; 0; 0; 0; 0; 0; 0; 0; 140; 128; 520; 221; 0; 0; 0; 0; 0; 0; 270; 0; 0; 0; 0; 100; 0; 0; 0; 0; 0; 0
1979;04; 0; 0; 0; 78; 15; 2; 0; 0; 0; 0; 2; 0; 0; 0; 0; 0; 0; 0; 60; 7; 0; 0; 0; 0; 0; 0; 1; 0; 46; 230; 9999
1979;05; 0; 0; 0; 410; 100; 55; 33; 23; 1; 0; 0; 0; 150; 0; 81; 2; 2; 0; 0; 0; 2; 0; 2; 0; 1; 0; 0; 0; 0; 162; 1
1979;06; 3; 1; 0; 1; 0; 1; 2; 0; 0; 2; 2; 0; 0; 0; 0; 0; 0; 0; 1; 0; 0; 1; 0; 0; 0; 0; 2; 2; 1; 2; 9999
1979;07; 0; 1; 0; 2; 0; 0; 1; 2; 0; 71; 0; 2; 2; 1; 0; 0; 2; 1; 2; 177; 0; 0; 0; 0; 0; 159; 1; 2; 2; 0; 0
1979;08; 0; 0; 0; 0; 0; 1; 0; 0; 1; 0; 0; 0; 188; 0; 269; 2; 0; 239; 327; 14; 0; 2; 1; 2; 1; 0; 94; 1; 0; 0; 1
1979;09; 0; 0; 55; 0; 157; 0; 0; 0; 0; 0; 7; 150; 1; 153; 12; 97; 25; 130; 0; 1; 0; 0; 151; 5; 0; 0; 0; 0; 0; 0; 9999
1979;10; 43; 16; 0; 0; 0; 0; 0; 285; 243; 0; 0; 0; 0; 193; 28; 0; 0; 0; 0; 0; 0; 0; 0; 0; 0; 0; 24; 0; 23; 0; 77
1979;11; 0; 9; 5; 1; 0; 0; 0; 0; 167; 97; 143; 0; 0; 0; 25; 0; 0; 0; 0; 0; 0; 0; 53; 0; 9; 111; 0; 0; 0; 0; 9999
1979;12; 0; 28; 0; 0; 77; 0; 0; 0; 0; 235; 0; 265; 111; 3; 13; 199; 77; 0; 0; 0; 0; 0; 0; 0; 36; 0; 133; 0; 0; 0; 0
1980;01; 42; 0; 0; 0; 0; 0; 4; 66; 0; 118; 9; 0; 46; 0; 0; 0; 0; 7; 71; 0; 323; 88; 253; 112; 45; 545; 38; 0; 0; 0; 0
1980;02; 216; 0; 0; 0; 0; 0; 0; 6; 228; 134; 79; 37; 234; 7; 0; 122; 0; 273; 9; 4; 2; 0; 0; 21; 13; 37; 89; 21; 14; 9999; 9999
1980;03; 111; 1; 12; 0; 22; 266; 33; 0; 0; 0; 0; 11; 0; 133; 0; 172; 35; 1; 0; 0; 0; 1; 0; 0; 0; 0; 0; 0; 0; 1; 0
1980;04; 0; 0; 0; 443; 146; 65; 1; 0; 1; 172; 0; 19; 88; 5; 222; 16; 1; 2; 2; 3; 1; 2; 2; 0; 2; 0; 1; 2; 1; 2; 9999
1980;05; 0; 119; 0; 1; 2; 2; 1; 0; 1; 1; 72; 3; 2; 1; 1; 2; 1; 2; 1; 0; 0; 4; 1; 2; 3; 2; 1; 2; 0; 0; 0
1980;06; 0; 0; 18; 41; 2; 2; 3; 2; 1; 0; 0; 0; 0; 20; 2; 3; 2; 1; 0; 0; 2; 5; 2; 0; 116; 295; 267; 2; 2; 2; 9999
1980;07; 2; 1; 0; 1; 3; 2; 3; 2; 1; 1; 1; 2; 1; 0; 0; 1; 1; 2; 1; 1; 0; 1; 59; 1; 2; 0; 0; 6; 1; 0; 0
1980;08; 0; 1; 2; 2; 0; 0; 62; 0; 0; 1; 0; 1; 1; 2; 0; 95; 0; 2; 0; 0; 0; 0; 8; 6; 1; 0; 3; 2; 0; 0; 0
1980;09; 0; 0; 0; 0; 0; 0; 0; 0; 0; 0; 0; 0; 0; 2; 18; 0; 0; 212; 20; 65; 188; 124; 0; 1; 0; 0; 0; 72; 0; 1; 9999
1980;10; 0; 0; 0; 1; 0; 0; 0; 0; 185; 0; 0; 289; 0; 0; 0; 0; 0; 0; 0; 0; 0; 0; 0; 0; 0; 0; 53; 0; 0; 0; 5
1980;11; 0; 0; 0; 0; 0; 0; 78; 296; 247; 0; 0; 0; 0; 0; 0; 0; 0; 0; 0; 0; 0; 0; 30; 113; 8; 0; 0; 0; 506; 308; 9999
1980;12; 256; 306; 0; 38; 0; 46; 3; 9; 0; 0; 0; 131; 5; 131; 0; 0; 0; 0; 0; 98; 64; 223; 20; 0; 0; 57; 0; 0; 42; 215; 0
1981;01; 0; 0; 0; 0; 150; 18; 153; 204; 9; 221; 0; 114; 198; 0; 328; 154; 0; 0; 0; 12; 214; 847; 33; 0; 0; 91; 0; 2; 0; 0; 0
1981;02; 0; 0; 6; 35; 0; 76; 0; 0; 7; 0; 0; 0; 21; 0; 6; 0; 0; 0; 0; 538; 35; 78; 0; 2; 0; 0; 0; 0; 9999; 9999; 9999
1981;03; 0; 0; 0; 0; 0; 0; 14; 0; 0; 0; 1; 0; 0; 0; 0; 292; 463; 0; 122; 0; 0; 0; 0; 0; 0; 0; 0; 49; 74; 63; 0
1981;04; 0; 0; 0; 0; 0; 0; 1; 1; 0; 0; 0; 0; 1; 1; 0; 216; 0; 0; 1; 1; 1; 0; 0; 0; 0; 1; 32; 286; 0; 4; 9999
1981;05; 0; 0; 2; 136; 6; 2; 0; 3; 0; 0; 0; 1; 0; 0; 0; 0; 0; 1; 72; 0; 35; 2; 1; 0; 1; 0; 0; 2; 1; 0; 1
1981;06; 1; 1; 2; 2; 2; 1; 9999; 8; 2; 2; 0; 0; 0; 1; 2; 215; 59; 1; 1; 1; 0; 1; 3; 1; 0; 0; 1; 2; 0; 0; 9999
1981;07; 0; 0; 0; 1; 0; 1; 0; 1; 1; 0; 0; 1; 1; 0; 0; 0; 0; 0; 6; 10; 0; 0; 0; 0; 0; 0; 1; 2; 0; 0; 0
1981;08; 0; 0; 0; 0; 0; 0; 0; 0; 0; 0; 0; 0; 1; 2; 1; 2; 1; 17; 8; 0; 0; 1; 0; 0; 0; 0; 0; 0; 0; 0; 0
1981;09; 0; 0; 0; 4; 0; 0; 0; 0; 0; 0; 0; 0; 0; 0; 1; 0; 0; 0; 0; 0; 0; 0; 0; 0; 0; 65; 0; 0; 63; 0; 9999
1981;10; 0; 0; 0; 11; 0; 99; 204; 24; 0; 0; 58; 0; 10; 0; 0; 113; 0; 0; 0; 456; 0; 0; 0; 0; 0; 0; 178; 410; 0; 233; 3
1981;11; 5; 0; 68; 254; 0; 0; 0; 0; 46; 470; 14; 0; 0; 4; 0; 0; 6; 0; 415; 0; 64; 0; 0; 0; 0; 0; 0; 0; 0; 0; 9999
1981;12; 156; 263; 0; 0; 156; 312; 156; 21; 109; 166; 0; 0; 223; 0; 0; 0; 13; 0; 0; 0; 0; 0; 0; 40; 226; 0; 0; 0; 8; 0; 0
1982;01; 0; 446; 0; 0; 0; 0; 0; 450; 314; 52; 328; 195; 0; 0; 0; 0; 0; 0; 0; 0; 0; 0; 469; 0; 0; 0; 29; 137; 58; 39; 47
1982;02; 8; 13; 10; 8; 273; 252; 180; 52; 0; 0; 65; 0; 0; 0; 0; 0; 12; 10; 0; 67; 0; 0; 0; 126; 109; 178; 0; 761; 9999; 9999; 9999
1982;03; 13; 272; 0; 0; 0; 0; 0; 0; 0; 253; 177; 0; 0; 0; 43; 73; 6; 166; 0; 0; 0; 174; 0; 0; 0; 3; 1; 0; 0; 0; 0
1982;04; 0; 1; 0; 0; 0; 0; 1; 0; 0; 1; 0; 0; 164; 4; 761; 0; 0; 0; 0; 0; 0; 2; 0; 0; 0; 0; 0; 0; 0; 0; 9999
1982;05; 0; 2; 0; 0; 0; 0; 1; 0; 0; 1; 0; 0; 0; 0; 0; 0; 0; 0; 87; 36; 0; 0; 18; 0; 208; 58; 0; 0; 0; 1; 140
1982;06; 33; 1; 0; 0; 1; 1; 0; 1; 0; 1; 0; 292; 0; 83; 0; 50; 0; 0; 1; 1; 65; 0; 251; 14; 84; 340; 0; 0; 310; 0; 9999
1982;07; 204; 0; 1; 0; 0; 0; 0; 0; 0; 0; 0; 0; 38; 112; 3; 4; 1; 6; 188; 3; 2; 2; 0; 0; 0; 0; 1; 0; 0; 28; 0
1982;08; 1; 0; 17; 42; 7; 0; 1; 59; 0; 1; 31; 0; 0; 0; 0; 0; 0; 0; 132; 2; 0; 0; 0; 0; 0; 0; 0; 0; 0; 0; 0
1982;09; 0; 0; 0; 1; 0; 25; 0; 0; 0; 1; 0; 0; 0; 14; 0; 0; 0; 0; 0; 0; 0; 1; 0; 0; 0; 0; 0; 36; 0; 0; 9999
1982;10; 0; 325; 34; 0; 0; 8; 103; 100; 148; 0; 88; 0; 409; 91; 2; 0; 1; 140; 62; 0; 80; 62; 18; 0; 0; 0; 0; 54; 0; 5; 0
1982;11; 0; 0; 294; 0; 66; 47; 0; 0; 0; 0; 230; 385; 0; 65; 206; 0; 0; 0; 0; 113; 331; 77; 4; 0; 0; 29; 270; 326; 134; 0; 9999
1982;12; 329; 0; 387; 0; 0; 0; 343; 2; 0; 0; 268; 36; 29; 252; 230; 591; 267; 34; 314; 18; 89; 349; 43; 19; 0; 0; 35; 65; 10; 44; 65
1983;01; 13; 0; 0; 0; 77; 96; 330; 59; 134; 103; 0; 203; 462; 5; 239; 514; 88; 267; 17; 5; 77; 0; 0; 36; 64; 0; 0; 167; 0; 58; 247
1983;02; 177; 317; 52; 10; 0; 0; 0; 76; 0; 32; 44; 0; 286; 4; 240; 0; 0; 0; 0; 0; 0; 0; 38; 231; 14; 0; 0; 233; 9999; 9999; 9999
1983;03; 0; 94; 107; 42; 0; 536; 5; 25; 3; 0; 0; 0; 140; 92; 0; 0; 0; 0; 132; 134; 0; 0; 0; 0; 0; 0; 102; 16; 2; 0; 0
1983;04; 0; 0; 0; 0; 0; 8; 587; 0; 0; 0; 0; 14; 0; 0; 0; 9; 0; 83; 0; 0; 2; 114; 0; 4; 356; 329; 9; 3; 2; 0; 9999
1983;05; 0; 0; 0; 0; 0; 2; 2; 0; 44; 18; 1; 0; 405; 13; 1; 0; 0; 23; 2; 223; 6; 4; 82; 322; 4; 0; 2; 76; 431; 617; 663
1983;06; 8; 14; 123; 72; 316; 264; 535; 3; 6; 266; 10; 0; 0; 0; 0; 3; 1; 0; 0; 0; 0; 0; 0; 0; 0; 5; 0; 0; 124; 2; 9999
1983;07; 0; 2; 0; 0; 0; 0; 0; 0; 0; 0; 0; 0; 0; 3; 0; 0; 0; 39; 2; 25; 285; 4; 0; 0; 0; 0; 0; 0; 0; 0; 0
1983;08; 0; 21; 0; 0; 0; 0; 0; 0; 0; 0; 0; 0; 0; 0; 0; 0; 0; 0; 0; 0; 0; 0; 0; 0; 0; 0; 0; 0; 0; 0; 0
1983;09; 0; 13; 27; 7; 115; 642; 244; 87; 19; 0; 0; 3; 74; 6; 0; 174; 4; 252; 418; 3; 0; 0; 31; 365; 112; 0; 0; 0; 0; 0; 9999
1983;10; 0; 0; 0; 0; 0; 0; 0; 0; 0; 0; 0; 0; 158; 164; 41; 0; 0; 38; 296; 0; 0; 231; 118; 115; 0; 0; 0; 0; 0; 0; 0
1983;11; 49; 47; 407; 0; 115; 0; 0; 0; 0; 0; 30; 128; 84; 0; 0; 14; 0; 0; 0; 211; 0; 493; 0; 0; 0; 0; 0; 0; 0; 0; 9999
1983;12; 0; 0; 0; 0; 0; 0; 8; 0; 0; 0; 340; 104; 0; 47; 414; 172; 0; 0; 22; 232; 124; 111; 126; 374; 0; 2; 182; 204; 35; 389; 13
1984;01; 0; 0; 156; 157; 0; 2; 0; 0; 0; 0; 19; 4; 0; 0; 0; 0; 0; 0; 0; 0; 95; 24; 105; 0; 0; 38; 615; 31; 125; 0; 112
1984;02; 0; 49; 3; 0; 0; 0; 0; 29; 0; 0; 109; 0; 0; 0; 0; 0; 14; 1; 0; 0; 0; 33; 0; 0; 0; 0; 0; 0; 314; 9999; 9999
1984;03; 0; 0; 0; 0; 0; 0; 131; 121; 1; 0; 0; 0; 0; 0; 0; 0; 0; 0; 0; 0; 0; 219; 0; 0; 0; 0; 35; 0; 0; 0; 0
1984;04; 0; 0; 25; 40; 4; 0; 0; 0; 0; 0; 0; 0; 0; 0; 0; 12; 10; 0; 0; 0; 0; 0; 12; 14; 402; 0; 0; 0; 0; 10; 9999
1984;05; 10; 4; 205; 0; 2; 1; 0; 0; 43; 0; 0; 38; 214; 14; 117; 0; 0; 15; 2; 1; 0; 0; 0; 0; 0; 0; 0; 0; 0; 0; 17
1984;06; 0; 0; 0; 0; 0; 0; 0; 0; 0; 7; 0; 0; 0; 0; 1; 0; 0; 1; 0; 0; 0; 0; 0; 0; 0; 0; 0; 0; 0; 0; 9999
1984;07; 1; 0; 0; 0; 0; 0; 0; 0; 0; 0; 0; 0; 0; 0; 0; 0; 0; 0; 0; 0; 0; 0; 0; 0; 0; 0; 0; 31; 0; 1; 1
1984;08; 0; 0; 263; 35; 1; 0; 0; 0; 1; 2; 0; 0; 0; 0; 0; 0; 0; 0; 0; 110; 41; 88; 225; 2; 32; 59; 0; 0; 0; 0; 105
1984;09; 1; 2; 0; 0; 0; 1; 97; 0; 357; 0; 0; 2; 0; 0; 0; 0; 8; 0; 0; 0; 444; 0; 0; 0; 0; 140; 277; 4; 0; 0; 9999
1984;10; 0; 0; 0; 0; 0; 0; 0; 0; 0; 0; 0; 0; 0; 0; 0; 0; 0; 342; 73; 41; 0; 0; 0; 0; 0; 0; 0; 0; 0; 0; 0
1984;11; 0; 0; 0; 0; 0; 0; 0; 45; 0; 0; 21; 563; 38; 0; 0; 0; 0; 0; 0; 0; 359; 0; 0; 0; 0; 252; 393; 0; 0; 0; 9999
1984;12; 12; 134; 9; 1; 0; 142; 0; 55; 0; 0; 0; 88; 679; 608; 144; 0; 42; 204; 0; 0; 0; 0; 0; 0; 0; 22; 6; 4; 7; 10; 137
1985;01; 224; 5; 0; 0; 0; 8; 34; 227; 91; 0; 0; 0; 0; 29; 4; 3; 166; 0; 0; 0; 29; 11; 143; 55; 0; 39; 10; 152; 0; 0; 0
1985;02; 229; 0; 85; 0; 31; 9; 59; 0; 32; 0; 224; 348; 42; 4; 0; 15; 0; 521; 4; 0; 0; 97; 73; 0; 0; 23; 192; 3; 9999; 9999; 9999
1985;03; 4; 28; 4; 148; 10; 47; 112; 0; 0; 16; 149; 0; 0; 0; 0; 337; 102; 519; 0; 0; 248; 3; 535; 0; 0; 0; 0; 0; 0; 0; 0
1985;04; 0; 0; 0; 69; 0; 24; 0; 6; 69; 0; 0; 0; 0; 0; 0; 211; 272; 58; 43; 0; 0; 0; 0; 0; 0; 51; 90; 0; 3; 0; 9999
1985;05; 69; 56; 0; 1; 2; 2; 0; 0; 2; 0; 0; 0; 0; 0; 0; 0; 0; 0; 0; 0; 275; 205; 0; 0; 1; 2; 1; 2; 1; 0; 1
1985;06; 0; 0; 0; 272; 2; 0; 0; 0; 0; 19; 0; 2; 2; 0; 0; 1; 0; 0; 0; 2; 1; 2; 0; 0; 0; 0; 2; 3; 6; 0; 9999
1985;07; 0; 0; 0; 0; 0; 17; 6; 3; 2; 1; 0; 0; 0; 0; 0; 0; 0; 0; 0; 5; 0; 0; 0; 0; 0; 1; 0; 0; 0; 0; 0
1985;08; 0; 0; 0; 0; 0; 0; 0; 0; 0; 0; 0; 0; 0; 0; 0; 0; 0; 0; 0; 0; 0; 65; 16; 0; 0; 0; 0; 91; 0; 0; 21
1985;09; 99; 8; 0; 365; 97; 123; 0; 0; 0; 0; 0; 0; 0; 0; 0; 0; 0; 0; 0; 0; 59; 0; 0; 0; 0; 0; 0; 0; 41; 12; 9999
1985;10; 0; 0; 0; 0; 0; 0; 0; 0; 0; 115; 0; 0; 0; 0; 0; 0; 0; 0; 0; 0; 0; 0; 0; 0; 0; 0; 0; 0; 111; 12; 4
1985;11; 0; 216; 110; 62; 0; 0; 0; 0; 0; 0; 0; 0; 0; 0; 0; 0; 0; 0; 0; 0; 156; 0; 2; 0; 18; 68; 7; 0; 0; 0; 9999
1985;12; 0; 0; 0; 95; 0; 0; 0; 0; 0; 0; 0; 0; 0; 0; 0; 0; 0; 0; 0; 0; 41; 0; 160; 41; 17; 140; 43; 0; 0; 0; 0
1986;01; 0; 0; 0; 0; 11; 0; 0; 0; 0; 0; 0; 164; 0; 169; 66; 0; 0; 0; 0; 0; 0; 233; 29; 0; 342; 33; 0; 0; 0; 0; 17
1986;02; 0; 0; 215; 0; 0; 0; 0; 11; 13; 590; 0; 26; 40; 0; 101; 35; 69; 52; 123; 0; 438; 39; 0; 0; 0; 17; 0; 0; 9999; 9999; 9999
1986;03; 0; 97; 0; 71; 183; 15; 119; 4; 0; 88; 0; 0; 232; 0; 0; 0; 25; 0; 0; 6; 0; 0; 62; 0; 35; 0; 158; 0; 0; 340; 67
1986;04; 0; 3; 0; 0; 0; 0; 0; 0; 0; 0; 0; 0; 0; 0; 112; 106; 0; 0; 0; 0; 0; 74; 0; 0; 2; 10; 88; 0; 0; 0; 9999
1986;05; 4; 0; 0; 0; 0; 0; 0; 78; 8; 0; 22; 0; 131; 7; 0; 0; 0; 28; 376; 2; 8; 0; 3; 2; 0; 75; 0; 0; 0; 0; 46
1986;06; 0; 0; 0; 0; 4; 3; 0; 0; 0; 0; 0; 0; 0; 0; 0; 0; 0; 0; 0; 0; 4; 0; 0; 0; 0; 0; 0; 0; 0; 0; 9999
1986;07; 0; 0; 0; 0; 0; 0; 0; 0; 0; 0; 0; 0; 0; 0; 0; 0; 0; 0; 0; 0; 0; 0; 59; 2; 2; 1; 0; 0; 0; 2; 73
1986;08; 12; 2; 0; 0; 0; 0; 0; 0; 0; 0; 0; 5; 49; 206; 19; 76; 131; 0; 2; 122; 103; 492; 429; 0; 35; 0; 0; 0; 0; 0; 0
1986;09; 0; 0; 0; 0; 0; 0; 0; 0; 0; 0; 0; 0; 0; 0; 0; 0; 0; 0; 0; 77; 244; 0; 0; 0; 111; 43; 0; 0; 309; 0; 9999
1986;10; 0; 0; 0; 0; 0; 0; 0; 0; 0; 45; 16; 0; 0; 0; 0; 0; 0; 0; 53; 144; 68; 103; 0; 0; 0; 0; 0; 0; 0; 0; 0
1986;11; 0; 0; 0; 111; 0; 9; 82; 0; 0; 58; 296; 115; 0; 0; 0; 0; 0; 0; 0; 0; 0; 0; 0; 0; 0; 0; 174; 61; 74; 97; 9999
1986;12; 108; 350; 47; 158; 94; 110; 281; 124; 181; 43; 0; 0; 0; 123; 36; 97; 151; 23; 189; 5; 0; 4; 185; 53; 34; 8; 5; 95; 9; 0; 323
1987;01; 0; 4; 26; 209; 0; 126; 16; 0; 0; 0; 0; 0; 354; 0; 0; 0; 0; 98; 0; 0; 0; 0; 0; 199; 295; 62; 11; 57; 162; 95; 109
1987;02; 83; 197; 612; 93; 17; 5; 21; 0; 0; 16; 0; 0; 5; 117; 71; 43; 0; 39; 18; 19; 19; 0; 0; 0; 49; 25; 0; 0; 9999; 9999; 9999
1987;03; 49; 17; 0; 0; 0; 0; 0; 8; 29; 43; 34; 0; 0; 0; 0; 0; 0; 0; 135; 0; 0; 0; 0; 0; 0; 0; 19; 34; 0; 0; 0
1987;04; 0; 0; 31; 175; 125; 0; 0; 0; 0; 11; 115; 0; 0; 0; 0; 0; 0; 0; 0; 10; 406; 19; 0; 0; 0; 0; 0; 0; 0; 0; 9999
1987;05; 0; 0; 0; 0; 7; 215; 43; 0; 156; 0; 0; 513; 0; 0; 0; 344; 0; 227; 43; 163; 384; 7; 0; 0; 42; 0; 0; 0; 42; 2; 1
1987;06; 0; 2; 1; 0; 0; 0; 67; 0; 1; 3; 2; 0; 0; 109; 467; 158; 0; 3; 2; 1; 0; 0; 238; 0; 0; 3; 1; 3; 0; 0; 9999
1987;07; 0; 0; 0; 0; 0; 0; 0; 0; 134; 2; 4; 0; 0; 0; 0; 0; 0; 0; 0; 0; 0; 0; 0; 0; 0; 0; 0; 0; 0; 0; 4
1987;08; 0; 0; 0; 0; 0; 13; 75; 0; 0; 0; 0; 0; 0; 0; 0; 0; 0; 0; 0; 0; 0; 0; 0; 0; 0; 0; 0; 0; 0; 0; 26
1987;09; 0; 0; 0; 0; 0; 52; 0; 2; 0; 0; 31; 59; 0; 0; 0; 0; 0; 40; 219; 0; 25; 173; 35; 0; 2; 0; 87; 0; 0; 0; 9999
1987;10; 0; 76; 0; 0; 0; 123; 0; 0; 0; 0; 0; 0; 0; 0; 0; 0; 0; 0; 0; 100; 185; 18; 0; 0; 52; 3; 0; 0; 0; 84; 0
1987;11; 0; 0; 0; 0; 0; 58; 106; 0; 0; 0; 0; 0; 0; 863; 249; 248; 0; 0; 0; 0; 0; 0; 0; 0; 124; 18; 170; 0; 0; 0; 9999
1987;12; 0; 0; 0; 0; 280; 33; 0; 0; 127; 0; 0; 0; 0; 3; 0; 0; 128; 513; 0; 0; 0; 0; 0; 0; 0; 0; 0; 12; 25; 119; 0
1988;01; 0; 0; 0; 0; 0; 204; 996; 0; 3; 18; 0; 0; 0; 0; 0; 0; 0; 0; 12; 71; 0; 0; 8; 0; 429; 4; 0; 0; 0; 1; 0
1988;02; 0; 0; 0; 0; 29; 0; 0; 57; 29; 277; 88; 0; 0; 157; 119; 0; 68; 0; 0; 104; 14; 0; 0; 0; 0; 178; 11; 268; 0; 9999; 9999
1988;03; 52; 75; 178; 9; 0; 64; 8; 0; 0; 0; 0; 0; 0; 0; 0; 0; 288; 352; 236; 0; 0; 0; 0; 0; 0; 0; 0; 0; 0; 0; 0
1988;04; 0; 56; 0; 0; 0; 0; 0; 8; 0; 0; 0; 91; 319; 249; 0; 0; 0; 0; 68; 58; 19; 104; 0; 0; 0; 177; 0; 0; 18; 0; 9999
1988;05; 0; 0; 0; 8; 72; 0; 0; 0; 0; 0; 0; 0; 112; 0; 0; 0; 8; 251; 0; 0; 0; 15; 58; 28; 48; 0; 0; 3; 0; 306; 82
1988;06; 0; 0; 0; 108; 6; 3; 0; 0; 0; 0; 0; 0; 0; 78; 0; 0; 0; 0; 0; 0; 22; 0; 0; 0; 5; 0; 0; 0; 0; 0; 9999
1988;07; 0; 0; 0; 0; 0; 0; 0; 0; 0; 0; 0; 0; 0; 0; 0; 0; 0; 0; 0; 0; 0; 0; 0; 0; 0; 0; 0; 0; 0; 0; 0
1988;08; 0; 0; 0; 0; 0; 0; 0; 0; 0; 0; 0; 0; 0; 0; 0; 0; 0; 0; 0; 0; 0; 0; 0; 0; 0; 0; 0; 0; 0; 0; 0
1988;09; 0; 0; 0; 0; 0; 0; 0; 0; 0; 0; 0; 0; 0; 0; 0; 33; 68; 24; 0; 0; 0; 0; 0; 0; 0; 0; 0; 0; 0; 0; 9999
1988;10; 0; 0; 0; 0; 0; 0; 0; 0; 0; 0; 0; 65; 336; 176; 0; 0; 0; 0; 0; 195; 0; 0; 159; 34; 0; 364; 44; 48; 0; 92; 411
1988;11; 197; 2; 0; 0; 0; 0; 0; 0; 0; 0; 0; 0; 38; 0; 0; 0; 0; 0; 0; 364; 64; 27; 0; 0; 0; 0; 67; 0; 0; 0; 9999
1988;12; 0; 121; 22; 0; 0; 0; 0; 0; 0; 0; 0; 0; 0; 197; 0; 0; 0; 0; 0; 0; 779; 0; 0; 315; 58; 265; 18; 73; 0; 19; 0
1989;01; 0; 0; 161; 213; 93; 312; 55; 73; 204; 138; 212; 0; 0; 0; 116; 212; 0; 24; 0; 0; 417; 157; 364; 24; 445; 0; 0; 49; 21; 0; 0
1989;02; 0; 18; 0; 242; 0; 0; 0; 0; 156; 38; 543; 469; 8; 0; 0; 0; 9; 0; 0; 0; 0; 0; 48; 0; 0; 86; 0; 0; 9999; 9999; 9999
1989;03; 58; 0; 0; 0; 0; 0; 0; 0; 0; 0; 0; 0; 0; 28; 269; 0; 0; 35; 0; 128; 0; 0; 438; 0; 0; 117; 0; 0; 0; 0; 0
1989;04; 216; 8; 0; 0; 0; 0; 0; 0; 0; 0; 0; 85; 0; 0; 0; 0; 0; 0; 0; 5; 0; 0; 0; 0; 0; 0; 0; 0; 0; 0; 9999
1989;05; 0; 105; 0; 0; 0; 47; 0; 0; 0; 0; 0; 0; 0; 0; 0; 0; 0; 0; 0; 0; 0; 0; 0; 0; 0; 114; 0; 0; 0; 0; 0
1989;06; 0; 0; 0; 0; 0; 0; 89; 0; 0; 0; 8; 248; 0; 0; 0; 0; 21; 0; 0; 0; 0; 0; 0; 0; 39; 0; 0; 0; 35; 0; 9999
1989;07; 0; 0; 0; 0; 0; 0; 0; 0; 0; 0; 0; 0; 0; 0; 0; 0; 0; 0; 0; 0; 0; 0; 0; 0; 0; 0; 168; 78; 29; 284; 367
1989;08; 0; 0; 0; 0; 0; 0; 0; 0; 0; 0; 0; 0; 0; 0; 0; 0; 0; 0; 0; 0; 0; 0; 162; 0; 0; 32; 0; 136; 0; 0; 0
1989;09; 0; 28; 0; 0; 0; 18; 0; 0; 0; 34; 0; 0; 216; 14; 0; 0; 0; 0; 0; 0; 0; 0; 0; 27; 0; 18; 17; 0; 0; 0; 9999
1989;10; 0; 0; 0; 287; 0; 0; 0; 0; 0; 0; 0; 3; 0; 0; 0; 82; 0; 0; 0; 0; 0; 0; 0; 0; 0; 0; 284; 0; 0; 0; 0
1989;11; 0; 0; 0; 82; 0; 0; 0; 0; 0; 0; 0; 172; 234; 0; 0; 0; 0; 0; 0; 0; 188; 98; 0; 39; 0; 0; 0; 237; 0; 0; 9999
1989;12; 0; 0; 0; 0; 0; 0; 0; 0; 0; 0; 132; 28; 139; 0; 0; 0; 0; 0; 0; 72; 0; 0; 0; 0; 0; 0; 32; 288; 369; 316; 183
1990;01; 242; 451; 479; 0; 268; 487; 85; 266; 68; 287; 122; 245; 19; 0; 0; 122; 0; 0; 0; 0; 38; 88; 26; 0; 0; 0; 0; 0; 0; 0; 0
1990;02; 0; 213; 0; 0; 0; 0; 84; 0; 0; 0; 0; 0; 257; 18; 0; 0; 0; 0; 0; 0; 0; 0; 497; 56; 34; 159; 0; 0; 9999; 9999; 9999
1990;03; 0; 0; 82; 14; 0; 0; 0; 0; 88; 192; 0; 84; 0; 0; 0; 0; 4; 0; 445; 0; 0; 412; 48; 0; 0; 0; 185; 196; 0; 0; 0
1990;04; 0; 0; 0; 0; 238; 0; 0; 0; 0; 0; 0; 0; 0; 0; 0; 59; 0; 28; 87; 73; 0; 0; 0; 0; 0; 0; 0; 0; 0; 182; 9999
1990;05; 28; 158; 0; 0; 0; 0; 0; 0; 0; 0; 16; 12; 0; 0; 0; 128; 8; 24; 0; 0; 0; 0; 0; 0; 0; 0; 0; 0; 0; 0; 0
1990;06; 0; 0; 0; 0; 0; 0; 0; 0; 0; 0; 0; 0; 0; 0; 168; 0; 0; 0; 0; 0; 89; 0; 0; 0; 0; 5; 0; 0; 0; 0; 9999
1990;07; 0; 0; 0; 0; 0; 0; 154; 0; 0; 12; 22; 0; 0; 0; 18; 14; 242; 83; 247; 93; 0; 28; 0; 0; 75; 0; 45; 64; 0; 0; 0
1990;08; 0; 0; 0; 0; 0; 0; 0; 0; 0; 0; 0; 0; 0; 0; 0; 0; 58; 36; 45; 344; 0; 0; 0; 0; 0; 0; 0; 136; 0; 0; 0
1990;09; 0; 158; 0; 0; 0; 0; 0; 0; 0; 0; 0; 0; 8; 322; 0; 0; 0; 0; 0; 0; 0; 0; 0; 0; 0; 0; 0; 0; 0; 26; 9999
1990;10; 72; 0; 0; 0; 0; 0; 0; 0; 0; 0; 0; 0; 286; 134; 0; 22; 18; 0; 678; 82; 0; 0; 0; 0; 0; 0; 0; 0; 0; 0; 0
1990;11; 0; 0; 7; 0; 92; 349; 289; 181; 26; 0; 78; 0; 0; 0; 0; 0; 0; 0; 0; 0; 18; 16; 5; 246; 0; 0; 0; 0; 0; 0; 9999
1990;12; 0; 0; 0; 0; 0; 96; 16; 91; 0; 0; 22; 276; 194; 388; 176; 0; 0; 0; 0; 819; 0; 0; 0; 0; 47; 36; 0; 0; 13; 0; 0
1991;01; 0; 0; 0; 292; 271; 0; 0; 0; 0; 0; 468; 412; 0; 0; 274; 772; 126; 0; 0; 0; 0; 0; 8; 0; 0; 196; 282; 44; 0; 0; 88
1991;02; 96; 68; 0; 0; 288; 62; 888; 254; 356; 179; 32; 624; 0; 22; 0; 0; 0; 292; 214; 0; 0; 0; 0; 0; 0; 0; 0; 0; 9999; 9999; 9999
1991;03; 0; 672; 62; 244; 55; 1002; 33; 292; 0; 0; 0; 0; 258; 184; 0; 0; 0; 0; 0; 0; 176; 166; 0; 0; 0; 538; 198; 198; 252; 364; 147
1991;04; 0; 0; 0; 0; 0; 0; 0; 198; 0; 0; 0; 0; 0; 163; 0; 151; 16; 0; 354; 0; 0; 0; 0; 0; 597; 18; 0; 0; 0; 0; 9999
1991;05; 0; 0; 0; 0; 0; 0; 0; 0; 0; 0; 0; 0; 0; 0; 366; 0; 0; 0; 0; 0; 0; 0; 0; 0; 0; 0; 0; 0; 0; 0; 0
1991;06; 0; 0; 0; 0; 0; 0; 0; 0; 0; 0; 0; 0; 0; 0; 0; 0; 0; 0; 0; 45; 78; 52; 14; 22; 396; 0; 0; 0; 152; 0; 9999
1991;07; 0; 0; 0; 0; 0; 0; 0; 0; 0; 0; 168; 0; 34; 56; 0; 0; 0; 0; 0; 0; 0; 0; 0; 0; 0; 0; 0; 0; 0; 0; 0
1991;08; 0; 0; 0; 0; 0; 0; 0; 97; 0; 0; 0; 0; 0; 0; 0; 0; 0; 0; 0; 0; 0; 0; 0; 0; 0; 0; 0; 0; 0; 0; 0
1991;09; 0; 0; 9; 0; 0; 0; 0; 0; 0; 0; 0; 0; 0; 0; 0; 0; 0; 0; 0; 68; 0; 0; 0; 0; 0; 0; 92; 3; 71; 53; 9999
1991;10; 43; 2; 4; 98; 102; 157; 203; 68; 0; 0; 0; 0; 0; 0; 0; 0; 0; 0; 72; 0; 0; 0; 0; 0; 0; 0; 0; 0; 0; 0; 0
1991;11; 153; 0; 0; 0; 0; 0; 0; 0; 0; 40; 0; 0; 0; 338; 0; 0; 0; 0; 0; 0; 0; 0; 0; 0; 0; 0; 0; 0; 0; 81; 9999
1991;12; 78; 0; 0; 0; 0; 0; 2; 108; 0; 0; 97; 218; 0; 0; 542; 135; 0; 13; 137; 248; 0; 0; 244; 145; 136; 59; 0; 0; 0; 0; 184
1992;01; 0; 0; 0; 0; 0; 4; 0; 0; 0; 0; 0; 0; 38; 0; 0; 0; 0; 0; 0; 0; 0; 96; 174; 0; 9; 138; 39; 0; 0; 0; 8
1992;02; 252; 96; 142; 0; 0; 88; 144; 54; 56; 0; 138; 0; 0; 0; 0; 0; 1; 0; 0; 0; 0; 0; 0; 25; 16; 0; 1; 26; 158; 9999; 9999
1992;03; 0; 450; 0; 65; 50; 0; 0; 65; 0; 0; 32; 22; 0; 0; 0; 165; 0; 5; 0; 0; 0; 0; 0; 120; 0; 54; 0; 26; 0; 113; 559
1992;04; 10; 0; 0; 1; 1; 0; 17; 0; 0; 0; 0; 0; 149; 135; 0; 0; 0; 0; 0; 341; 13; 12; 2; 16; 0; 40; 0; 1; 2; 10; 9999
1992;05; 0; 168; 0; 431; 0; 0; 1; 1; 0; 0; 1; 0; 0; 65; 0; 0; 0; 0; 63; 0; 0; 0; 205; 0; 0; 1; 2; 0; 0; 0; 0
1992;06; 0; 0; 2; 1; 0; 0; 0; 0; 0; 0; 1; 1; 2; 0; 0; 1; 2; 1; 1; 0; 0; 0; 0; 0; 0; 0; 0; 0; 0; 0; 9999
1992;07; 0; 0; 0; 0; 0; 0; 171; 29; 279; 2; 2; 1; 1; 0; 0; 0; 0; 1; 0; 0; 0; 0; 0; 0; 0; 0; 0; 2; 0; 0; 0
1992;08; 0; 0; 0; 0; 0; 0; 1; 0; 0; 0; 0; 0; 0; 0; 1; 2; 0; 3; 16; 0; 0; 10; 79; 0; 0; 0; 0; 2; 0; 0; 0
1992;09; 23; 17; 36; 0; 0; 60; 170; 0; 0; 0; 0; 205; 123; 0; 190; 325; 0; 45; 0; 0; 0; 0; 0; 0; 0; 215; 0; 0; 0; 0; 9999
1992;10; 0; 116; 95; 65; 0; 0; 26; 32; 0; 0; 0; 125; 235; 0; 0; 36; 276; 0; 18; 0; 0; 0; 0; 0; 0; 0; 0; 133; 0; 200; 0
1992;11; 0; 150; 0; 265; 32; 0; 0; 0; 310; 74; 0; 0; 0; 0; 56; 0; 0; 0; 0; 0; 0; 170; 135; 9; 1300; 200; 51; 0; 0; 0; 9999
1992;12; 0; 320; 0; 0; 0; 23; 0; 0; 0; 36; 394; 231; 0; 0; 0; 0; 0; 251; 0; 0; 0; 0; 0; 0; 0; 0; 0; 0; 0; 0; 0
1993;01; 0; 0; 28; 0; 0; 75; 270; 63; 30; 153; 247; 516; 61; 87; 0; 0; 30; 0; 100; 49; 0; 0; 0; 75; 0; 90; 0; 43; 0; 0; 10
1993;02; 55; 6; 15; 121; 0; 0; 59; 165; 125; 205; 0; 19; 0; 0; 45; 23; 406; 136; 89; 170; 45; 60; 184; 0; 60; 0; 0; 0; 9999; 9999; 9999
1993;03; 0; 0; 0; 64; 0; 0; 0; 0; 0; 0; 0; 0; 0; 0; 0; 23; 78; 0; 74; 81; 0; 144; 0; 80; 0; 6; 53; 0; 0; 0; 0
1993;04; 23; 62; 0; 0; 0; 0; 0; 0; 218; 0; 0; 0; 0; 0; 0; 0; 2; 2; 3; 0; 0; 172; 0; 613; 0; 0; 0; 0; 0; 0; 9999
1993;05; 0; 0; 0; 81; 0; 345; 1; 2; 2; 2; 0; 0; 0; 60; 191; 0; 0; 1; 2; 3; 2; 3; 0; 0; 1; 2; 0; 0; 0; 252; 613
1993;06; 0; 0; 0; 0; 70; 42; 0; 0; 0; 0; 0; 0; 0; 0; 0; 0; 0; 194; 213; 0; 0; 0; 0; 0; 0; 0; 0; 0; 0; 0; 9999
1993;07; 0; 0; 0; 0; 0; 0; 0; 0; 0; 0; 0; 0; 0; 0; 132; 0; 0; 0; 0; 0; 0; 0; 0; 0; 0; 0; 0; 0; 0; 5; 0
1993;08; 0; 0; 0; 0; 0; 0; 0; 0; 0; 0; 0; 0; 0; 0; 0; 12; 0; 0; 9; 0; 0; 0; 0; 143; 196; 0; 0; 0; 0; 0; 0
1993;09; 0; 0; 0; 0; 0; 0; 0; 89; 0; 0; 37; 0; 0; 0; 134; 346; 0; 0; 0; 0; 0; 356; 0; 256; 306; 0; 153; 13; 0; 0; 9999
1993;10; 0; 0; 46; 0; 119; 8; 0; 0; 0; 0; 0; 0; 0; 0; 0; 0; 23; 0; 26; 647; 0; 144; 135; 0; 0; 174; 26; 0; 0; 0; 0
1993;11; 0; 0; 0; 0; 0; 0; 146; 73; 0; 0; 0; 0; 0; 0; 0; 0; 6; 175; 0; 0; 0; 0; 290; 60; 41; 34; 86; 0; 0; 0; 9999
1993;12; 0; 0; 0; 106; 192; 0; 0; 0; 182; 0; 124; 0; 0; 0; 0; 23; 32; 0; 0; 46; 0; 0; 42; 0; 0; 113; 46; 0; 0; 0; 100
1994;01; 0; 0; 0; 0; 0; 0; 0; 0; 355; 257; 0; 0; 47; 0; 0; 0; 0; 0; 153; 0; 0; 0; 0; 45; 96; 139; 44; 355; 0; 0; 0
1994;02; 0; 0; 0; 53; 0; 43; 0; 191; 32; 0; 0; 0; 84; 0; 0; 0; 0; 0; 0; 0; 360; 0; 0; 0; 132; 0; 0; 0; 9999; 9999; 9999
1994;03; 171; 247; 0; 0; 0; 0; 0; 34; 0; 0; 86; 624; 0; 0; 0; 0; 0; 0; 0; 228; 0; 0; 0; 0; 0; 146; 0; 0; 0; 0; 0
1994;04; 86; 0; 0; 0; 0; 0; 69; 0; 0; 0; 0; 0; 0; 373; 0; 0; 0; 61; 64; 0; 0; 0; 157; 0; 0; 1; 0; 1; 1; 0; 9999
1994;05; 0; 1; 1; 0; 1; 0; 0; 0; 0; 0; 0; 0; 0; 80; 117; 0; 0; 0; 56; 0; 0; 0; 0; 0; 1; 0; 56; 110; 0; 0; 0
1994;06; 0; 0; 0; 0; 0; 0; 0; 0; 3; 0; 0; 0; 0; 0; 0; 0; 0; 0; 0; 0; 0; 82; 0; 0; 95; 0; 1; 0; 0; 0; 9999
1994;07; 0; 0; 0; 0; 0; 0; 0; 4; 0; 0; 0; 0; 1; 0; 0; 0; 0; 0; 0; 0; 0; 161; 0; 0; 0; 0; 0; 0; 0; 0; 0
1994;08; 0; 0; 0; 0; 0; 0; 0; 1; 0; 0; 0; 0; 0; 0; 0; 0; 0; 0; 0; 0; 0; 0; 0; 0; 0; 0; 0; 0; 0; 0; 0
1994;09; 0; 0; 0; 0; 0; 1; 0; 0; 0; 0; 0; 0; 0; 0; 0; 0; 0; 0; 0; 0; 0; 0; 0; 0; 0; 0; 0; 0; 0; 0; 9999
1994;10; 0; 0; 0; 0; 0; 0; 0; 0; 0; 0; 0; 0; 0; 0; 0; 0; 19; 59; 0; 0; 90; 100; 13; 0; 90; 0; 163; 207; 53; 0; 0
1994;11; 0; 0; 0; 0; 285; 0; 0; 0; 0; 0; 0; 0; 0; 116; 262; 0; 0; 227; 435; 0; 0; 0; 0; 0; 0; 0; 17; 360; 199; 92; 9999
1994;12; 0; 0; 0; 0; 0; 217; 69; 0; 0; 0; 0; 0; 0; 0; 0; 71; 0; 242; 267; 0; 0; 845; 245; 0; 0; 0; 0; 31; 0; 0; 62
1995;01; 310; 120; 62; 249; 141; 0; 0; 106; 231; 0; 89; 0; 100; 0; 0; 23; 0; 0; 0; 0; 0; 84; 0; 0; 0; 0; 0; 493; 186; 0; 0
1995;02; 84; 29; 154; 294; 424; 239; 319; 82; 360; 0; 0; 62; 286; 123; 0; 0; 243; 226; 0; 178; 431; 26; 0; 0; 0; 0; 86; 0; 9999; 9999; 9999
1995;03; 0; 0; 0; 0; 314; 426; 0; 0; 0; 0; 0; 0; 0; 300; 0; 125; 0; 0; 0; 0; 0; 0; 0; 140; 0; 0; 0; 0; 0; 155; 158
1995;04; 800; 125; 0; 0; 0; 0; 0; 0; 0; 0; 122; 177; 0; 0; 0; 0; 0; 0; 0; 0; 461; 0; 0; 0; 0; 0; 0; 0; 0; 0; 9999
1995;05; 0; 0; 0; 0; 0; 64; 63; 0; 0; 0; 317; 1; 1; 1; 1; 0; 135; 0; 0; 0; 0; 0; 1; 0; 0; 1; 1; 1; 1; 0; 0
1995;06; 1; 1; 1; 0; 1; 1; 0; 0; 1; 0; 0; 0; 0; 0; 0; 1; 0; 80; 0; 0; 0; 0; 0; 0; 0; 253; 0; 0; 0; 0; 9999
1995;07; 0; 0; 0; 0; 0; 0; 0; 0; 103; 326; 0; 0; 0; 0; 0; 0; 0; 0; 0; 0; 0; 171; 0; 0; 0; 0; 0; 0; 0; 0; 0
1995;08; 0; 0; 0; 0; 0; 0; 0; 0; 0; 0; 0; 0; 0; 0; 0; 0; 0; 0; 0; 0; 0; 0; 0; 0; 0; 0; 0; 0; 0; 0; 0
1995;09; 0; 0; 0; 0; 0; 0; 0; 0; 0; 0; 0; 0; 0; 0; 0; 0; 0; 0; 0; 58; 0; 0; 0; 89; 90; 0; 151; 12; 0; 0; 9999
1995;10; 0; 0; 0; 0; 0; 0; 0; 0; 0; 0; 0; 0; 0; 243; 216; 95; 75; 32; 0; 189; 165; 0; 0; 0; 0; 0; 0; 0; 184; 134; 182
1995;11; 0; 0; 0; 34; 0; 0; 0; 0; 0; 0; 0; 212; 0; 0; 0; 0; 0; 0; 0; 0; 0; 0; 0; 0; 186; 0; 0; 118; 0; 0; 9999
1995;12; 0; 0; 0; 0; 0; 0; 0; 0; 0; 0; 0; 102; 335; 0; 0; 0; 0; 0; 122; 0; 0; 0; 0; 0; 232; 206; 0; 0; 0; 226; 242
1996;01; 68; 182; 203; 156; 123; 84; 62; 96; 54; 0; 0; 0; 112; 0; 0; 0; 0; 0; 148; 0; 0; 0; 0; 0; 0; 0; 0; 0; 0; 0; 0
1996;02; 0; 0; 63; 115; 198; 0; 256; 0; 203; 0; 213; 316; 0; 0; 0; 0; 86; 0; 46; 106; 0; 0; 0; 0; 64; 136; 164; 0; 182; 9999; 9999
1996;03; 0; 0; 0; 0; 0; 0; 224; 461; 346; 142; 0; 0; 0; 116; 0; 0; 0; 516; 0; 0; 0; 46; 0; 0; 0; 0; 0; 0; 0; 42; 36
1996;04; 0; 0; 216; 0; 0; 0; 0; 0; 0; 0; 42; 0; 0; 0; 0; 0; 156; 0; 0; 0; 0; 0; 0; 0; 0; 0; 0; 0; 0; 0; 9999
1996;05; 0; 0; 0; 0; 0; 0; 0; 0; 0; 83; 0; 0; 0; 0; 0; 0; 0; 0; 0; 0; 0; 58; 0; 0; 0; 0; 0; 0; 0; 0; 0
1996;06; 0; 0; 0; 0; 0; 0; 84; 0; 0; 0; 0; 0; 0; 0; 0; 0; 0; 0; 0; 0; 0; 0; 0; 0; 0; 0; 146; 0; 0; 0; 9999
1996;07; 0; 0; 0; 0; 0; 0; 0; 0; 0; 0; 0; 0; 0; 0; 0; 0; 0; 0; 0; 0; 0; 0; 0; 0; 0; 0; 0; 0; 0; 0; 0
1996;08; 0; 0; 0; 0; 0; 0; 0; 0; 0; 126; 0; 0; 0; 0; 162; 0; 0; 0; 0; 0; 0; 0; 0; 0; 0; 0; 0; 0; 0; 0; 0
1996;09; 126; 0; 0; 187; 0; 0; 0; 206; 289; 126; 244; 0; 0; 0; 0; 0; 0; 0; 0; 0; 0; 0; 0; 0; 0; 0; 0; 0; 0; 0; 9999
1996;10; 0; 0; 126; 0; 0; 106; 0; 0; 0; 142; 0; 112; 0; 0; 0; 0; 0; 0; 0; 0; 0; 0; 76; 0; 0; 0; 0; 0; 136; 0; 0
1996;11; 0; 0; 0; 156; 0; 0; 0; 0; 0; 0; 126; 0; 0; 0; 0; 174; 0; 0; 0; 0; 0; 142; 63; 0; 0; 0; 0; 0; 97; 0; 9999
1996;12; 192; 0; 0; 0; 0; 64; 106; 0; 0; 0; 0; 0; 62; 0; 0; 0; 0; 0; 0; 0; 162; 0; 0; 0; 0; 162; 0; 0; 254; 376; 0
1997;01; 0; 0; 84; 197; 162; 213; 65; 162; 0; 123; 0; 147; 171; 282; 0; 144; 184; 86; 257; 114; 197; 145; 204; 297; 164; 624; 0; 326; 0; 0; 0
1997;02; 9999; 9999; 9999; 9999; 9999; 9999; 9999; 9999; 9999; 9999; 9999; 9999; 9999; 9999; 9999; 9999; 9999; 9999; 9999; 9999; 9999; 9999; 9999; 9999; 9999; 9999; 9999; 9999; 9999; 9999; 9999
1997;03; 9999; 9999; 9999; 9999; 9999; 9999; 9999; 9999; 9999; 9999; 9999; 9999; 9999; 9999; 9999; 9999; 9999; 9999; 9999; 9999; 9999; 9999; 9999; 9999; 9999; 9999; 9999; 9999; 9999; 9999; 9999
1997;04; 9999; 0; 1473; 0; 0; 0; 0; 0; 0; 0; 0; 0; 0; 0; 0; 0; 72; 59; 0; 0; 19; 0; 0; 0; 0; 45; 1; 0; 0; 0; 9999
1997;05; 0; 0; 0; 0; 0; 0; 0; 0; 0; 0; 0; 0; 0; 0; 0; 2; 169; 0; 0; 0; 0; 2; 75; 465; 9; 7; 75; 0; 0; 0; 0
1997;06; 0; 0; 0; 66; 555; 0; 0; 0; 0; 2; 0; 110; 0; 0; 0; 116; 0; 0; 0; 6; 158; 0; 0; 0; 0; 0; 0; 0; 0; 0; 9999
1997;07; 0; 0; 0; 0; 0; 0; 0; 0; 0; 0; 0; 0; 0; 0; 0; 0; 0; 0; 0; 0; 132; 103; 0; 0; 0; 0; 0; 0; 0; 0; 0
1997;08; 0; 0; 0; 0; 0; 0; 0; 35; 0; 0; 0; 0; 0; 0; 0; 0; 0; 0; 0; 0; 0; 0; 143; 0; 0; 0; 0; 0; 0; 0; 0
1997;09; 0; 0; 0; 0; 0; 0; 0; 0; 0; 0; 0; 0; 0; 137; 29; 0; 0; 0; 0; 0; 181; 0; 0; 0; 0; 535; 0; 0; 0; 243; 9999
1997;10; 83; 0; 0; 0; 0; 0; 125; 0; 0; 0; 0; 0; 0; 0; 0; 0; 0; 0; 0; 97; 230; 0; 0; 0; 29; 0; 0; 0; 0; 0; 129
1997;11; 0; 0; 0; 0; 0; 309; 31; 69; 0; 0; 0; 28; 0; 0; 281; 18; 348; 156; 190; 0; 0; 287; 0; 0; 0; 0; 202; 503; 0; 0; 9999
1997;12; 0; 61; 51; 0; 21; 0; 0; 100; 0; 0; 0; 0; 25; 0; 56; 0; 0; 0; 0; 50; 0; 0; 100; 0; 24; 0; 0; 0; 181; 23; 367
