33
Ano,Mes,1,2,3,4,5,6,7,8,9,10,11,12,13,14,15,16,17,18,19,20,21,22,23,24,25,26,27,28,29,30,31
1971;05; 9999; 9999; 9999; 9999; 9999; 9999; 9999; 9999; 9999; 9999; 0; 0; 0; 0; 0; 0; 0; 0; 0; 0; 0; 0; 0; 0; 0; 184; 0; 0; 0; 0; 0
1971;06; 0; 0; 0; 0; 0; 0; 0; 0; 37; 0; 0; 31; 9; 0; 28; 328; 13; 96; 184; 472; 29; 0; 0; 0; 0; 0; 0; 0; 0; 0; 9999
1971;07; 0; 64; 0; 0; 372; 0; 0; 0; 0; 0; 0; 0; 0; 0; 0; 0; 0; 0; 0; 0; 0; 0; 0; 0; 0; 0; 4; 40; 0; 340; 0
1971;08; 0; 0; 0; 0; 0; 0; 0; 0; 0; 0; 0; 0; 0; 0; 0; 0; 0; 0; 0; 0; 0; 0; 0; 0; 0; 0; 0; 0; 0; 0; 0
1971;09; 0; 0; 0; 0; 0; 0; 187; 0; 0; 0; 0; 129; 0; 0; 0; 0; 0; 0; 0; 0; 0; 0; 0; 72; 283; 0; 143; 125; 0; 0; 9999
1971;10; 177; 16; 0; 0; 0; 0; 23; 255; 0; 0; 0; 123; 0; 0; 0; 0; 0; 0; 0; 0; 0; 0; 0; 0; 0; 96; 0; 0; 0; 0; 0
1971;11; 60; 30; 0; 0; 0; 0; 0; 0; 0; 0; 0; 0; 0; 0; 0; 0; 0; 0; 277; 0; 0; 0; 0; 0; 15; 9; 0; 0; 0; 11; 9999
1971;12; 137; 0; 0; 444; 0; 0; 0; 118; 150; 5; 0; 17; 4; 443; 38; 0; 0; 0; 0; 452; 0; 0; 450; 749; 193; 0; 15; 16; 0; 25; 4
1972;01; 0; 0; 0; 0; 12; 0; 470; 223; 0; 48; 0; 0; 133; 200; 175; 0; 0; 67; 56; 0; 320; 0; 797; 167; 0; 0; 43; 163; 57; 34; 27
1972;02; 29; 0; 22; 20; 0; 0; 130; 79; 60; 0; 30; 40; 226; 52; 0; 0; 190; 0; 35; 541; 126; 92; 10; 9; 0; 317; 195; 151; 0; 9999; 9999
1972;03; 0; 0; 0; 0; 0; 510; 11; 0; 69; 110; 278; 0; 0; 0; 0; 0; 0; 0; 19; 0; 0; 0; 0; 0; 0; 0; 0; 0; 0; 0; 42
1972;04; 9; 0; 556; 121; 0; 0; 0; 0; 0; 0; 0; 0; 0; 0; 0; 0; 0; 0; 0; 0; 0; 0; 0; 0; 0; 0; 210; 0; 0; 0; 9999
1972;05; 0; 0; 0; 0; 0; 0; 16; 224; 0; 0; 0; 0; 0; 0; 0; 0; 0; 0; 0; 0; 0; 0; 270; 45; 274; 0; 0; 0; 0; 0; 0
1972;06; 0; 0; 0; 0; 0; 0; 0; 0; 0; 0; 0; 0; 0; 0; 0; 0; 0; 14; 0; 0; 0; 0; 0; 0; 0; 0; 0; 0; 0; 0; 9999
1972;07; 0; 0; 0; 0; 0; 0; 0; 531; 0; 15; 0; 111; 320; 0; 144; 133; 7; 0; 0; 0; 0; 0; 0; 0; 0; 0; 94; 0; 0; 0; 0
1972;08; 0; 0; 0; 144; 7; 16; 0; 0; 48; 0; 0; 0; 184; 0; 0; 0; 0; 0; 0; 0; 0; 0; 12; 0; 23; 37; 11; 113; 0; 0; 0
1972;09; 0; 0; 0; 0; 0; 0; 0; 0; 0; 0; 38; 0; 0; 24; 0; 0; 0; 0; 0; 0; 0; 0; 0; 24; 57; 0; 0; 277; 123; 33; 9999
1972;10; 0; 349; 369; 1347; 534; 0; 0; 0; 0; 0; 635; 0; 0; 0; 163; 0; 0; 0; 0; 0; 0; 0; 0; 0; 0; 0; 0; 0; 97; 0; 0
1972;11; 0; 170; 0; 0; 0; 0; 0; 103; 10; 177; 287; 313; 7; 0; 0; 286; 128; 91; 148; 20; 130; 0; 0; 0; 0; 18; 0; 0; 0; 0; 9999
1972;12; 192; 250; 90; 31; 0; 0; 0; 0; 75; 0; 0; 20; 0; 0; 0; 0; 0; 0; 0; 0; 0; 51; 200; 41; 4; 0; 0; 0; 40; 85; 0
1973;01; 0; 443; 0; 0; 125; 0; 0; 0; 47; 0; 0; 10; 242; 38; 140; 0; 0; 0; 0; 0; 68; 330; 720; 302; 140; 50; 95; 0; 0; 0; 0
1973;02; 0; 20; 0; 0; 13; 32; 0; 0; 0; 0; 0; 0; 0; 89; 52; 77; 129; 0; 0; 0; 0; 0; 0; 112; 0; 0; 47; 0; 9999; 9999; 9999
1973;03; 0; 0; 0; 153; 0; 0; 0; 0; 88; 0; 0; 0; 0; 0; 0; 0; 0; 0; 0; 215; 0; 202; 501; 0; 0; 0; 0; 0; 0; 0; 0
1973;04; 15; 0; 0; 0; 0; 0; 0; 0; 0; 27; 0; 60; 0; 0; 0; 0; 0; 23; 52; 0; 0; 0; 10; 0; 0; 0; 20; 0; 0; 0; 9999
1973;05; 0; 0; 518; 0; 86; 833; 0; 0; 0; 76; 0; 11; 0; 0; 0; 0; 0; 0; 0; 0; 0; 260; 0; 58; 0; 0; 0; 0; 0; 0; 0
1973;06; 0; 0; 0; 0; 0; 0; 0; 0; 0; 146; 0; 0; 0; 0; 0; 0; 0; 140; 7; 0; 0; 0; 0; 0; 45; 0; 148; 9; 0; 0; 9999
1973;07; 0; 184; 113; 0; 0; 0; 0; 0; 0; 0; 0; 0; 0; 0; 0; 0; 0; 0; 0; 0; 0; 21; 0; 0; 0; 0; 0; 56; 0; 0; 0
1973;08; 0; 0; 0; 0; 0; 91; 0; 0; 0; 0; 0; 0; 0; 0; 0; 0; 0; 0; 0; 0; 0; 0; 0; 0; 0; 260; 95; 286; 11; 0; 0
1973;09; 0; 17; 0; 0; 0; 0; 0; 0; 0; 21; 23; 20; 0; 0; 0; 0; 0; 0; 0; 0; 0; 0; 0; 0; 0; 64; 171; 0; 0; 0; 9999
1973;10; 0; 0; 0; 0; 0; 0; 133; 0; 250; 210; 12; 45; 187; 0; 0; 0; 0; 0; 277; 0; 0; 0; 0; 13; 0; 0; 0; 0; 0; 0; 30
1973;11; 291; 0; 0; 0; 23; 0; 0; 0; 0; 0; 3; 41; 406; 0; 0; 0; 2; 179; 98; 0; 0; 0; 0; 0; 0; 0; 0; 0; 0; 0; 9999
1973;12; 5; 0; 7; 81; 450; 35; 81; 287; 5; 0; 0; 0; 0; 0; 30; 151; 100; 35; 0; 3; 153; 300; 26; 323; 193; 106; 4; 336; 0; 51; 213
1974;01; 90; 14; 0; 0; 0; 0; 0; 345; 174; 37; 109; 193; 0; 455; 86; 48; 333; 11; 94; 10; 0; 0; 0; 7; 105; 0; 3; 17; 130; 0; 321
1974;02; 320; 205; 119; 0; 0; 0; 0; 536; 0; 55; 0; 11; 0; 0; 0; 0; 15; 191; 6; 0; 0; 121; 0; 82; 0; 0; 0; 0; 9999; 9999; 9999
1974;03; 0; 0; 0; 157; 162; 8; 0; 11; 0; 315; 47; 476; 51; 113; 11; 61; 590; 545; 225; 9; 7; 0; 6; 248; 20; 0; 16; 32; 0; 0; 0
1974;04; 0; 228; 0; 0; 116; 0; 0; 0; 0; 0; 75; 0; 0; 0; 0; 0; 0; 0; 0; 0; 0; 0; 0; 0; 15; 210; 0; 0; 0; 0; 9999
1974;05; 0; 0; 0; 0; 0; 0; 0; 0; 0; 0; 0; 0; 18; 0; 0; 0; 0; 29; 525; 59; 0; 0; 0; 0; 0; 116; 47; 0; 0; 0; 0
1974;06; 0; 0; 90; 0; 0; 0; 0; 10; 0; 0; 40; 517; 126; 0; 0; 0; 0; 0; 67; 0; 0; 234; 0; 0; 98; 2; 106; 0; 0; 0; 9999
1974;07; 0; 0; 0; 0; 0; 0; 0; 0; 0; 0; 0; 0; 0; 0; 0; 0; 0; 0; 29; 0; 0; 0; 0; 0; 0; 0; 0; 0; 0; 0; 0
1974;08; 0; 0; 0; 0; 0; 0; 0; 0; 0; 0; 0; 0; 28; 5; 0; 0; 0; 0; 0; 0; 0; 0; 0; 0; 0; 0; 0; 21; 0; 54; 0
1974;09; 0; 0; 0; 0; 0; 0; 0; 0; 0; 0; 0; 0; 0; 0; 0; 0; 0; 0; 0; 5; 0; 0; 0; 0; 0; 0; 144; 0; 32; 0; 9999
1974;10; 0; 184; 0; 141; 189; 0; 5; 0; 0; 0; 0; 0; 0; 0; 0; 0; 53; 0; 18; 5; 0; 7; 0; 4; 190; 127; 4; 0; 392; 313; 0
1974;11; 0; 0; 0; 0; 0; 218; 0; 0; 0; 0; 0; 0; 275; 0; 0; 0; 0; 0; 0; 45; 118; 17; 0; 0; 0; 0; 0; 115; 0; 162; 9999
1974;12; 5; 68; 303; 20; 4; 3; 0; 0; 0; 0; 0; 0; 319; 3; 22; 0; 67; 279; 445; 0; 170; 222; 200; 7; 0; 0; 0; 17; 915; 50; 465
1975;01; 0; 129; 0; 0; 0; 0; 0; 0; 0; 7; 56; 37; 4; 37; 44; 147; 0; 0; 30; 0; 0; 0; 0; 0; 0; 0; 96; 0; 0; 0; 0
1975;02; 0; 0; 346; 107; 370; 185; 10; 130; 13; 0; 0; 0; 0; 0; 0; 0; 0; 235; 402; 0; 0; 0; 0; 0; 312; 34; 0; 83; 9999; 9999; 9999
1975;03; 0; 0; 0; 20; 41; 206; 0; 3; 0; 0; 0; 0; 0; 0; 0; 0; 34; 0; 0; 446; 410; 4; 0; 191; 3; 0; 0; 0; 0; 99; 0
1975;04; 0; 0; 0; 0; 0; 0; 0; 0; 0; 0; 78; 0; 0; 0; 455; 0; 0; 0; 0; 0; 0; 0; 0; 0; 0; 0; 0; 0; 0; 0; 9999
1975;05; 93; 0; 0; 0; 0; 0; 0; 0; 0; 0; 0; 0; 0; 0; 0; 0; 0; 0; 0; 0; 0; 0; 0; 0; 0; 0; 0; 0; 0; 0; 0
1975;06; 0; 0; 83; 53; 3; 0; 0; 0; 0; 0; 0; 0; 0; 0; 0; 0; 0; 0; 0; 0; 0; 0; 98; 15; 0; 0; 0; 0; 0; 0; 9999
1975;07; 0; 35; 0; 263; 0; 6; 0; 0; 0; 0; 0; 0; 0; 0; 0; 0; 182; 0; 0; 0; 0; 0; 0; 0; 0; 0; 0; 0; 0; 0; 0
1975;08; 0; 0; 0; 0; 0; 0; 0; 0; 0; 0; 0; 0; 0; 0; 0; 0; 0; 0; 0; 0; 0; 0; 0; 0; 0; 0; 0; 0; 0; 0; 0
1975;09; 0; 0; 0; 0; 0; 0; 0; 0; 0; 0; 0; 0; 0; 0; 0; 0; 0; 0; 0; 0; 0; 0; 0; 111; 0; 17; 0; 0; 0; 287; 9999
1975;10; 48; 5; 238; 123; 49; 261; 0; 73; 0; 0; 0; 93; 0; 0; 3; 0; 206; 410; 0; 0; 0; 0; 0; 0; 0; 0; 0; 0; 0; 3; 6
1975;11; 0; 120; 0; 0; 0; 0; 467; 0; 0; 0; 0; 124; 0; 0; 0; 0; 0; 1024; 23; 0; 13; 0; 235; 491; 631; 102; 15; 0; 38; 113; 9999
1975;12; 629; 50; 0; 0; 0; 0; 0; 0; 11; 112; 0; 0; 0; 250; 0; 0; 0; 0; 0; 0; 0; 61; 0; 264; 225; 0; 0; 0; 59; 398; 0
1976;01; 15; 24; 0; 0; 438; 149; 61; 32; 15; 14; 0; 0; 411; 0; 0; 66; 0; 0; 0; 0; 63; 0; 0; 0; 0; 0; 0; 0; 100; 127; 105
1976;02; 0; 200; 262; 7; 0; 151; 358; 80; 194; 193; 0; 0; 0; 0; 0; 4; 13; 5; 148; 45; 48; 0; 24; 380; 46; 0; 85; 180; 22; 9999; 9999
1976;03; 3; 74; 51; 73; 0; 0; 0; 0; 0; 0; 0; 0; 0; 0; 0; 0; 0; 0; 19; 410; 79; 0; 0; 0; 0; 0; 0; 0; 0; 0; 0
1976;04; 0; 0; 0; 282; 0; 0; 0; 0; 0; 128; 43; 0; 0; 14; 34; 0; 18; 0; 0; 0; 12; 0; 0; 68; 0; 0; 0; 0; 0; 0; 9999
1976;05; 0; 0; 0; 0; 0; 0; 0; 0; 0; 185; 0; 0; 0; 0; 0; 0; 67; 21; 83; 0; 0; 0; 0; 0; 0; 0; 0; 67; 126; 0; 0
1976;06; 0; 0; 0; 0; 91; 646; 0; 0; 0; 0; 0; 0; 0; 0; 0; 0; 0; 0; 0; 0; 0; 0; 0; 0; 0; 0; 0; 0; 0; 0; 9999
1976;07; 0; 115; 130; 0; 0; 0; 0; 121; 387; 0; 0; 0; 0; 0; 0; 0; 0; 0; 0; 0; 0; 0; 0; 0; 0; 0; 0; 0; 0; 0; 0
1976;08; 0; 0; 0; 39; 86; 0; 0; 0; 0; 170; 0; 39; 36; 229; 0; 0; 0; 382; 0; 0; 0; 0; 0; 0; 0; 0; 0; 0; 0; 0; 0
1976;09; 0; 0; 0; 0; 47; 234; 146; 37; 0; 0; 0; 0; 76; 3; 17; 350; 0; 0; 0; 0; 0; 0; 0; 0; 0; 0; 312; 0; 0; 0; 9999
1976;10; 0; 0; 0; 0; 490; 0; 0; 0; 310; 21; 0; 0; 0; 0; 0; 0; 0; 48; 410; 0; 0; 0; 0; 0; 0; 0; 0; 0; 0; 0; 0
1976;11; 156; 0; 0; 0; 175; 401; 0; 0; 0; 0; 0; 0; 0; 112; 0; 0; 52; 0; 0; 52; 34; 0; 0; 0; 0; 0; 0; 0; 25; 0; 9999
1976;12; 289; 498; 0; 0; 19; 7; 0; 0; 181; 0; 0; 0; 0; 0; 0; 241; 207; 0; 0; 0; 137; 0; 168; 127; 15; 72; 0; 0; 0; 0; 0
1977;01; 124; 0; 0; 0; 245; 776; 234; 90; 824; 52; 0; 0; 37; 0; 0; 13; 149; 160; 95; 846; 0; 0; 46; 0; 0; 0; 108; 149; 0; 0; 290
1977;02; 234; 131; 65; 0; 0; 0; 270; 165; 0; 0; 0; 0; 0; 0; 0; 3; 0; 0; 9; 0; 0; 0; 60; 0; 0; 0; 0; 0; 9999; 9999; 9999
1977;03; 0; 35; 0; 94; 6; 0; 0; 0; 0; 0; 0; 0; 0; 0; 0; 32; 368; 0; 0; 0; 98; 10; 5; 0; 54; 0; 145; 284; 91; 0; 0
1977;04; 7; 6; 54; 1; 0; 0; 0; 151; 179; 4; 0; 0; 0; 0; 0; 0; 0; 0; 0; 9; 0; 0; 0; 0; 0; 0; 0; 0; 0; 0; 9999
1977;05; 0; 0; 0; 0; 0; 0; 0; 0; 0; 95; 0; 0; 0; 0; 0; 0; 0; 0; 0; 0; 0; 0; 0; 0; 0; 0; 0; 0; 0; 0; 0
1977;06; 96; 0; 0; 13; 0; 0; 0; 0; 0; 0; 0; 0; 0; 0; 109; 146; 110; 0; 0; 0; 40; 170; 0; 0; 6; 0; 0; 0; 0; 0; 9999
1977;07; 0; 0; 0; 0; 0; 0; 0; 0; 0; 0; 0; 0; 0; 0; 0; 26; 0; 0; 0; 0; 0; 0; 0; 0; 0; 0; 0; 0; 0; 0; 0
1977;08; 0; 0; 0; 0; 0; 0; 0; 0; 0; 0; 0; 0; 0; 0; 0; 0; 0; 0; 0; 0; 0; 0; 0; 0; 0; 0; 0; 0; 0; 34; 0
1977;09; 0; 8; 0; 0; 0; 0; 135; 0; 0; 0; 0; 0; 0; 0; 0; 0; 0; 45; 86; 0; 220; 0; 0; 0; 0; 0; 0; 0; 0; 0; 9999
1977;10; 0; 137; 0; 0; 0; 0; 0; 0; 0; 0; 0; 0; 0; 0; 0; 0; 12; 0; 0; 0; 0; 0; 0; 0; 0; 0; 80; 278; 0; 0; 0
1977;11; 0; 419; 0; 181; 0; 0; 410; 0; 0; 0; 0; 0; 0; 0; 21; 14; 131; 0; 635; 201; 29; 0; 80; 3; 109; 50; 0; 293; 6; 0; 9999
1977;12; 0; 16; 484; 177; 309; 71; 6; 34; 41; 13; 278; 0; 0; 0; 0; 0; 0; 0; 345; 0; 303; 119; 165; 0; 0; 0; 0; 0; 0; 0; 0
1978;01; 21; 321; 0; 0; 0; 80; 358; 0; 20; 284; 243; 0; 0; 0; 0; 209; 0; 260; 0; 2; 0; 3; 0; 0; 0; 0; 0; 0; 0; 0; 0
1978;02; 0; 0; 0; 0; 0; 11; 67; 0; 0; 0; 16; 17; 0; 0; 0; 0; 0; 19; 0; 39; 243; 5; 35; 0; 0; 0; 610; 78; 9999; 9999; 9999
1978;03; 0; 27; 348; 681; 0; 0; 0; 0; 0; 321; 287; 0; 40; 0; 0; 0; 0; 0; 0; 0; 0; 0; 0; 0; 0; 0; 0; 0; 115; 0; 0
1978;04; 262; 0; 0; 0; 0; 0; 0; 0; 0; 0; 0; 0; 0; 0; 0; 0; 0; 0; 0; 0; 0; 0; 0; 0; 0; 0; 0; 0; 0; 0; 9999
1978;05; 0; 0; 0; 0; 0; 0; 0; 0; 0; 0; 0; 0; 0; 0; 18; 375; 0; 5; 156; 0; 756; 5; 0; 0; 0; 0; 0; 0; 0; 119; 19
1978;06; 0; 0; 0; 0; 0; 0; 0; 48; 150; 0; 0; 0; 0; 0; 0; 0; 0; 0; 0; 0; 0; 0; 0; 0; 0; 0; 0; 0; 0; 0; 9999
1978;07; 0; 0; 0; 0; 0; 0; 0; 15; 0; 0; 0; 0; 0; 0; 214; 0; 0; 160; 0; 156; 257; 178; 0; 0; 40; 0; 0; 0; 0; 0; 0
1978;08; 0; 0; 0; 0; 0; 0; 0; 0; 0; 0; 0; 0; 0; 0; 0; 0; 0; 0; 0; 0; 0; 0; 0; 0; 0; 0; 0; 0; 0; 0; 0
1978;09; 85; 21; 0; 0; 123; 165; 23; 146; 4; 0; 0; 0; 0; 0; 370; 0; 81; 0; 0; 0; 58; 0; 0; 0; 0; 0; 0; 0; 0; 0; 9999
1978;10; 0; 0; 0; 0; 0; 0; 0; 0; 0; 0; 80; 0; 0; 0; 82; 0; 0; 0; 412; 0; 0; 0; 0; 0; 0; 0; 0; 82; 164; 9; 0
1978;11; 18; 0; 22; 31; 0; 0; 0; 0; 0; 0; 0; 255; 0; 0; 0; 0; 47; 0; 0; 0; 47; 115; 0; 0; 0; 17; 0; 123; 0; 0; 9999
1978;12; 0; 0; 37; 0; 0; 16; 7; 65; 86; 0; 0; 0; 0; 0; 136; 0; 60; 0; 0; 0; 0; 0; 0; 0; 123; 405; 294; 0; 0; 0; 0
1979;01; 0; 163; 82; 19; 4; 0; 0; 0; 0; 0; 0; 0; 0; 0; 0; 0; 0; 0; 0; 0; 0; 0; 0; 0; 0; 27; 149; 0; 0; 3; 0
1979;02; 0; 0; 0; 0; 0; 0; 0; 0; 0; 120; 8; 339; 78; 142; 0; 0; 13; 0; 0; 0; 0; 0; 31; 0; 0; 0; 0; 0; 9999; 9999; 9999
1979;03; 0; 0; 20; 0; 0; 0; 7; 67; 0; 163; 70; 202; 36; 190; 9999; 0; 0; 0; 0; 0; 0; 0; 0; 0; 8; 0; 0; 0; 0; 0; 0
1979;04; 0; 0; 13; 34; 144; 0; 0; 0; 0; 0; 0; 0; 0; 0; 0; 0; 0; 0; 0; 0; 0; 0; 0; 0; 0; 0; 0; 3; 0; 186; 9999
1979;05; 0; 0; 0; 398; 21; 4; 261; 142; 61; 15; 0; 0; 0; 0; 81; 0; 0; 0; 0; 0; 0; 0; 15; 0; 0; 0; 0; 0; 224; 0; 0
1979;06; 0; 0; 0; 0; 0; 0; 0; 0; 0; 0; 0; 0; 0; 0; 0; 0; 0; 0; 0; 0; 0; 0; 0; 0; 0; 0; 0; 0; 0; 0; 9999
1979;07; 0; 0; 193; 0; 0; 0; 0; 0; 3; 58; 0; 0; 0; 0; 0; 9; 0; 0; 3; 183; 0; 0; 0; 12; 9; 3; 0; 0; 0; 0; 0
1979;08; 0; 0; 0; 0; 0; 0; 0; 0; 0; 0; 0; 0; 29; 0; 27; 0; 0; 307; 8; 0; 0; 0; 0; 0; 0; 0; 165; 0; 0; 0; 0
1979;09; 0; 0; 169; 0; 0; 0; 0; 0; 0; 54; 131; 7; 0; 270; 57; 366; 127; 263; 9; 0; 0; 0; 352; 0; 0; 0; 0; 0; 0; 30; 9999
1979;10; 205; 0; 5; 0; 0; 0; 25; 3; 62; 0; 0; 0; 0; 180; 5; 0; 0; 0; 0; 0; 0; 0; 0; 0; 0; 134; 23; 0; 56; 0; 27
1979;11; 0; 0; 0; 0; 0; 0; 20; 267; 150; 260; 13; 0; 0; 0; 0; 0; 0; 0; 70; 0; 0; 0; 382; 0; 326; 25; 0; 0; 0; 0; 9999
1979;12; 0; 291; 20; 0; 36; 0; 0; 0; 0; 206; 6; 297; 55; 315; 6; 431; 0; 0; 142; 3; 19; 243; 70; 0; 81; 105; 90; 0; 0; 0; 290
1980;01; 18; 0; 0; 0; 0; 0; 9; 19; 233; 0; 0; 0; 0; 0; 0; 0; 0; 3; 48; 121; 136; 8; 70; 190; 216; 192; 120; 71; 0; 0; 0
1980;02; 61; 20; 0; 0; 0; 0; 0; 0; 4; 119; 14; 43; 250; 0; 0; 0; 113; 49; 0; 0; 0; 0; 0; 42; 0; 205; 389; 857; 293; 9999; 9999
1980;03; 9999; 0; 0; 0; 9; 207; 0; 6; 0; 30; 0; 86; 16; 85; 71; 52; 0; 0; 8; 0; 0; 0; 0; 0; 0; 0; 0; 0; 0; 21; 0
1980;04; 0; 0; 0; 0; 130; 16; 0; 0; 0; 5; 0; 4; 0; 116; 0; 0; 0; 0; 0; 0; 0; 0; 0; 0; 0; 0; 0; 0; 0; 0; 9999
1980;05; 0; 26; 0; 0; 0; 0; 0; 0; 0; 0; 347; 3; 0; 0; 0; 0; 0; 0; 0; 152; 3; 239; 0; 0; 0; 0; 0; 0; 0; 0; 0
1980;06; 0; 0; 47; 0; 0; 0; 0; 0; 0; 0; 0; 0; 0; 0; 0; 0; 0; 0; 0; 0; 0; 2; 0; 0; 84; 564; 79; 0; 0; 0; 9999
1980;07; 0; 37; 20; 3; 0; 0; 0; 0; 0; 0; 0; 0; 0; 0; 0; 0; 0; 0; 0; 0; 0; 0; 0; 0; 0; 0; 0; 0; 0; 0; 15
1980;08; 0; 0; 0; 0; 0; 91; 0; 0; 0; 0; 0; 0; 0; 0; 0; 0; 0; 0; 0; 0; 0; 0; 125; 0; 0; 0; 0; 0; 0; 0; 0
1980;09; 0; 0; 0; 0; 0; 0; 0; 0; 224; 0; 0; 0; 31; 96; 283; 58; 0; 148; 65; 54; 83; 154; 0; 0; 0; 0; 0; 47; 0; 0; 9999
1980;10; 0; 0; 0; 0; 0; 0; 0; 103; 86; 0; 213; 346; 0; 0; 0; 0; 0; 0; 0; 0; 0; 0; 19; 0; 0; 0; 0; 0; 0; 0; 0
1980;11; 0; 0; 0; 0; 81; 0; 78; 0; 90; 26; 7; 0; 0; 0; 0; 0; 0; 0; 0; 0; 0; 14; 42; 0; 59; 0; 0; 0; 185; 244; 9999
1980;12; 446; 511; 0; 150; 0; 0; 0; 0; 0; 0; 0; 0; 9999; 16; 0; 0; 0; 0; 15; 7; 16; 156; 125; 5; 21; 12; 43; 45; 3; 0; 245
1981;01; 0; 0; 0; 0; 8; 0; 0; 261; 63; 0; 0; 67; 21; 270; 354; 0; 0; 28; 21; 0; 128; 178; 3; 267; 56; 3; 2; 0; 0; 3; 2
1981;02; 0; 0; 0; 0; 226; 0; 123; 0; 0; 0; 195; 103; 82; 0; 0; 0; 0; 0; 0; 23; 172; 154; 55; 0; 0; 0; 0; 0; 9999; 9999; 9999
1981;03; 0; 0; 0; 10; 0; 0; 0; 31; 33; 0; 0; 0; 0; 0; 0; 338; 3; 0; 75; 0; 0; 0; 0; 0; 0; 0; 0; 0; 14; 0; 0
1981;04; 0; 0; 0; 0; 0; 0; 0; 0; 0; 0; 0; 0; 0; 0; 0; 567; 0; 0; 0; 0; 0; 0; 0; 271; 0; 0; 15; 595; 0; 0; 9999
1981;05; 0; 0; 0; 0; 0; 0; 0; 0; 0; 0; 0; 0; 0; 0; 0; 0; 0; 0; 0; 0; 0; 0; 0; 0; 0; 0; 0; 0; 0; 0; 0
1981;06; 0; 0; 45; 3; 0; 144; 197; 3; 2; 1; 1; 0; 0; 13; 1; 376; 219; 0; 0; 0; 0; 0; 0; 0; 0; 0; 0; 0; 0; 0; 9999
1981;07; 0; 0; 28; 0; 0; 0; 0; 0; 0; 0; 0; 0; 0; 0; 0; 0; 0; 0; 3; 12; 0; 0; 0; 0; 0; 0; 0; 0; 0; 0; 0
1981;08; 0; 0; 0; 0; 0; 0; 0; 1; 23; 0; 0; 0; 0; 0; 0; 0; 9; 0; 0; 0; 0; 0; 0; 0; 0; 0; 0; 0; 0; 0; 0
1981;09; 0; 0; 0; 0; 0; 0; 0; 0; 0; 0; 0; 0; 0; 0; 0; 0; 0; 0; 0; 0; 0; 1; 0; 0; 0; 274; 0; 0; 0; 3; 9999
1981;10; 0; 0; 0; 379; 310; 38; 251; 0; 98; 0; 69; 0; 141; 0; 0; 428; 0; 0; 0; 189; 0; 0; 0; 0; 0; 31; 478; 208; 1; 0; 0
1981;11; 250; 0; 50; 97; 0; 0; 0; 0; 29; 277; 0; 0; 2; 0; 0; 0; 0; 0; 307; 25; 0; 0; 0; 0; 0; 0; 0; 0; 166; 20; 9999
1981;12; 76; 545; 2; 0; 0; 60; 147; 0; 0; 0; 0; 0; 374; 9999; 0; 0; 13; 337; 0; 0; 396; 121; 32; 7; 83; 0; 81; 9999; 0; 0; 0
1982;01; 61; 24; 48; 330; 0; 0; 0; 226; 0; 57; 201; 519; 0; 0; 0; 0; 0; 0; 0; 0; 0; 48; 12; 0; 0; 0; 0; 57; 11; 3; 0
1982;02; 0; 157; 68; 330; 285; 126; 50; 0; 5; 0; 0; 0; 0; 0; 0; 0; 0; 0; 0; 0; 122; 263; 0; 137; 226; 187; 0; 140; 9999; 9999; 9999
1982;03; 0; 0; 0; 0; 0; 0; 0; 0; 0; 36; 16; 810; 298; 0; 123; 212; 912; 1; 0; 0; 0; 512; 386; 61; 0; 0; 0; 0; 0; 0; 0
1982;04; 0; 0; 0; 0; 0; 0; 0; 0; 0; 0; 0; 0; 683; 0; 68; 0; 0; 0; 0; 0; 0; 0; 0; 0; 0; 0; 0; 0; 0; 0; 9999
1982;05; 0; 0; 0; 0; 0; 0; 0; 0; 0; 0; 0; 0; 0; 0; 0; 0; 0; 0; 86; 32; 0; 0; 151; 253; 452; 0; 0; 0; 0; 256; 0
1982;06; 0; 0; 0; 0; 10; 0; 0; 0; 0; 0; 56; 405; 231; 0; 0; 0; 0; 0; 0; 86; 29; 31; 0; 14; 287; 64; 4; 0; 68; 0; 9999
1982;07; 0; 69; 0; 0; 0; 0; 0; 0; 0; 0; 0; 0; 102; 104; 0; 0; 0; 310; 34; 0; 0; 0; 0; 0; 0; 0; 0; 0; 0; 7; 0
1982;08; 0; 0; 0; 56; 91; 9999; 0; 0; 0; 0; 0; 0; 0; 0; 0; 0; 0; 0; 78; 0; 0; 0; 0; 0; 0; 0; 0; 0; 0; 0; 0
1982;09; 0; 0; 0; 0; 0; 206; 0; 0; 0; 0; 0; 0; 0; 0; 0; 0; 0; 0; 0; 0; 6; 9999; 5; 0; 0; 0; 60; 26; 0; 0; 9999
1982;10; 0; 203; 9999; 0; 0; 18; 0; 410; 371; 0; 0; 0; 0; 352; 0; 0; 0; 113; 0; 0; 0; 45; 0; 112; 0; 0; 0; 0; 0; 30; 0
1982;11; 0; 0; 56; 0; 10; 0; 100; 0; 0; 0; 0; 595; 0; 0; 0; 198; 15; 0; 0; 46; 127; 26; 35; 23; 0; 0; 14; 119; 89; 0; 9999
1982;12; 187; 0; 159; 147; 0; 168; 180; 0; 0; 0; 0; 249; 47; 0; 38; 129; 402; 303; 41; 16; 545; 101; 0; 50; 0; 0; 0; 0; 4; 3; 35
1983;01; 0; 27; 0; 0; 183; 0; 0; 0; 0; 0; 400; 0; 48; 80; 95; 241; 0; 31; 340; 372; 71; 0; 0; 0; 0; 0; 0; 0; 0; 80; 335
1983;02; 185; 0; 20; 0; 0; 0; 0; 171; 65; 0; 160; 0; 0; 472; 234; 0; 0; 0; 43; 78; 0; 0; 41; 0; 0; 0; 0; 201; 9999; 9999; 9999
1983;03; 5; 0; 147; 121; 210; 85; 112; 54; 0; 0; 0; 61; 302; 321; 0; 0; 0; 31; 7; 0; 0; 0; 0; 0; 0; 0; 0; 0; 0; 0; 0
1983;04; 0; 0; 0; 0; 0; 20; 31; 0; 0; 0; 0; 13; 0; 0; 0; 21; 44; 2; 25; 46; 31; 0; 13; 7; 198; 0; 0; 0; 0; 0; 9999
1983;05; 0; 0; 0; 0; 0; 0; 0; 0; 0; 0; 0; 32; 21; 12; 0; 0; 212; 0; 0; 272; 0; 0; 40; 238; 0; 0; 0; 0; 121; 485; 663
1983;06; 0; 35; 71; 62; 144; 63; 930; 0; 0; 80; 0; 0; 0; 0; 0; 0; 0; 0; 0; 0; 0; 0; 0; 0; 0; 0; 0; 0; 76; 0; 9999
1983;07; 0; 0; 0; 0; 0; 0; 0; 0; 0; 0; 0; 0; 0; 0; 0; 0; 31; 1; 0; 0; 13; 20; 0; 0; 0; 0; 0; 0; 0; 0; 0
1983;08; 0; 0; 0; 0; 0; 0; 0; 0; 0; 0; 0; 0; 0; 0; 0; 0; 0; 0; 0; 0; 0; 0; 0; 0; 0; 0; 0; 0; 0; 0; 0
1983;09; 0; 0; 113; 28; 0; 269; 512; 167; 0; 0; 132; 16; 0; 0; 0; 178; 164; 282; 431; 0; 0; 0; 13; 124; 18; 0; 0; 0; 0; 0; 9999
1983;10; 0; 63; 0; 0; 0; 0; 0; 0; 0; 0; 903; 0; 0; 0; 0; 0; 0; 0; 0; 0; 0; 413; 24; 36; 0; 0; 0; 0; 0; 0; 201
1983;11; 112; 0; 0; 50; 0; 6; 0; 0; 0; 6; 13; 504; 395; 0; 0; 0; 0; 0; 0; 89; 0; 156; 0; 0; 0; 0; 0; 0; 9; 0; 9999
1983;12; 32; 0; 0; 0; 0; 0; 48; 0; 2; 0; 9; 0; 31; 163; 13; 0; 0; 23; 206; 313; 287; 250; 9; 0; 0; 51; 130; 89; 22; 0; 0
1984;01; 23; 0; 0; 67; 0; 0; 51; 387; 0; 12; 0; 7; 0; 0; 0; 0; 0; 0; 0; 0; 223; 122; 23; 0; 0; 863; 212; 461; 596; 156; 0
1984;02; 0; 0; 156; 0; 0; 23; 255; 0; 0; 6; 36; 236; 0; 6; 0; 98; 0; 0; 37; 23; 29; 30; 0; 0; 0; 556; 0; 0; 7; 9999; 9999
1984;03; 0; 0; 0; 0; 0; 48; 12; 16; 0; 9999; 0; 0; 0; 0; 0; 0; 0; 0; 0; 0; 16; 40; 0; 0; 0; 110; 113; 0; 0; 1; 160
1984;04; 0; 0; 0; 6; 27; 0; 0; 0; 0; 0; 0; 0; 0; 0; 547; 0; 0; 0; 0; 0; 0; 0; 0; 106; 401; 0; 0; 0; 0; 289; 9999
1984;05; 12; 203; 0; 0; 0; 0; 0; 0; 0; 0; 0; 30; 51; 30; 231; 0; 0; 3; 112; 0; 0; 0; 0; 0; 0; 0; 0; 0; 0; 0; 73
1984;06; 0; 0; 0; 0; 0; 0; 0; 0; 0; 0; 0; 0; 0; 0; 0; 0; 0; 0; 0; 0; 0; 0; 0; 0; 0; 0; 0; 0; 0; 0; 9999
1984;07; 0; 0; 0; 0; 0; 0; 0; 0; 0; 0; 0; 0; 0; 0; 0; 0; 0; 0; 0; 0; 0; 0; 0; 0; 0; 0; 0; 13; 0; 0; 0
1984;08; 0; 0; 146; 17; 0; 0; 0; 0; 0; 0; 0; 0; 0; 0; 0; 0; 0; 0; 0; 264; 143; 65; 13; 0; 56; 15; 0; 0; 0; 0; 0
1984;09; 0; 0; 0; 0; 0; 0; 0; 141; 82; 0; 0; 0; 0; 0; 0; 0; 231; 0; 0; 23; 224; 0; 0; 0; 0; 69; 161; 0; 0; 0; 9999
1984;10; 0; 0; 0; 0; 0; 0; 35; 0; 0; 0; 0; 0; 0; 0; 0; 0; 0; 272; 348; 0; 0; 0; 0; 0; 0; 292; 0; 0; 0; 0; 0
1984;11; 0; 0; 0; 0; 217; 0; 0; 0; 0; 182; 90; 96; 87; 0; 0; 0; 0; 0; 92; 0; 246; 0; 0; 0; 0; 0; 117; 0; 0; 0; 9999
1984;12; 0; 0; 1283; 0; 0; 27; 42; 0; 31; 0; 0; 102; 23; 0; 95; 9; 0; 53; 0; 0; 0; 0; 0; 0; 0; 9; 103; 0; 0; 0; 567
1985;01; 349; 0; 0; 0; 0; 0; 0; 213; 144; 0; 0; 0; 0; 56; 0; 264; 36; 0; 0; 0; 9; 201; 32; 0; 14; 32; 0; 0; 0; 0; 0
1985;02; 0; 0; 25; 0; 0; 0; 0; 6; 17; 0; 0; 6; 481; 0; 0; 0; 0; 0; 0; 0; 12; 21; 48; 0; 0; 0; 65; 173; 9999; 9999; 9999
1985;03; 0; 146; 139; 0; 1; 46; 0; 0; 0; 71; 0; 0; 0; 137; 82; 0; 736; 0; 0; 8; 26; 0; 0; 0; 0; 0; 0; 37; 0; 0; 0
1985;04; 0; 0; 0; 0; 0; 473; 63; 0; 216; 0; 331; 0; 0; 0; 0; 92; 0; 323; 0; 0; 0; 0; 0; 0; 0; 0; 0; 0; 325; 212; 9999
1985;05; 5; 0; 0; 0; 0; 0; 0; 0; 0; 0; 0; 0; 0; 0; 0; 0; 0; 0; 0; 0; 37; 536; 0; 0; 0; 0; 0; 0; 0; 0; 0
1985;06; 0; 0; 15; 117; 0; 0; 0; 0; 0; 0; 0; 0; 0; 0; 0; 0; 0; 0; 0; 0; 0; 0; 0; 0; 0; 0; 0; 0; 0; 0; 9999
1985;07; 0; 23; 0; 0; 0; 101; 19; 0; 0; 0; 0; 0; 0; 0; 0; 0; 0; 0; 0; 0; 0; 0; 0; 0; 0; 0; 0; 0; 0; 0; 0
1985;08; 0; 0; 0; 0; 0; 0; 0; 0; 0; 0; 0; 0; 0; 0; 0; 0; 0; 0; 0; 0; 36; 0; 0; 0; 0; 0; 0; 0; 0; 0; 7
1985;09; 32; 0; 0; 213; 0; 0; 0; 0; 0; 0; 0; 0; 0; 0; 0; 0; 0; 0; 0; 0; 0; 0; 0; 0; 0; 0; 0; 0; 23; 0; 9999
1985;10; 0; 0; 0; 0; 0; 0; 0; 0; 0; 0; 0; 0; 0; 0; 63; 0; 0; 0; 0; 0; 0; 0; 0; 0; 51; 0; 0; 0; 57; 0; 7
1985;11; 30; 20; 259; 37; 0; 0; 0; 0; 0; 0; 0; 0; 0; 0; 0; 0; 0; 0; 0; 0; 111; 453; 0; 0; 0; 77; 79; 0; 0; 0; 9999
1985;12; 0; 0; 77; 180; 0; 0; 0; 0; 0; 0; 0; 0; 0; 47; 43; 0; 159; 0; 0; 0; 198; 26; 3; 287; 0; 0; 0; 0; 0; 0; 0
1986;01; 52; 186; 0; 0; 34; 0; 0; 0; 56; 3; 0; 146; 0; 17; 0; 0; 0; 0; 0; 0; 241; 401; 89; 0; 0; 0; 0; 141; 64; 5; 0
1986;02; 0; 112; 95; 94; 0; 0; 69; 75; 264; 117; 0; 216; 42; 703; 163; 378; 384; 0; 0; 87; 176; 0; 0; 0; 0; 0; 20; 0; 9999; 9999; 9999
1986;03; 0; 0; 0; 50; 56; 13; 424; 12; 0; 64; 0; 77; 0; 34; 142; 0; 0; 0; 123; 0; 0; 0; 0; 112; 0; 89; 73; 0; 0; 25; 0
1986;04; 0; 0; 0; 0; 0; 0; 0; 0; 0; 0; 0; 0; 0; 0; 241; 0; 0; 0; 0; 0; 342; 0; 0; 0; 0; 0; 0; 0; 52; 0; 9999
1986;05; 0; 0; 0; 0; 0; 0; 0; 4; 47; 172; 54; 0; 417; 54; 0; 0; 0; 76; 171; 0; 0; 0; 0; 0; 0; 0; 289; 5; 0; 167; 226
1986;06; 0; 0; 0; 0; 0; 0; 0; 0; 0; 0; 0; 0; 0; 0; 0; 0; 0; 0; 0; 0; 0; 0; 0; 0; 0; 0; 0; 0; 0; 0; 9999
1986;07; 0; 0; 0; 0; 17; 0; 0; 0; 0; 0; 0; 0; 0; 0; 0; 0; 0; 0; 25; 0; 0; 0; 47; 0; 0; 0; 0; 0; 56; 0; 0
1986;08; 0; 0; 0; 0; 0; 0; 0; 0; 0; 0; 0; 15; 0; 17; 374; 260; 67; 0; 0; 0; 25; 502; 496; 0; 4; 0; 0; 0; 0; 0; 0
1986;09; 0; 4; 6; 0; 0; 0; 0; 0; 0; 0; 0; 0; 0; 0; 0; 0; 0; 0; 0; 52; 0; 0; 0; 112; 34; 0; 0; 0; 114; 0; 9999
1986;10; 0; 0; 0; 0; 0; 0; 0; 0; 0; 155; 0; 0; 0; 0; 0; 0; 0; 0; 110; 0; 52; 0; 0; 15; 0; 0; 0; 0; 0; 0; 0
1986;11; 0; 0; 25; 0; 0; 0; 63; 0; 0; 15; 186; 0; 0; 0; 0; 0; 0; 0; 40; 0; 260; 0; 20; 0; 0; 25; 0; 0; 20; 497; 9999
1986;12; 23; 294; 48; 436; 76; 0; 393; 284; 92; 394; 0; 0; 149; 56; 0; 3; 654; 296; 0; 0; 0; 0; 0; 0; 0; 0; 122; 0; 0; 0; 0
1987;01; 0; 0; 0; 466; 64; 0; 26; 0; 0; 134; 0; 0; 63; 0; 28; 0; 0; 0; 0; 0; 0; 0; 204; 376; 264; 671; 62; 0; 212; 0; 224
1987;02; 0; 176; 16; 0; 0; 21; 32; 0; 36; 0; 0; 0; 0; 0; 74; 21; 75; 130; 166; 0; 0; 65; 0; 0; 2; 0; 0; 0; 9999; 9999; 9999
1987;03; 156; 21; 0; 0; 0; 0; 0; 286; 10; 85; 0; 0; 0; 0; 0; 0; 0; 0; 0; 0; 0; 0; 0; 0; 0; 0; 264; 42; 0; 0; 0
1987;04; 0; 8; 0; 112; 0; 0; 0; 0; 27; 0; 15; 0; 0; 0; 0; 0; 0; 0; 0; 0; 361; 0; 0; 0; 0; 0; 0; 0; 0; 0; 9999
1987;05; 0; 0; 0; 0; 0; 36; 306; 18; 26; 0; 0; 62; 0; 0; 0; 249; 105; 174; 75; 0; 50; 0; 0; 5; 0; 0; 0; 0; 3; 0; 0
1987;06; 0; 0; 0; 0; 0; 0; 0; 0; 0; 0; 0; 0; 0; 245; 218; 117; 0; 0; 0; 0; 0; 0; 186; 0; 0; 0; 0; 0; 0; 0; 9999
1987;07; 0; 0; 0; 0; 0; 0; 0; 0; 223; 0; 0; 52; 0; 0; 0; 0; 0; 0; 0; 0; 0; 0; 0; 0; 0; 0; 0; 0; 0; 23; 0
1987;08; 0; 0; 0; 0; 0; 38; 2; 0; 0; 0; 0; 0; 0; 0; 0; 0; 0; 0; 0; 0; 0; 0; 0; 0; 0; 0; 0; 0; 0; 0; 69
1987;09; 0; 0; 28; 0; 0; 32; 4; 30; 0; 0; 46; 264; 0; 0; 0; 0; 0; 10; 166; 0; 0; 159; 116; 0; 0; 0; 0; 300; 0; 0; 9999
1987;10; 100; 0; 301; 0; 0; 0; 27; 0; 0; 0; 0; 0; 0; 0; 0; 0; 0; 0; 281; 226; 37; 0; 0; 0; 144; 0; 0; 0; 0; 0; 0
1987;11; 0; 0; 0; 0; 0; 114; 375; 0; 21; 200; 0; 0; 0; 101; 107; 181; 0; 0; 0; 0; 0; 0; 0; 0; 71; 90; 0; 0; 0; 0; 9999
1987;12; 0; 0; 0; 100; 16; 0; 0; 0; 292; 0; 0; 0; 124; 0; 0; 0; 97; 495; 254; 0; 0; 0; 0; 0; 0; 0; 0; 0; 144; 5; 118
1988;01; 0; 0; 0; 0; 0; 69; 81; 28; 829; 0; 0; 0; 0; 0; 0; 0; 0; 0; 251; 0; 0; 0; 184; 118; 0; 51; 0; 0; 0; 150; 0
1988;02; 0; 0; 0; 0; 0; 0; 0; 0; 30; 543; 0; 0; 0; 0; 0; 0; 71; 131; 0; 142; 0; 0; 0; 0; 0; 420; 12; 86; 0; 9999; 9999
1988;03; 44; 262; 0; 24; 48; 0; 54; 0; 0; 0; 0; 0; 0; 0; 0; 187; 84; 276; 41; 0; 0; 0; 0; 0; 0; 0; 4; 6; 0; 0; 0
1988;04; 162; 67; 0; 0; 0; 0; 198; 0; 0; 0; 0; 0; 0; 198; 4; 0; 131; 0; 46; 42; 28; 0; 0; 0; 0; 279; 0; 0; 0; 0; 9999
1988;05; 0; 0; 46; 0; 16; 0; 2; 0; 0; 0; 0; 0; 95; 0; 0; 0; 46; 67; 0; 0; 0; 53; 0; 0; 0; 0; 0; 0; 0; 193; 104
1988;06; 0; 0; 0; 175; 0; 0; 0; 0; 0; 0; 85; 0; 0; 0; 0; 0; 0; 0; 0; 0; 0; 0; 0; 0; 71; 0; 0; 0; 0; 0; 9999
1988;07; 0; 0; 0; 0; 0; 0; 0; 0; 0; 0; 0; 0; 0; 0; 0; 0; 0; 0; 0; 0; 0; 0; 0; 0; 0; 0; 0; 0; 0; 0; 0
1988;08; 0; 0; 0; 0; 0; 0; 0; 0; 0; 0; 0; 0; 0; 0; 0; 0; 0; 0; 0; 0; 0; 0; 0; 0; 0; 0; 0; 0; 0; 0; 0
1988;09; 0; 0; 0; 0; 0; 0; 0; 0; 0; 0; 0; 0; 0; 0; 125; 91; 102; 101; 0; 0; 0; 0; 0; 0; 0; 0; 0; 0; 0; 12; 9999
1988;10; 0; 0; 0; 0; 13; 0; 0; 0; 0; 0; 0; 441; 0; 0; 0; 0; 0; 0; 0; 345; 242; 25; 556; 135; 0; 746; 0; 0; 0; 156; 0
1988;11; 534; 0; 0; 0; 0; 0; 0; 0; 0; 0; 0; 0; 0; 0; 0; 0; 0; 0; 0; 230; 0; 0; 0; 0; 0; 0; 0; 0; 0; 0; 9999
1988;12; 0; 0; 0; 0; 0; 0; 0; 0; 0; 0; 0; 38; 0; 0; 0; 0; 0; 0; 0; 0; 471; 0; 32; 142; 24; 52; 0; 74; 404; 0; 368
1989;01; 267; 4; 98; 62; 45; 279; 0; 234; 0; 34; 42; 218; 128; 257; 42; 0; 0; 107; 0; 0; 146; 47; 71; 20; 0; 0; 0; 21; 186; 30; 40
1989;02; 0; 0; 147; 76; 0; 0; 0; 31; 47; 42; 35; 187; 0; 0; 31; 42; 106; 305; 0; 418; 0; 4; 35; 0; 32; 1059; 0; 0; 9999; 9999; 9999
1989;03; 0; 0; 0; 0; 0; 0; 0; 0; 0; 0; 0; 0; 0; 181; 0; 0; 0; 0; 16; 156; 0; 0; 49; 0; 0; 347; 126; 7; 0; 0; 211
1989;04; 0; 10; 0; 0; 0; 0; 0; 0; 0; 0; 121; 0; 0; 0; 0; 0; 0; 0; 40; 0; 0; 0; 0; 0; 0; 0; 0; 0; 0; 46; 9999
1989;05; 49; 0; 0; 126; 9; 45; 0; 0; 0; 0; 0; 0; 0; 0; 0; 0; 0; 0; 0; 0; 0; 0; 0; 0; 0; 64; 0; 0; 0; 0; 0
1989;06; 0; 0; 0; 0; 0; 0; 0; 394; 0; 0; 16; 29; 0; 0; 0; 126; 0; 0; 0; 0; 0; 0; 0; 0; 183; 0; 0; 251; 0; 0; 9999
1989;07; 0; 0; 0; 0; 0; 0; 0; 0; 0; 0; 0; 0; 0; 0; 0; 0; 0; 0; 0; 0; 0; 0; 0; 0; 114; 0; 0; 0; 0; 51; 1101
1989;08; 0; 0; 0; 0; 0; 0; 0; 0; 0; 0; 0; 0; 0; 0; 0; 0; 0; 0; 0; 0; 136; 91; 42; 0; 0; 12; 0; 0; 0; 0; 0
1989;09; 134; 0; 0; 0; 0; 112; 523; 0; 0; 270; 242; 0; 4; 67; 0; 0; 0; 0; 0; 0; 0; 0; 0; 0; 95; 0; 0; 0; 0; 0; 9999
1989;10; 0; 0; 0; 0; 0; 0; 0; 0; 0; 0; 0; 90; 0; 0; 0; 71; 0; 0; 0; 0; 0; 0; 0; 0; 0; 45; 401; 0; 0; 0; 0
1989;11; 0; 0; 0; 48; 0; 0; 0; 0; 0; 21; 72; 510; 0; 0; 0; 0; 0; 0; 0; 112; 4; 0; 34; 0; 395; 0; 0; 394; 25; 0; 9999
1989;12; 0; 0; 0; 0; 0; 95; 0; 0; 0; 463; 57; 0; 992; 371; 0; 0; 0; 0; 0; 0; 0; 0; 0; 0; 0; 0; 200; 212; 271; 335; 485
1990;01; 51; 65; 35; 0; 0; 40; 506; 18; 267; 270; 246; 77; 0; 38; 10; 271; 0; 0; 0; 0; 0; 10; 202; 0; 20; 0; 0; 0; 41; 0; 0
1990;02; 0; 0; 0; 0; 0; 115; 0; 145; 0; 0; 124; 0; 82; 0; 0; 0; 0; 0; 0; 0; 0; 0; 0; 0; 300; 0; 0; 0; 9999; 9999; 9999
1990;03; 0; 0; 0; 22; 0; 0; 351; 0; 0; 0; 81; 14; 0; 0; 0; 221; 0; 0; 22; 24; 150; 135; 222; 0; 15; 0; 266; 0; 0; 0; 0
1990;04; 0; 0; 0; 0; 8; 0; 0; 0; 0; 0; 0; 28; 0; 0; 0; 0; 49; 197; 258; 12; 0; 0; 0; 0; 0; 0; 0; 0; 0; 432; 9999
1990;05; 335; 0; 0; 0; 0; 0; 0; 0; 0; 0; 269; 0; 0; 0; 0; 8; 14; 22; 0; 0; 0; 0; 0; 0; 0; 0; 0; 0; 0; 0; 0
1990;06; 0; 0; 0; 0; 0; 0; 0; 0; 0; 0; 0; 0; 0; 0; 31; 0; 0; 0; 0; 0; 0; 0; 0; 0; 0; 0; 16; 0; 0; 0; 9999
1990;07; 0; 0; 0; 0; 0; 0; 0; 0; 0; 261; 0; 0; 0; 0; 0; 201; 99; 0; 0; 0; 0; 0; 0; 0; 0; 0; 0; 82; 0; 0; 0
1990;08; 0; 0; 0; 0; 0; 0; 0; 0; 0; 0; 0; 0; 0; 0; 0; 0; 156; 478; 0; 25; 0; 0; 0; 0; 34; 0; 35; 274; 0; 0; 0
1990;09; 108; 26; 0; 0; 0; 0; 0; 0; 0; 0; 0; 0; 432; 0; 0; 0; 0; 0; 0; 0; 0; 0; 260; 8; 0; 0; 0; 0; 52; 304; 9999
1990;10; 91; 0; 0; 0; 0; 0; 0; 0; 0; 0; 0; 0; 132; 0; 0; 0; 0; 0; 524; 0; 0; 0; 0; 0; 0; 0; 0; 0; 0; 35; 0
1990;11; 0; 102; 0; 0; 550; 353; 0; 0; 0; 61; 0; 0; 0; 0; 0; 0; 36; 0; 35; 50; 0; 0; 0; 0; 0; 0; 6; 0; 0; 0; 9999
1990;12; 0; 0; 0; 74; 0; 56; 140; 22; 0; 0; 273; 12; 132; 569; 0; 0; 0; 0; 123; 15; 0; 0; 0; 0; 0; 0; 0; 0; 28; 0; 0
1991;01; 0; 0; 0; 71; 0; 0; 0; 0; 0; 202; 0; 32; 0; 0; 495; 181; 0; 0; 0; 0; 0; 22; 0; 26; 92; 0; 571; 0; 0; 528; 376
1991;02; 71; 18; 261; 0; 25; 18; 67; 563; 36; 67; 284; 54; 0; 0; 0; 0; 0; 0; 0; 0; 0; 0; 0; 0; 0; 0; 0; 0; 9999; 9999; 9999
1991;03; 0; 287; 100; 0; 0; 222; 130; 4; 0; 0; 0; 258; 50; 14; 56; 0; 0; 0; 60; 108; 222; 0; 0; 0; 0; 0; 0; 0; 0; 0; 95
1991;04; 0; 0; 0; 0; 0; 0; 0; 85; 0; 0; 0; 0; 196; 6; 0; 0; 0; 0; 769; 0; 0; 0; 0; 205; 0; 0; 0; 0; 0; 0; 9999
1991;05; 0; 0; 0; 0; 0; 0; 73; 0; 0; 0; 0; 0; 0; 0; 102; 0; 0; 0; 0; 0; 0; 0; 0; 0; 0; 0; 0; 0; 0; 0; 0
1991;06; 0; 0; 0; 0; 0; 0; 0; 0; 0; 0; 0; 0; 0; 0; 0; 0; 0; 0; 0; 190; 450; 43; 19; 0; 0; 0; 0; 0; 0; 0; 9999
1991;07; 0; 0; 0; 0; 0; 0; 0; 0; 0; 0; 87; 0; 105; 0; 0; 0; 0; 0; 0; 0; 0; 0; 0; 0; 0; 0; 0; 0; 0; 0; 0
1991;08; 0; 0; 0; 0; 0; 0; 0; 0; 0; 0; 0; 0; 0; 0; 0; 0; 0; 0; 0; 0; 0; 0; 0; 0; 0; 0; 0; 0; 0; 0; 0
1991;09; 0; 0; 0; 0; 0; 0; 0; 0; 0; 0; 0; 0; 0; 0; 0; 0; 0; 11; 0; 0; 0; 0; 0; 0; 0; 5; 0; 5; 6; 48; 9999
1991;10; 190; 107; 353; 0; 0; 0; 100; 0; 0; 0; 0; 0; 0; 0; 0; 0; 37; 0; 87; 0; 0; 0; 0; 0; 40; 0; 0; 0; 0; 0; 3
1991;11; 0; 123; 0; 0; 0; 0; 0; 0; 0; 0; 0; 0; 0; 107; 158; 0; 0; 0; 0; 0; 0; 0; 0; 0; 0; 0; 0; 0; 0; 97; 9999
1991;12; 85; 27; 0; 0; 0; 0; 97; 125; 0; 25; 0; 355; 0; 0; 27; 370; 513; 0; 25; 15; 0; 0; 40; 215; 0; 0; 45; 0; 0; 0; 0
1992;01; 0; 0; 17; 33; 287; 0; 0; 0; 0; 0; 0; 0; 0; 0; 0; 0; 0; 0; 0; 0; 0; 0; 0; 0; 0; 73; 0; 0; 0; 100; 19
1992;02; 131; 291; 450; 290; 0; 0; 0; 19; 77; 0; 0; 0; 0; 0; 0; 0; 100; 29; 0; 0; 0; 0; 0; 0; 0; 330; 0; 0; 0; 9999; 9999
1992;03; 267; 0; 0; 61; 25; 386; 0; 0; 375; 292; 0; 0; 0; 29; 0; 0; 0; 62; 32; 0; 0; 0; 0; 619; 50; 7; 25; 37; 231; 253; 106
1992;04; 131; 0; 0; 0; 0; 0; 155; 0; 0; 0; 0; 0; 251; 0; 0; 0; 0; 0; 0; 716; 0; 0; 0; 206; 0; 364; 0; 0; 0; 0; 9999
1992;05; 301; 0; 352; 141; 132; 98; 0; 0; 0; 0; 0; 0; 69; 219; 0; 0; 0; 0; 49; 0; 0; 0; 355; 0; 0; 0; 0; 0; 0; 0; 0
1992;06; 26; 0; 0; 0; 0; 0; 0; 0; 0; 0; 0; 0; 0; 0; 0; 0; 0; 0; 0; 0; 0; 0; 0; 0; 0; 0; 0; 0; 50; 0; 9999
1992;07; 0; 0; 0; 0; 0; 0; 125; 0; 0; 0; 0; 0; 0; 0; 0; 0; 0; 0; 0; 0; 0; 0; 0; 0; 0; 0; 61; 0; 0; 0; 0
1992;08; 0; 0; 0; 0; 0; 0; 0; 0; 0; 0; 0; 0; 0; 0; 0; 0; 0; 0; 0; 0; 0; 0; 65; 0; 0; 0; 0; 0; 0; 0; 17
1992;09; 37; 57; 16; 0; 417; 100; 73; 0; 0; 0; 0; 0; 97; 0; 670; 0; 0; 190; 202; 0; 0; 0; 0; 0; 0; 65; 0; 0; 0; 0; 9999
1992;10; 0; 300; 0; 0; 0; 0; 0; 0; 0; 0; 0; 157; 74; 0; 0; 0; 0; 0; 0; 0; 0; 0; 0; 0; 0; 0; 33; 269; 0; 0; 0
1992;11; 0; 0; 27; 490; 0; 0; 0; 0; 0; 500; 0; 97; 0; 0; 0; 0; 223; 0; 0; 0; 0; 21; 189; 257; 67; 110; 0; 0; 0; 23; 9999
1992;12; 0; 8; 0; 0; 0; 0; 45; 0; 0; 41; 326; 0; 0; 0; 0; 0; 102; 0; 0; 0; 49; 0; 0; 0; 0; 80; 0; 0; 0; 0; 0
1993;01; 0; 0; 8; 190; 0; 0; 253; 142; 362; 170; 77; 0; 40; 0; 0; 0; 82; 0; 11; 44; 0; 0; 0; 55; 73; 28; 17; 0; 0; 0; 65
1993;02; 2; 24; 132; 16; 403; 170; 129; 231; 194; 177; 20; 0; 0; 203; 0; 70; 200; 600; 140; 31; 172; 593; 0; 0; 0; 0; 0; 22; 9999; 9999; 9999
1993;03; 90; 342; 41; 700; 30; 0; 0; 0; 0; 0; 0; 0; 0; 23; 0; 0; 0; 2; 27; 252; 53; 64; 54; 0; 0; 0; 103; 189; 5; 366; 76
1993;04; 400; 0; 0; 0; 0; 0; 0; 155; 0; 0; 0; 0; 0; 0; 0; 0; 0; 0; 0; 0; 6; 0; 167; 0; 0; 0; 0; 0; 0; 0; 9999
1993;05; 0; 0; 0; 0; 55; 0; 0; 0; 0; 0; 0; 0; 155; 66; 0; 0; 0; 0; 0; 0; 0; 0; 0; 0; 0; 0; 0; 0; 0; 300; 240
1993;06; 0; 0; 0; 335; 0; 0; 0; 0; 0; 107; 0; 0; 0; 0; 0; 0; 120; 0; 0; 0; 0; 0; 0; 0; 0; 0; 0; 0; 0; 0; 9999
1993;07; 0; 0; 0; 0; 0; 3; 0; 0; 0; 0; 0; 0; 30; 2; 0; 0; 0; 0; 0; 0; 0; 0; 0; 0; 0; 0; 0; 0; 15; 0; 0
1993;08; 0; 0; 0; 0; 0; 0; 0; 0; 0; 19; 0; 0; 0; 0; 53; 0; 0; 0; 63; 0; 0; 0; 37; 203; 0; 0; 0; 0; 0; 0; 0
1993;09; 0; 0; 0; 0; 0; 0; 53; 0; 0; 0; 0; 0; 0; 0; 72; 0; 0; 0; 0; 0; 19; 49; 100; 42; 0; 45; 0; 0; 0; 195; 9999
1993;10; 251; 0; 0; 0; 0; 0; 0; 0; 0; 0; 0; 0; 0; 0; 38; 0; 0; 28; 2; 0; 228; 15; 0; 0; 0; 7; 0; 0; 0; 0; 0
1993;11; 22; 0; 0; 0; 0; 300; 191; 0; 0; 0; 0; 0; 0; 0; 0; 0; 0; 16; 0; 0; 0; 0; 0; 0; 0; 0; 0; 0; 0; 49; 9999
1993;12; 0; 0; 72; 0; 10; 0; 31; 0; 125; 220; 456; 0; 0; 0; 0; 123; 110; 0; 0; 0; 0; 0; 0; 0; 70; 312; 126; 287; 44; 0; 0
1994;01; 0; 0; 16; 0; 0; 0; 150; 310; 10; 0; 0; 0; 0; 0; 0; 51; 0; 0; 0; 0; 150; 0; 16; 254; 0; 112; 385; 80; 120; 430; 56
1994;02; 0; 0; 0; 0; 54; 0; 123; 0; 0; 0; 130; 0; 143; 0; 0; 99; 0; 0; 0; 338; 0; 35; 0; 0; 980; 0; 0; 274; 9999; 9999; 9999
1994;03; 9999; 9999; 0; 0; 0; 0; 0; 0; 0; 0; 69; 0; 0; 0; 0; 0; 0; 0; 0; 204; 62; 0; 0; 0; 133; 0; 0; 0; 0; 0; 82
1994;04; 202; 0; 0; 0; 0; 0; 403; 0; 0; 0; 0; 0; 0; 0; 0; 0; 0; 478; 0; 0; 0; 784; 249; 0; 0; 0; 0; 0; 0; 0; 9999
1994;05; 0; 0; 0; 0; 0; 0; 0; 0; 0; 0; 0; 0; 32; 0; 0; 0; 0; 0; 0; 0; 0; 195; 0; 0; 0; 0; 0; 0; 129; 0; 0
1994;06; 301; 0; 0; 0; 0; 0; 0; 54; 0; 0; 0; 0; 0; 0; 0; 0; 0; 0; 0; 0; 0; 253; 0; 0; 88; 0; 0; 0; 0; 0; 9999
1994;07; 0; 259; 0; 0; 0; 0; 0; 0; 0; 0; 0; 0; 0; 0; 0; 0; 0; 0; 0; 0; 0; 0; 0; 120; 0; 0; 0; 0; 0; 0; 0
1994;08; 0; 0; 0; 0; 0; 0; 0; 0; 0; 0; 0; 0; 0; 0; 0; 0; 0; 0; 0; 0; 0; 0; 0; 0; 0; 0; 0; 0; 0; 0; 0
1994;09; 0; 0; 0; 0; 0; 0; 0; 0; 0; 0; 53; 0; 0; 0; 0; 0; 0; 0; 0; 0; 0; 0; 0; 0; 0; 0; 0; 0; 0; 125; 9999
1994;10; 0; 0; 0; 202; 0; 0; 0; 0; 0; 0; 0; 0; 0; 0; 0; 0; 43; 0; 0; 0; 0; 0; 0; 99; 143; 0; 278; 122; 0; 0; 0
1994;11; 163; 0; 36; 0; 0; 0; 0; 0; 0; 0; 0; 0; 0; 0; 0; 0; 0; 105; 450; 0; 0; 0; 0; 0; 0; 0; 0; 106; 120; 0; 9999
1994;12; 0; 0; 0; 0; 0; 189; 337; 0; 0; 0; 0; 43; 0; 0; 15; 0; 568; 67; 0; 0; 0; 253; 0; 0; 0; 0; 173; 155; 8; 0; 140
1995;01; 200; 0; 0; 0; 0; 0; 0; 400; 473; 60; 145; 0; 0; 0; 315; 0; 110; 0; 0; 0; 0; 0; 115; 0; 0; 0; 0; 0; 0; 0; 400
1995;02; 533; 0; 220; 232; 0; 0; 200; 0; 0; 75; 0; 0; 573; 140; 0; 0; 710; 0; 43; 0; 120; 0; 0; 0; 0; 0; 0; 0; 9999; 9999; 9999
1995;03; 0; 0; 0; 0; 0; 67; 0; 0; 0; 55; 110; 0; 0; 0; 0; 0; 0; 0; 0; 0; 40; 0; 127; 0; 0; 0; 0; 0; 0; 92; 395
1995;04; 0; 0; 0; 0; 0; 0; 0; 0; 140; 0; 0; 0; 0; 0; 0; 0; 0; 0; 0; 47; 0; 0; 0; 0; 0; 0; 0; 0; 0; 0; 9999
1995;05; 0; 0; 0; 0; 0; 0; 0; 0; 0; 305; 0; 0; 0; 0; 0; 0; 0; 0; 0; 0; 0; 0; 0; 0; 0; 0; 0; 0; 0; 0; 0
1995;06; 0; 0; 0; 0; 0; 0; 0; 0; 0; 0; 0; 0; 0; 0; 0; 0; 0; 123; 0; 0; 0; 0; 0; 40; 0; 0; 0; 0; 155; 0; 9999
1995;07; 0; 0; 0; 0; 0; 0; 0; 0; 0; 45; 0; 0; 0; 0; 0; 0; 34; 0; 0; 0; 0; 0; 0; 0; 0; 0; 0; 0; 0; 0; 0
1995;08; 0; 0; 0; 0; 0; 0; 0; 0; 0; 0; 0; 0; 0; 0; 0; 0; 0; 0; 0; 0; 0; 0; 0; 0; 0; 0; 0; 0; 0; 0; 0
1995;09; 0; 0; 0; 0; 0; 0; 0; 0; 0; 0; 0; 0; 0; 0; 0; 0; 0; 0; 0; 80; 0; 0; 102; 0; 0; 0; 0; 100; 45; 0; 9999
1995;10; 0; 0; 0; 0; 0; 173; 0; 0; 200; 0; 0; 0; 301; 0; 0; 284; 453; 0; 183; 0; 0; 0; 0; 0; 0; 0; 0; 0; 0; 0; 0
1995;11; 0; 0; 0; 0; 0; 0; 0; 0; 0; 0; 0; 613; 0; 77; 0; 0; 123; 0; 0; 0; 0; 0; 0; 0; 0; 0; 0; 0; 0; 0; 9999
1995;12; 0; 0; 0; 124; 0; 0; 0; 0; 0; 0; 0; 510; 221; 0; 0; 0; 0; 222; 110; 0; 160; 0; 0; 0; 243; 38; 78; 0; 320; 0; 0
1996;01; 0; 0; 0; 0; 0; 121; 379; 0; 0; 0; 0; 120; 245; 0; 0; 0; 49; 101; 205; 0; 181; 240; 121; 0; 0; 0; 0; 0; 0; 0; 0
1996;02; 0; 0; 0; 0; 0; 111; 300; 235; 0; 0; 0; 0; 105; 0; 0; 0; 0; 0; 0; 0; 0; 0; 0; 0; 0; 0; 0; 455; 0; 9999; 9999
1996;03; 0; 0; 0; 0; 0; 0; 4; 0; 0; 0; 0; 0; 0; 110; 0; 0; 423; 0; 0; 0; 0; 0; 0; 0; 0; 250; 0; 0; 0; 0; 0
1996;04; 0; 0; 0; 0; 0; 62; 0; 0; 0; 0; 0; 0; 0; 0; 125; 0; 0; 0; 0; 0; 0; 0; 0; 0; 0; 0; 0; 0; 0; 4; 9999
1996;05; 0; 0; 0; 0; 0; 0; 0; 0; 0; 86; 0; 0; 0; 0; 0; 232; 0; 74; 0; 0; 0; 0; 132; 0; 221; 0; 0; 0; 0; 0; 0
1996;06; 0; 0; 0; 0; 0; 0; 0; 0; 0; 0; 0; 0; 0; 0; 0; 0; 0; 0; 0; 0; 4; 0; 0; 0; 6; 0; 0; 0; 0; 0; 9999
1996;07; 0; 0; 0; 0; 0; 0; 0; 0; 0; 153; 0; 0; 0; 0; 0; 0; 0; 0; 0; 0; 0; 0; 0; 0; 0; 0; 0; 0; 0; 0; 0
1996;08; 0; 0; 0; 0; 0; 0; 0; 0; 136; 0; 0; 0; 0; 0; 0; 0; 0; 0; 0; 0; 0; 0; 0; 0; 0; 0; 0; 0; 102; 0; 0
1996;09; 0; 0; 0; 0; 0; 163; 0; 384; 312; 0; 0; 0; 0; 0; 0; 0; 0; 0; 0; 0; 133; 0; 0; 0; 0; 0; 0; 0; 0; 0; 9999
1996;10; 0; 0; 0; 0; 0; 0; 0; 0; 0; 9999; 9999; 9999; 9999; 9999; 9999; 0; 0; 0; 253; 0; 0; 0; 0; 0; 321; 0; 0; 0; 0; 0; 0
1996;11; 291; 0; 0; 0; 0; 0; 0; 0; 0; 0; 125; 0; 380; 220; 0; 0; 0; 0; 0; 0; 0; 0; 0; 0; 0; 0; 0; 0; 0; 0; 9999
1996;12; 0; 0; 59; 0; 0; 0; 0; 0; 0; 0; 312; 0; 221; 0; 0; 0; 0; 0; 0; 0; 0; 0; 223; 0; 110; 0; 0; 223; 200; 0; 205
1997;01; 0; 0; 0; 302; 0; 0; 0; 0; 340; 220; 0; 202; 0; 270; 227; 0; 0; 306; 262; 193; 0; 0; 0; 0; 317; 242; 0; 0; 259; 275; 0
1997;02; 9999; 9999; 9999; 9999; 9999; 9999; 9999; 9999; 9999; 9999; 9999; 9999; 9999; 9999; 9999; 9999; 9999; 9999; 9999; 9999; 0; 0; 0; 0; 5; 0; 0; 0; 9999; 9999; 9999
1997;03; 0; 0; 0; 25; 0; 0; 0; 0; 123; 0; 0; 0; 0; 0; 0; 0; 0; 0; 0; 0; 0; 0; 0; 0; 0; 0; 0; 0; 171; 0; 0
1997;04; 9999; 0; 0; 0; 0; 0; 0; 0; 0; 0; 0; 0; 0; 0; 0; 0; 9999; 0; 0; 9999; 9999; 0; 0; 9999; 150; 0; 0; 0; 0; 0; 9999
1997;05; 0; 0; 0; 0; 0; 0; 0; 0; 0; 0; 0; 0; 0; 0; 115; 0; 0; 0; 0; 0; 0; 0; 281; 0; 200; 93; 0; 0; 0; 0; 0
1997;06; 0; 122; 0; 130; 351; 0; 0; 0; 0; 0; 0; 300; 0; 201; 111; 0; 0; 0; 9999; 9999; 9999; 9999; 9999; 9999; 9999; 9999; 9999; 9999; 9999; 9999; 9999
1997;07; 0; 0; 0; 0; 0; 0; 0; 0; 0; 0; 0; 0; 0; 0; 0; 0; 0; 0; 0; 0; 0; 208; 0; 0; 0; 0; 0; 0; 0; 0; 0
1997;08; 0; 0; 0; 0; 18; 0; 0; 0; 0; 0; 0; 0; 0; 0; 0; 0; 0; 0; 0; 0; 0; 0; 0; 57; 0; 0; 0; 0; 0; 0; 0
1997;09; 0; 0; 0; 0; 0; 18; 0; 0; 0; 0; 0; 0; 0; 38; 0; 52; 0; 0; 0; 0; 81; 0; 0; 0; 100; 0; 241; 0; 7; 104; 9999
1997;10; 258; 19; 0; 0; 0; 0; 385; 0; 0; 0; 0; 0; 0; 0; 0; 0; 108; 0; 0; 0; 229; 0; 0; 0; 0; 0; 263; 0; 0; 28; 0
1997;11; 0; 0; 0; 0; 0; 0; 0; 0; 203; 0; 0; 0; 45; 113; 25; 0; 0; 945; 261; 0; 51; 135; 0; 0; 0; 0; 189; 75; 35; 0; 9999
1997;12; 0; 40; 0; 0; 0; 0; 0; 0; 34; 0; 0; 0; 0; 0; 455; 0; 0; 0; 0; 0; 75; 0; 0; 0; 66; 0; 0; 75; 0; 0; 0
