33
Ano,Mes,1,2,3,4,5,6,7,8,9,10,11,12,13,14,15,16,17,18,19,20,21,22,23,24,25,26,27,28,29,30,31
1954;02; 0; 0; 0; 2; 56; 260; 113; 130; 432; 5; 0; 0; 220; 0; 40; 423; 6; 0; 0; 0; 0; 2; 31; 133; 0; 0; 108; 0; 9999; 9999; 9999
1954;03; 0; 0; 29; 9; 12; 53; 32; 26; 30; 222; 309; 27; 128; 0; 0; 0; 0; 0; 96; 0; 0; 0; 0; 0; 0; 0; 188; 1; 0; 12; 254
1954;04; 6; 94; 46; 126; 0; 0; 0; 0; 0; 0; 0; 0; 0; 6; 0; 0; 0; 0; 0; 0; 0; 0; 0; 0; 0; 0; 0; 0; 0; 57; 9999
1954;05; 2; 6; 0; 0; 0; 0; 408; 0; 7; 9; 228; 0; 0; 346; 0; 0; 0; 0; 9; 3; 39; 314; 50; 0; 0; 0; 0; 0; 0; 0; 1
1954;06; 0; 0; 0; 83; 0; 34; 20; 17; 0; 0; 0; 0; 0; 0; 0; 0; 12; 3; 0; 0; 0; 0; 18; 0; 0; 0; 0; 0; 0; 0; 9999
1954;07; 0; 0; 0; 0; 0; 0; 0; 0; 0; 0; 0; 0; 0; 0; 0; 2; 1; 0; 20; 0; 0; 0; 0; 0; 1; 0; 15; 0; 0; 0; 0
1954;08; 0; 0; 0; 0; 0; 0; 0; 0; 0; 1; 0; 0; 0; 0; 0; 0; 0; 0; 0; 0; 0; 0; 0; 0; 0; 0; 0; 0; 2; 0; 0
1954;09; 0; 0; 0; 0; 0; 0; 0; 0; 0; 0; 0; 0; 0; 0; 0; 0; 0; 0; 0; 3; 0; 0; 0; 0; 0; 90; 60; 28; 13; 58; 9999
1954;10; 30; 80; 0; 0; 0; 0; 0; 0; 0; 0; 0; 0; 136; 5; 76; 0; 16; 8; 65; 0; 207; 109; 0; 0; 0; 0; 282; 0; 0; 58; 38
1954;11; 208; 0; 0; 0; 0; 0; 0; 0; 0; 0; 0; 0; 0; 0; 0; 241; 0; 0; 0; 0; 0; 0; 0; 98; 0; 0; 0; 0; 0; 38; 9999
1954;12; 0; 0; 0; 174; 0; 0; 0; 0; 76; 0; 201; 188; 195; 6; 0; 0; 0; 68; 259; 76; 42; 212; 0; 0; 0; 0; 0; 0; 13; 0; 0
1955;01; 0; 0; 202; 191; 0; 27; 26; 0; 0; 13; 13; 143; 577; 57; 202; 0; 87; 166; 0; 0; 0; 0; 135; 0; 314; 0; 0; 0; 0; 0; 38
1955;02; 9; 15; 0; 4; 0; 56; 6; 5; 0; 0; 0; 0; 309; 0; 0; 0; 0; 0; 0; 0; 0; 219; 1; 60; 0; 222; 0; 0; 9999; 9999; 9999
1955;03; 0; 510; 51; 0; 0; 0; 0; 0; 0; 0; 300; 56; 0; 0; 59; 300; 0; 0; 0; 0; 0; 0; 0; 0; 0; 0; 0; 0; 70; 91; 167
1955;04; 0; 0; 0; 4; 1; 0; 0; 0; 0; 0; 0; 0; 115; 0; 0; 6; 65; 226; 0; 12; 0; 0; 0; 0; 0; 0; 0; 0; 78; 0; 9999
1955;05; 0; 0; 0; 0; 0; 0; 12; 0; 0; 0; 0; 0; 0; 0; 0; 0; 112; 0; 0; 11; 100; 0; 0; 83; 11; 0; 0; 0; 0; 0; 0
1955;06; 127; 1; 0; 0; 0; 0; 0; 3; 0; 0; 0; 0; 0; 32; 4; 0; 0; 0; 0; 0; 0; 0; 0; 0; 0; 0; 0; 0; 0; 0; 9999
1955;07; 0; 0; 1; 0; 21; 0; 0; 4; 0; 0; 0; 0; 0; 0; 0; 0; 0; 0; 0; 0; 0; 0; 0; 0; 0; 0; 0; 0; 0; 0; 0
1955;08; 0; 0; 0; 0; 0; 0; 0; 0; 0; 0; 0; 31; 0; 0; 0; 0; 0; 0; 0; 0; 0; 0; 0; 0; 0; 0; 105; 282; 4; 0; 0
1955;09; 0; 0; 0; 0; 0; 13; 0; 11; 0; 0; 0; 0; 0; 0; 0; 0; 0; 0; 0; 0; 0; 0; 0; 0; 0; 0; 0; 0; 0; 0; 9999
1955;10; 0; 7; 0; 0; 0; 0; 0; 0; 0; 0; 0; 0; 5; 100; 1; 0; 0; 12; 10; 0; 0; 0; 0; 0; 0; 0; 0; 238; 169; 0; 9
1955;11; 0; 301; 36; 4; 0; 0; 0; 0; 0; 393; 0; 0; 0; 0; 0; 0; 0; 38; 307; 82; 103; 51; 267; 115; 0; 0; 0; 0; 0; 0; 9999
1955;12; 0; 0; 80; 291; 14; 141; 54; 40; 0; 0; 0; 0; 30; 27; 0; 0; 62; 0; 0; 0; 0; 0; 0; 15; 0; 52; 11; 92; 353; 107; 23
1956;01; 192; 0; 0; 2; 63; 46; 0; 0; 0; 0; 0; 0; 0; 0; 0; 0; 51; 20; 638; 102; 0; 0; 25; 0; 0; 0; 44; 451; 10; 0; 64
1956;02; 0; 13; 0; 0; 0; 0; 0; 0; 15; 0; 239; 0; 253; 172; 76; 252; 372; 101; 202; 250; 261; 282; 121; 272; 22; 220; 333; 54; 258; 9999; 9999
1956;03; 269; 524; 39; 0; 0; 0; 0; 32; 220; 34; 46; 92; 24; 63; 0; 0; 4; 7; 0; 22; 0; 0; 0; 0; 0; 237; 228; 4; 54; 32; 23
1956;04; 60; 17; 0; 0; 0; 0; 0; 0; 91; 373; 0; 0; 0; 0; 0; 0; 13; 0; 0; 6; 0; 0; 0; 0; 46; 380; 41; 366; 22; 0; 9999
1956;05; 0; 65; 0; 0; 0; 0; 0; 72; 146; 0; 0; 0; 0; 0; 0; 0; 0; 0; 0; 0; 0; 126; 0; 0; 205; 435; 0; 0; 0; 0; 0
1956;06; 0; 1; 0; 0; 0; 0; 0; 0; 15; 0; 29; 226; 173; 14; 23; 63; 1; 13; 0; 0; 0; 0; 0; 0; 0; 0; 0; 20; 0; 0; 9999
1956;07; 27; 0; 0; 0; 0; 0; 0; 0; 0; 0; 0; 0; 0; 0; 0; 0; 0; 0; 0; 0; 0; 39; 0; 145; 18; 0; 0; 0; 0; 0; 31
1956;08; 164; 0; 300; 211; 0; 0; 0; 0; 0; 0; 0; 0; 0; 0; 0; 0; 0; 0; 0; 0; 0; 0; 0; 33; 0; 0; 0; 0; 0; 0; 0
1956;09; 0; 0; 0; 0; 0; 0; 0; 0; 0; 136; 71; 66; 0; 73; 0; 0; 0; 0; 0; 0; 0; 0; 0; 0; 0; 3; 0; 0; 101; 3; 9999
1956;10; 0; 0; 0; 0; 0; 0; 0; 0; 0; 0; 183; 165; 0; 0; 0; 0; 0; 51; 5; 0; 0; 52; 227; 0; 0; 0; 0; 405; 0; 0; 95
1956;11; 0; 0; 0; 0; 31; 0; 0; 0; 0; 147; 0; 67; 1; 0; 0; 0; 0; 0; 0; 0; 0; 0; 0; 0; 0; 161; 112; 0; 0; 0; 9999
1956;12; 0; 0; 0; 0; 0; 0; 102; 180; 0; 0; 0; 0; 0; 57; 118; 306; 1; 0; 0; 0; 163; 12; 0; 73; 91; 92; 0; 0; 0; 0; 0
1957;01; 0; 0; 0; 0; 0; 92; 0; 0; 31; 51; 71; 0; 0; 0; 195; 372; 680; 10; 301; 112; 508; 164; 0; 0; 24; 261; 0; 0; 0; 0; 0
1957;02; 44; 0; 29; 115; 21; 0; 37; 177; 59; 0; 90; 66; 0; 0; 20; 75; 1; 0; 0; 0; 0; 0; 29; 6; 164; 321; 250; 263; 9999; 9999; 9999
1957;03; 0; 0; 0; 0; 0; 0; 235; 252; 0; 0; 233; 0; 25; 29; 0; 0; 0; 9; 7; 61; 922; 112; 89; 0; 0; 10; 0; 24; 0; 0; 182
1957;04; 0; 0; 77; 2; 409; 32; 67; 0; 0; 0; 0; 0; 0; 5; 0; 10; 0; 0; 0; 0; 0; 0; 0; 0; 0; 0; 0; 0; 0; 7; 9999
1957;05; 59; 0; 0; 0; 0; 0; 0; 0; 1; 8; 0; 0; 0; 153; 1; 0; 52; 0; 0; 0; 0; 0; 0; 0; 0; 0; 0; 0; 0; 0; 0
1957;06; 0; 0; 0; 0; 0; 0; 0; 345; 0; 0; 0; 0; 0; 0; 0; 0; 32; 0; 0; 0; 0; 0; 0; 0; 0; 0; 0; 0; 0; 0; 9999
1957;07; 0; 0; 0; 0; 0; 0; 0; 0; 0; 0; 0; 0; 0; 0; 0; 13; 39; 59; 9; 0; 0; 0; 0; 0; 137; 0; 0; 0; 0; 0; 0
1957;08; 0; 0; 0; 0; 0; 0; 0; 0; 0; 0; 0; 0; 0; 65; 0; 0; 35; 0; 206; 9; 0; 0; 0; 0; 0; 0; 0; 0; 0; 0; 20
1957;09; 185; 0; 148; 665; 107; 0; 0; 0; 0; 3; 0; 0; 51; 0; 0; 26; 0; 0; 0; 0; 11; 93; 54; 82; 0; 0; 0; 0; 0; 0; 9999
1957;10; 0; 0; 0; 0; 0; 0; 0; 0; 0; 0; 53; 0; 0; 0; 85; 0; 0; 0; 0; 0; 0; 0; 162; 5; 96; 5; 95; 207; 290; 162; 2
1957;11; 0; 0; 0; 152; 36; 0; 0; 10; 109; 125; 1; 0; 73; 21; 97; 31; 5; 23; 0; 56; 30; 0; 0; 0; 93; 0; 0; 0; 0; 21; 9999
1957;12; 104; 0; 0; 10; 10; 0; 0; 333; 7; 0; 0; 0; 0; 21; 173; 34; 83; 9; 0; 0; 3; 40; 0; 0; 0; 11; 0; 0; 0; 44; 3
1958;01; 0; 0; 0; 0; 0; 0; 0; 0; 0; 0; 0; 0; 0; 0; 38; 141; 5; 215; 105; 288; 27; 145; 432; 319; 103; 206; 307; 177; 288; 0; 0
1958;02; 0; 122; 13; 0; 975; 0; 74; 50; 0; 95; 5; 31; 0; 3; 0; 0; 0; 0; 0; 34; 47; 0; 0; 0; 2; 61; 49; 9; 9999; 9999; 9999
1958;03; 86; 172; 114; 0; 2; 35; 85; 154; 10; 0; 0; 0; 0; 0; 0; 4; 1; 410; 102; 0; 0; 0; 0; 0; 31; 0; 0; 0; 0; 0; 67
1958;04; 70; 31; 0; 0; 0; 40; 0; 0; 0; 255; 45; 0; 0; 302; 1; 0; 0; 0; 61; 44; 3; 0; 4; 75; 0; 0; 0; 0; 0; 0; 9999
1958;05; 0; 0; 465; 263; 5; 172; 0; 22; 25; 0; 0; 0; 142; 54; 0; 0; 0; 0; 0; 0; 0; 60; 225; 4; 153; 44; 0; 200; 0; 0; 0
1958;06; 0; 0; 0; 0; 0; 0; 0; 0; 0; 0; 0; 0; 0; 63; 405; 1; 21; 13; 2; 0; 0; 0; 0; 0; 0; 0; 0; 0; 0; 0; 9999
1958;07; 0; 0; 0; 0; 0; 0; 0; 0; 0; 0; 0; 42; 0; 0; 0; 23; 0; 133; 0; 0; 0; 0; 0; 0; 0; 0; 0; 0; 0; 0; 0
1958;08; 0; 0; 0; 143; 34; 0; 0; 0; 0; 0; 0; 0; 0; 0; 0; 0; 0; 0; 0; 0; 0; 0; 0; 0; 0; 0; 0; 0; 0; 0; 0
1958;09; 0; 1; 0; 0; 0; 0; 0; 219; 223; 217; 0; 0; 151; 120; 31; 0; 0; 0; 0; 0; 0; 0; 0; 0; 92; 0; 0; 0; 0; 0; 9999
1958;10; 0; 0; 0; 22; 0; 0; 228; 0; 0; 45; 0; 82; 0; 0; 0; 0; 0; 68; 97; 0; 0; 0; 6; 78; 0; 0; 257; 238; 44; 6; 0
1958;11; 94; 0; 0; 0; 34; 0; 0; 0; 0; 0; 0; 73; 49; 0; 79; 0; 0; 0; 4; 0; 55; 3; 0; 140; 1; 159; 0; 0; 0; 67; 9999
1958;12; 0; 0; 0; 0; 0; 17; 0; 0; 362; 0; 0; 384; 6; 0; 0; 82; 2; 271; 179; 0; 12; 100; 2; 1; 0; 0; 0; 0; 0; 222; 0
1959;01; 0; 1; 54; 0; 63; 124; 53; 249; 190; 0; 35; 189; 134; 9; 0; 27; 0; 0; 12; 0; 0; 77; 0; 230; 0; 0; 200; 0; 0; 0; 0
1959;02; 0; 56; 24; 9; 0; 4; 205; 6; 0; 0; 0; 0; 33; 297; 0; 418; 286; 22; 0; 0; 253; 0; 0; 10; 262; 50; 0; 13; 9999; 9999; 9999
1959;03; 21; 0; 0; 14; 0; 308; 0; 29; 32; 5; 0; 0; 0; 43; 0; 0; 0; 0; 182; 101; 0; 19; 22; 101; 0; 12; 0; 15; 0; 61; 78
1959;04; 288; 5; 72; 8; 163; 28; 0; 0; 0; 0; 0; 72; 0; 0; 0; 0; 0; 0; 0; 0; 49; 0; 9; 1; 26; 0; 32; 0; 0; 0; 9999
1959;05; 0; 0; 0; 0; 0; 0; 0; 0; 0; 0; 0; 32; 0; 0; 0; 0; 0; 0; 1; 7; 38; 0; 0; 0; 0; 0; 0; 0; 0; 0; 1
1959;06; 0; 31; 0; 0; 0; 1; 0; 0; 0; 0; 0; 0; 0; 0; 0; 0; 0; 0; 0; 0; 0; 0; 0; 0; 0; 0; 0; 0; 0; 0; 9999
1959;07; 0; 0; 0; 0; 0; 0; 0; 0; 10; 0; 0; 0; 0; 0; 0; 0; 0; 0; 0; 0; 0; 0; 0; 0; 0; 0; 0; 0; 0; 0; 0
1959;08; 0; 0; 20; 63; 14; 0; 3; 26; 20; 0; 0; 0; 260; 0; 214; 7; 0; 0; 0; 0; 0; 0; 0; 0; 0; 0; 0; 0; 0; 0; 0
1959;09; 0; 0; 5; 7; 2; 1; 0; 0; 0; 0; 0; 0; 0; 16; 0; 0; 0; 0; 0; 0; 0; 0; 0; 0; 85; 5; 0; 0; 0; 0; 9999
1959;10; 0; 0; 113; 0; 0; 0; 0; 0; 0; 0; 0; 51; 64; 0; 38; 0; 0; 0; 101; 57; 31; 8; 0; 0; 0; 0; 0; 0; 200; 60; 0
1959;11; 154; 6; 3; 0; 0; 15; 92; 69; 161; 18; 0; 0; 251; 0; 0; 0; 0; 0; 100; 10; 4; 0; 0; 0; 23; 244; 13; 13; 0; 0; 9999
1959;12; 0; 0; 0; 33; 0; 0; 0; 345; 381; 3; 23; 0; 0; 0; 0; 0; 0; 0; 14; 0; 2; 66; 0; 0; 136; 88; 0; 0; 142; 0; 0
1960;01; 5; 45; 0; 0; 0; 114; 108; 28; 44; 50; 0; 113; 200; 7; 0; 0; 0; 442; 258; 0; 100; 170; 0; 65; 6; 0; 0; 0; 0; 0; 45
1960;02; 0; 0; 25; 155; 0; 0; 45; 18; 0; 62; 0; 0; 191; 123; 245; 323; 27; 62; 0; 0; 480; 184; 313; 37; 336; 139; 6; 9; 283; 9999; 9999
1960;03; 42; 3; 29; 62; 87; 403; 0; 1; 0; 0; 0; 241; 0; 0; 58; 1; 38; 218; 0; 146; 346; 15; 30; 76; 26; 0; 0; 0; 0; 0; 0
1960;04; 0; 0; 0; 0; 0; 0; 0; 0; 40; 73; 3; 22; 2; 0; 0; 0; 0; 0; 0; 86; 0; 0; 0; 0; 0; 0; 0; 1; 17; 0; 9999
1960;05; 156; 0; 0; 0; 0; 0; 0; 0; 0; 56; 2; 0; 0; 0; 0; 88; 0; 0; 0; 56; 414; 35; 0; 0; 0; 0; 0; 0; 0; 0; 0
1960;06; 0; 0; 0; 0; 0; 0; 0; 0; 0; 0; 0; 0; 0; 0; 56; 0; 0; 0; 0; 0; 0; 0; 29; 64; 0; 0; 90; 96; 0; 0; 9999
1960;07; 0; 0; 0; 0; 0; 0; 0; 0; 0; 0; 0; 0; 0; 0; 0; 0; 0; 0; 0; 0; 0; 0; 0; 0; 69; 0; 0; 0; 0; 0; 0
1960;08; 0; 0; 0; 0; 0; 0; 0; 0; 0; 0; 0; 0; 0; 0; 0; 226; 51; 0; 0; 0; 0; 0; 7; 0; 0; 0; 0; 1; 0; 0; 0
1960;09; 13; 32; 0; 0; 0; 0; 0; 0; 0; 0; 0; 0; 0; 0; 0; 0; 0; 0; 0; 0; 0; 0; 0; 0; 0; 120; 0; 0; 55; 12; 9999
1960;10; 45; 0; 3; 0; 0; 0; 0; 0; 0; 0; 0; 0; 20; 0; 0; 35; 0; 0; 10; 254; 131; 0; 145; 41; 43; 163; 276; 8; 0; 0; 0
1960;11; 38; 0; 97; 0; 0; 56; 0; 14; 0; 5; 256; 100; 27; 133; 0; 0; 0; 0; 75; 231; 8; 65; 0; 0; 0; 15; 18; 32; 176; 41; 9999
1960;12; 165; 19; 0; 0; 104; 0; 44; 87; 0; 0; 0; 0; 63; 36; 0; 44; 118; 85; 1083; 290; 302; 65; 0; 43; 0; 123; 0; 0; 0; 82; 0
1961;01; 157; 132; 643; 0; 493; 0; 72; 4; 0; 5; 0; 0; 12; 0; 19; 0; 0; 0; 0; 259; 2; 0; 172; 202; 0; 26; 1; 77; 26; 22; 43
1961;02; 62; 0; 0; 101; 90; 50; 0; 252; 0; 0; 0; 166; 52; 41; 13; 23; 159; 0; 0; 150; 0; 1; 240; 173; 0; 0; 293; 998; 9999; 9999; 9999
1961;03; 131; 39; 0; 0; 0; 0; 63; 146; 11; 12; 0; 8; 494; 206; 194; 26; 129; 51; 213; 35; 133; 0; 0; 0; 0; 0; 46; 0; 0; 0; 0
1961;04; 0; 0; 0; 0; 41; 333; 5; 0; 76; 0; 0; 0; 0; 0; 0; 0; 0; 4; 0; 34; 0; 0; 0; 0; 37; 264; 73; 0; 0; 0; 9999
1961;05; 0; 0; 1; 121; 1; 0; 0; 0; 4; 5; 0; 0; 0; 0; 0; 0; 0; 0; 0; 8; 0; 0; 0; 0; 0; 0; 0; 0; 0; 0; 0
1961;06; 0; 0; 0; 0; 0; 0; 0; 0; 0; 0; 0; 17; 0; 0; 0; 183; 23; 0; 0; 0; 0; 67; 15; 0; 0; 0; 0; 0; 0; 0; 9999
1961;07; 0; 0; 0; 0; 0; 0; 0; 0; 16; 0; 0; 0; 0; 0; 0; 0; 0; 0; 0; 0; 0; 0; 0; 0; 0; 0; 0; 0; 5; 0; 0
1961;08; 0; 0; 0; 0; 0; 0; 0; 0; 0; 0; 0; 0; 0; 0; 0; 0; 0; 0; 0; 0; 0; 0; 0; 0; 0; 3; 140; 0; 0; 0; 3
1961;09; 0; 0; 0; 0; 0; 0; 3; 1; 0; 0; 2; 0; 0; 0; 8; 0; 0; 0; 0; 0; 0; 0; 0; 0; 0; 0; 0; 0; 0; 0; 9999
1961;10; 0; 0; 0; 0; 0; 0; 0; 0; 0; 0; 0; 51; 0; 0; 0; 183; 1; 415; 39; 0; 0; 0; 0; 2; 0; 68; 0; 0; 0; 0; 13
1961;11; 0; 0; 0; 87; 79; 0; 98; 0; 0; 0; 42; 12; 0; 0; 142; 0; 0; 0; 0; 6; 0; 185; 3; 51; 214; 386; 13; 72; 7; 0; 9999
1961;12; 0; 145; 5; 573; 0; 24; 0; 138; 0; 89; 0; 0; 0; 0; 1; 28; 5; 160; 26; 182; 0; 200; 0; 0; 124; 182; 219; 208; 10; 33; 0
1962;01; 0; 0; 0; 110; 0; 0; 16; 225; 76; 104; 0; 0; 0; 0; 0; 300; 0; 119; 15; 46; 0; 61; 79; 0; 163; 108; 155; 11; 0; 0; 25
1962;02; 0; 134; 0; 70; 429; 388; 59; 0; 22; 0; 0; 291; 369; 0; 0; 167; 0; 0; 122; 140; 121; 159; 24; 102; 0; 0; 0; 0; 9999; 9999; 9999
1962;03; 0; 5; 372; 0; 0; 49; 0; 0; 0; 0; 71; 36; 566; 422; 292; 0; 4; 0; 25; 9; 40; 0; 0; 42; 204; 0; 0; 0; 0; 0; 0
1962;04; 0; 0; 0; 59; 0; 0; 0; 0; 0; 0; 0; 0; 0; 0; 0; 233; 2; 17; 273; 0; 0; 0; 0; 0; 0; 181; 0; 0; 11; 28; 9999
1962;05; 0; 455; 52; 43; 0; 0; 0; 0; 0; 0; 0; 0; 0; 0; 0; 0; 0; 1; 0; 0; 0; 0; 0; 0; 0; 0; 0; 0; 0; 7; 6
1962;06; 0; 0; 4; 48; 0; 0; 0; 11; 0; 0; 0; 0; 2; 16; 0; 0; 0; 0; 0; 0; 0; 0; 0; 0; 0; 0; 0; 0; 0; 0; 9999
1962;07; 0; 0; 0; 0; 0; 11; 0; 0; 0; 0; 61; 0; 0; 0; 0; 0; 0; 0; 0; 117; 0; 0; 0; 0; 19; 10; 0; 0; 0; 0; 3
1962;08; 81; 0; 0; 0; 0; 0; 0; 0; 0; 0; 0; 23; 0; 0; 0; 0; 0; 0; 0; 0; 0; 0; 247; 0; 0; 0; 0; 0; 0; 0; 0
1962;09; 0; 0; 0; 0; 0; 0; 42; 0; 147; 0; 0; 180; 0; 1; 0; 0; 0; 0; 0; 0; 9; 135; 64; 13; 0; 0; 0; 0; 54; 0; 9999
1962;10; 0; 19; 29; 87; 0; 40; 0; 0; 222; 8; 67; 456; 5; 0; 0; 9; 0; 109; 83; 55; 0; 0; 0; 0; 300; 50; 0; 0; 200; 53; 58
1962;11; 32; 0; 0; 0; 0; 0; 9; 38; 55; 0; 0; 0; 0; 0; 0; 0; 0; 0; 0; 120; 212; 150; 0; 0; 0; 0; 0; 0; 0; 23; 9999
1962;12; 70; 0; 0; 390; 26; 45; 0; 0; 0; 0; 0; 165; 549; 303; 2; 0; 12; 130; 140; 146; 23; 0; 0; 58; 0; 0; 25; 0; 185; 240; 87
1963;01; 231; 219; 20; 0; 0; 0; 0; 0; 0; 0; 0; 2; 21; 0; 62; 453; 0; 113; 12; 143; 0; 0; 0; 0; 0; 351; 0; 0; 0; 0; 0
1963;02; 97; 0; 162; 204; 14; 110; 201; 280; 0; 1; 0; 0; 0; 0; 202; 0; 472; 0; 0; 141; 334; 113; 11; 0; 100; 0; 0; 0; 9999; 9999; 9999
1963;03; 0; 188; 0; 36; 42; 119; 0; 0; 411; 36; 0; 118; 0; 0; 0; 0; 0; 0; 0; 0; 0; 0; 4; 5; 380; 0; 0; 0; 77; 0; 0
1963;04; 0; 0; 0; 0; 0; 0; 0; 0; 12; 0; 0; 0; 0; 0; 0; 3; 0; 0; 0; 0; 0; 0; 0; 0; 0; 0; 0; 0; 0; 0; 9999
1963;05; 0; 0; 0; 0; 0; 0; 0; 0; 0; 0; 0; 0; 0; 0; 0; 0; 0; 0; 0; 0; 0; 0; 0; 0; 0; 0; 0; 0; 0; 0; 0
1963;06; 0; 0; 9; 0; 0; 0; 0; 0; 0; 0; 0; 0; 0; 0; 0; 0; 0; 0; 0; 0; 0; 0; 0; 0; 0; 0; 0; 0; 0; 0; 9999
1963;07; 0; 0; 0; 2; 0; 0; 0; 0; 0; 0; 0; 0; 0; 0; 0; 0; 0; 0; 0; 0; 0; 0; 0; 0; 0; 0; 0; 0; 0; 0; 0
1963;08; 0; 0; 0; 0; 0; 0; 0; 0; 0; 0; 0; 0; 0; 0; 0; 10; 101; 0; 0; 0; 0; 0; 0; 0; 0; 0; 0; 0; 0; 0; 0
1963;09; 0; 0; 0; 0; 0; 0; 0; 0; 0; 0; 0; 0; 0; 0; 0; 0; 0; 0; 0; 0; 0; 0; 0; 0; 2; 0; 0; 142; 0; 0; 9999
1963;10; 47; 0; 0; 0; 202; 28; 22; 0; 0; 0; 52; 0; 0; 0; 91; 42; 0; 140; 0; 0; 0; 300; 64; 24; 0; 0; 74; 284; 0; 0; 0
1963;11; 0; 194; 0; 0; 0; 0; 144; 4; 0; 223; 305; 0; 0; 233; 249; 400; 0; 44; 5; 0; 300; 0; 0; 0; 0; 0; 0; 306; 0; 0; 9999
1963;12; 0; 0; 0; 0; 0; 0; 0; 85; 0; 40; 0; 0; 0; 0; 0; 0; 0; 0; 0; 104; 100; 0; 0; 0; 0; 0; 133; 0; 0; 0; 0
1964;01; 0; 85; 195; 0; 0; 0; 0; 0; 443; 0; 0; 0; 0; 0; 0; 0; 0; 0; 0; 0; 0; 0; 255; 284; 67; 594; 135; 0; 23; 0; 0
1964;02; 0; 102; 63; 0; 0; 0; 0; 0; 0; 0; 430; 305; 183; 70; 37; 0; 155; 38; 430; 193; 79; 7; 31; 0; 0; 0; 0; 0; 0; 9999; 9999
1964;03; 135; 0; 0; 0; 0; 0; 0; 24; 104; 0; 0; 73; 0; 0; 0; 53; 0; 0; 0; 0; 0; 0; 0; 0; 0; 0; 0; 52; 300; 200; 0
1964;04; 239; 83; 0; 43; 0; 0; 0; 0; 0; 0; 0; 0; 0; 0; 0; 0; 0; 39; 22; 0; 0; 0; 0; 0; 0; 0; 0; 87; 2; 1; 9999
1964;05; 406; 0; 0; 0; 0; 125; 3; 0; 0; 0; 0; 0; 0; 0; 0; 0; 0; 0; 0; 0; 0; 0; 0; 0; 0; 0; 0; 0; 0; 49; 0
1964;06; 0; 0; 0; 0; 0; 0; 0; 0; 0; 0; 16; 0; 0; 85; 0; 13; 0; 0; 0; 0; 0; 0; 0; 0; 0; 0; 1; 43; 0; 108; 9999
1964;07; 0; 28; 75; 162; 0; 20; 0; 0; 0; 0; 0; 0; 0; 0; 0; 0; 2; 0; 0; 0; 0; 0; 0; 0; 0; 0; 0; 123; 0; 0; 0
1964;08; 0; 0; 55; 0; 0; 0; 0; 0; 0; 0; 0; 5; 68; 0; 0; 0; 0; 0; 0; 109; 11; 0; 0; 0; 0; 0; 0; 0; 0; 0; 0
1964;09; 0; 0; 151; 0; 0; 0; 0; 0; 0; 0; 0; 0; 0; 0; 0; 0; 0; 0; 0; 0; 0; 0; 0; 0; 131; 120; 0; 0; 0; 0; 9999
1964;10; 150; 54; 2; 100; 0; 40; 123; 142; 0; 0; 10; 0; 0; 33; 0; 0; 0; 0; 0; 4; 49; 0; 0; 0; 0; 0; 161; 0; 0; 0; 160
1964;11; 0; 41; 0; 0; 0; 189; 0; 0; 0; 0; 0; 0; 0; 0; 17; 0; 52; 0; 0; 0; 353; 120; 0; 0; 0; 0; 0; 0; 0; 0; 9999
1964;12; 972; 83; 32; 58; 0; 0; 0; 0; 0; 0; 5; 0; 0; 6; 139; 0; 7; 153; 0; 0; 0; 0; 310; 87; 0; 58; 0; 0; 106; 154; 0
1965;01; 0; 173; 5; 52; 131; 0; 0; 0; 413; 46; 237; 0; 0; 635; 76; 56; 0; 0; 0; 695; 0; 0; 0; 0; 0; 14; 0; 202; 191; 106; 0
1965;02; 49; 26; 0; 228; 0; 0; 0; 0; 0; 0; 0; 0; 139; 168; 0; 0; 184; 131; 0; 0; 6; 130; 0; 0; 288; 0; 11; 6; 9999; 9999; 9999
1965;03; 28; 56; 30; 101; 0; 0; 25; 0; 134; 85; 309; 0; 0; 0; 0; 0; 244; 10; 39; 337; 0; 0; 2; 38; 0; 3; 0; 0; 0; 0; 0
1965;04; 0; 0; 0; 0; 0; 0; 0; 0; 0; 80; 15; 0; 0; 0; 72; 0; 0; 0; 0; 161; 0; 10; 0; 0; 0; 0; 0; 0; 505; 299; 9999
1965;05; 250; 17; 0; 0; 0; 0; 0; 0; 0; 31; 0; 51; 73; 0; 45; 121; 53; 60; 72; 6; 0; 0; 0; 0; 0; 0; 0; 0; 0; 0; 0
1965;06; 0; 0; 0; 0; 0; 0; 0; 0; 0; 86; 0; 111; 0; 0; 0; 35; 37; 12; 0; 0; 0; 0; 0; 11; 30; 0; 0; 0; 0; 0; 9999
1965;07; 0; 71; 0; 4; 71; 33; 85; 0; 0; 128; 51; 0; 0; 0; 0; 0; 0; 0; 0; 0; 0; 0; 0; 0; 0; 0; 0; 0; 0; 0; 0
1965;08; 0; 0; 0; 36; 0; 0; 0; 0; 0; 0; 0; 0; 0; 0; 13; 0; 0; 0; 0; 136; 0; 0; 0; 0; 0; 0; 0; 0; 0; 0; 0
1965;09; 0; 0; 0; 0; 0; 0; 0; 0; 0; 0; 0; 0; 0; 0; 0; 0; 0; 0; 0; 0; 0; 0; 0; 0; 0; 83; 525; 16; 0; 0; 9999
1965;10; 281; 222; 0; 0; 0; 0; 0; 0; 16; 91; 93; 82; 0; 0; 172; 0; 0; 0; 81; 0; 0; 104; 1; 0; 14; 198; 0; 0; 120; 0; 0
1965;11; 120; 0; 0; 0; 0; 0; 52; 0; 0; 172; 1; 0; 0; 1; 30; 445; 0; 0; 0; 0; 0; 0; 0; 0; 0; 0; 402; 3; 29; 28; 9999
1965;12; 0; 51; 1; 153; 5; 0; 482; 26; 66; 229; 0; 121; 30; 0; 72; 94; 0; 1; 0; 0; 20; 181; 31; 0; 33; 0; 125; 30; 300; 232; 40
1966;01; 402; 200; 0; 0; 408; 0; 0; 120; 0; 399; 159; 172; 205; 102; 140; 0; 48; 0; 0; 24; 0; 0; 0; 0; 142; 0; 0; 56; 310; 0; 0
1966;02; 181; 65; 142; 0; 0; 181; 0; 0; 0; 0; 23; 7; 0; 0; 0; 0; 0; 279; 0; 8; 0; 96; 0; 476; 6; 243; 0; 0; 9999; 9999; 9999
1966;03; 0; 0; 51; 121; 0; 304; 451; 157; 137; 428; 0; 79; 42; 4; 0; 230; 0; 0; 0; 0; 0; 0; 0; 61; 137; 82; 0; 50; 123; 0; 0
1966;04; 0; 66; 0; 6; 10; 0; 16; 0; 16; 0; 83; 0; 0; 0; 0; 0; 0; 0; 0; 0; 0; 23; 0; 0; 16; 0; 0; 0; 73; 89; 9999
1966;05; 0; 0; 0; 0; 0; 280; 0; 16; 0; 0; 0; 0; 0; 0; 0; 0; 0; 0; 0; 0; 0; 0; 95; 14; 0; 0; 0; 0; 0; 0; 0
1966;06; 0; 0; 9; 0; 0; 0; 0; 0; 0; 0; 0; 0; 0; 0; 0; 0; 0; 0; 0; 0; 0; 0; 0; 0; 0; 0; 0; 0; 0; 0; 9999
1966;07; 0; 0; 0; 0; 0; 0; 0; 0; 0; 0; 0; 0; 0; 0; 0; 0; 0; 0; 0; 0; 0; 0; 10; 0; 0; 0; 0; 0; 0; 0; 30
1966;08; 312; 1; 0; 0; 0; 0; 0; 0; 0; 125; 0; 0; 0; 0; 0; 0; 0; 0; 0; 0; 0; 0; 0; 0; 141; 335; 0; 0; 0; 0; 0
1966;09; 0; 173; 9; 0; 0; 0; 0; 0; 0; 0; 0; 0; 0; 0; 0; 0; 13; 0; 0; 24; 0; 0; 0; 0; 0; 0; 0; 92; 0; 0; 9999
1966;10; 0; 0; 0; 0; 0; 0; 26; 297; 45; 0; 0; 0; 0; 15; 0; 0; 0; 0; 375; 0; 0; 0; 252; 0; 0; 0; 0; 180; 201; 23; 2
1966;11; 0; 65; 0; 0; 32; 21; 12; 0; 330; 401; 252; 304; 532; 2; 64; 82; 310; 26; 0; 0; 0; 0; 0; 4; 0; 0; 0; 0; 0; 83; 9999
1966;12; 0; 30; 0; 58; 0; 116; 0; 120; 0; 0; 0; 14; 0; 0; 0; 411; 0; 72; 0; 8; 508; 261; 306; 605; 0; 0; 23; 153; 0; 88; 0
1967;01; 0; 0; 58; 151; 195; 21; 131; 0; 42; 82; 100; 90; 81; 50; 70; 113; 52; 31; 25; 68; 24; 0; 13; 50; 31; 70; 52; 61; 85; 0; 104
1967;02; 50; 55; 73; 32; 93; 100; 129; 0; 1; 180; 220; 0; 0; 0; 67; 0; 0; 49; 317; 406; 20; 0; 0; 413; 0; 0; 0; 0; 9999; 9999; 9999
1967;03; 107; 40; 111; 100; 0; 416; 23; 23; 19; 12; 21; 3; 0; 23; 158; 143; 27; 1; 1063; 56; 1; 309; 0; 0; 0; 91; 0; 0; 0; 161; 0
1967;04; 123; 0; 0; 0; 0; 0; 0; 0; 0; 0; 0; 0; 0; 0; 0; 43; 0; 0; 0; 0; 0; 32; 0; 0; 4; 0; 14; 4; 22; 0; 9999
1967;05; 0; 0; 0; 5; 34; 0; 0; 0; 0; 0; 0; 0; 0; 0; 0; 0; 0; 0; 0; 0; 0; 0; 0; 0; 0; 0; 0; 0; 0; 0; 0
1967;06; 0; 0; 0; 0; 0; 0; 172; 18; 0; 0; 119; 74; 168; 88; 0; 0; 0; 0; 0; 0; 0; 0; 0; 0; 0; 0; 0; 0; 0; 0; 9999
1967;07; 0; 0; 0; 0; 0; 0; 0; 0; 0; 0; 0; 132; 7; 0; 5; 40; 12; 38; 0; 0; 0; 0; 26; 0; 0; 0; 0; 0; 0; 0; 0
1967;08; 0; 0; 0; 0; 0; 0; 0; 0; 0; 0; 0; 0; 0; 0; 63; 0; 0; 0; 0; 0; 0; 0; 0; 0; 0; 0; 0; 0; 0; 0; 0
1967;09; 0; 0; 0; 0; 0; 0; 0; 27; 142; 7; 9; 514; 319; 86; 0; 0; 0; 0; 0; 0; 26; 0; 83; 9; 0; 0; 0; 0; 0; 0; 9999
1967;10; 0; 0; 0; 0; 0; 0; 0; 0; 0; 0; 0; 98; 13; 130; 0; 0; 0; 0; 0; 2; 41; 256; 151; 102; 54; 158; 285; 63; 0; 21; 0
1967;11; 0; 223; 10; 3; 0; 0; 0; 0; 0; 0; 0; 0; 184; 52; 0; 392; 341; 0; 201; 0; 0; 0; 0; 25; 25; 0; 270; 53; 261; 0; 9999
1967;12; 0; 0; 0; 0; 213; 0; 0; 0; 30; 9; 10; 0; 0; 84; 219; 167; 445; 252; 0; 0; 494; 190; 88; 0; 0; 15; 0; 87; 67; 124; 0
1968;01; 0; 0; 98; 110; 3; 0; 0; 0; 51; 159; 121; 50; 112; 338; 26; 13; 0; 110; 109; 59; 0; 227; 78; 255; 45; 0; 0; 0; 0; 0; 0
1968;02; 0; 0; 0; 0; 0; 0; 0; 0; 0; 0; 0; 0; 472; 24; 203; 0; 0; 0; 0; 0; 9; 0; 77; 375; 135; 32; 90; 22; 0; 9999; 9999
1968;03; 0; 0; 0; 0; 62; 0; 0; 0; 14; 111; 0; 221; 0; 82; 359; 29; 222; 126; 0; 0; 0; 0; 0; 22; 39; 0; 0; 8; 64; 0; 0
1968;04; 53; 0; 0; 0; 51; 279; 0; 0; 0; 0; 0; 0; 0; 0; 0; 0; 0; 0; 48; 4; 0; 3; 0; 0; 0; 0; 0; 0; 0; 0; 9999
1968;05; 0; 0; 0; 0; 0; 0; 0; 0; 0; 0; 90; 0; 0; 0; 0; 0; 330; 0; 0; 0; 0; 0; 0; 0; 0; 0; 0; 1; 0; 0; 0
1968;06; 0; 0; 0; 0; 0; 0; 0; 0; 0; 0; 0; 0; 0; 0; 0; 0; 0; 0; 0; 0; 118; 0; 0; 0; 0; 18; 0; 0; 0; 0; 9999
1968;07; 0; 0; 0; 0; 0; 0; 0; 0; 0; 56; 0; 0; 0; 0; 0; 0; 0; 0; 0; 0; 35; 0; 0; 0; 0; 0; 1; 0; 0; 0; 0
1968;08; 0; 0; 0; 0; 59; 0; 0; 0; 160; 28; 0; 0; 0; 0; 0; 0; 0; 0; 0; 0; 0; 0; 51; 0; 0; 0; 0; 0; 0; 0; 3
1968;09; 93; 0; 0; 101; 20; 0; 0; 0; 0; 0; 0; 0; 0; 0; 0; 0; 0; 0; 0; 0; 0; 77; 0; 0; 0; 0; 0; 0; 2; 35; 9999
1968;10; 0; 0; 0; 0; 0; 0; 0; 0; 0; 0; 103; 20; 0; 11; 0; 600; 103; 0; 86; 0; 0; 0; 3; 140; 0; 0; 0; 0; 0; 23; 11
1968;11; 0; 36; 26; 405; 0; 0; 0; 0; 0; 0; 0; 0; 0; 0; 0; 0; 0; 65; 0; 0; 0; 0; 0; 0; 0; 0; 0; 131; 164; 285; 9999
1968;12; 324; 702; 0; 82; 42; 302; 0; 0; 60; 0; 0; 0; 0; 0; 0; 0; 150; 0; 0; 23; 0; 0; 0; 0; 0; 102; 153; 33; 26; 223; 20
1969;01; 0; 0; 0; 0; 5; 0; 0; 0; 0; 250; 408; 0; 28; 0; 0; 5; 120; 15; 31; 0; 0; 34; 10; 175; 26; 0; 311; 315; 57; 0; 0
1969;02; 0; 0; 425; 0; 0; 0; 0; 0; 0; 0; 0; 0; 300; 293; 297; 8; 2; 5; 295; 518; 79; 8; 229; 222; 3; 0; 0; 0; 9999; 9999; 9999
1969;03; 249; 53; 430; 10; 450; 20; 0; 0; 0; 0; 0; 0; 0; 6; 0; 0; 0; 0; 0; 0; 0; 0; 0; 5; 0; 2; 123; 28; 164; 149; 70
1969;04; 113; 102; 122; 30; 78; 198; 0; 0; 45; 0; 0; 0; 0; 0; 0; 0; 0; 0; 0; 0; 0; 0; 0; 172; 0; 0; 0; 0; 58; 0; 9999
1969;05; 0; 0; 0; 0; 0; 0; 0; 0; 0; 0; 0; 6; 0; 0; 0; 0; 0; 0; 0; 0; 0; 0; 0; 0; 71; 0; 0; 0; 0; 629; 90
1969;06; 0; 149; 0; 0; 0; 0; 0; 0; 0; 0; 0; 0; 0; 0; 0; 0; 0; 0; 0; 0; 0; 0; 1; 0; 0; 0; 0; 0; 0; 0; 9999
1969;07; 0; 0; 0; 0; 0; 0; 0; 0; 0; 7; 0; 0; 8; 0; 0; 0; 0; 0; 0; 0; 0; 1; 0; 0; 0; 0; 0; 0; 0; 0; 0
1969;08; 0; 2; 206; 79; 0; 0; 47; 0; 0; 0; 0; 0; 0; 0; 0; 59; 0; 0; 0; 0; 0; 0; 0; 0; 0; 0; 0; 8; 0; 0; 0
1969;09; 0; 0; 0; 0; 13; 0; 0; 0; 0; 0; 0; 0; 5; 0; 0; 0; 0; 0; 0; 0; 131; 0; 0; 0; 0; 0; 0; 118; 0; 5; 9999
1969;10; 148; 11; 9; 101; 125; 0; 192; 7; 0; 1; 0; 0; 0; 0; 0; 0; 36; 0; 254; 0; 0; 112; 13; 0; 0; 0; 0; 0; 1; 0; 19
1969;11; 107; 30; 36; 0; 0; 0; 0; 184; 118; 149; 31; 0; 51; 179; 0; 23; 13; 233; 83; 109; 192; 89; 238; 0; 0; 0; 0; 0; 557; 301; 9999
1969;12; 252; 2; 0; 0; 0; 0; 59; 38; 58; 0; 0; 152; 463; 303; 0; 0; 0; 0; 0; 0; 0; 0; 0; 268; 163; 0; 0; 0; 0; 5; 0
1970;01; 280; 102; 76; 0; 20; 0; 0; 141; 59; 247; 0; 0; 0; 0; 0; 288; 380; 170; 320; 205; 0; 483; 0; 0; 76; 314; 111; 0; 0; 0; 450
1970;02; 20; 0; 0; 0; 464; 218; 0; 293; 0; 0; 159; 150; 50; 376; 116; 131; 21; 19; 199; 185; 119; 283; 76; 8; 122; 0; 0; 65; 9999; 9999; 9999
1970;03; 0; 9; 0; 0; 102; 0; 0; 0; 0; 165; 0; 0; 13; 590; 213; 0; 0; 0; 0; 300; 0; 19; 0; 0; 0; 0; 0; 0; 0; 0; 0
1970;04; 43; 0; 169; 1; 64; 0; 0; 0; 0; 0; 0; 0; 0; 0; 0; 0; 0; 0; 0; 0; 0; 0; 0; 0; 0; 0; 0; 0; 0; 229; 9999
1970;05; 0; 33; 0; 0; 0; 0; 0; 248; 6; 0; 0; 0; 0; 0; 0; 0; 0; 0; 0; 0; 37; 1; 0; 0; 0; 0; 0; 0; 0; 0; 0
1970;06; 0; 0; 0; 0; 0; 0; 0; 0; 0; 0; 0; 0; 0; 0; 132; 123; 0; 0; 0; 0; 0; 0; 0; 289; 0; 0; 0; 0; 0; 2; 9999
1970;07; 0; 0; 88; 0; 0; 0; 0; 0; 4; 0; 11; 0; 43; 0; 0; 33; 0; 0; 0; 0; 0; 6; 25; 0; 0; 21; 13; 0; 0; 0; 0
1970;08; 0; 0; 0; 0; 0; 0; 0; 0; 0; 0; 0; 0; 0; 0; 0; 0; 0; 0; 0; 0; 0; 0; 0; 0; 0; 128; 199; 222; 118; 116; 200
1970;09; 9; 0; 0; 0; 0; 0; 0; 142; 0; 16; 352; 0; 0; 0; 0; 83; 154; 0; 0; 0; 0; 40; 0; 0; 68; 142; 0; 0; 86; 0; 9999
1970;10; 0; 0; 0; 51; 269; 136; 0; 0; 0; 0; 0; 0; 48; 0; 0; 0; 0; 0; 125; 112; 0; 23; 380; 0; 0; 0; 0; 0; 0; 0; 0
1970;11; 0; 0; 59; 0; 0; 0; 0; 317; 258; 0; 0; 0; 5; 163; 28; 0; 0; 0; 0; 0; 0; 459; 0; 0; 0; 0; 0; 0; 18; 200; 9999
1970;12; 101; 101; 51; 0; 0; 0; 0; 0; 0; 65; 0; 0; 0; 233; 0; 345; 60; 22; 119; 170; 79; 99; 0; 0; 0; 0; 108; 160; 162; 0; 25
1971;01; 3; 24; 21; 108; 1; 3; 0; 0; 0; 0; 0; 206; 0; 543; 5; 0; 0; 0; 0; 0; 0; 0; 0; 0; 0; 0; 67; 0; 0; 0; 0
1971;02; 6; 0; 0; 0; 0; 0; 0; 0; 89; 22; 8; 0; 0; 0; 0; 0; 0; 0; 0; 25; 66; 1; 25; 80; 0; 1070; 9; 2; 9999; 9999; 9999
1971;03; 0; 0; 0; 0; 0; 235; 0; 153; 29; 0; 20; 30; 72; 0; 0; 0; 0; 0; 0; 0; 23; 0; 0; 45; 461; 162; 0; 191; 39; 0; 0
1971;04; 0; 0; 0; 0; 0; 0; 0; 0; 20; 221; 0; 0; 21; 104; 0; 0; 256; 0; 0; 0; 0; 5; 0; 89; 0; 0; 0; 0; 0; 0; 9999
1971;05; 0; 0; 145; 104; 0; 0; 0; 1; 46; 0; 0; 0; 0; 0; 0; 0; 0; 0; 0; 0; 0; 0; 0; 0; 0; 72; 0; 39; 28; 0; 0
1971;06; 0; 0; 0; 0; 0; 0; 0; 0; 23; 0; 0; 101; 0; 63; 0; 83; 101; 257; 82; 0; 152; 0; 0; 0; 0; 0; 0; 0; 0; 0; 9999
1971;07; 0; 70; 132; 0; 27; 0; 0; 0; 0; 0; 0; 0; 0; 0; 0; 0; 0; 0; 0; 0; 0; 0; 0; 0; 0; 0; 0; 0; 0; 0; 62
1971;08; 0; 0; 0; 0; 0; 0; 0; 47; 0; 0; 0; 0; 0; 0; 0; 0; 0; 0; 0; 0; 0; 0; 0; 0; 0; 39; 53; 54; 12; 0; 0
1971;09; 0; 1; 10; 0; 0; 0; 0; 17; 194; 0; 0; 0; 0; 0; 0; 0; 0; 0; 0; 0; 0; 0; 0; 92; 200; 12; 0; 0; 203; 162; 9999
1971;10; 19; 7; 0; 0; 155; 0; 0; 167; 0; 0; 311; 352; 33; 0; 0; 1; 245; 5; 0; 0; 0; 0; 0; 0; 43; 123; 0; 449; 0; 0; 0
1971;11; 0; 291; 0; 79; 0; 0; 0; 0; 0; 0; 96; 0; 152; 59; 0; 0; 0; 0; 0; 60; 0; 0; 30; 62; 35; 0; 95; 0; 0; 88; 9999
1971;12; 191; 560; 36; 232; 0; 0; 0; 0; 7; 51; 0; 0; 65; 0; 81; 0; 0; 0; 0; 114; 0; 0; 5; 381; 32; 51; 70; 23; 59; 144; 41
1972;01; 0; 0; 0; 0; 0; 93; 93; 20; 0; 51; 144; 595; 0; 0; 0; 0; 0; 0; 51; 76; 0; 0; 172; 275; 24; 0; 31; 0; 0; 774; 101
1972;02; 17; 52; 21; 0; 0; 213; 91; 0; 189; 56; 11; 0; 0; 0; 227; 120; 93; 9; 0; 101; 462; 42; 12; 337; 0; 0; 131; 122; 2; 9999; 9999
1972;03; 0; 0; 93; 0; 0; 23; 0; 0; 69; 450; 254; 254; 0; 0; 0; 0; 0; 0; 0; 0; 0; 0; 7; 0; 8; 0; 0; 0; 0; 0; 0
1972;04; 183; 0; 0; 78; 6; 0; 0; 0; 0; 0; 0; 0; 0; 84; 0; 80; 90; 0; 1; 0; 0; 0; 0; 0; 0; 0; 0; 0; 0; 0; 9999
1972;05; 0; 0; 0; 0; 0; 0; 0; 1; 0; 0; 0; 0; 0; 0; 0; 0; 0; 0; 0; 27; 0; 0; 1; 0; 80; 0; 0; 0; 0; 0; 0
1972;06; 0; 0; 0; 0; 0; 0; 0; 0; 0; 0; 0; 0; 0; 0; 0; 0; 0; 0; 340; 0; 0; 0; 0; 0; 0; 0; 0; 0; 0; 0; 9999
1972;07; 0; 0; 0; 0; 0; 0; 0; 0; 0; 35; 0; 25; 297; 2; 0; 0; 0; 0; 0; 0; 0; 0; 0; 0; 0; 0; 25; 0; 0; 0; 0
1972;08; 0; 0; 0; 124; 45; 142; 101; 0; 0; 0; 0; 0; 0; 0; 0; 0; 0; 0; 0; 0; 0; 0; 42; 134; 0; 0; 0; 0; 0; 0; 0
1972;09; 32; 0; 0; 0; 69; 227; 0; 0; 0; 0; 0; 0; 0; 0; 85; 0; 0; 0; 0; 0; 0; 0; 22; 0; 44; 13; 0; 144; 212; 64; 9999
1972;10; 0; 0; 0; 85; 32; 0; 135; 11; 0; 175; 0; 0; 0; 0; 56; 0; 0; 0; 0; 0; 0; 0; 0; 0; 0; 0; 0; 0; 461; 0; 0
1972;11; 23; 212; 23; 211; 0; 0; 0; 0; 10; 0; 0; 121; 143; 21; 305; 20; 23; 412; 0; 12; 0; 0; 0; 0; 0; 51; 100; 0; 0; 0; 9999
1972;12; 341; 38; 125; 42; 62; 0; 155; 0; 0; 0; 35; 529; 8; 25; 0; 12; 0; 0; 0; 0; 0; 0; 207; 51; 62; 0; 98; 0; 173; 257; 60
1973;01; 0; 51; 0; 0; 7; 61; 133; 124; 0; 0; 0; 0; 379; 0; 77; 330; 66; 0; 0; 0; 0; 100; 0; 0; 0; 33; 0; 6; 0; 0; 339
1973;02; 80; 101; 0; 56; 0; 52; 17; 0; 0; 0; 0; 0; 0; 105; 0; 56; 70; 40; 100; 5; 0; 4; 42; 9; 0; 0; 97; 149; 9999; 9999; 9999
1973;03; 0; 0; 0; 148; 280; 0; 0; 0; 102; 8; 0; 0; 0; 0; 0; 0; 0; 0; 0; 0; 0; 141; 26; 89; 53; 0; 0; 0; 0; 0; 242
1973;04; 106; 82; 11; 0; 0; 0; 0; 42; 61; 0; 52; 20; 200; 0; 52; 12; 0; 0; 92; 100; 121; 110; 0; 0; 0; 0; 0; 0; 0; 0; 9999
1973;05; 0; 0; 0; 12; 48; 0; 0; 14; 0; 16; 19; 130; 0; 0; 0; 0; 0; 0; 0; 0; 0; 68; 2; 0; 0; 0; 0; 0; 0; 0; 0
1973;06; 0; 0; 0; 0; 0; 0; 0; 0; 0; 0; 0; 0; 0; 0; 0; 0; 0; 0; 16; 0; 0; 0; 0; 0; 0; 0; 59; 0; 62; 2; 9999
1973;07; 0; 0; 158; 0; 0; 0; 0; 0; 0; 0; 0; 0; 0; 0; 0; 0; 0; 0; 0; 106; 11; 79; 0; 5; 4; 0; 0; 168; 76; 0; 0
1973;08; 0; 0; 0; 0; 0; 30; 0; 0; 0; 0; 0; 0; 0; 0; 0; 6; 0; 0; 0; 0; 0; 0; 0; 0; 0; 0; 0; 0; 5; 0; 0
1973;09; 0; 122; 113; 0; 0; 0; 28; 0; 0; 21; 0; 0; 0; 91; 0; 0; 0; 0; 0; 0; 0; 119; 0; 0; 3; 11; 0; 0; 0; 0; 9999
1973;10; 0; 0; 0; 0; 0; 0; 36; 0; 136; 2; 72; 0; 0; 0; 0; 0; 0; 0; 57; 0; 0; 0; 0; 53; 184; 0; 113; 0; 0; 0; 36
1973;11; 186; 46; 21; 1; 0; 151; 0; 0; 0; 0; 0; 0; 39; 64; 0; 0; 0; 149; 109; 7; 0; 0; 22; 0; 0; 269; 0; 0; 101; 0; 9999
1973;12; 0; 0; 0; 245; 5; 3; 309; 55; 129; 0; 0; 0; 0; 0; 0; 80; 120; 471; 4; 80; 126; 4; 0; 14; 120; 131; 0; 0; 0; 50; 143
1974;01; 104; 0; 75; 0; 0; 0; 92; 72; 48; 0; 56; 292; 21; 62; 75; 1219; 161; 291; 180; 23; 42; 20; 0; 0; 0; 0; 0; 78; 179; 0; 120
1974;02; 0; 325; 0; 0; 0; 0; 0; 0; 0; 0; 0; 60; 0; 0; 7; 3; 12; 346; 0; 291; 21; 0; 0; 73; 0; 0; 0; 0; 9999; 9999; 9999
1974;03; 0; 0; 0; 0; 0; 19; 0; 9; 91; 21; 125; 144; 0; 71; 175; 0; 0; 123; 86; 242; 198; 186; 17; 0; 95; 5; 0; 0; 0; 0; 0
1974;04; 0; 9; 0; 0; 49; 0; 0; 0; 0; 0; 26; 0; 0; 80; 0; 0; 0; 0; 0; 13; 0; 0; 5; 0; 95; 97; 22; 0; 0; 0; 9999
1974;05; 142; 0; 0; 0; 0; 0; 0; 0; 3; 0; 0; 0; 0; 21; 0; 0; 0; 0; 0; 10; 16; 0; 0; 0; 0; 0; 0; 29; 0; 0; 0
1974;06; 0; 0; 5; 0; 0; 0; 0; 34; 0; 0; 19; 295; 39; 0; 0; 0; 0; 0; 0; 0; 0; 204; 12; 0; 178; 82; 191; 1; 5; 0; 9999
1974;07; 0; 0; 0; 0; 0; 0; 0; 0; 0; 0; 0; 0; 0; 0; 0; 0; 0; 0; 0; 0; 0; 0; 0; 0; 0; 0; 0; 0; 0; 0; 0
1974;08; 0; 0; 0; 0; 0; 0; 0; 0; 2; 0; 0; 0; 0; 0; 2; 31; 0; 0; 0; 0; 0; 0; 0; 0; 0; 0; 0; 0; 0; 0; 0
1974;09; 0; 0; 0; 0; 0; 0; 0; 0; 0; 0; 0; 0; 0; 0; 0; 0; 0; 0; 0; 8; 35; 2; 0; 0; 0; 0; 0; 3; 32; 61; 9999
1974;10; 0; 49; 37; 0; 113; 0; 0; 0; 0; 0; 0; 0; 0; 0; 0; 0; 0; 0; 102; 0; 0; 9; 0; 10; 46; 14; 67; 0; 272; 136; 10
1974;11; 0; 0; 0; 0; 0; 0; 81; 0; 0; 0; 0; 0; 2; 78; 0; 0; 0; 0; 0; 0; 314; 102; 25; 0; 0; 0; 29; 144; 241; 14; 9999
1974;12; 124; 0; 71; 117; 21; 79; 7; 1; 0; 0; 0; 0; 0; 123; 102; 12; 37; 341; 43; 19; 0; 131; 328; 305; 348; 0; 51; 0; 363; 25; 0
1975;01; 51; 302; 86; 0; 0; 8; 334; 0; 20; 14; 0; 75; 107; 319; 66; 0; 0; 36; 148; 119; 73; 0; 0; 32; 35; 0; 0; 22; 38; 248; 0
1975;02; 729; 62; 90; 56; 387; 76; 0; 57; 45; 21; 0; 0; 0; 0; 0; 0; 0; 0; 0; 63; 0; 4; 214; 122; 16; 612; 19; 3; 9999; 9999; 9999
1975;03; 163; 9; 0; 0; 0; 0; 0; 0; 226; 0; 0; 0; 0; 105; 0; 0; 0; 0; 0; 0; 0; 24; 0; 1; 264; 25; 3; 0; 0; 0; 7
1975;04; 542; 0; 0; 19; 0; 0; 0; 0; 0; 0; 56; 18; 0; 0; 0; 206; 0; 0; 0; 0; 0; 0; 0; 0; 0; 0; 0; 0; 0; 0; 9999
1975;05; 0; 0; 2; 91; 0; 211; 4; 118; 0; 0; 0; 0; 0; 0; 0; 0; 0; 0; 0; 0; 16; 0; 0; 0; 0; 0; 0; 0; 0; 0; 0
1975;06; 0; 0; 0; 0; 7; 0; 0; 0; 0; 0; 0; 0; 0; 0; 0; 0; 0; 0; 0; 0; 0; 0; 0; 0; 0; 0; 0; 0; 0; 6; 9999
1975;07; 0; 21; 0; 125; 0; 0; 0; 0; 0; 0; 0; 0; 0; 0; 0; 0; 9; 71; 0; 0; 0; 0; 0; 0; 0; 0; 0; 0; 0; 0; 0
1975;08; 0; 0; 0; 0; 0; 0; 0; 0; 0; 0; 0; 0; 0; 0; 0; 0; 0; 0; 0; 0; 0; 0; 0; 0; 0; 0; 0; 0; 0; 0; 0
1975;09; 0; 0; 3; 0; 0; 0; 0; 0; 0; 0; 0; 0; 0; 0; 0; 0; 34; 0; 0; 0; 0; 0; 0; 36; 11; 0; 34; 55; 0; 0; 9999
1975;10; 71; 0; 70; 0; 114; 122; 0; 0; 0; 4; 0; 122; 100; 0; 84; 0; 0; 12; 101; 0; 8; 0; 0; 0; 0; 0; 0; 0; 0; 0; 81
1975;11; 31; 89; 60; 0; 0; 0; 118; 0; 0; 178; 0; 55; 0; 0; 0; 0; 0; 321; 998; 7; 125; 3; 6; 74; 227; 257; 124; 268; 0; 138; 9999
1975;12; 13; 21; 0; 0; 0; 160; 39; 31; 0; 2; 112; 0; 252; 131; 50; 0; 0; 1; 697; 34; 38; 0; 715; 92; 254; 52; 259; 98; 0; 5; 3
1976;01; 0; 0; 530; 72; 188; 53; 212; 57; 79; 0; 71; 123; 0; 385; 0; 19; 0; 0; 0; 0; 0; 83; 77; 0; 0; 5; 9; 68; 141; 22; 0
1976;02; 0; 8; 16; 176; 84; 171; 152; 221; 265; 0; 5; 0; 0; 0; 0; 151; 158; 26; 23; 255; 51; 119; 81; 52; 131; 67; 95; 101; 82; 9999; 9999
1976;03; 52; 53; 2; 0; 7; 0; 0; 0; 0; 2; 161; 70; 7; 31; 427; 0; 0; 95; 43; 421; 5; 0; 0; 0; 147; 97; 120; 59; 0; 0; 0
1976;04; 0; 0; 0; 152; 0; 0; 0; 134; 0; 209; 91; 121; 225; 212; 17; 2; 0; 0; 0; 0; 0; 0; 111; 0; 0; 0; 0; 0; 0; 0; 9999
1976;05; 0; 0; 0; 0; 0; 0; 0; 0; 0; 37; 3; 103; 9; 0; 0; 0; 0; 4; 49; 221; 0; 99; 0; 0; 241; 0; 0; 63; 479; 0; 0
1976;06; 0; 0; 0; 0; 0; 371; 0; 0; 0; 18; 0; 0; 60; 132; 0; 0; 0; 0; 0; 0; 0; 0; 0; 0; 0; 0; 0; 0; 0; 0; 9999
1976;07; 2; 212; 386; 412; 0; 0; 0; 12; 104; 82; 2; 0; 0; 0; 2; 0; 0; 0; 0; 0; 0; 76; 0; 0; 0; 0; 0; 0; 0; 0; 0
1976;08; 0; 0; 0; 0; 0; 63; 0; 0; 0; 122; 16; 127; 246; 172; 8; 0; 0; 0; 0; 132; 137; 0; 0; 0; 0; 0; 0; 0; 0; 0; 0
1976;09; 0; 6; 0; 0; 0; 128; 22; 265; 0; 6; 0; 20; 153; 192; 74; 130; 0; 0; 0; 0; 0; 0; 27; 0; 0; 4; 160; 280; 40; 0; 9999
1976;10; 0; 0; 0; 0; 0; 12; 0; 0; 0; 263; 0; 0; 0; 0; 0; 0; 0; 0; 113; 12; 0; 8; 0; 0; 215; 0; 60; 0; 0; 0; 0
1976;11; 37; 0; 0; 0; 77; 0; 0; 0; 0; 2; 0; 0; 0; 0; 0; 0; 134; 0; 29; 288; 148; 287; 0; 0; 0; 0; 432; 0; 74; 0; 9999
1976;12; 0; 82; 84; 0; 0; 416; 0; 0; 499; 7; 0; 77; 0; 0; 3; 0; 409; 49; 9; 0; 0; 159; 42; 49; 82; 120; 245; 87; 0; 0; 0
1977;01; 335; 0; 422; 377; 49; 109; 654; 0; 7; 0; 19; 61; 7; 0; 31; 52; 304; 23; 914; 151; 0; 0; 0; 0; 0; 616; 29; 34; 334; 72; 220
1977;02; 305; 0; 0; 0; 18; 0; 0; 18; 0; 0; 0; 0; 12; 0; 0; 0; 6; 0; 0; 0; 0; 0; 0; 0; 0; 0; 0; 1; 9999; 9999; 9999
1977;03; 0; 0; 7; 0; 61; 0; 27; 327; 0; 0; 3; 0; 16; 25; 0; 0; 7; 0; 263; 26; 2; 59; 134; 0; 37; 0; 34; 0; 199; 0; 102
1977;04; 43; 91; 0; 4; 251; 0; 0; 0; 19; 152; 0; 0; 0; 0; 0; 0; 0; 200; 50; 220; 52; 70; 107; 5; 0; 0; 0; 0; 0; 0; 9999
1977;05; 0; 0; 0; 0; 0; 0; 0; 0; 3; 0; 2; 0; 3; 1; 0; 0; 150; 27; 8; 1; 2; 3; 1; 2; 0; 0; 1; 0; 0; 0; 0
1977;06; 24; 0; 0; 4; 453; 175; 3; 2; 1; 3; 2; 2; 3; 1; 1; 2; 24; 4; 1; 1; 2; 2; 0; 2; 0; 0; 2; 3; 0; 1; 9999
1977;07; 1; 2; 2; 3; 0; 0; 0; 0; 0; 0; 0; 0; 0; 0; 0; 0; 0; 10; 0; 0; 2; 0; 1; 2; 38; 1; 3; 0; 0; 0; 0
1977;08; 0; 0; 0; 1; 1; 0; 0; 0; 0; 0; 0; 0; 0; 0; 0; 0; 3; 1; 49; 2; 0; 1; 2; 0; 0; 0; 0; 0; 6; 263; 29
1977;09; 38; 96; 2; 0; 0; 0; 118; 254; 2; 0; 0; 0; 0; 0; 0; 0; 0; 0; 67; 6; 3; 0; 42; 27; 131; 14; 0; 0; 0; 0; 9999
1977;10; 0; 287; 65; 8; 0; 12; 7; 0; 0; 0; 0; 0; 2; 0; 0; 0; 0; 0; 43; 0; 0; 0; 0; 0; 0; 0; 0; 44; 8; 0; 0
1977;11; 0; 175; 0; 0; 3; 0; 24; 0; 0; 0; 0; 8; 39; 17; 58; 401; 0; 0; 1; 78; 0; 0; 7; 2; 0; 9; 17; 0; 0; 141; 9999
1977;12; 198; 63; 91; 74; 8; 105; 2; 51; 106; 0; 63; 81; 0; 0; 0; 0; 0; 0; 442; 273; 92; 158; 195; 2; 5; 0; 0; 0; 0; 0; 81
1978;01; 48; 173; 65; 2; 0; 47; 66; 0; 0; 0; 276; 8; 9; 0; 0; 407; 37; 8; 0; 0; 0; 952; 19; 2; 0; 0; 0; 0; 0; 0; 0
1978;02; 0; 0; 0; 22; 13; 97; 0; 0; 0; 0; 0; 75; 11; 0; 2; 21; 27; 313; 141; 0; 1; 605; 91; 2; 0; 0; 0; 0; 9999; 9999; 9999
1978;03; 0; 0; 28; 114; 51; 25; 71; 58; 27; 43; 271; 7; 0; 109; 0; 2; 1; 0; 0; 2; 2; 0; 1; 0; 14; 3; 0; 0; 61; 18; 0
1978;04; 236; 28; 7; 2; 1; 1; 0; 0; 0; 0; 29; 8; 0; 0; 0; 0; 0; 0; 0; 31; 0; 139; 27; 0; 0; 0; 1; 0; 23; 8; 9999
1978;05; 13; 0; 1; 2; 0; 0; 0; 0; 0; 1; 1; 2; 3; 1; 0; 0; 272; 105; 93; 17; 119; 65; 9; 2; 0; 1; 2; 0; 0; 0; 22
1978;06; 9; 1; 2; 0; 0; 0; 0; 3; 742; 108; 32; 0; 3; 5; 1; 2; 2; 1; 0; 0; 2; 1; 0; 0; 1; 0; 0; 1; 0; 0; 9999
1978;07; 0; 0; 1; 8; 2; 1; 0; 2; 19; 3; 1; 0; 0; 2; 0; 117; 4; 0; 52; 3; 58; 35; 156; 3; 0; 2; 2; 0; 3; 1; 2
1978;08; 1; 3; 1; 5; 2; 2; 3; 0; 1; 0; 0; 0; 0; 1; 28; 0; 0; 1; 1; 0; 0; 7; 0; 37; 3; 1; 0; 0; 0; 1; 0
1978;09; 18; 2; 0; 2; 54; 36; 28; 1; 0; 0; 0; 0; 1; 0; 0; 43; 33; 0; 0; 0; 0; 0; 0; 0; 0; 0; 0; 0; 0; 0; 9999
1978;10; 0; 0; 0; 0; 0; 0; 0; 0; 0; 0; 130; 19; 0; 7; 0; 0; 42; 9; 241; 1; 0; 0; 0; 0; 0; 0; 0; 146; 197; 0; 0
1978;11; 431; 0; 0; 31; 23; 192; 18; 0; 0; 0; 89; 158; 107; 0; 0; 0; 86; 0; 0; 0; 29; 74; 19; 50; 0; 0; 0; 256; 0; 0; 9999
1978;12; 0; 0; 0; 141; 0; 0; 416; 141; 165; 389; 0; 0; 0; 0; 7; 12; 0; 0; 39; 0; 0; 19; 0; 0; 76; 391; 58; 289; 285; 153; 49
1979;01; 173; 341; 57; 53; 27; 0; 0; 0; 0; 0; 0; 100; 0; 0; 0; 0; 0; 0; 0; 5; 169; 76; 15; 0; 0; 0; 41; 109; 158; 67; 0
1979;02; 15; 23; 3; 0; 93; 29; 0; 0; 0; 392; 0; 89; 15; 9; 3; 0; 0; 195; 15; 41; 62; 3; 100; 0; 0; 200; 8; 0; 9999; 9999; 9999
1979;03; 0; 100; 0; 0; 0; 0; 0; 0; 0; 0; 5; 406; 59; 255; 100; 2; 0; 0; 2; 123; 0; 0; 69; 0; 292; 0; 30; 0; 0; 0; 0
1979;04; 0; 0; 0; 0; 400; 151; 27; 9; 0; 0; 0; 0; 0; 0; 0; 0; 0; 0; 0; 0; 0; 0; 0; 52; 9; 0; 0; 0; 100; 75; 9999
1979;05; 0; 0; 0; 237; 181; 0; 0; 30; 0; 73; 109; 5; 0; 0; 12; 0; 2; 0; 0; 0; 0; 1; 0; 79; 1; 0; 0; 0; 0; 125; 3
1979;06; 5; 0; 0; 0; 2; 1; 1; 0; 0; 8; 1; 0; 0; 5; 0; 0; 0; 2; 0; 2; 0; 2; 3; 0; 0; 0; 0; 9; 0; 1; 9999
1979;07; 0; 0; 0; 0; 0; 0; 0; 0; 131; 67; 27; 0; 8; 1; 1; 0; 0; 0; 0; 172; 13; 1; 0; 0; 6; 35; 1; 0; 2; 0; 0
1979;08; 0; 0; 0; 0; 0; 0; 0; 0; 0; 0; 0; 0; 132; 0; 37; 0; 0; 0; 67; 173; 112; 3; 0; 0; 0; 0; 97; 0; 0; 0; 0
1979;09; 0; 0; 69; 49; 108; 0; 0; 0; 0; 0; 0; 67; 4; 172; 74; 203; 0; 224; 19; 1; 0; 0; 58; 16; 0; 0; 0; 0; 0; 49; 9999
1979;10; 0; 0; 8; 15; 43; 2; 5; 4; 443; 19; 0; 0; 0; 0; 4; 12; 0; 0; 0; 0; 0; 0; 0; 0; 0; 4; 7; 13; 18; 49; 143
1979;11; 0; 39; 163; 0; 0; 0; 0; 0; 539; 29; 263; 17; 0; 0; 113; 0; 0; 0; 0; 0; 0; 0; 61; 13; 48; 127; 18; 0; 2; 0; 9999
1979;12; 0; 100; 215; 90; 71; 0; 0; 0; 0; 0; 72; 13; 17; 12; 32; 210; 73; 0; 0; 12; 9; 0; 39; 61; 77; 65; 95; 0; 0; 0; 0
1980;01; 295; 4; 1; 0; 0; 0; 0; 9; 21; 62; 110; 252; 26; 20; 0; 0; 62; 160; 37; 8; 496; 100; 0; 0; 250; 0; 194; 0; 0; 0; 0
1980;02; 272; 38; 0; 27; 0; 0; 0; 0; 0; 0; 0; 0; 11; 5; 0; 0; 82; 99; 148; 75; 53; 73; 18; 97; 30; 9; 0; 0; 0; 9999; 9999
1980;03; 0; 0; 0; 0; 0; 0; 0; 0; 0; 51; 314; 11; 59; 256; 31; 62; 895; 2; 233; 15; 0; 0; 0; 0; 0; 0; 0; 0; 0; 0; 73
1980;04; 48; 0; 57; 182; 298; 37; 0; 44; 0; 17; 4; 22; 5; 105; 82; 76; 12; 0; 2; 1; 0; 3; 2; 0; 0; 1; 0; 0; 2; 2; 9999
1980;05; 0; 0; 68; 32; 2; 1; 2; 1; 1; 0; 0; 0; 137; 1; 1; 2; 1; 1; 2; 0; 0; 0; 3; 0; 0; 0; 1; 0; 0; 0; 0
1980;06; 0; 3; 53; 15; 0; 2; 1; 0; 2; 0; 0; 0; 0; 58; 0; 1; 1; 1; 0; 0; 0; 2; 21; 0; 1; 279; 252; 0; 3; 3; 9999
1980;07; 2; 1; 0; 8; 1; 0; 1; 0; 0; 0; 0; 0; 0; 0; 0; 0; 0; 0; 0; 0; 0; 0; 0; 4; 0; 0; 0; 9; 0; 0; 9
1980;08; 0; 0; 1; 0; 0; 0; 0; 0; 0; 0; 15; 0; 0; 0; 0; 0; 0; 67; 2; 0; 0; 0; 0; 27; 21; 114; 26; 2; 0; 0; 0
1980;09; 0; 0; 0; 8; 0; 0; 0; 0; 0; 0; 53; 0; 0; 0; 9999; 26; 3; 66; 67; 0; 165; 92; 1; 0; 0; 0; 0; 0; 18; 0; 9999
1980;10; 0; 0; 0; 0; 0; 0; 0; 69; 123; 2; 303; 191; 5; 23; 31; 0; 0; 0; 0; 0; 0; 0; 71; 0; 0; 0; 0; 0; 48; 0; 11
1980;11; 0; 0; 0; 0; 0; 6; 4; 18; 237; 19; 432; 229; 0; 0; 0; 0; 0; 0; 0; 147; 0; 0; 14; 35; 118; 0; 0; 0; 0; 245; 9999
1980;12; 437; 418; 583; 33; 113; 14; 0; 248; 46; 3; 0; 7; 318; 94; 233; 0; 0; 0; 0; 0; 0; 34; 314; 151; 48; 0; 12; 148; 183; 281; 183
1981;01; 0; 0; 49; 0; 40; 342; 178; 0; 0; 0; 0; 738; 93; 182; 204; 383; 13; 37; 154; 0; 0; 55; 0; 0; 0; 9; 114; 27; 116; 0; 0
1981;02; 0; 73; 17; 175; 0; 163; 12; 0; 48; 109; 225; 28; 32; 0; 0; 0; 0; 0; 0; 0; 29; 33; 10; 0; 0; 45; 0; 268; 9999; 9999; 9999
1981;03; 0; 0; 3; 0; 0; 0; 0; 226; 323; 3; 0; 12; 0; 0; 0; 29; 68; 168; 122; 1; 0; 0; 0; 0; 0; 195; 42; 0; 93; 9999; 0
1981;04; 0; 0; 0; 137; 0; 45; 0; 0; 0; 0; 2; 0; 0; 0; 0; 69; 153; 99; 0; 0; 0; 0; 1; 0; 0; 0; 0; 122; 7; 116; 9999
1981;05; 0; 0; 0; 0; 0; 0; 2; 1; 2; 1; 2; 0; 0; 0; 0; 0; 42; 0; 1; 0; 0; 0; 0; 0; 0; 0; 0; 49; 37; 0; 0
1981;06; 0; 0; 0; 0; 0; 0; 245; 0; 2; 1; 1; 0; 0; 0; 0; 38; 2; 11; 2; 2; 1; 0; 1; 1; 0; 0; 0; 0; 0; 0; 9999
1981;07; 1; 0; 42; 18; 0; 7; 2; 0; 1; 0; 1; 0; 0; 0; 0; 0; 0; 0; 34; 58; 27; 0; 0; 1; 197; 24; 0; 2; 1; 0; 0
1981;08; 0; 0; 0; 0; 0; 0; 0; 0; 0; 9; 37; 3; 6; 0; 0; 0; 0; 286; 0; 0; 0; 0; 0; 0; 0; 0; 0; 0; 0; 0; 0
1981;09; 0; 0; 0; 118; 0; 0; 0; 0; 0; 0; 0; 0; 0; 0; 0; 0; 0; 0; 0; 0; 0; 0; 0; 0; 0; 0; 69; 0; 0; 43; 9999
1981;10; 0; 0; 0; 26; 4; 0; 98; 137; 0; 2; 0; 0; 9; 4; 0; 168; 0; 0; 0; 238; 0; 0; 0; 0; 0; 0; 27; 78; 39; 264; 65
1981;11; 1; 48; 0; 147; 258; 0; 0; 379; 0; 312; 14; 1012; 168; 3; 346; 0; 97; 0; 0; 2; 418; 0; 0; 0; 0; 187; 0; 0; 33; 0; 9999
1981;12; 0; 34; 172; 0; 6; 3; 158; 229; 76; 287; 9; 4; 159; 0; 0; 0; 273; 59; 0; 0; 0; 0; 192; 13; 0; 0; 188; 86; 0; 0; 0
1982;01; 0; 619; 248; 52; 0; 0; 0; 0; 65; 235; 28; 132; 15; 0; 0; 0; 0; 0; 0; 0; 68; 0; 413; 333; 0; 0; 0; 7; 97; 75; 226
1982;02; 0; 154; 118; 0; 193; 62; 228; 775; 556; 0; 0; 0; 0; 0; 0; 0; 0; 28; 0; 0; 0; 9; 0; 106; 0; 17; 143; 38; 9999; 9999; 9999
1982;03; 234; 0; 6; 0; 0; 0; 0; 0; 266; 68; 171; 243; 0; 11; 0; 0; 47; 93; 0; 0; 0; 0; 378; 12; 6; 17; 87; 493; 0; 32; 91
1982;04; 108; 0; 0; 0; 0; 0; 4; 0; 0; 0; 0; 0; 0; 124; 83; 49; 0; 0; 0; 0; 0; 0; 0; 0; 0; 0; 0; 7; 32; 1; 9999
1982;05; 0; 0; 0; 2; 5; 0; 0; 0; 0; 0; 0; 0; 0; 0; 0; 0; 0; 0; 0; 0; 0; 0; 0; 0; 9; 145; 0; 0; 0; 2; 0
1982;06; 147; 3; 0; 0; 0; 25; 0; 0; 0; 0; 0; 0; 175; 6; 87; 9; 21; 13; 0; 0; 0; 22; 217; 0; 103; 174; 0; 0; 93; 88; 9999
1982;07; 183; 0; 0; 0; 0; 0; 0; 0; 0; 0; 0; 28; 2; 13; 0; 0; 0; 0; 356; 23; 2; 1; 0; 0; 0; 0; 0; 0; 0; 156; 8
1982;08; 0; 0; 0; 0; 38; 0; 0; 0; 0; 0; 148; 63; 0; 0; 0; 0; 0; 0; 192; 8; 0; 0; 0; 107; 0; 0; 0; 0; 0; 523; 9999
1982;09; 0; 0; 0; 0; 0; 68; 13; 0; 0; 0; 0; 0; 0; 0; 0; 0; 0; 0; 0; 0; 0; 0; 0; 0; 31; 0; 0; 107; 0; 0; 9999
1982;10; 0; 63; 55; 0; 0; 0; 0; 48; 134; 3; 263; 0; 454; 38; 0; 0; 0; 0; 0; 0; 8; 0; 0; 0; 77; 0; 0; 282; 344; 372; 6
1982;11; 0; 0; 0; 0; 0; 0; 159; 0; 0; 0; 0; 64; 0; 0; 495; 249; 21; 0; 0; 59; 15; 3; 0; 412; 2; 659; 46; 33; 2; 0; 9999
1982;12; 25; 54; 397; 44; 0; 0; 163; 66; 4; 0; 3; 104; 217; 168; 143; 128; 434; 13; 0; 274; 7; 228; 59; 99; 0; 0; 0; 96; 17; 92; 109
1983;01; 175; 59; 0; 0; 0; 277; 16; 0; 98; 0; 0; 90; 0; 183; 2; 0; 38; 98; 112; 623; 134; 0; 0; 12; 55; 24; 8; 43; 78; 0; 6
1983;02; 43; 386; 78; 73; 3; 0; 0; 0; 154; 38; 0; 138; 647; 231; 0; 0; 0; 0; 17; 0; 0; 0; 0; 0; 224; 0; 0; 154; 9999; 9999; 9999
1983;03; 0; 25; 5; 34; 62; 117; 251; 73; 0; 0; 0; 22; 108; 149; 2; 0; 0; 0; 9; 83; 336; 32; 0; 17; 0; 3; 77; 224; 243; 0; 0
1983;04; 11; 0; 0; 0; 0; 492; 443; 18; 0; 0; 0; 0; 32; 0; 88; 0; 0; 12; 16; 27; 35; 166; 0; 0; 194; 44; 32; 0; 0; 0; 9999
1983;05; 0; 0; 22; 9; 2; 0; 0; 0; 0; 44; 0; 0; 16; 37; 0; 0; 0; 5; 0; 72; 0; 0; 0; 133; 4; 17; 0; 0; 455; 374; 218
1983;06; 62; 37; 44; 372; 149; 225; 458; 0; 256; 123; 0; 83; 0; 0; 0; 2; 0; 2; 4; 3; 0; 0; 0; 0; 2; 8; 2; 9; 125; 0; 9999
1983;07; 0; 0; 0; 1; 0; 0; 0; 0; 0; 0; 0; 0; 0; 0; 0; 0; 0; 83; 97; 49; 203; 14; 2; 0; 0; 0; 0; 0; 0; 0; 0
1983;08; 0; 206; 0; 43; 6; 0; 0; 0; 0; 0; 0; 0; 0; 0; 0; 0; 0; 0; 0; 0; 0; 0; 0; 0; 0; 0; 0; 0; 0; 0; 0
1983;09; 0; 2; 13; 91; 62; 243; 70; 69; 32; 0; 0; 2; 239; 5; 0; 203; 0; 185; 373; 35; 0; 32; 172; 189; 75; 0; 0; 0; 6; 0; 9999
1983;10; 0; 32; 19; 0; 0; 0; 0; 0; 0; 0; 0; 0; 0; 114; 18; 0; 0; 52; 116; 0; 0; 0; 44; 452; 2; 0; 0; 0; 0; 0; 0
1983;11; 12; 239; 172; 15; 107; 39; 0; 0; 0; 0; 0; 44; 17; 0; 25; 9; 0; 0; 0; 30; 5; 227; 0; 0; 0; 0; 0; 0; 0; 106; 9999
1983;12; 0; 23; 135; 0; 0; 0; 0; 23; 24; 18; 0; 33; 172; 65; 197; 109; 0; 83; 31; 0; 206; 112; 699; 79; 0; 0; 59; 617; 43; 0; 111
1984;01; 0; 0; 185; 53; 5; 92; 42; 0; 0; 45; 26; 0; 0; 0; 0; 0; 0; 0; 0; 106; 327; 83; 268; 0; 166; 375; 149; 0; 0; 0; 0
1984;02; 0; 0; 0; 0; 0; 229; 0; 0; 0; 0; 456; 0; 0; 0; 0; 0; 0; 0; 0; 0; 0; 0; 0; 0; 0; 7; 0; 0; 0; 9999; 9999
1984;03; 0; 0; 0; 94; 0; 0; 53; 27; 0; 0; 23; 0; 0; 0; 0; 0; 0; 0; 0; 295; 128; 32; 0; 0; 0; 0; 3; 0; 0; 229; 29
1984;04; 0; 0; 0; 534; 32; 0; 0; 0; 0; 7; 0; 0; 0; 0; 0; 0; 2; 0; 0; 15; 0; 0; 0; 38; 32; 0; 0; 75; 0; 13; 9999
1984;05; 78; 12; 151; 1; 369; 109; 0; 0; 0; 0; 13; 0; 8; 15; 52; 0; 0; 177; 0; 0; 0; 1; 1; 0; 0; 0; 0; 0; 0; 0; 0
1984;06; 0; 0; 0; 0; 0; 0; 0; 0; 0; 0; 0; 1; 0; 2; 0; 0; 0; 0; 1; 0; 0; 0; 0; 0; 0; 0; 0; 0; 0; 0; 9999
1984;07; 0; 0; 0; 12; 0; 0; 0; 0; 0; 0; 0; 0; 0; 0; 0; 0; 18; 0; 0; 0; 0; 0; 0; 0; 0; 8; 0; 44; 0; 3; 0
1984;08; 0; 0; 163; 8; 0; 0; 0; 0; 0; 0; 0; 0; 0; 0; 0; 8; 0; 0; 0; 0; 2; 0; 96; 77; 15; 53; 0; 0; 0; 0; 0
1984;09; 98; 0; 0; 0; 0; 0; 34; 67; 211; 0; 0; 0; 0; 0; 0; 0; 0; 0; 0; 7; 192; 0; 0; 0; 0; 0; 229; 18; 0; 0; 9999
1984;10; 0; 0; 0; 0; 0; 0; 0; 0; 0; 0; 0; 0; 0; 0; 0; 24; 0; 0; 446; 82; 0; 0; 0; 0; 0; 0; 0; 0; 0; 0; 0
1984;11; 0; 0; 0; 0; 0; 0; 0; 73; 98; 36; 153; 245; 36; 0; 0; 0; 52; 87; 0; 0; 56; 0; 0; 0; 0; 35; 17; 0; 0; 0; 9999
1984;12; 576; 117; 38; 7; 0; 0; 0; 316; 0; 0; 0; 0; 328; 106; 138; 0; 8; 183; 0; 0; 0; 28; 0; 0; 0; 203; 4; 0; 0; 398; 123
1985;01; 37; 124; 18; 0; 122; 37; 304; 185; 287; 3; 0; 0; 0; 0; 15; 19; 466; 18; 16; 0; 44; 73; 0; 623; 28; 37; 0; 11; 0; 12; 73
1985;02; 325; 71; 328; 0; 286; 185; 0; 0; 16; 183; 394; 0; 568; 0; 9; 31; 0; 16; 0; 0; 5; 203; 38; 24; 29; 58; 545; 11; 9999; 9999; 9999
1985;03; 0; 95; 38; 91; 123; 55; 41; 38; 0; 0; 38; 18; 0; 34; 0; 133; 118; 259; 48; 0; 0; 0; 0; 0; 0; 3; 0; 216; 268; 0; 32
1985;04; 232; 0; 0; 0; 0; 212; 0; 0; 0; 48; 29; 0; 0; 0; 0; 0; 18; 0; 239; 0; 0; 0; 1; 0; 0; 0; 2; 0; 0; 0; 9999
1985;05; 38; 193; 7; 0; 0; 2; 1; 0; 0; 143; 7; 0; 0; 0; 1; 1; 2; 0; 0; 0; 32; 533; 0; 0; 0; 0; 2; 1; 3; 0; 0
1985;06; 0; 0; 1; 92; 0; 0; 0; 0; 0; 87; 0; 0; 0; 0; 0; 0; 0; 0; 0; 0; 2; 0; 0; 0; 0; 0; 0; 0; 1; 0; 9999
1985;07; 0; 0; 0; 0; 0; 0; 58; 0; 0; 0; 0; 0; 0; 0; 0; 0; 0; 0; 1; 1; 0; 0; 0; 2; 0; 0; 1; 0; 0; 0; 0
1985;08; 0; 0; 0; 0; 0; 0; 0; 0; 0; 0; 0; 17; 0; 0; 0; 0; 0; 0; 0; 0; 0; 0; 65; 8; 0; 0; 0; 0; 0; 0; 113
1985;09; 56; 237; 0; 9; 87; 202; 0; 0; 0; 0; 0; 0; 0; 0; 0; 0; 0; 0; 0; 0; 15; 0; 0; 100; 0; 0; 0; 0; 35; 237; 9999
1985;10; 2; 0; 8; 0; 0; 0; 0; 89; 8; 0; 0; 0; 0; 0; 0; 0; 0; 0; 0; 0; 0; 0; 0; 0; 128; 0; 66; 0; 103; 263; 0
1985;11; 0; 81; 386; 92; 18; 0; 0; 0; 0; 0; 0; 0; 0; 0; 0; 0; 0; 0; 0; 0; 0; 223; 0; 18; 27; 32; 0; 0; 0; 7; 9999
1985;12; 0; 0; 0; 412; 43; 205; 0; 0; 0; 0; 0; 0; 2; 0; 97; 0; 0; 0; 0; 0; 16; 8; 0; 14; 117; 295; 479; 0; 99; 18; 0
1986;01; 0; 0; 109; 0; 0; 27; 0; 0; 65; 122; 7; 72; 15; 0; 8; 0; 0; 4; 0; 0; 32; 607; 92; 16; 212; 59; 133; 278; 0; 0; 0
1986;02; 0; 0; 456; 19; 203; 0; 4; 70; 53; 254; 37; 125; 24; 262; 23; 274; 138; 0; 38; 153; 87; 125; 0; 16; 0; 38; 0; 25; 9999; 9999; 9999
1986;03; 0; 12; 124; 416; 174; 19; 288; 133; 0; 44; 174; 0; 9; 0; 0; 49; 0; 8; 36; 497; 11; 0; 0; 115; 0; 97; 54; 0; 59; 43; 19
1986;04; 0; 0; 0; 0; 0; 0; 0; 0; 0; 0; 0; 0; 37; 0; 327; 123; 0; 0; 2; 0; 0; 44; 4; 0; 0; 0; 69; 20; 13; 0; 9999
1986;05; 0; 1; 0; 0; 0; 0; 35; 32; 36; 3; 0; 0; 187; 0; 0; 0; 0; 0; 168; 2; 27; 35; 0; 0; 0; 0; 0; 2; 3; 1; 73
1986;06; 13; 0; 1; 0; 1; 1; 0; 0; 0; 0; 0; 0; 5; 1; 1; 0; 0; 1; 0; 0; 0; 0; 0; 2; 0; 23; 2; 1; 0; 0; 9999
1986;07; 0; 0; 27; 0; 125; 8; 27; 2; 3; 0; 0; 1; 0; 0; 0; 0; 0; 0; 0; 0; 0; 7; 78; 0; 1; 0; 0; 0; 0; 1; 0
1986;08; 118; 2; 0; 0; 0; 0; 0; 0; 0; 0; 0; 19; 159; 0; 19; 12; 0; 26; 8; 0; 242; 188; 48; 13; 56; 0; 2; 0; 0; 0; 0
1986;09; 0; 0; 0; 0; 0; 0; 0; 0; 0; 0; 0; 0; 0; 0; 0; 0; 0; 0; 0; 0; 95; 0; 0; 0; 46; 89; 24; 18; 55; 0; 9999
1986;10; 0; 0; 0; 0; 0; 0; 0; 0; 0; 78; 0; 0; 0; 0; 0; 0; 0; 0; 0; 77; 91; 34; 211; 0; 0; 0; 0; 3; 0; 0; 0
1986;11; 0; 0; 0; 582; 11; 98; 11; 0; 0; 44; 287; 182; 8; 0; 0; 0; 0; 0; 0; 0; 0; 0; 0; 0; 0; 237; 13; 0; 58; 237; 9999
1986;12; 598; 234; 35; 95; 14; 98; 282; 166; 222; 27; 0; 0; 0; 0; 33; 74; 22; 0; 196; 95; 38; 12; 155; 0; 92; 0; 159; 45; 28; 267; 12
1987;01; 24; 118; 169; 57; 93; 614; 0; 0; 0; 237; 104; 183; 55; 32; 0; 0; 142; 0; 0; 0; 0; 0; 18; 537; 137; 212; 0; 36; 22; 74; 21
1987;02; 27; 0; 23; 304; 0; 6; 47; 0; 0; 166; 7; 0; 0; 235; 113; 297; 194; 43; 442; 13; 0; 0; 7; 0; 0; 0; 37; 1; 9999; 9999; 9999
1987;03; 0; 0; 0; 0; 0; 0; 0; 0; 297; 275; 159; 0; 0; 0; 0; 0; 0; 134; 7; 0; 8; 0; 0; 0; 0; 0; 0; 0; 0; 0; 0
1987;04; 0; 0; 775; 293; 317; 234; 12; 95; 91; 27; 38; 0; 0; 27; 0; 0; 0; 0; 0; 0; 18; 78; 73; 0; 53; 11; 18; 0; 0; 0; 9999
1987;05; 0; 0; 0; 0; 247; 78; 0; 0; 192; 0; 0; 34; 2; 0; 0; 318; 11; 70; 2; 148; 275; 9; 1; 27; 43; 12; 0; 0; 94; 14; 0
1987;06; 2; 0; 0; 1; 0; 2; 174; 18; 0; 2; 1; 2; 0; 28; 31; 22; 0; 1; 1; 1; 1; 2; 154; 7; 0; 0; 1; 2; 1; 0; 9999
1987;07; 0; 0; 0; 0; 0; 0; 1; 0; 3; 64; 3; 0; 0; 0; 0; 0; 0; 0; 0; 0; 0; 0; 0; 1; 0; 0; 0; 0; 0; 0; 33
1987;08; 32; 8; 0; 0; 0; 0; 34; 0; 0; 0; 0; 0; 0; 0; 0; 0; 0; 1; 0; 0; 0; 2; 0; 0; 0; 0; 0; 0; 0; 0; 0
1987;09; 0; 0; 0; 0; 0; 0; 0; 0; 0; 0; 0; 0; 0; 0; 0; 0; 100; 40; 54; 29; 53; 133; 0; 4; 19; 0; 0; 55; 0; 0; 9999
1987;10; 72; 12; 0; 0; 0; 188; 32; 0; 0; 0; 0; 0; 0; 0; 0; 0; 0; 0; 27; 48; 86; 6; 0; 0; 0; 0; 0; 0; 72; 0; 0
1987;11; 0; 0; 0; 0; 12; 129; 0; 0; 43; 12; 0; 0; 0; 0; 8; 93; 148; 0; 0; 0; 0; 178; 57; 0; 0; 238; 112; 0; 0; 0; 9999
1987;12; 0; 0; 0; 278; 12; 0; 15; 0; 19; 98; 0; 0; 0; 23; 0; 0; 0; 64; 335; 12; 0; 62; 0; 0; 0; 0; 0; 0; 17; 126; 173
1988;01; 0; 0; 0; 26; 0; 0; 0; 118; 62; 397; 141; 0; 0; 0; 0; 126; 386; 192; 0; 0; 0; 0; 556; 28; 77; 0; 0; 0; 135; 22; 0
1988;02; 29; 0; 0; 0; 24; 0; 0; 142; 38; 103; 29; 0; 6; 0; 397; 0; 52; 33; 5; 286; 91; 174; 0; 0; 0; 0; 0; 0; 128; 9999; 9999
1988;03; 0; 204; 608; 138; 0; 0; 0; 0; 42; 0; 0; 0; 0; 0; 0; 0; 267; 135; 304; 0; 0; 0; 0; 0; 0; 0; 0; 0; 0; 0; 0
1988;04; 0; 108; 182; 17; 2; 0; 0; 44; 92; 0; 0; 0; 8; 208; 16; 0; 0; 0; 7; 75; 6; 117; 14; 0; 0; 0; 0; 7; 23; 0; 9999
1988;05; 0; 0; 0; 0; 112; 17; 0; 0; 88; 2; 1; 0; 74; 115; 0; 0; 1; 137; 36; 0; 0; 0; 284; 93; 102; 27; 1; 0; 86; 145; 102
1988;06; 0; 0; 1; 142; 0; 1; 0; 0; 0; 0; 0; 0; 2; 42; 69; 0; 0; 1; 0; 0; 0; 0; 0; 0; 42; 0; 0; 1; 0; 0; 9999
1988;07; 0; 0; 0; 0; 0; 0; 0; 0; 0; 0; 0; 30; 0; 12; 2; 1; 0; 2; 0; 0; 0; 0; 0; 0; 0; 1; 0; 0; 0; 0; 0
1988;08; 0; 0; 0; 0; 0; 0; 0; 0; 0; 0; 7; 0; 0; 0; 0; 0; 0; 0; 0; 0; 0; 0; 0; 0; 0; 0; 0; 0; 0; 0; 0
1988;09; 0; 6; 0; 0; 0; 0; 0; 0; 0; 0; 0; 0; 0; 0; 151; 7; 14; 163; 0; 0; 0; 0; 0; 0; 0; 0; 0; 0; 14; 0; 9999
1988;10; 0; 0; 0; 0; 105; 18; 0; 0; 0; 0; 0; 0; 279; 2; 0; 0; 0; 240; 3; 196; 3; 8; 6; 4; 0; 357; 28; 13; 0; 0; 0
1988;11; 57; 0; 0; 0; 1; 118; 83; 48; 0; 0; 0; 0; 0; 0; 0; 0; 0; 0; 0; 0; 38; 0; 218; 0; 0; 0; 0; 148; 0; 0; 9999
1988;12; 8; 86; 4; 0; 0; 0; 0; 0; 0; 0; 0; 0; 0; 0; 173; 0; 0; 0; 248; 22; 708; 83; 0; 265; 171; 257; 316; 0; 0; 0; 64
1989;01; 93; 372; 14; 187; 127; 45; 58; 49; 22; 205; 3; 56; 13; 228; 54; 92; 0; 114; 68; 2; 22; 42; 29; 613; 0; 0; 0; 616; 0; 0; 0
1989;02; 0; 0; 77; 143; 24; 61; 124; 85; 318; 445; 263; 208; 176; 317; 35; 364; 14; 0; 0; 0; 0; 0; 0; 6; 211; 246; 0; 27; 9999; 9999; 9999
1989;03; 82; 113; 128; 66; 47; 14; 0; 0; 0; 12; 0; 0; 3; 653; 302; 21; 0; 122; 0; 64; 0; 0; 0; 235; 0; 0; 106; 75; 0; 6; 0
1989;04; 7; 185; 262; 35; 0; 0; 0; 86; 29; 0; 0; 78; 46; 25; 0; 0; 0; 0; 53; 64; 0; 3; 0; 0; 0; 0; 0; 0; 0; 0; 9999
1989;05; 0; 65; 0; 0; 18; 124; 11; 0; 0; 15; 0; 0; 0; 0; 2; 1; 0; 0; 0; 0; 0; 0; 1; 0; 0; 172; 13; 18; 35; 2; 0
1989;06; 0; 0; 0; 0; 0; 0; 1; 0; 2; 0; 273; 0; 0; 1; 0; 2; 1; 0; 1; 0; 0; 0; 0; 0; 96; 41; 1; 0; 1; 1; 9999
1989;07; 3; 0; 2; 0; 0; 16; 5; 12; 1; 2; 0; 0; 2; 0; 2; 1; 2; 2; 1; 2; 1; 1; 0; 0; 0; 12; 189; 153; 141; 98; 167
1989;08; 0; 0; 0; 1; 1; 0; 0; 0; 0; 0; 0; 8; 0; 0; 2; 1; 0; 0; 0; 0; 0; 0; 65; 0; 0; 276; 0; 68; 0; 0; 1
1989;09; 0; 174; 0; 0; 0; 8; 0; 0; 204; 23; 0; 0; 14; 88; 10; 2; 0; 0; 0; 0; 0; 0; 0; 0; 59; 31; 161; 0; 0; 0; 9999
1989;10; 0; 0; 0; 0; 0; 0; 0; 0; 0; 0; 0; 63; 0; 6; 0; 55; 0; 0; 0; 0; 0; 0; 0; 0; 0; 0; 0; 8; 0; 0; 0
1989;11; 19; 0; 0; 152; 0; 0; 0; 0; 0; 342; 0; 12; 112; 0; 0; 0; 0; 0; 0; 24; 0; 0; 48; 0; 89; 0; 0; 0; 0; 0; 9999
1989;12; 0; 0; 0; 0; 0; 0; 0; 0; 0; 0; 102; 624; 336; 8; 59; 339; 0; 0; 0; 128; 142; 0; 0; 0; 0; 0; 274; 135; 68; 26; 83
1990;01; 245; 79; 16; 42; 374; 0; 445; 228; 0; 21; 0; 17; 0; 48; 64; 0; 0; 0; 8; 0; 24; 275; 177; 0; 0; 55; 0; 0; 27; 0; 0
1990;02; 0; 0; 0; 0; 154; 0; 4; 37; 0; 0; 0; 0; 0; 6; 0; 52; 0; 0; 0; 0; 0; 0; 125; 29; 88; 184; 102; 251; 9999; 9999; 9999
1990;03; 172; 0; 115; 0; 15; 0; 222; 312; 53; 35; 175; 258; 287; 0; 0; 0; 6; 0; 165; 97; 56; 117; 38; 13; 28; 8; 196; 84; 14; 46; 0
1990;04; 0; 0; 0; 0; 2; 0; 0; 144; 98; 0; 0; 0; 0; 0; 58; 0; 0; 34; 228; 174; 129; 0; 0; 0; 0; 0; 2; 0; 0; 0; 9999
1990;05; 97; 188; 0; 0; 0; 33; 0; 0; 0; 0; 0; 23; 2; 1; 0; 83; 16; 28; 0; 0; 1; 0; 0; 0; 2; 0; 0; 0; 0; 0; 0
1990;06; 0; 0; 0; 0; 0; 0; 1; 0; 0; 0; 12; 0; 2; 0; 0; 45; 0; 0; 0; 0; 8; 22; 0; 0; 0; 0; 0; 0; 1; 2; 9999
1990;07; 0; 96; 3; 1; 39; 168; 0; 0; 0; 0; 113; 3; 0; 0; 0; 2; 123; 14; 63; 44; 0; 7; 0; 12; 0; 6; 1; 108; 4; 2; 0
1990;08; 0; 0; 0; 1; 0; 0; 2; 1; 0; 0; 1; 0; 0; 0; 0; 0; 235; 23; 77; 169; 0; 0; 0; 0; 0; 0; 0; 57; 0; 0; 1
1990;09; 3; 77; 0; 0; 0; 0; 0; 13; 0; 0; 0; 0; 85; 257; 63; 0; 0; 0; 0; 0; 0; 0; 0; 285; 8; 0; 0; 0; 0; 0; 9999
1990;10; 23; 154; 18; 0; 197; 0; 0; 32; 0; 0; 0; 116; 392; 0; 0; 122; 105; 13; 56; 0; 26; 75; 0; 0; 28; 2; 0; 0; 0; 0; 0
1990;11; 0; 0; 43; 14; 29; 48; 6; 3; 5; 0; 0; 0; 0; 0; 0; 0; 6; 15; 88; 16; 0; 4; 0; 19; 26; 8; 0; 0; 0; 0; 9999
1990;12; 0; 0; 0; 0; 0; 0; 0; 293; 14; 0; 9; 23; 0; 132; 36; 0; 0; 89; 0; 0; 0; 0; 0; 0; 237; 0; 65; 0; 108; 48; 0
1991;01; 110; 0; 63; 87; 156; 0; 0; 0; 81; 73; 0; 379; 40; 0; 232; 785; 57; 38; 0; 18; 39; 0; 0; 327; 0; 26; 476; 244; 0; 0; 0
1991;02; 108; 237; 47; 68; 34; 516; 293; 90; 48; 213; 189; 282; 77; 3; 1; 12; 0; 0; 302; 0; 0; 0; 0; 0; 0; 0; 218; 153; 9999; 9999; 9999
1991;03; 0; 112; 38; 97; 274; 358; 13; 4; 0; 0; 4; 51; 28; 86; 0; 8; 0; 56; 0; 0; 0; 653; 38; 14; 26; 58; 525; 356; 173; 128; 23
1991;04; 0; 0; 0; 0; 0; 0; 0; 0; 98; 0; 0; 0; 0; 18; 36; 295; 1; 22; 38; 0; 1; 0; 0; 1; 0; 422; 158; 0; 1; 3; 9999
1991;05; 0; 0; 1; 0; 0; 0; 33; 142; 1; 0; 0; 0; 0; 0; 0; 65; 0; 0; 0; 0; 0; 0; 0; 0; 1; 0; 2; 1; 0; 0; 0
1991;06; 0; 0; 0; 0; 0; 0; 0; 3; 0; 0; 2; 1; 0; 0; 0; 0; 6; 0; 0; 0; 0; 8; 0; 28; 253; 0; 0; 0; 12; 0; 9999
1991;07; 0; 0; 0; 0; 0; 0; 0; 0; 0; 0; 0; 24; 0; 37; 12; 0; 0; 0; 0; 0; 0; 0; 0; 0; 0; 0; 0; 0; 0; 0; 0
1991;08; 0; 0; 27; 0; 0; 0; 0; 156; 22; 0; 1; 0; 0; 2; 0; 0; 0; 0; 0; 0; 1; 1; 0; 0; 0; 0; 0; 0; 0; 0; 0
1991;09; 0; 23; 0; 0; 0; 0; 0; 0; 0; 0; 0; 0; 0; 0; 0; 0; 0; 0; 0; 153; 0; 0; 0; 0; 0; 108; 0; 0; 158; 346; 9999
1991;10; 205; 0; 227; 0; 0; 178; 347; 138; 65; 62; 0; 0; 0; 0; 0; 0; 0; 0; 0; 0; 0; 0; 0; 0; 0; 14; 0; 0; 0; 0; 0
1991;11; 15; 134; 0; 0; 0; 0; 0; 0; 0; 373; 8; 0; 0; 218; 45; 28; 0; 35; 0; 0; 0; 0; 0; 0; 0; 0; 0; 0; 0; 227; 9999
1991;12; 0; 123; 0; 0; 0; 43; 154; 0; 0; 48; 36; 0; 0; 0; 0; 102; 44; 0; 97; 28; 0; 0; 67; 0; 18; 0; 0; 173; 8; 0; 0
1992;01; 87; 158; 0; 0; 19; 0; 0; 0; 0; 8; 0; 0; 144; 0; 0; 0; 66; 12; 28; 0; 0; 114; 139; 63; 0; 0; 7; 67; 16; 0; 92
1992;02; 134; 0; 0; 0; 13; 204; 127; 57; 0; 0; 0; 0; 0; 0; 0; 0; 0; 0; 0; 0; 0; 0; 0; 93; 0; 192; 0; 92; 8; 9999; 9999
1992;03; 0; 9; 6; 4; 408; 158; 0; 0; 242; 164; 0; 0; 94; 55; 0; 0; 78; 132; 322; 85; 98; 0; 0; 0; 0; 24; 273; 0; 56; 135; 0
1992;04; 64; 0; 0; 0; 0; 0; 0; 0; 0; 0; 0; 0; 0; 285; 247; 34; 53; 0; 0; 0; 0; 72; 6; 0; 0; 27; 62; 0; 0; 0; 9999
1992;05; 0; 217; 0; 262; 0; 0; 0; 0; 0; 0; 2; 13; 0; 2; 1; 0; 0; 0; 56; 34; 0; 0; 27; 0; 0; 3; 1; 0; 2; 0; 0
1992;06; 0; 92; 1; 0; 0; 1; 1; 0; 0; 2; 1; 0; 0; 0; 1; 0; 0; 0; 0; 0; 0; 0; 0; 0; 0; 0; 0; 0; 0; 0; 9999
1992;07; 0; 0; 0; 0; 0; 0; 0; 180; 412; 21; 2; 1; 2; 2; 1; 1; 0; 3; 1; 1; 0; 0; 0; 33; 12; 0; 1; 2; 1; 0; 0
1992;08; 0; 2; 0; 0; 0; 0; 1; 1; 0; 0; 0; 0; 85; 0; 0; 0; 0; 0; 0; 7; 0; 0; 0; 72; 0; 0; 0; 0; 0; 0; 0
1992;09; 0; 15; 0; 0; 11; 188; 109; 0; 0; 0; 0; 75; 0; 0; 32; 216; 0; 159; 0; 0; 0; 0; 28; 0; 0; 63; 0; 124; 46; 0; 9999
1992;10; 0; 0; 142; 0; 0; 0; 0; 57; 94; 0; 67; 24; 148; 0; 0; 0; 0; 0; 176; 0; 0; 0; 0; 0; 0; 0; 0; 152; 33; 35; 22
1992;11; 0; 64; 0; 0; 52; 68; 283; 34; 158; 37; 0; 0; 0; 22; 0; 17; 0; 188; 8; 0; 0; 0; 53; 18; 38; 53; 17; 0; 0; 0; 9999
1992;12; 0; 198; 16; 0; 0; 0; 98; 24; 0; 5; 243; 158; 0; 0; 0; 0; 0; 756; 152; 0; 128; 0; 0; 0; 0; 0; 0; 0; 0; 0; 0
1993;01; 0; 0; 0; 213; 0; 67; 13; 27; 0; 62; 167; 32; 9; 15; 0; 0; 0; 34; 173; 18; 314; 472; 0; 0; 213; 0; 38; 0; 403; 88; 147
1993;02; 14; 0; 72; 294; 355; 8; 22; 0; 0; 0; 67; 37; 293; 58; 367; 113; 77; 0; 247; 0; 28; 69; 0; 207; 248; 28; 13; 37; 9999; 9999; 9999
1993;03; 72; 0; 0; 617; 75; 5; 0; 0; 0; 0; 58; 0; 0; 0; 0; 0; 48; 12; 0; 0; 0; 0; 18; 158; 102; 0; 52; 38; 253; 634; 573
1993;04; 0; 62; 114; 0; 0; 0; 36; 0; 175; 0; 0; 0; 0; 2; 0; 3; 0; 0; 0; 0; 0; 0; 0; 117; 0; 15; 0; 0; 0; 0; 9999
1993;05; 0; 0; 0; 0; 99; 1; 1; 1; 1; 1; 1; 1; 0; 0; 62; 0; 1; 0; 1; 1; 1; 0; 0; 0; 0; 1; 0; 0; 0; 0; 285
1993;06; 67; 3; 0; 1; 0; 0; 98; 0; 0; 0; 47; 96; 0; 1; 0; 2; 0; 0; 82; 12; 1; 2; 2; 1; 0; 2; 2; 1; 0; 0; 9999
1993;07; 0; 0; 0; 0; 0; 0; 0; 0; 0; 0; 0; 0; 0; 0; 63; 42; 0; 0; 0; 1; 0; 1; 0; 2; 0; 0; 0; 0; 0; 0; 0
1993;08; 0; 1; 15; 0; 0; 1; 0; 0; 0; 0; 0; 0; 0; 0; 0; 0; 1; 0; 0; 0; 0; 0; 0; 62; 24; 0; 1; 0; 0; 0; 0
1993;09; 0; 0; 0; 0; 0; 0; 0; 0; 12; 36; 0; 0; 0; 0; 25; 258; 67; 0; 0; 1; 8; 248; 105; 207; 188; 97; 38; 164; 0; 0; 9999
1993;10; 0; 0; 0; 12; 289; 182; 14; 0; 0; 0; 0; 0; 0; 0; 0; 0; 118; 0; 24; 72; 88; 6; 0; 67; 36; 0; 0; 0; 29; 0; 0
1993;11; 0; 0; 32; 0; 0; 0; 0; 0; 18; 0; 0; 0; 0; 0; 0; 0; 37; 13; 140; 17; 0; 0; 0; 18; 0; 503; 43; 18; 0; 0; 9999
1993;12; 0; 0; 537; 0; 265; 0; 0; 0; 0; 0; 823; 24; 0; 0; 0; 0; 16; 12; 57; 197; 0; 0; 0; 0; 0; 0; 63; 0; 129; 154; 95
1994;01; 0; 0; 0; 65; 0; 0; 0; 285; 156; 114; 0; 0; 15; 387; 58; 0; 6; 13; 32; 47; 18; 56; 87; 0; 0; 0; 26; 179; 134; 27; 78
1994;02; 11; 0; 0; 0; 0; 0; 0; 8; 478; 0; 0; 517; 86; 142; 8; 11; 0; 38; 0; 0; 0; 0; 0; 0; 0; 19; 163; 107; 9999; 9999; 9999
1994;03; 0; 67; 122; 21; 0; 0; 30; 0; 53; 28; 297; 166; 0; 0; 94; 0; 0; 154; 0; 0; 33; 6; 0; 0; 0; 21; 38; 41; 0; 13; 0
1994;04; 47; 114; 8; 1; 0; 0; 0; 1; 0; 2; 1; 0; 0; 0; 163; 0; 0; 0; 153; 143; 0; 3; 0; 0; 0; 0; 0; 0; 0; 0; 9999
1994;05; 0; 2; 0; 2; 1; 0; 1; 0; 0; 0; 32; 0; 0; 0; 217; 438; 2; 1; 1; 0; 0; 1; 225; 2; 1; 0; 0; 116; 17; 0; 1
1994;06; 2; 0; 0; 1; 2; 0; 0; 0; 32; 0; 1; 1; 0; 1; 2; 0; 2; 1; 1; 0; 0; 0; 235; 2; 0; 137; 0; 0; 0; 2; 9999
1994;07; 1; 0; 0; 0; 0; 0; 0; 0; 87; 2; 1; 2; 2; 1; 0; 0; 0; 0; 0; 0; 0; 0; 0; 214; 43; 2; 1; 0; 0; 0; 0
1994;08; 0; 0; 0; 0; 0; 0; 0; 1; 0; 0; 0; 0; 1; 0; 0; 0; 0; 0; 0; 0; 0; 0; 0; 0; 0; 0; 0; 0; 0; 0; 0
1994;09; 0; 0; 0; 0; 37; 0; 0; 0; 0; 0; 0; 0; 0; 0; 0; 0; 0; 0; 0; 0; 0; 0; 0; 0; 0; 0; 12; 0; 0; 21; 9999
1994;10; 0; 0; 0; 0; 0; 0; 0; 0; 0; 0; 0; 0; 0; 32; 0; 0; 8; 0; 0; 34; 0; 0; 0; 0; 12; 0; 426; 58; 0; 24; 0
1994;11; 0; 48; 0; 0; 0; 77; 131; 0; 0; 103; 0; 0; 0; 0; 0; 0; 0; 54; 424; 38; 0; 8; 0; 0; 0; 0; 12; 0; 216; 27; 9999
1994;12; 0; 0; 65; 0; 0; 67; 73; 54; 0; 0; 0; 0; 0; 0; 0; 38; 193; 128; 215; 14; 63; 114; 387; 38; 0; 31; 392; 0; 0; 0; 0
1995;01; 24; 53; 32; 44; 0; 0; 0; 62; 83; 74; 238; 0; 0; 492; 0; 0; 0; 28; 0; 0; 0; 98; 223; 125; 0; 0; 8; 328; 49; 113; 158
1995;02; 615; 0; 0; 128; 97; 455; 85; 134; 153; 65; 25; 0; 134; 67; 0; 2; 66; 163; 177; 256; 458; 167; 0; 0; 0; 0; 0; 0; 9999; 9999; 9999
1995;03; 0; 93; 150; 22; 53; 0; 26; 32; 2; 13; 0; 228; 306; 164; 198; 54; 0; 27; 107; 12; 37; 0; 0; 288; 37; 0; 0; 0; 0; 267; 192
1995;04; 44; 13; 0; 0; 0; 0; 0; 0; 0; 105; 0; 189; 33; 0; 0; 0; 0; 0; 9; 0; 73; 0; 0; 0; 0; 0; 2; 0; 0; 0; 9999
1995;05; 0; 0; 0; 0; 0; 0; 28; 41; 0; 0; 323; 0; 0; 0; 0; 0; 427; 0; 178; 8; 0; 2; 23; 0; 0; 62; 0; 0; 0; 0; 0
1995;06; 0; 0; 0; 0; 0; 0; 0; 0; 0; 0; 0; 0; 0; 0; 0; 0; 0; 0; 38; 8; 0; 0; 0; 0; 0; 37; 0; 0; 0; 7; 9999
1995;07; 5; 0; 0; 0; 0; 1; 0; 2; 76; 318; 53; 1; 0; 0; 0; 0; 0; 0; 0; 0; 0; 357; 16; 0; 0; 0; 0; 0; 0; 0; 0
1995;08; 0; 0; 0; 0; 23; 76; 0; 0; 0; 0; 0; 0; 0; 0; 0; 0; 0; 0; 0; 0; 0; 0; 0; 0; 0; 0; 0; 0; 0; 0; 0
1995;09; 0; 0; 0; 0; 0; 0; 0; 0; 0; 0; 0; 0; 0; 0; 0; 6; 0; 29; 0; 0; 22; 0; 8; 13; 97; 0; 78; 0; 79; 0; 9999
1995;10; 0; 16; 0; 0; 0; 0; 37; 0; 0; 0; 0; 0; 0; 608; 87; 153; 269; 174; 73; 28; 175; 38; 0; 0; 0; 0; 0; 0; 58; 116; 296
1995;11; 142; 77; 23; 0; 0; 0; 0; 0; 0; 0; 0; 0; 166; 19; 115; 423; 0; 0; 0; 0; 0; 0; 0; 262; 0; 116; 0; 13; 0; 0; 9999
1995;12; 0; 0; 0; 0; 76; 0; 0; 0; 27; 0; 0; 0; 274; 0; 0; 0; 0; 0; 37; 0; 18; 0; 13; 174; 127; 114; 25; 222; 533; 37; 18
1996;01; 37; 68; 223; 114; 13; 4; 197; 413; 32; 0; 0; 312; 0; 42; 0; 0; 23; 0; 503; 118; 0; 0; 0; 16; 392; 13; 0; 0; 0; 0; 31
1996;02; 358; 0; 313; 148; 308; 0; 0; 65; 0; 0; 0; 165; 218; 266; 94; 0; 0; 0; 2; 288; 8; 0; 0; 0; 258; 0; 0; 262; 0; 9999; 9999
1996;03; 0; 9; 0; 35; 0; 0; 362; 157; 469; 14; 33; 0; 12; 0; 38; 0; 114; 243; 132; 0; 17; 0; 0; 0; 0; 0; 42; 92; 0; 0; 0
1996;04; 102; 401; 0; 0; 0; 0; 0; 0; 0; 0; 3; 2; 4; 0; 0; 0; 231; 132; 0; 0; 0; 0; 0; 0; 0; 4; 35; 0; 0; 0; 9999
1996;05; 0; 0; 44; 0; 0; 0; 0; 0; 0; 0; 0; 0; 0; 0; 0; 74; 92; 0; 2; 6; 0; 82; 37; 4; 0; 0; 0; 0; 0; 0; 0
1996;06; 0; 0; 8; 0; 0; 0; 37; 2; 1; 3; 0; 1; 2; 2; 0; 0; 1; 0; 0; 0; 0; 0; 0; 0; 0; 0; 0; 113; 37; 0; 9999
1996;07; 0; 0; 0; 3; 0; 0; 0; 7; 0; 0; 0; 0; 1; 0; 0; 0; 0; 0; 0; 0; 0; 0; 0; 0; 0; 0; 0; 33; 0; 0; 0
1996;08; 0; 0; 0; 0; 0; 0; 0; 0; 0; 0; 0; 42; 0; 0; 133; 0; 0; 0; 0; 0; 0; 0; 0; 0; 0; 0; 0; 0; 0; 0; 0
1996;09; 0; 0; 0; 263; 11; 0; 0; 0; 73; 198; 157; 138; 12; 0; 0; 0; 0; 8; 0; 0; 0; 0; 0; 0; 3; 0; 0; 0; 0; 0; 9999
1996;10; 0; 0; 302; 0; 0; 0; 0; 0; 0; 0; 43; 0; 0; 203; 22; 0; 0; 0; 0; 38; 251; 0; 0; 84; 0; 296; 186; 0; 0; 0; 0
1996;11; 2; 0; 203; 11; 0; 0; 0; 0; 0; 0; 0; 0; 295; 0; 0; 23; 8; 0; 0; 0; 415; 262; 0; 0; 0; 0; 0; 0; 0; 0; 9999
1996;12; 0; 0; 272; 16; 153; 192; 38; 0; 0; 63; 0; 27; 192; 105; 0; 0; 0; 0; 43; 54; 149; 112; 93; 67; 0; 0; 15; 0; 0; 0; 203
1997;01; 0; 0; 0; 16; 108; 0; 23; 0; 0; 0; 0; 0; 375; 0; 235; 12; 133; 0; 0; 8; 0; 283; 156; 74; 0; 728; 23; 98; 12; 0; 0
1997;02; 96; 0; 45; 147; 0; 0; 23; 0; 0; 0; 14; 0; 0; 0; 0; 0; 118; 4; 32; 0; 37; 330; 273; 0; 0; 0; 0; 0; 9999; 9999; 9999
1997;03; 0; 0; 0; 0; 9999; 9999; 9999; 9999; 9999; 9999; 9999; 9999; 9999; 9999; 9999; 9999; 9999; 9999; 9999; 9999; 115; 68; 0; 0; 0; 0; 0; 0; 0; 0; 0
1997;04; 173; 67; 0; 0; 0; 0; 0; 0; 0; 0; 0; 0; 87; 0; 0; 0; 0; 4; 74; 2; 10; 0; 124; 0; 0; 0; 0; 0; 85; 0; 9999
1997;05; 0; 0; 0; 0; 0; 0; 0; 0; 76; 0; 0; 0; 0; 0; 4; 0; 0; 0; 0; 0; 0; 0; 131; 0; 281; 0; 0; 44; 74; 0; 29
1997;06; 2; 0; 0; 0; 157; 249; 0; 0; 0; 0; 0; 47; 0; 0; 34; 228; 0; 0; 0; 0; 23; 0; 0; 0; 0; 0; 0; 1; 0; 0; 9999
1997;07; 0; 0; 0; 0; 0; 0; 0; 0; 0; 0; 0; 0; 0; 0; 0; 0; 0; 0; 0; 0; 0; 73; 0; 0; 0; 0; 0; 0; 0; 0; 0
1997;08; 0; 0; 0; 0; 0; 5; 0; 35; 55; 0; 0; 0; 0; 0; 0; 0; 0; 0; 0; 0; 0; 0; 0; 53; 84; 0; 0; 0; 0; 0; 0
1997;09; 9999; 9999; 9999; 9999; 9999; 9999; 9999; 9999; 9999; 9999; 9999; 9999; 9999; 9999; 9999; 9999; 9999; 9999; 9999; 9999; 9999; 9999; 9999; 9999; 9999; 9999; 9999; 9999; 9999; 9999; 9999
1997;10; 0; 39; 0; 0; 0; 0; 4; 0; 0; 0; 0; 0; 0; 0; 0; 65; 24; 0; 0; 0; 108; 196; 0; 9999; 9999; 9999; 9999; 9999; 9999; 9999; 9999
