33
Ano,Mes,1,2,3,4,5,6,7,8,9,10,11,12,13,14,15,16,17,18,19,20,21,22,23,24,25,26,27,28,29,30,31
1937;09; 0; 0; 0; 0; 0; 0; 0; 0; 0; 0; 0; 0; 0; 0; 0; 0; 0; 0; 0; 0; 0; 0; 0; 0; 0; 0; 0; 0; 83; 54; 9999
1937;10; 9999; 0; 0; 0; 0; 0; 0; 0; 0; 0; 0; 0; 0; 0; 0; 0; 0; 0; 0; 0; 0; 0; 0; 0; 0; 0; 0; 0; 0; 0; 0
1937;11; 9999; 9999; 9999; 9999; 9999; 9999; 9999; 9999; 9999; 9999; 9999; 9999; 9999; 9999; 9999; 9999; 9999; 9999; 9999; 9999; 9999; 9999; 9999; 9999; 9999; 9999; 9999; 9999; 9999; 9999; 9999
1937;12; 9999; 9999; 9999; 9999; 9999; 9999; 9999; 9999; 9999; 9999; 9999; 9999; 9999; 9999; 9999; 9999; 9999; 9999; 9999; 9999; 9999; 9999; 9999; 9999; 9999; 9999; 9999; 9999; 9999; 9999; 9999
1938;01; 9999; 9999; 9999; 9999; 9999; 9999; 9999; 9999; 9999; 9999; 9999; 9999; 9999; 9999; 9999; 9999; 9999; 9999; 9999; 9999; 9999; 9999; 9999; 9999; 9999; 9999; 9999; 9999; 9999; 9999; 9999
1938;02; 9999; 9999; 9999; 9999; 9999; 9999; 9999; 9999; 9999; 9999; 9999; 9999; 9999; 9999; 9999; 9999; 9999; 9999; 9999; 9999; 9999; 9999; 9999; 9999; 9999; 9999; 9999; 9999; 9999; 9999; 9999
1938;03; 9999; 9999; 9999; 9999; 9999; 9999; 9999; 9999; 9999; 9999; 9999; 9999; 9999; 9999; 9999; 9999; 9999; 9999; 9999; 9999; 9999; 9999; 9999; 9999; 9999; 9999; 9999; 9999; 9999; 9999; 9999
1938;04; 9999; 9999; 9999; 9999; 9999; 9999; 9999; 9999; 9999; 9999; 9999; 9999; 9999; 9999; 9999; 9999; 9999; 9999; 9999; 9999; 9999; 9999; 9999; 9999; 9999; 9999; 9999; 9999; 9999; 9999; 9999
1938;05; 9999; 9999; 9999; 9999; 9999; 9999; 9999; 9999; 9999; 9999; 9999; 9999; 9999; 9999; 9999; 9999; 9999; 9999; 9999; 9999; 9999; 9999; 9999; 9999; 9999; 9999; 9999; 9999; 9999; 9999; 9999
1938;06; 9999; 9999; 9999; 9999; 9999; 9999; 9999; 9999; 9999; 9999; 0; 0; 0; 0; 0; 0; 0; 0; 0; 0; 74; 111; 0; 10; 61; 4; 106; 133; 0; 0; 9999
1938;07; 123; 0; 0; 0; 0; 0; 0; 0; 0; 0; 0; 0; 0; 0; 0; 87; 83; 0; 0; 135; 0; 0; 0; 0; 0; 0; 0; 0; 9999; 9999; 9999
1938;08; 9999; 9999; 9999; 9999; 9999; 9999; 9999; 9999; 9999; 0; 0; 0; 0; 0; 0; 0; 0; 0; 0; 12; 0; 0; 0; 0; 0; 0; 0; 0; 0; 0; 0
1938;09; 0; 0; 0; 0; 5; 28; 0; 0; 425; 111; 0; 0; 0; 44; 0; 0; 0; 0; 0; 0; 0; 0; 0; 0; 59; 31; 0; 0; 0; 0; 9999
1938;10; 0; 4; 107; 0; 0; 0; 0; 0; 0; 0; 41; 26; 255; 100; 0; 0; 191; 25; 45; 290; 0; 52; 88; 0; 0; 32; 0; 0; 15; 0; 0
1938;11; 0; 0; 0; 0; 0; 0; 15; 0; 0; 0; 0; 0; 0; 0; 0; 0; 0; 0; 0; 0; 0; 855; 0; 0; 0; 0; 0; 71; 0; 230; 9999
1938;12; 50; 18; 0; 0; 0; 0; 0; 39; 0; 29; 0; 0; 300; 504; 9; 108; 32; 25; 0; 0; 0; 0; 0; 0; 100; 20; 0; 0; 0; 0; 0
1939;01; 9999; 9999; 9999; 9999; 9999; 9999; 9999; 9999; 9999; 9999; 9999; 9999; 9999; 9999; 9999; 9999; 9999; 9999; 9999; 9999; 9999; 9999; 9999; 9999; 9999; 9999; 9999; 9999; 9999; 9999; 9999
1939;02; 9999; 9999; 9999; 9999; 9999; 9999; 9999; 9999; 9999; 9999; 9999; 9999; 9999; 9999; 9999; 9999; 9999; 9999; 9999; 9999; 9999; 9999; 9999; 9999; 9999; 9999; 9999; 9999; 9999; 9999; 9999
1939;03; 9999; 9999; 9999; 9999; 9999; 9999; 9999; 9999; 9999; 9999; 9999; 9999; 9999; 9999; 9999; 9999; 9999; 9999; 9999; 9999; 9999; 9999; 9999; 9999; 9999; 9999; 9999; 9999; 9999; 9999; 9999
1939;04; 9999; 9999; 9999; 9999; 9999; 9999; 9999; 9999; 9999; 9999; 9999; 9999; 9999; 9999; 9999; 9999; 9999; 9999; 9999; 9999; 9999; 9999; 9999; 9999; 9999; 9999; 9999; 9999; 9999; 9999; 9999
1939;05; 9999; 9999; 9999; 9999; 9999; 9999; 9999; 9999; 9999; 9999; 9999; 9999; 9999; 9999; 9999; 9999; 9999; 9999; 9999; 9999; 9999; 9999; 9999; 9999; 9999; 9999; 9999; 9999; 9999; 9999; 9999
1939;06; 9999; 9999; 9999; 9999; 9999; 9999; 9999; 9999; 9999; 9999; 9999; 9999; 9999; 9999; 9999; 9999; 9999; 9999; 9999; 9999; 9999; 9999; 9999; 9999; 9999; 9999; 9999; 9999; 9999; 9999; 9999
1939;07; 9999; 9999; 9999; 9999; 9999; 9999; 9999; 9999; 9999; 9999; 9999; 9999; 9999; 9999; 9999; 9999; 9999; 9999; 9999; 9999; 9999; 9999; 9999; 9999; 9999; 9999; 9999; 9999; 9999; 9999; 9999
1939;08; 9999; 9999; 9999; 9999; 9999; 9999; 9999; 9999; 9999; 9999; 9999; 9999; 9999; 9999; 9999; 9999; 9999; 9999; 9999; 9999; 9999; 9999; 9999; 9999; 9999; 9999; 9999; 9999; 9999; 9999; 9999
1939;09; 9999; 9999; 9999; 9999; 9999; 9999; 9999; 9999; 9999; 9999; 9999; 9999; 9999; 9999; 9999; 9999; 9999; 9999; 9999; 9999; 9999; 9999; 9999; 9999; 9999; 9999; 9999; 9999; 9999; 9999; 9999
1939;10; 9999; 9999; 9999; 9999; 9999; 9999; 9999; 9999; 9999; 9999; 9999; 9999; 9999; 9999; 9999; 9999; 9999; 9999; 9999; 9999; 9999; 9999; 9999; 9999; 9999; 9999; 9999; 9999; 9999; 9999; 9999
1939;11; 9999; 9999; 9999; 9999; 9999; 9999; 9999; 9999; 9999; 9999; 9999; 9999; 9999; 9999; 9999; 9999; 9999; 9999; 9999; 9999; 9999; 9999; 9999; 9999; 9999; 9999; 9999; 9999; 9999; 9999; 9999
1939;12; 9999; 9999; 9999; 9999; 9999; 9999; 9999; 9999; 9999; 9999; 9999; 9999; 9999; 9999; 9999; 9999; 9999; 9999; 9999; 9999; 9999; 9999; 9999; 9999; 9999; 9999; 9999; 9999; 9999; 9999; 9999
1940;01; 0; 0; 27; 6; 303; 334; 83; 211; 168; 8; 122; 73; 0; 240; 0; 0; 191; 0; 99; 0; 0; 0; 0; 0; 242; 6; 0; 0; 0; 0; 0
1940;02; 77; 127; 253; 0; 0; 0; 136; 0; 0; 0; 0; 0; 0; 0; 16; 17; 1134; 447; 380; 73; 0; 226; 0; 7; 0; 0; 0; 0; 0; 9999; 9999
1940;03; 0; 0; 0; 0; 0; 0; 0; 0; 127; 134; 207; 0; 0; 0; 277; 0; 0; 0; 0; 0; 0; 0; 0; 0; 65; 0; 0; 30; 6; 4; 0
1940;04; 0; 0; 0; 0; 0; 0; 0; 0; 0; 0; 0; 0; 0; 0; 168; 94; 0; 0; 0; 0; 0; 0; 279; 0; 0; 262; 0; 45; 0; 0; 9999
1940;05; 0; 243; 25; 0; 0; 0; 0; 0; 0; 0; 14; 0; 0; 0; 0; 0; 0; 0; 0; 0; 0; 0; 0; 0; 0; 0; 0; 0; 0; 0; 0
1940;06; 0; 0; 0; 0; 0; 0; 0; 0; 0; 0; 0; 0; 0; 0; 63; 0; 0; 0; 0; 0; 0; 0; 0; 0; 0; 0; 0; 0; 0; 0; 9999
1940;07; 0; 0; 0; 0; 0; 0; 0; 0; 0; 0; 0; 0; 0; 0; 0; 0; 0; 0; 0; 0; 0; 97; 0; 0; 0; 0; 0; 20; 63; 20; 0
1940;08; 0; 0; 0; 0; 0; 0; 0; 36; 10; 0; 0; 0; 0; 0; 0; 0; 53; 0; 0; 0; 0; 0; 0; 0; 0; 0; 0; 0; 0; 22; 0
1940;09; 7; 0; 0; 0; 0; 0; 0; 0; 0; 0; 0; 55; 0; 0; 0; 0; 0; 0; 0; 0; 215; 0; 0; 10; 0; 0; 0; 0; 0; 0; 9999
1940;10; 0; 0; 0; 0; 0; 0; 0; 0; 161; 0; 171; 0; 0; 0; 0; 0; 0; 15; 0; 0; 242; 0; 0; 2; 32; 54; 5; 357; 34; 0; 0
1940;11; 0; 0; 0; 193; 0; 0; 0; 115; 53; 0; 186; 50; 208; 34; 13; 0; 0; 0; 0; 0; 0; 0; 0; 0; 0; 92; 142; 0; 0; 0; 9999
1940;12; 0; 15; 155; 0; 0; 0; 0; 0; 0; 207; 0; 0; 63; 234; 4; 0; 61; 0; 4; 0; 112; 0; 0; 0; 0; 6; 68; 78; 279; 92; 124
1941;01; 0; 0; 0; 300; 50; 18; 0; 0; 0; 77; 0; 0; 122; 251; 0; 0; 0; 0; 0; 252; 0; 31; 92; 494; 0; 0; 231; 0; 127; 0; 0
1941;02; 0; 53; 0; 59; 6; 73; 78; 188; 208; 0; 0; 0; 0; 118; 0; 0; 0; 61; 0; 0; 0; 0; 0; 0; 0; 0; 0; 0; 9999; 9999; 9999
1941;03; 0; 0; 0; 0; 0; 0; 0; 0; 0; 0; 41; 11; 0; 466; 0; 61; 0; 4; 0; 0; 311; 83; 43; 205; 61; 0; 0; 0; 0; 0; 28
1941;04; 0; 0; 0; 0; 0; 0; 12; 41; 0; 0; 0; 0; 0; 0; 32; 0; 195; 0; 0; 0; 0; 0; 0; 0; 0; 0; 0; 0; 0; 0; 9999
1941;05; 0; 0; 0; 0; 0; 67; 0; 0; 0; 0; 0; 0; 0; 0; 14; 45; 0; 0; 0; 0; 0; 0; 0; 0; 0; 0; 0; 155; 0; 0; 0
1941;06; 0; 0; 0; 0; 0; 0; 0; 0; 0; 0; 0; 0; 0; 0; 0; 0; 104; 7; 0; 0; 0; 0; 0; 0; 74; 16; 0; 0; 0; 0; 9999
1941;07; 0; 0; 0; 23; 0; 0; 0; 0; 0; 0; 0; 0; 0; 0; 567; 703; 0; 0; 0; 0; 0; 0; 0; 0; 0; 0; 35; 0; 0; 0; 0
1941;08; 0; 8; 40; 138; 466; 89; 0; 0; 0; 0; 0; 3; 0; 102; 342; 40; 143; 18; 0; 0; 0; 0; 77; 0; 0; 0; 0; 0; 0; 0; 13
1941;09; 0; 20; 220; 0; 0; 88; 0; 0; 0; 30; 110; 0; 160; 7; 0; 0; 0; 60; 0; 84; 156; 21; 0; 89; 46; 113; 192; 0; 0; 0; 9999
1941;10; 440; 0; 0; 0; 29; 0; 0; 192; 0; 0; 0; 0; 0; 0; 0; 148; 4; 0; 0; 0; 0; 0; 0; 0; 0; 0; 0; 0; 0; 0; 734
1941;11; 0; 0; 0; 461; 127; 137; 0; 0; 0; 0; 0; 127; 7; 0; 0; 0; 452; 0; 0; 0; 417; 173; 0; 0; 0; 304; 0; 0; 0; 156; 9999
1941;12; 13; 20; 0; 0; 0; 0; 0; 24; 251; 268; 0; 46; 71; 33; 329; 0; 0; 33; 0; 180; 0; 0; 0; 0; 0; 0; 450; 0; 0; 204; 46
1942;01; 0; 0; 0; 0; 127; 0; 0; 0; 0; 0; 0; 0; 0; 104; 31; 12; 11; 0; 0; 107; 0; 0; 0; 7; 0; 0; 12; 190; 870; 172; 82
1942;02; 84; 28; 158; 182; 110; 15; 134; 132; 102; 400; 0; 0; 82; 0; 7; 12; 0; 148; 0; 93; 92; 0; 0; 0; 0; 0; 0; 197; 9999; 9999; 9999
1942;03; 0; 0; 0; 60; 68; 2; 0; 0; 0; 0; 0; 21; 0; 1058; 0; 16; 25; 23; 0; 0; 0; 0; 0; 0; 0; 37; 100; 80; 0; 0; 24
1942;04; 60; 0; 0; 0; 77; 4; 0; 0; 0; 0; 0; 0; 0; 288; 266; 0; 0; 0; 0; 0; 88; 0; 0; 0; 0; 0; 0; 0; 10; 398; 9999
1942;05; 51; 69; 0; 24; 0; 37; 3; 137; 0; 0; 0; 7; 0; 0; 126; 2; 0; 0; 22; 0; 0; 0; 0; 0; 0; 0; 0; 0; 0; 0; 0
1942;06; 0; 0; 0; 0; 270; 7; 0; 303; 7; 156; 62; 0; 0; 0; 14; 22; 38; 170; 30; 0; 0; 0; 0; 0; 0; 0; 0; 0; 0; 0; 9999
1942;07; 0; 0; 120; 556; 0; 0; 0; 28; 102; 185; 4; 0; 0; 0; 0; 0; 0; 30; 0; 0; 0; 0; 0; 0; 0; 0; 0; 0; 12; 0; 0
1942;08; 0; 0; 0; 0; 0; 0; 0; 0; 0; 0; 0; 0; 0; 0; 0; 0; 0; 0; 0; 0; 0; 0; 0; 0; 0; 0; 0; 0; 0; 0; 0
1942;09; 0; 0; 0; 0; 90; 0; 0; 0; 0; 0; 0; 0; 0; 0; 0; 104; 0; 444; 0; 0; 0; 49; 0; 168; 3; 0; 0; 0; 0; 196; 9999
1942;10; 0; 20; 0; 0; 0; 0; 5; 2; 0; 0; 0; 0; 0; 0; 0; 0; 0; 0; 0; 0; 0; 0; 120; 37; 0; 0; 0; 175; 3; 0; 0
1942;11; 0; 0; 0; 0; 0; 0; 0; 220; 0; 0; 0; 0; 0; 0; 0; 83; 0; 0; 0; 60; 0; 0; 0; 152; 11; 117; 0; 0; 0; 110; 9999
1942;12; 0; 0; 0; 0; 0; 0; 190; 82; 0; 20; 0; 0; 300; 32; 163; 0; 0; 0; 0; 354; 113; 20; 0; 39; 0; 109; 0; 0; 0; 0; 0
1943;01; 0; 158; 30; 0; 0; 0; 202; 14; 0; 0; 0; 0; 0; 0; 0; 0; 440; 45; 18; 0; 112; 2; 67; 129; 52; 0; 0; 25; 639; 0; 385
1943;02; 0; 0; 0; 0; 0; 0; 0; 0; 117; 58; 0; 0; 0; 0; 444; 0; 12; 59; 0; 18; 146; 51; 45; 0; 5; 100; 42; 0; 9999; 9999; 9999
1943;03; 0; 0; 0; 0; 193; 0; 415; 0; 0; 42; 60; 97; 288; 28; 0; 69; 0; 0; 0; 0; 0; 0; 0; 16; 0; 0; 0; 0; 0; 274; 0
1943;04; 0; 0; 0; 0; 0; 0; 0; 0; 22; 47; 0; 0; 0; 32; 177; 0; 0; 0; 0; 0; 0; 0; 0; 0; 0; 12; 0; 0; 0; 0; 9999
1943;05; 0; 0; 0; 0; 0; 0; 0; 0; 0; 0; 0; 0; 0; 0; 0; 0; 0; 0; 0; 9; 0; 0; 82; 0; 0; 0; 87; 0; 0; 0; 9
1943;06; 0; 0; 0; 0; 104; 67; 114; 43; 0; 0; 12; 0; 0; 0; 0; 7; 0; 0; 0; 0; 0; 0; 0; 0; 0; 0; 0; 0; 0; 0; 9999
1943;07; 0; 0; 0; 0; 150; 0; 0; 0; 0; 0; 0; 0; 0; 0; 0; 0; 0; 0; 0; 0; 0; 0; 0; 0; 0; 0; 0; 0; 0; 0; 0
1943;08; 0; 9999; 0; 0; 0; 0; 0; 0; 0; 0; 20; 0; 0; 0; 0; 0; 0; 0; 0; 9999; 0; 17; 0; 206; 0; 0; 0; 0; 0; 0; 0
1943;09; 0; 0; 0; 0; 0; 0; 0; 0; 0; 34; 28; 0; 104; 0; 0; 0; 0; 11; 184; 0; 84; 232; 151; 13; 0; 0; 0; 0; 0; 0; 9999
1943;10; 0; 0; 252; 210; 193; 0; 0; 0; 75; 0; 583; 3; 313; 102; 9; 0; 0; 0; 0; 0; 0; 271; 4; 0; 0; 0; 362; 184; 0; 0; 0
1943;11; 0; 0; 323; 0; 0; 0; 0; 0; 0; 88; 0; 0; 0; 0; 0; 0; 92; 85; 0; 0; 0; 0; 14; 56; 0; 0; 0; 0; 0; 15; 9999
1943;12; 250; 67; 0; 0; 0; 0; 0; 0; 0; 43; 0; 116; 65; 65; 0; 0; 10; 0; 0; 0; 0; 0; 0; 0; 0; 40; 43; 0; 200; 56; 0
1944;01; 21; 0; 97; 300; 0; 271; 0; 10; 16; 0; 0; 0; 633; 0; 0; 0; 75; 0; 0; 0; 0; 0; 97; 4; 92; 0; 0; 0; 0; 0; 0
1944;02; 0; 0; 0; 0; 0; 0; 0; 0; 0; 0; 0; 0; 0; 13; 4; 58; 156; 0; 23; 287; 94; 32; 0; 4; 293; 11; 21; 17; 0; 9999; 9999
1944;03; 0; 12; 63; 88; 0; 0; 0; 0; 0; 0; 0; 111; 156; 124; 0; 18; 83; 0; 0; 0; 0; 0; 0; 0; 0; 0; 0; 0; 187; 138; 26
1944;04; 7; 0; 0; 0; 0; 0; 0; 0; 0; 37; 0; 0; 0; 0; 0; 113; 25; 3; 7; 0; 0; 0; 0; 0; 0; 0; 0; 0; 0; 0; 9999
1944;05; 0; 0; 0; 0; 0; 0; 0; 0; 0; 25; 0; 0; 0; 56; 150; 452; 0; 0; 0; 0; 0; 0; 0; 0; 0; 0; 0; 0; 0; 0; 0
1944;06; 0; 0; 0; 170; 0; 5; 0; 0; 0; 0; 0; 0; 0; 0; 0; 0; 0; 212; 0; 0; 0; 0; 0; 0; 0; 110; 11; 0; 0; 0; 9999
1944;07; 0; 0; 0; 0; 101; 30; 0; 0; 0; 0; 0; 0; 0; 0; 0; 0; 0; 0; 0; 0; 0; 0; 0; 0; 0; 0; 0; 0; 0; 0; 0
1944;08; 0; 0; 0; 0; 0; 0; 0; 0; 0; 0; 0; 0; 0; 0; 0; 0; 0; 0; 0; 0; 0; 0; 0; 0; 0; 0; 0; 0; 0; 0; 0
1944;09; 22; 85; 0; 0; 0; 6; 128; 0; 0; 0; 0; 0; 0; 0; 0; 0; 0; 0; 0; 0; 0; 0; 0; 0; 39; 18; 27; 0; 0; 0; 9999
1944;10; 0; 0; 0; 0; 0; 0; 46; 0; 0; 0; 0; 0; 0; 0; 30; 97; 0; 0; 392; 6; 0; 0; 0; 0; 45; 64; 0; 28; 0; 0; 0
1944;11; 0; 0; 224; 0; 62; 93; 326; 224; 3; 0; 0; 0; 0; 315; 90; 0; 0; 0; 0; 0; 24; 0; 0; 84; 0; 0; 43; 0; 0; 0; 9999
1944;12; 0; 339; 0; 32; 0; 0; 0; 0; 0; 259; 0; 0; 0; 0; 0; 0; 115; 0; 0; 0; 0; 0; 21; 20; 0; 0; 0; 0; 0; 0; 0
1945;01; 0; 11; 0; 0; 35; 5; 3; 28; 0; 93; 0; 0; 0; 0; 0; 0; 107; 0; 0; 0; 23; 222; 0; 0; 0; 0; 38; 22; 0; 107; 847
1945;02; 0; 0; 32; 0; 114; 100; 204; 4; 0; 26; 0; 472; 71; 0; 0; 172; 76; 40; 71; 118; 124; 133; 83; 7; 226; 0; 308; 59; 9999; 9999; 9999
1945;03; 13; 0; 30; 38; 0; 0; 7; 0; 143; 0; 0; 0; 0; 0; 0; 0; 0; 0; 0; 611; 0; 0; 0; 0; 15; 253; 0; 0; 0; 0; 0
1945;04; 0; 0; 0; 0; 0; 0; 0; 0; 0; 0; 0; 0; 0; 0; 0; 0; 0; 0; 0; 0; 0; 0; 0; 0; 0; 0; 0; 0; 0; 0; 9999
1945;05; 0; 0; 0; 0; 0; 0; 0; 0; 0; 0; 0; 0; 0; 0; 0; 0; 0; 0; 0; 0; 0; 0; 0; 0; 0; 0; 0; 0; 0; 0; 0
1945;06; 0; 0; 0; 0; 0; 0; 0; 0; 0; 0; 0; 0; 0; 0; 0; 0; 0; 0; 0; 0; 0; 0; 0; 0; 0; 0; 0; 0; 0; 0; 9999
1945;07; 0; 0; 0; 0; 0; 0; 0; 0; 0; 0; 0; 0; 0; 0; 0; 0; 0; 0; 0; 0; 0; 0; 0; 0; 0; 0; 0; 0; 0; 0; 0
1945;08; 0; 0; 0; 0; 0; 0; 0; 0; 0; 0; 0; 0; 0; 0; 0; 0; 0; 0; 0; 0; 0; 0; 0; 0; 0; 0; 0; 0; 0; 0; 0
1945;09; 0; 0; 0; 0; 0; 0; 0; 0; 0; 0; 0; 0; 0; 0; 0; 0; 0; 0; 0; 0; 0; 0; 0; 0; 0; 0; 0; 0; 0; 0; 9999
1945;10; 9999; 9999; 9999; 9999; 9999; 9999; 9999; 9999; 9999; 9999; 9999; 9999; 9999; 9999; 9999; 9999; 9999; 9999; 9999; 9999; 9999; 9999; 9999; 9999; 9999; 9999; 9999; 9999; 9999; 9999; 9999
1945;11; 80; 285; 0; 0; 371; 0; 0; 0; 76; 0; 0; 0; 0; 0; 0; 0; 0; 0; 0; 0; 61; 0; 165; 0; 0; 0; 0; 93; 12; 0; 9999
1945;12; 0; 0; 0; 0; 143; 78; 0; 0; 0; 0; 0; 0; 0; 41; 91; 140; 0; 0; 0; 0; 0; 0; 0; 0; 0; 0; 0; 585; 0; 0; 0
1946;01; 0; 0; 0; 0; 217; 0; 983; 88; 237; 238; 0; 0; 0; 55; 24; 0; 0; 0; 310; 142; 58; 0; 0; 343; 21; 67; 0; 0; 0; 74; 0
1946;02; 113; 8; 0; 0; 0; 0; 6; 63; 0; 0; 0; 36; 0; 352; 0; 102; 371; 211; 144; 225; 317; 369; 113; 242; 0; 53; 187; 0; 9999; 9999; 9999
1946;03; 23; 65; 23; 280; 60; 183; 0; 0; 0; 0; 0; 0; 0; 0; 153; 24; 0; 0; 0; 0; 0; 0; 0; 83; 0; 0; 0; 0; 0; 0; 290
1946;04; 0; 55; 0; 0; 0; 0; 0; 55; 0; 0; 0; 0; 0; 0; 0; 0; 0; 0; 0; 0; 0; 0; 0; 0; 0; 0; 0; 0; 0; 0; 9999
1946;05; 0; 0; 0; 0; 0; 0; 0; 0; 0; 0; 0; 53; 200; 0; 0; 0; 0; 0; 22; 0; 0; 0; 0; 0; 0; 0; 0; 0; 0; 0; 104
1946;06; 422; 0; 227; 0; 0; 0; 0; 0; 0; 0; 9999; 9999; 9999; 9999; 9999; 9999; 0; 0; 0; 9999; 0; 0; 0; 0; 0; 0; 0; 0; 120; 100; 9999
1946;07; 0; 0; 0; 0; 0; 0; 72; 90; 7; 0; 0; 320; 287; 0; 0; 312; 0; 0; 0; 0; 0; 0; 108; 100; 0; 0; 0; 0; 0; 0; 0
1946;08; 0; 0; 0; 0; 0; 0; 42; 0; 0; 0; 0; 0; 0; 0; 0; 0; 0; 0; 0; 0; 0; 0; 102; 140; 0; 0; 0; 0; 0; 0; 0
1946;09; 0; 0; 0; 0; 0; 0; 0; 0; 0; 0; 0; 0; 0; 0; 0; 0; 0; 0; 0; 0; 0; 0; 8; 127; 0; 0; 116; 0; 0; 0; 9999
1946;10; 0; 0; 0; 0; 0; 240; 0; 365; 240; 0; 0; 0; 0; 0; 0; 0; 0; 0; 0; 0; 0; 102; 126; 0; 0; 0; 0; 0; 0; 41; 0
1946;11; 0; 80; 42; 0; 0; 0; 0; 34; 19; 0; 0; 0; 0; 0; 0; 0; 0; 0; 0; 40; 0; 0; 0; 0; 48; 20; 0; 0; 114; 0; 9999
1946;12; 0; 0; 0; 0; 0; 0; 0; 0; 0; 0; 133; 120; 0; 0; 0; 88; 0; 18; 23; 185; 80; 270; 250; 19; 60; 36; 0; 10; 0; 0; 0
1947;01; 0; 50; 200; 198; 0; 0; 115; 60; 480; 0; 0; 0; 162; 104; 120; 0; 0; 56; 275; 434; 0; 0; 120; 165; 145; 41; 119; 184; 158; 384; 223
1947;02; 9999; 9999; 9999; 9999; 9999; 9999; 9999; 9999; 9999; 9999; 9999; 9999; 9999; 9999; 9999; 9999; 9999; 9999; 9999; 9999; 9999; 9999; 9999; 9999; 9999; 9999; 9999; 9999; 9999; 9999; 9999
1947;03; 9999; 9999; 9999; 9999; 9999; 9999; 9999; 0; 0; 0; 673; 55; 0; 0; 0; 0; 0; 216; 0; 0; 0; 0; 0; 0; 0; 0; 0; 0; 0; 0; 0
1947;04; 0; 0; 0; 0; 0; 0; 0; 0; 87; 0; 0; 0; 0; 0; 0; 0; 0; 0; 46; 0; 0; 0; 0; 0; 0; 0; 0; 0; 0; 382; 9999
1947;05; 0; 0; 560; 47; 0; 0; 0; 0; 0; 0; 21; 0; 0; 0; 0; 0; 0; 0; 35; 435; 0; 0; 0; 75; 52; 0; 0; 0; 0; 0; 0
1947;06; 0; 0; 0; 0; 0; 0; 0; 0; 0; 0; 0; 209; 32; 0; 0; 0; 0; 0; 0; 96; 0; 0; 29; 0; 0; 0; 0; 0; 0; 0; 9999
1947;07; 0; 0; 0; 285; 0; 0; 0; 22; 112; 50; 0; 0; 0; 0; 0; 0; 0; 0; 0; 0; 0; 0; 0; 0; 0; 0; 0; 206; 0; 0; 0
1947;08; 90; 0; 0; 0; 0; 0; 0; 0; 0; 0; 18; 40; 0; 0; 0; 0; 0; 0; 0; 0; 0; 0; 0; 144; 58; 0; 0; 79; 67; 0; 72
1947;09; 235; 0; 69; 0; 0; 0; 0; 103; 97; 0; 0; 0; 0; 0; 0; 0; 19; 70; 0; 40; 0; 0; 0; 575; 604; 0; 0; 0; 0; 0; 9999
1947;10; 103; 0; 99; 0; 0; 0; 0; 273; 116; 0; 0; 0; 0; 0; 0; 0; 0; 0; 0; 0; 15; 10; 40; 31; 25; 0; 0; 0; 0; 0; 0
1947;11; 34; 0; 223; 0; 0; 0; 0; 0; 0; 0; 0; 16; 0; 0; 0; 0; 0; 0; 0; 0; 0; 0; 0; 220; 17; 0; 0; 0; 0; 0; 9999
1947;12; 0; 0; 0; 0; 0; 0; 0; 0; 0; 370; 0; 0; 60; 98; 0; 102; 0; 135; 0; 24; 378; 24; 0; 32; 0; 0; 0; 24; 0; 0; 0
1948;01; 0; 0; 285; 0; 0; 0; 0; 0; 0; 47; 113; 0; 32; 28; 156; 263; 37; 135; 97; 115; 10; 165; 0; 0; 0; 0; 68; 0; 23; 93; 123
1948;02; 0; 0; 15; 0; 6; 270; 0; 220; 135; 70; 0; 0; 50; 0; 23; 0; 0; 0; 0; 0; 8; 0; 130; 0; 0; 208; 370; 120; 0; 9999; 9999
1948;03; 0; 0; 0; 0; 0; 0; 0; 0; 0; 40; 449; 0; 0; 0; 0; 0; 0; 0; 0; 0; 0; 0; 0; 0; 102; 0; 0; 0; 0; 0; 0
1948;04; 0; 0; 312; 205; 0; 0; 0; 70; 0; 0; 0; 0; 0; 0; 0; 0; 0; 0; 0; 0; 0; 0; 0; 0; 0; 0; 0; 0; 0; 0; 9999
1948;05; 0; 0; 0; 0; 0; 0; 0; 0; 0; 0; 0; 0; 0; 0; 0; 0; 88; 0; 0; 0; 0; 0; 0; 0; 0; 20; 0; 237; 0; 0; 0
1948;06; 0; 0; 0; 0; 0; 0; 0; 0; 0; 0; 0; 25; 0; 0; 0; 0; 0; 0; 0; 0; 0; 0; 0; 0; 0; 0; 0; 0; 0; 0; 9999
1948;07; 0; 0; 20; 0; 0; 0; 0; 0; 0; 0; 0; 0; 0; 117; 0; 82; 0; 0; 30; 0; 0; 0; 145; 0; 0; 0; 220; 158; 60; 108; 0
1948;08; 0; 42; 0; 0; 0; 10; 106; 0; 0; 0; 63; 590; 0; 0; 0; 0; 0; 0; 0; 0; 0; 0; 0; 0; 0; 35; 0; 0; 0; 0; 0
1948;09; 0; 0; 0; 0; 0; 0; 0; 0; 0; 0; 75; 0; 0; 0; 0; 0; 0; 0; 0; 0; 0; 0; 0; 0; 0; 0; 265; 0; 0; 0; 9999
1948;10; 0; 0; 0; 215; 0; 0; 0; 0; 0; 0; 0; 0; 0; 0; 0; 0; 0; 0; 0; 0; 0; 0; 0; 0; 0; 0; 0; 440; 390; 0; 0
1948;11; 0; 0; 20; 0; 155; 0; 100; 0; 90; 0; 0; 0; 0; 0; 0; 170; 0; 0; 0; 0; 0; 0; 0; 0; 20; 0; 0; 0; 0; 0; 9999
1948;12; 0; 50; 0; 0; 0; 0; 0; 100; 0; 0; 0; 0; 0; 0; 0; 0; 570; 65; 0; 0; 0; 0; 0; 0; 0; 0; 0; 0; 0; 0; 0
1949;01; 0; 0; 0; 0; 0; 0; 188; 50; 0; 0; 120; 690; 230; 0; 0; 0; 198; 0; 0; 0; 0; 0; 0; 0; 0; 0; 0; 0; 0; 0; 0
1949;02; 0; 0; 45; 0; 87; 200; 250; 0; 0; 0; 0; 0; 0; 0; 145; 160; 0; 0; 0; 115; 250; 0; 0; 0; 0; 0; 27; 0; 9999; 9999; 9999
1949;03; 0; 0; 200; 0; 185; 0; 20; 62; 77; 0; 0; 0; 0; 0; 0; 0; 0; 0; 0; 0; 0; 40; 75; 0; 0; 34; 0; 0; 0; 0; 392
1949;04; 304; 238; 0; 0; 0; 0; 0; 0; 0; 0; 0; 0; 0; 0; 0; 0; 0; 0; 0; 0; 0; 70; 60; 270; 0; 0; 0; 0; 0; 0; 9999
1949;05; 0; 0; 0; 200; 0; 268; 17; 0; 0; 138; 0; 0; 0; 0; 0; 0; 0; 0; 0; 0; 0; 0; 0; 0; 0; 0; 0; 0; 0; 0; 0
1949;06; 0; 0; 0; 0; 320; 0; 0; 0; 45; 65; 200; 0; 0; 100; 0; 0; 0; 0; 0; 0; 0; 0; 0; 0; 30; 0; 0; 0; 0; 0; 9999
1949;07; 0; 0; 0; 0; 0; 0; 0; 0; 0; 0; 0; 0; 0; 0; 0; 0; 0; 0; 0; 0; 0; 0; 0; 0; 0; 0; 0; 0; 0; 0; 0
1949;08; 0; 0; 0; 0; 0; 0; 0; 0; 0; 0; 0; 0; 0; 0; 0; 0; 0; 0; 0; 62; 0; 72; 0; 0; 0; 0; 0; 0; 20; 0; 0
1949;09; 0; 0; 0; 0; 98; 0; 0; 0; 0; 0; 93; 0; 0; 0; 0; 35; 0; 0; 0; 0; 25; 0; 0; 0; 0; 0; 115; 0; 0; 0; 9999
1949;10; 0; 0; 0; 45; 0; 60; 280; 0; 0; 0; 100; 0; 0; 0; 0; 0; 0; 0; 0; 140; 0; 0; 0; 0; 0; 0; 0; 143; 0; 0; 0
1949;11; 0; 0; 0; 0; 9999; 9999; 9999; 9999; 9999; 9999; 9999; 9999; 9999; 9999; 9999; 9999; 9999; 9999; 9999; 9999; 9999; 9999; 9999; 9999; 0; 0; 0; 0; 0; 38; 9999
1949;12; 302; 210; 150; 0; 0; 802; 70; 395; 0; 0; 0; 97; 0; 0; 150; 602; 0; 0; 0; 0; 0; 32; 45; 0; 0; 63; 0; 45; 40; 103; 0
1950;01; 9999; 9999; 9999; 9999; 9999; 9999; 9999; 9999; 9999; 9999; 9999; 9999; 9999; 9999; 9999; 9999; 9999; 9999; 9999; 9999; 9999; 9999; 9999; 9999; 9999; 9999; 9999; 9999; 9999; 9999; 9999
1950;02; 9999; 9999; 9999; 9999; 9999; 9999; 9999; 9999; 9999; 9999; 9999; 9999; 9999; 9999; 9999; 9999; 9999; 9999; 9999; 9999; 9999; 9999; 9999; 9999; 9999; 9999; 9999; 9999; 9999; 9999; 9999
1950;03; 9999; 0; 0; 0; 0; 0; 0; 0; 0; 0; 0; 0; 0; 0; 0; 0; 0; 0; 0; 0; 0; 0; 0; 0; 0; 0; 0; 0; 0; 0; 0
1950;04; 9999; 0; 0; 0; 0; 0; 0; 0; 0; 0; 0; 0; 0; 0; 0; 0; 0; 0; 0; 0; 0; 0; 0; 0; 0; 0; 0; 0; 0; 0; 9999
1950;05; 9999; 0; 0; 0; 0; 0; 0; 0; 0; 0; 0; 0; 0; 0; 0; 0; 0; 0; 0; 0; 0; 0; 0; 0; 0; 0; 0; 0; 0; 0; 0
1950;06; 9999; 0; 0; 0; 0; 0; 0; 0; 0; 0; 0; 0; 0; 0; 0; 0; 0; 0; 0; 0; 0; 0; 0; 0; 0; 0; 0; 0; 0; 0; 9999
1950;07; 9999; 0; 0; 0; 0; 0; 0; 0; 0; 0; 0; 0; 0; 0; 0; 0; 0; 0; 0; 0; 0; 0; 0; 0; 0; 0; 0; 0; 0; 0; 0
1950;08; 9999; 0; 0; 0; 0; 0; 0; 0; 0; 0; 0; 0; 0; 0; 0; 0; 0; 0; 0; 0; 0; 0; 0; 0; 0; 0; 0; 0; 0; 0; 0
1950;09; 9999; 0; 0; 0; 0; 0; 0; 0; 0; 0; 0; 0; 0; 0; 0; 0; 0; 0; 0; 0; 0; 0; 0; 0; 0; 0; 0; 0; 0; 0; 9999
1950;10; 9999; 9999; 9999; 9999; 9999; 9999; 0; 45; 50; 0; 580; 270; 0; 187; 0; 107; 0; 0; 0; 0; 0; 0; 0; 0; 152; 0; 0; 0; 0; 0; 0
1950;11; 0; 0; 0; 0; 0; 0; 0; 30; 0; 0; 240; 150; 0; 0; 182; 30; 0; 0; 0; 0; 0; 25; 0; 0; 0; 0; 200; 635; 0; 0; 9999
1950;12; 0; 0; 0; 140; 260; 0; 0; 0; 0; 0; 0; 0; 0; 0; 0; 0; 0; 0; 0; 0; 0; 0; 0; 0; 465; 0; 0; 0; 0; 300; 0
1951;01; 0; 120; 9999; 9999; 9999; 9999; 9999; 9999; 9999; 9999; 0; 153; 374; 209; 216; 60; 96; 150; 160; 15; 0; 0; 0; 43; 602; 0; 93; 77; 0; 0; 60
1951;02; 0; 0; 0; 178; 0; 50; 0; 245; 0; 0; 0; 0; 0; 0; 0; 0; 70; 260; 40; 42; 0; 110; 155; 0; 133; 0; 0; 0; 9999; 9999; 9999
1951;03; 0; 0; 0; 0; 134; 52; 125; 0; 0; 0; 0; 0; 0; 0; 230; 130; 156; 192; 60; 34; 0; 0; 0; 0; 0; 0; 0; 0; 0; 0; 0
1951;04; 45; 230; 0; 0; 0; 0; 0; 0; 0; 0; 0; 0; 0; 80; 0; 0; 0; 0; 0; 0; 0; 0; 0; 0; 112; 0; 0; 0; 0; 0; 9999
1951;05; 0; 0; 0; 0; 0; 0; 0; 0; 0; 0; 0; 0; 0; 9999; 9999; 9999; 9999; 9999; 9999; 9999; 0; 0; 0; 0; 0; 0; 0; 0; 93; 0; 0
1951;06; 0; 0; 0; 0; 0; 187; 0; 0; 0; 0; 0; 0; 0; 0; 0; 0; 0; 0; 0; 0; 0; 0; 0; 0; 0; 168; 134; 222; 0; 0; 9999
1951;07; 0; 0; 0; 73; 0; 0; 0; 35; 0; 0; 0; 0; 0; 0; 0; 0; 0; 0; 0; 0; 0; 0; 0; 0; 0; 0; 0; 0; 0; 0; 0
1951;08; 0; 0; 0; 0; 125; 40; 0; 0; 0; 0; 0; 0; 0; 0; 0; 0; 0; 0; 0; 68; 43; 95; 0; 0; 0; 0; 0; 0; 0; 0; 0
1951;09; 0; 0; 0; 0; 0; 0; 0; 0; 0; 0; 0; 0; 0; 0; 0; 30; 20; 187; 0; 0; 0; 0; 0; 0; 0; 75; 0; 0; 0; 0; 9999
1951;10; 0; 0; 0; 0; 50; 205; 0; 0; 0; 0; 0; 0; 0; 0; 357; 335; 0; 520; 50; 175; 0; 0; 0; 0; 130; 0; 0; 122; 0; 0; 0
1951;11; 0; 0; 0; 0; 0; 0; 0; 0; 0; 0; 0; 0; 0; 0; 0; 0; 0; 0; 0; 0; 0; 0; 64; 266; 812; 0; 0; 0; 0; 0; 9999
1951;12; 0; 0; 0; 0; 324; 0; 0; 146; 52; 0; 0; 0; 0; 0; 0; 0; 0; 0; 0; 0; 0; 130; 0; 0; 0; 0; 0; 0; 0; 60; 0
1952;01; 0; 104; 0; 0; 0; 0; 133; 135; 0; 0; 0; 105; 50; 0; 0; 0; 0; 0; 0; 0; 0; 0; 0; 0; 170; 116; 9999; 9999; 9999; 9999; 9999
1952;02; 0; 295; 0; 0; 0; 135; 0; 0; 0; 0; 0; 62; 70; 0; 0; 0; 0; 0; 385; 0; 0; 0; 0; 0; 205; 0; 0; 0; 0; 9999; 9999
1952;03; 0; 0; 0; 0; 0; 0; 0; 0; 146; 346; 220; 62; 0; 0; 0; 230; 95; 0; 40; 0; 0; 0; 0; 0; 325; 90; 0; 0; 0; 0; 0
1952;04; 0; 0; 0; 0; 0; 0; 0; 0; 260; 0; 0; 0; 0; 0; 0; 0; 0; 0; 0; 0; 0; 0; 0; 0; 0; 0; 0; 0; 0; 0; 9999
1952;05; 0; 0; 0; 0; 0; 0; 0; 0; 0; 0; 0; 0; 0; 0; 0; 0; 0; 0; 0; 0; 0; 0; 0; 20; 0; 0; 0; 0; 0; 0; 0
1952;06; 0; 0; 0; 0; 0; 20; 55; 0; 220; 50; 0; 0; 45; 202; 0; 100; 190; 0; 0; 0; 0; 0; 0; 0; 0; 0; 0; 0; 0; 0; 9999
1952;07; 0; 0; 0; 0; 0; 0; 0; 0; 0; 0; 0; 0; 0; 0; 0; 0; 0; 0; 0; 0; 0; 0; 0; 0; 0; 0; 0; 0; 0; 0; 0
1952;08; 0; 0; 0; 0; 0; 0; 0; 0; 0; 0; 0; 0; 0; 0; 0; 0; 0; 20; 80; 0; 0; 0; 0; 0; 0; 0; 50; 0; 0; 0; 0
1952;09; 0; 0; 0; 0; 0; 0; 0; 0; 0; 0; 0; 0; 0; 0; 0; 0; 0; 0; 0; 0; 0; 0; 0; 0; 0; 0; 0; 0; 0; 0; 9999
1952;10; 0; 0; 0; 0; 0; 0; 60; 205; 188; 0; 50; 55; 63; 120; 0; 0; 0; 0; 356; 100; 20; 0; 300; 0; 110; 0; 100; 0; 0; 0; 82
1952;11; 82; 826; 30; 77; 0; 0; 0; 9999; 9999; 9999; 9999; 9999; 9999; 0; 0; 0; 0; 0; 0; 362; 55; 0; 0; 0; 0; 0; 0; 0; 0; 0; 9999
1952;12; 0; 0; 0; 0; 0; 30; 0; 0; 0; 0; 0; 0; 0; 0; 0; 0; 0; 0; 0; 39; 115; 0; 0; 0; 0; 0; 0; 158; 0; 0; 750
1953;01; 270; 892; 90; 62; 44; 30; 0; 140; 0; 0; 80; 0; 30; 0; 0; 290; 0; 0; 0; 0; 0; 0; 0; 0; 242; 0; 0; 0; 0; 562; 0
1953;02; 0; 0; 61; 0; 0; 0; 0; 0; 0; 305; 150; 132; 516; 162; 60; 0; 0; 0; 0; 0; 0; 0; 0; 0; 43; 9999; 9999; 9999; 9999; 9999; 9999
1953;03; 9999; 9999; 9999; 9999; 9999; 0; 0; 0; 0; 255; 150; 0; 0; 330; 0; 0; 0; 0; 0; 0; 0; 0; 0; 0; 0; 63; 45; 0; 0; 0; 172
1953;04; 0; 0; 55; 0; 0; 0; 0; 285; 0; 0; 0; 9999; 0; 0; 0; 170; 35; 0; 0; 0; 0; 295; 0; 0; 0; 0; 0; 0; 0; 0; 9999
1953;05; 0; 0; 0; 0; 0; 0; 0; 0; 0; 0; 0; 0; 0; 0; 0; 0; 0; 0; 0; 0; 0; 0; 139; 0; 0; 425; 63; 0; 0; 0; 184
1953;06; 0; 0; 0; 0; 0; 0; 0; 0; 67; 103; 0; 0; 0; 0; 0; 0; 0; 0; 0; 0; 0; 0; 0; 0; 0; 0; 0; 0; 0; 0; 9999
1953;07; 0; 0; 0; 130; 0; 0; 0; 0; 250; 0; 0; 0; 0; 0; 0; 0; 0; 0; 264; 25; 0; 0; 125; 0; 0; 0; 0; 0; 0; 0; 0
1953;08; 0; 0; 0; 0; 0; 0; 0; 0; 0; 0; 0; 0; 0; 0; 0; 0; 0; 0; 0; 0; 20; 0; 0; 35; 0; 0; 0; 0; 0; 12; 0
1953;09; 0; 0; 0; 0; 0; 0; 0; 0; 0; 0; 0; 0; 0; 0; 0; 0; 0; 0; 0; 0; 0; 0; 0; 137; 0; 73; 0; 0; 0; 0; 9999
1953;10; 0; 0; 155; 77; 110; 225; 483; 35; 0; 0; 0; 0; 53; 0; 0; 0; 156; 0; 80; 0; 0; 0; 115; 0; 0; 0; 0; 0; 195; 131; 0
1953;11; 9999; 9999; 9999; 9999; 9999; 9999; 0; 0; 0; 0; 0; 72; 37; 40; 97; 0; 0; 0; 83; 70; 0; 0; 0; 0; 0; 0; 0; 0; 0; 0; 9999
1953;12; 0; 0; 0; 77; 60; 0; 0; 0; 0; 0; 0; 0; 105; 0; 0; 40; 0; 0; 0; 0; 0; 0; 0; 0; 9999; 9999; 9999; 9999; 9999; 9999; 9999
1954;01; 0; 0; 0; 0; 0; 0; 0; 0; 0; 0; 0; 0; 0; 0; 0; 0; 50; 0; 0; 57; 0; 0; 0; 0; 0; 465; 0; 0; 0; 0; 97
1954;02; 97; 85; 0; 0; 240; 270; 1567; 63; 0; 0; 0; 0; 0; 0; 34; 0; 35; 0; 0; 272; 0; 0; 0; 0; 0; 0; 0; 0; 9999; 9999; 9999
1954;03; 0; 1; 0; 20; 17; 42; 175; 253; 0; 293; 153; 265; 170; 0; 0; 110; 0; 0; 0; 0; 0; 1; 0; 0; 2; 0; 0; 222; 0; 2; 27
1954;04; 0; 1; 0; 0; 0; 1; 1; 0; 0; 1; 0; 1; 0; 1; 1; 0; 0; 1; 0; 1; 0; 1; 1; 0; 0; 4; 43; 910; 0; 236; 9999
1954;05; 20; 0; 0; 415; 37; 9999; 250; 155; 305; 150; 200; 275; 145; 0; 1; 1; 302; 185; 547; 1; 58; 0; 9; 0; 1; 1; 0; 1; 0; 10; 0
1954;06; 0; 1; 1; 85; 242; 280; 120; 1; 1; 1; 10; 1; 1; 1; 1; 11; 0; 13; 41; 0; 1; 13; 2; 1; 3; 2; 1; 1; 1; 2; 9999
1954;07; 0; 1; 1; 1; 2; 2; 4; 1; 1; 1; 1; 1; 61; 2; 153; 519; 1; 1; 0; 0; 1; 0; 1; 1; 0; 1; 1; 1; 1; 1; 1
1954;08; 1; 1; 0; 0; 1; 0; 1; 0; 0; 0; 0; 1; 1; 1; 1; 0; 1; 0; 1; 2; 0; 1; 0; 1; 0; 0; 0; 0; 1; 0; 0
1954;09; 0; 1; 0; 0; 0; 0; 0; 0; 0; 0; 1; 0; 20; 130; 88; 0; 1; 0; 35; 153; 9999; 147; 0; 0; 1; 85; 2; 35; 0; 30; 9999
1954;10; 0; 1; 0; 53; 0; 6; 1; 0; 20; 0; 163; 0; 5; 10; 0; 150; 170; 64; 215; 0; 160; 194; 0; 1; 0; 1; 0; 210; 0; 275; 0
1954;11; 0; 1; 0; 0; 0; 9999; 9999; 9999; 9999; 9999; 9999; 9999; 9999; 9999; 9999; 9999; 9999; 9999; 9999; 9999; 9999; 9999; 9999; 9999; 9999; 0; 0; 0; 0; 0; 9999
1954;12; 1; 0; 135; 237; 0; 1; 2; 1; 0; 53; 30; 0; 487; 1; 1; 0; 61; 94; 197; 119; 0; 1; 1; 0; 1; 1; 1; 50; 2; 1; 1
1955;01; 0; 124; 110; 1; 252; 5; 1; 0; 1; 363; 10; 159; 340; 202; 22; 1; 0; 303; 1; 1; 1; 1; 1; 1; 25; 0; 1; 0; 74; 31; 1
1955;02; 1; 1; 83; 1; 0; 0; 0; 0; 1; 2; 35; 1; 168; 11; 1; 0; 0; 1; 0; 0; 2; 310; 1; 2; 1; 2; 0; 91; 9999; 9999; 9999
1955;03; 1; 231; 2; 108; 5; 288; 10; 1; 0; 1; 240; 1; 1; 1; 372; 217; 1; 1; 0; 1; 0; 1; 1; 130; 49; 36; 124; 119; 1; 601; 20
1955;04; 1; 1; 1; 1; 1; 0; 1; 1; 1; 0; 23; 1; 207; 1; 105; 416; 140; 1; 1; 1; 2; 0; 1; 1; 1; 1; 1; 245; 65; 1; 9999
1955;05; 1; 1; 1; 1; 1; 1; 1; 1; 2; 2; 1; 1; 1; 1; 2; 330; 1; 3; 1; 125; 2; 1; 1; 2; 1; 0; 0; 1; 2; 1; 210
1955;06; 1; 0; 0; 1; 0; 23; 1; 0; 42; 0; 1; 102; 170; 9; 0; 1; 16; 0; 1; 91; 0; 54; 31; 1; 0; 1; 1; 10; 1; 0; 9999
1955;07; 1; 4; 59; 184; 321; 43; 0; 1; 0; 0; 1; 0; 0; 1; 0; 1; 0; 1; 2; 0; 0; 0; 1; 1; 0; 0; 1; 0; 0; 23; 155
1955;08; 0; 0; 0; 0; 1; 0; 1; 0; 0; 68; 5; 25; 0; 0; 6; 0; 0; 0; 0; 0; 0; 1; 1; 29; 80; 128; 318; 416; 127; 35; 0
1955;09; 0; 5; 0; 0; 0; 1; 0; 1; 0; 1; 0; 0; 0; 0; 0; 0; 0; 0; 0; 1; 0; 0; 0; 0; 0; 0; 0; 0; 0; 2; 9999
1955;10; 1; 0; 0; 0; 0; 0; 1; 0; 0; 0; 0; 0; 162; 0; 0; 0; 1; 0; 0; 1; 0; 0; 0; 0; 0; 0; 0; 508; 1; 0; 0
1955;11; 213; 31; 246; 0; 0; 0; 0; 0; 54; 1; 38; 0; 1; 0; 0; 0; 1; 67; 168; 0; 0; 105; 67; 0; 1; 0; 1; 0; 0; 2; 9999
1955;12; 161; 7; 403; 150; 0; 0; 0; 223; 1; 1; 0; 180; 0; 0; 0; 0; 6; 0; 17; 0; 0; 0; 0; 0; 0; 9; 0; 0; 98; 219; 47
1956;01; 0; 0; 63; 2; 10; 1; 0; 0; 2; 1; 0; 0; 1; 0; 0; 0; 0; 270; 1; 76; 1; 58; 1; 0; 0; 0; 3; 7; 14; 2; 0
1956;02; 0; 0; 0; 0; 0; 0; 0; 0; 0; 0; 1515; 0; 16; 205; 0; 161; 0; 0; 0; 15; 1; 0; 426; 0; 1; 0; 76; 0; 1; 9999; 9999
1956;03; 56; 5; 0; 1; 0; 0; 0; 0; 1; 0; 72; 1; 0; 1; 223; 0; 1; 0; 0; 0; 0; 1; 0; 1; 366; 0; 122; 0; 3; 28; 0
1956;04; 0; 0; 1; 0; 0; 403; 97; 45; 0; 32; 191; 7; 0; 0; 0; 0; 0; 0; 3; 0; 0; 0; 1; 26; 100; 0; 101; 1385; 130; 0; 9999
1956;05; 1; 138; 0; 0; 948; 1; 91; 157; 0; 52; 0; 1; 0; 0; 1; 0; 0; 0; 1; 0; 2; 58; 0; 25; 532; 377; 32; 0; 0; 0; 295
1956;06; 1; 150; 10; 3; 0; 0; 1; 4; 23; 1; 175; 83; 61; 8; 41; 43; 1; 0; 1; 0; 0; 0; 23; 83; 0; 0; 103; 1; 2; 0; 9999
1956;07; 1; 0; 1; 0; 0; 0; 94; 0; 0; 0; 1; 0; 0; 140; 4; 0; 0; 2; 0; 1; 0; 0; 64; 317; 1; 0; 1; 7; 0; 102; 106
1956;08; 386; 0; 237; 161; 13; 0; 23; 0; 0; 0; 1; 0; 0; 0; 1; 0; 0; 0; 0; 0; 1; 0; 20; 51; 0; 0; 0; 0; 0; 0; 1
1956;09; 0; 0; 1; 0; 0; 0; 1; 0; 0; 297; 35; 0; 0; 41; 52; 413; 92; 0; 1; 0; 0; 1; 0; 222; 0; 60; 1; 2; 0; 0; 9999
1956;10; 0; 0; 0; 0; 0; 1; 0; 0; 0; 168; 0; 0; 0; 0; 0; 97; 0; 0; 0; 0; 0; 0; 372; 3; 0; 0; 1; 0; 0; 122; 0
1956;11; 9999; 9999; 9999; 9999; 9999; 9999; 9999; 9999; 9999; 9999; 9999; 9999; 9999; 9999; 9999; 9999; 9999; 9999; 9999; 9999; 9999; 9999; 9999; 9999; 9999; 9999; 9999; 9999; 9999; 9999; 9999
1956;12; 9999; 9999; 9999; 9999; 9999; 9999; 9999; 9999; 9999; 9999; 9999; 9999; 9999; 9999; 9999; 9999; 9999; 9999; 9999; 9999; 9999; 9999; 9999; 9999; 9999; 9999; 9999; 9999; 9999; 9999; 9999
1957;01; 9999; 9999; 9999; 9999; 9999; 9999; 9999; 9999; 9999; 9999; 9999; 9999; 9999; 9999; 9999; 9999; 9999; 9999; 9999; 9999; 9999; 9999; 9999; 9999; 9999; 9999; 9999; 9999; 9999; 9999; 9999
1957;02; 9999; 9999; 9999; 9999; 9999; 9999; 9999; 9999; 9999; 9999; 9999; 9999; 9999; 9999; 9999; 9999; 9999; 9999; 9999; 9999; 9999; 9999; 9999; 9999; 9999; 9999; 9999; 9999; 9999; 9999; 9999
1957;03; 9999; 9999; 9999; 9999; 9999; 9999; 9999; 9999; 9999; 9999; 9999; 9999; 9999; 9999; 9999; 9999; 9999; 9999; 9999; 9999; 9999; 9999; 9999; 9999; 9999; 9999; 9999; 9999; 9999; 9999; 9999
1957;04; 9999; 9999; 9999; 9999; 9999; 9999; 9999; 9999; 9999; 9999; 9999; 9999; 9999; 9999; 9999; 9999; 9999; 9999; 9999; 9999; 9999; 9999; 9999; 9999; 9999; 9999; 9999; 9999; 9999; 9999; 9999
1957;05; 9999; 9999; 9999; 9999; 9999; 9999; 9999; 9999; 9999; 9999; 9999; 9999; 9999; 9999; 9999; 9999; 9999; 9999; 9999; 9999; 9999; 9999; 9999; 9999; 9999; 9999; 9999; 9999; 9999; 9999; 9999
1957;06; 9999; 9999; 9999; 9999; 9999; 9999; 9999; 9999; 9999; 9999; 9999; 9999; 9999; 9999; 9999; 9999; 9999; 9999; 9999; 9999; 9999; 9999; 9999; 9999; 9999; 9999; 9999; 9999; 9999; 9999; 9999
1957;07; 9999; 9999; 9999; 9999; 9999; 9999; 9999; 9999; 9999; 9999; 9999; 9999; 9999; 9999; 9999; 9999; 9999; 9999; 9999; 9999; 9999; 9999; 9999; 9999; 9999; 9999; 9999; 9999; 9999; 9999; 9999
1957;08; 9999; 9999; 9999; 9999; 9999; 9999; 9999; 9999; 9999; 9999; 9999; 9999; 9999; 9999; 9999; 9999; 9999; 9999; 9999; 9999; 9999; 9999; 9999; 9999; 9999; 9999; 9999; 9999; 9999; 9999; 9999
1957;09; 9999; 9999; 9999; 9999; 9999; 9999; 9999; 9999; 9999; 9999; 9999; 9999; 9999; 9999; 9999; 9999; 9999; 9999; 9999; 9999; 9999; 9999; 9999; 9999; 9999; 9999; 9999; 9999; 9999; 9999; 9999
1957;10; 9999; 9999; 9999; 9999; 9999; 9999; 9999; 9999; 9999; 9999; 9999; 9999; 9999; 9999; 9999; 9999; 9999; 9999; 9999; 9999; 9999; 9999; 9999; 9999; 9999; 9999; 9999; 9999; 9999; 9999; 9999
1957;11; 9999; 9999; 9999; 9999; 9999; 9999; 9999; 9999; 9999; 9999; 9999; 9999; 9999; 9999; 9999; 9999; 9999; 9999; 9999; 9999; 9999; 9999; 9999; 9999; 9999; 9999; 9999; 9999; 9999; 9999; 9999
1957;12; 9999; 9999; 9999; 9999; 9999; 9999; 9999; 9999; 9999; 9999; 9999; 9999; 9999; 9999; 9999; 9999; 9999; 9999; 9999; 9999; 9999; 9999; 9999; 9999; 9999; 9999; 9999; 9999; 9999; 9999; 9999
1958;01; 15; 0; 88; 0; 0; 0; 0; 0; 0; 0; 0; 138; 382; 3; 0; 8; 35; 152; 65; 0; 0; 0; 0; 2; 0; 0; 0; 0; 0; 0; 0
1958;02; 0; 0; 0; 27; 10; 5; 0; 0; 3; 0; 0; 0; 0; 25; 10; 0; 0; 0; 38; 0; 59; 0; 0; 10; 0; 19; 395; 25; 9999; 9999; 9999
1958;03; 0; 0; 196; 0; 0; 0; 0; 4; 0; 0; 0; 0; 0; 5; 284; 400; 2; 0; 5; 0; 0; 0; 0; 21; 0; 0; 0; 0; 0; 3; 86
1958;04; 363; 0; 0; 0; 0; 0; 0; 0; 95; 13; 0; 1; 45; 22; 0; 0; 0; 0; 36; 0; 0; 0; 5; 0; 0; 0; 0; 0; 0; 0; 9999
1958;05; 0; 5; 8; 12; 1; 38; 0; 0; 0; 0; 0; 0; 0; 0; 0; 0; 0; 0; 0; 0; 12; 622; 3; 0; 132; 135; 67; 273; 0; 0; 0
1958;06; 0; 0; 0; 0; 0; 0; 0; 0; 0; 0; 0; 0; 0; 13; 288; 0; 362; 30; 0; 0; 0; 0; 0; 0; 0; 0; 0; 0; 0; 0; 9999
1958;07; 0; 0; 0; 0; 0; 0; 0; 0; 15; 0; 0; 0; 0; 0; 0; 268; 5; 0; 0; 0; 0; 0; 0; 0; 0; 6; 0; 0; 0; 0; 0
1958;08; 0; 0; 0; 232; 0; 0; 0; 0; 0; 0; 0; 0; 0; 0; 0; 0; 0; 0; 0; 0; 0; 0; 0; 0; 0; 0; 0; 0; 98; 0; 0
1958;09; 0; 0; 0; 0; 5; 1; 55; 86; 70; 123; 0; 22; 46; 275; 72; 0; 0; 0; 0; 0; 0; 0; 13; 216; 0; 0; 1; 0; 0; 0; 9999
1958;10; 0; 0; 0; 17; 0; 0; 1; 0; 0; 0; 311; 0; 0; 0; 0; 0; 0; 0; 55; 65; 0; 0; 0; 65; 0; 552; 448; 297; 117; 88; 0
1958;11; 0; 0; 0; 142; 61; 0; 0; 0; 0; 0; 171; 16; 0; 0; 0; 0; 35; 0; 25; 284; 60; 0; 0; 0; 99; 0; 0; 0; 0; 0; 9999
1958;12; 97; 0; 0; 145; 0; 0; 29; 0; 128; 0; 176; 25; 0; 36; 91; 0; 56; 271; 42; 70; 63; 0; 0; 0; 0; 0; 0; 0; 0; 0; 0
1959;01; 0; 0; 0; 108; 545; 125; 0; 0; 0; 0; 103; 40; 35; 0; 0; 7; 83; 625; 51; 0; 0; 3; 152; 65; 58; 44; 2; 0; 0; 0; 46
1959;02; 2; 4; 14; 28; 203; 372; 103; 521; 33; 0; 1; 12; 75; 38; 80; 0; 0; 0; 137; 17; 0; 0; 0; 0; 253; 3; 0; 0; 9999; 9999; 9999
1959;03; 0; 0; 0; 0; 0; 0; 0; 8; 0; 0; 0; 0; 59; 79; 0; 0; 4; 94; 171; 0; 99; 0; 47; 24; 1; 0; 0; 0; 0; 0; 133
1959;04; 376; 0; 0; 0; 0; 305; 0; 0; 0; 356; 9; 101; 0; 0; 0; 0; 0; 0; 0; 0; 1; 0; 219; 0; 0; 15; 100; 0; 0; 0; 9999
1959;05; 0; 0; 0; 0; 0; 0; 0; 0; 0; 0; 0; 2; 0; 0; 0; 0; 0; 0; 471; 459; 73; 0; 0; 0; 0; 0; 0; 0; 0; 0; 0
1959;06; 0; 0; 0; 0; 0; 228; 0; 0; 0; 0; 0; 0; 0; 0; 1; 0; 11; 0; 0; 0; 0; 0; 0; 0; 0; 0; 0; 0; 0; 0; 9999
1959;07; 0; 15; 0; 0; 0; 0; 0; 0; 0; 0; 0; 0; 0; 0; 0; 0; 0; 0; 0; 0; 0; 0; 0; 0; 0; 0; 0; 0; 0; 0; 29
1959;08; 263; 0; 47; 0; 0; 0; 140; 0; 0; 0; 0; 31; 103; 34; 131; 0; 0; 0; 0; 0; 0; 0; 0; 0; 0; 0; 0; 0; 0; 0; 0
1959;09; 0; 1; 121; 89; 0; 18; 0; 0; 0; 0; 0; 4; 14; 0; 0; 0; 0; 0; 0; 0; 0; 0; 0; 0; 0; 153; 0; 0; 0; 0; 9999
1959;10; 0; 0; 0; 0; 53; 64; 0; 0; 0; 0; 0; 85; 422; 0; 0; 0; 0; 0; 466; 4; 79; 0; 0; 0; 0; 0; 0; 0; 163; 0; 0
1959;11; 0; 0; 0; 0; 0; 0; 0; 121; 0; 1; 0; 98; 213; 0; 0; 0; 0; 0; 5; 0; 0; 0; 0; 0; 200; 156; 0; 0; 0; 33; 9999
1959;12; 0; 0; 0; 39; 0; 0; 1; 17; 0; 215; 0; 0; 0; 0; 0; 0; 0; 21; 0; 0; 0; 85; 0; 279; 55; 0; 0; 0; 0; 0; 0
1960;01; 0; 0; 0; 0; 0; 150; 549; 172; 103; 200; 153; 48; 0; 0; 0; 0; 0; 228; 46; 13; 0; 46; 0; 0; 52; 0; 29; 103; 0; 0; 0
1960;02; 0; 5; 26; 0; 0; 0; 0; 0; 0; 6; 2; 11; 176; 0; 45; 0; 23; 0; 58; 148; 71; 12; 0; 0; 0; 0; 11; 23; 127; 9999; 9999
1960;03; 39; 5; 0; 0; 0; 0; 0; 0; 0; 46; 0; 160; 10; 5; 0; 0; 0; 0; 0; 0; 253; 7; 0; 0; 0; 0; 0; 0; 0; 0; 0
1960;04; 12; 26; 0; 282; 97; 0; 169; 25; 0; 361; 2; 0; 0; 0; 0; 0; 0; 6; 333; 200; 0; 0; 0; 0; 0; 0; 0; 4; 16; 0; 9999
1960;05; 129; 0; 0; 0; 0; 0; 0; 0; 0; 41; 0; 0; 0; 0; 72; 166; 0; 0; 18; 104; 494; 0; 0; 0; 0; 0; 0; 0; 0; 0; 0
1960;06; 0; 0; 0; 0; 0; 0; 0; 0; 0; 0; 0; 0; 0; 0; 22; 0; 0; 25; 0; 0; 0; 9; 302; 182; 0; 0; 62; 0; 0; 110; 9999
1960;07; 0; 0; 0; 0; 0; 0; 0; 0; 0; 0; 0; 0; 0; 0; 0; 0; 0; 0; 4; 0; 0; 0; 0; 0; 0; 0; 0; 0; 0; 0; 8
1960;08; 21; 66; 0; 0; 0; 0; 0; 0; 0; 0; 0; 0; 0; 0; 254; 94; 0; 81; 14; 0; 0; 0; 0; 0; 0; 0; 19; 0; 0; 0; 0
1960;09; 236; 0; 0; 0; 0; 0; 0; 0; 0; 0; 0; 0; 0; 0; 26; 0; 0; 0; 0; 0; 0; 0; 0; 0; 29; 0; 3; 0; 0; 6; 9999
1960;10; 21; 10; 4; 0; 0; 0; 0; 47; 0; 314; 0; 0; 0; 21; 0; 41; 158; 0; 0; 3; 74; 0; 69; 0; 156; 118; 98; 0; 0; 0; 0
1960;11; 48; 110; 0; 0; 299; 12; 0; 0; 0; 0; 537; 4; 12; 0; 30; 0; 0; 0; 0; 18; 70; 0; 0; 0; 0; 75; 24; 0; 13; 0; 9999
1960;12; 54; 0; 0; 0; 0; 0; 0; 0; 0; 0; 0; 0; 0; 0; 0; 379; 48; 355; 244; 0; 0; 0; 0; 211; 0; 145; 0; 0; 0; 27; 317
1961;01; 69; 12; 0; 0; 0; 0; 17; 0; 0; 0; 172; 18; 0; 0; 12; 0; 0; 145; 244; 98; 98; 0; 0; 0; 0; 0; 12; 57; 276; 0; 0
1961;02; 0; 0; 472; 0; 225; 0; 8; 0; 0; 0; 0; 0; 180; 0; 0; 0; 0; 134; 66; 0; 221; 0; 361; 122; 15; 34; 74; 362; 9999; 9999; 9999
1961;03; 0; 0; 0; 0; 0; 0; 0; 16; 0; 0; 0; 102; 327; 43; 124; 81; 40; 186; 346; 33; 32; 84; 0; 0; 0; 0; 0; 0; 0; 0; 0
1961;04; 0; 0; 13; 311; 735; 334; 0; 0; 0; 0; 0; 0; 97; 0; 37; 327; 0; 0; 0; 0; 0; 0; 147; 0; 3; 322; 0; 0; 0; 0; 9999
1961;05; 0; 0; 19; 370; 0; 0; 0; 19; 0; 0; 0; 0; 0; 0; 0; 0; 0; 2; 2; 0; 0; 0; 0; 0; 0; 0; 0; 0; 0; 0; 0
1961;06; 0; 0; 0; 0; 0; 85; 0; 6; 0; 0; 0; 141; 40; 0; 94; 31; 0; 0; 0; 0; 0; 19; 0; 0; 0; 0; 0; 0; 0; 0; 9999
1961;07; 0; 0; 0; 0; 0; 0; 0; 13; 0; 0; 0; 0; 0; 0; 0; 0; 0; 0; 0; 0; 0; 0; 0; 0; 0; 0; 0; 0; 0; 0; 0
1961;08; 0; 0; 0; 0; 0; 0; 0; 0; 0; 0; 0; 0; 0; 0; 0; 0; 0; 0; 0; 0; 0; 0; 0; 0; 0; 124; 0; 0; 0; 146; 70
1961;09; 0; 0; 0; 0; 23; 51; 21; 78; 0; 0; 0; 112; 0; 0; 0; 0; 0; 0; 0; 0; 0; 0; 0; 0; 0; 0; 3; 4; 296; 0; 9999
1961;10; 0; 0; 0; 0; 0; 0; 0; 0; 26; 0; 29; 0; 0; 40; 0; 68; 24; 44; 0; 73; 0; 86; 13; 0; 0; 62; 0; 0; 0; 61; 558
1961;11; 271; 192; 6; 29; 77; 0; 0; 0; 0; 0; 6; 93; 0; 195; 74; 0; 0; 0; 0; 114; 72; 85; 29; 29; 0; 0; 311; 89; 14; 0; 9999
1961;12; 0; 19; 79; 8; 0; 0; 0; 0; 0; 0; 0; 0; 0; 0; 2; 141; 145; 0; 0; 25; 54; 52; 131; 23; 357; 0; 0; 33; 0; 0; 0
1962;01; 0; 0; 69; 0; 0; 0; 0; 99; 0; 0; 0; 0; 0; 0; 0; 46; 69; 200; 51; 0; 0; 0; 0; 98; 0; 48; 0; 0; 0; 0; 0
1962;02; 0; 5; 0; 473; 0; 40; 4; 0; 0; 0; 6; 0; 0; 0; 0; 95; 0; 0; 21; 0; 0; 384; 211; 96; 0; 0; 0; 0; 9999; 9999; 9999
1962;03; 2; 165; 19; 0; 173; 5; 0; 0; 0; 82; 50; 188; 42; 70; 3; 12; 35; 0; 158; 19; 0; 0; 0; 0; 10; 0; 0; 0; 0; 0; 0
1962;04; 0; 0; 0; 0; 0; 0; 0; 0; 5; 56; 0; 0; 0; 0; 0; 0; 0; 0; 0; 0; 0; 0; 0; 0; 0; 53; 0; 0; 152; 44; 9999
1962;05; 16; 0; 69; 0; 0; 0; 0; 0; 0; 0; 0; 0; 0; 0; 0; 0; 0; 19; 0; 0; 0; 0; 0; 0; 0; 0; 0; 79; 23; 0; 0
1962;06; 0; 0; 204; 0; 0; 0; 27; 110; 0; 11; 0; 0; 0; 0; 0; 0; 0; 0; 0; 0; 0; 0; 122; 0; 0; 0; 0; 0; 0; 0; 9999
1962;07; 0; 0; 0; 0; 0; 33; 0; 0; 0; 73; 0; 0; 0; 0; 0; 0; 0; 0; 156; 12; 0; 0; 0; 0; 0; 0; 0; 0; 6; 0; 0
1962;08; 0; 0; 0; 0; 0; 0; 0; 0; 0; 0; 56; 56; 0; 0; 0; 144; 76; 0; 0; 0; 0; 6; 167; 0; 0; 0; 0; 0; 0; 0; 2
1962;09; 0; 0; 0; 0; 0; 0; 0; 0; 88; 0; 0; 39; 14; 3; 0; 0; 0; 0; 62; 58; 71; 46; 0; 0; 0; 0; 0; 0; 0; 0; 9999
1962;10; 0; 299; 180; 400; 46; 0; 0; 178; 467; 6; 160; 60; 0; 0; 0; 0; 0; 40; 25; 56; 0; 0; 0; 0; 44; 0; 0; 0; 52; 27; 78
1962;11; 0; 0; 0; 0; 0; 0; 29; 167; 14; 0; 0; 0; 0; 0; 0; 0; 0; 5; 201; 465; 36; 37; 0; 0; 0; 0; 0; 0; 0; 56; 9999
1962;12; 0; 0; 165; 255; 47; 359; 0; 0; 0; 0; 0; 0; 110; 0; 0; 0; 0; 65; 65; 0; 0; 0; 0; 0; 78; 0; 319; 0; 0; 349; 367
1963;01; 492; 445; 0; 0; 0; 0; 0; 8; 37; 0; 0; 4; 326; 166; 294; 8; 114; 356; 283; 3; 0; 0; 12; 0; 0; 10; 0; 82; 13; 0; 7
1963;02; 21; 164; 18; 63; 0; 28; 220; 0; 0; 0; 0; 0; 0; 0; 0; 0; 0; 17; 0; 0; 50; 508; 15; 0; 220; 204; 0; 0; 9999; 9999; 9999
1963;03; 0; 0; 176; 58; 186; 0; 0; 0; 174; 0; 24; 0; 0; 0; 0; 0; 0; 0; 0; 100; 32; 363; 0; 85; 0; 244; 0; 21; 0; 0; 0
1963;04; 0; 0; 0; 0; 0; 0; 0; 0; 0; 0; 0; 0; 0; 0; 0; 45; 0; 0; 0; 0; 0; 0; 0; 0; 0; 0; 0; 0; 0; 0; 9999
1963;05; 0; 0; 0; 71; 0; 0; 0; 0; 0; 0; 0; 0; 0; 0; 0; 0; 0; 28; 0; 0; 0; 0; 0; 0; 0; 0; 0; 0; 0; 0; 0
1963;06; 0; 0; 0; 0; 0; 0; 0; 0; 0; 0; 0; 17; 166; 28; 0; 0; 0; 0; 0; 0; 0; 0; 0; 0; 0; 0; 0; 0; 0; 0; 9999
1963;07; 0; 0; 0; 0; 0; 0; 0; 0; 0; 0; 0; 0; 0; 0; 0; 0; 0; 0; 0; 0; 0; 39; 0; 0; 0; 0; 0; 0; 0; 0; 0
1963;08; 0; 0; 0; 0; 0; 0; 0; 0; 0; 0; 0; 0; 0; 0; 0; 33; 0; 0; 0; 0; 0; 0; 0; 0; 0; 34; 0; 0; 0; 0; 0
1963;09; 0; 0; 0; 0; 0; 0; 0; 0; 0; 0; 0; 0; 0; 0; 0; 0; 0; 0; 0; 0; 0; 98; 0; 65; 0; 0; 6; 282; 326; 22; 9999
1963;10; 52; 0; 0; 0; 93; 162; 278; 0; 0; 0; 0; 0; 0; 0; 25; 4; 0; 84; 174; 295; 0; 161; 12; 0; 0; 0; 75; 140; 0; 0; 0
1963;11; 0; 178; 0; 0; 0; 36; 0; 82; 91; 0; 0; 0; 0; 122; 2; 341; 0; 7; 251; 32; 176; 0; 0; 0; 0; 0; 0; 0; 0; 147; 9999
1963;12; 0; 0; 0; 0; 54; 0; 203; 0; 51; 0; 0; 90; 16; 0; 0; 0; 0; 0; 0; 164; 0; 0; 0; 0; 0; 0; 0; 0; 0; 0; 0
1964;01; 35; 37; 0; 0; 0; 0; 0; 65; 0; 0; 0; 0; 0; 0; 0; 0; 0; 28; 0; 0; 0; 0; 16; 0; 0; 43; 0; 111; 0; 0; 0
1964;02; 0; 0; 360; 25; 36; 0; 0; 36; 0; 0; 122; 70; 100; 290; 335; 304; 302; 185; 40; 0; 0; 0; 0; 0; 0; 0; 0; 0; 0; 9999; 9999
1964;03; 0; 0; 0; 49; 82; 0; 0; 8; 0; 0; 0; 0; 0; 0; 207; 67; 0; 0; 0; 0; 0; 0; 0; 0; 10; 228; 128; 191; 228; 0; 0
1964;04; 0; 0; 0; 0; 0; 0; 0; 0; 0; 0; 0; 0; 0; 0; 0; 54; 0; 0; 0; 0; 0; 0; 0; 0; 0; 0; 0; 0; 0; 37; 9999
1964;05; 358; 0; 0; 73; 0; 337; 0; 0; 0; 0; 0; 0; 0; 0; 700; 0; 0; 0; 0; 0; 0; 0; 0; 0; 0; 0; 0; 0; 37; 0; 0
1964;06; 0; 0; 0; 0; 7; 0; 0; 0; 0; 6; 15; 129; 0; 8; 42; 4; 7; 8; 18; 0; 0; 0; 0; 0; 265; 0; 0; 4; 0; 40; 9999
1964;07; 0; 0; 128; 140; 0; 0; 0; 0; 7; 0; 0; 0; 0; 0; 0; 0; 119; 0; 0; 0; 0; 0; 0; 0; 119; 0; 0; 0; 0; 0; 0
1964;08; 0; 0; 16; 0; 0; 0; 0; 0; 0; 0; 0; 0; 0; 0; 0; 16; 17; 0; 0; 140; 19; 100; 0; 0; 0; 0; 0; 0; 0; 0; 0
1964;09; 0; 0; 128; 0; 0; 0; 0; 0; 0; 0; 0; 0; 0; 0; 0; 0; 0; 0; 0; 0; 0; 0; 0; 64; 16; 0; 0; 63; 0; 119; 9999
1964;10; 0; 0; 0; 0; 0; 0; 100; 0; 0; 0; 0; 0; 0; 0; 0; 0; 0; 0; 0; 4; 133; 0; 0; 0; 250; 60; 0; 0; 0; 337; 2
1964;11; 0; 0; 0; 0; 422; 70; 0; 0; 0; 0; 0; 0; 0; 0; 0; 260; 116; 0; 0; 10; 0; 100; 114; 0; 0; 0; 0; 0; 0; 10; 9999
1964;12; 176; 370; 70; 637; 0; 0; 0; 0; 0; 0; 0; 973; 0; 0; 0; 120; 0; 0; 0; 0; 64; 382; 228; 237; 110; 35; 0; 0; 64; 146; 10
1965;01; 0; 0; 0; 110; 140; 64; 82; 255; 0; 0; 270; 291; 564; 64; 50; 64; 0; 0; 0; 0; 0; 0; 0; 20; 70; 0; 0; 0; 270; 70; 204
1965;02; 191; 385; 390; 40; 137; 0; 0; 0; 0; 0; 0; 0; 54; 70; 34; 563; 0; 0; 0; 0; 0; 10; 44; 12; 0; 42; 0; 243; 9999; 9999; 9999
1965;03; 100; 180; 140; 0; 0; 0; 0; 0; 204; 156; 0; 0; 0; 0; 0; 0; 80; 80; 133; 0; 0; 90; 80; 50; 0; 0; 0; 0; 100; 100; 0
1965;04; 0; 0; 0; 0; 0; 0; 300; 0; 215; 0; 0; 0; 0; 0; 0; 0; 0; 0; 213; 0; 0; 0; 0; 0; 0; 0; 28; 0; 651; 358; 9999
1965;05; 0; 0; 0; 0; 0; 0; 0; 0; 5; 0; 78; 108; 88; 152; 610; 0; 0; 94; 205; 0; 0; 0; 0; 0; 0; 0; 0; 0; 0; 0; 0
1965;06; 0; 0; 0; 0; 0; 0; 0; 0; 80; 136; 0; 0; 0; 47; 6; 2; 0; 0; 0; 0; 0; 0; 13; 24; 0; 0; 0; 0; 0; 0; 9999
1965;07; 0; 0; 0; 203; 1; 235; 0; 0; 0; 347; 0; 0; 0; 0; 10; 0; 0; 0; 0; 0; 32; 0; 0; 0; 0; 0; 0; 0; 0; 11; 45
1965;08; 0; 0; 0; 25; 0; 0; 63; 0; 0; 101; 0; 0; 40; 0; 30; 101; 0; 0; 0; 36; 0; 0; 0; 0; 0; 0; 0; 0; 0; 0; 0
1965;09; 0; 0; 0; 0; 0; 0; 0; 0; 0; 0; 100; 0; 0; 15; 0; 0; 0; 0; 0; 0; 0; 0; 0; 0; 0; 0; 36; 474; 25; 0; 9999
1965;10; 558; 178; 0; 0; 0; 0; 0; 5; 0; 0; 246; 0; 0; 0; 87; 0; 0; 0; 3; 0; 102; 0; 0; 0; 0; 30; 0; 0; 0; 1; 0
1965;11; 0; 0; 0; 0; 0; 64; 0; 0; 179; 10; 0; 100; 64; 148; 0; 0; 0; 0; 0; 0; 0; 3; 0; 0; 0; 0; 0; 25; 0; 43; 9999
1965;12; 0; 379; 2; 46; 261; 0; 197; 0; 12; 2; 3; 17; 33; 62; 30; 101; 0; 0; 0; 0; 0; 0; 0; 15; 0; 19; 0; 361; 0; 3; 0
1966;01; 15; 553; 255; 7; 197; 0; 0; 0; 21; 0; 11; 0; 0; 0; 0; 0; 0; 0; 0; 121; 0; 0; 175; 0; 0; 0; 10; 0; 0; 172; 303
1966;02; 0; 0; 0; 0; 0; 79; 40; 20; 100; 199; 121; 155; 83; 95; 0; 0; 0; 77; 0; 265; 0; 95; 0; 0; 0; 0; 0; 0; 9999; 9999; 9999
1966;03; 0; 15; 0; 0; 275; 28; 0; 0; 18; 0; 0; 0; 0; 0; 0; 0; 0; 0; 0; 0; 0; 65; 32; 0; 0; 120; 5; 165; 54; 0; 0
1966;04; 270; 13; 17; 0; 0; 55; 384; 0; 0; 0; 0; 0; 0; 0; 0; 0; 0; 0; 0; 0; 0; 0; 0; 0; 0; 116; 0; 0; 0; 0; 9999
1966;05; 0; 0; 0; 1; 125; 24; 0; 0; 0; 1; 0; 171; 0; 0; 0; 0; 0; 0; 0; 0; 0; 0; 3; 0; 0; 0; 0; 0; 0; 0; 0
1966;06; 0; 0; 0; 0; 0; 0; 0; 0; 0; 0; 0; 0; 0; 0; 0; 0; 0; 40; 0; 40; 10; 0; 0; 73; 0; 0; 0; 0; 0; 145; 9999
1966;07; 100; 213; 291; 0; 0; 0; 0; 0; 0; 0; 0; 0; 0; 0; 0; 128; 0; 0; 0; 0; 0; 0; 82; 0; 0; 0; 0; 0; 0; 0; 30
1966;08; 0; 0; 0; 0; 0; 0; 0; 0; 0; 0; 0; 0; 0; 0; 23; 0; 0; 0; 0; 0; 0; 0; 0; 0; 90; 0; 0; 0; 5; 50; 48
1966;09; 485; 140; 149; 37; 0; 0; 0; 0; 0; 0; 0; 0; 0; 0; 0; 52; 51; 0; 0; 75; 6; 0; 0; 0; 0; 0; 0; 0; 107; 0; 9999
1966;10; 0; 0; 0; 26; 0; 0; 0; 232; 200; 0; 0; 0; 130; 0; 0; 0; 15; 0; 97; 0; 0; 4; 345; 0; 0; 0; 4; 614; 0; 4; 0
1966;11; 70; 5; 0; 0; 0; 0; 0; 0; 3; 0; 0; 0; 92; 0; 0; 482; 4; 0; 0; 0; 0; 14; 0; 0; 0; 0; 0; 0; 0; 0; 9999
1966;12; 0; 335; 0; 0; 0; 0; 0; 0; 0; 0; 152; 0; 32; 54; 36; 0; 46; 50; 416; 105; 66; 0; 19; 23; 0; 0; 0; 0; 21; 0; 0
1967;01; 0; 0; 91; 0; 0; 0; 0; 44; 73; 0; 0; 41; 118; 80; 24; 11; 0; 36; 70; 0; 461; 2; 383; 0; 0; 33; 352; 0; 0; 0; 0
1967;02; 3; 25; 11; 66; 10; 0; 19; 0; 70; 3; 77; 0; 0; 51; 0; 0; 57; 23; 20; 3; 0; 123; 28; 0; 0; 0; 0; 0; 9999; 9999; 9999
1967;03; 0; 0; 43; 0; 122; 174; 103; 10; 0; 0; 0; 0; 235; 208; 26; 35; 0; 0; 30; 0; 0; 0; 0; 0; 0; 0; 0; 24; 190; 0; 0
1967;04; 0; 0; 0; 0; 0; 0; 0; 0; 0; 0; 0; 0; 0; 0; 0; 93; 0; 0; 0; 0; 0; 0; 0; 0; 0; 0; 0; 10; 0; 0; 9999
1967;05; 0; 0; 0; 0; 0; 0; 0; 0; 0; 0; 0; 0; 0; 0; 0; 0; 0; 0; 0; 0; 0; 0; 0; 0; 0; 0; 0; 0; 0; 0; 0
1967;06; 0; 0; 0; 51; 94; 552; 74; 0; 0; 0; 190; 361; 357; 102; 0; 0; 0; 0; 0; 0; 0; 0; 0; 0; 0; 0; 0; 0; 0; 0; 9999
1967;07; 0; 0; 0; 0; 0; 0; 0; 0; 0; 0; 29; 38; 124; 0; 140; 0; 0; 0; 0; 0; 0; 93; 107; 0; 0; 0; 0; 0; 0; 0; 0
1967;08; 0; 0; 0; 0; 0; 0; 0; 0; 0; 0; 0; 0; 0; 0; 0; 0; 0; 0; 0; 0; 0; 0; 2; 0; 0; 0; 0; 0; 0; 0; 0
1967;09; 0; 0; 0; 0; 0; 0; 0; 123; 213; 0; 84; 22; 210; 0; 0; 0; 0; 0; 0; 8; 246; 3; 0; 0; 0; 0; 0; 0; 0; 0; 9999
1967;10; 0; 17; 0; 0; 0; 0; 0; 0; 0; 0; 0; 190; 0; 0; 0; 0; 3; 0; 0; 140; 173; 27; 0; 0; 0; 47; 38; 0; 0; 0; 0
1967;11; 0; 0; 52; 50; 0; 0; 0; 0; 0; 0; 0; 109; 44; 0; 49; 59; 43; 149; 53; 0; 0; 0; 0; 0; 73; 123; 0; 67; 13; 0; 9999
1967;12; 0; 0; 355; 43; 9; 0; 0; 0; 63; 323; 0; 0; 0; 0; 0; 0; 10; 25; 43; 0; 0; 0; 0; 0; 0; 0; 0; 0; 0; 80; 202
1968;01; 3; 74; 152; 252; 0; 0; 0; 0; 0; 0; 0; 184; 14; 2; 88; 788; 584; 187; 142; 191; 145; 227; 51; 101; 231; 11; 0; 0; 0; 0; 0
1968;02; 0; 0; 0; 0; 0; 0; 2; 0; 0; 0; 0; 4; 0; 0; 0; 0; 0; 0; 0; 0; 0; 0; 0; 0; 0; 0; 0; 0; 0; 9999; 9999
1968;03; 0; 52; 0; 0; 74; 102; 85; 53; 42; 0; 0; 64; 50; 0; 0; 0; 0; 0; 0; 0; 0; 0; 0; 0; 0; 0; 0; 38; 0; 0; 0
1968;04; 0; 10; 10; 0; 0; 0; 0; 0; 0; 0; 0; 0; 0; 0; 0; 2; 0; 0; 0; 7; 112; 0; 0; 0; 0; 0; 0; 0; 25; 0; 9999
1968;05; 0; 0; 0; 0; 0; 0; 0; 0; 3; 0; 0; 0; 0; 0; 0; 0; 0; 0; 0; 0; 0; 175; 0; 0; 0; 0; 0; 0; 0; 0; 0
1968;06; 0; 0; 0; 0; 0; 0; 0; 80; 0; 0; 0; 0; 0; 0; 0; 0; 0; 0; 0; 75; 35; 0; 0; 0; 0; 0; 0; 0; 0; 0; 9999
1968;07; 0; 0; 0; 0; 21; 0; 0; 0; 0; 30; 0; 0; 0; 0; 0; 0; 0; 0; 0; 0; 0; 0; 0; 0; 0; 0; 0; 0; 0; 0; 0
1968;08; 0; 0; 0; 0; 18; 0; 0; 328; 453; 0; 0; 0; 0; 0; 0; 0; 0; 0; 0; 0; 0; 0; 0; 0; 0; 0; 0; 0; 0; 0; 180
1968;09; 0; 0; 0; 0; 0; 0; 0; 0; 0; 0; 0; 0; 0; 0; 0; 0; 0; 0; 0; 0; 148; 0; 0; 0; 0; 0; 0; 0; 45; 0; 9999
1968;10; 0; 0; 0; 0; 0; 0; 0; 0; 129; 0; 10; 0; 0; 0; 0; 0; 134; 163; 334; 0; 0; 67; 26; 188; 0; 0; 18; 43; 0; 36; 34
1968;11; 0; 0; 0; 0; 0; 0; 69; 0; 0; 0; 153; 0; 0; 0; 0; 0; 0; 0; 0; 0; 0; 0; 0; 0; 0; 0; 0; 222; 714; 53; 9999
1968;12; 560; 84; 0; 0; 0; 0; 57; 110; 0; 0; 0; 0; 0; 0; 0; 0; 280; 0; 0; 49; 0; 28; 256; 103; 153; 302; 0; 63; 45; 0; 16
1969;01; 0; 0; 0; 240; 0; 0; 0; 0; 0; 0; 165; 21; 0; 0; 0; 0; 0; 0; 53; 0; 0; 0; 0; 35; 0; 0; 0; 0; 276; 147; 0
1969;02; 0; 0; 0; 0; 0; 0; 49; 0; 0; 0; 0; 53; 0; 0; 0; 0; 200; 0; 285; 0; 5; 0; 0; 0; 0; 0; 0; 180; 9999; 9999; 9999
1969;03; 0; 91; 0; 137; 294; 88; 0; 0; 0; 0; 0; 0; 0; 0; 0; 0; 0; 0; 0; 0; 0; 0; 0; 36; 0; 0; 105; 282; 0; 171; 0
1969;04; 0; 23; 0; 235; 130; 0; 0; 0; 359; 0; 0; 0; 0; 0; 0; 0; 0; 0; 0; 0; 0; 0; 0; 0; 0; 0; 0; 0; 79; 0; 9999
1969;05; 0; 0; 0; 0; 0; 0; 0; 0; 0; 0; 0; 0; 0; 0; 0; 0; 0; 0; 0; 0; 0; 0; 0; 86; 0; 109; 21; 0; 64; 0; 39
1969;06; 0; 482; 0; 0; 0; 0; 0; 0; 0; 0; 0; 0; 0; 0; 233; 0; 0; 0; 0; 0; 385; 0; 0; 0; 0; 0; 0; 0; 0; 0; 9999
1969;07; 26; 0; 0; 0; 0; 0; 0; 235; 58; 0; 0; 0; 0; 0; 0; 0; 0; 0; 0; 0; 0; 0; 15; 0; 0; 0; 0; 0; 0; 0; 0
1969;08; 0; 0; 0; 0; 0; 0; 56; 0; 43; 0; 0; 0; 0; 0; 0; 0; 0; 0; 0; 0; 0; 0; 0; 0; 0; 0; 0; 0; 0; 0; 0
1969;09; 0; 0; 0; 173; 106; 0; 0; 0; 0; 0; 0; 0; 0; 0; 0; 0; 0; 0; 0; 306; 0; 0; 0; 0; 0; 0; 0; 0; 0; 420; 9999
1969;10; 312; 0; 344; 262; 213; 0; 288; 0; 0; 0; 0; 0; 0; 0; 0; 0; 0; 0; 0; 441; 0; 0; 196; 0; 0; 0; 0; 0; 0; 375; 0
1969;11; 0; 0; 86; 0; 0; 37; 87; 124; 226; 0; 0; 0; 322; 40; 0; 43; 0; 0; 410; 43; 0; 0; 147; 0; 0; 0; 0; 0; 22; 78; 9999
1969;12; 0; 0; 0; 0; 0; 0; 0; 0; 0; 0; 0; 0; 0; 0; 0; 0; 0; 0; 0; 0; 0; 0; 590; 87; 0; 0; 0; 0; 0; 0; 153
1970;01; 395; 216; 167; 90; 50; 0; 70; 13; 327; 344; 0; 0; 0; 0; 0; 600; 0; 0; 129; 331; 0; 0; 0; 0; 0; 0; 0; 0; 0; 117; 384
1970;02; 179; 0; 0; 18; 219; 118; 0; 0; 182; 0; 0; 0; 0; 0; 150; 306; 42; 144; 42; 180; 550; 44; 0; 0; 0; 0; 0; 0; 9999; 9999; 9999
1970;03; 0; 0; 0; 0; 0; 0; 0; 0; 170; 0; 0; 0; 0; 0; 0; 0; 191; 34; 0; 0; 36; 0; 0; 0; 0; 0; 0; 0; 0; 0; 0
1970;04; 0; 22; 0; 0; 48; 0; 0; 0; 0; 0; 0; 0; 0; 0; 0; 0; 0; 0; 0; 0; 0; 0; 0; 0; 0; 0; 0; 0; 0; 0; 9999
1970;05; 0; 0; 0; 0; 0; 411; 92; 0; 0; 2; 0; 0; 0; 0; 0; 0; 0; 0; 0; 52; 0; 0; 0; 0; 0; 0; 0; 0; 0; 0; 0
1970;06; 0; 0; 0; 0; 0; 0; 0; 205; 230; 0; 0; 0; 0; 0; 113; 0; 0; 82; 53; 0; 0; 0; 123; 0; 0; 0; 0; 0; 93; 428; 9999
1970;07; 0; 33; 0; 0; 0; 0; 0; 0; 0; 0; 0; 0; 0; 0; 0; 0; 0; 0; 0; 0; 0; 0; 0; 0; 0; 0; 0; 0; 0; 0; 0
1970;08; 0; 0; 0; 0; 0; 0; 0; 0; 0; 0; 0; 0; 0; 0; 0; 0; 0; 0; 0; 0; 0; 0; 0; 15; 146; 93; 326; 170; 0; 149; 203
1970;09; 0; 0; 0; 0; 0; 0; 132; 0; 0; 4; 182; 44; 71; 59; 0; 134; 0; 0; 0; 69; 179; 410; 0; 0; 0; 0; 0; 0; 35; 0; 9999
1970;10; 0; 192; 25; 193; 0; 0; 0; 0; 334; 0; 0; 0; 53; 0; 0; 0; 0; 0; 0; 36; 73; 61; 0; 0; 0; 0; 0; 0; 0; 0; 0
1970;11; 0; 0; 14; 0; 0; 0; 0; 386; 38; 0; 0; 0; 0; 0; 0; 0; 0; 0; 0; 0; 0; 21; 0; 0; 0; 0; 0; 20; 37; 0; 9999
1970;12; 53; 0; 0; 0; 0; 0; 0; 0; 0; 520; 64; 160; 250; 354; 0; 9; 400; 0; 0; 707; 72; 8; 0; 0; 100; 229; 0; 105; 0; 221; 105
1971;01; 8; 387; 220; 0; 168; 12; 18; 50; 30; 0; 0; 0; 0; 30; 0; 0; 0; 0; 0; 0; 0; 0; 15; 0; 0; 0; 0; 0; 0; 51; 203
1971;02; 0; 51; 0; 0; 3; 0; 0; 0; 3; 70; 0; 0; 126; 0; 0; 0; 0; 0; 0; 149; 135; 43; 453; 0; 0; 0; 160; 3; 9999; 9999; 9999
1971;03; 2; 0; 0; 0; 0; 77; 0; 0; 0; 0; 60; 0; 0; 144; 0; 418; 0; 0; 0; 0; 40; 0; 3; 10; 75; 0; 5; 26; 0; 0; 0
1971;04; 0; 0; 0; 0; 0; 0; 0; 0; 0; 240; 0; 0; 0; 0; 0; 0; 0; 149; 20; 0; 0; 166; 110; 15; 0; 0; 0; 0; 0; 0; 9999
1971;05; 0; 0; 138; 20; 93; 0; 0; 0; 190; 0; 0; 0; 0; 0; 0; 80; 0; 0; 0; 0; 0; 0; 0; 0; 0; 23; 130; 100; 0; 0; 0
1971;06; 0; 0; 0; 0; 0; 0; 90; 0; 175; 0; 0; 5; 0; 0; 26; 98; 6; 467; 438; 114; 3; 0; 0; 0; 0; 0; 0; 0; 0; 0; 9999
1971;07; 0; 36; 55; 188; 325; 0; 0; 0; 0; 0; 0; 0; 0; 0; 0; 0; 0; 0; 0; 0; 0; 0; 0; 0; 0; 0; 0; 0; 0; 170; 100
1971;08; 4; 0; 0; 0; 0; 0; 0; 0; 38; 42; 41; 0; 0; 0; 0; 0; 0; 0; 0; 0; 0; 0; 0; 0; 0; 0; 0; 0; 0; 0; 0
1971;09; 0; 0; 0; 0; 0; 0; 50; 8; 0; 38; 0; 146; 0; 0; 0; 0; 0; 0; 0; 0; 0; 0; 0; 56; 64; 17; 0; 0; 0; 0; 9999
1971;10; 20; 0; 0; 100; 0; 0; 126; 0; 0; 100; 209; 102; 0; 0; 0; 0; 0; 0; 0; 0; 0; 0; 0; 0; 0; 0; 0; 0; 18; 0; 0
1971;11; 0; 20; 0; 0; 0; 0; 0; 0; 0; 0; 0; 0; 370; 12; 0; 0; 0; 0; 0; 0; 0; 0; 0; 0; 12; 8; 50; 0; 0; 0; 9999
1971;12; 89; 0; 0; 374; 0; 0; 0; 12; 0; 0; 0; 0; 18; 202; 84; 0; 0; 0; 0; 227; 0; 0; 163; 22; 0; 68; 112; 0; 165; 0; 378
1972;01; 0; 23; 0; 0; 88; 120; 2; 244; 0; 0; 0; 19; 33; 0; 0; 0; 0; 0; 0; 27; 0; 105; 602; 15; 0; 0; 10; 95; 139; 95; 0
1972;02; 373; 5; 0; 0; 0; 0; 0; 65; 15; 0; 0; 175; 78; 324; 145; 122; 134; 102; 33; 117; 0; 0; 0; 0; 0; 1045; 35; 60; 0; 9999; 9999
1972;03; 0; 0; 16; 0; 0; 336; 0; 4; 59; 17; 0; 0; 0; 0; 0; 0; 0; 0; 47; 0; 0; 0; 0; 12; 0; 0; 0; 0; 0; 111; 17
1972;04; 96; 0; 57; 334; 0; 0; 0; 0; 0; 0; 0; 0; 0; 0; 58; 0; 0; 0; 0; 0; 0; 0; 0; 0; 0; 0; 0; 0; 0; 0; 9999
1972;05; 0; 0; 0; 0; 0; 0; 0; 28; 52; 17; 0; 0; 0; 0; 0; 0; 0; 0; 0; 0; 0; 0; 235; 0; 123; 0; 0; 0; 0; 0; 0
1972;06; 0; 0; 0; 0; 0; 0; 0; 0; 0; 0; 0; 0; 0; 0; 0; 0; 0; 46; 202; 0; 0; 0; 0; 0; 0; 0; 0; 0; 0; 0; 9999
1972;07; 0; 0; 0; 0; 0; 0; 0; 338; 0; 1; 0; 237; 834; 0; 49; 225; 0; 0; 0; 0; 0; 139; 0; 2; 0; 0; 162; 1; 0; 0; 0
1972;08; 0; 0; 0; 396; 18; 65; 0; 0; 1; 0; 0; 23; 0; 0; 0; 0; 0; 0; 0; 0; 0; 0; 31; 0; 63; 0; 23; 13; 34; 90; 2
1972;09; 1; 0; 0; 15; 0; 115; 0; 0; 0; 0; 261; 0; 2; 23; 0; 0; 0; 0; 0; 0; 0; 0; 219; 0; 281; 12; 160; 158; 593; 20; 9999
1972;10; 50; 330; 333; 283; 0; 0; 0; 0; 490; 152; 0; 0; 0; 215; 0; 0; 0; 0; 0; 0; 0; 0; 0; 0; 0; 0; 5; 210; 0; 0; 0
1972;11; 0; 45; 0; 0; 0; 0; 0; 225; 0; 3; 28; 0; 0; 0; 0; 104; 0; 13; 0; 82; 0; 0; 0; 0; 132; 0; 0; 0; 0; 0; 9999
1972;12; 91; 343; 81; 173; 100; 0; 0; 0; 0; 0; 0; 0; 0; 0; 0; 0; 0; 0; 0; 0; 0; 0; 208; 325; 68; 0; 0; 0; 0; 278; 23
1973;01; 141; 34; 53; 726; 0; 68; 0; 0; 0; 216; 0; 0; 0; 0; 0; 73; 0; 0; 0; 23; 476; 37; 434; 401; 23; 100; 30; 0; 0; 0; 0
1973;02; 0; 12; 32; 0; 0; 0; 0; 0; 0; 0; 34; 0; 56; 138; 53; 347; 289; 360; 0; 0; 0; 0; 0; 0; 125; 0; 0; 0; 9999; 9999; 9999
1973;03; 0; 0; 0; 0; 68; 0; 0; 0; 698; 12; 0; 0; 0; 0; 0; 0; 0; 0; 0; 143; 0; 57; 486; 0; 0; 0; 0; 0; 0; 0; 0
1973;04; 0; 0; 0; 0; 0; 0; 0; 0; 38; 0; 0; 0; 0; 0; 0; 8; 0; 0; 0; 0; 0; 0; 0; 0; 0; 0; 0; 0; 0; 0; 9999
1973;05; 0; 83; 158; 0; 153; 24; 13; 0; 0; 0; 127; 0; 8; 3; 5; 2; 2; 0; 0; 0; 37; 365; 0; 0; 0; 0; 0; 2; 5; 12; 10
1973;06; 0; 23; 13; 8; 19; 12; 6; 4; 0; 189; 0; 0; 13; 2; 0; 0; 145; 0; 225; 2; 0; 0; 0; 0; 168; 2; 215; 6; 5; 0; 9999
1973;07; 0; 524; 168; 0; 0; 0; 0; 0; 0; 0; 0; 0; 0; 0; 0; 0; 0; 0; 0; 23; 136; 2; 5; 0; 0; 0; 178; 3; 5; 4; 3
1973;08; 0; 0; 0; 0; 127; 48; 2; 0; 0; 13; 1; 0; 64; 0; 1; 3; 2; 0; 0; 0; 0; 0; 0; 0; 0; 378; 762; 503; 2; 86; 107
1973;09; 86; 290; 35; 0; 0; 36; 0; 0; 0; 100; 0; 0; 204; 0; 0; 0; 0; 0; 0; 153; 34; 58; 127; 0; 0; 0; 0; 0; 0; 0; 9999
1973;10; 0; 0; 0; 0; 0; 0; 290; 0; 782; 2; 464; 36; 0; 0; 0; 0; 0; 50; 0; 0; 0; 0; 0; 303; 34; 425; 34; 0; 0; 0; 0
1973;11; 218; 45; 0; 0; 0; 0; 0; 0; 0; 0; 0; 0; 0; 0; 0; 0; 327; 595; 80; 0; 0; 0; 0; 0; 48; 89; 0; 131; 0; 0; 9999
1973;12; 0; 0; 35; 112; 403; 0; 80; 801; 8; 0; 0; 0; 0; 0; 0; 232; 30; 0; 148; 0; 0; 0; 180; 5; 98; 55; 0; 0; 0; 86; 225
1974;01; 38; 0; 0; 0; 0; 0; 168; 155; 48; 35; 605; 38; 384; 25; 57; 60; 22; 0; 406; 0; 46; 13; 10; 0; 0; 0; 452; 187; 0; 0; 0
1974;02; 0; 0; 0; 100; 52; 0; 0; 0; 0; 0; 38; 0; 0; 0; 0; 0; 38; 152; 0; 0; 0; 273; 0; 0; 29; 0; 0; 0; 9999; 9999; 9999
1974;03; 0; 0; 0; 0; 0; 0; 739; 132; 48; 95; 126; 150; 48; 0; 0; 0; 567; 805; 216; 44; 2; 0; 0; 0; 3; 0; 0; 0; 0; 0; 0
1974;04; 0; 0; 0; 0; 0; 0; 0; 0; 0; 223; 285; 0; 3; 2; 0; 0; 0; 1; 0; 0; 0; 0; 0; 0; 198; 48; 2; 1; 0; 0; 9999
1974;05; 1; 2; 0; 0; 0; 0; 0; 0; 0; 1; 2; 1; 28; 1; 0; 0; 0; 0; 582; 435; 2; 0; 3; 1; 1; 190; 66; 1; 0; 2; 1
1974;06; 1; 46; 92; 2; 3; 1; 5; 1; 0; 85; 0; 2; 86; 0; 0; 0; 0; 2; 0; 0; 52; 48; 0; 0; 232; 286; 89; 2; 0; 2; 9999
1974;07; 1; 1; 3; 3; 2; 1; 1; 2; 1; 0; 0; 0; 0; 0; 0; 0; 0; 0; 13; 38; 1; 0; 0; 0; 1; 1; 1; 0; 0; 0; 0
1974;08; 0; 0; 0; 0; 0; 0; 0; 0; 12; 0; 0; 98; 0; 1; 2; 0; 0; 102; 0; 0; 0; 0; 0; 0; 0; 0; 21; 8; 27; 252; 0
1974;09; 0; 0; 0; 0; 0; 24; 43; 0; 0; 0; 0; 0; 0; 0; 0; 0; 0; 0; 0; 38; 0; 0; 0; 0; 0; 0; 87; 21; 212; 0; 9999
1974;10; 0; 108; 0; 256; 93; 0; 0; 0; 0; 0; 0; 0; 0; 0; 0; 0; 0; 0; 38; 21; 0; 0; 0; 5; 508; 47; 69; 561; 643; 180; 0
1974;11; 0; 0; 0; 0; 0; 150; 0; 0; 0; 0; 0; 0; 104; 23; 0; 0; 0; 0; 0; 0; 623; 28; 0; 0; 0; 0; 0; 25; 0; 158; 9999
1974;12; 185; 46; 80; 72; 0; 0; 0; 0; 0; 0; 0; 13; 0; 24; 46; 0; 303; 590; 38; 0; 215; 34; 253; 0; 0; 0; 0; 155; 129; 292; 727
1975;01; 0; 0; 0; 0; 0; 0; 0; 23; 57; 0; 24; 97; 18; 86; 0; 2; 1; 0; 48; 0; 0; 0; 0; 0; 0; 68; 52; 0; 0; 0; 0
1975;02; 0; 0; 65; 29; 903; 0; 30; 5; 0; 100; 0; 0; 0; 0; 0; 0; 0; 3; 567; 0; 0; 0; 102; 0; 3; 76; 103; 0; 9999; 9999; 9999
1975;03; 0; 2; 56; 8; 68; 0; 0; 0; 0; 0; 0; 0; 0; 0; 0; 68; 0; 0; 138; 195; 0; 0; 0; 0; 0; 0; 0; 0; 0; 115; 480
1975;04; 0; 0; 0; 0; 1; 1; 0; 0; 0; 56; 0; 0; 1; 1; 181; 2; 0; 0; 1; 86; 1; 0; 0; 1; 2; 1; 0; 0; 0; 0; 9999
1975;05; 335; 5; 16; 0; 8; 80; 0; 0; 0; 1; 0; 0; 0; 0; 0; 0; 58; 13; 0; 0; 2; 0; 0; 0; 0; 0; 0; 0; 1; 0; 0
1975;06; 0; 23; 231; 127; 64; 1; 1; 2; 1; 0; 0; 0; 0; 0; 0; 0; 0; 1; 0; 0; 1; 0; 90; 48; 0; 0; 0; 2; 1; 0; 9999
1975;07; 0; 41; 2; 1; 0; 102; 2; 1; 1; 0; 0; 0; 0; 0; 0; 35; 98; 0; 20; 1; 1; 1; 0; 0; 0; 0; 0; 0; 0; 0; 0
1975;08; 0; 0; 0; 0; 95; 82; 0; 0; 0; 0; 0; 0; 0; 0; 0; 0; 0; 0; 0; 0; 0; 0; 0; 0; 0; 0; 0; 0; 0; 0; 0
1975;09; 0; 0; 0; 0; 0; 0; 0; 0; 0; 0; 0; 0; 0; 0; 0; 0; 0; 0; 0; 0; 0; 58; 69; 143; 0; 0; 206; 0; 0; 389; 9999
1975;10; 20; 38; 186; 450; 286; 85; 42; 290; 0; 0; 243; 0; 0; 0; 0; 0; 69; 198; 0; 0; 0; 0; 0; 0; 0; 0; 0; 51; 0; 0; 0
1975;11; 202; 27; 0; 0; 0; 48; 129; 0; 0; 0; 116; 0; 0; 0; 0; 0; 28; 19; 0; 0; 0; 0; 29; 17; 220; 192; 0; 0; 18; 389; 9999
1975;12; 398; 41; 62; 260; 0; 0; 49; 0; 0; 0; 0; 0; 226; 572; 0; 126; 0; 61; 40; 0; 0; 35; 52; 186; 26; 95; 0; 0; 232; 81; 39
1976;01; 81; 327; 61; 120; 0; 0; 68; 29; 8; 25; 61; 280; 38; 0; 0; 7; 29; 0; 0; 42; 528; 0; 0; 0; 0; 39; 71; 20; 0; 0; 0
1976;02; 161; 179; 221; 0; 0; 31; 365; 92; 100; 0; 0; 17; 12; 0; 0; 13; 15; 93; 66; 0; 0; 12; 0; 0; 0; 0; 224; 0; 0; 9999; 9999
1976;03; 39; 8; 125; 71; 2; 0; 0; 0; 0; 0; 0; 1; 62; 389; 6; 0; 0; 91; 80; 0; 272; 8; 2; 6; 0; 0; 72; 0; 0; 0; 0
1976;04; 0; 0; 0; 0; 0; 2; 1; 2; 1; 126; 48; 29; 86; 18; 12; 8; 2; 1; 2; 0; 3; 1; 50; 2; 1; 1; 2; 0; 0; 0; 9999
1976;05; 0; 0; 0; 0; 0; 0; 0; 0; 86; 38; 18; 13; 10; 8; 9; 0; 68; 12; 61; 3; 1; 1; 101; 2; 0; 0; 0; 25; 163; 48; 1
1976;06; 1; 0; 0; 10; 96; 624; 2; 1; 26; 0; 78; 1; 2; 1; 1; 3; 1; 1; 0; 60; 187; 5; 1; 0; 0; 0; 0; 0; 0; 0; 9999
1976;07; 16; 118; 635; 38; 8; 6; 17; 80; 229; 435; 1; 2; 1; 1; 92; 3; 1; 1; 4; 2; 2; 1; 0; 0; 0; 0; 0; 0; 0; 0; 0
1976;08; 0; 0; 0; 0; 0; 83; 1; 0; 0; 81; 102; 260; 419; 123; 2; 5; 0; 0; 328; 26; 2; 1; 1; 1; 2; 1; 0; 0; 0; 0; 0
1976;09; 0; 0; 0; 0; 3; 129; 152; 181; 92; 86; 23; 3; 221; 84; 2; 82; 7; 0; 0; 0; 0; 0; 4; 0; 0; 0; 224; 131; 6; 0; 9999
1976;10; 0; 0; 0; 0; 190; 8; 0; 0; 196; 37; 0; 0; 0; 0; 0; 21; 109; 61; 149; 6; 0; 0; 0; 0; 0; 0; 0; 0; 0; 0; 0
1976;11; 203; 5; 0; 81; 76; 112; 0; 0; 0; 0; 0; 0; 0; 0; 0; 0; 0; 0; 0; 0; 0; 0; 0; 0; 0; 6; 23; 1; 69; 2; 9999
1976;12; 8; 161; 1; 0; 0; 2; 0; 0; 91; 1; 0; 0; 8; 0; 0; 80; 194; 0; 0; 0; 0; 0; 125; 91; 230; 196; 182; 39; 0; 0; 0
1977;01; 161; 0; 19; 12; 454; 121; 28; 79; 265; 8; 2; 0; 0; 0; 193; 125; 70; 161; 269; 45; 0; 0; 0; 1; 0; 0; 0; 164; 0; 0; 0
1977;02; 0; 195; 71; 0; 224; 85; 0; 369; 0; 0; 0; 0; 0; 0; 0; 0; 29; 0; 0; 0; 0; 0; 0; 0; 0; 0; 0; 0; 9999; 9999; 9999
1977;03; 0; 152; 0; 0; 0; 0; 21; 49; 0; 0; 0; 0; 0; 0; 0; 9; 62; 0; 0; 0; 0; 198; 125; 0; 0; 0; 0; 61; 324; 421; 62
1977;04; 225; 3; 0; 1; 1; 2; 1; 0; 260; 118; 5; 2; 1; 2; 1; 1; 2; 0; 0; 1; 1; 2; 48; 4; 2; 1; 1; 3; 2; 3; 9999
1977;05; 2; 5; 2; 2; 1; 0; 0; 1; 1; 1; 1; 2; 1; 1; 1; 0; 5; 2; 2; 1; 1; 1; 0; 0; 0; 1; 3; 2; 1; 38; 0
1977;06; 0; 30; 2; 1; 1; 1; 0; 0; 0; 0; 0; 0; 0; 0; 0; 49; 2; 1; 1; 2; 102; 209; 21; 0; 76; 4; 3; 2; 2; 1; 9999
1977;07; 1; 2; 0; 0; 0; 0; 0; 0; 0; 0; 0; 0; 0; 0; 0; 62; 2; 8; 0; 0; 0; 0; 161; 3; 198; 2; 2; 0; 0; 0; 0
1977;08; 0; 0; 0; 0; 0; 0; 0; 0; 0; 0; 0; 0; 0; 0; 0; 0; 0; 0; 0; 0; 0; 0; 0; 0; 0; 0; 0; 0; 0; 68; 82
1977;09; 0; 0; 0; 0; 0; 0; 0; 35; 1; 0; 0; 0; 0; 0; 0; 0; 0; 90; 126; 29; 140; 0; 0; 0; 0; 0; 0; 0; 0; 0; 9999
1977;10; 0; 162; 5; 0; 0; 0; 0; 0; 0; 0; 0; 0; 112; 6; 0; 189; 80; 65; 0; 0; 0; 0; 0; 0; 5; 0; 0; 0; 0; 0; 0
1977;11; 0; 953; 0; 221; 0; 2; 140; 0; 0; 0; 126; 317; 6; 0; 121; 270; 0; 0; 0; 0; 0; 0; 134; 0; 0; 100; 0; 191; 92; 0; 9999
1977;12; 141; 90; 2; 171; 54; 27; 9; 116; 59; 7; 0; 0; 0; 0; 0; 0; 0; 0; 0; 0; 0; 0; 0; 0; 0; 0; 0; 0; 0; 0; 0
1978;01; 0; 61; 0; 0; 0; 0; 0; 0; 0; 0; 0; 0; 0; 0; 0; 1047; 61; 135; 0; 0; 0; 0; 192; 0; 0; 0; 21; 0; 0; 0; 0
1978;02; 0; 0; 0; 0; 0; 126; 8; 0; 0; 0; 0; 0; 0; 0; 0; 0; 0; 0; 0; 0; 141; 108; 195; 0; 0; 0; 62; 59; 9999; 9999; 9999
1978;03; 40; 0; 581; 129; 8; 0; 0; 0; 221; 393; 901; 60; 0; 0; 1; 1; 3; 2; 1; 1; 2; 1; 0; 9; 0; 0; 0; 360; 0; 2; 1
1978;04; 0; 0; 0; 1; 1; 2; 1; 0; 1; 1; 3; 2; 1; 1; 1; 4; 2; 3; 9; 1; 2; 0; 1; 1; 3; 5; 1; 1; 1; 0; 9999
1978;05; 0; 0; 0; 0; 0; 0; 0; 0; 0; 0; 0; 0; 0; 0; 181; 269; 142; 326; 2; 2; 5; 8; 6; 7; 2; 2; 1; 1; 2; 91; 2
1978;06; 3; 7; 4; 2; 1; 1; 0; 0; 1; 102; 0; 0; 0; 1; 2; 0; 1; 1; 1; 0; 0; 0; 0; 0; 0; 0; 0; 0; 1; 0; 9999
1978;07; 0; 0; 0; 0; 0; 0; 0; 0; 65; 0; 0; 0; 0; 0; 0; 403; 8; 234; 8; 331; 429; 161; 102; 3; 189; 4; 1; 1; 2; 2; 5
1978;08; 0; 0; 1; 0; 0; 0; 0; 0; 0; 0; 0; 0; 0; 292; 78; 7; 6; 6; 3; 40; 2; 2; 0; 0; 0; 0; 0; 0; 0; 0; 47
1978;09; 2; 0; 100; 0; 383; 100; 0; 457; 391; 8; 1; 0; 0; 0; 425; 8; 151; 2; 1; 0; 0; 0; 0; 0; 0; 0; 0; 0; 0; 0; 9999
1978;10; 0; 0; 0; 0; 0; 0; 0; 0; 0; 0; 0; 0; 0; 0; 0; 0; 0; 0; 321; 3; 0; 0; 0; 0; 0; 0; 0; 0; 202; 89; 0
1978;11; 0; 0; 0; 283; 191; 97; 2; 0; 0; 0; 318; 262; 8; 0; 0; 0; 125; 5; 0; 0; 181; 8; 0; 0; 0; 46; 0; 0; 0; 0; 9999
1978;12; 0; 0; 0; 0; 0; 128; 319; 1; 0; 0; 0; 0; 0; 0; 0; 0; 203; 0; 0; 0; 0; 0; 0; 126; 108; 303; 397; 0; 0; 0; 0
1979;01; 92; 8; 0; 0; 0; 0; 0; 0; 0; 0; 0; 61; 0; 0; 0; 0; 0; 0; 0; 0; 0; 0; 0; 0; 0; 0; 0; 46; 31; 8; 0
1979;02; 0; 0; 0; 0; 0; 0; 0; 0; 0; 0; 0; 100; 561; 300; 123; 0; 0; 0; 0; 0; 0; 0; 0; 0; 0; 0; 192; 9; 9999; 9999; 9999
1979;03; 0; 281; 0; 0; 0; 0; 0; 0; 35; 8; 81; 140; 226; 0; 0; 0; 0; 0; 0; 0; 0; 0; 0; 0; 382; 139; 0; 0; 0; 0; 0
1979;04; 0; 0; 0; 0; 121; 2; 0; 0; 0; 1; 2; 1; 2; 0; 0; 0; 0; 0; 0; 0; 0; 0; 0; 0; 0; 0; 0; 0; 0; 0; 9999
1979;05; 0; 0; 0; 0; 0; 0; 298; 382; 131; 0; 0; 0; 110; 183; 2; 1; 0; 0; 0; 0; 0; 0; 0; 280; 4; 3; 3; 2; 1; 341; 8
1979;06; 3; 1; 1; 2; 1; 1; 1; 0; 193; 4; 2; 2; 1; 1; 2; 1; 1; 0; 1; 3; 2; 1; 0; 0; 0; 0; 0; 0; 0; 2; 9999
1979;07; 2; 1; 108; 92; 3; 2; 1; 1; 1; 162; 8; 1; 0; 0; 0; 0; 0; 0; 29; 141; 2; 0; 0; 0; 0; 92; 6; 0; 0; 0; 0
1979;08; 0; 0; 0; 0; 0; 0; 0; 172; 1; 0; 0; 8; 69; 0; 0; 191; 2; 80; 287; 3; 0; 0; 0; 0; 0; 69; 174; 0; 0; 0; 0
1979;09; 0; 0; 27; 0; 0; 0; 0; 0; 0; 61; 190; 327; 0; 92; 6; 141; 3; 169; 74; 2; 0; 0; 126; 8; 0; 0; 0; 0; 0; 0; 9999
1979;10; 86; 239; 126; 0; 0; 0; 171; 203; 298; 2; 0; 0; 0; 0; 63; 0; 0; 0; 0; 0; 0; 0; 0; 0; 0; 49; 20; 0; 0; 42; 128
1979;11; 0; 0; 0; 0; 0; 0; 0; 283; 0; 0; 0; 0; 0; 0; 21; 197; 0; 42; 256; 1; 0; 0; 67; 0; 194; 0; 0; 0; 0; 0; 9999
1979;12; 127; 71; 3; 0; 0; 0; 0; 102; 21; 69; 31; 194; 85; 3; 120; 317; 278; 1; 0; 0; 0; 0; 0; 0; 6; 0; 0; 0; 0; 0; 28
1980;01; 95; 0; 0; 0; 0; 0; 0; 100; 173; 297; 8; 0; 0; 0; 0; 0; 0; 0; 0; 0; 131; 96; 10; 134; 308; 901; 69; 1; 36; 0; 0
1980;02; 8; 903; 3; 0; 0; 0; 0; 0; 0; 227; 121; 169; 60; 2; 0; 0; 198; 121; 2; 23; 0; 0; 0; 82; 3; 0; 183; 329; 106; 9999; 9999
1980;03; 197; 0; 0; 0; 0; 8; 0; 0; 29; 2; 0; 0; 0; 31; 0; 783; 29; 2; 0; 0; 0; 0; 0; 0; 0; 0; 0; 0; 0; 86; 2
1980;04; 0; 0; 0; 182; 419; 176; 0; 0; 0; 0; 0; 0; 213; 128; 392; 31; 0; 0; 2; 1; 1; 0; 0; 0; 0; 0; 0; 0; 0; 0; 9999
1980;05; 0; 89; 8; 0; 1; 0; 0; 0; 1; 1; 128; 3; 1; 0; 0; 0; 0; 0; 0; 62; 90; 0; 0; 0; 0; 0; 0; 0; 0; 0; 0
1980;06; 0; 0; 2; 0; 0; 0; 0; 0; 0; 0; 0; 0; 0; 82; 1; 1; 0; 0; 0; 0; 0; 0; 0; 0; 138; 391; 3; 0; 0; 0; 9999
1980;07; 0; 485; 122; 261; 28; 1; 0; 1; 0; 38; 183; 2; 0; 0; 0; 0; 0; 0; 0; 0; 0; 0; 0; 0; 0; 0; 0; 52; 0; 0; 0
1980;08; 0; 0; 0; 0; 0; 0; 122; 1; 58; 36; 0; 0; 0; 0; 0; 39; 0; 0; 0; 52; 1; 0; 193; 0; 0; 61; 17; 1; 0; 0; 32
1980;09; 0; 1; 0; 0; 0; 0; 0; 0; 215; 31; 0; 0; 0; 0; 128; 91; 1; 0; 161; 60; 187; 293; 1; 0; 0; 0; 0; 0; 8; 0; 9999
1980;10; 0; 0; 0; 0; 0; 0; 0; 0; 21; 0; 186; 80; 10; 0; 0; 0; 0; 0; 0; 39; 0; 0; 237; 0; 0; 0; 0; 0; 0; 0; 126
1980;11; 39; 0; 0; 0; 0; 0; 121; 32; 80; 21; 68; 41; 0; 0; 0; 0; 0; 0; 0; 0; 0; 0; 231; 29; 1; 0; 0; 0; 0; 162; 9999
1980;12; 283; 0; 0; 0; 141; 328; 0; 0; 0; 0; 0; 48; 181; 35; 0; 0; 0; 0; 0; 61; 181; 438; 321; 146; 1; 0; 0; 94; 120; 68; 0
1981;01; 0; 0; 0; 0; 69; 231; 40; 6; 194; 381; 68; 72; 97; 8; 221; 5; 1; 0; 50; 8; 413; 0; 0; 0; 0; 61; 129; 0; 0; 0; 0
1981;02; 69; 0; 0; 0; 21; 0; 300; 23; 2; 0; 2; 46; 12; 0; 0; 0; 0; 0; 0; 0; 81; 190; 2; 0; 0; 43; 0; 0; 9999; 9999; 9999
1981;03; 0; 0; 0; 31; 0; 0; 0; 0; 63; 0; 0; 0; 0; 0; 0; 0; 135; 0; 0; 0; 0; 0; 0; 0; 0; 0; 0; 0; 226; 49; 0
1981;04; 0; 0; 0; 0; 0; 0; 0; 0; 0; 0; 0; 0; 0; 0; 0; 222; 5; 0; 0; 0; 0; 0; 0; 61; 0; 0; 725; 460; 130; 0; 9999
1981;05; 0; 0; 0; 15; 77; 0; 0; 0; 0; 0; 0; 1; 0; 0; 0; 0; 0; 0; 53; 0; 0; 0; 0; 2; 2; 0; 1; 0; 0; 0; 0
1981;06; 0; 0; 9; 0; 0; 80; 55; 3; 0; 1; 0; 0; 42; 3; 0; 305; 0; 0; 0; 0; 0; 0; 0; 0; 0; 0; 0; 0; 0; 0; 9999
1981;07; 0; 0; 75; 0; 0; 0; 0; 0; 0; 0; 0; 0; 0; 0; 0; 0; 0; 0; 69; 9999; 0; 0; 0; 14; 75; 0; 0; 0; 0; 0; 0
1981;08; 0; 0; 0; 0; 0; 0; 0; 0; 36; 55; 2; 6; 0; 0; 0; 0; 0; 93; 0; 0; 0; 0; 0; 0; 0; 0; 0; 0; 0; 0; 0
1981;09; 0; 0; 0; 0; 0; 0; 0; 0; 0; 0; 0; 0; 0; 0; 0; 0; 0; 0; 0; 0; 75; 3; 0; 0; 255; 0; 0; 0; 0; 105; 9999
1981;10; 0; 0; 0; 0; 325; 124; 0; 135; 0; 0; 180; 0; 0; 34; 0; 640; 0; 0; 3; 220; 0; 0; 0; 0; 0; 0; 310; 400; 0; 0; 310
1981;11; 8; 0; 0; 51; 15; 0; 120; 0; 0; 35; 0; 0; 0; 0; 0; 0; 0; 0; 600; 0; 0; 0; 0; 0; 0; 0; 0; 0; 0; 0; 9999
1981;12; 450; 180; 0; 0; 0; 600; 222; 0; 180; 0; 0; 0; 0; 0; 400; 100; 0; 0; 0; 4; 3; 140; 40; 20; 0; 0; 55; 0; 0; 0; 0
1982;01; 0; 0; 10; 0; 0; 0; 0; 30; 0; 177; 8; 204; 0; 0; 0; 0; 0; 0; 0; 0; 0; 0; 350; 0; 0; 0; 0; 0; 25; 85; 0
1982;02; 3; 0; 82; 0; 85; 63; 4; 0; 250; 32; 0; 0; 0; 0; 0; 35; 90; 0; 0; 410; 0; 0; 260; 180; 275; 3; 5; 0; 9999; 9999; 9999
1982;03; 0; 0; 0; 0; 0; 0; 0; 0; 0; 67; 0; 17; 0; 22; 44; 67; 79; 7; 46; 0; 0; 109; 0; 0; 19; 7; 0; 0; 50; 14; 0
1982;04; 0; 0; 0; 0; 0; 165; 0; 0; 0; 0; 0; 0; 216; 0; 86; 0; 0; 0; 0; 0; 0; 0; 3; 0; 0; 0; 0; 0; 0; 0; 9999
1982;05; 0; 0; 0; 0; 0; 0; 0; 0; 0; 0; 0; 0; 0; 0; 0; 0; 0; 0; 144; 19; 0; 0; 0; 276; 600; 0; 0; 0; 0; 0; 0
1982;06; 0; 0; 0; 0; 32; 0; 0; 0; 0; 0; 273; 601; 38; 0; 0; 41; 0; 0; 0; 134; 0; 273; 35; 53; 454; 346; 34; 0; 0; 0; 9999
1982;07; 321; 0; 0; 0; 0; 0; 0; 0; 372; 3; 0; 16; 177; 0; 0; 0; 10; 593; 16; 0; 0; 0; 0; 0; 0; 0; 0; 0; 0; 3; 0
1982;08; 0; 0; 0; 46; 0; 0; 0; 0; 0; 14; 28; 0; 0; 0; 0; 0; 0; 22; 0; 46; 0; 0; 0; 0; 0; 0; 0; 0; 0; 0; 0
1982;09; 0; 13; 0; 0; 17; 0; 0; 0; 0; 0; 0; 0; 0; 0; 0; 0; 0; 0; 51; 0; 0; 0; 0; 0; 0; 0; 0; 98; 0; 0; 9999
1982;10; 0; 252; 0; 107; 0; 24; 3; 266; 22; 0; 191; 127; 0; 0; 0; 0; 0; 673; 0; 0; 98; 115; 296; 86; 0; 0; 0; 0; 5; 0; 0
1982;11; 0; 0; 0; 187; 300; 228; 0; 0; 0; 141; 319; 0; 0; 37; 369; 0; 0; 0; 0; 250; 888; 7; 50; 0; 0; 17; 30; 600; 197; 0; 9999
1982;12; 403; 144; 197; 0; 0; 0; 0; 0; 0; 0; 678; 478; 125; 77; 71; 82; 173; 344; 60; 30; 199; 169; 3; 87; 0; 0; 0; 26; 260; 0; 0
1983;01; 0; 144; 0; 0; 20; 10; 0; 47; 0; 0; 0; 0; 150; 126; 87; 63; 580; 176; 0; 0; 376; 0; 86; 0; 69; 0; 0; 170; 0; 136; 134
1983;02; 132; 0; 7; 35; 0; 0; 0; 0; 15; 227; 3; 476; 0; 13; 0; 3; 0; 64; 0; 0; 0; 0; 0; 2; 0; 0; 0; 0; 9999; 9999; 9999
1983;03; 4; 100; 0; 7; 226; 1012; 3; 11; 0; 0; 0; 417; 0; 0; 0; 0; 7; 0; 407; 0; 0; 0; 0; 0; 0; 0; 0; 140; 0; 0; 0
1983;04; 0; 0; 0; 0; 129; 37; 488; 0; 0; 0; 0; 0; 0; 0; 45; 134; 0; 0; 77; 90; 0; 260; 0; 30; 71; 173; 14; 0; 0; 5; 9999
1983;05; 3; 0; 0; 0; 0; 0; 0; 150; 124; 247; 100; 82; 184; 52; 0; 34; 3; 34; 0; 471; 2; 0; 0; 0; 0; 0; 0; 555; 1083; 454; 403
1983;06; 0; 5; 124; 9; 96; 755; 209; 0; 81; 2; 300; 166; 3; 0; 0; 0; 0; 0; 0; 0; 0; 0; 0; 0; 227; 39; 0; 50; 71; 0; 9999
1983;07; 0; 0; 0; 0; 0; 0; 0; 0; 0; 61; 0; 0; 0; 0; 0; 0; 100; 0; 0; 0; 0; 0; 0; 0; 0; 0; 0; 0; 0; 0; 0
1983;08; 0; 0; 0; 0; 0; 0; 0; 0; 0; 0; 0; 0; 0; 0; 0; 0; 0; 0; 0; 0; 0; 0; 0; 0; 0; 0; 0; 0; 0; 0; 0
1983;09; 0; 0; 0; 0; 455; 504; 200; 97; 8; 0; 0; 30; 39; 0; 0; 304; 33; 405; 324; 0; 0; 0; 45; 15; 74; 0; 0; 0; 0; 0; 9999
1983;10; 0; 102; 0; 0; 0; 0; 0; 0; 0; 0; 30; 0; 0; 0; 0; 23; 0; 253; 3; 0; 0; 503; 2; 0; 0; 0; 0; 0; 0; 0; 0
1983;11; 55; 7; 0; 147; 34; 0; 0; 0; 0; 0; 91; 156; 80; 0; 17; 0; 183; 0; 0; 0; 0; 204; 0; 0; 0; 0; 0; 0; 0; 0; 9999
1983;12; 0; 0; 0; 0; 0; 0; 13; 0; 0; 0; 0; 30; 0; 49; 0; 0; 0; 0; 43; 205; 33; 0; 73; 0; 0; 0; 0; 256; 304; 153; 83
1984;01; 86; 24; 0; 69; 0; 185; 0; 175; 6; 0; 0; 0; 0; 0; 0; 0; 0; 0; 0; 0; 151; 322; 11; 0; 0; 0; 270; 44; 374; 41; 0
1984;02; 0; 0; 0; 0; 0; 263; 0; 0; 0; 0; 4; 0; 0; 0; 26; 0; 42; 0; 0; 0; 150; 0; 0; 0; 0; 0; 5; 0; 345; 9999; 9999
1984;03; 0; 0; 0; 0; 3; 0; 300; 36; 34; 0; 0; 0; 0; 0; 0; 0; 0; 0; 4; 0; 200; 47; 0; 0; 0; 0; 0; 0; 0; 64; 33
1984;04; 61; 0; 0; 4; 0; 0; 0; 0; 0; 0; 0; 0; 0; 0; 190; 0; 0; 0; 8; 0; 0; 0; 0; 44; 9; 0; 0; 0; 0; 36; 9999
1984;05; 0; 0; 110; 0; 0; 0; 0; 0; 0; 0; 0; 201; 150; 10; 124; 0; 0; 221; 0; 0; 0; 0; 0; 0; 0; 0; 0; 0; 0; 23; 0
1984;06; 0; 0; 0; 0; 0; 0; 0; 0; 0; 0; 0; 0; 0; 0; 0; 0; 0; 0; 0; 0; 0; 0; 0; 0; 0; 0; 1; 0; 0; 0; 9999
1984;07; 0; 0; 4; 40; 0; 0; 0; 0; 0; 0; 0; 0; 0; 0; 0; 0; 0; 0; 0; 0; 0; 0; 0; 0; 0; 0; 5; 0; 0; 0; 0
1984;08; 0; 0; 255; 2; 0; 0; 0; 0; 0; 0; 0; 0; 0; 0; 0; 20; 0; 0; 0; 27; 39; 130; 19; 4; 29; 186; 0; 0; 0; 0; 0
1984;09; 0; 0; 0; 0; 0; 0; 43; 0; 0; 0; 0; 0; 0; 0; 0; 0; 0; 0; 0; 5; 404; 0; 0; 0; 0; 110; 560; 4; 0; 0; 9999
1984;10; 0; 0; 0; 0; 0; 0; 51; 0; 219; 0; 0; 0; 0; 0; 0; 0; 0; 7; 30; 0; 0; 0; 0; 0; 0; 0; 0; 0; 0; 0; 0
1984;11; 0; 115; 55; 15; 0; 0; 0; 36; 0; 36; 3; 150; 0; 0; 0; 0; 0; 0; 0; 128; 222; 0; 0; 0; 25; 154; 140; 0; 0; 0; 9999
1984;12; 330; 881; 72; 0; 0; 0; 30; 401; 0; 0; 0; 43; 210; 130; 0; 60; 150; 111; 0; 0; 0; 0; 0; 0; 0; 0; 0; 0; 0; 33; 600
1985;01; 0; 0; 0; 0; 0; 0; 177; 254; 0; 0; 0; 0; 0; 0; 53; 0; 0; 0; 0; 0; 10; 5; 53; 0; 0; 0; 0; 0; 0; 0; 0
1985;02; 0; 0; 0; 0; 380; 162; 0; 0; 65; 73; 125; 153; 0; 0; 0; 0; 0; 0; 430; 0; 51; 60; 241; 0; 0; 0; 61; 0; 9999; 9999; 9999
1985;03; 0; 0; 0; 0; 100; 115; 400; 82; 103; 111; 44; 0; 0; 0; 0; 190; 771; 253; 0; 0; 0; 0; 0; 0; 0; 0; 0; 220; 0; 0; 0
1985;04; 0; 0; 0; 81; 308; 187; 0; 5; 0; 0; 0; 0; 0; 0; 0; 260; 0; 0; 0; 0; 0; 0; 0; 0; 0; 0; 0; 3; 67; 81; 9999
1985;05; 69; 13; 0; 0; 0; 0; 0; 0; 0; 0; 0; 0; 0; 0; 0; 0; 0; 0; 0; 0; 500; 433; 0; 0; 0; 0; 0; 0; 0; 0; 0
1985;06; 0; 0; 134; 31; 0; 0; 0; 0; 0; 0; 0; 0; 0; 0; 0; 0; 0; 0; 0; 0; 0; 0; 0; 0; 0; 0; 0; 8; 3; 0; 9999
1985;07; 0; 2; 0; 1; 0; 207; 0; 0; 0; 0; 0; 0; 0; 0; 0; 0; 0; 0; 0; 0; 0; 0; 0; 0; 0; 0; 0; 0; 0; 0; 0
1985;08; 0; 0; 0; 0; 0; 0; 0; 0; 0; 0; 0; 0; 0; 0; 0; 0; 0; 0; 0; 0; 0; 44; 0; 0; 0; 0; 0; 0; 0; 0; 0
1985;09; 159; 88; 0; 105; 23; 24; 0; 0; 0; 0; 0; 0; 0; 0; 0; 0; 0; 0; 0; 0; 36; 0; 0; 7; 0; 0; 0; 0; 1; 0; 9999
1985;10; 0; 0; 0; 0; 0; 0; 0; 26; 30; 0; 0; 0; 0; 0; 0; 152; 0; 0; 0; 0; 151; 0; 0; 72; 0; 2; 0; 0; 31; 0; 0
1985;11; 0; 280; 54; 36; 0; 0; 0; 0; 0; 0; 0; 0; 0; 0; 0; 0; 0; 0; 0; 0; 11; 103; 1; 0; 155; 43; 0; 0; 0; 0; 9999
1985;12; 0; 0; 0; 261; 0; 0; 0; 0; 0; 0; 0; 0; 0; 0; 56; 17; 0; 0; 0; 0; 102; 63; 0; 0; 0; 0; 20; 0; 0; 77; 0
1986;01; 255; 4; 0; 0; 0; 13; 0; 0; 0; 0; 0; 224; 43; 0; 0; 0; 0; 0; 51; 0; 87; 66; 40; 134; 8; 0; 0; 0; 124; 0; 0
1986;02; 0; 100; 0; 504; 0; 0; 0; 124; 97; 360; 0; 0; 362; 200; 4; 303; 7; 0; 365; 34; 200; 66; 0; 0; 0; 152; 21; 0; 9999; 9999; 9999
1986;03; 0; 8; 0; 0; 41; 0; 134; 0; 0; 14; 5; 24; 60; 0; 0; 0; 13; 0; 94; 0; 0; 37; 0; 0; 0; 44; 0; 0; 0; 155; 0
1986;04; 0; 0; 0; 0; 0; 0; 0; 0; 0; 0; 0; 0; 0; 33; 150; 121; 0; 0; 0; 0; 428; 117; 93; 0; 0; 0; 44; 0; 0; 0; 9999
1986;05; 0; 0; 0; 0; 0; 10; 0; 11; 158; 46; 0; 0; 303; 8; 0; 0; 0; 235; 273; 3; 0; 0; 0; 0; 0; 0; 3; 85; 0; 117; 265
1986;06; 0; 0; 0; 0; 0; 0; 0; 0; 0; 0; 0; 0; 0; 0; 0; 0; 0; 0; 0; 0; 0; 0; 0; 0; 0; 0; 0; 0; 0; 0; 9999
1986;07; 0; 4; 0; 0; 0; 0; 0; 0; 0; 0; 0; 0; 0; 0; 0; 0; 0; 0; 0; 0; 5; 17; 0; 5; 0; 0; 0; 0; 0; 0; 0
1986;08; 0; 0; 0; 0; 0; 0; 0; 0; 0; 0; 73; 0; 0; 102; 260; 84; 73; 34; 0; 0; 673; 81; 5; 0; 0; 0; 0; 0; 0; 0; 0
1986;09; 0; 0; 0; 31; 103; 0; 0; 0; 0; 0; 0; 0; 0; 0; 0; 0; 0; 0; 0; 183; 0; 0; 0; 0; 196; 0; 0; 0; 151; 2; 9999
1986;10; 0; 0; 0; 0; 0; 0; 0; 0; 0; 0; 173; 0; 0; 0; 0; 0; 0; 68; 163; 84; 36; 0; 0; 0; 0; 0; 0; 0; 0; 0; 0
1986;11; 0; 0; 112; 0; 0; 83; 94; 0; 0; 253; 219; 0; 0; 0; 0; 0; 0; 0; 0; 0; 0; 0; 0; 1164; 0; 30; 163; 0; 34; 46; 9999
1986;12; 135; 154; 100; 275; 183; 0; 41; 193; 426; 0; 0; 0; 17; 0; 0; 64; 0; 453; 54; 423; 32; 0; 10; 0; 54; 0; 83; 34; 45; 0; 0
1987;01; 55; 6; 161; 0; 47; 0; 0; 0; 40; 0; 0; 0; 0; 35; 0; 0; 60; 0; 0; 0; 0; 0; 54; 23; 396; 0; 28; 10; 0; 0; 86
1987;02; 65; 291; 211; 323; 14; 235; 173; 0; 0; 0; 0; 0; 35; 0; 0; 69; 0; 235; 187; 62; 0; 23; 0; 0; 0; 123; 151; 0; 9999; 9999; 9999
1987;03; 35; 0; 0; 0; 0; 0; 0; 0; 114; 35; 0; 0; 0; 0; 0; 0; 0; 0; 0; 245; 0; 0; 0; 0; 0; 0; 0; 0; 60; 0; 0
1987;04; 0; 0; 216; 0; 0; 0; 0; 0; 0; 0; 130; 66; 0; 0; 0; 0; 10; 0; 0; 0; 13; 44; 24; 0; 0; 0; 0; 0; 0; 0; 9999
1987;05; 0; 0; 0; 0; 234; 500; 7; 66; 0; 0; 0; 0; 0; 100; 54; 205; 304; 403; 140; 190; 31; 0; 132; 4; 2; 0; 0; 0; 48; 0; 0
1987;06; 0; 0; 24; 0; 0; 0; 0; 0; 0; 5; 0; 0; 365; 0; 503; 313; 0; 0; 0; 0; 0; 0; 330; 0; 0; 0; 0; 0; 0; 0; 9999
1987;07; 0; 0; 0; 0; 0; 0; 0; 154; 263; 0; 0; 0; 0; 0; 0; 0; 0; 0; 0; 0; 0; 0; 0; 0; 0; 0; 0; 0; 0; 39; 0
1987;08; 0; 0; 0; 0; 0; 13; 0; 0; 0; 0; 0; 0; 0; 0; 0; 22; 130; 0; 0; 0; 0; 0; 0; 0; 0; 0; 0; 0; 0; 0; 83
1987;09; 0; 0; 0; 14; 0; 213; 0; 0; 0; 0; 0; 330; 0; 0; 84; 0; 0; 21; 124; 0; 82; 0; 59; 0; 0; 33; 0; 77; 0; 0; 9999
1987;10; 50; 153; 0; 0; 0; 0; 0; 0; 0; 0; 0; 0; 0; 0; 30; 0; 73; 0; 287; 274; 6; 0; 0; 0; 0; 0; 120; 0; 185; 0; 0
1987;11; 0; 0; 0; 0; 0; 299; 65; 32; 84; 0; 0; 0; 0; 295; 425; 316; 0; 0; 0; 0; 0; 0; 0; 0; 361; 0; 0; 0; 0; 0; 9999
1987;12; 0; 0; 0; 180; 0; 40; 0; 55; 0; 0; 0; 0; 66; 0; 0; 0; 139; 140; 41; 0; 0; 0; 0; 0; 0; 0; 0; 0; 0; 0; 0
1988;01; 88; 0; 0; 0; 0; 310; 0; 0; 0; 80; 0; 0; 0; 0; 0; 54; 373; 0; 0; 0; 0; 0; 0; 171; 0; 25; 0; 0; 0; 26; 0
1988;02; 96; 195; 0; 0; 0; 0; 0; 314; 96; 0; 69; 0; 0; 0; 0; 0; 0; 43; 32; 0; 0; 33; 0; 0; 54; 0; 0; 95; 0; 9999; 9999
1988;03; 71; 104; 152; 553; 5; 0; 0; 0; 0; 0; 0; 0; 0; 0; 0; 0; 10; 364; 0; 0; 0; 0; 0; 0; 0; 0; 0; 0; 0; 54; 23
1988;04; 24; 0; 0; 0; 0; 0; 0; 0; 0; 0; 0; 0; 135; 206; 0; 0; 0; 0; 0; 34; 65; 234; 0; 0; 0; 0; 42; 161; 0; 0; 9999
1988;05; 0; 0; 80; 0; 204; 9; 0; 0; 0; 0; 0; 0; 0; 194; 0; 0; 144; 263; 0; 0; 163; 114; 46; 405; 0; 0; 0; 0; 386; 274; 73
1988;06; 0; 84; 41; 0; 0; 0; 0; 0; 0; 0; 0; 0; 0; 224; 0; 0; 0; 0; 0; 0; 65; 0; 0; 128; 0; 0; 0; 2; 0; 0; 9999
1988;07; 0; 0; 0; 0; 0; 0; 0; 0; 0; 0; 0; 0; 0; 0; 0; 0; 0; 0; 2; 0; 0; 0; 0; 0; 0; 0; 0; 0; 0; 0; 0
1988;08; 0; 0; 0; 0; 0; 0; 0; 0; 0; 0; 0; 0; 0; 0; 0; 0; 0; 0; 0; 0; 0; 0; 0; 0; 0; 0; 0; 0; 0; 0; 0
1988;09; 0; 0; 0; 0; 0; 0; 0; 0; 0; 0; 0; 0; 0; 83; 105; 0; 86; 278; 0; 0; 0; 0; 0; 0; 0; 0; 0; 26; 0; 0; 9999
1988;10; 0; 0; 0; 0; 56; 0; 0; 0; 0; 0; 0; 155; 34; 2; 3; 0; 0; 0; 0; 613; 0; 0; 134; 0; 0; 0; 0; 554; 51; 0; 0
1988;11; 0; 0; 0; 0; 0; 0; 24; 0; 0; 0; 0; 0; 315; 0; 0; 0; 0; 0; 0; 86; 0; 124; 0; 0; 0; 0; 0; 0; 0; 0; 9999
1988;12; 7; 33; 24; 0; 0; 0; 0; 0; 0; 0; 0; 0; 0; 0; 0; 0; 0; 0; 5; 0; 389; 0; 0; 203; 218; 0; 7; 304; 253; 84; 0
1989;01; 0; 0; 0; 435; 383; 353; 74; 243; 0; 314; 321; 405; 180; 31; 52; 204; 51; 0; 1; 0; 3; 0; 0; 0; 84; 0; 0; 0; 0; 0; 0
1989;02; 22; 0; 243; 18; 0; 0; 0; 0; 0; 0; 51; 62; 337; 314; 145; 0; 64; 0; 0; 34; 153; 0; 0; 16; 34; 117; 0; 0; 9999; 9999; 9999
1989;03; 94; 21; 0; 43; 0; 145; 0; 0; 0; 0; 0; 0; 0; 76; 305; 0; 0; 0; 0; 554; 0; 194; 0; 0; 0; 94; 0; 0; 0; 0; 0
1989;04; 0; 95; 104; 0; 0; 0; 0; 0; 0; 0; 0; 0; 0; 0; 0; 0; 0; 0; 91; 0; 0; 0; 0; 0; 0; 0; 0; 0; 43; 25; 9999
1989;05; 25; 99; 32; 126; 155; 115; 0; 0; 0; 0; 0; 0; 0; 0; 0; 0; 0; 0; 0; 0; 0; 0; 0; 0; 0; 0; 0; 63; 0; 0; 0
1989;06; 0; 0; 0; 0; 0; 0; 0; 110; 0; 0; 0; 231; 93; 0; 64; 0; 0; 0; 0; 0; 0; 0; 83; 71; 0; 0; 109; 0; 0; 0; 9999
1989;07; 0; 0; 0; 0; 0; 37; 0; 0; 0; 0; 0; 0; 0; 0; 0; 0; 0; 0; 0; 0; 0; 0; 0; 0; 40; 154; 83; 961; 82; 1013; 81
1989;08; 0; 0; 0; 0; 0; 0; 0; 0; 0; 0; 0; 0; 0; 0; 0; 0; 0; 0; 0; 184; 135; 83; 106; 0; 181; 152; 63; 0; 0; 61; 194
1989;09; 0; 31; 0; 0; 0; 0; 0; 23; 0; 364; 348; 84; 341; 365; 0; 0; 0; 0; 0; 0; 0; 0; 0; 156; 0; 0; 34; 0; 0; 0; 9999
1989;10; 0; 0; 0; 345; 0; 0; 0; 0; 0; 0; 34; 0; 0; 0; 83; 0; 0; 0; 0; 0; 0; 0; 0; 0; 0; 0; 875; 0; 0; 0; 0
1989;11; 0; 0; 0; 0; 0; 0; 0; 0; 0; 0; 0; 52; 556; 0; 0; 0; 0; 0; 0; 283; 274; 601; 0; 0; 181; 0; 0; 42; 0; 0; 9999
1989;12; 0; 0; 0; 0; 0; 0; 0; 0; 0; 33; 141; 11; 0; 0; 0; 0; 0; 84; 303; 0; 0; 0; 0; 32; 0; 304; 61; 284; 61; 214; 403
1990;01; 554; 32; 0; 81; 0; 6; 114; 283; 375; 724; 150; 158; 93; 161; 0; 0; 114; 0; 0; 0; 0; 0; 0; 84; 0; 0; 0; 0; 0; 0; 0
1990;02; 0; 0; 0; 0; 0; 0; 0; 34; 0; 211; 0; 0; 0; 0; 0; 0; 0; 0; 0; 0; 0; 0; 0; 124; 0; 0; 73; 0; 9999; 9999; 9999
1990;03; 0; 0; 42; 0; 0; 0; 351; 0; 0; 124; 0; 0; 73; 54; 13; 0; 0; 0; 32; 46; 0; 0; 97; 0; 0; 124; 0; 0; 133; 0; 0
1990;04; 0; 0; 0; 0; 0; 0; 0; 104; 43; 31; 0; 22; 0; 204; 0; 184; 53; 173; 184; 0; 0; 0; 32; 0; 0; 0; 104; 0; 54; 93; 9999
1990;05; 21; 14; 0; 0; 0; 23; 0; 0; 0; 54; 0; 0; 72; 0; 164; 0; 64; 0; 0; 124; 0; 0; 0; 0; 0; 0; 0; 104; 83; 0; 0
1990;06; 0; 0; 0; 0; 0; 0; 84; 0; 0; 0; 0; 0; 0; 64; 0; 0; 31; 0; 0; 62; 0; 0; 41; 0; 0; 0; 0; 0; 0; 0; 9999
1990;07; 0; 0; 0; 0; 0; 0; 184; 0; 0; 0; 0; 0; 31; 84; 93; 101; 0; 352; 404; 353; 234; 302; 223; 0; 180; 0; 64; 0; 34; 0; 0
1990;08; 0; 0; 0; 0; 0; 0; 0; 0; 0; 0; 0; 0; 0; 0; 0; 0; 0; 31; 5; 0; 0; 0; 84; 53; 0; 0; 102; 45; 59; 38; 54
1990;09; 74; 0; 0; 0; 34; 0; 0; 0; 0; 52; 64; 13; 181; 86; 0; 0; 0; 0; 0; 0; 84; 0; 91; 0; 0; 0; 0; 0; 84; 62; 9999
1990;10; 95; 701; 0; 0; 0; 0; 0; 0; 0; 0; 0; 0; 0; 0; 0; 184; 0; 0; 0; 0; 0; 31; 0; 0; 0; 0; 0; 0; 94; 0; 0
1990;11; 0; 104; 31; 0; 53; 0; 15; 0; 0; 0; 71; 0; 0; 0; 0; 0; 0; 0; 0; 0; 403; 0; 365; 0; 0; 84; 63; 0; 0; 0; 9999
1990;12; 0; 0; 0; 0; 0; 0; 0; 0; 0; 0; 421; 184; 456; 343; 0; 451; 0; 0; 0; 0; 0; 0; 0; 0; 0; 0; 0; 0; 0; 0; 0
1991;01; 0; 54; 83; 0; 64; 0; 0; 0; 0; 0; 0; 0; 124; 0; 0; 0; 0; 34; 0; 0; 0; 0; 634; 0; 41; 34; 1001; 0; 54; 102; 253
1991;02; 44; 343; 0; 0; 0; 314; 181; 94; 233; 362; 0; 0; 0; 0; 0; 0; 0; 0; 0; 0; 0; 0; 0; 0; 0; 0; 0; 86; 9999; 9999; 9999
1991;03; 185; 124; 103; 64; 85; 220; 0; 0; 0; 81; 34; 63; 0; 0; 0; 0; 0; 191; 0; 0; 0; 0; 0; 84; 0; 54; 0; 94; 0; 0; 33
1991;04; 0; 0; 0; 29; 0; 0; 0; 0; 0; 0; 0; 0; 0; 0; 0; 0; 401; 0; 0; 254; 0; 0; 0; 84; 93; 0; 0; 0; 0; 0; 9999
1991;05; 0; 0; 0; 0; 0; 0; 81; 0; 0; 0; 0; 0; 0; 24; 753; 0; 0; 0; 0; 0; 0; 0; 0; 0; 0; 0; 0; 0; 0; 0; 0
1991;06; 0; 0; 0; 0; 0; 0; 75; 0; 0; 0; 0; 0; 0; 0; 0; 0; 0; 0; 0; 250; 0; 0; 304; 243; 0; 0; 0; 121; 0; 184; 9999
1991;07; 0; 0; 0; 0; 0; 10; 0; 0; 0; 0; 0; 0; 0; 0; 0; 152; 164; 0; 0; 0; 0; 0; 31; 0; 0; 0; 23; 0; 0; 0; 0
1991;08; 0; 0; 0; 0; 0; 0; 123; 0; 0; 81; 0; 0; 0; 0; 0; 0; 0; 0; 0; 0; 0; 0; 0; 0; 0; 0; 0; 0; 0; 0; 0
1991;09; 0; 0; 0; 0; 0; 0; 0; 0; 0; 0; 0; 0; 0; 0; 0; 0; 0; 0; 0; 53; 0; 0; 0; 283; 0; 0; 0; 0; 654; 0; 9999
1991;10; 0; 0; 23; 0; 63; 0; 240; 0; 0; 0; 0; 0; 104; 0; 0; 0; 0; 0; 0; 0; 0; 0; 0; 0; 45; 0; 0; 0; 204; 83; 61
1991;11; 63; 145; 0; 0; 0; 0; 0; 0; 0; 0; 41; 0; 0; 354; 0; 0; 0; 0; 0; 0; 0; 0; 0; 0; 0; 0; 0; 0; 0; 0; 9999
1991;12; 0; 0; 0; 0; 63; 14; 665; 181; 67; 54; 0; 31; 0; 0; 110; 0; 0; 0; 764; 81; 4; 63; 4; 176; 68; 0; 240; 137; 0; 14; 0
1992;01; 0; 0; 34; 62; 0; 0; 96; 0; 66; 0; 0; 0; 14; 0; 0; 81; 0; 0; 0; 0; 0; 0; 0; 0; 34; 0; 0; 18; 0; 0; 0
1992;02; 250; 401; 283; 0; 13; 0; 0; 0; 34; 21; 0; 83; 94; 0; 0; 0; 0; 0; 0; 0; 43; 0; 0; 0; 84; 63; 0; 0; 0; 9999; 9999
1992;03; 0; 62; 0; 805; 154; 0; 0; 0; 721; 0; 0; 64; 1; 104; 306; 69; 501; 1; 0; 361; 0; 50; 104; 0; 54; 93; 34; 0; 453; 105; 304
1992;04; 0; 14; 35; 11; 0; 0; 176; 0; 0; 61; 0; 0; 0; 10; 0; 0; 213; 0; 0; 0; 201; 0; 0; 24; 0; 0; 0; 83; 0; 64; 9999
1992;05; 231; 304; 151; 0; 0; 0; 0; 0; 0; 0; 0; 0; 304; 123; 0; 0; 0; 0; 22; 0; 0; 34; 313; 0; 0; 184; 16; 64; 203; 93; 196
1992;06; 0; 0; 0; 121; 0; 0; 0; 0; 0; 0; 0; 0; 0; 0; 0; 0; 0; 46; 0; 0; 0; 0; 0; 0; 0; 0; 0; 0; 0; 9; 9999
1992;07; 0; 0; 0; 0; 0; 104; 0; 0; 0; 0; 0; 0; 0; 0; 0; 0; 0; 0; 0; 0; 0; 0; 0; 0; 0; 0; 0; 0; 0; 0; 0
1992;08; 0; 0; 0; 0; 89; 0; 0; 0; 0; 0; 0; 0; 0; 0; 0; 0; 0; 104; 112; 64; 0; 0; 0; 0; 0; 0; 0; 0; 0; 0; 0
1992;09; 64; 135; 0; 0; 0; 64; 0; 0; 0; 34; 0; 0; 82; 65; 52; 0; 0; 161; 206; 0; 38; 65; 103; 84; 61; 138; 0; 0; 0; 0; 9999
1992;10; 0; 0; 0; 0; 84; 31; 0; 0; 65; 135; 13; 61; 0; 74; 196; 0; 0; 318; 240; 0; 0; 0; 0; 0; 0; 0; 204; 53; 861; 0; 0
1992;11; 0; 0; 0; 0; 0; 0; 0; 0; 0; 381; 0; 0; 0; 0; 0; 0; 408; 0; 0; 0; 0; 0; 0; 0; 246; 364; 105; 0; 0; 384; 9999
1992;12; 0; 173; 54; 0; 0; 0; 0; 83; 0; 0; 0; 0; 0; 83; 0; 0; 94; 0; 0; 16; 0; 38; 0; 0; 0; 0; 0; 40; 0; 0; 0
1993;01; 0; 0; 0; 0; 84; 0; 43; 54; 801; 304; 0; 0; 0; 0; 64; 0; 13; 0; 0; 353; 0; 182; 0; 0; 0; 0; 0; 243; 198; 64; 0
1993;02; 0; 34; 0; 82; 74; 105; 91; 183; 67; 39; 98; 0; 24; 63; 82; 0; 58; 126; 34; 203; 208; 224; 170; 0; 0; 0; 0; 0; 9999; 9999; 9999
1993;03; 0; 0; 0; 0; 0; 0; 34; 0; 0; 12; 0; 0; 84; 0; 96; 0; 0; 104; 82; 53; 0; 568; 191; 0; 0; 61; 0; 83; 125; 12; 0
1993;04; 0; 0; 0; 0; 0; 64; 53; 0; 503; 0; 0; 0; 0; 104; 0; 0; 0; 0; 0; 0; 0; 0; 0; 13; 0; 0; 0; 0; 2; 0; 9999
1993;05; 0; 0; 0; 195; 0; 99; 0; 1; 1; 1; 2; 0; 0; 234; 21; 0; 0; 0; 0; 2; 3; 0; 1; 0; 0; 1; 0; 0; 5; 120; 235
1993;06; 0; 0; 0; 0; 475; 25; 0; 2; 4; 19; 200; 0; 0; 0; 0; 0; 0; 305; 15; 1; 5; 4; 2; 1; 2; 1; 1; 0; 0; 0; 9999
1993;07; 0; 0; 0; 0; 0; 0; 14; 0; 0; 0; 0; 0; 89; 45; 0; 0; 0; 10; 0; 0; 0; 0; 0; 0; 0; 0; 0; 0; 0; 135; 29
1993;08; 0; 0; 0; 0; 0; 0; 0; 0; 0; 0; 0; 0; 0; 0; 0; 25; 0; 79; 0; 0; 0; 0; 5; 260; 95; 0; 0; 0; 0; 0; 0
1993;09; 0; 0; 0; 166; 0; 0; 0; 210; 20; 30; 16; 0; 13; 259; 0; 0; 0; 0; 0; 0; 40; 679; 127; 222; 33; 0; 23; 0; 0; 120; 9999
1993;10; 91; 99; 0; 0; 62; 7; 0; 0; 0; 0; 0; 0; 0; 0; 0; 0; 0; 0; 0; 0; 0; 0; 137; 0; 0; 91; 23; 0; 0; 0; 0
1993;11; 0; 9; 0; 0; 0; 0; 199; 11; 0; 0; 0; 0; 0; 0; 0; 0; 0; 82; 0; 0; 0; 0; 0; 26; 0; 138; 0; 0; 0; 0; 9999
1993;12; 99; 0; 0; 0; 9; 29; 0; 0; 0; 632; 23; 0; 0; 0; 0; 40; 31; 0; 0; 0; 158; 0; 0; 0; 18; 13; 35; 215; 57; 7; 0
1994;01; 0; 0; 0; 60; 0; 0; 0; 0; 352; 42; 0; 0; 0; 0; 0; 15; 0; 0; 0; 0; 0; 33; 0; 0; 0; 170; 45; 1142; 345; 8; 2
1994;02; 0; 0; 0; 0; 0; 499; 0; 180; 0; 0; 20; 0; 0; 0; 0; 0; 49; 0; 0; 265; 60; 30; 0; 12; 6; 74; 205; 99; 9999; 9999; 9999
1994;03; 89; 17; 0; 0; 0; 0; 0; 124; 0; 10; 0; 0; 0; 0; 0; 0; 0; 0; 0; 43; 70; 130; 0; 0; 0; 140; 1; 0; 0; 0; 102
1994;04; 112; 0; 0; 0; 0; 0; 295; 0; 0; 0; 0; 0; 0; 107; 0; 0; 0; 206; 46; 0; 0; 0; 74; 0; 0; 0; 0; 0; 0; 0; 9999
1994;05; 0; 0; 0; 0; 0; 0; 0; 0; 0; 0; 0; 152; 0; 0; 166; 0; 0; 0; 0; 0; 0; 0; 5; 0; 200; 106; 29; 7; 0; 0; 0
1994;06; 200; 0; 0; 0; 0; 0; 0; 14; 0; 0; 0; 0; 0; 0; 0; 3; 1; 0; 0; 0; 0; 25; 1; 0; 413; 0; 0; 0; 0; 0; 9999
1994;07; 0; 0; 0; 0; 0; 0; 1; 4; 0; 0; 0; 0; 0; 0; 0; 0; 0; 0; 0; 0; 0; 0; 100; 0; 0; 0; 0; 0; 0; 0; 0
1994;08; 0; 0; 0; 0; 0; 0; 0; 0; 0; 0; 0; 0; 0; 0; 0; 0; 0; 0; 0; 0; 0; 0; 0; 0; 0; 0; 0; 0; 0; 0; 0
1994;09; 0; 0; 0; 0; 0; 0; 0; 0; 0; 0; 0; 0; 0; 0; 13; 80; 0; 0; 0; 0; 0; 0; 0; 0; 0; 0; 0; 0; 0; 0; 9999
1994;10; 38; 0; 11; 113; 0; 0; 0; 0; 0; 0; 0; 0; 0; 91; 0; 0; 0; 21; 0; 1; 0; 95; 0; 71; 115; 115; 759; 0; 0; 0; 0
1994;11; 0; 16; 0; 0; 400; 35; 135; 0; 41; 193; 0; 0; 0; 401; 0; 0; 37; 900; 220; 0; 0; 0; 0; 0; 0; 0; 0; 120; 440; 0; 9999
1994;12; 0; 0; 0; 0; 0; 433; 185; 0; 0; 0; 0; 15; 0; 0; 275; 0; 0; 83; 0; 0; 0; 735; 43; 0; 0; 0; 0; 185; 331; 0; 408
1995;01; 163; 265; 52; 12; 67; 135; 803; 173; 345; 167; 421; 352; 121; 0; 0; 5; 0; 0; 181; 0; 0; 0; 0; 0; 0; 0; 0; 466; 55; 107; 0
1995;02; 27; 7; 134; 16; 41; 643; 98; 0; 113; 53; 0; 13; 5; 19; 205; 33; 0; 115; 0; 2; 5; 0; 0; 0; 0; 0; 118; 5; 9999; 9999; 9999
1995;03; 2; 7; 3; 16; 41; 0; 0; 0; 185; 119; 0; 0; 0; 0; 18; 0; 0; 0; 0; 0; 0; 0; 0; 525; 185; 0; 0; 0; 0; 255; 75
1995;04; 236; 0; 0; 0; 0; 0; 0; 8; 83; 2; 2; 15; 0; 0; 0; 0; 0; 0; 0; 905; 25; 0; 0; 0; 0; 0; 0; 0; 0; 0; 9999
1995;05; 0; 0; 0; 0; 0; 17; 231; 0; 0; 294; 16; 0; 0; 0; 3; 0; 52; 0; 0; 0; 0; 0; 0; 0; 0; 0; 0; 0; 4; 3; 2
1995;06; 0; 0; 0; 3; 3; 0; 0; 0; 81; 0; 0; 0; 0; 0; 0; 0; 26; 295; 3; 0; 0; 0; 5; 31; 28; 0; 3; 0; 353; 0; 9999
1995;07; 0; 0; 0; 0; 0; 0; 0; 150; 5; 472; 3; 0; 0; 0; 0; 0; 0; 0; 0; 17; 155; 0; 0; 0; 0; 0; 0; 0; 0; 0; 0
1995;08; 0; 0; 0; 3; 171; 18; 0; 2; 0; 0; 0; 0; 0; 0; 0; 0; 0; 0; 0; 0; 0; 0; 0; 0; 0; 0; 0; 0; 0; 0; 0
1995;09; 0; 0; 0; 0; 0; 0; 0; 0; 0; 0; 0; 0; 0; 0; 0; 0; 0; 44; 128; 238; 5; 0; 129; 552; 202; 0; 0; 148; 5; 0; 9999
1995;10; 0; 0; 83; 0; 0; 85; 0; 0; 24; 0; 0; 0; 0; 347; 6; 455; 229; 35; 0; 117; 238; 0; 0; 0; 0; 0; 0; 12; 90; 37; 0
1995;11; 0; 0; 0; 0; 0; 0; 0; 0; 0; 0; 0; 0; 0; 45; 35; 0; 0; 0; 0; 0; 0; 0; 0; 0; 209; 0; 38; 0; 0; 0; 9999
1995;12; 0; 0; 0; 71; 0; 0; 0; 0; 0; 0; 0; 61; 147; 0; 0; 0; 0; 59; 0; 290; 0; 18; 98; 0; 0; 234; 35; 396; 22; 33; 0
1996;01; 0; 0; 1; 0; 0; 79; 143; 0; 16; 0; 283; 22; 54; 160; 0; 16; 66; 28; 548; 58; 17; 3; 71; 12; 0; 38; 5; 38; 0; 1; 0
1996;02; 9; 0; 205; 0; 72; 345; 79; 139; 105; 0; 31; 239; 0; 0; 0; 0; 0; 0; 0; 0; 0; 114; 10; 0; 0; 0; 0; 403; 366; 9999; 9999
1996;03; 140; 0; 0; 114; 7; 0; 600; 253; 135; 16; 0; 0; 0; 0; 590; 95; 0; 0; 207; 112; 0; 0; 0; 0; 0; 0; 0; 80; 0; 0; 267
1996;04; 2; 154; 1; 1; 0; 0; 0; 0; 0; 142; 78; 48; 4; 0; 69; 96; 279; 0; 0; 0; 0; 2; 1; 2; 1; 0; 0; 2; 20; 12; 9999
1996;05; 20; 0; 0; 0; 2; 0; 0; 0; 2; 0; 0; 0; 1; 0; 0; 15; 0; 0; 0; 0; 0; 18; 66; 0; 0; 0; 0; 1; 1; 0; 0
1996;06; 0; 28; 0; 0; 167; 145; 0; 0; 0; 0; 3; 2; 1; 0; 0; 0; 30; 0; 0; 0; 0; 0; 0; 0; 0; 2; 60; 3; 0; 0; 9999
1996;07; 0; 0; 64; 0; 0; 0; 0; 3; 0; 51; 0; 0; 0; 0; 0; 0; 0; 0; 0; 0; 0; 0; 0; 0; 0; 0; 200; 45; 0; 0; 0
1996;08; 2; 0; 0; 0; 0; 0; 0; 0; 0; 0; 0; 0; 0; 0; 100; 0; 0; 0; 0; 0; 0; 0; 0; 0; 0; 0; 0; 0; 0; 0; 0
1996;09; 91; 0; 72; 388; 0; 0; 0; 8; 560; 177; 50; 0; 0; 0; 0; 0; 58; 0; 0; 0; 0; 0; 0; 0; 177; 0; 28; 0; 0; 0; 9999
1996;10; 0; 0; 0; 230; 0; 0; 98; 0; 0; 0; 0; 0; 131; 183; 0; 0; 0; 0; 85; 180; 0; 0; 0; 0; 7; 0; 149; 100; 0; 0; 0
1996;11; 67; 0; 26; 0; 0; 0; 0; 0; 88; 0; 0; 0; 0; 0; 0; 0; 140; 0; 0; 0; 21; 0; 0; 0; 0; 0; 0; 0; 0; 0; 9999
1996;12; 9999; 9999; 9999; 9999; 9999; 9999; 9999; 9999; 9999; 9999; 9999; 9999; 9999; 9999; 9999; 9999; 9999; 9999; 9999; 9999; 9999; 9999; 9999; 9999; 9999; 9999; 9999; 9999; 9999; 9999; 9999
1997;01; 0; 0; 0; 0; 0; 0; 0; 0; 0; 42; 414; 254; 81; 0; 23; 21; 0; 241; 143; 85; 302; 411; 846; 305; 317; 95; 85; 40; 1046; 0; 3
1997;02; 5; 84; 181; 0; 0; 0; 0; 0; 12; 0; 0; 0; 44; 0; 0; 270; 70; 0; 0; 0; 11; 0; 0; 80; 0; 0; 0; 0; 9999; 9999; 9999
1997;03; 0; 0; 0; 0; 0; 0; 0; 0; 0; 0; 0; 0; 0; 0; 0; 0; 0; 0; 0; 0; 0; 0; 0; 0; 12; 0; 0; 0; 0; 0; 0
1997;04; 102; 271; 270; 13; 0; 0; 0; 0; 0; 0; 0; 0; 0; 0; 0; 0; 85; 0; 0; 300; 41; 0; 0; 0; 6; 0; 0; 0; 0; 0; 9999
1997;05; 0; 0; 0; 0; 0; 0; 0; 0; 0; 0; 0; 0; 0; 0; 0; 43; 0; 0; 31; 0; 0; 237; 37; 0; 224; 0; 0; 261; 0; 0; 0
1997;06; 0; 0; 0; 70; 848; 16; 0; 0; 0; 0; 0; 62; 0; 196; 33; 0; 0; 53; 0; 0; 127; 0; 0; 0; 1; 0; 38; 564; 145; 109; 9999
1997;07; 38; 0; 1; 0; 0; 0; 0; 0; 1; 2; 0; 0; 0; 0; 1; 0; 0; 0; 0; 0; 146; 2; 0; 2; 0; 1; 0; 2; 0; 0; 0
1997;08; 0; 0; 0; 3; 6; 11; 1; 0; 0; 0; 1; 0; 0; 0; 0; 0; 0; 0; 0; 0; 75; 21; 337; 304; 1; 1; 0; 0; 0; 0; 0
1997;09; 0; 0; 0; 0; 1; 5; 0; 0; 0; 0; 12; 0; 91; 20; 95; 181; 0; 0; 0; 23; 364; 0; 0; 0; 11; 0; 45; 0; 0; 45; 9999
1997;10; 406; 8; 0; 0; 0; 0; 620; 0; 0; 1; 0; 0; 0; 0; 0; 0; 20; 0; 0; 133; 20; 0; 0; 0; 0; 83; 0; 0; 0; 15; 420
1997;11; 0; 0; 0; 0; 0; 53; 122; 0; 0; 0; 0; 0; 0; 108; 0; 41; 194; 1228; 47; 0; 0; 2; 295; 4; 202; 0; 55; 12; 0; 0; 9999
1997;12; 0; 302; 95; 11; 34; 4; 0; 0; 0; 0; 0; 0; 0; 21; 355; 0; 0; 0; 0; 0; 0; 11; 87; 0; 55; 0; 0; 0; 579; 0; 29
