33
Ano,Mes,1,2,3,4,5,6,7,8,9,10,11,12,13,14,15,16,17,18,19,20,21,22,23,24,25,26,27,28,29,30,31
1939;10; 12; 9; 0; 0; 68; 0; 0; 0; 0; 0; 0; 0; 0; 0; 0; 0; 0; 0; 0; 0; 0; 0; 3; 19; 0; 0; 131; 0; 0; 0; 0
1939;11; 0; 0; 0; 62; 0; 4; 0; 12; 300; 38; 93; 0; 0; 0; 0; 110; 370; 40; 0; 0; 119; 0; 4; 507; 0; 5; 208; 0; 120; 4; 9999
1939;12; 240; 0; 0; 300; 242; 110; 0; 290; 0; 0; 0; 45; 0; 0; 0; 0; 0; 71; 83; 45; 0; 205; 0; 0; 0; 268; 0; 0; 0; 0; 0
1940;01; 0; 0; 56; 5; 255; 56; 68; 90; 78; 2; 204; 245; 54; 410; 0; 0; 472; 1; 180; 0; 0; 0; 0; 0; 295; 0; 77; 0; 0; 0; 0
1940;02; 0; 2; 123; 0; 0; 85; 0; 286; 90; 0; 406; 0; 0; 0; 0; 92; 0; 4; 240; 0; 106; 460; 92; 111; 0; 0; 0; 0; 0; 9999; 9999
1940;03; 0; 0; 0; 0; 0; 0; 0; 15; 200; 210; 111; 0; 0; 0; 181; 0; 0; 0; 0; 0; 0; 0; 0; 0; 43; 0; 0; 0; 0; 0; 0
1940;04; 0; 0; 0; 0; 0; 0; 0; 0; 0; 0; 0; 0; 0; 0; 3; 200; 2; 0; 0; 0; 0; 54; 0; 0; 0; 403; 10; 0; 0; 0; 9999
1940;05; 0; 267; 4; 0; 0; 0; 0; 0; 0; 0; 0; 0; 0; 0; 0; 0; 0; 0; 0; 0; 0; 0; 0; 0; 0; 0; 0; 0; 0; 0; 0
1940;06; 0; 0; 0; 0; 0; 0; 0; 0; 0; 0; 0; 0; 0; 0; 7; 0; 0; 0; 0; 0; 0; 0; 0; 0; 0; 0; 0; 0; 0; 0; 9999
1940;07; 0; 0; 0; 0; 0; 0; 0; 0; 0; 0; 0; 0; 0; 0; 0; 0; 0; 0; 0; 0; 101; 0; 0; 0; 81; 0; 0; 0; 0; 0; 30
1940;08; 0; 0; 0; 0; 0; 0; 0; 0; 0; 2; 0; 0; 0; 0; 0; 0; 8; 12; 0; 0; 7; 0; 0; 0; 0; 0; 0; 0; 0; 0; 0
1940;09; 0; 0; 0; 0; 2; 0; 0; 0; 0; 0; 0; 59; 5; 0; 0; 0; 0; 0; 0; 0; 129; 0; 0; 6; 0; 0; 0; 0; 0; 0; 9999
1940;10; 0; 0; 0; 0; 0; 0; 0; 0; 64; 0; 36; 101; 0; 0; 0; 0; 0; 0; 0; 300; 0; 0; 0; 0; 0; 0; 0; 134; 85; 0; 0
1940;11; 0; 0; 0; 0; 265; 0; 0; 0; 0; 0; 180; 58; 0; 0; 102; 0; 0; 0; 0; 0; 0; 0; 0; 0; 0; 120; 200; 75; 0; 0; 9999
1940;12; 0; 0; 0; 30; 0; 0; 0; 0; 0; 324; 0; 70; 0; 5; 545; 31; 103; 0; 0; 235; 0; 0; 0; 0; 0; 0; 0; 147; 0; 220; 0
1941;01; 0; 0; 56; 0; 0; 0; 124; 0; 0; 0; 201; 0; 0; 0; 264; 0; 0; 0; 0; 0; 0; 98; 400; 120; 0; 0; 0; 0; 0; 0; 0
1941;02; 0; 0; 37; 34; 0; 55; 14; 25; 494; 0; 0; 0; 0; 0; 0; 0; 0; 23; 0; 0; 0; 0; 0; 0; 0; 0; 0; 0; 9999; 9999; 9999
1941;03; 0; 0; 0; 0; 0; 0; 0; 0; 0; 0; 0; 170; 113; 260; 30; 0; 0; 0; 0; 0; 222; 62; 0; 63; 170; 0; 0; 0; 0; 0; 0
1941;04; 0; 0; 56; 20; 0; 0; 0; 0; 0; 0; 0; 0; 0; 0; 0; 0; 0; 0; 0; 0; 0; 0; 0; 0; 0; 0; 0; 0; 84; 0; 9999
1941;05; 0; 0; 0; 0; 0; 0; 0; 0; 0; 0; 0; 0; 0; 0; 0; 277; 105; 0; 0; 0; 0; 0; 0; 0; 0; 0; 0; 101; 0; 0; 0
1941;06; 0; 0; 0; 0; 0; 0; 0; 0; 0; 0; 0; 0; 0; 0; 0; 0; 0; 0; 0; 0; 0; 0; 150; 200; 0; 0; 0; 0; 104; 0; 9999
1941;07; 0; 0; 0; 0; 0; 0; 0; 0; 0; 0; 0; 0; 0; 0; 94; 470; 380; 0; 0; 0; 0; 0; 0; 0; 0; 0; 40; 0; 0; 0; 0
1941;08; 0; 0; 0; 0; 43; 302; 0; 0; 0; 0; 0; 0; 0; 0; 100; 502; 11; 150; 0; 0; 0; 0; 0; 35; 0; 0; 0; 0; 0; 0; 0
1941;09; 0; 0; 43; 230; 40; 90; 4; 0; 123; 0; 80; 110; 0; 0; 0; 0; 60; 0; 0; 20; 24; 0; 10; 85; 32; 50; 174; 0; 0; 5; 9999
1941;10; 15; 0; 0; 0; 52; 0; 25; 103; 0; 0; 0; 0; 0; 0; 0; 160; 0; 0; 0; 0; 0; 0; 0; 0; 0; 0; 0; 0; 0; 113; 690
1941;11; 0; 0; 202; 305; 80; 0; 12; 0; 0; 0; 0; 0; 0; 0; 132; 304; 0; 0; 0; 0; 645; 300; 0; 0; 110; 153; 0; 10; 45; 223; 9999
1941;12; 32; 0; 0; 0; 0; 0; 14; 472; 123; 157; 0; 104; 63; 104; 60; 0; 165; 0; 0; 135; 0; 0; 0; 0; 0; 0; 0; 0; 230; 240; 320
1942;01; 0; 0; 0; 0; 105; 0; 0; 0; 0; 0; 0; 0; 0; 303; 0; 0; 0; 0; 0; 3; 0; 0; 0; 4; 0; 0; 0; 24; 355; 26; 130
1942;02; 14; 153; 62; 144; 0; 400; 300; 63; 234; 0; 0; 25; 0; 0; 0; 0; 0; 34; 0; 23; 70; 0; 0; 0; 0; 0; 230; 100; 9999; 9999; 9999
1942;03; 0; 0; 136; 240; 12; 0; 0; 0; 0; 0; 0; 290; 200; 0; 110; 0; 15; 0; 11; 0; 0; 0; 0; 0; 150; 0; 280; 0; 0; 126; 0
1942;04; 0; 0; 0; 56; 0; 0; 0; 0; 0; 0; 0; 0; 240; 330; 0; 0; 0; 0; 0; 0; 0; 0; 0; 0; 0; 0; 0; 93; 0; 70; 9999
1942;05; 0; 0; 0; 65; 22; 70; 0; 0; 0; 0; 0; 0; 0; 65; 53; 0; 0; 0; 86; 0; 0; 0; 0; 0; 0; 0; 0; 0; 0; 0; 0
1942;06; 0; 0; 0; 0; 26; 120; 21; 265; 0; 100; 180; 0; 0; 0; 0; 30; 0; 140; 0; 0; 0; 0; 0; 0; 0; 0; 0; 0; 0; 0; 9999
1942;07; 0; 0; 463; 32; 0; 0; 12; 25; 52; 0; 0; 0; 0; 0; 0; 0; 0; 0; 0; 0; 0; 0; 0; 0; 0; 0; 0; 0; 0; 0; 0
1942;08; 0; 0; 0; 0; 0; 0; 2; 0; 0; 0; 0; 0; 0; 6; 0; 0; 0; 0; 2; 0; 0; 0; 0; 0; 0; 0; 0; 0; 0; 0; 0
1942;09; 0; 0; 0; 0; 52; 0; 0; 0; 0; 0; 0; 0; 0; 0; 100; 20; 0; 0; 0; 0; 0; 0; 0; 0; 0; 155; 0; 82; 127; 0; 9999
1942;10; 0; 0; 2; 0; 0; 0; 0; 0; 0; 0; 0; 0; 0; 0; 0; 0; 0; 0; 0; 0; 0; 0; 187; 10; 0; 0; 0; 170; 0; 0; 0
1942;11; 0; 0; 0; 0; 0; 0; 0; 210; 0; 0; 0; 0; 0; 0; 0; 192; 0; 0; 0; 0; 0; 0; 0; 0; 40; 32; 35; 0; 100; 40; 9999
1942;12; 9999; 9999; 9999; 9999; 9999; 9999; 9999; 9999; 9999; 9999; 9999; 9999; 9999; 9999; 9999; 9999; 9999; 9999; 9999; 9999; 9999; 9999; 9999; 9999; 9999; 9999; 9999; 9999; 9999; 9999; 9999
1943;01; 0; 273; 0; 0; 0; 0; 70; 0; 0; 0; 0; 0; 85; 0; 0; 190; 230; 50; 20; 180; 100; 213; 33; 122; 0; 0; 0; 30; 200; 4; 40
1943;02; 60; 0; 0; 120; 0; 0; 0; 0; 0; 52; 0; 0; 200; 135; 20; 35; 0; 74; 0; 0; 220; 0; 0; 0; 140; 192; 0; 202; 9999; 9999; 9999
1943;03; 0; 0; 0; 24; 0; 0; 0; 0; 0; 0; 460; 270; 300; 0; 102; 0; 0; 22; 0; 0; 0; 0; 0; 0; 0; 0; 0; 0; 0; 60; 0
1943;04; 0; 0; 0; 0; 0; 0; 0; 0; 0; 0; 0; 0; 0; 0; 206; 192; 0; 0; 0; 0; 0; 0; 0; 0; 0; 0; 0; 0; 0; 0; 9999
1943;05; 0; 0; 0; 0; 0; 0; 0; 0; 0; 0; 0; 0; 0; 0; 0; 20; 0; 0; 0; 0; 0; 0; 0; 204; 0; 0; 0; 0; 0; 0; 0
1943;06; 54; 0; 0; 0; 0; 120; 0; 0; 0; 0; 0; 0; 0; 0; 0; 0; 0; 0; 0; 0; 2; 0; 0; 0; 0; 0; 0; 0; 0; 0; 9999
1943;07; 0; 0; 0; 0; 2; 4; 0; 0; 0; 0; 0; 0; 0; 0; 0; 0; 0; 0; 0; 0; 0; 0; 0; 0; 0; 0; 0; 0; 0; 0; 0
1943;08; 0; 0; 0; 0; 0; 0; 0; 0; 0; 0; 0; 0; 0; 0; 0; 0; 0; 0; 0; 0; 0; 0; 0; 117; 0; 0; 0; 0; 0; 0; 0
1943;09; 0; 0; 0; 0; 0; 0; 0; 0; 0; 0; 150; 10; 72; 0; 0; 0; 0; 30; 0; 0; 230; 170; 68; 30; 0; 0; 0; 0; 0; 0; 9999
1943;10; 0; 0; 0; 320; 183; 100; 0; 0; 0; 30; 0; 156; 3; 406; 0; 0; 0; 0; 0; 0; 0; 117; 222; 0; 0; 0; 150; 640; 50; 0; 0
1943;11; 0; 0; 180; 20; 0; 0; 0; 0; 0; 0; 0; 0; 0; 0; 0; 0; 0; 211; 10; 0; 0; 0; 0; 113; 0; 0; 0; 0; 0; 0; 9999
1943;12; 123; 190; 0; 0; 0; 0; 0; 0; 0; 0; 0; 0; 40; 0; 0; 0; 0; 0; 0; 0; 0; 0; 36; 0; 0; 0; 0; 0; 0; 195; 0
1944;01; 34; 0; 23; 410; 0; 590; 0; 15; 0; 100; 0; 0; 0; 150; 0; 16; 50; 0; 0; 0; 0; 0; 0; 120; 2; 100; 0; 0; 0; 0; 0
1944;02; 0; 0; 0; 0; 0; 60; 0; 0; 0; 0; 0; 0; 0; 0; 0; 0; 120; 22; 0; 102; 100; 30; 106; 500; 230; 430; 0; 0; 0; 9999; 9999
1944;03; 0; 0; 170; 70; 20; 0; 0; 0; 0; 120; 30; 0; 100; 550; 0; 14; 130; 50; 0; 0; 0; 0; 0; 0; 0; 0; 0; 0; 0; 0; 0
1944;04; 100; 0; 0; 0; 0; 0; 0; 0; 0; 0; 20; 0; 0; 0; 0; 0; 350; 50; 0; 0; 0; 0; 0; 0; 0; 0; 0; 0; 0; 0; 9999
1944;05; 0; 0; 0; 0; 0; 0; 0; 0; 0; 0; 0; 0; 0; 0; 102; 0; 0; 0; 0; 0; 0; 0; 0; 0; 0; 0; 0; 0; 0; 0; 0
1944;06; 0; 0; 0; 0; 0; 160; 0; 0; 0; 0; 0; 0; 0; 0; 0; 0; 0; 0; 0; 0; 0; 0; 0; 0; 0; 0; 0; 0; 0; 0; 9999
1944;07; 0; 0; 0; 0; 0; 0; 0; 0; 0; 0; 0; 0; 0; 0; 0; 0; 0; 0; 0; 0; 0; 0; 0; 0; 0; 0; 0; 0; 0; 0; 0
1944;08; 0; 0; 0; 0; 0; 0; 0; 0; 0; 0; 0; 0; 0; 0; 0; 0; 0; 0; 0; 0; 0; 0; 0; 0; 0; 0; 0; 0; 0; 0; 0
1944;09; 0; 0; 90; 0; 0; 0; 160; 0; 0; 0; 0; 0; 0; 0; 0; 0; 0; 0; 0; 0; 0; 0; 0; 0; 0; 0; 5; 0; 0; 0; 9999
1944;10; 0; 0; 0; 0; 0; 0; 0; 0; 0; 0; 0; 16; 0; 0; 0; 20; 5; 0; 100; 0; 0; 0; 0; 20; 0; 0; 0; 0; 0; 0; 0
1944;11; 0; 0; 210; 0; 0; 130; 12; 212; 170; 0; 0; 0; 0; 170; 160; 0; 0; 0; 0; 0; 492; 0; 0; 110; 30; 0; 0; 0; 0; 0; 9999
1944;12; 0; 230; 0; 170; 0; 0; 0; 0; 0; 102; 0; 0; 0; 0; 0; 0; 33; 0; 0; 0; 0; 5; 0; 0; 0; 0; 0; 0; 9; 0; 0
1945;01; 0; 150; 63; 0; 340; 0; 0; 0; 0; 90; 0; 0; 0; 0; 0; 170; 0; 0; 0; 0; 95; 0; 0; 0; 0; 0; 0; 0; 0; 0; 0
1945;02; 650; 250; 0; 0; 210; 405; 0; 95; 90; 0; 0; 0; 0; 0; 0; 241; 0; 0; 47; 0; 0; 250; 0; 0; 0; 0; 230; 80; 9999; 9999; 9999
1945;03; 0; 0; 0; 0; 0; 0; 0; 50; 0; 0; 0; 0; 0; 0; 0; 0; 0; 0; 0; 45; 0; 0; 0; 508; 0; 0; 0; 0; 0; 0; 0
1945;04; 0; 0; 0; 0; 0; 0; 0; 0; 500; 0; 0; 0; 0; 0; 0; 0; 0; 0; 8; 0; 0; 0; 0; 0; 0; 0; 2; 0; 160; 0; 9999
1945;05; 0; 0; 0; 0; 0; 0; 0; 0; 0; 0; 0; 0; 0; 0; 0; 225; 0; 0; 0; 0; 0; 0; 0; 0; 0; 0; 0; 0; 0; 0; 0
1945;06; 0; 0; 0; 530; 0; 0; 0; 0; 135; 105; 0; 0; 0; 0; 0; 0; 0; 0; 200; 0; 0; 510; 0; 170; 0; 0; 0; 0; 0; 0; 9999
1945;07; 0; 0; 0; 0; 0; 400; 0; 125; 0; 0; 0; 110; 0; 0; 0; 0; 0; 0; 0; 0; 0; 0; 0; 0; 0; 0; 0; 0; 0; 0; 0
1945;08; 0; 0; 0; 0; 0; 0; 0; 0; 0; 0; 9; 0; 0; 0; 0; 0; 0; 0; 0; 100; 0; 0; 0; 0; 0; 0; 0; 0; 0; 0; 2
1945;09; 0; 0; 0; 0; 0; 0; 0; 0; 0; 0; 0; 0; 0; 0; 100; 160; 0; 0; 0; 0; 0; 0; 0; 0; 0; 0; 165; 0; 83; 0; 9999
1945;10; 0; 0; 0; 0; 0; 0; 0; 0; 0; 0; 0; 0; 0; 0; 0; 0; 0; 0; 0; 0; 0; 0; 0; 0; 0; 0; 208; 0; 0; 306; 0
1945;11; 0; 0; 0; 0; 35; 0; 0; 107; 0; 0; 0; 75; 0; 0; 0; 0; 0; 0; 0; 0; 0; 0; 0; 0; 0; 0; 0; 0; 0; 0; 9999
1945;12; 0; 0; 0; 0; 109; 0; 0; 0; 0; 0; 0; 106; 0; 0; 0; 0; 0; 0; 0; 0; 0; 0; 0; 0; 0; 0; 602; 0; 0; 0; 0
1946;01; 150; 93; 0; 0; 246; 629; 400; 65; 0; 0; 355; 0; 300; 0; 0; 0; 0; 24; 0; 0; 0; 0; 86; 0; 190; 0; 144; 0; 42; 0; 107
1946;02; 0; 83; 37; 0; 109; 6; 3; 0; 0; 85; 0; 50; 0; 23; 0; 205; 87; 0; 193; 207; 713; 134; 302; 105; 66; 84; 0; 71; 9999; 9999; 9999
1946;03; 102; 0; 0; 0; 80; 25; 0; 0; 0; 103; 0; 0; 0; 0; 0; 0; 0; 0; 0; 0; 176; 0; 0; 0; 0; 0; 0; 0; 0; 0; 302
1946;04; 25; 0; 0; 0; 0; 0; 0; 0; 0; 102; 0; 0; 0; 0; 0; 0; 0; 0; 0; 0; 0; 0; 0; 0; 0; 0; 0; 0; 0; 0; 9999
1946;05; 0; 0; 0; 0; 0; 0; 0; 0; 0; 0; 5; 102; 0; 0; 0; 0; 0; 0; 0; 0; 0; 0; 16; 0; 0; 0; 0; 0; 0; 0; 363
1946;06; 765; 0; 0; 0; 0; 0; 0; 0; 0; 0; 0; 0; 0; 0; 6; 0; 0; 0; 0; 7; 0; 0; 0; 0; 0; 0; 0; 0; 101; 0; 9999
1946;07; 250; 302; 5; 0; 0; 0; 0; 0; 0; 0; 0; 0; 120; 0; 62; 200; 0; 0; 0; 0; 0; 0; 0; 0; 0; 0; 0; 0; 0; 200; 0
1946;08; 0; 0; 0; 0; 0; 0; 0; 0; 0; 0; 0; 0; 150; 0; 0; 0; 0; 0; 0; 0; 0; 0; 0; 55; 0; 0; 0; 0; 0; 0; 0
1946;09; 0; 0; 0; 0; 0; 0; 0; 0; 0; 0; 0; 0; 0; 0; 304; 0; 0; 0; 0; 0; 0; 0; 51; 101; 0; 53; 0; 0; 0; 0; 9999
1946;10; 0; 0; 0; 0; 0; 0; 102; 352; 0; 0; 0; 0; 0; 0; 0; 0; 304; 0; 203; 154; 0; 150; 0; 0; 0; 0; 0; 0; 52; 0; 0
1946;11; 151; 203; 0; 0; 0; 0; 0; 101; 0; 0; 0; 0; 0; 0; 203; 5; 0; 0; 0; 0; 0; 0; 0; 0; 0; 0; 0; 0; 102; 0; 9999
1946;12; 0; 0; 301; 0; 0; 0; 0; 0; 0; 152; 0; 0; 0; 0; 0; 0; 0; 0; 0; 204; 0; 104; 153; 102; 0; 303; 0; 0; 0; 0; 0
1947;01; 75; 102; 50; 203; 152; 401; 0; 0; 104; 603; 0; 2; 0; 0; 150; 204; 503; 0; 101; 102; 0; 0; 0; 0; 402; 53; 5; 0; 103; 201; 0
1947;02; 3; 102; 202; 0; 0; 0; 0; 5; 0; 103; 0; 152; 203; 0; 151; 0; 0; 702; 0; 0; 0; 0; 0; 204; 0; 0; 0; 0; 9999; 9999; 9999
1947;03; 9999; 9999; 9999; 9999; 9999; 9999; 9999; 9999; 9999; 9999; 9999; 9999; 9999; 9999; 9999; 9999; 9999; 9999; 9999; 9999; 9999; 9999; 9999; 9999; 9999; 9999; 9999; 9999; 9999; 9999; 9999
1947;04; 9999; 9999; 9999; 9999; 9999; 9999; 9999; 9999; 9999; 9999; 9999; 9999; 9999; 9999; 9999; 9999; 9999; 9999; 9999; 9999; 9999; 9999; 9999; 9999; 9999; 9999; 9999; 9999; 9999; 9999; 9999
1947;05; 9999; 9999; 9999; 9999; 9999; 9999; 9999; 9999; 9999; 9999; 9999; 9999; 9999; 9999; 9999; 9999; 9999; 9999; 9999; 9999; 9999; 9999; 9999; 9999; 9999; 9999; 9999; 9999; 9999; 9999; 9999
1947;06; 9999; 9999; 9999; 9999; 9999; 9999; 9999; 9999; 9999; 9999; 9999; 9999; 9999; 9999; 9999; 9999; 9999; 9999; 9999; 9999; 9999; 9999; 9999; 9999; 9999; 9999; 9999; 9999; 9999; 9999; 9999
1947;07; 9999; 9999; 9999; 9999; 9999; 9999; 9999; 9999; 9999; 9999; 9999; 9999; 9999; 9999; 9999; 9999; 9999; 9999; 9999; 9999; 9999; 9999; 9999; 9999; 9999; 9999; 9999; 9999; 9999; 9999; 9999
1947;08; 9999; 9999; 9999; 9999; 9999; 9999; 9999; 9999; 9999; 9999; 9999; 9999; 9999; 9999; 9999; 9999; 9999; 9999; 9999; 9999; 9999; 9999; 9999; 9999; 9999; 9999; 9999; 9999; 9999; 9999; 9999
1947;09; 9999; 9999; 9999; 9999; 9999; 9999; 9999; 9999; 9999; 9999; 9999; 0; 0; 0; 0; 0; 0; 0; 0; 0; 0; 0; 0; 876; 0; 0; 0; 0; 0; 0; 9999
1947;10; 0; 0; 0; 0; 25; 82; 0; 431; 0; 61; 0; 0; 0; 0; 0; 155; 0; 0; 0; 0; 0; 0; 196; 0; 35; 0; 0; 0; 0; 0; 0
1947;11; 0; 0; 0; 0; 0; 0; 0; 0; 0; 0; 0; 0; 0; 0; 0; 303; 0; 0; 0; 222; 0; 0; 200; 0; 0; 0; 0; 0; 0; 0; 9999
1947;12; 0; 0; 0; 0; 0; 0; 0; 0; 0; 600; 0; 0; 139; 0; 200; 0; 0; 45; 120; 180; 200; 0; 0; 0; 0; 254; 0; 0; 0; 0; 0
1948;01; 0; 0; 0; 0; 0; 0; 0; 0; 0; 442; 0; 0; 0; 0; 0; 98; 100; 297; 219; 0; 105; 109; 91; 90; 0; 0; 0; 0; 0; 34; 0
1948;02; 226; 0; 120; 0; 0; 300; 0; 110; 90; 100; 0; 0; 77; 0; 0; 18; 0; 0; 0; 0; 175; 0; 125; 273; 27; 238; 62; 229; 370; 9999; 9999
1948;03; 0; 0; 0; 0; 0; 0; 0; 0; 0; 221; 0; 0; 0; 0; 0; 0; 0; 0; 0; 0; 0; 0; 0; 0; 0; 0; 130; 0; 0; 0; 0
1948;04; 0; 0; 403; 0; 0; 0; 0; 0; 0; 0; 0; 0; 0; 0; 0; 0; 0; 0; 0; 0; 0; 0; 0; 0; 0; 0; 0; 0; 0; 0; 9999
1948;05; 0; 0; 0; 0; 0; 0; 0; 0; 0; 0; 0; 0; 0; 0; 0; 0; 80; 0; 0; 0; 0; 0; 0; 0; 0; 0; 0; 167; 0; 0; 0
1948;06; 0; 0; 0; 0; 0; 0; 0; 0; 0; 0; 0; 0; 0; 0; 0; 0; 0; 0; 0; 0; 0; 0; 0; 0; 0; 0; 0; 0; 0; 0; 9999
1948;07; 0; 0; 0; 0; 0; 0; 0; 0; 0; 0; 0; 0; 0; 167; 0; 83; 0; 0; 0; 0; 0; 0; 0; 0; 0; 0; 223; 155; 215; 253; 177
1948;08; 0; 0; 0; 0; 0; 184; 0; 0; 0; 29; 7; 147; 0; 0; 0; 0; 0; 0; 0; 0; 0; 0; 0; 0; 0; 0; 0; 0; 0; 0; 0
1948;09; 0; 0; 0; 0; 0; 0; 0; 0; 0; 0; 76; 0; 0; 0; 0; 0; 0; 0; 0; 0; 0; 0; 0; 0; 0; 313; 40; 0; 0; 0; 9999
1948;10; 0; 0; 407; 0; 0; 0; 0; 0; 0; 0; 0; 0; 0; 0; 317; 0; 0; 0; 0; 0; 0; 0; 0; 0; 0; 0; 0; 0; 0; 225; 0
1948;11; 0; 0; 0; 0; 350; 0; 425; 0; 0; 0; 0; 0; 0; 0; 0; 95; 100; 0; 0; 0; 0; 0; 0; 0; 0; 0; 75; 0; 0; 0; 9999
1948;12; 0; 0; 0; 0; 220; 0; 0; 0; 0; 0; 0; 0; 0; 0; 185; 0; 0; 0; 0; 0; 0; 0; 0; 0; 0; 0; 0; 0; 0; 0; 0
1949;01; 0; 0; 0; 0; 0; 0; 0; 315; 353; 224; 122; 0; 0; 0; 130; 0; 0; 0; 0; 255; 0; 0; 0; 0; 0; 0; 0; 115; 0; 0; 0
1949;02; 0; 0; 11; 0; 75; 0; 0; 35; 0; 0; 215; 105; 10; 0; 0; 0; 158; 62; 0; 0; 0; 0; 0; 17; 45; 115; 0; 0; 9999; 9999; 9999
1949;03; 0; 153; 0; 0; 0; 232; 0; 0; 91; 0; 0; 0; 0; 34; 0; 0; 0; 0; 0; 0; 0; 0; 232; 0; 0; 0; 0; 258; 0; 0; 0
1949;04; 0; 332; 0; 0; 0; 0; 0; 0; 0; 0; 0; 0; 0; 0; 0; 0; 0; 0; 0; 0; 0; 0; 0; 0; 0; 0; 0; 192; 0; 0; 9999
1949;05; 0; 0; 0; 0; 0; 0; 243; 0; 0; 0; 0; 0; 0; 0; 0; 0; 0; 0; 0; 0; 0; 0; 0; 0; 0; 0; 0; 0; 182; 0; 0
1949;06; 0; 0; 27; 0; 0; 0; 0; 0; 0; 0; 0; 0; 0; 0; 0; 0; 0; 0; 0; 0; 0; 0; 0; 0; 0; 0; 0; 0; 0; 0; 9999
1949;07; 9999; 9999; 9999; 9999; 9999; 9999; 9999; 9999; 9999; 9999; 9999; 9999; 9999; 9999; 9999; 9999; 9999; 9999; 9999; 9999; 9999; 9999; 9999; 9999; 9999; 9999; 9999; 9999; 9999; 9999; 9999
1949;08; 9999; 9999; 9999; 9999; 9999; 9999; 9999; 9999; 9999; 9999; 9999; 9999; 9999; 9999; 9999; 9999; 9999; 9999; 9999; 9999; 9999; 9999; 9999; 9999; 9999; 9999; 9999; 9999; 9999; 9999; 9999
1949;09; 9999; 9999; 9999; 9999; 9999; 9999; 9999; 9999; 9999; 9999; 9999; 9999; 9999; 9999; 9999; 9999; 9999; 9999; 9999; 9999; 9999; 9999; 9999; 9999; 9999; 9999; 9999; 9999; 9999; 9999; 9999
1949;10; 9999; 9999; 9999; 9999; 9999; 9999; 9999; 9999; 9999; 9999; 9999; 9999; 9999; 9999; 9999; 9999; 9999; 9999; 9999; 9999; 9999; 9999; 9999; 9999; 9999; 9999; 9999; 9999; 9999; 9999; 9999
1949;11; 9999; 9999; 9999; 9999; 9999; 9999; 9999; 9999; 9999; 9999; 9999; 9999; 9999; 9999; 9999; 9999; 9999; 9999; 9999; 9999; 9999; 9999; 9999; 9999; 9999; 9999; 9999; 9999; 9999; 9999; 9999
1949;12; 9999; 9999; 9999; 9999; 9999; 9999; 9999; 9999; 9999; 9999; 9999; 9999; 9999; 9999; 9999; 9999; 9999; 9999; 9999; 9999; 9999; 9999; 9999; 9999; 9999; 9999; 9999; 9999; 9999; 9999; 9999
1950;01; 9999; 9999; 9999; 9999; 9999; 9999; 9999; 9999; 9999; 9999; 9999; 9999; 9999; 9999; 9999; 9999; 9999; 9999; 9999; 9999; 9999; 9999; 9999; 9999; 9999; 9999; 9999; 9999; 9999; 9999; 9999
1950;02; 9999; 9999; 9999; 9999; 9999; 9999; 9999; 9999; 9999; 9999; 9999; 9999; 9999; 9999; 9999; 9999; 9999; 9999; 9999; 9999; 9999; 9999; 9999; 9999; 9999; 9999; 9999; 9999; 9999; 9999; 9999
1950;03; 9999; 9999; 9999; 9999; 9999; 9999; 9999; 9999; 9999; 9999; 9999; 9999; 9999; 9999; 9999; 9999; 9999; 9999; 9999; 9999; 9999; 9999; 9999; 9999; 9999; 9999; 9999; 9999; 9999; 9999; 9999
1950;04; 9999; 9999; 9999; 9999; 9999; 9999; 9999; 9999; 9999; 9999; 9999; 9999; 9999; 9999; 9999; 9999; 9999; 9999; 9999; 9999; 9999; 9999; 9999; 9999; 9999; 9999; 9999; 9999; 9999; 9999; 9999
1950;05; 9999; 9999; 9999; 9999; 9999; 9999; 9999; 9999; 9999; 9999; 9999; 9999; 9999; 9999; 9999; 9999; 9999; 9999; 9999; 9999; 9999; 9999; 9999; 9999; 9999; 9999; 9999; 9999; 9999; 9999; 9999
1950;06; 9999; 9999; 9999; 9999; 9999; 9999; 9999; 9999; 9999; 9999; 9999; 9999; 9999; 9999; 9999; 9999; 9999; 9999; 9999; 9999; 9999; 9999; 9999; 9999; 9999; 9999; 9999; 9999; 9999; 9999; 9999
1950;07; 9999; 9999; 9999; 9999; 9999; 9999; 9999; 9999; 9999; 9999; 9999; 9999; 9999; 9999; 9999; 9999; 9999; 9999; 9999; 9999; 9999; 9999; 9999; 9999; 9999; 9999; 9999; 9999; 9999; 9999; 9999
1950;08; 9999; 9999; 9999; 9999; 9999; 9999; 9999; 9999; 9999; 9999; 9999; 9999; 9999; 9999; 9999; 9999; 9999; 9999; 9999; 9999; 9999; 9999; 9999; 9999; 9999; 9999; 9999; 9999; 9999; 9999; 9999
1950;09; 9999; 9999; 9999; 9999; 9999; 9999; 9999; 9999; 9999; 9999; 9999; 9999; 9999; 9999; 9999; 9999; 9999; 9999; 9999; 9999; 9999; 9999; 9999; 9999; 9999; 9999; 9999; 9999; 9999; 9999; 9999
1950;10; 9999; 9999; 9999; 9999; 9999; 9999; 9999; 9999; 9999; 9999; 9999; 9999; 9999; 9999; 9999; 9999; 9999; 9999; 9999; 9999; 9999; 9999; 9999; 9999; 9999; 9999; 9999; 9999; 9999; 9999; 9999
1950;11; 9999; 9999; 9999; 9999; 9999; 9999; 9999; 9999; 9999; 9999; 9999; 9999; 9999; 9999; 9999; 9999; 9999; 9999; 9999; 9999; 9999; 9999; 9999; 9999; 9999; 9999; 9999; 9999; 9999; 9999; 9999
1950;12; 9999; 9999; 9999; 9999; 9999; 9999; 9999; 9999; 9999; 9999; 9999; 9999; 9999; 9999; 9999; 9999; 9999; 9999; 9999; 9999; 9999; 9999; 9999; 9999; 9999; 9999; 9999; 9999; 9999; 9999; 9999
1951;01; 9999; 9999; 9999; 9999; 9999; 9999; 9999; 9999; 9999; 9999; 9999; 9999; 9999; 9999; 9999; 9999; 9999; 9999; 9999; 9999; 9999; 9999; 9999; 9999; 9999; 9999; 9999; 9999; 9999; 9999; 9999
1951;02; 9999; 9999; 9999; 9999; 9999; 9999; 9999; 9999; 9999; 9999; 9999; 9999; 9999; 9999; 9999; 9999; 9999; 9999; 9999; 9999; 9999; 9999; 9999; 9999; 9999; 9999; 9999; 9999; 9999; 9999; 9999
1951;03; 9999; 9999; 9999; 9999; 9999; 9999; 9999; 9999; 9999; 9999; 9999; 9999; 9999; 9999; 9999; 9999; 9999; 9999; 9999; 9999; 9999; 9999; 9999; 9999; 9999; 9999; 9999; 9999; 9999; 9999; 9999
1951;04; 9999; 9999; 9999; 9999; 9999; 9999; 9999; 9999; 9999; 9999; 9999; 9999; 9999; 9999; 9999; 9999; 9999; 9999; 9999; 9999; 9999; 9999; 9999; 9999; 9999; 9999; 9999; 9999; 9999; 9999; 9999
1951;05; 0; 0; 0; 0; 0; 0; 0; 0; 0; 0; 0; 0; 0; 0; 0; 0; 0; 257; 0; 0; 0; 0; 0; 0; 0; 0; 0; 10; 13; 0; 0
1951;06; 0; 0; 0; 0; 0; 12; 0; 0; 0; 0; 0; 0; 0; 0; 0; 0; 0; 0; 0; 0; 0; 0; 0; 0; 0; 0; 0; 14; 0; 0; 9999
1951;07; 0; 0; 0; 0; 0; 0; 10; 0; 0; 0; 0; 0; 0; 0; 0; 0; 0; 0; 0; 0; 0; 0; 0; 0; 0; 0; 0; 0; 0; 0; 0
1951;08; 0; 0; 0; 0; 55; 0; 0; 0; 0; 0; 0; 0; 0; 0; 0; 0; 0; 0; 0; 0; 10; 15; 0; 0; 0; 0; 0; 0; 0; 0; 0
1951;09; 0; 0; 0; 0; 0; 0; 0; 0; 0; 0; 0; 0; 0; 0; 0; 0; 50; 0; 0; 0; 0; 0; 0; 0; 0; 0; 0; 0; 0; 10; 9999
1951;10; 9999; 9999; 9999; 9999; 9999; 9999; 9999; 9999; 9999; 9999; 9999; 9999; 9999; 9999; 9999; 9999; 9999; 9999; 9999; 9999; 9999; 9999; 9999; 9999; 9999; 9999; 9999; 9999; 9999; 9999; 9999
1951;11; 9999; 9999; 9999; 9999; 9999; 9999; 9999; 9999; 9999; 9999; 9999; 9999; 9999; 9999; 9999; 9999; 9999; 9999; 9999; 9999; 9999; 9999; 9999; 9999; 9999; 9999; 9999; 9999; 9999; 9999; 9999
1951;12; 9999; 9999; 9999; 9999; 9999; 9999; 9999; 9999; 9999; 9999; 9999; 9999; 9999; 9999; 9999; 9999; 9999; 9999; 9999; 9999; 9999; 9999; 9999; 9999; 9999; 9999; 9999; 9999; 9999; 9999; 9999
1952;01; 9999; 9999; 9999; 9999; 9999; 9999; 9999; 9999; 9999; 9999; 9999; 9999; 9999; 9999; 9999; 9999; 9999; 9999; 9999; 9999; 9999; 9999; 9999; 9999; 9999; 9999; 9999; 9999; 9999; 9999; 9999
1952;02; 9999; 9999; 9999; 9999; 9999; 9999; 9999; 9999; 9999; 9999; 9999; 9999; 9999; 9999; 9999; 9999; 9999; 9999; 9999; 9999; 9999; 9999; 9999; 9999; 9999; 9999; 9999; 9999; 9999; 9999; 9999
1952;03; 9999; 9999; 9999; 9999; 9999; 9999; 9999; 9999; 9999; 9999; 9999; 9999; 9999; 9999; 9999; 9999; 9999; 9999; 9999; 9999; 9999; 9999; 9999; 9999; 9999; 9999; 9999; 9999; 9999; 9999; 9999
1952;04; 9999; 9999; 9999; 9999; 9999; 9999; 9999; 9999; 9999; 9999; 9999; 9999; 9999; 9999; 9999; 9999; 9999; 9999; 9999; 9999; 9999; 9999; 9999; 9999; 9999; 9999; 9999; 9999; 9999; 9999; 9999
1952;05; 9999; 9999; 9999; 9999; 9999; 9999; 9999; 9999; 9999; 9999; 9999; 9999; 9999; 9999; 9999; 9999; 9999; 9999; 9999; 9999; 9999; 9999; 9999; 9999; 9999; 9999; 9999; 9999; 9999; 9999; 9999
1952;06; 9999; 9999; 9999; 9999; 9999; 9999; 9999; 9999; 9999; 9999; 9999; 9999; 9999; 9999; 9999; 9999; 9999; 9999; 9999; 9999; 9999; 9999; 9999; 9999; 9999; 9999; 9999; 9999; 9999; 9999; 9999
1952;07; 9999; 9999; 9999; 9999; 9999; 9999; 9999; 9999; 9999; 9999; 9999; 9999; 9999; 9999; 9999; 9999; 9999; 9999; 9999; 9999; 9999; 9999; 9999; 9999; 9999; 9999; 9999; 9999; 9999; 9999; 9999
1952;08; 9999; 9999; 9999; 9999; 9999; 9999; 9999; 9999; 9999; 9999; 9999; 9999; 9999; 9999; 9999; 9999; 9999; 9999; 9999; 9999; 9999; 9999; 9999; 9999; 9999; 9999; 9999; 9999; 9999; 9999; 9999
1952;09; 9999; 9999; 9999; 9999; 9999; 9999; 9999; 9999; 9999; 9999; 9999; 9999; 9999; 9999; 9999; 9999; 9999; 9999; 9999; 9999; 9999; 9999; 0; 0; 0; 0; 0; 0; 0; 0; 9999
1952;10; 0; 0; 0; 0; 0; 0; 200; 390; 220; 0; 0; 0; 0; 190; 0; 0; 220; 280; 200; 0; 0; 455; 0; 0; 0; 0; 110; 0; 0; 0; 355
1952;11; 300; 0; 0; 0; 0; 0; 0; 0; 0; 330; 0; 0; 0; 0; 110; 0; 0; 270; 230; 0; 0; 0; 0; 0; 0; 0; 210; 0; 0; 0; 9999
1952;12; 0; 0; 0; 0; 0; 0; 0; 0; 0; 0; 0; 0; 0; 0; 0; 0; 0; 0; 0; 0; 0; 0; 0; 220; 0; 280; 146; 0; 168; 0; 226
1953;01; 125; 133; 90; 210; 0; 165; 222; 189; 0; 240; 80; 60; 106; 120; 0; 0; 0; 0; 0; 0; 0; 0; 0; 220; 0; 0; 0; 0; 0; 0; 265
1953;02; 0; 0; 0; 0; 0; 0; 0; 0; 0; 235; 420; 700; 0; 0; 0; 0; 0; 0; 0; 0; 0; 120; 0; 0; 0; 0; 0; 0; 9999; 9999; 9999
1953;03; 0; 0; 0; 0; 0; 0; 0; 0; 270; 280; 0; 0; 0; 0; 0; 0; 0; 0; 170; 0; 0; 0; 0; 0; 0; 0; 150; 0; 0; 0; 0
1953;04; 0; 0; 130; 0; 0; 0; 480; 0; 0; 0; 0; 0; 0; 0; 0; 490; 0; 0; 0; 0; 0; 0; 0; 0; 0; 0; 0; 0; 0; 0; 9999
1953;05; 0; 0; 0; 0; 0; 0; 0; 0; 0; 0; 0; 0; 0; 0; 0; 0; 0; 0; 0; 0; 0; 0; 122; 0; 240; 0; 358; 0; 0; 446; 204
1953;06; 0; 0; 0; 0; 0; 0; 0; 425; 180; 0; 0; 0; 0; 0; 0; 0; 0; 0; 0; 0; 0; 0; 0; 0; 0; 0; 0; 0; 0; 0; 9999
1953;07; 0; 0; 0; 0; 0; 0; 0; 0; 0; 0; 0; 122; 0; 0; 0; 0; 0; 61; 183; 0; 0; 0; 0; 0; 0; 0; 0; 0; 0; 0; 0
1953;08; 0; 0; 0; 0; 0; 0; 0; 0; 0; 0; 0; 0; 0; 0; 0; 0; 0; 0; 0; 0; 0; 0; 0; 0; 0; 0; 0; 0; 0; 0; 0
1953;09; 0; 0; 0; 0; 0; 0; 0; 0; 0; 0; 0; 0; 340; 0; 421; 0; 0; 0; 0; 0; 33; 84; 0; 0; 0; 0; 0; 0; 0; 0; 9999
1953;10; 0; 0; 350; 0; 0; 0; 0; 0; 0; 0; 0; 162; 151; 0; 0; 0; 100; 0; 0; 0; 0; 160; 180; 0; 0; 0; 0; 0; 0; 110; 615
1953;11; 0; 0; 0; 0; 0; 280; 0; 0; 0; 0; 0; 320; 210; 160; 0; 0; 0; 0; 0; 0; 0; 0; 0; 0; 0; 0; 0; 0; 0; 250; 9999
1953;12; 0; 0; 0; 0; 0; 0; 120; 0; 0; 0; 0; 0; 0; 230; 0; 90; 0; 0; 0; 0; 0; 0; 0; 0; 0; 0; 0; 0; 0; 0; 0
1954;01; 0; 460; 350; 0; 0; 0; 0; 0; 0; 0; 0; 20; 0; 0; 690; 0; 50; 0; 0; 0; 0; 0; 0; 0; 0; 0; 0; 80; 15; 0; 0
1954;02; 0; 0; 0; 1150; 0; 500; 0; 0; 0; 0; 0; 0; 0; 0; 325; 0; 0; 0; 545; 0; 0; 0; 210; 320; 0; 0; 120; 0; 9999; 9999; 9999
1954;03; 9999; 9999; 9999; 9999; 9999; 9999; 9999; 9999; 9999; 9999; 9999; 9999; 9999; 9999; 9999; 9999; 9999; 9999; 9999; 9999; 9999; 9999; 9999; 9999; 9999; 9999; 9999; 9999; 9999; 9999; 9999
1954;04; 9999; 9999; 9999; 9999; 9999; 9999; 9999; 9999; 9999; 9999; 9999; 9999; 9999; 9999; 9999; 9999; 9999; 9999; 9999; 9999; 9999; 9999; 9999; 9999; 9999; 9999; 9999; 9999; 9999; 9999; 9999
1954;05; 9999; 9999; 9999; 9999; 9999; 9999; 9999; 9999; 9999; 9999; 9999; 9999; 9999; 9999; 9999; 9999; 9999; 9999; 9999; 9999; 9999; 9999; 9999; 9999; 9999; 9999; 9999; 9999; 9999; 9999; 9999
1954;06; 9999; 9999; 9999; 9999; 9999; 9999; 9999; 9999; 9999; 9999; 9999; 9999; 9999; 9999; 9999; 9999; 9999; 9999; 9999; 9999; 9999; 9999; 9999; 9999; 9999; 9999; 9999; 9999; 9999; 9999; 9999
1954;07; 9999; 9999; 9999; 9999; 9999; 9999; 9999; 9999; 9999; 9999; 9999; 9999; 9999; 9999; 9999; 9999; 9999; 9999; 9999; 9999; 9999; 9999; 9999; 9999; 9999; 9999; 9999; 9999; 9999; 9999; 9999
1954;08; 9999; 9999; 9999; 9999; 9999; 9999; 9999; 9999; 9999; 9999; 9999; 9999; 9999; 9999; 9999; 9999; 9999; 9999; 9999; 9999; 9999; 9999; 9999; 9999; 9999; 9999; 9999; 9999; 9999; 9999; 9999
1954;09; 9999; 9999; 9999; 9999; 9999; 9999; 9999; 9999; 9999; 9999; 9999; 9999; 9999; 9999; 9999; 9999; 9999; 9999; 9999; 9999; 9999; 9999; 9999; 9999; 9999; 9999; 9999; 9999; 9999; 9999; 9999
1954;10; 9999; 9999; 9999; 9999; 9999; 9999; 9999; 9999; 9999; 9999; 9999; 9999; 9999; 9999; 9999; 9999; 9999; 9999; 9999; 9999; 9999; 9999; 9999; 9999; 9999; 9999; 9999; 9999; 9999; 9999; 9999
1954;11; 9999; 9999; 9999; 9999; 9999; 9999; 9999; 9999; 9999; 9999; 9999; 9999; 9999; 9999; 9999; 9999; 9999; 9999; 9999; 9999; 9999; 9999; 9999; 9999; 9999; 9999; 9999; 9999; 9999; 9999; 9999
1954;12; 9999; 9999; 9999; 9999; 9999; 9999; 9999; 9999; 9999; 9999; 9999; 9999; 9999; 9999; 9999; 9999; 9999; 9999; 9999; 9999; 9999; 9999; 9999; 9999; 9999; 9999; 9999; 9999; 9999; 9999; 9999
1955;01; 0; 144; 103; 0; 32; 0; 69; 0; 0; 108; 53; 203; 58; 121; 21; 0; 0; 322; 0; 0; 0; 0; 0; 0; 0; 0; 0; 0; 0; 0; 0
1955;02; 77; 0; 0; 0; 0; 0; 0; 0; 0; 65; 3; 83; 0; 0; 0; 0; 0; 0; 0; 0; 0; 141; 0; 0; 0; 0; 93; 135; 9999; 9999; 9999
1955;03; 0; 0; 0; 253; 0; 74; 0; 73; 0; 8; 77; 0; 0; 65; 262; 215; 0; 0; 0; 0; 0; 206; 5; 586; 0; 12; 31; 47; 0; 90; 11
1955;04; 0; 0; 0; 0; 0; 0; 0; 0; 0; 0; 107; 0; 0; 119; 158; 335; 223; 0; 0; 0; 0; 0; 0; 0; 0; 0; 0; 334; 2; 0; 9999
1955;05; 0; 0; 0; 0; 0; 0; 0; 0; 0; 0; 0; 0; 0; 0; 0; 0; 0; 0; 0; 0; 0; 0; 0; 0; 306; 0; 0; 0; 285; 0; 0
1955;06; 9999; 9999; 9999; 9999; 9999; 9999; 9999; 9999; 47; 0; 0; 0; 233; 29; 0; 0; 72; 9999; 9999; 53; 0; 24; 0; 0; 0; 9999; 9999; 9999; 9999; 9999; 9999
1955;07; 0; 0; 10; 25; 53; 303; 10; 0; 0; 1; 0; 0; 0; 1; 0; 0; 1; 0; 0; 0; 0; 0; 0; 0; 0; 0; 0; 0; 0; 2; 93
1955;08; 0; 0; 0; 0; 0; 0; 0; 0; 0; 0; 21; 1; 0; 0; 0; 1; 0; 0; 0; 0; 0; 0; 0; 0; 13; 81; 310; 602; 140; 120; 0
1955;09; 0; 0; 103; 0; 0; 0; 0; 0; 0; 0; 0; 0; 1; 0; 0; 0; 0; 0; 0; 0; 0; 0; 0; 0; 0; 0; 0; 0; 0; 0; 9999
1955;10; 0; 0; 0; 0; 0; 0; 3; 0; 0; 0; 0; 0; 235; 0; 0; 0; 1; 0; 0; 0; 0; 0; 0; 0; 0; 0; 0; 1075; 0; 0; 0
1955;11; 162; 131; 162; 0; 0; 1; 121; 0; 1; 1; 0; 0; 0; 0; 0; 0; 0; 0; 0; 130; 0; 135; 114; 0; 0; 0; 0; 0; 0; 0; 9999
1955;12; 0; 0; 550; 65; 15; 15; 0; 225; 0; 0; 5; 90; 225; 0; 0; 0; 294; 0; 0; 0; 0; 0; 0; 0; 0; 50; 0; 15; 425; 330; 320
1956;01; 45; 80; 224; 13; 110; 111; 43; 110; 14; 0; 115; 0; 0; 0; 0; 0; 0; 283; 0; 373; 8; 83; 0; 0; 20; 65; 23; 195; 0; 4; 470
1956;02; 0; 0; 0; 0; 0; 0; 0; 0; 0; 5; 43; 50; 183; 285; 0; 86; 0; 0; 0; 0; 0; 0; 0; 0; 506; 1; 236; 0; 0; 9999; 9999
1956;03; 34; 0; 0; 0; 0; 0; 0; 0; 0; 0; 140; 0; 6; 8; 85; 0; 0; 0; 0; 0; 0; 0; 0; 14; 318; 4; 478; 2; 0; 0; 0
1956;04; 12; 0; 0; 0; 0; 185; 53; 80; 0; 13; 303; 38; 0; 0; 0; 0; 0; 0; 0; 0; 0; 0; 1; 0; 8; 1; 1490; 31; 0; 0; 9999
1956;05; 2; 220; 0; 0; 942; 36; 830; 620; 3; 160; 2; 0; 0; 1; 1; 2; 0; 1; 1; 1; 0; 30; 1; 83; 369; 1236; 194; 1; 1; 0; 92
1956;06; 750; 383; 3; 1; 0; 0; 0; 0; 0; 0; 36; 132; 280; 0; 0; 1; 0; 0; 1; 0; 1; 0; 1; 63; 1; 1; 73; 1; 1; 0; 9999
1956;07; 0; 0; 1; 0; 1; 1; 634; 0; 0; 1; 1; 1; 0; 73; 334; 1; 1; 1; 2; 0; 0; 13; 182; 583; 2; 1; 2; 101; 1; 323; 68
1956;08; 582; 0; 478; 513; 40; 0; 56; 0; 1; 2; 0; 0; 0; 0; 1; 0; 0; 0; 0; 0; 0; 0; 3; 252; 0; 0; 0; 0; 0; 0; 0
1956;09; 0; 0; 0; 0; 0; 1; 0; 0; 0; 323; 80; 0; 0; 72; 35; 260; 0; 0; 0; 0; 0; 0; 0; 42; 1; 52; 0; 0; 0; 21; 9999
1956;10; 0; 0; 1; 0; 0; 0; 1; 0; 0; 51; 335; 13; 0; 0; 0; 1; 8; 32; 1; 0; 0; 0; 431; 3; 0; 0; 0; 28; 0; 218; 2
1956;11; 0; 0; 0; 0; 0; 0; 0; 0; 123; 8; 0; 3; 61; 0; 0; 0; 0; 0; 0; 0; 0; 0; 0; 0; 0; 21; 0; 0; 0; 0; 9999
1956;12; 0; 0; 0; 0; 0; 102; 223; 1; 0; 0; 0; 0; 3; 142; 1; 0; 0; 0; 0; 0; 0; 12; 65; 32; 151; 0; 0; 0; 0; 32; 0
1957;01; 0; 0; 0; 0; 0; 0; 31; 65; 227; 326; 413; 0; 0; 3; 83; 488; 257; 2; 1; 2; 1; 6; 473; 352; 1; 132; 3; 7; 0; 9; 210
1957;02; 23; 5; 751; 250; 1; 2; 1; 183; 31; 653; 234; 2; 0; 1; 260; 93; 45; 0; 0; 0; 0; 0; 0; 0; 0; 194; 43; 0; 9999; 9999; 9999
1957;03; 193; 81; 1; 0; 0; 0; 1; 0; 29; 671; 0; 3; 1; 0; 0; 0; 0; 0; 0; 0; 106; 23; 1; 0; 0; 21; 0; 0; 0; 32; 206
1957;04; 422; 3; 1; 0; 0; 0; 0; 0; 0; 0; 0; 0; 0; 0; 41; 0; 0; 0; 0; 0; 0; 0; 0; 0; 0; 0; 190; 2; 0; 120; 9999
1957;05; 0; 0; 0; 0; 0; 0; 143; 28; 8; 362; 2; 10; 2; 0; 2; 24; 43; 2; 0; 0; 0; 0; 0; 0; 0; 0; 0; 0; 0; 0; 0
1957;06; 0; 0; 0; 0; 0; 0; 21; 230; 1; 2; 0; 0; 25; 0; 0; 0; 0; 0; 0; 0; 0; 0; 0; 0; 0; 0; 0; 0; 330; 185; 9999
1957;07; 155; 163; 340; 485; 723; 0; 0; 0; 0; 0; 0; 0; 0; 0; 200; 834; 53; 41; 346; 0; 0; 0; 2; 0; 0; 0; 0; 0; 0; 0; 41
1957;08; 2; 20; 0; 0; 1; 0; 0; 0; 0; 0; 0; 0; 112; 73; 0; 0; 333; 296; 244; 0; 1; 1; 0; 0; 0; 0; 0; 0; 0; 34; 16
1957;09; 0; 0; 227; 573; 2; 0; 0; 438; 71; 1; 0; 0; 213; 0; 0; 26; 1; 0; 0; 163; 75; 73; 381; 8; 0; 0; 0; 0; 0; 0; 9999
1957;10; 0; 0; 0; 0; 0; 0; 0; 0; 0; 0; 1; 148; 83; 1; 0; 0; 0; 0; 0; 42; 2; 0; 0; 0; 0; 1; 123; 538; 1; 0; 27
1957;11; 0; 0; 0; 0; 0; 0; 0; 65; 131; 113; 1; 2; 18; 42; 0; 0; 63; 11; 65; 111; 1; 0; 0; 0; 0; 0; 0; 0; 0; 0; 9999
1957;12; 1; 5; 113; 0; 0; 0; 0; 0; 0; 0; 0; 34; 243; 295; 143; 96; 344; 0; 0; 0; 0; 0; 0; 0; 0; 0; 0; 5; 98; 0; 0
1958;01; 1; 40; 160; 2; 0; 0; 0; 0; 0; 0; 0; 61; 240; 0; 50; 5; 43; 178; 87; 2; 0; 0; 0; 0; 25; 53; 64; 1; 0; 0; 0
1958;02; 0; 0; 0; 5; 58; 87; 30; 15; 0; 20; 0; 0; 0; 2; 0; 0; 0; 30; 25; 0; 10; 2; 0; 10; 1; 32; 702; 131; 9999; 9999; 9999
1958;03; 150; 30; 120; 0; 1; 0; 0; 0; 0; 65; 360; 132; 8; 0; 1; 0; 0; 0; 0; 0; 0; 0; 0; 0; 0; 0; 0; 0; 0; 25; 250
1958;04; 220; 140; 1; 0; 0; 0; 0; 0; 152; 70; 2; 0; 170; 2; 0; 0; 0; 20; 30; 0; 0; 0; 0; 1; 0; 0; 0; 0; 0; 0; 9999
1958;05; 0; 83; 150; 43; 0; 0; 0; 1; 1; 0; 0; 0; 0; 1; 1; 0; 0; 0; 0; 0; 150; 410; 60; 15; 190; 365; 53; 400; 1; 1; 0
1958;06; 0; 0; 0; 1; 1; 1; 0; 1; 0; 0; 0; 0; 0; 120; 281; 0; 280; 70; 0; 0; 0; 0; 0; 1; 0; 0; 0; 0; 1; 0; 9999
1958;07; 0; 0; 0; 0; 1; 0; 0; 0; 110; 10; 25; 70; 0; 0; 20; 40; 1; 0; 0; 0; 0; 0; 0; 0; 0; 20; 0; 0; 0; 0; 0
1958;08; 0; 0; 1; 0; 0; 0; 0; 0; 0; 0; 0; 0; 0; 0; 0; 0; 0; 0; 0; 0; 0; 0; 0; 0; 0; 0; 0; 0; 72; 0; 0
1958;09; 0; 0; 75; 0; 0; 0; 123; 200; 100; 130; 0; 0; 260; 350; 170; 0; 0; 0; 0; 0; 0; 0; 0; 80; 10; 0; 0; 0; 0; 0; 9999
1958;10; 0; 0; 0; 140; 0; 0; 140; 0; 0; 0; 240; 0; 10; 0; 0; 0; 50; 0; 210; 0; 0; 0; 0; 100; 0; 110; 420; 450; 300; 30; 10
1958;11; 0; 0; 0; 0; 280; 0; 0; 0; 0; 0; 220; 260; 150; 0; 0; 0; 40; 0; 50; 300; 0; 0; 0; 0; 570; 0; 0; 70; 40; 0; 9999
1958;12; 0; 0; 10; 220; 300; 0; 180; 0; 270; 0; 150; 100; 0; 130; 110; 0; 0; 130; 150; 170; 300; 570; 0; 0; 0; 0; 0; 0; 0; 0; 0
1959;01; 0; 0; 0; 170; 940; 85; 30; 0; 0; 0; 0; 40; 0; 0; 0; 0; 70; 510; 40; 0; 0; 0; 10; 80; 0; 100; 0; 40; 0; 5; 60
1959;02; 30; 45; 0; 5; 350; 290; 220; 120; 130; 5; 0; 250; 90; 150; 0; 30; 40; 50; 5; 150; 130; 0; 0; 35; 40; 50; 35; 7; 9999; 9999; 9999
1959;03; 50; 0; 0; 0; 0; 0; 0; 60; 0; 0; 0; 0; 140; 20; 0; 0; 30; 130; 180; 0; 10; 20; 242; 120; 484; 231; 0; 0; 0; 0; 194
1959;04; 50; 0; 0; 0; 0; 120; 0; 0; 0; 0; 0; 0; 0; 0; 0; 0; 0; 0; 0; 3; 50; 0; 170; 0; 0; 0; 280; 0; 0; 0; 9999
1959;05; 0; 0; 0; 0; 0; 0; 0; 0; 0; 0; 0; 0; 0; 0; 0; 0; 0; 0; 320; 530; 130; 0; 0; 20; 0; 0; 0; 0; 0; 20; 0
1959;06; 22; 0; 0; 0; 0; 290; 0; 5; 1; 0; 0; 0; 8; 0; 1; 0; 40; 0; 0; 0; 0; 0; 0; 0; 0; 0; 0; 0; 0; 0; 9999
1959;07; 0; 3; 50; 0; 0; 0; 0; 0; 0; 0; 0; 0; 0; 0; 0; 0; 0; 0; 0; 0; 0; 0; 0; 0; 0; 0; 0; 0; 0; 0; 41
1959;08; 323; 13; 50; 0; 0; 0; 130; 0; 0; 2; 0; 120; 113; 94; 350; 0; 0; 0; 0; 0; 0; 0; 0; 0; 0; 0; 0; 0; 0; 0; 0
1959;09; 0; 50; 343; 0; 0; 0; 0; 0; 4; 8; 0; 0; 50; 0; 0; 0; 0; 0; 0; 0; 0; 0; 0; 0; 0; 90; 3; 0; 0; 0; 9999
1959;10; 0; 0; 0; 0; 0; 30; 0; 0; 0; 0; 0; 160; 470; 0; 0; 0; 0; 0; 240; 0; 350; 0; 0; 0; 0; 0; 0; 1; 150; 0; 0
1959;11; 0; 0; 0; 0; 0; 3; 0; 150; 0; 50; 910; 10; 260; 0; 0; 0; 0; 0; 160; 0; 0; 0; 40; 0; 190; 710; 0; 0; 0; 50; 9999
1959;12; 0; 5; 0; 460; 20; 0; 50; 30; 200; 260; 280; 0; 0; 0; 0; 30; 0; 0; 0; 0; 0; 180; 0; 160; 130; 0; 0; 0; 0; 0; 0
1960;01; 0; 0; 0; 0; 0; 9; 490; 260; 70; 230; 260; 610; 0; 1; 0; 0; 0; 140; 160; 20; 0; 0; 0; 0; 0; 0; 130; 270; 0; 0; 0
1960;02; 0; 0; 83; 20; 0; 0; 0; 0; 10; 20; 30; 1030; 30; 20; 130; 2; 1; 2; 260; 60; 240; 40; 0; 0; 0; 2; 640; 120; 150; 9999; 9999
1960;03; 50; 0; 0; 0; 0; 0; 0; 0; 0; 0; 0; 250; 90; 0; 160; 0; 0; 0; 0; 0; 250; 4; 0; 0; 0; 0; 0; 0; 0; 0; 0
1960;04; 9; 610; 20; 130; 100; 50; 210; 170; 0; 100; 0; 0; 0; 0; 0; 0; 0; 12; 520; 3; 0; 0; 0; 0; 0; 0; 0; 0; 20; 0; 9999
1960;05; 130; 2; 0; 3; 0; 0; 0; 0; 0; 0; 0; 0; 0; 0; 130; 20; 0; 0; 0; 220; 530; 0; 0; 0; 0; 0; 0; 0; 0; 0; 0
1960;06; 0; 0; 0; 0; 0; 0; 0; 0; 0; 0; 0; 0; 0; 0; 30; 1; 1; 120; 0; 0; 0; 20; 310; 210; 1; 0; 120; 0; 0; 0; 9999
1960;07; 0; 0; 0; 0; 0; 0; 0; 0; 0; 0; 0; 0; 0; 0; 0; 0; 0; 0; 3; 0; 0; 0; 0; 0; 0; 0; 0; 0; 0; 0; 0
1960;08; 30; 50; 0; 0; 0; 0; 0; 0; 0; 0; 0; 0; 0; 0; 100; 160; 20; 30; 14; 0; 0; 0; 0; 0; 0; 0; 30; 0; 0; 0; 0
1960;09; 70; 40; 0; 0; 0; 0; 0; 0; 0; 0; 0; 0; 0; 0; 0; 0; 0; 0; 0; 0; 0; 0; 0; 0; 80; 0; 0; 0; 0; 20; 9999
1960;10; 0; 20; 0; 0; 0; 0; 10; 24; 0; 320; 0; 0; 0; 30; 10; 0; 110; 0; 0; 1; 0; 10; 120; 0; 180; 100; 190; 0; 0; 0; 20
1960;11; 90; 90; 0; 0; 220; 80; 0; 40; 0; 230; 380; 110; 0; 0; 320; 0; 0; 0; 0; 1; 100; 0; 0; 0; 0; 360; 0; 0; 0; 0; 9999
1960;12; 0; 0; 0; 0; 0; 0; 0; 0; 0; 0; 0; 0; 0; 110; 0; 0; 80; 320; 310; 0; 0; 2; 1; 0; 0; 100; 0; 0; 0; 60; 1
1961;01; 540; 80; 72; 43; 0; 0; 52; 0; 0; 20; 80; 0; 0; 10; 0; 1; 130; 10; 110; 340; 10; 0; 0; 0; 0; 0; 0; 50; 560; 0; 0
1961;02; 0; 0; 0; 80; 180; 20; 90; 0; 0; 32; 13; 40; 270; 23; 0; 0; 0; 22; 620; 0; 13; 2; 540; 483; 10; 40; 240; 320; 9999; 9999; 9999
1961;03; 0; 0; 0; 0; 0; 13; 0; 0; 0; 0; 0; 13; 280; 420; 85; 20; 90; 20; 313; 12; 300; 133; 120; 20; 10; 0; 0; 0; 0; 0; 0
1961;04; 0; 0; 30; 250; 1060; 330; 0; 0; 0; 0; 0; 0; 20; 0; 660; 0; 0; 0; 0; 0; 0; 25; 80; 0; 0; 325; 0; 0; 0; 0; 9999
1961;05; 0; 0; 30; 0; 230; 2; 0; 0; 0; 0; 0; 0; 0; 0; 1; 1; 1; 23; 2; 0; 0; 0; 0; 0; 0; 0; 0; 0; 0; 0; 0
1961;06; 0; 0; 0; 0; 0; 140; 0; 0; 0; 0; 0; 52; 20; 12; 52; 2; 0; 0; 0; 0; 0; 55; 0; 0; 0; 0; 0; 0; 0; 0; 9999
1961;07; 0; 0; 0; 0; 0; 0; 0; 0; 0; 0; 0; 0; 0; 0; 0; 0; 0; 0; 0; 0; 0; 0; 0; 0; 0; 0; 0; 0; 0; 0; 0
1961;08; 0; 0; 0; 0; 0; 0; 0; 0; 0; 0; 0; 0; 0; 0; 0; 0; 0; 0; 0; 0; 0; 0; 0; 0; 0; 0; 0; 0; 0; 85; 46
1961;09; 0; 0; 0; 0; 0; 40; 0; 100; 0; 0; 0; 0; 0; 0; 0; 0; 0; 0; 0; 0; 0; 0; 0; 0; 0; 0; 0; 10; 260; 0; 9999
1961;10; 0; 0; 0; 0; 0; 0; 0; 0; 84; 0; 0; 0; 0; 30; 0; 50; 64; 310; 0; 210; 0; 74; 0; 30; 0; 220; 30; 0; 20; 120; 1010
1961;11; 0; 405; 20; 140; 0; 0; 0; 0; 0; 0; 120; 40; 80; 0; 0; 0; 0; 0; 260; 30; 140; 150; 80; 0; 0; 0; 80; 0; 0; 0; 9999
1961;12; 0; 1; 50; 70; 0; 0; 0; 0; 0; 32; 0; 0; 0; 0; 30; 350; 0; 20; 10; 50; 0; 60; 20; 70; 0; 90; 0; 160; 80; 0; 0
1962;01; 0; 40; 210; 0; 0; 0; 0; 250; 0; 70; 0; 0; 0; 0; 0; 120; 50; 30; 20; 3; 0; 0; 0; 0; 0; 0; 0; 0; 0; 0; 0
1962;02; 0; 0; 0; 470; 80; 0; 0; 0; 0; 53; 0; 0; 0; 0; 0; 73; 0; 0; 10; 0; 0; 140; 150; 350; 10; 20; 0; 0; 9999; 9999; 9999
1962;03; 0; 180; 110; 0; 60; 0; 0; 0; 0; 100; 100; 470; 100; 80; 70; 60; 180; 50; 160; 70; 3; 0; 0; 0; 0; 0; 130; 0; 0; 0; 0
1962;04; 0; 0; 20; 0; 0; 0; 0; 0; 110; 0; 0; 0; 0; 0; 0; 0; 0; 20; 0; 0; 0; 0; 0; 0; 0; 50; 0; 0; 190; 80; 9999
1962;05; 0; 10; 180; 0; 0; 0; 0; 0; 0; 0; 0; 0; 0; 0; 0; 0; 0; 20; 0; 0; 0; 0; 0; 0; 0; 0; 0; 0; 0; 0; 0
1962;06; 0; 0; 300; 10; 0; 3; 20; 130; 3; 92; 2; 4; 0; 0; 0; 0; 0; 0; 0; 0; 0; 0; 190; 0; 0; 0; 0; 0; 0; 0; 9999
1962;07; 0; 0; 0; 0; 0; 100; 0; 0; 0; 0; 0; 0; 0; 0; 0; 0; 0; 180; 70; 0; 0; 0; 0; 0; 0; 0; 0; 0; 0; 0; 0
1962;08; 0; 0; 0; 0; 0; 0; 0; 0; 0; 0; 13; 120; 0; 0; 0; 0; 0; 0; 0; 0; 0; 30; 160; 0; 0; 0; 0; 0; 0; 0; 0
1962;09; 0; 0; 0; 0; 0; 0; 0; 0; 23; 0; 0; 10; 0; 0; 0; 0; 0; 0; 0; 140; 0; 0; 0; 0; 0; 0; 0; 0; 0; 0; 9999
1962;10; 0; 195; 190; 264; 0; 0; 0; 215; 400; 5; 225; 25; 0; 0; 0; 0; 0; 40; 20; 120; 0; 0; 0; 0; 60; 0; 0; 60; 60; 50; 110
1962;11; 0; 0; 0; 0; 0; 0; 0; 0; 45; 0; 0; 0; 0; 0; 0; 0; 0; 20; 465; 21; 24; 0; 0; 0; 0; 0; 0; 85; 0; 0; 9999
1962;12; 250; 0; 0; 30; 42; 482; 0; 0; 0; 0; 0; 0; 20; 0; 0; 0; 0; 80; 315; 0; 0; 0; 0; 0; 45; 0; 180; 0; 0; 60; 130
1963;01; 230; 290; 0; 0; 0; 0; 0; 0; 33; 0; 0; 0; 222; 180; 120; 110; 215; 495; 70; 0; 0; 0; 0; 0; 0; 165; 40; 100; 0; 0; 140
1963;02; 18; 25; 2; 30; 0; 47; 200; 0; 0; 0; 0; 0; 0; 100; 20; 0; 0; 0; 0; 0; 270; 520; 0; 0; 180; 160; 0; 0; 9999; 9999; 9999
1963;03; 0; 0; 30; 0; 0; 180; 20; 30; 10; 70; 40; 30; 90; 0; 0; 0; 0; 0; 0; 80; 0; 20; 0; 40; 70; 340; 50; 100; 0; 0; 0
1963;04; 0; 0; 0; 0; 0; 0; 0; 0; 0; 0; 0; 0; 0; 0; 0; 80; 0; 0; 0; 0; 0; 0; 0; 0; 0; 0; 0; 0; 0; 0; 9999
1963;05; 0; 0; 0; 80; 0; 0; 0; 0; 0; 0; 0; 0; 0; 0; 0; 0; 0; 15; 0; 0; 0; 0; 0; 0; 0; 0; 0; 0; 0; 0; 0
1963;06; 0; 0; 0; 0; 0; 0; 0; 0; 0; 0; 0; 34; 245; 34; 0; 0; 0; 0; 0; 0; 30; 20; 0; 0; 2; 0; 0; 0; 0; 0; 9999
1963;07; 0; 0; 0; 0; 0; 0; 0; 0; 0; 0; 0; 0; 0; 0; 0; 0; 0; 0; 0; 0; 0; 0; 10; 0; 0; 0; 0; 0; 0; 0; 0
1963;08; 0; 0; 0; 0; 0; 30; 0; 0; 0; 0; 0; 0; 0; 0; 0; 45; 0; 0; 0; 0; 0; 0; 0; 0; 0; 0; 0; 0; 0; 0; 0
1963;09; 0; 0; 0; 0; 0; 0; 0; 0; 0; 0; 0; 0; 0; 0; 0; 0; 0; 0; 0; 0; 0; 60; 0; 160; 0; 0; 70; 26; 166; 72; 9999
1963;10; 0; 5; 0; 0; 15; 110; 280; 0; 0; 32; 0; 0; 0; 0; 55; 32; 0; 270; 200; 190; 0; 160; 50; 0; 3; 0; 138; 78; 3; 0; 0
1963;11; 0; 129; 0; 0; 0; 0; 0; 57; 129; 0; 0; 0; 0; 280; 9; 0; 0; 126; 66; 55; 200; 25; 0; 0; 0; 0; 0; 0; 0; 150; 9999
1963;12; 0; 0; 0; 20; 101; 30; 35; 0; 25; 0; 0; 125; 121; 0; 0; 0; 0; 0; 0; 125; 0; 0; 0; 0; 0; 0; 0; 15; 247; 53; 0
1964;01; 144; 52; 0; 0; 0; 0; 0; 252; 13; 0; 0; 0; 0; 0; 0; 0; 0; 52; 33; 65; 0; 0; 57; 0; 0; 164; 0; 75; 0; 0; 0
1964;02; 0; 165; 664; 10; 0; 0; 0; 10; 0; 5; 7; 203; 454; 382; 345; 296; 645; 164; 203; 191; 53; 0; 0; 0; 87; 31; 0; 52; 21; 9999; 9999
1964;03; 0; 10; 52; 0; 0; 0; 0; 0; 0; 0; 0; 0; 0; 0; 0; 245; 46; 0; 0; 0; 0; 0; 0; 0; 0; 122; 72; 564; 273; 0; 0
1964;04; 21; 2; 0; 32; 0; 0; 146; 21; 0; 0; 0; 0; 0; 0; 0; 0; 0; 51; 0; 0; 0; 31; 0; 0; 0; 0; 0; 0; 0; 5; 9999
1964;05; 602; 1; 0; 0; 0; 71; 152; 51; 0; 0; 0; 0; 0; 116; 51; 0; 0; 0; 0; 0; 0; 0; 0; 0; 0; 0; 10; 0; 0; 21; 0
1964;06; 0; 0; 0; 0; 10; 1; 2; 0; 0; 0; 24; 125; 112; 61; 10; 0; 0; 0; 0; 1; 0; 0; 0; 0; 0; 221; 31; 23; 62; 50; 9999
1964;07; 31; 10; 82; 145; 3; 0; 0; 0; 76; 2; 0; 2; 0; 0; 0; 0; 131; 3; 0; 0; 0; 0; 0; 0; 141; 2; 0; 2; 0; 3; 2
1964;08; 0; 1; 3; 10; 0; 0; 1; 0; 21; 0; 0; 0; 0; 0; 0; 0; 0; 0; 0; 192; 32; 75; 0; 0; 0; 0; 0; 0; 0; 0; 0
1964;09; 0; 0; 92; 2; 0; 0; 0; 0; 0; 0; 5; 0; 0; 0; 0; 0; 0; 0; 0; 0; 0; 0; 20; 101; 32; 243; 1; 111; 3; 0; 9999
1964;10; 21; 32; 1; 0; 31; 51; 95; 16; 1; 0; 0; 0; 0; 0; 0; 0; 0; 0; 0; 2; 181; 10; 0; 0; 0; 0; 331; 20; 0; 132; 51
1964;11; 21; 32; 0; 0; 543; 30; 192; 0; 0; 21; 20; 0; 0; 0; 0; 141; 175; 53; 0; 0; 93; 192; 100; 0; 20; 0; 0; 0; 0; 0; 9999
1964;12; 195; 363; 125; 45; 0; 0; 0; 0; 157; 0; 172; 36; 432; 234; 2; 31; 225; 101; 5; 0; 0; 30; 142; 164; 87; 112; 21; 2; 0; 21; 2
1965;01; 0; 0; 51; 1; 0; 0; 425; 352; 51; 0; 0; 132; 21; 23; 31; 121; 42; 72; 2; 81; 0; 0; 0; 0; 83; 12; 182; 86; 183; 192; 552
1965;02; 902; 2; 0; 0; 104; 43; 0; 0; 0; 0; 0; 0; 193; 62; 21; 192; 22; 4; 0; 0; 201; 92; 193; 84; 202; 45; 91; 464; 9999; 9999; 9999
1965;03; 4; 82; 94; 62; 0; 0; 0; 0; 31; 94; 2; 0; 0; 0; 0; 94; 21; 85; 53; 21; 0; 0; 234; 181; 21; 52; 0; 0; 0; 0; 20
1965;04; 0; 0; 0; 0; 0; 0; 322; 3; 263; 21; 1; 21; 0; 0; 0; 0; 0; 0; 112; 21; 20; 0; 0; 0; 0; 52; 0; 0; 761; 135; 9999
1965;05; 3; 1; 0; 0; 0; 0; 0; 31; 52; 0; 183; 84; 293; 72; 723; 2; 0; 32; 245; 0; 2; 52; 3; 0; 2; 0; 1; 0; 0; 31; 2
1965;06; 0; 0; 0; 0; 0; 0; 0; 0; 25; 52; 121; 2; 0; 0; 3; 4; 82; 2; 0; 2; 0; 0; 76; 21; 1; 0; 0; 0; 0; 0; 9999
1965;07; 50; 2; 0; 222; 51; 632; 31; 27; 21; 192; 3; 2; 0; 0; 43; 0; 0; 0; 0; 0; 35; 0; 0; 0; 0; 0; 0; 0; 0; 12; 51
1965;08; 2; 0; 0; 15; 0; 0; 0; 0; 0; 25; 0; 0; 13; 0; 164; 192; 0; 0; 0; 0; 0; 0; 0; 0; 0; 0; 0; 0; 0; 0; 0
1965;09; 0; 0; 0; 0; 0; 0; 0; 0; 0; 0; 92; 3; 0; 26; 0; 0; 0; 0; 0; 0; 0; 0; 0; 0; 0; 78; 379; 83; 10; 0; 9999
1965;10; 723; 374; 0; 0; 0; 0; 0; 0; 52; 3; 348; 30; 0; 0; 82; 0; 0; 5; 74; 3; 162; 0; 0; 0; 62; 3; 0; 0; 42; 3; 0
1965;11; 0; 0; 0; 0; 0; 155; 0; 0; 785; 3; 0; 42; 73; 232; 3; 0; 0; 0; 0; 0; 0; 21; 0; 0; 0; 0; 2; 0; 122; 0; 9999
1965;12; 0; 295; 23; 16; 94; 0; 285; 176; 12; 2; 0; 274; 3; 122; 3; 845; 0; 0; 0; 0; 0; 133; 45; 0; 0; 132; 23; 744; 83; 27; 203
1966;01; 117; 145; 0; 51; 3; 114; 0; 143; 65; 12; 46; 0; 0; 0; 72; 0; 0; 1; 0; 42; 0; 0; 201; 234; 0; 12; 0; 10; 0; 152; 20
1966;02; 155; 2; 0; 0; 0; 82; 21; 1; 0; 401; 56; 55; 142; 51; 145; 2; 0; 186; 0; 0; 0; 202; 0; 0; 53; 0; 0; 251; 9999; 9999; 9999
1966;03; 0; 0; 54; 564; 73; 176; 2; 0; 0; 223; 1; 0; 0; 0; 0; 52; 31; 52; 0; 0; 0; 15; 115; 32; 2; 164; 23; 262; 36; 0; 0
1966;04; 293; 3; 42; 0; 0; 65; 145; 3; 0; 0; 0; 0; 0; 0; 0; 0; 0; 10; 0; 0; 0; 0; 0; 0; 0; 253; 0; 0; 51; 0; 9999
1966;05; 0; 0; 0; 0; 0; 0; 263; 162; 3; 0; 3; 65; 2; 0; 0; 0; 0; 0; 0; 0; 4; 116; 2; 52; 0; 0; 0; 0; 0; 0; 0
1966;06; 0; 0; 0; 0; 0; 0; 0; 0; 0; 0; 0; 0; 0; 0; 0; 0; 0; 5; 26; 2; 0; 0; 0; 254; 2; 3; 0; 0; 0; 322; 9999
1966;07; 365; 122; 43; 20; 0; 0; 0; 31; 0; 0; 0; 0; 0; 0; 0; 42; 21; 0; 0; 0; 0; 0; 83; 0; 0; 0; 0; 0; 0; 42; 0
1966;08; 0; 0; 0; 0; 0; 2; 0; 0; 0; 0; 0; 0; 0; 0; 63; 0; 0; 0; 0; 0; 0; 0; 0; 0; 65; 0; 0; 0; 52; 85; 95
1966;09; 500; 196; 214; 27; 0; 0; 0; 0; 0; 0; 0; 0; 0; 0; 0; 0; 213; 0; 3; 123; 0; 0; 0; 0; 0; 0; 0; 124; 3; 0; 9999
1966;10; 0; 0; 0; 76; 0; 0; 0; 436; 183; 42; 0; 193; 4; 0; 0; 0; 0; 0; 14; 0; 0; 52; 645; 2; 0; 0; 53; 571; 654; 42; 31
1966;11; 47; 4; 53; 0; 0; 0; 0; 0; 0; 4; 0; 62; 243; 52; 41; 455; 52; 0; 0; 0; 0; 0; 0; 0; 0; 0; 0; 0; 0; 0; 9999
1966;12; 0; 52; 0; 0; 0; 0; 21; 42; 0; 0; 75; 0; 65; 16; 124; 227; 123; 247; 51; 43; 222; 21; 42; 63; 0; 0; 0; 43; 0; 0; 0
1967;01; 0; 52; 3; 0; 98; 32; 0; 0; 0; 3; 54; 0; 73; 92; 31; 0; 0; 142; 303; 85; 224; 32; 443; 34; 4; 12; 83; 4; 0; 0; 21
1967;02; 173; 152; 51; 523; 5; 3; 192; 2; 124; 13; 0; 0; 23; 2; 53; 0; 4; 135; 2; 103; 85; 124; 83; 24; 92; 83; 0; 244; 9999; 9999; 9999
1967;03; 52; 0; 53; 122; 43; 163; 204; 13; 4; 32; 0; 0; 67; 174; 253; 32; 2; 0; 0; 0; 0; 2; 0; 0; 0; 0; 0; 0; 315; 13; 0
1967;04; 0; 0; 0; 0; 0; 0; 0; 0; 0; 2; 0; 0; 4; 0; 0; 0; 2; 0; 0; 0; 0; 0; 0; 0; 3; 0; 0; 0; 0; 0; 9999
1967;05; 0; 0; 2; 0; 0; 0; 0; 0; 0; 0; 0; 0; 0; 1; 0; 3; 0; 0; 0; 0; 4; 0; 0; 0; 0; 0; 0; 0; 0; 0; 0
1967;06; 0; 0; 83; 265; 323; 275; 4; 3; 12; 53; 112; 543; 454; 125; 4; 3; 2; 0; 0; 1; 2; 0; 2; 1; 0; 0; 2; 1; 0; 0; 9999
1967;07; 25; 0; 0; 0; 5; 0; 0; 0; 0; 0; 53; 112; 85; 53; 274; 2; 0; 0; 0; 0; 0; 0; 0; 183; 4; 2; 0; 0; 0; 0; 0
1967;08; 0; 0; 0; 0; 0; 0; 0; 0; 0; 0; 0; 0; 53; 84; 0; 0; 0; 0; 0; 0; 0; 0; 0; 0; 0; 0; 0; 0; 0; 0; 0
1967;09; 0; 0; 0; 0; 0; 0; 0; 64; 253; 52; 4; 53; 322; 4; 0; 0; 0; 0; 4; 153; 0; 0; 0; 0; 0; 0; 0; 0; 0; 0; 9999
1967;10; 4; 83; 0; 0; 0; 32; 0; 0; 0; 0; 0; 23; 52; 0; 0; 0; 322; 254; 193; 315; 327; 183; 21; 52; 147; 254; 183; 12; 2; 0; 0
1967;11; 0; 0; 152; 52; 0; 0; 0; 0; 0; 0; 0; 0; 0; 74; 253; 403; 224; 23; 20; 3; 52; 25; 124; 23; 52; 41; 83; 132; 3; 2; 9999
1967;12; 0; 0; 32; 264; 0; 0; 0; 0; 153; 224; 35; 2; 0; 53; 0; 0; 2; 23; 114; 193; 2; 213; 2; 0; 0; 0; 0; 0; 83; 52; 3
1968;01; 165; 223; 52; 154; 3; 2; 0; 0; 0; 0; 0; 153; 101; 52; 334; 673; 254; 553; 312; 194; 51; 283; 124; 253; 595; 62; 3; 0; 0; 0; 0
1968;02; 0; 0; 0; 0; 0; 0; 113; 2; 0; 0; 0; 83; 92; 51; 102; 63; 0; 0; 0; 0; 0; 3; 2; 51; 0; 0; 0; 4; 0; 9999; 9999
1968;03; 0; 0; 0; 0; 53; 112; 133; 334; 142; 3; 52; 63; 124; 3; 5; 2; 53; 0; 0; 0; 0; 54; 42; 31; 2; 0; 83; 0; 0; 0; 84
1968;04; 0; 3; 42; 2; 1; 0; 0; 0; 0; 0; 0; 0; 0; 0; 0; 0; 0; 0; 0; 243; 2; 0; 0; 0; 0; 0; 0; 0; 0; 53; 9999
1968;05; 0; 0; 0; 0; 0; 0; 0; 0; 3; 0; 4; 0; 0; 0; 52; 223; 2; 1; 0; 0; 0; 0; 0; 0; 0; 0; 0; 0; 0; 0; 0
1968;06; 0; 0; 0; 0; 0; 0; 52; 23; 0; 0; 0; 0; 1; 0; 0; 0; 0; 0; 0; 52; 123; 21; 1; 2; 32; 0; 0; 0; 0; 0; 9999
1968;07; 0; 0; 0; 0; 31; 0; 0; 0; 0; 0; 0; 0; 0; 0; 0; 0; 0; 0; 0; 0; 83; 2; 0; 0; 0; 52; 0; 0; 0; 0; 0
1968;08; 0; 0; 0; 0; 3; 23; 0; 354; 563; 2; 0; 0; 0; 0; 0; 0; 0; 0; 0; 0; 0; 0; 0; 0; 0; 0; 0; 0; 0; 0; 243
1968;09; 0; 0; 0; 21; 0; 0; 0; 0; 0; 0; 0; 0; 0; 0; 0; 0; 0; 0; 0; 0; 223; 0; 0; 0; 0; 0; 0; 0; 61; 0; 9999
1968;10; 0; 0; 0; 0; 0; 0; 0; 0; 32; 21; 42; 0; 0; 0; 0; 0; 334; 75; 664; 1; 20; 2; 84; 253; 41; 2; 0; 152; 0; 0; 63
1968;11; 0; 83; 0; 0; 0; 0; 53; 0; 0; 0; 195; 2; 0; 0; 0; 0; 0; 0; 0; 0; 0; 0; 0; 0; 0; 0; 0; 21; 122; 183; 9999
1968;12; 52; 63; 32; 0; 0; 52; 32; 0; 0; 0; 0; 0; 0; 0; 43; 1; 0; 0; 0; 10; 0; 22; 124; 353; 562; 63; 32; 184; 0; 0; 82
1969;01; 0; 0; 294; 50; 0; 0; 41; 0; 0; 0; 83; 4; 3; 0; 0; 62; 41; 0; 83; 0; 0; 4; 1; 364; 2; 0; 0; 53; 304; 295; 31
1969;02; 21; 0; 0; 0; 0; 0; 0; 364; 0; 0; 0; 132; 0; 0; 0; 0; 153; 0; 52; 123; 52; 0; 0; 3; 0; 0; 0; 32; 9999; 9999; 9999
1969;03; 162; 121; 93; 142; 154; 2; 0; 0; 0; 0; 0; 0; 21; 0; 0; 0; 0; 0; 0; 0; 0; 0; 0; 2; 53; 0; 121; 173; 332; 51; 0
1969;04; 0; 213; 52; 31; 83; 0; 0; 21; 422; 0; 0; 0; 0; 0; 0; 0; 0; 0; 0; 0; 0; 0; 0; 0; 0; 0; 0; 0; 52; 2; 9999
1969;05; 0; 0; 152; 0; 0; 0; 0; 0; 0; 0; 0; 0; 0; 0; 0; 0; 0; 0; 0; 0; 0; 0; 3; 123; 52; 84; 152; 83; 52; 31; 161
1969;06; 82; 604; 5; 0; 0; 0; 0; 0; 0; 0; 0; 0; 0; 0; 72; 125; 53; 4; 0; 0; 653; 32; 0; 0; 0; 0; 0; 0; 0; 0; 9999
1969;07; 52; 0; 0; 0; 0; 0; 0; 0; 0; 52; 3; 1; 224; 3; 4; 3; 0; 0; 0; 0; 0; 0; 32; 0; 0; 0; 0; 0; 0; 0; 0
1969;08; 0; 0; 32; 0; 0; 0; 184; 0; 2; 0; 0; 0; 0; 0; 0; 31; 0; 0; 0; 21; 0; 0; 0; 0; 0; 0; 0; 0; 0; 0; 0
1969;09; 0; 0; 0; 123; 82; 1; 0; 0; 0; 0; 0; 0; 0; 0; 20; 0; 1; 0; 232; 193; 51; 0; 0; 0; 0; 32; 3; 0; 52; 754; 9999
1969;10; 182; 51; 82; 293; 252; 2; 264; 0; 0; 21; 0; 0; 0; 0; 0; 0; 2; 0; 0; 554; 0; 0; 453; 82; 0; 0; 0; 0; 0; 0; 621
1969;11; 20; 183; 0; 0; 0; 345; 53; 232; 365; 21; 10; 0; 294; 42; 4; 43; 2; 21; 164; 253; 0; 102; 0; 0; 0; 21; 0; 0; 153; 202; 9999
1969;12; 21; 0; 0; 0; 0; 0; 0; 0; 0; 0; 0; 42; 121; 183; 0; 0; 0; 0; 0; 2; 53; 122; 223; 52; 81; 0; 0; 0; 0; 3; 82
1970;01; 92; 113; 64; 21; 3; 0; 0; 31; 364; 125; 0; 0; 0; 52; 864; 252; 2; 5; 123; 102; 41; 0; 0; 0; 0; 0; 0; 0; 0; 62; 151
1970;02; 152; 3; 0; 123; 162; 364; 21; 0; 94; 42; 0; 32; 0; 51; 122; 93; 134; 2; 213; 21; 122; 284; 3; 4; 0; 32; 23; 0; 9999; 9999; 9999
1970;03; 0; 41; 3; 31; 54; 20; 0; 0; 0; 253; 21; 0; 0; 84; 3; 0; 143; 52; 3; 0; 0; 0; 0; 0; 43; 0; 0; 0; 0; 0; 0
1970;04; 162; 1; 42; 93; 42; 0; 0; 0; 0; 0; 0; 32; 0; 0; 0; 0; 0; 0; 0; 0; 0; 0; 0; 0; 0; 0; 0; 21; 163; 0; 9999
1970;05; 0; 2; 0; 0; 0; 52; 234; 123; 3; 2; 0; 0; 0; 0; 0; 0; 0; 0; 0; 83; 92; 0; 0; 0; 0; 0; 0; 0; 0; 0; 0
1970;06; 0; 0; 0; 0; 0; 0; 63; 402; 53; 2; 0; 0; 0; 52; 101; 0; 0; 102; 2; 0; 0; 0; 193; 32; 0; 0; 0; 0; 332; 564; 9999
1970;07; 0; 21; 0; 0; 0; 0; 0; 0; 0; 0; 0; 42; 21; 2; 0; 0; 0; 0; 0; 0; 0; 0; 0; 0; 0; 0; 41; 0; 2; 0; 0
1970;08; 0; 0; 0; 0; 0; 0; 0; 0; 0; 0; 0; 0; 0; 0; 0; 0; 0; 0; 0; 0; 0; 0; 0; 0; 120; 189; 304; 152; 0; 81; 62
1970;09; 0; 0; 0; 0; 0; 284; 53; 0; 54; 3; 0; 0; 0; 0; 0; 31; 0; 0; 52; 2; 0; 375; 4; 0; 0; 0; 0; 0; 52; 0; 9999
1970;10; 0; 152; 183; 92; 3; 0; 0; 0; 304; 0; 0; 83; 57; 3; 0; 0; 0; 164; 3; 52; 224; 32; 3; 0; 0; 0; 0; 0; 0; 0; 0
1970;11; 0; 0; 21; 52; 0; 0; 63; 252; 31; 2; 0; 0; 0; 42; 0; 0; 0; 0; 0; 0; 0; 42; 1; 0; 0; 0; 3; 21; 3; 2; 9999
1970;12; 63; 1; 0; 0; 0; 0; 0; 0; 0; 523; 82; 214; 95; 53; 2; 31; 642; 1; 194; 0; 475; 364; 52; 21; 172; 3; 21; 223; 1; 254; 182
1971;01; 31; 1203; 174; 32; 243; 42; 195; 32; 142; 112; 21; 52; 193; 2; 273; 0; 0; 1; 0; 4; 2; 0; 232; 0; 0; 0; 0; 0; 45; 353; 82
1971;02; 41; 73; 2; 0; 32; 0; 0; 21; 2; 53; 94; 123; 22; 1; 52; 23; 0; 41; 0; 0; 73; 122; 221; 1; 182; 2; 0; 21; 9999; 9999; 9999
1971;03; 51; 0; 0; 31; 2; 93; 0; 0; 0; 0; 21; 472; 83; 22; 0; 283; 0; 0; 0; 0; 42; 21; 0; 132; 263; 154; 41; 363; 52; 1; 0
1971;04; 0; 0; 0; 0; 0; 0; 0; 0; 0; 62; 0; 0; 0; 0; 0; 21; 62; 0; 0; 0; 2; 123; 274; 32; 0; 0; 0; 0; 0; 0; 9999
1971;05; 0; 0; 153; 52; 183; 51; 32; 2; 63; 0; 0; 0; 0; 0; 0; 0; 83; 2; 0; 0; 0; 0; 0; 0; 0; 283; 41; 73; 0; 0; 0
1971;06; 0; 0; 0; 0; 0; 0; 0; 0; 163; 2; 32; 4; 52; 23; 92; 124; 82; 103; 954; 281; 53; 21; 82; 0; 0; 1; 0; 0; 0; 0; 9999
1971;07; 41; 52; 122; 113; 434; 2; 0; 0; 0; 0; 0; 0; 0; 0; 0; 0; 0; 0; 0; 0; 0; 0; 0; 0; 0; 0; 0; 31; 0; 345; 0
1971;08; 0; 0; 0; 0; 0; 0; 0; 132; 2; 53; 94; 34; 0; 62; 0; 0; 0; 0; 0; 0; 0; 0; 0; 0; 0; 52; 0; 0; 0; 0; 0
1971;09; 0; 0; 0; 0; 0; 31; 0; 62; 3; 21; 54; 212; 1; 0; 0; 0; 0; 0; 0; 0; 0; 0; 0; 51; 122; 43; 2; 5; 2; 0; 9999
1971;10; 82; 3; 0; 42; 2; 0; 123; 321; 2; 3; 52; 131; 92; 0; 0; 0; 42; 0; 0; 0; 0; 2; 0; 0; 0; 0; 0; 0; 0; 0; 0
1971;11; 0; 31; 0; 42; 0; 0; 0; 0; 0; 0; 42; 0; 62; 21; 0; 0; 0; 0; 21; 0; 0; 0; 21; 0; 53; 2; 31; 0; 0; 62; 9999
1971;12; 194; 0; 52; 584; 0; 0; 0; 42; 113; 0; 0; 0; 394; 205; 21; 0; 0; 0; 42; 21; 0; 0; 52; 114; 42; 21; 2; 1; 62; 0; 473
1972;01; 0; 193; 0; 0; 132; 53; 32; 145; 2; 23; 0; 84; 31; 3; 51; 0; 42; 21; 12; 1; 32; 134; 658; 31; 12; 80; 23; 84; 125; 113; 82
1972;02; 73; 24; 12; 41; 2; 0; 123; 32; 94; 0; 223; 342; 234; 185; 163; 61; 23; 72; 43; 294; 82; 63; 32; 2; 0; 483; 72; 1; 0; 9999; 9999
1972;03; 0; 0; 42; 0; 0; 501; 1; 0; 21; 253; 72; 0; 0; 0; 0; 0; 0; 21; 92; 0; 0; 0; 0; 21; 0; 0; 0; 75; 0; 31; 304
1972;04; 381; 0; 112; 234; 0; 0; 0; 0; 0; 0; 0; 0; 0; 0; 122; 0; 0; 0; 0; 0; 0; 0; 0; 0; 0; 0; 21; 2; 0; 0; 9999
1972;05; 0; 0; 0; 0; 0; 0; 21; 93; 31; 2; 0; 0; 0; 0; 0; 0; 0; 0; 0; 96; 0; 0; 264; 43; 122; 3; 0; 0; 0; 0; 0
1972;06; 0; 0; 0; 0; 0; 0; 0; 0; 0; 0; 0; 0; 0; 0; 0; 0; 0; 41; 132; 0; 0; 1; 0; 1; 0; 0; 0; 3; 0; 0; 9999
1972;07; 0; 0; 0; 0; 0; 0; 0; 223; 0; 31; 0; 192; 764; 2; 135; 73; 12; 0; 0; 0; 0; 0; 20; 0; 0; 35; 242; 0; 0; 0; 0
1972;08; 0; 0; 23; 365; 52; 113; 46; 2; 0; 0; 0; 0; 84; 0; 0; 0; 0; 0; 0; 0; 31; 0; 145; 0; 82; 0; 24; 35; 46; 165; 1
1972;09; 0; 0; 0; 3; 21; 114; 1; 0; 0; 184; 0; 0; 0; 41; 0; 0; 0; 2; 31; 0; 0; 0; 225; 56; 104; 43; 126; 665; 543; 32; 9999
1972;10; 0; 75; 543; 565; 276; 0; 3; 0; 0; 280; 275; 0; 0; 0; 173; 0; 0; 0; 0; 0; 0; 0; 0; 0; 0; 0; 0; 0; 72; 0; 54
1972;11; 0; 234; 0; 0; 0; 0; 0; 82; 53; 21; 12; 2; 0; 34; 0; 64; 23; 132; 265; 34; 0; 0; 0; 0; 184; 0; 0; 0; 0; 0; 9999
1972;12; 21; 84; 363; 0; 83; 0; 0; 0; 0; 0; 0; 0; 0; 0; 0; 0; 0; 0; 0; 0; 0; 0; 0; 0; 254; 23; 0; 0; 32; 72; 53
1973;01; 31; 0; 52; 23; 56; 2; 0; 0; 85; 474; 0; 0; 31; 0; 0; 36; 0; 0; 0; 54; 35; 63; 345; 62; 114; 105; 20; 0; 0; 0; 0
1973;02; 0; 21; 64; 0; 0; 0; 0; 0; 0; 5; 0; 81; 427; 21; 145; 425; 375; 345; 0; 0; 0; 225; 0; 23; 0; 42; 0; 0; 9999; 9999; 9999
1973;03; 1; 0; 0; 405; 0; 0; 0; 605; 0; 0; 0; 0; 0; 0; 0; 2; 0; 0; 5; 0; 307; 21; 2; 0; 0; 0; 0; 0; 0; 0; 0
1973;04; 60; 0; 0; 0; 2; 0; 0; 42; 0; 36; 0; 0; 0; 4; 0; 80; 301; 0; 0; 5; 0; 0; 0; 0; 30; 0; 0; 0; 50; 0; 9999
1973;05; 0; 109; 20; 83; 52; 0; 0; 0; 302; 0; 0; 0; 0; 0; 0; 0; 0; 0; 0; 0; 406; 0; 0; 0; 0; 0; 0; 0; 0; 0; 0
1973;06; 0; 0; 0; 0; 0; 0; 0; 0; 0; 206; 0; 0; 0; 0; 0; 0; 23; 202; 0; 0; 0; 0; 0; 0; 180; 0; 201; 0; 0; 0; 9999
1973;07; 0; 293; 139; 0; 0; 0; 0; 0; 0; 0; 0; 0; 0; 0; 0; 0; 0; 0; 0; 123; 0; 51; 0; 0; 0; 0; 0; 105; 1; 0; 0
1973;08; 0; 0; 0; 0; 121; 32; 5; 0; 1; 0; 0; 0; 0; 0; 0; 0; 0; 0; 0; 0; 0; 0; 0; 0; 0; 374; 465; 206; 10; 0; 0
1973;09; 86; 226; 0; 0; 0; 18; 67; 0; 0; 25; 0; 0; 5; 2; 46; 0; 0; 0; 0; 5; 0; 20; 0; 0; 0; 20; 146; 0; 0; 0; 9999
1973;10; 0; 0; 0; 0; 0; 0; 316; 0; 397; 2; 407; 452; 0; 0; 0; 0; 0; 14; 151; 0; 0; 0; 0; 292; 0; 150; 151; 0; 0; 0; 162
1973;11; 391; 0; 3; 0; 22; 0; 0; 0; 0; 0; 0; 0; 56; 0; 0; 0; 0; 562; 14; 0; 0; 0; 0; 0; 82; 0; 0; 0; 0; 0; 9999
1973;12; 0; 0; 65; 307; 332; 52; 131; 173; 1; 0; 0; 0; 0; 0; 0; 283; 16; 2; 1; 0; 131; 0; 0; 205; 109; 96; 0; 0; 12; 429; 143
1974;01; 148; 0; 0; 0; 0; 0; 4; 0; 76; 54; 81; 349; 17; 246; 7; 1; 84; 404; 6; 16; 9; 2; 14; 156; 39; 0; 0; 82; 0; 47; 0
1974;02; 25; 35; 17; 19; 0; 225; 0; 0; 0; 0; 35; 34; 52; 0; 0; 0; 112; 223; 0; 0; 0; 202; 0; 47; 3; 0; 0; 0; 9999; 9999; 9999
1974;03; 0; 0; 0; 0; 0; 0; 82; 86; 36; 203; 156; 143; 0; 0; 14; 14; 853; 402; 215; 142; 0; 0; 0; 17; 0; 0; 0; 0; 0; 0; 0
1974;04; 0; 0; 0; 0; 24; 114; 0; 0; 0; 58; 0; 0; 0; 0; 0; 0; 0; 0; 0; 0; 0; 0; 0; 12; 22; 56; 0; 0; 0; 0; 9999
1974;05; 5; 0; 0; 0; 0; 0; 0; 0; 0; 0; 0; 0; 121; 0; 0; 0; 0; 0; 591; 31; 0; 0; 0; 0; 173; 0; 0; 0; 0; 0; 2
1974;06; 0; 206; 0; 0; 0; 0; 1; 0; 40; 0; 1; 212; 1; 0; 0; 0; 0; 1; 0; 11; 0; 29; 0; 0; 221; 352; 142; 0; 0; 0; 9999
1974;07; 0; 0; 0; 0; 0; 0; 0; 0; 0; 0; 0; 0; 0; 0; 0; 0; 0; 0; 11; 21; 0; 0; 0; 0; 0; 0; 0; 0; 0; 0; 0
1974;08; 0; 0; 0; 0; 0; 0; 0; 0; 8; 0; 0; 0; 11; 0; 0; 0; 0; 3; 1; 0; 0; 0; 0; 0; 0; 0; 14; 14; 50; 206; 0
1974;09; 0; 0; 0; 0; 1; 9; 12; 0; 0; 0; 0; 0; 0; 0; 0; 0; 0; 0; 0; 22; 0; 0; 0; 0; 0; 0; 114; 0; 301; 0; 9999
1974;10; 0; 329; 0; 204; 171; 0; 0; 0; 0; 0; 0; 0; 0; 0; 0; 0; 0; 0; 28; 0; 0; 0; 0; 0; 687; 22; 36; 205; 556; 134; 0
1974;11; 0; 0; 0; 0; 0; 205; 0; 0; 0; 0; 0; 0; 107; 0; 0; 0; 0; 0; 0; 0; 855; 0; 0; 0; 0; 0; 9; 55; 46; 4; 9999
1974;12; 159; 28; 78; 48; 1; 0; 0; 0; 0; 0; 26; 0; 17; 42; 1; 0; 142; 167; 19; 0; 32; 68; 75; 36; 0; 0; 0; 0; 147; 166; 225
1975;01; 193; 0; 0; 0; 0; 0; 0; 1; 90; 0; 334; 106; 0; 78; 1; 0; 0; 0; 32; 0; 0; 0; 0; 0; 41; 52; 23; 0; 9; 0; 0
1975;02; 0; 162; 47; 12; 501; 0; 0; 267; 495; 19; 0; 0; 0; 0; 0; 0; 0; 0; 134; 0; 38; 0; 49; 0; 37; 0; 0; 156; 9999; 9999; 9999
1975;03; 0; 1; 31; 0; 0; 0; 0; 0; 28; 0; 0; 0; 0; 0; 0; 102; 0; 0; 0; 181; 11; 95; 0; 12; 24; 0; 0; 0; 0; 234; 6
1975;04; 0; 0; 0; 0; 0; 0; 0; 0; 0; 474; 1; 0; 0; 0; 201; 0; 0; 0; 0; 14; 0; 0; 0; 0; 0; 0; 0; 0; 0; 0; 9999
1975;05; 91; 60; 6; 0; 0; 93; 0; 5; 0; 0; 0; 0; 0; 0; 1; 0; 16; 19; 0; 0; 0; 0; 0; 0; 0; 0; 0; 0; 0; 0; 0
1975;06; 0; 0; 81; 102; 14; 0; 64; 2; 0; 0; 0; 0; 0; 0; 0; 0; 0; 0; 0; 0; 0; 0; 87; 103; 0; 2; 0; 0; 0; 0; 9999
1975;07; 0; 22; 0; 28; 0; 207; 0; 0; 0; 0; 0; 0; 0; 0; 0; 0; 578; 3; 0; 0; 0; 0; 0; 0; 0; 0; 0; 0; 0; 0; 0
1975;08; 0; 0; 0; 0; 0; 83; 116; 0; 0; 0; 0; 0; 0; 0; 0; 0; 0; 0; 0; 0; 0; 0; 0; 0; 0; 0; 0; 0; 0; 0; 0
1975;09; 0; 0; 0; 0; 0; 0; 0; 0; 0; 0; 0; 0; 0; 0; 0; 0; 0; 0; 0; 0; 0; 61; 21; 189; 0; 17; 282; 0; 0; 487; 9999
1975;10; 196; 0; 391; 668; 141; 82; 0; 127; 0; 0; 215; 0; 0; 0; 8; 0; 58; 131; 61; 0; 0; 0; 0; 0; 0; 0; 0; 0; 0; 0; 1
1975;11; 0; 216; 0; 0; 0; 0; 186; 0; 0; 0; 161; 2; 0; 0; 0; 0; 0; 49; 0; 0; 54; 0; 53; 119; 217; 243; 0; 0; 306; 408; 9999
1975;12; 342; 33; 0; 673; 0; 0; 0; 0; 0; 91; 3; 0; 44; 557; 0; 0; 0; 0; 9; 7; 0; 0; 8; 58; 82; 0; 0; 51; 0; 134; 43
1976;01; 184; 12; 0; 0; 0; 0; 11; 11; 23; 0; 83; 61; 29; 0; 0; 6; 42; 0; 0; 0; 7; 1; 0; 13; 0; 160; 42; 39; 0; 0; 0
1976;02; 0; 142; 47; 0; 106; 237; 271; 42; 0; 1; 0; 0; 0; 0; 0; 41; 45; 116; 301; 56; 0; 0; 0; 231; 0; 0; 83; 105; 0; 9999; 9999
1976;03; 0; 0; 87; 8; 2; 0; 71; 0; 0; 96; 0; 23; 0; 143; 0; 0; 0; 121; 7; 178; 292; 0; 0; 0; 0; 17; 9; 0; 0; 0; 0
1976;04; 0; 0; 0; 0; 0; 0; 7; 0; 0; 116; 122; 180; 61; 0; 0; 0; 18; 0; 0; 0; 0; 0; 48; 0; 0; 0; 0; 0; 0; 0; 9999
1976;05; 0; 0; 0; 0; 0; 0; 0; 0; 71; 111; 32; 2; 0; 0; 0; 0; 6; 7; 0; 61; 46; 35; 0; 0; 0; 0; 0; 417; 791; 0; 0
1976;06; 0; 0; 0; 5; 12; 1116; 0; 0; 12; 0; 0; 32; 21; 31; 0; 0; 0; 0; 0; 0; 0; 0; 0; 0; 0; 0; 0; 0; 0; 0; 9999
1976;07; 14; 0; 492; 0; 0; 0; 0; 139; 106; 0; 0; 0; 0; 0; 0; 60; 0; 0; 0; 0; 0; 96; 0; 0; 0; 0; 0; 0; 0; 0; 0
1976;08; 0; 0; 0; 16; 105; 0; 0; 0; 120; 0; 12; 251; 463; 206; 0; 0; 0; 0; 386; 0; 0; 0; 0; 0; 2; 0; 0; 0; 0; 0; 0
1976;09; 0; 0; 0; 0; 101; 61; 337; 212; 3; 0; 0; 0; 171; 53; 49; 54; 0; 0; 0; 0; 0; 0; 328; 0; 0; 0; 197; 16; 0; 0; 9999
1976;10; 0; 0; 0; 0; 402; 0; 0; 0; 382; 51; 0; 0; 0; 0; 0; 0; 213; 0; 381; 0; 0; 0; 0; 0; 0; 191; 0; 0; 0; 0; 0
1976;11; 281; 0; 0; 52; 86; 385; 0; 0; 0; 0; 0; 0; 0; 172; 0; 0; 0; 0; 0; 0; 0; 0; 0; 0; 0; 0; 45; 0; 0; 0; 9999
1976;12; 0; 418; 0; 0; 0; 15; 0; 0; 261; 0; 0; 0; 0; 0; 199; 381; 82; 0; 0; 0; 326; 0; 51; 32; 131; 9; 0; 142; 0; 0; 0
1977;01; 246; 0; 0; 0; 443; 45; 24; 23; 38; 0; 0; 0; 0; 42; 0; 52; 63; 0; 226; 0; 0; 0; 0; 0; 0; 0; 267; 0; 0; 0; 0
1977;02; 62; 104; 0; 0; 161; 68; 34; 162; 0; 186; 75; 0; 0; 0; 0; 0; 44; 0; 7; 0; 0; 0; 0; 161; 0; 46; 0; 0; 9999; 9999; 9999
1977;03; 0; 9; 0; 0; 0; 0; 0; 245; 0; 0; 0; 0; 0; 0; 0; 0; 26; 0; 37; 0; 0; 8; 0; 0; 16; 0; 0; 17; 264; 167; 294
1977;04; 162; 0; 0; 45; 0; 0; 0; 682; 0; 33; 0; 0; 0; 0; 0; 0; 0; 0; 0; 41; 0; 0; 6; 0; 0; 0; 0; 0; 0; 0; 9999
1977;05; 0; 4; 0; 0; 0; 0; 0; 0; 12; 0; 0; 0; 0; 0; 0; 0; 31; 0; 0; 0; 0; 0; 2; 0; 0; 0; 2; 0; 0; 3; 0
1977;06; 29; 0; 0; 0; 0; 21; 0; 0; 0; 0; 0; 0; 0; 0; 0; 82; 0; 0; 0; 0; 51; 152; 2; 4; 74; 0; 0; 0; 0; 0; 9999
1977;07; 0; 0; 0; 0; 0; 0; 0; 0; 0; 0; 0; 0; 0; 0; 0; 53; 0; 44; 0; 0; 0; 0; 139; 0; 384; 0; 7; 0; 0; 0; 0
1977;08; 0; 0; 0; 0; 0; 0; 0; 0; 0; 0; 0; 0; 0; 6; 0; 0; 0; 0; 0; 0; 0; 0; 0; 0; 5; 0; 0; 0; 0; 111; 0
1977;09; 0; 12; 0; 0; 0; 16; 63; 58; 0; 0; 0; 0; 0; 0; 0; 0; 16; 82; 65; 0; 47; 0; 0; 0; 0; 0; 0; 0; 0; 0; 9999
1977;10; 12; 281; 0; 0; 0; 0; 0; 0; 0; 0; 0; 0; 89; 0; 0; 71; 382; 4; 24; 0; 0; 0; 0; 0; 24; 10; 6; 136; 0; 0; 0
1977;11; 0; 733; 0; 232; 0; 0; 31; 0; 39; 0; 9; 125; 0; 0; 213; 20; 0; 0; 0; 0; 8; 0; 0; 0; 64; 0; 0; 221; 0; 0; 9999
1977;12; 143; 306; 0; 35; 89; 106; 0; 154; 17; 0; 167; 0; 0; 0; 0; 0; 0; 0; 0; 4; 0; 253; 436; 0; 0; 0; 0; 0; 0; 0; 0
1978;01; 0; 13; 0; 0; 0; 0; 0; 0; 0; 0; 0; 0; 0; 0; 6; 0; 0; 91; 0; 0; 0; 0; 9; 0; 0; 0; 62; 0; 0; 0; 0
1978;02; 0; 0; 79; 0; 175; 123; 0; 0; 0; 0; 0; 17; 0; 0; 0; 0; 0; 0; 0; 12; 0; 219; 22; 0; 0; 0; 0; 66; 9999; 9999; 9999
1978;03; 11; 37; 939; 33; 8; 0; 0; 0; 199; 152; 310; 0; 42; 0; 0; 0; 0; 0; 0; 0; 0; 0; 0; 0; 42; 3; 0; 71; 467; 2; 0
1978;04; 0; 0; 0; 0; 0; 0; 2; 0; 0; 0; 0; 0; 0; 0; 0; 0; 0; 0; 0; 3; 0; 0; 0; 0; 0; 0; 0; 0; 0; 0; 9999
1978;05; 31; 0; 0; 0; 0; 0; 0; 0; 0; 0; 0; 0; 0; 0; 48; 53; 452; 62; 2; 0; 92; 131; 0; 0; 0; 0; 0; 0; 0; 11; 0
1978;06; 2; 2; 0; 0; 0; 0; 0; 0; 166; 0; 0; 0; 0; 0; 0; 0; 0; 0; 0; 0; 0; 0; 0; 0; 0; 0; 0; 0; 0; 0; 9999
1978;07; 0; 0; 0; 21; 0; 0; 0; 9; 0; 0; 0; 0; 0; 0; 0; 417; 0; 184; 0; 355; 179; 36; 0; 146; 0; 0; 0; 0; 0; 0; 0
1978;08; 0; 0; 0; 0; 0; 0; 0; 0; 0; 0; 0; 0; 0; 51; 2; 0; 0; 0; 0; 0; 52; 34; 0; 0; 0; 0; 0; 0; 0; 0; 0
1978;09; 0; 2; 0; 0; 206; 3; 0; 428; 8; 0; 0; 0; 0; 0; 181; 0; 379; 0; 0; 0; 0; 0; 0; 0; 0; 0; 0; 0; 0; 0; 9999
1978;10; 0; 0; 0; 0; 0; 0; 0; 0; 0; 0; 0; 0; 0; 3; 0; 0; 0; 4; 265; 0; 0; 0; 0; 0; 0; 0; 0; 186; 42; 79; 0
1978;11; 0; 0; 0; 1204; 131; 52; 0; 0; 0; 0; 432; 173; 0; 0; 0; 56; 25; 0; 0; 132; 54; 0; 93; 0; 0; 0; 0; 288; 0; 0; 9999
1978;12; 0; 0; 12; 0; 69; 0; 113; 58; 0; 0; 0; 0; 0; 0; 368; 0; 0; 0; 0; 0; 0; 0; 0; 0; 82; 975; 391; 0; 8; 0; 0
1979;01; 111; 282; 0; 37; 0; 0; 0; 0; 0; 0; 0; 24; 0; 0; 0; 0; 0; 0; 0; 0; 0; 0; 0; 0; 0; 0; 62; 23; 101; 53; 0
1979;02; 0; 0; 0; 0; 0; 0; 0; 0; 0; 0; 561; 221; 282; 70; 19; 0; 0; 0; 0; 0; 0; 0; 0; 3; 0; 0; 0; 0; 9999; 9999; 9999
1979;03; 52; 0; 0; 25; 0; 0; 0; 0; 97; 0; 162; 32; 0; 3; 0; 0; 0; 0; 0; 0; 0; 0; 0; 0; 2; 5; 0; 0; 0; 0; 0
1979;04; 0; 0; 0; 42; 42; 3; 0; 0; 0; 0; 0; 0; 0; 0; 0; 0; 0; 9; 0; 0; 0; 0; 0; 0; 0; 0; 0; 0; 0; 72; 9999
1979;05; 0; 0; 0; 704; 2; 176; 0; 108; 29; 27; 0; 0; 0; 0; 187; 0; 0; 0; 0; 0; 0; 0; 0; 0; 0; 0; 0; 0; 34; 248; 0
1979;06; 0; 0; 0; 0; 0; 0; 0; 0; 0; 0; 0; 0; 0; 0; 0; 0; 0; 0; 0; 0; 0; 0; 0; 0; 0; 0; 0; 0; 0; 0; 9999
1979;07; 0; 0; 142; 2; 0; 0; 0; 0; 8; 91; 0; 0; 0; 0; 106; 0; 0; 0; 0; 124; 0; 0; 0; 0; 0; 231; 0; 0; 0; 0; 0
1979;08; 0; 0; 0; 0; 0; 0; 0; 0; 0; 0; 0; 24; 91; 0; 195; 14; 0; 366; 162; 0; 0; 0; 0; 0; 0; 135; 52; 0; 0; 0; 0
1979;09; 0; 19; 52; 65; 0; 0; 0; 0; 0; 17; 46; 12; 0; 333; 16; 0; 0; 107; 0; 0; 0; 0; 526; 0; 0; 0; 0; 0; 0; 0; 9999
1979;10; 67; 35; 13; 0; 0; 0; 214; 227; 0; 0; 0; 0; 0; 8; 0; 0; 0; 0; 0; 0; 0; 0; 0; 0; 0; 52; 0; 0; 44; 0; 472
1979;11; 16; 0; 0; 0; 0; 0; 0; 114; 365; 28; 69; 0; 0; 0; 17; 23; 0; 0; 51; 0; 0; 0; 208; 0; 69; 71; 0; 0; 0; 0; 9999
1979;12; 22; 11; 71; 0; 254; 0; 0; 57; 0; 472; 584; 67; 268; 79; 116; 19; 8; 0; 0; 0; 0; 0; 0; 0; 0; 0; 0; 0; 0; 0; 428
1980;01; 6; 0; 0; 0; 0; 0; 391; 83; 102; 98; 0; 27; 34; 0; 0; 0; 0; 0; 0; 0; 0; 112; 16; 125; 205; 456; 0; 0; 0; 0; 0
1980;02; 5; 234; 0; 0; 0; 0; 0; 414; 0; 293; 217; 1165; 19; 0; 0; 23; 25; 59; 14; 0; 0; 0; 0; 16; 0; 71; 465; 342; 192; 9999; 9999
1980;03; 403; 0; 0; 0; 0; 21; 0; 11; 0; 0; 0; 0; 12; 145; 0; 789; 0; 0; 0; 0; 0; 0; 0; 0; 0; 0; 0; 0; 0; 9; 0
1980;04; 0; 0; 0; 52; 234; 66; 0; 0; 0; 72; 0; 0; 83; 311; 23; 0; 0; 0; 0; 0; 0; 0; 0; 0; 0; 0; 0; 0; 0; 0; 9999
1980;05; 0; 27; 0; 0; 2; 0; 0; 0; 0; 0; 129; 0; 0; 0; 0; 0; 0; 0; 0; 0; 0; 59; 0; 0; 0; 0; 0; 0; 0; 0; 0
1980;06; 0; 0; 34; 0; 0; 0; 0; 0; 0; 0; 0; 0; 0; 7; 0; 0; 0; 0; 0; 0; 0; 0; 0; 0; 347; 405; 41; 0; 0; 0; 9999
1980;07; 0; 113; 84; 6; 0; 0; 0; 0; 0; 0; 57; 0; 0; 0; 0; 0; 0; 0; 0; 0; 0; 0; 0; 0; 0; 0; 0; 0; 0; 0; 46
1980;08; 0; 0; 0; 0; 0; 143; 0; 0; 69; 184; 0; 0; 0; 0; 142; 15; 0; 0; 0; 31; 11; 0; 112; 0; 0; 12; 0; 0; 0; 0; 0
1980;09; 0; 0; 0; 0; 0; 0; 0; 0; 141; 11; 0; 0; 0; 0; 0; 191; 0; 64; 59; 31; 66; 191; 0; 0; 0; 0; 0; 41; 0; 0; 9999
1980;10; 0; 0; 0; 0; 0; 0; 0; 42; 81; 0; 181; 112; 0; 0; 0; 0; 0; 0; 0; 0; 0; 0; 0; 32; 0; 0; 0; 48; 0; 0; 142
1980;11; 34; 0; 0; 0; 0; 0; 248; 442; 0; 4; 0; 29; 0; 0; 0; 0; 0; 0; 0; 0; 0; 0; 177; 0; 0; 0; 0; 0; 62; 0; 9999
1980;12; 243; 531; 15; 11; 24; 21; 0; 22; 0; 0; 0; 512; 183; 81; 0; 0; 0; 0; 0; 0; 52; 236; 61; 231; 5; 0; 16; 0; 71; 0; 0
1981;01; 0; 0; 0; 0; 91; 132; 329; 38; 0; 441; 0; 34; 71; 42; 331; 0; 0; 167; 9; 0; 503; 54; 0; 0; 0; 87; 154; 0; 0; 0; 0
1981;02; 0; 41; 0; 4; 6; 61; 0; 0; 0; 212; 4; 0; 0; 18; 0; 0; 0; 0; 19; 21; 91; 182; 0; 0; 0; 0; 49; 0; 9999; 9999; 9999
1981;03; 0; 0; 0; 118; 0; 0; 3; 0; 14; 0; 0; 0; 0; 0; 0; 0; 381; 0; 41; 0; 0; 0; 0; 0; 0; 0; 0; 0; 108; 2; 0
1981;04; 0; 0; 0; 0; 0; 3; 0; 0; 0; 0; 0; 0; 0; 0; 0; 169; 0; 0; 0; 0; 0; 0; 0; 320; 0; 52; 213; 721; 32; 0; 9999
1981;05; 0; 0; 0; 14; 81; 0; 0; 0; 0; 0; 0; 0; 0; 0; 0; 0; 0; 0; 24; 0; 0; 0; 0; 0; 0; 0; 0; 0; 0; 0; 0
1981;06; 0; 0; 42; 0; 0; 0; 142; 0; 0; 0; 0; 0; 83; 3; 0; 318; 192; 0; 0; 0; 0; 0; 0; 0; 0; 0; 0; 0; 0; 0; 9999
1981;07; 0; 0; 24; 0; 0; 0; 0; 0; 0; 0; 0; 0; 0; 0; 0; 0; 0; 0; 32; 65; 0; 0; 3; 18; 67; 0; 0; 0; 0; 0; 0
1981;08; 0; 0; 0; 0; 0; 0; 0; 0; 54; 31; 0; 39; 0; 0; 0; 0; 0; 32; 0; 0; 0; 0; 0; 0; 0; 0; 0; 0; 0; 0; 0
1981;09; 0; 0; 0; 0; 0; 0; 0; 0; 0; 0; 0; 0; 0; 0; 0; 0; 0; 0; 0; 0; 13; 14; 0; 0; 41; 6; 0; 0; 0; 42; 9999
1981;10; 0; 0; 0; 0; 242; 221; 192; 116; 0; 0; 0; 194; 102; 0; 0; 222; 0; 0; 0; 284; 0; 0; 0; 0; 0; 112; 243; 8; 113; 0; 31
1981;11; 0; 14; 3; 211; 0; 0; 0; 0; 96; 0; 0; 0; 0; 0; 0; 61; 0; 0; 877; 41; 0; 0; 0; 0; 0; 0; 0; 0; 0; 0; 9999
1981;12; 63; 269; 0; 0; 0; 542; 0; 0; 234; 0; 0; 0; 0; 0; 0; 326; 0; 0; 0; 0; 132; 69; 0; 61; 93; 0; 242; 0; 0; 0; 0
1982;01; 3; 48; 0; 0; 0; 0; 0; 98; 12; 112; 271; 181; 0; 0; 0; 0; 0; 0; 0; 0; 0; 0; 521; 0; 0; 0; 0; 34; 0; 32; 0
1982;02; 192; 238; 63; 0; 104; 0; 0; 42; 238; 62; 223; 0; 0; 0; 0; 78; 0; 182; 86; 242; 0; 0; 331; 222; 344; 0; 0; 0; 9999; 9999; 9999
1982;03; 0; 0; 0; 0; 0; 0; 0; 0; 0; 42; 0; 94; 6; 42; 58; 21; 123; 0; 85; 0; 164; 2; 0; 0; 0; 6; 0; 52; 32; 0; 0
1982;04; 0; 0; 0; 0; 0; 462; 0; 0; 0; 0; 0; 0; 322; 0; 78; 0; 0; 0; 0; 0; 0; 0; 6; 0; 0; 0; 0; 0; 0; 0; 9999
1982;05; 0; 0; 0; 0; 0; 0; 0; 0; 0; 0; 0; 0; 0; 0; 0; 0; 0; 0; 102; 49; 0; 0; 0; 131; 323; 12; 22; 0; 0; 0; 33
1982;06; 0; 0; 0; 0; 0; 5; 0; 0; 0; 0; 281; 553; 0; 0; 0; 0; 0; 0; 0; 139; 0; 212; 162; 23; 79; 327; 0; 0; 116; 0; 9999
1982;07; 431; 0; 0; 0; 0; 0; 0; 0; 47; 0; 0; 0; 0; 0; 227; 0; 12; 352; 183; 0; 0; 0; 0; 0; 0; 0; 0; 0; 0; 36; 0
1982;08; 0; 0; 34; 16; 0; 0; 0; 0; 0; 10; 82; 0; 0; 0; 0; 0; 0; 12; 81; 0; 0; 0; 0; 0; 0; 0; 0; 0; 0; 0; 0
1982;09; 0; 0; 0; 0; 0; 9; 0; 0; 0; 0; 0; 0; 0; 0; 0; 0; 0; 0; 6; 0; 0; 0; 0; 0; 0; 0; 0; 113; 0; 0; 9999
1982;10; 0; 483; 11; 0; 0; 0; 0; 203; 21; 43; 252; 0; 238; 0; 0; 0; 4; 581; 0; 0; 54; 0; 0; 478; 0; 0; 0; 33; 0; 32; 0
1982;11; 0; 0; 0; 78; 43; 61; 42; 0; 0; 0; 272; 323; 0; 46; 0; 7; 0; 0; 0; 176; 221; 443; 367; 35; 0; 2; 121; 273; 136; 0; 9999
1982;12; 503; 0; 42; 0; 0; 0; 143; 0; 0; 0; 0; 223; 324; 211; 34; 26; 48; 406; 44; 0; 102; 84; 56; 68; 0; 0; 0; 5; 0; 0; 0
1983;01; 0; 0; 0; 0; 32; 46; 0; 0; 183; 0; 0; 0; 32; 5; 149; 58; 64; 42; 137; 8; 76; 0; 0; 0; 0; 0; 12; 141; 13; 112; 116
1983;02; 149; 156; 11; 0; 0; 0; 0; 0; 4; 67; 26; 0; 0; 93; 111; 0; 0; 6; 0; 0; 99; 0; 0; 0; 0; 42; 0; 0; 9999; 9999; 9999
1983;03; 129; 6; 121; 365; 140; 624; 3; 0; 33; 0; 0; 0; 340; 0; 0; 0; 0; 0; 63; 0; 0; 0; 0; 0; 0; 0; 103; 36; 0; 0; 0
1983;04; 0; 0; 0; 0; 57; 62; 293; 4; 0; 0; 0; 396; 0; 0; 23; 33; 0; 0; 0; 9; 0; 71; 0; 0; 79; 233; 4; 0; 0; 0; 9999
1983;05; 0; 0; 0; 0; 0; 0; 0; 0; 369; 275; 0; 117; 231; 41; 0; 0; 121; 8; 2; 304; 8; 0; 6; 171; 0; 0; 0; 1369; 433; 362; 579
1983;06; 2; 80; 37; 171; 308; 284; 1172; 2; 98; 59; 154; 56; 2; 0; 0; 0; 0; 0; 0; 0; 0; 0; 0; 3; 157; 0; 0; 8; 53; 4; 9999
1983;07; 0; 0; 0; 0; 0; 0; 0; 9; 0; 7; 0; 0; 0; 0; 0; 0; 67; 3; 0; 0; 0; 0; 0; 0; 0; 0; 0; 0; 0; 0; 0
1983;08; 0; 3; 0; 0; 0; 0; 0; 0; 0; 0; 0; 0; 0; 0; 0; 0; 0; 0; 0; 0; 0; 0; 0; 0; 0; 0; 0; 0; 0; 0; 0
1983;09; 0; 13; 19; 228; 79; 291; 82; 132; 3; 0; 0; 6; 31; 0; 0; 73; 46; 403; 329; 0; 0; 3; 47; 0; 146; 0; 0; 0; 0; 0; 9999
1983;10; 0; 91; 0; 0; 0; 0; 0; 0; 0; 0; 26; 0; 0; 3; 0; 0; 0; 176; 0; 0; 0; 741; 39; 4; 0; 0; 0; 0; 0; 0; 0
1983;11; 41; 0; 0; 0; 121; 0; 0; 0; 0; 0; 43; 72; 0; 0; 41; 0; 0; 0; 0; 242; 0; 176; 0; 0; 0; 0; 0; 0; 0; 73; 9999
1983;12; 0; 0; 0; 0; 0; 0; 71; 0; 0; 0; 0; 58; 0; 149; 0; 0; 0; 339; 46; 98; 96; 3; 258; 0; 0; 0; 8; 446; 359; 38; 45
1984;01; 138; 102; 0; 219; 44; 0; 52; 0; 0; 0; 4; 2; 0; 0; 0; 0; 0; 13; 0; 0; 432; 14; 2; 0; 0; 0; 154; 106; 503; 106; 0
1984;02; 0; 74; 0; 162; 0; 0; 4; 0; 77; 0; 128; 0; 0; 0; 0; 0; 0; 0; 0; 0; 0; 0; 0; 0; 0; 0; 224; 101; 136; 9999; 9999
1984;03; 0; 0; 0; 0; 63; 0; 61; 182; 98; 24; 0; 0; 0; 0; 0; 0; 0; 0; 6; 0; 312; 16; 0; 0; 0; 0; 31; 0; 8; 79; 16
1984;04; 0; 0; 12; 24; 3; 0; 0; 0; 0; 0; 0; 0; 0; 0; 162; 32; 0; 0; 25; 0; 0; 0; 0; 662; 9; 0; 2; 0; 0; 32; 9999
1984;05; 46; 61; 75; 0; 0; 0; 0; 0; 0; 0; 0; 237; 141; 31; 97; 0; 0; 0; 463; 0; 0; 0; 0; 0; 0; 0; 0; 0; 0; 21; 0
1984;06; 0; 0; 0; 0; 0; 0; 0; 0; 0; 0; 0; 2; 0; 9; 4; 0; 0; 0; 0; 0; 0; 0; 0; 0; 0; 0; 3; 0; 0; 0; 9999
1984;07; 0; 0; 0; 0; 0; 0; 0; 0; 0; 0; 0; 0; 0; 0; 0; 0; 0; 0; 0; 0; 0; 0; 0; 0; 0; 0; 0; 21; 0; 0; 0
1984;08; 0; 0; 375; 8; 0; 0; 0; 0; 0; 0; 0; 0; 0; 0; 0; 3; 0; 0; 0; 63; 34; 156; 0; 0; 4; 175; 0; 0; 0; 0; 0
1984;09; 0; 0; 0; 0; 0; 0; 0; 0; 8; 0; 0; 0; 0; 0; 0; 0; 0; 0; 0; 124; 434; 0; 0; 0; 0; 24; 436; 53; 0; 0; 9999
1984;10; 0; 0; 0; 0; 0; 8; 0; 0; 0; 63; 0; 0; 0; 0; 0; 0; 0; 4; 0; 0; 0; 0; 0; 0; 0; 0; 0; 0; 0; 0; 0
1984;11; 0; 0; 63; 0; 22; 0; 0; 34; 0; 0; 0; 486; 0; 0; 0; 0; 0; 0; 0; 8; 84; 0; 0; 0; 8; 86; 0; 0; 0; 0; 9999
1984;12; 0; 1283; 125; 0; 0; 8; 9999; 336; 0; 0; 0; 0; 203; 121; 243; 86; 0; 0; 0; 0; 0; 0; 0; 0; 0; 6; 0; 0; 0; 523; 0
1985;01; 0; 0; 0; 0; 0; 82; 0; 214; 8; 0; 0; 0; 0; 0; 0; 0; 104; 0; 0; 0; 24; 103; 13; 0; 0; 0; 0; 0; 0; 0; 0
1985;02; 0; 0; 0; 0; 117; 3; 16; 0; 0; 0; 103; 0; 0; 181; 0; 0; 241; 123; 0; 0; 0; 261; 53; 0; 0; 336; 0; 0; 9999; 9999; 9999
1985;03; 0; 0; 0; 753; 54; 81; 308; 42; 0; 61; 92; 0; 0; 0; 0; 56; 121; 494; 0; 0; 14; 4; 0; 0; 0; 0; 0; 249; 0; 0; 0
1985;04; 0; 12; 0; 0; 0; 203; 0; 0; 0; 0; 0; 0; 0; 0; 21; 423; 132; 0; 0; 0; 0; 0; 0; 0; 0; 0; 0; 0; 231; 0; 9999
1985;05; 0; 0; 0; 0; 0; 0; 0; 0; 0; 0; 0; 0; 0; 0; 0; 0; 0; 0; 0; 0; 441; 563; 0; 0; 0; 0; 0; 0; 0; 0; 0
1985;06; 0; 0; 83; 42; 2; 0; 0; 0; 0; 0; 0; 0; 0; 0; 0; 0; 0; 0; 0; 0; 0; 0; 0; 0; 0; 0; 0; 0; 0; 0; 9999
1985;07; 0; 19; 13; 0; 0; 282; 0; 0; 0; 0; 0; 0; 0; 0; 0; 0; 0; 0; 0; 0; 0; 0; 0; 0; 0; 0; 0; 0; 0; 0; 0
1985;08; 0; 0; 0; 0; 0; 0; 0; 0; 0; 0; 0; 0; 0; 0; 0; 0; 0; 0; 0; 0; 0; 57; 0; 0; 0; 0; 0; 0; 0; 0; 0
1985;09; 283; 0; 0; 187; 84; 23; 0; 0; 0; 0; 0; 0; 0; 0; 0; 0; 0; 0; 0; 0; 67; 0; 0; 0; 0; 0; 0; 0; 0; 0; 9999
1985;10; 0; 0; 0; 0; 0; 0; 0; 0; 0; 0; 0; 0; 0; 0; 0; 0; 0; 0; 0; 0; 158; 0; 0; 0; 25; 0; 0; 5; 21; 0; 0
1985;11; 121; 263; 226; 43; 31; 0; 0; 0; 0; 0; 0; 0; 0; 0; 0; 0; 0; 0; 0; 0; 105; 79; 42; 0; 66; 73; 4; 0; 0; 0; 9999
1985;12; 0; 0; 0; 2; 0; 0; 0; 0; 0; 0; 0; 0; 0; 0; 56; 0; 245; 0; 0; 0; 195; 0; 0; 0; 0; 0; 205; 0; 0; 0; 0
1986;01; 219; 0; 0; 0; 0; 0; 0; 0; 0; 0; 347; 0; 0; 5; 0; 0; 0; 143; 0; 0; 113; 4; 6; 174; 0; 0; 39; 0; 0; 0; 0
1986;02; 0; 0; 452; 0; 0; 0; 0; 0; 0; 0; 0; 209; 413; 0; 162; 252; 114; 0; 44; 301; 406; 52; 0; 0; 0; 0; 0; 203; 9999; 9999; 9999
1986;03; 104; 52; 0; 204; 113; 84; 68; 32; 45; 62; 3; 0; 0; 0; 0; 0; 11; 0; 21; 0; 0; 0; 51; 0; 0; 0; 0; 286; 0; 0; 0
1986;04; 0; 0; 0; 0; 0; 0; 0; 0; 0; 0; 0; 0; 0; 0; 41; 22; 0; 0; 0; 0; 316; 203; 0; 0; 0; 0; 0; 0; 0; 0; 9999
1986;05; 0; 0; 0; 0; 0; 0; 0; 0; 232; 74; 0; 0; 283; 32; 0; 0; 0; 489; 112; 0; 43; 0; 0; 0; 0; 0; 46; 172; 0; 0; 204
1986;06; 0; 0; 0; 0; 0; 0; 0; 0; 0; 0; 0; 0; 0; 0; 0; 0; 0; 0; 0; 0; 0; 0; 0; 0; 0; 0; 0; 0; 0; 0; 9999
1986;07; 0; 14; 0; 0; 0; 0; 0; 0; 0; 0; 0; 0; 0; 0; 0; 0; 0; 0; 0; 0; 0; 13; 0; 0; 0; 0; 0; 0; 0; 0; 78
1986;08; 0; 0; 0; 0; 0; 0; 0; 0; 0; 0; 0; 91; 105; 54; 208; 81; 106; 8; 0; 52; 568; 73; 452; 0; 13; 0; 0; 0; 0; 0; 0
1986;09; 0; 0; 0; 0; 61; 0; 0; 0; 0; 0; 0; 0; 0; 0; 0; 0; 0; 0; 0; 146; 0; 0; 0; 0; 206; 0; 0; 124; 329; 0; 9999
1986;10; 0; 0; 0; 0; 0; 0; 0; 0; 0; 321; 16; 0; 0; 0; 0; 0; 0; 0; 32; 109; 0; 308; 0; 0; 0; 0; 0; 0; 0; 0; 0
1986;11; 0; 146; 0; 0; 61; 0; 0; 0; 0; 142; 163; 0; 0; 0; 0; 0; 0; 0; 0; 0; 0; 0; 0; 121; 0; 0; 187; 0; 121; 193; 9999
1986;12; 361; 183; 14; 62; 173; 0; 62; 183; 675; 0; 0; 13; 0; 0; 14; 0; 0; 415; 111; 43; 52; 64; 0; 0; 23; 46; 0; 0; 49; 0; 62
1987;01; 0; 0; 4; 102; 98; 56; 0; 0; 0; 0; 0; 0; 203; 121; 0; 0; 0; 0; 0; 0; 6; 0; 0; 72; 0; 6; 0; 0; 0; 142; 63
1987;02; 0; 203; 162; 83; 32; 253; 102; 34; 62; 91; 0; 0; 6; 0; 104; 0; 208; 0; 0; 186; 0; 0; 26; 0; 24; 0; 110; 0; 9999; 9999; 9999
1987;03; 0; 0; 0; 0; 0; 0; 0; 45; 82; 0; 0; 0; 0; 0; 0; 0; 0; 73; 0; 0; 0; 0; 0; 264; 72; 0; 0; 0; 0; 0; 0
1987;04; 0; 0; 306; 0; 0; 0; 0; 0; 0; 172; 0; 0; 0; 0; 0; 91; 0; 0; 0; 0; 102; 0; 0; 0; 0; 0; 0; 0; 0; 0; 9999
1987;05; 0; 0; 0; 0; 113; 176; 21; 0; 132; 0; 0; 24; 0; 0; 62; 0; 103; 802; 71; 124; 706; 14; 0; 0; 0; 0; 0; 0; 34; 0; 0
1987;06; 0; 0; 0; 0; 0; 72; 0; 0; 0; 0; 2; 0; 362; 634; 547; 0; 0; 0; 0; 0; 0; 0; 383; 0; 0; 0; 0; 0; 0; 0; 9999
1987;07; 0; 0; 0; 0; 0; 0; 0; 0; 321; 0; 0; 0; 0; 0; 0; 0; 0; 0; 0; 0; 0; 0; 0; 0; 0; 0; 0; 0; 0; 32; 0
1987;08; 0; 0; 0; 0; 0; 38; 0; 0; 0; 0; 0; 0; 0; 0; 0; 0; 106; 0; 0; 0; 0; 0; 0; 0; 0; 0; 0; 0; 0; 0; 38
1987;09; 0; 0; 0; 0; 0; 41; 0; 0; 0; 0; 0; 162; 0; 0; 0; 0; 162; 0; 0; 0; 262; 212; 46; 0; 0; 0; 0; 104; 0; 0; 9999
1987;10; 0; 83; 0; 0; 0; 182; 0; 0; 0; 0; 0; 0; 0; 0; 0; 0; 0; 0; 324; 132; 16; 21; 0; 0; 62; 158; 0; 65; 223; 0; 0
1987;11; 0; 0; 0; 0; 0; 0; 91; 123; 162; 0; 0; 0; 208; 649; 462; 187; 0; 0; 0; 0; 0; 0; 0; 0; 246; 54; 0; 0; 0; 0; 9999
1987;12; 0; 36; 0; 268; 0; 0; 0; 47; 0; 0; 0; 0; 0; 4; 0; 0; 21; 197; 0; 0; 0; 0; 0; 0; 0; 0; 0; 0; 0; 61; 0
1988;01; 0; 0; 0; 0; 0; 141; 223; 0; 0; 16; 0; 0; 0; 0; 301; 0; 0; 0; 81; 0; 0; 0; 0; 0; 14; 82; 0; 0; 0; 34; 0
1988;02; 292; 0; 0; 0; 0; 0; 0; 14; 117; 0; 0; 0; 0; 0; 0; 0; 0; 0; 0; 0; 0; 0; 0; 0; 0; 69; 163; 0; 14; 9999; 9999
1988;03; 0; 191; 124; 31; 0; 0; 0; 0; 0; 0; 0; 0; 0; 0; 0; 0; 365; 573; 0; 0; 0; 0; 0; 0; 0; 0; 0; 0; 0; 0; 0
1988;04; 83; 0; 0; 0; 0; 0; 0; 0; 0; 0; 0; 0; 224; 161; 6; 0; 0; 0; 0; 4; 0; 0; 0; 0; 0; 0; 0; 8; 0; 0; 9999
1988;05; 0; 0; 83; 143; 307; 4; 0; 0; 0; 0; 0; 0; 166; 0; 0; 0; 308; 63; 42; 68; 53; 31; 143; 106; 0; 0; 0; 0; 284; 203; 91
1988;06; 43; 0; 6; 324; 0; 0; 0; 0; 0; 0; 0; 0; 0; 163; 0; 0; 0; 0; 21; 0; 36; 0; 0; 0; 0; 0; 0; 0; 0; 0; 9999
1988;07; 0; 0; 0; 0; 0; 0; 0; 0; 0; 0; 0; 0; 0; 0; 0; 0; 0; 0; 0; 0; 0; 0; 0; 0; 0; 0; 0; 0; 0; 0; 0
1988;08; 0; 0; 0; 0; 0; 0; 0; 0; 0; 0; 0; 0; 0; 0; 0; 0; 0; 0; 0; 0; 0; 0; 0; 0; 0; 0; 0; 0; 0; 0; 0
1988;09; 0; 0; 0; 0; 0; 0; 0; 0; 0; 0; 0; 0; 0; 0; 0; 124; 221; 0; 0; 0; 0; 0; 0; 0; 0; 0; 0; 0; 0; 0; 9999
1988;10; 0; 0; 0; 78; 0; 0; 0; 0; 0; 0; 0; 0; 169; 176; 0; 0; 0; 0; 256; 0; 0; 81; 171; 0; 504; 168; 96; 0; 0; 247; 0
1988;11; 252; 0; 0; 0; 0; 0; 0; 0; 0; 0; 0; 0; 306; 0; 0; 0; 0; 0; 0; 46; 0; 99; 0; 0; 0; 0; 0; 0; 0; 0; 9999
1988;12; 0; 42; 51; 0; 0; 0; 0; 0; 0; 0; 0; 0; 0; 0; 0; 0; 0; 24; 0; 0; 72; 34; 0; 192; 112; 0; 62; 124; 0; 187; 164
1989;01; 0; 62; 81; 201; 126; 493; 162; 41; 68; 136; 228; 123; 109; 113; 214; 231; 2; 0; 0; 0; 0; 0; 0; 16; 72; 0; 0; 12; 0; 14; 73
1989;02; 0; 0; 0; 71; 0; 0; 0; 0; 76; 123; 161; 144; 61; 34; 52; 68; 0; 41; 103; 0; 0; 41; 12; 0; 134; 0; 0; 103; 9999; 9999; 9999
1989;03; 0; 0; 0; 0; 0; 0; 0; 0; 0; 7; 0; 0; 56; 141; 0; 0; 0; 0; 0; 402; 806; 0; 0; 0; 0; 68; 147; 0; 0; 0; 0
1989;04; 0; 83; 0; 0; 0; 0; 0; 0; 0; 0; 0; 16; 0; 0; 0; 0; 0; 0; 0; 0; 0; 0; 0; 0; 0; 0; 0; 306; 0; 56; 9999
1989;05; 0; 205; 0; 373; 0; 31; 0; 0; 0; 0; 0; 0; 0; 0; 0; 0; 0; 0; 0; 0; 0; 0; 0; 0; 104; 0; 0; 0; 0; 0; 0
1989;06; 0; 0; 0; 0; 0; 0; 0; 132; 0; 0; 0; 183; 0; 0; 0; 43; 0; 0; 0; 0; 0; 0; 0; 161; 0; 0; 133; 0; 0; 0; 9999
1989;07; 0; 0; 0; 0; 0; 13; 0; 0; 0; 0; 0; 0; 0; 0; 0; 0; 0; 0; 0; 0; 0; 0; 0; 0; 61; 69; 143; 164; 721; 463; 152
1989;08; 0; 0; 0; 0; 0; 0; 0; 0; 0; 0; 0; 0; 0; 0; 0; 0; 0; 0; 0; 0; 93; 142; 0; 0; 0; 0; 0; 153; 0; 0; 0
1989;09; 151; 0; 0; 0; 96; 82; 0; 0; 0; 213; 135; 0; 241; 0; 0; 0; 0; 0; 0; 0; 0; 0; 0; 0; 141; 0; 0; 0; 0; 0; 9999
1989;10; 0; 0; 0; 0; 0; 0; 0; 0; 0; 0; 0; 267; 0; 0; 0; 8; 0; 0; 0; 0; 0; 0; 0; 0; 0; 0; 609; 0; 0; 0; 0
1989;11; 0; 0; 62; 0; 0; 0; 0; 0; 0; 0; 507; 301; 0; 0; 0; 0; 0; 0; 0; 332; 206; 301; 124; 46; 0; 0; 0; 0; 0; 0; 9999
1989;12; 0; 0; 0; 0; 0; 0; 0; 0; 0; 0; 35; 61; 0; 0; 0; 0; 0; 0; 213; 0; 0; 0; 0; 0; 0; 0; 354; 222; 132; 201; 84
1990;01; 164; 126; 192; 0; 0; 204; 163; 472; 706; 408; 359; 132; 96; 0; 0; 0; 132; 0; 156; 0; 0; 0; 0; 0; 0; 0; 0; 0; 0; 0; 0
1990;02; 0; 0; 0; 0; 0; 0; 0; 0; 0; 96; 0; 0; 124; 0; 0; 0; 0; 0; 0; 0; 0; 0; 572; 0; 53; 0; 0; 0; 9999; 9999; 9999
1990;03; 0; 35; 0; 0; 0; 43; 32; 0; 0; 0; 0; 0; 0; 0; 0; 0; 0; 413; 0; 46; 8; 82; 14; 0; 0; 0; 24; 62; 0; 0; 0
1990;04; 0; 0; 0; 0; 0; 0; 0; 61; 102; 0; 0; 0; 0; 0; 0; 186; 0; 69; 123; 62; 0; 0; 0; 0; 0; 0; 0; 0; 72; 83; 9999
1990;05; 0; 0; 0; 0; 0; 0; 0; 0; 0; 0; 0; 308; 0; 0; 61; 34; 13; 321; 0; 0; 0; 0; 0; 0; 0; 0; 0; 0; 7; 0; 0
1990;06; 0; 0; 0; 0; 0; 0; 86; 0; 0; 0; 0; 0; 0; 0; 191; 0; 0; 0; 0; 69; 0; 0; 0; 0; 0; 32; 0; 2; 0; 0; 9999
1990;07; 0; 0; 0; 0; 0; 0; 0; 0; 0; 93; 0; 0; 0; 0; 0; 64; 823; 32; 57; 13; 106; 0; 0; 43; 5; 0; 103; 0; 0; 0; 0
1990;08; 0; 0; 0; 0; 0; 0; 0; 0; 0; 0; 0; 0; 0; 0; 0; 0; 271; 123; 142; 226; 14; 0; 0; 0; 0; 0; 103; 0; 116; 0; 0
1990;09; 53; 0; 0; 0; 0; 0; 76; 0; 0; 0; 0; 0; 324; 156; 0; 0; 0; 0; 0; 0; 0; 0; 241; 0; 0; 0; 0; 0; 0; 124; 9999
1990;10; 212; 63; 0; 0; 0; 0; 0; 0; 0; 0; 0; 0; 603; 0; 0; 314; 18; 0; 221; 0; 0; 0; 0; 0; 0; 0; 0; 0; 0; 0; 51
1990;11; 0; 42; 114; 141; 183; 51; 0; 0; 42; 0; 0; 0; 0; 0; 0; 0; 0; 0; 0; 0; 0; 54; 0; 0; 0; 0; 0; 0; 0; 0; 9999
1990;12; 0; 0; 0; 62; 0; 36; 74; 0; 0; 68; 76; 0; 82; 0; 0; 0; 0; 0; 0; 0; 0; 0; 0; 0; 0; 0; 0; 0; 0; 0; 0
1991;01; 0; 0; 162; 283; 0; 0; 0; 0; 0; 0; 0; 0; 0; 0; 426; 35; 0; 0; 0; 0; 0; 296; 389; 163; 57; 276; 132; 124; 0; 53; 297
1991;02; 142; 84; 202; 125; 0; 36; 72; 384; 83; 69; 102; 0; 0; 0; 0; 0; 0; 0; 47; 0; 0; 0; 0; 0; 0; 0; 102; 0; 9999; 9999; 9999
1991;03; 0; 36; 69; 103; 142; 78; 201; 134; 0; 0; 0; 0; 0; 87; 0; 0; 0; 0; 136; 0; 0; 97; 0; 0; 0; 0; 0; 0; 0; 36; 0
1991;04; 0; 0; 0; 0; 0; 0; 0; 61; 0; 0; 0; 0; 0; 0; 0; 0; 0; 68; 703; 0; 0; 0; 0; 314; 0; 0; 0; 0; 0; 0; 9999
1991;05; 0; 0; 0; 0; 0; 0; 26; 0; 0; 0; 0; 0; 0; 0; 297; 0; 0; 0; 0; 0; 0; 0; 0; 0; 0; 0; 3; 0; 0; 0; 0
1991;06; 0; 0; 0; 0; 0; 0; 14; 16; 0; 0; 0; 0; 0; 0; 0; 0; 0; 0; 0; 183; 285; 102; 64; 42; 62; 0; 0; 164; 0; 0; 9999
1991;07; 0; 0; 0; 0; 0; 0; 0; 0; 0; 0; 141; 0; 32; 0; 0; 24; 0; 0; 0; 0; 0; 0; 0; 0; 0; 0; 0; 0; 0; 0; 0
1991;08; 0; 21; 0; 0; 0; 0; 0; 91; 162; 0; 0; 0; 0; 0; 0; 0; 0; 0; 0; 0; 0; 0; 0; 0; 0; 0; 0; 0; 0; 0; 0
1991;09; 0; 0; 0; 0; 0; 0; 0; 0; 0; 0; 0; 0; 0; 0; 0; 0; 0; 0; 69; 0; 0; 0; 0; 7; 0; 141; 0; 0; 124; 382; 9999
1991;10; 304; 0; 42; 0; 102; 96; 74; 2; 6; 52; 0; 0; 0; 0; 0; 0; 0; 0; 0; 0; 0; 0; 0; 0; 63; 0; 0; 0; 0; 0; 0
1991;11; 79; 0; 0; 0; 0; 0; 0; 0; 0; 0; 0; 27; 213; 0; 0; 0; 0; 0; 0; 0; 0; 0; 0; 0; 0; 0; 84; 0; 0; 0; 9999
1991;12; 0; 0; 0; 0; 0; 0; 64; 406; 201; 86; 121; 302; 0; 0; 156; 301; 34; 0; 142; 223; 131; 187; 124; 71; 0; 93; 176; 0; 0; 0; 0
1992;01; 0; 0; 0; 86; 0; 0; 0; 0; 0; 0; 0; 0; 64; 0; 53; 0; 0; 0; 0; 0; 0; 0; 0; 0; 0; 0; 0; 0; 0; 0; 426
1992;02; 301; 123; 64; 0; 0; 0; 0; 0; 0; 153; 0; 0; 0; 0; 0; 0; 0; 96; 0; 0; 0; 0; 0; 0; 43; 64; 35; 0; 0; 9999; 9999
1992;03; 0; 83; 426; 261; 189; 7; 0; 0; 42; 253; 0; 109; 0; 0; 0; 96; 0; 0; 0; 0; 0; 0; 173; 345; 83; 102; 53; 122; 86; 64; 46
1992;04; 32; 0; 0; 0; 0; 0; 43; 0; 0; 0; 0; 203; 42; 0; 0; 0; 0; 0; 0; 212; 0; 0; 0; 0; 92; 415; 0; 0; 0; 114; 9999
1992;05; 0; 141; 203; 182; 0; 25; 0; 0; 0; 0; 0; 0; 325; 142; 0; 0; 0; 0; 12; 0; 0; 0; 359; 0; 0; 0; 0; 0; 0; 96; 0
1992;06; 0; 13; 0; 0; 0; 0; 0; 0; 0; 0; 0; 0; 0; 0; 0; 0; 0; 0; 0; 0; 0; 0; 0; 0; 0; 0; 0; 0; 76; 0; 9999
1992;07; 0; 0; 0; 0; 0; 0; 105; 0; 0; 0; 0; 0; 0; 0; 0; 36; 14; 0; 0; 0; 0; 0; 0; 0; 0; 0; 0; 0; 0; 0; 0
1992;08; 0; 0; 0; 0; 0; 0; 0; 0; 0; 0; 0; 6; 0; 0; 0; 0; 0; 21; 23; 0; 0; 93; 0; 0; 0; 0; 0; 0; 0; 0; 0
1992;09; 23; 66; 25; 43; 92; 46; 60; 0; 0; 0; 13; 224; 61; 0; 222; 126; 0; 63; 0; 0; 0; 0; 36; 72; 0; 132; 0; 0; 0; 0; 9999
1992;10; 0; 0; 62; 0; 0; 0; 23; 0; 13; 0; 0; 61; 73; 0; 0; 0; 556; 0; 0; 0; 0; 0; 0; 0; 0; 0; 53; 182; 274; 46; 0
1992;11; 0; 0; 0; 201; 83; 0; 0; 0; 0; 0; 0; 0; 0; 0; 0; 0; 42; 0; 0; 0; 0; 0; 372; 81; 416; 0; 63; 0; 0; 0; 9999
1992;12; 263; 116; 0; 0; 0; 0; 0; 0; 0; 0; 62; 34; 0; 0; 0; 0; 0; 0; 0; 0; 0; 0; 0; 0; 0; 36; 0; 0; 0; 0; 0
1993;01; 0; 0; 0; 0; 0; 47; 0; 0; 296; 312; 561; 334; 12; 46; 0; 0; 0; 12; 71; 203; 417; 0; 0; 0; 0; 0; 124; 83; 0; 0; 0
1993;02; 64; 0; 406; 74; 42; 56; 82; 196; 45; 76; 14; 0; 0; 0; 146; 0; 342; 106; 312; 224; 139; 182; 260; 0; 0; 0; 0; 0; 9999; 9999; 9999
1993;03; 0; 0; 14; 0; 0; 0; 0; 0; 0; 0; 11; 0; 0; 0; 0; 0; 0; 0; 114; 0; 0; 0; 223; 12; 0; 0; 0; 0; 213; 0; 0
1993;04; 0; 0; 0; 0; 0; 0; 0; 0; 406; 0; 0; 0; 0; 0; 0; 0; 0; 0; 0; 0; 0; 58; 0; 0; 0; 0; 0; 0; 0; 0; 9999
1993;05; 0; 0; 0; 193; 0; 134; 0; 0; 0; 0; 0; 0; 0; 202; 115; 0; 0; 0; 0; 0; 0; 0; 0; 0; 0; 0; 0; 0; 0; 108; 259
1993;06; 0; 0; 0; 0; 108; 0; 0; 0; 0; 0; 362; 0; 0; 0; 0; 0; 0; 319; 0; 0; 0; 4; 0; 0; 0; 0; 0; 0; 0; 0; 9999
1993;07; 0; 0; 0; 0; 0; 0; 14; 0; 0; 0; 0; 0; 46; 81; 0; 0; 0; 9; 0; 0; 0; 0; 0; 0; 0; 0; 0; 0; 0; 196; 0
1993;08; 0; 0; 0; 0; 0; 0; 0; 0; 0; 5; 0; 0; 0; 0; 0; 20; 4; 0; 53; 0; 0; 0; 24; 68; 223; 0; 0; 0; 0; 0; 0
1993;09; 0; 0; 0; 204; 0; 0; 0; 324; 68; 0; 0; 0; 0; 0; 101; 237; 0; 0; 0; 0; 0; 479; 162; 203; 0; 141; 103; 7; 254; 165; 9999
1993;10; 208; 162; 0; 0; 143; 92; 0; 0; 0; 0; 0; 0; 0; 0; 87; 0; 0; 0; 0; 0; 0; 0; 391; 0; 0; 31; 0; 0; 0; 0; 0
1993;11; 5; 0; 0; 0; 0; 0; 0; 215; 0; 0; 0; 0; 0; 0; 0; 0; 0; 72; 0; 0; 0; 0; 0; 259; 191; 0; 0; 6; 0; 0; 9999
1993;12; 261; 0; 0; 0; 0; 203; 56; 0; 0; 436; 84; 0; 0; 0; 0; 9; 243; 0; 0; 0; 0; 0; 0; 56; 68; 202; 145; 436; 33; 23; 0
1994;01; 0; 0; 0; 134; 0; 0; 0; 0; 0; 143; 0; 0; 0; 0; 0; 0; 0; 0; 0; 0; 213; 0; 0; 0; 61; 77; 68; 703; 121; 203; 102
1994;02; 0; 0; 0; 0; 0; 703; 0; 104; 0; 0; 93; 0; 321; 0; 0; 0; 0; 72; 0; 0; 164; 6; 0; 37; 56; 32; 84; 63; 9999; 9999; 9999
1994;03; 349; 35; 0; 0; 0; 0; 0; 11; 0; 74; 38; 0; 0; 0; 0; 0; 0; 0; 0; 0; 26; 0; 0; 0; 0; 0; 193; 0; 0; 0; 202
1994;04; 0; 0; 0; 0; 0; 129; 0; 0; 0; 0; 0; 0; 0; 124; 0; 0; 0; 182; 45; 0; 0; 146; 0; 0; 0; 0; 0; 0; 0; 0; 9999
1994;05; 0; 0; 0; 0; 0; 0; 0; 0; 0; 0; 0; 61; 153; 0; 124; 97; 0; 0; 0; 0; 0; 0; 8; 61; 83; 136; 52; 0; 0; 0; 0
1994;06; 203; 0; 0; 0; 145; 0; 0; 64; 0; 0; 0; 0; 0; 0; 0; 0; 0; 0; 0; 0; 143; 64; 0; 0; 242; 0; 0; 0; 0; 0; 9999
1994;07; 0; 0; 0; 0; 0; 0; 74; 0; 0; 3; 0; 0; 0; 0; 0; 0; 0; 0; 0; 0; 0; 0; 306; 0; 0; 0; 0; 0; 0; 0; 0
1994;08; 0; 0; 0; 0; 0; 0; 0; 0; 0; 0; 0; 0; 0; 0; 0; 0; 0; 0; 0; 0; 0; 0; 0; 0; 0; 0; 0; 0; 0; 0; 0
1994;09; 0; 0; 0; 0; 0; 0; 0; 0; 0; 0; 0; 0; 0; 0; 0; 93; 0; 0; 0; 0; 0; 0; 0; 0; 0; 0; 0; 0; 0; 12; 9999
1994;10; 0; 0; 53; 142; 0; 0; 0; 0; 0; 0; 0; 0; 0; 3; 0; 0; 0; 85; 0; 0; 0; 63; 141; 169; 272; 153; 361; 0; 0; 0; 11
1994;11; 0; 13; 0; 0; 253; 186; 129; 0; 61; 58; 0; 0; 0; 172; 0; 0; 83; 657; 89; 0; 0; 0; 0; 0; 0; 12; 0; 26; 213; 0; 9999
1994;12; 0; 0; 0; 0; 0; 245; 73; 16; 0; 0; 0; 0; 0; 164; 0; 0; 0; 142; 0; 0; 0; 602; 146; 0; 0; 0; 0; 41; 296; 142; 86
1995;01; 96; 172; 224; 36; 753; 216; 323; 114; 147; 103; 301; 883; 61; 0; 0; 32; 0; 64; 83; 0; 0; 34; 0; 0; 0; 0; 0; 46; 123; 162; 83
1995;02; 103; 61; 46; 114; 8; 23; 61; 43; 86; 64; 24; 31; 53; 32; 16; 134; 101; 84; 145; 94; 126; 0; 0; 0; 0; 0; 163; 0; 9999; 9999; 9999
1995;03; 224; 0; 0; 121; 183; 104; 0; 0; 0; 73; 0; 0; 0; 0; 0; 32; 0; 0; 0; 0; 0; 0; 0; 324; 0; 0; 0; 0; 0; 654; 286
1995;04; 0; 0; 0; 0; 0; 0; 0; 0; 182; 231; 0; 0; 0; 0; 0; 0; 0; 5; 0; 453; 338; 0; 0; 0; 0; 0; 0; 0; 0; 0; 9999
1995;05; 0; 0; 0; 0; 0; 0; 235; 0; 0; 283; 0; 0; 0; 0; 0; 0; 0; 0; 0; 0; 16; 0; 0; 0; 0; 0; 0; 0; 0; 0; 0
1995;06; 0; 0; 0; 0; 0; 0; 0; 0; 62; 0; 0; 0; 0; 0; 0; 0; 0; 83; 469; 0; 0; 0; 0; 0; 73; 0; 0; 0; 0; 0; 9999
1995;07; 0; 0; 0; 0; 0; 0; 0; 0; 0; 406; 223; 0; 0; 0; 0; 0; 0; 0; 0; 0; 26; 0; 0; 0; 0; 0; 0; 0; 0; 0; 0
1995;08; 0; 0; 0; 0; 0; 46; 0; 0; 0; 0; 0; 0; 0; 0; 0; 0; 0; 0; 0; 0; 0; 0; 0; 0; 0; 0; 0; 0; 0; 0; 0
1995;09; 0; 0; 0; 0; 0; 0; 0; 0; 0; 0; 0; 0; 0; 0; 0; 0; 0; 0; 183; 261; 342; 164; 231; 302; 0; 0; 63; 41; 0; 0; 9999
1995;10; 0; 0; 0; 0; 0; 0; 42; 0; 0; 0; 0; 9999; 9999; 9999; 9999; 9999; 9999; 9999; 0; 0; 0; 0; 0; 0; 0; 0; 0; 0; 0; 83; 0
1995;11; 0; 0; 0; 0; 0; 43; 0; 0; 0; 0; 0; 0; 0; 0; 0; 0; 116; 0; 0; 0; 0; 0; 0; 153; 85; 0; 0; 0; 0; 0; 9999
1995;12; 0; 0; 0; 92; 0; 0; 0; 0; 0; 0; 0; 162; 216; 0; 0; 0; 0; 432; 0; 0; 0; 0; 0; 40; 0; 123; 0; 0; 0; 0; 0
1996;01; 0; 0; 0; 0; 0; 0; 250; 0; 0; 0; 0; 0; 201; 0; 142; 0; 0; 0; 0; 0; 0; 21; 83; 0; 0; 142; 63; 0; 0; 0; 112
1996;02; 0; 0; 62; 134; 83; 226; 0; 0; 162; 104; 202; 41; 0; 0; 0; 0; 0; 68; 0; 0; 0; 0; 0; 0; 0; 0; 82; 201; 312; 9999; 9999
1996;03; 203; 121; 9999; 9999; 9999; 9999; 9999; 9999; 0; 0; 0; 0; 0; 0; 213; 92; 0; 0; 161; 203; 0; 0; 0; 0; 0; 0; 0; 109; 0; 0; 83
1996;04; 46; 0; 0; 0; 0; 0; 0; 0; 0; 323; 96; 181; 0; 0; 227; 41; 234; 0; 0; 0; 0; 0; 0; 0; 0; 33; 0; 0; 0; 0; 9999
1996;05; 0; 0; 0; 0; 0; 0; 0; 0; 0; 0; 0; 0; 0; 0; 23; 0; 0; 0; 0; 0; 0; 41; 61; 0; 0; 0; 0; 0; 0; 0; 0
1996;06; 0; 0; 0; 0; 0; 148; 0; 0; 0; 0; 0; 0; 0; 0; 0; 0; 0; 0; 0; 0; 0; 0; 0; 0; 0; 0; 0; 0; 0; 0; 9999
1996;07; 0; 0; 0; 0; 0; 0; 0; 0; 0; 0; 62; 0; 0; 0; 0; 0; 0; 0; 0; 0; 0; 0; 0; 0; 0; 0; 0; 0; 0; 0; 0
1996;08; 0; 0; 0; 0; 0; 0; 0; 0; 0; 293; 0; 0; 0; 0; 236; 0; 0; 0; 0; 0; 0; 0; 0; 0; 0; 0; 0; 0; 0; 0; 0
1996;09; 321; 0; 89; 34; 0; 0; 0; 81; 106; 251; 306; 0; 0; 0; 0; 0; 153; 0; 0; 0; 0; 0; 0; 103; 91; 0; 0; 0; 0; 23; 9999
1996;10; 0; 0; 0; 126; 92; 101; 163; 0; 0; 0; 0; 0; 143; 0; 0; 0; 0; 0; 206; 408; 92; 0; 0; 0; 0; 0; 132; 61; 0; 0; 0
1996;11; 0; 0; 0; 46; 0; 0; 0; 0; 0; 0; 0; 0; 82; 31; 0; 201; 163; 0; 184; 46; 0; 0; 0; 0; 0; 0; 0; 0; 0; 0; 9999
1996;12; 0; 0; 273; 0; 0; 0; 0; 0; 0; 0; 0; 42; 0; 0; 0; 0; 0; 94; 61; 221; 141; 83; 206; 0; 0; 0; 0; 0; 0; 163; 452
1997;01; 0; 0; 0; 0; 0; 0; 0; 0; 206; 0; 0; 0; 104; 192; 161; 202; 141; 196; 202; 159; 301; 402; 206; 43; 69; 201; 134; 181; 906; 0; 0
1997;02; 0; 0; 396; 0; 0; 0; 0; 0; 0; 0; 251; 0; 314; 0; 261; 326; 0; 0; 0; 0; 0; 0; 0; 0; 0; 0; 0; 0; 9999; 9999; 9999
1997;03; 0; 0; 0; 186; 0; 93; 52; 0; 0; 61; 0; 0; 0; 0; 0; 0; 0; 0; 0; 0; 0; 0; 0; 0; 0; 0; 0; 0; 0; 0; 0
1997;04; 0; 134; 0; 0; 0; 0; 0; 0; 0; 0; 0; 0; 0; 0; 0; 0; 132; 83; 0; 0; 0; 0; 0; 0; 0; 0; 0; 0; 0; 0; 9999
1997;05; 0; 0; 0; 0; 0; 0; 0; 0; 0; 0; 0; 0; 0; 0; 0; 9999; 9999; 0; 0; 0; 0; 9999; 9999; 0; 9999; 0; 0; 9999; 0; 0; 0
1997;06; 0; 0; 0; 9999; 9999; 9999; 0; 0; 0; 0; 0; 9999; 0; 0; 9999; 9999; 0; 0; 0; 9999; 9999; 0; 0; 0; 0; 0; 0; 9999; 2874; 0; 9999
1997;07; 12; 0; 0; 0; 0; 0; 0; 0; 0; 0; 0; 0; 0; 0; 0; 0; 0; 0; 0; 0; 9999; 0; 0; 0; 0; 0; 0; 0; 0; 0; 0
1997;08; 0; 0; 0; 0; 18; 0; 0; 0; 0; 0; 0; 0; 0; 0; 0; 0; 0; 0; 0; 21; 0; 0; 492; 335; 0; 0; 0; 0; 0; 0; 0
1997;09; 0; 0; 0; 0; 0; 0; 0; 0; 0; 0; 0; 0; 0; 0; 0; 0; 0; 0; 0; 416; 0; 0; 0; 0; 0; 83; 0; 0; 0; 0; 9999
1997;10; 102; 283; 0; 0; 0; 91; 0; 0; 0; 0; 0; 0; 0; 0; 0; 0; 0; 0; 0; 26; 32; 0; 0; 0; 0; 0; 192; 0; 0; 0; 421
1997;11; 0; 0; 0; 0; 0; 258; 63; 0; 0; 0; 0; 0; 0; 0; 0; 0; 503; 106; 1302; 0; 103; 0; 0; 0; 0; 13; 0; 0; 0; 0; 9999
1997;12; 0; 407; 32; 21; 0; 0; 0; 0; 0; 0; 0; 0; 0; 0; 283; 0; 0; 0; 0; 0; 0; 0; 0; 0; 0; 0; 0; 0; 162; 0; 0
