33
Ano,Mes,1,2,3,4,5,6,7,8,9,10,11,12,13,14,15,16,17,18,19,20,21,22,23,24,25,26,27,28,29,30,31
1961;10; 9999; 9999; 9999; 9999; 9999; 9999; 9999; 9999; 9999; 9999; 9999; 9999; 9999; 9999; 9999; 9999; 9999; 9999; 9999; 9999; 9999; 9999; 9999; 9999; 9999; 9999; 9999; 9999; 9999; 9999; 9999
1961;11; 120; 20; 17; 66; 67; 65; 66; 92; 93; 88; 185; 173; 82; 83; 355; 54; 55; 48; 45; 48; 170; 70; 249; 128; 27; 28; 49; 50; 59; 57; 9999
1961;12; 56; 90; 290; 265; 63; 69; 86; 132; 32; 31; 24; 23; 22; 19; 190; 186; 133; 40; 39; 37; 35; 100; 31; 30; 1280; 3; 1; 0; 326; 663; 65
1962;01; 62; 60; 106; 2; 2; 0; 0; 64; 3; 0; 0; 62; 0; 0; 0; 305; 195; 203; 80; 58; 1; 0; 0; 5; 152; 42; 0; 0; 1; 300; 5
1962;02; 3; 0; 0; 772; 112; 41; 2; 1; 169; 12; 17; 3; 1; 0; 0; 775; 5; 1; 75; 32; 1; 98; 132; 2; 78; 7; 230; 2; 9999; 9999; 9999
1962;03; 0; 109; 80; 53; 2; 0; 1; 0; 0; 19; 18; 512; 744; 543; 244; 58; 110; 598; 12; 8; 13; 3; 0; 0; 1; 0; 9; 0; 1; 0; 0
1962;04; 4; 0; 0; 127; 5; 2; 1; 0; 0; 414; 6; 1; 2; 1; 1; 2; 1; 16; 26; 9; 1; 1; 10; 24; 22; 15; 29; 1; 112; 12; 9999
1962;05; 5; 1; 225; 7; 20; 1; 0; 24; 0; 0; 1; 3; 1; 0; 5; 0; 0; 1; 1; 64; 0; 1; 2; 0; 1; 1; 1; 26; 24; 1; 9
1962;06; 4; 2; 122; 31; 0; 0; 40; 0; 35; 50; 1; 4; 1; 3; 10; 1; 16; 62; 2; 2; 1; 0; 93; 1; 0; 0; 0; 0; 0; 0; 9999
1962;07; 0; 0; 0; 0; 0; 0; 94; 3; 2; 144; 22; 30; 30; 1; 1; 3; 2; 3; 125; 55; 1; 3; 2; 29; 2; 0; 1; 63; 38; 1; 0
1962;08; 0; 0; 1; 0; 3; 1; 1; 0; 1; 1; 0; 70; 1; 2; 0; 0; 156; 5; 3; 5; 15; 16; 164; 41; 4; 1; 0; 0; 0; 0; 0
1962;09; 50; 0; 0; 0; 0; 63; 0; 0; 325; 26; 3; 32; 6; 5; 6; 1; 2; 0; 0; 29; 55; 71; 76; 50; 62; 15; 1; 0; 9; 0; 9999
1962;10; 47; 288; 42; 424; 103; 5; 0; 95; 445; 45; 157; 160; 35; 1; 0; 1; 43; 145; 381; 46; 3; 85; 0; 0; 33; 26; 1; 0; 238; 118; 157
1962;11; 33; 0; 0; 0; 0; 37; 10; 83; 100; 31; 71; 3; 24; 2; 1; 1; 1; 1; 4; 0; 288; 35; 10; 5; 2; 1; 1; 0; 1; 133; 9999
1962;12; 5; 13; 0; 428; 48; 140; 134; 13; 0; 0; 0; 25; 240; 3; 1; 0; 13; 236; 303; 268; 2; 0; 4; 2; 1; 0; 50; 6; 25; 105; 230
1963;01; 473; 181; 1; 248; 4; 0; 1; 1; 7; 0; 854; 120; 1; 376; 78; 56; 160; 538; 100; 290; 1; 2; 251; 3; 1; 915; 1; 20; 1; 129; 54
1963;02; 205; 70; 93; 148; 4; 84; 115; 40; 1; 0; 1; 5; 1; 1; 58; 5; 0; 0; 155; 11; 155; 53; 5; 6; 59; 16; 33; 1; 9999; 9999; 9999
1963;03; 1; 0; 3; 33; 0; 1; 0; 0; 10; 1; 0; 242; 1; 0; 0; 60; 0; 0; 1; 0; 510; 22; 1; 13; 32; 30; 52; 144; 8; 43; 4
1963;04; 0; 1; 0; 1; 1; 1; 0; 62; 0; 1; 0; 24; 60; 0; 1; 240; 1; 10; 4; 1; 0; 0; 2; 1; 1; 0; 1; 1; 0; 0; 9999
1963;05; 0; 1; 0; 52; 0; 61; 0; 2; 60; 60; 2; 0; 1; 1; 125; 3; 5; 105; 1; 0; 0; 0; 1; 0; 5; 2; 0; 1; 2; 0; 5
1963;06; 5; 1; 0; 0; 3; 1; 2; 60; 2; 0; 3; 53; 102; 208; 105; 2; 0; 0; 0; 25; 5; 2; 2; 1; 0; 60; 0; 1; 1; 0; 9999
1963;07; 0; 2; 1; 1; 540; 5; 2; 0; 0; 1; 3; 0; 1; 0; 0; 2; 1; 60; 0; 1; 1; 0; 224; 6; 2; 1; 0; 0; 0; 0; 0
1963;08; 2; 0; 0; 0; 0; 17; 0; 1; 1; 2; 0; 0; 0; 16; 0; 30; 0; 15; 0; 1; 0; 0; 0; 0; 9; 14; 0; 0; 0; 0; 3
1963;09; 1; 1; 2; 2; 1; 2; 1; 0; 0; 0; 0; 0; 30; 15; 2; 1; 0; 10; 0; 0; 0; 24; 5; 34; 0; 0; 34; 170; 184; 134; 9999
1963;10; 131; 38; 32; 0; 35; 190; 15; 7; 0; 0; 20; 0; 0; 0; 0; 13; 0; 170; 11; 12; 2; 156; 28; 67; 31; 0; 45; 136; 0; 0; 0
1963;11; 0; 2; 27; 21; 0; 0; 0; 45; 370; 45; 45; 1; 0; 93; 122; 255; 10; 58; 32; 30; 146; 123; 12; 1; 0; 0; 4; 104; 0; 0; 9999
1963;12; 0; 0; 113; 0; 0; 55; 10; 3; 0; 190; 0; 66; 0; 0; 1; 10; 0; 0; 0; 135; 10; 132; 25; 7; 2; 0; 2; 0; 0; 0; 0
1964;01; 58; 33; 2; 0; 0; 0; 0; 0; 250; 0; 55; 0; 0; 0; 0; 0; 0; 0; 0; 0; 0; 0; 0; 102; 120; 15; 2; 0; 0; 2; 0
1964;02; 0; 10; 13; 10; 20; 0; 0; 0; 263; 100; 3; 1; 42; 144; 140; 1; 165; 1; 155; 81; 8; 3; 1; 1; 174; 302; 2; 0; 2; 9999; 9999
1964;03; 0; 0; 0; 2; 0; 0; 2; 100; 6; 6; 1; 2; 0; 0; 270; 190; 41; 9; 1; 0; 2; 0; 1; 0; 2; 0; 0; 274; 103; 4; 33
1964;04; 300; 80; 30; 0; 0; 1; 3; 0; 0; 0; 0; 0; 3; 0; 0; 0; 0; 20; 0; 0; 101; 1; 0; 0; 90; 2; 6; 7; 30; 10; 9999
1964;05; 500; 0; 9; 9; 50; 90; 0; 0; 50; 4; 0; 1; 0; 0; 160; 2; 1; 1; 0; 0; 0; 0; 0; 0; 1; 0; 0; 3; 90; 3; 0
1964;06; 3; 0; 2; 2; 0; 0; 1; 2; 3; 1; 67; 180; 303; 75; 5; 320; 2; 3; 3; 4; 0; 0; 3; 0; 14; 140; 2; 8; 20; 10; 9999
1964;07; 0; 10; 4; 144; 70; 10; 2; 0; 60; 4; 4; 0; 6; 0; 0; 3; 80; 2; 2; 0; 2; 1; 2; 20; 156; 2; 0; 2; 2; 1; 1
1964;08; 0; 0; 65; 3; 10; 10; 0; 1; 50; 0; 5; 245; 3; 0; 0; 2; 0; 0; 0; 140; 90; 100; 100; 0; 0; 0; 0; 0; 0; 0; 2
1964;09; 1; 2; 200; 2; 0; 0; 0; 0; 0; 0; 80; 0; 0; 0; 0; 0; 0; 0; 0; 0; 0; 0; 0; 40; 110; 150; 0; 120; 120; 0; 9999
1964;10; 340; 0; 20; 0; 20; 20; 60; 50; 70; 20; 10; 0; 200; 0; 20; 0; 0; 0; 0; 0; 0; 0; 0; 0; 0; 0; 330; 0; 0; 300; 0
1964;11; 30; 33; 0; 0; 45; 140; 0; 0; 0; 0; 30; 24; 0; 0; 0; 0; 164; 0; 0; 0; 0; 60; 40; 0; 0; 0; 0; 0; 0; 0; 9999
1964;12; 100; 110; 0; 110; 20; 1; 0; 0; 0; 0; 2; 20; 100; 200; 20; 0; 50; 170; 70; 0; 0; 0; 0; 380; 220; 0; 200; 0; 120; 160; 10
1965;01; 10; 0; 0; 240; 30; 24; 1; 470; 200; 70; 0; 0; 0; 0; 60; 40; 0; 0; 230; 320; 1; 0; 0; 0; 0; 330; 200; 400; 50; 20; 160
1965;02; 170; 40; 0; 120; 60; 20; 0; 0; 0; 0; 120; 0; 100; 220; 0; 0; 0; 0; 0; 0; 0; 55; 2; 100; 0; 0; 70; 0; 9999; 9999; 9999
1965;03; 0; 0; 300; 500; 100; 70; 0; 10; 300; 0; 0; 0; 0; 0; 0; 0; 70; 0; 30; 40; 200; 50; 20; 0; 0; 300; 60; 0; 0; 0; 0
1965;04; 0; 0; 0; 0; 0; 0; 0; 0; 0; 90; 0; 0; 10; 80; 60; 0; 0; 0; 50; 100; 0; 0; 0; 20; 0; 0; 0; 0; 420; 420; 9999
1965;05; 20; 0; 0; 0; 0; 0; 0; 0; 0; 0; 460; 220; 20; 150; 460; 90; 100; 150; 30; 5; 0; 0; 0; 0; 0; 0; 0; 0; 0; 0; 0
1965;06; 0; 0; 0; 0; 0; 100; 0; 0; 40; 150; 20; 0; 100; 20; 0; 0; 0; 0; 0; 0; 0; 0; 0; 0; 0; 120; 0; 0; 0; 0; 9999
1965;07; 0; 20; 0; 200; 40; 100; 80; 80; 0; 140; 100; 10; 0; 0; 0; 50; 20; 50; 0; 0; 0; 0; 0; 0; 0; 0; 0; 0; 0; 0; 300
1965;08; 0; 0; 0; 20; 0; 0; 0; 0; 0; 0; 0; 0; 0; 120; 0; 0; 0; 0; 0; 0; 0; 0; 0; 0; 0; 0; 0; 0; 0; 0; 0
1965;09; 0; 0; 0; 0; 22; 0; 0; 20; 20; 0; 0; 0; 0; 0; 0; 20; 20; 0; 0; 0; 0; 0; 0; 0; 0; 150; 600; 40; 0; 0; 9999
1965;10; 600; 70; 0; 0; 0; 0; 0; 0; 0; 250; 150; 100; 0; 0; 70; 0; 0; 0; 330; 0; 200; 10; 220; 0; 0; 0; 0; 30; 150; 0; 100
1965;11; 70; 20; 0; 0; 60; 60; 0; 0; 0; 20; 0; 0; 50; 150; 100; 50; 0; 0; 0; 0; 0; 0; 0; 0; 0; 0; 250; 0; 0; 0; 9999
1965;12; 100; 330; 50; 103; 200; 10; 100; 70; 260; 300; 200; 0; 100; 0; 260; 200; 100; 60; 0; 0; 150; 200; 60; 0; 0; 0; 0; 200; 50; 50; 0
1966;01; 0; 0; 0; 1; 110; 1; 4; 1; 200; 171; 302; 70; 41; 26; 20; 0; 4; 0; 0; 0; 0; 0; 0; 0; 0; 100; 400; 80; 30; 0; 0
1966;02; 760; 0; 0; 200; 0; 600; 300; 0; 0; 370; 0; 370; 670; 2; 0; 0; 2; 0; 0; 304; 0; 200; 30; 0; 300; 0; 0; 40; 9999; 9999; 9999
1966;03; 0; 0; 0; 220; 200; 300; 130; 100; 100; 320; 0; 20; 0; 0; 0; 200; 0; 0; 0; 0; 0; 0; 0; 0; 70; 170; 80; 100; 0; 0; 0
1966;04; 0; 0; 100; 100; 50; 10; 320; 430; 50; 20; 50; 30; 30; 10; 2; 0; 3; 0; 0; 940; 3; 5; 2; 1; 210; 70; 5; 2; 1; 0; 9999
1966;05; 5; 2; 1; 0; 200; 100; 80; 0; 130; 5; 5; 180; 20; 2; 2; 2; 7; 6; 4; 3; 2; 3; 30; 2; 2; 4; 30; 2; 5; 4; 3
1966;06; 3; 3; 0; 7; 4; 0; 3; 3; 3; 0; 3; 3; 2; 4; 4; 0; 8; 0; 9; 1; 3; 3; 1; 48; 12; 2; 4; 3; 53; 0; 9999
1966;07; 200; 150; 20; 100; 20; 5; 30; 5; 5; 2; 0; 2; 0; 2; 2; 70; 2; 0; 0; 2; 2; 0; 100; 1; 0; 100; 20; 0; 0; 0; 0
1966;08; 0; 3; 0; 2; 0; 0; 0; 0; 2; 40; 2; 2; 2; 0; 3; 80; 0; 40; 0; 2; 50; 3; 0; 0; 340; 120; 30; 1; 0; 10; 0
1966;09; 40; 90; 150; 140; 0; 0; 0; 2; 2; 2; 2; 0; 0; 0; 0; 100; 50; 0; 0; 70; 5; 0; 0; 0; 1; 1; 5; 210; 360; 3; 9999
1966;10; 0; 0; 0; 0; 0; 2; 280; 200; 20; 0; 0; 0; 20; 30; 0; 0; 30; 200; 200; 0; 0; 50; 220; 20; 0; 0; 0; 530; 220; 150; 110
1966;11; 300; 80; 50; 10; 30; 40; 0; 80; 0; 10; 0; 0; 50; 40; 50; 20; 50; 2; 0; 20; 50; 20; 20; 20; 0; 0; 0; 0; 0; 0; 9999
1966;12; 0; 40; 20; 40; 0; 20; 0; 0; 0; 0; 80; 0; 0; 19; 0; 15; 40; 0; 0; 100; 200; 278; 304; 60; 40; 0; 0; 120; 0; 2; 0
1967;01; 2; 0; 20; 0; 60; 10; 30; 0; 1; 300; 100; 260; 3; 200; 50; 100; 1; 90; 250; 55; 5; 400; 130; 50; 80; 4; 20; 20; 0; 10; 50
1967;02; 40; 590; 0; 180; 450; 50; 0; 3; 350; 160; 19; 90; 160; 20; 0; 0; 120; 200; 150; 100; 2; 80; 0; 220; 0; 220; 960; 2; 9999; 9999; 9999
1967;03; 0; 30; 410; 30; 150; 670; 30; 30; 30; 2; 0; 0; 180; 130; 5; 3; 100; 255; 1060; 200; 3; 4; 2; 0; 1; 20; 30; 170; 10; 40; 0
1967;04; 0; 0; 10; 0; 10; 8; 0; 0; 0; 0; 0; 0; 0; 0; 0; 200; 100; 0; 0; 100; 0; 3; 0; 0; 50; 40; 40; 30; 30; 100; 9999
1967;05; 50; 2; 3; 10; 0; 0; 2; 2; 3; 2; 2; 2; 0; 1; 0; 3; 4; 0; 0; 0; 270; 3; 2; 2; 3; 1; 0; 2; 2; 0; 0
1967;06; 0; 1; 0; 5; 30; 360; 230; 1; 0; 1; 550; 560; 100; 330; 30; 50; 3; 2; 0; 2; 0; 0; 3; 2; 2; 2; 3; 0; 2; 0; 9999
1967;07; 3; 4; 0; 0; 0; 2; 0; 2; 0; 0; 2; 350; 80; 3; 80; 20; 0; 0; 5; 2; 2; 3; 100; 20; 3; 2; 0; 5; 0; 0; 0
1967;08; 20; 2; 2; 2; 1; 50; 1; 0; 0; 0; 2; 5; 200; 50; 40; 0; 0; 2; 0; 0; 0; 0; 0; 0; 0; 0; 0; 0; 0; 0; 0
1967;09; 0; 0; 0; 2; 0; 0; 2; 200; 100; 100; 100; 50; 350; 50; 50; 0; 0; 0; 0; 0; 100; 50; 3; 100; 5; 3; 0; 2; 2; 5; 9999
1967;10; 0; 1; 0; 0; 0; 0; 0; 0; 0; 0; 0; 100; 2; 100; 0; 20; 200; 0; 20; 50; 80; 605; 50; 100; 2; 100; 100; 2; 0; 4; 10
1967;11; 0; 0; 2; 50; 34; 5; 0; 0; 0; 0; 0; 0; 0; 200; 50; 230; 352; 40; 140; 100; 22; 50; 5; 4; 0; 5; 100; 450; 350; 100; 9999
1967;12; 50; 0; 105; 5; 300; 0; 0; 0; 300; 220; 5; 7; 3; 0; 0; 0; 0; 100; 50; 0; 0; 480; 50; 50; 0; 0; 2; 5; 50; 502; 10
1968;01; 177; 2; 280; 100; 5; 2; 0; 0; 0; 0; 0; 100; 200; 100; 105; 300; 205; 100; 255; 50; 50; 50; 735; 102; 50; 2; 0; 0; 0; 0; 0
1968;02; 202; 50; 20; 2; 0; 0; 0; 0; 0; 0; 150; 0; 0; 100; 50; 100; 0; 0; 0; 0; 0; 100; 0; 0; 50; 20; 0; 0; 0; 9999; 9999
1968;03; 0; 0; 0; 0; 0; 0; 50; 50; 0; 0; 150; 0; 2; 1030; 50; 400; 404; 50; 3; 2; 0; 130; 500; 300; 100; 0; 0; 200; 100; 50; 0
1968;04; 50; 100; 100; 3; 100; 3; 1; 0; 0; 0; 0; 0; 0; 0; 0; 0; 0; 0; 0; 200; 0; 0; 0; 0; 5; 2; 2; 0; 0; 0; 9999
1968;05; 0; 0; 5; 2; 2; 2; 0; 2; 50; 0; 0; 0; 0; 0; 100; 120; 0; 0; 0; 0; 0; 0; 3; 3; 0; 0; 0; 0; 0; 50; 0
1968;06; 10; 0; 10; 0; 0; 0; 0; 0; 3; 3; 0; 0; 0; 0; 0; 50; 100; 0; 0; 100; 50; 50; 0; 0; 30; 30; 0; 0; 0; 10; 9999
1968;07; 0; 0; 0; 0; 0; 5; 100; 50; 0; 200; 0; 0; 0; 0; 0; 0; 0; 0; 0; 0; 0; 0; 0; 2; 0; 0; 5; 30; 0; 0; 0
1968;08; 0; 0; 0; 0; 0; 50; 0; 70; 70; 3; 0; 0; 0; 2; 0; 0; 0; 0; 0; 0; 0; 2; 3; 0; 0; 0; 0; 0; 0; 0; 120
1968;09; 0; 2; 0; 0; 3; 0; 0; 0; 0; 0; 0; 0; 0; 2; 5; 0; 0; 0; 0; 0; 250; 0; 3; 3; 0; 0; 0; 0; 2; 3; 9999
1968;10; 5; 0; 0; 0; 0; 0; 0; 0; 140; 60; 20; 50; 0; 50; 20; 0; 50; 210; 580; 0; 0; 20; 0; 120; 0; 0; 0; 0; 0; 0; 2
1968;11; 0; 0; 0; 0; 0; 0; 2; 1; 0; 0; 2; 0; 0; 0; 0; 0; 2; 0; 0; 0; 0; 0; 0; 0; 0; 50; 0; 70; 100; 90; 9999
1968;12; 50; 60; 280; 20; 0; 55; 0; 0; 0; 0; 0; 0; 0; 0; 0; 0; 200; 2; 0; 0; 0; 0; 0; 0; 120; 120; 100; 30; 370; 0; 0
1969;01; 0; 0; 100; 0; 20; 0; 100; 0; 2; 2; 5; 100; 50; 0; 0; 0; 0; 0; 2; 0; 0; 3; 600; 100; 200; 50; 30; 10; 150; 50; 0
1969;02; 50; 100; 100; 0; 0; 0; 0; 0; 0; 0; 0; 0; 0; 50; 0; 50; 150; 10; 70; 120; 70; 120; 50; 40; 50; 60; 0; 290; 9999; 9999; 9999
1969;03; 0; 120; 0; 0; 300; 80; 0; 0; 13; 15; 6; 6; 26; 3; 3; 0; 0; 0; 0; 5; 0; 200; 100; 0; 0; 0; 50; 0; 0; 50; 0
1969;04; 0; 555; 0; 190; 150; 0; 0; 7; 23; 10; 0; 15; 205; 40; 5; 3; 0; 0; 0; 0; 0; 0; 3; 4; 4; 3; 2; 0; 70; 0; 9999
1969;05; 0; 4; 0; 3; 3; 0; 3; 0; 0; 0; 1; 3; 0; 17; 29; 10; 2; 1; 1; 0; 0; 0; 2; 45; 15; 55; 100; 0; 42; 555; 30
1969;06; 0; 370; 10; 0; 0; 1; 0; 1; 1; 1; 1; 1; 0; 0; 3; 60; 7; 3; 3; 5; 10; 202; 1; 0; 0; 0; 0; 0; 0; 2; 9999
1969;07; 50; 3; 0; 0; 0; 0; 40; 3; 200; 0; 0; 1; 25; 0; 0; 0; 0; 0; 4; 0; 0; 0; 7; 21; 0; 0; 0; 0; 0; 0; 0
1969;08; 0; 14; 43; 4; 2; 2; 79; 10; 2; 3; 4; 0; 0; 0; 0; 40; 3; 0; 0; 30; 0; 0; 0; 0; 0; 0; 40; 40; 32; 22; 4
1969;09; 0; 0; 0; 13; 80; 0; 0; 15; 1; 1; 0; 0; 1; 0; 43; 40; 4; 3; 10; 41; 0; 0; 1; 23; 1; 0; 0; 1; 13; 145; 9999
1969;10; 205; 85; 100; 0; 42; 0; 304; 13; 0; 23; 0; 30; 45; 13; 0; 7; 1; 0; 10; 155; 10; 0; 65; 13; 0; 200; 0; 0; 0; 0; 85
1969;11; 85; 0; 18; 16; 0; 0; 70; 20; 63; 25; 0; 1; 55; 100; 120; 0; 0; 50; 650; 1456; 684; 42; 10; 6; 3; 0; 0; 0; 0; 43; 9999
1969;12; 160; 14; 0; 1; 1; 0; 10; 370; 200; 2; 14; 20; 250; 200; 0; 1; 1; 0; 0; 1; 0; 0; 185; 711; 71; 32; 0; 1; 0; 0; 0
1970;01; 225; 100; 10; 190; 4; 1; 0; 90; 70; 220; 10; 20; 4; 2; 85; 400; 155; 15; 170; 15; 15; 0; 0; 0; 0; 0; 0; 10; 15; 0; 10
1970;02; 20; 35; 10; 1; 15; 1; 0; 0; 0; 355; 10; 195; 30; 100; 110; 90; 0; 150; 0; 0; 130; 140; 25; 20; 110; 85; 0; 0; 9999; 9999; 9999
1970;03; 0; 0; 1; 10; 0; 90; 0; 1; 65; 186; 1; 0; 102; 371; 69; 10; 0; 144; 12; 54; 3; 0; 1; 1; 53; 0; 0; 0; 0; 0; 1
1970;04; 17; 1; 3; 108; 11; 21; 84; 68; 2; 19; 0; 2; 4; 1; 2; 3; 0; 48; 0; 1; 0; 1; 1; 1; 2; 0; 1; 30; 66; 55; 9999
1970;05; 3; 0; 10; 1; 1; 1; 125; 80; 1; 11; 0; 131; 20; 1; 3; 2; 1; 93; 3; 1; 15; 17; 1; 2; 0; 1; 3; 0; 1; 0; 2
1970;06; 1; 3; 1; 1; 0; 0; 87; 9; 53; 1; 1; 2; 3; 2; 123; 61; 1; 1; 12; 7; 0; 0; 101; 170; 3; 15; 13; 1; 53; 152; 9999
1970;07; 15; 49; 6; 1; 2; 1; 1; 2; 8; 61; 0; 1; 78; 19; 51; 1; 0; 1; 1; 1; 1; 0; 3; 1; 5; 1; 0; 1; 0; 0; 3
1970;08; 5; 1; 0; 0; 0; 0; 1; 0; 0; 1; 1; 2; 1; 1; 1; 69; 6; 0; 0; 0; 0; 0; 0; 67; 202; 145; 181; 52; 1; 69; 182
1970;09; 3; 2; 1; 2; 0; 0; 202; 1; 0; 0; 8; 0; 20; 31; 20; 494; 28; 9; 0; 0; 2; 252; 1; 0; 0; 0; 0; 1; 45; 1; 9999
1970;10; 0; 10; 68; 179; 48; 5; 0; 0; 126; 6; 1; 0; 0; 1; 0; 0; 0; 47; 2; 18; 13; 1; 2; 26; 1; 1; 23; 27; 2; 0; 0
1970;11; 0; 0; 13; 28; 4; 51; 3; 145; 43; 4; 0; 3; 1; 18; 16; 2; 1; 0; 0; 0; 1; 114; 2; 0; 1; 1; 0; 35; 1; 25; 9999
1970;12; 50; 0; 28; 0; 0; 0; 1; 0; 0; 391; 17; 809; 121; 11; 25; 0; 12; 0; 64; 91; 87; 305; 47; 0; 21; 194; 1; 1; 0; 221; 23
1971;01; 2; 879; 161; 33; 5; 84; 381; 35; 0; 20; 235; 77; 0; 212; 246; 2; 0; 87; 0; 0; 0; 16; 0; 0; 0; 0; 0; 0; 28; 2; 38
1971;02; 362; 714; 0; 23; 0; 0; 1; 0; 272; 54; 87; 0; 2; 0; 0; 0; 0; 0; 0; 138; 5; 171; 223; 1; 633; 102; 8; 78; 9999; 9999; 9999
1971;03; 3; 75; 39; 1; 32; 423; 23; 1; 159; 1; 133; 84; 62; 82; 0; 0; 1; 0; 0; 1; 685; 677; 113; 541; 89; 0; 6; 26; 62; 1; 0
1971;04; 0; 1; 1; 115; 1; 5; 0; 0; 0; 147; 0; 42; 44; 1; 2; 84; 8; 0; 0; 3; 0; 35; 12; 32; 0; 1; 1; 1; 1; 1; 9999
1971;05; 0; 0; 42; 78; 511; 36; 53; 0; 8; 0; 1; 0; 1; 0; 0; 5; 6; 0; 1; 2; 0; 0; 1; 1; 5; 341; 37; 62; 52; 8; 3
1971;06; 4; 2; 0; 28; 12; 0; 34; 1; 198; 2; 2; 15; 1; 3; 2; 19; 19; 334; 168; 14; 1; 0; 102; 1; 0; 0; 1; 0; 1; 1; 9999
1971;07; 1; 94; 152; 22; 24; 2; 3; 0; 0; 1; 0; 1; 1; 0; 0; 1; 0; 0; 0; 2; 2; 1; 0; 0; 0; 0; 0; 0; 0; 108; 9
1971;08; 0; 1; 1; 2; 0; 1; 1; 74; 0; 84; 83; 1; 1; 0; 21; 1; 3; 3; 1; 0; 0; 0; 1; 0; 0; 8; 16; 51; 55; 3; 8
1971;09; 2; 6; 10; 47; 1; 1; 65; 1; 4; 0; 63; 71; 8; 2; 0; 1; 0; 0; 1; 1; 0; 1; 0; 214; 123; 112; 0; 0; 0; 0; 9999
1971;10; 264; 43; 3; 9; 12; 0; 25; 119; 0; 0; 62; 84; 46; 40; 11; 9; 0; 0; 0; 0; 0; 0; 0; 1; 64; 11; 9; 0; 3; 0; 1
1971;11; 0; 33; 4; 0; 0; 0; 24; 2; 0; 147; 3; 0; 12; 6; 1; 0; 0; 0; 32; 2; 7; 1; 0; 6; 0; 8; 95; 87; 1; 0; 9999
1971;12; 561; 15; 23; 254; 2; 0; 0; 0; 5; 1; 0; 0; 66; 412; 238; 17; 1; 0; 0; 0; 0; 0; 3; 74; 54; 4; 14; 73; 24; 30; 15
1972;01; 1; 62; 0; 0; 52; 56; 103; 293; 59; 175; 3; 9; 11; 0; 0; 0; 1; 0; 137; 4; 5; 508; 135; 278; 113; 2; 58; 152; 62; 366; 2
1972;02; 0; 0; 399; 32; 22; 6; 22; 54; 631; 1; 238; 27; 195; 67; 81; 97; 141; 0; 0; 1045; 2; 49; 2; 1; 0; 32; 523; 29; 11; 9999; 9999
1972;03; 1; 0; 2; 0; 50; 0; 26; 0; 2; 372; 324; 66; 1; 0; 0; 0; 1; 8; 0; 1; 1; 21; 1; 2; 0; 2; 4; 0; 0; 0; 37
1972;04; 168; 94; 126; 33; 43; 6; 75; 3; 65; 2; 3; 1; 1; 0; 24; 69; 90; 4; 14; 2; 1; 2; 1; 1; 1; 0; 61; 0; 2; 1; 9999
1972;05; 1; 1; 11; 17; 1; 0; 0; 6; 37; 1; 0; 1; 0; 1; 1; 1; 2; 1; 159; 9; 7; 1; 53; 2; 33; 45; 3; 1; 3; 1; 0
1972;06; 2; 1; 1; 3; 2; 0; 3; 1; 0; 1; 2; 0; 0; 1; 13; 0; 1; 2; 77; 3; 3; 1; 2; 1; 1; 0; 0; 0; 0; 0; 9999
1972;07; 0; 0; 0; 1; 0; 37; 0; 64; 2; 0; 1; 0; 178; 7; 21; 38; 13; 1; 2; 0; 1; 0; 0; 1; 1; 39; 85; 0; 1; 1; 6
1972;08; 1; 1; 0; 289; 28; 224; 42; 1; 2; 1; 0; 0; 3; 0; 1; 1; 1; 1; 1; 0; 1; 1; 290; 85; 3; 0; 25; 1; 74; 139; 0
1972;09; 1; 1; 2; 5; 29; 140; 5; 1; 0; 0; 22; 7; 2; 0; 19; 2; 1; 0; 3; 0; 0; 90; 44; 12; 273; 2; 51; 123; 307; 94; 9999
1972;10; 14; 34; 163; 434; 146; 9; 10; 5; 4; 101; 194; 1; 0; 0; 233; 9; 13; 7; 5; 0; 0; 0; 0; 2; 0; 0; 0; 35; 33; 4; 0
1972;11; 0; 267; 42; 50; 12; 2; 6; 32; 0; 3; 0; 0; 0; 7; 45; 5; 8; 4; 556; 2; 54; 3; 1; 1; 0; 154; 4; 0; 0; 0; 9999
1972;12; 2; 1; 127; 36; 6; 0; 189; 12; 0; 3; 6; 4; 17; 35; 3; 0; 0; 0; 0; 33; 3; 1; 169; 38; 25; 0; 3; 0; 2; 0; 0
1973;01; 13; 0; 130; 236; 167; 14; 0; 85; 445; 216; 0; 0; 0; 0; 145; 497; 8; 6; 0; 16; 204; 318; 41; 0; 46; 347; 84; 0; 0; 0; 0
1973;02; 215; 16; 2; 0; 1; 707; 249; 1; 1; 0; 0; 6; 137; 49; 314; 944; 133; 47; 66; 620; 5; 0; 0; 0; 0; 0; 14; 0; 9999; 9999; 9999
1973;03; 0; 0; 10; 91; 182; 3; 1; 1; 182; 3; 22; 25; 77; 101; 3; 1; 0; 0; 0; 0; 222; 19; 126; 128; 3; 29; 22; 1; 19; 195; 196
1973;04; 127; 13; 3; 39; 0; 0; 0; 0; 134; 567; 492; 302; 50; 2; 0; 5; 0; 0; 21; 34; 12; 153; 3; 1; 0; 0; 0; 0; 0; 1; 9999
1973;05; 1; 1; 3; 66; 111; 15; 10; 64; 82; 35; 1; 0; 2; 0; 2; 28; 1; 1; 1; 1; 0; 323; 17; 4; 1; 87; 3; 1; 1; 0; 1
1973;06; 1; 0; 0; 0; 1; 1; 1; 0; 0; 1; 2; 0; 1; 0; 19; 11; 1; 172; 1; 2; 3; 2; 1; 1; 266; 3; 150; 0; 4; 4; 9999
1973;07; 2; 221; 87; 12; 2; 0; 0; 0; 2; 1; 1; 0; 0; 2; 0; 0; 0; 56; 5; 38; 108; 85; 3; 89; 21; 1; 1; 158; 1; 3; 0
1973;08; 2; 22; 7; 0; 8; 3; 3; 2; 2; 1; 0; 7; 6; 2; 0; 0; 1; 0; 0; 1; 2; 5; 43; 6; 1; 35; 87; 149; 78; 13; 21
1973;09; 15; 297; 6; 0; 0; 0; 14; 0; 0; 16; 0; 0; 50; 6; 137; 6; 7; 2; 0; 121; 81; 412; 8; 9; 28; 3; 0; 5; 18; 6; 9999
1973;10; 6; 38; 13; 0; 0; 0; 47; 0; 75; 16; 51; 2; 4; 4; 1; 1; 0; 0; 345; 0; 7; 0; 0; 37; 0; 29; 342; 75; 4; 0; 50
1973;11; 69; 26; 4; 22; 2; 3; 0; 1; 0; 0; 100; 0; 25; 21; 1; 0; 0; 87; 407; 3; 2; 0; 1; 0; 206; 3; 0; 10; 2; 1; 9999
1973;12; 1; 0; 19; 147; 0; 3; 61; 44; 0; 0; 0; 19; 3; 0; 0; 151; 16; 24; 0; 60; 1; 1; 0; 36; 113; 105; 62; 4; 0; 11; 116
1974;01; 223; 25; 1; 5; 0; 0; 0; 59; 2; 10; 121; 337; 55; 34; 219; 11; 4; 77; 38; 678; 0; 103; 131; 144; 1; 3; 23; 26; 99; 86; 147
1974;02; 0; 15; 16; 0; 32; 0; 0; 24; 0; 0; 0; 0; 0; 0; 0; 64; 63; 133; 5; 185; 0; 186; 0; 64; 67; 8; 0; 0; 9999; 9999; 9999
1974;03; 0; 0; 0; 0; 0; 0; 0; 0; 0; 0; 68; 68; 172; 245; 0; 14; 476; 588; 147; 155; 33; 21; 24; 0; 2; 21; 19; 0; 0; 2; 1
1974;04; 0; 142; 7; 0; 105; 15; 2; 2; 3; 1; 455; 0; 2; 0; 0; 1; 0; 1; 2; 101; 27; 0; 0; 0; 13; 74; 2; 1; 7; 2; 9999
1974;05; 0; 1; 1; 1; 1; 3; 2; 8; 4; 0; 0; 0; 2; 1; 0; 0; 1; 0; 236; 35; 0; 1; 1; 0; 1; 0; 0; 0; 1; 4; 1
1974;06; 0; 1; 4; 0; 1; 1; 285; 187; 3; 87; 29; 88; 2; 0; 0; 1; 0; 32; 1; 46; 1; 239; 2; 2; 247; 89; 3; 10; 3; 2; 9999
1974;07; 0; 1; 0; 1; 1; 1; 2; 1; 0; 0; 0; 1; 0; 1; 0; 2; 1; 0; 4; 7; 29; 6; 16; 35; 8; 0; 1; 0; 0; 1; 0
1974;08; 0; 1; 1; 0; 0; 0; 0; 2; 2; 17; 1; 0; 0; 1; 0; 0; 1; 20; 0; 0; 0; 0; 0; 0; 1; 0; 0; 13; 30; 158; 1
1974;09; 4; 1; 1; 17; 2; 95; 42; 6; 0; 1; 1; 1; 0; 1; 0; 0; 1; 0; 0; 88; 3; 0; 0; 0; 0; 0; 99; 161; 17; 15; 9999
1974;10; 1; 229; 0; 14; 155; 0; 0; 0; 0; 0; 0; 0; 0; 0; 0; 0; 3; 0; 45; 13; 0; 6; 3; 0; 411; 67; 0; 90; 41; 210; 2
1974;11; 1; 0; 0; 0; 1; 5; 249; 0; 4; 5; 0; 0; 52; 11; 0; 8; 0; 1; 0; 0; 23; 71; 1; 0; 0; 0; 0; 269; 17; 2; 9999
1974;12; 94; 0; 584; 146; 10; 28; 2; 5; 0; 0; 14; 9; 10; 870; 23; 16; 2; 51; 328; 10; 2; 34; 45; 44; 13; 0; 1; 66; 144; 77; 30
1975;01; 133; 206; 56; 2; 79; 52; 0; 0; 163; 44; 1; 208; 153; 4; 3; 153; 0; 0; 91; 60; 2; 2; 0; 1; 0; 2; 23; 32; 1207; 82; 200
1975;02; 60; 43; 10; 133; 844; 49; 9; 10; 142; 1; 1; 0; 1; 0; 0; 0; 0; 136; 74; 1136; 1; 384; 14; 1; 7; 279; 24; 337; 9999; 9999; 9999
1975;03; 76; 4; 391; 2; 0; 46; 0; 0; 105; 0; 0; 1; 401; 1; 0; 7; 1; 3; 5; 0; 355; 83; 18; 0; 127; 20; 2; 27; 0; 133; 32
1975;04; 7; 1; 0; 65; 19; 53; 1; 0; 1; 10; 24; 6; 0; 1; 1; 15; 2; 1; 0; 1; 0; 0; 0; 1; 0; 0; 0; 0; 0; 1; 9999
1975;05; 212; 2; 1; 2; 9; 32; 73; 31; 0; 0; 2; 1; 2; 1; 0; 14; 64; 131; 18; 8; 16; 89; 2; 10; 11; 53; 1; 2; 2; 1; 2
1975;06; 1; 1; 10; 57; 51; 19; 66; 3; 2; 2; 2; 2; 0; 1; 16; 1; 6; 1; 0; 0; 0; 3; 0; 8; 0; 2; 0; 0; 1; 4; 9999
1975;07; 1; 85; 3; 2; 2; 85; 3; 2; 3; 3; 1; 1; 1; 0; 2; 0; 421; 121; 1; 0; 0; 6; 4; 1; 1; 0; 7; 4; 0; 1; 0
1975;08; 1; 1; 0; 0; 3; 201; 243; 12; 0; 3; 1; 0; 1; 0; 6; 0; 1; 0; 2; 0; 1; 1; 1; 0; 0; 0; 1; 0; 0; 0; 6
1975;09; 6; 15; 3; 0; 0; 0; 0; 0; 0; 0; 0; 1; 0; 1; 0; 2; 14; 7; 0; 0; 35; 14; 32; 87; 0; 0; 64; 95; 1; 166; 9999
1975;10; 0; 6; 112; 161; 94; 6; 11; 12; 0; 1; 150; 11; 50; 0; 0; 1; 4; 40; 120; 8; 0; 0; 0; 0; 0; 0; 0; 16; 0; 56; 32
1975;11; 9; 133; 89; 220; 13; 10; 122; 0; 0; 181; 0; 1; 0; 0; 0; 0; 0; 181; 18; 4; 178; 39; 0; 37; 122; 24; 1; 67; 4; 345; 9999
1975;12; 139; 36; 1; 0; 0; 0; 32; 0; 128; 132; 3; 0; 54; 146; 71; 9; 0; 0; 36; 301; 205; 7; 69; 251; 33; 26; 2; 0; 890; 87; 12
1976;01; 116; 94; 9; 6; 13; 57; 54; 333; 44; 0; 130; 131; 96; 0; 0; 73; 5; 0; 0; 421; 244; 191; 36; 3; 0; 8; 14; 1412; 904; 707; 0
1976;02; 22; 78; 85; 1; 155; 67; 946; 259; 0; 3; 6; 1; 2; 0; 0; 18; 420; 110; 367; 181; 117; 25; 56; 5; 1; 1; 444; 0; 0; 9999; 9999
1976;03; 0; 0; 1; 19; 3; 0; 0; 0; 0; 308; 0; 0; 0; 1626; 187; 48; 0; 526; 0; 242; 0; 26; 16; 28; 54; 197; 111; 57; 1; 0; 0
1976;04; 2; 0; 1; 14; 0; 0; 19; 1; 0; 77; 89; 102; 183; 95; 92; 3; 0; 14; 0; 0; 0; 0; 39; 27; 63; 0; 0; 2; 1; 1; 9999
1976;05; 0; 83; 28; 3; 1; 1; 0; 2; 38; 210; 85; 14; 3; 23; 0; 1; 2; 1; 15; 23; 49; 63; 3; 3; 10; 4; 1; 241; 525; 1; 2
1976;06; 1; 2; 3; 9; 4; 308; 1; 2; 31; 1; 17; 28; 46; 15; 2; 1; 1; 12; 2; 2; 2; 1; 2; 2; 1; 1; 1; 2; 65; 1; 9999
1976;07; 81; 46; 373; 21; 1; 39; 17; 85; 102; 191; 1; 3; 1; 1; 26; 2; 2; 7; 1; 1; 1; 1; 1; 0; 1; 0; 0; 0; 1; 1; 1
1976;08; 0; 0; 1; 3; 2; 57; 1; 1; 0; 84; 58; 195; 166; 63; 5; 1; 1; 0; 125; 51; 47; 1; 0; 0; 0; 0; 0; 0; 0; 0; 0
1976;09; 0; 1; 0; 1; 111; 58; 54; 94; 2; 0; 2; 61; 257; 35; 0; 142; 115; 2; 1; 0; 0; 2; 0; 12; 0; 0; 49; 437; 7; 2; 9999
1976;10; 14; 9; 6; 0; 39; 80; 1; 4; 88; 94; 10; 1; 0; 0; 0; 1; 63; 88; 38; 7; 11; 32; 21; 7; 1; 59; 32; 4; 1; 0; 0
1976;11; 4; 2; 12; 11; 44; 232; 11; 1; 0; 0; 0; 0; 0; 201; 0; 0; 5; 3; 0; 17; 187; 7; 0; 0; 0; 11; 1; 114; 0; 0; 9999
1976;12; 0; 11; 0; 0; 0; 66; 0; 0; 585; 5; 1; 0; 0; 0; 42; 0; 13; 1; 0; 0; 48; 0; 368; 18; 9; 0; 373; 52; 0; 1; 0
1977;01; 1; 0; 54; 0; 117; 82; 147; 12; 46; 35; 49; 0; 0; 45; 2; 102; 138; 86; 1146; 107; 24; 1; 0; 1; 0; 4; 289; 32; 118; 5; 0
1977;02; 141; 1; 0; 0; 21; 3; 20; 28; 0; 0; 23; 0; 22; 6; 0; 0; 84; 0; 0; 0; 0; 0; 0; 0; 0; 0; 0; 0; 9999; 9999; 9999
1977;03; 0; 306; 0; 0; 0; 0; 0; 0; 0; 0; 0; 0; 8; 0; 0; 11; 26; 0; 0; 0; 84; 76; 181; 69; 0; 0; 0; 0; 187; 142; 111
1977;04; 302; 107; 37; 115; 29; 1; 1; 0; 63; 191; 7; 0; 0; 1; 0; 0; 35; 0; 1; 171; 287; 11; 40; 15; 111; 34; 21; 2; 0; 0; 9999
1977;05; 0; 12; 0; 155; 1; 6; 1; 1; 1; 1; 0; 0; 10; 0; 0; 0; 96; 154; 8; 3; 2; 3; 2; 1; 3; 21; 1; 2; 1; 1; 1
1977;06; 19; 11; 4; 17; 19; 3; 18; 3; 24; 2; 3; 28; 2; 2; 0; 334; 121; 0; 3; 2; 1; 5; 4; 10; 35; 1; 0; 0; 0; 1; 9999
1977;07; 2; 1; 1; 1; 2; 0; 1; 2; 2; 1; 2; 1; 1; 1; 0; 2; 29; 26; 1; 1; 1; 1; 24; 1; 137; 2; 1; 1; 1; 0; 0
1977;08; 0; 0; 1; 25; 1; 0; 2; 1; 9; 23; 0; 1; 1; 28; 3; 22; 2; 0; 9; 28; 42; 0; 0; 1; 2; 0; 0; 0; 0; 13; 33
1977;09; 1; 54; 9; 7; 0; 4; 187; 139; 2; 1; 1; 0; 0; 0; 0; 0; 13; 27; 9; 82; 9; 8; 12; 62; 53; 2; 2; 1; 0; 35; 9999
1977;10; 95; 163; 71; 115; 38; 18; 1; 1; 0; 0; 0; 5; 49; 72; 0; 0; 17; 43; 13; 3; 3; 0; 0; 0; 0; 0; 67; 7; 0; 0; 0
1977;11; 0; 287; 0; 0; 3; 0; 7; 0; 0; 0; 124; 126; 27; 1; 84; 38; 0; 0; 6; 206; 0; 504; 29; 14; 16; 68; 6; 2; 173; 123; 9999
1977;12; 21; 55; 37; 68; 15; 0; 202; 122; 58; 26; 8; 54; 0; 0; 0; 1; 0; 0; 0; 8; 231; 278; 232; 44; 0; 0; 0; 1; 0; 0; 0
1978;01; 0; 65; 23; 0; 0; 0; 34; 5; 0; 7; 181; 61; 58; 4; 178; 49; 38; 4; 0; 0; 0; 96; 0; 0; 0; 0; 9; 0; 0; 201; 0
1978;02; 0; 0; 0; 0; 301; 413; 14; 31; 1; 0; 0; 17; 0; 0; 0; 575; 118; 43; 35; 0; 105; 154; 15; 0; 22; 25; 0; 0; 9999; 9999; 9999
1978;03; 29; 22; 4; 90; 41; 182; 65; 33; 172; 82; 98; 9; 171; 1; 23; 0; 0; 0; 0; 0; 0; 0; 0; 30; 0; 0; 13; 231; 6; 867; 82
1978;04; 2; 2; 1; 8; 6; 1; 38; 1; 1; 2; 5; 1; 1; 0; 0; 0; 0; 1; 0; 157; 1; 2; 0; 1; 12; 1; 2; 1; 1; 2; 9999
1978;05; 1; 86; 19; 2; 1; 1; 1; 2; 1; 2; 1; 1; 1; 0; 0; 3; 469; 57; 19; 3; 322; 9; 8; 2; 1; 1; 1; 1; 1; 0; 1
1978;06; 2; 2; 1; 2; 2; 1; 0; 12; 481; 1; 1; 58; 9; 1; 2; 1; 1; 0; 0; 1; 0; 61; 4; 1; 1; 1; 1; 1; 1; 1; 9999
1978;07; 1; 1; 1; 1; 0; 0; 0; 0; 0; 1; 1; 0; 166; 0; 1; 111; 1; 15; 1; 1; 308; 5; 477; 94; 6; 2; 1; 1; 1; 0; 12
1978;08; 0; 1; 0; 0; 0; 0; 0; 1; 1; 0; 0; 0; 29; 35; 47; 1; 1; 1; 0; 2; 35; 5; 3; 41; 34; 21; 1; 0; 1; 0; 3
1978;09; 14; 52; 17; 0; 233; 12; 1; 32; 14; 1; 0; 0; 1; 0; 3; 48; 3; 0; 1; 0; 0; 0; 0; 0; 0; 0; 0; 0; 0; 0; 9999
1978;10; 0; 0; 0; 0; 0; 0; 1; 0; 0; 0; 21; 0; 0; 0; 0; 12; 21; 0; 78; 75; 18; 0; 0; 0; 0; 0; 0; 55; 2; 34; 2
1978;11; 65; 21; 137; 315; 241; 245; 1; 0; 0; 0; 425; 714; 1; 0; 0; 0; 4; 0; 0; 117; 1; 0; 115; 46; 56; 1; 0; 165; 1; 0; 9999
1978;12; 0; 0; 0; 1; 51; 0; 62; 119; 15; 1; 0; 11; 6; 0; 1; 0; 319; 51; 28; 2; 0; 1; 0; 4; 0; 0; 491; 1; 1; 35; 61
1979;01; 1; 0; 14; 287; 7; 0; 0; 31; 19; 1; 0; 0; 86; 24; 0; 0; 25; 6; 0; 2; 120; 15; 1; 0; 0; 0; 0; 0; 411; 110; 1
1979;02; 1; 0; 0; 2; 147; 34; 0; 1; 1; 1; 0; 102; 286; 78; 0; 0; 0; 0; 0; 102; 4; 12; 101; 21; 0; 0; 71; 0; 9999; 9999; 9999
1979;03; 10; 196; 28; 0; 0; 0; 0; 0; 0; 0; 392; 1; 21; 389; 38; 3; 47; 424; 226; 5; 24; 1; 0; 0; 35; 93; 31; 2; 0; 0; 0
1979;04; 0; 1; 0; 163; 261; 0; 83; 52; 85; 1; 0; 0; 125; 1; 0; 0; 1; 356; 37; 0; 0; 8; 35; 184; 15; 23; 2; 1; 0; 23; 9999
1979;05; 1; 0; 0; 209; 89; 0; 53; 41; 15; 16; 4; 0; 174; 52; 91; 2; 0; 1; 1; 0; 0; 1; 15; 213; 2; 1; 1; 2; 1; 181; 1
1979;06; 2; 1; 1; 1; 1; 0; 3; 1; 32; 5; 1; 1; 0; 21; 1; 4; 2; 0; 0; 0; 0; 0; 0; 0; 1; 3; 2; 54; 13; 2; 9999
1979;07; 0; 1; 0; 0; 4; 6; 21; 1; 86; 198; 7; 2; 0; 1; 2; 1; 1; 1; 2; 42; 0; 1; 1; 0; 2; 145; 0; 0; 1; 0; 2
1979;08; 1; 1; 2; 1; 0; 1; 0; 0; 0; 0; 0; 1; 134; 1; 52; 0; 0; 132; 221; 43; 191; 45; 1; 1; 0; 1; 63; 1; 1; 1; 0
1979;09; 0; 221; 148; 28; 26; 43; 4; 0; 3; 13; 3; 185; 1; 176; 6; 3; 2; 90; 21; 1; 0; 1; 169; 4; 1; 1; 1; 0; 0; 1; 9999
1979;10; 1; 52; 3; 1; 1; 109; 111; 387; 81; 13; 1; 0; 0; 12; 8; 0; 0; 1; 1; 1; 2; 0; 0; 0; 0; 0; 101; 24; 39; 261; 141
1979;11; 1; 16; 46; 0; 2; 0; 0; 0; 61; 69; 164; 44; 2; 0; 153; 93; 1; 0; 0; 0; 1; 0; 14; 1; 436; 29; 8; 2; 1; 0; 9999
1979;12; 0; 711; 51; 34; 8; 0; 0; 0; 0; 17; 49; 165; 39; 0; 0; 988; 63; 2; 10; 3; 55; 27; 2; 41; 21; 50; 79; 4; 0; 0; 7
1980;01; 165; 3; 4; 1; 1; 3; 0; 9; 11; 175; 155; 52; 21; 82; 3; 3; 38; 18; 33; 0; 0; 0; 0; 21; 32; 845; 24; 0; 0; 1; 0
1980;02; 51; 1; 22; 3; 0; 0; 0; 94; 23; 1; 0; 18; 181; 2; 17; 2; 511; 143; 2084; 1275; 44; 1; 0; 66; 4; 0; 9; 40; 6; 9999; 9999
1980;03; 1; 0; 114; 0; 0; 91; 0; 0; 0; 223; 0; 0; 0; 250; 223; 326; 1; 0; 0; 0; 0; 0; 0; 0; 0; 0; 0; 0; 0; 36; 151
1980;04; 0; 16; 3; 618; 19; 106; 0; 0; 2; 0; 1; 0; 110; 132; 250; 12; 27; 0; 0; 0; 1; 2; 2; 4; 1; 4; 0; 0; 0; 1; 9999
1980;05; 2; 63; 30; 4; 2; 2; 3; 4; 0; 0; 53; 0; 0; 1; 4; 2; 1; 0; 1; 0; 0; 12; 0; 2; 0; 0; 7; 2; 1; 0; 3
1980;06; 0; 1; 220; 20; 4; 2; 1; 2; 2; 1; 1; 0; 0; 6; 2; 1; 1; 1; 1; 6; 731; 55; 28; 0; 76; 164; 408; 2; 2; 3; 9999
1980;07; 0; 8; 148; 56; 94; 50; 0; 0; 1; 11; 205; 1; 1; 0; 0; 0; 0; 1; 0; 1; 0; 4; 0; 1; 4; 2; 0; 5; 0; 21; 102
1980;08; 1; 1; 2; 1; 1; 0; 25; 1; 44; 5; 54; 0; 29; 2; 1; 49; 1; 2; 0; 0; 12; 0; 13; 28; 0; 186; 132; 18; 5; 0; 0
1980;09; 0; 1; 0; 12; 1; 1; 0; 0; 1; 43; 56; 19; 23; 0; 0; 28; 1; 58; 3; 22; 198; 164; 1; 1; 0; 5; 1; 29; 13; 0; 9999
1980;10; 0; 1; 0; 0; 0; 3; 12; 181; 28; 0; 2; 52; 211; 12; 2; 3; 0; 0; 7; 0; 0; 21; 322; 40; 26; 8; 1; 161; 0; 0; 4
1980;11; 71; 5; 0; 3; 0; 0; 0; 135; 1; 0; 14; 11; 41; 5; 0; 1; 0; 16; 0; 10; 0; 0; 0; 452; 219; 0; 1; 0; 105; 25; 9999
1980;12; 6; 0; 0; 54; 56; 18; 10; 304; 0; 0; 134; 95; 158; 311; 144; 0; 0; 0; 0; 0; 111; 26; 10; 0; 0; 7; 170; 109; 25; 116; 2
1981;01; 2; 1; 36; 0; 107; 612; 35; 75; 39; 61; 125; 117; 14; 18; 806; 35; 6; 2; 18; 204; 201; 59; 1; 11; 13; 0; 0; 0; 0; 0; 25
1981;02; 17; 0; 0; 448; 35; 657; 757; 1; 1; 0; 0; 0; 26; 0; 0; 0; 54; 0; 3; 89; 1; 0; 0; 0; 0; 21; 0; 0; 9999; 9999; 9999
1981;03; 108; 56; 0; 32; 5; 1; 9999; 0; 166; 1; 0; 0; 0; 11; 0; 501; 41; 5; 41; 1; 0; 5; 3; 0; 0; 21; 0; 13; 77; 95; 0
1981;04; 31; 11; 4; 0; 1; 0; 1; 0; 15; 1; 0; 1; 1; 0; 1; 76; 447; 73; 5; 1; 1; 0; 1; 0; 0; 32; 0; 108; 59; 1; 9999
1981;05; 3; 0; 1; 51; 1; 2; 0; 0; 0; 1; 1; 0; 1; 2; 0; 1; 32; 9; 1; 0; 86; 11; 1; 1; 0; 1; 0; 1; 211; 1; 1
1981;06; 1; 1; 0; 12; 31; 201; 97; 1; 2; 1; 1; 1; 9; 15; 21; 41; 28; 1; 2; 1; 5; 2; 1; 1; 1; 1; 2; 1; 1; 1; 9999
1981;07; 1; 0; 134; 175; 30; 71; 65; 2; 1; 1; 1; 1; 1; 1; 0; 0; 1; 61; 58; 295; 2; 2; 1; 51; 381; 33; 1; 1; 1; 0; 1
1981;08; 1; 2; 2; 1; 1; 0; 0; 0; 0; 68; 11; 12; 28; 4; 1; 0; 0; 151; 3; 0; 9; 26; 0; 0; 2; 1; 0; 0; 0; 0; 23
1981;09; 9; 23; 1; 42; 0; 0; 1; 0; 2; 0; 1; 1; 0; 0; 0; 1; 0; 1; 0; 0; 0; 5; 8; 4; 45; 9999; 18; 1; 0; 59; 9999
1981;10; 2; 9; 0; 1; 0; 5; 33; 5; 36; 1; 42; 4; 3; 7; 2; 437; 0; 0; 18; 192; 10; 0; 1; 0; 0; 0; 13; 50; 35; 12; 36
1981;11; 2; 0; 2; 128; 15; 4; 0; 12; 0; 458; 0; 19; 131; 25; 0; 150; 144; 0; 21; 22; 0; 0; 0; 3; 11; 1; 1; 0; 2; 30; 9999
1981;12; 41; 222; 24; 39; 1; 11; 53; 43; 318; 116; 1; 0; 67; 0; 0; 0; 1; 1; 0; 0; 0; 1; 0; 51; 48; 19; 3; 15; 11; 1; 0
1982;01; 0; 23; 24; 16; 27; 1; 0; 16; 229; 5; 11; 69; 5; 0; 0; 0; 0; 0; 0; 4; 18; 63; 356; 53; 0; 0; 1; 0; 76; 0; 121
1982;02; 0; 51; 0; 0; 661; 363; 138; 1; 0; 0; 0; 0; 0; 0; 0; 0; 0; 0; 0; 15; 0; 0; 251; 358; 212; 49; 134; 26; 9999; 9999; 9999
1982;03; 26; 0; 71; 57; 45; 0; 0; 1; 14; 156; 3; 2; 2; 7; 1; 137; 385; 0; 161; 272; 0; 58; 116; 7; 121; 67; 62; 1; 0; 5; 13
1982;04; 588; 332; 25; 1; 1; 44; 55; 5; 12; 1; 1; 0; 2; 1; 113; 0; 202; 28; 12; 31; 1; 1; 0; 0; 61; 1; 6; 3; 42; 2; 9999
1982;05; 1; 0; 1; 35; 16; 1; 0; 0; 0; 1; 0; 0; 0; 1; 1; 0; 0; 0; 39; 29; 0; 1; 0; 0; 287; 132; 3; 48; 9; 0; 0
1982;06; 1; 0; 1; 0; 5; 31; 12; 2; 0; 2; 0; 126; 69; 32; 2; 108; 467; 20; 1; 9; 3; 51; 189; 123; 787; 310; 12; 1; 135; 1; 9999
1982;07; 198; 39; 0; 2; 0; 3; 1; 0; 101; 21; 0; 37; 43; 3; 1; 1; 0; 1; 61; 0; 1; 0; 1; 1; 0; 0; 1; 0; 1; 84; 1
1982;08; 0; 1; 112; 1; 3; 1; 0; 0; 0; 9; 118; 31; 9; 1; 1; 0; 1; 25; 60; 1; 1; 1; 2; 3; 1; 0; 0; 0; 1; 1; 0
1982;09; 58; 34; 2; 0; 1; 115; 27; 14; 2; 1; 1; 0; 1; 0; 0; 0; 0; 0; 6; 2; 7; 5; 12; 0; 0; 0; 0; 11; 24; 31; 9999
1982;10; 3; 255; 59; 0; 0; 61; 38; 245; 144; 36; 139; 1; 46; 1; 1; 0; 0; 191; 19; 0; 84; 1; 1; 10; 0; 1; 12; 66; 22; 27; 1
1982;11; 4; 8; 0; 0; 24; 35; 28; 8; 37; 47; 35; 76; 29; 167; 403; 14; 16; 13; 0; 57; 381; 25; 110; 12; 1; 10; 506; 33; 131; 64; 9999
1982;12; 0; 0; 407; 85; 2; 0; 15; 1; 1; 8; 0; 152; 72; 49; 145; 193; 116; 38; 5; 36; 6; 44; 17; 11; 1; 1; 0; 128; 0; 39; 8
1983;01; 1; 0; 14; 33; 138; 69; 12; 0; 488; 0; 0; 0; 28; 203; 273; 6; 24; 928; 316; 278; 474; 0; 0; 2; 0; 0; 5; 141; 53; 0; 20
1983;02; 285; 516; 15; 190; 1; 11; 5; 41; 20; 7; 0; 11; 104; 144; 19; 0; 0; 10; 0; 1; 0; 0; 24; 326; 195; 715; 115; 151; 9999; 9999; 9999
1983;03; 15; 77; 5; 112; 60; 682; 71; 152; 0; 0; 0; 0; 622; 21; 0; 1; 2; 0; 161; 72; 1; 2; 32; 9; 19; 151; 3; 21; 0; 1; 186
1983;04; 0; 4; 8; 1; 0; 310; 272; 22; 1; 0; 0; 1; 0; 1; 7; 17; 48; 3; 58; 19; 4; 321; 23; 1; 227; 31; 8; 1; 0; 0; 9999
1983;05; 0; 0; 5; 1; 1; 0; 11; 1; 21; 0; 0; 1; 68; 191; 30; 1; 0; 181; 1; 291; 2; 2; 1; 206; 2; 37; 2; 81; 431; 148; 186
1983;06; 2; 28; 152; 54; 155; 401; 322; 3; 531; 456; 131; 344; 3; 2; 1; 0; 2; 1; 2; 1; 2; 0; 1; 2; 152; 81; 2; 32; 43; 1; 9999
1983;07; 3; 1; 0; 2; 1; 2; 83; 1; 1; 4; 1; 0; 1; 2; 1; 1; 1; 54; 2; 1; 77; 2; 2; 1; 1; 8; 31; 1; 1; 1; 0
1983;08; 0; 28; 12; 103; 28; 1; 1; 1; 1; 8; 3; 1; 0; 1; 0; 1; 1; 4; 0; 0; 1; 7; 0; 0; 0; 0; 1; 0; 1; 1; 1
1983;09; 0; 25; 11; 266; 21; 43; 1; 247; 22; 1; 1; 125; 159; 3; 3; 205; 1; 191; 432; 15; 1; 1; 455; 216; 6; 8; 1; 1; 0; 1; 9999
1983;10; 0; 8; 7; 7; 0; 2; 0; 0; 1; 0; 0; 37; 4; 11; 247; 1; 2; 254; 68; 4; 5; 253; 26; 13; 14; 0; 0; 18; 0; 0; 0
1983;11; 183; 52; 105; 22; 100; 137; 0; 1; 2; 0; 69; 205; 9; 0; 0; 92; 1; 0; 0; 75; 1; 87; 1; 0; 1; 0; 0; 1; 1; 1; 9999
1983;12; 0; 1; 21; 177; 1; 15; 11; 0; 1; 0; 168; 213; 1; 355; 4; 14; 1; 2; 95; 67; 68; 157; 229; 41; 1; 2; 39; 187; 63; 814; 36
1984;01; 1; 2; 1; 0; 0; 188; 0; 1; 0; 4; 0; 0; 0; 0; 0; 0; 0; 0; 49; 401; 202; 394; 145; 1; 5; 183; 54; 4; 167; 0; 2
1984;02; 0; 0; 0; 0; 0; 7; 35; 824; 15; 0; 0; 1; 0; 0; 0; 0; 0; 0; 22; 0; 0; 0; 0; 0; 0; 0; 2; 0; 0; 9999; 9999
1984;03; 0; 0; 0; 0; 21; 0; 0; 402; 11; 1; 0; 0; 5; 37; 0; 0; 0; 0; 0; 0; 197; 113; 24; 1; 2; 0; 1; 18; 0; 757; 25
1984;04; 1; 1; 5; 245; 183; 1; 0; 9; 0; 31; 46; 1; 0; 1; 0; 0; 0; 1; 34; 1; 1; 0; 0; 105; 83; 2; 2; 0; 2; 4; 9999
1984;05; 1; 142; 6; 1; 0; 0; 1; 0; 0; 0; 1; 488; 94; 72; 114; 2; 1; 185; 1; 2; 1; 1; 0; 2; 1; 0; 0; 1; 1; 2; 11
1984;06; 1; 1; 0; 1; 1; 0; 1; 1; 0; 1; 0; 1; 0; 94; 134; 1; 1; 14; 1; 1; 1; 1; 1; 0; 0; 1; 0; 1; 1; 1; 9999
1984;07; 0; 1; 1; 232; 1; 1; 1; 72; 4; 1; 2; 1; 1; 4; 10; 2; 0; 1; 0; 1; 0; 1; 1; 1; 1; 11; 5; 65; 2; 28; 4
1984;08; 1; 0; 345; 2; 1; 0; 0; 1; 1; 0; 1; 1; 1; 2; 15; 153; 198; 55; 13; 1; 1; 37; 101; 2; 85; 83; 2; 1; 2; 29; 5
1984;09; 2; 1; 1; 1; 1; 0; 12; 352; 131; 1; 21; 1; 1; 1; 0; 1; 2; 31; 1; 352; 301; 1; 1; 1; 1; 78; 267; 1; 1; 1; 9999
1984;10; 1; 0; 1; 1; 0; 1; 4; 6; 7; 24; 1; 1; 0; 0; 0; 0; 0; 121; 32; 1; 1; 0; 0; 0; 11; 1; 0; 0; 0; 0; 5
1984;11; 1; 8; 55; 2; 2; 0; 0; 1; 0; 0; 0; 124; 12; 1; 5; 0; 0; 47; 65; 1; 47; 0; 0; 1; 443; 297; 15; 1; 0; 0; 9999
1984;12; 0; 162; 389; 14; 1; 1; 301; 67; 1; 0; 0; 0; 157; 202; 189; 6; 1; 189; 2; 1; 0; 1; 1; 0; 1; 1; 0; 6; 4; 257; 154
1985;01; 169; 25; 1; 0; 1; 0; 81; 121; 252; 1; 1; 0; 0; 9; 35; 437; 385; 201; 10; 32; 37; 179; 118; 0; 0; 12; 21; 11; 23; 2; 9
1985;02; 0; 56; 1; 1; 29; 1; 1; 0; 11; 0; 103; 1; 14; 225; 168; 19; 124; 1; 16; 1; 1; 6; 301; 1; 1; 1; 0; 302; 9999; 9999; 9999
1985;03; 11; 1; 52; 1; 51; 1; 1; 11; 1; 0; 172; 1; 0; 0; 0; 441; 64; 211; 0; 1; 0; 587; 10; 0; 0; 0; 5; 19; 0; 314; 5
1985;04; 48; 1; 0; 0; 15; 56; 14; 1; 168; 1; 7; 17; 25; 13; 1; 89; 2; 0; 7; 5; 1; 1; 1; 1; 0; 0; 0; 1; 64; 32; 9999
1985;05; 352; 11; 1; 1; 2; 1; 0; 1; 1; 0; 15; 1; 1; 1; 1; 1; 0; 1; 0; 0; 132; 81; 1; 1; 1; 1; 1; 1; 1; 105; 119
1985;06; 1; 1; 8; 164; 2; 1; 1; 2; 208; 321; 71; 9; 1; 1; 1; 1; 1; 1; 8; 1; 1; 1; 1; 1; 1; 0; 1; 1; 1; 1; 9999
1985;07; 1; 0; 1; 0; 0; 0; 1; 1; 1; 1; 0; 0; 2; 1; 1; 1; 1; 1; 1; 0; 1; 1; 0; 1; 1; 1; 0; 1; 1; 1; 1
1985;08; 1; 1; 0; 1; 0; 0; 0; 0; 1; 1; 0; 21; 1; 9; 1; 1; 1; 0; 0; 1; 0; 0; 4; 1; 1; 0; 1; 1; 1; 1; 86
1985;09; 247; 59; 9; 274; 2; 34; 19; 2; 0; 0; 1; 1; 0; 0; 0; 1; 1; 1; 2; 4; 45; 1; 4; 1; 0; 0; 1; 1; 95; 21; 9999
1985;10; 27; 1; 1; 1; 0; 0; 2; 7; 0; 32; 0; 0; 1; 1; 1; 1; 0; 0; 1; 0; 0; 47; 0; 1; 75; 0; 1; 1; 73; 1; 1
1985;11; 1; 100; 331; 87; 123; 12; 1; 1; 1; 1; 0; 1; 0; 0; 1; 0; 0; 0; 0; 1; 1; 0; 141; 279; 303; 11; 1; 2; 32; 1; 9999
1985;12; 1; 0; 0; 53; 35; 25; 1; 1; 1; 0; 0; 12; 0; 0; 101; 0; 0; 0; 0; 1; 1; 0; 1; 0; 25; 0; 205; 1; 32; 1; 1
1986;01; 1; 0; 0; 1; 105; 1; 1; 0; 0; 141; 412; 51; 1; 1; 0; 0; 0; 0; 6; 200; 201; 58; 144; 231; 1; 1; 0; 0; 0; 0; 0
1986;02; 0; 1; 425; 8; 1; 1; 1; 0; 201; 27; 3; 94; 127; 62; 121; 57; 1; 1; 1; 151; 482; 655; 49; 149; 1; 15; 310; 352; 9999; 9999; 9999
1986;03; 282; 544; 2; 1; 184; 241; 121; 392; 4; 12; 28; 5; 32; 1; 1; 104; 23; 73; 241; 31; 2; 1; 1; 16; 0; 1; 31; 1; 1; 254; 1
1986;04; 1; 1; 1; 0; 1; 1; 0; 331; 1; 1; 0; 1; 1; 0; 247; 173; 53; 10; 1; 1; 1; 1; 1; 23; 3; 1; 67; 49; 31; 3; 9999
1986;05; 1; 1; 1; 0; 1; 1; 25; 47; 89; 112; 1; 1; 74; 82; 21; 1; 1; 13; 164; 1; 2; 1; 1; 1; 1; 11; 23; 1; 1; 1; 39
1986;06; 4; 2; 1; 1; 1; 1; 0; 34; 6; 1; 1; 0; 1; 2; 1; 1; 0; 1; 1; 1; 1; 1; 2; 0; 1; 1; 76; 1; 2; 1; 9999
1986;07; 1; 149; 13; 8; 3; 72; 127; 12; 31; 112; 38; 2; 1; 2; 1; 1; 2; 1; 1; 1; 82; 14; 76; 2; 1; 1; 1; 1; 1; 2; 201
1986;08; 71; 1; 2; 1; 0; 1; 0; 1; 1; 0; 1; 74; 31; 53; 3; 12; 2; 2; 1; 1; 122; 81; 370; 1; 1; 1; 1; 1; 1; 1; 7
1986;09; 2; 1; 1; 1; 332; 13; 11; 3; 1; 1; 1; 1; 1; 1; 0; 1; 1; 1; 17; 67; 38; 58; 23; 1; 67; 168; 21; 1; 31; 1; 9999
1986;10; 1; 0; 1; 1; 1; 0; 0; 0; 1; 139; 18; 10; 1; 9; 1; 1; 1; 1; 103; 35; 51; 23; 175; 1; 1; 1; 0; 1; 1; 1; 0
1986;11; 0; 0; 6; 0; 0; 219; 5; 1; 21; 1; 254; 127; 6; 13; 1; 1; 0; 0; 0; 0; 0; 0; 0; 0; 1; 58; 45; 8; 67; 131; 9999
1986;12; 64; 284; 131; 568; 47; 1; 1; 46; 31; 1; 1; 1; 1; 1; 25; 1; 13; 379; 134; 122; 17; 1; 259; 145; 37; 1; 1; 1; 146; 102; 39
1987;01; 1; 1; 45; 95; 1; 1; 0; 0; 0; 23; 154; 405; 131; 1; 1; 94; 101; 17; 168; 19; 1; 1; 465; 41; 52; 56; 119; 31; 143; 32; 24
1987;02; 58; 49; 136; 24; 73; 4; 102; 61; 12; 128; 3; 146; 31; 302; 15; 49; 1; 541; 17; 201; 17; 1; 1; 0; 1; 1; 30; 0; 9999; 9999; 9999
1987;03; 0; 1; 1; 0; 1; 1; 1; 11; 23; 186; 31; 1; 1; 1; 1; 1; 0; 15; 1; 1; 1; 0; 1; 0; 1; 1; 51; 293; 1; 1; 0
1987;04; 0; 1; 42; 13; 43; 18; 1; 1; 1; 209; 55; 1; 1; 1; 2; 1; 1; 0; 1; 1; 52; 133; 1; 1; 144; 67; 3; 48; 21; 1; 9999
1987;05; 1; 1; 1; 1; 437; 109; 41; 119; 171; 1; 1; 1; 1; 0; 62; 574; 9; 47; 46; 499; 401; 12; 1; 1; 1; 1; 1; 9; 82; 1; 1
1987;06; 1; 1; 1; 1; 1; 1; 195; 11; 34; 1; 1; 1; 25; 337; 739; 643; 1; 1; 1; 2; 2; 1; 172; 2; 1; 1; 1; 1; 1; 1; 9999
1987;07; 1; 1; 0; 1; 1; 1; 1; 1; 11; 0; 1; 1; 1; 1; 1; 1; 1; 1; 0; 1; 1; 8; 1; 1; 1; 1; 1; 1; 1; 1; 41
1987;08; 106; 11; 1; 1; 1; 1; 64; 1; 1; 1; 1; 1; 1; 1; 0; 1; 79; 21; 1; 1; 1; 98; 16; 1; 1; 1; 0; 1; 1; 0; 146
1987;09; 1; 1; 38; 1; 1; 114; 11; 1; 1; 1; 1; 85; 24; 3; 1; 1; 59; 26; 102; 2; 34; 96; 25; 26; 2; 1; 1; 158; 1; 102; 9999
1987;10; 2; 51; 11; 7; 1; 163; 1; 1; 0; 0; 0; 1; 1; 4; 26; 2; 0; 15; 184; 119; 12; 88; 0; 1; 38; 191; 1; 0; 48; 1; 1
1987;11; 1; 1; 0; 0; 0; 1; 0; 0; 13; 0; 6; 1; 8; 1; 49; 39; 21; 1; 0; 1; 1; 22; 37; 2; 14; 9; 0; 1; 0; 0; 9999
1987;12; 1; 0; 0; 16; 108; 113; 2; 0; 268; 79; 0; 1; 75; 4; 1; 1; 0; 186; 205; 1; 0; 283; 8; 16; 7; 1; 1; 0; 7; 77; 0
1988;01; 599; 1; 1; 0; 0; 39; 45; 15; 1; 14; 0; 0; 3; 0; 91; 55; 1; 1; 0; 15; 0; 21; 337; 314; 17; 1; 1; 458; 71; 70; 9
1988;02; 407; 54; 13; 31; 34; 131; 14; 381; 111; 31; 126; 6; 1; 13; 35; 1; 28; 1; 1; 35; 355; 17; 19; 1; 1; 0; 1; 311; 35; 9999; 9999
1988;03; 261; 101; 229; 64; 6; 0; 0; 1; 257; 1; 0; 0; 1; 0; 0; 0; 3; 367; 27; 1; 0; 1; 1; 1; 0; 0; 0; 1; 1; 0; 1
1988;04; 37; 66; 173; 1; 13; 3; 1; 154; 1; 4; 1; 0; 62; 141; 1; 1; 41; 8; 2; 1; 35; 1; 135; 16; 1; 2; 0; 3; 1; 19; 9999
1988;05; 3; 1; 5; 83; 318; 53; 16; 2; 1; 1; 0; 1; 32; 29; 1; 73; 59; 74; 8; 1; 6; 28; 355; 358; 31; 1; 1; 2; 131; 341; 1
1988;06; 14; 1; 1; 82; 9; 2; 2; 1; 2; 0; 1; 12; 1; 232; 49; 1; 1; 3; 4; 3; 86; 5; 2; 1; 89; 3; 0; 0; 3; 0; 9999
1988;07; 1; 2; 1; 1; 0; 6; 2; 18; 14; 12; 17; 9; 49; 7; 2; 0; 0; 2; 1; 0; 0; 0; 0; 0; 1; 1; 2; 2; 0; 0; 0
1988;08; 2; 3; 1; 0; 1; 0; 0; 0; 0; 1; 41; 14; 2; 1; 3; 1; 4; 12; 7; 0; 0; 2; 2; 1; 0; 1; 3; 8; 3; 2; 0
1988;09; 3; 4; 2; 36; 25; 1; 0; 1; 0; 4; 2; 1; 5; 14; 116; 36; 100; 450; 142; 5; 2; 2; 0; 3; 5; 2; 2; 13; 22; 46; 9999
1988;10; 32; 2; 0; 89; 17; 4; 0; 1; 0; 1; 4; 43; 1; 32; 0; 0; 4; 2; 5; 462; 1; 3; 34; 3; 1; 372; 166; 25; 4; 2; 1
1988;11; 212; 2; 2; 7; 1; 5; 26; 32; 2; 0; 0; 1; 138; 0; 148; 257; 1; 0; 0; 142; 0; 1; 0; 0; 0; 1; 0; 0; 0; 0; 9999
1988;12; 0; 5; 0; 0; 0; 0; 0; 0; 0; 0; 1; 0; 0; 84; 63; 0; 0; 0; 0; 162; 1037; 15; 4; 115; 9; 2; 90; 139; 136; 166; 234
1989;01; 136; 43; 49; 1; 192; 327; 107; 290; 168; 73; 90; 8; 75; 105; 42; 170; 1; 1; 5; 0; 61; 455; 138; 28; 48; 33; 5; 132; 0; 38; 48
1989;02; 0; 39; 35; 346; 924; 33; 1; 1; 58; 48; 274; 141; 137; 87; 1231; 6; 1; 534; 0; 105; 10; 0; 54; 110; 85; 63; 0; 3; 9999; 9999; 9999
1989;03; 148; 52; 269; 0; 0; 0; 26; 104; 245; 16; 0; 2; 61; 106; 80; 2; 0; 203; 77; 53; 7; 3; 155; 0; 0; 159; 5; 97; 0; 0; 160
1989;04; 2; 305; 10; 0; 0; 1; 0; 3; 0; 1; 0; 159; 4; 1; 2; 0; 0; 9; 272; 68; 5; 0; 0; 1; 0; 3; 2; 0; 1; 21; 9999
1989;05; 1; 169; 5; 22; 128; 21; 224; 213; 97; 103; 3; 1; 6; 0; 1; 0; 2; 2; 3; 1; 0; 0; 1; 2; 138; 7; 48; 139; 13; 2; 0
1989;06; 1; 2; 1; 3; 0; 0; 1; 48; 2; 7; 110; 257; 35; 2; 3; 7; 46; 1; 0; 0; 1; 2; 1; 0; 13; 30; 21; 0; 2; 1; 9999
1989;07; 2; 4; 1; 0; 0; 24; 12; 28; 36; 9; 2; 0; 3; 2; 2; 1; 0; 0; 1; 1; 2; 1; 5; 0; 24; 223; 534; 384; 1; 454; 459
1989;08; 2; 0; 1; 0; 0; 8; 3; 1; 1; 0; 2; 8; 27; 1; 0; 2; 2; 1; 0; 0; 1; 60; 114; 0; 0; 174; 9; 21; 7; 0; 2
1989;09; 5; 74; 2; 27; 1; 5; 48; 7; 7; 105; 63; 1; 106; 269; 1; 0; 1; 2; 0; 0; 0; 1; 0; 4; 207; 5; 79; 125; 95; 14; 9999
1989;10; 64; 15; 2; 146; 0; 0; 1; 0; 1; 1; 15; 103; 0; 43; 73; 13; 0; 0; 10; 13; 3; 15; 2; 4; 2; 0; 238; 15; 0; 0; 0
1989;11; 1; 0; 0; 1; 1; 0; 1; 1; 10; 5; 1; 89; 262; 0; 0; 1; 0; 28; 15; 14; 15; 37; 0; 98; 114; 0; 1; 79; 73; 7; 9999
1989;12; 4; 28; 0; 1; 0; 6; 0; 0; 1; 0; 29; 0; 0; 1; 7; 111; 0; 0; 158; 69; 2; 0; 0; 0; 0; 2; 74; 84; 166; 188; 67
1990;01; 6; 496; 293; 35; 186; 267; 363; 1; 228; 630; 166; 59; 93; 1; 145; 140; 155; 47; 81; 17; 0; 61; 218; 63; 0; 0; 0; 5; 0; 1; 5
1990;02; 0; 0; 0; 0; 0; 1; 0; 0; 66; 296; 2; 0; 0; 478; 2; 208; 2; 256; 0; 0; 0; 0; 263; 184; 85; 2; 27; 0; 9999; 9999; 9999
1990;03; 158; 0; 415; 18; 0; 29; 72; 5; 26; 4; 251; 1; 0; 1; 0; 0; 0; 25; 261; 10; 32; 1090; 91; 45; 2; 0; 0; 9; 217; 0; 0
1990;04; 0; 0; 0; 0; 0; 1; 377; 2; 272; 0; 2; 1; 0; 1; 0; 0; 0; 0; 113; 81; 68; 0; 2; 2; 1; 1; 2; 0; 2; 36; 9999
1990;05; 29; 6; 3; 1; 2; 5; 3; 2; 2; 1; 149; 69; 2; 0; 0; 59; 91; 233; 0; 0; 2; 1; 4; 2; 1; 5; 2; 0; 0; 0; 1
1990;06; 0; 2; 0; 1; 2; 0; 234; 2; 1; 5; 9; 3; 0; 2; 284; 4; 1; 2; 0; 2; 157; 2; 2; 2; 2; 3; 0; 0; 1; 0; 9999
1990;07; 0; 2; 0; 0; 350; 19; 2; 19; 0; 22; 79; 1; 2; 1; 1; 5; 187; 5; 124; 38; 80; 245; 68; 59; 63; 15; 2; 83; 2; 2; 1
1990;08; 13; 2; 0; 1; 0; 2; 1; 0; 0; 0; 1; 0; 2; 2; 2; 1; 115; 34; 47; 257; 3; 3; 2; 21; 10; 0; 1; 70; 0; 0; 1
1990;09; 0; 0; 7; 0; 59; 1; 0; 118; 1; 0; 0; 0; 308; 312; 29; 0; 3; 0; 0; 1; 0; 0; 18; 39; 0; 3; 1; 0; 0; 55; 9999
1990;10; 1; 3; 4; 1; 0; 0; 0; 0; 0; 0; 0; 0; 198; 7; 96; 44; 106; 110; 91; 15; 5; 3; 4; 1; 33; 6; 5; 0; 1; 0; 0
1990;11; 0; 64; 15; 1; 120; 56; 36; 269; 154; 0; 0; 0; 2; 0; 2; 0; 3; 10; 124; 465; 0; 0; 1; 0; 0; 0; 1; 1; 3; 2; 9999
1990;12; 0; 1; 0; 2; 11; 0; 1; 6; 2; 0; 43; 0; 9; 137; 65; 0; 0; 5; 0; 410; 0; 1; 0; 0; 1; 4; 55; 2; 365; 5; 0
1991;01; 0; 5; 2; 160; 22; 5; 32; 0; 0; 2; 3; 24; 25; 0; 160; 607; 202; 32; 0; 2; 0; 0; 753; 0; 12; 210; 145; 0; 0; 357; 48
1991;02; 24; 342; 15; 82; 186; 214; 713; 349; 439; 87; 23; 57; 408; 0; 149; 7; 0; 8; 379; 0; 0; 1; 2; 1; 0; 1; 0; 10; 9999; 9999; 9999
1991;03; 47; 58; 15; 13; 428; 190; 263; 38; 2; 0; 82; 103; 50; 0; 0; 2; 0; 0; 251; 0; 64; 112; 19; 2; 15; 0; 173; 41; 85; 1; 31
1991;04; 19; 13; 3; 0; 43; 0; 0; 0; 0; 0; 0; 1; 0; 9; 0; 19; 0; 0; 158; 8; 0; 0; 0; 424; 0; 0; 0; 0; 2; 41; 9999
1991;05; 32; 0; 0; 0; 0; 64; 121; 6; 8; 7; 0; 0; 2; 0; 183; 0; 0; 72; 0; 5; 0; 1; 8; 1; 8; 1; 2; 2; 0; 2; 0
1991;06; 3; 0; 1; 2; 0; 2; 57; 127; 199; 79; 2; 3; 2; 2; 0; 1; 0; 0; 1; 12; 331; 16; 110; 28; 171; 2; 2; 3; 213; 2; 9999
1991;07; 2; 2; 4; 1; 3; 1; 0; 2; 2; 3; 109; 6; 28; 4; 2; 29; 3; 2; 0; 3; 1; 0; 0; 3; 4; 0; 0; 1; 2; 1; 0
1991;08; 0; 88; 2; 0; 0; 2; 0; 149; 26; 0; 3; 1; 6; 13; 0; 1; 0; 0; 4; 0; 0; 0; 0; 0; 2; 1; 3; 0; 0; 0; 0
1991;09; 28; 51; 9; 0; 2; 1; 0; 0; 0; 0; 0; 0; 0; 0; 0; 0; 3; 2; 38; 76; 1; 2; 0; 17; 3; 24; 15; 1; 23; 170; 9999
1991;10; 252; 3; 27; 29; 11; 346; 253; 65; 39; 143; 27; 0; 0; 0; 0; 0; 0; 98; 3; 0; 22; 3; 3; 0; 0; 14; 0; 0; 0; 1; 0
1991;11; 11; 56; 60; 177; 47; 0; 1; 0; 9; 31; 0; 0; 9; 5; 153; 0; 0; 0; 0; 0; 2; 0; 0; 1; 0; 0; 0; 0; 2; 0; 9999
1991;12; 108; 98; 3; 2; 0; 43; 271; 17; 0; 4; 98; 17; 0; 0; 0; 76; 77; 186; 3; 188; 0; 35; 5; 236; 0; 0; 5; 83; 4; 1; 141
1992;01; 1; 0; 0; 0; 2; 26; 1; 0; 5; 33; 0; 0; 5; 0; 0; 26; 41; 24; 5; 2; 0; 63; 51; 4; 0; 11; 91; 240; 1; 8; 1
1992;02; 35; 9; 4; 1; 7; 2; 0; 210; 200; 62; 0; 0; 0; 0; 0; 1; 0; 0; 0; 0; 1; 0; 32; 0; 90; 51; 2; 35; 6; 9999; 9999
1992;03; 2; 75; 287; 404; 139; 5; 0; 8; 2; 8; 3; 160; 20; 0; 0; 1; 97; 162; 48; 2; 0; 0; 6; 168; 58; 79; 0; 2; 0; 107; 283
1992;04; 60; 277; 2; 2; 0; 0; 6; 7; 6; 0; 0; 0; 14; 49; 2; 4; 2; 2; 0; 68; 4; 3; 0; 0; 0; 69; 319; 7; 2; 24; 9999
1992;05; 1; 43; 22; 483; 60; 22; 26; 2; 0; 0; 1; 3; 51; 4; 2; 1; 3; 5; 98; 38; 2; 2; 110; 16; 49; 2; 2; 0; 0; 6; 18
1992;06; 19; 34; 1; 0; 3; 0; 0; 0; 0; 0; 9; 0; 0; 1; 0; 1; 2; 2; 2; 0; 2; 1; 3; 1; 3; 3; 1; 0; 67; 5; 9999
1992;07; 24; 3; 5; 51; 2; 0; 168; 7; 20; 0; 2; 1; 2; 2; 0; 14; 23; 99; 2; 3; 0; 0; 52; 3; 11; 0; 5; 0; 0; 3; 2
1992;08; 0; 48; 0; 9; 1; 40; 0; 0; 7; 5; 0; 14; 8; 2; 0; 1; 0; 17; 46; 2; 1; 14; 191; 43; 3; 4; 1; 0; 0; 3; 0
1992;09; 54; 55; 27; 9; 89; 19; 102; 0; 2; 7; 6; 20; 59; 0; 56; 300; 1; 2; 188; 5; 3; 0; 0; 10; 0; 138; 17; 14; 11; 2; 9999
1992;10; 1; 35; 14; 3; 4; 6; 17; 6; 188; 2; 0; 417; 219; 1; 0; 0; 9; 3; 1; 4; 52; 0; 0; 3; 0; 0; 12; 69; 86; 19; 9
1992;11; 0; 2; 0; 59; 19; 4; 39; 14; 3; 0; 0; 0; 0; 0; 0; 140; 33; 85; 5; 0; 2; 178; 192; 3; 56; 226; 31; 3; 1; 0; 9999
1992;12; 373; 195; 9; 2; 0; 0; 0; 9; 0; 3; 78; 92; 6; 4; 0; 1; 0; 159; 9; 0; 30; 0; 0; 0; 0; 2; 1; 3; 0; 0; 12
1993;01; 0; 0; 5; 0; 29; 24; 0; 64; 0; 253; 269; 255; 26; 219; 0; 2; 59; 134; 275; 2; 94; 10; 2; 11; 9; 185; 26; 76; 0; 6; 0
1993;02; 331; 1; 532; 33; 2; 1; 0; 72; 156; 192; 71; 273; 3; 12; 204; 0; 828; 64; 5; 45; 9; 142; 144; 24; 20; 2; 0; 0; 9999; 9999; 9999
1993;03; 2; 0; 0; 313; 902; 10; 0; 1; 0; 1; 1; 20; 1; 0; 1; 0; 46; 21; 576; 12; 122; 14; 20; 129; 96; 52; 2; 0; 0; 112; 0
1993;04; 2; 131; 60; 73; 2; 2; 0; 0; 97; 1; 0; 1; 0; 2; 1; 0; 0; 2; 2; 1; 2; 681; 164; 351; 84; 3; 0; 0; 2; 4; 9999
1993;05; 0; 2; 2; 5; 8; 181; 8; 2; 2; 2; 1; 0; 2; 215; 38; 5; 30; 8; 5; 3; 3; 2; 3; 5; 2; 1; 2; 74; 55; 18; 159
1993;06; 150; 0; 2; 3; 143; 69; 2; 1; 0; 72; 366; 75; 19; 14; 3; 2; 0; 137; 195; 2; 3; 3; 2; 11; 2; 2; 2; 5; 7; 2; 9999
1993;07; 1; 0; 2; 2; 1; 0; 0; 29; 0; 0; 2; 5; 0; 56; 15; 2; 8; 9; 5; 4; 2; 4; 1; 2; 0; 2; 0; 4; 0; 275; 237
1993;08; 2; 13; 3; 0; 5; 3; 3; 0; 2; 0; 5; 3; 1; 0; 0; 1; 2; 10; 5; 0; 2; 0; 5; 187; 119; 3; 1; 5; 0; 0; 0
1993;09; 0; 0; 10; 78; 1; 0; 3; 109; 20; 37; 29; 4; 1; 7; 46; 49; 0; 0; 0; 0; 29; 510; 96; 237; 113; 49; 174; 39; 2; 40; 9999
1993;10; 220; 0; 0; 84; 54; 85; 13; 7; 2; 0; 0; 0; 0; 0; 0; 2; 1; 0; 3; 2; 5; 0; 176; 18; 50; 10; 166; 10; 13; 0; 0
1993;11; 0; 7; 31; 0; 0; 3; 209; 56; 14; 2; 0; 2; 3; 0; 0; 0; 3; 84; 178; 0; 2; 2; 0; 65; 42; 17; 22; 0; 0; 0; 9999
1993;12; 6; 13; 3; 0; 0; 0; 2; 66; 42; 2; 210; 18; 2; 0; 0; 0; 204; 38; 3; 0; 183; 5; 10; 0; 0; 62; 0; 0; 7; 42; 67
1994;01; 1; 1; 0; 168; 49; 2; 2; 5; 120; 139; 2; 1; 2; 2; 0; 9; 0; 20; 17; 173; 50; 208; 175; 2; 5; 45; 193; 610; 445; 13; 2
1994;02; 310; 57; 0; 37; 30; 489; 59; 1118; 5; 0; 207; 1; 193; 12; 256; 262; 30; 0; 8; 43; 3; 139; 0; 6; 240; 15; 48; 445; 9999; 9999; 9999
1994;03; 18; 462; 8; 7; 86; 93; 216; 651; 58; 10; 55; 0; 20; 310; 1; 46; 2; 0; 120; 11; 54; 44; 2; 0; 80; 381; 125; 2; 1; 4; 45
1994;04; 24; 30; 2; 2; 0; 2; 8; 25; 189; 4; 2; 5; 2; 455; 12; 0; 2; 10; 83; 135; 8; 160; 32; 100; 5; 2; 0; 0; 0; 2; 9999
1994;05; 2; 1; 2; 0; 0; 2; 1; 5; 2; 2; 10; 60; 12; 2; 39; 29; 3; 0; 3; 5; 0; 2; 5; 12; 2; 1; 1; 21; 69; 97; 12
1994;06; 3; 1; 2; 3; 69; 3; 3; 35; 3; 1; 2; 5; 3; 3; 1; 1; 0; 1; 1; 0; 8; 18; 10; 0; 135; 35; 3; 6; 5; 3; 9999
1994;07; 3; 0; 1; 13; 47; 40; 1; 45; 4; 2; 5; 0; 0; 3; 0; 0; 2; 2; 0; 0; 0; 2; 295; 2; 2; 0; 0; 1; 0; 0; 3
1994;08; 1; 0; 2; 2; 0; 0; 0; 7; 0; 5; 2; 0; 1; 0; 0; 2; 10; 3; 11; 3; 1; 5; 3; 5; 7; 0; 3; 5; 19; 3; 3
1994;09; 0; 3; 7; 5; 20; 3; 0; 2; 7; 3; 0; 0; 0; 0; 2; 46; 0; 0; 3; 0; 0; 0; 0; 0; 0; 0; 25; 8; 99; 0; 9999
1994;10; 0; 5; 69; 126; 5; 18; 0; 3; 1; 1; 0; 35; 3; 15; 1; 5; 0; 183; 448; 2; 27; 90; 9; 3; 56; 49; 66; 42; 63; 3; 2
1994;11; 0; 63; 1; 0; 0; 0; 3; 0; 2; 71; 2; 0; 86; 51; 0; 2; 9; 570; 91; 5; 0; 0; 2; 1; 0; 0; 0; 250; 19; 0; 9999
1994;12; 0; 0; 0; 1; 123; 290; 50; 0; 0; 0; 0; 0; 0; 0; 0; 0; 3; 89; 87; 8; 300; 126; 2; 0; 0; 0; 0; 123; 16; 0; 55
1995;01; 2; 29; 45; 850; 5; 69; 693; 59; 182; 119; 542; 273; 207; 85; 49; 201; 8; 0; 15; 87; 0; 139; 82; 100; 0; 0; 87; 356; 723; 1; 3
1995;02; 0; 3; 390; 93; 90; 75; 197; 10; 151; 108; 3; 40; 16; 833; 35; 355; 5; 8; 305; 25; 29; 32; 0; 0; 1; 0; 0; 0; 9999; 9999; 9999
1995;03; 215; 5; 243; 25; 28; 132; 31; 0; 1; 622; 371; 0; 0; 36; 55; 5; 0; 0; 2; 1; 8; 12; 0; 325; 121; 59; 3; 5; 2; 620; 24
1995;04; 18; 3; 5; 36; 10; 2; 0; 0; 0; 495; 2; 110; 2; 2; 0; 3; 0; 0; 1; 345; 190; 59; 7; 1; 1; 3; 3; 0; 5; 2; 9999
1995;05; 2; 3; 0; 3; 1; 25; 33; 40; 0; 73; 69; 2; 2; 0; 3; 1; 190; 59; 21; 0; 12; 5; 3; 3; 1; 59; 7; 3; 1; 3; 3
1995;06; 2; 3; 3; 1; 5; 5; 3; 1; 5; 3; 2; 7; 5; 1; 3; 0; 9; 98; 47; 81; 0; 1; 3; 0; 24; 181; 5; 3; 53; 46; 9999
1995;07; 60; 5; 1; 7; 6; 2; 3; 75; 52; 61; 3; 1; 1; 0; 0; 2; 1; 5; 3; 0; 35; 332; 49; 2; 0; 1; 0; 0; 1; 3; 0
1995;08; 2; 1; 0; 3; 268; 60; 20; 3; 0; 3; 2; 0; 0; 0; 0; 2; 0; 3; 8; 43; 23; 18; 1; 3; 3; 1; 1; 0; 0; 5; 1
1995;09; 1; 0; 8; 23; 3; 3; 1; 0; 0; 0; 0; 1; 5; 2; 5; 45; 3; 51; 0; 17; 41; 31; 3; 397; 41; 19; 159; 82; 5; 0; 9999
1995;10; 3; 0; 20; 1; 1; 72; 7; 0; 0; 3; 0; 0; 0; 201; 2; 381; 128; 110; 85; 354; 118; 89; 0; 0; 0; 1; 1; 15; 123; 11; 50
1995;11; 20; 58; 7; 305; 3; 0; 0; 0; 1; 1; 10; 170; 115; 20; 5; 49; 3; 20; 3; 10; 2; 0; 3; 1; 0; 0; 2; 0; 1; 0; 9999
1995;12; 0; 0; 0; 1; 0; 53; 10; 5; 33; 9; 0; 0; 184; 97; 5; 0; 0; 0; 0; 0; 0; 0; 0; 62; 83; 41; 157; 48; 130; 384; 580
1996;01; 5; 2; 121; 86; 2; 132; 189; 7; 15; 0; 320; 18; 9; 0; 170; 67; 42; 217; 279; 15; 39; 86; 289; 45; 5; 619; 0; 8; 0; 0; 48
1996;02; 38; 289; 1958; 669; 0; 139; 360; 416; 160; 370; 234; 165; 30; 5; 125; 301; 209; 12; 90; 148; 0; 1; 0; 0; 0; 15; 8; 63; 56; 9999; 9999
1996;03; 281; 1339; 220; 27; 31; 1; 200; 218; 33; 9; 5; 2; 0; 2; 115; 393; 25; 1; 0; 56; 141; 93; 100; 85; 3; 0; 1; 121; 2; 0; 0
1996;04; 0; 21; 0; 0; 23; 3; 0; 605; 61; 3; 286; 21; 19; 108; 3; 0; 204; 3; 8; 75; 3; 5; 3; 3; 4; 0; 52; 3; 16; 9; 9999
1996;05; 25; 18; 53; 13; 8; 3; 2; 25; 5; 21; 30; 8; 3; 4; 2; 90; 2; 0; 0; 2; 2; 5; 37; 56; 18; 5; 3; 3; 2; 0; 0
1996;06; 2; 199; 5; 29; 2; 255; 2; 3; 25; 0; 2; 3; 3; 2; 2; 0; 93; 0; 0; 0; 2; 5; 21; 28; 42; 29; 3; 152; 24; 32; 9999
1996;07; 35; 9; 5; 13; 18; 10; 5; 53; 24; 132; 48; 1; 0; 3; 15; 3; 5; 3; 15; 1; 0; 2; 92; 1; 0; 0; 112; 61; 12; 0; 0
1996;08; 0; 0; 1; 0; 0; 1; 3; 1; 2; 149; 7; 12; 3; 169; 2; 0; 0; 0; 1; 0; 9; 3; 0; 0; 1; 3; 0; 1; 11; 18; 0
1996;09; 55; 3; 20; 163; 1; 0; 0; 21; 260; 304; 303; 119; 25; 3; 2; 0; 9; 26; 0; 0; 1; 3; 1; 5; 77; 20; 24; 53; 39; 3; 9999
1996;10; 0; 0; 293; 312; 0; 3; 106; 3; 26; 5; 26; 9; 51; 98; 12; 5; 0; 0; 0; 172; 27; 71; 3; 0; 0; 33; 163; 23; 1; 0; 0
1996;11; 2; 1; 5; 240; 3; 0; 0; 0; 0; 0; 5; 51; 0; 3; 0; 105; 43; 0; 0; 137; 10; 1; 0; 0; 0; 0; 0; 0; 0; 0; 9999
1996;12; 5; 16; 268; 243; 61; 638; 120; 7; 0; 0; 0; 3; 0; 5; 0; 0; 0; 266; 5; 78; 401; 188; 160; 55; 0; 0; 0; 104; 387; 135; 1
1997;01; 0; 5; 0; 0; 0; 0; 0; 0; 110; 192; 355; 3; 13; 9; 154; 144; 110; 4; 1; 4; 318; 265; 540; 166; 292; 501; 17; 436; 12; 0; 0
1997;02; 0; 5; 89; 215; 0; 0; 195; 0; 0; 0; 0; 75; 0; 0; 283; 260; 2; 53; 0; 0; 153; 0; 0; 18; 201; 0; 3; 0; 9999; 9999; 9999
1997;03; 0; 0; 0; 13; 0; 113; 73; 180; 0; 0; 68; 2; 93; 39; 28; 101; 93; 31; 0; 0; 1; 0; 0; 2; 0; 0; 0; 0; 0; 9999; 35
1997;04; 32; 71; 2; 5; 2; 1; 2; 27; 33; 27; 0; 0; 2; 1; 0; 0; 73; 85; 2; 35; 93; 5; 2; 2; 1; 0; 1; 0; 2; 0; 9999
1997;05; 0; 2; 0; 0; 35; 2; 0; 0; 0; 0; 0; 3; 5; 2; 29; 5; 1; 0; 0; 3; 1; 1; 68; 24; 325; 5; 29; 270; 103; 75; 51
1997;06; 81; 93; 2; 19; 167; 5; 2; 1; 3; 2; 5; 0; 2; 2; 88; 2; 0; 0; 0; 67; 82; 3; 5; 2; 2; 4; 0; 260; 365; 137; 9999
1997;07; 137; 1; 2; 2; 0; 0; 2; 2; 0; 3; 3; 21; 15; 3; 2; 2; 1; 2; 0; 2; 42; 29; 11; 3; 3; 31; 2; 5; 3; 0; 0
1997;08; 2; 3; 0; 0; 108; 55; 0; 8; 51; 23; 3; 1; 0; 2; 3; 3; 2; 0; 0; 2; 0; 21; 135; 410; 0; 2; 0; 0; 1; 0; 0
1997;09; 3; 0; 1; 3; 19; 2; 0; 0; 0; 5; 0; 0; 0; 39; 330; 177; 18; 3; 0; 106; 310; 3; 0; 3; 1; 126; 32; 0; 3; 187; 9999
1997;10; 3; 114; 1; 2; 0; 431; 314; 8; 64; 2; 0; 30; 0; 0; 1; 3; 29; 3; 0; 76; 263; 96; 112; 13; 3; 42; 5; 0; 0; 48; 93
1997;11; 9999; 9999; 9999; 9999; 9999; 9999; 9999; 9999; 9999; 9999; 9999; 9999; 9999; 9999; 9999; 9999; 9999; 9999; 9999; 9999; 9999; 9999; 9999; 9999; 9999; 9999; 9999; 9999; 9999; 9999; 9999
1997;12; 0; 228; 0; 100; 1; 0; 83; 29; 0; 0; 0; 0; 0; 281; 35; 17; 131; 5; 0; 282; 8; 0; 0; 0; 112; 94; 0; 3; 407; 4; 120
