33
Ano,Mes,1,2,3,4,5,6,7,8,9,10,11,12,13,14,15,16,17,18,19,20,21,22,23,24,25,26,27,28,29,30,31
1961;06; 9999; 9999; 9999; 9999; 9999; 9999; 9999; 9999; 9999; 9999; 9999; 9999; 9999; 9999; 9999; 9999; 9999; 9999; 9999; 9999; 9999; 9999; 9999; 9999; 9999; 9999; 9999; 9999; 9999; 9999; 9999
1961;07; 0; 0; 0; 0; 0; 0; 0; 7; 25; 0; 0; 0; 0; 0; 0; 0; 0; 0; 0; 0; 0; 0; 0; 0; 0; 0; 0; 0; 0; 0; 0
1961;08; 0; 0; 0; 2; 0; 0; 0; 0; 0; 0; 0; 0; 0; 0; 0; 0; 1; 0; 0; 0; 0; 0; 1; 0; 0; 16; 0; 0; 0; 56; 8
1961;09; 0; 0; 0; 0; 0; 63; 7; 115; 28; 0; 0; 0; 0; 0; 0; 0; 0; 0; 0; 0; 0; 0; 4; 0; 0; 0; 41; 24; 318; 6; 9999
1961;10; 3; 0; 0; 0; 0; 0; 0; 0; 146; 0; 41; 7; 0; 0; 0; 24; 43; 497; 0; 0; 0; 5; 0; 32; 0; 119; 0; 0; 31; 18; 151
1961;11; 73; 44; 20; 29; 0; 53; 3; 0; 1; 0; 14; 20; 0; 32; 103; 0; 0; 0; 2; 84; 39; 2; 3; 94; 1; 0; 4; 53; 5; 0; 9999
1961;12; 0; 294; 11; 8; 5; 0; 0; 0; 0; 0; 21; 32; 0; 0; 55; 23; 62; 42; 220; 0; 4; 119; 2; 34; 351; 4; 0; 93; 84; 3; 3
1962;01; 0; 0; 111; 1; 0; 0; 0; 99; 106; 1; 0; 0; 0; 0; 8; 26; 13; 93; 74; 5; 0; 0; 0; 53; 3; 0; 0; 3; 0; 0; 2
1962;02; 0; 0; 0; 45; 212; 83; 0; 0; 0; 24; 1; 0; 58; 14; 1; 0; 0; 0; 27; 0; 0; 491; 182; 1; 35; 0; 0; 0; 9999; 9999; 9999
1962;03; 0; 88; 171; 0; 0; 0; 0; 2; 1; 295; 55; 395; 312; 794; 1; 10; 111; 363; 73; 69; 2; 2; 1; 0; 0; 0; 0; 2; 0; 1; 0
1962;04; 0; 0; 54; 8; 7; 2; 2; 2; 7; 109; 2; 1; 2; 1; 2; 0; 4; 1; 7; 6; 2; 1; 2; 0; 0; 45; 11; 2; 69; 62; 9999
1962;05; 2; 1; 75; 5; 2; 1; 2; 2; 6; 0; 0; 2; 2; 3; 2; 1; 0; 5; 0; 0; 1; 1; 1; 1; 1; 2; 1; 27; 22; 0; 1
1962;06; 1; 1; 282; 41; 1; 0; 55; 19; 0; 3; 0; 0; 0; 0; 0; 8; 5; 1; 1; 0; 0; 1; 77; 0; 0; 0; 0; 0; 0; 0; 9999
1962;07; 0; 0; 1; 3; 0; 4; 0; 0; 1; 231; 3; 2; 0; 0; 0; 0; 2; 1; 241; 0; 0; 0; 2; 0; 0; 0; 0; 9; 2; 3; 1
1962;08; 1; 0; 0; 0; 0; 0; 0; 0; 0; 1; 20; 38; 0; 0; 0; 40; 45; 0; 0; 0; 0; 0; 0; 0; 0; 0; 0; 5; 0; 0; 0
1962;09; 0; 0; 0; 0; 460; 28; 1; 0; 0; 0; 0; 0; 8; 0; 0; 0; 1; 0; 1; 0; 601; 5; 0; 1; 1; 1; 0; 1; 42; 0; 9999
1962;10; 35; 350; 1; 1; 1; 5; 0; 220; 0; 105; 160; 5; 0; 0; 0; 60; 60; 220; 0; 0; 5; 0; 0; 0; 0; 0; 0; 0; 0; 175; 0
1962;11; 9999; 9999; 9999; 9999; 9999; 9999; 9999; 9999; 9999; 9999; 9999; 9999; 9999; 9999; 9999; 9999; 9999; 9999; 9999; 9999; 9999; 9999; 9999; 9999; 9999; 9999; 9999; 9999; 9999; 9999; 9999
1962;12; 9999; 9999; 9999; 9999; 9999; 9999; 9999; 9999; 9999; 9999; 9999; 9999; 9999; 9999; 9999; 9999; 9999; 9999; 9999; 9999; 9999; 9999; 9999; 9999; 9999; 9999; 9999; 9999; 9999; 9999; 9999
1963;01; 9999; 9999; 9999; 9999; 9999; 9999; 9999; 9999; 9999; 9999; 9999; 9999; 9999; 9999; 9999; 9999; 9999; 9999; 9999; 9999; 9999; 9999; 9999; 9999; 9999; 9999; 9999; 9999; 9999; 9999; 9999
1963;02; 9999; 9999; 9999; 9999; 9999; 9999; 9999; 9999; 9999; 9999; 9999; 9999; 9999; 9999; 9999; 9999; 9999; 9999; 9999; 9999; 9999; 9999; 9999; 9999; 9999; 9999; 9999; 9999; 9999; 9999; 9999
1963;03; 9999; 9999; 9999; 9999; 9999; 9999; 9999; 9999; 9999; 9999; 9999; 9999; 9999; 9999; 9999; 9999; 9999; 9999; 9999; 9999; 9999; 9999; 9999; 9999; 9999; 9999; 9999; 9999; 9999; 9999; 9999
1963;04; 9999; 9999; 9999; 9999; 9999; 9999; 9999; 9999; 9999; 9999; 9999; 9999; 9999; 9999; 9999; 9999; 9999; 9999; 9999; 9999; 9999; 9999; 9999; 9999; 9999; 9999; 9999; 9999; 9999; 9999; 9999
1963;05; 9999; 9999; 9999; 9999; 9999; 9999; 9999; 9999; 9999; 9999; 9999; 9999; 9999; 9999; 9999; 9999; 9999; 9999; 9999; 9999; 9999; 9999; 9999; 9999; 9999; 9999; 9999; 9999; 9999; 9999; 9999
1963;06; 9999; 9999; 9999; 9999; 9999; 9999; 9999; 9999; 9999; 9999; 9999; 9999; 9999; 9999; 9999; 9999; 9999; 9999; 9999; 9999; 9999; 9999; 9999; 9999; 9999; 9999; 9999; 9999; 9999; 9999; 9999
1963;07; 9999; 9999; 9999; 9999; 9999; 9999; 9999; 9999; 9999; 9999; 9999; 9999; 9999; 9999; 9999; 9999; 9999; 9999; 9999; 9999; 9999; 9999; 9999; 9999; 9999; 9999; 9999; 9999; 9999; 9999; 9999
1963;08; 0; 0; 0; 0; 0; 12; 0; 10; 0; 0; 0; 0; 0; 0; 0; 53; 0; 0; 0; 0; 0; 30; 0; 0; 30; 39; 0; 30; 0; 0; 0
1963;09; 9999; 9999; 9999; 9999; 9999; 9999; 9999; 9999; 9999; 9999; 9999; 9999; 9999; 9999; 9999; 9999; 9999; 9999; 9999; 9999; 9999; 9999; 9999; 9999; 9999; 9999; 9999; 9999; 9999; 9999; 9999
1963;10; 64; 0; 0; 0; 109; 148; 108; 0; 0; 0; 0; 0; 0; 0; 12; 15; 0; 124; 120; 22; 0; 267; 9; 0; 13; 0; 116; 72; 0; 0; 0
1963;11; 0; 13; 0; 0; 0; 0; 0; 45; 55; 22; 0; 0; 0; 80; 0; 257; 0; 48; 258; 80; 132; 11; 0; 0; 0; 0; 0; 0; 0; 0; 9999
1963;12; 0; 333; 30; 30; 0; 160; 0; 30; 16; 109; 70; 33; 217; 60; 0; 0; 0; 0; 0; 44; 26; 24; 20; 22; 0; 0; 0; 0; 0; 50; 0
1964;01; 317; 148; 0; 30; 0; 0; 0; 0; 15; 4; 0; 0; 0; 0; 0; 0; 86; 10; 40; 0; 0; 0; 0; 0; 0; 0; 240; 20; 95; 0; 0
1964;02; 223; 193; 0; 0; 0; 0; 0; 60; 0; 15; 0; 2; 159; 590; 372; 52; 222; 83; 44; 190; 5; 0; 0; 100; 0; 0; 0; 0; 317; 9999; 9999
1964;03; 0; 18; 0; 0; 0; 0; 0; 0; 0; 0; 0; 0; 12; 0; 140; 30; 100; 0; 0; 0; 0; 0; 0; 0; 0; 0; 0; 370; 0; 0; 0
1964;04; 116; 0; 0; 0; 0; 0; 0; 0; 0; 0; 0; 0; 0; 0; 0; 0; 0; 355; 20; 0; 0; 0; 13; 0; 27; 0; 0; 0; 25; 6; 9999
1964;05; 386; 3; 4; 0; 37; 200; 0; 0; 0; 0; 2; 0; 0; 30; 0; 0; 0; 2; 0; 0; 0; 0; 25; 0; 0; 0; 0; 0; 5; 40; 50
1964;06; 0; 0; 0; 0; 6; 0; 0; 0; 0; 0; 70; 84; 182; 77; 0; 74; 0; 0; 3; 0; 0; 0; 0; 0; 0; 160; 0; 25; 0; 25; 9999
1964;07; 0; 0; 47; 155; 0; 5; 0; 0; 24; 0; 0; 0; 0; 0; 0; 0; 40; 0; 0; 0; 0; 0; 0; 0; 155; 0; 0; 56; 0; 0; 0
1964;08; 6; 0; 49; 0; 0; 0; 0; 0; 10; 0; 0; 67; 0; 0; 0; 0; 0; 0; 0; 173; 34; 115; 8; 0; 0; 0; 0; 0; 0; 0; 0
1964;09; 0; 0; 178; 0; 0; 0; 0; 0; 0; 0; 20; 0; 0; 0; 0; 0; 0; 0; 0; 0; 0; 0; 0; 73; 70; 680; 0; 291; 51; 0; 9999
1964;10; 143; 0; 0; 0; 0; 26; 90; 71; 0; 0; 0; 10; 0; 0; 0; 0; 0; 0; 0; 54; 50; 0; 0; 0; 0; 0; 200; 0; 0; 782; 50
1964;11; 88; 0; 0; 0; 187; 200; 0; 0; 0; 9; 0; 0; 0; 0; 0; 12; 0; 0; 0; 0; 60; 65; 10; 0; 0; 0; 0; 0; 0; 65; 9999
1964;12; 215; 74; 15; 142; 0; 0; 0; 0; 0; 0; 45; 70; 0; 330; 0; 0; 228; 18; 0; 0; 0; 0; 17; 138; 517; 19; 130; 0; 64; 47; 0
1965;01; 0; 0; 0; 13; 0; 0; 0; 0; 668; 12; 0; 293; 0; 42; 98; 418; 0; 190; 210; 34; 0; 0; 0; 0; 47; 0; 254; 153; 65; 258; 244
1965;02; 490; 6; 0; 156; 150; 0; 0; 0; 0; 0; 0; 0; 122; 15; 0; 0; 180; 0; 0; 0; 0; 245; 342; 142; 10; 0; 140; 160; 9999; 9999; 9999
1965;03; 11; 133; 96; 0; 0; 0; 0; 0; 0; 122; 0; 0; 0; 0; 0; 0; 0; 0; 0; 0; 0; 0; 0; 60; 0; 100; 0; 0; 0; 0; 0
1965;04; 0; 0; 0; 0; 0; 0; 225; 0; 80; 62; 30; 30; 0; 40; 0; 0; 0; 0; 48; 20; 0; 0; 0; 0; 0; 0; 15; 0; 500; 90; 9999
1965;05; 0; 0; 0; 0; 0; 0; 0; 0; 78; 0; 250; 52; 26; 425; 440; 0; 0; 176; 59; 0; 0; 50; 0; 0; 0; 0; 0; 0; 0; 0; 0
1965;06; 0; 0; 0; 0; 65; 0; 0; 0; 18; 61; 0; 0; 0; 7; 0; 0; 0; 0; 0; 0; 0; 0; 0; 87; 130; 0; 0; 0; 0; 0; 9999
1965;07; 0; 0; 0; 178; 7; 164; 0; 0; 0; 190; 0; 0; 0; 0; 0; 0; 0; 0; 0; 0; 0; 0; 0; 0; 0; 0; 0; 0; 0; 0; 63
1965;08; 0; 0; 0; 28; 0; 0; 0; 0; 0; 12; 0; 0; 0; 0; 122; 62; 6; 0; 0; 0; 0; 0; 0; 0; 0; 0; 0; 0; 0; 0; 0
1965;09; 0; 0; 0; 0; 0; 0; 0; 0; 0; 0; 0; 0; 0; 0; 0; 0; 0; 0; 0; 15; 0; 0; 0; 0; 0; 50; 445; 5; 0; 0; 9999
1965;10; 520; 142; 0; 0; 0; 0; 0; 70; 0; 13; 0; 0; 0; 0; 0; 203; 0; 0; 0; 0; 60; 0; 271; 0; 0; 0; 0; 0; 0; 90; 0
1965;11; 0; 0; 0; 0; 0; 100; 0; 0; 150; 0; 0; 0; 0; 220; 220; 0; 0; 0; 0; 0; 0; 0; 0; 0; 0; 0; 330; 0; 0; 70; 9999
1965;12; 0; 0; 34; 62; 156; 30; 40; 137; 245; 0; 372; 162; 0; 90; 315; 0; 0; 0; 98; 0; 24; 59; 0; 0; 0; 0; 267; 132; 88; 0; 0
1966;01; 57; 40; 0; 0; 0; 0; 0; 0; 0; 0; 68; 0; 0; 0; 0; 100; 0; 0; 0; 0; 0; 0; 96; 0; 0; 0; 0; 0; 0; 0; 295
1966;02; 0; 0; 0; 0; 0; 777; 653; 0; 0; 154; 0; 0; 260; 0; 0; 0; 58; 0; 0; 0; 0; 0; 0; 0; 96; 0; 0; 0; 9999; 9999; 9999
1966;03; 541; 54; 0; 185; 387; 244; 0; 51; 49; 33; 64; 0; 0; 0; 0; 0; 0; 29; 0; 0; 0; 61; 0; 0; 282; 174; 0; 110; 0; 0; 0
1966;04; 0; 0; 0; 0; 0; 86; 480; 0; 0; 0; 0; 0; 0; 0; 0; 0; 0; 0; 0; 0; 165; 0; 0; 0; 0; 0; 286; 0; 0; 0; 9999
1966;05; 0; 0; 0; 0; 0; 170; 189; 0; 0; 0; 0; 0; 0; 0; 0; 0; 0; 0; 0; 0; 0; 0; 30; 0; 0; 0; 0; 0; 0; 0; 0
1966;06; 0; 0; 0; 0; 0; 0; 0; 0; 0; 0; 0; 0; 0; 0; 0; 0; 0; 0; 0; 0; 0; 0; 0; 0; 138; 0; 0; 0; 0; 62; 9999
1966;07; 152; 123; 60; 0; 0; 0; 0; 0; 0; 0; 0; 0; 0; 0; 0; 24; 0; 0; 0; 0; 0; 0; 38; 0; 0; 0; 0; 0; 0; 0; 15
1966;08; 0; 0; 0; 0; 0; 0; 0; 0; 0; 0; 0; 0; 0; 0; 0; 60; 0; 0; 0; 0; 0; 0; 0; 0; 155; 0; 0; 0; 0; 30; 0
1966;09; 395; 99; 195; 25; 0; 0; 0; 0; 0; 0; 0; 0; 0; 0; 0; 0; 36; 0; 0; 25; 0; 0; 0; 0; 0; 0; 0; 87; 344; 0; 9999
1966;10; 0; 0; 0; 0; 0; 0; 136; 156; 29; 0; 0; 0; 0; 0; 0; 0; 0; 0; 63; 0; 0; 0; 598; 0; 0; 0; 0; 557; 156; 358; 0
1966;11; 0; 0; 0; 0; 0; 0; 0; 0; 0; 0; 0; 126; 122; 0; 0; 39; 0; 0; 0; 0; 0; 0; 0; 0; 0; 0; 0; 0; 0; 0; 9999
1966;12; 0; 0; 0; 0; 0; 33; 0; 103; 0; 0; 0; 0; 0; 0; 340; 100; 0; 0; 0; 150; 199; 80; 64; 0; 0; 0; 0; 225; 0; 0; 0
1967;01; 0; 0; 220; 0; 35; 0; 0; 0; 150; 0; 0; 0; 0; 172; 139; 0; 0; 197; 0; 0; 100; 150; 0; 0; 0; 0; 47; 0; 0; 0; 0
1967;02; 437; 123; 0; 0; 0; 77; 0; 0; 0; 416; 0; 0; 60; 0; 190; 0; 0; 160; 0; 0; 0; 100; 0; 0; 128; 0; 0; 0; 9999; 9999; 9999
1967;03; 0; 0; 366; 129; 25; 485; 0; 0; 0; 0; 0; 0; 398; 425; 0; 0; 0; 0; 0; 0; 0; 0; 0; 0; 0; 0; 0; 0; 223; 0; 0
1967;04; 0; 0; 0; 0; 0; 0; 0; 0; 0; 0; 0; 0; 0; 0; 75; 0; 0; 0; 0; 0; 0; 0; 0; 0; 27; 0; 0; 0; 0; 0; 9999
1967;05; 0; 0; 0; 0; 0; 0; 0; 0; 0; 0; 0; 0; 0; 0; 0; 0; 0; 0; 0; 0; 0; 0; 0; 0; 0; 0; 0; 0; 0; 0; 0
1967;06; 0; 0; 0; 78; 0; 468; 88; 0; 0; 0; 305; 474; 368; 48; 0; 0; 0; 0; 0; 0; 0; 0; 0; 0; 0; 0; 0; 0; 0; 0; 9999
1967;07; 0; 0; 0; 0; 0; 0; 0; 0; 0; 0; 0; 75; 152; 0; 58; 0; 0; 0; 0; 0; 50; 120; 0; 0; 0; 0; 0; 0; 0; 0; 0
1967;08; 0; 0; 0; 0; 0; 0; 0; 0; 0; 0; 0; 0; 66; 25; 29; 0; 0; 0; 0; 0; 0; 0; 0; 0; 0; 0; 0; 0; 0; 0; 0
1967;09; 0; 0; 0; 0; 0; 0; 0; 92; 300; 0; 0; 145; 230; 0; 0; 0; 0; 0; 0; 0; 0; 0; 0; 0; 0; 0; 0; 0; 0; 0; 9999
1967;10; 0; 0; 0; 0; 0; 0; 0; 0; 0; 0; 0; 0; 100; 0; 0; 0; 0; 0; 426; 60; 20; 426; 0; 0; 0; 60; 76; 0; 0; 0; 0
1967;11; 0; 0; 0; 0; 0; 0; 0; 0; 0; 0; 59; 710; 57; 0; 0; 270; 218; 0; 0; 0; 0; 0; 40; 141; 0; 46; 0; 112; 5; 0; 9999
1967;12; 0; 0; 55; 0; 0; 0; 0; 0; 271; 94; 0; 0; 0; 0; 0; 0; 0; 524; 175; 21; 54; 0; 379; 0; 0; 0; 0; 0; 0; 28; 130
1968;01; 38; 85; 155; 62; 0; 0; 0; 0; 0; 0; 0; 25; 128; 0; 180; 315; 240; 138; 258; 354; 108; 570; 210; 95; 0; 0; 0; 0; 0; 0; 0
1968;02; 0; 0; 0; 0; 0; 0; 0; 0; 0; 0; 0; 0; 0; 65; 60; 0; 0; 0; 0; 0; 0; 0; 425; 33; 0; 0; 0; 0; 0; 9999; 9999
1968;03; 0; 0; 0; 0; 0; 0; 172; 42; 127; 0; 0; 0; 123; 217; 0; 0; 0; 0; 0; 0; 0; 129; 120; 0; 0; 0; 0; 115; 0; 0; 0
1968;04; 0; 0; 60; 20; 0; 0; 0; 0; 0; 0; 0; 0; 0; 0; 0; 0; 0; 0; 0; 172; 0; 0; 0; 0; 0; 0; 0; 0; 0; 0; 9999
1968;05; 0; 0; 0; 0; 0; 0; 0; 0; 0; 0; 75; 0; 0; 0; 0; 262; 0; 0; 0; 0; 0; 0; 0; 0; 0; 0; 0; 0; 0; 0; 0
1968;06; 0; 0; 0; 0; 0; 0; 37; 0; 20; 0; 0; 0; 0; 0; 0; 0; 0; 0; 0; 108; 90; 0; 0; 0; 0; 0; 0; 0; 0; 0; 9999
1968;07; 0; 0; 0; 0; 0; 0; 0; 0; 0; 80; 0; 0; 0; 0; 0; 0; 0; 0; 0; 0; 0; 44; 0; 0; 0; 0; 0; 0; 0; 0; 0
1968;08; 0; 0; 0; 0; 0; 54; 0; 154; 148; 0; 0; 0; 0; 0; 0; 0; 0; 0; 0; 0; 0; 0; 0; 0; 0; 0; 0; 0; 0; 0; 197
1968;09; 41; 0; 0; 0; 0; 0; 0; 0; 0; 0; 0; 0; 0; 0; 0; 0; 0; 0; 65; 0; 146; 0; 0; 0; 0; 0; 0; 0; 10; 0; 9999
1968;10; 0; 0; 0; 0; 0; 0; 0; 0; 137; 0; 0; 0; 0; 0; 0; 0; 205; 93; 832; 0; 0; 0; 0; 154; 0; 0; 0; 86; 0; 0; 125
1968;11; 0; 0; 0; 0; 0; 0; 158; 0; 0; 0; 0; 0; 0; 0; 0; 0; 0; 0; 0; 0; 0; 0; 0; 0; 0; 0; 0; 0; 513; 212; 9999
1968;12; 893; 56; 0; 0; 44; 316; 0; 0; 0; 0; 0; 0; 0; 0; 0; 0; 25; 0; 0; 0; 175; 90; 0; 13; 0; 224; 0; 107; 275; 0; 90
1969;01; 0; 0; 12; 0; 0; 0; 0; 379; 0; 0; 0; 71; 0; 0; 0; 0; 0; 0; 173; 0; 0; 0; 0; 0; 60; 116; 0; 0; 110; 0; 0
1969;02; 215; 0; 541; 0; 0; 0; 0; 148; 0; 0; 0; 0; 0; 0; 0; 73; 55; 122; 239; 23; 0; 0; 0; 0; 24; 0; 0; 31; 9999; 9999; 9999
1969;03; 0; 257; 0; 150; 0; 0; 0; 0; 0; 0; 0; 0; 0; 0; 0; 0; 0; 0; 0; 43; 0; 26; 0; 210; 0; 0; 425; 0; 39; 0; 0
1969;04; 0; 88; 0; 61; 46; 34; 0; 0; 75; 0; 0; 0; 0; 0; 0; 0; 0; 0; 0; 0; 0; 0; 52; 0; 0; 0; 0; 0; 65; 0; 9999
1969;05; 0; 0; 0; 0; 0; 0; 0; 0; 0; 0; 0; 0; 0; 0; 0; 0; 0; 0; 0; 0; 0; 0; 0; 38; 0; 49; 37; 0; 0; 124; 39
1969;06; 356; 0; 0; 0; 0; 0; 0; 0; 0; 0; 0; 0; 0; 0; 67; 145; 0; 0; 0; 0; 0; 54; 0; 0; 0; 0; 0; 0; 0; 0; 9999
1969;07; 38; 0; 0; 0; 0; 0; 0; 110; 11; 0; 0; 0; 29; 0; 0; 0; 0; 0; 0; 0; 0; 0; 0; 0; 0; 0; 0; 0; 0; 0; 0
1969;08; 0; 10; 0; 0; 0; 0; 89; 0; 0; 0; 0; 0; 0; 0; 0; 79; 0; 0; 0; 46; 0; 0; 0; 0; 0; 0; 0; 0; 0; 0; 0
1969;09; 0; 0; 0; 66; 236; 0; 0; 0; 0; 0; 0; 0; 41; 8; 0; 0; 0; 0; 0; 22; 78; 0; 0; 0; 0; 0; 0; 0; 0; 310; 9999
1969;10; 16; 0; 86; 196; 142; 0; 157; 0; 0; 103; 0; 0; 0; 0; 0; 0; 16; 0; 0; 312; 0; 0; 213; 24; 0; 0; 0; 0; 0; 0; 312
1969;11; 0; 0; 0; 0; 0; 0; 215; 6; 44; 94; 0; 45; 50; 339; 0; 0; 0; 43; 805; 75; 0; 24; 70; 0; 0; 0; 0; 0; 0; 36; 9999
1969;12; 107; 0; 0; 0; 0; 0; 0; 0; 0; 0; 0; 0; 213; 0; 0; 0; 0; 0; 0; 0; 0; 0; 0; 28; 44; 0; 0; 0; 0; 0; 100
1970;01; 156; 153; 130; 33; 5; 0; 0; 452; 42; 588; 0; 0; 0; 0; 112; 543; 0; 0; 52; 0; 0; 15; 0; 0; 0; 0; 0; 0; 0; 0; 61
1970;02; 339; 33; 0; 87; 0; 274; 0; 0; 31; 258; 31; 190; 0; 0; 64; 35; 26; 66; 768; 2; 12; 139; 69; 0; 0; 0; 0; 0; 9999; 9999; 9999
1970;03; 0; 0; 0; 0; 0; 0; 0; 0; 71; 154; 0; 0; 146; 46; 0; 0; 0; 450; 0; 23; 0; 0; 0; 0; 469; 0; 0; 0; 0; 0; 0
1970;04; 0; 69; 41; 88; 92; 2; 0; 0; 0; 0; 0; 0; 0; 0; 0; 0; 0; 0; 0; 0; 0; 0; 0; 0; 0; 0; 0; 0; 243; 0; 9999
1970;05; 0; 0; 13; 3; 0; 0; 232; 7; 8; 50; 0; 0; 0; 0; 3; 2; 2; 0; 0; 4; 9; 0; 0; 0; 0; 0; 0; 0; 0; 0; 0
1970;06; 0; 0; 0; 0; 0; 0; 172; 116; 76; 0; 0; 0; 0; 0; 193; 4; 0; 31; 39; 0; 0; 0; 125; 258; 0; 0; 0; 0; 173; 106; 9999
1970;07; 4; 34; 0; 0; 0; 0; 0; 0; 11; 0; 0; 0; 34; 13; 15; 0; 0; 0; 0; 0; 0; 0; 0; 0; 0; 0; 0; 0; 0; 0; 4
1970;08; 0; 0; 0; 0; 0; 0; 0; 0; 0; 0; 0; 0; 0; 0; 0; 9; 0; 0; 0; 0; 0; 0; 0; 30; 235; 105; 157; 103; 0; 130; 164
1970;09; 0; 0; 0; 0; 0; 0; 212; 0; 0; 16; 46; 51; 25; 0; 0; 169; 2; 2; 0; 7; 72; 240; 0; 0; 0; 4; 7; 0; 58; 0; 9999
1970;10; 0; 48; 4; 171; 5; 0; 0; 0; 112; 0; 0; 0; 9; 0; 0; 0; 0; 4; 0; 27; 9; 10; 0; 0; 0; 0; 0; 0; 0; 0; 0
1970;11; 0; 0; 15; 19; 0; 0; 0; 0; 220; 6; 4; 0; 0; 0; 0; 0; 0; 0; 0; 0; 0; 13; 0; 0; 0; 0; 0; 28; 2; 128; 9999
1970;12; 9; 0; 0; 0; 0; 0; 0; 0; 0; 225; 854; 242; 148; 232; 0; 0; 69; 0; 0; 0; 137; 347; 146; 65; 18; 136; 0; 13; 0; 175; 112
1971;01; 15; 410; 745; 70; 13; 142; 277; 14; 30; 0; 0; 100; 0; 7; 0; 0; 0; 0; 0; 0; 0; 372; 45; 0; 0; 0; 0; 0; 0; 207; 20
1971;02; 77; 348; 0; 0; 0; 0; 0; 122; 3; 19; 139; 0; 0; 0; 21; 0; 0; 0; 39; 56; 0; 7; 257; 3; 0; 0; 0; 0; 9999; 9999; 9999
1971;03; 3; 3; 10; 0; 7; 111; 46; 56; 352; 24; 0; 59; 195; 0; 48; 0; 0; 0; 0; 0; 38; 8; 15; 84; 0; 14; 74; 0; 14; 0; 0
1971;04; 0; 0; 0; 0; 0; 0; 0; 0; 0; 299; 0; 0; 2; 0; 0; 117; 21; 0; 0; 18; 0; 78; 34; 97; 1; 2; 0; 0; 0; 0; 9999
1971;05; 0; 1; 48; 14; 160; 2; 34; 3; 13; 0; 0; 0; 0; 0; 2; 0; 14; 0; 0; 0; 0; 0; 0; 0; 31; 329; 2; 33; 6; 6; 4
1971;06; 2; 0; 0; 2; 0; 0; 70; 0; 191; 0; 7; 0; 0; 35; 18; 48; 14; 719; 197; 80; 0; 0; 183; 0; 0; 0; 1; 0; 0; 2; 9999
1971;07; 0; 49; 254; 2; 159; 7; 2; 0; 3; 2; 0; 0; 0; 2; 0; 3; 3; 1; 3; 1; 0; 0; 0; 0; 3; 0; 0; 0; 0; 184; 4
1971;08; 0; 4; 1; 1; 0; 0; 20; 58; 1; 66; 14; 0; 0; 0; 4; 0; 2; 0; 0; 0; 4; 0; 0; 0; 0; 0; 10; 5; 3; 0; 0
1971;09; 0; 0; 3; 0; 0; 0; 37; 0; 5; 0; 69; 0; 8; 3; 0; 0; 0; 0; 0; 0; 0; 0; 0; 118; 20; 15; 1; 0; 0; 0; 9999
1971;10; 9; 2; 0; 45; 2; 0; 67; 121; 0; 0; 365; 365; 3; 0; 0; 0; 0; 0; 0; 0; 0; 0; 0; 0; 286; 0; 0; 0; 25; 0; 0
1971;11; 0; 58; 0; 0; 0; 0; 0; 0; 0; 110; 0; 0; 0; 0; 0; 0; 0; 0; 205; 0; 0; 0; 0; 0; 0; 24; 260; 0; 0; 0; 9999
1971;12; 56; 0; 0; 86; 63; 0; 0; 0; 10; 0; 0; 0; 149; 0; 301; 0; 6; 6; 6; 0; 0; 0; 19; 201; 0; 3; 24; 44; 85; 0; 225
1972;01; 0; 0; 0; 0; 144; 68; 0; 196; 35; 9; 160; 116; 0; 0; 0; 0; 3; 241; 13; 34; 33; 329; 345; 219; 2; 0; 43; 333; 204; 418; 23
1972;02; 0; 0; 91; 0; 4; 0; 0; 10; 550; 65; 154; 102; 28; 183; 230; 53; 165; 133; 26; 607; 0; 0; 0; 0; 0; 59; 124; 32; 0; 9999; 9999
1972;03; 0; 0; 0; 0; 0; 31; 1; 0; 207; 12; 26; 12; 0; 0; 0; 1; 0; 23; 16; 0; 0; 0; 0; 1; 0; 377; 0; 0; 0; 11; 35
1972;04; 91; 1; 46; 101; 0; 2; 3; 0; 1; 0; 3; 30; 0; 3; 77; 13; 0; 0; 0; 0; 0; 2; 1; 0; 0; 0; 2; 0; 0; 0; 9999
1972;05; 0; 1; 0; 2; 2; 0; 3; 2; 122; 0; 1; 0; 0; 0; 2; 2; 0; 0; 0; 0; 0; 2; 140; 1; 28; 2; 0; 0; 2; 0; 0
1972;06; 0; 0; 0; 14; 0; 0; 1; 1; 2; 0; 0; 0; 0; 154; 0; 0; 0; 27; 78; 2; 1; 0; 0; 1; 1; 0; 0; 0; 0; 0; 9999
1972;07; 0; 0; 2; 0; 0; 48; 1; 251; 0; 3; 1; 51; 442; 0; 51; 108; 0; 0; 2; 0; 1; 0; 0; 1; 2; 66; 124; 2; 2; 0; 0
1972;08; 0; 1; 0; 392; 15; 120; 27; 0; 1; 0; 1; 0; 33; 0; 2; 0; 0; 1; 0; 0; 0; 0; 205; 2; 1; 2; 8; 51; 90; 128; 0
1972;09; 1; 0; 0; 1; 0; 451; 165; 0; 1; 0; 140; 5; 0; 0; 0; 0; 2; 0; 0; 0; 0; 0; 51; 27; 256; 1; 61; 277; 423; 82; 9999
1972;10; 0; 12; 171; 370; 110; 0; 0; 0; 0; 213; 358; 3; 0; 0; 205; 2; 90; 0; 0; 0; 1; 0; 0; 0; 0; 0; 0; 47; 5; 1; 13
1972;11; 0; 37; 0; 0; 0; 0; 0; 74; 0; 0; 2; 0; 0; 28; 0; 1; 2; 0; 240; 14; 23; 0; 0; 2; 0; 157; 0; 1; 0; 0; 9999
1972;12; 35; 5; 111; 55; 10; 13; 0; 2; 0; 0; 0; 0; 0; 22; 0; 0; 0; 0; 0; 70; 0; 0; 356; 69; 41; 0; 0; 0; 449; 88; 0
1973;01; 10; 0; 0; 216; 26; 0; 65; 3; 15; 121; 2; 0; 16; 0; 31; 26; 0; 0; 0; 480; 74; 53; 63; 50; 32; 21; 18; 0; 0; 0; 0
1973;02; 13; 0; 0; 0; 25; 6; 4; 3; 0; 0; 11; 98; 531; 892; 46; 865; 365; 223; 64; 54; 1; 0; 2; 0; 0; 0; 1; 0; 9999; 9999; 9999
1973;03; 0; 0; 400; 74; 90; 4; 0; 0; 396; 2; 2; 7; 5; 44; 0; 0; 0; 0; 0; 0; 51; 100; 445; 4; 18; 9; 0; 1; 4; 66; 26
1973;04; 148; 26; 2; 2; 2; 0; 2; 0; 0; 117; 107; 2; 47; 2; 0; 0; 0; 0; 207; 0; 0; 0; 2; 2; 3; 3; 2; 0; 0; 0; 9999
1973;05; 1; 0; 9; 7; 0; 0; 0; 15; 0; 51; 1; 1; 1; 1; 2; 2; 1; 2; 1; 0; 8; 318; 0; 0; 0; 95; 105; 2; 0; 0; 3
1973;06; 0; 4; 0; 2; 1; 0; 0; 3; 1; 34; 6; 3; 2; 35; 0; 0; 1; 255; 0; 0; 1; 3; 2; 0; 160; 2; 184; 4; 4; 2; 9999
1973;07; 2; 240; 223; 0; 0; 2; 0; 0; 0; 3; 1; 2; 1; 0; 0; 0; 0; 22; 0; 107; 37; 160; 0; 13; 8; 3; 0; 179; 4; 3; 4
1973;08; 0; 21; 11; 0; 18; 9; 3; 2; 0; 2; 0; 0; 0; 3; 1; 0; 0; 0; 0; 0; 0; 0; 10; 0; 0; 93; 343; 337; 209; 3; 100
1973;09; 51; 306; 0; 0; 0; 0; 18; 0; 0; 31; 0; 0; 72; 2; 140; 0; 8; 0; 0; 71; 97; 228; 0; 6; 8; 0; 17; 0; 0; 0; 9999
1973;10; 3; 4; 6; 0; 0; 92; 0; 70; 0; 0; 177; 16; 0; 0; 0; 0; 0; 0; 482; 0; 0; 1; 0; 23; 0; 12; 257; 14; 0; 311; 455
1973;11; 5; 43; 0; 13; 0; 0; 0; 2; 0; 0; 3; 0; 35; 3; 0; 0; 0; 220; 398; 0; 0; 0; 0; 0; 37; 0; 0; 107; 2; 0; 9999
1973;12; 0; 0; 0; 131; 9; 5; 347; 190; 0; 0; 0; 0; 0; 7; 0; 153; 132; 0; 114; 224; 0; 0; 0; 344; 163; 2; 6; 0; 288; 18; 174
1974;01; 117; 22; 0; 0; 0; 5; 4; 144; 120; 109; 88; 148; 127; 37; 140; 12; 0; 222; 176; 18; 0; 0; 147; 3; 25; 31; 35; 40; 5; 0; 137
1974;02; 0; 190; 68; 150; 2; 2; 0; 0; 0; 0; 1; 1; 0; 0; 0; 0; 2; 480; 0; 0; 0; 112; 0; 77; 0; 0; 0; 0; 9999; 9999; 9999
1974;03; 0; 22; 0; 0; 0; 1; 0; 28; 0; 180; 53; 75; 420; 457; 2; 24; 381; 304; 225; 61; 6; 7; 0; 4; 2; 275; 1; 111; 0; 0; 1
1974;04; 0; 25; 0; 0; 60; 0; 0; 0; 2; 4; 118; 0; 3; 0; 4; 2; 2; 2; 2; 3; 14; 2; 10; 0; 9; 19; 2; 9; 10; 1; 9999
1974;05; 2; 2; 1; 1; 0; 0; 0; 0; 0; 0; 0; 0; 12; 3; 2; 2; 0; 0; 508; 11; 0; 3; 3; 0; 4; 0; 33; 4; 2; 0; 0
1974;06; 0; 16; 22; 8; 0; 0; 110; 72; 0; 163; 113; 191; 14; 0; 0; 0; 0; 162; 5; 0; 0; 135; 0; 4; 386; 158; 78; 10; 7; 2; 9999
1974;07; 0; 1; 3; 3; 2; 0; 0; 0; 2; 3; 2; 3; 2; 0; 0; 1; 0; 0; 0; 42; 42; 0; 0; 0; 0; 2; 1; 0; 0; 0; 0
1974;08; 2; 1; 0; 1; 0; 3; 3; 0; 3; 1; 0; 2; 1; 36; 0; 0; 0; 28; 2; 0; 0; 0; 2; 0; 1; 0; 12; 7; 52; 44; 2
1974;09; 25; 0; 0; 3; 0; 80; 0; 2; 0; 0; 0; 0; 0; 0; 0; 0; 0; 0; 0; 56; 0; 0; 0; 0; 0; 0; 138; 6; 56; 0; 9999
1974;10; 0; 173; 0; 100; 139; 0; 0; 0; 0; 0; 0; 0; 0; 0; 0; 0; 0; 0; 28; 0; 0; 28; 0; 0; 565; 39; 0; 280; 164; 77; 0
1974;11; 0; 0; 0; 0; 0; 176; 0; 0; 0; 0; 0; 0; 37; 0; 0; 0; 0; 0; 0; 0; 303; 0; 0; 0; 0; 0; 54; 134; 3; 2; 9999
1974;12; 398; 8; 111; 13; 2; 2; 0; 0; 0; 3; 3; 0; 48; 82; 0; 0; 15; 414; 298; 0; 0; 28; 104; 182; 2; 3; 0; 18; 0; 36; 94
1975;01; 16; 2; 2; 0; 0; 0; 0; 11; 124; 3; 68; 288; 14; 90; 84; 24; 0; 0; 0; 14; 0; 1; 0; 0; 0; 38; 1; 0; 46; 2; 0
1975;02; 0; 62; 0; 21; 321; 0; 20; 5; 244; 3; 0; 0; 0; 0; 0; 0; 0; 0; 5; 0; 0; 26; 2; 2; 30; 34; 0; 178; 9999; 9999; 9999
1975;03; 0; 0; 376; 0; 2; 0; 0; 0; 5; 0; 0; 2; 2; 2; 0; 562; 0; 0; 0; 0; 0; 136; 0; 0; 56; 0; 0; 0; 0; 116; 86
1975;04; 0; 0; 0; 3; 13; 2; 0; 0; 0; 30; 3; 0; 0; 0; 43; 2; 0; 2; 3; 6; 0; 2; 0; 2; 1; 0; 0; 0; 0; 0; 9999
1975;05; 46; 0; 3; 78; 3; 76; 0; 0; 0; 0; 0; 2; 0; 1; 0; 0; 64; 89; 8; 6; 0; 0; 0; 3; 2; 0; 0; 0; 3; 2; 0
1975;06; 0; 0; 24; 43; 28; 3; 2; 2; 2; 0; 2; 0; 0; 0; 3; 0; 5; 3; 0; 0; 2; 1; 1; 21; 0; 0; 0; 1; 1; 0; 9999
1975;07; 0; 3; 3; 3; 2; 50; 0; 0; 3; 0; 0; 0; 0; 0; 0; 0; 458; 117; 0; 0; 0; 0; 0; 0; 0; 0; 0; 0; 0; 0; 0
1975;08; 0; 0; 0; 0; 0; 90; 248; 0; 0; 0; 0; 0; 0; 0; 0; 0; 0; 0; 0; 0; 0; 0; 0; 0; 0; 0; 0; 0; 0; 0; 0
1975;09; 0; 0; 0; 0; 0; 0; 0; 0; 0; 0; 0; 0; 0; 0; 0; 0; 0; 0; 0; 0; 0; 33; 82; 35; 0; 0; 98; 55; 2; 200; 9999
1975;10; 0; 27; 227; 122; 222; 0; 0; 92; 2; 0; 127; 12; 0; 0; 0; 0; 8; 37; 98; 2; 0; 0; 0; 0; 0; 0; 0; 38; 0; 5; 0
1975;11; 37; 156; 0; 3; 0; 0; 107; 0; 0; 203; 2; 2; 5; 0; 0; 13; 0; 162; 0; 35; 170; 159; 8; 132; 192; 65; 0; 0; 31; 191; 9999
1975;12; 75; 125; 3; 0; 0; 0; 194; 204; 0; 53; 0; 0; 83; 385; 5; 0; 0; 0; 103; 123; 23; 9; 0; 5; 25; 0; 0; 0; 4; 5; 0
1976;01; 0; 98; 95; 19; 175; 18; 4; 87; 63; 23; 18; 234; 128; 0; 0; 77; 146; 0; 0; 0; 145; 19; 0; 0; 0; 8; 242; 82; 5; 30; 0
1976;02; 0; 128; 119; 196; 93; 45; 281; 70; 2; 0; 0; 0; 0; 0; 0; 0; 83; 17; 230; 35; 0; 54; 0; 345; 0; 0; 105; 0; 0; 9999; 9999
1976;03; 104; 269; 106; 299; 1; 0; 0; 0; 0; 0; 87; 2; 0; 68; 1; 4; 0; 109; 0; 55; 154; 65; 5; 34; 4; 7; 37; 3; 1; 1; 0
1976;04; 0; 0; 0; 9; 1; 1; 2; 0; 0; 105; 204; 29; 28; 3; 27; 1; 32; 0; 0; 0; 0; 0; 74; 0; 0; 0; 0; 0; 0; 0; 9999
1976;05; 0; 0; 0; 0; 0; 2; 1; 0; 26; 37; 0; 0; 5; 1; 3; 16; 85; 0; 0; 73; 34; 0; 0; 0; 0; 45; 0; 576; 546; 2; 0
1976;06; 3; 2; 0; 5; 40; 586; 0; 0; 25; 0; 22; 15; 52; 23; 2; 1; 2; 0; 0; 0; 0; 0; 0; 2; 1; 0; 0; 0; 14; 15; 9999
1976;07; 27; 11; 507; 140; 1; 0; 5; 98; 84; 240; 0; 0; 0; 0; 22; 0; 0; 0; 0; 0; 0; 0; 0; 0; 0; 0; 0; 0; 0; 0; 0
1976;08; 0; 0; 0; 0; 0; 50; 0; 0; 0; 149; 44; 150; 264; 47; 0; 0; 0; 0; 0; 164; 32; 0; 0; 1; 0; 0; 0; 0; 0; 0; 0
1976;09; 0; 0; 0; 0; 183; 29; 89; 90; 0; 0; 0; 0; 248; 53; 8; 175; 38; 0; 0; 0; 0; 0; 121; 0; 0; 0; 112; 163; 3; 1; 9999
1976;10; 0; 0; 0; 0; 181; 8; 0; 0; 246; 18; 0; 0; 0; 0; 0; 0; 103; 342; 184; 8; 0; 0; 0; 0; 24; 45; 189; 0; 0; 0; 0
1976;11; 0; 0; 0; 81; 160; 170; 0; 0; 0; 0; 0; 0; 0; 28; 0; 0; 0; 0; 0; 0; 142; 0; 0; 0; 0; 167; 0; 0; 23; 0; 9999
1976;12; 0; 45; 11; 0; 81; 28; 0; 0; 501; 7; 0; 0; 0; 0; 0; 61; 179; 0; 0; 0; 0; 0; 97; 37; 49; 35; 33; 0; 0; 0; 0
1977;01; 0; 0; 75; 8; 274; 226; 68; 56; 8; 0; 0; 0; 0; 0; 0; 188; 204; 7; 496; 22; 5; 0; 0; 0; 0; 0; 79; 105; 37; 135; 0
1977;02; 561; 170; 0; 208; 270; 0; 162; 525; 0; 0; 0; 0; 0; 0; 0; 0; 0; 0; 0; 0; 0; 367; 0; 11; 0; 2; 2; 0; 9999; 9999; 9999
1977;03; 0; 124; 4; 0; 2; 2; 0; 0; 0; 0; 2; 0; 0; 0; 0; 252; 111; 0; 0; 0; 241; 178; 103; 0; 0; 0; 0; 0; 154; 106; 128
1977;04; 251; 2; 0; 112; 0; 0; 2; 0; 357; 64; 7; 1; 0; 1; 2; 2; 0; 0; 0; 33; 8; 1; 1; 9; 0; 7; 0; 3; 0; 7; 9999
1977;05; 0; 0; 3; 8; 0; 4; 3; 0; 4; 0; 0; 0; 8; 4; 1; 0; 54; 1; 0; 3; 0; 1; 4; 0; 0; 0; 0; 0; 0; 0; 0
1977;06; 0; 12; 1; 1; 22; 15; 4; 0; 2; 3; 0; 0; 0; 1; 9; 54; 1; 2; 1; 2; 0; 60; 18; 15; 66; 0; 0; 2; 3; 2; 9999
1977;07; 2; 1; 0; 0; 0; 0; 0; 2; 1; 0; 0; 0; 0; 0; 0; 7; 2; 17; 0; 0; 2; 8; 157; 1; 352; 2; 1; 2; 1; 1; 1
1977;08; 0; 0; 0; 0; 0; 1; 1; 0; 0; 5; 0; 0; 1; 59; 0; 0; 1; 0; 1; 0; 2; 3; 2; 0; 8; 0; 0; 0; 0; 32; 23
1977;09; 0; 36; 0; 0; 0; 0; 147; 352; 2; 2; 2; 1; 2; 2; 0; 0; 5; 283; 13; 0; 13; 0; 0; 8; 20; 1; 0; 0; 0; 2; 9999
1977;10; 0; 151; 0; 6; 7; 0; 0; 0; 0; 0; 1; 0; 132; 3; 0; 112; 102; 6; 7; 8; 0; 0; 0; 0; 0; 0; 116; 135; 8; 0; 0
1977;11; 0; 425; 0; 4; 3; 0; 115; 0; 0; 24; 11; 172; 4; 0; 239; 77; 0; 0; 0; 0; 3; 0; 169; 0; 3; 6; 0; 17; 4; 0; 9999
1977;12; 6; 114; 172; 120; 169; 17; 37; 284; 50; 0; 58; 1; 0; 0; 1; 0; 0; 0; 119; 198; 21; 504; 171; 0; 6; 2; 0; 0; 2; 0; 0
1978;01; 53; 45; 4; 0; 0; 6; 244; 0; 0; 0; 0; 0; 2; 0; 114; 283; 0; 0; 1; 0; 0; 261; 0; 10; 0; 0; 11; 0; 0; 0; 0
1978;02; 0; 0; 3; 0; 152; 116; 2; 0; 1; 0; 0; 130; 0; 0; 0; 61; 129; 19; 0; 3; 3; 143; 9; 0; 0; 1; 0; 2; 9999; 9999; 9999
1978;03; 1; 2; 55; 288; 305; 3; 0; 0; 6; 37; 186; 135; 2; 0; 0; 0; 1; 1; 1; 0; 0; 0; 0; 59; 2; 0; 139; 15; 0; 75; 1
1978;04; 0; 2; 0; 3; 0; 3; 0; 0; 0; 2; 0; 0; 3; 2; 1; 1; 0; 1; 0; 39; 3; 0; 0; 0; 0; 0; 2; 0; 0; 0; 9999
1978;05; 3; 4; 0; 2; 0; 0; 0; 0; 2; 0; 0; 0; 0; 0; 49; 81; 449; 54; 2; 6; 319; 6; 3; 3; 0; 0; 0; 0; 0; 5; 1
1978;06; 0; 1; 2; 0; 0; 0; 0; 105; 714; 0; 0; 0; 0; 2; 0; 0; 1; 0; 0; 0; 0; 17; 0; 0; 2; 1; 3; 0; 0; 0; 9999
1978;07; 0; 0; 2; 1; 0; 1; 0; 0; 1; 2; 2; 0; 2; 1; 0; 287; 3; 100; 3; 0; 325; 128; 367; 111; 0; 0; 0; 0; 0; 1; 0
1978;08; 0; 0; 0; 1; 1; 1; 1; 0; 0; 0; 0; 0; 19; 27; 9; 2; 0; 2; 0; 0; 47; 33; 0; 0; 0; 0; 0; 1; 0; 0; 13
1978;09; 2; 16; 34; 0; 134; 14; 2; 124; 10; 0; 2; 0; 0; 0; 248; 2; 0; 0; 0; 0; 0; 0; 0; 0; 0; 0; 0; 0; 0; 0; 9999
1978;10; 0; 0; 2; 0; 1; 0; 2; 0; 0; 0; 68; 0; 1; 6; 32; 0; 2; 317; 285; 224; 3; 0; 0; 0; 0; 58; 7; 80; 136; 5; 61
1978;11; 0; 0; 0; 550; 213; 238; 0; 0; 0; 2; 75; 180; 2; 0; 0; 0; 13; 0; 0; 171; 5; 0; 129; 11; 0; 0; 706; 0; 0; 0; 9999
1978;12; 0; 0; 0; 0; 44; 37; 18; 66; 1; 0; 0; 0; 0; 146; 0; 36; 17; 1; 11; 1; 1; 1; 0; 0; 0; 35; 486; 0; 16; 25; 64
1979;01; 135; 246; 173; 130; 3; 1; 2; 1; 11; 9; 0; 0; 10; 0; 0; 0; 0; 3; 17; 0; 20; 1; 0; 0; 0; 1; 8; 0; 136; 1; 2
1979;02; 0; 0; 16; 1; 1; 2; 0; 0; 0; 0; 1; 14; 428; 87; 2; 1; 2; 0; 1; 22; 0; 0; 6; 7; 0; 0; 97; 1; 9999; 9999; 9999
1979;03; 52; 2; 0; 1; 0; 0; 1; 0; 2; 0; 660; 5; 4; 2; 1; 0; 2; 1; 0; 0; 1; 2; 1; 31; 213; 5; 3; 0; 0; 0; 0
1979;04; 1; 2; 0; 144; 183; 1; 52; 2; 13; 0; 3; 3; 0; 0; 57; 3; 2; 28; 29; 1; 0; 0; 2; 25; 15; 9; 0; 0; 0; 73; 9999
1979;05; 1; 0; 2; 375; 11; 0; 73; 125; 21; 19; 6; 0; 209; 102; 89; 2; 3; 0; 0; 1; 0; 0; 72; 55; 2; 1; 0; 0; 9; 251; 3
1979;06; 0; 0; 0; 0; 0; 0; 0; 0; 40; 3; 3; 1; 0; 0; 0; 0; 0; 0; 0; 0; 1; 2; 1; 0; 0; 0; 0; 0; 0; 0; 9999
1979;07; 0; 0; 20; 0; 1; 0; 0; 0; 77; 109; 0; 0; 1; 3; 0; 1; 1; 1; 0; 75; 0; 2; 0; 0; 2; 15; 0; 0; 0; 0; 1
1979;08; 0; 0; 0; 0; 0; 1; 0; 0; 3; 2; 1; 0; 180; 0; 110; 0; 0; 342; 334; 3; 21; 0; 0; 1; 2; 0; 88; 1; 1; 0; 1
1979;09; 0; 16; 80; 60; 7; 1; 1; 2; 16; 12; 15; 26; 2; 241; 0; 15; 1; 46; 9; 0; 1; 0; 395; 9; 2; 3; 1; 1; 0; 0; 9999
1979;10; 102; 52; 17; 1; 2; 0; 9999; 9999; 46; 3; 2; 0; 1; 69; 29; 1; 0; 2; 0; 5; 1; 0; 0; 0; 1; 1; 79; 0; 9999; 9999; 9999
1979;11; 0; 0; 53; 0; 0; 0; 0; 69; 84; 135; 129; 20; 1; 0; 3; 4; 0; 0; 14; 0; 0; 0; 55; 0; 152; 6; 0; 0; 1; 0; 9999
1979;12; 0; 1; 5; 43; 86; 1; 175; 0; 0; 23; 178; 288; 81; 5; 3; 652; 4; 0; 0; 0; 0; 0; 0; 0; 0; 0; 0; 0; 0; 0; 55
1980;01; 88; 0; 1; 1; 0; 0; 0; 129; 77; 95; 43; 204; 0; 4; 0; 1; 10; 0; 0; 15; 27; 7; 0; 28; 417; 620; 3; 22; 0; 1; 0
1980;02; 20; 78; 0; 0; 0; 0; 1; 404; 0; 27; 108; 440; 75; 45; 0; 5; 49; 30; 240; 168; 3; 1; 0; 221; 6; 5; 159; 44; 45; 9999; 9999
1980;03; 89; 0; 3; 0; 0; 0; 0; 20; 435; 15; 1; 2; 0; 97; 0; 11; 0; 0; 0; 0; 0; 0; 0; 0; 1; 0; 0; 0; 0; 14; 9
1980;04; 0; 0; 0; 425; 239; 5; 2; 0; 0; 0; 5; 3; 91; 1; 597; 0; 0; 0; 1; 0; 0; 2; 1; 0; 0; 2; 0; 0; 0; 0; 9999
1980;05; 0; 0; 8; 16; 4; 0; 0; 0; 0; 0; 87; 1; 0; 0; 2; 0; 0; 0; 0; 0; 0; 7; 0; 0; 0; 0; 0; 1; 0; 0; 57
1980;06; 0; 0; 2; 0; 1; 1; 1; 1; 0; 0; 0; 0; 0; 18; 0; 0; 3; 0; 0; 0; 18; 0; 0; 0; 101; 232; 102; 1; 5; 0; 9999
1980;07; 0; 40; 116; 4; 0; 0; 0; 0; 0; 0; 273; 2; 2; 1; 0; 0; 1; 0; 0; 0; 0; 0; 1; 0; 0; 0; 0; 29; 0; 0; 170
1980;08; 1; 0; 0; 1; 0; 0; 81; 1; 91; 11; 146; 0; 0; 0; 5; 90; 1; 1; 0; 3; 23; 2; 0; 0; 0; 191; 3; 5; 0; 0; 1
1980;09; 2; 6; 0; 0; 1; 0; 0; 0; 136; 30; 0; 0; 0; 4; 24; 37; 0; 55; 0; 32; 211; 88; 0; 0; 0; 4; 2; 69; 1; 1; 9999
1980;10; 0; 0; 1; 0; 0; 11; 0; 154; 11; 0; 43; 5; 51; 0; 1; 0; 0; 0; 0; 0; 0; 0; 11; 16; 0; 0; 0; 62; 0; 0; 0
1980;11; 55; 0; 0; 0; 0; 0; 16; 212; 11; 0; 14; 5; 2; 1; 0; 0; 0; 0; 0; 5; 2; 0; 0; 247; 1; 0; 0; 0; 0; 18; 9999
1980;12; 10; 22; 2; 131; 7; 52; 0; 331; 0; 1; 467; 16; 93; 167; 0; 1; 0; 1; 0; 0; 208; 2; 356; 2; 0; 0; 0; 101; 1; 4; 0
1981;01; 0; 0; 0; 0; 47; 122; 10; 16; 0; 107; 0; 8; 24; 27; 100; 8; 0; 63; 36; 784; 280; 220; 0; 0; 1; 3; 74; 0; 2; 0; 9
1981;02; 0; 0; 1; 252; 0; 143; 0; 0; 0; 0; 1; 0; 103; 0; 9; 0; 0; 0; 0; 43; 90; 27; 0; 0; 0; 36; 0; 1; 9999; 9999; 9999
1981;03; 0; 0; 0; 13; 1; 0; 116; 0; 8; 0; 0; 0; 0; 0; 0; 264; 84; 0; 43; 0; 0; 0; 0; 0; 0; 0; 0; 0; 204; 114; 0
1981;04; 31; 0; 0; 0; 0; 0; 0; 0; 0; 0; 0; 0; 0; 0; 0; 284; 3; 21; 5; 1; 0; 0; 0; 0; 0; 99; 1; 270; 23; 1; 9999
1981;05; 0; 1; 0; 103; 3; 2; 2; 0; 1; 1; 2; 0; 0; 0; 1; 0; 46; 0; 3; 1; 0; 0; 0; 0; 0; 0; 0; 0; 0; 0; 0
1981;06; 3; 0; 0; 1; 0; 24; 39; 8; 0; 0; 2; 0; 62; 3; 0; 221; 37; 1; 2; 1; 1; 0; 0; 1; 0; 0; 0; 0; 0; 0; 9999
1981;07; 0; 0; 205; 44; 19; 6; 1; 0; 1; 0; 0; 0; 0; 0; 0; 37; 0; 57; 91; 233; 0; 0; 0; 25; 132; 0; 3; 3; 3; 0; 0
1981;08; 0; 0; 0; 0; 0; 0; 1; 0; 2; 8; 5; 0; 37; 0; 2; 1; 0; 48; 4; 0; 3; 1; 0; 0; 0; 0; 0; 0; 0; 6; 2
1981;09; 0; 0; 0; 0; 0; 0; 0; 1; 0; 0; 0; 0; 0; 0; 0; 0; 0; 0; 0; 0; 2; 21; 0; 12; 151; 189; 18; 0; 18; 31; 9999
1981;10; 7; 0; 0; 0; 0; 53; 52; 81; 0; 5; 0; 0; 4; 11; 4; 532; 0; 0; 11; 152; 0; 0; 0; 0; 0; 0; 359; 98; 0; 4; 131
1981;11; 0; 132; 0; 406; 17; 0; 0; 247; 117; 28; 7; 0; 0; 0; 0; 60; 88; 0; 171; 0; 0; 0; 0; 0; 0; 12; 0; 0; 0; 19; 9999
1981;12; 160; 318; 0; 0; 0; 296; 138; 0; 211; 0; 2; 0; 217; 0; 33; 6; 12; 0; 0; 24; 0; 134; 10; 112; 32; 11; 22; 0; 0; 0; 0
1982;01; 2; 268; 0; 0; 0; 0; 0; 0; 0; 82; 141; 99; 2; 0; 135; 0; 0; 0; 0; 0; 0; 14; 518; 2; 0; 0; 1; 1; 68; 6; 0
1982;02; 0; 310; 237; 160; 249; 9999; 116; 3; 85; 461; 0; 0; 0; 0; 0; 1; 0; 2; 0; 308; 3; 0; 351; 35; 94; 0; 1; 2; 9999; 9999; 9999
1982;03; 0; 0; 0; 29; 0; 0; 0; 0; 3; 9; 37; 0; 0; 6; 0; 191; 3; 6; 3; 0; 0; 7; 12; 0; 15; 10; 0; 0; 0; 29; 0
1982;04; 0; 0; 0; 0; 4; 2; 7; 0; 0; 3; 0; 0; 76; 3; 22; 31; 0; 0; 0; 0; 0; 0; 0; 0; 0; 0; 0; 6; 0; 0; 9999
1982;05; 2; 0; 0; 1; 0; 2; 0; 0; 0; 0; 0; 0; 0; 0; 0; 0; 1; 0; 54; 67; 3; 0; 0; 2; 483; 35; 8; 3; 0; 0; 33
1982;06; 1; 0; 0; 3; 0; 0; 2; 0; 0; 1; 0; 304; 98; 12; 0; 138; 0; 0; 1; 43; 0; 81; 38; 91; 409; 198; 1; 2; 139; 0; 9999
1982;07; 254; 0; 0; 0; 8; 0; 0; 0; 25; 0; 0; 28; 114; 2; 0; 0; 0; 77; 1; 0; 0; 0; 0; 0; 0; 0; 0; 0; 0; 89; 0
1982;08; 0; 0; 28; 0; 0; 0; 0; 0; 0; 13; 25; 0; 2; 0; 0; 0; 0; 31; 0; 1; 0; 0; 3; 194; 2; 0; 10; 0; 0; 0; 0
1982;09; 6; 0; 0; 0; 1; 329; 1; 2; 0; 0; 0; 0; 0; 0; 0; 2; 0; 0; 0; 0; 0; 2; 0; 0; 0; 0; 2; 32; 0; 0; 9999
1982;10; 0; 271; 13; 0; 0; 5; 30; 425; 61; 0; 240; 0; 81; 0; 0; 0; 0; 331; 0; 0; 54; 259; 0; 0; 0; 0; 0; 43; 37; 0; 0
1982;11; 7; 48; 0; 0; 8; 122; 0; 0; 0; 0; 165; 6; 173; 28; 393; 2; 0; 0; 0; 48; 522; 4; 169; 12; 3; 7; 125; 363; 234; 0; 9999
1982;12; 334; 0; 53; 0; 0; 0; 50; 0; 0; 0; 2; 287; 238; 206; 279; 50; 26; 210; 50; 50; 4; 63; 35; 50; 1; 0; 0; 57; 1; 1; 0
1983;01; 0; 0; 0; 2; 0; 192; 241; 4; 180; 21; 2; 217; 477; 66; 210; 72; 165; 455; 1; 2; 54; 1; 0; 0; 4; 0; 13; 39; 0; 320; 153
1983;02; 33; 54; 4; 0; 0; 0; 2; 0; 2; 370; 0; 1; 14; 18; 164; 0; 1; 0; 0; 6; 0; 0; 0; 426; 3; 2; 58; 230; 9999; 9999; 9999
1983;03; 2; 463; 3; 248; 3; 541; 6; 3; 146; 2; 103; 156; 0; 0; 0; 0; 0; 0; 243; 6; 0; 0; 0; 0; 22; 0; 0; 336; 0; 0; 0
1983;04; 0; 0; 0; 0; 14; 333; 184; 2; 0; 0; 0; 5; 2; 0; 0; 0; 64; 0; 22; 20; 13; 281; 0; 13; 94; 255; 0; 0; 1; 0; 9999
1983;05; 0; 0; 0; 0; 0; 1; 0; 103; 17; 0; 6; 0; 72; 38; 2; 0; 63; 44; 428; 4; 0; 6; 18; 255; 0; 0; 0; 264; 355; 130; 484
1983;06; 8; 5; 113; 135; 142; 347; 370; 2; 674; 34; 207; 420; 6; 2; 1; 3; 2; 3; 3; 2; 0; 2; 0; 0; 357; 55; 0; 7; 56; 0; 9999
1983;07; 1; 0; 0; 1; 0; 0; 113; 0; 15; 0; 0; 0; 0; 0; 0; 0; 33; 134; 0; 0; 32; 0; 0; 0; 0; 0; 0; 0; 0; 0; 0
1983;08; 0; 34; 0; 0; 0; 0; 0; 2; 0; 0; 0; 0; 0; 0; 0; 0; 0; 0; 0; 0; 0; 0; 0; 0; 0; 0; 0; 0; 1; 0; 0
1983;09; 0; 13; 0; 356; 34; 213; 12; 183; 11; 0; 0; 40; 89; 0; 0; 344; 3; 422; 262; 0; 0; 29; 31; 261; 183; 0; 0; 0; 0; 0; 9999
1983;10; 0; 18; 0; 0; 0; 0; 0; 0; 0; 0; 0; 0; 2; 89; 0; 0; 0; 126; 40; 0; 0; 616; 0; 53; 8; 0; 0; 0; 0; 0; 0
1983;11; 11; 0; 55; 4; 15; 0; 0; 0; 0; 0; 80; 173; 35; 2; 1; 32; 0; 0; 0; 331; 0; 229; 0; 0; 0; 0; 0; 0; 0; 0; 9999
1983;12; 0; 51; 22; 0; 0; 0; 16; 22; 0; 0; 0; 8; 0; 471; 581; 3; 0; 0; 133; 71; 8; 735; 106; 0; 0; 0; 0; 61; 20; 11; 168
1984;01; 3; 1; 0; 11; 36; 0; 62; 0; 0; 0; 1; 0; 0; 0; 0; 0; 0; 0; 0; 11; 109; 34; 0; 0; 0; 107; 206; 36; 188; 3; 2
1984;02; 199; 0; 0; 0; 0; 0; 33; 0; 0; 0; 0; 0; 12; 0; 0; 0; 0; 0; 0; 0; 0; 0; 0; 0; 0; 0; 0; 0; 0; 9999; 9999
1984;03; 0; 0; 0; 0; 110; 160; 91; 124; 0; 0; 0; 0; 0; 0; 0; 0; 0; 0; 0; 0; 144; 30; 0; 0; 0; 0; 0; 0; 134; 131; 0
1984;04; 0; 0; 9; 52; 217; 0; 0; 0; 0; 19; 0; 0; 0; 0; 0; 17; 13; 0; 23; 3; 0; 0; 0; 105; 0; 0; 0; 0; 0; 169; 9999
1984;05; 0; 94; 35; 0; 0; 0; 3; 0; 2; 0; 0; 646; 322; 125; 122; 1; 2; 87; 0; 0; 1; 0; 0; 0; 0; 0; 0; 0; 0; 13; 1
1984;06; 0; 0; 0; 0; 0; 0; 0; 0; 0; 5; 0; 0; 8; 175; 0; 0; 0; 0; 0; 0; 0; 0; 0; 0; 0; 0; 0; 0; 0; 0; 9999
1984;07; 0; 0; 0; 148; 0; 0; 0; 164; 0; 0; 0; 0; 0; 0; 0; 0; 0; 0; 0; 0; 0; 0; 0; 0; 0; 0; 9; 0; 0; 0; 0
1984;08; 0; 0; 406; 0; 2; 0; 0; 0; 0; 0; 0; 0; 0; 0; 0; 280; 19; 0; 0; 33; 8; 79; 56; 2; 81; 58; 0; 0; 0; 0; 0
1984;09; 0; 0; 0; 0; 0; 0; 35; 27; 0; 0; 0; 0; 0; 0; 0; 0; 0; 0; 0; 297; 308; 0; 1; 0; 0; 72; 298; 0; 0; 0; 9999
1984;10; 0; 0; 0; 0; 0; 0; 31; 0; 85; 6; 0; 0; 0; 0; 0; 0; 0; 122; 0; 0; 0; 0; 0; 0; 0; 0; 0; 0; 0; 0; 0
1984;11; 0; 0; 23; 0; 88; 0; 0; 0; 0; 0; 8; 279; 23; 0; 0; 0; 0; 0; 0; 32; 188; 0; 0; 0; 221; 82; 2; 0; 0; 0; 9999
1984;12; 0; 248; 8; 0; 0; 119; 228; 269; 0; 0; 0; 0; 839; 108; 2; 0; 0; 95; 0; 0; 1; 0; 0; 0; 0; 15; 0; 7; 0; 56; 0
1985;01; 0; 195; 0; 0; 0; 0; 0; 74; 0; 0; 0; 0; 0; 0; 0; 23; 14; 0; 0; 0; 0; 0; 0; 0; 0; 0; 0; 0; 0; 0; 0
1985;02; 0; 0; 4; 0; 0; 127; 0; 0; 0; 0; 764; 0; 222; 20; 32; 0; 0; 0; 98; 0; 279; 113; 16; 0; 0; 0; 11; 3; 9999; 9999; 9999
1985;03; 0; 0; 62; 0; 0; 0; 6; 12; 0; 0; 1; 0; 0; 0; 0; 104; 430; 215; 7; 0; 57; 0; 0; 0; 0; 72; 0; 353; 0; 22; 0
1985;04; 0; 0; 0; 0; 0; 98; 32; 0; 0; 0; 0; 0; 0; 0; 0; 94; 29; 0; 0; 0; 0; 0; 3; 0; 0; 0; 8; 61; 34; 5; 9999
1985;05; 31; 22; 0; 0; 0; 0; 0; 0; 0; 0; 0; 3; 5; 0; 0; 0; 0; 3; 0; 11; 230; 0; 0; 0; 0; 0; 0; 0; 0; 0; 0
1985;06; 0; 0; 4; 81; 3; 0; 0; 0; 0; 0; 0; 4; 2; 0; 0; 0; 0; 0; 0; 0; 0; 0; 0; 0; 0; 0; 0; 0; 0; 0; 9999
1985;07; 0; 3; 0; 0; 0; 18; 42; 0; 0; 0; 0; 0; 0; 0; 0; 0; 0; 3; 0; 0; 0; 0; 1; 0; 0; 0; 0; 0; 0; 0; 0
1985;08; 0; 0; 0; 0; 0; 0; 0; 0; 0; 0; 0; 5; 0; 0; 0; 0; 0; 0; 0; 0; 0; 23; 0; 0; 0; 0; 0; 0; 0; 0; 54
1985;09; 193; 95; 0; 216; 27; 34; 0; 0; 0; 0; 0; 0; 0; 0; 0; 0; 0; 0; 0; 0; 0; 0; 0; 0; 0; 0; 0; 0; 34; 21; 9999
1985;10; 0; 0; 0; 0; 0; 0; 3; 0; 0; 13; 0; 0; 0; 0; 0; 0; 0; 0; 0; 0; 0; 3; 0; 5; 69; 0; 0; 0; 25; 0; 0
1985;11; 0; 58; 0; 33; 0; 1; 0; 0; 0; 0; 0; 0; 0; 0; 0; 0; 0; 0; 0; 6; 0; 38; 27; 31; 0; 88; 19; 35; 0; 0; 9999
1985;12; 0; 0; 0; 94; 0; 6; 0; 0; 0; 0; 0; 0; 0; 122; 11; 0; 0; 0; 0; 0; 36; 0; 0; 0; 0; 8; 163; 24; 0; 0; 0
1986;01; 0; 44; 0; 0; 0; 0; 0; 0; 253; 0; 241; 23; 5; 1; 0; 0; 0; 0; 0; 13; 95; 635; 194; 165; 27; 0; 0; 0; 3; 26; 114
1986;02; 0; 2; 43; 0; 0; 0; 195; 16; 132; 73; 22; 103; 1; 38; 23; 5; 147; 60; 409; 45; 105; 316; 8; 0; 0; 3; 5; 0; 9999; 9999; 9999
1986;03; 0; 0; 4; 0; 0; 56; 323; 0; 0; 25; 177; 73; 31; 0; 0; 350; 1; 4; 1; 0; 0; 0; 0; 35; 1; 0; 450; 0; 0; 233; 0
1986;04; 0; 0; 0; 0; 0; 0; 0; 0; 0; 0; 0; 0; 0; 0; 181; 175; 2; 3; 0; 0; 49; 0; 0; 0; 0; 0; 117; 10; 0; 0; 9999
1986;05; 3; 1; 0; 1; 2; 1; 3; 32; 122; 169; 0; 0; 205; 0; 0; 0; 0; 115; 307; 0; 9; 1; 0; 0; 0; 6; 1; 2; 0; 1; 32
1986;06; 0; 0; 0; 0; 0; 0; 0; 0; 0; 0; 0; 0; 0; 0; 0; 0; 0; 0; 0; 0; 0; 0; 0; 0; 0; 9; 0; 0; 1; 0; 9999
1986;07; 0; 0; 0; 0; 0; 2; 3; 4; 1; 0; 0; 0; 0; 0; 0; 0; 0; 0; 0; 0; 11; 18; 2; 0; 0; 0; 0; 0; 0; 0; 136
1986;08; 16; 0; 0; 2; 0; 0; 0; 0; 0; 0; 0; 51; 4; 53; 0; 0; 8; 0; 0; 9; 212; 227; 546; 0; 0; 0; 0; 0; 0; 0; 0
1986;09; 0; 0; 0; 0; 122; 0; 0; 0; 0; 0; 0; 0; 0; 0; 0; 0; 0; 0; 0; 155; 0; 0; 0; 0; 59; 136; 0; 22; 98; 0; 9999
1986;10; 0; 0; 0; 0; 0; 0; 0; 0; 0; 111; 6; 0; 5; 0; 0; 0; 0; 0; 198; 121; 52; 46; 133; 0; 0; 0; 0; 0; 0; 0; 0
1986;11; 0; 0; 117; 0; 0; 170; 42; 0; 0; 0; 496; 0; 3; 0; 0; 0; 0; 0; 0; 0; 8; 0; 0; 0; 0; 22; 75; 0; 0; 363; 9999
1986;12; 1; 162; 118; 226; 81; 28; 12; 19; 46; 0; 58; 0; 0; 0; 312; 0; 53; 205; 62; 0; 3; 0; 54; 0; 0; 19; 0; 0; 238; 0; 0
1987;01; 37; 0; 83; 12; 0; 0; 0; 0; 0; 723; 0; 85; 0; 55; 0; 341; 232; 228; 0; 0; 0; 0; 364; 81; 78; 53; 297; 0; 0; 0; 121
1987;02; 12; 128; 181; 0; 115; 153; 185; 69; 0; 130; 2; 0; 0; 0; 0; 0; 0; 11; 153; 53; 0; 0; 0; 0; 0; 0; 0; 0; 9999; 9999; 9999
1987;03; 0; 0; 0; 0; 0; 0; 0; 38; 42; 96; 44; 0; 0; 0; 0; 0; 0; 0; 0; 0; 0; 0; 34; 0; 0; 0; 0; 0; 0; 0; 0
1987;04; 0; 0; 247; 25; 0; 0; 0; 3; 0; 0; 147; 0; 0; 168; 0; 0; 0; 0; 0; 0; 33; 0; 0; 0; 0; 12; 0; 0; 0; 0; 9999
1987;05; 0; 0; 0; 0; 272; 318; 32; 0; 0; 0; 0; 8; 0; 109; 318; 0; 0; 32; 78; 259; 168; 5; 0; 0; 0; 0; 0; 14; 51; 0; 0
1987;06; 0; 0; 0; 0; 0; 0; 227; 0; 0; 0; 0; 2; 72; 553; 762; 574; 0; 0; 4; 0; 0; 0; 181; 0; 0; 0; 0; 0; 3; 0; 9999
1987;07; 0; 0; 0; 0; 0; 0; 0; 0; 38; 0; 0; 25; 0; 0; 0; 0; 0; 0; 0; 0; 0; 0; 0; 0; 0; 0; 0; 0; 0; 14; 0
1987;08; 0; 0; 0; 0; 0; 15; 18; 0; 0; 0; 0; 0; 0; 0; 0; 0; 251; 0; 0; 0; 0; 0; 0; 0; 0; 0; 0; 0; 0; 0; 104
1987;09; 0; 0; 29; 0; 0; 128; 0; 0; 0; 0; 0; 0; 56; 0; 0; 64; 0; 71; 0; 0; 94; 42; 0; 0; 0; 0; 213; 0; 0; 137; 9999
1987;10; 12; 217; 0; 0; 0; 105; 124; 0; 0; 0; 0; 0; 0; 159; 0; 0; 0; 0; 284; 32; 6; 76; 0; 0; 3; 277; 0; 0; 36; 0; 0
1987;11; 0; 0; 0; 0; 0; 0; 0; 0; 114; 0; 0; 0; 0; 374; 118; 81; 19; 0; 0; 0; 0; 0; 0; 0; 81; 5; 0; 0; 0; 0; 9999
1987;12; 0; 0; 0; 0; 211; 158; 0; 0; 403; 9; 0; 0; 0; 0; 0; 0; 31; 508; 0; 0; 26; 39; 0; 0; 0; 0; 0; 0; 0; 223; 9
1988;01; 0; 0; 0; 0; 7; 253; 29; 0; 0; 3; 266; 6; 0; 26; 131; 98; 0; 0; 21; 348; 0; 431; 18; 17; 0; 172; 0; 41; 32; 0; 0
1988;02; 145; 9; 0; 3; 0; 0; 0; 32; 19; 18; 12; 0; 0; 0; 41; 9; 11; 8; 5; 0; 18; 0; 0; 6; 4; 195; 819; 34; 7; 9999; 9999
1988;03; 68; 105; 387; 346; 0; 0; 0; 0; 0; 0; 0; 0; 0; 0; 0; 3; 5; 145; 84; 0; 0; 0; 0; 0; 0; 0; 0; 0; 0; 0; 0
1988;04; 92; 77; 0; 0; 0; 0; 0; 32; 0; 0; 0; 0; 89; 253; 0; 0; 0; 0; 2; 36; 57; 2; 0; 0; 0; 102; 0; 4; 18; 0; 9999
1988;05; 0; 33; 0; 71; 156; 37; 0; 0; 0; 0; 1; 0; 89; 162; 0; 14; 164; 79; 0; 0; 39; 8; 405; 31; 0; 0; 0; 0; 283; 406; 58
1988;06; 2; 0; 3; 268; 0; 0; 2; 0; 0; 0; 0; 0; 0; 177; 0; 0; 38; 0; 0; 0; 218; 2; 0; 0; 62; 0; 0; 0; 0; 0; 9999
1988;07; 0; 0; 0; 0; 0; 0; 0; 0; 0; 0; 0; 0; 0; 18; 0; 0; 0; 0; 0; 0; 0; 0; 0; 0; 0; 2; 0; 0; 0; 0; 0
1988;08; 0; 0; 0; 1; 0; 0; 0; 0; 0; 3; 0; 5; 0; 0; 0; 0; 0; 0; 0; 0; 0; 19; 0; 0; 0; 0; 0; 0; 0; 0; 0
1988;09; 0; 0; 0; 0; 0; 0; 0; 0; 0; 0; 0; 0; 0; 0; 0; 3; 83; 408; 0; 3; 0; 0; 0; 0; 0; 0; 0; 0; 0; 0; 9999
1988;10; 0; 0; 0; 162; 2; 0; 0; 0; 0; 0; 0; 2; 36; 221; 0; 0; 0; 0; 0; 457; 0; 0; 93; 0; 0; 489; 151; 0; 0; 318; 22
1988;11; 132; 0; 0; 9; 0; 0; 0; 19; 0; 0; 0; 0; 0; 0; 0; 0; 0; 0; 0; 583; 0; 11; 63; 0; 0; 0; 0; 2; 0; 0; 9999
1988;12; 0; 121; 0; 0; 0; 0; 0; 0; 0; 0; 0; 0; 0; 341; 0; 0; 0; 0; 0; 114; 528; 0; 0; 66; 234; 0; 319; 127; 26; 171; 297
1989;01; 48; 31; 0; 26; 127; 753; 125; 214; 118; 38; 116; 49; 104; 0; 0; 142; 0; 0; 0; 0; 0; 474; 6; 0; 122; 0; 0; 409; 0; 0; 94
1989;02; 0; 0; 173; 0; 0; 0; 0; 0; 0; 0; 218; 321; 168; 81; 124; 118; 137; 39; 115; 219; 27; 6; 28; 0; 0; 0; 0; 235; 9999; 9999; 9999
1989;03; 11; 47; 207; 36; 0; 0; 0; 18; 0; 0; 0; 0; 74; 136; 24; 0; 0; 111; 0; 209; 122; 0; 0; 0; 0; 0; 92; 0; 0; 0; 78
1989;04; 0; 38; 196; 0; 0; 0; 5; 0; 0; 0; 0; 69; 0; 0; 0; 0; 0; 26; 0; 0; 0; 0; 0; 0; 0; 0; 0; 0; 0; 0; 9999
1989;05; 62; 123; 0; 66; 129; 27; 0; 0; 0; 0; 0; 0; 0; 0; 0; 0; 0; 0; 0; 0; 0; 0; 0; 0; 0; 5; 0; 0; 0; 0; 0
1989;06; 0; 0; 0; 0; 0; 0; 0; 102; 0; 0; 0; 155; 0; 0; 0; 33; 0; 0; 0; 0; 0; 0; 0; 22; 71; 0; 2; 13; 0; 0; 9999
1989;07; 0; 0; 0; 0; 0; 95; 0; 0; 0; 0; 0; 0; 0; 0; 0; 0; 0; 0; 0; 0; 0; 0; 0; 0; 118; 322; 438; 879; 0; 916; 159
1989;08; 0; 1; 0; 1; 0; 9; 1; 0; 0; 0; 0; 0; 0; 0; 0; 0; 0; 0; 0; 0; 0; 203; 24; 0; 28; 152; 0; 31; 0; 0; 0
1989;09; 63; 0; 0; 0; 0; 0; 0; 0; 0; 213; 121; 261; 334; 435; 0; 0; 0; 0; 0; 0; 0; 0; 0; 0; 58; 0; 0; 0; 94; 0; 9999
1989;10; 0; 0; 0; 93; 0; 0; 0; 0; 0; 0; 108; 221; 0; 18; 0; 21; 0; 7; 0; 0; 0; 0; 0; 0; 0; 0; 487; 0; 0; 0; 0
1989;11; 0; 0; 0; 43; 0; 0; 0; 0; 0; 0; 0; 118; 281; 0; 0; 0; 0; 0; 0; 219; 123; 51; 0; 0; 88; 75; 0; 12; 0; 0; 9999
1989;12; 0; 9; 0; 0; 0; 0; 0; 0; 0; 0; 0; 0; 0; 0; 103; 0; 0; 0; 187; 0; 0; 0; 0; 0; 0; 142; 242; 258; 185; 170; 256
1990;01; 103; 296; 241; 0; 54; 543; 208; 0; 222; 364; 285; 112; 0; 0; 0; 112; 126; 0; 235; 0; 0; 45; 63; 2; 0; 0; 0; 0; 0; 0; 0
1990;02; 0; 0; 0; 0; 0; 0; 0; 0; 0; 0; 502; 0; 0; 83; 123; 0; 0; 0; 0; 0; 0; 0; 593; 48; 29; 0; 0; 0; 9999; 9999; 9999
1990;03; 0; 0; 24; 0; 0; 0; 173; 0; 0; 164; 0; 0; 196; 0; 29; 0; 0; 0; 38; 480; 4; 106; 205; 0; 0; 0; 0; 61; 65; 53; 0
1990;04; 0; 0; 0; 0; 28; 0; 0; 0; 32; 0; 0; 0; 0; 0; 0; 0; 0; 0; 43; 79; 0; 0; 0; 0; 0; 0; 0; 0; 0; 93; 9999
1990;05; 2; 17; 0; 0; 0; 0; 0; 0; 0; 0; 185; 0; 0; 0; 0; 105; 38; 52; 0; 0; 0; 0; 0; 2; 0; 0; 0; 0; 0; 0; 0
1990;06; 0; 0; 0; 0; 0; 0; 171; 0; 0; 0; 0; 0; 0; 0; 123; 0; 0; 0; 0; 0; 76; 0; 0; 0; 0; 0; 0; 0; 0; 0; 9999
1990;07; 0; 0; 0; 0; 82; 0; 12; 0; 0; 61; 0; 0; 0; 0; 0; 17; 214; 116; 119; 0; 8; 212; 0; 0; 58; 0; 0; 0; 0; 0; 3
1990;08; 0; 0; 0; 0; 0; 0; 0; 0; 0; 0; 0; 0; 0; 0; 0; 5; 183; 0; 0; 364; 0; 0; 0; 0; 0; 0; 0; 179; 0; 0; 0
1990;09; 40; 0; 0; 0; 0; 0; 13; 95; 0; 3; 0; 0; 11; 133; 0; 0; 0; 0; 0; 0; 0; 0; 73; 0; 0; 0; 0; 0; 0; 48; 9999
1990;10; 57; 0; 0; 0; 0; 0; 0; 0; 0; 0; 0; 0; 198; 0; 75; 0; 64; 1; 8; 0; 0; 0; 0; 0; 0; 0; 0; 0; 0; 0; 19
1990;11; 0; 0; 0; 0; 176; 28; 0; 0; 316; 0; 375; 0; 0; 0; 0; 0; 0; 0; 0; 119; 0; 0; 0; 0; 0; 0; 0; 0; 0; 0; 9999
1990;12; 0; 0; 0; 0; 0; 0; 129; 0; 0; 0; 364; 0; 348; 309; 14; 0; 0; 0; 0; 176; 0; 0; 0; 0; 0; 0; 0; 81; 0; 0; 0
1991;01; 0; 0; 0; 135; 0; 0; 0; 0; 0; 0; 0; 0; 0; 0; 181; 193; 0; 0; 0; 0; 0; 0; 0; 0; 0; 464; 413; 77; 0; 351; 78
1991;02; 48; 124; 44; 18; 105; 98; 44; 658; 243; 216; 0; 80; 7; 34; 0; 0; 0; 32; 306; 0; 0; 0; 0; 0; 0; 0; 0; 69; 9999; 9999; 9999
1991;03; 0; 77; 145; 218; 167; 124; 248; 9; 13; 0; 0; 177; 49; 24; 0; 0; 0; 0; 218; 91; 0; 0; 0; 0; 0; 0; 3; 0; 0; 0; 93
1991;04; 0; 19; 0; 0; 0; 0; 0; 91; 0; 0; 0; 0; 0; 0; 0; 0; 34; 0; 224; 0; 0; 0; 0; 0; 361; 0; 0; 0; 0; 14; 9999
1991;05; 0; 0; 0; 0; 0; 0; 68; 0; 0; 0; 0; 0; 0; 0; 528; 86; 0; 0; 0; 0; 0; 0; 0; 0; 0; 0; 0; 0; 0; 0; 0
1991;06; 0; 0; 0; 0; 0; 0; 0; 106; 0; 0; 0; 0; 0; 0; 0; 0; 0; 0; 0; 0; 366; 0; 0; 0; 176; 0; 0; 0; 147; 0; 9999
1991;07; 0; 0; 0; 0; 0; 0; 0; 0; 0; 0; 133; 0; 33; 0; 0; 0; 0; 0; 0; 0; 0; 0; 0; 0; 0; 0; 0; 0; 0; 0; 0
1991;08; 0; 93; 1; 0; 0; 0; 8; 73; 0; 0; 0; 0; 0; 0; 0; 0; 0; 0; 0; 0; 0; 0; 0; 0; 0; 0; 0; 0; 0; 0; 0
1991;09; 0; 0; 0; 0; 0; 0; 0; 0; 0; 0; 0; 0; 0; 0; 0; 0; 0; 0; 22; 0; 0; 0; 0; 5; 0; 73; 0; 0; 23; 633; 9999
1991;10; 578; 0; 5; 0; 23; 318; 243; 0; 37; 167; 0; 0; 0; 0; 0; 0; 0; 0; 0; 0; 0; 0; 0; 0; 32; 0; 0; 0; 0; 0; 0
1991;11; 0; 82; 0; 0; 0; 0; 0; 0; 0; 145; 0; 0; 0; 52; 0; 0; 0; 0; 0; 0; 0; 0; 0; 0; 0; 0; 0; 0; 0; 0; 9999
1991;12; 0; 0; 0; 0; 0; 28; 152; 64; 0; 116; 85; 99; 0; 0; 203; 29; 82; 117; 21; 376; 0; 26; 57; 175; 0; 0; 15; 102; 0; 0; 44
1992;01; 0; 0; 59; 0; 0; 0; 0; 0; 5; 52; 0; 0; 266; 22; 0; 0; 0; 0; 0; 0; 0; 0; 0; 0; 0; 0; 18; 0; 0; 0; 11
1992;02; 186; 304; 52; 0; 0; 0; 168; 122; 0; 0; 0; 0; 0; 0; 0; 29; 0; 0; 14; 0; 0; 0; 0; 0; 546; 6; 0; 62; 0; 9999; 9999
1992;03; 0; 74; 597; 642; 129; 0; 0; 0; 0; 0; 19; 117; 8; 0; 0; 0; 317; 198; 119; 0; 0; 0; 712; 98; 188; 0; 0; 0; 108; 293; 177
1992;04; 89; 0; 0; 0; 0; 0; 0; 0; 0; 0; 0; 0; 86; 588; 0; 0; 0; 0; 0; 102; 0; 0; 0; 0; 0; 132; 0; 0; 0; 54; 9999
1992;05; 0; 0; 0; 321; 0; 0; 0; 0; 0; 0; 0; 0; 111; 0; 5; 6; 0; 0; 23; 0; 0; 0; 236; 0; 0; 0; 0; 0; 0; 14; 0
1992;06; 0; 25; 0; 0; 0; 0; 0; 0; 0; 3; 0; 0; 0; 0; 0; 0; 0; 0; 0; 0; 0; 0; 0; 0; 0; 0; 0; 0; 72; 1; 9999
1992;07; 0; 0; 0; 0; 0; 0; 187; 0; 0; 6; 0; 0; 0; 0; 0; 0; 45; 0; 0; 0; 0; 0; 33; 0; 0; 0; 0; 0; 0; 0; 0
1992;08; 0; 19; 0; 0; 0; 0; 0; 0; 0; 0; 0; 0; 0; 0; 0; 0; 0; 16; 75; 0; 0; 21; 136; 0; 0; 0; 0; 0; 0; 0; 0
1992;09; 77; 46; 129; 5; 0; 63; 118; 0; 0; 0; 0; 124; 0; 0; 218; 56; 0; 0; 146; 0; 0; 0; 0; 0; 0; 116; 22; 0; 0; 0; 9999
1992;10; 0; 52; 128; 0; 0; 0; 0; 0; 0; 37; 0; 444; 213; 0; 0; 0; 139; 0; 0; 0; 0; 0; 0; 0; 0; 0; 0; 18; 386; 0; 0
1992;11; 0; 0; 0; 346; 0; 0; 0; 0; 19; 0; 0; 0; 0; 0; 0; 0; 92; 0; 0; 0; 0; 375; 78; 0; 381; 261; 4; 0; 0; 0; 9999
1992;12; 563; 0; 0; 0; 0; 0; 0; 0; 10; 0; 114; 21; 0; 0; 0; 0; 0; 41; 0; 0; 66; 0; 0; 0; 0; 0; 0; 0; 0; 0; 0
1993;01; 0; 0; 5; 103; 365; 93; 0; 106; 280; 362; 221; 151; 0; 123; 0; 0; 0; 77; 0; 0; 0; 0; 0; 0; 136; 156; 0; 0; 0; 0; 0
1993;02; 243; 0; 266; 67; 37; 0; 52; 194; 42; 326; 82; 187; 618; 0; 77; 0; 139; 328; 209; 0; 54; 172; 289; 6; 0; 0; 0; 0; 9999; 9999; 9999
1993;03; 0; 0; 0; 0; 0; 0; 0; 0; 0; 97; 0; 0; 0; 0; 163; 4; 0; 246; 205; 0; 0; 0; 102; 788; 0; 0; 0; 0; 186; 621; 0
1993;04; 0; 58; 0; 0; 0; 0; 0; 0; 129; 0; 0; 0; 0; 0; 0; 0; 0; 0; 0; 0; 0; 0; 0; 0; 0; 0; 0; 0; 0; 0; 9999
1993;05; 0; 0; 0; 54; 0; 0; 0; 0; 0; 0; 0; 0; 0; 263; 28; 0; 0; 0; 0; 0; 0; 0; 1; 2; 1; 1; 0; 29; 63; 128; 232
1993;06; 4; 0; 0; 0; 207; 0; 0; 0; 0; 0; 345; 0; 0; 0; 0; 0; 0; 279; 71; 0; 0; 0; 0; 0; 0; 0; 0; 0; 0; 0; 9999
1993;07; 114; 0; 0; 0; 0; 0; 0; 0; 0; 0; 0; 0; 0; 146; 2; 1; 0; 0; 0; 0; 0; 0; 0; 0; 0; 0; 0; 0; 0; 159; 37
1993;08; 2; 0; 0; 0; 0; 0; 0; 0; 0; 0; 0; 2; 1; 0; 23; 0; 0; 0; 1; 0; 0; 0; 0; 253; 0; 0; 0; 0; 0; 0; 0
1993;09; 0; 0; 2; 118; 0; 0; 0; 214; 0; 34; 0; 0; 0; 0; 137; 77; 0; 0; 0; 0; 8; 406; 284; 0; 0; 0; 643; 0; 0; 163; 9999
1993;10; 135; 0; 0; 281; 116; 0; 0; 0; 0; 0; 0; 0; 0; 0; 0; 0; 0; 0; 0; 0; 0; 0; 0; 203; 0; 321; 0; 0; 0; 0; 0
1993;11; 0; 137; 0; 0; 0; 0; 0; 208; 0; 0; 0; 0; 0; 0; 0; 0; 0; 59; 0; 0; 0; 0; 246; 0; 0; 41; 307; 0; 0; 0; 9999
1993;12; 0; 0; 0; 0; 0; 0; 0; 0; 82; 27; 0; 0; 0; 0; 0; 0; 0; 0; 0; 0; 185; 0; 0; 0; 0; 0; 0; 0; 0; 143; 0
1994;01; 0; 3; 1; 0; 0; 0; 0; 0; 221; 319; 0; 0; 0; 0; 0; 0; 0; 0; 265; 69; 18; 0; 0; 0; 0; 176; 227; 388; 176; 0; 0
1994;02; 0; 0; 0; 130; 0; 0; 134; 0; 0; 0; 632; 18; 228; 0; 306; 0; 0; 0; 0; 0; 0; 0; 0; 0; 179; 0; 48; 0; 9999; 9999; 9999
1994;03; 0; 191; 8; 0; 0; 0; 0; 164; 0; 0; 0; 0; 0; 0; 0; 0; 0; 0; 185; 41; 118; 0; 0; 0; 209; 105; 0; 0; 0; 0; 143
1994;04; 107; 0; 0; 0; 0; 0; 73; 0; 0; 0; 0; 0; 0; 498; 0; 0; 0; 0; 25; 0; 108; 226; 0; 0; 0; 0; 0; 0; 0; 0; 9999
1994;05; 0; 0; 0; 0; 0; 0; 0; 0; 0; 0; 0; 0; 0; 0; 227; 31; 0; 0; 0; 0; 0; 0; 0; 0; 122; 112; 0; 19; 0; 0; 0
1994;06; 0; 0; 0; 0; 84; 0; 0; 0; 0; 0; 0; 0; 0; 0; 0; 0; 0; 0; 0; 13; 0; 0; 0; 0; 218; 1; 0; 0; 0; 0; 9999
1994;07; 0; 0; 0; 0; 0; 0; 0; 5; 0; 0; 0; 0; 0; 0; 0; 0; 0; 0; 0; 0; 0; 0; 382; 0; 0; 0; 0; 0; 0; 0; 0
1994;08; 0; 0; 0; 0; 0; 0; 0; 0; 0; 0; 0; 0; 0; 0; 0; 0; 0; 0; 0; 0; 0; 0; 0; 0; 0; 0; 0; 0; 0; 0; 0
1994;09; 0; 0; 0; 0; 0; 0; 0; 0; 0; 0; 0; 0; 0; 0; 0; 3; 0; 0; 0; 0; 0; 0; 0; 0; 0; 0; 0; 16; 0; 0; 9999
1994;10; 0; 0; 0; 29; 0; 0; 0; 0; 0; 0; 0; 0; 0; 0; 0; 0; 0; 537; 0; 0; 79; 182; 0; 36; 179; 103; 118; 0; 79; 0; 0
1994;11; 0; 45; 0; 0; 46; 0; 68; 0; 0; 113; 0; 0; 0; 0; 0; 0; 0; 406; 0; 0; 0; 0; 0; 0; 0; 0; 0; 72; 151; 0; 9999
1994;12; 0; 0; 0; 0; 321; 219; 0; 0; 0; 0; 0; 229; 0; 0; 0; 0; 0; 0; 328; 2; 223; 0; 0; 0; 0; 0; 6; 0; 403; 0; 112
1995;01; 123; 76; 188; 142; 74; 35; 328; 163; 238; 34; 63; 204; 112; 309; 87; 119; 0; 0; 122; 112; 0; 59; 38; 0; 0; 0; 24; 0; 0; 58; 73
1995;02; 0; 319; 150; 0; 0; 218; 122; 1; 166; 114; 0; 346; 0; 351; 176; 0; 0; 0; 0; 1; 0; 119; 0; 0; 0; 0; 0; 0; 9999; 9999; 9999
1995;03; 0; 0; 24; 0; 0; 0; 82; 0; 0; 0; 0; 0; 0; 45; 0; 0; 0; 0; 0; 0; 0; 0; 0; 342; 422; 0; 0; 0; 0; 527; 82
1995;04; 0; 0; 0; 0; 0; 0; 0; 292; 0; 108; 0; 0; 0; 0; 0; 0; 0; 0; 0; 736; 0; 0; 0; 0; 0; 0; 0; 0; 0; 0; 9999
1995;05; 0; 0; 0; 1; 1; 0; 145; 0; 3; 224; 0; 0; 4; 0; 0; 2; 0; 83; 0; 1; 3; 14; 0; 2; 0; 0; 0; 0; 0; 0; 0
1995;06; 4; 0; 0; 0; 1; 0; 0; 0; 13; 2; 0; 0; 0; 0; 0; 0; 208; 0; 0; 0; 0; 0; 0; 0; 0; 122; 0; 2; 173; 0; 9999
1995;07; 0; 0; 0; 36; 0; 0; 0; 0; 104; 119; 2; 0; 0; 0; 0; 0; 0; 0; 0; 67; 214; 0; 0; 0; 0; 0; 0; 0; 0; 0; 0
1995;08; 3; 0; 0; 2; 193; 47; 3; 1; 0; 0; 0; 0; 0; 0; 0; 0; 0; 0; 0; 0; 0; 0; 0; 0; 2; 0; 0; 0; 0; 0; 0
1995;09; 0; 0; 0; 0; 0; 0; 0; 0; 0; 0; 0; 0; 0; 0; 0; 0; 29; 103; 22; 144; 30; 0; 155; 432; 37; 0; 235; 26; 5; 0; 9999
1995;10; 0; 0; 0; 1; 1; 53; 0; 0; 0; 0; 0; 0; 2; 257; 0; 472; 351; 0; 0; 109; 111; 0; 1; 1; 0; 0; 0; 25; 173; 31; 20
1995;11; 16; 6; 0; 48; 62; 0; 0; 0; 0; 0; 68; 0; 2; 0; 3; 51; 0; 0; 0; 0; 4; 0; 0; 0; 0; 13; 93; 0; 0; 0; 9999
1995;12; 0; 0; 0; 10; 51; 0; 0; 0; 4; 0; 0; 0; 175; 4; 0; 0; 0; 0; 0; 5; 9; 11; 6; 52; 190; 111; 161; 169; 15; 97; 2
1996;01; 0; 0; 10; 7; 2; 144; 318; 0; 91; 12; 160; 4; 3; 3; 0; 0; 87; 0; 233; 371; 3; 23; 25; 5; 0; 88; 0; 11; 0; 0; 55
1996;02; 0; 0; 26; 31; 12; 441; 193; 224; 104; 0; 12; 111; 14; 0; 0; 0; 0; 97; 199; 4; 11; 11; 0; 0; 0; 166; 0; 232; 1009; 9999; 9999
1996;03; 821; 8; 5; 32; 82; 0; 231; 306; 7; 9; 0; 0; 0; 0; 322; 173; 249; 0; 0; 111; 8; 3; 0; 0; 0; 0; 0; 43; 0; 52; 0
1996;04; 222; 9; 0; 0; 0; 0; 0; 0; 0; 0; 251; 3; 9; 3; 4; 44; 55; 0; 0; 0; 1; 1; 1; 1; 2; 1; 1; 9; 85; 0; 9999
1996;05; 0; 75; 15; 17; 0; 0; 0; 1; 1; 2; 1; 2; 2; 1; 1; 59; 1; 1; 0; 1; 0; 0; 14; 0; 0; 1; 1; 0; 0; 0; 0
1996;06; 0; 85; 0; 0; 0; 180; 5; 0; 0; 0; 1; 1; 1; 1; 1; 1; 48; 1; 0; 0; 0; 0; 1; 0; 0; 0; 55; 126; 14; 3; 9999
1996;07; 0; 0; 107; 26; 0; 0; 0; 0; 3; 47; 15; 0; 0; 0; 0; 0; 0; 0; 0; 0; 0; 0; 0; 0; 0; 0; 82; 111; 3; 0; 0
1996;08; 0; 1; 1; 0; 1; 0; 0; 0; 0; 191; 0; 0; 0; 0; 225; 0; 0; 0; 0; 0; 0; 0; 0; 0; 0; 0; 0; 0; 0; 0; 0
1996;09; 81; 0; 45; 340; 0; 0; 4; 0; 305; 195; 287; 0; 0; 0; 0; 0; 75; 3; 0; 0; 0; 0; 0; 3; 17; 0; 3; 32; 8; 18; 9999
1996;10; 0; 0; 190; 136; 0; 0; 7; 0; 0; 0; 221; 0; 185; 6; 5; 0; 0; 0; 0; 307; 221; 26; 14; 21; 17; 0; 231; 0; 0; 0; 0
1996;11; 32; 5; 3; 62; 0; 0; 0; 0; 0; 0; 0; 0; 4; 114; 29; 280; 0; 0; 3; 0; 13; 12; 0; 0; 0; 0; 0; 0; 0; 0; 9999
1996;12; 49; 0; 54; 41; 55; 133; 44; 75; 0; 0; 0; 0; 189; 0; 65; 33; 0; 28; 35; 27; 317; 359; 287; 0; 0; 0; 0; 172; 212; 129; 0
1997;01; 0; 0; 0; 0; 0; 0; 154; 0; 28; 128; 153; 96; 53; 0; 0; 30; 17; 0; 0; 40; 455; 753; 59; 119; 39; 100; 213; 174; 51; 0; 0
1997;02; 0; 23; 31; 41; 0; 0; 0; 0; 0; 0; 32; 0; 0; 186; 688; 183; 270; 105; 0; 0; 0; 0; 0; 118; 0; 0; 0; 0; 9999; 9999; 9999
1997;03; 0; 0; 0; 35; 0; 37; 0; 0; 0; 0; 0; 0; 0; 210; 3; 9; 0; 0; 0; 0; 0; 0; 0; 0; 0; 0; 0; 0; 0; 0; 0
1997;04; 139; 34; 14; 0; 0; 0; 0; 0; 0; 0; 0; 0; 0; 0; 0; 0; 139; 40; 50; 5; 20; 0; 0; 0; 0; 0; 0; 0; 0; 0; 9999
1997;05; 0; 0; 0; 0; 3; 0; 0; 0; 0; 0; 0; 0; 0; 0; 0; 0; 0; 0; 0; 0; 0; 146; 30; 0; 251; 0; 0; 153; 0; 3; 11
1997;06; 9; 0; 3; 53; 276; 0; 0; 0; 0; 0; 0; 0; 6; 0; 130; 3; 0; 0; 0; 250; 50; 0; 0; 0; 0; 0; 0; 476; 235; 64; 9999
1997;07; 3; 3; 0; 0; 0; 0; 0; 0; 0; 0; 0; 0; 0; 0; 0; 0; 0; 0; 0; 0; 134; 21; 0; 0; 0; 0; 0; 0; 0; 0; 0
1997;08; 0; 0; 0; 0; 19; 0; 0; 0; 0; 10; 0; 0; 0; 0; 0; 0; 0; 0; 0; 0; 0; 0; 145; 415; 0; 0; 0; 0; 0; 0; 0
1997;09; 0; 0; 0; 0; 0; 0; 0; 0; 0; 0; 125; 0; 0; 73; 159; 266; 0; 0; 0; 279; 0; 0; 0; 0; 0; 74; 0; 0; 0; 183; 9999
1997;10; 103; 40; 0; 0; 0; 241; 322; 6; 0; 0; 0; 0; 0; 0; 0; 0; 0; 0; 0; 55; 89; 4; 0; 0; 0; 57; 0; 0; 0; 0; 115
1997;11; 0; 59; 0; 0; 0; 0; 0; 0; 0; 80; 0; 30; 133; 3; 13; 0; 113; 459; 171; 0; 0; 8; 17; 122; 270; 122; 100; 66; 0; 0; 9999
1997;12; 0; 183; 241; 0; 141; 0; 0; 169; 0; 0; 0; 0; 68; 0; 53; 0; 0; 0; 0; 351; 0; 0; 53; 0; 341; 239; 0; 0; 258; 0; 12
